TRIAL,TURN_COUNT,CURRENT_CAMERA_OF_CONVERSATION,PREVIOUS_CAMERAS_OF_CONVERSATION,PREVIOUS_FEATURES_OF_CONVERSATION,CUSTOMER_ACTION,CUSTOMER_LOCATION,CUSTOMER_TOPIC,CUSTOMER_SPEECH,OUTPUT_SHOPKEEPER_ACTION,OUTPUT_SHOPKEEPER_LOCATION,SHOPKEEPER_TOPIC,SHOPKEEPER_SPEECH,SHOPKEEPER_SPEECH_DB_ENTRY_RANGE
0,1,NONE,[],"{'CAMERA_1': [], 'CAMERA_2': [], 'CAMERA_3': []}",C_ENTERS,DOOR,NONE,,S_NONE,SERVICE_COUNTER,NONE,,
0,2,NONE,[],"{'CAMERA_1': [], 'CAMERA_2': [], 'CAMERA_3': []}",C_GREETS,MIDDLE,NONE,hello,S_GREETS,MIDDLE,NONE,can I help you?,
0,3,CAMERA_1,['CAMERA_1'],"{'CAMERA_1': [], 'CAMERA_2': [], 'CAMERA_3': []}",C_LOOKING_FOR_A_CAMERA,MIDDLE,NONE,I'm looking for a camera,S_INTRODUCES_CAMERA,CAMERA_1,,Let me show you this. Here we have the Nikon Coolpix S2800.,39~58
0,4,CAMERA_1,['CAMERA_1'],"{'CAMERA_1': ['effects'], 'CAMERA_2': [], 'CAMERA_3': []}",C_SILENT_OR_BACKCHANNEL,CAMERA_1,NONE,alright,S_INTRODUCES_FEATURE,CAMERA_1,effects,"This one has 12 glamor retouch effects (e.g. skin softening, small face, big eyes).",13~82
0,5,NONE,['CAMERA_1'],"{'CAMERA_1': ['effects'], 'CAMERA_2': [], 'CAMERA_3': []}",C_THANK_YOU,CAMERA_1,NONE,thank you for your help,S_THANK_YOU,CAMERA_1,NONE,thank you very much,
0,6,NONE,['CAMERA_1'],"{'CAMERA_1': ['effects'], 'CAMERA_2': [], 'CAMERA_3': []}",C_LEAVES,DOOR,NONE,,S_RETURNS_TO_COUNTER,SERVICE_COUNTER,NONE,,
1,1,NONE,[],"{'CAMERA_1': [], 'CAMERA_2': [], 'CAMERA_3': []}",C_ENTERS,DOOR,NONE,,S_NONE,SERVICE_COUNTER,NONE,,
1,2,NONE,[],"{'CAMERA_1': [], 'CAMERA_2': [], 'CAMERA_3': []}",C_WALKS_TO_CAMERA,CAMERA_3,NONE,,S_GREETS,CAMERA_3,NONE,can I help you?,
1,3,CAMERA_1,['CAMERA_1'],"{'CAMERA_1': [], 'CAMERA_2': [], 'CAMERA_3': []}",C_LOOKING_FOR_A_CAMERA,CAMERA_3,NONE,I'm looking for a camera,S_INTRODUCES_CAMERA,CAMERA_1,,Let me show you this. Here we have the Nikon Coolpix S2800.,39~58
1,4,CAMERA_1,['CAMERA_1'],"{'CAMERA_1': ['color'], 'CAMERA_2': [], 'CAMERA_3': []}",C_QUESTION_ABOUT_FEATURE,CAMERA_1,color,what colors does this one come in,S_ANSWERS_QUESTION_ABOUT_FEATURE,CAMERA_1,color,"This one comes in purple, pink, black, silver, red.",18~50
1,5,NONE,['CAMERA_1'],"{'CAMERA_1': ['color'], 'CAMERA_2': [], 'CAMERA_3': []}",C_THANK_YOU,CAMERA_1,NONE,thank you for your help,S_THANK_YOU,CAMERA_1,NONE,thank you very much,
1,6,NONE,['CAMERA_1'],"{'CAMERA_1': ['color'], 'CAMERA_2': [], 'CAMERA_3': []}",C_LEAVES,DOOR,NONE,,S_RETURNS_TO_COUNTER,SERVICE_COUNTER,NONE,,
2,1,NONE,[],"{'CAMERA_1': [], 'CAMERA_2': [], 'CAMERA_3': []}",C_ENTERS,DOOR,NONE,,S_NONE,SERVICE_COUNTER,NONE,,
2,2,NONE,[],"{'CAMERA_1': [], 'CAMERA_2': [], 'CAMERA_3': []}",C_WALKS_TO_CAMERA,CAMERA_3,NONE,,S_GREETS,CAMERA_3,NONE,can I help you?,
2,3,CAMERA_3,['CAMERA_3'],"{'CAMERA_1': [], 'CAMERA_2': [], 'CAMERA_3': []}",C_LOOKING_FOR_A_CAMERA,CAMERA_3,NONE,I'm looking for a camera,S_INTRODUCES_CAMERA,CAMERA_3,,Let me show you this. Here we have the Canon EOS 5D Mark III.,39~60
2,4,CAMERA_3,['CAMERA_3'],"{'CAMERA_1': [], 'CAMERA_2': [], 'CAMERA_3': ['autofocus_points']}",C_SILENT_OR_BACKCHANNEL,CAMERA_3,NONE,okay,S_INTRODUCES_FEATURE,CAMERA_3,autofocus_points,This one has 61 autofocus points.,13~32
2,5,CAMERA_3,['CAMERA_3'],"{'CAMERA_1': [], 'CAMERA_2': [], 'CAMERA_3': ['autofocus_points', 'color']}",C_SILENT_OR_BACKCHANNEL,CAMERA_3,NONE,alright,S_INTRODUCES_FEATURE,CAMERA_3,color,This one comes in black.,18~23
2,6,CAMERA_3,['CAMERA_3'],"{'CAMERA_1': [], 'CAMERA_2': [], 'CAMERA_3': ['autofocus_points', 'color', 'price']}",C_SILENT_OR_BACKCHANNEL,CAMERA_3,NONE,I see,S_INTRODUCES_FEATURE,CAMERA_3,price,This one costs $3706.,15~20
2,7,CAMERA_3,['CAMERA_3'],"{'CAMERA_1': [], 'CAMERA_2': [], 'CAMERA_3': ['autofocus_points', 'color', 'price', 'long_exposure']}",C_SILENT_OR_BACKCHANNEL,CAMERA_3,NONE,alright,S_INTRODUCES_FEATURE,CAMERA_3,long_exposure,"This one can take long exposures up to up to 30 seconds, bulb mode: expose as long as you want.",39~94
2,8,CAMERA_3,['CAMERA_3'],"{'CAMERA_1': [], 'CAMERA_2': [], 'CAMERA_3': ['autofocus_points', 'color', 'price', 'long_exposure', 'effects']}",C_QUESTION_ABOUT_FEATURE,CAMERA_3,effects,does it have any effect modes,S_NOT_SURE,CAMERA_3,,I'm not really sure about that,
2,9,CAMERA_3,['CAMERA_3'],"{'CAMERA_1': [], 'CAMERA_2': [], 'CAMERA_3': ['autofocus_points', 'color', 'price', 'long_exposure', 'effects', 'weight']}",C_QUESTION_ABOUT_FEATURE,CAMERA_3,weight,how much does this one weigh,S_ANSWERS_QUESTION_ABOUT_FEATURE,CAMERA_3,weight,This one weighs 950 grams (only body).,16~37
2,10,NONE,['CAMERA_3'],"{'CAMERA_1': [], 'CAMERA_2': [], 'CAMERA_3': ['autofocus_points', 'color', 'price', 'long_exposure', 'effects', 'weight']}",C_THANK_YOU,CAMERA_3,NONE,thank you for your help,S_THANK_YOU,CAMERA_3,NONE,thank you very much,
2,11,NONE,['CAMERA_3'],"{'CAMERA_1': [], 'CAMERA_2': [], 'CAMERA_3': ['autofocus_points', 'color', 'price', 'long_exposure', 'effects', 'weight']}",C_LEAVES,DOOR,NONE,,S_RETURNS_TO_COUNTER,SERVICE_COUNTER,NONE,,
3,1,NONE,[],"{'CAMERA_1': [], 'CAMERA_2': [], 'CAMERA_3': []}",C_ENTERS,DOOR,NONE,,S_NONE,SERVICE_COUNTER,NONE,,
3,2,NONE,[],"{'CAMERA_1': [], 'CAMERA_2': [], 'CAMERA_3': []}",C_GREETS,MIDDLE,NONE,hello,S_GREETS,MIDDLE,NONE,can I help you?,
3,3,CAMERA_1,['CAMERA_1'],"{'CAMERA_1': [], 'CAMERA_2': [], 'CAMERA_3': []}",C_LOOKING_FOR_A_CAMERA,MIDDLE,NONE,I'm looking for a camera,S_INTRODUCES_CAMERA,CAMERA_1,,Let me show you this. Here we have the Nikon Coolpix S2800.,39~58
3,4,CAMERA_1,['CAMERA_1'],"{'CAMERA_1': ['color'], 'CAMERA_2': [], 'CAMERA_3': []}",C_SILENT_OR_BACKCHANNEL,CAMERA_1,NONE,okay,S_INTRODUCES_FEATURE,CAMERA_1,color,"This one comes in purple, pink, black, silver, red.",18~50
3,5,CAMERA_1,['CAMERA_1'],"{'CAMERA_1': ['color', 'effects'], 'CAMERA_2': [], 'CAMERA_3': []}",C_SILENT_OR_BACKCHANNEL,CAMERA_1,NONE,okay,S_INTRODUCES_FEATURE,CAMERA_1,effects,"This one has 12 glamor retouch effects (e.g. skin softening, small face, big eyes).",13~82
3,6,CAMERA_1,['CAMERA_1'],"{'CAMERA_1': ['color', 'effects', 'price'], 'CAMERA_2': [], 'CAMERA_3': []}",C_QUESTION_ABOUT_FEATURE,CAMERA_1,price,how much does it cost,S_ANSWERS_QUESTION_ABOUT_FEATURE,CAMERA_1,price,This one costs $2173.,15~20
3,7,CAMERA_1,['CAMERA_1'],"{'CAMERA_1': ['color', 'effects', 'price', 'optical_zoom'], 'CAMERA_2': [], 'CAMERA_3': []}",C_QUESTION_ABOUT_FEATURE,CAMERA_1,optical_zoom,does it have optical zoom,S_ANSWERS_QUESTION_ABOUT_FEATURE,CAMERA_1,optical_zoom,This one has 5x optical zoom.,13~28
3,8,CAMERA_1,['CAMERA_1'],"{'CAMERA_1': ['color', 'effects', 'price', 'optical_zoom', 'camera_type'], 'CAMERA_2': [], 'CAMERA_3': []}",C_QUESTION_ABOUT_FEATURE,CAMERA_1,camera_type,what kind of camera is this,S_ANSWERS_QUESTION_ABOUT_FEATURE,CAMERA_1,camera_type,This is a point and shoot camera.,10~25
3,9,CAMERA_1,['CAMERA_1'],"{'CAMERA_1': ['color', 'effects', 'price', 'optical_zoom', 'camera_type', 'long_exposure'], 'CAMERA_2': [], 'CAMERA_3': []}",C_QUESTION_ABOUT_FEATURE,CAMERA_1,long_exposure,can it take long exposure shots,S_NOT_SURE,CAMERA_1,,I'm not really sure about that,
3,10,CAMERA_1,['CAMERA_1'],"{'CAMERA_1': ['color', 'effects', 'price', 'optical_zoom', 'camera_type', 'long_exposure', 'weight'], 'CAMERA_2': [], 'CAMERA_3': []}",C_SILENT_OR_BACKCHANNEL,CAMERA_1,NONE,okay,S_INTRODUCES_FEATURE,CAMERA_1,weight,This one weighs 120 grams.,16~25
3,11,CAMERA_1,['CAMERA_1'],"{'CAMERA_1': ['color', 'effects', 'price', 'optical_zoom', 'camera_type', 'long_exposure', 'weight', 'settings'], 'CAMERA_2': [], 'CAMERA_3': []}",C_QUESTION_ABOUT_FEATURE,CAMERA_1,settings,what kind of settings does it have,S_ANSWERS_QUESTION_ABOUT_FEATURE,CAMERA_1,settings,This one has limited manual settings.,13~36
3,12,CAMERA_1,['CAMERA_1'],"{'CAMERA_1': ['color', 'effects', 'price', 'optical_zoom', 'camera_type', 'long_exposure', 'weight', 'settings', 'sensor_size'], 'CAMERA_2': [], 'CAMERA_3': []}",C_QUESTION_ABOUT_FEATURE,CAMERA_1,sensor_size,what is the sensor size,S_NOT_SURE,CAMERA_1,,I'm not really sure about that,
3,13,CAMERA_1,['CAMERA_1'],"{'CAMERA_1': ['color', 'effects', 'price', 'optical_zoom', 'camera_type', 'long_exposure', 'weight', 'settings', 'sensor_size', 'preset_modes'], 'CAMERA_2': [], 'CAMERA_3': []}",C_QUESTION_ABOUT_FEATURE,CAMERA_1,preset_modes,does it have preset modes,S_ANSWERS_QUESTION_ABOUT_FEATURE,CAMERA_1,preset_modes,"This one has 18 preset modes (e.g. beach, snow, night portrait).",13~63
3,14,CAMERA_1,['CAMERA_1'],"{'CAMERA_1': ['color', 'effects', 'price', 'optical_zoom', 'camera_type', 'long_exposure', 'weight', 'settings', 'sensor_size', 'preset_modes', 'autofocus_points'], 'CAMERA_2': [], 'CAMERA_3': []}",C_QUESTION_ABOUT_FEATURE,CAMERA_1,autofocus_points,how many autofocus points does it have,S_NOT_SURE,CAMERA_1,,I'm not really sure about that,
3,15,CAMERA_1,['CAMERA_1'],"{'CAMERA_1': ['color', 'effects', 'price', 'optical_zoom', 'camera_type', 'long_exposure', 'weight', 'settings', 'sensor_size', 'preset_modes', 'autofocus_points', 'resolution'], 'CAMERA_2': [], 'CAMERA_3': []}",C_QUESTION_ABOUT_FEATURE,CAMERA_1,resolution,what is the resolution,S_ANSWERS_QUESTION_ABOUT_FEATURE,CAMERA_1,resolution,This one has 20.1 megapixels resolution.,13~28
3,16,CAMERA_1,['CAMERA_1'],"{'CAMERA_1': ['color', 'effects', 'price', 'optical_zoom', 'camera_type', 'long_exposure', 'weight', 'settings', 'sensor_size', 'preset_modes', 'autofocus_points', 'resolution', 'resolution'], 'CAMERA_2': [], 'CAMERA_3': []}",C_SILENT_OR_BACKCHANNEL,CAMERA_1,NONE,okay,S_INTRODUCES_FEATURE,CAMERA_1,resolution,This one has 20.1 megapixels resolution.,13~28
3,17,NONE,['CAMERA_1'],"{'CAMERA_1': ['color', 'effects', 'price', 'optical_zoom', 'camera_type', 'long_exposure', 'weight', 'settings', 'sensor_size', 'preset_modes', 'autofocus_points', 'resolution', 'resolution'], 'CAMERA_2': [], 'CAMERA_3': []}",C_THANK_YOU,CAMERA_1,NONE,thank you for your help,S_THANK_YOU,CAMERA_1,NONE,thank you very much,
3,18,NONE,['CAMERA_1'],"{'CAMERA_1': ['color', 'effects', 'price', 'optical_zoom', 'camera_type', 'long_exposure', 'weight', 'settings', 'sensor_size', 'preset_modes', 'autofocus_points', 'resolution', 'resolution'], 'CAMERA_2': [], 'CAMERA_3': []}",C_LEAVES,DOOR,NONE,,S_RETURNS_TO_COUNTER,SERVICE_COUNTER,NONE,,
4,1,NONE,[],"{'CAMERA_1': [], 'CAMERA_2': [], 'CAMERA_3': []}",C_ENTERS,DOOR,NONE,,S_NONE,SERVICE_COUNTER,NONE,,
4,2,NONE,[],"{'CAMERA_1': [], 'CAMERA_2': [], 'CAMERA_3': []}",C_GREETS,MIDDLE,NONE,hello,S_GREETS,MIDDLE,NONE,can I help you?,
4,3,CAMERA_2,['CAMERA_2'],"{'CAMERA_1': [], 'CAMERA_2': [], 'CAMERA_3': []}",C_LOOKING_FOR_A_CAMERA,MIDDLE,NONE,I'm looking for a camera,S_INTRODUCES_CAMERA,CAMERA_2,,Let me show you this. Here we have the Sony Alpha a6000.,39~55
4,4,CAMERA_2,['CAMERA_2'],"{'CAMERA_1': [], 'CAMERA_2': ['camera_type'], 'CAMERA_3': []}",C_SILENT_OR_BACKCHANNEL,CAMERA_2,NONE,I see,S_INTRODUCES_FEATURE,CAMERA_2,camera_type,This is a mirrorless camera.,10~20
4,5,CAMERA_3,"['CAMERA_2', 'CAMERA_3']","{'CAMERA_1': [], 'CAMERA_2': ['camera_type'], 'CAMERA_3': []}",C_ANYTHING_ELSE_AVAILABLE,CAMERA_2,NONE,ok do you have any other cameras,S_INTRODUCES_CAMERA,CAMERA_3,,Let me show you this. Here we have the Canon EOS 5D Mark III.,39~60
4,6,CAMERA_3,"['CAMERA_2', 'CAMERA_3']","{'CAMERA_1': [], 'CAMERA_2': ['camera_type'], 'CAMERA_3': ['price']}",C_SILENT_OR_BACKCHANNEL,CAMERA_3,NONE,okay,S_INTRODUCES_FEATURE,CAMERA_3,price,This one costs $3706.,15~20
4,7,CAMERA_3,"['CAMERA_2', 'CAMERA_3']","{'CAMERA_1': [], 'CAMERA_2': ['camera_type'], 'CAMERA_3': ['price', 'resolution']}",C_QUESTION_ABOUT_FEATURE,CAMERA_3,resolution,what is the resolution,S_NOT_SURE,CAMERA_3,,I'm not really sure about that,
4,8,CAMERA_3,"['CAMERA_2', 'CAMERA_3']","{'CAMERA_1': [], 'CAMERA_2': ['camera_type'], 'CAMERA_3': ['price', 'resolution', 'color']}",C_SILENT_OR_BACKCHANNEL,CAMERA_3,NONE,alright,S_INTRODUCES_FEATURE,CAMERA_3,color,This one comes in black.,18~23
4,9,CAMERA_1,"['CAMERA_2', 'CAMERA_3', 'CAMERA_1']","{'CAMERA_1': [], 'CAMERA_2': ['camera_type'], 'CAMERA_3': ['price', 'resolution', 'color']}",C_ANYTHING_ELSE_AVAILABLE,CAMERA_3,NONE,ok do you have any other cameras,S_INTRODUCES_CAMERA,CAMERA_1,,Let me show you this. Here we have the Nikon Coolpix S2800.,39~58
4,10,CAMERA_1,"['CAMERA_2', 'CAMERA_3', 'CAMERA_1']","{'CAMERA_1': ['preset_modes'], 'CAMERA_2': ['camera_type'], 'CAMERA_3': ['price', 'resolution', 'color']}",C_QUESTION_ABOUT_FEATURE,CAMERA_1,preset_modes,does it have preset modes,S_ANSWERS_QUESTION_ABOUT_FEATURE,CAMERA_1,preset_modes,"This one has 18 preset modes (e.g. beach, snow, night portrait).",13~63
4,11,CAMERA_1,"['CAMERA_2', 'CAMERA_3', 'CAMERA_1']","{'CAMERA_1': ['preset_modes', 'color'], 'CAMERA_2': ['camera_type'], 'CAMERA_3': ['price', 'resolution', 'color']}",C_SILENT_OR_BACKCHANNEL,CAMERA_1,NONE,alright,S_INTRODUCES_FEATURE,CAMERA_1,color,"This one comes in purple, pink, black, silver, red.",18~50
4,12,CAMERA_1,"['CAMERA_2', 'CAMERA_3', 'CAMERA_1']","{'CAMERA_1': ['preset_modes', 'color', 'camera_type'], 'CAMERA_2': ['camera_type'], 'CAMERA_3': ['price', 'resolution', 'color']}",C_SILENT_OR_BACKCHANNEL,CAMERA_1,NONE,alright,S_INTRODUCES_FEATURE,CAMERA_1,camera_type,This is a point and shoot camera.,10~25
4,13,CAMERA_1,"['CAMERA_2', 'CAMERA_3', 'CAMERA_1']","{'CAMERA_1': ['preset_modes', 'color', 'camera_type', 'resolution'], 'CAMERA_2': ['camera_type'], 'CAMERA_3': ['price', 'resolution', 'color']}",C_SILENT_OR_BACKCHANNEL,CAMERA_1,NONE,okay,S_INTRODUCES_FEATURE,CAMERA_1,resolution,This one has 20.1 megapixels resolution.,13~28
4,14,CAMERA_1,"['CAMERA_2', 'CAMERA_3', 'CAMERA_1']","{'CAMERA_1': ['preset_modes', 'color', 'camera_type', 'resolution', 'settings'], 'CAMERA_2': ['camera_type'], 'CAMERA_3': ['price', 'resolution', 'color']}",C_SILENT_OR_BACKCHANNEL,CAMERA_1,NONE,alright,S_INTRODUCES_FEATURE,CAMERA_1,settings,This one has limited manual settings.,13~36
4,15,,"['CAMERA_2', 'CAMERA_3', 'CAMERA_1']","{'CAMERA_1': ['preset_modes', 'color', 'camera_type', 'resolution', 'settings'], 'CAMERA_2': ['camera_type'], 'CAMERA_3': ['price', 'resolution', 'color']}",C_ANYTHING_ELSE_AVAILABLE,CAMERA_1,NONE,ok do you have any other cameras,S_THATS_ALL_WE_HAVE_AVAILABLE,CAMERA_1,,That’s all we have available at the moment.,
4,16,NONE,"['CAMERA_2', 'CAMERA_3', 'CAMERA_1']","{'CAMERA_1': ['preset_modes', 'color', 'camera_type', 'resolution', 'settings'], 'CAMERA_2': ['camera_type'], 'CAMERA_3': ['price', 'resolution', 'color']}",C_THANK_YOU,CAMERA_1,NONE,thank you for your help,S_THANK_YOU,CAMERA_1,NONE,thank you very much,
4,17,NONE,"['CAMERA_2', 'CAMERA_3', 'CAMERA_1']","{'CAMERA_1': ['preset_modes', 'color', 'camera_type', 'resolution', 'settings'], 'CAMERA_2': ['camera_type'], 'CAMERA_3': ['price', 'resolution', 'color']}",C_LEAVES,DOOR,NONE,,S_RETURNS_TO_COUNTER,SERVICE_COUNTER,NONE,,
5,1,NONE,[],"{'CAMERA_1': [], 'CAMERA_2': [], 'CAMERA_3': []}",C_ENTERS,DOOR,NONE,,S_NONE,SERVICE_COUNTER,NONE,,
5,2,NONE,[],"{'CAMERA_1': [], 'CAMERA_2': [], 'CAMERA_3': []}",C_GREETS,MIDDLE,NONE,hello,S_GREETS,MIDDLE,NONE,can I help you?,
5,3,CAMERA_1,['CAMERA_1'],"{'CAMERA_1': [], 'CAMERA_2': [], 'CAMERA_3': []}",C_LOOKING_FOR_A_CAMERA,MIDDLE,NONE,I'm looking for a camera,S_INTRODUCES_CAMERA,CAMERA_1,,Let me show you this. Here we have the Nikon Coolpix S2800.,39~58
5,4,CAMERA_1,['CAMERA_1'],"{'CAMERA_1': ['settings'], 'CAMERA_2': [], 'CAMERA_3': []}",C_SILENT_OR_BACKCHANNEL,CAMERA_1,NONE,alright,S_INTRODUCES_FEATURE,CAMERA_1,settings,This one has limited manual settings.,13~36
5,5,CAMERA_1,['CAMERA_1'],"{'CAMERA_1': ['settings', 'effects'], 'CAMERA_2': [], 'CAMERA_3': []}",C_SILENT_OR_BACKCHANNEL,CAMERA_1,NONE,I see,S_INTRODUCES_FEATURE,CAMERA_1,effects,"This one has 12 glamor retouch effects (e.g. skin softening, small face, big eyes).",13~82
5,6,CAMERA_1,['CAMERA_1'],"{'CAMERA_1': ['settings', 'effects', 'camera_type'], 'CAMERA_2': [], 'CAMERA_3': []}",C_QUESTION_ABOUT_FEATURE,CAMERA_1,camera_type,what kind of camera is this,S_ANSWERS_QUESTION_ABOUT_FEATURE,CAMERA_1,camera_type,This is a point and shoot camera.,10~25
5,7,CAMERA_1,['CAMERA_1'],"{'CAMERA_1': ['settings', 'effects', 'camera_type', 'preset_modes'], 'CAMERA_2': [], 'CAMERA_3': []}",C_SILENT_OR_BACKCHANNEL,CAMERA_1,NONE,I see,S_INTRODUCES_FEATURE,CAMERA_1,preset_modes,"This one has 18 preset modes (e.g. beach, snow, night portrait).",13~63
5,8,CAMERA_1,['CAMERA_1'],"{'CAMERA_1': ['settings', 'effects', 'camera_type', 'preset_modes', 'autofocus_points'], 'CAMERA_2': [], 'CAMERA_3': []}",C_QUESTION_ABOUT_FEATURE,CAMERA_1,autofocus_points,how many autofocus points does it have,S_NOT_SURE,CAMERA_1,,I'm not really sure about that,
5,9,CAMERA_1,['CAMERA_1'],"{'CAMERA_1': ['settings', 'effects', 'camera_type', 'preset_modes', 'autofocus_points', 'color'], 'CAMERA_2': [], 'CAMERA_3': []}",C_QUESTION_ABOUT_FEATURE,CAMERA_1,color,what colors does this one come in,S_ANSWERS_QUESTION_ABOUT_FEATURE,CAMERA_1,color,"This one comes in purple, pink, black, silver, red.",18~50
5,10,CAMERA_1,['CAMERA_1'],"{'CAMERA_1': ['settings', 'effects', 'camera_type', 'preset_modes', 'autofocus_points', 'color', 'price'], 'CAMERA_2': [], 'CAMERA_3': []}",C_QUESTION_ABOUT_FEATURE,CAMERA_1,price,how much does it cost,S_ANSWERS_QUESTION_ABOUT_FEATURE,CAMERA_1,price,This one costs $2173.,15~20
5,11,CAMERA_1,['CAMERA_1'],"{'CAMERA_1': ['settings', 'effects', 'camera_type', 'preset_modes', 'autofocus_points', 'color', 'price', 'weight'], 'CAMERA_2': [], 'CAMERA_3': []}",C_QUESTION_ABOUT_FEATURE,CAMERA_1,weight,how much does this one weigh,S_ANSWERS_QUESTION_ABOUT_FEATURE,CAMERA_1,weight,This one weighs 120 grams.,16~25
5,12,CAMERA_1,['CAMERA_1'],"{'CAMERA_1': ['settings', 'effects', 'camera_type', 'preset_modes', 'autofocus_points', 'color', 'price', 'weight', 'resolution'], 'CAMERA_2': [], 'CAMERA_3': []}",C_SILENT_OR_BACKCHANNEL,CAMERA_1,NONE,alright,S_INTRODUCES_FEATURE,CAMERA_1,resolution,This one has 20.1 megapixels resolution.,13~28
5,13,CAMERA_1,['CAMERA_1'],"{'CAMERA_1': ['settings', 'effects', 'camera_type', 'preset_modes', 'autofocus_points', 'color', 'price', 'weight', 'resolution', 'long_exposure'], 'CAMERA_2': [], 'CAMERA_3': []}",C_QUESTION_ABOUT_FEATURE,CAMERA_1,long_exposure,can it take long exposure shots,S_NOT_SURE,CAMERA_1,,I'm not really sure about that,
5,14,CAMERA_1,['CAMERA_1'],"{'CAMERA_1': ['settings', 'effects', 'camera_type', 'preset_modes', 'autofocus_points', 'color', 'price', 'weight', 'resolution', 'long_exposure', 'ISO'], 'CAMERA_2': [], 'CAMERA_3': []}",C_QUESTION_ABOUT_FEATURE,CAMERA_1,ISO,what is the ISO,S_NOT_SURE,CAMERA_1,,I'm not really sure about that,
5,15,CAMERA_1,['CAMERA_1'],"{'CAMERA_1': ['settings', 'effects', 'camera_type', 'preset_modes', 'autofocus_points', 'color', 'price', 'weight', 'resolution', 'long_exposure', 'ISO', 'sensor_size'], 'CAMERA_2': [], 'CAMERA_3': []}",C_QUESTION_ABOUT_FEATURE,CAMERA_1,sensor_size,what is the sensor size,S_NOT_SURE,CAMERA_1,,I'm not really sure about that,
5,16,NONE,['CAMERA_1'],"{'CAMERA_1': ['settings', 'effects', 'camera_type', 'preset_modes', 'autofocus_points', 'color', 'price', 'weight', 'resolution', 'long_exposure', 'ISO', 'sensor_size'], 'CAMERA_2': [], 'CAMERA_3': []}",C_THANK_YOU,CAMERA_1,NONE,thank you for your help,S_THANK_YOU,CAMERA_1,NONE,thank you very much,
5,17,NONE,['CAMERA_1'],"{'CAMERA_1': ['settings', 'effects', 'camera_type', 'preset_modes', 'autofocus_points', 'color', 'price', 'weight', 'resolution', 'long_exposure', 'ISO', 'sensor_size'], 'CAMERA_2': [], 'CAMERA_3': []}",C_LEAVES,DOOR,NONE,,S_RETURNS_TO_COUNTER,SERVICE_COUNTER,NONE,,
6,1,NONE,[],"{'CAMERA_1': [], 'CAMERA_2': [], 'CAMERA_3': []}",C_ENTERS,DOOR,NONE,,S_NONE,SERVICE_COUNTER,NONE,,
6,2,NONE,[],"{'CAMERA_1': [], 'CAMERA_2': [], 'CAMERA_3': []}",C_GREETS,MIDDLE,NONE,hello,S_GREETS,MIDDLE,NONE,can I help you?,
6,3,CAMERA_2,['CAMERA_2'],"{'CAMERA_1': [], 'CAMERA_2': [], 'CAMERA_3': []}",C_LOOKING_FOR_A_CAMERA,MIDDLE,NONE,I'm looking for a camera,S_INTRODUCES_CAMERA,CAMERA_2,,Let me show you this. Here we have the Sony Alpha a6000.,39~55
6,4,CAMERA_2,['CAMERA_2'],"{'CAMERA_1': [], 'CAMERA_2': ['long_exposure'], 'CAMERA_3': []}",C_QUESTION_ABOUT_FEATURE,CAMERA_2,long_exposure,can it take long exposure shots,S_ANSWERS_QUESTION_ABOUT_FEATURE,CAMERA_2,long_exposure,This one can take long exposures up to up to 30 seconds.,39~55
6,5,CAMERA_2,['CAMERA_2'],"{'CAMERA_1': [], 'CAMERA_2': ['long_exposure', 'color'], 'CAMERA_3': []}",C_SILENT_OR_BACKCHANNEL,CAMERA_2,NONE,alright,S_INTRODUCES_FEATURE,CAMERA_2,color,"This one comes in white, silver, black.",18~38
6,6,CAMERA_2,['CAMERA_2'],"{'CAMERA_1': [], 'CAMERA_2': ['long_exposure', 'color', 'weight'], 'CAMERA_3': []}",C_SILENT_OR_BACKCHANNEL,CAMERA_2,NONE,alright,S_INTRODUCES_FEATURE,CAMERA_2,weight,This one weighs 470 grams.,16~25
6,7,CAMERA_1,"['CAMERA_2', 'CAMERA_1']","{'CAMERA_1': [], 'CAMERA_2': ['long_exposure', 'color', 'weight'], 'CAMERA_3': []}",C_ANYTHING_ELSE_AVAILABLE,CAMERA_2,NONE,ok do you have any other cameras,S_INTRODUCES_CAMERA,CAMERA_1,,Let me show you this. Here we have the Nikon Coolpix S2800.,39~58
6,8,CAMERA_1,"['CAMERA_2', 'CAMERA_1']","{'CAMERA_1': ['long_exposure'], 'CAMERA_2': ['long_exposure', 'color', 'weight'], 'CAMERA_3': []}",C_QUESTION_ABOUT_FEATURE,CAMERA_1,long_exposure,can it take long exposure shots,S_NOT_SURE,CAMERA_1,,I'm not really sure about that,
6,9,CAMERA_3,"['CAMERA_2', 'CAMERA_1', 'CAMERA_3']","{'CAMERA_1': ['long_exposure'], 'CAMERA_2': ['long_exposure', 'color', 'weight'], 'CAMERA_3': []}",C_ANYTHING_ELSE_AVAILABLE,CAMERA_1,NONE,ok do you have any other cameras,S_INTRODUCES_CAMERA,CAMERA_3,,Let me show you this. Here we have the Canon EOS 5D Mark III.,39~60
6,10,CAMERA_3,"['CAMERA_2', 'CAMERA_1', 'CAMERA_3']","{'CAMERA_1': ['long_exposure'], 'CAMERA_2': ['long_exposure', 'color', 'weight'], 'CAMERA_3': ['camera_type']}",C_SILENT_OR_BACKCHANNEL,CAMERA_3,NONE,okay,S_INTRODUCES_FEATURE,CAMERA_3,camera_type,This is a DSLR camera.,10~14
6,11,CAMERA_3,"['CAMERA_2', 'CAMERA_1', 'CAMERA_3']","{'CAMERA_1': ['long_exposure'], 'CAMERA_2': ['long_exposure', 'color', 'weight'], 'CAMERA_3': ['camera_type', 'price']}",C_QUESTION_ABOUT_FEATURE,CAMERA_3,price,how much does it cost,S_ANSWERS_QUESTION_ABOUT_FEATURE,CAMERA_3,price,This one costs $3706.,15~20
6,12,CAMERA_3,"['CAMERA_2', 'CAMERA_1', 'CAMERA_3']","{'CAMERA_1': ['long_exposure'], 'CAMERA_2': ['long_exposure', 'color', 'weight'], 'CAMERA_3': ['camera_type', 'price', 'autofocus_points']}",C_QUESTION_ABOUT_FEATURE,CAMERA_3,autofocus_points,how many autofocus points does it have,S_ANSWERS_QUESTION_ABOUT_FEATURE,CAMERA_3,autofocus_points,This one has 61 autofocus points.,13~32
6,13,NONE,"['CAMERA_2', 'CAMERA_1', 'CAMERA_3']","{'CAMERA_1': ['long_exposure'], 'CAMERA_2': ['long_exposure', 'color', 'weight'], 'CAMERA_3': ['camera_type', 'price', 'autofocus_points']}",C_THANK_YOU,CAMERA_3,NONE,thank you for your help,S_THANK_YOU,CAMERA_3,NONE,thank you very much,
6,14,NONE,"['CAMERA_2', 'CAMERA_1', 'CAMERA_3']","{'CAMERA_1': ['long_exposure'], 'CAMERA_2': ['long_exposure', 'color', 'weight'], 'CAMERA_3': ['camera_type', 'price', 'autofocus_points']}",C_LEAVES,DOOR,NONE,,S_RETURNS_TO_COUNTER,SERVICE_COUNTER,NONE,,
7,1,NONE,[],"{'CAMERA_1': [], 'CAMERA_2': [], 'CAMERA_3': []}",C_ENTERS,DOOR,NONE,,S_NONE,SERVICE_COUNTER,NONE,,
7,2,NONE,[],"{'CAMERA_1': [], 'CAMERA_2': [], 'CAMERA_3': []}",C_WALKS_TO_CAMERA,CAMERA_2,NONE,,S_GREETS,CAMERA_2,NONE,can I help you?,
7,3,CAMERA_2,['CAMERA_2'],"{'CAMERA_1': [], 'CAMERA_2': [], 'CAMERA_3': []}",C_LOOKING_FOR_A_CAMERA,CAMERA_2,NONE,I'm looking for a camera,S_INTRODUCES_CAMERA,CAMERA_2,,Let me show you this. Here we have the Sony Alpha a6000.,39~55
7,4,CAMERA_2,['CAMERA_2'],"{'CAMERA_1': [], 'CAMERA_2': ['price'], 'CAMERA_3': []}",C_QUESTION_ABOUT_FEATURE,CAMERA_2,price,how much does it cost,S_ANSWERS_QUESTION_ABOUT_FEATURE,CAMERA_2,price,This one costs $1341.,15~20
7,5,CAMERA_2,['CAMERA_2'],"{'CAMERA_1': [], 'CAMERA_2': ['price', 'ISO'], 'CAMERA_3': []}",C_SILENT_OR_BACKCHANNEL,CAMERA_2,NONE,okay,S_INTRODUCES_FEATURE,CAMERA_2,ISO,This one has up to 3200 ISO with little noise.,13~45
7,6,CAMERA_2,['CAMERA_2'],"{'CAMERA_1': [], 'CAMERA_2': ['price', 'ISO', 'preset_modes'], 'CAMERA_3': []}",C_QUESTION_ABOUT_FEATURE,CAMERA_2,preset_modes,does it have preset modes,S_ANSWERS_QUESTION_ABOUT_FEATURE,CAMERA_2,preset_modes,"This one has 9 preset modes (e.g. beach, snow, night, portrait).",13~63
7,7,CAMERA_2,['CAMERA_2'],"{'CAMERA_1': [], 'CAMERA_2': ['price', 'ISO', 'preset_modes', 'sensor_size'], 'CAMERA_3': []}",C_SILENT_OR_BACKCHANNEL,CAMERA_2,NONE,I see,S_INTRODUCES_FEATURE,CAMERA_2,sensor_size,This one has a APS-C sensor (crop sensor).,15~41
7,8,NONE,['CAMERA_2'],"{'CAMERA_1': [], 'CAMERA_2': ['price', 'ISO', 'preset_modes', 'sensor_size'], 'CAMERA_3': []}",C_THANK_YOU,CAMERA_2,NONE,thank you for your help,S_THANK_YOU,CAMERA_2,NONE,thank you very much,
7,9,NONE,['CAMERA_2'],"{'CAMERA_1': [], 'CAMERA_2': ['price', 'ISO', 'preset_modes', 'sensor_size'], 'CAMERA_3': []}",C_LEAVES,DOOR,NONE,,S_RETURNS_TO_COUNTER,SERVICE_COUNTER,NONE,,
8,1,NONE,[],"{'CAMERA_1': [], 'CAMERA_2': [], 'CAMERA_3': []}",C_ENTERS,DOOR,NONE,,S_NONE,SERVICE_COUNTER,NONE,,
8,2,NONE,[],"{'CAMERA_1': [], 'CAMERA_2': [], 'CAMERA_3': []}",C_GREETS,MIDDLE,NONE,hello,S_GREETS,MIDDLE,NONE,can I help you?,
8,3,CAMERA_1,['CAMERA_1'],"{'CAMERA_1': [], 'CAMERA_2': [], 'CAMERA_3': []}",C_LOOKING_FOR_A_CAMERA,MIDDLE,NONE,I'm looking for a camera,S_INTRODUCES_CAMERA,CAMERA_1,,Let me show you this. Here we have the Nikon Coolpix S2800.,39~58
8,4,CAMERA_1,['CAMERA_1'],"{'CAMERA_1': ['color'], 'CAMERA_2': [], 'CAMERA_3': []}",C_SILENT_OR_BACKCHANNEL,CAMERA_1,NONE,alright,S_INTRODUCES_FEATURE,CAMERA_1,color,"This one comes in purple, pink, black, silver, red.",18~50
8,5,CAMERA_1,['CAMERA_1'],"{'CAMERA_1': ['color', 'settings'], 'CAMERA_2': [], 'CAMERA_3': []}",C_QUESTION_ABOUT_FEATURE,CAMERA_1,settings,what kind of settings does it have,S_ANSWERS_QUESTION_ABOUT_FEATURE,CAMERA_1,settings,This one has limited manual settings.,13~36
8,6,CAMERA_1,['CAMERA_1'],"{'CAMERA_1': ['color', 'settings', 'price'], 'CAMERA_2': [], 'CAMERA_3': []}",C_SILENT_OR_BACKCHANNEL,CAMERA_1,NONE,alright,S_INTRODUCES_FEATURE,CAMERA_1,price,This one costs $2173.,15~20
8,7,CAMERA_2,"['CAMERA_1', 'CAMERA_2']","{'CAMERA_1': ['color', 'settings', 'price'], 'CAMERA_2': [], 'CAMERA_3': []}",C_ANYTHING_ELSE_AVAILABLE,CAMERA_1,NONE,ok do you have any other cameras,S_INTRODUCES_CAMERA,CAMERA_2,,Let me show you this. Here we have the Sony Alpha a6000.,39~55
8,8,CAMERA_2,"['CAMERA_1', 'CAMERA_2']","{'CAMERA_1': ['color', 'settings', 'price'], 'CAMERA_2': ['color'], 'CAMERA_3': []}",C_SILENT_OR_BACKCHANNEL,CAMERA_2,NONE,alright,S_INTRODUCES_FEATURE,CAMERA_2,color,"This one comes in white, silver, black.",18~38
8,9,NONE,"['CAMERA_1', 'CAMERA_2']","{'CAMERA_1': ['color', 'settings', 'price'], 'CAMERA_2': ['color'], 'CAMERA_3': []}",C_THANK_YOU,CAMERA_2,NONE,thank you for your help,S_THANK_YOU,CAMERA_2,NONE,thank you very much,
8,10,NONE,"['CAMERA_1', 'CAMERA_2']","{'CAMERA_1': ['color', 'settings', 'price'], 'CAMERA_2': ['color'], 'CAMERA_3': []}",C_LEAVES,DOOR,NONE,,S_RETURNS_TO_COUNTER,SERVICE_COUNTER,NONE,,
9,1,NONE,[],"{'CAMERA_1': [], 'CAMERA_2': [], 'CAMERA_3': []}",C_ENTERS,DOOR,NONE,,S_NONE,SERVICE_COUNTER,NONE,,
9,2,NONE,[],"{'CAMERA_1': [], 'CAMERA_2': [], 'CAMERA_3': []}",C_WALKS_TO_CAMERA,CAMERA_3,NONE,,S_NONE,SERVICE_COUNTER,NONE,,
9,3,NONE,[],"{'CAMERA_1': [], 'CAMERA_2': [], 'CAMERA_3': []}",C_EXAMINES_CAMERA,CAMERA_3,NONE,,S_GREETS,CAMERA_3,NONE,can I help you?,
9,4,CAMERA_2,['CAMERA_2'],"{'CAMERA_1': [], 'CAMERA_2': [], 'CAMERA_3': []}",C_LOOKING_FOR_A_CAMERA,CAMERA_3,NONE,I'm looking for a camera,S_INTRODUCES_CAMERA,CAMERA_2,,Let me show you this. Here we have the Sony Alpha a6000.,39~55
9,5,CAMERA_2,['CAMERA_2'],"{'CAMERA_1': [], 'CAMERA_2': ['settings'], 'CAMERA_3': []}",C_QUESTION_ABOUT_FEATURE,CAMERA_2,settings,what kind of settings does it have,S_ANSWERS_QUESTION_ABOUT_FEATURE,CAMERA_2,settings,This one has full manual control.,13~32
9,6,CAMERA_1,"['CAMERA_2', 'CAMERA_1']","{'CAMERA_1': [], 'CAMERA_2': ['settings'], 'CAMERA_3': []}",C_ANYTHING_ELSE_AVAILABLE,CAMERA_2,NONE,ok do you have any other cameras,S_INTRODUCES_CAMERA,CAMERA_1,,Let me show you this. Here we have the Nikon Coolpix S2800.,39~58
9,7,CAMERA_1,"['CAMERA_2', 'CAMERA_1']","{'CAMERA_1': ['optical_zoom'], 'CAMERA_2': ['settings'], 'CAMERA_3': []}",C_QUESTION_ABOUT_FEATURE,CAMERA_1,optical_zoom,does it have optical zoom,S_ANSWERS_QUESTION_ABOUT_FEATURE,CAMERA_1,optical_zoom,This one has 5x optical zoom.,13~28
9,8,CAMERA_1,"['CAMERA_2', 'CAMERA_1']","{'CAMERA_1': ['optical_zoom', 'long_exposure'], 'CAMERA_2': ['settings'], 'CAMERA_3': []}",C_QUESTION_ABOUT_FEATURE,CAMERA_1,long_exposure,can it take long exposure shots,S_NOT_SURE,CAMERA_1,,I'm not really sure about that,
9,9,CAMERA_1,"['CAMERA_2', 'CAMERA_1']","{'CAMERA_1': ['optical_zoom', 'long_exposure', 'sensor_size'], 'CAMERA_2': ['settings'], 'CAMERA_3': []}",C_QUESTION_ABOUT_FEATURE,CAMERA_1,sensor_size,what is the sensor size,S_NOT_SURE,CAMERA_1,,I'm not really sure about that,
9,10,CAMERA_1,"['CAMERA_2', 'CAMERA_1']","{'CAMERA_1': ['optical_zoom', 'long_exposure', 'sensor_size', 'effects'], 'CAMERA_2': ['settings'], 'CAMERA_3': []}",C_SILENT_OR_BACKCHANNEL,CAMERA_1,NONE,alright,S_INTRODUCES_FEATURE,CAMERA_1,effects,"This one has 12 glamor retouch effects (e.g. skin softening, small face, big eyes).",13~82
9,11,CAMERA_1,"['CAMERA_2', 'CAMERA_1']","{'CAMERA_1': ['optical_zoom', 'long_exposure', 'sensor_size', 'effects', 'color'], 'CAMERA_2': ['settings'], 'CAMERA_3': []}",C_SILENT_OR_BACKCHANNEL,CAMERA_1,NONE,okay,S_INTRODUCES_FEATURE,CAMERA_1,color,"This one comes in purple, pink, black, silver, red.",18~50
9,12,CAMERA_1,"['CAMERA_2', 'CAMERA_1']","{'CAMERA_1': ['optical_zoom', 'long_exposure', 'sensor_size', 'effects', 'color', 'weight'], 'CAMERA_2': ['settings'], 'CAMERA_3': []}",C_SILENT_OR_BACKCHANNEL,CAMERA_1,NONE,I see,S_INTRODUCES_FEATURE,CAMERA_1,weight,This one weighs 120 grams.,16~25
9,13,CAMERA_1,"['CAMERA_2', 'CAMERA_1']","{'CAMERA_1': ['optical_zoom', 'long_exposure', 'sensor_size', 'effects', 'color', 'weight', 'price'], 'CAMERA_2': ['settings'], 'CAMERA_3': []}",C_SILENT_OR_BACKCHANNEL,CAMERA_1,NONE,okay,S_INTRODUCES_FEATURE,CAMERA_1,price,This one costs $2173.,15~20
9,14,CAMERA_3,"['CAMERA_2', 'CAMERA_1', 'CAMERA_3']","{'CAMERA_1': ['optical_zoom', 'long_exposure', 'sensor_size', 'effects', 'color', 'weight', 'price'], 'CAMERA_2': ['settings'], 'CAMERA_3': []}",C_ANYTHING_ELSE_AVAILABLE,CAMERA_1,NONE,ok do you have any other cameras,S_INTRODUCES_CAMERA,CAMERA_3,,Let me show you this. Here we have the Canon EOS 5D Mark III.,39~60
9,15,CAMERA_3,"['CAMERA_2', 'CAMERA_1', 'CAMERA_3']","{'CAMERA_1': ['optical_zoom', 'long_exposure', 'sensor_size', 'effects', 'color', 'weight', 'price'], 'CAMERA_2': ['settings'], 'CAMERA_3': ['effects']}",C_QUESTION_ABOUT_FEATURE,CAMERA_3,effects,does it have any effect modes,S_NOT_SURE,CAMERA_3,,I'm not really sure about that,
9,16,CAMERA_3,"['CAMERA_2', 'CAMERA_1', 'CAMERA_3']","{'CAMERA_1': ['optical_zoom', 'long_exposure', 'sensor_size', 'effects', 'color', 'weight', 'price'], 'CAMERA_2': ['settings'], 'CAMERA_3': ['effects', 'long_exposure']}",C_QUESTION_ABOUT_FEATURE,CAMERA_3,long_exposure,can it take long exposure shots,S_ANSWERS_QUESTION_ABOUT_FEATURE,CAMERA_3,long_exposure,"This one can take long exposures up to up to 30 seconds, bulb mode: expose as long as you want.",39~94
9,17,CAMERA_3,"['CAMERA_2', 'CAMERA_1', 'CAMERA_3']","{'CAMERA_1': ['optical_zoom', 'long_exposure', 'sensor_size', 'effects', 'color', 'weight', 'price'], 'CAMERA_2': ['settings'], 'CAMERA_3': ['effects', 'long_exposure', 'sensor_size']}",C_QUESTION_ABOUT_FEATURE,CAMERA_3,sensor_size,what is the sensor size,S_ANSWERS_QUESTION_ABOUT_FEATURE,CAMERA_3,sensor_size,This one has a full frame.,15~25
9,18,CAMERA_3,"['CAMERA_2', 'CAMERA_1', 'CAMERA_3']","{'CAMERA_1': ['optical_zoom', 'long_exposure', 'sensor_size', 'effects', 'color', 'weight', 'price'], 'CAMERA_2': ['settings'], 'CAMERA_3': ['effects', 'long_exposure', 'sensor_size', 'weight']}",C_QUESTION_ABOUT_FEATURE,CAMERA_3,weight,how much does this one weigh,S_ANSWERS_QUESTION_ABOUT_FEATURE,CAMERA_3,weight,This one weighs 950 grams (only body).,16~37
9,19,NONE,"['CAMERA_2', 'CAMERA_1', 'CAMERA_3']","{'CAMERA_1': ['optical_zoom', 'long_exposure', 'sensor_size', 'effects', 'color', 'weight', 'price'], 'CAMERA_2': ['settings'], 'CAMERA_3': ['effects', 'long_exposure', 'sensor_size', 'weight']}",C_THANK_YOU,CAMERA_3,NONE,thank you for your help,S_THANK_YOU,CAMERA_3,NONE,thank you very much,
9,20,NONE,"['CAMERA_2', 'CAMERA_1', 'CAMERA_3']","{'CAMERA_1': ['optical_zoom', 'long_exposure', 'sensor_size', 'effects', 'color', 'weight', 'price'], 'CAMERA_2': ['settings'], 'CAMERA_3': ['effects', 'long_exposure', 'sensor_size', 'weight']}",C_LEAVES,DOOR,NONE,,S_RETURNS_TO_COUNTER,SERVICE_COUNTER,NONE,,
10,1,NONE,[],"{'CAMERA_1': [], 'CAMERA_2': [], 'CAMERA_3': []}",C_ENTERS,DOOR,NONE,,S_NONE,SERVICE_COUNTER,NONE,,
10,2,NONE,[],"{'CAMERA_1': [], 'CAMERA_2': [], 'CAMERA_3': []}",C_WALKS_TO_CAMERA,CAMERA_2,NONE,,S_GREETS,CAMERA_2,NONE,can I help you?,
10,3,CAMERA_2,['CAMERA_2'],"{'CAMERA_1': [], 'CAMERA_2': [], 'CAMERA_3': []}",C_LOOKING_FOR_A_CAMERA,CAMERA_2,NONE,I'm looking for a camera,S_INTRODUCES_CAMERA,CAMERA_2,,Let me show you this. Here we have the Sony Alpha a6000.,39~55
10,4,CAMERA_2,['CAMERA_2'],"{'CAMERA_1': [], 'CAMERA_2': ['price'], 'CAMERA_3': []}",C_SILENT_OR_BACKCHANNEL,CAMERA_2,NONE,alright,S_INTRODUCES_FEATURE,CAMERA_2,price,This one costs $1341.,15~20
10,5,CAMERA_2,['CAMERA_2'],"{'CAMERA_1': [], 'CAMERA_2': ['price', 'weight'], 'CAMERA_3': []}",C_SILENT_OR_BACKCHANNEL,CAMERA_2,NONE,alright,S_INTRODUCES_FEATURE,CAMERA_2,weight,This one weighs 470 grams.,16~25
10,6,CAMERA_1,"['CAMERA_2', 'CAMERA_1']","{'CAMERA_1': [], 'CAMERA_2': ['price', 'weight'], 'CAMERA_3': []}",C_ANYTHING_ELSE_AVAILABLE,CAMERA_2,NONE,ok do you have any other cameras,S_INTRODUCES_CAMERA,CAMERA_1,,Let me show you this. Here we have the Nikon Coolpix S2800.,39~58
10,7,CAMERA_1,"['CAMERA_2', 'CAMERA_1']","{'CAMERA_1': ['autofocus_points'], 'CAMERA_2': ['price', 'weight'], 'CAMERA_3': []}",C_QUESTION_ABOUT_FEATURE,CAMERA_1,autofocus_points,how many autofocus points does it have,S_NOT_SURE,CAMERA_1,,I'm not really sure about that,
10,8,CAMERA_1,"['CAMERA_2', 'CAMERA_1']","{'CAMERA_1': ['autofocus_points', 'resolution'], 'CAMERA_2': ['price', 'weight'], 'CAMERA_3': []}",C_QUESTION_ABOUT_FEATURE,CAMERA_1,resolution,what is the resolution,S_ANSWERS_QUESTION_ABOUT_FEATURE,CAMERA_1,resolution,This one has 20.1 megapixels resolution.,13~28
10,9,CAMERA_1,"['CAMERA_2', 'CAMERA_1']","{'CAMERA_1': ['autofocus_points', 'resolution', 'preset_modes'], 'CAMERA_2': ['price', 'weight'], 'CAMERA_3': []}",C_QUESTION_ABOUT_FEATURE,CAMERA_1,preset_modes,does it have preset modes,S_ANSWERS_QUESTION_ABOUT_FEATURE,CAMERA_1,preset_modes,"This one has 18 preset modes (e.g. beach, snow, night portrait).",13~63
10,10,CAMERA_1,"['CAMERA_2', 'CAMERA_1']","{'CAMERA_1': ['autofocus_points', 'resolution', 'preset_modes', 'camera_type'], 'CAMERA_2': ['price', 'weight'], 'CAMERA_3': []}",C_QUESTION_ABOUT_FEATURE,CAMERA_1,camera_type,what kind of camera is this,S_ANSWERS_QUESTION_ABOUT_FEATURE,CAMERA_1,camera_type,This is a point and shoot camera.,10~25
10,11,CAMERA_1,"['CAMERA_2', 'CAMERA_1']","{'CAMERA_1': ['autofocus_points', 'resolution', 'preset_modes', 'camera_type', 'sensor_size'], 'CAMERA_2': ['price', 'weight'], 'CAMERA_3': []}",C_QUESTION_ABOUT_FEATURE,CAMERA_1,sensor_size,what is the sensor size,S_NOT_SURE,CAMERA_1,,I'm not really sure about that,
10,12,CAMERA_1,"['CAMERA_2', 'CAMERA_1']","{'CAMERA_1': ['autofocus_points', 'resolution', 'preset_modes', 'camera_type', 'sensor_size', 'settings'], 'CAMERA_2': ['price', 'weight'], 'CAMERA_3': []}",C_QUESTION_ABOUT_FEATURE,CAMERA_1,settings,what kind of settings does it have,S_ANSWERS_QUESTION_ABOUT_FEATURE,CAMERA_1,settings,This one has limited manual settings.,13~36
10,13,CAMERA_1,"['CAMERA_2', 'CAMERA_1']","{'CAMERA_1': ['autofocus_points', 'resolution', 'preset_modes', 'camera_type', 'sensor_size', 'settings', 'price'], 'CAMERA_2': ['price', 'weight'], 'CAMERA_3': []}",C_QUESTION_ABOUT_FEATURE,CAMERA_1,price,how much does it cost,S_ANSWERS_QUESTION_ABOUT_FEATURE,CAMERA_1,price,This one costs $2173.,15~20
10,14,CAMERA_1,"['CAMERA_2', 'CAMERA_1']","{'CAMERA_1': ['autofocus_points', 'resolution', 'preset_modes', 'camera_type', 'sensor_size', 'settings', 'price', 'weight'], 'CAMERA_2': ['price', 'weight'], 'CAMERA_3': []}",C_QUESTION_ABOUT_FEATURE,CAMERA_1,weight,how much does this one weigh,S_ANSWERS_QUESTION_ABOUT_FEATURE,CAMERA_1,weight,This one weighs 120 grams.,16~25
10,15,CAMERA_1,"['CAMERA_2', 'CAMERA_1']","{'CAMERA_1': ['autofocus_points', 'resolution', 'preset_modes', 'camera_type', 'sensor_size', 'settings', 'price', 'weight', 'ISO'], 'CAMERA_2': ['price', 'weight'], 'CAMERA_3': []}",C_QUESTION_ABOUT_FEATURE,CAMERA_1,ISO,what is the ISO,S_NOT_SURE,CAMERA_1,,I'm not really sure about that,
10,16,NONE,"['CAMERA_2', 'CAMERA_1']","{'CAMERA_1': ['autofocus_points', 'resolution', 'preset_modes', 'camera_type', 'sensor_size', 'settings', 'price', 'weight', 'ISO'], 'CAMERA_2': ['price', 'weight'], 'CAMERA_3': []}",C_THANK_YOU,CAMERA_1,NONE,thank you for your help,S_THANK_YOU,CAMERA_1,NONE,thank you very much,
10,17,NONE,"['CAMERA_2', 'CAMERA_1']","{'CAMERA_1': ['autofocus_points', 'resolution', 'preset_modes', 'camera_type', 'sensor_size', 'settings', 'price', 'weight', 'ISO'], 'CAMERA_2': ['price', 'weight'], 'CAMERA_3': []}",C_LEAVES,DOOR,NONE,,S_RETURNS_TO_COUNTER,SERVICE_COUNTER,NONE,,
11,1,NONE,[],"{'CAMERA_1': [], 'CAMERA_2': [], 'CAMERA_3': []}",C_ENTERS,DOOR,NONE,,S_NONE,SERVICE_COUNTER,NONE,,
11,2,NONE,[],"{'CAMERA_1': [], 'CAMERA_2': [], 'CAMERA_3': []}",C_GREETS,MIDDLE,NONE,hello,S_GREETS,MIDDLE,NONE,can I help you?,
11,3,CAMERA_1,['CAMERA_1'],"{'CAMERA_1': [], 'CAMERA_2': [], 'CAMERA_3': []}",C_LOOKING_FOR_A_CAMERA,MIDDLE,NONE,I'm looking for a camera,S_INTRODUCES_CAMERA,CAMERA_1,,Let me show you this. Here we have the Nikon Coolpix S2800.,39~58
11,4,CAMERA_1,['CAMERA_1'],"{'CAMERA_1': ['settings'], 'CAMERA_2': [], 'CAMERA_3': []}",C_SILENT_OR_BACKCHANNEL,CAMERA_1,NONE,okay,S_INTRODUCES_FEATURE,CAMERA_1,settings,This one has limited manual settings.,13~36
11,5,CAMERA_1,['CAMERA_1'],"{'CAMERA_1': ['settings', 'weight'], 'CAMERA_2': [], 'CAMERA_3': []}",C_SILENT_OR_BACKCHANNEL,CAMERA_1,NONE,okay,S_INTRODUCES_FEATURE,CAMERA_1,weight,This one weighs 120 grams.,16~25
11,6,CAMERA_2,"['CAMERA_1', 'CAMERA_2']","{'CAMERA_1': ['settings', 'weight'], 'CAMERA_2': [], 'CAMERA_3': []}",C_ANYTHING_ELSE_AVAILABLE,CAMERA_1,NONE,ok do you have any other cameras,S_INTRODUCES_CAMERA,CAMERA_2,,Let me show you this. Here we have the Sony Alpha a6000.,39~55
11,7,CAMERA_2,"['CAMERA_1', 'CAMERA_2']","{'CAMERA_1': ['settings', 'weight'], 'CAMERA_2': ['camera_type'], 'CAMERA_3': []}",C_QUESTION_ABOUT_FEATURE,CAMERA_2,camera_type,what kind of camera is this,S_ANSWERS_QUESTION_ABOUT_FEATURE,CAMERA_2,camera_type,This is a mirrorless camera.,10~20
11,8,CAMERA_2,"['CAMERA_1', 'CAMERA_2']","{'CAMERA_1': ['settings', 'weight'], 'CAMERA_2': ['camera_type', 'price'], 'CAMERA_3': []}",C_QUESTION_ABOUT_FEATURE,CAMERA_2,price,how much does it cost,S_ANSWERS_QUESTION_ABOUT_FEATURE,CAMERA_2,price,This one costs $1341.,15~20
11,9,CAMERA_2,"['CAMERA_1', 'CAMERA_2']","{'CAMERA_1': ['settings', 'weight'], 'CAMERA_2': ['camera_type', 'price', 'settings'], 'CAMERA_3': []}",C_QUESTION_ABOUT_FEATURE,CAMERA_2,settings,what kind of settings does it have,S_ANSWERS_QUESTION_ABOUT_FEATURE,CAMERA_2,settings,This one has full manual control.,13~32
11,10,CAMERA_2,"['CAMERA_1', 'CAMERA_2']","{'CAMERA_1': ['settings', 'weight'], 'CAMERA_2': ['camera_type', 'price', 'settings', 'autofocus_points'], 'CAMERA_3': []}",C_QUESTION_ABOUT_FEATURE,CAMERA_2,autofocus_points,how many autofocus points does it have,S_ANSWERS_QUESTION_ABOUT_FEATURE,CAMERA_2,autofocus_points,This one has 179 autofocus points.,13~33
11,11,CAMERA_2,"['CAMERA_1', 'CAMERA_2']","{'CAMERA_1': ['settings', 'weight'], 'CAMERA_2': ['camera_type', 'price', 'settings', 'autofocus_points', 'sensor_size'], 'CAMERA_3': []}",C_QUESTION_ABOUT_FEATURE,CAMERA_2,sensor_size,what is the sensor size,S_ANSWERS_QUESTION_ABOUT_FEATURE,CAMERA_2,sensor_size,This one has a APS-C sensor (crop sensor).,15~41
11,12,CAMERA_2,"['CAMERA_1', 'CAMERA_2']","{'CAMERA_1': ['settings', 'weight'], 'CAMERA_2': ['camera_type', 'price', 'settings', 'autofocus_points', 'sensor_size', 'optical_zoom'], 'CAMERA_3': []}",C_QUESTION_ABOUT_FEATURE,CAMERA_2,optical_zoom,does it have optical zoom,S_NOT_SURE,CAMERA_2,,I'm not really sure about that,
11,13,CAMERA_2,"['CAMERA_1', 'CAMERA_2']","{'CAMERA_1': ['settings', 'weight'], 'CAMERA_2': ['camera_type', 'price', 'settings', 'autofocus_points', 'sensor_size', 'optical_zoom', 'weight'], 'CAMERA_3': []}",C_QUESTION_ABOUT_FEATURE,CAMERA_2,weight,how much does this one weigh,S_ANSWERS_QUESTION_ABOUT_FEATURE,CAMERA_2,weight,This one weighs 470 grams.,16~25
11,14,CAMERA_2,"['CAMERA_1', 'CAMERA_2']","{'CAMERA_1': ['settings', 'weight'], 'CAMERA_2': ['camera_type', 'price', 'settings', 'autofocus_points', 'sensor_size', 'optical_zoom', 'weight', 'color'], 'CAMERA_3': []}",C_QUESTION_ABOUT_FEATURE,CAMERA_2,color,what colors does this one come in,S_ANSWERS_QUESTION_ABOUT_FEATURE,CAMERA_2,color,"This one comes in white, silver, black.",18~38
11,15,CAMERA_2,"['CAMERA_1', 'CAMERA_2']","{'CAMERA_1': ['settings', 'weight'], 'CAMERA_2': ['camera_type', 'price', 'settings', 'autofocus_points', 'sensor_size', 'optical_zoom', 'weight', 'color', 'ISO'], 'CAMERA_3': []}",C_SILENT_OR_BACKCHANNEL,CAMERA_2,NONE,alright,S_INTRODUCES_FEATURE,CAMERA_2,ISO,This one has up to 3200 ISO with little noise.,13~45
11,16,CAMERA_2,"['CAMERA_1', 'CAMERA_2']","{'CAMERA_1': ['settings', 'weight'], 'CAMERA_2': ['camera_type', 'price', 'settings', 'autofocus_points', 'sensor_size', 'optical_zoom', 'weight', 'color', 'ISO', 'preset_modes'], 'CAMERA_3': []}",C_QUESTION_ABOUT_FEATURE,CAMERA_2,preset_modes,does it have preset modes,S_ANSWERS_QUESTION_ABOUT_FEATURE,CAMERA_2,preset_modes,"This one has 9 preset modes (e.g. beach, snow, night, portrait).",13~63
11,17,CAMERA_2,"['CAMERA_1', 'CAMERA_2']","{'CAMERA_1': ['settings', 'weight'], 'CAMERA_2': ['camera_type', 'price', 'settings', 'autofocus_points', 'sensor_size', 'optical_zoom', 'weight', 'color', 'ISO', 'preset_modes', 'effects'], 'CAMERA_3': []}",C_SILENT_OR_BACKCHANNEL,CAMERA_2,NONE,I see,S_INTRODUCES_FEATURE,CAMERA_2,effects,"This one has 13 artistic effect modes (e.g. toy camera, soft focus).",13~67
11,18,CAMERA_2,"['CAMERA_1', 'CAMERA_2']","{'CAMERA_1': ['settings', 'weight'], 'CAMERA_2': ['camera_type', 'price', 'settings', 'autofocus_points', 'sensor_size', 'optical_zoom', 'weight', 'color', 'ISO', 'preset_modes', 'effects', 'long_exposure'], 'CAMERA_3': []}",C_SILENT_OR_BACKCHANNEL,CAMERA_2,NONE,okay,S_INTRODUCES_FEATURE,CAMERA_2,long_exposure,This one can take long exposures up to up to 30 seconds.,39~55
11,19,CAMERA_2,"['CAMERA_1', 'CAMERA_2']","{'CAMERA_1': ['settings', 'weight'], 'CAMERA_2': ['camera_type', 'price', 'settings', 'autofocus_points', 'sensor_size', 'optical_zoom', 'weight', 'color', 'ISO', 'preset_modes', 'effects', 'long_exposure', 'resolution'], 'CAMERA_3': []}",C_QUESTION_ABOUT_FEATURE,CAMERA_2,resolution,what is the resolution,S_NOT_SURE,CAMERA_2,,I'm not really sure about that,
11,20,CAMERA_3,"['CAMERA_1', 'CAMERA_2', 'CAMERA_3']","{'CAMERA_1': ['settings', 'weight'], 'CAMERA_2': ['camera_type', 'price', 'settings', 'autofocus_points', 'sensor_size', 'optical_zoom', 'weight', 'color', 'ISO', 'preset_modes', 'effects', 'long_exposure', 'resolution'], 'CAMERA_3': []}",C_ANYTHING_ELSE_AVAILABLE,CAMERA_2,NONE,ok do you have any other cameras,S_INTRODUCES_CAMERA,CAMERA_3,,Let me show you this. Here we have the Canon EOS 5D Mark III.,39~60
11,21,CAMERA_3,"['CAMERA_1', 'CAMERA_2', 'CAMERA_3']","{'CAMERA_1': ['settings', 'weight'], 'CAMERA_2': ['camera_type', 'price', 'settings', 'autofocus_points', 'sensor_size', 'optical_zoom', 'weight', 'color', 'ISO', 'preset_modes', 'effects', 'long_exposure', 'resolution'], 'CAMERA_3': ['long_exposure']}",C_QUESTION_ABOUT_FEATURE,CAMERA_3,long_exposure,can it take long exposure shots,S_ANSWERS_QUESTION_ABOUT_FEATURE,CAMERA_3,long_exposure,"This one can take long exposures up to up to 30 seconds, bulb mode: expose as long as you want.",39~94
11,22,CAMERA_3,"['CAMERA_1', 'CAMERA_2', 'CAMERA_3']","{'CAMERA_1': ['settings', 'weight'], 'CAMERA_2': ['camera_type', 'price', 'settings', 'autofocus_points', 'sensor_size', 'optical_zoom', 'weight', 'color', 'ISO', 'preset_modes', 'effects', 'long_exposure', 'resolution'], 'CAMERA_3': ['long_exposure', 'color']}",C_SILENT_OR_BACKCHANNEL,CAMERA_3,NONE,alright,S_INTRODUCES_FEATURE,CAMERA_3,color,This one comes in black.,18~23
11,23,CAMERA_3,"['CAMERA_1', 'CAMERA_2', 'CAMERA_3']","{'CAMERA_1': ['settings', 'weight'], 'CAMERA_2': ['camera_type', 'price', 'settings', 'autofocus_points', 'sensor_size', 'optical_zoom', 'weight', 'color', 'ISO', 'preset_modes', 'effects', 'long_exposure', 'resolution'], 'CAMERA_3': ['long_exposure', 'color', 'weight']}",C_SILENT_OR_BACKCHANNEL,CAMERA_3,NONE,okay,S_INTRODUCES_FEATURE,CAMERA_3,weight,This one weighs 950 grams (only body).,16~37
11,24,CAMERA_3,"['CAMERA_1', 'CAMERA_2', 'CAMERA_3']","{'CAMERA_1': ['settings', 'weight'], 'CAMERA_2': ['camera_type', 'price', 'settings', 'autofocus_points', 'sensor_size', 'optical_zoom', 'weight', 'color', 'ISO', 'preset_modes', 'effects', 'long_exposure', 'resolution'], 'CAMERA_3': ['long_exposure', 'color', 'weight', 'autofocus_points']}",C_SILENT_OR_BACKCHANNEL,CAMERA_3,NONE,alright,S_INTRODUCES_FEATURE,CAMERA_3,autofocus_points,This one has 61 autofocus points.,13~32
11,25,CAMERA_3,"['CAMERA_1', 'CAMERA_2', 'CAMERA_3']","{'CAMERA_1': ['settings', 'weight'], 'CAMERA_2': ['camera_type', 'price', 'settings', 'autofocus_points', 'sensor_size', 'optical_zoom', 'weight', 'color', 'ISO', 'preset_modes', 'effects', 'long_exposure', 'resolution'], 'CAMERA_3': ['long_exposure', 'color', 'weight', 'autofocus_points', 'camera_type']}",C_QUESTION_ABOUT_FEATURE,CAMERA_3,camera_type,what kind of camera is this,S_ANSWERS_QUESTION_ABOUT_FEATURE,CAMERA_3,camera_type,This is a DSLR camera.,10~14
11,26,,"['CAMERA_1', 'CAMERA_2', 'CAMERA_3']","{'CAMERA_1': ['settings', 'weight'], 'CAMERA_2': ['camera_type', 'price', 'settings', 'autofocus_points', 'sensor_size', 'optical_zoom', 'weight', 'color', 'ISO', 'preset_modes', 'effects', 'long_exposure', 'resolution'], 'CAMERA_3': ['long_exposure', 'color', 'weight', 'autofocus_points', 'camera_type']}",C_ANYTHING_ELSE_AVAILABLE,CAMERA_3,NONE,ok do you have any other cameras,S_THATS_ALL_WE_HAVE_AVAILABLE,CAMERA_3,,That’s all we have available at the moment.,
11,27,NONE,"['CAMERA_1', 'CAMERA_2', 'CAMERA_3']","{'CAMERA_1': ['settings', 'weight'], 'CAMERA_2': ['camera_type', 'price', 'settings', 'autofocus_points', 'sensor_size', 'optical_zoom', 'weight', 'color', 'ISO', 'preset_modes', 'effects', 'long_exposure', 'resolution'], 'CAMERA_3': ['long_exposure', 'color', 'weight', 'autofocus_points', 'camera_type']}",C_THANK_YOU,CAMERA_3,NONE,thank you for your help,S_THANK_YOU,CAMERA_3,NONE,thank you very much,
11,28,NONE,"['CAMERA_1', 'CAMERA_2', 'CAMERA_3']","{'CAMERA_1': ['settings', 'weight'], 'CAMERA_2': ['camera_type', 'price', 'settings', 'autofocus_points', 'sensor_size', 'optical_zoom', 'weight', 'color', 'ISO', 'preset_modes', 'effects', 'long_exposure', 'resolution'], 'CAMERA_3': ['long_exposure', 'color', 'weight', 'autofocus_points', 'camera_type']}",C_LEAVES,DOOR,NONE,,S_RETURNS_TO_COUNTER,SERVICE_COUNTER,NONE,,
12,1,NONE,[],"{'CAMERA_1': [], 'CAMERA_2': [], 'CAMERA_3': []}",C_ENTERS,DOOR,NONE,,S_NONE,SERVICE_COUNTER,NONE,,
12,2,NONE,[],"{'CAMERA_1': [], 'CAMERA_2': [], 'CAMERA_3': []}",C_GREETS,MIDDLE,NONE,hello,S_GREETS,MIDDLE,NONE,can I help you?,
12,3,CAMERA_3,['CAMERA_3'],"{'CAMERA_1': [], 'CAMERA_2': [], 'CAMERA_3': []}",C_LOOKING_FOR_A_CAMERA,MIDDLE,NONE,I'm looking for a camera,S_INTRODUCES_CAMERA,CAMERA_3,,Let me show you this. Here we have the Canon EOS 5D Mark III.,39~60
12,4,CAMERA_3,['CAMERA_3'],"{'CAMERA_1': [], 'CAMERA_2': [], 'CAMERA_3': ['optical_zoom']}",C_QUESTION_ABOUT_FEATURE,CAMERA_3,optical_zoom,does it have optical zoom,S_NOT_SURE,CAMERA_3,,I'm not really sure about that,
12,5,CAMERA_2,"['CAMERA_3', 'CAMERA_2']","{'CAMERA_1': [], 'CAMERA_2': [], 'CAMERA_3': ['optical_zoom']}",C_ANYTHING_ELSE_AVAILABLE,CAMERA_3,NONE,ok do you have any other cameras,S_INTRODUCES_CAMERA,CAMERA_2,,Let me show you this. Here we have the Sony Alpha a6000.,39~55
12,6,CAMERA_2,"['CAMERA_3', 'CAMERA_2']","{'CAMERA_1': [], 'CAMERA_2': ['camera_type'], 'CAMERA_3': ['optical_zoom']}",C_QUESTION_ABOUT_FEATURE,CAMERA_2,camera_type,what kind of camera is this,S_ANSWERS_QUESTION_ABOUT_FEATURE,CAMERA_2,camera_type,This is a mirrorless camera.,10~20
12,7,CAMERA_2,"['CAMERA_3', 'CAMERA_2']","{'CAMERA_1': [], 'CAMERA_2': ['camera_type', 'color'], 'CAMERA_3': ['optical_zoom']}",C_QUESTION_ABOUT_FEATURE,CAMERA_2,color,what colors does this one come in,S_ANSWERS_QUESTION_ABOUT_FEATURE,CAMERA_2,color,"This one comes in white, silver, black.",18~38
12,8,CAMERA_2,"['CAMERA_3', 'CAMERA_2']","{'CAMERA_1': [], 'CAMERA_2': ['camera_type', 'color', 'effects'], 'CAMERA_3': ['optical_zoom']}",C_QUESTION_ABOUT_FEATURE,CAMERA_2,effects,does it have any effect modes,S_ANSWERS_QUESTION_ABOUT_FEATURE,CAMERA_2,effects,"This one has 13 artistic effect modes (e.g. toy camera, soft focus).",13~67
12,9,CAMERA_2,"['CAMERA_3', 'CAMERA_2']","{'CAMERA_1': [], 'CAMERA_2': ['camera_type', 'color', 'effects', 'weight'], 'CAMERA_3': ['optical_zoom']}",C_QUESTION_ABOUT_FEATURE,CAMERA_2,weight,how much does this one weigh,S_ANSWERS_QUESTION_ABOUT_FEATURE,CAMERA_2,weight,This one weighs 470 grams.,16~25
12,10,CAMERA_2,"['CAMERA_3', 'CAMERA_2']","{'CAMERA_1': [], 'CAMERA_2': ['camera_type', 'color', 'effects', 'weight', 'preset_modes'], 'CAMERA_3': ['optical_zoom']}",C_SILENT_OR_BACKCHANNEL,CAMERA_2,NONE,alright,S_INTRODUCES_FEATURE,CAMERA_2,preset_modes,"This one has 9 preset modes (e.g. beach, snow, night, portrait).",13~63
12,11,CAMERA_2,"['CAMERA_3', 'CAMERA_2']","{'CAMERA_1': [], 'CAMERA_2': ['camera_type', 'color', 'effects', 'weight', 'preset_modes', 'autofocus_points'], 'CAMERA_3': ['optical_zoom']}",C_SILENT_OR_BACKCHANNEL,CAMERA_2,NONE,alright,S_INTRODUCES_FEATURE,CAMERA_2,autofocus_points,This one has 179 autofocus points.,13~33
12,12,CAMERA_2,"['CAMERA_3', 'CAMERA_2']","{'CAMERA_1': [], 'CAMERA_2': ['camera_type', 'color', 'effects', 'weight', 'preset_modes', 'autofocus_points', 'long_exposure'], 'CAMERA_3': ['optical_zoom']}",C_QUESTION_ABOUT_FEATURE,CAMERA_2,long_exposure,can it take long exposure shots,S_ANSWERS_QUESTION_ABOUT_FEATURE,CAMERA_2,long_exposure,This one can take long exposures up to up to 30 seconds.,39~55
12,13,CAMERA_2,"['CAMERA_3', 'CAMERA_2']","{'CAMERA_1': [], 'CAMERA_2': ['camera_type', 'color', 'effects', 'weight', 'preset_modes', 'autofocus_points', 'long_exposure', 'resolution'], 'CAMERA_3': ['optical_zoom']}",C_QUESTION_ABOUT_FEATURE,CAMERA_2,resolution,what is the resolution,S_NOT_SURE,CAMERA_2,,I'm not really sure about that,
12,14,CAMERA_2,"['CAMERA_3', 'CAMERA_2']","{'CAMERA_1': [], 'CAMERA_2': ['camera_type', 'color', 'effects', 'weight', 'preset_modes', 'autofocus_points', 'long_exposure', 'resolution', 'sensor_size'], 'CAMERA_3': ['optical_zoom']}",C_SILENT_OR_BACKCHANNEL,CAMERA_2,NONE,I see,S_INTRODUCES_FEATURE,CAMERA_2,sensor_size,This one has a APS-C sensor (crop sensor).,15~41
12,15,CAMERA_2,"['CAMERA_3', 'CAMERA_2']","{'CAMERA_1': [], 'CAMERA_2': ['camera_type', 'color', 'effects', 'weight', 'preset_modes', 'autofocus_points', 'long_exposure', 'resolution', 'sensor_size', 'optical_zoom'], 'CAMERA_3': ['optical_zoom']}",C_QUESTION_ABOUT_FEATURE,CAMERA_2,optical_zoom,does it have optical zoom,S_NOT_SURE,CAMERA_2,,I'm not really sure about that,
12,16,CAMERA_2,"['CAMERA_3', 'CAMERA_2']","{'CAMERA_1': [], 'CAMERA_2': ['camera_type', 'color', 'effects', 'weight', 'preset_modes', 'autofocus_points', 'long_exposure', 'resolution', 'sensor_size', 'optical_zoom', 'price'], 'CAMERA_3': ['optical_zoom']}",C_QUESTION_ABOUT_FEATURE,CAMERA_2,price,how much does it cost,S_ANSWERS_QUESTION_ABOUT_FEATURE,CAMERA_2,price,This one costs $1341.,15~20
12,17,NONE,"['CAMERA_3', 'CAMERA_2']","{'CAMERA_1': [], 'CAMERA_2': ['camera_type', 'color', 'effects', 'weight', 'preset_modes', 'autofocus_points', 'long_exposure', 'resolution', 'sensor_size', 'optical_zoom', 'price'], 'CAMERA_3': ['optical_zoom']}",C_THANK_YOU,CAMERA_2,NONE,thank you for your help,S_THANK_YOU,CAMERA_2,NONE,thank you very much,
12,18,NONE,"['CAMERA_3', 'CAMERA_2']","{'CAMERA_1': [], 'CAMERA_2': ['camera_type', 'color', 'effects', 'weight', 'preset_modes', 'autofocus_points', 'long_exposure', 'resolution', 'sensor_size', 'optical_zoom', 'price'], 'CAMERA_3': ['optical_zoom']}",C_LEAVES,DOOR,NONE,,S_RETURNS_TO_COUNTER,SERVICE_COUNTER,NONE,,
13,1,NONE,[],"{'CAMERA_1': [], 'CAMERA_2': [], 'CAMERA_3': []}",C_ENTERS,DOOR,NONE,,S_NONE,SERVICE_COUNTER,NONE,,
13,2,NONE,[],"{'CAMERA_1': [], 'CAMERA_2': [], 'CAMERA_3': []}",C_GREETS,MIDDLE,NONE,hello,S_GREETS,MIDDLE,NONE,can I help you?,
13,3,CAMERA_3,['CAMERA_3'],"{'CAMERA_1': [], 'CAMERA_2': [], 'CAMERA_3': []}",C_LOOKING_FOR_A_CAMERA,MIDDLE,NONE,I'm looking for a camera,S_INTRODUCES_CAMERA,CAMERA_3,,Let me show you this. Here we have the Canon EOS 5D Mark III.,39~60
13,4,CAMERA_3,['CAMERA_3'],"{'CAMERA_1': [], 'CAMERA_2': [], 'CAMERA_3': ['effects']}",C_QUESTION_ABOUT_FEATURE,CAMERA_3,effects,does it have any effect modes,S_NOT_SURE,CAMERA_3,,I'm not really sure about that,
13,5,CAMERA_3,['CAMERA_3'],"{'CAMERA_1': [], 'CAMERA_2': [], 'CAMERA_3': ['effects', 'price']}",C_QUESTION_ABOUT_FEATURE,CAMERA_3,price,how much does it cost,S_ANSWERS_QUESTION_ABOUT_FEATURE,CAMERA_3,price,This one costs $3706.,15~20
13,6,CAMERA_3,['CAMERA_3'],"{'CAMERA_1': [], 'CAMERA_2': [], 'CAMERA_3': ['effects', 'price', 'long_exposure']}",C_QUESTION_ABOUT_FEATURE,CAMERA_3,long_exposure,can it take long exposure shots,S_ANSWERS_QUESTION_ABOUT_FEATURE,CAMERA_3,long_exposure,"This one can take long exposures up to up to 30 seconds, bulb mode: expose as long as you want.",39~94
13,7,CAMERA_3,['CAMERA_3'],"{'CAMERA_1': [], 'CAMERA_2': [], 'CAMERA_3': ['effects', 'price', 'long_exposure', 'color']}",C_QUESTION_ABOUT_FEATURE,CAMERA_3,color,what colors does this one come in,S_ANSWERS_QUESTION_ABOUT_FEATURE,CAMERA_3,color,This one comes in black.,18~23
13,8,CAMERA_3,['CAMERA_3'],"{'CAMERA_1': [], 'CAMERA_2': [], 'CAMERA_3': ['effects', 'price', 'long_exposure', 'color', 'weight']}",C_QUESTION_ABOUT_FEATURE,CAMERA_3,weight,how much does this one weigh,S_ANSWERS_QUESTION_ABOUT_FEATURE,CAMERA_3,weight,This one weighs 950 grams (only body).,16~37
13,9,CAMERA_3,['CAMERA_3'],"{'CAMERA_1': [], 'CAMERA_2': [], 'CAMERA_3': ['effects', 'price', 'long_exposure', 'color', 'weight', 'camera_type']}",C_QUESTION_ABOUT_FEATURE,CAMERA_3,camera_type,what kind of camera is this,S_ANSWERS_QUESTION_ABOUT_FEATURE,CAMERA_3,camera_type,This is a DSLR camera.,10~14
13,10,CAMERA_3,['CAMERA_3'],"{'CAMERA_1': [], 'CAMERA_2': [], 'CAMERA_3': ['effects', 'price', 'long_exposure', 'color', 'weight', 'camera_type', 'resolution']}",C_QUESTION_ABOUT_FEATURE,CAMERA_3,resolution,what is the resolution,S_NOT_SURE,CAMERA_3,,I'm not really sure about that,
13,11,CAMERA_3,['CAMERA_3'],"{'CAMERA_1': [], 'CAMERA_2': [], 'CAMERA_3': ['effects', 'price', 'long_exposure', 'color', 'weight', 'camera_type', 'resolution', 'optical_zoom']}",C_QUESTION_ABOUT_FEATURE,CAMERA_3,optical_zoom,does it have optical zoom,S_NOT_SURE,CAMERA_3,,I'm not really sure about that,
13,12,CAMERA_3,['CAMERA_3'],"{'CAMERA_1': [], 'CAMERA_2': [], 'CAMERA_3': ['effects', 'price', 'long_exposure', 'color', 'weight', 'camera_type', 'resolution', 'optical_zoom', 'ISO']}",C_SILENT_OR_BACKCHANNEL,CAMERA_3,NONE,I see,S_INTRODUCES_FEATURE,CAMERA_3,ISO,This one has up to 6400 ISO with little noise.,13~45
13,13,CAMERA_3,['CAMERA_3'],"{'CAMERA_1': [], 'CAMERA_2': [], 'CAMERA_3': ['effects', 'price', 'long_exposure', 'color', 'weight', 'camera_type', 'resolution', 'optical_zoom', 'ISO', 'settings']}",C_QUESTION_ABOUT_FEATURE,CAMERA_3,settings,what kind of settings does it have,S_ANSWERS_QUESTION_ABOUT_FEATURE,CAMERA_3,settings,This one has full manual control.,13~32
13,14,CAMERA_3,['CAMERA_3'],"{'CAMERA_1': [], 'CAMERA_2': [], 'CAMERA_3': ['effects', 'price', 'long_exposure', 'color', 'weight', 'camera_type', 'resolution', 'optical_zoom', 'ISO', 'settings', 'autofocus_points']}",C_SILENT_OR_BACKCHANNEL,CAMERA_3,NONE,I see,S_INTRODUCES_FEATURE,CAMERA_3,autofocus_points,This one has 61 autofocus points.,13~32
13,15,CAMERA_3,['CAMERA_3'],"{'CAMERA_1': [], 'CAMERA_2': [], 'CAMERA_3': ['effects', 'price', 'long_exposure', 'color', 'weight', 'camera_type', 'resolution', 'optical_zoom', 'ISO', 'settings', 'autofocus_points', 'sensor_size']}",C_SILENT_OR_BACKCHANNEL,CAMERA_3,NONE,alright,S_INTRODUCES_FEATURE,CAMERA_3,sensor_size,This one has a full frame.,15~25
13,16,CAMERA_3,['CAMERA_3'],"{'CAMERA_1': [], 'CAMERA_2': [], 'CAMERA_3': ['effects', 'price', 'long_exposure', 'color', 'weight', 'camera_type', 'resolution', 'optical_zoom', 'ISO', 'settings', 'autofocus_points', 'sensor_size', 'autofocus_points']}",C_SILENT_OR_BACKCHANNEL,CAMERA_3,NONE,I see,S_INTRODUCES_FEATURE,CAMERA_3,autofocus_points,This one has 61 autofocus points.,13~32
13,17,CAMERA_3,['CAMERA_3'],"{'CAMERA_1': [], 'CAMERA_2': [], 'CAMERA_3': ['effects', 'price', 'long_exposure', 'color', 'weight', 'camera_type', 'resolution', 'optical_zoom', 'ISO', 'settings', 'autofocus_points', 'sensor_size', 'autofocus_points', 'weight']}",C_SILENT_OR_BACKCHANNEL,CAMERA_3,NONE,I see,S_INTRODUCES_FEATURE,CAMERA_3,weight,This one weighs 950 grams (only body).,16~37
13,18,CAMERA_3,['CAMERA_3'],"{'CAMERA_1': [], 'CAMERA_2': [], 'CAMERA_3': ['effects', 'price', 'long_exposure', 'color', 'weight', 'camera_type', 'resolution', 'optical_zoom', 'ISO', 'settings', 'autofocus_points', 'sensor_size', 'autofocus_points', 'weight', 'preset_modes']}",C_QUESTION_ABOUT_FEATURE,CAMERA_3,preset_modes,does it have preset modes,S_NOT_SURE,CAMERA_3,,I'm not really sure about that,
13,19,CAMERA_3,['CAMERA_3'],"{'CAMERA_1': [], 'CAMERA_2': [], 'CAMERA_3': ['effects', 'price', 'long_exposure', 'color', 'weight', 'camera_type', 'resolution', 'optical_zoom', 'ISO', 'settings', 'autofocus_points', 'sensor_size', 'autofocus_points', 'weight', 'preset_modes', 'resolution']}",C_QUESTION_ABOUT_FEATURE,CAMERA_3,resolution,what is the resolution,S_NOT_SURE,CAMERA_3,,I'm not really sure about that,
13,20,CAMERA_3,['CAMERA_3'],"{'CAMERA_1': [], 'CAMERA_2': [], 'CAMERA_3': ['effects', 'price', 'long_exposure', 'color', 'weight', 'camera_type', 'resolution', 'optical_zoom', 'ISO', 'settings', 'autofocus_points', 'sensor_size', 'autofocus_points', 'weight', 'preset_modes', 'resolution', 'color']}",C_QUESTION_ABOUT_FEATURE,CAMERA_3,color,what colors does this one come in,S_ANSWERS_QUESTION_ABOUT_FEATURE,CAMERA_3,color,This one comes in black.,18~23
13,21,CAMERA_3,['CAMERA_3'],"{'CAMERA_1': [], 'CAMERA_2': [], 'CAMERA_3': ['effects', 'price', 'long_exposure', 'color', 'weight', 'camera_type', 'resolution', 'optical_zoom', 'ISO', 'settings', 'autofocus_points', 'sensor_size', 'autofocus_points', 'weight', 'preset_modes', 'resolution', 'color', 'resolution']}",C_QUESTION_ABOUT_FEATURE,CAMERA_3,resolution,what is the resolution,S_NOT_SURE,CAMERA_3,,I'm not really sure about that,
13,22,CAMERA_3,['CAMERA_3'],"{'CAMERA_1': [], 'CAMERA_2': [], 'CAMERA_3': ['effects', 'price', 'long_exposure', 'color', 'weight', 'camera_type', 'resolution', 'optical_zoom', 'ISO', 'settings', 'autofocus_points', 'sensor_size', 'autofocus_points', 'weight', 'preset_modes', 'resolution', 'color', 'resolution', 'ISO']}",C_SILENT_OR_BACKCHANNEL,CAMERA_3,NONE,I see,S_INTRODUCES_FEATURE,CAMERA_3,ISO,This one has up to 6400 ISO with little noise.,13~45
13,23,CAMERA_3,['CAMERA_3'],"{'CAMERA_1': [], 'CAMERA_2': [], 'CAMERA_3': ['effects', 'price', 'long_exposure', 'color', 'weight', 'camera_type', 'resolution', 'optical_zoom', 'ISO', 'settings', 'autofocus_points', 'sensor_size', 'autofocus_points', 'weight', 'preset_modes', 'resolution', 'color', 'resolution', 'ISO', 'camera_type']}",C_QUESTION_ABOUT_FEATURE,CAMERA_3,camera_type,what kind of camera is this,S_ANSWERS_QUESTION_ABOUT_FEATURE,CAMERA_3,camera_type,This is a DSLR camera.,10~14
13,24,CAMERA_3,['CAMERA_3'],"{'CAMERA_1': [], 'CAMERA_2': [], 'CAMERA_3': ['effects', 'price', 'long_exposure', 'color', 'weight', 'camera_type', 'resolution', 'optical_zoom', 'ISO', 'settings', 'autofocus_points', 'sensor_size', 'autofocus_points', 'weight', 'preset_modes', 'resolution', 'color', 'resolution', 'ISO', 'camera_type', 'effects']}",C_QUESTION_ABOUT_FEATURE,CAMERA_3,effects,does it have any effect modes,S_NOT_SURE,CAMERA_3,,I'm not really sure about that,
13,25,CAMERA_1,"['CAMERA_3', 'CAMERA_1']","{'CAMERA_1': [], 'CAMERA_2': [], 'CAMERA_3': ['effects', 'price', 'long_exposure', 'color', 'weight', 'camera_type', 'resolution', 'optical_zoom', 'ISO', 'settings', 'autofocus_points', 'sensor_size', 'autofocus_points', 'weight', 'preset_modes', 'resolution', 'color', 'resolution', 'ISO', 'camera_type', 'effects']}",C_ANYTHING_ELSE_AVAILABLE,CAMERA_3,NONE,ok do you have any other cameras,S_INTRODUCES_CAMERA,CAMERA_1,,Let me show you this. Here we have the Nikon Coolpix S2800.,39~58
13,26,CAMERA_1,"['CAMERA_3', 'CAMERA_1']","{'CAMERA_1': ['settings'], 'CAMERA_2': [], 'CAMERA_3': ['effects', 'price', 'long_exposure', 'color', 'weight', 'camera_type', 'resolution', 'optical_zoom', 'ISO', 'settings', 'autofocus_points', 'sensor_size', 'autofocus_points', 'weight', 'preset_modes', 'resolution', 'color', 'resolution', 'ISO', 'camera_type', 'effects']}",C_SILENT_OR_BACKCHANNEL,CAMERA_1,NONE,I see,S_INTRODUCES_FEATURE,CAMERA_1,settings,This one has limited manual settings.,13~36
13,27,CAMERA_1,"['CAMERA_3', 'CAMERA_1']","{'CAMERA_1': ['settings', 'resolution'], 'CAMERA_2': [], 'CAMERA_3': ['effects', 'price', 'long_exposure', 'color', 'weight', 'camera_type', 'resolution', 'optical_zoom', 'ISO', 'settings', 'autofocus_points', 'sensor_size', 'autofocus_points', 'weight', 'preset_modes', 'resolution', 'color', 'resolution', 'ISO', 'camera_type', 'effects']}",C_SILENT_OR_BACKCHANNEL,CAMERA_1,NONE,I see,S_INTRODUCES_FEATURE,CAMERA_1,resolution,This one has 20.1 megapixels resolution.,13~28
13,28,CAMERA_1,"['CAMERA_3', 'CAMERA_1']","{'CAMERA_1': ['settings', 'resolution', 'camera_type'], 'CAMERA_2': [], 'CAMERA_3': ['effects', 'price', 'long_exposure', 'color', 'weight', 'camera_type', 'resolution', 'optical_zoom', 'ISO', 'settings', 'autofocus_points', 'sensor_size', 'autofocus_points', 'weight', 'preset_modes', 'resolution', 'color', 'resolution', 'ISO', 'camera_type', 'effects']}",C_SILENT_OR_BACKCHANNEL,CAMERA_1,NONE,I see,S_INTRODUCES_FEATURE,CAMERA_1,camera_type,This is a point and shoot camera.,10~25
13,29,CAMERA_1,"['CAMERA_3', 'CAMERA_1']","{'CAMERA_1': ['settings', 'resolution', 'camera_type', 'color'], 'CAMERA_2': [], 'CAMERA_3': ['effects', 'price', 'long_exposure', 'color', 'weight', 'camera_type', 'resolution', 'optical_zoom', 'ISO', 'settings', 'autofocus_points', 'sensor_size', 'autofocus_points', 'weight', 'preset_modes', 'resolution', 'color', 'resolution', 'ISO', 'camera_type', 'effects']}",C_QUESTION_ABOUT_FEATURE,CAMERA_1,color,what colors does this one come in,S_ANSWERS_QUESTION_ABOUT_FEATURE,CAMERA_1,color,"This one comes in purple, pink, black, silver, red.",18~50
13,30,CAMERA_2,"['CAMERA_3', 'CAMERA_1', 'CAMERA_2']","{'CAMERA_1': ['settings', 'resolution', 'camera_type', 'color'], 'CAMERA_2': [], 'CAMERA_3': ['effects', 'price', 'long_exposure', 'color', 'weight', 'camera_type', 'resolution', 'optical_zoom', 'ISO', 'settings', 'autofocus_points', 'sensor_size', 'autofocus_points', 'weight', 'preset_modes', 'resolution', 'color', 'resolution', 'ISO', 'camera_type', 'effects']}",C_ANYTHING_ELSE_AVAILABLE,CAMERA_1,NONE,ok do you have any other cameras,S_INTRODUCES_CAMERA,CAMERA_2,,Let me show you this. Here we have the Sony Alpha a6000.,39~55
13,31,CAMERA_2,"['CAMERA_3', 'CAMERA_1', 'CAMERA_2']","{'CAMERA_1': ['settings', 'resolution', 'camera_type', 'color'], 'CAMERA_2': ['sensor_size'], 'CAMERA_3': ['effects', 'price', 'long_exposure', 'color', 'weight', 'camera_type', 'resolution', 'optical_zoom', 'ISO', 'settings', 'autofocus_points', 'sensor_size', 'autofocus_points', 'weight', 'preset_modes', 'resolution', 'color', 'resolution', 'ISO', 'camera_type', 'effects']}",C_QUESTION_ABOUT_FEATURE,CAMERA_2,sensor_size,what is the sensor size,S_ANSWERS_QUESTION_ABOUT_FEATURE,CAMERA_2,sensor_size,This one has a APS-C sensor (crop sensor).,15~41
13,32,CAMERA_2,"['CAMERA_3', 'CAMERA_1', 'CAMERA_2']","{'CAMERA_1': ['settings', 'resolution', 'camera_type', 'color'], 'CAMERA_2': ['sensor_size', 'price'], 'CAMERA_3': ['effects', 'price', 'long_exposure', 'color', 'weight', 'camera_type', 'resolution', 'optical_zoom', 'ISO', 'settings', 'autofocus_points', 'sensor_size', 'autofocus_points', 'weight', 'preset_modes', 'resolution', 'color', 'resolution', 'ISO', 'camera_type', 'effects']}",C_SILENT_OR_BACKCHANNEL,CAMERA_2,NONE,okay,S_INTRODUCES_FEATURE,CAMERA_2,price,This one costs $1341.,15~20
13,33,CAMERA_2,"['CAMERA_3', 'CAMERA_1', 'CAMERA_2']","{'CAMERA_1': ['settings', 'resolution', 'camera_type', 'color'], 'CAMERA_2': ['sensor_size', 'price', 'weight'], 'CAMERA_3': ['effects', 'price', 'long_exposure', 'color', 'weight', 'camera_type', 'resolution', 'optical_zoom', 'ISO', 'settings', 'autofocus_points', 'sensor_size', 'autofocus_points', 'weight', 'preset_modes', 'resolution', 'color', 'resolution', 'ISO', 'camera_type', 'effects']}",C_SILENT_OR_BACKCHANNEL,CAMERA_2,NONE,okay,S_INTRODUCES_FEATURE,CAMERA_2,weight,This one weighs 470 grams.,16~25
13,34,CAMERA_2,"['CAMERA_3', 'CAMERA_1', 'CAMERA_2']","{'CAMERA_1': ['settings', 'resolution', 'camera_type', 'color'], 'CAMERA_2': ['sensor_size', 'price', 'weight', 'camera_type'], 'CAMERA_3': ['effects', 'price', 'long_exposure', 'color', 'weight', 'camera_type', 'resolution', 'optical_zoom', 'ISO', 'settings', 'autofocus_points', 'sensor_size', 'autofocus_points', 'weight', 'preset_modes', 'resolution', 'color', 'resolution', 'ISO', 'camera_type', 'effects']}",C_QUESTION_ABOUT_FEATURE,CAMERA_2,camera_type,what kind of camera is this,S_ANSWERS_QUESTION_ABOUT_FEATURE,CAMERA_2,camera_type,This is a mirrorless camera.,10~20
13,35,NONE,"['CAMERA_3', 'CAMERA_1', 'CAMERA_2']","{'CAMERA_1': ['settings', 'resolution', 'camera_type', 'color'], 'CAMERA_2': ['sensor_size', 'price', 'weight', 'camera_type'], 'CAMERA_3': ['effects', 'price', 'long_exposure', 'color', 'weight', 'camera_type', 'resolution', 'optical_zoom', 'ISO', 'settings', 'autofocus_points', 'sensor_size', 'autofocus_points', 'weight', 'preset_modes', 'resolution', 'color', 'resolution', 'ISO', 'camera_type', 'effects']}",C_THANK_YOU,CAMERA_2,NONE,thank you for your help,S_THANK_YOU,CAMERA_2,NONE,thank you very much,
13,36,NONE,"['CAMERA_3', 'CAMERA_1', 'CAMERA_2']","{'CAMERA_1': ['settings', 'resolution', 'camera_type', 'color'], 'CAMERA_2': ['sensor_size', 'price', 'weight', 'camera_type'], 'CAMERA_3': ['effects', 'price', 'long_exposure', 'color', 'weight', 'camera_type', 'resolution', 'optical_zoom', 'ISO', 'settings', 'autofocus_points', 'sensor_size', 'autofocus_points', 'weight', 'preset_modes', 'resolution', 'color', 'resolution', 'ISO', 'camera_type', 'effects']}",C_LEAVES,DOOR,NONE,,S_RETURNS_TO_COUNTER,SERVICE_COUNTER,NONE,,
14,1,NONE,[],"{'CAMERA_1': [], 'CAMERA_2': [], 'CAMERA_3': []}",C_ENTERS,DOOR,NONE,,S_NONE,SERVICE_COUNTER,NONE,,
14,2,NONE,[],"{'CAMERA_1': [], 'CAMERA_2': [], 'CAMERA_3': []}",C_WALKS_TO_CAMERA,CAMERA_3,NONE,,S_GREETS,CAMERA_3,NONE,can I help you?,
14,3,CAMERA_1,['CAMERA_1'],"{'CAMERA_1': [], 'CAMERA_2': [], 'CAMERA_3': []}",C_LOOKING_FOR_A_CAMERA,CAMERA_3,NONE,I'm looking for a camera,S_INTRODUCES_CAMERA,CAMERA_1,,Let me show you this. Here we have the Nikon Coolpix S2800.,39~58
14,4,CAMERA_1,['CAMERA_1'],"{'CAMERA_1': ['optical_zoom'], 'CAMERA_2': [], 'CAMERA_3': []}",C_QUESTION_ABOUT_FEATURE,CAMERA_1,optical_zoom,does it have optical zoom,S_ANSWERS_QUESTION_ABOUT_FEATURE,CAMERA_1,optical_zoom,This one has 5x optical zoom.,13~28
14,5,CAMERA_1,['CAMERA_1'],"{'CAMERA_1': ['optical_zoom', 'ISO'], 'CAMERA_2': [], 'CAMERA_3': []}",C_QUESTION_ABOUT_FEATURE,CAMERA_1,ISO,what is the ISO,S_NOT_SURE,CAMERA_1,,I'm not really sure about that,
14,6,CAMERA_1,['CAMERA_1'],"{'CAMERA_1': ['optical_zoom', 'ISO', 'sensor_size'], 'CAMERA_2': [], 'CAMERA_3': []}",C_QUESTION_ABOUT_FEATURE,CAMERA_1,sensor_size,what is the sensor size,S_NOT_SURE,CAMERA_1,,I'm not really sure about that,
14,7,CAMERA_1,['CAMERA_1'],"{'CAMERA_1': ['optical_zoom', 'ISO', 'sensor_size', 'weight'], 'CAMERA_2': [], 'CAMERA_3': []}",C_SILENT_OR_BACKCHANNEL,CAMERA_1,NONE,alright,S_INTRODUCES_FEATURE,CAMERA_1,weight,This one weighs 120 grams.,16~25
14,8,CAMERA_1,['CAMERA_1'],"{'CAMERA_1': ['optical_zoom', 'ISO', 'sensor_size', 'weight', 'preset_modes'], 'CAMERA_2': [], 'CAMERA_3': []}",C_QUESTION_ABOUT_FEATURE,CAMERA_1,preset_modes,does it have preset modes,S_ANSWERS_QUESTION_ABOUT_FEATURE,CAMERA_1,preset_modes,"This one has 18 preset modes (e.g. beach, snow, night portrait).",13~63
14,9,CAMERA_1,['CAMERA_1'],"{'CAMERA_1': ['optical_zoom', 'ISO', 'sensor_size', 'weight', 'preset_modes', 'price'], 'CAMERA_2': [], 'CAMERA_3': []}",C_SILENT_OR_BACKCHANNEL,CAMERA_1,NONE,I see,S_INTRODUCES_FEATURE,CAMERA_1,price,This one costs $2173.,15~20
14,10,CAMERA_1,['CAMERA_1'],"{'CAMERA_1': ['optical_zoom', 'ISO', 'sensor_size', 'weight', 'preset_modes', 'price', 'settings'], 'CAMERA_2': [], 'CAMERA_3': []}",C_SILENT_OR_BACKCHANNEL,CAMERA_1,NONE,okay,S_INTRODUCES_FEATURE,CAMERA_1,settings,This one has limited manual settings.,13~36
14,11,CAMERA_1,['CAMERA_1'],"{'CAMERA_1': ['optical_zoom', 'ISO', 'sensor_size', 'weight', 'preset_modes', 'price', 'settings', 'camera_type'], 'CAMERA_2': [], 'CAMERA_3': []}",C_SILENT_OR_BACKCHANNEL,CAMERA_1,NONE,alright,S_INTRODUCES_FEATURE,CAMERA_1,camera_type,This is a point and shoot camera.,10~25
14,12,CAMERA_1,['CAMERA_1'],"{'CAMERA_1': ['optical_zoom', 'ISO', 'sensor_size', 'weight', 'preset_modes', 'price', 'settings', 'camera_type', 'color'], 'CAMERA_2': [], 'CAMERA_3': []}",C_QUESTION_ABOUT_FEATURE,CAMERA_1,color,what colors does this one come in,S_ANSWERS_QUESTION_ABOUT_FEATURE,CAMERA_1,color,"This one comes in purple, pink, black, silver, red.",18~50
14,13,NONE,['CAMERA_1'],"{'CAMERA_1': ['optical_zoom', 'ISO', 'sensor_size', 'weight', 'preset_modes', 'price', 'settings', 'camera_type', 'color'], 'CAMERA_2': [], 'CAMERA_3': []}",C_THANK_YOU,CAMERA_1,NONE,thank you for your help,S_THANK_YOU,CAMERA_1,NONE,thank you very much,
14,14,NONE,['CAMERA_1'],"{'CAMERA_1': ['optical_zoom', 'ISO', 'sensor_size', 'weight', 'preset_modes', 'price', 'settings', 'camera_type', 'color'], 'CAMERA_2': [], 'CAMERA_3': []}",C_LEAVES,DOOR,NONE,,S_RETURNS_TO_COUNTER,SERVICE_COUNTER,NONE,,
15,1,NONE,[],"{'CAMERA_1': [], 'CAMERA_2': [], 'CAMERA_3': []}",C_ENTERS,DOOR,NONE,,S_NONE,SERVICE_COUNTER,NONE,,
15,2,NONE,[],"{'CAMERA_1': [], 'CAMERA_2': [], 'CAMERA_3': []}",C_WALKS_TO_CAMERA,CAMERA_1,NONE,,S_GREETS,CAMERA_1,NONE,can I help you?,
15,3,CAMERA_2,['CAMERA_2'],"{'CAMERA_1': [], 'CAMERA_2': [], 'CAMERA_3': []}",C_LOOKING_FOR_A_CAMERA,CAMERA_1,NONE,I'm looking for a camera,S_INTRODUCES_CAMERA,CAMERA_2,,Let me show you this. Here we have the Sony Alpha a6000.,39~55
15,4,CAMERA_2,['CAMERA_2'],"{'CAMERA_1': [], 'CAMERA_2': ['effects'], 'CAMERA_3': []}",C_SILENT_OR_BACKCHANNEL,CAMERA_2,NONE,okay,S_INTRODUCES_FEATURE,CAMERA_2,effects,"This one has 13 artistic effect modes (e.g. toy camera, soft focus).",13~67
15,5,CAMERA_2,['CAMERA_2'],"{'CAMERA_1': [], 'CAMERA_2': ['effects', 'preset_modes'], 'CAMERA_3': []}",C_QUESTION_ABOUT_FEATURE,CAMERA_2,preset_modes,does it have preset modes,S_ANSWERS_QUESTION_ABOUT_FEATURE,CAMERA_2,preset_modes,"This one has 9 preset modes (e.g. beach, snow, night, portrait).",13~63
15,6,CAMERA_2,['CAMERA_2'],"{'CAMERA_1': [], 'CAMERA_2': ['effects', 'preset_modes', 'color'], 'CAMERA_3': []}",C_SILENT_OR_BACKCHANNEL,CAMERA_2,NONE,I see,S_INTRODUCES_FEATURE,CAMERA_2,color,"This one comes in white, silver, black.",18~38
15,7,NONE,['CAMERA_2'],"{'CAMERA_1': [], 'CAMERA_2': ['effects', 'preset_modes', 'color'], 'CAMERA_3': []}",C_THANK_YOU,CAMERA_2,NONE,thank you for your help,S_THANK_YOU,CAMERA_2,NONE,thank you very much,
15,8,NONE,['CAMERA_2'],"{'CAMERA_1': [], 'CAMERA_2': ['effects', 'preset_modes', 'color'], 'CAMERA_3': []}",C_LEAVES,DOOR,NONE,,S_RETURNS_TO_COUNTER,SERVICE_COUNTER,NONE,,
16,1,NONE,[],"{'CAMERA_1': [], 'CAMERA_2': [], 'CAMERA_3': []}",C_ENTERS,DOOR,NONE,,S_NONE,SERVICE_COUNTER,NONE,,
16,2,NONE,[],"{'CAMERA_1': [], 'CAMERA_2': [], 'CAMERA_3': []}",C_WALKS_TO_CAMERA,CAMERA_1,NONE,,S_GREETS,CAMERA_1,NONE,can I help you?,
16,3,CAMERA_3,['CAMERA_3'],"{'CAMERA_1': [], 'CAMERA_2': [], 'CAMERA_3': []}",C_LOOKING_FOR_A_CAMERA,CAMERA_1,NONE,I'm looking for a camera,S_INTRODUCES_CAMERA,CAMERA_3,,Let me show you this. Here we have the Canon EOS 5D Mark III.,39~60
16,4,CAMERA_3,['CAMERA_3'],"{'CAMERA_1': [], 'CAMERA_2': [], 'CAMERA_3': ['autofocus_points']}",C_QUESTION_ABOUT_FEATURE,CAMERA_3,autofocus_points,how many autofocus points does it have,S_ANSWERS_QUESTION_ABOUT_FEATURE,CAMERA_3,autofocus_points,This one has 61 autofocus points.,13~32
16,5,CAMERA_3,['CAMERA_3'],"{'CAMERA_1': [], 'CAMERA_2': [], 'CAMERA_3': ['autofocus_points', 'resolution']}",C_QUESTION_ABOUT_FEATURE,CAMERA_3,resolution,what is the resolution,S_NOT_SURE,CAMERA_3,,I'm not really sure about that,
16,6,CAMERA_3,['CAMERA_3'],"{'CAMERA_1': [], 'CAMERA_2': [], 'CAMERA_3': ['autofocus_points', 'resolution', 'ISO']}",C_SILENT_OR_BACKCHANNEL,CAMERA_3,NONE,alright,S_INTRODUCES_FEATURE,CAMERA_3,ISO,This one has up to 6400 ISO with little noise.,13~45
16,7,CAMERA_3,['CAMERA_3'],"{'CAMERA_1': [], 'CAMERA_2': [], 'CAMERA_3': ['autofocus_points', 'resolution', 'ISO', 'long_exposure']}",C_QUESTION_ABOUT_FEATURE,CAMERA_3,long_exposure,can it take long exposure shots,S_ANSWERS_QUESTION_ABOUT_FEATURE,CAMERA_3,long_exposure,"This one can take long exposures up to up to 30 seconds, bulb mode: expose as long as you want.",39~94
16,8,CAMERA_1,"['CAMERA_3', 'CAMERA_1']","{'CAMERA_1': [], 'CAMERA_2': [], 'CAMERA_3': ['autofocus_points', 'resolution', 'ISO', 'long_exposure']}",C_ANYTHING_ELSE_AVAILABLE,CAMERA_3,NONE,ok do you have any other cameras,S_INTRODUCES_CAMERA,CAMERA_1,,Let me show you this. Here we have the Nikon Coolpix S2800.,39~58
16,9,CAMERA_1,"['CAMERA_3', 'CAMERA_1']","{'CAMERA_1': ['optical_zoom'], 'CAMERA_2': [], 'CAMERA_3': ['autofocus_points', 'resolution', 'ISO', 'long_exposure']}",C_SILENT_OR_BACKCHANNEL,CAMERA_1,NONE,I see,S_INTRODUCES_FEATURE,CAMERA_1,optical_zoom,This one has 5x optical zoom.,13~28
16,10,CAMERA_1,"['CAMERA_3', 'CAMERA_1']","{'CAMERA_1': ['optical_zoom', 'autofocus_points'], 'CAMERA_2': [], 'CAMERA_3': ['autofocus_points', 'resolution', 'ISO', 'long_exposure']}",C_QUESTION_ABOUT_FEATURE,CAMERA_1,autofocus_points,how many autofocus points does it have,S_NOT_SURE,CAMERA_1,,I'm not really sure about that,
16,11,CAMERA_1,"['CAMERA_3', 'CAMERA_1']","{'CAMERA_1': ['optical_zoom', 'autofocus_points', 'weight'], 'CAMERA_2': [], 'CAMERA_3': ['autofocus_points', 'resolution', 'ISO', 'long_exposure']}",C_SILENT_OR_BACKCHANNEL,CAMERA_1,NONE,okay,S_INTRODUCES_FEATURE,CAMERA_1,weight,This one weighs 120 grams.,16~25
16,12,CAMERA_1,"['CAMERA_3', 'CAMERA_1']","{'CAMERA_1': ['optical_zoom', 'autofocus_points', 'weight', 'settings'], 'CAMERA_2': [], 'CAMERA_3': ['autofocus_points', 'resolution', 'ISO', 'long_exposure']}",C_SILENT_OR_BACKCHANNEL,CAMERA_1,NONE,okay,S_INTRODUCES_FEATURE,CAMERA_1,settings,This one has limited manual settings.,13~36
16,13,NONE,"['CAMERA_3', 'CAMERA_1']","{'CAMERA_1': ['optical_zoom', 'autofocus_points', 'weight', 'settings'], 'CAMERA_2': [], 'CAMERA_3': ['autofocus_points', 'resolution', 'ISO', 'long_exposure']}",C_THANK_YOU,CAMERA_1,NONE,thank you for your help,S_THANK_YOU,CAMERA_1,NONE,thank you very much,
16,14,NONE,"['CAMERA_3', 'CAMERA_1']","{'CAMERA_1': ['optical_zoom', 'autofocus_points', 'weight', 'settings'], 'CAMERA_2': [], 'CAMERA_3': ['autofocus_points', 'resolution', 'ISO', 'long_exposure']}",C_LEAVES,DOOR,NONE,,S_RETURNS_TO_COUNTER,SERVICE_COUNTER,NONE,,
17,1,NONE,[],"{'CAMERA_1': [], 'CAMERA_2': [], 'CAMERA_3': []}",C_ENTERS,DOOR,NONE,,S_NONE,SERVICE_COUNTER,NONE,,
17,2,NONE,[],"{'CAMERA_1': [], 'CAMERA_2': [], 'CAMERA_3': []}",C_GREETS,MIDDLE,NONE,hello,S_GREETS,MIDDLE,NONE,can I help you?,
17,3,CAMERA_3,['CAMERA_3'],"{'CAMERA_1': [], 'CAMERA_2': [], 'CAMERA_3': []}",C_LOOKING_FOR_A_CAMERA,MIDDLE,NONE,I'm looking for a camera,S_INTRODUCES_CAMERA,CAMERA_3,,Let me show you this. Here we have the Canon EOS 5D Mark III.,39~60
17,4,CAMERA_3,['CAMERA_3'],"{'CAMERA_1': [], 'CAMERA_2': [], 'CAMERA_3': ['settings']}",C_SILENT_OR_BACKCHANNEL,CAMERA_3,NONE,I see,S_INTRODUCES_FEATURE,CAMERA_3,settings,This one has full manual control.,13~32
17,5,CAMERA_3,['CAMERA_3'],"{'CAMERA_1': [], 'CAMERA_2': [], 'CAMERA_3': ['settings', 'color']}",C_QUESTION_ABOUT_FEATURE,CAMERA_3,color,what colors does this one come in,S_ANSWERS_QUESTION_ABOUT_FEATURE,CAMERA_3,color,This one comes in black.,18~23
17,6,CAMERA_3,['CAMERA_3'],"{'CAMERA_1': [], 'CAMERA_2': [], 'CAMERA_3': ['settings', 'color', 'price']}",C_SILENT_OR_BACKCHANNEL,CAMERA_3,NONE,alright,S_INTRODUCES_FEATURE,CAMERA_3,price,This one costs $3706.,15~20
17,7,NONE,['CAMERA_3'],"{'CAMERA_1': [], 'CAMERA_2': [], 'CAMERA_3': ['settings', 'color', 'price']}",C_THANK_YOU,CAMERA_3,NONE,thank you for your help,S_THANK_YOU,CAMERA_3,NONE,thank you very much,
17,8,NONE,['CAMERA_3'],"{'CAMERA_1': [], 'CAMERA_2': [], 'CAMERA_3': ['settings', 'color', 'price']}",C_LEAVES,DOOR,NONE,,S_RETURNS_TO_COUNTER,SERVICE_COUNTER,NONE,,
18,1,NONE,[],"{'CAMERA_1': [], 'CAMERA_2': [], 'CAMERA_3': []}",C_ENTERS,DOOR,NONE,,S_NONE,SERVICE_COUNTER,NONE,,
18,2,NONE,[],"{'CAMERA_1': [], 'CAMERA_2': [], 'CAMERA_3': []}",C_GREETS,MIDDLE,NONE,hello,S_GREETS,MIDDLE,NONE,can I help you?,
18,3,CAMERA_3,['CAMERA_3'],"{'CAMERA_1': [], 'CAMERA_2': [], 'CAMERA_3': []}",C_LOOKING_FOR_A_CAMERA,MIDDLE,NONE,I'm looking for a camera,S_INTRODUCES_CAMERA,CAMERA_3,,Let me show you this. Here we have the Canon EOS 5D Mark III.,39~60
18,4,CAMERA_3,['CAMERA_3'],"{'CAMERA_1': [], 'CAMERA_2': [], 'CAMERA_3': ['color']}",C_SILENT_OR_BACKCHANNEL,CAMERA_3,NONE,okay,S_INTRODUCES_FEATURE,CAMERA_3,color,This one comes in black.,18~23
18,5,NONE,['CAMERA_3'],"{'CAMERA_1': [], 'CAMERA_2': [], 'CAMERA_3': ['color']}",C_THANK_YOU,CAMERA_3,NONE,thank you for your help,S_THANK_YOU,CAMERA_3,NONE,thank you very much,
18,6,NONE,['CAMERA_3'],"{'CAMERA_1': [], 'CAMERA_2': [], 'CAMERA_3': ['color']}",C_LEAVES,DOOR,NONE,,S_RETURNS_TO_COUNTER,SERVICE_COUNTER,NONE,,
19,1,NONE,[],"{'CAMERA_1': [], 'CAMERA_2': [], 'CAMERA_3': []}",C_ENTERS,DOOR,NONE,,S_NONE,SERVICE_COUNTER,NONE,,
19,2,NONE,[],"{'CAMERA_1': [], 'CAMERA_2': [], 'CAMERA_3': []}",C_WALKS_TO_CAMERA,CAMERA_2,NONE,,S_GREETS,CAMERA_2,NONE,can I help you?,
19,3,CAMERA_1,['CAMERA_1'],"{'CAMERA_1': [], 'CAMERA_2': [], 'CAMERA_3': []}",C_LOOKING_FOR_A_CAMERA,CAMERA_2,NONE,I'm looking for a camera,S_INTRODUCES_CAMERA,CAMERA_1,,Let me show you this. Here we have the Nikon Coolpix S2800.,39~58
19,4,CAMERA_1,['CAMERA_1'],"{'CAMERA_1': ['effects'], 'CAMERA_2': [], 'CAMERA_3': []}",C_QUESTION_ABOUT_FEATURE,CAMERA_1,effects,does it have any effect modes,S_ANSWERS_QUESTION_ABOUT_FEATURE,CAMERA_1,effects,"This one has 12 glamor retouch effects (e.g. skin softening, small face, big eyes).",13~82
19,5,CAMERA_1,['CAMERA_1'],"{'CAMERA_1': ['effects', 'preset_modes'], 'CAMERA_2': [], 'CAMERA_3': []}",C_QUESTION_ABOUT_FEATURE,CAMERA_1,preset_modes,does it have preset modes,S_ANSWERS_QUESTION_ABOUT_FEATURE,CAMERA_1,preset_modes,"This one has 18 preset modes (e.g. beach, snow, night portrait).",13~63
19,6,CAMERA_1,['CAMERA_1'],"{'CAMERA_1': ['effects', 'preset_modes', 'resolution'], 'CAMERA_2': [], 'CAMERA_3': []}",C_QUESTION_ABOUT_FEATURE,CAMERA_1,resolution,what is the resolution,S_ANSWERS_QUESTION_ABOUT_FEATURE,CAMERA_1,resolution,This one has 20.1 megapixels resolution.,13~28
19,7,CAMERA_1,['CAMERA_1'],"{'CAMERA_1': ['effects', 'preset_modes', 'resolution', 'settings'], 'CAMERA_2': [], 'CAMERA_3': []}",C_SILENT_OR_BACKCHANNEL,CAMERA_1,NONE,I see,S_INTRODUCES_FEATURE,CAMERA_1,settings,This one has limited manual settings.,13~36
19,8,CAMERA_1,['CAMERA_1'],"{'CAMERA_1': ['effects', 'preset_modes', 'resolution', 'settings', 'camera_type'], 'CAMERA_2': [], 'CAMERA_3': []}",C_SILENT_OR_BACKCHANNEL,CAMERA_1,NONE,alright,S_INTRODUCES_FEATURE,CAMERA_1,camera_type,This is a point and shoot camera.,10~25
19,9,CAMERA_1,['CAMERA_1'],"{'CAMERA_1': ['effects', 'preset_modes', 'resolution', 'settings', 'camera_type', 'optical_zoom'], 'CAMERA_2': [], 'CAMERA_3': []}",C_SILENT_OR_BACKCHANNEL,CAMERA_1,NONE,alright,S_INTRODUCES_FEATURE,CAMERA_1,optical_zoom,This one has 5x optical zoom.,13~28
19,10,CAMERA_1,['CAMERA_1'],"{'CAMERA_1': ['effects', 'preset_modes', 'resolution', 'settings', 'camera_type', 'optical_zoom', 'color'], 'CAMERA_2': [], 'CAMERA_3': []}",C_SILENT_OR_BACKCHANNEL,CAMERA_1,NONE,okay,S_INTRODUCES_FEATURE,CAMERA_1,color,"This one comes in purple, pink, black, silver, red.",18~50
19,11,CAMERA_1,['CAMERA_1'],"{'CAMERA_1': ['effects', 'preset_modes', 'resolution', 'settings', 'camera_type', 'optical_zoom', 'color', 'price'], 'CAMERA_2': [], 'CAMERA_3': []}",C_SILENT_OR_BACKCHANNEL,CAMERA_1,NONE,okay,S_INTRODUCES_FEATURE,CAMERA_1,price,This one costs $2173.,15~20
19,12,NONE,['CAMERA_1'],"{'CAMERA_1': ['effects', 'preset_modes', 'resolution', 'settings', 'camera_type', 'optical_zoom', 'color', 'price'], 'CAMERA_2': [], 'CAMERA_3': []}",C_THANK_YOU,CAMERA_1,NONE,thank you for your help,S_THANK_YOU,CAMERA_1,NONE,thank you very much,
19,13,NONE,['CAMERA_1'],"{'CAMERA_1': ['effects', 'preset_modes', 'resolution', 'settings', 'camera_type', 'optical_zoom', 'color', 'price'], 'CAMERA_2': [], 'CAMERA_3': []}",C_LEAVES,DOOR,NONE,,S_RETURNS_TO_COUNTER,SERVICE_COUNTER,NONE,,
20,1,NONE,[],"{'CAMERA_1': [], 'CAMERA_2': [], 'CAMERA_3': []}",C_ENTERS,DOOR,NONE,,S_NONE,SERVICE_COUNTER,NONE,,
20,2,NONE,[],"{'CAMERA_1': [], 'CAMERA_2': [], 'CAMERA_3': []}",C_WALKS_TO_CAMERA,CAMERA_1,NONE,,S_NONE,SERVICE_COUNTER,NONE,,
20,3,NONE,[],"{'CAMERA_1': [], 'CAMERA_2': [], 'CAMERA_3': []}",C_EXAMINES_CAMERA,CAMERA_1,NONE,,S_GREETS,CAMERA_1,NONE,can I help you?,
20,4,CAMERA_3,['CAMERA_3'],"{'CAMERA_1': [], 'CAMERA_2': [], 'CAMERA_3': []}",C_LOOKING_FOR_A_CAMERA,CAMERA_1,NONE,I'm looking for a camera,S_INTRODUCES_CAMERA,CAMERA_3,,Let me show you this. Here we have the Canon EOS 5D Mark III.,39~60
20,5,CAMERA_3,['CAMERA_3'],"{'CAMERA_1': [], 'CAMERA_2': [], 'CAMERA_3': ['optical_zoom']}",C_QUESTION_ABOUT_FEATURE,CAMERA_3,optical_zoom,does it have optical zoom,S_NOT_SURE,CAMERA_3,,I'm not really sure about that,
20,6,CAMERA_3,['CAMERA_3'],"{'CAMERA_1': [], 'CAMERA_2': [], 'CAMERA_3': ['optical_zoom', 'sensor_size']}",C_QUESTION_ABOUT_FEATURE,CAMERA_3,sensor_size,what is the sensor size,S_ANSWERS_QUESTION_ABOUT_FEATURE,CAMERA_3,sensor_size,This one has a full frame.,15~25
20,7,CAMERA_3,['CAMERA_3'],"{'CAMERA_1': [], 'CAMERA_2': [], 'CAMERA_3': ['optical_zoom', 'sensor_size', 'long_exposure']}",C_QUESTION_ABOUT_FEATURE,CAMERA_3,long_exposure,can it take long exposure shots,S_ANSWERS_QUESTION_ABOUT_FEATURE,CAMERA_3,long_exposure,"This one can take long exposures up to up to 30 seconds, bulb mode: expose as long as you want.",39~94
20,8,NONE,['CAMERA_3'],"{'CAMERA_1': [], 'CAMERA_2': [], 'CAMERA_3': ['optical_zoom', 'sensor_size', 'long_exposure']}",C_THANK_YOU,CAMERA_3,NONE,thank you for your help,S_THANK_YOU,CAMERA_3,NONE,thank you very much,
20,9,NONE,['CAMERA_3'],"{'CAMERA_1': [], 'CAMERA_2': [], 'CAMERA_3': ['optical_zoom', 'sensor_size', 'long_exposure']}",C_LEAVES,DOOR,NONE,,S_RETURNS_TO_COUNTER,SERVICE_COUNTER,NONE,,
21,1,NONE,[],"{'CAMERA_1': [], 'CAMERA_2': [], 'CAMERA_3': []}",C_ENTERS,DOOR,NONE,,S_NONE,SERVICE_COUNTER,NONE,,
21,2,NONE,[],"{'CAMERA_1': [], 'CAMERA_2': [], 'CAMERA_3': []}",C_WALKS_TO_CAMERA,CAMERA_2,NONE,,S_GREETS,CAMERA_2,NONE,can I help you?,
21,3,CAMERA_1,['CAMERA_1'],"{'CAMERA_1': [], 'CAMERA_2': [], 'CAMERA_3': []}",C_LOOKING_FOR_A_CAMERA,CAMERA_2,NONE,I'm looking for a camera,S_INTRODUCES_CAMERA,CAMERA_1,,Let me show you this. Here we have the Nikon Coolpix S2800.,39~58
21,4,CAMERA_1,['CAMERA_1'],"{'CAMERA_1': ['price'], 'CAMERA_2': [], 'CAMERA_3': []}",C_QUESTION_ABOUT_FEATURE,CAMERA_1,price,how much does it cost,S_ANSWERS_QUESTION_ABOUT_FEATURE,CAMERA_1,price,This one costs $2173.,15~20
21,5,CAMERA_1,['CAMERA_1'],"{'CAMERA_1': ['price', 'settings'], 'CAMERA_2': [], 'CAMERA_3': []}",C_QUESTION_ABOUT_FEATURE,CAMERA_1,settings,what kind of settings does it have,S_ANSWERS_QUESTION_ABOUT_FEATURE,CAMERA_1,settings,This one has limited manual settings.,13~36
21,6,CAMERA_1,['CAMERA_1'],"{'CAMERA_1': ['price', 'settings', 'autofocus_points'], 'CAMERA_2': [], 'CAMERA_3': []}",C_QUESTION_ABOUT_FEATURE,CAMERA_1,autofocus_points,how many autofocus points does it have,S_NOT_SURE,CAMERA_1,,I'm not really sure about that,
21,7,CAMERA_1,['CAMERA_1'],"{'CAMERA_1': ['price', 'settings', 'autofocus_points', 'resolution'], 'CAMERA_2': [], 'CAMERA_3': []}",C_SILENT_OR_BACKCHANNEL,CAMERA_1,NONE,alright,S_INTRODUCES_FEATURE,CAMERA_1,resolution,This one has 20.1 megapixels resolution.,13~28
21,8,CAMERA_1,['CAMERA_1'],"{'CAMERA_1': ['price', 'settings', 'autofocus_points', 'resolution', 'effects'], 'CAMERA_2': [], 'CAMERA_3': []}",C_QUESTION_ABOUT_FEATURE,CAMERA_1,effects,does it have any effect modes,S_ANSWERS_QUESTION_ABOUT_FEATURE,CAMERA_1,effects,"This one has 12 glamor retouch effects (e.g. skin softening, small face, big eyes).",13~82
21,9,CAMERA_1,['CAMERA_1'],"{'CAMERA_1': ['price', 'settings', 'autofocus_points', 'resolution', 'effects', 'optical_zoom'], 'CAMERA_2': [], 'CAMERA_3': []}",C_SILENT_OR_BACKCHANNEL,CAMERA_1,NONE,alright,S_INTRODUCES_FEATURE,CAMERA_1,optical_zoom,This one has 5x optical zoom.,13~28
21,10,CAMERA_1,['CAMERA_1'],"{'CAMERA_1': ['price', 'settings', 'autofocus_points', 'resolution', 'effects', 'optical_zoom', 'color'], 'CAMERA_2': [], 'CAMERA_3': []}",C_SILENT_OR_BACKCHANNEL,CAMERA_1,NONE,alright,S_INTRODUCES_FEATURE,CAMERA_1,color,"This one comes in purple, pink, black, silver, red.",18~50
21,11,CAMERA_1,['CAMERA_1'],"{'CAMERA_1': ['price', 'settings', 'autofocus_points', 'resolution', 'effects', 'optical_zoom', 'color', 'preset_modes'], 'CAMERA_2': [], 'CAMERA_3': []}",C_QUESTION_ABOUT_FEATURE,CAMERA_1,preset_modes,does it have preset modes,S_ANSWERS_QUESTION_ABOUT_FEATURE,CAMERA_1,preset_modes,"This one has 18 preset modes (e.g. beach, snow, night portrait).",13~63
21,12,CAMERA_1,['CAMERA_1'],"{'CAMERA_1': ['price', 'settings', 'autofocus_points', 'resolution', 'effects', 'optical_zoom', 'color', 'preset_modes', 'weight'], 'CAMERA_2': [], 'CAMERA_3': []}",C_SILENT_OR_BACKCHANNEL,CAMERA_1,NONE,I see,S_INTRODUCES_FEATURE,CAMERA_1,weight,This one weighs 120 grams.,16~25
21,13,CAMERA_1,['CAMERA_1'],"{'CAMERA_1': ['price', 'settings', 'autofocus_points', 'resolution', 'effects', 'optical_zoom', 'color', 'preset_modes', 'weight', 'camera_type'], 'CAMERA_2': [], 'CAMERA_3': []}",C_SILENT_OR_BACKCHANNEL,CAMERA_1,NONE,alright,S_INTRODUCES_FEATURE,CAMERA_1,camera_type,This is a point and shoot camera.,10~25
21,14,CAMERA_1,['CAMERA_1'],"{'CAMERA_1': ['price', 'settings', 'autofocus_points', 'resolution', 'effects', 'optical_zoom', 'color', 'preset_modes', 'weight', 'camera_type', 'ISO'], 'CAMERA_2': [], 'CAMERA_3': []}",C_QUESTION_ABOUT_FEATURE,CAMERA_1,ISO,what is the ISO,S_NOT_SURE,CAMERA_1,,I'm not really sure about that,
21,15,CAMERA_1,['CAMERA_1'],"{'CAMERA_1': ['price', 'settings', 'autofocus_points', 'resolution', 'effects', 'optical_zoom', 'color', 'preset_modes', 'weight', 'camera_type', 'ISO', 'preset_modes'], 'CAMERA_2': [], 'CAMERA_3': []}",C_SILENT_OR_BACKCHANNEL,CAMERA_1,NONE,okay,S_INTRODUCES_FEATURE,CAMERA_1,preset_modes,"This one has 18 preset modes (e.g. beach, snow, night portrait).",13~63
21,16,CAMERA_1,['CAMERA_1'],"{'CAMERA_1': ['price', 'settings', 'autofocus_points', 'resolution', 'effects', 'optical_zoom', 'color', 'preset_modes', 'weight', 'camera_type', 'ISO', 'preset_modes', 'sensor_size'], 'CAMERA_2': [], 'CAMERA_3': []}",C_QUESTION_ABOUT_FEATURE,CAMERA_1,sensor_size,what is the sensor size,S_NOT_SURE,CAMERA_1,,I'm not really sure about that,
21,17,CAMERA_1,['CAMERA_1'],"{'CAMERA_1': ['price', 'settings', 'autofocus_points', 'resolution', 'effects', 'optical_zoom', 'color', 'preset_modes', 'weight', 'camera_type', 'ISO', 'preset_modes', 'sensor_size', 'long_exposure'], 'CAMERA_2': [], 'CAMERA_3': []}",C_QUESTION_ABOUT_FEATURE,CAMERA_1,long_exposure,can it take long exposure shots,S_NOT_SURE,CAMERA_1,,I'm not really sure about that,
21,18,CAMERA_1,['CAMERA_1'],"{'CAMERA_1': ['price', 'settings', 'autofocus_points', 'resolution', 'effects', 'optical_zoom', 'color', 'preset_modes', 'weight', 'camera_type', 'ISO', 'preset_modes', 'sensor_size', 'long_exposure', 'camera_type'], 'CAMERA_2': [], 'CAMERA_3': []}",C_QUESTION_ABOUT_FEATURE,CAMERA_1,camera_type,what kind of camera is this,S_ANSWERS_QUESTION_ABOUT_FEATURE,CAMERA_1,camera_type,This is a point and shoot camera.,10~25
21,19,CAMERA_1,['CAMERA_1'],"{'CAMERA_1': ['price', 'settings', 'autofocus_points', 'resolution', 'effects', 'optical_zoom', 'color', 'preset_modes', 'weight', 'camera_type', 'ISO', 'preset_modes', 'sensor_size', 'long_exposure', 'camera_type', 'ISO'], 'CAMERA_2': [], 'CAMERA_3': []}",C_QUESTION_ABOUT_FEATURE,CAMERA_1,ISO,what is the ISO,S_NOT_SURE,CAMERA_1,,I'm not really sure about that,
21,20,CAMERA_1,['CAMERA_1'],"{'CAMERA_1': ['price', 'settings', 'autofocus_points', 'resolution', 'effects', 'optical_zoom', 'color', 'preset_modes', 'weight', 'camera_type', 'ISO', 'preset_modes', 'sensor_size', 'long_exposure', 'camera_type', 'ISO', 'ISO'], 'CAMERA_2': [], 'CAMERA_3': []}",C_QUESTION_ABOUT_FEATURE,CAMERA_1,ISO,what is the ISO,S_NOT_SURE,CAMERA_1,,I'm not really sure about that,
21,21,CAMERA_1,['CAMERA_1'],"{'CAMERA_1': ['price', 'settings', 'autofocus_points', 'resolution', 'effects', 'optical_zoom', 'color', 'preset_modes', 'weight', 'camera_type', 'ISO', 'preset_modes', 'sensor_size', 'long_exposure', 'camera_type', 'ISO', 'ISO', 'color'], 'CAMERA_2': [], 'CAMERA_3': []}",C_QUESTION_ABOUT_FEATURE,CAMERA_1,color,what colors does this one come in,S_ANSWERS_QUESTION_ABOUT_FEATURE,CAMERA_1,color,"This one comes in purple, pink, black, silver, red.",18~50
21,22,CAMERA_1,['CAMERA_1'],"{'CAMERA_1': ['price', 'settings', 'autofocus_points', 'resolution', 'effects', 'optical_zoom', 'color', 'preset_modes', 'weight', 'camera_type', 'ISO', 'preset_modes', 'sensor_size', 'long_exposure', 'camera_type', 'ISO', 'ISO', 'color', 'color'], 'CAMERA_2': [], 'CAMERA_3': []}",C_QUESTION_ABOUT_FEATURE,CAMERA_1,color,what colors does this one come in,S_ANSWERS_QUESTION_ABOUT_FEATURE,CAMERA_1,color,"This one comes in purple, pink, black, silver, red.",18~50
21,23,CAMERA_1,['CAMERA_1'],"{'CAMERA_1': ['price', 'settings', 'autofocus_points', 'resolution', 'effects', 'optical_zoom', 'color', 'preset_modes', 'weight', 'camera_type', 'ISO', 'preset_modes', 'sensor_size', 'long_exposure', 'camera_type', 'ISO', 'ISO', 'color', 'color', 'long_exposure'], 'CAMERA_2': [], 'CAMERA_3': []}",C_QUESTION_ABOUT_FEATURE,CAMERA_1,long_exposure,can it take long exposure shots,S_NOT_SURE,CAMERA_1,,I'm not really sure about that,
21,24,CAMERA_1,['CAMERA_1'],"{'CAMERA_1': ['price', 'settings', 'autofocus_points', 'resolution', 'effects', 'optical_zoom', 'color', 'preset_modes', 'weight', 'camera_type', 'ISO', 'preset_modes', 'sensor_size', 'long_exposure', 'camera_type', 'ISO', 'ISO', 'color', 'color', 'long_exposure', 'settings'], 'CAMERA_2': [], 'CAMERA_3': []}",C_QUESTION_ABOUT_FEATURE,CAMERA_1,settings,what kind of settings does it have,S_ANSWERS_QUESTION_ABOUT_FEATURE,CAMERA_1,settings,This one has limited manual settings.,13~36
21,25,CAMERA_1,['CAMERA_1'],"{'CAMERA_1': ['price', 'settings', 'autofocus_points', 'resolution', 'effects', 'optical_zoom', 'color', 'preset_modes', 'weight', 'camera_type', 'ISO', 'preset_modes', 'sensor_size', 'long_exposure', 'camera_type', 'ISO', 'ISO', 'color', 'color', 'long_exposure', 'settings', 'autofocus_points'], 'CAMERA_2': [], 'CAMERA_3': []}",C_QUESTION_ABOUT_FEATURE,CAMERA_1,autofocus_points,how many autofocus points does it have,S_NOT_SURE,CAMERA_1,,I'm not really sure about that,
21,26,CAMERA_1,['CAMERA_1'],"{'CAMERA_1': ['price', 'settings', 'autofocus_points', 'resolution', 'effects', 'optical_zoom', 'color', 'preset_modes', 'weight', 'camera_type', 'ISO', 'preset_modes', 'sensor_size', 'long_exposure', 'camera_type', 'ISO', 'ISO', 'color', 'color', 'long_exposure', 'settings', 'autofocus_points', 'camera_type'], 'CAMERA_2': [], 'CAMERA_3': []}",C_QUESTION_ABOUT_FEATURE,CAMERA_1,camera_type,what kind of camera is this,S_ANSWERS_QUESTION_ABOUT_FEATURE,CAMERA_1,camera_type,This is a point and shoot camera.,10~25
21,27,CAMERA_3,"['CAMERA_1', 'CAMERA_3']","{'CAMERA_1': ['price', 'settings', 'autofocus_points', 'resolution', 'effects', 'optical_zoom', 'color', 'preset_modes', 'weight', 'camera_type', 'ISO', 'preset_modes', 'sensor_size', 'long_exposure', 'camera_type', 'ISO', 'ISO', 'color', 'color', 'long_exposure', 'settings', 'autofocus_points', 'camera_type'], 'CAMERA_2': [], 'CAMERA_3': []}",C_ANYTHING_ELSE_AVAILABLE,CAMERA_1,NONE,ok do you have any other cameras,S_INTRODUCES_CAMERA,CAMERA_3,,Let me show you this. Here we have the Canon EOS 5D Mark III.,39~60
21,28,CAMERA_3,"['CAMERA_1', 'CAMERA_3']","{'CAMERA_1': ['price', 'settings', 'autofocus_points', 'resolution', 'effects', 'optical_zoom', 'color', 'preset_modes', 'weight', 'camera_type', 'ISO', 'preset_modes', 'sensor_size', 'long_exposure', 'camera_type', 'ISO', 'ISO', 'color', 'color', 'long_exposure', 'settings', 'autofocus_points', 'camera_type'], 'CAMERA_2': [], 'CAMERA_3': ['sensor_size']}",C_SILENT_OR_BACKCHANNEL,CAMERA_3,NONE,alright,S_INTRODUCES_FEATURE,CAMERA_3,sensor_size,This one has a full frame.,15~25
21,29,CAMERA_3,"['CAMERA_1', 'CAMERA_3']","{'CAMERA_1': ['price', 'settings', 'autofocus_points', 'resolution', 'effects', 'optical_zoom', 'color', 'preset_modes', 'weight', 'camera_type', 'ISO', 'preset_modes', 'sensor_size', 'long_exposure', 'camera_type', 'ISO', 'ISO', 'color', 'color', 'long_exposure', 'settings', 'autofocus_points', 'camera_type'], 'CAMERA_2': [], 'CAMERA_3': ['sensor_size', 'price']}",C_SILENT_OR_BACKCHANNEL,CAMERA_3,NONE,I see,S_INTRODUCES_FEATURE,CAMERA_3,price,This one costs $3706.,15~20
21,30,CAMERA_3,"['CAMERA_1', 'CAMERA_3']","{'CAMERA_1': ['price', 'settings', 'autofocus_points', 'resolution', 'effects', 'optical_zoom', 'color', 'preset_modes', 'weight', 'camera_type', 'ISO', 'preset_modes', 'sensor_size', 'long_exposure', 'camera_type', 'ISO', 'ISO', 'color', 'color', 'long_exposure', 'settings', 'autofocus_points', 'camera_type'], 'CAMERA_2': [], 'CAMERA_3': ['sensor_size', 'price', 'weight']}",C_QUESTION_ABOUT_FEATURE,CAMERA_3,weight,how much does this one weigh,S_ANSWERS_QUESTION_ABOUT_FEATURE,CAMERA_3,weight,This one weighs 950 grams (only body).,16~37
21,31,NONE,"['CAMERA_1', 'CAMERA_3']","{'CAMERA_1': ['price', 'settings', 'autofocus_points', 'resolution', 'effects', 'optical_zoom', 'color', 'preset_modes', 'weight', 'camera_type', 'ISO', 'preset_modes', 'sensor_size', 'long_exposure', 'camera_type', 'ISO', 'ISO', 'color', 'color', 'long_exposure', 'settings', 'autofocus_points', 'camera_type'], 'CAMERA_2': [], 'CAMERA_3': ['sensor_size', 'price', 'weight']}",C_THANK_YOU,CAMERA_3,NONE,thank you for your help,S_THANK_YOU,CAMERA_3,NONE,thank you very much,
21,32,NONE,"['CAMERA_1', 'CAMERA_3']","{'CAMERA_1': ['price', 'settings', 'autofocus_points', 'resolution', 'effects', 'optical_zoom', 'color', 'preset_modes', 'weight', 'camera_type', 'ISO', 'preset_modes', 'sensor_size', 'long_exposure', 'camera_type', 'ISO', 'ISO', 'color', 'color', 'long_exposure', 'settings', 'autofocus_points', 'camera_type'], 'CAMERA_2': [], 'CAMERA_3': ['sensor_size', 'price', 'weight']}",C_LEAVES,DOOR,NONE,,S_RETURNS_TO_COUNTER,SERVICE_COUNTER,NONE,,
22,1,NONE,[],"{'CAMERA_1': [], 'CAMERA_2': [], 'CAMERA_3': []}",C_ENTERS,DOOR,NONE,,S_NONE,SERVICE_COUNTER,NONE,,
22,2,NONE,[],"{'CAMERA_1': [], 'CAMERA_2': [], 'CAMERA_3': []}",C_WALKS_TO_CAMERA,CAMERA_1,NONE,,S_NONE,SERVICE_COUNTER,NONE,,
22,3,NONE,[],"{'CAMERA_1': [], 'CAMERA_2': [], 'CAMERA_3': []}",C_EXAMINES_CAMERA,CAMERA_1,NONE,,S_NONE,SERVICE_COUNTER,NONE,,
22,4,NONE,[],"{'CAMERA_1': [], 'CAMERA_2': [], 'CAMERA_3': []}",C_EXAMINES_CAMERA,CAMERA_1,NONE,,S_GREETS,CAMERA_1,NONE,can I help you?,
22,5,CAMERA_1,['CAMERA_1'],"{'CAMERA_1': [], 'CAMERA_2': [], 'CAMERA_3': []}",C_LOOKING_FOR_A_CAMERA,CAMERA_1,NONE,I'm looking for a camera,S_INTRODUCES_CAMERA,CAMERA_1,,Let me show you this. Here we have the Nikon Coolpix S2800.,39~58
22,6,CAMERA_1,['CAMERA_1'],"{'CAMERA_1': ['effects'], 'CAMERA_2': [], 'CAMERA_3': []}",C_QUESTION_ABOUT_FEATURE,CAMERA_1,effects,does it have any effect modes,S_ANSWERS_QUESTION_ABOUT_FEATURE,CAMERA_1,effects,"This one has 12 glamor retouch effects (e.g. skin softening, small face, big eyes).",13~82
22,7,CAMERA_1,['CAMERA_1'],"{'CAMERA_1': ['effects', 'camera_type'], 'CAMERA_2': [], 'CAMERA_3': []}",C_SILENT_OR_BACKCHANNEL,CAMERA_1,NONE,I see,S_INTRODUCES_FEATURE,CAMERA_1,camera_type,This is a point and shoot camera.,10~25
22,8,CAMERA_1,['CAMERA_1'],"{'CAMERA_1': ['effects', 'camera_type', 'settings'], 'CAMERA_2': [], 'CAMERA_3': []}",C_QUESTION_ABOUT_FEATURE,CAMERA_1,settings,what kind of settings does it have,S_ANSWERS_QUESTION_ABOUT_FEATURE,CAMERA_1,settings,This one has limited manual settings.,13~36
22,9,CAMERA_1,['CAMERA_1'],"{'CAMERA_1': ['effects', 'camera_type', 'settings', 'resolution'], 'CAMERA_2': [], 'CAMERA_3': []}",C_QUESTION_ABOUT_FEATURE,CAMERA_1,resolution,what is the resolution,S_ANSWERS_QUESTION_ABOUT_FEATURE,CAMERA_1,resolution,This one has 20.1 megapixels resolution.,13~28
22,10,CAMERA_1,['CAMERA_1'],"{'CAMERA_1': ['effects', 'camera_type', 'settings', 'resolution', 'autofocus_points'], 'CAMERA_2': [], 'CAMERA_3': []}",C_QUESTION_ABOUT_FEATURE,CAMERA_1,autofocus_points,how many autofocus points does it have,S_NOT_SURE,CAMERA_1,,I'm not really sure about that,
22,11,CAMERA_1,['CAMERA_1'],"{'CAMERA_1': ['effects', 'camera_type', 'settings', 'resolution', 'autofocus_points', 'optical_zoom'], 'CAMERA_2': [], 'CAMERA_3': []}",C_QUESTION_ABOUT_FEATURE,CAMERA_1,optical_zoom,does it have optical zoom,S_ANSWERS_QUESTION_ABOUT_FEATURE,CAMERA_1,optical_zoom,This one has 5x optical zoom.,13~28
22,12,CAMERA_1,['CAMERA_1'],"{'CAMERA_1': ['effects', 'camera_type', 'settings', 'resolution', 'autofocus_points', 'optical_zoom', 'price'], 'CAMERA_2': [], 'CAMERA_3': []}",C_QUESTION_ABOUT_FEATURE,CAMERA_1,price,how much does it cost,S_ANSWERS_QUESTION_ABOUT_FEATURE,CAMERA_1,price,This one costs $2173.,15~20
22,13,CAMERA_1,['CAMERA_1'],"{'CAMERA_1': ['effects', 'camera_type', 'settings', 'resolution', 'autofocus_points', 'optical_zoom', 'price', 'weight'], 'CAMERA_2': [], 'CAMERA_3': []}",C_SILENT_OR_BACKCHANNEL,CAMERA_1,NONE,okay,S_INTRODUCES_FEATURE,CAMERA_1,weight,This one weighs 120 grams.,16~25
22,14,CAMERA_1,['CAMERA_1'],"{'CAMERA_1': ['effects', 'camera_type', 'settings', 'resolution', 'autofocus_points', 'optical_zoom', 'price', 'weight', 'color'], 'CAMERA_2': [], 'CAMERA_3': []}",C_SILENT_OR_BACKCHANNEL,CAMERA_1,NONE,alright,S_INTRODUCES_FEATURE,CAMERA_1,color,"This one comes in purple, pink, black, silver, red.",18~50
22,15,CAMERA_1,['CAMERA_1'],"{'CAMERA_1': ['effects', 'camera_type', 'settings', 'resolution', 'autofocus_points', 'optical_zoom', 'price', 'weight', 'color', 'preset_modes'], 'CAMERA_2': [], 'CAMERA_3': []}",C_SILENT_OR_BACKCHANNEL,CAMERA_1,NONE,I see,S_INTRODUCES_FEATURE,CAMERA_1,preset_modes,"This one has 18 preset modes (e.g. beach, snow, night portrait).",13~63
22,16,CAMERA_1,['CAMERA_1'],"{'CAMERA_1': ['effects', 'camera_type', 'settings', 'resolution', 'autofocus_points', 'optical_zoom', 'price', 'weight', 'color', 'preset_modes', 'settings'], 'CAMERA_2': [], 'CAMERA_3': []}",C_SILENT_OR_BACKCHANNEL,CAMERA_1,NONE,okay,S_INTRODUCES_FEATURE,CAMERA_1,settings,This one has limited manual settings.,13~36
22,17,CAMERA_1,['CAMERA_1'],"{'CAMERA_1': ['effects', 'camera_type', 'settings', 'resolution', 'autofocus_points', 'optical_zoom', 'price', 'weight', 'color', 'preset_modes', 'settings', 'long_exposure'], 'CAMERA_2': [], 'CAMERA_3': []}",C_QUESTION_ABOUT_FEATURE,CAMERA_1,long_exposure,can it take long exposure shots,S_NOT_SURE,CAMERA_1,,I'm not really sure about that,
22,18,CAMERA_1,['CAMERA_1'],"{'CAMERA_1': ['effects', 'camera_type', 'settings', 'resolution', 'autofocus_points', 'optical_zoom', 'price', 'weight', 'color', 'preset_modes', 'settings', 'long_exposure', 'ISO'], 'CAMERA_2': [], 'CAMERA_3': []}",C_QUESTION_ABOUT_FEATURE,CAMERA_1,ISO,what is the ISO,S_NOT_SURE,CAMERA_1,,I'm not really sure about that,
22,19,CAMERA_1,['CAMERA_1'],"{'CAMERA_1': ['effects', 'camera_type', 'settings', 'resolution', 'autofocus_points', 'optical_zoom', 'price', 'weight', 'color', 'preset_modes', 'settings', 'long_exposure', 'ISO', 'sensor_size'], 'CAMERA_2': [], 'CAMERA_3': []}",C_QUESTION_ABOUT_FEATURE,CAMERA_1,sensor_size,what is the sensor size,S_NOT_SURE,CAMERA_1,,I'm not really sure about that,
22,20,CAMERA_1,['CAMERA_1'],"{'CAMERA_1': ['effects', 'camera_type', 'settings', 'resolution', 'autofocus_points', 'optical_zoom', 'price', 'weight', 'color', 'preset_modes', 'settings', 'long_exposure', 'ISO', 'sensor_size', 'camera_type'], 'CAMERA_2': [], 'CAMERA_3': []}",C_QUESTION_ABOUT_FEATURE,CAMERA_1,camera_type,what kind of camera is this,S_ANSWERS_QUESTION_ABOUT_FEATURE,CAMERA_1,camera_type,This is a point and shoot camera.,10~25
22,21,CAMERA_1,['CAMERA_1'],"{'CAMERA_1': ['effects', 'camera_type', 'settings', 'resolution', 'autofocus_points', 'optical_zoom', 'price', 'weight', 'color', 'preset_modes', 'settings', 'long_exposure', 'ISO', 'sensor_size', 'camera_type', 'price'], 'CAMERA_2': [], 'CAMERA_3': []}",C_QUESTION_ABOUT_FEATURE,CAMERA_1,price,how much does it cost,S_ANSWERS_QUESTION_ABOUT_FEATURE,CAMERA_1,price,This one costs $2173.,15~20
22,22,CAMERA_1,['CAMERA_1'],"{'CAMERA_1': ['effects', 'camera_type', 'settings', 'resolution', 'autofocus_points', 'optical_zoom', 'price', 'weight', 'color', 'preset_modes', 'settings', 'long_exposure', 'ISO', 'sensor_size', 'camera_type', 'price', 'settings'], 'CAMERA_2': [], 'CAMERA_3': []}",C_QUESTION_ABOUT_FEATURE,CAMERA_1,settings,what kind of settings does it have,S_ANSWERS_QUESTION_ABOUT_FEATURE,CAMERA_1,settings,This one has limited manual settings.,13~36
22,23,CAMERA_1,['CAMERA_1'],"{'CAMERA_1': ['effects', 'camera_type', 'settings', 'resolution', 'autofocus_points', 'optical_zoom', 'price', 'weight', 'color', 'preset_modes', 'settings', 'long_exposure', 'ISO', 'sensor_size', 'camera_type', 'price', 'settings', 'color'], 'CAMERA_2': [], 'CAMERA_3': []}",C_SILENT_OR_BACKCHANNEL,CAMERA_1,NONE,I see,S_INTRODUCES_FEATURE,CAMERA_1,color,"This one comes in purple, pink, black, silver, red.",18~50
22,24,CAMERA_1,['CAMERA_1'],"{'CAMERA_1': ['effects', 'camera_type', 'settings', 'resolution', 'autofocus_points', 'optical_zoom', 'price', 'weight', 'color', 'preset_modes', 'settings', 'long_exposure', 'ISO', 'sensor_size', 'camera_type', 'price', 'settings', 'color', 'weight'], 'CAMERA_2': [], 'CAMERA_3': []}",C_QUESTION_ABOUT_FEATURE,CAMERA_1,weight,how much does this one weigh,S_ANSWERS_QUESTION_ABOUT_FEATURE,CAMERA_1,weight,This one weighs 120 grams.,16~25
22,25,NONE,['CAMERA_1'],"{'CAMERA_1': ['effects', 'camera_type', 'settings', 'resolution', 'autofocus_points', 'optical_zoom', 'price', 'weight', 'color', 'preset_modes', 'settings', 'long_exposure', 'ISO', 'sensor_size', 'camera_type', 'price', 'settings', 'color', 'weight'], 'CAMERA_2': [], 'CAMERA_3': []}",C_THANK_YOU,CAMERA_1,NONE,thank you for your help,S_THANK_YOU,CAMERA_1,NONE,thank you very much,
22,26,NONE,['CAMERA_1'],"{'CAMERA_1': ['effects', 'camera_type', 'settings', 'resolution', 'autofocus_points', 'optical_zoom', 'price', 'weight', 'color', 'preset_modes', 'settings', 'long_exposure', 'ISO', 'sensor_size', 'camera_type', 'price', 'settings', 'color', 'weight'], 'CAMERA_2': [], 'CAMERA_3': []}",C_LEAVES,DOOR,NONE,,S_RETURNS_TO_COUNTER,SERVICE_COUNTER,NONE,,
23,1,NONE,[],"{'CAMERA_1': [], 'CAMERA_2': [], 'CAMERA_3': []}",C_ENTERS,DOOR,NONE,,S_NONE,SERVICE_COUNTER,NONE,,
23,2,NONE,[],"{'CAMERA_1': [], 'CAMERA_2': [], 'CAMERA_3': []}",C_WALKS_TO_CAMERA,CAMERA_2,NONE,,S_GREETS,CAMERA_2,NONE,can I help you?,
23,3,CAMERA_2,['CAMERA_2'],"{'CAMERA_1': [], 'CAMERA_2': [], 'CAMERA_3': []}",C_LOOKING_FOR_A_CAMERA,CAMERA_2,NONE,I'm looking for a camera,S_INTRODUCES_CAMERA,CAMERA_2,,Let me show you this. Here we have the Sony Alpha a6000.,39~55
23,4,CAMERA_2,['CAMERA_2'],"{'CAMERA_1': [], 'CAMERA_2': ['autofocus_points'], 'CAMERA_3': []}",C_QUESTION_ABOUT_FEATURE,CAMERA_2,autofocus_points,how many autofocus points does it have,S_ANSWERS_QUESTION_ABOUT_FEATURE,CAMERA_2,autofocus_points,This one has 179 autofocus points.,13~33
23,5,NONE,['CAMERA_2'],"{'CAMERA_1': [], 'CAMERA_2': ['autofocus_points'], 'CAMERA_3': []}",C_THANK_YOU,CAMERA_2,NONE,thank you for your help,S_THANK_YOU,CAMERA_2,NONE,thank you very much,
23,6,NONE,['CAMERA_2'],"{'CAMERA_1': [], 'CAMERA_2': ['autofocus_points'], 'CAMERA_3': []}",C_LEAVES,DOOR,NONE,,S_RETURNS_TO_COUNTER,SERVICE_COUNTER,NONE,,
24,1,NONE,[],"{'CAMERA_1': [], 'CAMERA_2': [], 'CAMERA_3': []}",C_ENTERS,DOOR,NONE,,S_NONE,SERVICE_COUNTER,NONE,,
24,2,NONE,[],"{'CAMERA_1': [], 'CAMERA_2': [], 'CAMERA_3': []}",C_WALKS_TO_CAMERA,CAMERA_3,NONE,,S_GREETS,CAMERA_3,NONE,can I help you?,
24,3,CAMERA_3,['CAMERA_3'],"{'CAMERA_1': [], 'CAMERA_2': [], 'CAMERA_3': []}",C_LOOKING_FOR_A_CAMERA,CAMERA_3,NONE,I'm looking for a camera,S_INTRODUCES_CAMERA,CAMERA_3,,Let me show you this. Here we have the Canon EOS 5D Mark III.,39~60
24,4,CAMERA_3,['CAMERA_3'],"{'CAMERA_1': [], 'CAMERA_2': [], 'CAMERA_3': ['settings']}",C_QUESTION_ABOUT_FEATURE,CAMERA_3,settings,what kind of settings does it have,S_ANSWERS_QUESTION_ABOUT_FEATURE,CAMERA_3,settings,This one has full manual control.,13~32
24,5,NONE,['CAMERA_3'],"{'CAMERA_1': [], 'CAMERA_2': [], 'CAMERA_3': ['settings']}",C_THANK_YOU,CAMERA_3,NONE,thank you for your help,S_THANK_YOU,CAMERA_3,NONE,thank you very much,
24,6,NONE,['CAMERA_3'],"{'CAMERA_1': [], 'CAMERA_2': [], 'CAMERA_3': ['settings']}",C_LEAVES,DOOR,NONE,,S_RETURNS_TO_COUNTER,SERVICE_COUNTER,NONE,,
25,1,NONE,[],"{'CAMERA_1': [], 'CAMERA_2': [], 'CAMERA_3': []}",C_ENTERS,DOOR,NONE,,S_NONE,SERVICE_COUNTER,NONE,,
25,2,NONE,[],"{'CAMERA_1': [], 'CAMERA_2': [], 'CAMERA_3': []}",C_GREETS,MIDDLE,NONE,hello,S_GREETS,MIDDLE,NONE,can I help you?,
25,3,CAMERA_2,['CAMERA_2'],"{'CAMERA_1': [], 'CAMERA_2': [], 'CAMERA_3': []}",C_LOOKING_FOR_A_CAMERA,MIDDLE,NONE,I'm looking for a camera,S_INTRODUCES_CAMERA,CAMERA_2,,Let me show you this. Here we have the Sony Alpha a6000.,39~55
25,4,CAMERA_2,['CAMERA_2'],"{'CAMERA_1': [], 'CAMERA_2': ['long_exposure'], 'CAMERA_3': []}",C_QUESTION_ABOUT_FEATURE,CAMERA_2,long_exposure,can it take long exposure shots,S_ANSWERS_QUESTION_ABOUT_FEATURE,CAMERA_2,long_exposure,This one can take long exposures up to up to 30 seconds.,39~55
25,5,CAMERA_2,['CAMERA_2'],"{'CAMERA_1': [], 'CAMERA_2': ['long_exposure', 'effects'], 'CAMERA_3': []}",C_SILENT_OR_BACKCHANNEL,CAMERA_2,NONE,alright,S_INTRODUCES_FEATURE,CAMERA_2,effects,"This one has 13 artistic effect modes (e.g. toy camera, soft focus).",13~67
25,6,CAMERA_2,['CAMERA_2'],"{'CAMERA_1': [], 'CAMERA_2': ['long_exposure', 'effects', 'optical_zoom'], 'CAMERA_3': []}",C_QUESTION_ABOUT_FEATURE,CAMERA_2,optical_zoom,does it have optical zoom,S_NOT_SURE,CAMERA_2,,I'm not really sure about that,
25,7,CAMERA_2,['CAMERA_2'],"{'CAMERA_1': [], 'CAMERA_2': ['long_exposure', 'effects', 'optical_zoom', 'price'], 'CAMERA_3': []}",C_QUESTION_ABOUT_FEATURE,CAMERA_2,price,how much does it cost,S_ANSWERS_QUESTION_ABOUT_FEATURE,CAMERA_2,price,This one costs $1341.,15~20
25,8,CAMERA_2,['CAMERA_2'],"{'CAMERA_1': [], 'CAMERA_2': ['long_exposure', 'effects', 'optical_zoom', 'price', 'preset_modes'], 'CAMERA_3': []}",C_SILENT_OR_BACKCHANNEL,CAMERA_2,NONE,okay,S_INTRODUCES_FEATURE,CAMERA_2,preset_modes,"This one has 9 preset modes (e.g. beach, snow, night, portrait).",13~63
25,9,CAMERA_2,['CAMERA_2'],"{'CAMERA_1': [], 'CAMERA_2': ['long_exposure', 'effects', 'optical_zoom', 'price', 'preset_modes', 'autofocus_points'], 'CAMERA_3': []}",C_QUESTION_ABOUT_FEATURE,CAMERA_2,autofocus_points,how many autofocus points does it have,S_ANSWERS_QUESTION_ABOUT_FEATURE,CAMERA_2,autofocus_points,This one has 179 autofocus points.,13~33
25,10,CAMERA_1,"['CAMERA_2', 'CAMERA_1']","{'CAMERA_1': [], 'CAMERA_2': ['long_exposure', 'effects', 'optical_zoom', 'price', 'preset_modes', 'autofocus_points'], 'CAMERA_3': []}",C_ANYTHING_ELSE_AVAILABLE,CAMERA_2,NONE,ok do you have any other cameras,S_INTRODUCES_CAMERA,CAMERA_1,,Let me show you this. Here we have the Nikon Coolpix S2800.,39~58
25,11,CAMERA_1,"['CAMERA_2', 'CAMERA_1']","{'CAMERA_1': ['preset_modes'], 'CAMERA_2': ['long_exposure', 'effects', 'optical_zoom', 'price', 'preset_modes', 'autofocus_points'], 'CAMERA_3': []}",C_QUESTION_ABOUT_FEATURE,CAMERA_1,preset_modes,does it have preset modes,S_ANSWERS_QUESTION_ABOUT_FEATURE,CAMERA_1,preset_modes,"This one has 18 preset modes (e.g. beach, snow, night portrait).",13~63
25,12,NONE,"['CAMERA_2', 'CAMERA_1']","{'CAMERA_1': ['preset_modes'], 'CAMERA_2': ['long_exposure', 'effects', 'optical_zoom', 'price', 'preset_modes', 'autofocus_points'], 'CAMERA_3': []}",C_THANK_YOU,CAMERA_1,NONE,thank you for your help,S_THANK_YOU,CAMERA_1,NONE,thank you very much,
25,13,NONE,"['CAMERA_2', 'CAMERA_1']","{'CAMERA_1': ['preset_modes'], 'CAMERA_2': ['long_exposure', 'effects', 'optical_zoom', 'price', 'preset_modes', 'autofocus_points'], 'CAMERA_3': []}",C_LEAVES,DOOR,NONE,,S_RETURNS_TO_COUNTER,SERVICE_COUNTER,NONE,,
26,1,NONE,[],"{'CAMERA_1': [], 'CAMERA_2': [], 'CAMERA_3': []}",C_ENTERS,DOOR,NONE,,S_NONE,SERVICE_COUNTER,NONE,,
26,2,NONE,[],"{'CAMERA_1': [], 'CAMERA_2': [], 'CAMERA_3': []}",C_GREETS,MIDDLE,NONE,hello,S_GREETS,MIDDLE,NONE,can I help you?,
26,3,CAMERA_2,['CAMERA_2'],"{'CAMERA_1': [], 'CAMERA_2': [], 'CAMERA_3': []}",C_LOOKING_FOR_A_CAMERA,MIDDLE,NONE,I'm looking for a camera,S_INTRODUCES_CAMERA,CAMERA_2,,Let me show you this. Here we have the Sony Alpha a6000.,39~55
26,4,CAMERA_2,['CAMERA_2'],"{'CAMERA_1': [], 'CAMERA_2': ['sensor_size'], 'CAMERA_3': []}",C_SILENT_OR_BACKCHANNEL,CAMERA_2,NONE,I see,S_INTRODUCES_FEATURE,CAMERA_2,sensor_size,This one has a APS-C sensor (crop sensor).,15~41
26,5,CAMERA_2,['CAMERA_2'],"{'CAMERA_1': [], 'CAMERA_2': ['sensor_size', 'preset_modes'], 'CAMERA_3': []}",C_SILENT_OR_BACKCHANNEL,CAMERA_2,NONE,alright,S_INTRODUCES_FEATURE,CAMERA_2,preset_modes,"This one has 9 preset modes (e.g. beach, snow, night, portrait).",13~63
26,6,CAMERA_2,['CAMERA_2'],"{'CAMERA_1': [], 'CAMERA_2': ['sensor_size', 'preset_modes', 'effects'], 'CAMERA_3': []}",C_QUESTION_ABOUT_FEATURE,CAMERA_2,effects,does it have any effect modes,S_ANSWERS_QUESTION_ABOUT_FEATURE,CAMERA_2,effects,"This one has 13 artistic effect modes (e.g. toy camera, soft focus).",13~67
26,7,NONE,['CAMERA_2'],"{'CAMERA_1': [], 'CAMERA_2': ['sensor_size', 'preset_modes', 'effects'], 'CAMERA_3': []}",C_THANK_YOU,CAMERA_2,NONE,thank you for your help,S_THANK_YOU,CAMERA_2,NONE,thank you very much,
26,8,NONE,['CAMERA_2'],"{'CAMERA_1': [], 'CAMERA_2': ['sensor_size', 'preset_modes', 'effects'], 'CAMERA_3': []}",C_LEAVES,DOOR,NONE,,S_RETURNS_TO_COUNTER,SERVICE_COUNTER,NONE,,
27,1,NONE,[],"{'CAMERA_1': [], 'CAMERA_2': [], 'CAMERA_3': []}",C_ENTERS,DOOR,NONE,,S_NONE,SERVICE_COUNTER,NONE,,
27,2,NONE,[],"{'CAMERA_1': [], 'CAMERA_2': [], 'CAMERA_3': []}",C_GREETS,MIDDLE,NONE,hello,S_GREETS,MIDDLE,NONE,can I help you?,
27,3,CAMERA_3,['CAMERA_3'],"{'CAMERA_1': [], 'CAMERA_2': [], 'CAMERA_3': []}",C_LOOKING_FOR_A_CAMERA,MIDDLE,NONE,I'm looking for a camera,S_INTRODUCES_CAMERA,CAMERA_3,,Let me show you this. Here we have the Canon EOS 5D Mark III.,39~60
27,4,CAMERA_3,['CAMERA_3'],"{'CAMERA_1': [], 'CAMERA_2': [], 'CAMERA_3': ['camera_type']}",C_SILENT_OR_BACKCHANNEL,CAMERA_3,NONE,alright,S_INTRODUCES_FEATURE,CAMERA_3,camera_type,This is a DSLR camera.,10~14
27,5,CAMERA_1,"['CAMERA_3', 'CAMERA_1']","{'CAMERA_1': [], 'CAMERA_2': [], 'CAMERA_3': ['camera_type']}",C_ANYTHING_ELSE_AVAILABLE,CAMERA_3,NONE,ok do you have any other cameras,S_INTRODUCES_CAMERA,CAMERA_1,,Let me show you this. Here we have the Nikon Coolpix S2800.,39~58
27,6,CAMERA_1,"['CAMERA_3', 'CAMERA_1']","{'CAMERA_1': ['resolution'], 'CAMERA_2': [], 'CAMERA_3': ['camera_type']}",C_QUESTION_ABOUT_FEATURE,CAMERA_1,resolution,what is the resolution,S_ANSWERS_QUESTION_ABOUT_FEATURE,CAMERA_1,resolution,This one has 20.1 megapixels resolution.,13~28
27,7,CAMERA_1,"['CAMERA_3', 'CAMERA_1']","{'CAMERA_1': ['resolution', 'settings'], 'CAMERA_2': [], 'CAMERA_3': ['camera_type']}",C_SILENT_OR_BACKCHANNEL,CAMERA_1,NONE,okay,S_INTRODUCES_FEATURE,CAMERA_1,settings,This one has limited manual settings.,13~36
27,8,CAMERA_1,"['CAMERA_3', 'CAMERA_1']","{'CAMERA_1': ['resolution', 'settings', 'preset_modes'], 'CAMERA_2': [], 'CAMERA_3': ['camera_type']}",C_QUESTION_ABOUT_FEATURE,CAMERA_1,preset_modes,does it have preset modes,S_ANSWERS_QUESTION_ABOUT_FEATURE,CAMERA_1,preset_modes,"This one has 18 preset modes (e.g. beach, snow, night portrait).",13~63
27,9,CAMERA_1,"['CAMERA_3', 'CAMERA_1']","{'CAMERA_1': ['resolution', 'settings', 'preset_modes', 'price'], 'CAMERA_2': [], 'CAMERA_3': ['camera_type']}",C_SILENT_OR_BACKCHANNEL,CAMERA_1,NONE,okay,S_INTRODUCES_FEATURE,CAMERA_1,price,This one costs $2173.,15~20
27,10,CAMERA_1,"['CAMERA_3', 'CAMERA_1']","{'CAMERA_1': ['resolution', 'settings', 'preset_modes', 'price', 'color'], 'CAMERA_2': [], 'CAMERA_3': ['camera_type']}",C_SILENT_OR_BACKCHANNEL,CAMERA_1,NONE,okay,S_INTRODUCES_FEATURE,CAMERA_1,color,"This one comes in purple, pink, black, silver, red.",18~50
27,11,NONE,"['CAMERA_3', 'CAMERA_1']","{'CAMERA_1': ['resolution', 'settings', 'preset_modes', 'price', 'color'], 'CAMERA_2': [], 'CAMERA_3': ['camera_type']}",C_THANK_YOU,CAMERA_1,NONE,thank you for your help,S_THANK_YOU,CAMERA_1,NONE,thank you very much,
27,12,NONE,"['CAMERA_3', 'CAMERA_1']","{'CAMERA_1': ['resolution', 'settings', 'preset_modes', 'price', 'color'], 'CAMERA_2': [], 'CAMERA_3': ['camera_type']}",C_LEAVES,DOOR,NONE,,S_RETURNS_TO_COUNTER,SERVICE_COUNTER,NONE,,
28,1,NONE,[],"{'CAMERA_1': [], 'CAMERA_2': [], 'CAMERA_3': []}",C_ENTERS,DOOR,NONE,,S_NONE,SERVICE_COUNTER,NONE,,
28,2,NONE,[],"{'CAMERA_1': [], 'CAMERA_2': [], 'CAMERA_3': []}",C_GREETS,MIDDLE,NONE,hello,S_GREETS,MIDDLE,NONE,can I help you?,
28,3,CAMERA_2,['CAMERA_2'],"{'CAMERA_1': [], 'CAMERA_2': [], 'CAMERA_3': []}",C_LOOKING_FOR_A_CAMERA,MIDDLE,NONE,I'm looking for a camera,S_INTRODUCES_CAMERA,CAMERA_2,,Let me show you this. Here we have the Sony Alpha a6000.,39~55
28,4,CAMERA_2,['CAMERA_2'],"{'CAMERA_1': [], 'CAMERA_2': ['effects'], 'CAMERA_3': []}",C_QUESTION_ABOUT_FEATURE,CAMERA_2,effects,does it have any effect modes,S_ANSWERS_QUESTION_ABOUT_FEATURE,CAMERA_2,effects,"This one has 13 artistic effect modes (e.g. toy camera, soft focus).",13~67
28,5,CAMERA_2,['CAMERA_2'],"{'CAMERA_1': [], 'CAMERA_2': ['effects', 'preset_modes'], 'CAMERA_3': []}",C_QUESTION_ABOUT_FEATURE,CAMERA_2,preset_modes,does it have preset modes,S_ANSWERS_QUESTION_ABOUT_FEATURE,CAMERA_2,preset_modes,"This one has 9 preset modes (e.g. beach, snow, night, portrait).",13~63
28,6,CAMERA_2,['CAMERA_2'],"{'CAMERA_1': [], 'CAMERA_2': ['effects', 'preset_modes', 'autofocus_points'], 'CAMERA_3': []}",C_SILENT_OR_BACKCHANNEL,CAMERA_2,NONE,I see,S_INTRODUCES_FEATURE,CAMERA_2,autofocus_points,This one has 179 autofocus points.,13~33
28,7,CAMERA_2,['CAMERA_2'],"{'CAMERA_1': [], 'CAMERA_2': ['effects', 'preset_modes', 'autofocus_points', 'price'], 'CAMERA_3': []}",C_QUESTION_ABOUT_FEATURE,CAMERA_2,price,how much does it cost,S_ANSWERS_QUESTION_ABOUT_FEATURE,CAMERA_2,price,This one costs $1341.,15~20
28,8,NONE,['CAMERA_2'],"{'CAMERA_1': [], 'CAMERA_2': ['effects', 'preset_modes', 'autofocus_points', 'price'], 'CAMERA_3': []}",C_THANK_YOU,CAMERA_2,NONE,thank you for your help,S_THANK_YOU,CAMERA_2,NONE,thank you very much,
28,9,NONE,['CAMERA_2'],"{'CAMERA_1': [], 'CAMERA_2': ['effects', 'preset_modes', 'autofocus_points', 'price'], 'CAMERA_3': []}",C_LEAVES,DOOR,NONE,,S_RETURNS_TO_COUNTER,SERVICE_COUNTER,NONE,,
29,1,NONE,[],"{'CAMERA_1': [], 'CAMERA_2': [], 'CAMERA_3': []}",C_ENTERS,DOOR,NONE,,S_NONE,SERVICE_COUNTER,NONE,,
29,2,NONE,[],"{'CAMERA_1': [], 'CAMERA_2': [], 'CAMERA_3': []}",C_GREETS,MIDDLE,NONE,hello,S_GREETS,MIDDLE,NONE,can I help you?,
29,3,CAMERA_2,['CAMERA_2'],"{'CAMERA_1': [], 'CAMERA_2': [], 'CAMERA_3': []}",C_LOOKING_FOR_A_CAMERA,MIDDLE,NONE,I'm looking for a camera,S_INTRODUCES_CAMERA,CAMERA_2,,Let me show you this. Here we have the Sony Alpha a6000.,39~55
29,4,CAMERA_2,['CAMERA_2'],"{'CAMERA_1': [], 'CAMERA_2': ['ISO'], 'CAMERA_3': []}",C_QUESTION_ABOUT_FEATURE,CAMERA_2,ISO,what is the ISO,S_ANSWERS_QUESTION_ABOUT_FEATURE,CAMERA_2,ISO,This one has up to 3200 ISO with little noise.,13~45
29,5,CAMERA_2,['CAMERA_2'],"{'CAMERA_1': [], 'CAMERA_2': ['ISO', 'resolution'], 'CAMERA_3': []}",C_QUESTION_ABOUT_FEATURE,CAMERA_2,resolution,what is the resolution,S_NOT_SURE,CAMERA_2,,I'm not really sure about that,
29,6,CAMERA_2,['CAMERA_2'],"{'CAMERA_1': [], 'CAMERA_2': ['ISO', 'resolution', 'camera_type'], 'CAMERA_3': []}",C_QUESTION_ABOUT_FEATURE,CAMERA_2,camera_type,what kind of camera is this,S_ANSWERS_QUESTION_ABOUT_FEATURE,CAMERA_2,camera_type,This is a mirrorless camera.,10~20
29,7,CAMERA_2,['CAMERA_2'],"{'CAMERA_1': [], 'CAMERA_2': ['ISO', 'resolution', 'camera_type', 'optical_zoom'], 'CAMERA_3': []}",C_QUESTION_ABOUT_FEATURE,CAMERA_2,optical_zoom,does it have optical zoom,S_NOT_SURE,CAMERA_2,,I'm not really sure about that,
29,8,CAMERA_2,['CAMERA_2'],"{'CAMERA_1': [], 'CAMERA_2': ['ISO', 'resolution', 'camera_type', 'optical_zoom', 'price'], 'CAMERA_3': []}",C_QUESTION_ABOUT_FEATURE,CAMERA_2,price,how much does it cost,S_ANSWERS_QUESTION_ABOUT_FEATURE,CAMERA_2,price,This one costs $1341.,15~20
29,9,CAMERA_2,['CAMERA_2'],"{'CAMERA_1': [], 'CAMERA_2': ['ISO', 'resolution', 'camera_type', 'optical_zoom', 'price', 'settings'], 'CAMERA_3': []}",C_SILENT_OR_BACKCHANNEL,CAMERA_2,NONE,alright,S_INTRODUCES_FEATURE,CAMERA_2,settings,This one has full manual control.,13~32
29,10,CAMERA_2,['CAMERA_2'],"{'CAMERA_1': [], 'CAMERA_2': ['ISO', 'resolution', 'camera_type', 'optical_zoom', 'price', 'settings', 'sensor_size'], 'CAMERA_3': []}",C_SILENT_OR_BACKCHANNEL,CAMERA_2,NONE,alright,S_INTRODUCES_FEATURE,CAMERA_2,sensor_size,This one has a APS-C sensor (crop sensor).,15~41
29,11,CAMERA_2,['CAMERA_2'],"{'CAMERA_1': [], 'CAMERA_2': ['ISO', 'resolution', 'camera_type', 'optical_zoom', 'price', 'settings', 'sensor_size', 'weight'], 'CAMERA_3': []}",C_SILENT_OR_BACKCHANNEL,CAMERA_2,NONE,I see,S_INTRODUCES_FEATURE,CAMERA_2,weight,This one weighs 470 grams.,16~25
29,12,NONE,['CAMERA_2'],"{'CAMERA_1': [], 'CAMERA_2': ['ISO', 'resolution', 'camera_type', 'optical_zoom', 'price', 'settings', 'sensor_size', 'weight'], 'CAMERA_3': []}",C_THANK_YOU,CAMERA_2,NONE,thank you for your help,S_THANK_YOU,CAMERA_2,NONE,thank you very much,
29,13,NONE,['CAMERA_2'],"{'CAMERA_1': [], 'CAMERA_2': ['ISO', 'resolution', 'camera_type', 'optical_zoom', 'price', 'settings', 'sensor_size', 'weight'], 'CAMERA_3': []}",C_LEAVES,DOOR,NONE,,S_RETURNS_TO_COUNTER,SERVICE_COUNTER,NONE,,
30,1,NONE,[],"{'CAMERA_1': [], 'CAMERA_2': [], 'CAMERA_3': []}",C_ENTERS,DOOR,NONE,,S_NONE,SERVICE_COUNTER,NONE,,
30,2,NONE,[],"{'CAMERA_1': [], 'CAMERA_2': [], 'CAMERA_3': []}",C_GREETS,MIDDLE,NONE,hello,S_GREETS,MIDDLE,NONE,can I help you?,
30,3,CAMERA_2,['CAMERA_2'],"{'CAMERA_1': [], 'CAMERA_2': [], 'CAMERA_3': []}",C_LOOKING_FOR_A_CAMERA,MIDDLE,NONE,I'm looking for a camera,S_INTRODUCES_CAMERA,CAMERA_2,,Let me show you this. Here we have the Sony Alpha a6000.,39~55
30,4,CAMERA_2,['CAMERA_2'],"{'CAMERA_1': [], 'CAMERA_2': ['resolution'], 'CAMERA_3': []}",C_QUESTION_ABOUT_FEATURE,CAMERA_2,resolution,what is the resolution,S_NOT_SURE,CAMERA_2,,I'm not really sure about that,
30,5,CAMERA_2,['CAMERA_2'],"{'CAMERA_1': [], 'CAMERA_2': ['resolution', 'weight'], 'CAMERA_3': []}",C_QUESTION_ABOUT_FEATURE,CAMERA_2,weight,how much does this one weigh,S_ANSWERS_QUESTION_ABOUT_FEATURE,CAMERA_2,weight,This one weighs 470 grams.,16~25
30,6,CAMERA_2,['CAMERA_2'],"{'CAMERA_1': [], 'CAMERA_2': ['resolution', 'weight', 'settings'], 'CAMERA_3': []}",C_QUESTION_ABOUT_FEATURE,CAMERA_2,settings,what kind of settings does it have,S_ANSWERS_QUESTION_ABOUT_FEATURE,CAMERA_2,settings,This one has full manual control.,13~32
30,7,NONE,['CAMERA_2'],"{'CAMERA_1': [], 'CAMERA_2': ['resolution', 'weight', 'settings'], 'CAMERA_3': []}",C_THANK_YOU,CAMERA_2,NONE,thank you for your help,S_THANK_YOU,CAMERA_2,NONE,thank you very much,
30,8,NONE,['CAMERA_2'],"{'CAMERA_1': [], 'CAMERA_2': ['resolution', 'weight', 'settings'], 'CAMERA_3': []}",C_LEAVES,DOOR,NONE,,S_RETURNS_TO_COUNTER,SERVICE_COUNTER,NONE,,
31,1,NONE,[],"{'CAMERA_1': [], 'CAMERA_2': [], 'CAMERA_3': []}",C_ENTERS,DOOR,NONE,,S_NONE,SERVICE_COUNTER,NONE,,
31,2,NONE,[],"{'CAMERA_1': [], 'CAMERA_2': [], 'CAMERA_3': []}",C_WALKS_TO_CAMERA,CAMERA_2,NONE,,S_GREETS,CAMERA_2,NONE,can I help you?,
31,3,CAMERA_2,['CAMERA_2'],"{'CAMERA_1': [], 'CAMERA_2': [], 'CAMERA_3': []}",C_LOOKING_FOR_A_CAMERA,CAMERA_2,NONE,I'm looking for a camera,S_INTRODUCES_CAMERA,CAMERA_2,,Let me show you this. Here we have the Sony Alpha a6000.,39~55
31,4,CAMERA_2,['CAMERA_2'],"{'CAMERA_1': [], 'CAMERA_2': ['ISO'], 'CAMERA_3': []}",C_SILENT_OR_BACKCHANNEL,CAMERA_2,NONE,I see,S_INTRODUCES_FEATURE,CAMERA_2,ISO,This one has up to 3200 ISO with little noise.,13~45
31,5,CAMERA_2,['CAMERA_2'],"{'CAMERA_1': [], 'CAMERA_2': ['ISO', 'weight'], 'CAMERA_3': []}",C_QUESTION_ABOUT_FEATURE,CAMERA_2,weight,how much does this one weigh,S_ANSWERS_QUESTION_ABOUT_FEATURE,CAMERA_2,weight,This one weighs 470 grams.,16~25
31,6,CAMERA_2,['CAMERA_2'],"{'CAMERA_1': [], 'CAMERA_2': ['ISO', 'weight', 'price'], 'CAMERA_3': []}",C_QUESTION_ABOUT_FEATURE,CAMERA_2,price,how much does it cost,S_ANSWERS_QUESTION_ABOUT_FEATURE,CAMERA_2,price,This one costs $1341.,15~20
31,7,CAMERA_2,['CAMERA_2'],"{'CAMERA_1': [], 'CAMERA_2': ['ISO', 'weight', 'price', 'camera_type'], 'CAMERA_3': []}",C_SILENT_OR_BACKCHANNEL,CAMERA_2,NONE,I see,S_INTRODUCES_FEATURE,CAMERA_2,camera_type,This is a mirrorless camera.,10~20
31,8,NONE,['CAMERA_2'],"{'CAMERA_1': [], 'CAMERA_2': ['ISO', 'weight', 'price', 'camera_type'], 'CAMERA_3': []}",C_THANK_YOU,CAMERA_2,NONE,thank you for your help,S_THANK_YOU,CAMERA_2,NONE,thank you very much,
31,9,NONE,['CAMERA_2'],"{'CAMERA_1': [], 'CAMERA_2': ['ISO', 'weight', 'price', 'camera_type'], 'CAMERA_3': []}",C_LEAVES,DOOR,NONE,,S_RETURNS_TO_COUNTER,SERVICE_COUNTER,NONE,,
32,1,NONE,[],"{'CAMERA_1': [], 'CAMERA_2': [], 'CAMERA_3': []}",C_ENTERS,DOOR,NONE,,S_NONE,SERVICE_COUNTER,NONE,,
32,2,NONE,[],"{'CAMERA_1': [], 'CAMERA_2': [], 'CAMERA_3': []}",C_GREETS,MIDDLE,NONE,hello,S_GREETS,MIDDLE,NONE,can I help you?,
32,3,CAMERA_2,['CAMERA_2'],"{'CAMERA_1': [], 'CAMERA_2': [], 'CAMERA_3': []}",C_LOOKING_FOR_A_CAMERA,MIDDLE,NONE,I'm looking for a camera,S_INTRODUCES_CAMERA,CAMERA_2,,Let me show you this. Here we have the Sony Alpha a6000.,39~55
32,4,CAMERA_2,['CAMERA_2'],"{'CAMERA_1': [], 'CAMERA_2': ['autofocus_points'], 'CAMERA_3': []}",C_QUESTION_ABOUT_FEATURE,CAMERA_2,autofocus_points,how many autofocus points does it have,S_ANSWERS_QUESTION_ABOUT_FEATURE,CAMERA_2,autofocus_points,This one has 179 autofocus points.,13~33
32,5,CAMERA_2,['CAMERA_2'],"{'CAMERA_1': [], 'CAMERA_2': ['autofocus_points', 'camera_type'], 'CAMERA_3': []}",C_SILENT_OR_BACKCHANNEL,CAMERA_2,NONE,alright,S_INTRODUCES_FEATURE,CAMERA_2,camera_type,This is a mirrorless camera.,10~20
32,6,CAMERA_2,['CAMERA_2'],"{'CAMERA_1': [], 'CAMERA_2': ['autofocus_points', 'camera_type', 'sensor_size'], 'CAMERA_3': []}",C_QUESTION_ABOUT_FEATURE,CAMERA_2,sensor_size,what is the sensor size,S_ANSWERS_QUESTION_ABOUT_FEATURE,CAMERA_2,sensor_size,This one has a APS-C sensor (crop sensor).,15~41
32,7,CAMERA_2,['CAMERA_2'],"{'CAMERA_1': [], 'CAMERA_2': ['autofocus_points', 'camera_type', 'sensor_size', 'weight'], 'CAMERA_3': []}",C_SILENT_OR_BACKCHANNEL,CAMERA_2,NONE,alright,S_INTRODUCES_FEATURE,CAMERA_2,weight,This one weighs 470 grams.,16~25
32,8,CAMERA_2,['CAMERA_2'],"{'CAMERA_1': [], 'CAMERA_2': ['autofocus_points', 'camera_type', 'sensor_size', 'weight', 'color'], 'CAMERA_3': []}",C_SILENT_OR_BACKCHANNEL,CAMERA_2,NONE,I see,S_INTRODUCES_FEATURE,CAMERA_2,color,"This one comes in white, silver, black.",18~38
32,9,CAMERA_2,['CAMERA_2'],"{'CAMERA_1': [], 'CAMERA_2': ['autofocus_points', 'camera_type', 'sensor_size', 'weight', 'color', 'ISO'], 'CAMERA_3': []}",C_SILENT_OR_BACKCHANNEL,CAMERA_2,NONE,alright,S_INTRODUCES_FEATURE,CAMERA_2,ISO,This one has up to 3200 ISO with little noise.,13~45
32,10,CAMERA_2,['CAMERA_2'],"{'CAMERA_1': [], 'CAMERA_2': ['autofocus_points', 'camera_type', 'sensor_size', 'weight', 'color', 'ISO', 'price'], 'CAMERA_3': []}",C_SILENT_OR_BACKCHANNEL,CAMERA_2,NONE,I see,S_INTRODUCES_FEATURE,CAMERA_2,price,This one costs $1341.,15~20
32,11,CAMERA_2,['CAMERA_2'],"{'CAMERA_1': [], 'CAMERA_2': ['autofocus_points', 'camera_type', 'sensor_size', 'weight', 'color', 'ISO', 'price', 'settings'], 'CAMERA_3': []}",C_SILENT_OR_BACKCHANNEL,CAMERA_2,NONE,I see,S_INTRODUCES_FEATURE,CAMERA_2,settings,This one has full manual control.,13~32
32,12,CAMERA_2,['CAMERA_2'],"{'CAMERA_1': [], 'CAMERA_2': ['autofocus_points', 'camera_type', 'sensor_size', 'weight', 'color', 'ISO', 'price', 'settings', 'effects'], 'CAMERA_3': []}",C_SILENT_OR_BACKCHANNEL,CAMERA_2,NONE,okay,S_INTRODUCES_FEATURE,CAMERA_2,effects,"This one has 13 artistic effect modes (e.g. toy camera, soft focus).",13~67
32,13,CAMERA_2,['CAMERA_2'],"{'CAMERA_1': [], 'CAMERA_2': ['autofocus_points', 'camera_type', 'sensor_size', 'weight', 'color', 'ISO', 'price', 'settings', 'effects', 'preset_modes'], 'CAMERA_3': []}",C_QUESTION_ABOUT_FEATURE,CAMERA_2,preset_modes,does it have preset modes,S_ANSWERS_QUESTION_ABOUT_FEATURE,CAMERA_2,preset_modes,"This one has 9 preset modes (e.g. beach, snow, night, portrait).",13~63
32,14,CAMERA_2,['CAMERA_2'],"{'CAMERA_1': [], 'CAMERA_2': ['autofocus_points', 'camera_type', 'sensor_size', 'weight', 'color', 'ISO', 'price', 'settings', 'effects', 'preset_modes', 'long_exposure'], 'CAMERA_3': []}",C_SILENT_OR_BACKCHANNEL,CAMERA_2,NONE,I see,S_INTRODUCES_FEATURE,CAMERA_2,long_exposure,This one can take long exposures up to up to 30 seconds.,39~55
32,15,CAMERA_2,['CAMERA_2'],"{'CAMERA_1': [], 'CAMERA_2': ['autofocus_points', 'camera_type', 'sensor_size', 'weight', 'color', 'ISO', 'price', 'settings', 'effects', 'preset_modes', 'long_exposure', 'effects'], 'CAMERA_3': []}",C_SILENT_OR_BACKCHANNEL,CAMERA_2,NONE,I see,S_INTRODUCES_FEATURE,CAMERA_2,effects,"This one has 13 artistic effect modes (e.g. toy camera, soft focus).",13~67
32,16,CAMERA_3,"['CAMERA_2', 'CAMERA_3']","{'CAMERA_1': [], 'CAMERA_2': ['autofocus_points', 'camera_type', 'sensor_size', 'weight', 'color', 'ISO', 'price', 'settings', 'effects', 'preset_modes', 'long_exposure', 'effects'], 'CAMERA_3': []}",C_ANYTHING_ELSE_AVAILABLE,CAMERA_2,NONE,ok do you have any other cameras,S_INTRODUCES_CAMERA,CAMERA_3,,Let me show you this. Here we have the Canon EOS 5D Mark III.,39~60
32,17,CAMERA_3,"['CAMERA_2', 'CAMERA_3']","{'CAMERA_1': [], 'CAMERA_2': ['autofocus_points', 'camera_type', 'sensor_size', 'weight', 'color', 'ISO', 'price', 'settings', 'effects', 'preset_modes', 'long_exposure', 'effects'], 'CAMERA_3': ['color']}",C_QUESTION_ABOUT_FEATURE,CAMERA_3,color,what colors does this one come in,S_ANSWERS_QUESTION_ABOUT_FEATURE,CAMERA_3,color,This one comes in black.,18~23
32,18,CAMERA_3,"['CAMERA_2', 'CAMERA_3']","{'CAMERA_1': [], 'CAMERA_2': ['autofocus_points', 'camera_type', 'sensor_size', 'weight', 'color', 'ISO', 'price', 'settings', 'effects', 'preset_modes', 'long_exposure', 'effects'], 'CAMERA_3': ['color', 'settings']}",C_SILENT_OR_BACKCHANNEL,CAMERA_3,NONE,I see,S_INTRODUCES_FEATURE,CAMERA_3,settings,This one has full manual control.,13~32
32,19,CAMERA_3,"['CAMERA_2', 'CAMERA_3']","{'CAMERA_1': [], 'CAMERA_2': ['autofocus_points', 'camera_type', 'sensor_size', 'weight', 'color', 'ISO', 'price', 'settings', 'effects', 'preset_modes', 'long_exposure', 'effects'], 'CAMERA_3': ['color', 'settings', 'camera_type']}",C_SILENT_OR_BACKCHANNEL,CAMERA_3,NONE,alright,S_INTRODUCES_FEATURE,CAMERA_3,camera_type,This is a DSLR camera.,10~14
32,20,CAMERA_1,"['CAMERA_2', 'CAMERA_3', 'CAMERA_1']","{'CAMERA_1': [], 'CAMERA_2': ['autofocus_points', 'camera_type', 'sensor_size', 'weight', 'color', 'ISO', 'price', 'settings', 'effects', 'preset_modes', 'long_exposure', 'effects'], 'CAMERA_3': ['color', 'settings', 'camera_type']}",C_ANYTHING_ELSE_AVAILABLE,CAMERA_3,NONE,ok do you have any other cameras,S_INTRODUCES_CAMERA,CAMERA_1,,Let me show you this. Here we have the Nikon Coolpix S2800.,39~58
32,21,CAMERA_1,"['CAMERA_2', 'CAMERA_3', 'CAMERA_1']","{'CAMERA_1': ['effects'], 'CAMERA_2': ['autofocus_points', 'camera_type', 'sensor_size', 'weight', 'color', 'ISO', 'price', 'settings', 'effects', 'preset_modes', 'long_exposure', 'effects'], 'CAMERA_3': ['color', 'settings', 'camera_type']}",C_SILENT_OR_BACKCHANNEL,CAMERA_1,NONE,I see,S_INTRODUCES_FEATURE,CAMERA_1,effects,"This one has 12 glamor retouch effects (e.g. skin softening, small face, big eyes).",13~82
32,22,CAMERA_1,"['CAMERA_2', 'CAMERA_3', 'CAMERA_1']","{'CAMERA_1': ['effects', 'weight'], 'CAMERA_2': ['autofocus_points', 'camera_type', 'sensor_size', 'weight', 'color', 'ISO', 'price', 'settings', 'effects', 'preset_modes', 'long_exposure', 'effects'], 'CAMERA_3': ['color', 'settings', 'camera_type']}",C_SILENT_OR_BACKCHANNEL,CAMERA_1,NONE,alright,S_INTRODUCES_FEATURE,CAMERA_1,weight,This one weighs 120 grams.,16~25
32,23,NONE,"['CAMERA_2', 'CAMERA_3', 'CAMERA_1']","{'CAMERA_1': ['effects', 'weight'], 'CAMERA_2': ['autofocus_points', 'camera_type', 'sensor_size', 'weight', 'color', 'ISO', 'price', 'settings', 'effects', 'preset_modes', 'long_exposure', 'effects'], 'CAMERA_3': ['color', 'settings', 'camera_type']}",C_THANK_YOU,CAMERA_1,NONE,thank you for your help,S_THANK_YOU,CAMERA_1,NONE,thank you very much,
32,24,NONE,"['CAMERA_2', 'CAMERA_3', 'CAMERA_1']","{'CAMERA_1': ['effects', 'weight'], 'CAMERA_2': ['autofocus_points', 'camera_type', 'sensor_size', 'weight', 'color', 'ISO', 'price', 'settings', 'effects', 'preset_modes', 'long_exposure', 'effects'], 'CAMERA_3': ['color', 'settings', 'camera_type']}",C_LEAVES,DOOR,NONE,,S_RETURNS_TO_COUNTER,SERVICE_COUNTER,NONE,,
33,1,NONE,[],"{'CAMERA_1': [], 'CAMERA_2': [], 'CAMERA_3': []}",C_ENTERS,DOOR,NONE,,S_NONE,SERVICE_COUNTER,NONE,,
33,2,NONE,[],"{'CAMERA_1': [], 'CAMERA_2': [], 'CAMERA_3': []}",C_WALKS_TO_CAMERA,CAMERA_1,NONE,,S_GREETS,CAMERA_1,NONE,can I help you?,
33,3,CAMERA_2,['CAMERA_2'],"{'CAMERA_1': [], 'CAMERA_2': [], 'CAMERA_3': []}",C_LOOKING_FOR_A_CAMERA,CAMERA_1,NONE,I'm looking for a camera,S_INTRODUCES_CAMERA,CAMERA_2,,Let me show you this. Here we have the Sony Alpha a6000.,39~55
33,4,CAMERA_2,['CAMERA_2'],"{'CAMERA_1': [], 'CAMERA_2': ['weight'], 'CAMERA_3': []}",C_QUESTION_ABOUT_FEATURE,CAMERA_2,weight,how much does this one weigh,S_ANSWERS_QUESTION_ABOUT_FEATURE,CAMERA_2,weight,This one weighs 470 grams.,16~25
33,5,CAMERA_2,['CAMERA_2'],"{'CAMERA_1': [], 'CAMERA_2': ['weight', 'sensor_size'], 'CAMERA_3': []}",C_QUESTION_ABOUT_FEATURE,CAMERA_2,sensor_size,what is the sensor size,S_ANSWERS_QUESTION_ABOUT_FEATURE,CAMERA_2,sensor_size,This one has a APS-C sensor (crop sensor).,15~41
33,6,CAMERA_2,['CAMERA_2'],"{'CAMERA_1': [], 'CAMERA_2': ['weight', 'sensor_size', 'color'], 'CAMERA_3': []}",C_SILENT_OR_BACKCHANNEL,CAMERA_2,NONE,I see,S_INTRODUCES_FEATURE,CAMERA_2,color,"This one comes in white, silver, black.",18~38
33,7,NONE,['CAMERA_2'],"{'CAMERA_1': [], 'CAMERA_2': ['weight', 'sensor_size', 'color'], 'CAMERA_3': []}",C_THANK_YOU,CAMERA_2,NONE,thank you for your help,S_THANK_YOU,CAMERA_2,NONE,thank you very much,
33,8,NONE,['CAMERA_2'],"{'CAMERA_1': [], 'CAMERA_2': ['weight', 'sensor_size', 'color'], 'CAMERA_3': []}",C_LEAVES,DOOR,NONE,,S_RETURNS_TO_COUNTER,SERVICE_COUNTER,NONE,,
34,1,NONE,[],"{'CAMERA_1': [], 'CAMERA_2': [], 'CAMERA_3': []}",C_ENTERS,DOOR,NONE,,S_NONE,SERVICE_COUNTER,NONE,,
34,2,NONE,[],"{'CAMERA_1': [], 'CAMERA_2': [], 'CAMERA_3': []}",C_GREETS,MIDDLE,NONE,hello,S_GREETS,MIDDLE,NONE,can I help you?,
34,3,CAMERA_1,['CAMERA_1'],"{'CAMERA_1': [], 'CAMERA_2': [], 'CAMERA_3': []}",C_LOOKING_FOR_A_CAMERA,MIDDLE,NONE,I'm looking for a camera,S_INTRODUCES_CAMERA,CAMERA_1,,Let me show you this. Here we have the Nikon Coolpix S2800.,39~58
34,4,CAMERA_1,['CAMERA_1'],"{'CAMERA_1': ['effects'], 'CAMERA_2': [], 'CAMERA_3': []}",C_QUESTION_ABOUT_FEATURE,CAMERA_1,effects,does it have any effect modes,S_ANSWERS_QUESTION_ABOUT_FEATURE,CAMERA_1,effects,"This one has 12 glamor retouch effects (e.g. skin softening, small face, big eyes).",13~82
34,5,CAMERA_1,['CAMERA_1'],"{'CAMERA_1': ['effects', 'settings'], 'CAMERA_2': [], 'CAMERA_3': []}",C_QUESTION_ABOUT_FEATURE,CAMERA_1,settings,what kind of settings does it have,S_ANSWERS_QUESTION_ABOUT_FEATURE,CAMERA_1,settings,This one has limited manual settings.,13~36
34,6,CAMERA_1,['CAMERA_1'],"{'CAMERA_1': ['effects', 'settings', 'weight'], 'CAMERA_2': [], 'CAMERA_3': []}",C_SILENT_OR_BACKCHANNEL,CAMERA_1,NONE,okay,S_INTRODUCES_FEATURE,CAMERA_1,weight,This one weighs 120 grams.,16~25
34,7,CAMERA_2,"['CAMERA_1', 'CAMERA_2']","{'CAMERA_1': ['effects', 'settings', 'weight'], 'CAMERA_2': [], 'CAMERA_3': []}",C_ANYTHING_ELSE_AVAILABLE,CAMERA_1,NONE,ok do you have any other cameras,S_INTRODUCES_CAMERA,CAMERA_2,,Let me show you this. Here we have the Sony Alpha a6000.,39~55
34,8,CAMERA_2,"['CAMERA_1', 'CAMERA_2']","{'CAMERA_1': ['effects', 'settings', 'weight'], 'CAMERA_2': ['settings'], 'CAMERA_3': []}",C_SILENT_OR_BACKCHANNEL,CAMERA_2,NONE,alright,S_INTRODUCES_FEATURE,CAMERA_2,settings,This one has full manual control.,13~32
34,9,CAMERA_2,"['CAMERA_1', 'CAMERA_2']","{'CAMERA_1': ['effects', 'settings', 'weight'], 'CAMERA_2': ['settings', 'autofocus_points'], 'CAMERA_3': []}",C_SILENT_OR_BACKCHANNEL,CAMERA_2,NONE,okay,S_INTRODUCES_FEATURE,CAMERA_2,autofocus_points,This one has 179 autofocus points.,13~33
34,10,CAMERA_2,"['CAMERA_1', 'CAMERA_2']","{'CAMERA_1': ['effects', 'settings', 'weight'], 'CAMERA_2': ['settings', 'autofocus_points', 'long_exposure'], 'CAMERA_3': []}",C_SILENT_OR_BACKCHANNEL,CAMERA_2,NONE,okay,S_INTRODUCES_FEATURE,CAMERA_2,long_exposure,This one can take long exposures up to up to 30 seconds.,39~55
34,11,CAMERA_2,"['CAMERA_1', 'CAMERA_2']","{'CAMERA_1': ['effects', 'settings', 'weight'], 'CAMERA_2': ['settings', 'autofocus_points', 'long_exposure', 'color'], 'CAMERA_3': []}",C_SILENT_OR_BACKCHANNEL,CAMERA_2,NONE,I see,S_INTRODUCES_FEATURE,CAMERA_2,color,"This one comes in white, silver, black.",18~38
34,12,CAMERA_3,"['CAMERA_1', 'CAMERA_2', 'CAMERA_3']","{'CAMERA_1': ['effects', 'settings', 'weight'], 'CAMERA_2': ['settings', 'autofocus_points', 'long_exposure', 'color'], 'CAMERA_3': []}",C_ANYTHING_ELSE_AVAILABLE,CAMERA_2,NONE,ok do you have any other cameras,S_INTRODUCES_CAMERA,CAMERA_3,,Let me show you this. Here we have the Canon EOS 5D Mark III.,39~60
34,13,CAMERA_3,"['CAMERA_1', 'CAMERA_2', 'CAMERA_3']","{'CAMERA_1': ['effects', 'settings', 'weight'], 'CAMERA_2': ['settings', 'autofocus_points', 'long_exposure', 'color'], 'CAMERA_3': ['camera_type']}",C_SILENT_OR_BACKCHANNEL,CAMERA_3,NONE,alright,S_INTRODUCES_FEATURE,CAMERA_3,camera_type,This is a DSLR camera.,10~14
34,14,CAMERA_3,"['CAMERA_1', 'CAMERA_2', 'CAMERA_3']","{'CAMERA_1': ['effects', 'settings', 'weight'], 'CAMERA_2': ['settings', 'autofocus_points', 'long_exposure', 'color'], 'CAMERA_3': ['camera_type', 'color']}",C_SILENT_OR_BACKCHANNEL,CAMERA_3,NONE,alright,S_INTRODUCES_FEATURE,CAMERA_3,color,This one comes in black.,18~23
34,15,NONE,"['CAMERA_1', 'CAMERA_2', 'CAMERA_3']","{'CAMERA_1': ['effects', 'settings', 'weight'], 'CAMERA_2': ['settings', 'autofocus_points', 'long_exposure', 'color'], 'CAMERA_3': ['camera_type', 'color']}",C_THANK_YOU,CAMERA_3,NONE,thank you for your help,S_THANK_YOU,CAMERA_3,NONE,thank you very much,
34,16,NONE,"['CAMERA_1', 'CAMERA_2', 'CAMERA_3']","{'CAMERA_1': ['effects', 'settings', 'weight'], 'CAMERA_2': ['settings', 'autofocus_points', 'long_exposure', 'color'], 'CAMERA_3': ['camera_type', 'color']}",C_LEAVES,DOOR,NONE,,S_RETURNS_TO_COUNTER,SERVICE_COUNTER,NONE,,
35,1,NONE,[],"{'CAMERA_1': [], 'CAMERA_2': [], 'CAMERA_3': []}",C_ENTERS,DOOR,NONE,,S_NONE,SERVICE_COUNTER,NONE,,
35,2,NONE,[],"{'CAMERA_1': [], 'CAMERA_2': [], 'CAMERA_3': []}",C_WALKS_TO_CAMERA,CAMERA_3,NONE,,S_NONE,SERVICE_COUNTER,NONE,,
35,3,CAMERA_3,['CAMERA_3'],"{'CAMERA_1': [], 'CAMERA_2': [], 'CAMERA_3': ['optical_zoom']}",C_QUESTION_ABOUT_FEATURE,CAMERA_3,optical_zoom,does it have optical zoom,S_NOT_SURE,CAMERA_3,,I'm not really sure about that,
35,4,CAMERA_3,['CAMERA_3'],"{'CAMERA_1': [], 'CAMERA_2': [], 'CAMERA_3': ['optical_zoom', 'sensor_size']}",C_QUESTION_ABOUT_FEATURE,CAMERA_3,sensor_size,what is the sensor size,S_ANSWERS_QUESTION_ABOUT_FEATURE,CAMERA_3,sensor_size,This one has a full frame.,15~25
35,5,CAMERA_3,['CAMERA_3'],"{'CAMERA_1': [], 'CAMERA_2': [], 'CAMERA_3': ['optical_zoom', 'sensor_size', 'settings']}",C_SILENT_OR_BACKCHANNEL,CAMERA_3,NONE,I see,S_INTRODUCES_FEATURE,CAMERA_3,settings,This one has full manual control.,13~32
35,6,NONE,['CAMERA_3'],"{'CAMERA_1': [], 'CAMERA_2': [], 'CAMERA_3': ['optical_zoom', 'sensor_size', 'settings']}",C_THANK_YOU,CAMERA_3,NONE,thank you for your help,S_THANK_YOU,CAMERA_3,NONE,thank you very much,
35,7,NONE,['CAMERA_3'],"{'CAMERA_1': [], 'CAMERA_2': [], 'CAMERA_3': ['optical_zoom', 'sensor_size', 'settings']}",C_LEAVES,DOOR,NONE,,S_RETURNS_TO_COUNTER,SERVICE_COUNTER,NONE,,
36,1,NONE,[],"{'CAMERA_1': [], 'CAMERA_2': [], 'CAMERA_3': []}",C_ENTERS,DOOR,NONE,,S_NONE,SERVICE_COUNTER,NONE,,
36,2,NONE,[],"{'CAMERA_1': [], 'CAMERA_2': [], 'CAMERA_3': []}",C_GREETS,MIDDLE,NONE,hello,S_GREETS,MIDDLE,NONE,can I help you?,
36,3,CAMERA_3,['CAMERA_3'],"{'CAMERA_1': [], 'CAMERA_2': [], 'CAMERA_3': []}",C_LOOKING_FOR_A_CAMERA,MIDDLE,NONE,I'm looking for a camera,S_INTRODUCES_CAMERA,CAMERA_3,,Let me show you this. Here we have the Canon EOS 5D Mark III.,39~60
36,4,CAMERA_3,['CAMERA_3'],"{'CAMERA_1': [], 'CAMERA_2': [], 'CAMERA_3': ['weight']}",C_SILENT_OR_BACKCHANNEL,CAMERA_3,NONE,alright,S_INTRODUCES_FEATURE,CAMERA_3,weight,This one weighs 950 grams (only body).,16~37
36,5,NONE,['CAMERA_3'],"{'CAMERA_1': [], 'CAMERA_2': [], 'CAMERA_3': ['weight']}",C_THANK_YOU,CAMERA_3,NONE,thank you for your help,S_THANK_YOU,CAMERA_3,NONE,thank you very much,
36,6,NONE,['CAMERA_3'],"{'CAMERA_1': [], 'CAMERA_2': [], 'CAMERA_3': ['weight']}",C_LEAVES,DOOR,NONE,,S_RETURNS_TO_COUNTER,SERVICE_COUNTER,NONE,,
37,1,NONE,[],"{'CAMERA_1': [], 'CAMERA_2': [], 'CAMERA_3': []}",C_ENTERS,DOOR,NONE,,S_NONE,SERVICE_COUNTER,NONE,,
37,2,NONE,[],"{'CAMERA_1': [], 'CAMERA_2': [], 'CAMERA_3': []}",C_GREETS,MIDDLE,NONE,hello,S_GREETS,MIDDLE,NONE,can I help you?,
37,3,CAMERA_3,['CAMERA_3'],"{'CAMERA_1': [], 'CAMERA_2': [], 'CAMERA_3': []}",C_LOOKING_FOR_A_CAMERA,MIDDLE,NONE,I'm looking for a camera,S_INTRODUCES_CAMERA,CAMERA_3,,Let me show you this. Here we have the Canon EOS 5D Mark III.,39~60
37,4,CAMERA_3,['CAMERA_3'],"{'CAMERA_1': [], 'CAMERA_2': [], 'CAMERA_3': ['ISO']}",C_QUESTION_ABOUT_FEATURE,CAMERA_3,ISO,what is the ISO,S_ANSWERS_QUESTION_ABOUT_FEATURE,CAMERA_3,ISO,This one has up to 6400 ISO with little noise.,13~45
37,5,CAMERA_3,['CAMERA_3'],"{'CAMERA_1': [], 'CAMERA_2': [], 'CAMERA_3': ['ISO', 'color']}",C_QUESTION_ABOUT_FEATURE,CAMERA_3,color,what colors does this one come in,S_ANSWERS_QUESTION_ABOUT_FEATURE,CAMERA_3,color,This one comes in black.,18~23
37,6,CAMERA_3,['CAMERA_3'],"{'CAMERA_1': [], 'CAMERA_2': [], 'CAMERA_3': ['ISO', 'color', 'weight']}",C_QUESTION_ABOUT_FEATURE,CAMERA_3,weight,how much does this one weigh,S_ANSWERS_QUESTION_ABOUT_FEATURE,CAMERA_3,weight,This one weighs 950 grams (only body).,16~37
37,7,CAMERA_3,['CAMERA_3'],"{'CAMERA_1': [], 'CAMERA_2': [], 'CAMERA_3': ['ISO', 'color', 'weight', 'price']}",C_SILENT_OR_BACKCHANNEL,CAMERA_3,NONE,I see,S_INTRODUCES_FEATURE,CAMERA_3,price,This one costs $3706.,15~20
37,8,CAMERA_3,['CAMERA_3'],"{'CAMERA_1': [], 'CAMERA_2': [], 'CAMERA_3': ['ISO', 'color', 'weight', 'price', 'effects']}",C_QUESTION_ABOUT_FEATURE,CAMERA_3,effects,does it have any effect modes,S_NOT_SURE,CAMERA_3,,I'm not really sure about that,
37,9,CAMERA_3,['CAMERA_3'],"{'CAMERA_1': [], 'CAMERA_2': [], 'CAMERA_3': ['ISO', 'color', 'weight', 'price', 'effects', 'long_exposure']}",C_SILENT_OR_BACKCHANNEL,CAMERA_3,NONE,okay,S_INTRODUCES_FEATURE,CAMERA_3,long_exposure,"This one can take long exposures up to up to 30 seconds, bulb mode: expose as long as you want.",39~94
37,10,CAMERA_3,['CAMERA_3'],"{'CAMERA_1': [], 'CAMERA_2': [], 'CAMERA_3': ['ISO', 'color', 'weight', 'price', 'effects', 'long_exposure', 'camera_type']}",C_SILENT_OR_BACKCHANNEL,CAMERA_3,NONE,okay,S_INTRODUCES_FEATURE,CAMERA_3,camera_type,This is a DSLR camera.,10~14
37,11,CAMERA_3,['CAMERA_3'],"{'CAMERA_1': [], 'CAMERA_2': [], 'CAMERA_3': ['ISO', 'color', 'weight', 'price', 'effects', 'long_exposure', 'camera_type', 'autofocus_points']}",C_SILENT_OR_BACKCHANNEL,CAMERA_3,NONE,okay,S_INTRODUCES_FEATURE,CAMERA_3,autofocus_points,This one has 61 autofocus points.,13~32
37,12,NONE,['CAMERA_3'],"{'CAMERA_1': [], 'CAMERA_2': [], 'CAMERA_3': ['ISO', 'color', 'weight', 'price', 'effects', 'long_exposure', 'camera_type', 'autofocus_points']}",C_THANK_YOU,CAMERA_3,NONE,thank you for your help,S_THANK_YOU,CAMERA_3,NONE,thank you very much,
37,13,NONE,['CAMERA_3'],"{'CAMERA_1': [], 'CAMERA_2': [], 'CAMERA_3': ['ISO', 'color', 'weight', 'price', 'effects', 'long_exposure', 'camera_type', 'autofocus_points']}",C_LEAVES,DOOR,NONE,,S_RETURNS_TO_COUNTER,SERVICE_COUNTER,NONE,,
38,1,NONE,[],"{'CAMERA_1': [], 'CAMERA_2': [], 'CAMERA_3': []}",C_ENTERS,DOOR,NONE,,S_NONE,SERVICE_COUNTER,NONE,,
38,2,NONE,[],"{'CAMERA_1': [], 'CAMERA_2': [], 'CAMERA_3': []}",C_GREETS,MIDDLE,NONE,hello,S_GREETS,MIDDLE,NONE,can I help you?,
38,3,CAMERA_1,['CAMERA_1'],"{'CAMERA_1': [], 'CAMERA_2': [], 'CAMERA_3': []}",C_LOOKING_FOR_A_CAMERA,MIDDLE,NONE,I'm looking for a camera,S_INTRODUCES_CAMERA,CAMERA_1,,Let me show you this. Here we have the Nikon Coolpix S2800.,39~58
38,4,CAMERA_1,['CAMERA_1'],"{'CAMERA_1': ['weight'], 'CAMERA_2': [], 'CAMERA_3': []}",C_SILENT_OR_BACKCHANNEL,CAMERA_1,NONE,I see,S_INTRODUCES_FEATURE,CAMERA_1,weight,This one weighs 120 grams.,16~25
38,5,CAMERA_1,['CAMERA_1'],"{'CAMERA_1': ['weight', 'color'], 'CAMERA_2': [], 'CAMERA_3': []}",C_QUESTION_ABOUT_FEATURE,CAMERA_1,color,what colors does this one come in,S_ANSWERS_QUESTION_ABOUT_FEATURE,CAMERA_1,color,"This one comes in purple, pink, black, silver, red.",18~50
38,6,CAMERA_1,['CAMERA_1'],"{'CAMERA_1': ['weight', 'color', 'resolution'], 'CAMERA_2': [], 'CAMERA_3': []}",C_SILENT_OR_BACKCHANNEL,CAMERA_1,NONE,alright,S_INTRODUCES_FEATURE,CAMERA_1,resolution,This one has 20.1 megapixels resolution.,13~28
38,7,CAMERA_1,['CAMERA_1'],"{'CAMERA_1': ['weight', 'color', 'resolution', 'effects'], 'CAMERA_2': [], 'CAMERA_3': []}",C_SILENT_OR_BACKCHANNEL,CAMERA_1,NONE,I see,S_INTRODUCES_FEATURE,CAMERA_1,effects,"This one has 12 glamor retouch effects (e.g. skin softening, small face, big eyes).",13~82
38,8,CAMERA_1,['CAMERA_1'],"{'CAMERA_1': ['weight', 'color', 'resolution', 'effects', 'optical_zoom'], 'CAMERA_2': [], 'CAMERA_3': []}",C_SILENT_OR_BACKCHANNEL,CAMERA_1,NONE,okay,S_INTRODUCES_FEATURE,CAMERA_1,optical_zoom,This one has 5x optical zoom.,13~28
38,9,NONE,['CAMERA_1'],"{'CAMERA_1': ['weight', 'color', 'resolution', 'effects', 'optical_zoom'], 'CAMERA_2': [], 'CAMERA_3': []}",C_THANK_YOU,CAMERA_1,NONE,thank you for your help,S_THANK_YOU,CAMERA_1,NONE,thank you very much,
38,10,NONE,['CAMERA_1'],"{'CAMERA_1': ['weight', 'color', 'resolution', 'effects', 'optical_zoom'], 'CAMERA_2': [], 'CAMERA_3': []}",C_LEAVES,DOOR,NONE,,S_RETURNS_TO_COUNTER,SERVICE_COUNTER,NONE,,
39,1,NONE,[],"{'CAMERA_1': [], 'CAMERA_2': [], 'CAMERA_3': []}",C_ENTERS,DOOR,NONE,,S_NONE,SERVICE_COUNTER,NONE,,
39,2,NONE,[],"{'CAMERA_1': [], 'CAMERA_2': [], 'CAMERA_3': []}",C_GREETS,MIDDLE,NONE,hello,S_GREETS,MIDDLE,NONE,can I help you?,
39,3,CAMERA_1,['CAMERA_1'],"{'CAMERA_1': [], 'CAMERA_2': [], 'CAMERA_3': []}",C_LOOKING_FOR_A_CAMERA,MIDDLE,NONE,I'm looking for a camera,S_INTRODUCES_CAMERA,CAMERA_1,,Let me show you this. Here we have the Nikon Coolpix S2800.,39~58
39,4,CAMERA_1,['CAMERA_1'],"{'CAMERA_1': ['preset_modes'], 'CAMERA_2': [], 'CAMERA_3': []}",C_QUESTION_ABOUT_FEATURE,CAMERA_1,preset_modes,does it have preset modes,S_ANSWERS_QUESTION_ABOUT_FEATURE,CAMERA_1,preset_modes,"This one has 18 preset modes (e.g. beach, snow, night portrait).",13~63
39,5,NONE,['CAMERA_1'],"{'CAMERA_1': ['preset_modes'], 'CAMERA_2': [], 'CAMERA_3': []}",C_THANK_YOU,CAMERA_1,NONE,thank you for your help,S_THANK_YOU,CAMERA_1,NONE,thank you very much,
39,6,NONE,['CAMERA_1'],"{'CAMERA_1': ['preset_modes'], 'CAMERA_2': [], 'CAMERA_3': []}",C_LEAVES,DOOR,NONE,,S_RETURNS_TO_COUNTER,SERVICE_COUNTER,NONE,,
40,1,NONE,[],"{'CAMERA_1': [], 'CAMERA_2': [], 'CAMERA_3': []}",C_ENTERS,DOOR,NONE,,S_NONE,SERVICE_COUNTER,NONE,,
40,2,NONE,[],"{'CAMERA_1': [], 'CAMERA_2': [], 'CAMERA_3': []}",C_WALKS_TO_CAMERA,CAMERA_2,NONE,,S_NONE,SERVICE_COUNTER,NONE,,
40,3,CAMERA_2,['CAMERA_2'],"{'CAMERA_1': [], 'CAMERA_2': ['ISO'], 'CAMERA_3': []}",C_QUESTION_ABOUT_FEATURE,CAMERA_2,ISO,what is the ISO,S_ANSWERS_QUESTION_ABOUT_FEATURE,CAMERA_2,ISO,This one has up to 3200 ISO with little noise.,13~45
40,4,CAMERA_1,"['CAMERA_2', 'CAMERA_1']","{'CAMERA_1': [], 'CAMERA_2': ['ISO'], 'CAMERA_3': []}",C_ANYTHING_ELSE_AVAILABLE,CAMERA_2,NONE,ok do you have any other cameras,S_INTRODUCES_CAMERA,CAMERA_1,,Let me show you this. Here we have the Nikon Coolpix S2800.,39~58
40,5,CAMERA_1,"['CAMERA_2', 'CAMERA_1']","{'CAMERA_1': ['autofocus_points'], 'CAMERA_2': ['ISO'], 'CAMERA_3': []}",C_QUESTION_ABOUT_FEATURE,CAMERA_1,autofocus_points,how many autofocus points does it have,S_NOT_SURE,CAMERA_1,,I'm not really sure about that,
40,6,CAMERA_1,"['CAMERA_2', 'CAMERA_1']","{'CAMERA_1': ['autofocus_points', 'weight'], 'CAMERA_2': ['ISO'], 'CAMERA_3': []}",C_QUESTION_ABOUT_FEATURE,CAMERA_1,weight,how much does this one weigh,S_ANSWERS_QUESTION_ABOUT_FEATURE,CAMERA_1,weight,This one weighs 120 grams.,16~25
40,7,CAMERA_1,"['CAMERA_2', 'CAMERA_1']","{'CAMERA_1': ['autofocus_points', 'weight', 'color'], 'CAMERA_2': ['ISO'], 'CAMERA_3': []}",C_SILENT_OR_BACKCHANNEL,CAMERA_1,NONE,okay,S_INTRODUCES_FEATURE,CAMERA_1,color,"This one comes in purple, pink, black, silver, red.",18~50
40,8,NONE,"['CAMERA_2', 'CAMERA_1']","{'CAMERA_1': ['autofocus_points', 'weight', 'color'], 'CAMERA_2': ['ISO'], 'CAMERA_3': []}",C_THANK_YOU,CAMERA_1,NONE,thank you for your help,S_THANK_YOU,CAMERA_1,NONE,thank you very much,
40,9,NONE,"['CAMERA_2', 'CAMERA_1']","{'CAMERA_1': ['autofocus_points', 'weight', 'color'], 'CAMERA_2': ['ISO'], 'CAMERA_3': []}",C_LEAVES,DOOR,NONE,,S_RETURNS_TO_COUNTER,SERVICE_COUNTER,NONE,,
41,1,NONE,[],"{'CAMERA_1': [], 'CAMERA_2': [], 'CAMERA_3': []}",C_ENTERS,DOOR,NONE,,S_NONE,SERVICE_COUNTER,NONE,,
41,2,NONE,[],"{'CAMERA_1': [], 'CAMERA_2': [], 'CAMERA_3': []}",C_WALKS_TO_CAMERA,CAMERA_3,NONE,,S_GREETS,CAMERA_3,NONE,can I help you?,
41,3,CAMERA_2,['CAMERA_2'],"{'CAMERA_1': [], 'CAMERA_2': [], 'CAMERA_3': []}",C_LOOKING_FOR_A_CAMERA,CAMERA_3,NONE,I'm looking for a camera,S_INTRODUCES_CAMERA,CAMERA_2,,Let me show you this. Here we have the Sony Alpha a6000.,39~55
41,4,CAMERA_2,['CAMERA_2'],"{'CAMERA_1': [], 'CAMERA_2': ['settings'], 'CAMERA_3': []}",C_SILENT_OR_BACKCHANNEL,CAMERA_2,NONE,alright,S_INTRODUCES_FEATURE,CAMERA_2,settings,This one has full manual control.,13~32
41,5,CAMERA_2,['CAMERA_2'],"{'CAMERA_1': [], 'CAMERA_2': ['settings', 'ISO'], 'CAMERA_3': []}",C_SILENT_OR_BACKCHANNEL,CAMERA_2,NONE,I see,S_INTRODUCES_FEATURE,CAMERA_2,ISO,This one has up to 3200 ISO with little noise.,13~45
41,6,CAMERA_2,['CAMERA_2'],"{'CAMERA_1': [], 'CAMERA_2': ['settings', 'ISO', 'long_exposure'], 'CAMERA_3': []}",C_QUESTION_ABOUT_FEATURE,CAMERA_2,long_exposure,can it take long exposure shots,S_ANSWERS_QUESTION_ABOUT_FEATURE,CAMERA_2,long_exposure,This one can take long exposures up to up to 30 seconds.,39~55
41,7,CAMERA_2,['CAMERA_2'],"{'CAMERA_1': [], 'CAMERA_2': ['settings', 'ISO', 'long_exposure', 'weight'], 'CAMERA_3': []}",C_QUESTION_ABOUT_FEATURE,CAMERA_2,weight,how much does this one weigh,S_ANSWERS_QUESTION_ABOUT_FEATURE,CAMERA_2,weight,This one weighs 470 grams.,16~25
41,8,CAMERA_2,['CAMERA_2'],"{'CAMERA_1': [], 'CAMERA_2': ['settings', 'ISO', 'long_exposure', 'weight', 'sensor_size'], 'CAMERA_3': []}",C_QUESTION_ABOUT_FEATURE,CAMERA_2,sensor_size,what is the sensor size,S_ANSWERS_QUESTION_ABOUT_FEATURE,CAMERA_2,sensor_size,This one has a APS-C sensor (crop sensor).,15~41
41,9,CAMERA_2,['CAMERA_2'],"{'CAMERA_1': [], 'CAMERA_2': ['settings', 'ISO', 'long_exposure', 'weight', 'sensor_size', 'price'], 'CAMERA_3': []}",C_QUESTION_ABOUT_FEATURE,CAMERA_2,price,how much does it cost,S_ANSWERS_QUESTION_ABOUT_FEATURE,CAMERA_2,price,This one costs $1341.,15~20
41,10,CAMERA_2,['CAMERA_2'],"{'CAMERA_1': [], 'CAMERA_2': ['settings', 'ISO', 'long_exposure', 'weight', 'sensor_size', 'price', 'optical_zoom'], 'CAMERA_3': []}",C_QUESTION_ABOUT_FEATURE,CAMERA_2,optical_zoom,does it have optical zoom,S_NOT_SURE,CAMERA_2,,I'm not really sure about that,
41,11,CAMERA_2,['CAMERA_2'],"{'CAMERA_1': [], 'CAMERA_2': ['settings', 'ISO', 'long_exposure', 'weight', 'sensor_size', 'price', 'optical_zoom', 'autofocus_points'], 'CAMERA_3': []}",C_QUESTION_ABOUT_FEATURE,CAMERA_2,autofocus_points,how many autofocus points does it have,S_ANSWERS_QUESTION_ABOUT_FEATURE,CAMERA_2,autofocus_points,This one has 179 autofocus points.,13~33
41,12,CAMERA_2,['CAMERA_2'],"{'CAMERA_1': [], 'CAMERA_2': ['settings', 'ISO', 'long_exposure', 'weight', 'sensor_size', 'price', 'optical_zoom', 'autofocus_points', 'camera_type'], 'CAMERA_3': []}",C_SILENT_OR_BACKCHANNEL,CAMERA_2,NONE,I see,S_INTRODUCES_FEATURE,CAMERA_2,camera_type,This is a mirrorless camera.,10~20
41,13,CAMERA_2,['CAMERA_2'],"{'CAMERA_1': [], 'CAMERA_2': ['settings', 'ISO', 'long_exposure', 'weight', 'sensor_size', 'price', 'optical_zoom', 'autofocus_points', 'camera_type', 'effects'], 'CAMERA_3': []}",C_SILENT_OR_BACKCHANNEL,CAMERA_2,NONE,alright,S_INTRODUCES_FEATURE,CAMERA_2,effects,"This one has 13 artistic effect modes (e.g. toy camera, soft focus).",13~67
41,14,NONE,['CAMERA_2'],"{'CAMERA_1': [], 'CAMERA_2': ['settings', 'ISO', 'long_exposure', 'weight', 'sensor_size', 'price', 'optical_zoom', 'autofocus_points', 'camera_type', 'effects'], 'CAMERA_3': []}",C_THANK_YOU,CAMERA_2,NONE,thank you for your help,S_THANK_YOU,CAMERA_2,NONE,thank you very much,
41,15,NONE,['CAMERA_2'],"{'CAMERA_1': [], 'CAMERA_2': ['settings', 'ISO', 'long_exposure', 'weight', 'sensor_size', 'price', 'optical_zoom', 'autofocus_points', 'camera_type', 'effects'], 'CAMERA_3': []}",C_LEAVES,DOOR,NONE,,S_RETURNS_TO_COUNTER,SERVICE_COUNTER,NONE,,
42,1,NONE,[],"{'CAMERA_1': [], 'CAMERA_2': [], 'CAMERA_3': []}",C_ENTERS,DOOR,NONE,,S_NONE,SERVICE_COUNTER,NONE,,
42,2,NONE,[],"{'CAMERA_1': [], 'CAMERA_2': [], 'CAMERA_3': []}",C_WALKS_TO_CAMERA,CAMERA_3,NONE,,S_GREETS,CAMERA_3,NONE,can I help you?,
42,3,CAMERA_3,['CAMERA_3'],"{'CAMERA_1': [], 'CAMERA_2': [], 'CAMERA_3': []}",C_LOOKING_FOR_A_CAMERA,CAMERA_3,NONE,I'm looking for a camera,S_INTRODUCES_CAMERA,CAMERA_3,,Let me show you this. Here we have the Canon EOS 5D Mark III.,39~60
42,4,CAMERA_3,['CAMERA_3'],"{'CAMERA_1': [], 'CAMERA_2': [], 'CAMERA_3': ['effects']}",C_QUESTION_ABOUT_FEATURE,CAMERA_3,effects,does it have any effect modes,S_NOT_SURE,CAMERA_3,,I'm not really sure about that,
42,5,CAMERA_3,['CAMERA_3'],"{'CAMERA_1': [], 'CAMERA_2': [], 'CAMERA_3': ['effects', 'price']}",C_SILENT_OR_BACKCHANNEL,CAMERA_3,NONE,okay,S_INTRODUCES_FEATURE,CAMERA_3,price,This one costs $3706.,15~20
42,6,NONE,['CAMERA_3'],"{'CAMERA_1': [], 'CAMERA_2': [], 'CAMERA_3': ['effects', 'price']}",C_THANK_YOU,CAMERA_3,NONE,thank you for your help,S_THANK_YOU,CAMERA_3,NONE,thank you very much,
42,7,NONE,['CAMERA_3'],"{'CAMERA_1': [], 'CAMERA_2': [], 'CAMERA_3': ['effects', 'price']}",C_LEAVES,DOOR,NONE,,S_RETURNS_TO_COUNTER,SERVICE_COUNTER,NONE,,
43,1,NONE,[],"{'CAMERA_1': [], 'CAMERA_2': [], 'CAMERA_3': []}",C_ENTERS,DOOR,NONE,,S_NONE,SERVICE_COUNTER,NONE,,
43,2,NONE,[],"{'CAMERA_1': [], 'CAMERA_2': [], 'CAMERA_3': []}",C_GREETS,MIDDLE,NONE,hello,S_GREETS,MIDDLE,NONE,can I help you?,
43,3,CAMERA_1,['CAMERA_1'],"{'CAMERA_1': [], 'CAMERA_2': [], 'CAMERA_3': []}",C_LOOKING_FOR_A_CAMERA,MIDDLE,NONE,I'm looking for a camera,S_INTRODUCES_CAMERA,CAMERA_1,,Let me show you this. Here we have the Nikon Coolpix S2800.,39~58
43,4,CAMERA_1,['CAMERA_1'],"{'CAMERA_1': ['effects'], 'CAMERA_2': [], 'CAMERA_3': []}",C_SILENT_OR_BACKCHANNEL,CAMERA_1,NONE,okay,S_INTRODUCES_FEATURE,CAMERA_1,effects,"This one has 12 glamor retouch effects (e.g. skin softening, small face, big eyes).",13~82
43,5,CAMERA_1,['CAMERA_1'],"{'CAMERA_1': ['effects', 'optical_zoom'], 'CAMERA_2': [], 'CAMERA_3': []}",C_SILENT_OR_BACKCHANNEL,CAMERA_1,NONE,alright,S_INTRODUCES_FEATURE,CAMERA_1,optical_zoom,This one has 5x optical zoom.,13~28
43,6,CAMERA_1,['CAMERA_1'],"{'CAMERA_1': ['effects', 'optical_zoom', 'price'], 'CAMERA_2': [], 'CAMERA_3': []}",C_SILENT_OR_BACKCHANNEL,CAMERA_1,NONE,alright,S_INTRODUCES_FEATURE,CAMERA_1,price,This one costs $2173.,15~20
43,7,CAMERA_1,['CAMERA_1'],"{'CAMERA_1': ['effects', 'optical_zoom', 'price', 'long_exposure'], 'CAMERA_2': [], 'CAMERA_3': []}",C_QUESTION_ABOUT_FEATURE,CAMERA_1,long_exposure,can it take long exposure shots,S_NOT_SURE,CAMERA_1,,I'm not really sure about that,
43,8,CAMERA_1,['CAMERA_1'],"{'CAMERA_1': ['effects', 'optical_zoom', 'price', 'long_exposure', 'settings'], 'CAMERA_2': [], 'CAMERA_3': []}",C_SILENT_OR_BACKCHANNEL,CAMERA_1,NONE,alright,S_INTRODUCES_FEATURE,CAMERA_1,settings,This one has limited manual settings.,13~36
43,9,CAMERA_1,['CAMERA_1'],"{'CAMERA_1': ['effects', 'optical_zoom', 'price', 'long_exposure', 'settings', 'ISO'], 'CAMERA_2': [], 'CAMERA_3': []}",C_QUESTION_ABOUT_FEATURE,CAMERA_1,ISO,what is the ISO,S_NOT_SURE,CAMERA_1,,I'm not really sure about that,
43,10,CAMERA_1,['CAMERA_1'],"{'CAMERA_1': ['effects', 'optical_zoom', 'price', 'long_exposure', 'settings', 'ISO', 'camera_type'], 'CAMERA_2': [], 'CAMERA_3': []}",C_SILENT_OR_BACKCHANNEL,CAMERA_1,NONE,I see,S_INTRODUCES_FEATURE,CAMERA_1,camera_type,This is a point and shoot camera.,10~25
43,11,NONE,['CAMERA_1'],"{'CAMERA_1': ['effects', 'optical_zoom', 'price', 'long_exposure', 'settings', 'ISO', 'camera_type'], 'CAMERA_2': [], 'CAMERA_3': []}",C_THANK_YOU,CAMERA_1,NONE,thank you for your help,S_THANK_YOU,CAMERA_1,NONE,thank you very much,
43,12,NONE,['CAMERA_1'],"{'CAMERA_1': ['effects', 'optical_zoom', 'price', 'long_exposure', 'settings', 'ISO', 'camera_type'], 'CAMERA_2': [], 'CAMERA_3': []}",C_LEAVES,DOOR,NONE,,S_RETURNS_TO_COUNTER,SERVICE_COUNTER,NONE,,
44,1,NONE,[],"{'CAMERA_1': [], 'CAMERA_2': [], 'CAMERA_3': []}",C_ENTERS,DOOR,NONE,,S_NONE,SERVICE_COUNTER,NONE,,
44,2,NONE,[],"{'CAMERA_1': [], 'CAMERA_2': [], 'CAMERA_3': []}",C_GREETS,MIDDLE,NONE,hello,S_GREETS,MIDDLE,NONE,can I help you?,
44,3,CAMERA_3,['CAMERA_3'],"{'CAMERA_1': [], 'CAMERA_2': [], 'CAMERA_3': []}",C_LOOKING_FOR_A_CAMERA,MIDDLE,NONE,I'm looking for a camera,S_INTRODUCES_CAMERA,CAMERA_3,,Let me show you this. Here we have the Canon EOS 5D Mark III.,39~60
44,4,CAMERA_3,['CAMERA_3'],"{'CAMERA_1': [], 'CAMERA_2': [], 'CAMERA_3': ['camera_type']}",C_QUESTION_ABOUT_FEATURE,CAMERA_3,camera_type,what kind of camera is this,S_ANSWERS_QUESTION_ABOUT_FEATURE,CAMERA_3,camera_type,This is a DSLR camera.,10~14
44,5,CAMERA_3,['CAMERA_3'],"{'CAMERA_1': [], 'CAMERA_2': [], 'CAMERA_3': ['camera_type', 'long_exposure']}",C_QUESTION_ABOUT_FEATURE,CAMERA_3,long_exposure,can it take long exposure shots,S_ANSWERS_QUESTION_ABOUT_FEATURE,CAMERA_3,long_exposure,"This one can take long exposures up to up to 30 seconds, bulb mode: expose as long as you want.",39~94
44,6,CAMERA_3,['CAMERA_3'],"{'CAMERA_1': [], 'CAMERA_2': [], 'CAMERA_3': ['camera_type', 'long_exposure', 'ISO']}",C_SILENT_OR_BACKCHANNEL,CAMERA_3,NONE,I see,S_INTRODUCES_FEATURE,CAMERA_3,ISO,This one has up to 6400 ISO with little noise.,13~45
44,7,CAMERA_3,['CAMERA_3'],"{'CAMERA_1': [], 'CAMERA_2': [], 'CAMERA_3': ['camera_type', 'long_exposure', 'ISO', 'settings']}",C_SILENT_OR_BACKCHANNEL,CAMERA_3,NONE,okay,S_INTRODUCES_FEATURE,CAMERA_3,settings,This one has full manual control.,13~32
44,8,CAMERA_2,"['CAMERA_3', 'CAMERA_2']","{'CAMERA_1': [], 'CAMERA_2': [], 'CAMERA_3': ['camera_type', 'long_exposure', 'ISO', 'settings']}",C_ANYTHING_ELSE_AVAILABLE,CAMERA_3,NONE,ok do you have any other cameras,S_INTRODUCES_CAMERA,CAMERA_2,,Let me show you this. Here we have the Sony Alpha a6000.,39~55
44,9,CAMERA_2,"['CAMERA_3', 'CAMERA_2']","{'CAMERA_1': [], 'CAMERA_2': ['camera_type'], 'CAMERA_3': ['camera_type', 'long_exposure', 'ISO', 'settings']}",C_QUESTION_ABOUT_FEATURE,CAMERA_2,camera_type,what kind of camera is this,S_ANSWERS_QUESTION_ABOUT_FEATURE,CAMERA_2,camera_type,This is a mirrorless camera.,10~20
44,10,CAMERA_2,"['CAMERA_3', 'CAMERA_2']","{'CAMERA_1': [], 'CAMERA_2': ['camera_type', 'autofocus_points'], 'CAMERA_3': ['camera_type', 'long_exposure', 'ISO', 'settings']}",C_SILENT_OR_BACKCHANNEL,CAMERA_2,NONE,okay,S_INTRODUCES_FEATURE,CAMERA_2,autofocus_points,This one has 179 autofocus points.,13~33
44,11,CAMERA_2,"['CAMERA_3', 'CAMERA_2']","{'CAMERA_1': [], 'CAMERA_2': ['camera_type', 'autofocus_points', 'color'], 'CAMERA_3': ['camera_type', 'long_exposure', 'ISO', 'settings']}",C_SILENT_OR_BACKCHANNEL,CAMERA_2,NONE,I see,S_INTRODUCES_FEATURE,CAMERA_2,color,"This one comes in white, silver, black.",18~38
44,12,NONE,"['CAMERA_3', 'CAMERA_2']","{'CAMERA_1': [], 'CAMERA_2': ['camera_type', 'autofocus_points', 'color'], 'CAMERA_3': ['camera_type', 'long_exposure', 'ISO', 'settings']}",C_THANK_YOU,CAMERA_2,NONE,thank you for your help,S_THANK_YOU,CAMERA_2,NONE,thank you very much,
44,13,NONE,"['CAMERA_3', 'CAMERA_2']","{'CAMERA_1': [], 'CAMERA_2': ['camera_type', 'autofocus_points', 'color'], 'CAMERA_3': ['camera_type', 'long_exposure', 'ISO', 'settings']}",C_LEAVES,DOOR,NONE,,S_RETURNS_TO_COUNTER,SERVICE_COUNTER,NONE,,
45,1,NONE,[],"{'CAMERA_1': [], 'CAMERA_2': [], 'CAMERA_3': []}",C_ENTERS,DOOR,NONE,,S_NONE,SERVICE_COUNTER,NONE,,
45,2,NONE,[],"{'CAMERA_1': [], 'CAMERA_2': [], 'CAMERA_3': []}",C_WALKS_TO_CAMERA,CAMERA_3,NONE,,S_GREETS,CAMERA_3,NONE,can I help you?,
45,3,CAMERA_3,['CAMERA_3'],"{'CAMERA_1': [], 'CAMERA_2': [], 'CAMERA_3': []}",C_LOOKING_FOR_A_CAMERA,CAMERA_3,NONE,I'm looking for a camera,S_INTRODUCES_CAMERA,CAMERA_3,,Let me show you this. Here we have the Canon EOS 5D Mark III.,39~60
45,4,CAMERA_3,['CAMERA_3'],"{'CAMERA_1': [], 'CAMERA_2': [], 'CAMERA_3': ['preset_modes']}",C_QUESTION_ABOUT_FEATURE,CAMERA_3,preset_modes,does it have preset modes,S_NOT_SURE,CAMERA_3,,I'm not really sure about that,
45,5,CAMERA_3,['CAMERA_3'],"{'CAMERA_1': [], 'CAMERA_2': [], 'CAMERA_3': ['preset_modes', 'sensor_size']}",C_QUESTION_ABOUT_FEATURE,CAMERA_3,sensor_size,what is the sensor size,S_ANSWERS_QUESTION_ABOUT_FEATURE,CAMERA_3,sensor_size,This one has a full frame.,15~25
45,6,CAMERA_1,"['CAMERA_3', 'CAMERA_1']","{'CAMERA_1': [], 'CAMERA_2': [], 'CAMERA_3': ['preset_modes', 'sensor_size']}",C_ANYTHING_ELSE_AVAILABLE,CAMERA_3,NONE,ok do you have any other cameras,S_INTRODUCES_CAMERA,CAMERA_1,,Let me show you this. Here we have the Nikon Coolpix S2800.,39~58
45,7,CAMERA_1,"['CAMERA_3', 'CAMERA_1']","{'CAMERA_1': ['autofocus_points'], 'CAMERA_2': [], 'CAMERA_3': ['preset_modes', 'sensor_size']}",C_QUESTION_ABOUT_FEATURE,CAMERA_1,autofocus_points,how many autofocus points does it have,S_NOT_SURE,CAMERA_1,,I'm not really sure about that,
45,8,CAMERA_1,"['CAMERA_3', 'CAMERA_1']","{'CAMERA_1': ['autofocus_points', 'camera_type'], 'CAMERA_2': [], 'CAMERA_3': ['preset_modes', 'sensor_size']}",C_QUESTION_ABOUT_FEATURE,CAMERA_1,camera_type,what kind of camera is this,S_ANSWERS_QUESTION_ABOUT_FEATURE,CAMERA_1,camera_type,This is a point and shoot camera.,10~25
45,9,CAMERA_1,"['CAMERA_3', 'CAMERA_1']","{'CAMERA_1': ['autofocus_points', 'camera_type', 'resolution'], 'CAMERA_2': [], 'CAMERA_3': ['preset_modes', 'sensor_size']}",C_SILENT_OR_BACKCHANNEL,CAMERA_1,NONE,I see,S_INTRODUCES_FEATURE,CAMERA_1,resolution,This one has 20.1 megapixels resolution.,13~28
45,10,CAMERA_1,"['CAMERA_3', 'CAMERA_1']","{'CAMERA_1': ['autofocus_points', 'camera_type', 'resolution', 'color'], 'CAMERA_2': [], 'CAMERA_3': ['preset_modes', 'sensor_size']}",C_QUESTION_ABOUT_FEATURE,CAMERA_1,color,what colors does this one come in,S_ANSWERS_QUESTION_ABOUT_FEATURE,CAMERA_1,color,"This one comes in purple, pink, black, silver, red.",18~50
45,11,CAMERA_1,"['CAMERA_3', 'CAMERA_1']","{'CAMERA_1': ['autofocus_points', 'camera_type', 'resolution', 'color', 'optical_zoom'], 'CAMERA_2': [], 'CAMERA_3': ['preset_modes', 'sensor_size']}",C_SILENT_OR_BACKCHANNEL,CAMERA_1,NONE,I see,S_INTRODUCES_FEATURE,CAMERA_1,optical_zoom,This one has 5x optical zoom.,13~28
45,12,CAMERA_1,"['CAMERA_3', 'CAMERA_1']","{'CAMERA_1': ['autofocus_points', 'camera_type', 'resolution', 'color', 'optical_zoom', 'settings'], 'CAMERA_2': [], 'CAMERA_3': ['preset_modes', 'sensor_size']}",C_QUESTION_ABOUT_FEATURE,CAMERA_1,settings,what kind of settings does it have,S_ANSWERS_QUESTION_ABOUT_FEATURE,CAMERA_1,settings,This one has limited manual settings.,13~36
45,13,CAMERA_1,"['CAMERA_3', 'CAMERA_1']","{'CAMERA_1': ['autofocus_points', 'camera_type', 'resolution', 'color', 'optical_zoom', 'settings', 'ISO'], 'CAMERA_2': [], 'CAMERA_3': ['preset_modes', 'sensor_size']}",C_QUESTION_ABOUT_FEATURE,CAMERA_1,ISO,what is the ISO,S_NOT_SURE,CAMERA_1,,I'm not really sure about that,
45,14,NONE,"['CAMERA_3', 'CAMERA_1']","{'CAMERA_1': ['autofocus_points', 'camera_type', 'resolution', 'color', 'optical_zoom', 'settings', 'ISO'], 'CAMERA_2': [], 'CAMERA_3': ['preset_modes', 'sensor_size']}",C_THANK_YOU,CAMERA_1,NONE,thank you for your help,S_THANK_YOU,CAMERA_1,NONE,thank you very much,
45,15,NONE,"['CAMERA_3', 'CAMERA_1']","{'CAMERA_1': ['autofocus_points', 'camera_type', 'resolution', 'color', 'optical_zoom', 'settings', 'ISO'], 'CAMERA_2': [], 'CAMERA_3': ['preset_modes', 'sensor_size']}",C_LEAVES,DOOR,NONE,,S_RETURNS_TO_COUNTER,SERVICE_COUNTER,NONE,,
46,1,NONE,[],"{'CAMERA_1': [], 'CAMERA_2': [], 'CAMERA_3': []}",C_ENTERS,DOOR,NONE,,S_NONE,SERVICE_COUNTER,NONE,,
46,2,NONE,[],"{'CAMERA_1': [], 'CAMERA_2': [], 'CAMERA_3': []}",C_GREETS,MIDDLE,NONE,hello,S_GREETS,MIDDLE,NONE,can I help you?,
46,3,CAMERA_2,['CAMERA_2'],"{'CAMERA_1': [], 'CAMERA_2': [], 'CAMERA_3': []}",C_LOOKING_FOR_A_CAMERA,MIDDLE,NONE,I'm looking for a camera,S_INTRODUCES_CAMERA,CAMERA_2,,Let me show you this. Here we have the Sony Alpha a6000.,39~55
46,4,CAMERA_2,['CAMERA_2'],"{'CAMERA_1': [], 'CAMERA_2': ['camera_type'], 'CAMERA_3': []}",C_SILENT_OR_BACKCHANNEL,CAMERA_2,NONE,okay,S_INTRODUCES_FEATURE,CAMERA_2,camera_type,This is a mirrorless camera.,10~20
46,5,CAMERA_2,['CAMERA_2'],"{'CAMERA_1': [], 'CAMERA_2': ['camera_type', 'resolution'], 'CAMERA_3': []}",C_QUESTION_ABOUT_FEATURE,CAMERA_2,resolution,what is the resolution,S_NOT_SURE,CAMERA_2,,I'm not really sure about that,
46,6,CAMERA_2,['CAMERA_2'],"{'CAMERA_1': [], 'CAMERA_2': ['camera_type', 'resolution', 'long_exposure'], 'CAMERA_3': []}",C_SILENT_OR_BACKCHANNEL,CAMERA_2,NONE,alright,S_INTRODUCES_FEATURE,CAMERA_2,long_exposure,This one can take long exposures up to up to 30 seconds.,39~55
46,7,CAMERA_2,['CAMERA_2'],"{'CAMERA_1': [], 'CAMERA_2': ['camera_type', 'resolution', 'long_exposure', 'color'], 'CAMERA_3': []}",C_SILENT_OR_BACKCHANNEL,CAMERA_2,NONE,I see,S_INTRODUCES_FEATURE,CAMERA_2,color,"This one comes in white, silver, black.",18~38
46,8,CAMERA_2,['CAMERA_2'],"{'CAMERA_1': [], 'CAMERA_2': ['camera_type', 'resolution', 'long_exposure', 'color', 'weight'], 'CAMERA_3': []}",C_QUESTION_ABOUT_FEATURE,CAMERA_2,weight,how much does this one weigh,S_ANSWERS_QUESTION_ABOUT_FEATURE,CAMERA_2,weight,This one weighs 470 grams.,16~25
46,9,CAMERA_3,"['CAMERA_2', 'CAMERA_3']","{'CAMERA_1': [], 'CAMERA_2': ['camera_type', 'resolution', 'long_exposure', 'color', 'weight'], 'CAMERA_3': []}",C_ANYTHING_ELSE_AVAILABLE,CAMERA_2,NONE,ok do you have any other cameras,S_INTRODUCES_CAMERA,CAMERA_3,,Let me show you this. Here we have the Canon EOS 5D Mark III.,39~60
46,10,CAMERA_3,"['CAMERA_2', 'CAMERA_3']","{'CAMERA_1': [], 'CAMERA_2': ['camera_type', 'resolution', 'long_exposure', 'color', 'weight'], 'CAMERA_3': ['ISO']}",C_QUESTION_ABOUT_FEATURE,CAMERA_3,ISO,what is the ISO,S_ANSWERS_QUESTION_ABOUT_FEATURE,CAMERA_3,ISO,This one has up to 6400 ISO with little noise.,13~45
46,11,CAMERA_3,"['CAMERA_2', 'CAMERA_3']","{'CAMERA_1': [], 'CAMERA_2': ['camera_type', 'resolution', 'long_exposure', 'color', 'weight'], 'CAMERA_3': ['ISO', 'sensor_size']}",C_QUESTION_ABOUT_FEATURE,CAMERA_3,sensor_size,what is the sensor size,S_ANSWERS_QUESTION_ABOUT_FEATURE,CAMERA_3,sensor_size,This one has a full frame.,15~25
46,12,CAMERA_3,"['CAMERA_2', 'CAMERA_3']","{'CAMERA_1': [], 'CAMERA_2': ['camera_type', 'resolution', 'long_exposure', 'color', 'weight'], 'CAMERA_3': ['ISO', 'sensor_size', 'price']}",C_SILENT_OR_BACKCHANNEL,CAMERA_3,NONE,okay,S_INTRODUCES_FEATURE,CAMERA_3,price,This one costs $3706.,15~20
46,13,CAMERA_3,"['CAMERA_2', 'CAMERA_3']","{'CAMERA_1': [], 'CAMERA_2': ['camera_type', 'resolution', 'long_exposure', 'color', 'weight'], 'CAMERA_3': ['ISO', 'sensor_size', 'price', 'autofocus_points']}",C_QUESTION_ABOUT_FEATURE,CAMERA_3,autofocus_points,how many autofocus points does it have,S_ANSWERS_QUESTION_ABOUT_FEATURE,CAMERA_3,autofocus_points,This one has 61 autofocus points.,13~32
46,14,NONE,"['CAMERA_2', 'CAMERA_3']","{'CAMERA_1': [], 'CAMERA_2': ['camera_type', 'resolution', 'long_exposure', 'color', 'weight'], 'CAMERA_3': ['ISO', 'sensor_size', 'price', 'autofocus_points']}",C_THANK_YOU,CAMERA_3,NONE,thank you for your help,S_THANK_YOU,CAMERA_3,NONE,thank you very much,
46,15,NONE,"['CAMERA_2', 'CAMERA_3']","{'CAMERA_1': [], 'CAMERA_2': ['camera_type', 'resolution', 'long_exposure', 'color', 'weight'], 'CAMERA_3': ['ISO', 'sensor_size', 'price', 'autofocus_points']}",C_LEAVES,DOOR,NONE,,S_RETURNS_TO_COUNTER,SERVICE_COUNTER,NONE,,
47,1,NONE,[],"{'CAMERA_1': [], 'CAMERA_2': [], 'CAMERA_3': []}",C_ENTERS,DOOR,NONE,,S_NONE,SERVICE_COUNTER,NONE,,
47,2,NONE,[],"{'CAMERA_1': [], 'CAMERA_2': [], 'CAMERA_3': []}",C_WALKS_TO_CAMERA,CAMERA_3,NONE,,S_NONE,SERVICE_COUNTER,NONE,,
47,3,CAMERA_3,['CAMERA_3'],"{'CAMERA_1': [], 'CAMERA_2': [], 'CAMERA_3': ['resolution']}",C_QUESTION_ABOUT_FEATURE,CAMERA_3,resolution,what is the resolution,S_NOT_SURE,CAMERA_3,,I'm not really sure about that,
47,4,CAMERA_2,"['CAMERA_3', 'CAMERA_2']","{'CAMERA_1': [], 'CAMERA_2': [], 'CAMERA_3': ['resolution']}",C_ANYTHING_ELSE_AVAILABLE,CAMERA_3,NONE,ok do you have any other cameras,S_INTRODUCES_CAMERA,CAMERA_2,,Let me show you this. Here we have the Sony Alpha a6000.,39~55
47,5,CAMERA_2,"['CAMERA_3', 'CAMERA_2']","{'CAMERA_1': [], 'CAMERA_2': ['resolution'], 'CAMERA_3': ['resolution']}",C_QUESTION_ABOUT_FEATURE,CAMERA_2,resolution,what is the resolution,S_NOT_SURE,CAMERA_2,,I'm not really sure about that,
47,6,CAMERA_2,"['CAMERA_3', 'CAMERA_2']","{'CAMERA_1': [], 'CAMERA_2': ['resolution', 'long_exposure'], 'CAMERA_3': ['resolution']}",C_QUESTION_ABOUT_FEATURE,CAMERA_2,long_exposure,can it take long exposure shots,S_ANSWERS_QUESTION_ABOUT_FEATURE,CAMERA_2,long_exposure,This one can take long exposures up to up to 30 seconds.,39~55
47,7,CAMERA_2,"['CAMERA_3', 'CAMERA_2']","{'CAMERA_1': [], 'CAMERA_2': ['resolution', 'long_exposure', 'ISO'], 'CAMERA_3': ['resolution']}",C_QUESTION_ABOUT_FEATURE,CAMERA_2,ISO,what is the ISO,S_ANSWERS_QUESTION_ABOUT_FEATURE,CAMERA_2,ISO,This one has up to 3200 ISO with little noise.,13~45
47,8,CAMERA_2,"['CAMERA_3', 'CAMERA_2']","{'CAMERA_1': [], 'CAMERA_2': ['resolution', 'long_exposure', 'ISO', 'effects'], 'CAMERA_3': ['resolution']}",C_QUESTION_ABOUT_FEATURE,CAMERA_2,effects,does it have any effect modes,S_ANSWERS_QUESTION_ABOUT_FEATURE,CAMERA_2,effects,"This one has 13 artistic effect modes (e.g. toy camera, soft focus).",13~67
47,9,NONE,"['CAMERA_3', 'CAMERA_2']","{'CAMERA_1': [], 'CAMERA_2': ['resolution', 'long_exposure', 'ISO', 'effects'], 'CAMERA_3': ['resolution']}",C_THANK_YOU,CAMERA_2,NONE,thank you for your help,S_THANK_YOU,CAMERA_2,NONE,thank you very much,
47,10,NONE,"['CAMERA_3', 'CAMERA_2']","{'CAMERA_1': [], 'CAMERA_2': ['resolution', 'long_exposure', 'ISO', 'effects'], 'CAMERA_3': ['resolution']}",C_LEAVES,DOOR,NONE,,S_RETURNS_TO_COUNTER,SERVICE_COUNTER,NONE,,
48,1,NONE,[],"{'CAMERA_1': [], 'CAMERA_2': [], 'CAMERA_3': []}",C_ENTERS,DOOR,NONE,,S_NONE,SERVICE_COUNTER,NONE,,
48,2,NONE,[],"{'CAMERA_1': [], 'CAMERA_2': [], 'CAMERA_3': []}",C_GREETS,MIDDLE,NONE,hello,S_GREETS,MIDDLE,NONE,can I help you?,
48,3,CAMERA_3,['CAMERA_3'],"{'CAMERA_1': [], 'CAMERA_2': [], 'CAMERA_3': []}",C_LOOKING_FOR_A_CAMERA,MIDDLE,NONE,I'm looking for a camera,S_INTRODUCES_CAMERA,CAMERA_3,,Let me show you this. Here we have the Canon EOS 5D Mark III.,39~60
48,4,CAMERA_3,['CAMERA_3'],"{'CAMERA_1': [], 'CAMERA_2': [], 'CAMERA_3': ['camera_type']}",C_QUESTION_ABOUT_FEATURE,CAMERA_3,camera_type,what kind of camera is this,S_ANSWERS_QUESTION_ABOUT_FEATURE,CAMERA_3,camera_type,This is a DSLR camera.,10~14
48,5,CAMERA_3,['CAMERA_3'],"{'CAMERA_1': [], 'CAMERA_2': [], 'CAMERA_3': ['camera_type', 'sensor_size']}",C_QUESTION_ABOUT_FEATURE,CAMERA_3,sensor_size,what is the sensor size,S_ANSWERS_QUESTION_ABOUT_FEATURE,CAMERA_3,sensor_size,This one has a full frame.,15~25
48,6,CAMERA_3,['CAMERA_3'],"{'CAMERA_1': [], 'CAMERA_2': [], 'CAMERA_3': ['camera_type', 'sensor_size', 'autofocus_points']}",C_QUESTION_ABOUT_FEATURE,CAMERA_3,autofocus_points,how many autofocus points does it have,S_ANSWERS_QUESTION_ABOUT_FEATURE,CAMERA_3,autofocus_points,This one has 61 autofocus points.,13~32
48,7,CAMERA_3,['CAMERA_3'],"{'CAMERA_1': [], 'CAMERA_2': [], 'CAMERA_3': ['camera_type', 'sensor_size', 'autofocus_points', 'weight']}",C_SILENT_OR_BACKCHANNEL,CAMERA_3,NONE,I see,S_INTRODUCES_FEATURE,CAMERA_3,weight,This one weighs 950 grams (only body).,16~37
48,8,CAMERA_3,['CAMERA_3'],"{'CAMERA_1': [], 'CAMERA_2': [], 'CAMERA_3': ['camera_type', 'sensor_size', 'autofocus_points', 'weight', 'settings']}",C_QUESTION_ABOUT_FEATURE,CAMERA_3,settings,what kind of settings does it have,S_ANSWERS_QUESTION_ABOUT_FEATURE,CAMERA_3,settings,This one has full manual control.,13~32
48,9,NONE,['CAMERA_3'],"{'CAMERA_1': [], 'CAMERA_2': [], 'CAMERA_3': ['camera_type', 'sensor_size', 'autofocus_points', 'weight', 'settings']}",C_THANK_YOU,CAMERA_3,NONE,thank you for your help,S_THANK_YOU,CAMERA_3,NONE,thank you very much,
48,10,NONE,['CAMERA_3'],"{'CAMERA_1': [], 'CAMERA_2': [], 'CAMERA_3': ['camera_type', 'sensor_size', 'autofocus_points', 'weight', 'settings']}",C_LEAVES,DOOR,NONE,,S_RETURNS_TO_COUNTER,SERVICE_COUNTER,NONE,,
49,1,NONE,[],"{'CAMERA_1': [], 'CAMERA_2': [], 'CAMERA_3': []}",C_ENTERS,DOOR,NONE,,S_NONE,SERVICE_COUNTER,NONE,,
49,2,NONE,[],"{'CAMERA_1': [], 'CAMERA_2': [], 'CAMERA_3': []}",C_WALKS_TO_CAMERA,CAMERA_3,NONE,,S_GREETS,CAMERA_3,NONE,can I help you?,
49,3,CAMERA_2,['CAMERA_2'],"{'CAMERA_1': [], 'CAMERA_2': [], 'CAMERA_3': []}",C_LOOKING_FOR_A_CAMERA,CAMERA_3,NONE,I'm looking for a camera,S_INTRODUCES_CAMERA,CAMERA_2,,Let me show you this. Here we have the Sony Alpha a6000.,39~55
49,4,CAMERA_2,['CAMERA_2'],"{'CAMERA_1': [], 'CAMERA_2': ['autofocus_points'], 'CAMERA_3': []}",C_SILENT_OR_BACKCHANNEL,CAMERA_2,NONE,alright,S_INTRODUCES_FEATURE,CAMERA_2,autofocus_points,This one has 179 autofocus points.,13~33
49,5,CAMERA_2,['CAMERA_2'],"{'CAMERA_1': [], 'CAMERA_2': ['autofocus_points', 'sensor_size'], 'CAMERA_3': []}",C_QUESTION_ABOUT_FEATURE,CAMERA_2,sensor_size,what is the sensor size,S_ANSWERS_QUESTION_ABOUT_FEATURE,CAMERA_2,sensor_size,This one has a APS-C sensor (crop sensor).,15~41
49,6,CAMERA_2,['CAMERA_2'],"{'CAMERA_1': [], 'CAMERA_2': ['autofocus_points', 'sensor_size', 'long_exposure'], 'CAMERA_3': []}",C_SILENT_OR_BACKCHANNEL,CAMERA_2,NONE,I see,S_INTRODUCES_FEATURE,CAMERA_2,long_exposure,This one can take long exposures up to up to 30 seconds.,39~55
49,7,CAMERA_2,['CAMERA_2'],"{'CAMERA_1': [], 'CAMERA_2': ['autofocus_points', 'sensor_size', 'long_exposure', 'ISO'], 'CAMERA_3': []}",C_QUESTION_ABOUT_FEATURE,CAMERA_2,ISO,what is the ISO,S_ANSWERS_QUESTION_ABOUT_FEATURE,CAMERA_2,ISO,This one has up to 3200 ISO with little noise.,13~45
49,8,CAMERA_2,['CAMERA_2'],"{'CAMERA_1': [], 'CAMERA_2': ['autofocus_points', 'sensor_size', 'long_exposure', 'ISO', 'settings'], 'CAMERA_3': []}",C_SILENT_OR_BACKCHANNEL,CAMERA_2,NONE,alright,S_INTRODUCES_FEATURE,CAMERA_2,settings,This one has full manual control.,13~32
49,9,CAMERA_2,['CAMERA_2'],"{'CAMERA_1': [], 'CAMERA_2': ['autofocus_points', 'sensor_size', 'long_exposure', 'ISO', 'settings', 'camera_type'], 'CAMERA_3': []}",C_SILENT_OR_BACKCHANNEL,CAMERA_2,NONE,okay,S_INTRODUCES_FEATURE,CAMERA_2,camera_type,This is a mirrorless camera.,10~20
49,10,CAMERA_2,['CAMERA_2'],"{'CAMERA_1': [], 'CAMERA_2': ['autofocus_points', 'sensor_size', 'long_exposure', 'ISO', 'settings', 'camera_type', 'effects'], 'CAMERA_3': []}",C_SILENT_OR_BACKCHANNEL,CAMERA_2,NONE,alright,S_INTRODUCES_FEATURE,CAMERA_2,effects,"This one has 13 artistic effect modes (e.g. toy camera, soft focus).",13~67
49,11,CAMERA_1,"['CAMERA_2', 'CAMERA_1']","{'CAMERA_1': [], 'CAMERA_2': ['autofocus_points', 'sensor_size', 'long_exposure', 'ISO', 'settings', 'camera_type', 'effects'], 'CAMERA_3': []}",C_ANYTHING_ELSE_AVAILABLE,CAMERA_2,NONE,ok do you have any other cameras,S_INTRODUCES_CAMERA,CAMERA_1,,Let me show you this. Here we have the Nikon Coolpix S2800.,39~58
49,12,CAMERA_1,"['CAMERA_2', 'CAMERA_1']","{'CAMERA_1': ['price'], 'CAMERA_2': ['autofocus_points', 'sensor_size', 'long_exposure', 'ISO', 'settings', 'camera_type', 'effects'], 'CAMERA_3': []}",C_SILENT_OR_BACKCHANNEL,CAMERA_1,NONE,alright,S_INTRODUCES_FEATURE,CAMERA_1,price,This one costs $2173.,15~20
49,13,CAMERA_1,"['CAMERA_2', 'CAMERA_1']","{'CAMERA_1': ['price', 'weight'], 'CAMERA_2': ['autofocus_points', 'sensor_size', 'long_exposure', 'ISO', 'settings', 'camera_type', 'effects'], 'CAMERA_3': []}",C_SILENT_OR_BACKCHANNEL,CAMERA_1,NONE,alright,S_INTRODUCES_FEATURE,CAMERA_1,weight,This one weighs 120 grams.,16~25
49,14,CAMERA_1,"['CAMERA_2', 'CAMERA_1']","{'CAMERA_1': ['price', 'weight', 'preset_modes'], 'CAMERA_2': ['autofocus_points', 'sensor_size', 'long_exposure', 'ISO', 'settings', 'camera_type', 'effects'], 'CAMERA_3': []}",C_SILENT_OR_BACKCHANNEL,CAMERA_1,NONE,okay,S_INTRODUCES_FEATURE,CAMERA_1,preset_modes,"This one has 18 preset modes (e.g. beach, snow, night portrait).",13~63
49,15,CAMERA_1,"['CAMERA_2', 'CAMERA_1']","{'CAMERA_1': ['price', 'weight', 'preset_modes', 'resolution'], 'CAMERA_2': ['autofocus_points', 'sensor_size', 'long_exposure', 'ISO', 'settings', 'camera_type', 'effects'], 'CAMERA_3': []}",C_SILENT_OR_BACKCHANNEL,CAMERA_1,NONE,alright,S_INTRODUCES_FEATURE,CAMERA_1,resolution,This one has 20.1 megapixels resolution.,13~28
49,16,CAMERA_1,"['CAMERA_2', 'CAMERA_1']","{'CAMERA_1': ['price', 'weight', 'preset_modes', 'resolution', 'effects'], 'CAMERA_2': ['autofocus_points', 'sensor_size', 'long_exposure', 'ISO', 'settings', 'camera_type', 'effects'], 'CAMERA_3': []}",C_SILENT_OR_BACKCHANNEL,CAMERA_1,NONE,I see,S_INTRODUCES_FEATURE,CAMERA_1,effects,"This one has 12 glamor retouch effects (e.g. skin softening, small face, big eyes).",13~82
49,17,CAMERA_1,"['CAMERA_2', 'CAMERA_1']","{'CAMERA_1': ['price', 'weight', 'preset_modes', 'resolution', 'effects', 'camera_type'], 'CAMERA_2': ['autofocus_points', 'sensor_size', 'long_exposure', 'ISO', 'settings', 'camera_type', 'effects'], 'CAMERA_3': []}",C_SILENT_OR_BACKCHANNEL,CAMERA_1,NONE,alright,S_INTRODUCES_FEATURE,CAMERA_1,camera_type,This is a point and shoot camera.,10~25
49,18,CAMERA_3,"['CAMERA_2', 'CAMERA_1', 'CAMERA_3']","{'CAMERA_1': ['price', 'weight', 'preset_modes', 'resolution', 'effects', 'camera_type'], 'CAMERA_2': ['autofocus_points', 'sensor_size', 'long_exposure', 'ISO', 'settings', 'camera_type', 'effects'], 'CAMERA_3': []}",C_ANYTHING_ELSE_AVAILABLE,CAMERA_1,NONE,ok do you have any other cameras,S_INTRODUCES_CAMERA,CAMERA_3,,Let me show you this. Here we have the Canon EOS 5D Mark III.,39~60
49,19,CAMERA_3,"['CAMERA_2', 'CAMERA_1', 'CAMERA_3']","{'CAMERA_1': ['price', 'weight', 'preset_modes', 'resolution', 'effects', 'camera_type'], 'CAMERA_2': ['autofocus_points', 'sensor_size', 'long_exposure', 'ISO', 'settings', 'camera_type', 'effects'], 'CAMERA_3': ['camera_type']}",C_QUESTION_ABOUT_FEATURE,CAMERA_3,camera_type,what kind of camera is this,S_ANSWERS_QUESTION_ABOUT_FEATURE,CAMERA_3,camera_type,This is a DSLR camera.,10~14
49,20,NONE,"['CAMERA_2', 'CAMERA_1', 'CAMERA_3']","{'CAMERA_1': ['price', 'weight', 'preset_modes', 'resolution', 'effects', 'camera_type'], 'CAMERA_2': ['autofocus_points', 'sensor_size', 'long_exposure', 'ISO', 'settings', 'camera_type', 'effects'], 'CAMERA_3': ['camera_type']}",C_THANK_YOU,CAMERA_3,NONE,thank you for your help,S_THANK_YOU,CAMERA_3,NONE,thank you very much,
49,21,NONE,"['CAMERA_2', 'CAMERA_1', 'CAMERA_3']","{'CAMERA_1': ['price', 'weight', 'preset_modes', 'resolution', 'effects', 'camera_type'], 'CAMERA_2': ['autofocus_points', 'sensor_size', 'long_exposure', 'ISO', 'settings', 'camera_type', 'effects'], 'CAMERA_3': ['camera_type']}",C_LEAVES,DOOR,NONE,,S_RETURNS_TO_COUNTER,SERVICE_COUNTER,NONE,,
50,1,NONE,[],"{'CAMERA_1': [], 'CAMERA_2': [], 'CAMERA_3': []}",C_ENTERS,DOOR,NONE,,S_NONE,SERVICE_COUNTER,NONE,,
50,2,NONE,[],"{'CAMERA_1': [], 'CAMERA_2': [], 'CAMERA_3': []}",C_WALKS_TO_CAMERA,CAMERA_2,NONE,,S_GREETS,CAMERA_2,NONE,can I help you?,
50,3,CAMERA_3,['CAMERA_3'],"{'CAMERA_1': [], 'CAMERA_2': [], 'CAMERA_3': []}",C_LOOKING_FOR_A_CAMERA,CAMERA_2,NONE,I'm looking for a camera,S_INTRODUCES_CAMERA,CAMERA_3,,Let me show you this. Here we have the Canon EOS 5D Mark III.,39~60
50,4,CAMERA_3,['CAMERA_3'],"{'CAMERA_1': [], 'CAMERA_2': [], 'CAMERA_3': ['autofocus_points']}",C_QUESTION_ABOUT_FEATURE,CAMERA_3,autofocus_points,how many autofocus points does it have,S_ANSWERS_QUESTION_ABOUT_FEATURE,CAMERA_3,autofocus_points,This one has 61 autofocus points.,13~32
50,5,CAMERA_3,['CAMERA_3'],"{'CAMERA_1': [], 'CAMERA_2': [], 'CAMERA_3': ['autofocus_points', 'color']}",C_QUESTION_ABOUT_FEATURE,CAMERA_3,color,what colors does this one come in,S_ANSWERS_QUESTION_ABOUT_FEATURE,CAMERA_3,color,This one comes in black.,18~23
50,6,CAMERA_3,['CAMERA_3'],"{'CAMERA_1': [], 'CAMERA_2': [], 'CAMERA_3': ['autofocus_points', 'color', 'price']}",C_SILENT_OR_BACKCHANNEL,CAMERA_3,NONE,okay,S_INTRODUCES_FEATURE,CAMERA_3,price,This one costs $3706.,15~20
50,7,CAMERA_3,['CAMERA_3'],"{'CAMERA_1': [], 'CAMERA_2': [], 'CAMERA_3': ['autofocus_points', 'color', 'price', 'camera_type']}",C_SILENT_OR_BACKCHANNEL,CAMERA_3,NONE,okay,S_INTRODUCES_FEATURE,CAMERA_3,camera_type,This is a DSLR camera.,10~14
50,8,CAMERA_3,['CAMERA_3'],"{'CAMERA_1': [], 'CAMERA_2': [], 'CAMERA_3': ['autofocus_points', 'color', 'price', 'camera_type', 'ISO']}",C_SILENT_OR_BACKCHANNEL,CAMERA_3,NONE,I see,S_INTRODUCES_FEATURE,CAMERA_3,ISO,This one has up to 6400 ISO with little noise.,13~45
50,9,CAMERA_3,['CAMERA_3'],"{'CAMERA_1': [], 'CAMERA_2': [], 'CAMERA_3': ['autofocus_points', 'color', 'price', 'camera_type', 'ISO', 'long_exposure']}",C_SILENT_OR_BACKCHANNEL,CAMERA_3,NONE,I see,S_INTRODUCES_FEATURE,CAMERA_3,long_exposure,"This one can take long exposures up to up to 30 seconds, bulb mode: expose as long as you want.",39~94
50,10,CAMERA_3,['CAMERA_3'],"{'CAMERA_1': [], 'CAMERA_2': [], 'CAMERA_3': ['autofocus_points', 'color', 'price', 'camera_type', 'ISO', 'long_exposure', 'sensor_size']}",C_QUESTION_ABOUT_FEATURE,CAMERA_3,sensor_size,what is the sensor size,S_ANSWERS_QUESTION_ABOUT_FEATURE,CAMERA_3,sensor_size,This one has a full frame.,15~25
50,11,NONE,['CAMERA_3'],"{'CAMERA_1': [], 'CAMERA_2': [], 'CAMERA_3': ['autofocus_points', 'color', 'price', 'camera_type', 'ISO', 'long_exposure', 'sensor_size']}",C_THANK_YOU,CAMERA_3,NONE,thank you for your help,S_THANK_YOU,CAMERA_3,NONE,thank you very much,
50,12,NONE,['CAMERA_3'],"{'CAMERA_1': [], 'CAMERA_2': [], 'CAMERA_3': ['autofocus_points', 'color', 'price', 'camera_type', 'ISO', 'long_exposure', 'sensor_size']}",C_LEAVES,DOOR,NONE,,S_RETURNS_TO_COUNTER,SERVICE_COUNTER,NONE,,
51,1,NONE,[],"{'CAMERA_1': [], 'CAMERA_2': [], 'CAMERA_3': []}",C_ENTERS,DOOR,NONE,,S_NONE,SERVICE_COUNTER,NONE,,
51,2,NONE,[],"{'CAMERA_1': [], 'CAMERA_2': [], 'CAMERA_3': []}",C_WALKS_TO_CAMERA,CAMERA_1,NONE,,S_GREETS,CAMERA_1,NONE,can I help you?,
51,3,CAMERA_3,['CAMERA_3'],"{'CAMERA_1': [], 'CAMERA_2': [], 'CAMERA_3': []}",C_LOOKING_FOR_A_CAMERA,CAMERA_1,NONE,I'm looking for a camera,S_INTRODUCES_CAMERA,CAMERA_3,,Let me show you this. Here we have the Canon EOS 5D Mark III.,39~60
51,4,CAMERA_3,['CAMERA_3'],"{'CAMERA_1': [], 'CAMERA_2': [], 'CAMERA_3': ['autofocus_points']}",C_QUESTION_ABOUT_FEATURE,CAMERA_3,autofocus_points,how many autofocus points does it have,S_ANSWERS_QUESTION_ABOUT_FEATURE,CAMERA_3,autofocus_points,This one has 61 autofocus points.,13~32
51,5,CAMERA_1,"['CAMERA_3', 'CAMERA_1']","{'CAMERA_1': [], 'CAMERA_2': [], 'CAMERA_3': ['autofocus_points']}",C_ANYTHING_ELSE_AVAILABLE,CAMERA_3,NONE,ok do you have any other cameras,S_INTRODUCES_CAMERA,CAMERA_1,,Let me show you this. Here we have the Nikon Coolpix S2800.,39~58
51,6,CAMERA_1,"['CAMERA_3', 'CAMERA_1']","{'CAMERA_1': ['color'], 'CAMERA_2': [], 'CAMERA_3': ['autofocus_points']}",C_SILENT_OR_BACKCHANNEL,CAMERA_1,NONE,okay,S_INTRODUCES_FEATURE,CAMERA_1,color,"This one comes in purple, pink, black, silver, red.",18~50
51,7,CAMERA_1,"['CAMERA_3', 'CAMERA_1']","{'CAMERA_1': ['color', 'weight'], 'CAMERA_2': [], 'CAMERA_3': ['autofocus_points']}",C_SILENT_OR_BACKCHANNEL,CAMERA_1,NONE,alright,S_INTRODUCES_FEATURE,CAMERA_1,weight,This one weighs 120 grams.,16~25
51,8,NONE,"['CAMERA_3', 'CAMERA_1']","{'CAMERA_1': ['color', 'weight'], 'CAMERA_2': [], 'CAMERA_3': ['autofocus_points']}",C_THANK_YOU,CAMERA_1,NONE,thank you for your help,S_THANK_YOU,CAMERA_1,NONE,thank you very much,
51,9,NONE,"['CAMERA_3', 'CAMERA_1']","{'CAMERA_1': ['color', 'weight'], 'CAMERA_2': [], 'CAMERA_3': ['autofocus_points']}",C_LEAVES,DOOR,NONE,,S_RETURNS_TO_COUNTER,SERVICE_COUNTER,NONE,,
52,1,NONE,[],"{'CAMERA_1': [], 'CAMERA_2': [], 'CAMERA_3': []}",C_ENTERS,DOOR,NONE,,S_NONE,SERVICE_COUNTER,NONE,,
52,2,NONE,[],"{'CAMERA_1': [], 'CAMERA_2': [], 'CAMERA_3': []}",C_GREETS,MIDDLE,NONE,hello,S_GREETS,MIDDLE,NONE,can I help you?,
52,3,CAMERA_2,['CAMERA_2'],"{'CAMERA_1': [], 'CAMERA_2': [], 'CAMERA_3': []}",C_LOOKING_FOR_A_CAMERA,MIDDLE,NONE,I'm looking for a camera,S_INTRODUCES_CAMERA,CAMERA_2,,Let me show you this. Here we have the Sony Alpha a6000.,39~55
52,4,CAMERA_2,['CAMERA_2'],"{'CAMERA_1': [], 'CAMERA_2': ['sensor_size'], 'CAMERA_3': []}",C_QUESTION_ABOUT_FEATURE,CAMERA_2,sensor_size,what is the sensor size,S_ANSWERS_QUESTION_ABOUT_FEATURE,CAMERA_2,sensor_size,This one has a APS-C sensor (crop sensor).,15~41
52,5,CAMERA_2,['CAMERA_2'],"{'CAMERA_1': [], 'CAMERA_2': ['sensor_size', 'long_exposure'], 'CAMERA_3': []}",C_QUESTION_ABOUT_FEATURE,CAMERA_2,long_exposure,can it take long exposure shots,S_ANSWERS_QUESTION_ABOUT_FEATURE,CAMERA_2,long_exposure,This one can take long exposures up to up to 30 seconds.,39~55
52,6,CAMERA_1,"['CAMERA_2', 'CAMERA_1']","{'CAMERA_1': [], 'CAMERA_2': ['sensor_size', 'long_exposure'], 'CAMERA_3': []}",C_ANYTHING_ELSE_AVAILABLE,CAMERA_2,NONE,ok do you have any other cameras,S_INTRODUCES_CAMERA,CAMERA_1,,Let me show you this. Here we have the Nikon Coolpix S2800.,39~58
52,7,CAMERA_1,"['CAMERA_2', 'CAMERA_1']","{'CAMERA_1': ['optical_zoom'], 'CAMERA_2': ['sensor_size', 'long_exposure'], 'CAMERA_3': []}",C_QUESTION_ABOUT_FEATURE,CAMERA_1,optical_zoom,does it have optical zoom,S_ANSWERS_QUESTION_ABOUT_FEATURE,CAMERA_1,optical_zoom,This one has 5x optical zoom.,13~28
52,8,CAMERA_3,"['CAMERA_2', 'CAMERA_1', 'CAMERA_3']","{'CAMERA_1': ['optical_zoom'], 'CAMERA_2': ['sensor_size', 'long_exposure'], 'CAMERA_3': []}",C_ANYTHING_ELSE_AVAILABLE,CAMERA_1,NONE,ok do you have any other cameras,S_INTRODUCES_CAMERA,CAMERA_3,,Let me show you this. Here we have the Canon EOS 5D Mark III.,39~60
52,9,CAMERA_3,"['CAMERA_2', 'CAMERA_1', 'CAMERA_3']","{'CAMERA_1': ['optical_zoom'], 'CAMERA_2': ['sensor_size', 'long_exposure'], 'CAMERA_3': ['sensor_size']}",C_SILENT_OR_BACKCHANNEL,CAMERA_3,NONE,okay,S_INTRODUCES_FEATURE,CAMERA_3,sensor_size,This one has a full frame.,15~25
52,10,CAMERA_3,"['CAMERA_2', 'CAMERA_1', 'CAMERA_3']","{'CAMERA_1': ['optical_zoom'], 'CAMERA_2': ['sensor_size', 'long_exposure'], 'CAMERA_3': ['sensor_size', 'ISO']}",C_SILENT_OR_BACKCHANNEL,CAMERA_3,NONE,okay,S_INTRODUCES_FEATURE,CAMERA_3,ISO,This one has up to 6400 ISO with little noise.,13~45
52,11,CAMERA_3,"['CAMERA_2', 'CAMERA_1', 'CAMERA_3']","{'CAMERA_1': ['optical_zoom'], 'CAMERA_2': ['sensor_size', 'long_exposure'], 'CAMERA_3': ['sensor_size', 'ISO', 'weight']}",C_SILENT_OR_BACKCHANNEL,CAMERA_3,NONE,alright,S_INTRODUCES_FEATURE,CAMERA_3,weight,This one weighs 950 grams (only body).,16~37
52,12,CAMERA_3,"['CAMERA_2', 'CAMERA_1', 'CAMERA_3']","{'CAMERA_1': ['optical_zoom'], 'CAMERA_2': ['sensor_size', 'long_exposure'], 'CAMERA_3': ['sensor_size', 'ISO', 'weight', 'long_exposure']}",C_SILENT_OR_BACKCHANNEL,CAMERA_3,NONE,alright,S_INTRODUCES_FEATURE,CAMERA_3,long_exposure,"This one can take long exposures up to up to 30 seconds, bulb mode: expose as long as you want.",39~94
52,13,NONE,"['CAMERA_2', 'CAMERA_1', 'CAMERA_3']","{'CAMERA_1': ['optical_zoom'], 'CAMERA_2': ['sensor_size', 'long_exposure'], 'CAMERA_3': ['sensor_size', 'ISO', 'weight', 'long_exposure']}",C_THANK_YOU,CAMERA_3,NONE,thank you for your help,S_THANK_YOU,CAMERA_3,NONE,thank you very much,
52,14,NONE,"['CAMERA_2', 'CAMERA_1', 'CAMERA_3']","{'CAMERA_1': ['optical_zoom'], 'CAMERA_2': ['sensor_size', 'long_exposure'], 'CAMERA_3': ['sensor_size', 'ISO', 'weight', 'long_exposure']}",C_LEAVES,DOOR,NONE,,S_RETURNS_TO_COUNTER,SERVICE_COUNTER,NONE,,
53,1,NONE,[],"{'CAMERA_1': [], 'CAMERA_2': [], 'CAMERA_3': []}",C_ENTERS,DOOR,NONE,,S_NONE,SERVICE_COUNTER,NONE,,
53,2,NONE,[],"{'CAMERA_1': [], 'CAMERA_2': [], 'CAMERA_3': []}",C_WALKS_TO_CAMERA,CAMERA_1,NONE,,S_NONE,SERVICE_COUNTER,NONE,,
53,3,CAMERA_1,['CAMERA_1'],"{'CAMERA_1': ['ISO'], 'CAMERA_2': [], 'CAMERA_3': []}",C_QUESTION_ABOUT_FEATURE,CAMERA_1,ISO,what is the ISO,S_NOT_SURE,CAMERA_1,,I'm not really sure about that,
53,4,CAMERA_1,['CAMERA_1'],"{'CAMERA_1': ['ISO', 'weight'], 'CAMERA_2': [], 'CAMERA_3': []}",C_SILENT_OR_BACKCHANNEL,CAMERA_1,NONE,alright,S_INTRODUCES_FEATURE,CAMERA_1,weight,This one weighs 120 grams.,16~25
53,5,CAMERA_1,['CAMERA_1'],"{'CAMERA_1': ['ISO', 'weight', 'autofocus_points'], 'CAMERA_2': [], 'CAMERA_3': []}",C_QUESTION_ABOUT_FEATURE,CAMERA_1,autofocus_points,how many autofocus points does it have,S_NOT_SURE,CAMERA_1,,I'm not really sure about that,
53,6,CAMERA_1,['CAMERA_1'],"{'CAMERA_1': ['ISO', 'weight', 'autofocus_points', 'resolution'], 'CAMERA_2': [], 'CAMERA_3': []}",C_QUESTION_ABOUT_FEATURE,CAMERA_1,resolution,what is the resolution,S_ANSWERS_QUESTION_ABOUT_FEATURE,CAMERA_1,resolution,This one has 20.1 megapixels resolution.,13~28
53,7,CAMERA_1,['CAMERA_1'],"{'CAMERA_1': ['ISO', 'weight', 'autofocus_points', 'resolution', 'camera_type'], 'CAMERA_2': [], 'CAMERA_3': []}",C_QUESTION_ABOUT_FEATURE,CAMERA_1,camera_type,what kind of camera is this,S_ANSWERS_QUESTION_ABOUT_FEATURE,CAMERA_1,camera_type,This is a point and shoot camera.,10~25
53,8,CAMERA_1,['CAMERA_1'],"{'CAMERA_1': ['ISO', 'weight', 'autofocus_points', 'resolution', 'camera_type', 'optical_zoom'], 'CAMERA_2': [], 'CAMERA_3': []}",C_SILENT_OR_BACKCHANNEL,CAMERA_1,NONE,okay,S_INTRODUCES_FEATURE,CAMERA_1,optical_zoom,This one has 5x optical zoom.,13~28
53,9,CAMERA_1,['CAMERA_1'],"{'CAMERA_1': ['ISO', 'weight', 'autofocus_points', 'resolution', 'camera_type', 'optical_zoom', 'long_exposure'], 'CAMERA_2': [], 'CAMERA_3': []}",C_QUESTION_ABOUT_FEATURE,CAMERA_1,long_exposure,can it take long exposure shots,S_NOT_SURE,CAMERA_1,,I'm not really sure about that,
53,10,CAMERA_1,['CAMERA_1'],"{'CAMERA_1': ['ISO', 'weight', 'autofocus_points', 'resolution', 'camera_type', 'optical_zoom', 'long_exposure', 'color'], 'CAMERA_2': [], 'CAMERA_3': []}",C_SILENT_OR_BACKCHANNEL,CAMERA_1,NONE,alright,S_INTRODUCES_FEATURE,CAMERA_1,color,"This one comes in purple, pink, black, silver, red.",18~50
53,11,CAMERA_1,['CAMERA_1'],"{'CAMERA_1': ['ISO', 'weight', 'autofocus_points', 'resolution', 'camera_type', 'optical_zoom', 'long_exposure', 'color', 'preset_modes'], 'CAMERA_2': [], 'CAMERA_3': []}",C_QUESTION_ABOUT_FEATURE,CAMERA_1,preset_modes,does it have preset modes,S_ANSWERS_QUESTION_ABOUT_FEATURE,CAMERA_1,preset_modes,"This one has 18 preset modes (e.g. beach, snow, night portrait).",13~63
53,12,CAMERA_1,['CAMERA_1'],"{'CAMERA_1': ['ISO', 'weight', 'autofocus_points', 'resolution', 'camera_type', 'optical_zoom', 'long_exposure', 'color', 'preset_modes', 'sensor_size'], 'CAMERA_2': [], 'CAMERA_3': []}",C_QUESTION_ABOUT_FEATURE,CAMERA_1,sensor_size,what is the sensor size,S_NOT_SURE,CAMERA_1,,I'm not really sure about that,
53,13,CAMERA_1,['CAMERA_1'],"{'CAMERA_1': ['ISO', 'weight', 'autofocus_points', 'resolution', 'camera_type', 'optical_zoom', 'long_exposure', 'color', 'preset_modes', 'sensor_size', 'settings'], 'CAMERA_2': [], 'CAMERA_3': []}",C_SILENT_OR_BACKCHANNEL,CAMERA_1,NONE,alright,S_INTRODUCES_FEATURE,CAMERA_1,settings,This one has limited manual settings.,13~36
53,14,CAMERA_1,['CAMERA_1'],"{'CAMERA_1': ['ISO', 'weight', 'autofocus_points', 'resolution', 'camera_type', 'optical_zoom', 'long_exposure', 'color', 'preset_modes', 'sensor_size', 'settings', 'price'], 'CAMERA_2': [], 'CAMERA_3': []}",C_SILENT_OR_BACKCHANNEL,CAMERA_1,NONE,alright,S_INTRODUCES_FEATURE,CAMERA_1,price,This one costs $2173.,15~20
53,15,NONE,['CAMERA_1'],"{'CAMERA_1': ['ISO', 'weight', 'autofocus_points', 'resolution', 'camera_type', 'optical_zoom', 'long_exposure', 'color', 'preset_modes', 'sensor_size', 'settings', 'price'], 'CAMERA_2': [], 'CAMERA_3': []}",C_THANK_YOU,CAMERA_1,NONE,thank you for your help,S_THANK_YOU,CAMERA_1,NONE,thank you very much,
53,16,NONE,['CAMERA_1'],"{'CAMERA_1': ['ISO', 'weight', 'autofocus_points', 'resolution', 'camera_type', 'optical_zoom', 'long_exposure', 'color', 'preset_modes', 'sensor_size', 'settings', 'price'], 'CAMERA_2': [], 'CAMERA_3': []}",C_LEAVES,DOOR,NONE,,S_RETURNS_TO_COUNTER,SERVICE_COUNTER,NONE,,
54,1,NONE,[],"{'CAMERA_1': [], 'CAMERA_2': [], 'CAMERA_3': []}",C_ENTERS,DOOR,NONE,,S_NONE,SERVICE_COUNTER,NONE,,
54,2,NONE,[],"{'CAMERA_1': [], 'CAMERA_2': [], 'CAMERA_3': []}",C_WALKS_TO_CAMERA,CAMERA_2,NONE,,S_GREETS,CAMERA_2,NONE,can I help you?,
54,3,CAMERA_3,['CAMERA_3'],"{'CAMERA_1': [], 'CAMERA_2': [], 'CAMERA_3': []}",C_LOOKING_FOR_A_CAMERA,CAMERA_2,NONE,I'm looking for a camera,S_INTRODUCES_CAMERA,CAMERA_3,,Let me show you this. Here we have the Canon EOS 5D Mark III.,39~60
54,4,CAMERA_3,['CAMERA_3'],"{'CAMERA_1': [], 'CAMERA_2': [], 'CAMERA_3': ['weight']}",C_SILENT_OR_BACKCHANNEL,CAMERA_3,NONE,I see,S_INTRODUCES_FEATURE,CAMERA_3,weight,This one weighs 950 grams (only body).,16~37
54,5,CAMERA_3,['CAMERA_3'],"{'CAMERA_1': [], 'CAMERA_2': [], 'CAMERA_3': ['weight', 'preset_modes']}",C_QUESTION_ABOUT_FEATURE,CAMERA_3,preset_modes,does it have preset modes,S_NOT_SURE,CAMERA_3,,I'm not really sure about that,
54,6,CAMERA_3,['CAMERA_3'],"{'CAMERA_1': [], 'CAMERA_2': [], 'CAMERA_3': ['weight', 'preset_modes', 'price']}",C_QUESTION_ABOUT_FEATURE,CAMERA_3,price,how much does it cost,S_ANSWERS_QUESTION_ABOUT_FEATURE,CAMERA_3,price,This one costs $3706.,15~20
54,7,CAMERA_3,['CAMERA_3'],"{'CAMERA_1': [], 'CAMERA_2': [], 'CAMERA_3': ['weight', 'preset_modes', 'price', 'resolution']}",C_QUESTION_ABOUT_FEATURE,CAMERA_3,resolution,what is the resolution,S_NOT_SURE,CAMERA_3,,I'm not really sure about that,
54,8,CAMERA_3,['CAMERA_3'],"{'CAMERA_1': [], 'CAMERA_2': [], 'CAMERA_3': ['weight', 'preset_modes', 'price', 'resolution', 'autofocus_points']}",C_QUESTION_ABOUT_FEATURE,CAMERA_3,autofocus_points,how many autofocus points does it have,S_ANSWERS_QUESTION_ABOUT_FEATURE,CAMERA_3,autofocus_points,This one has 61 autofocus points.,13~32
54,9,CAMERA_3,['CAMERA_3'],"{'CAMERA_1': [], 'CAMERA_2': [], 'CAMERA_3': ['weight', 'preset_modes', 'price', 'resolution', 'autofocus_points', 'settings']}",C_QUESTION_ABOUT_FEATURE,CAMERA_3,settings,what kind of settings does it have,S_ANSWERS_QUESTION_ABOUT_FEATURE,CAMERA_3,settings,This one has full manual control.,13~32
54,10,CAMERA_3,['CAMERA_3'],"{'CAMERA_1': [], 'CAMERA_2': [], 'CAMERA_3': ['weight', 'preset_modes', 'price', 'resolution', 'autofocus_points', 'settings', 'ISO']}",C_QUESTION_ABOUT_FEATURE,CAMERA_3,ISO,what is the ISO,S_ANSWERS_QUESTION_ABOUT_FEATURE,CAMERA_3,ISO,This one has up to 6400 ISO with little noise.,13~45
54,11,CAMERA_3,['CAMERA_3'],"{'CAMERA_1': [], 'CAMERA_2': [], 'CAMERA_3': ['weight', 'preset_modes', 'price', 'resolution', 'autofocus_points', 'settings', 'ISO', 'camera_type']}",C_QUESTION_ABOUT_FEATURE,CAMERA_3,camera_type,what kind of camera is this,S_ANSWERS_QUESTION_ABOUT_FEATURE,CAMERA_3,camera_type,This is a DSLR camera.,10~14
54,12,CAMERA_3,['CAMERA_3'],"{'CAMERA_1': [], 'CAMERA_2': [], 'CAMERA_3': ['weight', 'preset_modes', 'price', 'resolution', 'autofocus_points', 'settings', 'ISO', 'camera_type', 'long_exposure']}",C_SILENT_OR_BACKCHANNEL,CAMERA_3,NONE,okay,S_INTRODUCES_FEATURE,CAMERA_3,long_exposure,"This one can take long exposures up to up to 30 seconds, bulb mode: expose as long as you want.",39~94
54,13,CAMERA_3,['CAMERA_3'],"{'CAMERA_1': [], 'CAMERA_2': [], 'CAMERA_3': ['weight', 'preset_modes', 'price', 'resolution', 'autofocus_points', 'settings', 'ISO', 'camera_type', 'long_exposure', 'color']}",C_SILENT_OR_BACKCHANNEL,CAMERA_3,NONE,I see,S_INTRODUCES_FEATURE,CAMERA_3,color,This one comes in black.,18~23
54,14,CAMERA_3,['CAMERA_3'],"{'CAMERA_1': [], 'CAMERA_2': [], 'CAMERA_3': ['weight', 'preset_modes', 'price', 'resolution', 'autofocus_points', 'settings', 'ISO', 'camera_type', 'long_exposure', 'color', 'sensor_size']}",C_SILENT_OR_BACKCHANNEL,CAMERA_3,NONE,okay,S_INTRODUCES_FEATURE,CAMERA_3,sensor_size,This one has a full frame.,15~25
54,15,NONE,['CAMERA_3'],"{'CAMERA_1': [], 'CAMERA_2': [], 'CAMERA_3': ['weight', 'preset_modes', 'price', 'resolution', 'autofocus_points', 'settings', 'ISO', 'camera_type', 'long_exposure', 'color', 'sensor_size']}",C_THANK_YOU,CAMERA_3,NONE,thank you for your help,S_THANK_YOU,CAMERA_3,NONE,thank you very much,
54,16,NONE,['CAMERA_3'],"{'CAMERA_1': [], 'CAMERA_2': [], 'CAMERA_3': ['weight', 'preset_modes', 'price', 'resolution', 'autofocus_points', 'settings', 'ISO', 'camera_type', 'long_exposure', 'color', 'sensor_size']}",C_LEAVES,DOOR,NONE,,S_RETURNS_TO_COUNTER,SERVICE_COUNTER,NONE,,
55,1,NONE,[],"{'CAMERA_1': [], 'CAMERA_2': [], 'CAMERA_3': []}",C_ENTERS,DOOR,NONE,,S_NONE,SERVICE_COUNTER,NONE,,
55,2,NONE,[],"{'CAMERA_1': [], 'CAMERA_2': [], 'CAMERA_3': []}",C_GREETS,MIDDLE,NONE,hello,S_GREETS,MIDDLE,NONE,can I help you?,
55,3,CAMERA_1,['CAMERA_1'],"{'CAMERA_1': [], 'CAMERA_2': [], 'CAMERA_3': []}",C_LOOKING_FOR_A_CAMERA,MIDDLE,NONE,I'm looking for a camera,S_INTRODUCES_CAMERA,CAMERA_1,,Let me show you this. Here we have the Nikon Coolpix S2800.,39~58
55,4,CAMERA_1,['CAMERA_1'],"{'CAMERA_1': ['effects'], 'CAMERA_2': [], 'CAMERA_3': []}",C_SILENT_OR_BACKCHANNEL,CAMERA_1,NONE,alright,S_INTRODUCES_FEATURE,CAMERA_1,effects,"This one has 12 glamor retouch effects (e.g. skin softening, small face, big eyes).",13~82
55,5,CAMERA_1,['CAMERA_1'],"{'CAMERA_1': ['effects', 'weight'], 'CAMERA_2': [], 'CAMERA_3': []}",C_QUESTION_ABOUT_FEATURE,CAMERA_1,weight,how much does this one weigh,S_ANSWERS_QUESTION_ABOUT_FEATURE,CAMERA_1,weight,This one weighs 120 grams.,16~25
55,6,CAMERA_1,['CAMERA_1'],"{'CAMERA_1': ['effects', 'weight', 'color'], 'CAMERA_2': [], 'CAMERA_3': []}",C_SILENT_OR_BACKCHANNEL,CAMERA_1,NONE,okay,S_INTRODUCES_FEATURE,CAMERA_1,color,"This one comes in purple, pink, black, silver, red.",18~50
55,7,CAMERA_1,['CAMERA_1'],"{'CAMERA_1': ['effects', 'weight', 'color', 'optical_zoom'], 'CAMERA_2': [], 'CAMERA_3': []}",C_SILENT_OR_BACKCHANNEL,CAMERA_1,NONE,I see,S_INTRODUCES_FEATURE,CAMERA_1,optical_zoom,This one has 5x optical zoom.,13~28
55,8,NONE,['CAMERA_1'],"{'CAMERA_1': ['effects', 'weight', 'color', 'optical_zoom'], 'CAMERA_2': [], 'CAMERA_3': []}",C_THANK_YOU,CAMERA_1,NONE,thank you for your help,S_THANK_YOU,CAMERA_1,NONE,thank you very much,
55,9,NONE,['CAMERA_1'],"{'CAMERA_1': ['effects', 'weight', 'color', 'optical_zoom'], 'CAMERA_2': [], 'CAMERA_3': []}",C_LEAVES,DOOR,NONE,,S_RETURNS_TO_COUNTER,SERVICE_COUNTER,NONE,,
56,1,NONE,[],"{'CAMERA_1': [], 'CAMERA_2': [], 'CAMERA_3': []}",C_ENTERS,DOOR,NONE,,S_NONE,SERVICE_COUNTER,NONE,,
56,2,NONE,[],"{'CAMERA_1': [], 'CAMERA_2': [], 'CAMERA_3': []}",C_WALKS_TO_CAMERA,CAMERA_1,NONE,,S_GREETS,CAMERA_1,NONE,can I help you?,
56,3,CAMERA_3,['CAMERA_3'],"{'CAMERA_1': [], 'CAMERA_2': [], 'CAMERA_3': []}",C_LOOKING_FOR_A_CAMERA,CAMERA_1,NONE,I'm looking for a camera,S_INTRODUCES_CAMERA,CAMERA_3,,Let me show you this. Here we have the Canon EOS 5D Mark III.,39~60
56,4,CAMERA_3,['CAMERA_3'],"{'CAMERA_1': [], 'CAMERA_2': [], 'CAMERA_3': ['sensor_size']}",C_SILENT_OR_BACKCHANNEL,CAMERA_3,NONE,okay,S_INTRODUCES_FEATURE,CAMERA_3,sensor_size,This one has a full frame.,15~25
56,5,NONE,['CAMERA_3'],"{'CAMERA_1': [], 'CAMERA_2': [], 'CAMERA_3': ['sensor_size']}",C_THANK_YOU,CAMERA_3,NONE,thank you for your help,S_THANK_YOU,CAMERA_3,NONE,thank you very much,
56,6,NONE,['CAMERA_3'],"{'CAMERA_1': [], 'CAMERA_2': [], 'CAMERA_3': ['sensor_size']}",C_LEAVES,DOOR,NONE,,S_RETURNS_TO_COUNTER,SERVICE_COUNTER,NONE,,
57,1,NONE,[],"{'CAMERA_1': [], 'CAMERA_2': [], 'CAMERA_3': []}",C_ENTERS,DOOR,NONE,,S_NONE,SERVICE_COUNTER,NONE,,
57,2,NONE,[],"{'CAMERA_1': [], 'CAMERA_2': [], 'CAMERA_3': []}",C_WALKS_TO_CAMERA,CAMERA_1,NONE,,S_NONE,SERVICE_COUNTER,NONE,,
57,3,NONE,[],"{'CAMERA_1': [], 'CAMERA_2': [], 'CAMERA_3': []}",C_EXAMINES_CAMERA,CAMERA_1,NONE,,S_NONE,SERVICE_COUNTER,NONE,,
57,4,NONE,[],"{'CAMERA_1': [], 'CAMERA_2': [], 'CAMERA_3': []}",C_WALKS_TO_CAMERA,CAMERA_2,NONE,,S_GREETS,CAMERA_2,NONE,can I help you?,
57,5,CAMERA_1,['CAMERA_1'],"{'CAMERA_1': [], 'CAMERA_2': [], 'CAMERA_3': []}",C_LOOKING_FOR_A_CAMERA,CAMERA_2,NONE,I'm looking for a camera,S_INTRODUCES_CAMERA,CAMERA_1,,Let me show you this. Here we have the Nikon Coolpix S2800.,39~58
57,6,CAMERA_1,['CAMERA_1'],"{'CAMERA_1': ['settings'], 'CAMERA_2': [], 'CAMERA_3': []}",C_SILENT_OR_BACKCHANNEL,CAMERA_1,NONE,I see,S_INTRODUCES_FEATURE,CAMERA_1,settings,This one has limited manual settings.,13~36
57,7,CAMERA_1,['CAMERA_1'],"{'CAMERA_1': ['settings', 'effects'], 'CAMERA_2': [], 'CAMERA_3': []}",C_SILENT_OR_BACKCHANNEL,CAMERA_1,NONE,alright,S_INTRODUCES_FEATURE,CAMERA_1,effects,"This one has 12 glamor retouch effects (e.g. skin softening, small face, big eyes).",13~82
57,8,NONE,['CAMERA_1'],"{'CAMERA_1': ['settings', 'effects'], 'CAMERA_2': [], 'CAMERA_3': []}",C_THANK_YOU,CAMERA_1,NONE,thank you for your help,S_THANK_YOU,CAMERA_1,NONE,thank you very much,
57,9,NONE,['CAMERA_1'],"{'CAMERA_1': ['settings', 'effects'], 'CAMERA_2': [], 'CAMERA_3': []}",C_LEAVES,DOOR,NONE,,S_RETURNS_TO_COUNTER,SERVICE_COUNTER,NONE,,
58,1,NONE,[],"{'CAMERA_1': [], 'CAMERA_2': [], 'CAMERA_3': []}",C_ENTERS,DOOR,NONE,,S_NONE,SERVICE_COUNTER,NONE,,
58,2,NONE,[],"{'CAMERA_1': [], 'CAMERA_2': [], 'CAMERA_3': []}",C_GREETS,MIDDLE,NONE,hello,S_GREETS,MIDDLE,NONE,can I help you?,
58,3,CAMERA_3,['CAMERA_3'],"{'CAMERA_1': [], 'CAMERA_2': [], 'CAMERA_3': []}",C_LOOKING_FOR_A_CAMERA,MIDDLE,NONE,I'm looking for a camera,S_INTRODUCES_CAMERA,CAMERA_3,,Let me show you this. Here we have the Canon EOS 5D Mark III.,39~60
58,4,CAMERA_3,['CAMERA_3'],"{'CAMERA_1': [], 'CAMERA_2': [], 'CAMERA_3': ['autofocus_points']}",C_QUESTION_ABOUT_FEATURE,CAMERA_3,autofocus_points,how many autofocus points does it have,S_ANSWERS_QUESTION_ABOUT_FEATURE,CAMERA_3,autofocus_points,This one has 61 autofocus points.,13~32
58,5,CAMERA_3,['CAMERA_3'],"{'CAMERA_1': [], 'CAMERA_2': [], 'CAMERA_3': ['autofocus_points', 'effects']}",C_QUESTION_ABOUT_FEATURE,CAMERA_3,effects,does it have any effect modes,S_NOT_SURE,CAMERA_3,,I'm not really sure about that,
58,6,CAMERA_1,"['CAMERA_3', 'CAMERA_1']","{'CAMERA_1': [], 'CAMERA_2': [], 'CAMERA_3': ['autofocus_points', 'effects']}",C_ANYTHING_ELSE_AVAILABLE,CAMERA_3,NONE,ok do you have any other cameras,S_INTRODUCES_CAMERA,CAMERA_1,,Let me show you this. Here we have the Nikon Coolpix S2800.,39~58
58,7,CAMERA_1,"['CAMERA_3', 'CAMERA_1']","{'CAMERA_1': ['resolution'], 'CAMERA_2': [], 'CAMERA_3': ['autofocus_points', 'effects']}",C_QUESTION_ABOUT_FEATURE,CAMERA_1,resolution,what is the resolution,S_ANSWERS_QUESTION_ABOUT_FEATURE,CAMERA_1,resolution,This one has 20.1 megapixels resolution.,13~28
58,8,CAMERA_1,"['CAMERA_3', 'CAMERA_1']","{'CAMERA_1': ['resolution', 'ISO'], 'CAMERA_2': [], 'CAMERA_3': ['autofocus_points', 'effects']}",C_QUESTION_ABOUT_FEATURE,CAMERA_1,ISO,what is the ISO,S_NOT_SURE,CAMERA_1,,I'm not really sure about that,
58,9,CAMERA_1,"['CAMERA_3', 'CAMERA_1']","{'CAMERA_1': ['resolution', 'ISO', 'color'], 'CAMERA_2': [], 'CAMERA_3': ['autofocus_points', 'effects']}",C_QUESTION_ABOUT_FEATURE,CAMERA_1,color,what colors does this one come in,S_ANSWERS_QUESTION_ABOUT_FEATURE,CAMERA_1,color,"This one comes in purple, pink, black, silver, red.",18~50
58,10,CAMERA_1,"['CAMERA_3', 'CAMERA_1']","{'CAMERA_1': ['resolution', 'ISO', 'color', 'sensor_size'], 'CAMERA_2': [], 'CAMERA_3': ['autofocus_points', 'effects']}",C_QUESTION_ABOUT_FEATURE,CAMERA_1,sensor_size,what is the sensor size,S_NOT_SURE,CAMERA_1,,I'm not really sure about that,
58,11,CAMERA_1,"['CAMERA_3', 'CAMERA_1']","{'CAMERA_1': ['resolution', 'ISO', 'color', 'sensor_size', 'effects'], 'CAMERA_2': [], 'CAMERA_3': ['autofocus_points', 'effects']}",C_SILENT_OR_BACKCHANNEL,CAMERA_1,NONE,alright,S_INTRODUCES_FEATURE,CAMERA_1,effects,"This one has 12 glamor retouch effects (e.g. skin softening, small face, big eyes).",13~82
58,12,CAMERA_1,"['CAMERA_3', 'CAMERA_1']","{'CAMERA_1': ['resolution', 'ISO', 'color', 'sensor_size', 'effects', 'weight'], 'CAMERA_2': [], 'CAMERA_3': ['autofocus_points', 'effects']}",C_SILENT_OR_BACKCHANNEL,CAMERA_1,NONE,I see,S_INTRODUCES_FEATURE,CAMERA_1,weight,This one weighs 120 grams.,16~25
58,13,CAMERA_1,"['CAMERA_3', 'CAMERA_1']","{'CAMERA_1': ['resolution', 'ISO', 'color', 'sensor_size', 'effects', 'weight', 'autofocus_points'], 'CAMERA_2': [], 'CAMERA_3': ['autofocus_points', 'effects']}",C_QUESTION_ABOUT_FEATURE,CAMERA_1,autofocus_points,how many autofocus points does it have,S_NOT_SURE,CAMERA_1,,I'm not really sure about that,
58,14,NONE,"['CAMERA_3', 'CAMERA_1']","{'CAMERA_1': ['resolution', 'ISO', 'color', 'sensor_size', 'effects', 'weight', 'autofocus_points'], 'CAMERA_2': [], 'CAMERA_3': ['autofocus_points', 'effects']}",C_THANK_YOU,CAMERA_1,NONE,thank you for your help,S_THANK_YOU,CAMERA_1,NONE,thank you very much,
58,15,NONE,"['CAMERA_3', 'CAMERA_1']","{'CAMERA_1': ['resolution', 'ISO', 'color', 'sensor_size', 'effects', 'weight', 'autofocus_points'], 'CAMERA_2': [], 'CAMERA_3': ['autofocus_points', 'effects']}",C_LEAVES,DOOR,NONE,,S_RETURNS_TO_COUNTER,SERVICE_COUNTER,NONE,,
59,1,NONE,[],"{'CAMERA_1': [], 'CAMERA_2': [], 'CAMERA_3': []}",C_ENTERS,DOOR,NONE,,S_NONE,SERVICE_COUNTER,NONE,,
59,2,NONE,[],"{'CAMERA_1': [], 'CAMERA_2': [], 'CAMERA_3': []}",C_WALKS_TO_CAMERA,CAMERA_2,NONE,,S_GREETS,CAMERA_2,NONE,can I help you?,
59,3,CAMERA_3,['CAMERA_3'],"{'CAMERA_1': [], 'CAMERA_2': [], 'CAMERA_3': []}",C_LOOKING_FOR_A_CAMERA,CAMERA_2,NONE,I'm looking for a camera,S_INTRODUCES_CAMERA,CAMERA_3,,Let me show you this. Here we have the Canon EOS 5D Mark III.,39~60
59,4,CAMERA_3,['CAMERA_3'],"{'CAMERA_1': [], 'CAMERA_2': [], 'CAMERA_3': ['sensor_size']}",C_SILENT_OR_BACKCHANNEL,CAMERA_3,NONE,I see,S_INTRODUCES_FEATURE,CAMERA_3,sensor_size,This one has a full frame.,15~25
59,5,CAMERA_3,['CAMERA_3'],"{'CAMERA_1': [], 'CAMERA_2': [], 'CAMERA_3': ['sensor_size', 'optical_zoom']}",C_QUESTION_ABOUT_FEATURE,CAMERA_3,optical_zoom,does it have optical zoom,S_NOT_SURE,CAMERA_3,,I'm not really sure about that,
59,6,CAMERA_3,['CAMERA_3'],"{'CAMERA_1': [], 'CAMERA_2': [], 'CAMERA_3': ['sensor_size', 'optical_zoom', 'price']}",C_QUESTION_ABOUT_FEATURE,CAMERA_3,price,how much does it cost,S_ANSWERS_QUESTION_ABOUT_FEATURE,CAMERA_3,price,This one costs $3706.,15~20
59,7,CAMERA_3,['CAMERA_3'],"{'CAMERA_1': [], 'CAMERA_2': [], 'CAMERA_3': ['sensor_size', 'optical_zoom', 'price', 'autofocus_points']}",C_QUESTION_ABOUT_FEATURE,CAMERA_3,autofocus_points,how many autofocus points does it have,S_ANSWERS_QUESTION_ABOUT_FEATURE,CAMERA_3,autofocus_points,This one has 61 autofocus points.,13~32
59,8,CAMERA_3,['CAMERA_3'],"{'CAMERA_1': [], 'CAMERA_2': [], 'CAMERA_3': ['sensor_size', 'optical_zoom', 'price', 'autofocus_points', 'ISO']}",C_SILENT_OR_BACKCHANNEL,CAMERA_3,NONE,okay,S_INTRODUCES_FEATURE,CAMERA_3,ISO,This one has up to 6400 ISO with little noise.,13~45
59,9,NONE,['CAMERA_3'],"{'CAMERA_1': [], 'CAMERA_2': [], 'CAMERA_3': ['sensor_size', 'optical_zoom', 'price', 'autofocus_points', 'ISO']}",C_THANK_YOU,CAMERA_3,NONE,thank you for your help,S_THANK_YOU,CAMERA_3,NONE,thank you very much,
59,10,NONE,['CAMERA_3'],"{'CAMERA_1': [], 'CAMERA_2': [], 'CAMERA_3': ['sensor_size', 'optical_zoom', 'price', 'autofocus_points', 'ISO']}",C_LEAVES,DOOR,NONE,,S_RETURNS_TO_COUNTER,SERVICE_COUNTER,NONE,,
60,1,NONE,[],"{'CAMERA_1': [], 'CAMERA_2': [], 'CAMERA_3': []}",C_ENTERS,DOOR,NONE,,S_NONE,SERVICE_COUNTER,NONE,,
60,2,NONE,[],"{'CAMERA_1': [], 'CAMERA_2': [], 'CAMERA_3': []}",C_WALKS_TO_CAMERA,CAMERA_2,NONE,,S_GREETS,CAMERA_2,NONE,can I help you?,
60,3,CAMERA_3,['CAMERA_3'],"{'CAMERA_1': [], 'CAMERA_2': [], 'CAMERA_3': []}",C_LOOKING_FOR_A_CAMERA,CAMERA_2,NONE,I'm looking for a camera,S_INTRODUCES_CAMERA,CAMERA_3,,Let me show you this. Here we have the Canon EOS 5D Mark III.,39~60
60,4,CAMERA_3,['CAMERA_3'],"{'CAMERA_1': [], 'CAMERA_2': [], 'CAMERA_3': ['long_exposure']}",C_SILENT_OR_BACKCHANNEL,CAMERA_3,NONE,I see,S_INTRODUCES_FEATURE,CAMERA_3,long_exposure,"This one can take long exposures up to up to 30 seconds, bulb mode: expose as long as you want.",39~94
60,5,CAMERA_3,['CAMERA_3'],"{'CAMERA_1': [], 'CAMERA_2': [], 'CAMERA_3': ['long_exposure', 'color']}",C_SILENT_OR_BACKCHANNEL,CAMERA_3,NONE,okay,S_INTRODUCES_FEATURE,CAMERA_3,color,This one comes in black.,18~23
60,6,CAMERA_3,['CAMERA_3'],"{'CAMERA_1': [], 'CAMERA_2': [], 'CAMERA_3': ['long_exposure', 'color', 'settings']}",C_SILENT_OR_BACKCHANNEL,CAMERA_3,NONE,okay,S_INTRODUCES_FEATURE,CAMERA_3,settings,This one has full manual control.,13~32
60,7,CAMERA_3,['CAMERA_3'],"{'CAMERA_1': [], 'CAMERA_2': [], 'CAMERA_3': ['long_exposure', 'color', 'settings', 'price']}",C_QUESTION_ABOUT_FEATURE,CAMERA_3,price,how much does it cost,S_ANSWERS_QUESTION_ABOUT_FEATURE,CAMERA_3,price,This one costs $3706.,15~20
60,8,CAMERA_3,['CAMERA_3'],"{'CAMERA_1': [], 'CAMERA_2': [], 'CAMERA_3': ['long_exposure', 'color', 'settings', 'price', 'optical_zoom']}",C_QUESTION_ABOUT_FEATURE,CAMERA_3,optical_zoom,does it have optical zoom,S_NOT_SURE,CAMERA_3,,I'm not really sure about that,
60,9,CAMERA_2,"['CAMERA_3', 'CAMERA_2']","{'CAMERA_1': [], 'CAMERA_2': [], 'CAMERA_3': ['long_exposure', 'color', 'settings', 'price', 'optical_zoom']}",C_ANYTHING_ELSE_AVAILABLE,CAMERA_3,NONE,ok do you have any other cameras,S_INTRODUCES_CAMERA,CAMERA_2,,Let me show you this. Here we have the Sony Alpha a6000.,39~55
60,10,CAMERA_2,"['CAMERA_3', 'CAMERA_2']","{'CAMERA_1': [], 'CAMERA_2': ['resolution'], 'CAMERA_3': ['long_exposure', 'color', 'settings', 'price', 'optical_zoom']}",C_QUESTION_ABOUT_FEATURE,CAMERA_2,resolution,what is the resolution,S_NOT_SURE,CAMERA_2,,I'm not really sure about that,
60,11,CAMERA_2,"['CAMERA_3', 'CAMERA_2']","{'CAMERA_1': [], 'CAMERA_2': ['resolution', 'autofocus_points'], 'CAMERA_3': ['long_exposure', 'color', 'settings', 'price', 'optical_zoom']}",C_QUESTION_ABOUT_FEATURE,CAMERA_2,autofocus_points,how many autofocus points does it have,S_ANSWERS_QUESTION_ABOUT_FEATURE,CAMERA_2,autofocus_points,This one has 179 autofocus points.,13~33
60,12,CAMERA_2,"['CAMERA_3', 'CAMERA_2']","{'CAMERA_1': [], 'CAMERA_2': ['resolution', 'autofocus_points', 'weight'], 'CAMERA_3': ['long_exposure', 'color', 'settings', 'price', 'optical_zoom']}",C_QUESTION_ABOUT_FEATURE,CAMERA_2,weight,how much does this one weigh,S_ANSWERS_QUESTION_ABOUT_FEATURE,CAMERA_2,weight,This one weighs 470 grams.,16~25
60,13,CAMERA_2,"['CAMERA_3', 'CAMERA_2']","{'CAMERA_1': [], 'CAMERA_2': ['resolution', 'autofocus_points', 'weight', 'settings'], 'CAMERA_3': ['long_exposure', 'color', 'settings', 'price', 'optical_zoom']}",C_SILENT_OR_BACKCHANNEL,CAMERA_2,NONE,okay,S_INTRODUCES_FEATURE,CAMERA_2,settings,This one has full manual control.,13~32
60,14,NONE,"['CAMERA_3', 'CAMERA_2']","{'CAMERA_1': [], 'CAMERA_2': ['resolution', 'autofocus_points', 'weight', 'settings'], 'CAMERA_3': ['long_exposure', 'color', 'settings', 'price', 'optical_zoom']}",C_THANK_YOU,CAMERA_2,NONE,thank you for your help,S_THANK_YOU,CAMERA_2,NONE,thank you very much,
60,15,NONE,"['CAMERA_3', 'CAMERA_2']","{'CAMERA_1': [], 'CAMERA_2': ['resolution', 'autofocus_points', 'weight', 'settings'], 'CAMERA_3': ['long_exposure', 'color', 'settings', 'price', 'optical_zoom']}",C_LEAVES,DOOR,NONE,,S_RETURNS_TO_COUNTER,SERVICE_COUNTER,NONE,,
61,1,NONE,[],"{'CAMERA_1': [], 'CAMERA_2': [], 'CAMERA_3': []}",C_ENTERS,DOOR,NONE,,S_NONE,SERVICE_COUNTER,NONE,,
61,2,NONE,[],"{'CAMERA_1': [], 'CAMERA_2': [], 'CAMERA_3': []}",C_GREETS,MIDDLE,NONE,hello,S_GREETS,MIDDLE,NONE,can I help you?,
61,3,CAMERA_1,['CAMERA_1'],"{'CAMERA_1': [], 'CAMERA_2': [], 'CAMERA_3': []}",C_LOOKING_FOR_A_CAMERA,MIDDLE,NONE,I'm looking for a camera,S_INTRODUCES_CAMERA,CAMERA_1,,Let me show you this. Here we have the Nikon Coolpix S2800.,39~58
61,4,CAMERA_1,['CAMERA_1'],"{'CAMERA_1': ['price'], 'CAMERA_2': [], 'CAMERA_3': []}",C_QUESTION_ABOUT_FEATURE,CAMERA_1,price,how much does it cost,S_ANSWERS_QUESTION_ABOUT_FEATURE,CAMERA_1,price,This one costs $2173.,15~20
61,5,CAMERA_3,"['CAMERA_1', 'CAMERA_3']","{'CAMERA_1': ['price'], 'CAMERA_2': [], 'CAMERA_3': []}",C_ANYTHING_ELSE_AVAILABLE,CAMERA_1,NONE,ok do you have any other cameras,S_INTRODUCES_CAMERA,CAMERA_3,,Let me show you this. Here we have the Canon EOS 5D Mark III.,39~60
61,6,CAMERA_3,"['CAMERA_1', 'CAMERA_3']","{'CAMERA_1': ['price'], 'CAMERA_2': [], 'CAMERA_3': ['effects']}",C_QUESTION_ABOUT_FEATURE,CAMERA_3,effects,does it have any effect modes,S_NOT_SURE,CAMERA_3,,I'm not really sure about that,
61,7,CAMERA_3,"['CAMERA_1', 'CAMERA_3']","{'CAMERA_1': ['price'], 'CAMERA_2': [], 'CAMERA_3': ['effects', 'preset_modes']}",C_QUESTION_ABOUT_FEATURE,CAMERA_3,preset_modes,does it have preset modes,S_NOT_SURE,CAMERA_3,,I'm not really sure about that,
61,8,CAMERA_2,"['CAMERA_1', 'CAMERA_3', 'CAMERA_2']","{'CAMERA_1': ['price'], 'CAMERA_2': [], 'CAMERA_3': ['effects', 'preset_modes']}",C_ANYTHING_ELSE_AVAILABLE,CAMERA_3,NONE,ok do you have any other cameras,S_INTRODUCES_CAMERA,CAMERA_2,,Let me show you this. Here we have the Sony Alpha a6000.,39~55
61,9,CAMERA_2,"['CAMERA_1', 'CAMERA_3', 'CAMERA_2']","{'CAMERA_1': ['price'], 'CAMERA_2': ['weight'], 'CAMERA_3': ['effects', 'preset_modes']}",C_QUESTION_ABOUT_FEATURE,CAMERA_2,weight,how much does this one weigh,S_ANSWERS_QUESTION_ABOUT_FEATURE,CAMERA_2,weight,This one weighs 470 grams.,16~25
61,10,CAMERA_2,"['CAMERA_1', 'CAMERA_3', 'CAMERA_2']","{'CAMERA_1': ['price'], 'CAMERA_2': ['weight', 'optical_zoom'], 'CAMERA_3': ['effects', 'preset_modes']}",C_QUESTION_ABOUT_FEATURE,CAMERA_2,optical_zoom,does it have optical zoom,S_NOT_SURE,CAMERA_2,,I'm not really sure about that,
61,11,NONE,"['CAMERA_1', 'CAMERA_3', 'CAMERA_2']","{'CAMERA_1': ['price'], 'CAMERA_2': ['weight', 'optical_zoom'], 'CAMERA_3': ['effects', 'preset_modes']}",C_THANK_YOU,CAMERA_2,NONE,thank you for your help,S_THANK_YOU,CAMERA_2,NONE,thank you very much,
61,12,NONE,"['CAMERA_1', 'CAMERA_3', 'CAMERA_2']","{'CAMERA_1': ['price'], 'CAMERA_2': ['weight', 'optical_zoom'], 'CAMERA_3': ['effects', 'preset_modes']}",C_LEAVES,DOOR,NONE,,S_RETURNS_TO_COUNTER,SERVICE_COUNTER,NONE,,
62,1,NONE,[],"{'CAMERA_1': [], 'CAMERA_2': [], 'CAMERA_3': []}",C_ENTERS,DOOR,NONE,,S_NONE,SERVICE_COUNTER,NONE,,
62,2,NONE,[],"{'CAMERA_1': [], 'CAMERA_2': [], 'CAMERA_3': []}",C_WALKS_TO_CAMERA,CAMERA_3,NONE,,S_NONE,SERVICE_COUNTER,NONE,,
62,3,NONE,[],"{'CAMERA_1': [], 'CAMERA_2': [], 'CAMERA_3': []}",C_EXAMINES_CAMERA,CAMERA_3,NONE,,S_NONE,SERVICE_COUNTER,NONE,,
62,4,NONE,[],"{'CAMERA_1': [], 'CAMERA_2': [], 'CAMERA_3': []}",C_WALKS_TO_CAMERA,CAMERA_2,NONE,,S_GREETS,CAMERA_2,NONE,can I help you?,
62,5,CAMERA_1,['CAMERA_1'],"{'CAMERA_1': [], 'CAMERA_2': [], 'CAMERA_3': []}",C_LOOKING_FOR_A_CAMERA,CAMERA_2,NONE,I'm looking for a camera,S_INTRODUCES_CAMERA,CAMERA_1,,Let me show you this. Here we have the Nikon Coolpix S2800.,39~58
62,6,CAMERA_1,['CAMERA_1'],"{'CAMERA_1': ['price'], 'CAMERA_2': [], 'CAMERA_3': []}",C_QUESTION_ABOUT_FEATURE,CAMERA_1,price,how much does it cost,S_ANSWERS_QUESTION_ABOUT_FEATURE,CAMERA_1,price,This one costs $2173.,15~20
62,7,NONE,['CAMERA_1'],"{'CAMERA_1': ['price'], 'CAMERA_2': [], 'CAMERA_3': []}",C_THANK_YOU,CAMERA_1,NONE,thank you for your help,S_THANK_YOU,CAMERA_1,NONE,thank you very much,
62,8,NONE,['CAMERA_1'],"{'CAMERA_1': ['price'], 'CAMERA_2': [], 'CAMERA_3': []}",C_LEAVES,DOOR,NONE,,S_RETURNS_TO_COUNTER,SERVICE_COUNTER,NONE,,
63,1,NONE,[],"{'CAMERA_1': [], 'CAMERA_2': [], 'CAMERA_3': []}",C_ENTERS,DOOR,NONE,,S_NONE,SERVICE_COUNTER,NONE,,
63,2,NONE,[],"{'CAMERA_1': [], 'CAMERA_2': [], 'CAMERA_3': []}",C_WALKS_TO_CAMERA,CAMERA_2,NONE,,S_GREETS,CAMERA_2,NONE,can I help you?,
63,3,CAMERA_3,['CAMERA_3'],"{'CAMERA_1': [], 'CAMERA_2': [], 'CAMERA_3': []}",C_LOOKING_FOR_A_CAMERA,CAMERA_2,NONE,I'm looking for a camera,S_INTRODUCES_CAMERA,CAMERA_3,,Let me show you this. Here we have the Canon EOS 5D Mark III.,39~60
63,4,CAMERA_3,['CAMERA_3'],"{'CAMERA_1': [], 'CAMERA_2': [], 'CAMERA_3': ['color']}",C_QUESTION_ABOUT_FEATURE,CAMERA_3,color,what colors does this one come in,S_ANSWERS_QUESTION_ABOUT_FEATURE,CAMERA_3,color,This one comes in black.,18~23
63,5,CAMERA_3,['CAMERA_3'],"{'CAMERA_1': [], 'CAMERA_2': [], 'CAMERA_3': ['color', 'autofocus_points']}",C_QUESTION_ABOUT_FEATURE,CAMERA_3,autofocus_points,how many autofocus points does it have,S_ANSWERS_QUESTION_ABOUT_FEATURE,CAMERA_3,autofocus_points,This one has 61 autofocus points.,13~32
63,6,CAMERA_3,['CAMERA_3'],"{'CAMERA_1': [], 'CAMERA_2': [], 'CAMERA_3': ['color', 'autofocus_points', 'effects']}",C_QUESTION_ABOUT_FEATURE,CAMERA_3,effects,does it have any effect modes,S_NOT_SURE,CAMERA_3,,I'm not really sure about that,
63,7,NONE,['CAMERA_3'],"{'CAMERA_1': [], 'CAMERA_2': [], 'CAMERA_3': ['color', 'autofocus_points', 'effects']}",C_THANK_YOU,CAMERA_3,NONE,thank you for your help,S_THANK_YOU,CAMERA_3,NONE,thank you very much,
63,8,NONE,['CAMERA_3'],"{'CAMERA_1': [], 'CAMERA_2': [], 'CAMERA_3': ['color', 'autofocus_points', 'effects']}",C_LEAVES,DOOR,NONE,,S_RETURNS_TO_COUNTER,SERVICE_COUNTER,NONE,,
64,1,NONE,[],"{'CAMERA_1': [], 'CAMERA_2': [], 'CAMERA_3': []}",C_ENTERS,DOOR,NONE,,S_NONE,SERVICE_COUNTER,NONE,,
64,2,NONE,[],"{'CAMERA_1': [], 'CAMERA_2': [], 'CAMERA_3': []}",C_WALKS_TO_CAMERA,CAMERA_1,NONE,,S_GREETS,CAMERA_1,NONE,can I help you?,
64,3,CAMERA_1,['CAMERA_1'],"{'CAMERA_1': [], 'CAMERA_2': [], 'CAMERA_3': []}",C_LOOKING_FOR_A_CAMERA,CAMERA_1,NONE,I'm looking for a camera,S_INTRODUCES_CAMERA,CAMERA_1,,Let me show you this. Here we have the Nikon Coolpix S2800.,39~58
64,4,CAMERA_1,['CAMERA_1'],"{'CAMERA_1': ['weight'], 'CAMERA_2': [], 'CAMERA_3': []}",C_QUESTION_ABOUT_FEATURE,CAMERA_1,weight,how much does this one weigh,S_ANSWERS_QUESTION_ABOUT_FEATURE,CAMERA_1,weight,This one weighs 120 grams.,16~25
64,5,CAMERA_1,['CAMERA_1'],"{'CAMERA_1': ['weight', 'settings'], 'CAMERA_2': [], 'CAMERA_3': []}",C_QUESTION_ABOUT_FEATURE,CAMERA_1,settings,what kind of settings does it have,S_ANSWERS_QUESTION_ABOUT_FEATURE,CAMERA_1,settings,This one has limited manual settings.,13~36
64,6,CAMERA_1,['CAMERA_1'],"{'CAMERA_1': ['weight', 'settings', 'preset_modes'], 'CAMERA_2': [], 'CAMERA_3': []}",C_QUESTION_ABOUT_FEATURE,CAMERA_1,preset_modes,does it have preset modes,S_ANSWERS_QUESTION_ABOUT_FEATURE,CAMERA_1,preset_modes,"This one has 18 preset modes (e.g. beach, snow, night portrait).",13~63
64,7,CAMERA_1,['CAMERA_1'],"{'CAMERA_1': ['weight', 'settings', 'preset_modes', 'optical_zoom'], 'CAMERA_2': [], 'CAMERA_3': []}",C_SILENT_OR_BACKCHANNEL,CAMERA_1,NONE,I see,S_INTRODUCES_FEATURE,CAMERA_1,optical_zoom,This one has 5x optical zoom.,13~28
64,8,CAMERA_1,['CAMERA_1'],"{'CAMERA_1': ['weight', 'settings', 'preset_modes', 'optical_zoom', 'resolution'], 'CAMERA_2': [], 'CAMERA_3': []}",C_SILENT_OR_BACKCHANNEL,CAMERA_1,NONE,I see,S_INTRODUCES_FEATURE,CAMERA_1,resolution,This one has 20.1 megapixels resolution.,13~28
64,9,CAMERA_1,['CAMERA_1'],"{'CAMERA_1': ['weight', 'settings', 'preset_modes', 'optical_zoom', 'resolution', 'camera_type'], 'CAMERA_2': [], 'CAMERA_3': []}",C_QUESTION_ABOUT_FEATURE,CAMERA_1,camera_type,what kind of camera is this,S_ANSWERS_QUESTION_ABOUT_FEATURE,CAMERA_1,camera_type,This is a point and shoot camera.,10~25
64,10,CAMERA_1,['CAMERA_1'],"{'CAMERA_1': ['weight', 'settings', 'preset_modes', 'optical_zoom', 'resolution', 'camera_type', 'long_exposure'], 'CAMERA_2': [], 'CAMERA_3': []}",C_QUESTION_ABOUT_FEATURE,CAMERA_1,long_exposure,can it take long exposure shots,S_NOT_SURE,CAMERA_1,,I'm not really sure about that,
64,11,CAMERA_1,['CAMERA_1'],"{'CAMERA_1': ['weight', 'settings', 'preset_modes', 'optical_zoom', 'resolution', 'camera_type', 'long_exposure', 'color'], 'CAMERA_2': [], 'CAMERA_3': []}",C_QUESTION_ABOUT_FEATURE,CAMERA_1,color,what colors does this one come in,S_ANSWERS_QUESTION_ABOUT_FEATURE,CAMERA_1,color,"This one comes in purple, pink, black, silver, red.",18~50
64,12,NONE,['CAMERA_1'],"{'CAMERA_1': ['weight', 'settings', 'preset_modes', 'optical_zoom', 'resolution', 'camera_type', 'long_exposure', 'color'], 'CAMERA_2': [], 'CAMERA_3': []}",C_THANK_YOU,CAMERA_1,NONE,thank you for your help,S_THANK_YOU,CAMERA_1,NONE,thank you very much,
64,13,NONE,['CAMERA_1'],"{'CAMERA_1': ['weight', 'settings', 'preset_modes', 'optical_zoom', 'resolution', 'camera_type', 'long_exposure', 'color'], 'CAMERA_2': [], 'CAMERA_3': []}",C_LEAVES,DOOR,NONE,,S_RETURNS_TO_COUNTER,SERVICE_COUNTER,NONE,,
65,1,NONE,[],"{'CAMERA_1': [], 'CAMERA_2': [], 'CAMERA_3': []}",C_ENTERS,DOOR,NONE,,S_NONE,SERVICE_COUNTER,NONE,,
65,2,NONE,[],"{'CAMERA_1': [], 'CAMERA_2': [], 'CAMERA_3': []}",C_WALKS_TO_CAMERA,CAMERA_2,NONE,,S_GREETS,CAMERA_2,NONE,can I help you?,
65,3,CAMERA_3,['CAMERA_3'],"{'CAMERA_1': [], 'CAMERA_2': [], 'CAMERA_3': []}",C_LOOKING_FOR_A_CAMERA,CAMERA_2,NONE,I'm looking for a camera,S_INTRODUCES_CAMERA,CAMERA_3,,Let me show you this. Here we have the Canon EOS 5D Mark III.,39~60
65,4,CAMERA_3,['CAMERA_3'],"{'CAMERA_1': [], 'CAMERA_2': [], 'CAMERA_3': ['sensor_size']}",C_QUESTION_ABOUT_FEATURE,CAMERA_3,sensor_size,what is the sensor size,S_ANSWERS_QUESTION_ABOUT_FEATURE,CAMERA_3,sensor_size,This one has a full frame.,15~25
65,5,CAMERA_3,['CAMERA_3'],"{'CAMERA_1': [], 'CAMERA_2': [], 'CAMERA_3': ['sensor_size', 'optical_zoom']}",C_QUESTION_ABOUT_FEATURE,CAMERA_3,optical_zoom,does it have optical zoom,S_NOT_SURE,CAMERA_3,,I'm not really sure about that,
65,6,CAMERA_3,['CAMERA_3'],"{'CAMERA_1': [], 'CAMERA_2': [], 'CAMERA_3': ['sensor_size', 'optical_zoom', 'long_exposure']}",C_QUESTION_ABOUT_FEATURE,CAMERA_3,long_exposure,can it take long exposure shots,S_ANSWERS_QUESTION_ABOUT_FEATURE,CAMERA_3,long_exposure,"This one can take long exposures up to up to 30 seconds, bulb mode: expose as long as you want.",39~94
65,7,CAMERA_3,['CAMERA_3'],"{'CAMERA_1': [], 'CAMERA_2': [], 'CAMERA_3': ['sensor_size', 'optical_zoom', 'long_exposure', 'autofocus_points']}",C_SILENT_OR_BACKCHANNEL,CAMERA_3,NONE,okay,S_INTRODUCES_FEATURE,CAMERA_3,autofocus_points,This one has 61 autofocus points.,13~32
65,8,NONE,['CAMERA_3'],"{'CAMERA_1': [], 'CAMERA_2': [], 'CAMERA_3': ['sensor_size', 'optical_zoom', 'long_exposure', 'autofocus_points']}",C_THANK_YOU,CAMERA_3,NONE,thank you for your help,S_THANK_YOU,CAMERA_3,NONE,thank you very much,
65,9,NONE,['CAMERA_3'],"{'CAMERA_1': [], 'CAMERA_2': [], 'CAMERA_3': ['sensor_size', 'optical_zoom', 'long_exposure', 'autofocus_points']}",C_LEAVES,DOOR,NONE,,S_RETURNS_TO_COUNTER,SERVICE_COUNTER,NONE,,
66,1,NONE,[],"{'CAMERA_1': [], 'CAMERA_2': [], 'CAMERA_3': []}",C_ENTERS,DOOR,NONE,,S_NONE,SERVICE_COUNTER,NONE,,
66,2,NONE,[],"{'CAMERA_1': [], 'CAMERA_2': [], 'CAMERA_3': []}",C_GREETS,MIDDLE,NONE,hello,S_GREETS,MIDDLE,NONE,can I help you?,
66,3,CAMERA_3,['CAMERA_3'],"{'CAMERA_1': [], 'CAMERA_2': [], 'CAMERA_3': []}",C_LOOKING_FOR_A_CAMERA,MIDDLE,NONE,I'm looking for a camera,S_INTRODUCES_CAMERA,CAMERA_3,,Let me show you this. Here we have the Canon EOS 5D Mark III.,39~60
66,4,CAMERA_3,['CAMERA_3'],"{'CAMERA_1': [], 'CAMERA_2': [], 'CAMERA_3': ['resolution']}",C_QUESTION_ABOUT_FEATURE,CAMERA_3,resolution,what is the resolution,S_NOT_SURE,CAMERA_3,,I'm not really sure about that,
66,5,CAMERA_3,['CAMERA_3'],"{'CAMERA_1': [], 'CAMERA_2': [], 'CAMERA_3': ['resolution', 'ISO']}",C_QUESTION_ABOUT_FEATURE,CAMERA_3,ISO,what is the ISO,S_ANSWERS_QUESTION_ABOUT_FEATURE,CAMERA_3,ISO,This one has up to 6400 ISO with little noise.,13~45
66,6,CAMERA_3,['CAMERA_3'],"{'CAMERA_1': [], 'CAMERA_2': [], 'CAMERA_3': ['resolution', 'ISO', 'autofocus_points']}",C_SILENT_OR_BACKCHANNEL,CAMERA_3,NONE,okay,S_INTRODUCES_FEATURE,CAMERA_3,autofocus_points,This one has 61 autofocus points.,13~32
66,7,CAMERA_3,['CAMERA_3'],"{'CAMERA_1': [], 'CAMERA_2': [], 'CAMERA_3': ['resolution', 'ISO', 'autofocus_points', 'color']}",C_QUESTION_ABOUT_FEATURE,CAMERA_3,color,what colors does this one come in,S_ANSWERS_QUESTION_ABOUT_FEATURE,CAMERA_3,color,This one comes in black.,18~23
66,8,CAMERA_3,['CAMERA_3'],"{'CAMERA_1': [], 'CAMERA_2': [], 'CAMERA_3': ['resolution', 'ISO', 'autofocus_points', 'color', 'preset_modes']}",C_QUESTION_ABOUT_FEATURE,CAMERA_3,preset_modes,does it have preset modes,S_NOT_SURE,CAMERA_3,,I'm not really sure about that,
66,9,CAMERA_3,['CAMERA_3'],"{'CAMERA_1': [], 'CAMERA_2': [], 'CAMERA_3': ['resolution', 'ISO', 'autofocus_points', 'color', 'preset_modes', 'price']}",C_SILENT_OR_BACKCHANNEL,CAMERA_3,NONE,okay,S_INTRODUCES_FEATURE,CAMERA_3,price,This one costs $3706.,15~20
66,10,CAMERA_3,['CAMERA_3'],"{'CAMERA_1': [], 'CAMERA_2': [], 'CAMERA_3': ['resolution', 'ISO', 'autofocus_points', 'color', 'preset_modes', 'price', 'settings']}",C_QUESTION_ABOUT_FEATURE,CAMERA_3,settings,what kind of settings does it have,S_ANSWERS_QUESTION_ABOUT_FEATURE,CAMERA_3,settings,This one has full manual control.,13~32
66,11,CAMERA_3,['CAMERA_3'],"{'CAMERA_1': [], 'CAMERA_2': [], 'CAMERA_3': ['resolution', 'ISO', 'autofocus_points', 'color', 'preset_modes', 'price', 'settings', 'sensor_size']}",C_SILENT_OR_BACKCHANNEL,CAMERA_3,NONE,I see,S_INTRODUCES_FEATURE,CAMERA_3,sensor_size,This one has a full frame.,15~25
66,12,CAMERA_1,"['CAMERA_3', 'CAMERA_1']","{'CAMERA_1': [], 'CAMERA_2': [], 'CAMERA_3': ['resolution', 'ISO', 'autofocus_points', 'color', 'preset_modes', 'price', 'settings', 'sensor_size']}",C_ANYTHING_ELSE_AVAILABLE,CAMERA_3,NONE,ok do you have any other cameras,S_INTRODUCES_CAMERA,CAMERA_1,,Let me show you this. Here we have the Nikon Coolpix S2800.,39~58
66,13,CAMERA_1,"['CAMERA_3', 'CAMERA_1']","{'CAMERA_1': ['long_exposure'], 'CAMERA_2': [], 'CAMERA_3': ['resolution', 'ISO', 'autofocus_points', 'color', 'preset_modes', 'price', 'settings', 'sensor_size']}",C_QUESTION_ABOUT_FEATURE,CAMERA_1,long_exposure,can it take long exposure shots,S_NOT_SURE,CAMERA_1,,I'm not really sure about that,
66,14,CAMERA_1,"['CAMERA_3', 'CAMERA_1']","{'CAMERA_1': ['long_exposure', 'preset_modes'], 'CAMERA_2': [], 'CAMERA_3': ['resolution', 'ISO', 'autofocus_points', 'color', 'preset_modes', 'price', 'settings', 'sensor_size']}",C_SILENT_OR_BACKCHANNEL,CAMERA_1,NONE,I see,S_INTRODUCES_FEATURE,CAMERA_1,preset_modes,"This one has 18 preset modes (e.g. beach, snow, night portrait).",13~63
66,15,CAMERA_2,"['CAMERA_3', 'CAMERA_1', 'CAMERA_2']","{'CAMERA_1': ['long_exposure', 'preset_modes'], 'CAMERA_2': [], 'CAMERA_3': ['resolution', 'ISO', 'autofocus_points', 'color', 'preset_modes', 'price', 'settings', 'sensor_size']}",C_ANYTHING_ELSE_AVAILABLE,CAMERA_1,NONE,ok do you have any other cameras,S_INTRODUCES_CAMERA,CAMERA_2,,Let me show you this. Here we have the Sony Alpha a6000.,39~55
66,16,CAMERA_2,"['CAMERA_3', 'CAMERA_1', 'CAMERA_2']","{'CAMERA_1': ['long_exposure', 'preset_modes'], 'CAMERA_2': ['sensor_size'], 'CAMERA_3': ['resolution', 'ISO', 'autofocus_points', 'color', 'preset_modes', 'price', 'settings', 'sensor_size']}",C_QUESTION_ABOUT_FEATURE,CAMERA_2,sensor_size,what is the sensor size,S_ANSWERS_QUESTION_ABOUT_FEATURE,CAMERA_2,sensor_size,This one has a APS-C sensor (crop sensor).,15~41
66,17,CAMERA_2,"['CAMERA_3', 'CAMERA_1', 'CAMERA_2']","{'CAMERA_1': ['long_exposure', 'preset_modes'], 'CAMERA_2': ['sensor_size', 'color'], 'CAMERA_3': ['resolution', 'ISO', 'autofocus_points', 'color', 'preset_modes', 'price', 'settings', 'sensor_size']}",C_QUESTION_ABOUT_FEATURE,CAMERA_2,color,what colors does this one come in,S_ANSWERS_QUESTION_ABOUT_FEATURE,CAMERA_2,color,"This one comes in white, silver, black.",18~38
66,18,CAMERA_2,"['CAMERA_3', 'CAMERA_1', 'CAMERA_2']","{'CAMERA_1': ['long_exposure', 'preset_modes'], 'CAMERA_2': ['sensor_size', 'color', 'resolution'], 'CAMERA_3': ['resolution', 'ISO', 'autofocus_points', 'color', 'preset_modes', 'price', 'settings', 'sensor_size']}",C_QUESTION_ABOUT_FEATURE,CAMERA_2,resolution,what is the resolution,S_NOT_SURE,CAMERA_2,,I'm not really sure about that,
66,19,NONE,"['CAMERA_3', 'CAMERA_1', 'CAMERA_2']","{'CAMERA_1': ['long_exposure', 'preset_modes'], 'CAMERA_2': ['sensor_size', 'color', 'resolution'], 'CAMERA_3': ['resolution', 'ISO', 'autofocus_points', 'color', 'preset_modes', 'price', 'settings', 'sensor_size']}",C_THANK_YOU,CAMERA_2,NONE,thank you for your help,S_THANK_YOU,CAMERA_2,NONE,thank you very much,
66,20,NONE,"['CAMERA_3', 'CAMERA_1', 'CAMERA_2']","{'CAMERA_1': ['long_exposure', 'preset_modes'], 'CAMERA_2': ['sensor_size', 'color', 'resolution'], 'CAMERA_3': ['resolution', 'ISO', 'autofocus_points', 'color', 'preset_modes', 'price', 'settings', 'sensor_size']}",C_LEAVES,DOOR,NONE,,S_RETURNS_TO_COUNTER,SERVICE_COUNTER,NONE,,
67,1,NONE,[],"{'CAMERA_1': [], 'CAMERA_2': [], 'CAMERA_3': []}",C_ENTERS,DOOR,NONE,,S_NONE,SERVICE_COUNTER,NONE,,
67,2,NONE,[],"{'CAMERA_1': [], 'CAMERA_2': [], 'CAMERA_3': []}",C_GREETS,MIDDLE,NONE,hello,S_GREETS,MIDDLE,NONE,can I help you?,
67,3,CAMERA_3,['CAMERA_3'],"{'CAMERA_1': [], 'CAMERA_2': [], 'CAMERA_3': []}",C_LOOKING_FOR_A_CAMERA,MIDDLE,NONE,I'm looking for a camera,S_INTRODUCES_CAMERA,CAMERA_3,,Let me show you this. Here we have the Canon EOS 5D Mark III.,39~60
67,4,CAMERA_3,['CAMERA_3'],"{'CAMERA_1': [], 'CAMERA_2': [], 'CAMERA_3': ['optical_zoom']}",C_QUESTION_ABOUT_FEATURE,CAMERA_3,optical_zoom,does it have optical zoom,S_NOT_SURE,CAMERA_3,,I'm not really sure about that,
67,5,CAMERA_3,['CAMERA_3'],"{'CAMERA_1': [], 'CAMERA_2': [], 'CAMERA_3': ['optical_zoom', 'price']}",C_QUESTION_ABOUT_FEATURE,CAMERA_3,price,how much does it cost,S_ANSWERS_QUESTION_ABOUT_FEATURE,CAMERA_3,price,This one costs $3706.,15~20
67,6,CAMERA_2,"['CAMERA_3', 'CAMERA_2']","{'CAMERA_1': [], 'CAMERA_2': [], 'CAMERA_3': ['optical_zoom', 'price']}",C_ANYTHING_ELSE_AVAILABLE,CAMERA_3,NONE,ok do you have any other cameras,S_INTRODUCES_CAMERA,CAMERA_2,,Let me show you this. Here we have the Sony Alpha a6000.,39~55
67,7,CAMERA_2,"['CAMERA_3', 'CAMERA_2']","{'CAMERA_1': [], 'CAMERA_2': ['settings'], 'CAMERA_3': ['optical_zoom', 'price']}",C_QUESTION_ABOUT_FEATURE,CAMERA_2,settings,what kind of settings does it have,S_ANSWERS_QUESTION_ABOUT_FEATURE,CAMERA_2,settings,This one has full manual control.,13~32
67,8,CAMERA_2,"['CAMERA_3', 'CAMERA_2']","{'CAMERA_1': [], 'CAMERA_2': ['settings', 'price'], 'CAMERA_3': ['optical_zoom', 'price']}",C_QUESTION_ABOUT_FEATURE,CAMERA_2,price,how much does it cost,S_ANSWERS_QUESTION_ABOUT_FEATURE,CAMERA_2,price,This one costs $1341.,15~20
67,9,CAMERA_2,"['CAMERA_3', 'CAMERA_2']","{'CAMERA_1': [], 'CAMERA_2': ['settings', 'price', 'sensor_size'], 'CAMERA_3': ['optical_zoom', 'price']}",C_QUESTION_ABOUT_FEATURE,CAMERA_2,sensor_size,what is the sensor size,S_ANSWERS_QUESTION_ABOUT_FEATURE,CAMERA_2,sensor_size,This one has a APS-C sensor (crop sensor).,15~41
67,10,CAMERA_2,"['CAMERA_3', 'CAMERA_2']","{'CAMERA_1': [], 'CAMERA_2': ['settings', 'price', 'sensor_size', 'optical_zoom'], 'CAMERA_3': ['optical_zoom', 'price']}",C_QUESTION_ABOUT_FEATURE,CAMERA_2,optical_zoom,does it have optical zoom,S_NOT_SURE,CAMERA_2,,I'm not really sure about that,
67,11,CAMERA_2,"['CAMERA_3', 'CAMERA_2']","{'CAMERA_1': [], 'CAMERA_2': ['settings', 'price', 'sensor_size', 'optical_zoom', 'long_exposure'], 'CAMERA_3': ['optical_zoom', 'price']}",C_QUESTION_ABOUT_FEATURE,CAMERA_2,long_exposure,can it take long exposure shots,S_ANSWERS_QUESTION_ABOUT_FEATURE,CAMERA_2,long_exposure,This one can take long exposures up to up to 30 seconds.,39~55
67,12,CAMERA_1,"['CAMERA_3', 'CAMERA_2', 'CAMERA_1']","{'CAMERA_1': [], 'CAMERA_2': ['settings', 'price', 'sensor_size', 'optical_zoom', 'long_exposure'], 'CAMERA_3': ['optical_zoom', 'price']}",C_ANYTHING_ELSE_AVAILABLE,CAMERA_2,NONE,ok do you have any other cameras,S_INTRODUCES_CAMERA,CAMERA_1,,Let me show you this. Here we have the Nikon Coolpix S2800.,39~58
67,13,CAMERA_1,"['CAMERA_3', 'CAMERA_2', 'CAMERA_1']","{'CAMERA_1': ['optical_zoom'], 'CAMERA_2': ['settings', 'price', 'sensor_size', 'optical_zoom', 'long_exposure'], 'CAMERA_3': ['optical_zoom', 'price']}",C_QUESTION_ABOUT_FEATURE,CAMERA_1,optical_zoom,does it have optical zoom,S_ANSWERS_QUESTION_ABOUT_FEATURE,CAMERA_1,optical_zoom,This one has 5x optical zoom.,13~28
67,14,,"['CAMERA_3', 'CAMERA_2', 'CAMERA_1']","{'CAMERA_1': ['optical_zoom'], 'CAMERA_2': ['settings', 'price', 'sensor_size', 'optical_zoom', 'long_exposure'], 'CAMERA_3': ['optical_zoom', 'price']}",C_ANYTHING_ELSE_AVAILABLE,CAMERA_1,NONE,ok do you have any other cameras,S_THATS_ALL_WE_HAVE_AVAILABLE,CAMERA_1,,That’s all we have available at the moment.,
67,15,NONE,"['CAMERA_3', 'CAMERA_2', 'CAMERA_1']","{'CAMERA_1': ['optical_zoom'], 'CAMERA_2': ['settings', 'price', 'sensor_size', 'optical_zoom', 'long_exposure'], 'CAMERA_3': ['optical_zoom', 'price']}",C_THANK_YOU,CAMERA_1,NONE,thank you for your help,S_THANK_YOU,CAMERA_1,NONE,thank you very much,
67,16,NONE,"['CAMERA_3', 'CAMERA_2', 'CAMERA_1']","{'CAMERA_1': ['optical_zoom'], 'CAMERA_2': ['settings', 'price', 'sensor_size', 'optical_zoom', 'long_exposure'], 'CAMERA_3': ['optical_zoom', 'price']}",C_LEAVES,DOOR,NONE,,S_RETURNS_TO_COUNTER,SERVICE_COUNTER,NONE,,
68,1,NONE,[],"{'CAMERA_1': [], 'CAMERA_2': [], 'CAMERA_3': []}",C_ENTERS,DOOR,NONE,,S_NONE,SERVICE_COUNTER,NONE,,
68,2,NONE,[],"{'CAMERA_1': [], 'CAMERA_2': [], 'CAMERA_3': []}",C_GREETS,MIDDLE,NONE,hello,S_GREETS,MIDDLE,NONE,can I help you?,
68,3,CAMERA_2,['CAMERA_2'],"{'CAMERA_1': [], 'CAMERA_2': [], 'CAMERA_3': []}",C_LOOKING_FOR_A_CAMERA,MIDDLE,NONE,I'm looking for a camera,S_INTRODUCES_CAMERA,CAMERA_2,,Let me show you this. Here we have the Sony Alpha a6000.,39~55
68,4,CAMERA_2,['CAMERA_2'],"{'CAMERA_1': [], 'CAMERA_2': ['ISO'], 'CAMERA_3': []}",C_SILENT_OR_BACKCHANNEL,CAMERA_2,NONE,alright,S_INTRODUCES_FEATURE,CAMERA_2,ISO,This one has up to 3200 ISO with little noise.,13~45
68,5,CAMERA_2,['CAMERA_2'],"{'CAMERA_1': [], 'CAMERA_2': ['ISO', 'effects'], 'CAMERA_3': []}",C_QUESTION_ABOUT_FEATURE,CAMERA_2,effects,does it have any effect modes,S_ANSWERS_QUESTION_ABOUT_FEATURE,CAMERA_2,effects,"This one has 13 artistic effect modes (e.g. toy camera, soft focus).",13~67
68,6,CAMERA_3,"['CAMERA_2', 'CAMERA_3']","{'CAMERA_1': [], 'CAMERA_2': ['ISO', 'effects'], 'CAMERA_3': []}",C_ANYTHING_ELSE_AVAILABLE,CAMERA_2,NONE,ok do you have any other cameras,S_INTRODUCES_CAMERA,CAMERA_3,,Let me show you this. Here we have the Canon EOS 5D Mark III.,39~60
68,7,CAMERA_3,"['CAMERA_2', 'CAMERA_3']","{'CAMERA_1': [], 'CAMERA_2': ['ISO', 'effects'], 'CAMERA_3': ['optical_zoom']}",C_QUESTION_ABOUT_FEATURE,CAMERA_3,optical_zoom,does it have optical zoom,S_NOT_SURE,CAMERA_3,,I'm not really sure about that,
68,8,CAMERA_1,"['CAMERA_2', 'CAMERA_3', 'CAMERA_1']","{'CAMERA_1': [], 'CAMERA_2': ['ISO', 'effects'], 'CAMERA_3': ['optical_zoom']}",C_ANYTHING_ELSE_AVAILABLE,CAMERA_3,NONE,ok do you have any other cameras,S_INTRODUCES_CAMERA,CAMERA_1,,Let me show you this. Here we have the Nikon Coolpix S2800.,39~58
68,9,CAMERA_1,"['CAMERA_2', 'CAMERA_3', 'CAMERA_1']","{'CAMERA_1': ['preset_modes'], 'CAMERA_2': ['ISO', 'effects'], 'CAMERA_3': ['optical_zoom']}",C_SILENT_OR_BACKCHANNEL,CAMERA_1,NONE,okay,S_INTRODUCES_FEATURE,CAMERA_1,preset_modes,"This one has 18 preset modes (e.g. beach, snow, night portrait).",13~63
68,10,CAMERA_1,"['CAMERA_2', 'CAMERA_3', 'CAMERA_1']","{'CAMERA_1': ['preset_modes', 'settings'], 'CAMERA_2': ['ISO', 'effects'], 'CAMERA_3': ['optical_zoom']}",C_SILENT_OR_BACKCHANNEL,CAMERA_1,NONE,alright,S_INTRODUCES_FEATURE,CAMERA_1,settings,This one has limited manual settings.,13~36
68,11,NONE,"['CAMERA_2', 'CAMERA_3', 'CAMERA_1']","{'CAMERA_1': ['preset_modes', 'settings'], 'CAMERA_2': ['ISO', 'effects'], 'CAMERA_3': ['optical_zoom']}",C_THANK_YOU,CAMERA_1,NONE,thank you for your help,S_THANK_YOU,CAMERA_1,NONE,thank you very much,
68,12,NONE,"['CAMERA_2', 'CAMERA_3', 'CAMERA_1']","{'CAMERA_1': ['preset_modes', 'settings'], 'CAMERA_2': ['ISO', 'effects'], 'CAMERA_3': ['optical_zoom']}",C_LEAVES,DOOR,NONE,,S_RETURNS_TO_COUNTER,SERVICE_COUNTER,NONE,,
69,1,NONE,[],"{'CAMERA_1': [], 'CAMERA_2': [], 'CAMERA_3': []}",C_ENTERS,DOOR,NONE,,S_NONE,SERVICE_COUNTER,NONE,,
69,2,NONE,[],"{'CAMERA_1': [], 'CAMERA_2': [], 'CAMERA_3': []}",C_GREETS,MIDDLE,NONE,hello,S_GREETS,MIDDLE,NONE,can I help you?,
69,3,CAMERA_2,['CAMERA_2'],"{'CAMERA_1': [], 'CAMERA_2': [], 'CAMERA_3': []}",C_LOOKING_FOR_A_CAMERA,MIDDLE,NONE,I'm looking for a camera,S_INTRODUCES_CAMERA,CAMERA_2,,Let me show you this. Here we have the Sony Alpha a6000.,39~55
69,4,CAMERA_2,['CAMERA_2'],"{'CAMERA_1': [], 'CAMERA_2': ['ISO'], 'CAMERA_3': []}",C_QUESTION_ABOUT_FEATURE,CAMERA_2,ISO,what is the ISO,S_ANSWERS_QUESTION_ABOUT_FEATURE,CAMERA_2,ISO,This one has up to 3200 ISO with little noise.,13~45
69,5,CAMERA_3,"['CAMERA_2', 'CAMERA_3']","{'CAMERA_1': [], 'CAMERA_2': ['ISO'], 'CAMERA_3': []}",C_ANYTHING_ELSE_AVAILABLE,CAMERA_2,NONE,ok do you have any other cameras,S_INTRODUCES_CAMERA,CAMERA_3,,Let me show you this. Here we have the Canon EOS 5D Mark III.,39~60
69,6,CAMERA_3,"['CAMERA_2', 'CAMERA_3']","{'CAMERA_1': [], 'CAMERA_2': ['ISO'], 'CAMERA_3': ['effects']}",C_QUESTION_ABOUT_FEATURE,CAMERA_3,effects,does it have any effect modes,S_NOT_SURE,CAMERA_3,,I'm not really sure about that,
69,7,CAMERA_3,"['CAMERA_2', 'CAMERA_3']","{'CAMERA_1': [], 'CAMERA_2': ['ISO'], 'CAMERA_3': ['effects', 'price']}",C_QUESTION_ABOUT_FEATURE,CAMERA_3,price,how much does it cost,S_ANSWERS_QUESTION_ABOUT_FEATURE,CAMERA_3,price,This one costs $3706.,15~20
69,8,CAMERA_3,"['CAMERA_2', 'CAMERA_3']","{'CAMERA_1': [], 'CAMERA_2': ['ISO'], 'CAMERA_3': ['effects', 'price', 'color']}",C_SILENT_OR_BACKCHANNEL,CAMERA_3,NONE,alright,S_INTRODUCES_FEATURE,CAMERA_3,color,This one comes in black.,18~23
69,9,CAMERA_3,"['CAMERA_2', 'CAMERA_3']","{'CAMERA_1': [], 'CAMERA_2': ['ISO'], 'CAMERA_3': ['effects', 'price', 'color', 'ISO']}",C_QUESTION_ABOUT_FEATURE,CAMERA_3,ISO,what is the ISO,S_ANSWERS_QUESTION_ABOUT_FEATURE,CAMERA_3,ISO,This one has up to 6400 ISO with little noise.,13~45
69,10,CAMERA_3,"['CAMERA_2', 'CAMERA_3']","{'CAMERA_1': [], 'CAMERA_2': ['ISO'], 'CAMERA_3': ['effects', 'price', 'color', 'ISO', 'camera_type']}",C_QUESTION_ABOUT_FEATURE,CAMERA_3,camera_type,what kind of camera is this,S_ANSWERS_QUESTION_ABOUT_FEATURE,CAMERA_3,camera_type,This is a DSLR camera.,10~14
69,11,CAMERA_3,"['CAMERA_2', 'CAMERA_3']","{'CAMERA_1': [], 'CAMERA_2': ['ISO'], 'CAMERA_3': ['effects', 'price', 'color', 'ISO', 'camera_type', 'resolution']}",C_QUESTION_ABOUT_FEATURE,CAMERA_3,resolution,what is the resolution,S_NOT_SURE,CAMERA_3,,I'm not really sure about that,
69,12,CAMERA_3,"['CAMERA_2', 'CAMERA_3']","{'CAMERA_1': [], 'CAMERA_2': ['ISO'], 'CAMERA_3': ['effects', 'price', 'color', 'ISO', 'camera_type', 'resolution', 'optical_zoom']}",C_QUESTION_ABOUT_FEATURE,CAMERA_3,optical_zoom,does it have optical zoom,S_NOT_SURE,CAMERA_3,,I'm not really sure about that,
69,13,CAMERA_3,"['CAMERA_2', 'CAMERA_3']","{'CAMERA_1': [], 'CAMERA_2': ['ISO'], 'CAMERA_3': ['effects', 'price', 'color', 'ISO', 'camera_type', 'resolution', 'optical_zoom', 'long_exposure']}",C_SILENT_OR_BACKCHANNEL,CAMERA_3,NONE,okay,S_INTRODUCES_FEATURE,CAMERA_3,long_exposure,"This one can take long exposures up to up to 30 seconds, bulb mode: expose as long as you want.",39~94
69,14,CAMERA_3,"['CAMERA_2', 'CAMERA_3']","{'CAMERA_1': [], 'CAMERA_2': ['ISO'], 'CAMERA_3': ['effects', 'price', 'color', 'ISO', 'camera_type', 'resolution', 'optical_zoom', 'long_exposure', 'autofocus_points']}",C_SILENT_OR_BACKCHANNEL,CAMERA_3,NONE,okay,S_INTRODUCES_FEATURE,CAMERA_3,autofocus_points,This one has 61 autofocus points.,13~32
69,15,CAMERA_3,"['CAMERA_2', 'CAMERA_3']","{'CAMERA_1': [], 'CAMERA_2': ['ISO'], 'CAMERA_3': ['effects', 'price', 'color', 'ISO', 'camera_type', 'resolution', 'optical_zoom', 'long_exposure', 'autofocus_points', 'weight']}",C_SILENT_OR_BACKCHANNEL,CAMERA_3,NONE,okay,S_INTRODUCES_FEATURE,CAMERA_3,weight,This one weighs 950 grams (only body).,16~37
69,16,CAMERA_3,"['CAMERA_2', 'CAMERA_3']","{'CAMERA_1': [], 'CAMERA_2': ['ISO'], 'CAMERA_3': ['effects', 'price', 'color', 'ISO', 'camera_type', 'resolution', 'optical_zoom', 'long_exposure', 'autofocus_points', 'weight', 'settings']}",C_SILENT_OR_BACKCHANNEL,CAMERA_3,NONE,I see,S_INTRODUCES_FEATURE,CAMERA_3,settings,This one has full manual control.,13~32
69,17,CAMERA_1,"['CAMERA_2', 'CAMERA_3', 'CAMERA_1']","{'CAMERA_1': [], 'CAMERA_2': ['ISO'], 'CAMERA_3': ['effects', 'price', 'color', 'ISO', 'camera_type', 'resolution', 'optical_zoom', 'long_exposure', 'autofocus_points', 'weight', 'settings']}",C_ANYTHING_ELSE_AVAILABLE,CAMERA_3,NONE,ok do you have any other cameras,S_INTRODUCES_CAMERA,CAMERA_1,,Let me show you this. Here we have the Nikon Coolpix S2800.,39~58
69,18,CAMERA_1,"['CAMERA_2', 'CAMERA_3', 'CAMERA_1']","{'CAMERA_1': ['color'], 'CAMERA_2': ['ISO'], 'CAMERA_3': ['effects', 'price', 'color', 'ISO', 'camera_type', 'resolution', 'optical_zoom', 'long_exposure', 'autofocus_points', 'weight', 'settings']}",C_SILENT_OR_BACKCHANNEL,CAMERA_1,NONE,I see,S_INTRODUCES_FEATURE,CAMERA_1,color,"This one comes in purple, pink, black, silver, red.",18~50
69,19,CAMERA_1,"['CAMERA_2', 'CAMERA_3', 'CAMERA_1']","{'CAMERA_1': ['color', 'resolution'], 'CAMERA_2': ['ISO'], 'CAMERA_3': ['effects', 'price', 'color', 'ISO', 'camera_type', 'resolution', 'optical_zoom', 'long_exposure', 'autofocus_points', 'weight', 'settings']}",C_SILENT_OR_BACKCHANNEL,CAMERA_1,NONE,okay,S_INTRODUCES_FEATURE,CAMERA_1,resolution,This one has 20.1 megapixels resolution.,13~28
69,20,CAMERA_1,"['CAMERA_2', 'CAMERA_3', 'CAMERA_1']","{'CAMERA_1': ['color', 'resolution', 'sensor_size'], 'CAMERA_2': ['ISO'], 'CAMERA_3': ['effects', 'price', 'color', 'ISO', 'camera_type', 'resolution', 'optical_zoom', 'long_exposure', 'autofocus_points', 'weight', 'settings']}",C_QUESTION_ABOUT_FEATURE,CAMERA_1,sensor_size,what is the sensor size,S_NOT_SURE,CAMERA_1,,I'm not really sure about that,
69,21,CAMERA_1,"['CAMERA_2', 'CAMERA_3', 'CAMERA_1']","{'CAMERA_1': ['color', 'resolution', 'sensor_size', 'preset_modes'], 'CAMERA_2': ['ISO'], 'CAMERA_3': ['effects', 'price', 'color', 'ISO', 'camera_type', 'resolution', 'optical_zoom', 'long_exposure', 'autofocus_points', 'weight', 'settings']}",C_QUESTION_ABOUT_FEATURE,CAMERA_1,preset_modes,does it have preset modes,S_ANSWERS_QUESTION_ABOUT_FEATURE,CAMERA_1,preset_modes,"This one has 18 preset modes (e.g. beach, snow, night portrait).",13~63
69,22,NONE,"['CAMERA_2', 'CAMERA_3', 'CAMERA_1']","{'CAMERA_1': ['color', 'resolution', 'sensor_size', 'preset_modes'], 'CAMERA_2': ['ISO'], 'CAMERA_3': ['effects', 'price', 'color', 'ISO', 'camera_type', 'resolution', 'optical_zoom', 'long_exposure', 'autofocus_points', 'weight', 'settings']}",C_THANK_YOU,CAMERA_1,NONE,thank you for your help,S_THANK_YOU,CAMERA_1,NONE,thank you very much,
69,23,NONE,"['CAMERA_2', 'CAMERA_3', 'CAMERA_1']","{'CAMERA_1': ['color', 'resolution', 'sensor_size', 'preset_modes'], 'CAMERA_2': ['ISO'], 'CAMERA_3': ['effects', 'price', 'color', 'ISO', 'camera_type', 'resolution', 'optical_zoom', 'long_exposure', 'autofocus_points', 'weight', 'settings']}",C_LEAVES,DOOR,NONE,,S_RETURNS_TO_COUNTER,SERVICE_COUNTER,NONE,,
70,1,NONE,[],"{'CAMERA_1': [], 'CAMERA_2': [], 'CAMERA_3': []}",C_ENTERS,DOOR,NONE,,S_NONE,SERVICE_COUNTER,NONE,,
70,2,NONE,[],"{'CAMERA_1': [], 'CAMERA_2': [], 'CAMERA_3': []}",C_WALKS_TO_CAMERA,CAMERA_3,NONE,,S_NONE,SERVICE_COUNTER,NONE,,
70,3,NONE,[],"{'CAMERA_1': [], 'CAMERA_2': [], 'CAMERA_3': []}",C_EXAMINES_CAMERA,CAMERA_3,NONE,,S_GREETS,CAMERA_3,NONE,can I help you?,
70,4,CAMERA_1,['CAMERA_1'],"{'CAMERA_1': [], 'CAMERA_2': [], 'CAMERA_3': []}",C_LOOKING_FOR_A_CAMERA,CAMERA_3,NONE,I'm looking for a camera,S_INTRODUCES_CAMERA,CAMERA_1,,Let me show you this. Here we have the Nikon Coolpix S2800.,39~58
70,5,CAMERA_1,['CAMERA_1'],"{'CAMERA_1': ['effects'], 'CAMERA_2': [], 'CAMERA_3': []}",C_SILENT_OR_BACKCHANNEL,CAMERA_1,NONE,I see,S_INTRODUCES_FEATURE,CAMERA_1,effects,"This one has 12 glamor retouch effects (e.g. skin softening, small face, big eyes).",13~82
70,6,CAMERA_3,"['CAMERA_1', 'CAMERA_3']","{'CAMERA_1': ['effects'], 'CAMERA_2': [], 'CAMERA_3': []}",C_ANYTHING_ELSE_AVAILABLE,CAMERA_1,NONE,ok do you have any other cameras,S_INTRODUCES_CAMERA,CAMERA_3,,Let me show you this. Here we have the Canon EOS 5D Mark III.,39~60
70,7,CAMERA_3,"['CAMERA_1', 'CAMERA_3']","{'CAMERA_1': ['effects'], 'CAMERA_2': [], 'CAMERA_3': ['settings']}",C_SILENT_OR_BACKCHANNEL,CAMERA_3,NONE,I see,S_INTRODUCES_FEATURE,CAMERA_3,settings,This one has full manual control.,13~32
70,8,CAMERA_3,"['CAMERA_1', 'CAMERA_3']","{'CAMERA_1': ['effects'], 'CAMERA_2': [], 'CAMERA_3': ['settings', 'color']}",C_SILENT_OR_BACKCHANNEL,CAMERA_3,NONE,alright,S_INTRODUCES_FEATURE,CAMERA_3,color,This one comes in black.,18~23
70,9,CAMERA_3,"['CAMERA_1', 'CAMERA_3']","{'CAMERA_1': ['effects'], 'CAMERA_2': [], 'CAMERA_3': ['settings', 'color', 'long_exposure']}",C_QUESTION_ABOUT_FEATURE,CAMERA_3,long_exposure,can it take long exposure shots,S_ANSWERS_QUESTION_ABOUT_FEATURE,CAMERA_3,long_exposure,"This one can take long exposures up to up to 30 seconds, bulb mode: expose as long as you want.",39~94
70,10,CAMERA_3,"['CAMERA_1', 'CAMERA_3']","{'CAMERA_1': ['effects'], 'CAMERA_2': [], 'CAMERA_3': ['settings', 'color', 'long_exposure', 'ISO']}",C_QUESTION_ABOUT_FEATURE,CAMERA_3,ISO,what is the ISO,S_ANSWERS_QUESTION_ABOUT_FEATURE,CAMERA_3,ISO,This one has up to 6400 ISO with little noise.,13~45
70,11,CAMERA_3,"['CAMERA_1', 'CAMERA_3']","{'CAMERA_1': ['effects'], 'CAMERA_2': [], 'CAMERA_3': ['settings', 'color', 'long_exposure', 'ISO', 'sensor_size']}",C_QUESTION_ABOUT_FEATURE,CAMERA_3,sensor_size,what is the sensor size,S_ANSWERS_QUESTION_ABOUT_FEATURE,CAMERA_3,sensor_size,This one has a full frame.,15~25
70,12,CAMERA_3,"['CAMERA_1', 'CAMERA_3']","{'CAMERA_1': ['effects'], 'CAMERA_2': [], 'CAMERA_3': ['settings', 'color', 'long_exposure', 'ISO', 'sensor_size', 'camera_type']}",C_SILENT_OR_BACKCHANNEL,CAMERA_3,NONE,I see,S_INTRODUCES_FEATURE,CAMERA_3,camera_type,This is a DSLR camera.,10~14
70,13,CAMERA_3,"['CAMERA_1', 'CAMERA_3']","{'CAMERA_1': ['effects'], 'CAMERA_2': [], 'CAMERA_3': ['settings', 'color', 'long_exposure', 'ISO', 'sensor_size', 'camera_type', 'optical_zoom']}",C_QUESTION_ABOUT_FEATURE,CAMERA_3,optical_zoom,does it have optical zoom,S_NOT_SURE,CAMERA_3,,I'm not really sure about that,
70,14,CAMERA_3,"['CAMERA_1', 'CAMERA_3']","{'CAMERA_1': ['effects'], 'CAMERA_2': [], 'CAMERA_3': ['settings', 'color', 'long_exposure', 'ISO', 'sensor_size', 'camera_type', 'optical_zoom', 'price']}",C_SILENT_OR_BACKCHANNEL,CAMERA_3,NONE,I see,S_INTRODUCES_FEATURE,CAMERA_3,price,This one costs $3706.,15~20
70,15,CAMERA_3,"['CAMERA_1', 'CAMERA_3']","{'CAMERA_1': ['effects'], 'CAMERA_2': [], 'CAMERA_3': ['settings', 'color', 'long_exposure', 'ISO', 'sensor_size', 'camera_type', 'optical_zoom', 'price', 'weight']}",C_SILENT_OR_BACKCHANNEL,CAMERA_3,NONE,alright,S_INTRODUCES_FEATURE,CAMERA_3,weight,This one weighs 950 grams (only body).,16~37
70,16,CAMERA_3,"['CAMERA_1', 'CAMERA_3']","{'CAMERA_1': ['effects'], 'CAMERA_2': [], 'CAMERA_3': ['settings', 'color', 'long_exposure', 'ISO', 'sensor_size', 'camera_type', 'optical_zoom', 'price', 'weight', 'autofocus_points']}",C_SILENT_OR_BACKCHANNEL,CAMERA_3,NONE,okay,S_INTRODUCES_FEATURE,CAMERA_3,autofocus_points,This one has 61 autofocus points.,13~32
70,17,CAMERA_2,"['CAMERA_1', 'CAMERA_3', 'CAMERA_2']","{'CAMERA_1': ['effects'], 'CAMERA_2': [], 'CAMERA_3': ['settings', 'color', 'long_exposure', 'ISO', 'sensor_size', 'camera_type', 'optical_zoom', 'price', 'weight', 'autofocus_points']}",C_ANYTHING_ELSE_AVAILABLE,CAMERA_3,NONE,ok do you have any other cameras,S_INTRODUCES_CAMERA,CAMERA_2,,Let me show you this. Here we have the Sony Alpha a6000.,39~55
70,18,CAMERA_2,"['CAMERA_1', 'CAMERA_3', 'CAMERA_2']","{'CAMERA_1': ['effects'], 'CAMERA_2': ['settings'], 'CAMERA_3': ['settings', 'color', 'long_exposure', 'ISO', 'sensor_size', 'camera_type', 'optical_zoom', 'price', 'weight', 'autofocus_points']}",C_QUESTION_ABOUT_FEATURE,CAMERA_2,settings,what kind of settings does it have,S_ANSWERS_QUESTION_ABOUT_FEATURE,CAMERA_2,settings,This one has full manual control.,13~32
70,19,CAMERA_2,"['CAMERA_1', 'CAMERA_3', 'CAMERA_2']","{'CAMERA_1': ['effects'], 'CAMERA_2': ['settings', 'effects'], 'CAMERA_3': ['settings', 'color', 'long_exposure', 'ISO', 'sensor_size', 'camera_type', 'optical_zoom', 'price', 'weight', 'autofocus_points']}",C_SILENT_OR_BACKCHANNEL,CAMERA_2,NONE,okay,S_INTRODUCES_FEATURE,CAMERA_2,effects,"This one has 13 artistic effect modes (e.g. toy camera, soft focus).",13~67
70,20,NONE,"['CAMERA_1', 'CAMERA_3', 'CAMERA_2']","{'CAMERA_1': ['effects'], 'CAMERA_2': ['settings', 'effects'], 'CAMERA_3': ['settings', 'color', 'long_exposure', 'ISO', 'sensor_size', 'camera_type', 'optical_zoom', 'price', 'weight', 'autofocus_points']}",C_THANK_YOU,CAMERA_2,NONE,thank you for your help,S_THANK_YOU,CAMERA_2,NONE,thank you very much,
70,21,NONE,"['CAMERA_1', 'CAMERA_3', 'CAMERA_2']","{'CAMERA_1': ['effects'], 'CAMERA_2': ['settings', 'effects'], 'CAMERA_3': ['settings', 'color', 'long_exposure', 'ISO', 'sensor_size', 'camera_type', 'optical_zoom', 'price', 'weight', 'autofocus_points']}",C_LEAVES,DOOR,NONE,,S_RETURNS_TO_COUNTER,SERVICE_COUNTER,NONE,,
71,1,NONE,[],"{'CAMERA_1': [], 'CAMERA_2': [], 'CAMERA_3': []}",C_ENTERS,DOOR,NONE,,S_NONE,SERVICE_COUNTER,NONE,,
71,2,NONE,[],"{'CAMERA_1': [], 'CAMERA_2': [], 'CAMERA_3': []}",C_WALKS_TO_CAMERA,CAMERA_2,NONE,,S_GREETS,CAMERA_2,NONE,can I help you?,
71,3,CAMERA_3,['CAMERA_3'],"{'CAMERA_1': [], 'CAMERA_2': [], 'CAMERA_3': []}",C_LOOKING_FOR_A_CAMERA,CAMERA_2,NONE,I'm looking for a camera,S_INTRODUCES_CAMERA,CAMERA_3,,Let me show you this. Here we have the Canon EOS 5D Mark III.,39~60
71,4,CAMERA_3,['CAMERA_3'],"{'CAMERA_1': [], 'CAMERA_2': [], 'CAMERA_3': ['color']}",C_SILENT_OR_BACKCHANNEL,CAMERA_3,NONE,alright,S_INTRODUCES_FEATURE,CAMERA_3,color,This one comes in black.,18~23
71,5,CAMERA_3,['CAMERA_3'],"{'CAMERA_1': [], 'CAMERA_2': [], 'CAMERA_3': ['color', 'ISO']}",C_SILENT_OR_BACKCHANNEL,CAMERA_3,NONE,okay,S_INTRODUCES_FEATURE,CAMERA_3,ISO,This one has up to 6400 ISO with little noise.,13~45
71,6,CAMERA_3,['CAMERA_3'],"{'CAMERA_1': [], 'CAMERA_2': [], 'CAMERA_3': ['color', 'ISO', 'weight']}",C_SILENT_OR_BACKCHANNEL,CAMERA_3,NONE,okay,S_INTRODUCES_FEATURE,CAMERA_3,weight,This one weighs 950 grams (only body).,16~37
71,7,CAMERA_3,['CAMERA_3'],"{'CAMERA_1': [], 'CAMERA_2': [], 'CAMERA_3': ['color', 'ISO', 'weight', 'sensor_size']}",C_SILENT_OR_BACKCHANNEL,CAMERA_3,NONE,alright,S_INTRODUCES_FEATURE,CAMERA_3,sensor_size,This one has a full frame.,15~25
71,8,CAMERA_3,['CAMERA_3'],"{'CAMERA_1': [], 'CAMERA_2': [], 'CAMERA_3': ['color', 'ISO', 'weight', 'sensor_size', 'effects']}",C_QUESTION_ABOUT_FEATURE,CAMERA_3,effects,does it have any effect modes,S_NOT_SURE,CAMERA_3,,I'm not really sure about that,
71,9,CAMERA_3,['CAMERA_3'],"{'CAMERA_1': [], 'CAMERA_2': [], 'CAMERA_3': ['color', 'ISO', 'weight', 'sensor_size', 'effects', 'camera_type']}",C_QUESTION_ABOUT_FEATURE,CAMERA_3,camera_type,what kind of camera is this,S_ANSWERS_QUESTION_ABOUT_FEATURE,CAMERA_3,camera_type,This is a DSLR camera.,10~14
71,10,CAMERA_2,"['CAMERA_3', 'CAMERA_2']","{'CAMERA_1': [], 'CAMERA_2': [], 'CAMERA_3': ['color', 'ISO', 'weight', 'sensor_size', 'effects', 'camera_type']}",C_ANYTHING_ELSE_AVAILABLE,CAMERA_3,NONE,ok do you have any other cameras,S_INTRODUCES_CAMERA,CAMERA_2,,Let me show you this. Here we have the Sony Alpha a6000.,39~55
71,11,CAMERA_2,"['CAMERA_3', 'CAMERA_2']","{'CAMERA_1': [], 'CAMERA_2': ['optical_zoom'], 'CAMERA_3': ['color', 'ISO', 'weight', 'sensor_size', 'effects', 'camera_type']}",C_QUESTION_ABOUT_FEATURE,CAMERA_2,optical_zoom,does it have optical zoom,S_NOT_SURE,CAMERA_2,,I'm not really sure about that,
71,12,CAMERA_2,"['CAMERA_3', 'CAMERA_2']","{'CAMERA_1': [], 'CAMERA_2': ['optical_zoom', 'price'], 'CAMERA_3': ['color', 'ISO', 'weight', 'sensor_size', 'effects', 'camera_type']}",C_SILENT_OR_BACKCHANNEL,CAMERA_2,NONE,okay,S_INTRODUCES_FEATURE,CAMERA_2,price,This one costs $1341.,15~20
71,13,NONE,"['CAMERA_3', 'CAMERA_2']","{'CAMERA_1': [], 'CAMERA_2': ['optical_zoom', 'price'], 'CAMERA_3': ['color', 'ISO', 'weight', 'sensor_size', 'effects', 'camera_type']}",C_THANK_YOU,CAMERA_2,NONE,thank you for your help,S_THANK_YOU,CAMERA_2,NONE,thank you very much,
71,14,NONE,"['CAMERA_3', 'CAMERA_2']","{'CAMERA_1': [], 'CAMERA_2': ['optical_zoom', 'price'], 'CAMERA_3': ['color', 'ISO', 'weight', 'sensor_size', 'effects', 'camera_type']}",C_LEAVES,DOOR,NONE,,S_RETURNS_TO_COUNTER,SERVICE_COUNTER,NONE,,
72,1,NONE,[],"{'CAMERA_1': [], 'CAMERA_2': [], 'CAMERA_3': []}",C_ENTERS,DOOR,NONE,,S_NONE,SERVICE_COUNTER,NONE,,
72,2,NONE,[],"{'CAMERA_1': [], 'CAMERA_2': [], 'CAMERA_3': []}",C_WALKS_TO_CAMERA,CAMERA_2,NONE,,S_GREETS,CAMERA_2,NONE,can I help you?,
72,3,CAMERA_1,['CAMERA_1'],"{'CAMERA_1': [], 'CAMERA_2': [], 'CAMERA_3': []}",C_LOOKING_FOR_A_CAMERA,CAMERA_2,NONE,I'm looking for a camera,S_INTRODUCES_CAMERA,CAMERA_1,,Let me show you this. Here we have the Nikon Coolpix S2800.,39~58
72,4,CAMERA_1,['CAMERA_1'],"{'CAMERA_1': ['price'], 'CAMERA_2': [], 'CAMERA_3': []}",C_QUESTION_ABOUT_FEATURE,CAMERA_1,price,how much does it cost,S_ANSWERS_QUESTION_ABOUT_FEATURE,CAMERA_1,price,This one costs $2173.,15~20
72,5,CAMERA_1,['CAMERA_1'],"{'CAMERA_1': ['price', 'preset_modes'], 'CAMERA_2': [], 'CAMERA_3': []}",C_SILENT_OR_BACKCHANNEL,CAMERA_1,NONE,I see,S_INTRODUCES_FEATURE,CAMERA_1,preset_modes,"This one has 18 preset modes (e.g. beach, snow, night portrait).",13~63
72,6,CAMERA_3,"['CAMERA_1', 'CAMERA_3']","{'CAMERA_1': ['price', 'preset_modes'], 'CAMERA_2': [], 'CAMERA_3': []}",C_ANYTHING_ELSE_AVAILABLE,CAMERA_1,NONE,ok do you have any other cameras,S_INTRODUCES_CAMERA,CAMERA_3,,Let me show you this. Here we have the Canon EOS 5D Mark III.,39~60
72,7,CAMERA_3,"['CAMERA_1', 'CAMERA_3']","{'CAMERA_1': ['price', 'preset_modes'], 'CAMERA_2': [], 'CAMERA_3': ['color']}",C_SILENT_OR_BACKCHANNEL,CAMERA_3,NONE,I see,S_INTRODUCES_FEATURE,CAMERA_3,color,This one comes in black.,18~23
72,8,CAMERA_3,"['CAMERA_1', 'CAMERA_3']","{'CAMERA_1': ['price', 'preset_modes'], 'CAMERA_2': [], 'CAMERA_3': ['color', 'price']}",C_QUESTION_ABOUT_FEATURE,CAMERA_3,price,how much does it cost,S_ANSWERS_QUESTION_ABOUT_FEATURE,CAMERA_3,price,This one costs $3706.,15~20
72,9,CAMERA_2,"['CAMERA_1', 'CAMERA_3', 'CAMERA_2']","{'CAMERA_1': ['price', 'preset_modes'], 'CAMERA_2': [], 'CAMERA_3': ['color', 'price']}",C_ANYTHING_ELSE_AVAILABLE,CAMERA_3,NONE,ok do you have any other cameras,S_INTRODUCES_CAMERA,CAMERA_2,,Let me show you this. Here we have the Sony Alpha a6000.,39~55
72,10,CAMERA_2,"['CAMERA_1', 'CAMERA_3', 'CAMERA_2']","{'CAMERA_1': ['price', 'preset_modes'], 'CAMERA_2': ['preset_modes'], 'CAMERA_3': ['color', 'price']}",C_SILENT_OR_BACKCHANNEL,CAMERA_2,NONE,okay,S_INTRODUCES_FEATURE,CAMERA_2,preset_modes,"This one has 9 preset modes (e.g. beach, snow, night, portrait).",13~63
72,11,,"['CAMERA_1', 'CAMERA_3', 'CAMERA_2']","{'CAMERA_1': ['price', 'preset_modes'], 'CAMERA_2': ['preset_modes'], 'CAMERA_3': ['color', 'price']}",C_ANYTHING_ELSE_AVAILABLE,CAMERA_2,NONE,ok do you have any other cameras,S_THATS_ALL_WE_HAVE_AVAILABLE,CAMERA_2,,That’s all we have available at the moment.,
72,12,NONE,"['CAMERA_1', 'CAMERA_3', 'CAMERA_2']","{'CAMERA_1': ['price', 'preset_modes'], 'CAMERA_2': ['preset_modes'], 'CAMERA_3': ['color', 'price']}",C_THANK_YOU,CAMERA_2,NONE,thank you for your help,S_THANK_YOU,CAMERA_2,NONE,thank you very much,
72,13,NONE,"['CAMERA_1', 'CAMERA_3', 'CAMERA_2']","{'CAMERA_1': ['price', 'preset_modes'], 'CAMERA_2': ['preset_modes'], 'CAMERA_3': ['color', 'price']}",C_LEAVES,DOOR,NONE,,S_RETURNS_TO_COUNTER,SERVICE_COUNTER,NONE,,
73,1,NONE,[],"{'CAMERA_1': [], 'CAMERA_2': [], 'CAMERA_3': []}",C_ENTERS,DOOR,NONE,,S_NONE,SERVICE_COUNTER,NONE,,
73,2,NONE,[],"{'CAMERA_1': [], 'CAMERA_2': [], 'CAMERA_3': []}",C_WALKS_TO_CAMERA,CAMERA_2,NONE,,S_GREETS,CAMERA_2,NONE,can I help you?,
73,3,CAMERA_3,['CAMERA_3'],"{'CAMERA_1': [], 'CAMERA_2': [], 'CAMERA_3': []}",C_LOOKING_FOR_A_CAMERA,CAMERA_2,NONE,I'm looking for a camera,S_INTRODUCES_CAMERA,CAMERA_3,,Let me show you this. Here we have the Canon EOS 5D Mark III.,39~60
73,4,CAMERA_3,['CAMERA_3'],"{'CAMERA_1': [], 'CAMERA_2': [], 'CAMERA_3': ['camera_type']}",C_QUESTION_ABOUT_FEATURE,CAMERA_3,camera_type,what kind of camera is this,S_ANSWERS_QUESTION_ABOUT_FEATURE,CAMERA_3,camera_type,This is a DSLR camera.,10~14
73,5,CAMERA_3,['CAMERA_3'],"{'CAMERA_1': [], 'CAMERA_2': [], 'CAMERA_3': ['camera_type', 'long_exposure']}",C_SILENT_OR_BACKCHANNEL,CAMERA_3,NONE,I see,S_INTRODUCES_FEATURE,CAMERA_3,long_exposure,"This one can take long exposures up to up to 30 seconds, bulb mode: expose as long as you want.",39~94
73,6,CAMERA_3,['CAMERA_3'],"{'CAMERA_1': [], 'CAMERA_2': [], 'CAMERA_3': ['camera_type', 'long_exposure', 'autofocus_points']}",C_SILENT_OR_BACKCHANNEL,CAMERA_3,NONE,okay,S_INTRODUCES_FEATURE,CAMERA_3,autofocus_points,This one has 61 autofocus points.,13~32
73,7,CAMERA_3,['CAMERA_3'],"{'CAMERA_1': [], 'CAMERA_2': [], 'CAMERA_3': ['camera_type', 'long_exposure', 'autofocus_points', 'sensor_size']}",C_QUESTION_ABOUT_FEATURE,CAMERA_3,sensor_size,what is the sensor size,S_ANSWERS_QUESTION_ABOUT_FEATURE,CAMERA_3,sensor_size,This one has a full frame.,15~25
73,8,CAMERA_1,"['CAMERA_3', 'CAMERA_1']","{'CAMERA_1': [], 'CAMERA_2': [], 'CAMERA_3': ['camera_type', 'long_exposure', 'autofocus_points', 'sensor_size']}",C_ANYTHING_ELSE_AVAILABLE,CAMERA_3,NONE,ok do you have any other cameras,S_INTRODUCES_CAMERA,CAMERA_1,,Let me show you this. Here we have the Nikon Coolpix S2800.,39~58
73,9,CAMERA_1,"['CAMERA_3', 'CAMERA_1']","{'CAMERA_1': ['price'], 'CAMERA_2': [], 'CAMERA_3': ['camera_type', 'long_exposure', 'autofocus_points', 'sensor_size']}",C_SILENT_OR_BACKCHANNEL,CAMERA_1,NONE,I see,S_INTRODUCES_FEATURE,CAMERA_1,price,This one costs $2173.,15~20
73,10,CAMERA_1,"['CAMERA_3', 'CAMERA_1']","{'CAMERA_1': ['price', 'effects'], 'CAMERA_2': [], 'CAMERA_3': ['camera_type', 'long_exposure', 'autofocus_points', 'sensor_size']}",C_SILENT_OR_BACKCHANNEL,CAMERA_1,NONE,alright,S_INTRODUCES_FEATURE,CAMERA_1,effects,"This one has 12 glamor retouch effects (e.g. skin softening, small face, big eyes).",13~82
73,11,CAMERA_1,"['CAMERA_3', 'CAMERA_1']","{'CAMERA_1': ['price', 'effects', 'settings'], 'CAMERA_2': [], 'CAMERA_3': ['camera_type', 'long_exposure', 'autofocus_points', 'sensor_size']}",C_QUESTION_ABOUT_FEATURE,CAMERA_1,settings,what kind of settings does it have,S_ANSWERS_QUESTION_ABOUT_FEATURE,CAMERA_1,settings,This one has limited manual settings.,13~36
73,12,CAMERA_2,"['CAMERA_3', 'CAMERA_1', 'CAMERA_2']","{'CAMERA_1': ['price', 'effects', 'settings'], 'CAMERA_2': [], 'CAMERA_3': ['camera_type', 'long_exposure', 'autofocus_points', 'sensor_size']}",C_ANYTHING_ELSE_AVAILABLE,CAMERA_1,NONE,ok do you have any other cameras,S_INTRODUCES_CAMERA,CAMERA_2,,Let me show you this. Here we have the Sony Alpha a6000.,39~55
73,13,CAMERA_2,"['CAMERA_3', 'CAMERA_1', 'CAMERA_2']","{'CAMERA_1': ['price', 'effects', 'settings'], 'CAMERA_2': ['effects'], 'CAMERA_3': ['camera_type', 'long_exposure', 'autofocus_points', 'sensor_size']}",C_QUESTION_ABOUT_FEATURE,CAMERA_2,effects,does it have any effect modes,S_ANSWERS_QUESTION_ABOUT_FEATURE,CAMERA_2,effects,"This one has 13 artistic effect modes (e.g. toy camera, soft focus).",13~67
73,14,CAMERA_2,"['CAMERA_3', 'CAMERA_1', 'CAMERA_2']","{'CAMERA_1': ['price', 'effects', 'settings'], 'CAMERA_2': ['effects', 'price'], 'CAMERA_3': ['camera_type', 'long_exposure', 'autofocus_points', 'sensor_size']}",C_SILENT_OR_BACKCHANNEL,CAMERA_2,NONE,I see,S_INTRODUCES_FEATURE,CAMERA_2,price,This one costs $1341.,15~20
73,15,CAMERA_2,"['CAMERA_3', 'CAMERA_1', 'CAMERA_2']","{'CAMERA_1': ['price', 'effects', 'settings'], 'CAMERA_2': ['effects', 'price', 'long_exposure'], 'CAMERA_3': ['camera_type', 'long_exposure', 'autofocus_points', 'sensor_size']}",C_QUESTION_ABOUT_FEATURE,CAMERA_2,long_exposure,can it take long exposure shots,S_ANSWERS_QUESTION_ABOUT_FEATURE,CAMERA_2,long_exposure,This one can take long exposures up to up to 30 seconds.,39~55
73,16,NONE,"['CAMERA_3', 'CAMERA_1', 'CAMERA_2']","{'CAMERA_1': ['price', 'effects', 'settings'], 'CAMERA_2': ['effects', 'price', 'long_exposure'], 'CAMERA_3': ['camera_type', 'long_exposure', 'autofocus_points', 'sensor_size']}",C_THANK_YOU,CAMERA_2,NONE,thank you for your help,S_THANK_YOU,CAMERA_2,NONE,thank you very much,
73,17,NONE,"['CAMERA_3', 'CAMERA_1', 'CAMERA_2']","{'CAMERA_1': ['price', 'effects', 'settings'], 'CAMERA_2': ['effects', 'price', 'long_exposure'], 'CAMERA_3': ['camera_type', 'long_exposure', 'autofocus_points', 'sensor_size']}",C_LEAVES,DOOR,NONE,,S_RETURNS_TO_COUNTER,SERVICE_COUNTER,NONE,,
74,1,NONE,[],"{'CAMERA_1': [], 'CAMERA_2': [], 'CAMERA_3': []}",C_ENTERS,DOOR,NONE,,S_NONE,SERVICE_COUNTER,NONE,,
74,2,NONE,[],"{'CAMERA_1': [], 'CAMERA_2': [], 'CAMERA_3': []}",C_WALKS_TO_CAMERA,CAMERA_2,NONE,,S_NONE,SERVICE_COUNTER,NONE,,
74,3,NONE,[],"{'CAMERA_1': [], 'CAMERA_2': [], 'CAMERA_3': []}",C_EXAMINES_CAMERA,CAMERA_2,NONE,,S_GREETS,CAMERA_2,NONE,can I help you?,
74,4,CAMERA_2,['CAMERA_2'],"{'CAMERA_1': [], 'CAMERA_2': [], 'CAMERA_3': []}",C_LOOKING_FOR_A_CAMERA,CAMERA_2,NONE,I'm looking for a camera,S_INTRODUCES_CAMERA,CAMERA_2,,Let me show you this. Here we have the Sony Alpha a6000.,39~55
74,5,CAMERA_2,['CAMERA_2'],"{'CAMERA_1': [], 'CAMERA_2': ['settings'], 'CAMERA_3': []}",C_QUESTION_ABOUT_FEATURE,CAMERA_2,settings,what kind of settings does it have,S_ANSWERS_QUESTION_ABOUT_FEATURE,CAMERA_2,settings,This one has full manual control.,13~32
74,6,CAMERA_2,['CAMERA_2'],"{'CAMERA_1': [], 'CAMERA_2': ['settings', 'color'], 'CAMERA_3': []}",C_SILENT_OR_BACKCHANNEL,CAMERA_2,NONE,okay,S_INTRODUCES_FEATURE,CAMERA_2,color,"This one comes in white, silver, black.",18~38
74,7,CAMERA_2,['CAMERA_2'],"{'CAMERA_1': [], 'CAMERA_2': ['settings', 'color', 'sensor_size'], 'CAMERA_3': []}",C_QUESTION_ABOUT_FEATURE,CAMERA_2,sensor_size,what is the sensor size,S_ANSWERS_QUESTION_ABOUT_FEATURE,CAMERA_2,sensor_size,This one has a APS-C sensor (crop sensor).,15~41
74,8,CAMERA_2,['CAMERA_2'],"{'CAMERA_1': [], 'CAMERA_2': ['settings', 'color', 'sensor_size', 'weight'], 'CAMERA_3': []}",C_QUESTION_ABOUT_FEATURE,CAMERA_2,weight,how much does this one weigh,S_ANSWERS_QUESTION_ABOUT_FEATURE,CAMERA_2,weight,This one weighs 470 grams.,16~25
74,9,CAMERA_2,['CAMERA_2'],"{'CAMERA_1': [], 'CAMERA_2': ['settings', 'color', 'sensor_size', 'weight', 'autofocus_points'], 'CAMERA_3': []}",C_SILENT_OR_BACKCHANNEL,CAMERA_2,NONE,alright,S_INTRODUCES_FEATURE,CAMERA_2,autofocus_points,This one has 179 autofocus points.,13~33
74,10,CAMERA_2,['CAMERA_2'],"{'CAMERA_1': [], 'CAMERA_2': ['settings', 'color', 'sensor_size', 'weight', 'autofocus_points', 'preset_modes'], 'CAMERA_3': []}",C_SILENT_OR_BACKCHANNEL,CAMERA_2,NONE,I see,S_INTRODUCES_FEATURE,CAMERA_2,preset_modes,"This one has 9 preset modes (e.g. beach, snow, night, portrait).",13~63
74,11,CAMERA_2,['CAMERA_2'],"{'CAMERA_1': [], 'CAMERA_2': ['settings', 'color', 'sensor_size', 'weight', 'autofocus_points', 'preset_modes', 'effects'], 'CAMERA_3': []}",C_SILENT_OR_BACKCHANNEL,CAMERA_2,NONE,okay,S_INTRODUCES_FEATURE,CAMERA_2,effects,"This one has 13 artistic effect modes (e.g. toy camera, soft focus).",13~67
74,12,CAMERA_2,['CAMERA_2'],"{'CAMERA_1': [], 'CAMERA_2': ['settings', 'color', 'sensor_size', 'weight', 'autofocus_points', 'preset_modes', 'effects', 'price'], 'CAMERA_3': []}",C_QUESTION_ABOUT_FEATURE,CAMERA_2,price,how much does it cost,S_ANSWERS_QUESTION_ABOUT_FEATURE,CAMERA_2,price,This one costs $1341.,15~20
74,13,CAMERA_2,['CAMERA_2'],"{'CAMERA_1': [], 'CAMERA_2': ['settings', 'color', 'sensor_size', 'weight', 'autofocus_points', 'preset_modes', 'effects', 'price', 'camera_type'], 'CAMERA_3': []}",C_QUESTION_ABOUT_FEATURE,CAMERA_2,camera_type,what kind of camera is this,S_ANSWERS_QUESTION_ABOUT_FEATURE,CAMERA_2,camera_type,This is a mirrorless camera.,10~20
74,14,CAMERA_2,['CAMERA_2'],"{'CAMERA_1': [], 'CAMERA_2': ['settings', 'color', 'sensor_size', 'weight', 'autofocus_points', 'preset_modes', 'effects', 'price', 'camera_type', 'ISO'], 'CAMERA_3': []}",C_SILENT_OR_BACKCHANNEL,CAMERA_2,NONE,I see,S_INTRODUCES_FEATURE,CAMERA_2,ISO,This one has up to 3200 ISO with little noise.,13~45
74,15,CAMERA_2,['CAMERA_2'],"{'CAMERA_1': [], 'CAMERA_2': ['settings', 'color', 'sensor_size', 'weight', 'autofocus_points', 'preset_modes', 'effects', 'price', 'camera_type', 'ISO', 'long_exposure'], 'CAMERA_3': []}",C_QUESTION_ABOUT_FEATURE,CAMERA_2,long_exposure,can it take long exposure shots,S_ANSWERS_QUESTION_ABOUT_FEATURE,CAMERA_2,long_exposure,This one can take long exposures up to up to 30 seconds.,39~55
74,16,CAMERA_3,"['CAMERA_2', 'CAMERA_3']","{'CAMERA_1': [], 'CAMERA_2': ['settings', 'color', 'sensor_size', 'weight', 'autofocus_points', 'preset_modes', 'effects', 'price', 'camera_type', 'ISO', 'long_exposure'], 'CAMERA_3': []}",C_ANYTHING_ELSE_AVAILABLE,CAMERA_2,NONE,ok do you have any other cameras,S_INTRODUCES_CAMERA,CAMERA_3,,Let me show you this. Here we have the Canon EOS 5D Mark III.,39~60
74,17,CAMERA_3,"['CAMERA_2', 'CAMERA_3']","{'CAMERA_1': [], 'CAMERA_2': ['settings', 'color', 'sensor_size', 'weight', 'autofocus_points', 'preset_modes', 'effects', 'price', 'camera_type', 'ISO', 'long_exposure'], 'CAMERA_3': ['effects']}",C_QUESTION_ABOUT_FEATURE,CAMERA_3,effects,does it have any effect modes,S_NOT_SURE,CAMERA_3,,I'm not really sure about that,
74,18,CAMERA_3,"['CAMERA_2', 'CAMERA_3']","{'CAMERA_1': [], 'CAMERA_2': ['settings', 'color', 'sensor_size', 'weight', 'autofocus_points', 'preset_modes', 'effects', 'price', 'camera_type', 'ISO', 'long_exposure'], 'CAMERA_3': ['effects', 'autofocus_points']}",C_QUESTION_ABOUT_FEATURE,CAMERA_3,autofocus_points,how many autofocus points does it have,S_ANSWERS_QUESTION_ABOUT_FEATURE,CAMERA_3,autofocus_points,This one has 61 autofocus points.,13~32
74,19,CAMERA_3,"['CAMERA_2', 'CAMERA_3']","{'CAMERA_1': [], 'CAMERA_2': ['settings', 'color', 'sensor_size', 'weight', 'autofocus_points', 'preset_modes', 'effects', 'price', 'camera_type', 'ISO', 'long_exposure'], 'CAMERA_3': ['effects', 'autofocus_points', 'sensor_size']}",C_SILENT_OR_BACKCHANNEL,CAMERA_3,NONE,okay,S_INTRODUCES_FEATURE,CAMERA_3,sensor_size,This one has a full frame.,15~25
74,20,CAMERA_1,"['CAMERA_2', 'CAMERA_3', 'CAMERA_1']","{'CAMERA_1': [], 'CAMERA_2': ['settings', 'color', 'sensor_size', 'weight', 'autofocus_points', 'preset_modes', 'effects', 'price', 'camera_type', 'ISO', 'long_exposure'], 'CAMERA_3': ['effects', 'autofocus_points', 'sensor_size']}",C_ANYTHING_ELSE_AVAILABLE,CAMERA_3,NONE,ok do you have any other cameras,S_INTRODUCES_CAMERA,CAMERA_1,,Let me show you this. Here we have the Nikon Coolpix S2800.,39~58
74,21,CAMERA_1,"['CAMERA_2', 'CAMERA_3', 'CAMERA_1']","{'CAMERA_1': ['sensor_size'], 'CAMERA_2': ['settings', 'color', 'sensor_size', 'weight', 'autofocus_points', 'preset_modes', 'effects', 'price', 'camera_type', 'ISO', 'long_exposure'], 'CAMERA_3': ['effects', 'autofocus_points', 'sensor_size']}",C_QUESTION_ABOUT_FEATURE,CAMERA_1,sensor_size,what is the sensor size,S_NOT_SURE,CAMERA_1,,I'm not really sure about that,
74,22,CAMERA_1,"['CAMERA_2', 'CAMERA_3', 'CAMERA_1']","{'CAMERA_1': ['sensor_size', 'camera_type'], 'CAMERA_2': ['settings', 'color', 'sensor_size', 'weight', 'autofocus_points', 'preset_modes', 'effects', 'price', 'camera_type', 'ISO', 'long_exposure'], 'CAMERA_3': ['effects', 'autofocus_points', 'sensor_size']}",C_SILENT_OR_BACKCHANNEL,CAMERA_1,NONE,I see,S_INTRODUCES_FEATURE,CAMERA_1,camera_type,This is a point and shoot camera.,10~25
74,23,CAMERA_1,"['CAMERA_2', 'CAMERA_3', 'CAMERA_1']","{'CAMERA_1': ['sensor_size', 'camera_type', 'settings'], 'CAMERA_2': ['settings', 'color', 'sensor_size', 'weight', 'autofocus_points', 'preset_modes', 'effects', 'price', 'camera_type', 'ISO', 'long_exposure'], 'CAMERA_3': ['effects', 'autofocus_points', 'sensor_size']}",C_SILENT_OR_BACKCHANNEL,CAMERA_1,NONE,okay,S_INTRODUCES_FEATURE,CAMERA_1,settings,This one has limited manual settings.,13~36
74,24,CAMERA_1,"['CAMERA_2', 'CAMERA_3', 'CAMERA_1']","{'CAMERA_1': ['sensor_size', 'camera_type', 'settings', 'effects'], 'CAMERA_2': ['settings', 'color', 'sensor_size', 'weight', 'autofocus_points', 'preset_modes', 'effects', 'price', 'camera_type', 'ISO', 'long_exposure'], 'CAMERA_3': ['effects', 'autofocus_points', 'sensor_size']}",C_QUESTION_ABOUT_FEATURE,CAMERA_1,effects,does it have any effect modes,S_ANSWERS_QUESTION_ABOUT_FEATURE,CAMERA_1,effects,"This one has 12 glamor retouch effects (e.g. skin softening, small face, big eyes).",13~82
74,25,CAMERA_1,"['CAMERA_2', 'CAMERA_3', 'CAMERA_1']","{'CAMERA_1': ['sensor_size', 'camera_type', 'settings', 'effects', 'resolution'], 'CAMERA_2': ['settings', 'color', 'sensor_size', 'weight', 'autofocus_points', 'preset_modes', 'effects', 'price', 'camera_type', 'ISO', 'long_exposure'], 'CAMERA_3': ['effects', 'autofocus_points', 'sensor_size']}",C_SILENT_OR_BACKCHANNEL,CAMERA_1,NONE,okay,S_INTRODUCES_FEATURE,CAMERA_1,resolution,This one has 20.1 megapixels resolution.,13~28
74,26,CAMERA_1,"['CAMERA_2', 'CAMERA_3', 'CAMERA_1']","{'CAMERA_1': ['sensor_size', 'camera_type', 'settings', 'effects', 'resolution', 'price'], 'CAMERA_2': ['settings', 'color', 'sensor_size', 'weight', 'autofocus_points', 'preset_modes', 'effects', 'price', 'camera_type', 'ISO', 'long_exposure'], 'CAMERA_3': ['effects', 'autofocus_points', 'sensor_size']}",C_SILENT_OR_BACKCHANNEL,CAMERA_1,NONE,okay,S_INTRODUCES_FEATURE,CAMERA_1,price,This one costs $2173.,15~20
74,27,CAMERA_1,"['CAMERA_2', 'CAMERA_3', 'CAMERA_1']","{'CAMERA_1': ['sensor_size', 'camera_type', 'settings', 'effects', 'resolution', 'price', 'long_exposure'], 'CAMERA_2': ['settings', 'color', 'sensor_size', 'weight', 'autofocus_points', 'preset_modes', 'effects', 'price', 'camera_type', 'ISO', 'long_exposure'], 'CAMERA_3': ['effects', 'autofocus_points', 'sensor_size']}",C_QUESTION_ABOUT_FEATURE,CAMERA_1,long_exposure,can it take long exposure shots,S_NOT_SURE,CAMERA_1,,I'm not really sure about that,
74,28,CAMERA_1,"['CAMERA_2', 'CAMERA_3', 'CAMERA_1']","{'CAMERA_1': ['sensor_size', 'camera_type', 'settings', 'effects', 'resolution', 'price', 'long_exposure', 'autofocus_points'], 'CAMERA_2': ['settings', 'color', 'sensor_size', 'weight', 'autofocus_points', 'preset_modes', 'effects', 'price', 'camera_type', 'ISO', 'long_exposure'], 'CAMERA_3': ['effects', 'autofocus_points', 'sensor_size']}",C_QUESTION_ABOUT_FEATURE,CAMERA_1,autofocus_points,how many autofocus points does it have,S_NOT_SURE,CAMERA_1,,I'm not really sure about that,
74,29,,"['CAMERA_2', 'CAMERA_3', 'CAMERA_1']","{'CAMERA_1': ['sensor_size', 'camera_type', 'settings', 'effects', 'resolution', 'price', 'long_exposure', 'autofocus_points'], 'CAMERA_2': ['settings', 'color', 'sensor_size', 'weight', 'autofocus_points', 'preset_modes', 'effects', 'price', 'camera_type', 'ISO', 'long_exposure'], 'CAMERA_3': ['effects', 'autofocus_points', 'sensor_size']}",C_ANYTHING_ELSE_AVAILABLE,CAMERA_1,NONE,ok do you have any other cameras,S_THATS_ALL_WE_HAVE_AVAILABLE,CAMERA_1,,That’s all we have available at the moment.,
74,30,NONE,"['CAMERA_2', 'CAMERA_3', 'CAMERA_1']","{'CAMERA_1': ['sensor_size', 'camera_type', 'settings', 'effects', 'resolution', 'price', 'long_exposure', 'autofocus_points'], 'CAMERA_2': ['settings', 'color', 'sensor_size', 'weight', 'autofocus_points', 'preset_modes', 'effects', 'price', 'camera_type', 'ISO', 'long_exposure'], 'CAMERA_3': ['effects', 'autofocus_points', 'sensor_size']}",C_THANK_YOU,CAMERA_1,NONE,thank you for your help,S_THANK_YOU,CAMERA_1,NONE,thank you very much,
74,31,NONE,"['CAMERA_2', 'CAMERA_3', 'CAMERA_1']","{'CAMERA_1': ['sensor_size', 'camera_type', 'settings', 'effects', 'resolution', 'price', 'long_exposure', 'autofocus_points'], 'CAMERA_2': ['settings', 'color', 'sensor_size', 'weight', 'autofocus_points', 'preset_modes', 'effects', 'price', 'camera_type', 'ISO', 'long_exposure'], 'CAMERA_3': ['effects', 'autofocus_points', 'sensor_size']}",C_LEAVES,DOOR,NONE,,S_RETURNS_TO_COUNTER,SERVICE_COUNTER,NONE,,
75,1,NONE,[],"{'CAMERA_1': [], 'CAMERA_2': [], 'CAMERA_3': []}",C_ENTERS,DOOR,NONE,,S_NONE,SERVICE_COUNTER,NONE,,
75,2,NONE,[],"{'CAMERA_1': [], 'CAMERA_2': [], 'CAMERA_3': []}",C_GREETS,MIDDLE,NONE,hello,S_GREETS,MIDDLE,NONE,can I help you?,
75,3,CAMERA_1,['CAMERA_1'],"{'CAMERA_1': [], 'CAMERA_2': [], 'CAMERA_3': []}",C_LOOKING_FOR_A_CAMERA,MIDDLE,NONE,I'm looking for a camera,S_INTRODUCES_CAMERA,CAMERA_1,,Let me show you this. Here we have the Nikon Coolpix S2800.,39~58
75,4,CAMERA_1,['CAMERA_1'],"{'CAMERA_1': ['color'], 'CAMERA_2': [], 'CAMERA_3': []}",C_QUESTION_ABOUT_FEATURE,CAMERA_1,color,what colors does this one come in,S_ANSWERS_QUESTION_ABOUT_FEATURE,CAMERA_1,color,"This one comes in purple, pink, black, silver, red.",18~50
75,5,CAMERA_1,['CAMERA_1'],"{'CAMERA_1': ['color', 'ISO'], 'CAMERA_2': [], 'CAMERA_3': []}",C_QUESTION_ABOUT_FEATURE,CAMERA_1,ISO,what is the ISO,S_NOT_SURE,CAMERA_1,,I'm not really sure about that,
75,6,CAMERA_1,['CAMERA_1'],"{'CAMERA_1': ['color', 'ISO', 'resolution'], 'CAMERA_2': [], 'CAMERA_3': []}",C_SILENT_OR_BACKCHANNEL,CAMERA_1,NONE,I see,S_INTRODUCES_FEATURE,CAMERA_1,resolution,This one has 20.1 megapixels resolution.,13~28
75,7,CAMERA_1,['CAMERA_1'],"{'CAMERA_1': ['color', 'ISO', 'resolution', 'preset_modes'], 'CAMERA_2': [], 'CAMERA_3': []}",C_QUESTION_ABOUT_FEATURE,CAMERA_1,preset_modes,does it have preset modes,S_ANSWERS_QUESTION_ABOUT_FEATURE,CAMERA_1,preset_modes,"This one has 18 preset modes (e.g. beach, snow, night portrait).",13~63
75,8,CAMERA_1,['CAMERA_1'],"{'CAMERA_1': ['color', 'ISO', 'resolution', 'preset_modes', 'autofocus_points'], 'CAMERA_2': [], 'CAMERA_3': []}",C_QUESTION_ABOUT_FEATURE,CAMERA_1,autofocus_points,how many autofocus points does it have,S_NOT_SURE,CAMERA_1,,I'm not really sure about that,
75,9,CAMERA_1,['CAMERA_1'],"{'CAMERA_1': ['color', 'ISO', 'resolution', 'preset_modes', 'autofocus_points', 'camera_type'], 'CAMERA_2': [], 'CAMERA_3': []}",C_SILENT_OR_BACKCHANNEL,CAMERA_1,NONE,alright,S_INTRODUCES_FEATURE,CAMERA_1,camera_type,This is a point and shoot camera.,10~25
75,10,NONE,['CAMERA_1'],"{'CAMERA_1': ['color', 'ISO', 'resolution', 'preset_modes', 'autofocus_points', 'camera_type'], 'CAMERA_2': [], 'CAMERA_3': []}",C_THANK_YOU,CAMERA_1,NONE,thank you for your help,S_THANK_YOU,CAMERA_1,NONE,thank you very much,
75,11,NONE,['CAMERA_1'],"{'CAMERA_1': ['color', 'ISO', 'resolution', 'preset_modes', 'autofocus_points', 'camera_type'], 'CAMERA_2': [], 'CAMERA_3': []}",C_LEAVES,DOOR,NONE,,S_RETURNS_TO_COUNTER,SERVICE_COUNTER,NONE,,
76,1,NONE,[],"{'CAMERA_1': [], 'CAMERA_2': [], 'CAMERA_3': []}",C_ENTERS,DOOR,NONE,,S_NONE,SERVICE_COUNTER,NONE,,
76,2,NONE,[],"{'CAMERA_1': [], 'CAMERA_2': [], 'CAMERA_3': []}",C_WALKS_TO_CAMERA,CAMERA_2,NONE,,S_GREETS,CAMERA_2,NONE,can I help you?,
76,3,CAMERA_3,['CAMERA_3'],"{'CAMERA_1': [], 'CAMERA_2': [], 'CAMERA_3': []}",C_LOOKING_FOR_A_CAMERA,CAMERA_2,NONE,I'm looking for a camera,S_INTRODUCES_CAMERA,CAMERA_3,,Let me show you this. Here we have the Canon EOS 5D Mark III.,39~60
76,4,CAMERA_3,['CAMERA_3'],"{'CAMERA_1': [], 'CAMERA_2': [], 'CAMERA_3': ['ISO']}",C_QUESTION_ABOUT_FEATURE,CAMERA_3,ISO,what is the ISO,S_ANSWERS_QUESTION_ABOUT_FEATURE,CAMERA_3,ISO,This one has up to 6400 ISO with little noise.,13~45
76,5,NONE,['CAMERA_3'],"{'CAMERA_1': [], 'CAMERA_2': [], 'CAMERA_3': ['ISO']}",C_THANK_YOU,CAMERA_3,NONE,thank you for your help,S_THANK_YOU,CAMERA_3,NONE,thank you very much,
76,6,NONE,['CAMERA_3'],"{'CAMERA_1': [], 'CAMERA_2': [], 'CAMERA_3': ['ISO']}",C_LEAVES,DOOR,NONE,,S_RETURNS_TO_COUNTER,SERVICE_COUNTER,NONE,,
77,1,NONE,[],"{'CAMERA_1': [], 'CAMERA_2': [], 'CAMERA_3': []}",C_ENTERS,DOOR,NONE,,S_NONE,SERVICE_COUNTER,NONE,,
77,2,NONE,[],"{'CAMERA_1': [], 'CAMERA_2': [], 'CAMERA_3': []}",C_WALKS_TO_CAMERA,CAMERA_3,NONE,,S_GREETS,CAMERA_3,NONE,can I help you?,
77,3,CAMERA_2,['CAMERA_2'],"{'CAMERA_1': [], 'CAMERA_2': [], 'CAMERA_3': []}",C_LOOKING_FOR_A_CAMERA,CAMERA_3,NONE,I'm looking for a camera,S_INTRODUCES_CAMERA,CAMERA_2,,Let me show you this. Here we have the Sony Alpha a6000.,39~55
77,4,CAMERA_2,['CAMERA_2'],"{'CAMERA_1': [], 'CAMERA_2': ['color'], 'CAMERA_3': []}",C_QUESTION_ABOUT_FEATURE,CAMERA_2,color,what colors does this one come in,S_ANSWERS_QUESTION_ABOUT_FEATURE,CAMERA_2,color,"This one comes in white, silver, black.",18~38
77,5,CAMERA_2,['CAMERA_2'],"{'CAMERA_1': [], 'CAMERA_2': ['color', 'optical_zoom'], 'CAMERA_3': []}",C_QUESTION_ABOUT_FEATURE,CAMERA_2,optical_zoom,does it have optical zoom,S_NOT_SURE,CAMERA_2,,I'm not really sure about that,
77,6,CAMERA_2,['CAMERA_2'],"{'CAMERA_1': [], 'CAMERA_2': ['color', 'optical_zoom', 'ISO'], 'CAMERA_3': []}",C_QUESTION_ABOUT_FEATURE,CAMERA_2,ISO,what is the ISO,S_ANSWERS_QUESTION_ABOUT_FEATURE,CAMERA_2,ISO,This one has up to 3200 ISO with little noise.,13~45
77,7,CAMERA_2,['CAMERA_2'],"{'CAMERA_1': [], 'CAMERA_2': ['color', 'optical_zoom', 'ISO', 'settings'], 'CAMERA_3': []}",C_QUESTION_ABOUT_FEATURE,CAMERA_2,settings,what kind of settings does it have,S_ANSWERS_QUESTION_ABOUT_FEATURE,CAMERA_2,settings,This one has full manual control.,13~32
77,8,NONE,['CAMERA_2'],"{'CAMERA_1': [], 'CAMERA_2': ['color', 'optical_zoom', 'ISO', 'settings'], 'CAMERA_3': []}",C_THANK_YOU,CAMERA_2,NONE,thank you for your help,S_THANK_YOU,CAMERA_2,NONE,thank you very much,
77,9,NONE,['CAMERA_2'],"{'CAMERA_1': [], 'CAMERA_2': ['color', 'optical_zoom', 'ISO', 'settings'], 'CAMERA_3': []}",C_LEAVES,DOOR,NONE,,S_RETURNS_TO_COUNTER,SERVICE_COUNTER,NONE,,
78,1,NONE,[],"{'CAMERA_1': [], 'CAMERA_2': [], 'CAMERA_3': []}",C_ENTERS,DOOR,NONE,,S_NONE,SERVICE_COUNTER,NONE,,
78,2,NONE,[],"{'CAMERA_1': [], 'CAMERA_2': [], 'CAMERA_3': []}",C_GREETS,MIDDLE,NONE,hello,S_GREETS,MIDDLE,NONE,can I help you?,
78,3,CAMERA_3,['CAMERA_3'],"{'CAMERA_1': [], 'CAMERA_2': [], 'CAMERA_3': []}",C_LOOKING_FOR_A_CAMERA,MIDDLE,NONE,I'm looking for a camera,S_INTRODUCES_CAMERA,CAMERA_3,,Let me show you this. Here we have the Canon EOS 5D Mark III.,39~60
78,4,CAMERA_3,['CAMERA_3'],"{'CAMERA_1': [], 'CAMERA_2': [], 'CAMERA_3': ['ISO']}",C_QUESTION_ABOUT_FEATURE,CAMERA_3,ISO,what is the ISO,S_ANSWERS_QUESTION_ABOUT_FEATURE,CAMERA_3,ISO,This one has up to 6400 ISO with little noise.,13~45
78,5,CAMERA_3,['CAMERA_3'],"{'CAMERA_1': [], 'CAMERA_2': [], 'CAMERA_3': ['ISO', 'effects']}",C_QUESTION_ABOUT_FEATURE,CAMERA_3,effects,does it have any effect modes,S_NOT_SURE,CAMERA_3,,I'm not really sure about that,
78,6,CAMERA_3,['CAMERA_3'],"{'CAMERA_1': [], 'CAMERA_2': [], 'CAMERA_3': ['ISO', 'effects', 'long_exposure']}",C_SILENT_OR_BACKCHANNEL,CAMERA_3,NONE,okay,S_INTRODUCES_FEATURE,CAMERA_3,long_exposure,"This one can take long exposures up to up to 30 seconds, bulb mode: expose as long as you want.",39~94
78,7,NONE,['CAMERA_3'],"{'CAMERA_1': [], 'CAMERA_2': [], 'CAMERA_3': ['ISO', 'effects', 'long_exposure']}",C_THANK_YOU,CAMERA_3,NONE,thank you for your help,S_THANK_YOU,CAMERA_3,NONE,thank you very much,
78,8,NONE,['CAMERA_3'],"{'CAMERA_1': [], 'CAMERA_2': [], 'CAMERA_3': ['ISO', 'effects', 'long_exposure']}",C_LEAVES,DOOR,NONE,,S_RETURNS_TO_COUNTER,SERVICE_COUNTER,NONE,,
79,1,NONE,[],"{'CAMERA_1': [], 'CAMERA_2': [], 'CAMERA_3': []}",C_ENTERS,DOOR,NONE,,S_NONE,SERVICE_COUNTER,NONE,,
79,2,NONE,[],"{'CAMERA_1': [], 'CAMERA_2': [], 'CAMERA_3': []}",C_WALKS_TO_CAMERA,CAMERA_3,NONE,,S_GREETS,CAMERA_3,NONE,can I help you?,
79,3,CAMERA_3,['CAMERA_3'],"{'CAMERA_1': [], 'CAMERA_2': [], 'CAMERA_3': []}",C_LOOKING_FOR_A_CAMERA,CAMERA_3,NONE,I'm looking for a camera,S_INTRODUCES_CAMERA,CAMERA_3,,Let me show you this. Here we have the Canon EOS 5D Mark III.,39~60
79,4,CAMERA_3,['CAMERA_3'],"{'CAMERA_1': [], 'CAMERA_2': [], 'CAMERA_3': ['effects']}",C_QUESTION_ABOUT_FEATURE,CAMERA_3,effects,does it have any effect modes,S_NOT_SURE,CAMERA_3,,I'm not really sure about that,
79,5,CAMERA_3,['CAMERA_3'],"{'CAMERA_1': [], 'CAMERA_2': [], 'CAMERA_3': ['effects', 'color']}",C_QUESTION_ABOUT_FEATURE,CAMERA_3,color,what colors does this one come in,S_ANSWERS_QUESTION_ABOUT_FEATURE,CAMERA_3,color,This one comes in black.,18~23
79,6,CAMERA_3,['CAMERA_3'],"{'CAMERA_1': [], 'CAMERA_2': [], 'CAMERA_3': ['effects', 'color', 'weight']}",C_QUESTION_ABOUT_FEATURE,CAMERA_3,weight,how much does this one weigh,S_ANSWERS_QUESTION_ABOUT_FEATURE,CAMERA_3,weight,This one weighs 950 grams (only body).,16~37
79,7,CAMERA_3,['CAMERA_3'],"{'CAMERA_1': [], 'CAMERA_2': [], 'CAMERA_3': ['effects', 'color', 'weight', 'resolution']}",C_QUESTION_ABOUT_FEATURE,CAMERA_3,resolution,what is the resolution,S_NOT_SURE,CAMERA_3,,I'm not really sure about that,
79,8,CAMERA_3,['CAMERA_3'],"{'CAMERA_1': [], 'CAMERA_2': [], 'CAMERA_3': ['effects', 'color', 'weight', 'resolution', 'sensor_size']}",C_SILENT_OR_BACKCHANNEL,CAMERA_3,NONE,okay,S_INTRODUCES_FEATURE,CAMERA_3,sensor_size,This one has a full frame.,15~25
79,9,CAMERA_3,['CAMERA_3'],"{'CAMERA_1': [], 'CAMERA_2': [], 'CAMERA_3': ['effects', 'color', 'weight', 'resolution', 'sensor_size', 'price']}",C_QUESTION_ABOUT_FEATURE,CAMERA_3,price,how much does it cost,S_ANSWERS_QUESTION_ABOUT_FEATURE,CAMERA_3,price,This one costs $3706.,15~20
79,10,CAMERA_2,"['CAMERA_3', 'CAMERA_2']","{'CAMERA_1': [], 'CAMERA_2': [], 'CAMERA_3': ['effects', 'color', 'weight', 'resolution', 'sensor_size', 'price']}",C_ANYTHING_ELSE_AVAILABLE,CAMERA_3,NONE,ok do you have any other cameras,S_INTRODUCES_CAMERA,CAMERA_2,,Let me show you this. Here we have the Sony Alpha a6000.,39~55
79,11,CAMERA_2,"['CAMERA_3', 'CAMERA_2']","{'CAMERA_1': [], 'CAMERA_2': ['color'], 'CAMERA_3': ['effects', 'color', 'weight', 'resolution', 'sensor_size', 'price']}",C_SILENT_OR_BACKCHANNEL,CAMERA_2,NONE,okay,S_INTRODUCES_FEATURE,CAMERA_2,color,"This one comes in white, silver, black.",18~38
79,12,CAMERA_2,"['CAMERA_3', 'CAMERA_2']","{'CAMERA_1': [], 'CAMERA_2': ['color', 'resolution'], 'CAMERA_3': ['effects', 'color', 'weight', 'resolution', 'sensor_size', 'price']}",C_QUESTION_ABOUT_FEATURE,CAMERA_2,resolution,what is the resolution,S_NOT_SURE,CAMERA_2,,I'm not really sure about that,
79,13,CAMERA_2,"['CAMERA_3', 'CAMERA_2']","{'CAMERA_1': [], 'CAMERA_2': ['color', 'resolution', 'ISO'], 'CAMERA_3': ['effects', 'color', 'weight', 'resolution', 'sensor_size', 'price']}",C_QUESTION_ABOUT_FEATURE,CAMERA_2,ISO,what is the ISO,S_ANSWERS_QUESTION_ABOUT_FEATURE,CAMERA_2,ISO,This one has up to 3200 ISO with little noise.,13~45
79,14,CAMERA_2,"['CAMERA_3', 'CAMERA_2']","{'CAMERA_1': [], 'CAMERA_2': ['color', 'resolution', 'ISO', 'weight'], 'CAMERA_3': ['effects', 'color', 'weight', 'resolution', 'sensor_size', 'price']}",C_QUESTION_ABOUT_FEATURE,CAMERA_2,weight,how much does this one weigh,S_ANSWERS_QUESTION_ABOUT_FEATURE,CAMERA_2,weight,This one weighs 470 grams.,16~25
79,15,CAMERA_2,"['CAMERA_3', 'CAMERA_2']","{'CAMERA_1': [], 'CAMERA_2': ['color', 'resolution', 'ISO', 'weight', 'price'], 'CAMERA_3': ['effects', 'color', 'weight', 'resolution', 'sensor_size', 'price']}",C_SILENT_OR_BACKCHANNEL,CAMERA_2,NONE,I see,S_INTRODUCES_FEATURE,CAMERA_2,price,This one costs $1341.,15~20
79,16,NONE,"['CAMERA_3', 'CAMERA_2']","{'CAMERA_1': [], 'CAMERA_2': ['color', 'resolution', 'ISO', 'weight', 'price'], 'CAMERA_3': ['effects', 'color', 'weight', 'resolution', 'sensor_size', 'price']}",C_THANK_YOU,CAMERA_2,NONE,thank you for your help,S_THANK_YOU,CAMERA_2,NONE,thank you very much,
79,17,NONE,"['CAMERA_3', 'CAMERA_2']","{'CAMERA_1': [], 'CAMERA_2': ['color', 'resolution', 'ISO', 'weight', 'price'], 'CAMERA_3': ['effects', 'color', 'weight', 'resolution', 'sensor_size', 'price']}",C_LEAVES,DOOR,NONE,,S_RETURNS_TO_COUNTER,SERVICE_COUNTER,NONE,,
80,1,NONE,[],"{'CAMERA_1': [], 'CAMERA_2': [], 'CAMERA_3': []}",C_ENTERS,DOOR,NONE,,S_NONE,SERVICE_COUNTER,NONE,,
80,2,NONE,[],"{'CAMERA_1': [], 'CAMERA_2': [], 'CAMERA_3': []}",C_GREETS,MIDDLE,NONE,hello,S_GREETS,MIDDLE,NONE,can I help you?,
80,3,CAMERA_1,['CAMERA_1'],"{'CAMERA_1': [], 'CAMERA_2': [], 'CAMERA_3': []}",C_LOOKING_FOR_A_CAMERA,MIDDLE,NONE,I'm looking for a camera,S_INTRODUCES_CAMERA,CAMERA_1,,Let me show you this. Here we have the Nikon Coolpix S2800.,39~58
80,4,CAMERA_1,['CAMERA_1'],"{'CAMERA_1': ['settings'], 'CAMERA_2': [], 'CAMERA_3': []}",C_SILENT_OR_BACKCHANNEL,CAMERA_1,NONE,I see,S_INTRODUCES_FEATURE,CAMERA_1,settings,This one has limited manual settings.,13~36
80,5,CAMERA_1,['CAMERA_1'],"{'CAMERA_1': ['settings', 'optical_zoom'], 'CAMERA_2': [], 'CAMERA_3': []}",C_QUESTION_ABOUT_FEATURE,CAMERA_1,optical_zoom,does it have optical zoom,S_ANSWERS_QUESTION_ABOUT_FEATURE,CAMERA_1,optical_zoom,This one has 5x optical zoom.,13~28
80,6,CAMERA_1,['CAMERA_1'],"{'CAMERA_1': ['settings', 'optical_zoom', 'effects'], 'CAMERA_2': [], 'CAMERA_3': []}",C_QUESTION_ABOUT_FEATURE,CAMERA_1,effects,does it have any effect modes,S_ANSWERS_QUESTION_ABOUT_FEATURE,CAMERA_1,effects,"This one has 12 glamor retouch effects (e.g. skin softening, small face, big eyes).",13~82
80,7,CAMERA_1,['CAMERA_1'],"{'CAMERA_1': ['settings', 'optical_zoom', 'effects', 'price'], 'CAMERA_2': [], 'CAMERA_3': []}",C_QUESTION_ABOUT_FEATURE,CAMERA_1,price,how much does it cost,S_ANSWERS_QUESTION_ABOUT_FEATURE,CAMERA_1,price,This one costs $2173.,15~20
80,8,CAMERA_2,"['CAMERA_1', 'CAMERA_2']","{'CAMERA_1': ['settings', 'optical_zoom', 'effects', 'price'], 'CAMERA_2': [], 'CAMERA_3': []}",C_ANYTHING_ELSE_AVAILABLE,CAMERA_1,NONE,ok do you have any other cameras,S_INTRODUCES_CAMERA,CAMERA_2,,Let me show you this. Here we have the Sony Alpha a6000.,39~55
80,9,CAMERA_2,"['CAMERA_1', 'CAMERA_2']","{'CAMERA_1': ['settings', 'optical_zoom', 'effects', 'price'], 'CAMERA_2': ['price'], 'CAMERA_3': []}",C_QUESTION_ABOUT_FEATURE,CAMERA_2,price,how much does it cost,S_ANSWERS_QUESTION_ABOUT_FEATURE,CAMERA_2,price,This one costs $1341.,15~20
80,10,CAMERA_2,"['CAMERA_1', 'CAMERA_2']","{'CAMERA_1': ['settings', 'optical_zoom', 'effects', 'price'], 'CAMERA_2': ['price', 'preset_modes'], 'CAMERA_3': []}",C_QUESTION_ABOUT_FEATURE,CAMERA_2,preset_modes,does it have preset modes,S_ANSWERS_QUESTION_ABOUT_FEATURE,CAMERA_2,preset_modes,"This one has 9 preset modes (e.g. beach, snow, night, portrait).",13~63
80,11,CAMERA_2,"['CAMERA_1', 'CAMERA_2']","{'CAMERA_1': ['settings', 'optical_zoom', 'effects', 'price'], 'CAMERA_2': ['price', 'preset_modes', 'weight'], 'CAMERA_3': []}",C_SILENT_OR_BACKCHANNEL,CAMERA_2,NONE,alright,S_INTRODUCES_FEATURE,CAMERA_2,weight,This one weighs 470 grams.,16~25
80,12,CAMERA_2,"['CAMERA_1', 'CAMERA_2']","{'CAMERA_1': ['settings', 'optical_zoom', 'effects', 'price'], 'CAMERA_2': ['price', 'preset_modes', 'weight', 'long_exposure'], 'CAMERA_3': []}",C_SILENT_OR_BACKCHANNEL,CAMERA_2,NONE,alright,S_INTRODUCES_FEATURE,CAMERA_2,long_exposure,This one can take long exposures up to up to 30 seconds.,39~55
80,13,CAMERA_3,"['CAMERA_1', 'CAMERA_2', 'CAMERA_3']","{'CAMERA_1': ['settings', 'optical_zoom', 'effects', 'price'], 'CAMERA_2': ['price', 'preset_modes', 'weight', 'long_exposure'], 'CAMERA_3': []}",C_ANYTHING_ELSE_AVAILABLE,CAMERA_2,NONE,ok do you have any other cameras,S_INTRODUCES_CAMERA,CAMERA_3,,Let me show you this. Here we have the Canon EOS 5D Mark III.,39~60
80,14,CAMERA_3,"['CAMERA_1', 'CAMERA_2', 'CAMERA_3']","{'CAMERA_1': ['settings', 'optical_zoom', 'effects', 'price'], 'CAMERA_2': ['price', 'preset_modes', 'weight', 'long_exposure'], 'CAMERA_3': ['sensor_size']}",C_SILENT_OR_BACKCHANNEL,CAMERA_3,NONE,I see,S_INTRODUCES_FEATURE,CAMERA_3,sensor_size,This one has a full frame.,15~25
80,15,CAMERA_3,"['CAMERA_1', 'CAMERA_2', 'CAMERA_3']","{'CAMERA_1': ['settings', 'optical_zoom', 'effects', 'price'], 'CAMERA_2': ['price', 'preset_modes', 'weight', 'long_exposure'], 'CAMERA_3': ['sensor_size', 'color']}",C_SILENT_OR_BACKCHANNEL,CAMERA_3,NONE,okay,S_INTRODUCES_FEATURE,CAMERA_3,color,This one comes in black.,18~23
80,16,NONE,"['CAMERA_1', 'CAMERA_2', 'CAMERA_3']","{'CAMERA_1': ['settings', 'optical_zoom', 'effects', 'price'], 'CAMERA_2': ['price', 'preset_modes', 'weight', 'long_exposure'], 'CAMERA_3': ['sensor_size', 'color']}",C_THANK_YOU,CAMERA_3,NONE,thank you for your help,S_THANK_YOU,CAMERA_3,NONE,thank you very much,
80,17,NONE,"['CAMERA_1', 'CAMERA_2', 'CAMERA_3']","{'CAMERA_1': ['settings', 'optical_zoom', 'effects', 'price'], 'CAMERA_2': ['price', 'preset_modes', 'weight', 'long_exposure'], 'CAMERA_3': ['sensor_size', 'color']}",C_LEAVES,DOOR,NONE,,S_RETURNS_TO_COUNTER,SERVICE_COUNTER,NONE,,
81,1,NONE,[],"{'CAMERA_1': [], 'CAMERA_2': [], 'CAMERA_3': []}",C_ENTERS,DOOR,NONE,,S_NONE,SERVICE_COUNTER,NONE,,
81,2,NONE,[],"{'CAMERA_1': [], 'CAMERA_2': [], 'CAMERA_3': []}",C_WALKS_TO_CAMERA,CAMERA_1,NONE,,S_NONE,SERVICE_COUNTER,NONE,,
81,3,CAMERA_1,['CAMERA_1'],"{'CAMERA_1': ['resolution'], 'CAMERA_2': [], 'CAMERA_3': []}",C_QUESTION_ABOUT_FEATURE,CAMERA_1,resolution,what is the resolution,S_ANSWERS_QUESTION_ABOUT_FEATURE,CAMERA_1,resolution,This one has 20.1 megapixels resolution.,13~28
81,4,CAMERA_1,['CAMERA_1'],"{'CAMERA_1': ['resolution', 'price'], 'CAMERA_2': [], 'CAMERA_3': []}",C_SILENT_OR_BACKCHANNEL,CAMERA_1,NONE,I see,S_INTRODUCES_FEATURE,CAMERA_1,price,This one costs $2173.,15~20
81,5,CAMERA_3,"['CAMERA_1', 'CAMERA_3']","{'CAMERA_1': ['resolution', 'price'], 'CAMERA_2': [], 'CAMERA_3': []}",C_ANYTHING_ELSE_AVAILABLE,CAMERA_1,NONE,ok do you have any other cameras,S_INTRODUCES_CAMERA,CAMERA_3,,Let me show you this. Here we have the Canon EOS 5D Mark III.,39~60
81,6,CAMERA_3,"['CAMERA_1', 'CAMERA_3']","{'CAMERA_1': ['resolution', 'price'], 'CAMERA_2': [], 'CAMERA_3': ['weight']}",C_SILENT_OR_BACKCHANNEL,CAMERA_3,NONE,okay,S_INTRODUCES_FEATURE,CAMERA_3,weight,This one weighs 950 grams (only body).,16~37
81,7,CAMERA_3,"['CAMERA_1', 'CAMERA_3']","{'CAMERA_1': ['resolution', 'price'], 'CAMERA_2': [], 'CAMERA_3': ['weight', 'settings']}",C_QUESTION_ABOUT_FEATURE,CAMERA_3,settings,what kind of settings does it have,S_ANSWERS_QUESTION_ABOUT_FEATURE,CAMERA_3,settings,This one has full manual control.,13~32
81,8,CAMERA_3,"['CAMERA_1', 'CAMERA_3']","{'CAMERA_1': ['resolution', 'price'], 'CAMERA_2': [], 'CAMERA_3': ['weight', 'settings', 'optical_zoom']}",C_QUESTION_ABOUT_FEATURE,CAMERA_3,optical_zoom,does it have optical zoom,S_NOT_SURE,CAMERA_3,,I'm not really sure about that,
81,9,CAMERA_3,"['CAMERA_1', 'CAMERA_3']","{'CAMERA_1': ['resolution', 'price'], 'CAMERA_2': [], 'CAMERA_3': ['weight', 'settings', 'optical_zoom', 'color']}",C_QUESTION_ABOUT_FEATURE,CAMERA_3,color,what colors does this one come in,S_ANSWERS_QUESTION_ABOUT_FEATURE,CAMERA_3,color,This one comes in black.,18~23
81,10,CAMERA_3,"['CAMERA_1', 'CAMERA_3']","{'CAMERA_1': ['resolution', 'price'], 'CAMERA_2': [], 'CAMERA_3': ['weight', 'settings', 'optical_zoom', 'color', 'long_exposure']}",C_QUESTION_ABOUT_FEATURE,CAMERA_3,long_exposure,can it take long exposure shots,S_ANSWERS_QUESTION_ABOUT_FEATURE,CAMERA_3,long_exposure,"This one can take long exposures up to up to 30 seconds, bulb mode: expose as long as you want.",39~94
81,11,CAMERA_3,"['CAMERA_1', 'CAMERA_3']","{'CAMERA_1': ['resolution', 'price'], 'CAMERA_2': [], 'CAMERA_3': ['weight', 'settings', 'optical_zoom', 'color', 'long_exposure', 'camera_type']}",C_SILENT_OR_BACKCHANNEL,CAMERA_3,NONE,alright,S_INTRODUCES_FEATURE,CAMERA_3,camera_type,This is a DSLR camera.,10~14
81,12,CAMERA_3,"['CAMERA_1', 'CAMERA_3']","{'CAMERA_1': ['resolution', 'price'], 'CAMERA_2': [], 'CAMERA_3': ['weight', 'settings', 'optical_zoom', 'color', 'long_exposure', 'camera_type', 'ISO']}",C_SILENT_OR_BACKCHANNEL,CAMERA_3,NONE,okay,S_INTRODUCES_FEATURE,CAMERA_3,ISO,This one has up to 6400 ISO with little noise.,13~45
81,13,CAMERA_3,"['CAMERA_1', 'CAMERA_3']","{'CAMERA_1': ['resolution', 'price'], 'CAMERA_2': [], 'CAMERA_3': ['weight', 'settings', 'optical_zoom', 'color', 'long_exposure', 'camera_type', 'ISO', 'sensor_size']}",C_SILENT_OR_BACKCHANNEL,CAMERA_3,NONE,I see,S_INTRODUCES_FEATURE,CAMERA_3,sensor_size,This one has a full frame.,15~25
81,14,CAMERA_3,"['CAMERA_1', 'CAMERA_3']","{'CAMERA_1': ['resolution', 'price'], 'CAMERA_2': [], 'CAMERA_3': ['weight', 'settings', 'optical_zoom', 'color', 'long_exposure', 'camera_type', 'ISO', 'sensor_size', 'preset_modes']}",C_QUESTION_ABOUT_FEATURE,CAMERA_3,preset_modes,does it have preset modes,S_NOT_SURE,CAMERA_3,,I'm not really sure about that,
81,15,CAMERA_3,"['CAMERA_1', 'CAMERA_3']","{'CAMERA_1': ['resolution', 'price'], 'CAMERA_2': [], 'CAMERA_3': ['weight', 'settings', 'optical_zoom', 'color', 'long_exposure', 'camera_type', 'ISO', 'sensor_size', 'preset_modes', 'effects']}",C_QUESTION_ABOUT_FEATURE,CAMERA_3,effects,does it have any effect modes,S_NOT_SURE,CAMERA_3,,I'm not really sure about that,
81,16,CAMERA_3,"['CAMERA_1', 'CAMERA_3']","{'CAMERA_1': ['resolution', 'price'], 'CAMERA_2': [], 'CAMERA_3': ['weight', 'settings', 'optical_zoom', 'color', 'long_exposure', 'camera_type', 'ISO', 'sensor_size', 'preset_modes', 'effects', 'price']}",C_QUESTION_ABOUT_FEATURE,CAMERA_3,price,how much does it cost,S_ANSWERS_QUESTION_ABOUT_FEATURE,CAMERA_3,price,This one costs $3706.,15~20
81,17,NONE,"['CAMERA_1', 'CAMERA_3']","{'CAMERA_1': ['resolution', 'price'], 'CAMERA_2': [], 'CAMERA_3': ['weight', 'settings', 'optical_zoom', 'color', 'long_exposure', 'camera_type', 'ISO', 'sensor_size', 'preset_modes', 'effects', 'price']}",C_THANK_YOU,CAMERA_3,NONE,thank you for your help,S_THANK_YOU,CAMERA_3,NONE,thank you very much,
81,18,NONE,"['CAMERA_1', 'CAMERA_3']","{'CAMERA_1': ['resolution', 'price'], 'CAMERA_2': [], 'CAMERA_3': ['weight', 'settings', 'optical_zoom', 'color', 'long_exposure', 'camera_type', 'ISO', 'sensor_size', 'preset_modes', 'effects', 'price']}",C_LEAVES,DOOR,NONE,,S_RETURNS_TO_COUNTER,SERVICE_COUNTER,NONE,,
82,1,NONE,[],"{'CAMERA_1': [], 'CAMERA_2': [], 'CAMERA_3': []}",C_ENTERS,DOOR,NONE,,S_NONE,SERVICE_COUNTER,NONE,,
82,2,NONE,[],"{'CAMERA_1': [], 'CAMERA_2': [], 'CAMERA_3': []}",C_WALKS_TO_CAMERA,CAMERA_1,NONE,,S_GREETS,CAMERA_1,NONE,can I help you?,
82,3,CAMERA_1,['CAMERA_1'],"{'CAMERA_1': [], 'CAMERA_2': [], 'CAMERA_3': []}",C_LOOKING_FOR_A_CAMERA,CAMERA_1,NONE,I'm looking for a camera,S_INTRODUCES_CAMERA,CAMERA_1,,Let me show you this. Here we have the Nikon Coolpix S2800.,39~58
82,4,CAMERA_1,['CAMERA_1'],"{'CAMERA_1': ['camera_type'], 'CAMERA_2': [], 'CAMERA_3': []}",C_QUESTION_ABOUT_FEATURE,CAMERA_1,camera_type,what kind of camera is this,S_ANSWERS_QUESTION_ABOUT_FEATURE,CAMERA_1,camera_type,This is a point and shoot camera.,10~25
82,5,CAMERA_1,['CAMERA_1'],"{'CAMERA_1': ['camera_type', 'preset_modes'], 'CAMERA_2': [], 'CAMERA_3': []}",C_SILENT_OR_BACKCHANNEL,CAMERA_1,NONE,alright,S_INTRODUCES_FEATURE,CAMERA_1,preset_modes,"This one has 18 preset modes (e.g. beach, snow, night portrait).",13~63
82,6,CAMERA_1,['CAMERA_1'],"{'CAMERA_1': ['camera_type', 'preset_modes', 'weight'], 'CAMERA_2': [], 'CAMERA_3': []}",C_QUESTION_ABOUT_FEATURE,CAMERA_1,weight,how much does this one weigh,S_ANSWERS_QUESTION_ABOUT_FEATURE,CAMERA_1,weight,This one weighs 120 grams.,16~25
82,7,CAMERA_1,['CAMERA_1'],"{'CAMERA_1': ['camera_type', 'preset_modes', 'weight', 'settings'], 'CAMERA_2': [], 'CAMERA_3': []}",C_QUESTION_ABOUT_FEATURE,CAMERA_1,settings,what kind of settings does it have,S_ANSWERS_QUESTION_ABOUT_FEATURE,CAMERA_1,settings,This one has limited manual settings.,13~36
82,8,CAMERA_1,['CAMERA_1'],"{'CAMERA_1': ['camera_type', 'preset_modes', 'weight', 'settings', 'resolution'], 'CAMERA_2': [], 'CAMERA_3': []}",C_QUESTION_ABOUT_FEATURE,CAMERA_1,resolution,what is the resolution,S_ANSWERS_QUESTION_ABOUT_FEATURE,CAMERA_1,resolution,This one has 20.1 megapixels resolution.,13~28
82,9,CAMERA_1,['CAMERA_1'],"{'CAMERA_1': ['camera_type', 'preset_modes', 'weight', 'settings', 'resolution', 'optical_zoom'], 'CAMERA_2': [], 'CAMERA_3': []}",C_QUESTION_ABOUT_FEATURE,CAMERA_1,optical_zoom,does it have optical zoom,S_ANSWERS_QUESTION_ABOUT_FEATURE,CAMERA_1,optical_zoom,This one has 5x optical zoom.,13~28
82,10,NONE,['CAMERA_1'],"{'CAMERA_1': ['camera_type', 'preset_modes', 'weight', 'settings', 'resolution', 'optical_zoom'], 'CAMERA_2': [], 'CAMERA_3': []}",C_THANK_YOU,CAMERA_1,NONE,thank you for your help,S_THANK_YOU,CAMERA_1,NONE,thank you very much,
82,11,NONE,['CAMERA_1'],"{'CAMERA_1': ['camera_type', 'preset_modes', 'weight', 'settings', 'resolution', 'optical_zoom'], 'CAMERA_2': [], 'CAMERA_3': []}",C_LEAVES,DOOR,NONE,,S_RETURNS_TO_COUNTER,SERVICE_COUNTER,NONE,,
83,1,NONE,[],"{'CAMERA_1': [], 'CAMERA_2': [], 'CAMERA_3': []}",C_ENTERS,DOOR,NONE,,S_NONE,SERVICE_COUNTER,NONE,,
83,2,NONE,[],"{'CAMERA_1': [], 'CAMERA_2': [], 'CAMERA_3': []}",C_WALKS_TO_CAMERA,CAMERA_1,NONE,,S_GREETS,CAMERA_1,NONE,can I help you?,
83,3,CAMERA_2,['CAMERA_2'],"{'CAMERA_1': [], 'CAMERA_2': [], 'CAMERA_3': []}",C_LOOKING_FOR_A_CAMERA,CAMERA_1,NONE,I'm looking for a camera,S_INTRODUCES_CAMERA,CAMERA_2,,Let me show you this. Here we have the Sony Alpha a6000.,39~55
83,4,CAMERA_2,['CAMERA_2'],"{'CAMERA_1': [], 'CAMERA_2': ['camera_type'], 'CAMERA_3': []}",C_QUESTION_ABOUT_FEATURE,CAMERA_2,camera_type,what kind of camera is this,S_ANSWERS_QUESTION_ABOUT_FEATURE,CAMERA_2,camera_type,This is a mirrorless camera.,10~20
83,5,CAMERA_2,['CAMERA_2'],"{'CAMERA_1': [], 'CAMERA_2': ['camera_type', 'weight'], 'CAMERA_3': []}",C_SILENT_OR_BACKCHANNEL,CAMERA_2,NONE,alright,S_INTRODUCES_FEATURE,CAMERA_2,weight,This one weighs 470 grams.,16~25
83,6,NONE,['CAMERA_2'],"{'CAMERA_1': [], 'CAMERA_2': ['camera_type', 'weight'], 'CAMERA_3': []}",C_THANK_YOU,CAMERA_2,NONE,thank you for your help,S_THANK_YOU,CAMERA_2,NONE,thank you very much,
83,7,NONE,['CAMERA_2'],"{'CAMERA_1': [], 'CAMERA_2': ['camera_type', 'weight'], 'CAMERA_3': []}",C_LEAVES,DOOR,NONE,,S_RETURNS_TO_COUNTER,SERVICE_COUNTER,NONE,,
84,1,NONE,[],"{'CAMERA_1': [], 'CAMERA_2': [], 'CAMERA_3': []}",C_ENTERS,DOOR,NONE,,S_NONE,SERVICE_COUNTER,NONE,,
84,2,NONE,[],"{'CAMERA_1': [], 'CAMERA_2': [], 'CAMERA_3': []}",C_GREETS,MIDDLE,NONE,hello,S_GREETS,MIDDLE,NONE,can I help you?,
84,3,CAMERA_3,['CAMERA_3'],"{'CAMERA_1': [], 'CAMERA_2': [], 'CAMERA_3': []}",C_LOOKING_FOR_A_CAMERA,MIDDLE,NONE,I'm looking for a camera,S_INTRODUCES_CAMERA,CAMERA_3,,Let me show you this. Here we have the Canon EOS 5D Mark III.,39~60
84,4,CAMERA_3,['CAMERA_3'],"{'CAMERA_1': [], 'CAMERA_2': [], 'CAMERA_3': ['weight']}",C_QUESTION_ABOUT_FEATURE,CAMERA_3,weight,how much does this one weigh,S_ANSWERS_QUESTION_ABOUT_FEATURE,CAMERA_3,weight,This one weighs 950 grams (only body).,16~37
84,5,CAMERA_3,['CAMERA_3'],"{'CAMERA_1': [], 'CAMERA_2': [], 'CAMERA_3': ['weight', 'settings']}",C_SILENT_OR_BACKCHANNEL,CAMERA_3,NONE,okay,S_INTRODUCES_FEATURE,CAMERA_3,settings,This one has full manual control.,13~32
84,6,CAMERA_2,"['CAMERA_3', 'CAMERA_2']","{'CAMERA_1': [], 'CAMERA_2': [], 'CAMERA_3': ['weight', 'settings']}",C_ANYTHING_ELSE_AVAILABLE,CAMERA_3,NONE,ok do you have any other cameras,S_INTRODUCES_CAMERA,CAMERA_2,,Let me show you this. Here we have the Sony Alpha a6000.,39~55
84,7,CAMERA_2,"['CAMERA_3', 'CAMERA_2']","{'CAMERA_1': [], 'CAMERA_2': ['price'], 'CAMERA_3': ['weight', 'settings']}",C_SILENT_OR_BACKCHANNEL,CAMERA_2,NONE,I see,S_INTRODUCES_FEATURE,CAMERA_2,price,This one costs $1341.,15~20
84,8,NONE,"['CAMERA_3', 'CAMERA_2']","{'CAMERA_1': [], 'CAMERA_2': ['price'], 'CAMERA_3': ['weight', 'settings']}",C_THANK_YOU,CAMERA_2,NONE,thank you for your help,S_THANK_YOU,CAMERA_2,NONE,thank you very much,
84,9,NONE,"['CAMERA_3', 'CAMERA_2']","{'CAMERA_1': [], 'CAMERA_2': ['price'], 'CAMERA_3': ['weight', 'settings']}",C_LEAVES,DOOR,NONE,,S_RETURNS_TO_COUNTER,SERVICE_COUNTER,NONE,,
85,1,NONE,[],"{'CAMERA_1': [], 'CAMERA_2': [], 'CAMERA_3': []}",C_ENTERS,DOOR,NONE,,S_NONE,SERVICE_COUNTER,NONE,,
85,2,NONE,[],"{'CAMERA_1': [], 'CAMERA_2': [], 'CAMERA_3': []}",C_WALKS_TO_CAMERA,CAMERA_3,NONE,,S_NONE,SERVICE_COUNTER,NONE,,
85,3,CAMERA_3,['CAMERA_3'],"{'CAMERA_1': [], 'CAMERA_2': [], 'CAMERA_3': ['optical_zoom']}",C_QUESTION_ABOUT_FEATURE,CAMERA_3,optical_zoom,does it have optical zoom,S_NOT_SURE,CAMERA_3,,I'm not really sure about that,
85,4,CAMERA_3,['CAMERA_3'],"{'CAMERA_1': [], 'CAMERA_2': [], 'CAMERA_3': ['optical_zoom', 'price']}",C_QUESTION_ABOUT_FEATURE,CAMERA_3,price,how much does it cost,S_ANSWERS_QUESTION_ABOUT_FEATURE,CAMERA_3,price,This one costs $3706.,15~20
85,5,CAMERA_3,['CAMERA_3'],"{'CAMERA_1': [], 'CAMERA_2': [], 'CAMERA_3': ['optical_zoom', 'price', 'sensor_size']}",C_SILENT_OR_BACKCHANNEL,CAMERA_3,NONE,alright,S_INTRODUCES_FEATURE,CAMERA_3,sensor_size,This one has a full frame.,15~25
85,6,CAMERA_3,['CAMERA_3'],"{'CAMERA_1': [], 'CAMERA_2': [], 'CAMERA_3': ['optical_zoom', 'price', 'sensor_size', 'autofocus_points']}",C_SILENT_OR_BACKCHANNEL,CAMERA_3,NONE,I see,S_INTRODUCES_FEATURE,CAMERA_3,autofocus_points,This one has 61 autofocus points.,13~32
85,7,CAMERA_3,['CAMERA_3'],"{'CAMERA_1': [], 'CAMERA_2': [], 'CAMERA_3': ['optical_zoom', 'price', 'sensor_size', 'autofocus_points', 'camera_type']}",C_QUESTION_ABOUT_FEATURE,CAMERA_3,camera_type,what kind of camera is this,S_ANSWERS_QUESTION_ABOUT_FEATURE,CAMERA_3,camera_type,This is a DSLR camera.,10~14
85,8,CAMERA_3,['CAMERA_3'],"{'CAMERA_1': [], 'CAMERA_2': [], 'CAMERA_3': ['optical_zoom', 'price', 'sensor_size', 'autofocus_points', 'camera_type', 'weight']}",C_SILENT_OR_BACKCHANNEL,CAMERA_3,NONE,I see,S_INTRODUCES_FEATURE,CAMERA_3,weight,This one weighs 950 grams (only body).,16~37
85,9,CAMERA_2,"['CAMERA_3', 'CAMERA_2']","{'CAMERA_1': [], 'CAMERA_2': [], 'CAMERA_3': ['optical_zoom', 'price', 'sensor_size', 'autofocus_points', 'camera_type', 'weight']}",C_ANYTHING_ELSE_AVAILABLE,CAMERA_3,NONE,ok do you have any other cameras,S_INTRODUCES_CAMERA,CAMERA_2,,Let me show you this. Here we have the Sony Alpha a6000.,39~55
85,10,CAMERA_2,"['CAMERA_3', 'CAMERA_2']","{'CAMERA_1': [], 'CAMERA_2': ['camera_type'], 'CAMERA_3': ['optical_zoom', 'price', 'sensor_size', 'autofocus_points', 'camera_type', 'weight']}",C_QUESTION_ABOUT_FEATURE,CAMERA_2,camera_type,what kind of camera is this,S_ANSWERS_QUESTION_ABOUT_FEATURE,CAMERA_2,camera_type,This is a mirrorless camera.,10~20
85,11,CAMERA_2,"['CAMERA_3', 'CAMERA_2']","{'CAMERA_1': [], 'CAMERA_2': ['camera_type', 'long_exposure'], 'CAMERA_3': ['optical_zoom', 'price', 'sensor_size', 'autofocus_points', 'camera_type', 'weight']}",C_QUESTION_ABOUT_FEATURE,CAMERA_2,long_exposure,can it take long exposure shots,S_ANSWERS_QUESTION_ABOUT_FEATURE,CAMERA_2,long_exposure,This one can take long exposures up to up to 30 seconds.,39~55
85,12,CAMERA_2,"['CAMERA_3', 'CAMERA_2']","{'CAMERA_1': [], 'CAMERA_2': ['camera_type', 'long_exposure', 'effects'], 'CAMERA_3': ['optical_zoom', 'price', 'sensor_size', 'autofocus_points', 'camera_type', 'weight']}",C_QUESTION_ABOUT_FEATURE,CAMERA_2,effects,does it have any effect modes,S_ANSWERS_QUESTION_ABOUT_FEATURE,CAMERA_2,effects,"This one has 13 artistic effect modes (e.g. toy camera, soft focus).",13~67
85,13,CAMERA_2,"['CAMERA_3', 'CAMERA_2']","{'CAMERA_1': [], 'CAMERA_2': ['camera_type', 'long_exposure', 'effects', 'preset_modes'], 'CAMERA_3': ['optical_zoom', 'price', 'sensor_size', 'autofocus_points', 'camera_type', 'weight']}",C_QUESTION_ABOUT_FEATURE,CAMERA_2,preset_modes,does it have preset modes,S_ANSWERS_QUESTION_ABOUT_FEATURE,CAMERA_2,preset_modes,"This one has 9 preset modes (e.g. beach, snow, night, portrait).",13~63
85,14,CAMERA_2,"['CAMERA_3', 'CAMERA_2']","{'CAMERA_1': [], 'CAMERA_2': ['camera_type', 'long_exposure', 'effects', 'preset_modes', 'settings'], 'CAMERA_3': ['optical_zoom', 'price', 'sensor_size', 'autofocus_points', 'camera_type', 'weight']}",C_QUESTION_ABOUT_FEATURE,CAMERA_2,settings,what kind of settings does it have,S_ANSWERS_QUESTION_ABOUT_FEATURE,CAMERA_2,settings,This one has full manual control.,13~32
85,15,CAMERA_2,"['CAMERA_3', 'CAMERA_2']","{'CAMERA_1': [], 'CAMERA_2': ['camera_type', 'long_exposure', 'effects', 'preset_modes', 'settings', 'color'], 'CAMERA_3': ['optical_zoom', 'price', 'sensor_size', 'autofocus_points', 'camera_type', 'weight']}",C_QUESTION_ABOUT_FEATURE,CAMERA_2,color,what colors does this one come in,S_ANSWERS_QUESTION_ABOUT_FEATURE,CAMERA_2,color,"This one comes in white, silver, black.",18~38
85,16,CAMERA_2,"['CAMERA_3', 'CAMERA_2']","{'CAMERA_1': [], 'CAMERA_2': ['camera_type', 'long_exposure', 'effects', 'preset_modes', 'settings', 'color', 'weight'], 'CAMERA_3': ['optical_zoom', 'price', 'sensor_size', 'autofocus_points', 'camera_type', 'weight']}",C_SILENT_OR_BACKCHANNEL,CAMERA_2,NONE,I see,S_INTRODUCES_FEATURE,CAMERA_2,weight,This one weighs 470 grams.,16~25
85,17,NONE,"['CAMERA_3', 'CAMERA_2']","{'CAMERA_1': [], 'CAMERA_2': ['camera_type', 'long_exposure', 'effects', 'preset_modes', 'settings', 'color', 'weight'], 'CAMERA_3': ['optical_zoom', 'price', 'sensor_size', 'autofocus_points', 'camera_type', 'weight']}",C_THANK_YOU,CAMERA_2,NONE,thank you for your help,S_THANK_YOU,CAMERA_2,NONE,thank you very much,
85,18,NONE,"['CAMERA_3', 'CAMERA_2']","{'CAMERA_1': [], 'CAMERA_2': ['camera_type', 'long_exposure', 'effects', 'preset_modes', 'settings', 'color', 'weight'], 'CAMERA_3': ['optical_zoom', 'price', 'sensor_size', 'autofocus_points', 'camera_type', 'weight']}",C_LEAVES,DOOR,NONE,,S_RETURNS_TO_COUNTER,SERVICE_COUNTER,NONE,,
86,1,NONE,[],"{'CAMERA_1': [], 'CAMERA_2': [], 'CAMERA_3': []}",C_ENTERS,DOOR,NONE,,S_NONE,SERVICE_COUNTER,NONE,,
86,2,NONE,[],"{'CAMERA_1': [], 'CAMERA_2': [], 'CAMERA_3': []}",C_GREETS,MIDDLE,NONE,hello,S_GREETS,MIDDLE,NONE,can I help you?,
86,3,CAMERA_2,['CAMERA_2'],"{'CAMERA_1': [], 'CAMERA_2': [], 'CAMERA_3': []}",C_LOOKING_FOR_A_CAMERA,MIDDLE,NONE,I'm looking for a camera,S_INTRODUCES_CAMERA,CAMERA_2,,Let me show you this. Here we have the Sony Alpha a6000.,39~55
86,4,CAMERA_2,['CAMERA_2'],"{'CAMERA_1': [], 'CAMERA_2': ['color'], 'CAMERA_3': []}",C_QUESTION_ABOUT_FEATURE,CAMERA_2,color,what colors does this one come in,S_ANSWERS_QUESTION_ABOUT_FEATURE,CAMERA_2,color,"This one comes in white, silver, black.",18~38
86,5,NONE,['CAMERA_2'],"{'CAMERA_1': [], 'CAMERA_2': ['color'], 'CAMERA_3': []}",C_THANK_YOU,CAMERA_2,NONE,thank you for your help,S_THANK_YOU,CAMERA_2,NONE,thank you very much,
86,6,NONE,['CAMERA_2'],"{'CAMERA_1': [], 'CAMERA_2': ['color'], 'CAMERA_3': []}",C_LEAVES,DOOR,NONE,,S_RETURNS_TO_COUNTER,SERVICE_COUNTER,NONE,,
87,1,NONE,[],"{'CAMERA_1': [], 'CAMERA_2': [], 'CAMERA_3': []}",C_ENTERS,DOOR,NONE,,S_NONE,SERVICE_COUNTER,NONE,,
87,2,NONE,[],"{'CAMERA_1': [], 'CAMERA_2': [], 'CAMERA_3': []}",C_WALKS_TO_CAMERA,CAMERA_1,NONE,,S_NONE,SERVICE_COUNTER,NONE,,
87,3,NONE,[],"{'CAMERA_1': [], 'CAMERA_2': [], 'CAMERA_3': []}",C_EXAMINES_CAMERA,CAMERA_1,NONE,,S_NONE,SERVICE_COUNTER,NONE,,
87,4,NONE,[],"{'CAMERA_1': [], 'CAMERA_2': [], 'CAMERA_3': []}",C_WALKS_TO_CAMERA,CAMERA_2,NONE,,S_NONE,SERVICE_COUNTER,NONE,,
87,5,NONE,[],"{'CAMERA_1': [], 'CAMERA_2': [], 'CAMERA_3': []}",C_EXAMINES_CAMERA,CAMERA_2,NONE,,S_GREETS,CAMERA_2,NONE,can I help you?,
87,6,CAMERA_2,['CAMERA_2'],"{'CAMERA_1': [], 'CAMERA_2': [], 'CAMERA_3': []}",C_LOOKING_FOR_A_CAMERA,CAMERA_2,NONE,I'm looking for a camera,S_INTRODUCES_CAMERA,CAMERA_2,,Let me show you this. Here we have the Sony Alpha a6000.,39~55
87,7,CAMERA_2,['CAMERA_2'],"{'CAMERA_1': [], 'CAMERA_2': ['resolution'], 'CAMERA_3': []}",C_QUESTION_ABOUT_FEATURE,CAMERA_2,resolution,what is the resolution,S_NOT_SURE,CAMERA_2,,I'm not really sure about that,
87,8,CAMERA_2,['CAMERA_2'],"{'CAMERA_1': [], 'CAMERA_2': ['resolution', 'price'], 'CAMERA_3': []}",C_SILENT_OR_BACKCHANNEL,CAMERA_2,NONE,I see,S_INTRODUCES_FEATURE,CAMERA_2,price,This one costs $1341.,15~20
87,9,NONE,['CAMERA_2'],"{'CAMERA_1': [], 'CAMERA_2': ['resolution', 'price'], 'CAMERA_3': []}",C_THANK_YOU,CAMERA_2,NONE,thank you for your help,S_THANK_YOU,CAMERA_2,NONE,thank you very much,
87,10,NONE,['CAMERA_2'],"{'CAMERA_1': [], 'CAMERA_2': ['resolution', 'price'], 'CAMERA_3': []}",C_LEAVES,DOOR,NONE,,S_RETURNS_TO_COUNTER,SERVICE_COUNTER,NONE,,
88,1,NONE,[],"{'CAMERA_1': [], 'CAMERA_2': [], 'CAMERA_3': []}",C_ENTERS,DOOR,NONE,,S_NONE,SERVICE_COUNTER,NONE,,
88,2,NONE,[],"{'CAMERA_1': [], 'CAMERA_2': [], 'CAMERA_3': []}",C_GREETS,MIDDLE,NONE,hello,S_GREETS,MIDDLE,NONE,can I help you?,
88,3,CAMERA_2,['CAMERA_2'],"{'CAMERA_1': [], 'CAMERA_2': [], 'CAMERA_3': []}",C_LOOKING_FOR_A_CAMERA,MIDDLE,NONE,I'm looking for a camera,S_INTRODUCES_CAMERA,CAMERA_2,,Let me show you this. Here we have the Sony Alpha a6000.,39~55
88,4,CAMERA_2,['CAMERA_2'],"{'CAMERA_1': [], 'CAMERA_2': ['long_exposure'], 'CAMERA_3': []}",C_QUESTION_ABOUT_FEATURE,CAMERA_2,long_exposure,can it take long exposure shots,S_ANSWERS_QUESTION_ABOUT_FEATURE,CAMERA_2,long_exposure,This one can take long exposures up to up to 30 seconds.,39~55
88,5,CAMERA_2,['CAMERA_2'],"{'CAMERA_1': [], 'CAMERA_2': ['long_exposure', 'color'], 'CAMERA_3': []}",C_QUESTION_ABOUT_FEATURE,CAMERA_2,color,what colors does this one come in,S_ANSWERS_QUESTION_ABOUT_FEATURE,CAMERA_2,color,"This one comes in white, silver, black.",18~38
88,6,CAMERA_2,['CAMERA_2'],"{'CAMERA_1': [], 'CAMERA_2': ['long_exposure', 'color', 'ISO'], 'CAMERA_3': []}",C_SILENT_OR_BACKCHANNEL,CAMERA_2,NONE,alright,S_INTRODUCES_FEATURE,CAMERA_2,ISO,This one has up to 3200 ISO with little noise.,13~45
88,7,CAMERA_2,['CAMERA_2'],"{'CAMERA_1': [], 'CAMERA_2': ['long_exposure', 'color', 'ISO', 'sensor_size'], 'CAMERA_3': []}",C_SILENT_OR_BACKCHANNEL,CAMERA_2,NONE,alright,S_INTRODUCES_FEATURE,CAMERA_2,sensor_size,This one has a APS-C sensor (crop sensor).,15~41
88,8,CAMERA_2,['CAMERA_2'],"{'CAMERA_1': [], 'CAMERA_2': ['long_exposure', 'color', 'ISO', 'sensor_size', 'preset_modes'], 'CAMERA_3': []}",C_QUESTION_ABOUT_FEATURE,CAMERA_2,preset_modes,does it have preset modes,S_ANSWERS_QUESTION_ABOUT_FEATURE,CAMERA_2,preset_modes,"This one has 9 preset modes (e.g. beach, snow, night, portrait).",13~63
88,9,CAMERA_2,['CAMERA_2'],"{'CAMERA_1': [], 'CAMERA_2': ['long_exposure', 'color', 'ISO', 'sensor_size', 'preset_modes', 'autofocus_points'], 'CAMERA_3': []}",C_QUESTION_ABOUT_FEATURE,CAMERA_2,autofocus_points,how many autofocus points does it have,S_ANSWERS_QUESTION_ABOUT_FEATURE,CAMERA_2,autofocus_points,This one has 179 autofocus points.,13~33
88,10,CAMERA_2,['CAMERA_2'],"{'CAMERA_1': [], 'CAMERA_2': ['long_exposure', 'color', 'ISO', 'sensor_size', 'preset_modes', 'autofocus_points', 'camera_type'], 'CAMERA_3': []}",C_QUESTION_ABOUT_FEATURE,CAMERA_2,camera_type,what kind of camera is this,S_ANSWERS_QUESTION_ABOUT_FEATURE,CAMERA_2,camera_type,This is a mirrorless camera.,10~20
88,11,CAMERA_2,['CAMERA_2'],"{'CAMERA_1': [], 'CAMERA_2': ['long_exposure', 'color', 'ISO', 'sensor_size', 'preset_modes', 'autofocus_points', 'camera_type', 'effects'], 'CAMERA_3': []}",C_QUESTION_ABOUT_FEATURE,CAMERA_2,effects,does it have any effect modes,S_ANSWERS_QUESTION_ABOUT_FEATURE,CAMERA_2,effects,"This one has 13 artistic effect modes (e.g. toy camera, soft focus).",13~67
88,12,CAMERA_2,['CAMERA_2'],"{'CAMERA_1': [], 'CAMERA_2': ['long_exposure', 'color', 'ISO', 'sensor_size', 'preset_modes', 'autofocus_points', 'camera_type', 'effects', 'settings'], 'CAMERA_3': []}",C_QUESTION_ABOUT_FEATURE,CAMERA_2,settings,what kind of settings does it have,S_ANSWERS_QUESTION_ABOUT_FEATURE,CAMERA_2,settings,This one has full manual control.,13~32
88,13,CAMERA_2,['CAMERA_2'],"{'CAMERA_1': [], 'CAMERA_2': ['long_exposure', 'color', 'ISO', 'sensor_size', 'preset_modes', 'autofocus_points', 'camera_type', 'effects', 'settings', 'price'], 'CAMERA_3': []}",C_QUESTION_ABOUT_FEATURE,CAMERA_2,price,how much does it cost,S_ANSWERS_QUESTION_ABOUT_FEATURE,CAMERA_2,price,This one costs $1341.,15~20
88,14,CAMERA_2,['CAMERA_2'],"{'CAMERA_1': [], 'CAMERA_2': ['long_exposure', 'color', 'ISO', 'sensor_size', 'preset_modes', 'autofocus_points', 'camera_type', 'effects', 'settings', 'price', 'weight'], 'CAMERA_3': []}",C_QUESTION_ABOUT_FEATURE,CAMERA_2,weight,how much does this one weigh,S_ANSWERS_QUESTION_ABOUT_FEATURE,CAMERA_2,weight,This one weighs 470 grams.,16~25
88,15,CAMERA_2,['CAMERA_2'],"{'CAMERA_1': [], 'CAMERA_2': ['long_exposure', 'color', 'ISO', 'sensor_size', 'preset_modes', 'autofocus_points', 'camera_type', 'effects', 'settings', 'price', 'weight', 'resolution'], 'CAMERA_3': []}",C_QUESTION_ABOUT_FEATURE,CAMERA_2,resolution,what is the resolution,S_NOT_SURE,CAMERA_2,,I'm not really sure about that,
88,16,CAMERA_2,['CAMERA_2'],"{'CAMERA_1': [], 'CAMERA_2': ['long_exposure', 'color', 'ISO', 'sensor_size', 'preset_modes', 'autofocus_points', 'camera_type', 'effects', 'settings', 'price', 'weight', 'resolution', 'ISO'], 'CAMERA_3': []}",C_SILENT_OR_BACKCHANNEL,CAMERA_2,NONE,okay,S_INTRODUCES_FEATURE,CAMERA_2,ISO,This one has up to 3200 ISO with little noise.,13~45
88,17,CAMERA_3,"['CAMERA_2', 'CAMERA_3']","{'CAMERA_1': [], 'CAMERA_2': ['long_exposure', 'color', 'ISO', 'sensor_size', 'preset_modes', 'autofocus_points', 'camera_type', 'effects', 'settings', 'price', 'weight', 'resolution', 'ISO'], 'CAMERA_3': []}",C_ANYTHING_ELSE_AVAILABLE,CAMERA_2,NONE,ok do you have any other cameras,S_INTRODUCES_CAMERA,CAMERA_3,,Let me show you this. Here we have the Canon EOS 5D Mark III.,39~60
88,18,CAMERA_3,"['CAMERA_2', 'CAMERA_3']","{'CAMERA_1': [], 'CAMERA_2': ['long_exposure', 'color', 'ISO', 'sensor_size', 'preset_modes', 'autofocus_points', 'camera_type', 'effects', 'settings', 'price', 'weight', 'resolution', 'ISO'], 'CAMERA_3': ['sensor_size']}",C_QUESTION_ABOUT_FEATURE,CAMERA_3,sensor_size,what is the sensor size,S_ANSWERS_QUESTION_ABOUT_FEATURE,CAMERA_3,sensor_size,This one has a full frame.,15~25
88,19,CAMERA_3,"['CAMERA_2', 'CAMERA_3']","{'CAMERA_1': [], 'CAMERA_2': ['long_exposure', 'color', 'ISO', 'sensor_size', 'preset_modes', 'autofocus_points', 'camera_type', 'effects', 'settings', 'price', 'weight', 'resolution', 'ISO'], 'CAMERA_3': ['sensor_size', 'preset_modes']}",C_QUESTION_ABOUT_FEATURE,CAMERA_3,preset_modes,does it have preset modes,S_NOT_SURE,CAMERA_3,,I'm not really sure about that,
88,20,CAMERA_3,"['CAMERA_2', 'CAMERA_3']","{'CAMERA_1': [], 'CAMERA_2': ['long_exposure', 'color', 'ISO', 'sensor_size', 'preset_modes', 'autofocus_points', 'camera_type', 'effects', 'settings', 'price', 'weight', 'resolution', 'ISO'], 'CAMERA_3': ['sensor_size', 'preset_modes', 'long_exposure']}",C_QUESTION_ABOUT_FEATURE,CAMERA_3,long_exposure,can it take long exposure shots,S_ANSWERS_QUESTION_ABOUT_FEATURE,CAMERA_3,long_exposure,"This one can take long exposures up to up to 30 seconds, bulb mode: expose as long as you want.",39~94
88,21,CAMERA_3,"['CAMERA_2', 'CAMERA_3']","{'CAMERA_1': [], 'CAMERA_2': ['long_exposure', 'color', 'ISO', 'sensor_size', 'preset_modes', 'autofocus_points', 'camera_type', 'effects', 'settings', 'price', 'weight', 'resolution', 'ISO'], 'CAMERA_3': ['sensor_size', 'preset_modes', 'long_exposure', 'optical_zoom']}",C_QUESTION_ABOUT_FEATURE,CAMERA_3,optical_zoom,does it have optical zoom,S_NOT_SURE,CAMERA_3,,I'm not really sure about that,
88,22,CAMERA_3,"['CAMERA_2', 'CAMERA_3']","{'CAMERA_1': [], 'CAMERA_2': ['long_exposure', 'color', 'ISO', 'sensor_size', 'preset_modes', 'autofocus_points', 'camera_type', 'effects', 'settings', 'price', 'weight', 'resolution', 'ISO'], 'CAMERA_3': ['sensor_size', 'preset_modes', 'long_exposure', 'optical_zoom', 'camera_type']}",C_SILENT_OR_BACKCHANNEL,CAMERA_3,NONE,alright,S_INTRODUCES_FEATURE,CAMERA_3,camera_type,This is a DSLR camera.,10~14
88,23,CAMERA_3,"['CAMERA_2', 'CAMERA_3']","{'CAMERA_1': [], 'CAMERA_2': ['long_exposure', 'color', 'ISO', 'sensor_size', 'preset_modes', 'autofocus_points', 'camera_type', 'effects', 'settings', 'price', 'weight', 'resolution', 'ISO'], 'CAMERA_3': ['sensor_size', 'preset_modes', 'long_exposure', 'optical_zoom', 'camera_type', 'settings']}",C_QUESTION_ABOUT_FEATURE,CAMERA_3,settings,what kind of settings does it have,S_ANSWERS_QUESTION_ABOUT_FEATURE,CAMERA_3,settings,This one has full manual control.,13~32
88,24,CAMERA_3,"['CAMERA_2', 'CAMERA_3']","{'CAMERA_1': [], 'CAMERA_2': ['long_exposure', 'color', 'ISO', 'sensor_size', 'preset_modes', 'autofocus_points', 'camera_type', 'effects', 'settings', 'price', 'weight', 'resolution', 'ISO'], 'CAMERA_3': ['sensor_size', 'preset_modes', 'long_exposure', 'optical_zoom', 'camera_type', 'settings', 'ISO']}",C_QUESTION_ABOUT_FEATURE,CAMERA_3,ISO,what is the ISO,S_ANSWERS_QUESTION_ABOUT_FEATURE,CAMERA_3,ISO,This one has up to 6400 ISO with little noise.,13~45
88,25,CAMERA_3,"['CAMERA_2', 'CAMERA_3']","{'CAMERA_1': [], 'CAMERA_2': ['long_exposure', 'color', 'ISO', 'sensor_size', 'preset_modes', 'autofocus_points', 'camera_type', 'effects', 'settings', 'price', 'weight', 'resolution', 'ISO'], 'CAMERA_3': ['sensor_size', 'preset_modes', 'long_exposure', 'optical_zoom', 'camera_type', 'settings', 'ISO', 'color']}",C_QUESTION_ABOUT_FEATURE,CAMERA_3,color,what colors does this one come in,S_ANSWERS_QUESTION_ABOUT_FEATURE,CAMERA_3,color,This one comes in black.,18~23
88,26,CAMERA_3,"['CAMERA_2', 'CAMERA_3']","{'CAMERA_1': [], 'CAMERA_2': ['long_exposure', 'color', 'ISO', 'sensor_size', 'preset_modes', 'autofocus_points', 'camera_type', 'effects', 'settings', 'price', 'weight', 'resolution', 'ISO'], 'CAMERA_3': ['sensor_size', 'preset_modes', 'long_exposure', 'optical_zoom', 'camera_type', 'settings', 'ISO', 'color', 'autofocus_points']}",C_QUESTION_ABOUT_FEATURE,CAMERA_3,autofocus_points,how many autofocus points does it have,S_ANSWERS_QUESTION_ABOUT_FEATURE,CAMERA_3,autofocus_points,This one has 61 autofocus points.,13~32
88,27,CAMERA_1,"['CAMERA_2', 'CAMERA_3', 'CAMERA_1']","{'CAMERA_1': [], 'CAMERA_2': ['long_exposure', 'color', 'ISO', 'sensor_size', 'preset_modes', 'autofocus_points', 'camera_type', 'effects', 'settings', 'price', 'weight', 'resolution', 'ISO'], 'CAMERA_3': ['sensor_size', 'preset_modes', 'long_exposure', 'optical_zoom', 'camera_type', 'settings', 'ISO', 'color', 'autofocus_points']}",C_ANYTHING_ELSE_AVAILABLE,CAMERA_3,NONE,ok do you have any other cameras,S_INTRODUCES_CAMERA,CAMERA_1,,Let me show you this. Here we have the Nikon Coolpix S2800.,39~58
88,28,CAMERA_1,"['CAMERA_2', 'CAMERA_3', 'CAMERA_1']","{'CAMERA_1': ['price'], 'CAMERA_2': ['long_exposure', 'color', 'ISO', 'sensor_size', 'preset_modes', 'autofocus_points', 'camera_type', 'effects', 'settings', 'price', 'weight', 'resolution', 'ISO'], 'CAMERA_3': ['sensor_size', 'preset_modes', 'long_exposure', 'optical_zoom', 'camera_type', 'settings', 'ISO', 'color', 'autofocus_points']}",C_SILENT_OR_BACKCHANNEL,CAMERA_1,NONE,alright,S_INTRODUCES_FEATURE,CAMERA_1,price,This one costs $2173.,15~20
88,29,CAMERA_1,"['CAMERA_2', 'CAMERA_3', 'CAMERA_1']","{'CAMERA_1': ['price', 'autofocus_points'], 'CAMERA_2': ['long_exposure', 'color', 'ISO', 'sensor_size', 'preset_modes', 'autofocus_points', 'camera_type', 'effects', 'settings', 'price', 'weight', 'resolution', 'ISO'], 'CAMERA_3': ['sensor_size', 'preset_modes', 'long_exposure', 'optical_zoom', 'camera_type', 'settings', 'ISO', 'color', 'autofocus_points']}",C_QUESTION_ABOUT_FEATURE,CAMERA_1,autofocus_points,how many autofocus points does it have,S_NOT_SURE,CAMERA_1,,I'm not really sure about that,
88,30,CAMERA_1,"['CAMERA_2', 'CAMERA_3', 'CAMERA_1']","{'CAMERA_1': ['price', 'autofocus_points', 'settings'], 'CAMERA_2': ['long_exposure', 'color', 'ISO', 'sensor_size', 'preset_modes', 'autofocus_points', 'camera_type', 'effects', 'settings', 'price', 'weight', 'resolution', 'ISO'], 'CAMERA_3': ['sensor_size', 'preset_modes', 'long_exposure', 'optical_zoom', 'camera_type', 'settings', 'ISO', 'color', 'autofocus_points']}",C_SILENT_OR_BACKCHANNEL,CAMERA_1,NONE,alright,S_INTRODUCES_FEATURE,CAMERA_1,settings,This one has limited manual settings.,13~36
88,31,NONE,"['CAMERA_2', 'CAMERA_3', 'CAMERA_1']","{'CAMERA_1': ['price', 'autofocus_points', 'settings'], 'CAMERA_2': ['long_exposure', 'color', 'ISO', 'sensor_size', 'preset_modes', 'autofocus_points', 'camera_type', 'effects', 'settings', 'price', 'weight', 'resolution', 'ISO'], 'CAMERA_3': ['sensor_size', 'preset_modes', 'long_exposure', 'optical_zoom', 'camera_type', 'settings', 'ISO', 'color', 'autofocus_points']}",C_THANK_YOU,CAMERA_1,NONE,thank you for your help,S_THANK_YOU,CAMERA_1,NONE,thank you very much,
88,32,NONE,"['CAMERA_2', 'CAMERA_3', 'CAMERA_1']","{'CAMERA_1': ['price', 'autofocus_points', 'settings'], 'CAMERA_2': ['long_exposure', 'color', 'ISO', 'sensor_size', 'preset_modes', 'autofocus_points', 'camera_type', 'effects', 'settings', 'price', 'weight', 'resolution', 'ISO'], 'CAMERA_3': ['sensor_size', 'preset_modes', 'long_exposure', 'optical_zoom', 'camera_type', 'settings', 'ISO', 'color', 'autofocus_points']}",C_LEAVES,DOOR,NONE,,S_RETURNS_TO_COUNTER,SERVICE_COUNTER,NONE,,
89,1,NONE,[],"{'CAMERA_1': [], 'CAMERA_2': [], 'CAMERA_3': []}",C_ENTERS,DOOR,NONE,,S_NONE,SERVICE_COUNTER,NONE,,
89,2,NONE,[],"{'CAMERA_1': [], 'CAMERA_2': [], 'CAMERA_3': []}",C_WALKS_TO_CAMERA,CAMERA_2,NONE,,S_NONE,SERVICE_COUNTER,NONE,,
89,3,NONE,[],"{'CAMERA_1': [], 'CAMERA_2': [], 'CAMERA_3': []}",C_EXAMINES_CAMERA,CAMERA_2,NONE,,S_GREETS,CAMERA_2,NONE,can I help you?,
89,4,CAMERA_3,['CAMERA_3'],"{'CAMERA_1': [], 'CAMERA_2': [], 'CAMERA_3': []}",C_LOOKING_FOR_A_CAMERA,CAMERA_2,NONE,I'm looking for a camera,S_INTRODUCES_CAMERA,CAMERA_3,,Let me show you this. Here we have the Canon EOS 5D Mark III.,39~60
89,5,CAMERA_3,['CAMERA_3'],"{'CAMERA_1': [], 'CAMERA_2': [], 'CAMERA_3': ['settings']}",C_SILENT_OR_BACKCHANNEL,CAMERA_3,NONE,alright,S_INTRODUCES_FEATURE,CAMERA_3,settings,This one has full manual control.,13~32
89,6,CAMERA_3,['CAMERA_3'],"{'CAMERA_1': [], 'CAMERA_2': [], 'CAMERA_3': ['settings', 'weight']}",C_QUESTION_ABOUT_FEATURE,CAMERA_3,weight,how much does this one weigh,S_ANSWERS_QUESTION_ABOUT_FEATURE,CAMERA_3,weight,This one weighs 950 grams (only body).,16~37
89,7,CAMERA_3,['CAMERA_3'],"{'CAMERA_1': [], 'CAMERA_2': [], 'CAMERA_3': ['settings', 'weight', 'sensor_size']}",C_SILENT_OR_BACKCHANNEL,CAMERA_3,NONE,okay,S_INTRODUCES_FEATURE,CAMERA_3,sensor_size,This one has a full frame.,15~25
89,8,NONE,['CAMERA_3'],"{'CAMERA_1': [], 'CAMERA_2': [], 'CAMERA_3': ['settings', 'weight', 'sensor_size']}",C_THANK_YOU,CAMERA_3,NONE,thank you for your help,S_THANK_YOU,CAMERA_3,NONE,thank you very much,
89,9,NONE,['CAMERA_3'],"{'CAMERA_1': [], 'CAMERA_2': [], 'CAMERA_3': ['settings', 'weight', 'sensor_size']}",C_LEAVES,DOOR,NONE,,S_RETURNS_TO_COUNTER,SERVICE_COUNTER,NONE,,
90,1,NONE,[],"{'CAMERA_1': [], 'CAMERA_2': [], 'CAMERA_3': []}",C_ENTERS,DOOR,NONE,,S_NONE,SERVICE_COUNTER,NONE,,
90,2,NONE,[],"{'CAMERA_1': [], 'CAMERA_2': [], 'CAMERA_3': []}",C_WALKS_TO_CAMERA,CAMERA_2,NONE,,S_NONE,SERVICE_COUNTER,NONE,,
90,3,CAMERA_2,['CAMERA_2'],"{'CAMERA_1': [], 'CAMERA_2': ['effects'], 'CAMERA_3': []}",C_QUESTION_ABOUT_FEATURE,CAMERA_2,effects,does it have any effect modes,S_ANSWERS_QUESTION_ABOUT_FEATURE,CAMERA_2,effects,"This one has 13 artistic effect modes (e.g. toy camera, soft focus).",13~67
90,4,CAMERA_2,['CAMERA_2'],"{'CAMERA_1': [], 'CAMERA_2': ['effects', 'sensor_size'], 'CAMERA_3': []}",C_SILENT_OR_BACKCHANNEL,CAMERA_2,NONE,alright,S_INTRODUCES_FEATURE,CAMERA_2,sensor_size,This one has a APS-C sensor (crop sensor).,15~41
90,5,CAMERA_2,['CAMERA_2'],"{'CAMERA_1': [], 'CAMERA_2': ['effects', 'sensor_size', 'camera_type'], 'CAMERA_3': []}",C_QUESTION_ABOUT_FEATURE,CAMERA_2,camera_type,what kind of camera is this,S_ANSWERS_QUESTION_ABOUT_FEATURE,CAMERA_2,camera_type,This is a mirrorless camera.,10~20
90,6,CAMERA_1,"['CAMERA_2', 'CAMERA_1']","{'CAMERA_1': [], 'CAMERA_2': ['effects', 'sensor_size', 'camera_type'], 'CAMERA_3': []}",C_ANYTHING_ELSE_AVAILABLE,CAMERA_2,NONE,ok do you have any other cameras,S_INTRODUCES_CAMERA,CAMERA_1,,Let me show you this. Here we have the Nikon Coolpix S2800.,39~58
90,7,CAMERA_1,"['CAMERA_2', 'CAMERA_1']","{'CAMERA_1': ['autofocus_points'], 'CAMERA_2': ['effects', 'sensor_size', 'camera_type'], 'CAMERA_3': []}",C_QUESTION_ABOUT_FEATURE,CAMERA_1,autofocus_points,how many autofocus points does it have,S_NOT_SURE,CAMERA_1,,I'm not really sure about that,
90,8,CAMERA_1,"['CAMERA_2', 'CAMERA_1']","{'CAMERA_1': ['autofocus_points', 'sensor_size'], 'CAMERA_2': ['effects', 'sensor_size', 'camera_type'], 'CAMERA_3': []}",C_QUESTION_ABOUT_FEATURE,CAMERA_1,sensor_size,what is the sensor size,S_NOT_SURE,CAMERA_1,,I'm not really sure about that,
90,9,CAMERA_1,"['CAMERA_2', 'CAMERA_1']","{'CAMERA_1': ['autofocus_points', 'sensor_size', 'resolution'], 'CAMERA_2': ['effects', 'sensor_size', 'camera_type'], 'CAMERA_3': []}",C_QUESTION_ABOUT_FEATURE,CAMERA_1,resolution,what is the resolution,S_ANSWERS_QUESTION_ABOUT_FEATURE,CAMERA_1,resolution,This one has 20.1 megapixels resolution.,13~28
90,10,CAMERA_1,"['CAMERA_2', 'CAMERA_1']","{'CAMERA_1': ['autofocus_points', 'sensor_size', 'resolution', 'effects'], 'CAMERA_2': ['effects', 'sensor_size', 'camera_type'], 'CAMERA_3': []}",C_QUESTION_ABOUT_FEATURE,CAMERA_1,effects,does it have any effect modes,S_ANSWERS_QUESTION_ABOUT_FEATURE,CAMERA_1,effects,"This one has 12 glamor retouch effects (e.g. skin softening, small face, big eyes).",13~82
90,11,NONE,"['CAMERA_2', 'CAMERA_1']","{'CAMERA_1': ['autofocus_points', 'sensor_size', 'resolution', 'effects'], 'CAMERA_2': ['effects', 'sensor_size', 'camera_type'], 'CAMERA_3': []}",C_THANK_YOU,CAMERA_1,NONE,thank you for your help,S_THANK_YOU,CAMERA_1,NONE,thank you very much,
90,12,NONE,"['CAMERA_2', 'CAMERA_1']","{'CAMERA_1': ['autofocus_points', 'sensor_size', 'resolution', 'effects'], 'CAMERA_2': ['effects', 'sensor_size', 'camera_type'], 'CAMERA_3': []}",C_LEAVES,DOOR,NONE,,S_RETURNS_TO_COUNTER,SERVICE_COUNTER,NONE,,
91,1,NONE,[],"{'CAMERA_1': [], 'CAMERA_2': [], 'CAMERA_3': []}",C_ENTERS,DOOR,NONE,,S_NONE,SERVICE_COUNTER,NONE,,
91,2,NONE,[],"{'CAMERA_1': [], 'CAMERA_2': [], 'CAMERA_3': []}",C_WALKS_TO_CAMERA,CAMERA_2,NONE,,S_GREETS,CAMERA_2,NONE,can I help you?,
91,3,CAMERA_3,['CAMERA_3'],"{'CAMERA_1': [], 'CAMERA_2': [], 'CAMERA_3': []}",C_LOOKING_FOR_A_CAMERA,CAMERA_2,NONE,I'm looking for a camera,S_INTRODUCES_CAMERA,CAMERA_3,,Let me show you this. Here we have the Canon EOS 5D Mark III.,39~60
91,4,CAMERA_3,['CAMERA_3'],"{'CAMERA_1': [], 'CAMERA_2': [], 'CAMERA_3': ['price']}",C_QUESTION_ABOUT_FEATURE,CAMERA_3,price,how much does it cost,S_ANSWERS_QUESTION_ABOUT_FEATURE,CAMERA_3,price,This one costs $3706.,15~20
91,5,CAMERA_2,"['CAMERA_3', 'CAMERA_2']","{'CAMERA_1': [], 'CAMERA_2': [], 'CAMERA_3': ['price']}",C_ANYTHING_ELSE_AVAILABLE,CAMERA_3,NONE,ok do you have any other cameras,S_INTRODUCES_CAMERA,CAMERA_2,,Let me show you this. Here we have the Sony Alpha a6000.,39~55
91,6,CAMERA_2,"['CAMERA_3', 'CAMERA_2']","{'CAMERA_1': [], 'CAMERA_2': ['autofocus_points'], 'CAMERA_3': ['price']}",C_QUESTION_ABOUT_FEATURE,CAMERA_2,autofocus_points,how many autofocus points does it have,S_ANSWERS_QUESTION_ABOUT_FEATURE,CAMERA_2,autofocus_points,This one has 179 autofocus points.,13~33
91,7,CAMERA_2,"['CAMERA_3', 'CAMERA_2']","{'CAMERA_1': [], 'CAMERA_2': ['autofocus_points', 'settings'], 'CAMERA_3': ['price']}",C_QUESTION_ABOUT_FEATURE,CAMERA_2,settings,what kind of settings does it have,S_ANSWERS_QUESTION_ABOUT_FEATURE,CAMERA_2,settings,This one has full manual control.,13~32
91,8,CAMERA_2,"['CAMERA_3', 'CAMERA_2']","{'CAMERA_1': [], 'CAMERA_2': ['autofocus_points', 'settings', 'optical_zoom'], 'CAMERA_3': ['price']}",C_QUESTION_ABOUT_FEATURE,CAMERA_2,optical_zoom,does it have optical zoom,S_NOT_SURE,CAMERA_2,,I'm not really sure about that,
91,9,CAMERA_2,"['CAMERA_3', 'CAMERA_2']","{'CAMERA_1': [], 'CAMERA_2': ['autofocus_points', 'settings', 'optical_zoom', 'ISO'], 'CAMERA_3': ['price']}",C_SILENT_OR_BACKCHANNEL,CAMERA_2,NONE,alright,S_INTRODUCES_FEATURE,CAMERA_2,ISO,This one has up to 3200 ISO with little noise.,13~45
91,10,CAMERA_2,"['CAMERA_3', 'CAMERA_2']","{'CAMERA_1': [], 'CAMERA_2': ['autofocus_points', 'settings', 'optical_zoom', 'ISO', 'color'], 'CAMERA_3': ['price']}",C_SILENT_OR_BACKCHANNEL,CAMERA_2,NONE,okay,S_INTRODUCES_FEATURE,CAMERA_2,color,"This one comes in white, silver, black.",18~38
91,11,CAMERA_2,"['CAMERA_3', 'CAMERA_2']","{'CAMERA_1': [], 'CAMERA_2': ['autofocus_points', 'settings', 'optical_zoom', 'ISO', 'color', 'camera_type'], 'CAMERA_3': ['price']}",C_SILENT_OR_BACKCHANNEL,CAMERA_2,NONE,alright,S_INTRODUCES_FEATURE,CAMERA_2,camera_type,This is a mirrorless camera.,10~20
91,12,CAMERA_2,"['CAMERA_3', 'CAMERA_2']","{'CAMERA_1': [], 'CAMERA_2': ['autofocus_points', 'settings', 'optical_zoom', 'ISO', 'color', 'camera_type', 'preset_modes'], 'CAMERA_3': ['price']}",C_SILENT_OR_BACKCHANNEL,CAMERA_2,NONE,okay,S_INTRODUCES_FEATURE,CAMERA_2,preset_modes,"This one has 9 preset modes (e.g. beach, snow, night, portrait).",13~63
91,13,CAMERA_2,"['CAMERA_3', 'CAMERA_2']","{'CAMERA_1': [], 'CAMERA_2': ['autofocus_points', 'settings', 'optical_zoom', 'ISO', 'color', 'camera_type', 'preset_modes', 'price'], 'CAMERA_3': ['price']}",C_SILENT_OR_BACKCHANNEL,CAMERA_2,NONE,I see,S_INTRODUCES_FEATURE,CAMERA_2,price,This one costs $1341.,15~20
91,14,CAMERA_2,"['CAMERA_3', 'CAMERA_2']","{'CAMERA_1': [], 'CAMERA_2': ['autofocus_points', 'settings', 'optical_zoom', 'ISO', 'color', 'camera_type', 'preset_modes', 'price', 'sensor_size'], 'CAMERA_3': ['price']}",C_SILENT_OR_BACKCHANNEL,CAMERA_2,NONE,I see,S_INTRODUCES_FEATURE,CAMERA_2,sensor_size,This one has a APS-C sensor (crop sensor).,15~41
91,15,NONE,"['CAMERA_3', 'CAMERA_2']","{'CAMERA_1': [], 'CAMERA_2': ['autofocus_points', 'settings', 'optical_zoom', 'ISO', 'color', 'camera_type', 'preset_modes', 'price', 'sensor_size'], 'CAMERA_3': ['price']}",C_THANK_YOU,CAMERA_2,NONE,thank you for your help,S_THANK_YOU,CAMERA_2,NONE,thank you very much,
91,16,NONE,"['CAMERA_3', 'CAMERA_2']","{'CAMERA_1': [], 'CAMERA_2': ['autofocus_points', 'settings', 'optical_zoom', 'ISO', 'color', 'camera_type', 'preset_modes', 'price', 'sensor_size'], 'CAMERA_3': ['price']}",C_LEAVES,DOOR,NONE,,S_RETURNS_TO_COUNTER,SERVICE_COUNTER,NONE,,
92,1,NONE,[],"{'CAMERA_1': [], 'CAMERA_2': [], 'CAMERA_3': []}",C_ENTERS,DOOR,NONE,,S_NONE,SERVICE_COUNTER,NONE,,
92,2,NONE,[],"{'CAMERA_1': [], 'CAMERA_2': [], 'CAMERA_3': []}",C_GREETS,MIDDLE,NONE,hello,S_GREETS,MIDDLE,NONE,can I help you?,
92,3,CAMERA_1,['CAMERA_1'],"{'CAMERA_1': [], 'CAMERA_2': [], 'CAMERA_3': []}",C_LOOKING_FOR_A_CAMERA,MIDDLE,NONE,I'm looking for a camera,S_INTRODUCES_CAMERA,CAMERA_1,,Let me show you this. Here we have the Nikon Coolpix S2800.,39~58
92,4,CAMERA_1,['CAMERA_1'],"{'CAMERA_1': ['sensor_size'], 'CAMERA_2': [], 'CAMERA_3': []}",C_QUESTION_ABOUT_FEATURE,CAMERA_1,sensor_size,what is the sensor size,S_NOT_SURE,CAMERA_1,,I'm not really sure about that,
92,5,CAMERA_1,['CAMERA_1'],"{'CAMERA_1': ['sensor_size', 'effects'], 'CAMERA_2': [], 'CAMERA_3': []}",C_SILENT_OR_BACKCHANNEL,CAMERA_1,NONE,alright,S_INTRODUCES_FEATURE,CAMERA_1,effects,"This one has 12 glamor retouch effects (e.g. skin softening, small face, big eyes).",13~82
92,6,CAMERA_1,['CAMERA_1'],"{'CAMERA_1': ['sensor_size', 'effects', 'optical_zoom'], 'CAMERA_2': [], 'CAMERA_3': []}",C_SILENT_OR_BACKCHANNEL,CAMERA_1,NONE,I see,S_INTRODUCES_FEATURE,CAMERA_1,optical_zoom,This one has 5x optical zoom.,13~28
92,7,CAMERA_3,"['CAMERA_1', 'CAMERA_3']","{'CAMERA_1': ['sensor_size', 'effects', 'optical_zoom'], 'CAMERA_2': [], 'CAMERA_3': []}",C_ANYTHING_ELSE_AVAILABLE,CAMERA_1,NONE,ok do you have any other cameras,S_INTRODUCES_CAMERA,CAMERA_3,,Let me show you this. Here we have the Canon EOS 5D Mark III.,39~60
92,8,CAMERA_3,"['CAMERA_1', 'CAMERA_3']","{'CAMERA_1': ['sensor_size', 'effects', 'optical_zoom'], 'CAMERA_2': [], 'CAMERA_3': ['ISO']}",C_SILENT_OR_BACKCHANNEL,CAMERA_3,NONE,okay,S_INTRODUCES_FEATURE,CAMERA_3,ISO,This one has up to 6400 ISO with little noise.,13~45
92,9,CAMERA_3,"['CAMERA_1', 'CAMERA_3']","{'CAMERA_1': ['sensor_size', 'effects', 'optical_zoom'], 'CAMERA_2': [], 'CAMERA_3': ['ISO', 'autofocus_points']}",C_QUESTION_ABOUT_FEATURE,CAMERA_3,autofocus_points,how many autofocus points does it have,S_ANSWERS_QUESTION_ABOUT_FEATURE,CAMERA_3,autofocus_points,This one has 61 autofocus points.,13~32
92,10,NONE,"['CAMERA_1', 'CAMERA_3']","{'CAMERA_1': ['sensor_size', 'effects', 'optical_zoom'], 'CAMERA_2': [], 'CAMERA_3': ['ISO', 'autofocus_points']}",C_THANK_YOU,CAMERA_3,NONE,thank you for your help,S_THANK_YOU,CAMERA_3,NONE,thank you very much,
92,11,NONE,"['CAMERA_1', 'CAMERA_3']","{'CAMERA_1': ['sensor_size', 'effects', 'optical_zoom'], 'CAMERA_2': [], 'CAMERA_3': ['ISO', 'autofocus_points']}",C_LEAVES,DOOR,NONE,,S_RETURNS_TO_COUNTER,SERVICE_COUNTER,NONE,,
93,1,NONE,[],"{'CAMERA_1': [], 'CAMERA_2': [], 'CAMERA_3': []}",C_ENTERS,DOOR,NONE,,S_NONE,SERVICE_COUNTER,NONE,,
93,2,NONE,[],"{'CAMERA_1': [], 'CAMERA_2': [], 'CAMERA_3': []}",C_WALKS_TO_CAMERA,CAMERA_3,NONE,,S_GREETS,CAMERA_3,NONE,can I help you?,
93,3,CAMERA_3,['CAMERA_3'],"{'CAMERA_1': [], 'CAMERA_2': [], 'CAMERA_3': []}",C_LOOKING_FOR_A_CAMERA,CAMERA_3,NONE,I'm looking for a camera,S_INTRODUCES_CAMERA,CAMERA_3,,Let me show you this. Here we have the Canon EOS 5D Mark III.,39~60
93,4,CAMERA_3,['CAMERA_3'],"{'CAMERA_1': [], 'CAMERA_2': [], 'CAMERA_3': ['long_exposure']}",C_SILENT_OR_BACKCHANNEL,CAMERA_3,NONE,I see,S_INTRODUCES_FEATURE,CAMERA_3,long_exposure,"This one can take long exposures up to up to 30 seconds, bulb mode: expose as long as you want.",39~94
93,5,CAMERA_3,['CAMERA_3'],"{'CAMERA_1': [], 'CAMERA_2': [], 'CAMERA_3': ['long_exposure', 'weight']}",C_SILENT_OR_BACKCHANNEL,CAMERA_3,NONE,alright,S_INTRODUCES_FEATURE,CAMERA_3,weight,This one weighs 950 grams (only body).,16~37
93,6,CAMERA_3,['CAMERA_3'],"{'CAMERA_1': [], 'CAMERA_2': [], 'CAMERA_3': ['long_exposure', 'weight', 'ISO']}",C_QUESTION_ABOUT_FEATURE,CAMERA_3,ISO,what is the ISO,S_ANSWERS_QUESTION_ABOUT_FEATURE,CAMERA_3,ISO,This one has up to 6400 ISO with little noise.,13~45
93,7,CAMERA_3,['CAMERA_3'],"{'CAMERA_1': [], 'CAMERA_2': [], 'CAMERA_3': ['long_exposure', 'weight', 'ISO', 'autofocus_points']}",C_QUESTION_ABOUT_FEATURE,CAMERA_3,autofocus_points,how many autofocus points does it have,S_ANSWERS_QUESTION_ABOUT_FEATURE,CAMERA_3,autofocus_points,This one has 61 autofocus points.,13~32
93,8,CAMERA_3,['CAMERA_3'],"{'CAMERA_1': [], 'CAMERA_2': [], 'CAMERA_3': ['long_exposure', 'weight', 'ISO', 'autofocus_points', 'resolution']}",C_QUESTION_ABOUT_FEATURE,CAMERA_3,resolution,what is the resolution,S_NOT_SURE,CAMERA_3,,I'm not really sure about that,
93,9,CAMERA_2,"['CAMERA_3', 'CAMERA_2']","{'CAMERA_1': [], 'CAMERA_2': [], 'CAMERA_3': ['long_exposure', 'weight', 'ISO', 'autofocus_points', 'resolution']}",C_ANYTHING_ELSE_AVAILABLE,CAMERA_3,NONE,ok do you have any other cameras,S_INTRODUCES_CAMERA,CAMERA_2,,Let me show you this. Here we have the Sony Alpha a6000.,39~55
93,10,CAMERA_2,"['CAMERA_3', 'CAMERA_2']","{'CAMERA_1': [], 'CAMERA_2': ['settings'], 'CAMERA_3': ['long_exposure', 'weight', 'ISO', 'autofocus_points', 'resolution']}",C_QUESTION_ABOUT_FEATURE,CAMERA_2,settings,what kind of settings does it have,S_ANSWERS_QUESTION_ABOUT_FEATURE,CAMERA_2,settings,This one has full manual control.,13~32
93,11,CAMERA_2,"['CAMERA_3', 'CAMERA_2']","{'CAMERA_1': [], 'CAMERA_2': ['settings', 'optical_zoom'], 'CAMERA_3': ['long_exposure', 'weight', 'ISO', 'autofocus_points', 'resolution']}",C_QUESTION_ABOUT_FEATURE,CAMERA_2,optical_zoom,does it have optical zoom,S_NOT_SURE,CAMERA_2,,I'm not really sure about that,
93,12,CAMERA_2,"['CAMERA_3', 'CAMERA_2']","{'CAMERA_1': [], 'CAMERA_2': ['settings', 'optical_zoom', 'camera_type'], 'CAMERA_3': ['long_exposure', 'weight', 'ISO', 'autofocus_points', 'resolution']}",C_SILENT_OR_BACKCHANNEL,CAMERA_2,NONE,alright,S_INTRODUCES_FEATURE,CAMERA_2,camera_type,This is a mirrorless camera.,10~20
93,13,NONE,"['CAMERA_3', 'CAMERA_2']","{'CAMERA_1': [], 'CAMERA_2': ['settings', 'optical_zoom', 'camera_type'], 'CAMERA_3': ['long_exposure', 'weight', 'ISO', 'autofocus_points', 'resolution']}",C_THANK_YOU,CAMERA_2,NONE,thank you for your help,S_THANK_YOU,CAMERA_2,NONE,thank you very much,
93,14,NONE,"['CAMERA_3', 'CAMERA_2']","{'CAMERA_1': [], 'CAMERA_2': ['settings', 'optical_zoom', 'camera_type'], 'CAMERA_3': ['long_exposure', 'weight', 'ISO', 'autofocus_points', 'resolution']}",C_LEAVES,DOOR,NONE,,S_RETURNS_TO_COUNTER,SERVICE_COUNTER,NONE,,
94,1,NONE,[],"{'CAMERA_1': [], 'CAMERA_2': [], 'CAMERA_3': []}",C_ENTERS,DOOR,NONE,,S_NONE,SERVICE_COUNTER,NONE,,
94,2,NONE,[],"{'CAMERA_1': [], 'CAMERA_2': [], 'CAMERA_3': []}",C_GREETS,MIDDLE,NONE,hello,S_GREETS,MIDDLE,NONE,can I help you?,
94,3,CAMERA_3,['CAMERA_3'],"{'CAMERA_1': [], 'CAMERA_2': [], 'CAMERA_3': []}",C_LOOKING_FOR_A_CAMERA,MIDDLE,NONE,I'm looking for a camera,S_INTRODUCES_CAMERA,CAMERA_3,,Let me show you this. Here we have the Canon EOS 5D Mark III.,39~60
94,4,CAMERA_3,['CAMERA_3'],"{'CAMERA_1': [], 'CAMERA_2': [], 'CAMERA_3': ['long_exposure']}",C_QUESTION_ABOUT_FEATURE,CAMERA_3,long_exposure,can it take long exposure shots,S_ANSWERS_QUESTION_ABOUT_FEATURE,CAMERA_3,long_exposure,"This one can take long exposures up to up to 30 seconds, bulb mode: expose as long as you want.",39~94
94,5,CAMERA_3,['CAMERA_3'],"{'CAMERA_1': [], 'CAMERA_2': [], 'CAMERA_3': ['long_exposure', 'ISO']}",C_SILENT_OR_BACKCHANNEL,CAMERA_3,NONE,I see,S_INTRODUCES_FEATURE,CAMERA_3,ISO,This one has up to 6400 ISO with little noise.,13~45
94,6,CAMERA_3,['CAMERA_3'],"{'CAMERA_1': [], 'CAMERA_2': [], 'CAMERA_3': ['long_exposure', 'ISO', 'color']}",C_SILENT_OR_BACKCHANNEL,CAMERA_3,NONE,alright,S_INTRODUCES_FEATURE,CAMERA_3,color,This one comes in black.,18~23
94,7,CAMERA_3,['CAMERA_3'],"{'CAMERA_1': [], 'CAMERA_2': [], 'CAMERA_3': ['long_exposure', 'ISO', 'color', 'preset_modes']}",C_QUESTION_ABOUT_FEATURE,CAMERA_3,preset_modes,does it have preset modes,S_NOT_SURE,CAMERA_3,,I'm not really sure about that,
94,8,CAMERA_3,['CAMERA_3'],"{'CAMERA_1': [], 'CAMERA_2': [], 'CAMERA_3': ['long_exposure', 'ISO', 'color', 'preset_modes', 'resolution']}",C_QUESTION_ABOUT_FEATURE,CAMERA_3,resolution,what is the resolution,S_NOT_SURE,CAMERA_3,,I'm not really sure about that,
94,9,CAMERA_3,['CAMERA_3'],"{'CAMERA_1': [], 'CAMERA_2': [], 'CAMERA_3': ['long_exposure', 'ISO', 'color', 'preset_modes', 'resolution', 'optical_zoom']}",C_QUESTION_ABOUT_FEATURE,CAMERA_3,optical_zoom,does it have optical zoom,S_NOT_SURE,CAMERA_3,,I'm not really sure about that,
94,10,CAMERA_3,['CAMERA_3'],"{'CAMERA_1': [], 'CAMERA_2': [], 'CAMERA_3': ['long_exposure', 'ISO', 'color', 'preset_modes', 'resolution', 'optical_zoom', 'camera_type']}",C_SILENT_OR_BACKCHANNEL,CAMERA_3,NONE,alright,S_INTRODUCES_FEATURE,CAMERA_3,camera_type,This is a DSLR camera.,10~14
94,11,CAMERA_3,['CAMERA_3'],"{'CAMERA_1': [], 'CAMERA_2': [], 'CAMERA_3': ['long_exposure', 'ISO', 'color', 'preset_modes', 'resolution', 'optical_zoom', 'camera_type', 'price']}",C_SILENT_OR_BACKCHANNEL,CAMERA_3,NONE,alright,S_INTRODUCES_FEATURE,CAMERA_3,price,This one costs $3706.,15~20
94,12,CAMERA_3,['CAMERA_3'],"{'CAMERA_1': [], 'CAMERA_2': [], 'CAMERA_3': ['long_exposure', 'ISO', 'color', 'preset_modes', 'resolution', 'optical_zoom', 'camera_type', 'price', 'settings']}",C_SILENT_OR_BACKCHANNEL,CAMERA_3,NONE,I see,S_INTRODUCES_FEATURE,CAMERA_3,settings,This one has full manual control.,13~32
94,13,CAMERA_1,"['CAMERA_3', 'CAMERA_1']","{'CAMERA_1': [], 'CAMERA_2': [], 'CAMERA_3': ['long_exposure', 'ISO', 'color', 'preset_modes', 'resolution', 'optical_zoom', 'camera_type', 'price', 'settings']}",C_ANYTHING_ELSE_AVAILABLE,CAMERA_3,NONE,ok do you have any other cameras,S_INTRODUCES_CAMERA,CAMERA_1,,Let me show you this. Here we have the Nikon Coolpix S2800.,39~58
94,14,CAMERA_1,"['CAMERA_3', 'CAMERA_1']","{'CAMERA_1': ['settings'], 'CAMERA_2': [], 'CAMERA_3': ['long_exposure', 'ISO', 'color', 'preset_modes', 'resolution', 'optical_zoom', 'camera_type', 'price', 'settings']}",C_SILENT_OR_BACKCHANNEL,CAMERA_1,NONE,okay,S_INTRODUCES_FEATURE,CAMERA_1,settings,This one has limited manual settings.,13~36
94,15,CAMERA_1,"['CAMERA_3', 'CAMERA_1']","{'CAMERA_1': ['settings', 'camera_type'], 'CAMERA_2': [], 'CAMERA_3': ['long_exposure', 'ISO', 'color', 'preset_modes', 'resolution', 'optical_zoom', 'camera_type', 'price', 'settings']}",C_SILENT_OR_BACKCHANNEL,CAMERA_1,NONE,okay,S_INTRODUCES_FEATURE,CAMERA_1,camera_type,This is a point and shoot camera.,10~25
94,16,CAMERA_2,"['CAMERA_3', 'CAMERA_1', 'CAMERA_2']","{'CAMERA_1': ['settings', 'camera_type'], 'CAMERA_2': [], 'CAMERA_3': ['long_exposure', 'ISO', 'color', 'preset_modes', 'resolution', 'optical_zoom', 'camera_type', 'price', 'settings']}",C_ANYTHING_ELSE_AVAILABLE,CAMERA_1,NONE,ok do you have any other cameras,S_INTRODUCES_CAMERA,CAMERA_2,,Let me show you this. Here we have the Sony Alpha a6000.,39~55
94,17,CAMERA_2,"['CAMERA_3', 'CAMERA_1', 'CAMERA_2']","{'CAMERA_1': ['settings', 'camera_type'], 'CAMERA_2': ['effects'], 'CAMERA_3': ['long_exposure', 'ISO', 'color', 'preset_modes', 'resolution', 'optical_zoom', 'camera_type', 'price', 'settings']}",C_SILENT_OR_BACKCHANNEL,CAMERA_2,NONE,okay,S_INTRODUCES_FEATURE,CAMERA_2,effects,"This one has 13 artistic effect modes (e.g. toy camera, soft focus).",13~67
94,18,NONE,"['CAMERA_3', 'CAMERA_1', 'CAMERA_2']","{'CAMERA_1': ['settings', 'camera_type'], 'CAMERA_2': ['effects'], 'CAMERA_3': ['long_exposure', 'ISO', 'color', 'preset_modes', 'resolution', 'optical_zoom', 'camera_type', 'price', 'settings']}",C_THANK_YOU,CAMERA_2,NONE,thank you for your help,S_THANK_YOU,CAMERA_2,NONE,thank you very much,
94,19,NONE,"['CAMERA_3', 'CAMERA_1', 'CAMERA_2']","{'CAMERA_1': ['settings', 'camera_type'], 'CAMERA_2': ['effects'], 'CAMERA_3': ['long_exposure', 'ISO', 'color', 'preset_modes', 'resolution', 'optical_zoom', 'camera_type', 'price', 'settings']}",C_LEAVES,DOOR,NONE,,S_RETURNS_TO_COUNTER,SERVICE_COUNTER,NONE,,
95,1,NONE,[],"{'CAMERA_1': [], 'CAMERA_2': [], 'CAMERA_3': []}",C_ENTERS,DOOR,NONE,,S_NONE,SERVICE_COUNTER,NONE,,
95,2,NONE,[],"{'CAMERA_1': [], 'CAMERA_2': [], 'CAMERA_3': []}",C_GREETS,MIDDLE,NONE,hello,S_GREETS,MIDDLE,NONE,can I help you?,
95,3,CAMERA_2,['CAMERA_2'],"{'CAMERA_1': [], 'CAMERA_2': [], 'CAMERA_3': []}",C_LOOKING_FOR_A_CAMERA,MIDDLE,NONE,I'm looking for a camera,S_INTRODUCES_CAMERA,CAMERA_2,,Let me show you this. Here we have the Sony Alpha a6000.,39~55
95,4,CAMERA_2,['CAMERA_2'],"{'CAMERA_1': [], 'CAMERA_2': ['weight'], 'CAMERA_3': []}",C_QUESTION_ABOUT_FEATURE,CAMERA_2,weight,how much does this one weigh,S_ANSWERS_QUESTION_ABOUT_FEATURE,CAMERA_2,weight,This one weighs 470 grams.,16~25
95,5,CAMERA_2,['CAMERA_2'],"{'CAMERA_1': [], 'CAMERA_2': ['weight', 'long_exposure'], 'CAMERA_3': []}",C_SILENT_OR_BACKCHANNEL,CAMERA_2,NONE,okay,S_INTRODUCES_FEATURE,CAMERA_2,long_exposure,This one can take long exposures up to up to 30 seconds.,39~55
95,6,CAMERA_2,['CAMERA_2'],"{'CAMERA_1': [], 'CAMERA_2': ['weight', 'long_exposure', 'color'], 'CAMERA_3': []}",C_SILENT_OR_BACKCHANNEL,CAMERA_2,NONE,okay,S_INTRODUCES_FEATURE,CAMERA_2,color,"This one comes in white, silver, black.",18~38
95,7,CAMERA_2,['CAMERA_2'],"{'CAMERA_1': [], 'CAMERA_2': ['weight', 'long_exposure', 'color', 'settings'], 'CAMERA_3': []}",C_SILENT_OR_BACKCHANNEL,CAMERA_2,NONE,alright,S_INTRODUCES_FEATURE,CAMERA_2,settings,This one has full manual control.,13~32
95,8,CAMERA_2,['CAMERA_2'],"{'CAMERA_1': [], 'CAMERA_2': ['weight', 'long_exposure', 'color', 'settings', 'effects'], 'CAMERA_3': []}",C_QUESTION_ABOUT_FEATURE,CAMERA_2,effects,does it have any effect modes,S_ANSWERS_QUESTION_ABOUT_FEATURE,CAMERA_2,effects,"This one has 13 artistic effect modes (e.g. toy camera, soft focus).",13~67
95,9,CAMERA_2,['CAMERA_2'],"{'CAMERA_1': [], 'CAMERA_2': ['weight', 'long_exposure', 'color', 'settings', 'effects', 'ISO'], 'CAMERA_3': []}",C_QUESTION_ABOUT_FEATURE,CAMERA_2,ISO,what is the ISO,S_ANSWERS_QUESTION_ABOUT_FEATURE,CAMERA_2,ISO,This one has up to 3200 ISO with little noise.,13~45
95,10,CAMERA_2,['CAMERA_2'],"{'CAMERA_1': [], 'CAMERA_2': ['weight', 'long_exposure', 'color', 'settings', 'effects', 'ISO', 'preset_modes'], 'CAMERA_3': []}",C_QUESTION_ABOUT_FEATURE,CAMERA_2,preset_modes,does it have preset modes,S_ANSWERS_QUESTION_ABOUT_FEATURE,CAMERA_2,preset_modes,"This one has 9 preset modes (e.g. beach, snow, night, portrait).",13~63
95,11,CAMERA_1,"['CAMERA_2', 'CAMERA_1']","{'CAMERA_1': [], 'CAMERA_2': ['weight', 'long_exposure', 'color', 'settings', 'effects', 'ISO', 'preset_modes'], 'CAMERA_3': []}",C_ANYTHING_ELSE_AVAILABLE,CAMERA_2,NONE,ok do you have any other cameras,S_INTRODUCES_CAMERA,CAMERA_1,,Let me show you this. Here we have the Nikon Coolpix S2800.,39~58
95,12,CAMERA_1,"['CAMERA_2', 'CAMERA_1']","{'CAMERA_1': ['price'], 'CAMERA_2': ['weight', 'long_exposure', 'color', 'settings', 'effects', 'ISO', 'preset_modes'], 'CAMERA_3': []}",C_SILENT_OR_BACKCHANNEL,CAMERA_1,NONE,alright,S_INTRODUCES_FEATURE,CAMERA_1,price,This one costs $2173.,15~20
95,13,CAMERA_1,"['CAMERA_2', 'CAMERA_1']","{'CAMERA_1': ['price', 'settings'], 'CAMERA_2': ['weight', 'long_exposure', 'color', 'settings', 'effects', 'ISO', 'preset_modes'], 'CAMERA_3': []}",C_SILENT_OR_BACKCHANNEL,CAMERA_1,NONE,okay,S_INTRODUCES_FEATURE,CAMERA_1,settings,This one has limited manual settings.,13~36
95,14,CAMERA_1,"['CAMERA_2', 'CAMERA_1']","{'CAMERA_1': ['price', 'settings', 'weight'], 'CAMERA_2': ['weight', 'long_exposure', 'color', 'settings', 'effects', 'ISO', 'preset_modes'], 'CAMERA_3': []}",C_QUESTION_ABOUT_FEATURE,CAMERA_1,weight,how much does this one weigh,S_ANSWERS_QUESTION_ABOUT_FEATURE,CAMERA_1,weight,This one weighs 120 grams.,16~25
95,15,CAMERA_1,"['CAMERA_2', 'CAMERA_1']","{'CAMERA_1': ['price', 'settings', 'weight', 'camera_type'], 'CAMERA_2': ['weight', 'long_exposure', 'color', 'settings', 'effects', 'ISO', 'preset_modes'], 'CAMERA_3': []}",C_SILENT_OR_BACKCHANNEL,CAMERA_1,NONE,I see,S_INTRODUCES_FEATURE,CAMERA_1,camera_type,This is a point and shoot camera.,10~25
95,16,CAMERA_1,"['CAMERA_2', 'CAMERA_1']","{'CAMERA_1': ['price', 'settings', 'weight', 'camera_type', 'sensor_size'], 'CAMERA_2': ['weight', 'long_exposure', 'color', 'settings', 'effects', 'ISO', 'preset_modes'], 'CAMERA_3': []}",C_QUESTION_ABOUT_FEATURE,CAMERA_1,sensor_size,what is the sensor size,S_NOT_SURE,CAMERA_1,,I'm not really sure about that,
95,17,CAMERA_1,"['CAMERA_2', 'CAMERA_1']","{'CAMERA_1': ['price', 'settings', 'weight', 'camera_type', 'sensor_size', 'long_exposure'], 'CAMERA_2': ['weight', 'long_exposure', 'color', 'settings', 'effects', 'ISO', 'preset_modes'], 'CAMERA_3': []}",C_QUESTION_ABOUT_FEATURE,CAMERA_1,long_exposure,can it take long exposure shots,S_NOT_SURE,CAMERA_1,,I'm not really sure about that,
95,18,CAMERA_1,"['CAMERA_2', 'CAMERA_1']","{'CAMERA_1': ['price', 'settings', 'weight', 'camera_type', 'sensor_size', 'long_exposure', 'resolution'], 'CAMERA_2': ['weight', 'long_exposure', 'color', 'settings', 'effects', 'ISO', 'preset_modes'], 'CAMERA_3': []}",C_SILENT_OR_BACKCHANNEL,CAMERA_1,NONE,alright,S_INTRODUCES_FEATURE,CAMERA_1,resolution,This one has 20.1 megapixels resolution.,13~28
95,19,CAMERA_3,"['CAMERA_2', 'CAMERA_1', 'CAMERA_3']","{'CAMERA_1': ['price', 'settings', 'weight', 'camera_type', 'sensor_size', 'long_exposure', 'resolution'], 'CAMERA_2': ['weight', 'long_exposure', 'color', 'settings', 'effects', 'ISO', 'preset_modes'], 'CAMERA_3': []}",C_ANYTHING_ELSE_AVAILABLE,CAMERA_1,NONE,ok do you have any other cameras,S_INTRODUCES_CAMERA,CAMERA_3,,Let me show you this. Here we have the Canon EOS 5D Mark III.,39~60
95,20,CAMERA_3,"['CAMERA_2', 'CAMERA_1', 'CAMERA_3']","{'CAMERA_1': ['price', 'settings', 'weight', 'camera_type', 'sensor_size', 'long_exposure', 'resolution'], 'CAMERA_2': ['weight', 'long_exposure', 'color', 'settings', 'effects', 'ISO', 'preset_modes'], 'CAMERA_3': ['sensor_size']}",C_SILENT_OR_BACKCHANNEL,CAMERA_3,NONE,alright,S_INTRODUCES_FEATURE,CAMERA_3,sensor_size,This one has a full frame.,15~25
95,21,CAMERA_3,"['CAMERA_2', 'CAMERA_1', 'CAMERA_3']","{'CAMERA_1': ['price', 'settings', 'weight', 'camera_type', 'sensor_size', 'long_exposure', 'resolution'], 'CAMERA_2': ['weight', 'long_exposure', 'color', 'settings', 'effects', 'ISO', 'preset_modes'], 'CAMERA_3': ['sensor_size', 'autofocus_points']}",C_QUESTION_ABOUT_FEATURE,CAMERA_3,autofocus_points,how many autofocus points does it have,S_ANSWERS_QUESTION_ABOUT_FEATURE,CAMERA_3,autofocus_points,This one has 61 autofocus points.,13~32
95,22,CAMERA_3,"['CAMERA_2', 'CAMERA_1', 'CAMERA_3']","{'CAMERA_1': ['price', 'settings', 'weight', 'camera_type', 'sensor_size', 'long_exposure', 'resolution'], 'CAMERA_2': ['weight', 'long_exposure', 'color', 'settings', 'effects', 'ISO', 'preset_modes'], 'CAMERA_3': ['sensor_size', 'autofocus_points', 'ISO']}",C_QUESTION_ABOUT_FEATURE,CAMERA_3,ISO,what is the ISO,S_ANSWERS_QUESTION_ABOUT_FEATURE,CAMERA_3,ISO,This one has up to 6400 ISO with little noise.,13~45
95,23,,"['CAMERA_2', 'CAMERA_1', 'CAMERA_3']","{'CAMERA_1': ['price', 'settings', 'weight', 'camera_type', 'sensor_size', 'long_exposure', 'resolution'], 'CAMERA_2': ['weight', 'long_exposure', 'color', 'settings', 'effects', 'ISO', 'preset_modes'], 'CAMERA_3': ['sensor_size', 'autofocus_points', 'ISO']}",C_ANYTHING_ELSE_AVAILABLE,CAMERA_3,NONE,ok do you have any other cameras,S_THATS_ALL_WE_HAVE_AVAILABLE,CAMERA_3,,That’s all we have available at the moment.,
95,24,NONE,"['CAMERA_2', 'CAMERA_1', 'CAMERA_3']","{'CAMERA_1': ['price', 'settings', 'weight', 'camera_type', 'sensor_size', 'long_exposure', 'resolution'], 'CAMERA_2': ['weight', 'long_exposure', 'color', 'settings', 'effects', 'ISO', 'preset_modes'], 'CAMERA_3': ['sensor_size', 'autofocus_points', 'ISO']}",C_THANK_YOU,CAMERA_3,NONE,thank you for your help,S_THANK_YOU,CAMERA_3,NONE,thank you very much,
95,25,NONE,"['CAMERA_2', 'CAMERA_1', 'CAMERA_3']","{'CAMERA_1': ['price', 'settings', 'weight', 'camera_type', 'sensor_size', 'long_exposure', 'resolution'], 'CAMERA_2': ['weight', 'long_exposure', 'color', 'settings', 'effects', 'ISO', 'preset_modes'], 'CAMERA_3': ['sensor_size', 'autofocus_points', 'ISO']}",C_LEAVES,DOOR,NONE,,S_RETURNS_TO_COUNTER,SERVICE_COUNTER,NONE,,
96,1,NONE,[],"{'CAMERA_1': [], 'CAMERA_2': [], 'CAMERA_3': []}",C_ENTERS,DOOR,NONE,,S_NONE,SERVICE_COUNTER,NONE,,
96,2,NONE,[],"{'CAMERA_1': [], 'CAMERA_2': [], 'CAMERA_3': []}",C_GREETS,MIDDLE,NONE,hello,S_GREETS,MIDDLE,NONE,can I help you?,
96,3,CAMERA_1,['CAMERA_1'],"{'CAMERA_1': [], 'CAMERA_2': [], 'CAMERA_3': []}",C_LOOKING_FOR_A_CAMERA,MIDDLE,NONE,I'm looking for a camera,S_INTRODUCES_CAMERA,CAMERA_1,,Let me show you this. Here we have the Nikon Coolpix S2800.,39~58
96,4,CAMERA_1,['CAMERA_1'],"{'CAMERA_1': ['settings'], 'CAMERA_2': [], 'CAMERA_3': []}",C_SILENT_OR_BACKCHANNEL,CAMERA_1,NONE,alright,S_INTRODUCES_FEATURE,CAMERA_1,settings,This one has limited manual settings.,13~36
96,5,CAMERA_1,['CAMERA_1'],"{'CAMERA_1': ['settings', 'price'], 'CAMERA_2': [], 'CAMERA_3': []}",C_SILENT_OR_BACKCHANNEL,CAMERA_1,NONE,I see,S_INTRODUCES_FEATURE,CAMERA_1,price,This one costs $2173.,15~20
96,6,NONE,['CAMERA_1'],"{'CAMERA_1': ['settings', 'price'], 'CAMERA_2': [], 'CAMERA_3': []}",C_THANK_YOU,CAMERA_1,NONE,thank you for your help,S_THANK_YOU,CAMERA_1,NONE,thank you very much,
96,7,NONE,['CAMERA_1'],"{'CAMERA_1': ['settings', 'price'], 'CAMERA_2': [], 'CAMERA_3': []}",C_LEAVES,DOOR,NONE,,S_RETURNS_TO_COUNTER,SERVICE_COUNTER,NONE,,
97,1,NONE,[],"{'CAMERA_1': [], 'CAMERA_2': [], 'CAMERA_3': []}",C_ENTERS,DOOR,NONE,,S_NONE,SERVICE_COUNTER,NONE,,
97,2,NONE,[],"{'CAMERA_1': [], 'CAMERA_2': [], 'CAMERA_3': []}",C_WALKS_TO_CAMERA,CAMERA_3,NONE,,S_GREETS,CAMERA_3,NONE,can I help you?,
97,3,CAMERA_2,['CAMERA_2'],"{'CAMERA_1': [], 'CAMERA_2': [], 'CAMERA_3': []}",C_LOOKING_FOR_A_CAMERA,CAMERA_3,NONE,I'm looking for a camera,S_INTRODUCES_CAMERA,CAMERA_2,,Let me show you this. Here we have the Sony Alpha a6000.,39~55
97,4,CAMERA_2,['CAMERA_2'],"{'CAMERA_1': [], 'CAMERA_2': ['ISO'], 'CAMERA_3': []}",C_QUESTION_ABOUT_FEATURE,CAMERA_2,ISO,what is the ISO,S_ANSWERS_QUESTION_ABOUT_FEATURE,CAMERA_2,ISO,This one has up to 3200 ISO with little noise.,13~45
97,5,CAMERA_2,['CAMERA_2'],"{'CAMERA_1': [], 'CAMERA_2': ['ISO', 'camera_type'], 'CAMERA_3': []}",C_QUESTION_ABOUT_FEATURE,CAMERA_2,camera_type,what kind of camera is this,S_ANSWERS_QUESTION_ABOUT_FEATURE,CAMERA_2,camera_type,This is a mirrorless camera.,10~20
97,6,CAMERA_2,['CAMERA_2'],"{'CAMERA_1': [], 'CAMERA_2': ['ISO', 'camera_type', 'weight'], 'CAMERA_3': []}",C_QUESTION_ABOUT_FEATURE,CAMERA_2,weight,how much does this one weigh,S_ANSWERS_QUESTION_ABOUT_FEATURE,CAMERA_2,weight,This one weighs 470 grams.,16~25
97,7,CAMERA_3,"['CAMERA_2', 'CAMERA_3']","{'CAMERA_1': [], 'CAMERA_2': ['ISO', 'camera_type', 'weight'], 'CAMERA_3': []}",C_ANYTHING_ELSE_AVAILABLE,CAMERA_2,NONE,ok do you have any other cameras,S_INTRODUCES_CAMERA,CAMERA_3,,Let me show you this. Here we have the Canon EOS 5D Mark III.,39~60
97,8,CAMERA_3,"['CAMERA_2', 'CAMERA_3']","{'CAMERA_1': [], 'CAMERA_2': ['ISO', 'camera_type', 'weight'], 'CAMERA_3': ['autofocus_points']}",C_SILENT_OR_BACKCHANNEL,CAMERA_3,NONE,okay,S_INTRODUCES_FEATURE,CAMERA_3,autofocus_points,This one has 61 autofocus points.,13~32
97,9,CAMERA_3,"['CAMERA_2', 'CAMERA_3']","{'CAMERA_1': [], 'CAMERA_2': ['ISO', 'camera_type', 'weight'], 'CAMERA_3': ['autofocus_points', 'color']}",C_SILENT_OR_BACKCHANNEL,CAMERA_3,NONE,I see,S_INTRODUCES_FEATURE,CAMERA_3,color,This one comes in black.,18~23
97,10,CAMERA_1,"['CAMERA_2', 'CAMERA_3', 'CAMERA_1']","{'CAMERA_1': [], 'CAMERA_2': ['ISO', 'camera_type', 'weight'], 'CAMERA_3': ['autofocus_points', 'color']}",C_ANYTHING_ELSE_AVAILABLE,CAMERA_3,NONE,ok do you have any other cameras,S_INTRODUCES_CAMERA,CAMERA_1,,Let me show you this. Here we have the Nikon Coolpix S2800.,39~58
97,11,CAMERA_1,"['CAMERA_2', 'CAMERA_3', 'CAMERA_1']","{'CAMERA_1': ['optical_zoom'], 'CAMERA_2': ['ISO', 'camera_type', 'weight'], 'CAMERA_3': ['autofocus_points', 'color']}",C_SILENT_OR_BACKCHANNEL,CAMERA_1,NONE,okay,S_INTRODUCES_FEATURE,CAMERA_1,optical_zoom,This one has 5x optical zoom.,13~28
97,12,NONE,"['CAMERA_2', 'CAMERA_3', 'CAMERA_1']","{'CAMERA_1': ['optical_zoom'], 'CAMERA_2': ['ISO', 'camera_type', 'weight'], 'CAMERA_3': ['autofocus_points', 'color']}",C_THANK_YOU,CAMERA_1,NONE,thank you for your help,S_THANK_YOU,CAMERA_1,NONE,thank you very much,
97,13,NONE,"['CAMERA_2', 'CAMERA_3', 'CAMERA_1']","{'CAMERA_1': ['optical_zoom'], 'CAMERA_2': ['ISO', 'camera_type', 'weight'], 'CAMERA_3': ['autofocus_points', 'color']}",C_LEAVES,DOOR,NONE,,S_RETURNS_TO_COUNTER,SERVICE_COUNTER,NONE,,
98,1,NONE,[],"{'CAMERA_1': [], 'CAMERA_2': [], 'CAMERA_3': []}",C_ENTERS,DOOR,NONE,,S_NONE,SERVICE_COUNTER,NONE,,
98,2,NONE,[],"{'CAMERA_1': [], 'CAMERA_2': [], 'CAMERA_3': []}",C_GREETS,MIDDLE,NONE,hello,S_GREETS,MIDDLE,NONE,can I help you?,
98,3,CAMERA_2,['CAMERA_2'],"{'CAMERA_1': [], 'CAMERA_2': [], 'CAMERA_3': []}",C_LOOKING_FOR_A_CAMERA,MIDDLE,NONE,I'm looking for a camera,S_INTRODUCES_CAMERA,CAMERA_2,,Let me show you this. Here we have the Sony Alpha a6000.,39~55
98,4,CAMERA_2,['CAMERA_2'],"{'CAMERA_1': [], 'CAMERA_2': ['camera_type'], 'CAMERA_3': []}",C_SILENT_OR_BACKCHANNEL,CAMERA_2,NONE,alright,S_INTRODUCES_FEATURE,CAMERA_2,camera_type,This is a mirrorless camera.,10~20
98,5,NONE,['CAMERA_2'],"{'CAMERA_1': [], 'CAMERA_2': ['camera_type'], 'CAMERA_3': []}",C_THANK_YOU,CAMERA_2,NONE,thank you for your help,S_THANK_YOU,CAMERA_2,NONE,thank you very much,
98,6,NONE,['CAMERA_2'],"{'CAMERA_1': [], 'CAMERA_2': ['camera_type'], 'CAMERA_3': []}",C_LEAVES,DOOR,NONE,,S_RETURNS_TO_COUNTER,SERVICE_COUNTER,NONE,,
99,1,NONE,[],"{'CAMERA_1': [], 'CAMERA_2': [], 'CAMERA_3': []}",C_ENTERS,DOOR,NONE,,S_NONE,SERVICE_COUNTER,NONE,,
99,2,NONE,[],"{'CAMERA_1': [], 'CAMERA_2': [], 'CAMERA_3': []}",C_WALKS_TO_CAMERA,CAMERA_1,NONE,,S_NONE,SERVICE_COUNTER,NONE,,
99,3,CAMERA_1,['CAMERA_1'],"{'CAMERA_1': ['color'], 'CAMERA_2': [], 'CAMERA_3': []}",C_QUESTION_ABOUT_FEATURE,CAMERA_1,color,what colors does this one come in,S_ANSWERS_QUESTION_ABOUT_FEATURE,CAMERA_1,color,"This one comes in purple, pink, black, silver, red.",18~50
99,4,CAMERA_1,['CAMERA_1'],"{'CAMERA_1': ['color', 'ISO'], 'CAMERA_2': [], 'CAMERA_3': []}",C_QUESTION_ABOUT_FEATURE,CAMERA_1,ISO,what is the ISO,S_NOT_SURE,CAMERA_1,,I'm not really sure about that,
99,5,CAMERA_1,['CAMERA_1'],"{'CAMERA_1': ['color', 'ISO', 'resolution'], 'CAMERA_2': [], 'CAMERA_3': []}",C_SILENT_OR_BACKCHANNEL,CAMERA_1,NONE,alright,S_INTRODUCES_FEATURE,CAMERA_1,resolution,This one has 20.1 megapixels resolution.,13~28
99,6,CAMERA_1,['CAMERA_1'],"{'CAMERA_1': ['color', 'ISO', 'resolution', 'autofocus_points'], 'CAMERA_2': [], 'CAMERA_3': []}",C_QUESTION_ABOUT_FEATURE,CAMERA_1,autofocus_points,how many autofocus points does it have,S_NOT_SURE,CAMERA_1,,I'm not really sure about that,
99,7,CAMERA_1,['CAMERA_1'],"{'CAMERA_1': ['color', 'ISO', 'resolution', 'autofocus_points', 'settings'], 'CAMERA_2': [], 'CAMERA_3': []}",C_SILENT_OR_BACKCHANNEL,CAMERA_1,NONE,okay,S_INTRODUCES_FEATURE,CAMERA_1,settings,This one has limited manual settings.,13~36
99,8,CAMERA_1,['CAMERA_1'],"{'CAMERA_1': ['color', 'ISO', 'resolution', 'autofocus_points', 'settings', 'camera_type'], 'CAMERA_2': [], 'CAMERA_3': []}",C_QUESTION_ABOUT_FEATURE,CAMERA_1,camera_type,what kind of camera is this,S_ANSWERS_QUESTION_ABOUT_FEATURE,CAMERA_1,camera_type,This is a point and shoot camera.,10~25
99,9,CAMERA_1,['CAMERA_1'],"{'CAMERA_1': ['color', 'ISO', 'resolution', 'autofocus_points', 'settings', 'camera_type', 'optical_zoom'], 'CAMERA_2': [], 'CAMERA_3': []}",C_QUESTION_ABOUT_FEATURE,CAMERA_1,optical_zoom,does it have optical zoom,S_ANSWERS_QUESTION_ABOUT_FEATURE,CAMERA_1,optical_zoom,This one has 5x optical zoom.,13~28
99,10,CAMERA_1,['CAMERA_1'],"{'CAMERA_1': ['color', 'ISO', 'resolution', 'autofocus_points', 'settings', 'camera_type', 'optical_zoom', 'preset_modes'], 'CAMERA_2': [], 'CAMERA_3': []}",C_SILENT_OR_BACKCHANNEL,CAMERA_1,NONE,I see,S_INTRODUCES_FEATURE,CAMERA_1,preset_modes,"This one has 18 preset modes (e.g. beach, snow, night portrait).",13~63
99,11,CAMERA_1,['CAMERA_1'],"{'CAMERA_1': ['color', 'ISO', 'resolution', 'autofocus_points', 'settings', 'camera_type', 'optical_zoom', 'preset_modes', 'effects'], 'CAMERA_2': [], 'CAMERA_3': []}",C_SILENT_OR_BACKCHANNEL,CAMERA_1,NONE,I see,S_INTRODUCES_FEATURE,CAMERA_1,effects,"This one has 12 glamor retouch effects (e.g. skin softening, small face, big eyes).",13~82
99,12,CAMERA_1,['CAMERA_1'],"{'CAMERA_1': ['color', 'ISO', 'resolution', 'autofocus_points', 'settings', 'camera_type', 'optical_zoom', 'preset_modes', 'effects', 'long_exposure'], 'CAMERA_2': [], 'CAMERA_3': []}",C_QUESTION_ABOUT_FEATURE,CAMERA_1,long_exposure,can it take long exposure shots,S_NOT_SURE,CAMERA_1,,I'm not really sure about that,
99,13,CAMERA_1,['CAMERA_1'],"{'CAMERA_1': ['color', 'ISO', 'resolution', 'autofocus_points', 'settings', 'camera_type', 'optical_zoom', 'preset_modes', 'effects', 'long_exposure', 'weight'], 'CAMERA_2': [], 'CAMERA_3': []}",C_QUESTION_ABOUT_FEATURE,CAMERA_1,weight,how much does this one weigh,S_ANSWERS_QUESTION_ABOUT_FEATURE,CAMERA_1,weight,This one weighs 120 grams.,16~25
99,14,CAMERA_1,['CAMERA_1'],"{'CAMERA_1': ['color', 'ISO', 'resolution', 'autofocus_points', 'settings', 'camera_type', 'optical_zoom', 'preset_modes', 'effects', 'long_exposure', 'weight', 'price'], 'CAMERA_2': [], 'CAMERA_3': []}",C_SILENT_OR_BACKCHANNEL,CAMERA_1,NONE,alright,S_INTRODUCES_FEATURE,CAMERA_1,price,This one costs $2173.,15~20
99,15,CAMERA_1,['CAMERA_1'],"{'CAMERA_1': ['color', 'ISO', 'resolution', 'autofocus_points', 'settings', 'camera_type', 'optical_zoom', 'preset_modes', 'effects', 'long_exposure', 'weight', 'price', 'color'], 'CAMERA_2': [], 'CAMERA_3': []}",C_SILENT_OR_BACKCHANNEL,CAMERA_1,NONE,okay,S_INTRODUCES_FEATURE,CAMERA_1,color,"This one comes in purple, pink, black, silver, red.",18~50
99,16,CAMERA_1,['CAMERA_1'],"{'CAMERA_1': ['color', 'ISO', 'resolution', 'autofocus_points', 'settings', 'camera_type', 'optical_zoom', 'preset_modes', 'effects', 'long_exposure', 'weight', 'price', 'color', 'camera_type'], 'CAMERA_2': [], 'CAMERA_3': []}",C_SILENT_OR_BACKCHANNEL,CAMERA_1,NONE,okay,S_INTRODUCES_FEATURE,CAMERA_1,camera_type,This is a point and shoot camera.,10~25
99,17,CAMERA_1,['CAMERA_1'],"{'CAMERA_1': ['color', 'ISO', 'resolution', 'autofocus_points', 'settings', 'camera_type', 'optical_zoom', 'preset_modes', 'effects', 'long_exposure', 'weight', 'price', 'color', 'camera_type', 'sensor_size'], 'CAMERA_2': [], 'CAMERA_3': []}",C_QUESTION_ABOUT_FEATURE,CAMERA_1,sensor_size,what is the sensor size,S_NOT_SURE,CAMERA_1,,I'm not really sure about that,
99,18,CAMERA_3,"['CAMERA_1', 'CAMERA_3']","{'CAMERA_1': ['color', 'ISO', 'resolution', 'autofocus_points', 'settings', 'camera_type', 'optical_zoom', 'preset_modes', 'effects', 'long_exposure', 'weight', 'price', 'color', 'camera_type', 'sensor_size'], 'CAMERA_2': [], 'CAMERA_3': []}",C_ANYTHING_ELSE_AVAILABLE,CAMERA_1,NONE,ok do you have any other cameras,S_INTRODUCES_CAMERA,CAMERA_3,,Let me show you this. Here we have the Canon EOS 5D Mark III.,39~60
99,19,CAMERA_3,"['CAMERA_1', 'CAMERA_3']","{'CAMERA_1': ['color', 'ISO', 'resolution', 'autofocus_points', 'settings', 'camera_type', 'optical_zoom', 'preset_modes', 'effects', 'long_exposure', 'weight', 'price', 'color', 'camera_type', 'sensor_size'], 'CAMERA_2': [], 'CAMERA_3': ['long_exposure']}",C_SILENT_OR_BACKCHANNEL,CAMERA_3,NONE,I see,S_INTRODUCES_FEATURE,CAMERA_3,long_exposure,"This one can take long exposures up to up to 30 seconds, bulb mode: expose as long as you want.",39~94
99,20,CAMERA_3,"['CAMERA_1', 'CAMERA_3']","{'CAMERA_1': ['color', 'ISO', 'resolution', 'autofocus_points', 'settings', 'camera_type', 'optical_zoom', 'preset_modes', 'effects', 'long_exposure', 'weight', 'price', 'color', 'camera_type', 'sensor_size'], 'CAMERA_2': [], 'CAMERA_3': ['long_exposure', 'autofocus_points']}",C_SILENT_OR_BACKCHANNEL,CAMERA_3,NONE,okay,S_INTRODUCES_FEATURE,CAMERA_3,autofocus_points,This one has 61 autofocus points.,13~32
99,21,CAMERA_3,"['CAMERA_1', 'CAMERA_3']","{'CAMERA_1': ['color', 'ISO', 'resolution', 'autofocus_points', 'settings', 'camera_type', 'optical_zoom', 'preset_modes', 'effects', 'long_exposure', 'weight', 'price', 'color', 'camera_type', 'sensor_size'], 'CAMERA_2': [], 'CAMERA_3': ['long_exposure', 'autofocus_points', 'price']}",C_SILENT_OR_BACKCHANNEL,CAMERA_3,NONE,alright,S_INTRODUCES_FEATURE,CAMERA_3,price,This one costs $3706.,15~20
99,22,CAMERA_3,"['CAMERA_1', 'CAMERA_3']","{'CAMERA_1': ['color', 'ISO', 'resolution', 'autofocus_points', 'settings', 'camera_type', 'optical_zoom', 'preset_modes', 'effects', 'long_exposure', 'weight', 'price', 'color', 'camera_type', 'sensor_size'], 'CAMERA_2': [], 'CAMERA_3': ['long_exposure', 'autofocus_points', 'price', 'settings']}",C_SILENT_OR_BACKCHANNEL,CAMERA_3,NONE,I see,S_INTRODUCES_FEATURE,CAMERA_3,settings,This one has full manual control.,13~32
99,23,NONE,"['CAMERA_1', 'CAMERA_3']","{'CAMERA_1': ['color', 'ISO', 'resolution', 'autofocus_points', 'settings', 'camera_type', 'optical_zoom', 'preset_modes', 'effects', 'long_exposure', 'weight', 'price', 'color', 'camera_type', 'sensor_size'], 'CAMERA_2': [], 'CAMERA_3': ['long_exposure', 'autofocus_points', 'price', 'settings']}",C_THANK_YOU,CAMERA_3,NONE,thank you for your help,S_THANK_YOU,CAMERA_3,NONE,thank you very much,
99,24,NONE,"['CAMERA_1', 'CAMERA_3']","{'CAMERA_1': ['color', 'ISO', 'resolution', 'autofocus_points', 'settings', 'camera_type', 'optical_zoom', 'preset_modes', 'effects', 'long_exposure', 'weight', 'price', 'color', 'camera_type', 'sensor_size'], 'CAMERA_2': [], 'CAMERA_3': ['long_exposure', 'autofocus_points', 'price', 'settings']}",C_LEAVES,DOOR,NONE,,S_RETURNS_TO_COUNTER,SERVICE_COUNTER,NONE,,
100,1,NONE,[],"{'CAMERA_1': [], 'CAMERA_2': [], 'CAMERA_3': []}",C_ENTERS,DOOR,NONE,,S_NONE,SERVICE_COUNTER,NONE,,
100,2,NONE,[],"{'CAMERA_1': [], 'CAMERA_2': [], 'CAMERA_3': []}",C_WALKS_TO_CAMERA,CAMERA_1,NONE,,S_GREETS,CAMERA_1,NONE,can I help you?,
100,3,CAMERA_3,['CAMERA_3'],"{'CAMERA_1': [], 'CAMERA_2': [], 'CAMERA_3': []}",C_LOOKING_FOR_A_CAMERA,CAMERA_1,NONE,I'm looking for a camera,S_INTRODUCES_CAMERA,CAMERA_3,,Let me show you this. Here we have the Canon EOS 5D Mark III.,39~60
100,4,CAMERA_3,['CAMERA_3'],"{'CAMERA_1': [], 'CAMERA_2': [], 'CAMERA_3': ['color']}",C_SILENT_OR_BACKCHANNEL,CAMERA_3,NONE,alright,S_INTRODUCES_FEATURE,CAMERA_3,color,This one comes in black.,18~23
100,5,NONE,['CAMERA_3'],"{'CAMERA_1': [], 'CAMERA_2': [], 'CAMERA_3': ['color']}",C_THANK_YOU,CAMERA_3,NONE,thank you for your help,S_THANK_YOU,CAMERA_3,NONE,thank you very much,
100,6,NONE,['CAMERA_3'],"{'CAMERA_1': [], 'CAMERA_2': [], 'CAMERA_3': ['color']}",C_LEAVES,DOOR,NONE,,S_RETURNS_TO_COUNTER,SERVICE_COUNTER,NONE,,
101,1,NONE,[],"{'CAMERA_1': [], 'CAMERA_2': [], 'CAMERA_3': []}",C_ENTERS,DOOR,NONE,,S_NONE,SERVICE_COUNTER,NONE,,
101,2,NONE,[],"{'CAMERA_1': [], 'CAMERA_2': [], 'CAMERA_3': []}",C_WALKS_TO_CAMERA,CAMERA_3,NONE,,S_GREETS,CAMERA_3,NONE,can I help you?,
101,3,CAMERA_3,['CAMERA_3'],"{'CAMERA_1': [], 'CAMERA_2': [], 'CAMERA_3': []}",C_LOOKING_FOR_A_CAMERA,CAMERA_3,NONE,I'm looking for a camera,S_INTRODUCES_CAMERA,CAMERA_3,,Let me show you this. Here we have the Canon EOS 5D Mark III.,39~60
101,4,CAMERA_3,['CAMERA_3'],"{'CAMERA_1': [], 'CAMERA_2': [], 'CAMERA_3': ['long_exposure']}",C_QUESTION_ABOUT_FEATURE,CAMERA_3,long_exposure,can it take long exposure shots,S_ANSWERS_QUESTION_ABOUT_FEATURE,CAMERA_3,long_exposure,"This one can take long exposures up to up to 30 seconds, bulb mode: expose as long as you want.",39~94
101,5,CAMERA_3,['CAMERA_3'],"{'CAMERA_1': [], 'CAMERA_2': [], 'CAMERA_3': ['long_exposure', 'preset_modes']}",C_QUESTION_ABOUT_FEATURE,CAMERA_3,preset_modes,does it have preset modes,S_NOT_SURE,CAMERA_3,,I'm not really sure about that,
101,6,NONE,['CAMERA_3'],"{'CAMERA_1': [], 'CAMERA_2': [], 'CAMERA_3': ['long_exposure', 'preset_modes']}",C_THANK_YOU,CAMERA_3,NONE,thank you for your help,S_THANK_YOU,CAMERA_3,NONE,thank you very much,
101,7,NONE,['CAMERA_3'],"{'CAMERA_1': [], 'CAMERA_2': [], 'CAMERA_3': ['long_exposure', 'preset_modes']}",C_LEAVES,DOOR,NONE,,S_RETURNS_TO_COUNTER,SERVICE_COUNTER,NONE,,
102,1,NONE,[],"{'CAMERA_1': [], 'CAMERA_2': [], 'CAMERA_3': []}",C_ENTERS,DOOR,NONE,,S_NONE,SERVICE_COUNTER,NONE,,
102,2,NONE,[],"{'CAMERA_1': [], 'CAMERA_2': [], 'CAMERA_3': []}",C_WALKS_TO_CAMERA,CAMERA_2,NONE,,S_GREETS,CAMERA_2,NONE,can I help you?,
102,3,CAMERA_3,['CAMERA_3'],"{'CAMERA_1': [], 'CAMERA_2': [], 'CAMERA_3': []}",C_LOOKING_FOR_A_CAMERA,CAMERA_2,NONE,I'm looking for a camera,S_INTRODUCES_CAMERA,CAMERA_3,,Let me show you this. Here we have the Canon EOS 5D Mark III.,39~60
102,4,CAMERA_3,['CAMERA_3'],"{'CAMERA_1': [], 'CAMERA_2': [], 'CAMERA_3': ['ISO']}",C_SILENT_OR_BACKCHANNEL,CAMERA_3,NONE,okay,S_INTRODUCES_FEATURE,CAMERA_3,ISO,This one has up to 6400 ISO with little noise.,13~45
102,5,CAMERA_1,"['CAMERA_3', 'CAMERA_1']","{'CAMERA_1': [], 'CAMERA_2': [], 'CAMERA_3': ['ISO']}",C_ANYTHING_ELSE_AVAILABLE,CAMERA_3,NONE,ok do you have any other cameras,S_INTRODUCES_CAMERA,CAMERA_1,,Let me show you this. Here we have the Nikon Coolpix S2800.,39~58
102,6,CAMERA_1,"['CAMERA_3', 'CAMERA_1']","{'CAMERA_1': ['weight'], 'CAMERA_2': [], 'CAMERA_3': ['ISO']}",C_QUESTION_ABOUT_FEATURE,CAMERA_1,weight,how much does this one weigh,S_ANSWERS_QUESTION_ABOUT_FEATURE,CAMERA_1,weight,This one weighs 120 grams.,16~25
102,7,CAMERA_1,"['CAMERA_3', 'CAMERA_1']","{'CAMERA_1': ['weight', 'long_exposure'], 'CAMERA_2': [], 'CAMERA_3': ['ISO']}",C_QUESTION_ABOUT_FEATURE,CAMERA_1,long_exposure,can it take long exposure shots,S_NOT_SURE,CAMERA_1,,I'm not really sure about that,
102,8,CAMERA_1,"['CAMERA_3', 'CAMERA_1']","{'CAMERA_1': ['weight', 'long_exposure', 'camera_type'], 'CAMERA_2': [], 'CAMERA_3': ['ISO']}",C_QUESTION_ABOUT_FEATURE,CAMERA_1,camera_type,what kind of camera is this,S_ANSWERS_QUESTION_ABOUT_FEATURE,CAMERA_1,camera_type,This is a point and shoot camera.,10~25
102,9,CAMERA_1,"['CAMERA_3', 'CAMERA_1']","{'CAMERA_1': ['weight', 'long_exposure', 'camera_type', 'effects'], 'CAMERA_2': [], 'CAMERA_3': ['ISO']}",C_QUESTION_ABOUT_FEATURE,CAMERA_1,effects,does it have any effect modes,S_ANSWERS_QUESTION_ABOUT_FEATURE,CAMERA_1,effects,"This one has 12 glamor retouch effects (e.g. skin softening, small face, big eyes).",13~82
102,10,CAMERA_1,"['CAMERA_3', 'CAMERA_1']","{'CAMERA_1': ['weight', 'long_exposure', 'camera_type', 'effects', 'ISO'], 'CAMERA_2': [], 'CAMERA_3': ['ISO']}",C_QUESTION_ABOUT_FEATURE,CAMERA_1,ISO,what is the ISO,S_NOT_SURE,CAMERA_1,,I'm not really sure about that,
102,11,CAMERA_1,"['CAMERA_3', 'CAMERA_1']","{'CAMERA_1': ['weight', 'long_exposure', 'camera_type', 'effects', 'ISO', 'resolution'], 'CAMERA_2': [], 'CAMERA_3': ['ISO']}",C_QUESTION_ABOUT_FEATURE,CAMERA_1,resolution,what is the resolution,S_ANSWERS_QUESTION_ABOUT_FEATURE,CAMERA_1,resolution,This one has 20.1 megapixels resolution.,13~28
102,12,CAMERA_1,"['CAMERA_3', 'CAMERA_1']","{'CAMERA_1': ['weight', 'long_exposure', 'camera_type', 'effects', 'ISO', 'resolution', 'autofocus_points'], 'CAMERA_2': [], 'CAMERA_3': ['ISO']}",C_QUESTION_ABOUT_FEATURE,CAMERA_1,autofocus_points,how many autofocus points does it have,S_NOT_SURE,CAMERA_1,,I'm not really sure about that,
102,13,CAMERA_1,"['CAMERA_3', 'CAMERA_1']","{'CAMERA_1': ['weight', 'long_exposure', 'camera_type', 'effects', 'ISO', 'resolution', 'autofocus_points', 'price'], 'CAMERA_2': [], 'CAMERA_3': ['ISO']}",C_SILENT_OR_BACKCHANNEL,CAMERA_1,NONE,I see,S_INTRODUCES_FEATURE,CAMERA_1,price,This one costs $2173.,15~20
102,14,CAMERA_1,"['CAMERA_3', 'CAMERA_1']","{'CAMERA_1': ['weight', 'long_exposure', 'camera_type', 'effects', 'ISO', 'resolution', 'autofocus_points', 'price', 'optical_zoom'], 'CAMERA_2': [], 'CAMERA_3': ['ISO']}",C_SILENT_OR_BACKCHANNEL,CAMERA_1,NONE,alright,S_INTRODUCES_FEATURE,CAMERA_1,optical_zoom,This one has 5x optical zoom.,13~28
102,15,CAMERA_1,"['CAMERA_3', 'CAMERA_1']","{'CAMERA_1': ['weight', 'long_exposure', 'camera_type', 'effects', 'ISO', 'resolution', 'autofocus_points', 'price', 'optical_zoom', 'color'], 'CAMERA_2': [], 'CAMERA_3': ['ISO']}",C_SILENT_OR_BACKCHANNEL,CAMERA_1,NONE,I see,S_INTRODUCES_FEATURE,CAMERA_1,color,"This one comes in purple, pink, black, silver, red.",18~50
102,16,CAMERA_1,"['CAMERA_3', 'CAMERA_1']","{'CAMERA_1': ['weight', 'long_exposure', 'camera_type', 'effects', 'ISO', 'resolution', 'autofocus_points', 'price', 'optical_zoom', 'color', 'preset_modes'], 'CAMERA_2': [], 'CAMERA_3': ['ISO']}",C_SILENT_OR_BACKCHANNEL,CAMERA_1,NONE,alright,S_INTRODUCES_FEATURE,CAMERA_1,preset_modes,"This one has 18 preset modes (e.g. beach, snow, night portrait).",13~63
102,17,CAMERA_2,"['CAMERA_3', 'CAMERA_1', 'CAMERA_2']","{'CAMERA_1': ['weight', 'long_exposure', 'camera_type', 'effects', 'ISO', 'resolution', 'autofocus_points', 'price', 'optical_zoom', 'color', 'preset_modes'], 'CAMERA_2': [], 'CAMERA_3': ['ISO']}",C_ANYTHING_ELSE_AVAILABLE,CAMERA_1,NONE,ok do you have any other cameras,S_INTRODUCES_CAMERA,CAMERA_2,,Let me show you this. Here we have the Sony Alpha a6000.,39~55
102,18,CAMERA_2,"['CAMERA_3', 'CAMERA_1', 'CAMERA_2']","{'CAMERA_1': ['weight', 'long_exposure', 'camera_type', 'effects', 'ISO', 'resolution', 'autofocus_points', 'price', 'optical_zoom', 'color', 'preset_modes'], 'CAMERA_2': ['weight'], 'CAMERA_3': ['ISO']}",C_QUESTION_ABOUT_FEATURE,CAMERA_2,weight,how much does this one weigh,S_ANSWERS_QUESTION_ABOUT_FEATURE,CAMERA_2,weight,This one weighs 470 grams.,16~25
102,19,CAMERA_2,"['CAMERA_3', 'CAMERA_1', 'CAMERA_2']","{'CAMERA_1': ['weight', 'long_exposure', 'camera_type', 'effects', 'ISO', 'resolution', 'autofocus_points', 'price', 'optical_zoom', 'color', 'preset_modes'], 'CAMERA_2': ['weight', 'sensor_size'], 'CAMERA_3': ['ISO']}",C_SILENT_OR_BACKCHANNEL,CAMERA_2,NONE,alright,S_INTRODUCES_FEATURE,CAMERA_2,sensor_size,This one has a APS-C sensor (crop sensor).,15~41
102,20,CAMERA_2,"['CAMERA_3', 'CAMERA_1', 'CAMERA_2']","{'CAMERA_1': ['weight', 'long_exposure', 'camera_type', 'effects', 'ISO', 'resolution', 'autofocus_points', 'price', 'optical_zoom', 'color', 'preset_modes'], 'CAMERA_2': ['weight', 'sensor_size', 'preset_modes'], 'CAMERA_3': ['ISO']}",C_SILENT_OR_BACKCHANNEL,CAMERA_2,NONE,I see,S_INTRODUCES_FEATURE,CAMERA_2,preset_modes,"This one has 9 preset modes (e.g. beach, snow, night, portrait).",13~63
102,21,CAMERA_2,"['CAMERA_3', 'CAMERA_1', 'CAMERA_2']","{'CAMERA_1': ['weight', 'long_exposure', 'camera_type', 'effects', 'ISO', 'resolution', 'autofocus_points', 'price', 'optical_zoom', 'color', 'preset_modes'], 'CAMERA_2': ['weight', 'sensor_size', 'preset_modes', 'optical_zoom'], 'CAMERA_3': ['ISO']}",C_QUESTION_ABOUT_FEATURE,CAMERA_2,optical_zoom,does it have optical zoom,S_NOT_SURE,CAMERA_2,,I'm not really sure about that,
102,22,CAMERA_2,"['CAMERA_3', 'CAMERA_1', 'CAMERA_2']","{'CAMERA_1': ['weight', 'long_exposure', 'camera_type', 'effects', 'ISO', 'resolution', 'autofocus_points', 'price', 'optical_zoom', 'color', 'preset_modes'], 'CAMERA_2': ['weight', 'sensor_size', 'preset_modes', 'optical_zoom', 'resolution'], 'CAMERA_3': ['ISO']}",C_QUESTION_ABOUT_FEATURE,CAMERA_2,resolution,what is the resolution,S_NOT_SURE,CAMERA_2,,I'm not really sure about that,
102,23,,"['CAMERA_3', 'CAMERA_1', 'CAMERA_2']","{'CAMERA_1': ['weight', 'long_exposure', 'camera_type', 'effects', 'ISO', 'resolution', 'autofocus_points', 'price', 'optical_zoom', 'color', 'preset_modes'], 'CAMERA_2': ['weight', 'sensor_size', 'preset_modes', 'optical_zoom', 'resolution'], 'CAMERA_3': ['ISO']}",C_ANYTHING_ELSE_AVAILABLE,CAMERA_2,NONE,ok do you have any other cameras,S_THATS_ALL_WE_HAVE_AVAILABLE,CAMERA_2,,That’s all we have available at the moment.,
102,24,NONE,"['CAMERA_3', 'CAMERA_1', 'CAMERA_2']","{'CAMERA_1': ['weight', 'long_exposure', 'camera_type', 'effects', 'ISO', 'resolution', 'autofocus_points', 'price', 'optical_zoom', 'color', 'preset_modes'], 'CAMERA_2': ['weight', 'sensor_size', 'preset_modes', 'optical_zoom', 'resolution'], 'CAMERA_3': ['ISO']}",C_THANK_YOU,CAMERA_2,NONE,thank you for your help,S_THANK_YOU,CAMERA_2,NONE,thank you very much,
102,25,NONE,"['CAMERA_3', 'CAMERA_1', 'CAMERA_2']","{'CAMERA_1': ['weight', 'long_exposure', 'camera_type', 'effects', 'ISO', 'resolution', 'autofocus_points', 'price', 'optical_zoom', 'color', 'preset_modes'], 'CAMERA_2': ['weight', 'sensor_size', 'preset_modes', 'optical_zoom', 'resolution'], 'CAMERA_3': ['ISO']}",C_LEAVES,DOOR,NONE,,S_RETURNS_TO_COUNTER,SERVICE_COUNTER,NONE,,
103,1,NONE,[],"{'CAMERA_1': [], 'CAMERA_2': [], 'CAMERA_3': []}",C_ENTERS,DOOR,NONE,,S_NONE,SERVICE_COUNTER,NONE,,
103,2,NONE,[],"{'CAMERA_1': [], 'CAMERA_2': [], 'CAMERA_3': []}",C_WALKS_TO_CAMERA,CAMERA_2,NONE,,S_GREETS,CAMERA_2,NONE,can I help you?,
103,3,CAMERA_3,['CAMERA_3'],"{'CAMERA_1': [], 'CAMERA_2': [], 'CAMERA_3': []}",C_LOOKING_FOR_A_CAMERA,CAMERA_2,NONE,I'm looking for a camera,S_INTRODUCES_CAMERA,CAMERA_3,,Let me show you this. Here we have the Canon EOS 5D Mark III.,39~60
103,4,CAMERA_3,['CAMERA_3'],"{'CAMERA_1': [], 'CAMERA_2': [], 'CAMERA_3': ['resolution']}",C_QUESTION_ABOUT_FEATURE,CAMERA_3,resolution,what is the resolution,S_NOT_SURE,CAMERA_3,,I'm not really sure about that,
103,5,CAMERA_3,['CAMERA_3'],"{'CAMERA_1': [], 'CAMERA_2': [], 'CAMERA_3': ['resolution', 'settings']}",C_QUESTION_ABOUT_FEATURE,CAMERA_3,settings,what kind of settings does it have,S_ANSWERS_QUESTION_ABOUT_FEATURE,CAMERA_3,settings,This one has full manual control.,13~32
103,6,CAMERA_3,['CAMERA_3'],"{'CAMERA_1': [], 'CAMERA_2': [], 'CAMERA_3': ['resolution', 'settings', 'optical_zoom']}",C_QUESTION_ABOUT_FEATURE,CAMERA_3,optical_zoom,does it have optical zoom,S_NOT_SURE,CAMERA_3,,I'm not really sure about that,
103,7,CAMERA_3,['CAMERA_3'],"{'CAMERA_1': [], 'CAMERA_2': [], 'CAMERA_3': ['resolution', 'settings', 'optical_zoom', 'long_exposure']}",C_SILENT_OR_BACKCHANNEL,CAMERA_3,NONE,okay,S_INTRODUCES_FEATURE,CAMERA_3,long_exposure,"This one can take long exposures up to up to 30 seconds, bulb mode: expose as long as you want.",39~94
103,8,CAMERA_3,['CAMERA_3'],"{'CAMERA_1': [], 'CAMERA_2': [], 'CAMERA_3': ['resolution', 'settings', 'optical_zoom', 'long_exposure', 'price']}",C_SILENT_OR_BACKCHANNEL,CAMERA_3,NONE,okay,S_INTRODUCES_FEATURE,CAMERA_3,price,This one costs $3706.,15~20
103,9,CAMERA_2,"['CAMERA_3', 'CAMERA_2']","{'CAMERA_1': [], 'CAMERA_2': [], 'CAMERA_3': ['resolution', 'settings', 'optical_zoom', 'long_exposure', 'price']}",C_ANYTHING_ELSE_AVAILABLE,CAMERA_3,NONE,ok do you have any other cameras,S_INTRODUCES_CAMERA,CAMERA_2,,Let me show you this. Here we have the Sony Alpha a6000.,39~55
103,10,CAMERA_2,"['CAMERA_3', 'CAMERA_2']","{'CAMERA_1': [], 'CAMERA_2': ['price'], 'CAMERA_3': ['resolution', 'settings', 'optical_zoom', 'long_exposure', 'price']}",C_SILENT_OR_BACKCHANNEL,CAMERA_2,NONE,I see,S_INTRODUCES_FEATURE,CAMERA_2,price,This one costs $1341.,15~20
103,11,CAMERA_2,"['CAMERA_3', 'CAMERA_2']","{'CAMERA_1': [], 'CAMERA_2': ['price', 'weight'], 'CAMERA_3': ['resolution', 'settings', 'optical_zoom', 'long_exposure', 'price']}",C_SILENT_OR_BACKCHANNEL,CAMERA_2,NONE,okay,S_INTRODUCES_FEATURE,CAMERA_2,weight,This one weighs 470 grams.,16~25
103,12,CAMERA_2,"['CAMERA_3', 'CAMERA_2']","{'CAMERA_1': [], 'CAMERA_2': ['price', 'weight', 'camera_type'], 'CAMERA_3': ['resolution', 'settings', 'optical_zoom', 'long_exposure', 'price']}",C_QUESTION_ABOUT_FEATURE,CAMERA_2,camera_type,what kind of camera is this,S_ANSWERS_QUESTION_ABOUT_FEATURE,CAMERA_2,camera_type,This is a mirrorless camera.,10~20
103,13,CAMERA_2,"['CAMERA_3', 'CAMERA_2']","{'CAMERA_1': [], 'CAMERA_2': ['price', 'weight', 'camera_type', 'optical_zoom'], 'CAMERA_3': ['resolution', 'settings', 'optical_zoom', 'long_exposure', 'price']}",C_QUESTION_ABOUT_FEATURE,CAMERA_2,optical_zoom,does it have optical zoom,S_NOT_SURE,CAMERA_2,,I'm not really sure about that,
103,14,CAMERA_2,"['CAMERA_3', 'CAMERA_2']","{'CAMERA_1': [], 'CAMERA_2': ['price', 'weight', 'camera_type', 'optical_zoom', 'autofocus_points'], 'CAMERA_3': ['resolution', 'settings', 'optical_zoom', 'long_exposure', 'price']}",C_QUESTION_ABOUT_FEATURE,CAMERA_2,autofocus_points,how many autofocus points does it have,S_ANSWERS_QUESTION_ABOUT_FEATURE,CAMERA_2,autofocus_points,This one has 179 autofocus points.,13~33
103,15,CAMERA_2,"['CAMERA_3', 'CAMERA_2']","{'CAMERA_1': [], 'CAMERA_2': ['price', 'weight', 'camera_type', 'optical_zoom', 'autofocus_points', 'long_exposure'], 'CAMERA_3': ['resolution', 'settings', 'optical_zoom', 'long_exposure', 'price']}",C_QUESTION_ABOUT_FEATURE,CAMERA_2,long_exposure,can it take long exposure shots,S_ANSWERS_QUESTION_ABOUT_FEATURE,CAMERA_2,long_exposure,This one can take long exposures up to up to 30 seconds.,39~55
103,16,CAMERA_2,"['CAMERA_3', 'CAMERA_2']","{'CAMERA_1': [], 'CAMERA_2': ['price', 'weight', 'camera_type', 'optical_zoom', 'autofocus_points', 'long_exposure', 'effects'], 'CAMERA_3': ['resolution', 'settings', 'optical_zoom', 'long_exposure', 'price']}",C_SILENT_OR_BACKCHANNEL,CAMERA_2,NONE,okay,S_INTRODUCES_FEATURE,CAMERA_2,effects,"This one has 13 artistic effect modes (e.g. toy camera, soft focus).",13~67
103,17,CAMERA_2,"['CAMERA_3', 'CAMERA_2']","{'CAMERA_1': [], 'CAMERA_2': ['price', 'weight', 'camera_type', 'optical_zoom', 'autofocus_points', 'long_exposure', 'effects', 'resolution'], 'CAMERA_3': ['resolution', 'settings', 'optical_zoom', 'long_exposure', 'price']}",C_QUESTION_ABOUT_FEATURE,CAMERA_2,resolution,what is the resolution,S_NOT_SURE,CAMERA_2,,I'm not really sure about that,
103,18,CAMERA_2,"['CAMERA_3', 'CAMERA_2']","{'CAMERA_1': [], 'CAMERA_2': ['price', 'weight', 'camera_type', 'optical_zoom', 'autofocus_points', 'long_exposure', 'effects', 'resolution', 'preset_modes'], 'CAMERA_3': ['resolution', 'settings', 'optical_zoom', 'long_exposure', 'price']}",C_QUESTION_ABOUT_FEATURE,CAMERA_2,preset_modes,does it have preset modes,S_ANSWERS_QUESTION_ABOUT_FEATURE,CAMERA_2,preset_modes,"This one has 9 preset modes (e.g. beach, snow, night, portrait).",13~63
103,19,CAMERA_2,"['CAMERA_3', 'CAMERA_2']","{'CAMERA_1': [], 'CAMERA_2': ['price', 'weight', 'camera_type', 'optical_zoom', 'autofocus_points', 'long_exposure', 'effects', 'resolution', 'preset_modes', 'ISO'], 'CAMERA_3': ['resolution', 'settings', 'optical_zoom', 'long_exposure', 'price']}",C_SILENT_OR_BACKCHANNEL,CAMERA_2,NONE,okay,S_INTRODUCES_FEATURE,CAMERA_2,ISO,This one has up to 3200 ISO with little noise.,13~45
103,20,CAMERA_2,"['CAMERA_3', 'CAMERA_2']","{'CAMERA_1': [], 'CAMERA_2': ['price', 'weight', 'camera_type', 'optical_zoom', 'autofocus_points', 'long_exposure', 'effects', 'resolution', 'preset_modes', 'ISO', 'color'], 'CAMERA_3': ['resolution', 'settings', 'optical_zoom', 'long_exposure', 'price']}",C_SILENT_OR_BACKCHANNEL,CAMERA_2,NONE,alright,S_INTRODUCES_FEATURE,CAMERA_2,color,"This one comes in white, silver, black.",18~38
103,21,CAMERA_1,"['CAMERA_3', 'CAMERA_2', 'CAMERA_1']","{'CAMERA_1': [], 'CAMERA_2': ['price', 'weight', 'camera_type', 'optical_zoom', 'autofocus_points', 'long_exposure', 'effects', 'resolution', 'preset_modes', 'ISO', 'color'], 'CAMERA_3': ['resolution', 'settings', 'optical_zoom', 'long_exposure', 'price']}",C_ANYTHING_ELSE_AVAILABLE,CAMERA_2,NONE,ok do you have any other cameras,S_INTRODUCES_CAMERA,CAMERA_1,,Let me show you this. Here we have the Nikon Coolpix S2800.,39~58
103,22,CAMERA_1,"['CAMERA_3', 'CAMERA_2', 'CAMERA_1']","{'CAMERA_1': ['optical_zoom'], 'CAMERA_2': ['price', 'weight', 'camera_type', 'optical_zoom', 'autofocus_points', 'long_exposure', 'effects', 'resolution', 'preset_modes', 'ISO', 'color'], 'CAMERA_3': ['resolution', 'settings', 'optical_zoom', 'long_exposure', 'price']}",C_QUESTION_ABOUT_FEATURE,CAMERA_1,optical_zoom,does it have optical zoom,S_ANSWERS_QUESTION_ABOUT_FEATURE,CAMERA_1,optical_zoom,This one has 5x optical zoom.,13~28
103,23,CAMERA_1,"['CAMERA_3', 'CAMERA_2', 'CAMERA_1']","{'CAMERA_1': ['optical_zoom', 'settings'], 'CAMERA_2': ['price', 'weight', 'camera_type', 'optical_zoom', 'autofocus_points', 'long_exposure', 'effects', 'resolution', 'preset_modes', 'ISO', 'color'], 'CAMERA_3': ['resolution', 'settings', 'optical_zoom', 'long_exposure', 'price']}",C_QUESTION_ABOUT_FEATURE,CAMERA_1,settings,what kind of settings does it have,S_ANSWERS_QUESTION_ABOUT_FEATURE,CAMERA_1,settings,This one has limited manual settings.,13~36
103,24,CAMERA_1,"['CAMERA_3', 'CAMERA_2', 'CAMERA_1']","{'CAMERA_1': ['optical_zoom', 'settings', 'preset_modes'], 'CAMERA_2': ['price', 'weight', 'camera_type', 'optical_zoom', 'autofocus_points', 'long_exposure', 'effects', 'resolution', 'preset_modes', 'ISO', 'color'], 'CAMERA_3': ['resolution', 'settings', 'optical_zoom', 'long_exposure', 'price']}",C_SILENT_OR_BACKCHANNEL,CAMERA_1,NONE,I see,S_INTRODUCES_FEATURE,CAMERA_1,preset_modes,"This one has 18 preset modes (e.g. beach, snow, night portrait).",13~63
103,25,CAMERA_1,"['CAMERA_3', 'CAMERA_2', 'CAMERA_1']","{'CAMERA_1': ['optical_zoom', 'settings', 'preset_modes', 'camera_type'], 'CAMERA_2': ['price', 'weight', 'camera_type', 'optical_zoom', 'autofocus_points', 'long_exposure', 'effects', 'resolution', 'preset_modes', 'ISO', 'color'], 'CAMERA_3': ['resolution', 'settings', 'optical_zoom', 'long_exposure', 'price']}",C_SILENT_OR_BACKCHANNEL,CAMERA_1,NONE,okay,S_INTRODUCES_FEATURE,CAMERA_1,camera_type,This is a point and shoot camera.,10~25
103,26,,"['CAMERA_3', 'CAMERA_2', 'CAMERA_1']","{'CAMERA_1': ['optical_zoom', 'settings', 'preset_modes', 'camera_type'], 'CAMERA_2': ['price', 'weight', 'camera_type', 'optical_zoom', 'autofocus_points', 'long_exposure', 'effects', 'resolution', 'preset_modes', 'ISO', 'color'], 'CAMERA_3': ['resolution', 'settings', 'optical_zoom', 'long_exposure', 'price']}",C_ANYTHING_ELSE_AVAILABLE,CAMERA_1,NONE,ok do you have any other cameras,S_THATS_ALL_WE_HAVE_AVAILABLE,CAMERA_1,,That’s all we have available at the moment.,
103,27,NONE,"['CAMERA_3', 'CAMERA_2', 'CAMERA_1']","{'CAMERA_1': ['optical_zoom', 'settings', 'preset_modes', 'camera_type'], 'CAMERA_2': ['price', 'weight', 'camera_type', 'optical_zoom', 'autofocus_points', 'long_exposure', 'effects', 'resolution', 'preset_modes', 'ISO', 'color'], 'CAMERA_3': ['resolution', 'settings', 'optical_zoom', 'long_exposure', 'price']}",C_THANK_YOU,CAMERA_1,NONE,thank you for your help,S_THANK_YOU,CAMERA_1,NONE,thank you very much,
103,28,NONE,"['CAMERA_3', 'CAMERA_2', 'CAMERA_1']","{'CAMERA_1': ['optical_zoom', 'settings', 'preset_modes', 'camera_type'], 'CAMERA_2': ['price', 'weight', 'camera_type', 'optical_zoom', 'autofocus_points', 'long_exposure', 'effects', 'resolution', 'preset_modes', 'ISO', 'color'], 'CAMERA_3': ['resolution', 'settings', 'optical_zoom', 'long_exposure', 'price']}",C_LEAVES,DOOR,NONE,,S_RETURNS_TO_COUNTER,SERVICE_COUNTER,NONE,,
104,1,NONE,[],"{'CAMERA_1': [], 'CAMERA_2': [], 'CAMERA_3': []}",C_ENTERS,DOOR,NONE,,S_NONE,SERVICE_COUNTER,NONE,,
104,2,NONE,[],"{'CAMERA_1': [], 'CAMERA_2': [], 'CAMERA_3': []}",C_WALKS_TO_CAMERA,CAMERA_2,NONE,,S_NONE,SERVICE_COUNTER,NONE,,
104,3,CAMERA_2,['CAMERA_2'],"{'CAMERA_1': [], 'CAMERA_2': ['weight'], 'CAMERA_3': []}",C_QUESTION_ABOUT_FEATURE,CAMERA_2,weight,how much does this one weigh,S_ANSWERS_QUESTION_ABOUT_FEATURE,CAMERA_2,weight,This one weighs 470 grams.,16~25
104,4,CAMERA_2,['CAMERA_2'],"{'CAMERA_1': [], 'CAMERA_2': ['weight', 'autofocus_points'], 'CAMERA_3': []}",C_QUESTION_ABOUT_FEATURE,CAMERA_2,autofocus_points,how many autofocus points does it have,S_ANSWERS_QUESTION_ABOUT_FEATURE,CAMERA_2,autofocus_points,This one has 179 autofocus points.,13~33
104,5,NONE,['CAMERA_2'],"{'CAMERA_1': [], 'CAMERA_2': ['weight', 'autofocus_points'], 'CAMERA_3': []}",C_THANK_YOU,CAMERA_2,NONE,thank you for your help,S_THANK_YOU,CAMERA_2,NONE,thank you very much,
104,6,NONE,['CAMERA_2'],"{'CAMERA_1': [], 'CAMERA_2': ['weight', 'autofocus_points'], 'CAMERA_3': []}",C_LEAVES,DOOR,NONE,,S_RETURNS_TO_COUNTER,SERVICE_COUNTER,NONE,,
105,1,NONE,[],"{'CAMERA_1': [], 'CAMERA_2': [], 'CAMERA_3': []}",C_ENTERS,DOOR,NONE,,S_NONE,SERVICE_COUNTER,NONE,,
105,2,NONE,[],"{'CAMERA_1': [], 'CAMERA_2': [], 'CAMERA_3': []}",C_WALKS_TO_CAMERA,CAMERA_2,NONE,,S_GREETS,CAMERA_2,NONE,can I help you?,
105,3,CAMERA_1,['CAMERA_1'],"{'CAMERA_1': [], 'CAMERA_2': [], 'CAMERA_3': []}",C_LOOKING_FOR_A_CAMERA,CAMERA_2,NONE,I'm looking for a camera,S_INTRODUCES_CAMERA,CAMERA_1,,Let me show you this. Here we have the Nikon Coolpix S2800.,39~58
105,4,CAMERA_1,['CAMERA_1'],"{'CAMERA_1': ['settings'], 'CAMERA_2': [], 'CAMERA_3': []}",C_QUESTION_ABOUT_FEATURE,CAMERA_1,settings,what kind of settings does it have,S_ANSWERS_QUESTION_ABOUT_FEATURE,CAMERA_1,settings,This one has limited manual settings.,13~36
105,5,CAMERA_1,['CAMERA_1'],"{'CAMERA_1': ['settings', 'weight'], 'CAMERA_2': [], 'CAMERA_3': []}",C_QUESTION_ABOUT_FEATURE,CAMERA_1,weight,how much does this one weigh,S_ANSWERS_QUESTION_ABOUT_FEATURE,CAMERA_1,weight,This one weighs 120 grams.,16~25
105,6,CAMERA_1,['CAMERA_1'],"{'CAMERA_1': ['settings', 'weight', 'effects'], 'CAMERA_2': [], 'CAMERA_3': []}",C_QUESTION_ABOUT_FEATURE,CAMERA_1,effects,does it have any effect modes,S_ANSWERS_QUESTION_ABOUT_FEATURE,CAMERA_1,effects,"This one has 12 glamor retouch effects (e.g. skin softening, small face, big eyes).",13~82
105,7,CAMERA_1,['CAMERA_1'],"{'CAMERA_1': ['settings', 'weight', 'effects', 'price'], 'CAMERA_2': [], 'CAMERA_3': []}",C_QUESTION_ABOUT_FEATURE,CAMERA_1,price,how much does it cost,S_ANSWERS_QUESTION_ABOUT_FEATURE,CAMERA_1,price,This one costs $2173.,15~20
105,8,CAMERA_1,['CAMERA_1'],"{'CAMERA_1': ['settings', 'weight', 'effects', 'price', 'color'], 'CAMERA_2': [], 'CAMERA_3': []}",C_QUESTION_ABOUT_FEATURE,CAMERA_1,color,what colors does this one come in,S_ANSWERS_QUESTION_ABOUT_FEATURE,CAMERA_1,color,"This one comes in purple, pink, black, silver, red.",18~50
105,9,CAMERA_1,['CAMERA_1'],"{'CAMERA_1': ['settings', 'weight', 'effects', 'price', 'color', 'resolution'], 'CAMERA_2': [], 'CAMERA_3': []}",C_SILENT_OR_BACKCHANNEL,CAMERA_1,NONE,alright,S_INTRODUCES_FEATURE,CAMERA_1,resolution,This one has 20.1 megapixels resolution.,13~28
105,10,NONE,['CAMERA_1'],"{'CAMERA_1': ['settings', 'weight', 'effects', 'price', 'color', 'resolution'], 'CAMERA_2': [], 'CAMERA_3': []}",C_THANK_YOU,CAMERA_1,NONE,thank you for your help,S_THANK_YOU,CAMERA_1,NONE,thank you very much,
105,11,NONE,['CAMERA_1'],"{'CAMERA_1': ['settings', 'weight', 'effects', 'price', 'color', 'resolution'], 'CAMERA_2': [], 'CAMERA_3': []}",C_LEAVES,DOOR,NONE,,S_RETURNS_TO_COUNTER,SERVICE_COUNTER,NONE,,
106,1,NONE,[],"{'CAMERA_1': [], 'CAMERA_2': [], 'CAMERA_3': []}",C_ENTERS,DOOR,NONE,,S_NONE,SERVICE_COUNTER,NONE,,
106,2,NONE,[],"{'CAMERA_1': [], 'CAMERA_2': [], 'CAMERA_3': []}",C_GREETS,MIDDLE,NONE,hello,S_GREETS,MIDDLE,NONE,can I help you?,
106,3,CAMERA_1,['CAMERA_1'],"{'CAMERA_1': [], 'CAMERA_2': [], 'CAMERA_3': []}",C_LOOKING_FOR_A_CAMERA,MIDDLE,NONE,I'm looking for a camera,S_INTRODUCES_CAMERA,CAMERA_1,,Let me show you this. Here we have the Nikon Coolpix S2800.,39~58
106,4,CAMERA_1,['CAMERA_1'],"{'CAMERA_1': ['optical_zoom'], 'CAMERA_2': [], 'CAMERA_3': []}",C_QUESTION_ABOUT_FEATURE,CAMERA_1,optical_zoom,does it have optical zoom,S_ANSWERS_QUESTION_ABOUT_FEATURE,CAMERA_1,optical_zoom,This one has 5x optical zoom.,13~28
106,5,CAMERA_1,['CAMERA_1'],"{'CAMERA_1': ['optical_zoom', 'sensor_size'], 'CAMERA_2': [], 'CAMERA_3': []}",C_QUESTION_ABOUT_FEATURE,CAMERA_1,sensor_size,what is the sensor size,S_NOT_SURE,CAMERA_1,,I'm not really sure about that,
106,6,CAMERA_1,['CAMERA_1'],"{'CAMERA_1': ['optical_zoom', 'sensor_size', 'preset_modes'], 'CAMERA_2': [], 'CAMERA_3': []}",C_SILENT_OR_BACKCHANNEL,CAMERA_1,NONE,I see,S_INTRODUCES_FEATURE,CAMERA_1,preset_modes,"This one has 18 preset modes (e.g. beach, snow, night portrait).",13~63
106,7,CAMERA_1,['CAMERA_1'],"{'CAMERA_1': ['optical_zoom', 'sensor_size', 'preset_modes', 'color'], 'CAMERA_2': [], 'CAMERA_3': []}",C_SILENT_OR_BACKCHANNEL,CAMERA_1,NONE,I see,S_INTRODUCES_FEATURE,CAMERA_1,color,"This one comes in purple, pink, black, silver, red.",18~50
106,8,CAMERA_1,['CAMERA_1'],"{'CAMERA_1': ['optical_zoom', 'sensor_size', 'preset_modes', 'color', 'price'], 'CAMERA_2': [], 'CAMERA_3': []}",C_QUESTION_ABOUT_FEATURE,CAMERA_1,price,how much does it cost,S_ANSWERS_QUESTION_ABOUT_FEATURE,CAMERA_1,price,This one costs $2173.,15~20
106,9,CAMERA_1,['CAMERA_1'],"{'CAMERA_1': ['optical_zoom', 'sensor_size', 'preset_modes', 'color', 'price', 'autofocus_points'], 'CAMERA_2': [], 'CAMERA_3': []}",C_QUESTION_ABOUT_FEATURE,CAMERA_1,autofocus_points,how many autofocus points does it have,S_NOT_SURE,CAMERA_1,,I'm not really sure about that,
106,10,CAMERA_1,['CAMERA_1'],"{'CAMERA_1': ['optical_zoom', 'sensor_size', 'preset_modes', 'color', 'price', 'autofocus_points', 'camera_type'], 'CAMERA_2': [], 'CAMERA_3': []}",C_SILENT_OR_BACKCHANNEL,CAMERA_1,NONE,I see,S_INTRODUCES_FEATURE,CAMERA_1,camera_type,This is a point and shoot camera.,10~25
106,11,CAMERA_2,"['CAMERA_1', 'CAMERA_2']","{'CAMERA_1': ['optical_zoom', 'sensor_size', 'preset_modes', 'color', 'price', 'autofocus_points', 'camera_type'], 'CAMERA_2': [], 'CAMERA_3': []}",C_ANYTHING_ELSE_AVAILABLE,CAMERA_1,NONE,ok do you have any other cameras,S_INTRODUCES_CAMERA,CAMERA_2,,Let me show you this. Here we have the Sony Alpha a6000.,39~55
106,12,CAMERA_2,"['CAMERA_1', 'CAMERA_2']","{'CAMERA_1': ['optical_zoom', 'sensor_size', 'preset_modes', 'color', 'price', 'autofocus_points', 'camera_type'], 'CAMERA_2': ['ISO'], 'CAMERA_3': []}",C_SILENT_OR_BACKCHANNEL,CAMERA_2,NONE,okay,S_INTRODUCES_FEATURE,CAMERA_2,ISO,This one has up to 3200 ISO with little noise.,13~45
106,13,CAMERA_3,"['CAMERA_1', 'CAMERA_2', 'CAMERA_3']","{'CAMERA_1': ['optical_zoom', 'sensor_size', 'preset_modes', 'color', 'price', 'autofocus_points', 'camera_type'], 'CAMERA_2': ['ISO'], 'CAMERA_3': []}",C_ANYTHING_ELSE_AVAILABLE,CAMERA_2,NONE,ok do you have any other cameras,S_INTRODUCES_CAMERA,CAMERA_3,,Let me show you this. Here we have the Canon EOS 5D Mark III.,39~60
106,14,CAMERA_3,"['CAMERA_1', 'CAMERA_2', 'CAMERA_3']","{'CAMERA_1': ['optical_zoom', 'sensor_size', 'preset_modes', 'color', 'price', 'autofocus_points', 'camera_type'], 'CAMERA_2': ['ISO'], 'CAMERA_3': ['ISO']}",C_SILENT_OR_BACKCHANNEL,CAMERA_3,NONE,alright,S_INTRODUCES_FEATURE,CAMERA_3,ISO,This one has up to 6400 ISO with little noise.,13~45
106,15,NONE,"['CAMERA_1', 'CAMERA_2', 'CAMERA_3']","{'CAMERA_1': ['optical_zoom', 'sensor_size', 'preset_modes', 'color', 'price', 'autofocus_points', 'camera_type'], 'CAMERA_2': ['ISO'], 'CAMERA_3': ['ISO']}",C_THANK_YOU,CAMERA_3,NONE,thank you for your help,S_THANK_YOU,CAMERA_3,NONE,thank you very much,
106,16,NONE,"['CAMERA_1', 'CAMERA_2', 'CAMERA_3']","{'CAMERA_1': ['optical_zoom', 'sensor_size', 'preset_modes', 'color', 'price', 'autofocus_points', 'camera_type'], 'CAMERA_2': ['ISO'], 'CAMERA_3': ['ISO']}",C_LEAVES,DOOR,NONE,,S_RETURNS_TO_COUNTER,SERVICE_COUNTER,NONE,,
107,1,NONE,[],"{'CAMERA_1': [], 'CAMERA_2': [], 'CAMERA_3': []}",C_ENTERS,DOOR,NONE,,S_NONE,SERVICE_COUNTER,NONE,,
107,2,NONE,[],"{'CAMERA_1': [], 'CAMERA_2': [], 'CAMERA_3': []}",C_GREETS,MIDDLE,NONE,hello,S_GREETS,MIDDLE,NONE,can I help you?,
107,3,CAMERA_3,['CAMERA_3'],"{'CAMERA_1': [], 'CAMERA_2': [], 'CAMERA_3': []}",C_LOOKING_FOR_A_CAMERA,MIDDLE,NONE,I'm looking for a camera,S_INTRODUCES_CAMERA,CAMERA_3,,Let me show you this. Here we have the Canon EOS 5D Mark III.,39~60
107,4,CAMERA_3,['CAMERA_3'],"{'CAMERA_1': [], 'CAMERA_2': [], 'CAMERA_3': ['price']}",C_SILENT_OR_BACKCHANNEL,CAMERA_3,NONE,okay,S_INTRODUCES_FEATURE,CAMERA_3,price,This one costs $3706.,15~20
107,5,CAMERA_3,['CAMERA_3'],"{'CAMERA_1': [], 'CAMERA_2': [], 'CAMERA_3': ['price', 'color']}",C_SILENT_OR_BACKCHANNEL,CAMERA_3,NONE,alright,S_INTRODUCES_FEATURE,CAMERA_3,color,This one comes in black.,18~23
107,6,CAMERA_1,"['CAMERA_3', 'CAMERA_1']","{'CAMERA_1': [], 'CAMERA_2': [], 'CAMERA_3': ['price', 'color']}",C_ANYTHING_ELSE_AVAILABLE,CAMERA_3,NONE,ok do you have any other cameras,S_INTRODUCES_CAMERA,CAMERA_1,,Let me show you this. Here we have the Nikon Coolpix S2800.,39~58
107,7,CAMERA_1,"['CAMERA_3', 'CAMERA_1']","{'CAMERA_1': ['settings'], 'CAMERA_2': [], 'CAMERA_3': ['price', 'color']}",C_SILENT_OR_BACKCHANNEL,CAMERA_1,NONE,I see,S_INTRODUCES_FEATURE,CAMERA_1,settings,This one has limited manual settings.,13~36
107,8,CAMERA_1,"['CAMERA_3', 'CAMERA_1']","{'CAMERA_1': ['settings', 'price'], 'CAMERA_2': [], 'CAMERA_3': ['price', 'color']}",C_SILENT_OR_BACKCHANNEL,CAMERA_1,NONE,okay,S_INTRODUCES_FEATURE,CAMERA_1,price,This one costs $2173.,15~20
107,9,NONE,"['CAMERA_3', 'CAMERA_1']","{'CAMERA_1': ['settings', 'price'], 'CAMERA_2': [], 'CAMERA_3': ['price', 'color']}",C_THANK_YOU,CAMERA_1,NONE,thank you for your help,S_THANK_YOU,CAMERA_1,NONE,thank you very much,
107,10,NONE,"['CAMERA_3', 'CAMERA_1']","{'CAMERA_1': ['settings', 'price'], 'CAMERA_2': [], 'CAMERA_3': ['price', 'color']}",C_LEAVES,DOOR,NONE,,S_RETURNS_TO_COUNTER,SERVICE_COUNTER,NONE,,
108,1,NONE,[],"{'CAMERA_1': [], 'CAMERA_2': [], 'CAMERA_3': []}",C_ENTERS,DOOR,NONE,,S_NONE,SERVICE_COUNTER,NONE,,
108,2,NONE,[],"{'CAMERA_1': [], 'CAMERA_2': [], 'CAMERA_3': []}",C_WALKS_TO_CAMERA,CAMERA_2,NONE,,S_GREETS,CAMERA_2,NONE,can I help you?,
108,3,CAMERA_3,['CAMERA_3'],"{'CAMERA_1': [], 'CAMERA_2': [], 'CAMERA_3': []}",C_LOOKING_FOR_A_CAMERA,CAMERA_2,NONE,I'm looking for a camera,S_INTRODUCES_CAMERA,CAMERA_3,,Let me show you this. Here we have the Canon EOS 5D Mark III.,39~60
108,4,CAMERA_3,['CAMERA_3'],"{'CAMERA_1': [], 'CAMERA_2': [], 'CAMERA_3': ['optical_zoom']}",C_QUESTION_ABOUT_FEATURE,CAMERA_3,optical_zoom,does it have optical zoom,S_NOT_SURE,CAMERA_3,,I'm not really sure about that,
108,5,CAMERA_3,['CAMERA_3'],"{'CAMERA_1': [], 'CAMERA_2': [], 'CAMERA_3': ['optical_zoom', 'ISO']}",C_SILENT_OR_BACKCHANNEL,CAMERA_3,NONE,okay,S_INTRODUCES_FEATURE,CAMERA_3,ISO,This one has up to 6400 ISO with little noise.,13~45
108,6,CAMERA_3,['CAMERA_3'],"{'CAMERA_1': [], 'CAMERA_2': [], 'CAMERA_3': ['optical_zoom', 'ISO', 'autofocus_points']}",C_SILENT_OR_BACKCHANNEL,CAMERA_3,NONE,alright,S_INTRODUCES_FEATURE,CAMERA_3,autofocus_points,This one has 61 autofocus points.,13~32
108,7,CAMERA_2,"['CAMERA_3', 'CAMERA_2']","{'CAMERA_1': [], 'CAMERA_2': [], 'CAMERA_3': ['optical_zoom', 'ISO', 'autofocus_points']}",C_ANYTHING_ELSE_AVAILABLE,CAMERA_3,NONE,ok do you have any other cameras,S_INTRODUCES_CAMERA,CAMERA_2,,Let me show you this. Here we have the Sony Alpha a6000.,39~55
108,8,CAMERA_2,"['CAMERA_3', 'CAMERA_2']","{'CAMERA_1': [], 'CAMERA_2': ['price'], 'CAMERA_3': ['optical_zoom', 'ISO', 'autofocus_points']}",C_SILENT_OR_BACKCHANNEL,CAMERA_2,NONE,okay,S_INTRODUCES_FEATURE,CAMERA_2,price,This one costs $1341.,15~20
108,9,NONE,"['CAMERA_3', 'CAMERA_2']","{'CAMERA_1': [], 'CAMERA_2': ['price'], 'CAMERA_3': ['optical_zoom', 'ISO', 'autofocus_points']}",C_THANK_YOU,CAMERA_2,NONE,thank you for your help,S_THANK_YOU,CAMERA_2,NONE,thank you very much,
108,10,NONE,"['CAMERA_3', 'CAMERA_2']","{'CAMERA_1': [], 'CAMERA_2': ['price'], 'CAMERA_3': ['optical_zoom', 'ISO', 'autofocus_points']}",C_LEAVES,DOOR,NONE,,S_RETURNS_TO_COUNTER,SERVICE_COUNTER,NONE,,
109,1,NONE,[],"{'CAMERA_1': [], 'CAMERA_2': [], 'CAMERA_3': []}",C_ENTERS,DOOR,NONE,,S_NONE,SERVICE_COUNTER,NONE,,
109,2,NONE,[],"{'CAMERA_1': [], 'CAMERA_2': [], 'CAMERA_3': []}",C_GREETS,MIDDLE,NONE,hello,S_GREETS,MIDDLE,NONE,can I help you?,
109,3,CAMERA_3,['CAMERA_3'],"{'CAMERA_1': [], 'CAMERA_2': [], 'CAMERA_3': []}",C_LOOKING_FOR_A_CAMERA,MIDDLE,NONE,I'm looking for a camera,S_INTRODUCES_CAMERA,CAMERA_3,,Let me show you this. Here we have the Canon EOS 5D Mark III.,39~60
109,4,CAMERA_3,['CAMERA_3'],"{'CAMERA_1': [], 'CAMERA_2': [], 'CAMERA_3': ['price']}",C_SILENT_OR_BACKCHANNEL,CAMERA_3,NONE,alright,S_INTRODUCES_FEATURE,CAMERA_3,price,This one costs $3706.,15~20
109,5,CAMERA_3,['CAMERA_3'],"{'CAMERA_1': [], 'CAMERA_2': [], 'CAMERA_3': ['price', 'camera_type']}",C_QUESTION_ABOUT_FEATURE,CAMERA_3,camera_type,what kind of camera is this,S_ANSWERS_QUESTION_ABOUT_FEATURE,CAMERA_3,camera_type,This is a DSLR camera.,10~14
109,6,NONE,['CAMERA_3'],"{'CAMERA_1': [], 'CAMERA_2': [], 'CAMERA_3': ['price', 'camera_type']}",C_THANK_YOU,CAMERA_3,NONE,thank you for your help,S_THANK_YOU,CAMERA_3,NONE,thank you very much,
109,7,NONE,['CAMERA_3'],"{'CAMERA_1': [], 'CAMERA_2': [], 'CAMERA_3': ['price', 'camera_type']}",C_LEAVES,DOOR,NONE,,S_RETURNS_TO_COUNTER,SERVICE_COUNTER,NONE,,
110,1,NONE,[],"{'CAMERA_1': [], 'CAMERA_2': [], 'CAMERA_3': []}",C_ENTERS,DOOR,NONE,,S_NONE,SERVICE_COUNTER,NONE,,
110,2,NONE,[],"{'CAMERA_1': [], 'CAMERA_2': [], 'CAMERA_3': []}",C_WALKS_TO_CAMERA,CAMERA_2,NONE,,S_NONE,SERVICE_COUNTER,NONE,,
110,3,CAMERA_2,['CAMERA_2'],"{'CAMERA_1': [], 'CAMERA_2': ['camera_type'], 'CAMERA_3': []}",C_QUESTION_ABOUT_FEATURE,CAMERA_2,camera_type,what kind of camera is this,S_ANSWERS_QUESTION_ABOUT_FEATURE,CAMERA_2,camera_type,This is a mirrorless camera.,10~20
110,4,NONE,['CAMERA_2'],"{'CAMERA_1': [], 'CAMERA_2': ['camera_type'], 'CAMERA_3': []}",C_THANK_YOU,CAMERA_2,NONE,thank you for your help,S_THANK_YOU,CAMERA_2,NONE,thank you very much,
110,5,NONE,['CAMERA_2'],"{'CAMERA_1': [], 'CAMERA_2': ['camera_type'], 'CAMERA_3': []}",C_LEAVES,DOOR,NONE,,S_RETURNS_TO_COUNTER,SERVICE_COUNTER,NONE,,
111,1,NONE,[],"{'CAMERA_1': [], 'CAMERA_2': [], 'CAMERA_3': []}",C_ENTERS,DOOR,NONE,,S_NONE,SERVICE_COUNTER,NONE,,
111,2,NONE,[],"{'CAMERA_1': [], 'CAMERA_2': [], 'CAMERA_3': []}",C_GREETS,MIDDLE,NONE,hello,S_GREETS,MIDDLE,NONE,can I help you?,
111,3,CAMERA_2,['CAMERA_2'],"{'CAMERA_1': [], 'CAMERA_2': [], 'CAMERA_3': []}",C_LOOKING_FOR_A_CAMERA,MIDDLE,NONE,I'm looking for a camera,S_INTRODUCES_CAMERA,CAMERA_2,,Let me show you this. Here we have the Sony Alpha a6000.,39~55
111,4,CAMERA_2,['CAMERA_2'],"{'CAMERA_1': [], 'CAMERA_2': ['long_exposure'], 'CAMERA_3': []}",C_QUESTION_ABOUT_FEATURE,CAMERA_2,long_exposure,can it take long exposure shots,S_ANSWERS_QUESTION_ABOUT_FEATURE,CAMERA_2,long_exposure,This one can take long exposures up to up to 30 seconds.,39~55
111,5,CAMERA_2,['CAMERA_2'],"{'CAMERA_1': [], 'CAMERA_2': ['long_exposure', 'preset_modes'], 'CAMERA_3': []}",C_QUESTION_ABOUT_FEATURE,CAMERA_2,preset_modes,does it have preset modes,S_ANSWERS_QUESTION_ABOUT_FEATURE,CAMERA_2,preset_modes,"This one has 9 preset modes (e.g. beach, snow, night, portrait).",13~63
111,6,CAMERA_2,['CAMERA_2'],"{'CAMERA_1': [], 'CAMERA_2': ['long_exposure', 'preset_modes', 'effects'], 'CAMERA_3': []}",C_QUESTION_ABOUT_FEATURE,CAMERA_2,effects,does it have any effect modes,S_ANSWERS_QUESTION_ABOUT_FEATURE,CAMERA_2,effects,"This one has 13 artistic effect modes (e.g. toy camera, soft focus).",13~67
111,7,CAMERA_2,['CAMERA_2'],"{'CAMERA_1': [], 'CAMERA_2': ['long_exposure', 'preset_modes', 'effects', 'price'], 'CAMERA_3': []}",C_QUESTION_ABOUT_FEATURE,CAMERA_2,price,how much does it cost,S_ANSWERS_QUESTION_ABOUT_FEATURE,CAMERA_2,price,This one costs $1341.,15~20
111,8,CAMERA_2,['CAMERA_2'],"{'CAMERA_1': [], 'CAMERA_2': ['long_exposure', 'preset_modes', 'effects', 'price', 'camera_type'], 'CAMERA_3': []}",C_SILENT_OR_BACKCHANNEL,CAMERA_2,NONE,okay,S_INTRODUCES_FEATURE,CAMERA_2,camera_type,This is a mirrorless camera.,10~20
111,9,CAMERA_2,['CAMERA_2'],"{'CAMERA_1': [], 'CAMERA_2': ['long_exposure', 'preset_modes', 'effects', 'price', 'camera_type', 'settings'], 'CAMERA_3': []}",C_SILENT_OR_BACKCHANNEL,CAMERA_2,NONE,alright,S_INTRODUCES_FEATURE,CAMERA_2,settings,This one has full manual control.,13~32
111,10,CAMERA_2,['CAMERA_2'],"{'CAMERA_1': [], 'CAMERA_2': ['long_exposure', 'preset_modes', 'effects', 'price', 'camera_type', 'settings', 'ISO'], 'CAMERA_3': []}",C_SILENT_OR_BACKCHANNEL,CAMERA_2,NONE,I see,S_INTRODUCES_FEATURE,CAMERA_2,ISO,This one has up to 3200 ISO with little noise.,13~45
111,11,CAMERA_2,['CAMERA_2'],"{'CAMERA_1': [], 'CAMERA_2': ['long_exposure', 'preset_modes', 'effects', 'price', 'camera_type', 'settings', 'ISO', 'autofocus_points'], 'CAMERA_3': []}",C_QUESTION_ABOUT_FEATURE,CAMERA_2,autofocus_points,how many autofocus points does it have,S_ANSWERS_QUESTION_ABOUT_FEATURE,CAMERA_2,autofocus_points,This one has 179 autofocus points.,13~33
111,12,CAMERA_2,['CAMERA_2'],"{'CAMERA_1': [], 'CAMERA_2': ['long_exposure', 'preset_modes', 'effects', 'price', 'camera_type', 'settings', 'ISO', 'autofocus_points', 'weight'], 'CAMERA_3': []}",C_SILENT_OR_BACKCHANNEL,CAMERA_2,NONE,alright,S_INTRODUCES_FEATURE,CAMERA_2,weight,This one weighs 470 grams.,16~25
111,13,NONE,['CAMERA_2'],"{'CAMERA_1': [], 'CAMERA_2': ['long_exposure', 'preset_modes', 'effects', 'price', 'camera_type', 'settings', 'ISO', 'autofocus_points', 'weight'], 'CAMERA_3': []}",C_THANK_YOU,CAMERA_2,NONE,thank you for your help,S_THANK_YOU,CAMERA_2,NONE,thank you very much,
111,14,NONE,['CAMERA_2'],"{'CAMERA_1': [], 'CAMERA_2': ['long_exposure', 'preset_modes', 'effects', 'price', 'camera_type', 'settings', 'ISO', 'autofocus_points', 'weight'], 'CAMERA_3': []}",C_LEAVES,DOOR,NONE,,S_RETURNS_TO_COUNTER,SERVICE_COUNTER,NONE,,
112,1,NONE,[],"{'CAMERA_1': [], 'CAMERA_2': [], 'CAMERA_3': []}",C_ENTERS,DOOR,NONE,,S_NONE,SERVICE_COUNTER,NONE,,
112,2,NONE,[],"{'CAMERA_1': [], 'CAMERA_2': [], 'CAMERA_3': []}",C_WALKS_TO_CAMERA,CAMERA_2,NONE,,S_GREETS,CAMERA_2,NONE,can I help you?,
112,3,CAMERA_1,['CAMERA_1'],"{'CAMERA_1': [], 'CAMERA_2': [], 'CAMERA_3': []}",C_LOOKING_FOR_A_CAMERA,CAMERA_2,NONE,I'm looking for a camera,S_INTRODUCES_CAMERA,CAMERA_1,,Let me show you this. Here we have the Nikon Coolpix S2800.,39~58
112,4,CAMERA_1,['CAMERA_1'],"{'CAMERA_1': ['resolution'], 'CAMERA_2': [], 'CAMERA_3': []}",C_QUESTION_ABOUT_FEATURE,CAMERA_1,resolution,what is the resolution,S_ANSWERS_QUESTION_ABOUT_FEATURE,CAMERA_1,resolution,This one has 20.1 megapixels resolution.,13~28
112,5,CAMERA_1,['CAMERA_1'],"{'CAMERA_1': ['resolution', 'sensor_size'], 'CAMERA_2': [], 'CAMERA_3': []}",C_QUESTION_ABOUT_FEATURE,CAMERA_1,sensor_size,what is the sensor size,S_NOT_SURE,CAMERA_1,,I'm not really sure about that,
112,6,CAMERA_2,"['CAMERA_1', 'CAMERA_2']","{'CAMERA_1': ['resolution', 'sensor_size'], 'CAMERA_2': [], 'CAMERA_3': []}",C_ANYTHING_ELSE_AVAILABLE,CAMERA_1,NONE,ok do you have any other cameras,S_INTRODUCES_CAMERA,CAMERA_2,,Let me show you this. Here we have the Sony Alpha a6000.,39~55
112,7,CAMERA_2,"['CAMERA_1', 'CAMERA_2']","{'CAMERA_1': ['resolution', 'sensor_size'], 'CAMERA_2': ['ISO'], 'CAMERA_3': []}",C_SILENT_OR_BACKCHANNEL,CAMERA_2,NONE,okay,S_INTRODUCES_FEATURE,CAMERA_2,ISO,This one has up to 3200 ISO with little noise.,13~45
112,8,CAMERA_2,"['CAMERA_1', 'CAMERA_2']","{'CAMERA_1': ['resolution', 'sensor_size'], 'CAMERA_2': ['ISO', 'camera_type'], 'CAMERA_3': []}",C_SILENT_OR_BACKCHANNEL,CAMERA_2,NONE,alright,S_INTRODUCES_FEATURE,CAMERA_2,camera_type,This is a mirrorless camera.,10~20
112,9,CAMERA_2,"['CAMERA_1', 'CAMERA_2']","{'CAMERA_1': ['resolution', 'sensor_size'], 'CAMERA_2': ['ISO', 'camera_type', 'weight'], 'CAMERA_3': []}",C_QUESTION_ABOUT_FEATURE,CAMERA_2,weight,how much does this one weigh,S_ANSWERS_QUESTION_ABOUT_FEATURE,CAMERA_2,weight,This one weighs 470 grams.,16~25
112,10,CAMERA_2,"['CAMERA_1', 'CAMERA_2']","{'CAMERA_1': ['resolution', 'sensor_size'], 'CAMERA_2': ['ISO', 'camera_type', 'weight', 'price'], 'CAMERA_3': []}",C_QUESTION_ABOUT_FEATURE,CAMERA_2,price,how much does it cost,S_ANSWERS_QUESTION_ABOUT_FEATURE,CAMERA_2,price,This one costs $1341.,15~20
112,11,CAMERA_2,"['CAMERA_1', 'CAMERA_2']","{'CAMERA_1': ['resolution', 'sensor_size'], 'CAMERA_2': ['ISO', 'camera_type', 'weight', 'price', 'long_exposure'], 'CAMERA_3': []}",C_SILENT_OR_BACKCHANNEL,CAMERA_2,NONE,I see,S_INTRODUCES_FEATURE,CAMERA_2,long_exposure,This one can take long exposures up to up to 30 seconds.,39~55
112,12,CAMERA_3,"['CAMERA_1', 'CAMERA_2', 'CAMERA_3']","{'CAMERA_1': ['resolution', 'sensor_size'], 'CAMERA_2': ['ISO', 'camera_type', 'weight', 'price', 'long_exposure'], 'CAMERA_3': []}",C_ANYTHING_ELSE_AVAILABLE,CAMERA_2,NONE,ok do you have any other cameras,S_INTRODUCES_CAMERA,CAMERA_3,,Let me show you this. Here we have the Canon EOS 5D Mark III.,39~60
112,13,CAMERA_3,"['CAMERA_1', 'CAMERA_2', 'CAMERA_3']","{'CAMERA_1': ['resolution', 'sensor_size'], 'CAMERA_2': ['ISO', 'camera_type', 'weight', 'price', 'long_exposure'], 'CAMERA_3': ['price']}",C_QUESTION_ABOUT_FEATURE,CAMERA_3,price,how much does it cost,S_ANSWERS_QUESTION_ABOUT_FEATURE,CAMERA_3,price,This one costs $3706.,15~20
112,14,CAMERA_3,"['CAMERA_1', 'CAMERA_2', 'CAMERA_3']","{'CAMERA_1': ['resolution', 'sensor_size'], 'CAMERA_2': ['ISO', 'camera_type', 'weight', 'price', 'long_exposure'], 'CAMERA_3': ['price', 'effects']}",C_QUESTION_ABOUT_FEATURE,CAMERA_3,effects,does it have any effect modes,S_NOT_SURE,CAMERA_3,,I'm not really sure about that,
112,15,CAMERA_3,"['CAMERA_1', 'CAMERA_2', 'CAMERA_3']","{'CAMERA_1': ['resolution', 'sensor_size'], 'CAMERA_2': ['ISO', 'camera_type', 'weight', 'price', 'long_exposure'], 'CAMERA_3': ['price', 'effects', 'preset_modes']}",C_QUESTION_ABOUT_FEATURE,CAMERA_3,preset_modes,does it have preset modes,S_NOT_SURE,CAMERA_3,,I'm not really sure about that,
112,16,CAMERA_3,"['CAMERA_1', 'CAMERA_2', 'CAMERA_3']","{'CAMERA_1': ['resolution', 'sensor_size'], 'CAMERA_2': ['ISO', 'camera_type', 'weight', 'price', 'long_exposure'], 'CAMERA_3': ['price', 'effects', 'preset_modes', 'optical_zoom']}",C_QUESTION_ABOUT_FEATURE,CAMERA_3,optical_zoom,does it have optical zoom,S_NOT_SURE,CAMERA_3,,I'm not really sure about that,
112,17,CAMERA_3,"['CAMERA_1', 'CAMERA_2', 'CAMERA_3']","{'CAMERA_1': ['resolution', 'sensor_size'], 'CAMERA_2': ['ISO', 'camera_type', 'weight', 'price', 'long_exposure'], 'CAMERA_3': ['price', 'effects', 'preset_modes', 'optical_zoom', 'ISO']}",C_SILENT_OR_BACKCHANNEL,CAMERA_3,NONE,okay,S_INTRODUCES_FEATURE,CAMERA_3,ISO,This one has up to 6400 ISO with little noise.,13~45
112,18,CAMERA_3,"['CAMERA_1', 'CAMERA_2', 'CAMERA_3']","{'CAMERA_1': ['resolution', 'sensor_size'], 'CAMERA_2': ['ISO', 'camera_type', 'weight', 'price', 'long_exposure'], 'CAMERA_3': ['price', 'effects', 'preset_modes', 'optical_zoom', 'ISO', 'weight']}",C_SILENT_OR_BACKCHANNEL,CAMERA_3,NONE,I see,S_INTRODUCES_FEATURE,CAMERA_3,weight,This one weighs 950 grams (only body).,16~37
112,19,CAMERA_3,"['CAMERA_1', 'CAMERA_2', 'CAMERA_3']","{'CAMERA_1': ['resolution', 'sensor_size'], 'CAMERA_2': ['ISO', 'camera_type', 'weight', 'price', 'long_exposure'], 'CAMERA_3': ['price', 'effects', 'preset_modes', 'optical_zoom', 'ISO', 'weight', 'camera_type']}",C_SILENT_OR_BACKCHANNEL,CAMERA_3,NONE,alright,S_INTRODUCES_FEATURE,CAMERA_3,camera_type,This is a DSLR camera.,10~14
112,20,CAMERA_3,"['CAMERA_1', 'CAMERA_2', 'CAMERA_3']","{'CAMERA_1': ['resolution', 'sensor_size'], 'CAMERA_2': ['ISO', 'camera_type', 'weight', 'price', 'long_exposure'], 'CAMERA_3': ['price', 'effects', 'preset_modes', 'optical_zoom', 'ISO', 'weight', 'camera_type', 'sensor_size']}",C_SILENT_OR_BACKCHANNEL,CAMERA_3,NONE,alright,S_INTRODUCES_FEATURE,CAMERA_3,sensor_size,This one has a full frame.,15~25
112,21,CAMERA_3,"['CAMERA_1', 'CAMERA_2', 'CAMERA_3']","{'CAMERA_1': ['resolution', 'sensor_size'], 'CAMERA_2': ['ISO', 'camera_type', 'weight', 'price', 'long_exposure'], 'CAMERA_3': ['price', 'effects', 'preset_modes', 'optical_zoom', 'ISO', 'weight', 'camera_type', 'sensor_size', 'resolution']}",C_QUESTION_ABOUT_FEATURE,CAMERA_3,resolution,what is the resolution,S_NOT_SURE,CAMERA_3,,I'm not really sure about that,
112,22,NONE,"['CAMERA_1', 'CAMERA_2', 'CAMERA_3']","{'CAMERA_1': ['resolution', 'sensor_size'], 'CAMERA_2': ['ISO', 'camera_type', 'weight', 'price', 'long_exposure'], 'CAMERA_3': ['price', 'effects', 'preset_modes', 'optical_zoom', 'ISO', 'weight', 'camera_type', 'sensor_size', 'resolution']}",C_THANK_YOU,CAMERA_3,NONE,thank you for your help,S_THANK_YOU,CAMERA_3,NONE,thank you very much,
112,23,NONE,"['CAMERA_1', 'CAMERA_2', 'CAMERA_3']","{'CAMERA_1': ['resolution', 'sensor_size'], 'CAMERA_2': ['ISO', 'camera_type', 'weight', 'price', 'long_exposure'], 'CAMERA_3': ['price', 'effects', 'preset_modes', 'optical_zoom', 'ISO', 'weight', 'camera_type', 'sensor_size', 'resolution']}",C_LEAVES,DOOR,NONE,,S_RETURNS_TO_COUNTER,SERVICE_COUNTER,NONE,,
113,1,NONE,[],"{'CAMERA_1': [], 'CAMERA_2': [], 'CAMERA_3': []}",C_ENTERS,DOOR,NONE,,S_NONE,SERVICE_COUNTER,NONE,,
113,2,NONE,[],"{'CAMERA_1': [], 'CAMERA_2': [], 'CAMERA_3': []}",C_WALKS_TO_CAMERA,CAMERA_1,NONE,,S_GREETS,CAMERA_1,NONE,can I help you?,
113,3,CAMERA_2,['CAMERA_2'],"{'CAMERA_1': [], 'CAMERA_2': [], 'CAMERA_3': []}",C_LOOKING_FOR_A_CAMERA,CAMERA_1,NONE,I'm looking for a camera,S_INTRODUCES_CAMERA,CAMERA_2,,Let me show you this. Here we have the Sony Alpha a6000.,39~55
113,4,CAMERA_2,['CAMERA_2'],"{'CAMERA_1': [], 'CAMERA_2': ['effects'], 'CAMERA_3': []}",C_QUESTION_ABOUT_FEATURE,CAMERA_2,effects,does it have any effect modes,S_ANSWERS_QUESTION_ABOUT_FEATURE,CAMERA_2,effects,"This one has 13 artistic effect modes (e.g. toy camera, soft focus).",13~67
113,5,CAMERA_2,['CAMERA_2'],"{'CAMERA_1': [], 'CAMERA_2': ['effects', 'ISO'], 'CAMERA_3': []}",C_QUESTION_ABOUT_FEATURE,CAMERA_2,ISO,what is the ISO,S_ANSWERS_QUESTION_ABOUT_FEATURE,CAMERA_2,ISO,This one has up to 3200 ISO with little noise.,13~45
113,6,CAMERA_2,['CAMERA_2'],"{'CAMERA_1': [], 'CAMERA_2': ['effects', 'ISO', 'preset_modes'], 'CAMERA_3': []}",C_SILENT_OR_BACKCHANNEL,CAMERA_2,NONE,I see,S_INTRODUCES_FEATURE,CAMERA_2,preset_modes,"This one has 9 preset modes (e.g. beach, snow, night, portrait).",13~63
113,7,CAMERA_2,['CAMERA_2'],"{'CAMERA_1': [], 'CAMERA_2': ['effects', 'ISO', 'preset_modes', 'camera_type'], 'CAMERA_3': []}",C_SILENT_OR_BACKCHANNEL,CAMERA_2,NONE,alright,S_INTRODUCES_FEATURE,CAMERA_2,camera_type,This is a mirrorless camera.,10~20
113,8,CAMERA_2,['CAMERA_2'],"{'CAMERA_1': [], 'CAMERA_2': ['effects', 'ISO', 'preset_modes', 'camera_type', 'resolution'], 'CAMERA_3': []}",C_QUESTION_ABOUT_FEATURE,CAMERA_2,resolution,what is the resolution,S_NOT_SURE,CAMERA_2,,I'm not really sure about that,
113,9,CAMERA_2,['CAMERA_2'],"{'CAMERA_1': [], 'CAMERA_2': ['effects', 'ISO', 'preset_modes', 'camera_type', 'resolution', 'sensor_size'], 'CAMERA_3': []}",C_SILENT_OR_BACKCHANNEL,CAMERA_2,NONE,alright,S_INTRODUCES_FEATURE,CAMERA_2,sensor_size,This one has a APS-C sensor (crop sensor).,15~41
113,10,CAMERA_2,['CAMERA_2'],"{'CAMERA_1': [], 'CAMERA_2': ['effects', 'ISO', 'preset_modes', 'camera_type', 'resolution', 'sensor_size', 'price'], 'CAMERA_3': []}",C_SILENT_OR_BACKCHANNEL,CAMERA_2,NONE,alright,S_INTRODUCES_FEATURE,CAMERA_2,price,This one costs $1341.,15~20
113,11,CAMERA_2,['CAMERA_2'],"{'CAMERA_1': [], 'CAMERA_2': ['effects', 'ISO', 'preset_modes', 'camera_type', 'resolution', 'sensor_size', 'price', 'long_exposure'], 'CAMERA_3': []}",C_SILENT_OR_BACKCHANNEL,CAMERA_2,NONE,I see,S_INTRODUCES_FEATURE,CAMERA_2,long_exposure,This one can take long exposures up to up to 30 seconds.,39~55
113,12,CAMERA_2,['CAMERA_2'],"{'CAMERA_1': [], 'CAMERA_2': ['effects', 'ISO', 'preset_modes', 'camera_type', 'resolution', 'sensor_size', 'price', 'long_exposure', 'color'], 'CAMERA_3': []}",C_QUESTION_ABOUT_FEATURE,CAMERA_2,color,what colors does this one come in,S_ANSWERS_QUESTION_ABOUT_FEATURE,CAMERA_2,color,"This one comes in white, silver, black.",18~38
113,13,CAMERA_2,['CAMERA_2'],"{'CAMERA_1': [], 'CAMERA_2': ['effects', 'ISO', 'preset_modes', 'camera_type', 'resolution', 'sensor_size', 'price', 'long_exposure', 'color', 'autofocus_points'], 'CAMERA_3': []}",C_QUESTION_ABOUT_FEATURE,CAMERA_2,autofocus_points,how many autofocus points does it have,S_ANSWERS_QUESTION_ABOUT_FEATURE,CAMERA_2,autofocus_points,This one has 179 autofocus points.,13~33
113,14,CAMERA_2,['CAMERA_2'],"{'CAMERA_1': [], 'CAMERA_2': ['effects', 'ISO', 'preset_modes', 'camera_type', 'resolution', 'sensor_size', 'price', 'long_exposure', 'color', 'autofocus_points', 'weight'], 'CAMERA_3': []}",C_QUESTION_ABOUT_FEATURE,CAMERA_2,weight,how much does this one weigh,S_ANSWERS_QUESTION_ABOUT_FEATURE,CAMERA_2,weight,This one weighs 470 grams.,16~25
113,15,CAMERA_2,['CAMERA_2'],"{'CAMERA_1': [], 'CAMERA_2': ['effects', 'ISO', 'preset_modes', 'camera_type', 'resolution', 'sensor_size', 'price', 'long_exposure', 'color', 'autofocus_points', 'weight', 'settings'], 'CAMERA_3': []}",C_SILENT_OR_BACKCHANNEL,CAMERA_2,NONE,I see,S_INTRODUCES_FEATURE,CAMERA_2,settings,This one has full manual control.,13~32
113,16,NONE,['CAMERA_2'],"{'CAMERA_1': [], 'CAMERA_2': ['effects', 'ISO', 'preset_modes', 'camera_type', 'resolution', 'sensor_size', 'price', 'long_exposure', 'color', 'autofocus_points', 'weight', 'settings'], 'CAMERA_3': []}",C_THANK_YOU,CAMERA_2,NONE,thank you for your help,S_THANK_YOU,CAMERA_2,NONE,thank you very much,
113,17,NONE,['CAMERA_2'],"{'CAMERA_1': [], 'CAMERA_2': ['effects', 'ISO', 'preset_modes', 'camera_type', 'resolution', 'sensor_size', 'price', 'long_exposure', 'color', 'autofocus_points', 'weight', 'settings'], 'CAMERA_3': []}",C_LEAVES,DOOR,NONE,,S_RETURNS_TO_COUNTER,SERVICE_COUNTER,NONE,,
114,1,NONE,[],"{'CAMERA_1': [], 'CAMERA_2': [], 'CAMERA_3': []}",C_ENTERS,DOOR,NONE,,S_NONE,SERVICE_COUNTER,NONE,,
114,2,NONE,[],"{'CAMERA_1': [], 'CAMERA_2': [], 'CAMERA_3': []}",C_WALKS_TO_CAMERA,CAMERA_2,NONE,,S_GREETS,CAMERA_2,NONE,can I help you?,
114,3,CAMERA_1,['CAMERA_1'],"{'CAMERA_1': [], 'CAMERA_2': [], 'CAMERA_3': []}",C_LOOKING_FOR_A_CAMERA,CAMERA_2,NONE,I'm looking for a camera,S_INTRODUCES_CAMERA,CAMERA_1,,Let me show you this. Here we have the Nikon Coolpix S2800.,39~58
114,4,CAMERA_1,['CAMERA_1'],"{'CAMERA_1': ['optical_zoom'], 'CAMERA_2': [], 'CAMERA_3': []}",C_SILENT_OR_BACKCHANNEL,CAMERA_1,NONE,alright,S_INTRODUCES_FEATURE,CAMERA_1,optical_zoom,This one has 5x optical zoom.,13~28
114,5,CAMERA_1,['CAMERA_1'],"{'CAMERA_1': ['optical_zoom', 'effects'], 'CAMERA_2': [], 'CAMERA_3': []}",C_QUESTION_ABOUT_FEATURE,CAMERA_1,effects,does it have any effect modes,S_ANSWERS_QUESTION_ABOUT_FEATURE,CAMERA_1,effects,"This one has 12 glamor retouch effects (e.g. skin softening, small face, big eyes).",13~82
114,6,CAMERA_1,['CAMERA_1'],"{'CAMERA_1': ['optical_zoom', 'effects', 'color'], 'CAMERA_2': [], 'CAMERA_3': []}",C_SILENT_OR_BACKCHANNEL,CAMERA_1,NONE,okay,S_INTRODUCES_FEATURE,CAMERA_1,color,"This one comes in purple, pink, black, silver, red.",18~50
114,7,NONE,['CAMERA_1'],"{'CAMERA_1': ['optical_zoom', 'effects', 'color'], 'CAMERA_2': [], 'CAMERA_3': []}",C_THANK_YOU,CAMERA_1,NONE,thank you for your help,S_THANK_YOU,CAMERA_1,NONE,thank you very much,
114,8,NONE,['CAMERA_1'],"{'CAMERA_1': ['optical_zoom', 'effects', 'color'], 'CAMERA_2': [], 'CAMERA_3': []}",C_LEAVES,DOOR,NONE,,S_RETURNS_TO_COUNTER,SERVICE_COUNTER,NONE,,
115,1,NONE,[],"{'CAMERA_1': [], 'CAMERA_2': [], 'CAMERA_3': []}",C_ENTERS,DOOR,NONE,,S_NONE,SERVICE_COUNTER,NONE,,
115,2,NONE,[],"{'CAMERA_1': [], 'CAMERA_2': [], 'CAMERA_3': []}",C_GREETS,MIDDLE,NONE,hello,S_GREETS,MIDDLE,NONE,can I help you?,
115,3,CAMERA_3,['CAMERA_3'],"{'CAMERA_1': [], 'CAMERA_2': [], 'CAMERA_3': []}",C_LOOKING_FOR_A_CAMERA,MIDDLE,NONE,I'm looking for a camera,S_INTRODUCES_CAMERA,CAMERA_3,,Let me show you this. Here we have the Canon EOS 5D Mark III.,39~60
115,4,CAMERA_3,['CAMERA_3'],"{'CAMERA_1': [], 'CAMERA_2': [], 'CAMERA_3': ['long_exposure']}",C_QUESTION_ABOUT_FEATURE,CAMERA_3,long_exposure,can it take long exposure shots,S_ANSWERS_QUESTION_ABOUT_FEATURE,CAMERA_3,long_exposure,"This one can take long exposures up to up to 30 seconds, bulb mode: expose as long as you want.",39~94
115,5,CAMERA_3,['CAMERA_3'],"{'CAMERA_1': [], 'CAMERA_2': [], 'CAMERA_3': ['long_exposure', 'resolution']}",C_QUESTION_ABOUT_FEATURE,CAMERA_3,resolution,what is the resolution,S_NOT_SURE,CAMERA_3,,I'm not really sure about that,
115,6,NONE,['CAMERA_3'],"{'CAMERA_1': [], 'CAMERA_2': [], 'CAMERA_3': ['long_exposure', 'resolution']}",C_THANK_YOU,CAMERA_3,NONE,thank you for your help,S_THANK_YOU,CAMERA_3,NONE,thank you very much,
115,7,NONE,['CAMERA_3'],"{'CAMERA_1': [], 'CAMERA_2': [], 'CAMERA_3': ['long_exposure', 'resolution']}",C_LEAVES,DOOR,NONE,,S_RETURNS_TO_COUNTER,SERVICE_COUNTER,NONE,,
116,1,NONE,[],"{'CAMERA_1': [], 'CAMERA_2': [], 'CAMERA_3': []}",C_ENTERS,DOOR,NONE,,S_NONE,SERVICE_COUNTER,NONE,,
116,2,NONE,[],"{'CAMERA_1': [], 'CAMERA_2': [], 'CAMERA_3': []}",C_WALKS_TO_CAMERA,CAMERA_3,NONE,,S_GREETS,CAMERA_3,NONE,can I help you?,
116,3,CAMERA_2,['CAMERA_2'],"{'CAMERA_1': [], 'CAMERA_2': [], 'CAMERA_3': []}",C_LOOKING_FOR_A_CAMERA,CAMERA_3,NONE,I'm looking for a camera,S_INTRODUCES_CAMERA,CAMERA_2,,Let me show you this. Here we have the Sony Alpha a6000.,39~55
116,4,CAMERA_2,['CAMERA_2'],"{'CAMERA_1': [], 'CAMERA_2': ['price'], 'CAMERA_3': []}",C_QUESTION_ABOUT_FEATURE,CAMERA_2,price,how much does it cost,S_ANSWERS_QUESTION_ABOUT_FEATURE,CAMERA_2,price,This one costs $1341.,15~20
116,5,CAMERA_2,['CAMERA_2'],"{'CAMERA_1': [], 'CAMERA_2': ['price', 'ISO'], 'CAMERA_3': []}",C_QUESTION_ABOUT_FEATURE,CAMERA_2,ISO,what is the ISO,S_ANSWERS_QUESTION_ABOUT_FEATURE,CAMERA_2,ISO,This one has up to 3200 ISO with little noise.,13~45
116,6,CAMERA_2,['CAMERA_2'],"{'CAMERA_1': [], 'CAMERA_2': ['price', 'ISO', 'effects'], 'CAMERA_3': []}",C_QUESTION_ABOUT_FEATURE,CAMERA_2,effects,does it have any effect modes,S_ANSWERS_QUESTION_ABOUT_FEATURE,CAMERA_2,effects,"This one has 13 artistic effect modes (e.g. toy camera, soft focus).",13~67
116,7,CAMERA_2,['CAMERA_2'],"{'CAMERA_1': [], 'CAMERA_2': ['price', 'ISO', 'effects', 'color'], 'CAMERA_3': []}",C_SILENT_OR_BACKCHANNEL,CAMERA_2,NONE,alright,S_INTRODUCES_FEATURE,CAMERA_2,color,"This one comes in white, silver, black.",18~38
116,8,NONE,['CAMERA_2'],"{'CAMERA_1': [], 'CAMERA_2': ['price', 'ISO', 'effects', 'color'], 'CAMERA_3': []}",C_THANK_YOU,CAMERA_2,NONE,thank you for your help,S_THANK_YOU,CAMERA_2,NONE,thank you very much,
116,9,NONE,['CAMERA_2'],"{'CAMERA_1': [], 'CAMERA_2': ['price', 'ISO', 'effects', 'color'], 'CAMERA_3': []}",C_LEAVES,DOOR,NONE,,S_RETURNS_TO_COUNTER,SERVICE_COUNTER,NONE,,
117,1,NONE,[],"{'CAMERA_1': [], 'CAMERA_2': [], 'CAMERA_3': []}",C_ENTERS,DOOR,NONE,,S_NONE,SERVICE_COUNTER,NONE,,
117,2,NONE,[],"{'CAMERA_1': [], 'CAMERA_2': [], 'CAMERA_3': []}",C_WALKS_TO_CAMERA,CAMERA_2,NONE,,S_NONE,SERVICE_COUNTER,NONE,,
117,3,CAMERA_2,['CAMERA_2'],"{'CAMERA_1': [], 'CAMERA_2': ['weight'], 'CAMERA_3': []}",C_QUESTION_ABOUT_FEATURE,CAMERA_2,weight,how much does this one weigh,S_ANSWERS_QUESTION_ABOUT_FEATURE,CAMERA_2,weight,This one weighs 470 grams.,16~25
117,4,CAMERA_2,['CAMERA_2'],"{'CAMERA_1': [], 'CAMERA_2': ['weight', 'effects'], 'CAMERA_3': []}",C_SILENT_OR_BACKCHANNEL,CAMERA_2,NONE,alright,S_INTRODUCES_FEATURE,CAMERA_2,effects,"This one has 13 artistic effect modes (e.g. toy camera, soft focus).",13~67
117,5,CAMERA_2,['CAMERA_2'],"{'CAMERA_1': [], 'CAMERA_2': ['weight', 'effects', 'color'], 'CAMERA_3': []}",C_SILENT_OR_BACKCHANNEL,CAMERA_2,NONE,alright,S_INTRODUCES_FEATURE,CAMERA_2,color,"This one comes in white, silver, black.",18~38
117,6,CAMERA_2,['CAMERA_2'],"{'CAMERA_1': [], 'CAMERA_2': ['weight', 'effects', 'color', 'camera_type'], 'CAMERA_3': []}",C_SILENT_OR_BACKCHANNEL,CAMERA_2,NONE,alright,S_INTRODUCES_FEATURE,CAMERA_2,camera_type,This is a mirrorless camera.,10~20
117,7,CAMERA_2,['CAMERA_2'],"{'CAMERA_1': [], 'CAMERA_2': ['weight', 'effects', 'color', 'camera_type', 'sensor_size'], 'CAMERA_3': []}",C_QUESTION_ABOUT_FEATURE,CAMERA_2,sensor_size,what is the sensor size,S_ANSWERS_QUESTION_ABOUT_FEATURE,CAMERA_2,sensor_size,This one has a APS-C sensor (crop sensor).,15~41
117,8,CAMERA_2,['CAMERA_2'],"{'CAMERA_1': [], 'CAMERA_2': ['weight', 'effects', 'color', 'camera_type', 'sensor_size', 'ISO'], 'CAMERA_3': []}",C_QUESTION_ABOUT_FEATURE,CAMERA_2,ISO,what is the ISO,S_ANSWERS_QUESTION_ABOUT_FEATURE,CAMERA_2,ISO,This one has up to 3200 ISO with little noise.,13~45
117,9,CAMERA_2,['CAMERA_2'],"{'CAMERA_1': [], 'CAMERA_2': ['weight', 'effects', 'color', 'camera_type', 'sensor_size', 'ISO', 'price'], 'CAMERA_3': []}",C_QUESTION_ABOUT_FEATURE,CAMERA_2,price,how much does it cost,S_ANSWERS_QUESTION_ABOUT_FEATURE,CAMERA_2,price,This one costs $1341.,15~20
117,10,CAMERA_2,['CAMERA_2'],"{'CAMERA_1': [], 'CAMERA_2': ['weight', 'effects', 'color', 'camera_type', 'sensor_size', 'ISO', 'price', 'long_exposure'], 'CAMERA_3': []}",C_QUESTION_ABOUT_FEATURE,CAMERA_2,long_exposure,can it take long exposure shots,S_ANSWERS_QUESTION_ABOUT_FEATURE,CAMERA_2,long_exposure,This one can take long exposures up to up to 30 seconds.,39~55
117,11,CAMERA_1,"['CAMERA_2', 'CAMERA_1']","{'CAMERA_1': [], 'CAMERA_2': ['weight', 'effects', 'color', 'camera_type', 'sensor_size', 'ISO', 'price', 'long_exposure'], 'CAMERA_3': []}",C_ANYTHING_ELSE_AVAILABLE,CAMERA_2,NONE,ok do you have any other cameras,S_INTRODUCES_CAMERA,CAMERA_1,,Let me show you this. Here we have the Nikon Coolpix S2800.,39~58
117,12,CAMERA_1,"['CAMERA_2', 'CAMERA_1']","{'CAMERA_1': ['color'], 'CAMERA_2': ['weight', 'effects', 'color', 'camera_type', 'sensor_size', 'ISO', 'price', 'long_exposure'], 'CAMERA_3': []}",C_QUESTION_ABOUT_FEATURE,CAMERA_1,color,what colors does this one come in,S_ANSWERS_QUESTION_ABOUT_FEATURE,CAMERA_1,color,"This one comes in purple, pink, black, silver, red.",18~50
117,13,CAMERA_1,"['CAMERA_2', 'CAMERA_1']","{'CAMERA_1': ['color', 'price'], 'CAMERA_2': ['weight', 'effects', 'color', 'camera_type', 'sensor_size', 'ISO', 'price', 'long_exposure'], 'CAMERA_3': []}",C_SILENT_OR_BACKCHANNEL,CAMERA_1,NONE,alright,S_INTRODUCES_FEATURE,CAMERA_1,price,This one costs $2173.,15~20
117,14,CAMERA_1,"['CAMERA_2', 'CAMERA_1']","{'CAMERA_1': ['color', 'price', 'autofocus_points'], 'CAMERA_2': ['weight', 'effects', 'color', 'camera_type', 'sensor_size', 'ISO', 'price', 'long_exposure'], 'CAMERA_3': []}",C_QUESTION_ABOUT_FEATURE,CAMERA_1,autofocus_points,how many autofocus points does it have,S_NOT_SURE,CAMERA_1,,I'm not really sure about that,
117,15,CAMERA_1,"['CAMERA_2', 'CAMERA_1']","{'CAMERA_1': ['color', 'price', 'autofocus_points', 'settings'], 'CAMERA_2': ['weight', 'effects', 'color', 'camera_type', 'sensor_size', 'ISO', 'price', 'long_exposure'], 'CAMERA_3': []}",C_QUESTION_ABOUT_FEATURE,CAMERA_1,settings,what kind of settings does it have,S_ANSWERS_QUESTION_ABOUT_FEATURE,CAMERA_1,settings,This one has limited manual settings.,13~36
117,16,NONE,"['CAMERA_2', 'CAMERA_1']","{'CAMERA_1': ['color', 'price', 'autofocus_points', 'settings'], 'CAMERA_2': ['weight', 'effects', 'color', 'camera_type', 'sensor_size', 'ISO', 'price', 'long_exposure'], 'CAMERA_3': []}",C_THANK_YOU,CAMERA_1,NONE,thank you for your help,S_THANK_YOU,CAMERA_1,NONE,thank you very much,
117,17,NONE,"['CAMERA_2', 'CAMERA_1']","{'CAMERA_1': ['color', 'price', 'autofocus_points', 'settings'], 'CAMERA_2': ['weight', 'effects', 'color', 'camera_type', 'sensor_size', 'ISO', 'price', 'long_exposure'], 'CAMERA_3': []}",C_LEAVES,DOOR,NONE,,S_RETURNS_TO_COUNTER,SERVICE_COUNTER,NONE,,
118,1,NONE,[],"{'CAMERA_1': [], 'CAMERA_2': [], 'CAMERA_3': []}",C_ENTERS,DOOR,NONE,,S_NONE,SERVICE_COUNTER,NONE,,
118,2,NONE,[],"{'CAMERA_1': [], 'CAMERA_2': [], 'CAMERA_3': []}",C_WALKS_TO_CAMERA,CAMERA_1,NONE,,S_GREETS,CAMERA_1,NONE,can I help you?,
118,3,CAMERA_3,['CAMERA_3'],"{'CAMERA_1': [], 'CAMERA_2': [], 'CAMERA_3': []}",C_LOOKING_FOR_A_CAMERA,CAMERA_1,NONE,I'm looking for a camera,S_INTRODUCES_CAMERA,CAMERA_3,,Let me show you this. Here we have the Canon EOS 5D Mark III.,39~60
118,4,CAMERA_3,['CAMERA_3'],"{'CAMERA_1': [], 'CAMERA_2': [], 'CAMERA_3': ['camera_type']}",C_QUESTION_ABOUT_FEATURE,CAMERA_3,camera_type,what kind of camera is this,S_ANSWERS_QUESTION_ABOUT_FEATURE,CAMERA_3,camera_type,This is a DSLR camera.,10~14
118,5,CAMERA_3,['CAMERA_3'],"{'CAMERA_1': [], 'CAMERA_2': [], 'CAMERA_3': ['camera_type', 'preset_modes']}",C_QUESTION_ABOUT_FEATURE,CAMERA_3,preset_modes,does it have preset modes,S_NOT_SURE,CAMERA_3,,I'm not really sure about that,
118,6,CAMERA_3,['CAMERA_3'],"{'CAMERA_1': [], 'CAMERA_2': [], 'CAMERA_3': ['camera_type', 'preset_modes', 'color']}",C_SILENT_OR_BACKCHANNEL,CAMERA_3,NONE,alright,S_INTRODUCES_FEATURE,CAMERA_3,color,This one comes in black.,18~23
118,7,CAMERA_3,['CAMERA_3'],"{'CAMERA_1': [], 'CAMERA_2': [], 'CAMERA_3': ['camera_type', 'preset_modes', 'color', 'autofocus_points']}",C_SILENT_OR_BACKCHANNEL,CAMERA_3,NONE,I see,S_INTRODUCES_FEATURE,CAMERA_3,autofocus_points,This one has 61 autofocus points.,13~32
118,8,CAMERA_3,['CAMERA_3'],"{'CAMERA_1': [], 'CAMERA_2': [], 'CAMERA_3': ['camera_type', 'preset_modes', 'color', 'autofocus_points', 'settings']}",C_SILENT_OR_BACKCHANNEL,CAMERA_3,NONE,I see,S_INTRODUCES_FEATURE,CAMERA_3,settings,This one has full manual control.,13~32
118,9,NONE,['CAMERA_3'],"{'CAMERA_1': [], 'CAMERA_2': [], 'CAMERA_3': ['camera_type', 'preset_modes', 'color', 'autofocus_points', 'settings']}",C_THANK_YOU,CAMERA_3,NONE,thank you for your help,S_THANK_YOU,CAMERA_3,NONE,thank you very much,
118,10,NONE,['CAMERA_3'],"{'CAMERA_1': [], 'CAMERA_2': [], 'CAMERA_3': ['camera_type', 'preset_modes', 'color', 'autofocus_points', 'settings']}",C_LEAVES,DOOR,NONE,,S_RETURNS_TO_COUNTER,SERVICE_COUNTER,NONE,,
119,1,NONE,[],"{'CAMERA_1': [], 'CAMERA_2': [], 'CAMERA_3': []}",C_ENTERS,DOOR,NONE,,S_NONE,SERVICE_COUNTER,NONE,,
119,2,NONE,[],"{'CAMERA_1': [], 'CAMERA_2': [], 'CAMERA_3': []}",C_WALKS_TO_CAMERA,CAMERA_1,NONE,,S_GREETS,CAMERA_1,NONE,can I help you?,
119,3,CAMERA_3,['CAMERA_3'],"{'CAMERA_1': [], 'CAMERA_2': [], 'CAMERA_3': []}",C_LOOKING_FOR_A_CAMERA,CAMERA_1,NONE,I'm looking for a camera,S_INTRODUCES_CAMERA,CAMERA_3,,Let me show you this. Here we have the Canon EOS 5D Mark III.,39~60
119,4,CAMERA_3,['CAMERA_3'],"{'CAMERA_1': [], 'CAMERA_2': [], 'CAMERA_3': ['settings']}",C_SILENT_OR_BACKCHANNEL,CAMERA_3,NONE,I see,S_INTRODUCES_FEATURE,CAMERA_3,settings,This one has full manual control.,13~32
119,5,NONE,['CAMERA_3'],"{'CAMERA_1': [], 'CAMERA_2': [], 'CAMERA_3': ['settings']}",C_THANK_YOU,CAMERA_3,NONE,thank you for your help,S_THANK_YOU,CAMERA_3,NONE,thank you very much,
119,6,NONE,['CAMERA_3'],"{'CAMERA_1': [], 'CAMERA_2': [], 'CAMERA_3': ['settings']}",C_LEAVES,DOOR,NONE,,S_RETURNS_TO_COUNTER,SERVICE_COUNTER,NONE,,
120,1,NONE,[],"{'CAMERA_1': [], 'CAMERA_2': [], 'CAMERA_3': []}",C_ENTERS,DOOR,NONE,,S_NONE,SERVICE_COUNTER,NONE,,
120,2,NONE,[],"{'CAMERA_1': [], 'CAMERA_2': [], 'CAMERA_3': []}",C_WALKS_TO_CAMERA,CAMERA_2,NONE,,S_NONE,SERVICE_COUNTER,NONE,,
120,3,NONE,[],"{'CAMERA_1': [], 'CAMERA_2': [], 'CAMERA_3': []}",C_EXAMINES_CAMERA,CAMERA_2,NONE,,S_GREETS,CAMERA_2,NONE,can I help you?,
120,4,CAMERA_1,['CAMERA_1'],"{'CAMERA_1': [], 'CAMERA_2': [], 'CAMERA_3': []}",C_LOOKING_FOR_A_CAMERA,CAMERA_2,NONE,I'm looking for a camera,S_INTRODUCES_CAMERA,CAMERA_1,,Let me show you this. Here we have the Nikon Coolpix S2800.,39~58
120,5,CAMERA_1,['CAMERA_1'],"{'CAMERA_1': ['optical_zoom'], 'CAMERA_2': [], 'CAMERA_3': []}",C_QUESTION_ABOUT_FEATURE,CAMERA_1,optical_zoom,does it have optical zoom,S_ANSWERS_QUESTION_ABOUT_FEATURE,CAMERA_1,optical_zoom,This one has 5x optical zoom.,13~28
120,6,CAMERA_1,['CAMERA_1'],"{'CAMERA_1': ['optical_zoom', 'color'], 'CAMERA_2': [], 'CAMERA_3': []}",C_QUESTION_ABOUT_FEATURE,CAMERA_1,color,what colors does this one come in,S_ANSWERS_QUESTION_ABOUT_FEATURE,CAMERA_1,color,"This one comes in purple, pink, black, silver, red.",18~50
120,7,CAMERA_1,['CAMERA_1'],"{'CAMERA_1': ['optical_zoom', 'color', 'effects'], 'CAMERA_2': [], 'CAMERA_3': []}",C_SILENT_OR_BACKCHANNEL,CAMERA_1,NONE,alright,S_INTRODUCES_FEATURE,CAMERA_1,effects,"This one has 12 glamor retouch effects (e.g. skin softening, small face, big eyes).",13~82
120,8,CAMERA_1,['CAMERA_1'],"{'CAMERA_1': ['optical_zoom', 'color', 'effects', 'camera_type'], 'CAMERA_2': [], 'CAMERA_3': []}",C_SILENT_OR_BACKCHANNEL,CAMERA_1,NONE,alright,S_INTRODUCES_FEATURE,CAMERA_1,camera_type,This is a point and shoot camera.,10~25
120,9,CAMERA_1,['CAMERA_1'],"{'CAMERA_1': ['optical_zoom', 'color', 'effects', 'camera_type', 'preset_modes'], 'CAMERA_2': [], 'CAMERA_3': []}",C_SILENT_OR_BACKCHANNEL,CAMERA_1,NONE,alright,S_INTRODUCES_FEATURE,CAMERA_1,preset_modes,"This one has 18 preset modes (e.g. beach, snow, night portrait).",13~63
120,10,CAMERA_1,['CAMERA_1'],"{'CAMERA_1': ['optical_zoom', 'color', 'effects', 'camera_type', 'preset_modes', 'weight'], 'CAMERA_2': [], 'CAMERA_3': []}",C_SILENT_OR_BACKCHANNEL,CAMERA_1,NONE,I see,S_INTRODUCES_FEATURE,CAMERA_1,weight,This one weighs 120 grams.,16~25
120,11,CAMERA_1,['CAMERA_1'],"{'CAMERA_1': ['optical_zoom', 'color', 'effects', 'camera_type', 'preset_modes', 'weight', 'resolution'], 'CAMERA_2': [], 'CAMERA_3': []}",C_SILENT_OR_BACKCHANNEL,CAMERA_1,NONE,I see,S_INTRODUCES_FEATURE,CAMERA_1,resolution,This one has 20.1 megapixels resolution.,13~28
120,12,CAMERA_1,['CAMERA_1'],"{'CAMERA_1': ['optical_zoom', 'color', 'effects', 'camera_type', 'preset_modes', 'weight', 'resolution', 'autofocus_points'], 'CAMERA_2': [], 'CAMERA_3': []}",C_QUESTION_ABOUT_FEATURE,CAMERA_1,autofocus_points,how many autofocus points does it have,S_NOT_SURE,CAMERA_1,,I'm not really sure about that,
120,13,CAMERA_1,['CAMERA_1'],"{'CAMERA_1': ['optical_zoom', 'color', 'effects', 'camera_type', 'preset_modes', 'weight', 'resolution', 'autofocus_points', 'ISO'], 'CAMERA_2': [], 'CAMERA_3': []}",C_QUESTION_ABOUT_FEATURE,CAMERA_1,ISO,what is the ISO,S_NOT_SURE,CAMERA_1,,I'm not really sure about that,
120,14,CAMERA_1,['CAMERA_1'],"{'CAMERA_1': ['optical_zoom', 'color', 'effects', 'camera_type', 'preset_modes', 'weight', 'resolution', 'autofocus_points', 'ISO', 'settings'], 'CAMERA_2': [], 'CAMERA_3': []}",C_QUESTION_ABOUT_FEATURE,CAMERA_1,settings,what kind of settings does it have,S_ANSWERS_QUESTION_ABOUT_FEATURE,CAMERA_1,settings,This one has limited manual settings.,13~36
120,15,CAMERA_1,['CAMERA_1'],"{'CAMERA_1': ['optical_zoom', 'color', 'effects', 'camera_type', 'preset_modes', 'weight', 'resolution', 'autofocus_points', 'ISO', 'settings', 'price'], 'CAMERA_2': [], 'CAMERA_3': []}",C_SILENT_OR_BACKCHANNEL,CAMERA_1,NONE,okay,S_INTRODUCES_FEATURE,CAMERA_1,price,This one costs $2173.,15~20
120,16,CAMERA_1,['CAMERA_1'],"{'CAMERA_1': ['optical_zoom', 'color', 'effects', 'camera_type', 'preset_modes', 'weight', 'resolution', 'autofocus_points', 'ISO', 'settings', 'price', 'sensor_size'], 'CAMERA_2': [], 'CAMERA_3': []}",C_QUESTION_ABOUT_FEATURE,CAMERA_1,sensor_size,what is the sensor size,S_NOT_SURE,CAMERA_1,,I'm not really sure about that,
120,17,CAMERA_1,['CAMERA_1'],"{'CAMERA_1': ['optical_zoom', 'color', 'effects', 'camera_type', 'preset_modes', 'weight', 'resolution', 'autofocus_points', 'ISO', 'settings', 'price', 'sensor_size', 'long_exposure'], 'CAMERA_2': [], 'CAMERA_3': []}",C_QUESTION_ABOUT_FEATURE,CAMERA_1,long_exposure,can it take long exposure shots,S_NOT_SURE,CAMERA_1,,I'm not really sure about that,
120,18,CAMERA_1,['CAMERA_1'],"{'CAMERA_1': ['optical_zoom', 'color', 'effects', 'camera_type', 'preset_modes', 'weight', 'resolution', 'autofocus_points', 'ISO', 'settings', 'price', 'sensor_size', 'long_exposure', 'long_exposure'], 'CAMERA_2': [], 'CAMERA_3': []}",C_QUESTION_ABOUT_FEATURE,CAMERA_1,long_exposure,can it take long exposure shots,S_NOT_SURE,CAMERA_1,,I'm not really sure about that,
120,19,CAMERA_1,['CAMERA_1'],"{'CAMERA_1': ['optical_zoom', 'color', 'effects', 'camera_type', 'preset_modes', 'weight', 'resolution', 'autofocus_points', 'ISO', 'settings', 'price', 'sensor_size', 'long_exposure', 'long_exposure', 'color'], 'CAMERA_2': [], 'CAMERA_3': []}",C_QUESTION_ABOUT_FEATURE,CAMERA_1,color,what colors does this one come in,S_ANSWERS_QUESTION_ABOUT_FEATURE,CAMERA_1,color,"This one comes in purple, pink, black, silver, red.",18~50
120,20,CAMERA_1,['CAMERA_1'],"{'CAMERA_1': ['optical_zoom', 'color', 'effects', 'camera_type', 'preset_modes', 'weight', 'resolution', 'autofocus_points', 'ISO', 'settings', 'price', 'sensor_size', 'long_exposure', 'long_exposure', 'color', 'camera_type'], 'CAMERA_2': [], 'CAMERA_3': []}",C_SILENT_OR_BACKCHANNEL,CAMERA_1,NONE,alright,S_INTRODUCES_FEATURE,CAMERA_1,camera_type,This is a point and shoot camera.,10~25
120,21,CAMERA_1,['CAMERA_1'],"{'CAMERA_1': ['optical_zoom', 'color', 'effects', 'camera_type', 'preset_modes', 'weight', 'resolution', 'autofocus_points', 'ISO', 'settings', 'price', 'sensor_size', 'long_exposure', 'long_exposure', 'color', 'camera_type', 'sensor_size'], 'CAMERA_2': [], 'CAMERA_3': []}",C_QUESTION_ABOUT_FEATURE,CAMERA_1,sensor_size,what is the sensor size,S_NOT_SURE,CAMERA_1,,I'm not really sure about that,
120,22,CAMERA_1,['CAMERA_1'],"{'CAMERA_1': ['optical_zoom', 'color', 'effects', 'camera_type', 'preset_modes', 'weight', 'resolution', 'autofocus_points', 'ISO', 'settings', 'price', 'sensor_size', 'long_exposure', 'long_exposure', 'color', 'camera_type', 'sensor_size', 'effects'], 'CAMERA_2': [], 'CAMERA_3': []}",C_SILENT_OR_BACKCHANNEL,CAMERA_1,NONE,okay,S_INTRODUCES_FEATURE,CAMERA_1,effects,"This one has 12 glamor retouch effects (e.g. skin softening, small face, big eyes).",13~82
120,23,CAMERA_1,['CAMERA_1'],"{'CAMERA_1': ['optical_zoom', 'color', 'effects', 'camera_type', 'preset_modes', 'weight', 'resolution', 'autofocus_points', 'ISO', 'settings', 'price', 'sensor_size', 'long_exposure', 'long_exposure', 'color', 'camera_type', 'sensor_size', 'effects', 'camera_type'], 'CAMERA_2': [], 'CAMERA_3': []}",C_SILENT_OR_BACKCHANNEL,CAMERA_1,NONE,okay,S_INTRODUCES_FEATURE,CAMERA_1,camera_type,This is a point and shoot camera.,10~25
120,24,CAMERA_1,['CAMERA_1'],"{'CAMERA_1': ['optical_zoom', 'color', 'effects', 'camera_type', 'preset_modes', 'weight', 'resolution', 'autofocus_points', 'ISO', 'settings', 'price', 'sensor_size', 'long_exposure', 'long_exposure', 'color', 'camera_type', 'sensor_size', 'effects', 'camera_type', 'camera_type'], 'CAMERA_2': [], 'CAMERA_3': []}",C_SILENT_OR_BACKCHANNEL,CAMERA_1,NONE,okay,S_INTRODUCES_FEATURE,CAMERA_1,camera_type,This is a point and shoot camera.,10~25
120,25,CAMERA_1,['CAMERA_1'],"{'CAMERA_1': ['optical_zoom', 'color', 'effects', 'camera_type', 'preset_modes', 'weight', 'resolution', 'autofocus_points', 'ISO', 'settings', 'price', 'sensor_size', 'long_exposure', 'long_exposure', 'color', 'camera_type', 'sensor_size', 'effects', 'camera_type', 'camera_type', 'price'], 'CAMERA_2': [], 'CAMERA_3': []}",C_SILENT_OR_BACKCHANNEL,CAMERA_1,NONE,okay,S_INTRODUCES_FEATURE,CAMERA_1,price,This one costs $2173.,15~20
120,26,CAMERA_1,['CAMERA_1'],"{'CAMERA_1': ['optical_zoom', 'color', 'effects', 'camera_type', 'preset_modes', 'weight', 'resolution', 'autofocus_points', 'ISO', 'settings', 'price', 'sensor_size', 'long_exposure', 'long_exposure', 'color', 'camera_type', 'sensor_size', 'effects', 'camera_type', 'camera_type', 'price', 'optical_zoom'], 'CAMERA_2': [], 'CAMERA_3': []}",C_SILENT_OR_BACKCHANNEL,CAMERA_1,NONE,I see,S_INTRODUCES_FEATURE,CAMERA_1,optical_zoom,This one has 5x optical zoom.,13~28
120,27,CAMERA_1,['CAMERA_1'],"{'CAMERA_1': ['optical_zoom', 'color', 'effects', 'camera_type', 'preset_modes', 'weight', 'resolution', 'autofocus_points', 'ISO', 'settings', 'price', 'sensor_size', 'long_exposure', 'long_exposure', 'color', 'camera_type', 'sensor_size', 'effects', 'camera_type', 'camera_type', 'price', 'optical_zoom', 'color'], 'CAMERA_2': [], 'CAMERA_3': []}",C_SILENT_OR_BACKCHANNEL,CAMERA_1,NONE,I see,S_INTRODUCES_FEATURE,CAMERA_1,color,"This one comes in purple, pink, black, silver, red.",18~50
120,28,CAMERA_1,['CAMERA_1'],"{'CAMERA_1': ['optical_zoom', 'color', 'effects', 'camera_type', 'preset_modes', 'weight', 'resolution', 'autofocus_points', 'ISO', 'settings', 'price', 'sensor_size', 'long_exposure', 'long_exposure', 'color', 'camera_type', 'sensor_size', 'effects', 'camera_type', 'camera_type', 'price', 'optical_zoom', 'color', 'weight'], 'CAMERA_2': [], 'CAMERA_3': []}",C_QUESTION_ABOUT_FEATURE,CAMERA_1,weight,how much does this one weigh,S_ANSWERS_QUESTION_ABOUT_FEATURE,CAMERA_1,weight,This one weighs 120 grams.,16~25
120,29,CAMERA_1,['CAMERA_1'],"{'CAMERA_1': ['optical_zoom', 'color', 'effects', 'camera_type', 'preset_modes', 'weight', 'resolution', 'autofocus_points', 'ISO', 'settings', 'price', 'sensor_size', 'long_exposure', 'long_exposure', 'color', 'camera_type', 'sensor_size', 'effects', 'camera_type', 'camera_type', 'price', 'optical_zoom', 'color', 'weight', 'long_exposure'], 'CAMERA_2': [], 'CAMERA_3': []}",C_QUESTION_ABOUT_FEATURE,CAMERA_1,long_exposure,can it take long exposure shots,S_NOT_SURE,CAMERA_1,,I'm not really sure about that,
120,30,NONE,['CAMERA_1'],"{'CAMERA_1': ['optical_zoom', 'color', 'effects', 'camera_type', 'preset_modes', 'weight', 'resolution', 'autofocus_points', 'ISO', 'settings', 'price', 'sensor_size', 'long_exposure', 'long_exposure', 'color', 'camera_type', 'sensor_size', 'effects', 'camera_type', 'camera_type', 'price', 'optical_zoom', 'color', 'weight', 'long_exposure'], 'CAMERA_2': [], 'CAMERA_3': []}",C_THANK_YOU,CAMERA_1,NONE,thank you for your help,S_THANK_YOU,CAMERA_1,NONE,thank you very much,
120,31,NONE,['CAMERA_1'],"{'CAMERA_1': ['optical_zoom', 'color', 'effects', 'camera_type', 'preset_modes', 'weight', 'resolution', 'autofocus_points', 'ISO', 'settings', 'price', 'sensor_size', 'long_exposure', 'long_exposure', 'color', 'camera_type', 'sensor_size', 'effects', 'camera_type', 'camera_type', 'price', 'optical_zoom', 'color', 'weight', 'long_exposure'], 'CAMERA_2': [], 'CAMERA_3': []}",C_LEAVES,DOOR,NONE,,S_RETURNS_TO_COUNTER,SERVICE_COUNTER,NONE,,
121,1,NONE,[],"{'CAMERA_1': [], 'CAMERA_2': [], 'CAMERA_3': []}",C_ENTERS,DOOR,NONE,,S_NONE,SERVICE_COUNTER,NONE,,
121,2,NONE,[],"{'CAMERA_1': [], 'CAMERA_2': [], 'CAMERA_3': []}",C_WALKS_TO_CAMERA,CAMERA_1,NONE,,S_GREETS,CAMERA_1,NONE,can I help you?,
121,3,CAMERA_3,['CAMERA_3'],"{'CAMERA_1': [], 'CAMERA_2': [], 'CAMERA_3': []}",C_LOOKING_FOR_A_CAMERA,CAMERA_1,NONE,I'm looking for a camera,S_INTRODUCES_CAMERA,CAMERA_3,,Let me show you this. Here we have the Canon EOS 5D Mark III.,39~60
121,4,CAMERA_3,['CAMERA_3'],"{'CAMERA_1': [], 'CAMERA_2': [], 'CAMERA_3': ['weight']}",C_SILENT_OR_BACKCHANNEL,CAMERA_3,NONE,alright,S_INTRODUCES_FEATURE,CAMERA_3,weight,This one weighs 950 grams (only body).,16~37
121,5,CAMERA_3,['CAMERA_3'],"{'CAMERA_1': [], 'CAMERA_2': [], 'CAMERA_3': ['weight', 'long_exposure']}",C_QUESTION_ABOUT_FEATURE,CAMERA_3,long_exposure,can it take long exposure shots,S_ANSWERS_QUESTION_ABOUT_FEATURE,CAMERA_3,long_exposure,"This one can take long exposures up to up to 30 seconds, bulb mode: expose as long as you want.",39~94
121,6,CAMERA_3,['CAMERA_3'],"{'CAMERA_1': [], 'CAMERA_2': [], 'CAMERA_3': ['weight', 'long_exposure', 'effects']}",C_QUESTION_ABOUT_FEATURE,CAMERA_3,effects,does it have any effect modes,S_NOT_SURE,CAMERA_3,,I'm not really sure about that,
121,7,CAMERA_3,['CAMERA_3'],"{'CAMERA_1': [], 'CAMERA_2': [], 'CAMERA_3': ['weight', 'long_exposure', 'effects', 'camera_type']}",C_SILENT_OR_BACKCHANNEL,CAMERA_3,NONE,I see,S_INTRODUCES_FEATURE,CAMERA_3,camera_type,This is a DSLR camera.,10~14
121,8,CAMERA_3,['CAMERA_3'],"{'CAMERA_1': [], 'CAMERA_2': [], 'CAMERA_3': ['weight', 'long_exposure', 'effects', 'camera_type', 'settings']}",C_SILENT_OR_BACKCHANNEL,CAMERA_3,NONE,I see,S_INTRODUCES_FEATURE,CAMERA_3,settings,This one has full manual control.,13~32
121,9,NONE,['CAMERA_3'],"{'CAMERA_1': [], 'CAMERA_2': [], 'CAMERA_3': ['weight', 'long_exposure', 'effects', 'camera_type', 'settings']}",C_THANK_YOU,CAMERA_3,NONE,thank you for your help,S_THANK_YOU,CAMERA_3,NONE,thank you very much,
121,10,NONE,['CAMERA_3'],"{'CAMERA_1': [], 'CAMERA_2': [], 'CAMERA_3': ['weight', 'long_exposure', 'effects', 'camera_type', 'settings']}",C_LEAVES,DOOR,NONE,,S_RETURNS_TO_COUNTER,SERVICE_COUNTER,NONE,,
122,1,NONE,[],"{'CAMERA_1': [], 'CAMERA_2': [], 'CAMERA_3': []}",C_ENTERS,DOOR,NONE,,S_NONE,SERVICE_COUNTER,NONE,,
122,2,NONE,[],"{'CAMERA_1': [], 'CAMERA_2': [], 'CAMERA_3': []}",C_WALKS_TO_CAMERA,CAMERA_1,NONE,,S_NONE,SERVICE_COUNTER,NONE,,
122,3,NONE,[],"{'CAMERA_1': [], 'CAMERA_2': [], 'CAMERA_3': []}",C_EXAMINES_CAMERA,CAMERA_1,NONE,,S_GREETS,CAMERA_1,NONE,can I help you?,
122,4,CAMERA_3,['CAMERA_3'],"{'CAMERA_1': [], 'CAMERA_2': [], 'CAMERA_3': []}",C_LOOKING_FOR_A_CAMERA,CAMERA_1,NONE,I'm looking for a camera,S_INTRODUCES_CAMERA,CAMERA_3,,Let me show you this. Here we have the Canon EOS 5D Mark III.,39~60
122,5,CAMERA_3,['CAMERA_3'],"{'CAMERA_1': [], 'CAMERA_2': [], 'CAMERA_3': ['autofocus_points']}",C_QUESTION_ABOUT_FEATURE,CAMERA_3,autofocus_points,how many autofocus points does it have,S_ANSWERS_QUESTION_ABOUT_FEATURE,CAMERA_3,autofocus_points,This one has 61 autofocus points.,13~32
122,6,CAMERA_3,['CAMERA_3'],"{'CAMERA_1': [], 'CAMERA_2': [], 'CAMERA_3': ['autofocus_points', 'ISO']}",C_QUESTION_ABOUT_FEATURE,CAMERA_3,ISO,what is the ISO,S_ANSWERS_QUESTION_ABOUT_FEATURE,CAMERA_3,ISO,This one has up to 6400 ISO with little noise.,13~45
122,7,CAMERA_3,['CAMERA_3'],"{'CAMERA_1': [], 'CAMERA_2': [], 'CAMERA_3': ['autofocus_points', 'ISO', 'optical_zoom']}",C_QUESTION_ABOUT_FEATURE,CAMERA_3,optical_zoom,does it have optical zoom,S_NOT_SURE,CAMERA_3,,I'm not really sure about that,
122,8,CAMERA_2,"['CAMERA_3', 'CAMERA_2']","{'CAMERA_1': [], 'CAMERA_2': [], 'CAMERA_3': ['autofocus_points', 'ISO', 'optical_zoom']}",C_ANYTHING_ELSE_AVAILABLE,CAMERA_3,NONE,ok do you have any other cameras,S_INTRODUCES_CAMERA,CAMERA_2,,Let me show you this. Here we have the Sony Alpha a6000.,39~55
122,9,CAMERA_2,"['CAMERA_3', 'CAMERA_2']","{'CAMERA_1': [], 'CAMERA_2': ['autofocus_points'], 'CAMERA_3': ['autofocus_points', 'ISO', 'optical_zoom']}",C_SILENT_OR_BACKCHANNEL,CAMERA_2,NONE,I see,S_INTRODUCES_FEATURE,CAMERA_2,autofocus_points,This one has 179 autofocus points.,13~33
122,10,CAMERA_2,"['CAMERA_3', 'CAMERA_2']","{'CAMERA_1': [], 'CAMERA_2': ['autofocus_points', 'settings'], 'CAMERA_3': ['autofocus_points', 'ISO', 'optical_zoom']}",C_SILENT_OR_BACKCHANNEL,CAMERA_2,NONE,I see,S_INTRODUCES_FEATURE,CAMERA_2,settings,This one has full manual control.,13~32
122,11,CAMERA_2,"['CAMERA_3', 'CAMERA_2']","{'CAMERA_1': [], 'CAMERA_2': ['autofocus_points', 'settings', 'sensor_size'], 'CAMERA_3': ['autofocus_points', 'ISO', 'optical_zoom']}",C_SILENT_OR_BACKCHANNEL,CAMERA_2,NONE,I see,S_INTRODUCES_FEATURE,CAMERA_2,sensor_size,This one has a APS-C sensor (crop sensor).,15~41
122,12,CAMERA_2,"['CAMERA_3', 'CAMERA_2']","{'CAMERA_1': [], 'CAMERA_2': ['autofocus_points', 'settings', 'sensor_size', 'long_exposure'], 'CAMERA_3': ['autofocus_points', 'ISO', 'optical_zoom']}",C_SILENT_OR_BACKCHANNEL,CAMERA_2,NONE,alright,S_INTRODUCES_FEATURE,CAMERA_2,long_exposure,This one can take long exposures up to up to 30 seconds.,39~55
122,13,NONE,"['CAMERA_3', 'CAMERA_2']","{'CAMERA_1': [], 'CAMERA_2': ['autofocus_points', 'settings', 'sensor_size', 'long_exposure'], 'CAMERA_3': ['autofocus_points', 'ISO', 'optical_zoom']}",C_THANK_YOU,CAMERA_2,NONE,thank you for your help,S_THANK_YOU,CAMERA_2,NONE,thank you very much,
122,14,NONE,"['CAMERA_3', 'CAMERA_2']","{'CAMERA_1': [], 'CAMERA_2': ['autofocus_points', 'settings', 'sensor_size', 'long_exposure'], 'CAMERA_3': ['autofocus_points', 'ISO', 'optical_zoom']}",C_LEAVES,DOOR,NONE,,S_RETURNS_TO_COUNTER,SERVICE_COUNTER,NONE,,
123,1,NONE,[],"{'CAMERA_1': [], 'CAMERA_2': [], 'CAMERA_3': []}",C_ENTERS,DOOR,NONE,,S_NONE,SERVICE_COUNTER,NONE,,
123,2,NONE,[],"{'CAMERA_1': [], 'CAMERA_2': [], 'CAMERA_3': []}",C_GREETS,MIDDLE,NONE,hello,S_GREETS,MIDDLE,NONE,can I help you?,
123,3,CAMERA_1,['CAMERA_1'],"{'CAMERA_1': [], 'CAMERA_2': [], 'CAMERA_3': []}",C_LOOKING_FOR_A_CAMERA,MIDDLE,NONE,I'm looking for a camera,S_INTRODUCES_CAMERA,CAMERA_1,,Let me show you this. Here we have the Nikon Coolpix S2800.,39~58
123,4,CAMERA_1,['CAMERA_1'],"{'CAMERA_1': ['optical_zoom'], 'CAMERA_2': [], 'CAMERA_3': []}",C_SILENT_OR_BACKCHANNEL,CAMERA_1,NONE,okay,S_INTRODUCES_FEATURE,CAMERA_1,optical_zoom,This one has 5x optical zoom.,13~28
123,5,NONE,['CAMERA_1'],"{'CAMERA_1': ['optical_zoom'], 'CAMERA_2': [], 'CAMERA_3': []}",C_THANK_YOU,CAMERA_1,NONE,thank you for your help,S_THANK_YOU,CAMERA_1,NONE,thank you very much,
123,6,NONE,['CAMERA_1'],"{'CAMERA_1': ['optical_zoom'], 'CAMERA_2': [], 'CAMERA_3': []}",C_LEAVES,DOOR,NONE,,S_RETURNS_TO_COUNTER,SERVICE_COUNTER,NONE,,
124,1,NONE,[],"{'CAMERA_1': [], 'CAMERA_2': [], 'CAMERA_3': []}",C_ENTERS,DOOR,NONE,,S_NONE,SERVICE_COUNTER,NONE,,
124,2,NONE,[],"{'CAMERA_1': [], 'CAMERA_2': [], 'CAMERA_3': []}",C_GREETS,MIDDLE,NONE,hello,S_GREETS,MIDDLE,NONE,can I help you?,
124,3,CAMERA_1,['CAMERA_1'],"{'CAMERA_1': [], 'CAMERA_2': [], 'CAMERA_3': []}",C_LOOKING_FOR_A_CAMERA,MIDDLE,NONE,I'm looking for a camera,S_INTRODUCES_CAMERA,CAMERA_1,,Let me show you this. Here we have the Nikon Coolpix S2800.,39~58
124,4,CAMERA_1,['CAMERA_1'],"{'CAMERA_1': ['optical_zoom'], 'CAMERA_2': [], 'CAMERA_3': []}",C_SILENT_OR_BACKCHANNEL,CAMERA_1,NONE,okay,S_INTRODUCES_FEATURE,CAMERA_1,optical_zoom,This one has 5x optical zoom.,13~28
124,5,CAMERA_3,"['CAMERA_1', 'CAMERA_3']","{'CAMERA_1': ['optical_zoom'], 'CAMERA_2': [], 'CAMERA_3': []}",C_ANYTHING_ELSE_AVAILABLE,CAMERA_1,NONE,ok do you have any other cameras,S_INTRODUCES_CAMERA,CAMERA_3,,Let me show you this. Here we have the Canon EOS 5D Mark III.,39~60
124,6,CAMERA_3,"['CAMERA_1', 'CAMERA_3']","{'CAMERA_1': ['optical_zoom'], 'CAMERA_2': [], 'CAMERA_3': ['long_exposure']}",C_QUESTION_ABOUT_FEATURE,CAMERA_3,long_exposure,can it take long exposure shots,S_ANSWERS_QUESTION_ABOUT_FEATURE,CAMERA_3,long_exposure,"This one can take long exposures up to up to 30 seconds, bulb mode: expose as long as you want.",39~94
124,7,CAMERA_3,"['CAMERA_1', 'CAMERA_3']","{'CAMERA_1': ['optical_zoom'], 'CAMERA_2': [], 'CAMERA_3': ['long_exposure', 'autofocus_points']}",C_QUESTION_ABOUT_FEATURE,CAMERA_3,autofocus_points,how many autofocus points does it have,S_ANSWERS_QUESTION_ABOUT_FEATURE,CAMERA_3,autofocus_points,This one has 61 autofocus points.,13~32
124,8,CAMERA_2,"['CAMERA_1', 'CAMERA_3', 'CAMERA_2']","{'CAMERA_1': ['optical_zoom'], 'CAMERA_2': [], 'CAMERA_3': ['long_exposure', 'autofocus_points']}",C_ANYTHING_ELSE_AVAILABLE,CAMERA_3,NONE,ok do you have any other cameras,S_INTRODUCES_CAMERA,CAMERA_2,,Let me show you this. Here we have the Sony Alpha a6000.,39~55
124,9,CAMERA_2,"['CAMERA_1', 'CAMERA_3', 'CAMERA_2']","{'CAMERA_1': ['optical_zoom'], 'CAMERA_2': ['optical_zoom'], 'CAMERA_3': ['long_exposure', 'autofocus_points']}",C_QUESTION_ABOUT_FEATURE,CAMERA_2,optical_zoom,does it have optical zoom,S_NOT_SURE,CAMERA_2,,I'm not really sure about that,
124,10,CAMERA_2,"['CAMERA_1', 'CAMERA_3', 'CAMERA_2']","{'CAMERA_1': ['optical_zoom'], 'CAMERA_2': ['optical_zoom', 'long_exposure'], 'CAMERA_3': ['long_exposure', 'autofocus_points']}",C_SILENT_OR_BACKCHANNEL,CAMERA_2,NONE,alright,S_INTRODUCES_FEATURE,CAMERA_2,long_exposure,This one can take long exposures up to up to 30 seconds.,39~55
124,11,CAMERA_2,"['CAMERA_1', 'CAMERA_3', 'CAMERA_2']","{'CAMERA_1': ['optical_zoom'], 'CAMERA_2': ['optical_zoom', 'long_exposure', 'autofocus_points'], 'CAMERA_3': ['long_exposure', 'autofocus_points']}",C_SILENT_OR_BACKCHANNEL,CAMERA_2,NONE,alright,S_INTRODUCES_FEATURE,CAMERA_2,autofocus_points,This one has 179 autofocus points.,13~33
124,12,CAMERA_2,"['CAMERA_1', 'CAMERA_3', 'CAMERA_2']","{'CAMERA_1': ['optical_zoom'], 'CAMERA_2': ['optical_zoom', 'long_exposure', 'autofocus_points', 'camera_type'], 'CAMERA_3': ['long_exposure', 'autofocus_points']}",C_QUESTION_ABOUT_FEATURE,CAMERA_2,camera_type,what kind of camera is this,S_ANSWERS_QUESTION_ABOUT_FEATURE,CAMERA_2,camera_type,This is a mirrorless camera.,10~20
124,13,CAMERA_2,"['CAMERA_1', 'CAMERA_3', 'CAMERA_2']","{'CAMERA_1': ['optical_zoom'], 'CAMERA_2': ['optical_zoom', 'long_exposure', 'autofocus_points', 'camera_type', 'color'], 'CAMERA_3': ['long_exposure', 'autofocus_points']}",C_SILENT_OR_BACKCHANNEL,CAMERA_2,NONE,alright,S_INTRODUCES_FEATURE,CAMERA_2,color,"This one comes in white, silver, black.",18~38
124,14,NONE,"['CAMERA_1', 'CAMERA_3', 'CAMERA_2']","{'CAMERA_1': ['optical_zoom'], 'CAMERA_2': ['optical_zoom', 'long_exposure', 'autofocus_points', 'camera_type', 'color'], 'CAMERA_3': ['long_exposure', 'autofocus_points']}",C_THANK_YOU,CAMERA_2,NONE,thank you for your help,S_THANK_YOU,CAMERA_2,NONE,thank you very much,
124,15,NONE,"['CAMERA_1', 'CAMERA_3', 'CAMERA_2']","{'CAMERA_1': ['optical_zoom'], 'CAMERA_2': ['optical_zoom', 'long_exposure', 'autofocus_points', 'camera_type', 'color'], 'CAMERA_3': ['long_exposure', 'autofocus_points']}",C_LEAVES,DOOR,NONE,,S_RETURNS_TO_COUNTER,SERVICE_COUNTER,NONE,,
125,1,NONE,[],"{'CAMERA_1': [], 'CAMERA_2': [], 'CAMERA_3': []}",C_ENTERS,DOOR,NONE,,S_NONE,SERVICE_COUNTER,NONE,,
125,2,NONE,[],"{'CAMERA_1': [], 'CAMERA_2': [], 'CAMERA_3': []}",C_WALKS_TO_CAMERA,CAMERA_1,NONE,,S_GREETS,CAMERA_1,NONE,can I help you?,
125,3,CAMERA_2,['CAMERA_2'],"{'CAMERA_1': [], 'CAMERA_2': [], 'CAMERA_3': []}",C_LOOKING_FOR_A_CAMERA,CAMERA_1,NONE,I'm looking for a camera,S_INTRODUCES_CAMERA,CAMERA_2,,Let me show you this. Here we have the Sony Alpha a6000.,39~55
125,4,CAMERA_2,['CAMERA_2'],"{'CAMERA_1': [], 'CAMERA_2': ['autofocus_points'], 'CAMERA_3': []}",C_QUESTION_ABOUT_FEATURE,CAMERA_2,autofocus_points,how many autofocus points does it have,S_ANSWERS_QUESTION_ABOUT_FEATURE,CAMERA_2,autofocus_points,This one has 179 autofocus points.,13~33
125,5,NONE,['CAMERA_2'],"{'CAMERA_1': [], 'CAMERA_2': ['autofocus_points'], 'CAMERA_3': []}",C_THANK_YOU,CAMERA_2,NONE,thank you for your help,S_THANK_YOU,CAMERA_2,NONE,thank you very much,
125,6,NONE,['CAMERA_2'],"{'CAMERA_1': [], 'CAMERA_2': ['autofocus_points'], 'CAMERA_3': []}",C_LEAVES,DOOR,NONE,,S_RETURNS_TO_COUNTER,SERVICE_COUNTER,NONE,,
126,1,NONE,[],"{'CAMERA_1': [], 'CAMERA_2': [], 'CAMERA_3': []}",C_ENTERS,DOOR,NONE,,S_NONE,SERVICE_COUNTER,NONE,,
126,2,NONE,[],"{'CAMERA_1': [], 'CAMERA_2': [], 'CAMERA_3': []}",C_WALKS_TO_CAMERA,CAMERA_2,NONE,,S_GREETS,CAMERA_2,NONE,can I help you?,
126,3,CAMERA_3,['CAMERA_3'],"{'CAMERA_1': [], 'CAMERA_2': [], 'CAMERA_3': []}",C_LOOKING_FOR_A_CAMERA,CAMERA_2,NONE,I'm looking for a camera,S_INTRODUCES_CAMERA,CAMERA_3,,Let me show you this. Here we have the Canon EOS 5D Mark III.,39~60
126,4,CAMERA_3,['CAMERA_3'],"{'CAMERA_1': [], 'CAMERA_2': [], 'CAMERA_3': ['sensor_size']}",C_SILENT_OR_BACKCHANNEL,CAMERA_3,NONE,I see,S_INTRODUCES_FEATURE,CAMERA_3,sensor_size,This one has a full frame.,15~25
126,5,NONE,['CAMERA_3'],"{'CAMERA_1': [], 'CAMERA_2': [], 'CAMERA_3': ['sensor_size']}",C_THANK_YOU,CAMERA_3,NONE,thank you for your help,S_THANK_YOU,CAMERA_3,NONE,thank you very much,
126,6,NONE,['CAMERA_3'],"{'CAMERA_1': [], 'CAMERA_2': [], 'CAMERA_3': ['sensor_size']}",C_LEAVES,DOOR,NONE,,S_RETURNS_TO_COUNTER,SERVICE_COUNTER,NONE,,
127,1,NONE,[],"{'CAMERA_1': [], 'CAMERA_2': [], 'CAMERA_3': []}",C_ENTERS,DOOR,NONE,,S_NONE,SERVICE_COUNTER,NONE,,
127,2,NONE,[],"{'CAMERA_1': [], 'CAMERA_2': [], 'CAMERA_3': []}",C_WALKS_TO_CAMERA,CAMERA_3,NONE,,S_GREETS,CAMERA_3,NONE,can I help you?,
127,3,CAMERA_1,['CAMERA_1'],"{'CAMERA_1': [], 'CAMERA_2': [], 'CAMERA_3': []}",C_LOOKING_FOR_A_CAMERA,CAMERA_3,NONE,I'm looking for a camera,S_INTRODUCES_CAMERA,CAMERA_1,,Let me show you this. Here we have the Nikon Coolpix S2800.,39~58
127,4,CAMERA_1,['CAMERA_1'],"{'CAMERA_1': ['preset_modes'], 'CAMERA_2': [], 'CAMERA_3': []}",C_SILENT_OR_BACKCHANNEL,CAMERA_1,NONE,alright,S_INTRODUCES_FEATURE,CAMERA_1,preset_modes,"This one has 18 preset modes (e.g. beach, snow, night portrait).",13~63
127,5,CAMERA_1,['CAMERA_1'],"{'CAMERA_1': ['preset_modes', 'ISO'], 'CAMERA_2': [], 'CAMERA_3': []}",C_QUESTION_ABOUT_FEATURE,CAMERA_1,ISO,what is the ISO,S_NOT_SURE,CAMERA_1,,I'm not really sure about that,
127,6,CAMERA_1,['CAMERA_1'],"{'CAMERA_1': ['preset_modes', 'ISO', 'effects'], 'CAMERA_2': [], 'CAMERA_3': []}",C_QUESTION_ABOUT_FEATURE,CAMERA_1,effects,does it have any effect modes,S_ANSWERS_QUESTION_ABOUT_FEATURE,CAMERA_1,effects,"This one has 12 glamor retouch effects (e.g. skin softening, small face, big eyes).",13~82
127,7,NONE,['CAMERA_1'],"{'CAMERA_1': ['preset_modes', 'ISO', 'effects'], 'CAMERA_2': [], 'CAMERA_3': []}",C_THANK_YOU,CAMERA_1,NONE,thank you for your help,S_THANK_YOU,CAMERA_1,NONE,thank you very much,
127,8,NONE,['CAMERA_1'],"{'CAMERA_1': ['preset_modes', 'ISO', 'effects'], 'CAMERA_2': [], 'CAMERA_3': []}",C_LEAVES,DOOR,NONE,,S_RETURNS_TO_COUNTER,SERVICE_COUNTER,NONE,,
128,1,NONE,[],"{'CAMERA_1': [], 'CAMERA_2': [], 'CAMERA_3': []}",C_ENTERS,DOOR,NONE,,S_NONE,SERVICE_COUNTER,NONE,,
128,2,NONE,[],"{'CAMERA_1': [], 'CAMERA_2': [], 'CAMERA_3': []}",C_GREETS,MIDDLE,NONE,hello,S_GREETS,MIDDLE,NONE,can I help you?,
128,3,CAMERA_1,['CAMERA_1'],"{'CAMERA_1': [], 'CAMERA_2': [], 'CAMERA_3': []}",C_LOOKING_FOR_A_CAMERA,MIDDLE,NONE,I'm looking for a camera,S_INTRODUCES_CAMERA,CAMERA_1,,Let me show you this. Here we have the Nikon Coolpix S2800.,39~58
128,4,CAMERA_1,['CAMERA_1'],"{'CAMERA_1': ['weight'], 'CAMERA_2': [], 'CAMERA_3': []}",C_SILENT_OR_BACKCHANNEL,CAMERA_1,NONE,I see,S_INTRODUCES_FEATURE,CAMERA_1,weight,This one weighs 120 grams.,16~25
128,5,CAMERA_1,['CAMERA_1'],"{'CAMERA_1': ['weight', 'optical_zoom'], 'CAMERA_2': [], 'CAMERA_3': []}",C_SILENT_OR_BACKCHANNEL,CAMERA_1,NONE,alright,S_INTRODUCES_FEATURE,CAMERA_1,optical_zoom,This one has 5x optical zoom.,13~28
128,6,CAMERA_1,['CAMERA_1'],"{'CAMERA_1': ['weight', 'optical_zoom', 'preset_modes'], 'CAMERA_2': [], 'CAMERA_3': []}",C_SILENT_OR_BACKCHANNEL,CAMERA_1,NONE,I see,S_INTRODUCES_FEATURE,CAMERA_1,preset_modes,"This one has 18 preset modes (e.g. beach, snow, night portrait).",13~63
128,7,CAMERA_1,['CAMERA_1'],"{'CAMERA_1': ['weight', 'optical_zoom', 'preset_modes', 'effects'], 'CAMERA_2': [], 'CAMERA_3': []}",C_QUESTION_ABOUT_FEATURE,CAMERA_1,effects,does it have any effect modes,S_ANSWERS_QUESTION_ABOUT_FEATURE,CAMERA_1,effects,"This one has 12 glamor retouch effects (e.g. skin softening, small face, big eyes).",13~82
128,8,CAMERA_1,['CAMERA_1'],"{'CAMERA_1': ['weight', 'optical_zoom', 'preset_modes', 'effects', 'long_exposure'], 'CAMERA_2': [], 'CAMERA_3': []}",C_QUESTION_ABOUT_FEATURE,CAMERA_1,long_exposure,can it take long exposure shots,S_NOT_SURE,CAMERA_1,,I'm not really sure about that,
128,9,CAMERA_1,['CAMERA_1'],"{'CAMERA_1': ['weight', 'optical_zoom', 'preset_modes', 'effects', 'long_exposure', 'autofocus_points'], 'CAMERA_2': [], 'CAMERA_3': []}",C_QUESTION_ABOUT_FEATURE,CAMERA_1,autofocus_points,how many autofocus points does it have,S_NOT_SURE,CAMERA_1,,I'm not really sure about that,
128,10,CAMERA_1,['CAMERA_1'],"{'CAMERA_1': ['weight', 'optical_zoom', 'preset_modes', 'effects', 'long_exposure', 'autofocus_points', 'price'], 'CAMERA_2': [], 'CAMERA_3': []}",C_QUESTION_ABOUT_FEATURE,CAMERA_1,price,how much does it cost,S_ANSWERS_QUESTION_ABOUT_FEATURE,CAMERA_1,price,This one costs $2173.,15~20
128,11,CAMERA_3,"['CAMERA_1', 'CAMERA_3']","{'CAMERA_1': ['weight', 'optical_zoom', 'preset_modes', 'effects', 'long_exposure', 'autofocus_points', 'price'], 'CAMERA_2': [], 'CAMERA_3': []}",C_ANYTHING_ELSE_AVAILABLE,CAMERA_1,NONE,ok do you have any other cameras,S_INTRODUCES_CAMERA,CAMERA_3,,Let me show you this. Here we have the Canon EOS 5D Mark III.,39~60
128,12,CAMERA_3,"['CAMERA_1', 'CAMERA_3']","{'CAMERA_1': ['weight', 'optical_zoom', 'preset_modes', 'effects', 'long_exposure', 'autofocus_points', 'price'], 'CAMERA_2': [], 'CAMERA_3': ['long_exposure']}",C_QUESTION_ABOUT_FEATURE,CAMERA_3,long_exposure,can it take long exposure shots,S_ANSWERS_QUESTION_ABOUT_FEATURE,CAMERA_3,long_exposure,"This one can take long exposures up to up to 30 seconds, bulb mode: expose as long as you want.",39~94
128,13,CAMERA_3,"['CAMERA_1', 'CAMERA_3']","{'CAMERA_1': ['weight', 'optical_zoom', 'preset_modes', 'effects', 'long_exposure', 'autofocus_points', 'price'], 'CAMERA_2': [], 'CAMERA_3': ['long_exposure', 'camera_type']}",C_SILENT_OR_BACKCHANNEL,CAMERA_3,NONE,alright,S_INTRODUCES_FEATURE,CAMERA_3,camera_type,This is a DSLR camera.,10~14
128,14,CAMERA_3,"['CAMERA_1', 'CAMERA_3']","{'CAMERA_1': ['weight', 'optical_zoom', 'preset_modes', 'effects', 'long_exposure', 'autofocus_points', 'price'], 'CAMERA_2': [], 'CAMERA_3': ['long_exposure', 'camera_type', 'autofocus_points']}",C_SILENT_OR_BACKCHANNEL,CAMERA_3,NONE,I see,S_INTRODUCES_FEATURE,CAMERA_3,autofocus_points,This one has 61 autofocus points.,13~32
128,15,CAMERA_3,"['CAMERA_1', 'CAMERA_3']","{'CAMERA_1': ['weight', 'optical_zoom', 'preset_modes', 'effects', 'long_exposure', 'autofocus_points', 'price'], 'CAMERA_2': [], 'CAMERA_3': ['long_exposure', 'camera_type', 'autofocus_points', 'sensor_size']}",C_QUESTION_ABOUT_FEATURE,CAMERA_3,sensor_size,what is the sensor size,S_ANSWERS_QUESTION_ABOUT_FEATURE,CAMERA_3,sensor_size,This one has a full frame.,15~25
128,16,CAMERA_3,"['CAMERA_1', 'CAMERA_3']","{'CAMERA_1': ['weight', 'optical_zoom', 'preset_modes', 'effects', 'long_exposure', 'autofocus_points', 'price'], 'CAMERA_2': [], 'CAMERA_3': ['long_exposure', 'camera_type', 'autofocus_points', 'sensor_size', 'color']}",C_QUESTION_ABOUT_FEATURE,CAMERA_3,color,what colors does this one come in,S_ANSWERS_QUESTION_ABOUT_FEATURE,CAMERA_3,color,This one comes in black.,18~23
128,17,CAMERA_3,"['CAMERA_1', 'CAMERA_3']","{'CAMERA_1': ['weight', 'optical_zoom', 'preset_modes', 'effects', 'long_exposure', 'autofocus_points', 'price'], 'CAMERA_2': [], 'CAMERA_3': ['long_exposure', 'camera_type', 'autofocus_points', 'sensor_size', 'color', 'settings']}",C_QUESTION_ABOUT_FEATURE,CAMERA_3,settings,what kind of settings does it have,S_ANSWERS_QUESTION_ABOUT_FEATURE,CAMERA_3,settings,This one has full manual control.,13~32
128,18,CAMERA_3,"['CAMERA_1', 'CAMERA_3']","{'CAMERA_1': ['weight', 'optical_zoom', 'preset_modes', 'effects', 'long_exposure', 'autofocus_points', 'price'], 'CAMERA_2': [], 'CAMERA_3': ['long_exposure', 'camera_type', 'autofocus_points', 'sensor_size', 'color', 'settings', 'price']}",C_QUESTION_ABOUT_FEATURE,CAMERA_3,price,how much does it cost,S_ANSWERS_QUESTION_ABOUT_FEATURE,CAMERA_3,price,This one costs $3706.,15~20
128,19,CAMERA_3,"['CAMERA_1', 'CAMERA_3']","{'CAMERA_1': ['weight', 'optical_zoom', 'preset_modes', 'effects', 'long_exposure', 'autofocus_points', 'price'], 'CAMERA_2': [], 'CAMERA_3': ['long_exposure', 'camera_type', 'autofocus_points', 'sensor_size', 'color', 'settings', 'price', 'ISO']}",C_SILENT_OR_BACKCHANNEL,CAMERA_3,NONE,okay,S_INTRODUCES_FEATURE,CAMERA_3,ISO,This one has up to 6400 ISO with little noise.,13~45
128,20,CAMERA_3,"['CAMERA_1', 'CAMERA_3']","{'CAMERA_1': ['weight', 'optical_zoom', 'preset_modes', 'effects', 'long_exposure', 'autofocus_points', 'price'], 'CAMERA_2': [], 'CAMERA_3': ['long_exposure', 'camera_type', 'autofocus_points', 'sensor_size', 'color', 'settings', 'price', 'ISO', 'optical_zoom']}",C_QUESTION_ABOUT_FEATURE,CAMERA_3,optical_zoom,does it have optical zoom,S_NOT_SURE,CAMERA_3,,I'm not really sure about that,
128,21,CAMERA_3,"['CAMERA_1', 'CAMERA_3']","{'CAMERA_1': ['weight', 'optical_zoom', 'preset_modes', 'effects', 'long_exposure', 'autofocus_points', 'price'], 'CAMERA_2': [], 'CAMERA_3': ['long_exposure', 'camera_type', 'autofocus_points', 'sensor_size', 'color', 'settings', 'price', 'ISO', 'optical_zoom', 'weight']}",C_SILENT_OR_BACKCHANNEL,CAMERA_3,NONE,I see,S_INTRODUCES_FEATURE,CAMERA_3,weight,This one weighs 950 grams (only body).,16~37
128,22,NONE,"['CAMERA_1', 'CAMERA_3']","{'CAMERA_1': ['weight', 'optical_zoom', 'preset_modes', 'effects', 'long_exposure', 'autofocus_points', 'price'], 'CAMERA_2': [], 'CAMERA_3': ['long_exposure', 'camera_type', 'autofocus_points', 'sensor_size', 'color', 'settings', 'price', 'ISO', 'optical_zoom', 'weight']}",C_THANK_YOU,CAMERA_3,NONE,thank you for your help,S_THANK_YOU,CAMERA_3,NONE,thank you very much,
128,23,NONE,"['CAMERA_1', 'CAMERA_3']","{'CAMERA_1': ['weight', 'optical_zoom', 'preset_modes', 'effects', 'long_exposure', 'autofocus_points', 'price'], 'CAMERA_2': [], 'CAMERA_3': ['long_exposure', 'camera_type', 'autofocus_points', 'sensor_size', 'color', 'settings', 'price', 'ISO', 'optical_zoom', 'weight']}",C_LEAVES,DOOR,NONE,,S_RETURNS_TO_COUNTER,SERVICE_COUNTER,NONE,,
129,1,NONE,[],"{'CAMERA_1': [], 'CAMERA_2': [], 'CAMERA_3': []}",C_ENTERS,DOOR,NONE,,S_NONE,SERVICE_COUNTER,NONE,,
129,2,NONE,[],"{'CAMERA_1': [], 'CAMERA_2': [], 'CAMERA_3': []}",C_WALKS_TO_CAMERA,CAMERA_2,NONE,,S_GREETS,CAMERA_2,NONE,can I help you?,
129,3,CAMERA_2,['CAMERA_2'],"{'CAMERA_1': [], 'CAMERA_2': [], 'CAMERA_3': []}",C_LOOKING_FOR_A_CAMERA,CAMERA_2,NONE,I'm looking for a camera,S_INTRODUCES_CAMERA,CAMERA_2,,Let me show you this. Here we have the Sony Alpha a6000.,39~55
129,4,CAMERA_2,['CAMERA_2'],"{'CAMERA_1': [], 'CAMERA_2': ['resolution'], 'CAMERA_3': []}",C_QUESTION_ABOUT_FEATURE,CAMERA_2,resolution,what is the resolution,S_NOT_SURE,CAMERA_2,,I'm not really sure about that,
129,5,CAMERA_2,['CAMERA_2'],"{'CAMERA_1': [], 'CAMERA_2': ['resolution', 'price'], 'CAMERA_3': []}",C_SILENT_OR_BACKCHANNEL,CAMERA_2,NONE,okay,S_INTRODUCES_FEATURE,CAMERA_2,price,This one costs $1341.,15~20
129,6,CAMERA_2,['CAMERA_2'],"{'CAMERA_1': [], 'CAMERA_2': ['resolution', 'price', 'preset_modes'], 'CAMERA_3': []}",C_QUESTION_ABOUT_FEATURE,CAMERA_2,preset_modes,does it have preset modes,S_ANSWERS_QUESTION_ABOUT_FEATURE,CAMERA_2,preset_modes,"This one has 9 preset modes (e.g. beach, snow, night, portrait).",13~63
129,7,CAMERA_2,['CAMERA_2'],"{'CAMERA_1': [], 'CAMERA_2': ['resolution', 'price', 'preset_modes', 'long_exposure'], 'CAMERA_3': []}",C_SILENT_OR_BACKCHANNEL,CAMERA_2,NONE,I see,S_INTRODUCES_FEATURE,CAMERA_2,long_exposure,This one can take long exposures up to up to 30 seconds.,39~55
129,8,CAMERA_2,['CAMERA_2'],"{'CAMERA_1': [], 'CAMERA_2': ['resolution', 'price', 'preset_modes', 'long_exposure', 'weight'], 'CAMERA_3': []}",C_SILENT_OR_BACKCHANNEL,CAMERA_2,NONE,alright,S_INTRODUCES_FEATURE,CAMERA_2,weight,This one weighs 470 grams.,16~25
129,9,NONE,['CAMERA_2'],"{'CAMERA_1': [], 'CAMERA_2': ['resolution', 'price', 'preset_modes', 'long_exposure', 'weight'], 'CAMERA_3': []}",C_THANK_YOU,CAMERA_2,NONE,thank you for your help,S_THANK_YOU,CAMERA_2,NONE,thank you very much,
129,10,NONE,['CAMERA_2'],"{'CAMERA_1': [], 'CAMERA_2': ['resolution', 'price', 'preset_modes', 'long_exposure', 'weight'], 'CAMERA_3': []}",C_LEAVES,DOOR,NONE,,S_RETURNS_TO_COUNTER,SERVICE_COUNTER,NONE,,
130,1,NONE,[],"{'CAMERA_1': [], 'CAMERA_2': [], 'CAMERA_3': []}",C_ENTERS,DOOR,NONE,,S_NONE,SERVICE_COUNTER,NONE,,
130,2,NONE,[],"{'CAMERA_1': [], 'CAMERA_2': [], 'CAMERA_3': []}",C_GREETS,MIDDLE,NONE,hello,S_GREETS,MIDDLE,NONE,can I help you?,
130,3,CAMERA_3,['CAMERA_3'],"{'CAMERA_1': [], 'CAMERA_2': [], 'CAMERA_3': []}",C_LOOKING_FOR_A_CAMERA,MIDDLE,NONE,I'm looking for a camera,S_INTRODUCES_CAMERA,CAMERA_3,,Let me show you this. Here we have the Canon EOS 5D Mark III.,39~60
130,4,CAMERA_3,['CAMERA_3'],"{'CAMERA_1': [], 'CAMERA_2': [], 'CAMERA_3': ['camera_type']}",C_QUESTION_ABOUT_FEATURE,CAMERA_3,camera_type,what kind of camera is this,S_ANSWERS_QUESTION_ABOUT_FEATURE,CAMERA_3,camera_type,This is a DSLR camera.,10~14
130,5,CAMERA_3,['CAMERA_3'],"{'CAMERA_1': [], 'CAMERA_2': [], 'CAMERA_3': ['camera_type', 'sensor_size']}",C_QUESTION_ABOUT_FEATURE,CAMERA_3,sensor_size,what is the sensor size,S_ANSWERS_QUESTION_ABOUT_FEATURE,CAMERA_3,sensor_size,This one has a full frame.,15~25
130,6,CAMERA_3,['CAMERA_3'],"{'CAMERA_1': [], 'CAMERA_2': [], 'CAMERA_3': ['camera_type', 'sensor_size', 'preset_modes']}",C_QUESTION_ABOUT_FEATURE,CAMERA_3,preset_modes,does it have preset modes,S_NOT_SURE,CAMERA_3,,I'm not really sure about that,
130,7,NONE,['CAMERA_3'],"{'CAMERA_1': [], 'CAMERA_2': [], 'CAMERA_3': ['camera_type', 'sensor_size', 'preset_modes']}",C_THANK_YOU,CAMERA_3,NONE,thank you for your help,S_THANK_YOU,CAMERA_3,NONE,thank you very much,
130,8,NONE,['CAMERA_3'],"{'CAMERA_1': [], 'CAMERA_2': [], 'CAMERA_3': ['camera_type', 'sensor_size', 'preset_modes']}",C_LEAVES,DOOR,NONE,,S_RETURNS_TO_COUNTER,SERVICE_COUNTER,NONE,,
131,1,NONE,[],"{'CAMERA_1': [], 'CAMERA_2': [], 'CAMERA_3': []}",C_ENTERS,DOOR,NONE,,S_NONE,SERVICE_COUNTER,NONE,,
131,2,NONE,[],"{'CAMERA_1': [], 'CAMERA_2': [], 'CAMERA_3': []}",C_WALKS_TO_CAMERA,CAMERA_1,NONE,,S_GREETS,CAMERA_1,NONE,can I help you?,
131,3,CAMERA_3,['CAMERA_3'],"{'CAMERA_1': [], 'CAMERA_2': [], 'CAMERA_3': []}",C_LOOKING_FOR_A_CAMERA,CAMERA_1,NONE,I'm looking for a camera,S_INTRODUCES_CAMERA,CAMERA_3,,Let me show you this. Here we have the Canon EOS 5D Mark III.,39~60
131,4,CAMERA_3,['CAMERA_3'],"{'CAMERA_1': [], 'CAMERA_2': [], 'CAMERA_3': ['sensor_size']}",C_QUESTION_ABOUT_FEATURE,CAMERA_3,sensor_size,what is the sensor size,S_ANSWERS_QUESTION_ABOUT_FEATURE,CAMERA_3,sensor_size,This one has a full frame.,15~25
131,5,CAMERA_3,['CAMERA_3'],"{'CAMERA_1': [], 'CAMERA_2': [], 'CAMERA_3': ['sensor_size', 'camera_type']}",C_QUESTION_ABOUT_FEATURE,CAMERA_3,camera_type,what kind of camera is this,S_ANSWERS_QUESTION_ABOUT_FEATURE,CAMERA_3,camera_type,This is a DSLR camera.,10~14
131,6,CAMERA_3,['CAMERA_3'],"{'CAMERA_1': [], 'CAMERA_2': [], 'CAMERA_3': ['sensor_size', 'camera_type', 'price']}",C_SILENT_OR_BACKCHANNEL,CAMERA_3,NONE,alright,S_INTRODUCES_FEATURE,CAMERA_3,price,This one costs $3706.,15~20
131,7,NONE,['CAMERA_3'],"{'CAMERA_1': [], 'CAMERA_2': [], 'CAMERA_3': ['sensor_size', 'camera_type', 'price']}",C_THANK_YOU,CAMERA_3,NONE,thank you for your help,S_THANK_YOU,CAMERA_3,NONE,thank you very much,
131,8,NONE,['CAMERA_3'],"{'CAMERA_1': [], 'CAMERA_2': [], 'CAMERA_3': ['sensor_size', 'camera_type', 'price']}",C_LEAVES,DOOR,NONE,,S_RETURNS_TO_COUNTER,SERVICE_COUNTER,NONE,,
132,1,NONE,[],"{'CAMERA_1': [], 'CAMERA_2': [], 'CAMERA_3': []}",C_ENTERS,DOOR,NONE,,S_NONE,SERVICE_COUNTER,NONE,,
132,2,NONE,[],"{'CAMERA_1': [], 'CAMERA_2': [], 'CAMERA_3': []}",C_GREETS,MIDDLE,NONE,hello,S_GREETS,MIDDLE,NONE,can I help you?,
132,3,CAMERA_1,['CAMERA_1'],"{'CAMERA_1': [], 'CAMERA_2': [], 'CAMERA_3': []}",C_LOOKING_FOR_A_CAMERA,MIDDLE,NONE,I'm looking for a camera,S_INTRODUCES_CAMERA,CAMERA_1,,Let me show you this. Here we have the Nikon Coolpix S2800.,39~58
132,4,CAMERA_1,['CAMERA_1'],"{'CAMERA_1': ['optical_zoom'], 'CAMERA_2': [], 'CAMERA_3': []}",C_SILENT_OR_BACKCHANNEL,CAMERA_1,NONE,alright,S_INTRODUCES_FEATURE,CAMERA_1,optical_zoom,This one has 5x optical zoom.,13~28
132,5,CAMERA_1,['CAMERA_1'],"{'CAMERA_1': ['optical_zoom', 'resolution'], 'CAMERA_2': [], 'CAMERA_3': []}",C_SILENT_OR_BACKCHANNEL,CAMERA_1,NONE,alright,S_INTRODUCES_FEATURE,CAMERA_1,resolution,This one has 20.1 megapixels resolution.,13~28
132,6,NONE,['CAMERA_1'],"{'CAMERA_1': ['optical_zoom', 'resolution'], 'CAMERA_2': [], 'CAMERA_3': []}",C_THANK_YOU,CAMERA_1,NONE,thank you for your help,S_THANK_YOU,CAMERA_1,NONE,thank you very much,
132,7,NONE,['CAMERA_1'],"{'CAMERA_1': ['optical_zoom', 'resolution'], 'CAMERA_2': [], 'CAMERA_3': []}",C_LEAVES,DOOR,NONE,,S_RETURNS_TO_COUNTER,SERVICE_COUNTER,NONE,,
133,1,NONE,[],"{'CAMERA_1': [], 'CAMERA_2': [], 'CAMERA_3': []}",C_ENTERS,DOOR,NONE,,S_NONE,SERVICE_COUNTER,NONE,,
133,2,NONE,[],"{'CAMERA_1': [], 'CAMERA_2': [], 'CAMERA_3': []}",C_WALKS_TO_CAMERA,CAMERA_3,NONE,,S_GREETS,CAMERA_3,NONE,can I help you?,
133,3,CAMERA_1,['CAMERA_1'],"{'CAMERA_1': [], 'CAMERA_2': [], 'CAMERA_3': []}",C_LOOKING_FOR_A_CAMERA,CAMERA_3,NONE,I'm looking for a camera,S_INTRODUCES_CAMERA,CAMERA_1,,Let me show you this. Here we have the Nikon Coolpix S2800.,39~58
133,4,CAMERA_1,['CAMERA_1'],"{'CAMERA_1': ['camera_type'], 'CAMERA_2': [], 'CAMERA_3': []}",C_QUESTION_ABOUT_FEATURE,CAMERA_1,camera_type,what kind of camera is this,S_ANSWERS_QUESTION_ABOUT_FEATURE,CAMERA_1,camera_type,This is a point and shoot camera.,10~25
133,5,CAMERA_1,['CAMERA_1'],"{'CAMERA_1': ['camera_type', 'optical_zoom'], 'CAMERA_2': [], 'CAMERA_3': []}",C_SILENT_OR_BACKCHANNEL,CAMERA_1,NONE,okay,S_INTRODUCES_FEATURE,CAMERA_1,optical_zoom,This one has 5x optical zoom.,13~28
133,6,NONE,['CAMERA_1'],"{'CAMERA_1': ['camera_type', 'optical_zoom'], 'CAMERA_2': [], 'CAMERA_3': []}",C_THANK_YOU,CAMERA_1,NONE,thank you for your help,S_THANK_YOU,CAMERA_1,NONE,thank you very much,
133,7,NONE,['CAMERA_1'],"{'CAMERA_1': ['camera_type', 'optical_zoom'], 'CAMERA_2': [], 'CAMERA_3': []}",C_LEAVES,DOOR,NONE,,S_RETURNS_TO_COUNTER,SERVICE_COUNTER,NONE,,
134,1,NONE,[],"{'CAMERA_1': [], 'CAMERA_2': [], 'CAMERA_3': []}",C_ENTERS,DOOR,NONE,,S_NONE,SERVICE_COUNTER,NONE,,
134,2,NONE,[],"{'CAMERA_1': [], 'CAMERA_2': [], 'CAMERA_3': []}",C_GREETS,MIDDLE,NONE,hello,S_GREETS,MIDDLE,NONE,can I help you?,
134,3,CAMERA_3,['CAMERA_3'],"{'CAMERA_1': [], 'CAMERA_2': [], 'CAMERA_3': []}",C_LOOKING_FOR_A_CAMERA,MIDDLE,NONE,I'm looking for a camera,S_INTRODUCES_CAMERA,CAMERA_3,,Let me show you this. Here we have the Canon EOS 5D Mark III.,39~60
134,4,CAMERA_3,['CAMERA_3'],"{'CAMERA_1': [], 'CAMERA_2': [], 'CAMERA_3': ['autofocus_points']}",C_QUESTION_ABOUT_FEATURE,CAMERA_3,autofocus_points,how many autofocus points does it have,S_ANSWERS_QUESTION_ABOUT_FEATURE,CAMERA_3,autofocus_points,This one has 61 autofocus points.,13~32
134,5,CAMERA_3,['CAMERA_3'],"{'CAMERA_1': [], 'CAMERA_2': [], 'CAMERA_3': ['autofocus_points', 'settings']}",C_SILENT_OR_BACKCHANNEL,CAMERA_3,NONE,okay,S_INTRODUCES_FEATURE,CAMERA_3,settings,This one has full manual control.,13~32
134,6,CAMERA_3,['CAMERA_3'],"{'CAMERA_1': [], 'CAMERA_2': [], 'CAMERA_3': ['autofocus_points', 'settings', 'ISO']}",C_SILENT_OR_BACKCHANNEL,CAMERA_3,NONE,alright,S_INTRODUCES_FEATURE,CAMERA_3,ISO,This one has up to 6400 ISO with little noise.,13~45
134,7,NONE,['CAMERA_3'],"{'CAMERA_1': [], 'CAMERA_2': [], 'CAMERA_3': ['autofocus_points', 'settings', 'ISO']}",C_THANK_YOU,CAMERA_3,NONE,thank you for your help,S_THANK_YOU,CAMERA_3,NONE,thank you very much,
134,8,NONE,['CAMERA_3'],"{'CAMERA_1': [], 'CAMERA_2': [], 'CAMERA_3': ['autofocus_points', 'settings', 'ISO']}",C_LEAVES,DOOR,NONE,,S_RETURNS_TO_COUNTER,SERVICE_COUNTER,NONE,,
135,1,NONE,[],"{'CAMERA_1': [], 'CAMERA_2': [], 'CAMERA_3': []}",C_ENTERS,DOOR,NONE,,S_NONE,SERVICE_COUNTER,NONE,,
135,2,NONE,[],"{'CAMERA_1': [], 'CAMERA_2': [], 'CAMERA_3': []}",C_GREETS,MIDDLE,NONE,hello,S_GREETS,MIDDLE,NONE,can I help you?,
135,3,CAMERA_1,['CAMERA_1'],"{'CAMERA_1': [], 'CAMERA_2': [], 'CAMERA_3': []}",C_LOOKING_FOR_A_CAMERA,MIDDLE,NONE,I'm looking for a camera,S_INTRODUCES_CAMERA,CAMERA_1,,Let me show you this. Here we have the Nikon Coolpix S2800.,39~58
135,4,CAMERA_1,['CAMERA_1'],"{'CAMERA_1': ['autofocus_points'], 'CAMERA_2': [], 'CAMERA_3': []}",C_QUESTION_ABOUT_FEATURE,CAMERA_1,autofocus_points,how many autofocus points does it have,S_NOT_SURE,CAMERA_1,,I'm not really sure about that,
135,5,CAMERA_1,['CAMERA_1'],"{'CAMERA_1': ['autofocus_points', 'preset_modes'], 'CAMERA_2': [], 'CAMERA_3': []}",C_SILENT_OR_BACKCHANNEL,CAMERA_1,NONE,I see,S_INTRODUCES_FEATURE,CAMERA_1,preset_modes,"This one has 18 preset modes (e.g. beach, snow, night portrait).",13~63
135,6,CAMERA_1,['CAMERA_1'],"{'CAMERA_1': ['autofocus_points', 'preset_modes', 'effects'], 'CAMERA_2': [], 'CAMERA_3': []}",C_QUESTION_ABOUT_FEATURE,CAMERA_1,effects,does it have any effect modes,S_ANSWERS_QUESTION_ABOUT_FEATURE,CAMERA_1,effects,"This one has 12 glamor retouch effects (e.g. skin softening, small face, big eyes).",13~82
135,7,NONE,['CAMERA_1'],"{'CAMERA_1': ['autofocus_points', 'preset_modes', 'effects'], 'CAMERA_2': [], 'CAMERA_3': []}",C_THANK_YOU,CAMERA_1,NONE,thank you for your help,S_THANK_YOU,CAMERA_1,NONE,thank you very much,
135,8,NONE,['CAMERA_1'],"{'CAMERA_1': ['autofocus_points', 'preset_modes', 'effects'], 'CAMERA_2': [], 'CAMERA_3': []}",C_LEAVES,DOOR,NONE,,S_RETURNS_TO_COUNTER,SERVICE_COUNTER,NONE,,
136,1,NONE,[],"{'CAMERA_1': [], 'CAMERA_2': [], 'CAMERA_3': []}",C_ENTERS,DOOR,NONE,,S_NONE,SERVICE_COUNTER,NONE,,
136,2,NONE,[],"{'CAMERA_1': [], 'CAMERA_2': [], 'CAMERA_3': []}",C_GREETS,MIDDLE,NONE,hello,S_GREETS,MIDDLE,NONE,can I help you?,
136,3,CAMERA_2,['CAMERA_2'],"{'CAMERA_1': [], 'CAMERA_2': [], 'CAMERA_3': []}",C_LOOKING_FOR_A_CAMERA,MIDDLE,NONE,I'm looking for a camera,S_INTRODUCES_CAMERA,CAMERA_2,,Let me show you this. Here we have the Sony Alpha a6000.,39~55
136,4,CAMERA_2,['CAMERA_2'],"{'CAMERA_1': [], 'CAMERA_2': ['settings'], 'CAMERA_3': []}",C_SILENT_OR_BACKCHANNEL,CAMERA_2,NONE,I see,S_INTRODUCES_FEATURE,CAMERA_2,settings,This one has full manual control.,13~32
136,5,CAMERA_2,['CAMERA_2'],"{'CAMERA_1': [], 'CAMERA_2': ['settings', 'optical_zoom'], 'CAMERA_3': []}",C_QUESTION_ABOUT_FEATURE,CAMERA_2,optical_zoom,does it have optical zoom,S_NOT_SURE,CAMERA_2,,I'm not really sure about that,
136,6,CAMERA_2,['CAMERA_2'],"{'CAMERA_1': [], 'CAMERA_2': ['settings', 'optical_zoom', 'effects'], 'CAMERA_3': []}",C_QUESTION_ABOUT_FEATURE,CAMERA_2,effects,does it have any effect modes,S_ANSWERS_QUESTION_ABOUT_FEATURE,CAMERA_2,effects,"This one has 13 artistic effect modes (e.g. toy camera, soft focus).",13~67
136,7,CAMERA_2,['CAMERA_2'],"{'CAMERA_1': [], 'CAMERA_2': ['settings', 'optical_zoom', 'effects', 'price'], 'CAMERA_3': []}",C_SILENT_OR_BACKCHANNEL,CAMERA_2,NONE,I see,S_INTRODUCES_FEATURE,CAMERA_2,price,This one costs $1341.,15~20
136,8,CAMERA_2,['CAMERA_2'],"{'CAMERA_1': [], 'CAMERA_2': ['settings', 'optical_zoom', 'effects', 'price', 'preset_modes'], 'CAMERA_3': []}",C_SILENT_OR_BACKCHANNEL,CAMERA_2,NONE,okay,S_INTRODUCES_FEATURE,CAMERA_2,preset_modes,"This one has 9 preset modes (e.g. beach, snow, night, portrait).",13~63
136,9,CAMERA_2,['CAMERA_2'],"{'CAMERA_1': [], 'CAMERA_2': ['settings', 'optical_zoom', 'effects', 'price', 'preset_modes', 'ISO'], 'CAMERA_3': []}",C_SILENT_OR_BACKCHANNEL,CAMERA_2,NONE,I see,S_INTRODUCES_FEATURE,CAMERA_2,ISO,This one has up to 3200 ISO with little noise.,13~45
136,10,NONE,['CAMERA_2'],"{'CAMERA_1': [], 'CAMERA_2': ['settings', 'optical_zoom', 'effects', 'price', 'preset_modes', 'ISO'], 'CAMERA_3': []}",C_THANK_YOU,CAMERA_2,NONE,thank you for your help,S_THANK_YOU,CAMERA_2,NONE,thank you very much,
136,11,NONE,['CAMERA_2'],"{'CAMERA_1': [], 'CAMERA_2': ['settings', 'optical_zoom', 'effects', 'price', 'preset_modes', 'ISO'], 'CAMERA_3': []}",C_LEAVES,DOOR,NONE,,S_RETURNS_TO_COUNTER,SERVICE_COUNTER,NONE,,
137,1,NONE,[],"{'CAMERA_1': [], 'CAMERA_2': [], 'CAMERA_3': []}",C_ENTERS,DOOR,NONE,,S_NONE,SERVICE_COUNTER,NONE,,
137,2,NONE,[],"{'CAMERA_1': [], 'CAMERA_2': [], 'CAMERA_3': []}",C_GREETS,MIDDLE,NONE,hello,S_GREETS,MIDDLE,NONE,can I help you?,
137,3,CAMERA_1,['CAMERA_1'],"{'CAMERA_1': [], 'CAMERA_2': [], 'CAMERA_3': []}",C_LOOKING_FOR_A_CAMERA,MIDDLE,NONE,I'm looking for a camera,S_INTRODUCES_CAMERA,CAMERA_1,,Let me show you this. Here we have the Nikon Coolpix S2800.,39~58
137,4,CAMERA_1,['CAMERA_1'],"{'CAMERA_1': ['ISO'], 'CAMERA_2': [], 'CAMERA_3': []}",C_QUESTION_ABOUT_FEATURE,CAMERA_1,ISO,what is the ISO,S_NOT_SURE,CAMERA_1,,I'm not really sure about that,
137,5,CAMERA_1,['CAMERA_1'],"{'CAMERA_1': ['ISO', 'optical_zoom'], 'CAMERA_2': [], 'CAMERA_3': []}",C_QUESTION_ABOUT_FEATURE,CAMERA_1,optical_zoom,does it have optical zoom,S_ANSWERS_QUESTION_ABOUT_FEATURE,CAMERA_1,optical_zoom,This one has 5x optical zoom.,13~28
137,6,CAMERA_1,['CAMERA_1'],"{'CAMERA_1': ['ISO', 'optical_zoom', 'price'], 'CAMERA_2': [], 'CAMERA_3': []}",C_SILENT_OR_BACKCHANNEL,CAMERA_1,NONE,okay,S_INTRODUCES_FEATURE,CAMERA_1,price,This one costs $2173.,15~20
137,7,NONE,['CAMERA_1'],"{'CAMERA_1': ['ISO', 'optical_zoom', 'price'], 'CAMERA_2': [], 'CAMERA_3': []}",C_THANK_YOU,CAMERA_1,NONE,thank you for your help,S_THANK_YOU,CAMERA_1,NONE,thank you very much,
137,8,NONE,['CAMERA_1'],"{'CAMERA_1': ['ISO', 'optical_zoom', 'price'], 'CAMERA_2': [], 'CAMERA_3': []}",C_LEAVES,DOOR,NONE,,S_RETURNS_TO_COUNTER,SERVICE_COUNTER,NONE,,
138,1,NONE,[],"{'CAMERA_1': [], 'CAMERA_2': [], 'CAMERA_3': []}",C_ENTERS,DOOR,NONE,,S_NONE,SERVICE_COUNTER,NONE,,
138,2,NONE,[],"{'CAMERA_1': [], 'CAMERA_2': [], 'CAMERA_3': []}",C_GREETS,MIDDLE,NONE,hello,S_GREETS,MIDDLE,NONE,can I help you?,
138,3,CAMERA_2,['CAMERA_2'],"{'CAMERA_1': [], 'CAMERA_2': [], 'CAMERA_3': []}",C_LOOKING_FOR_A_CAMERA,MIDDLE,NONE,I'm looking for a camera,S_INTRODUCES_CAMERA,CAMERA_2,,Let me show you this. Here we have the Sony Alpha a6000.,39~55
138,4,CAMERA_2,['CAMERA_2'],"{'CAMERA_1': [], 'CAMERA_2': ['long_exposure'], 'CAMERA_3': []}",C_SILENT_OR_BACKCHANNEL,CAMERA_2,NONE,okay,S_INTRODUCES_FEATURE,CAMERA_2,long_exposure,This one can take long exposures up to up to 30 seconds.,39~55
138,5,CAMERA_2,['CAMERA_2'],"{'CAMERA_1': [], 'CAMERA_2': ['long_exposure', 'settings'], 'CAMERA_3': []}",C_SILENT_OR_BACKCHANNEL,CAMERA_2,NONE,I see,S_INTRODUCES_FEATURE,CAMERA_2,settings,This one has full manual control.,13~32
138,6,NONE,['CAMERA_2'],"{'CAMERA_1': [], 'CAMERA_2': ['long_exposure', 'settings'], 'CAMERA_3': []}",C_THANK_YOU,CAMERA_2,NONE,thank you for your help,S_THANK_YOU,CAMERA_2,NONE,thank you very much,
138,7,NONE,['CAMERA_2'],"{'CAMERA_1': [], 'CAMERA_2': ['long_exposure', 'settings'], 'CAMERA_3': []}",C_LEAVES,DOOR,NONE,,S_RETURNS_TO_COUNTER,SERVICE_COUNTER,NONE,,
139,1,NONE,[],"{'CAMERA_1': [], 'CAMERA_2': [], 'CAMERA_3': []}",C_ENTERS,DOOR,NONE,,S_NONE,SERVICE_COUNTER,NONE,,
139,2,NONE,[],"{'CAMERA_1': [], 'CAMERA_2': [], 'CAMERA_3': []}",C_GREETS,MIDDLE,NONE,hello,S_GREETS,MIDDLE,NONE,can I help you?,
139,3,CAMERA_2,['CAMERA_2'],"{'CAMERA_1': [], 'CAMERA_2': [], 'CAMERA_3': []}",C_LOOKING_FOR_A_CAMERA,MIDDLE,NONE,I'm looking for a camera,S_INTRODUCES_CAMERA,CAMERA_2,,Let me show you this. Here we have the Sony Alpha a6000.,39~55
139,4,CAMERA_2,['CAMERA_2'],"{'CAMERA_1': [], 'CAMERA_2': ['settings'], 'CAMERA_3': []}",C_QUESTION_ABOUT_FEATURE,CAMERA_2,settings,what kind of settings does it have,S_ANSWERS_QUESTION_ABOUT_FEATURE,CAMERA_2,settings,This one has full manual control.,13~32
139,5,CAMERA_2,['CAMERA_2'],"{'CAMERA_1': [], 'CAMERA_2': ['settings', 'camera_type'], 'CAMERA_3': []}",C_SILENT_OR_BACKCHANNEL,CAMERA_2,NONE,okay,S_INTRODUCES_FEATURE,CAMERA_2,camera_type,This is a mirrorless camera.,10~20
139,6,CAMERA_2,['CAMERA_2'],"{'CAMERA_1': [], 'CAMERA_2': ['settings', 'camera_type', 'color'], 'CAMERA_3': []}",C_QUESTION_ABOUT_FEATURE,CAMERA_2,color,what colors does this one come in,S_ANSWERS_QUESTION_ABOUT_FEATURE,CAMERA_2,color,"This one comes in white, silver, black.",18~38
139,7,CAMERA_2,['CAMERA_2'],"{'CAMERA_1': [], 'CAMERA_2': ['settings', 'camera_type', 'color', 'weight'], 'CAMERA_3': []}",C_QUESTION_ABOUT_FEATURE,CAMERA_2,weight,how much does this one weigh,S_ANSWERS_QUESTION_ABOUT_FEATURE,CAMERA_2,weight,This one weighs 470 grams.,16~25
139,8,CAMERA_2,['CAMERA_2'],"{'CAMERA_1': [], 'CAMERA_2': ['settings', 'camera_type', 'color', 'weight', 'effects'], 'CAMERA_3': []}",C_SILENT_OR_BACKCHANNEL,CAMERA_2,NONE,I see,S_INTRODUCES_FEATURE,CAMERA_2,effects,"This one has 13 artistic effect modes (e.g. toy camera, soft focus).",13~67
139,9,CAMERA_2,['CAMERA_2'],"{'CAMERA_1': [], 'CAMERA_2': ['settings', 'camera_type', 'color', 'weight', 'effects', 'optical_zoom'], 'CAMERA_3': []}",C_QUESTION_ABOUT_FEATURE,CAMERA_2,optical_zoom,does it have optical zoom,S_NOT_SURE,CAMERA_2,,I'm not really sure about that,
139,10,CAMERA_2,['CAMERA_2'],"{'CAMERA_1': [], 'CAMERA_2': ['settings', 'camera_type', 'color', 'weight', 'effects', 'optical_zoom', 'ISO'], 'CAMERA_3': []}",C_SILENT_OR_BACKCHANNEL,CAMERA_2,NONE,I see,S_INTRODUCES_FEATURE,CAMERA_2,ISO,This one has up to 3200 ISO with little noise.,13~45
139,11,NONE,['CAMERA_2'],"{'CAMERA_1': [], 'CAMERA_2': ['settings', 'camera_type', 'color', 'weight', 'effects', 'optical_zoom', 'ISO'], 'CAMERA_3': []}",C_THANK_YOU,CAMERA_2,NONE,thank you for your help,S_THANK_YOU,CAMERA_2,NONE,thank you very much,
139,12,NONE,['CAMERA_2'],"{'CAMERA_1': [], 'CAMERA_2': ['settings', 'camera_type', 'color', 'weight', 'effects', 'optical_zoom', 'ISO'], 'CAMERA_3': []}",C_LEAVES,DOOR,NONE,,S_RETURNS_TO_COUNTER,SERVICE_COUNTER,NONE,,
140,1,NONE,[],"{'CAMERA_1': [], 'CAMERA_2': [], 'CAMERA_3': []}",C_ENTERS,DOOR,NONE,,S_NONE,SERVICE_COUNTER,NONE,,
140,2,NONE,[],"{'CAMERA_1': [], 'CAMERA_2': [], 'CAMERA_3': []}",C_GREETS,MIDDLE,NONE,hello,S_GREETS,MIDDLE,NONE,can I help you?,
140,3,CAMERA_3,['CAMERA_3'],"{'CAMERA_1': [], 'CAMERA_2': [], 'CAMERA_3': []}",C_LOOKING_FOR_A_CAMERA,MIDDLE,NONE,I'm looking for a camera,S_INTRODUCES_CAMERA,CAMERA_3,,Let me show you this. Here we have the Canon EOS 5D Mark III.,39~60
140,4,CAMERA_3,['CAMERA_3'],"{'CAMERA_1': [], 'CAMERA_2': [], 'CAMERA_3': ['preset_modes']}",C_QUESTION_ABOUT_FEATURE,CAMERA_3,preset_modes,does it have preset modes,S_NOT_SURE,CAMERA_3,,I'm not really sure about that,
140,5,CAMERA_3,['CAMERA_3'],"{'CAMERA_1': [], 'CAMERA_2': [], 'CAMERA_3': ['preset_modes', 'price']}",C_SILENT_OR_BACKCHANNEL,CAMERA_3,NONE,alright,S_INTRODUCES_FEATURE,CAMERA_3,price,This one costs $3706.,15~20
140,6,CAMERA_3,['CAMERA_3'],"{'CAMERA_1': [], 'CAMERA_2': [], 'CAMERA_3': ['preset_modes', 'price', 'sensor_size']}",C_QUESTION_ABOUT_FEATURE,CAMERA_3,sensor_size,what is the sensor size,S_ANSWERS_QUESTION_ABOUT_FEATURE,CAMERA_3,sensor_size,This one has a full frame.,15~25
140,7,CAMERA_3,['CAMERA_3'],"{'CAMERA_1': [], 'CAMERA_2': [], 'CAMERA_3': ['preset_modes', 'price', 'sensor_size', 'camera_type']}",C_QUESTION_ABOUT_FEATURE,CAMERA_3,camera_type,what kind of camera is this,S_ANSWERS_QUESTION_ABOUT_FEATURE,CAMERA_3,camera_type,This is a DSLR camera.,10~14
140,8,CAMERA_3,['CAMERA_3'],"{'CAMERA_1': [], 'CAMERA_2': [], 'CAMERA_3': ['preset_modes', 'price', 'sensor_size', 'camera_type', 'long_exposure']}",C_QUESTION_ABOUT_FEATURE,CAMERA_3,long_exposure,can it take long exposure shots,S_ANSWERS_QUESTION_ABOUT_FEATURE,CAMERA_3,long_exposure,"This one can take long exposures up to up to 30 seconds, bulb mode: expose as long as you want.",39~94
140,9,CAMERA_3,['CAMERA_3'],"{'CAMERA_1': [], 'CAMERA_2': [], 'CAMERA_3': ['preset_modes', 'price', 'sensor_size', 'camera_type', 'long_exposure', 'autofocus_points']}",C_SILENT_OR_BACKCHANNEL,CAMERA_3,NONE,okay,S_INTRODUCES_FEATURE,CAMERA_3,autofocus_points,This one has 61 autofocus points.,13~32
140,10,CAMERA_3,['CAMERA_3'],"{'CAMERA_1': [], 'CAMERA_2': [], 'CAMERA_3': ['preset_modes', 'price', 'sensor_size', 'camera_type', 'long_exposure', 'autofocus_points', 'optical_zoom']}",C_QUESTION_ABOUT_FEATURE,CAMERA_3,optical_zoom,does it have optical zoom,S_NOT_SURE,CAMERA_3,,I'm not really sure about that,
140,11,CAMERA_3,['CAMERA_3'],"{'CAMERA_1': [], 'CAMERA_2': [], 'CAMERA_3': ['preset_modes', 'price', 'sensor_size', 'camera_type', 'long_exposure', 'autofocus_points', 'optical_zoom', 'effects']}",C_QUESTION_ABOUT_FEATURE,CAMERA_3,effects,does it have any effect modes,S_NOT_SURE,CAMERA_3,,I'm not really sure about that,
140,12,CAMERA_3,['CAMERA_3'],"{'CAMERA_1': [], 'CAMERA_2': [], 'CAMERA_3': ['preset_modes', 'price', 'sensor_size', 'camera_type', 'long_exposure', 'autofocus_points', 'optical_zoom', 'effects', 'ISO']}",C_QUESTION_ABOUT_FEATURE,CAMERA_3,ISO,what is the ISO,S_ANSWERS_QUESTION_ABOUT_FEATURE,CAMERA_3,ISO,This one has up to 6400 ISO with little noise.,13~45
140,13,CAMERA_3,['CAMERA_3'],"{'CAMERA_1': [], 'CAMERA_2': [], 'CAMERA_3': ['preset_modes', 'price', 'sensor_size', 'camera_type', 'long_exposure', 'autofocus_points', 'optical_zoom', 'effects', 'ISO', 'color']}",C_SILENT_OR_BACKCHANNEL,CAMERA_3,NONE,okay,S_INTRODUCES_FEATURE,CAMERA_3,color,This one comes in black.,18~23
140,14,CAMERA_3,['CAMERA_3'],"{'CAMERA_1': [], 'CAMERA_2': [], 'CAMERA_3': ['preset_modes', 'price', 'sensor_size', 'camera_type', 'long_exposure', 'autofocus_points', 'optical_zoom', 'effects', 'ISO', 'color', 'settings']}",C_SILENT_OR_BACKCHANNEL,CAMERA_3,NONE,okay,S_INTRODUCES_FEATURE,CAMERA_3,settings,This one has full manual control.,13~32
140,15,NONE,['CAMERA_3'],"{'CAMERA_1': [], 'CAMERA_2': [], 'CAMERA_3': ['preset_modes', 'price', 'sensor_size', 'camera_type', 'long_exposure', 'autofocus_points', 'optical_zoom', 'effects', 'ISO', 'color', 'settings']}",C_THANK_YOU,CAMERA_3,NONE,thank you for your help,S_THANK_YOU,CAMERA_3,NONE,thank you very much,
140,16,NONE,['CAMERA_3'],"{'CAMERA_1': [], 'CAMERA_2': [], 'CAMERA_3': ['preset_modes', 'price', 'sensor_size', 'camera_type', 'long_exposure', 'autofocus_points', 'optical_zoom', 'effects', 'ISO', 'color', 'settings']}",C_LEAVES,DOOR,NONE,,S_RETURNS_TO_COUNTER,SERVICE_COUNTER,NONE,,
141,1,NONE,[],"{'CAMERA_1': [], 'CAMERA_2': [], 'CAMERA_3': []}",C_ENTERS,DOOR,NONE,,S_NONE,SERVICE_COUNTER,NONE,,
141,2,NONE,[],"{'CAMERA_1': [], 'CAMERA_2': [], 'CAMERA_3': []}",C_GREETS,MIDDLE,NONE,hello,S_GREETS,MIDDLE,NONE,can I help you?,
141,3,CAMERA_2,['CAMERA_2'],"{'CAMERA_1': [], 'CAMERA_2': [], 'CAMERA_3': []}",C_LOOKING_FOR_A_CAMERA,MIDDLE,NONE,I'm looking for a camera,S_INTRODUCES_CAMERA,CAMERA_2,,Let me show you this. Here we have the Sony Alpha a6000.,39~55
141,4,CAMERA_2,['CAMERA_2'],"{'CAMERA_1': [], 'CAMERA_2': ['ISO'], 'CAMERA_3': []}",C_QUESTION_ABOUT_FEATURE,CAMERA_2,ISO,what is the ISO,S_ANSWERS_QUESTION_ABOUT_FEATURE,CAMERA_2,ISO,This one has up to 3200 ISO with little noise.,13~45
141,5,CAMERA_2,['CAMERA_2'],"{'CAMERA_1': [], 'CAMERA_2': ['ISO', 'preset_modes'], 'CAMERA_3': []}",C_SILENT_OR_BACKCHANNEL,CAMERA_2,NONE,alright,S_INTRODUCES_FEATURE,CAMERA_2,preset_modes,"This one has 9 preset modes (e.g. beach, snow, night, portrait).",13~63
141,6,NONE,['CAMERA_2'],"{'CAMERA_1': [], 'CAMERA_2': ['ISO', 'preset_modes'], 'CAMERA_3': []}",C_THANK_YOU,CAMERA_2,NONE,thank you for your help,S_THANK_YOU,CAMERA_2,NONE,thank you very much,
141,7,NONE,['CAMERA_2'],"{'CAMERA_1': [], 'CAMERA_2': ['ISO', 'preset_modes'], 'CAMERA_3': []}",C_LEAVES,DOOR,NONE,,S_RETURNS_TO_COUNTER,SERVICE_COUNTER,NONE,,
142,1,NONE,[],"{'CAMERA_1': [], 'CAMERA_2': [], 'CAMERA_3': []}",C_ENTERS,DOOR,NONE,,S_NONE,SERVICE_COUNTER,NONE,,
142,2,NONE,[],"{'CAMERA_1': [], 'CAMERA_2': [], 'CAMERA_3': []}",C_GREETS,MIDDLE,NONE,hello,S_GREETS,MIDDLE,NONE,can I help you?,
142,3,CAMERA_1,['CAMERA_1'],"{'CAMERA_1': [], 'CAMERA_2': [], 'CAMERA_3': []}",C_LOOKING_FOR_A_CAMERA,MIDDLE,NONE,I'm looking for a camera,S_INTRODUCES_CAMERA,CAMERA_1,,Let me show you this. Here we have the Nikon Coolpix S2800.,39~58
142,4,CAMERA_1,['CAMERA_1'],"{'CAMERA_1': ['camera_type'], 'CAMERA_2': [], 'CAMERA_3': []}",C_QUESTION_ABOUT_FEATURE,CAMERA_1,camera_type,what kind of camera is this,S_ANSWERS_QUESTION_ABOUT_FEATURE,CAMERA_1,camera_type,This is a point and shoot camera.,10~25
142,5,NONE,['CAMERA_1'],"{'CAMERA_1': ['camera_type'], 'CAMERA_2': [], 'CAMERA_3': []}",C_THANK_YOU,CAMERA_1,NONE,thank you for your help,S_THANK_YOU,CAMERA_1,NONE,thank you very much,
142,6,NONE,['CAMERA_1'],"{'CAMERA_1': ['camera_type'], 'CAMERA_2': [], 'CAMERA_3': []}",C_LEAVES,DOOR,NONE,,S_RETURNS_TO_COUNTER,SERVICE_COUNTER,NONE,,
143,1,NONE,[],"{'CAMERA_1': [], 'CAMERA_2': [], 'CAMERA_3': []}",C_ENTERS,DOOR,NONE,,S_NONE,SERVICE_COUNTER,NONE,,
143,2,NONE,[],"{'CAMERA_1': [], 'CAMERA_2': [], 'CAMERA_3': []}",C_WALKS_TO_CAMERA,CAMERA_1,NONE,,S_GREETS,CAMERA_1,NONE,can I help you?,
143,3,CAMERA_2,['CAMERA_2'],"{'CAMERA_1': [], 'CAMERA_2': [], 'CAMERA_3': []}",C_LOOKING_FOR_A_CAMERA,CAMERA_1,NONE,I'm looking for a camera,S_INTRODUCES_CAMERA,CAMERA_2,,Let me show you this. Here we have the Sony Alpha a6000.,39~55
143,4,CAMERA_2,['CAMERA_2'],"{'CAMERA_1': [], 'CAMERA_2': ['optical_zoom'], 'CAMERA_3': []}",C_QUESTION_ABOUT_FEATURE,CAMERA_2,optical_zoom,does it have optical zoom,S_NOT_SURE,CAMERA_2,,I'm not really sure about that,
143,5,CAMERA_2,['CAMERA_2'],"{'CAMERA_1': [], 'CAMERA_2': ['optical_zoom', 'camera_type'], 'CAMERA_3': []}",C_SILENT_OR_BACKCHANNEL,CAMERA_2,NONE,alright,S_INTRODUCES_FEATURE,CAMERA_2,camera_type,This is a mirrorless camera.,10~20
143,6,NONE,['CAMERA_2'],"{'CAMERA_1': [], 'CAMERA_2': ['optical_zoom', 'camera_type'], 'CAMERA_3': []}",C_THANK_YOU,CAMERA_2,NONE,thank you for your help,S_THANK_YOU,CAMERA_2,NONE,thank you very much,
143,7,NONE,['CAMERA_2'],"{'CAMERA_1': [], 'CAMERA_2': ['optical_zoom', 'camera_type'], 'CAMERA_3': []}",C_LEAVES,DOOR,NONE,,S_RETURNS_TO_COUNTER,SERVICE_COUNTER,NONE,,
144,1,NONE,[],"{'CAMERA_1': [], 'CAMERA_2': [], 'CAMERA_3': []}",C_ENTERS,DOOR,NONE,,S_NONE,SERVICE_COUNTER,NONE,,
144,2,NONE,[],"{'CAMERA_1': [], 'CAMERA_2': [], 'CAMERA_3': []}",C_WALKS_TO_CAMERA,CAMERA_3,NONE,,S_GREETS,CAMERA_3,NONE,can I help you?,
144,3,CAMERA_1,['CAMERA_1'],"{'CAMERA_1': [], 'CAMERA_2': [], 'CAMERA_3': []}",C_LOOKING_FOR_A_CAMERA,CAMERA_3,NONE,I'm looking for a camera,S_INTRODUCES_CAMERA,CAMERA_1,,Let me show you this. Here we have the Nikon Coolpix S2800.,39~58
144,4,CAMERA_1,['CAMERA_1'],"{'CAMERA_1': ['settings'], 'CAMERA_2': [], 'CAMERA_3': []}",C_SILENT_OR_BACKCHANNEL,CAMERA_1,NONE,okay,S_INTRODUCES_FEATURE,CAMERA_1,settings,This one has limited manual settings.,13~36
144,5,CAMERA_1,['CAMERA_1'],"{'CAMERA_1': ['settings', 'camera_type'], 'CAMERA_2': [], 'CAMERA_3': []}",C_SILENT_OR_BACKCHANNEL,CAMERA_1,NONE,I see,S_INTRODUCES_FEATURE,CAMERA_1,camera_type,This is a point and shoot camera.,10~25
144,6,NONE,['CAMERA_1'],"{'CAMERA_1': ['settings', 'camera_type'], 'CAMERA_2': [], 'CAMERA_3': []}",C_THANK_YOU,CAMERA_1,NONE,thank you for your help,S_THANK_YOU,CAMERA_1,NONE,thank you very much,
144,7,NONE,['CAMERA_1'],"{'CAMERA_1': ['settings', 'camera_type'], 'CAMERA_2': [], 'CAMERA_3': []}",C_LEAVES,DOOR,NONE,,S_RETURNS_TO_COUNTER,SERVICE_COUNTER,NONE,,
145,1,NONE,[],"{'CAMERA_1': [], 'CAMERA_2': [], 'CAMERA_3': []}",C_ENTERS,DOOR,NONE,,S_NONE,SERVICE_COUNTER,NONE,,
145,2,NONE,[],"{'CAMERA_1': [], 'CAMERA_2': [], 'CAMERA_3': []}",C_WALKS_TO_CAMERA,CAMERA_3,NONE,,S_GREETS,CAMERA_3,NONE,can I help you?,
145,3,CAMERA_3,['CAMERA_3'],"{'CAMERA_1': [], 'CAMERA_2': [], 'CAMERA_3': []}",C_LOOKING_FOR_A_CAMERA,CAMERA_3,NONE,I'm looking for a camera,S_INTRODUCES_CAMERA,CAMERA_3,,Let me show you this. Here we have the Canon EOS 5D Mark III.,39~60
145,4,CAMERA_3,['CAMERA_3'],"{'CAMERA_1': [], 'CAMERA_2': [], 'CAMERA_3': ['sensor_size']}",C_SILENT_OR_BACKCHANNEL,CAMERA_3,NONE,I see,S_INTRODUCES_FEATURE,CAMERA_3,sensor_size,This one has a full frame.,15~25
145,5,CAMERA_3,['CAMERA_3'],"{'CAMERA_1': [], 'CAMERA_2': [], 'CAMERA_3': ['sensor_size', 'color']}",C_SILENT_OR_BACKCHANNEL,CAMERA_3,NONE,okay,S_INTRODUCES_FEATURE,CAMERA_3,color,This one comes in black.,18~23
145,6,CAMERA_3,['CAMERA_3'],"{'CAMERA_1': [], 'CAMERA_2': [], 'CAMERA_3': ['sensor_size', 'color', 'camera_type']}",C_QUESTION_ABOUT_FEATURE,CAMERA_3,camera_type,what kind of camera is this,S_ANSWERS_QUESTION_ABOUT_FEATURE,CAMERA_3,camera_type,This is a DSLR camera.,10~14
145,7,CAMERA_3,['CAMERA_3'],"{'CAMERA_1': [], 'CAMERA_2': [], 'CAMERA_3': ['sensor_size', 'color', 'camera_type', 'optical_zoom']}",C_QUESTION_ABOUT_FEATURE,CAMERA_3,optical_zoom,does it have optical zoom,S_NOT_SURE,CAMERA_3,,I'm not really sure about that,
145,8,CAMERA_3,['CAMERA_3'],"{'CAMERA_1': [], 'CAMERA_2': [], 'CAMERA_3': ['sensor_size', 'color', 'camera_type', 'optical_zoom', 'settings']}",C_SILENT_OR_BACKCHANNEL,CAMERA_3,NONE,alright,S_INTRODUCES_FEATURE,CAMERA_3,settings,This one has full manual control.,13~32
145,9,NONE,['CAMERA_3'],"{'CAMERA_1': [], 'CAMERA_2': [], 'CAMERA_3': ['sensor_size', 'color', 'camera_type', 'optical_zoom', 'settings']}",C_THANK_YOU,CAMERA_3,NONE,thank you for your help,S_THANK_YOU,CAMERA_3,NONE,thank you very much,
145,10,NONE,['CAMERA_3'],"{'CAMERA_1': [], 'CAMERA_2': [], 'CAMERA_3': ['sensor_size', 'color', 'camera_type', 'optical_zoom', 'settings']}",C_LEAVES,DOOR,NONE,,S_RETURNS_TO_COUNTER,SERVICE_COUNTER,NONE,,
146,1,NONE,[],"{'CAMERA_1': [], 'CAMERA_2': [], 'CAMERA_3': []}",C_ENTERS,DOOR,NONE,,S_NONE,SERVICE_COUNTER,NONE,,
146,2,NONE,[],"{'CAMERA_1': [], 'CAMERA_2': [], 'CAMERA_3': []}",C_GREETS,MIDDLE,NONE,hello,S_GREETS,MIDDLE,NONE,can I help you?,
146,3,CAMERA_2,['CAMERA_2'],"{'CAMERA_1': [], 'CAMERA_2': [], 'CAMERA_3': []}",C_LOOKING_FOR_A_CAMERA,MIDDLE,NONE,I'm looking for a camera,S_INTRODUCES_CAMERA,CAMERA_2,,Let me show you this. Here we have the Sony Alpha a6000.,39~55
146,4,CAMERA_2,['CAMERA_2'],"{'CAMERA_1': [], 'CAMERA_2': ['effects'], 'CAMERA_3': []}",C_QUESTION_ABOUT_FEATURE,CAMERA_2,effects,does it have any effect modes,S_ANSWERS_QUESTION_ABOUT_FEATURE,CAMERA_2,effects,"This one has 13 artistic effect modes (e.g. toy camera, soft focus).",13~67
146,5,CAMERA_2,['CAMERA_2'],"{'CAMERA_1': [], 'CAMERA_2': ['effects', 'sensor_size'], 'CAMERA_3': []}",C_SILENT_OR_BACKCHANNEL,CAMERA_2,NONE,okay,S_INTRODUCES_FEATURE,CAMERA_2,sensor_size,This one has a APS-C sensor (crop sensor).,15~41
146,6,CAMERA_2,['CAMERA_2'],"{'CAMERA_1': [], 'CAMERA_2': ['effects', 'sensor_size', 'long_exposure'], 'CAMERA_3': []}",C_SILENT_OR_BACKCHANNEL,CAMERA_2,NONE,I see,S_INTRODUCES_FEATURE,CAMERA_2,long_exposure,This one can take long exposures up to up to 30 seconds.,39~55
146,7,CAMERA_2,['CAMERA_2'],"{'CAMERA_1': [], 'CAMERA_2': ['effects', 'sensor_size', 'long_exposure', 'preset_modes'], 'CAMERA_3': []}",C_SILENT_OR_BACKCHANNEL,CAMERA_2,NONE,I see,S_INTRODUCES_FEATURE,CAMERA_2,preset_modes,"This one has 9 preset modes (e.g. beach, snow, night, portrait).",13~63
146,8,CAMERA_2,['CAMERA_2'],"{'CAMERA_1': [], 'CAMERA_2': ['effects', 'sensor_size', 'long_exposure', 'preset_modes', 'ISO'], 'CAMERA_3': []}",C_SILENT_OR_BACKCHANNEL,CAMERA_2,NONE,okay,S_INTRODUCES_FEATURE,CAMERA_2,ISO,This one has up to 3200 ISO with little noise.,13~45
146,9,CAMERA_2,['CAMERA_2'],"{'CAMERA_1': [], 'CAMERA_2': ['effects', 'sensor_size', 'long_exposure', 'preset_modes', 'ISO', 'color'], 'CAMERA_3': []}",C_SILENT_OR_BACKCHANNEL,CAMERA_2,NONE,okay,S_INTRODUCES_FEATURE,CAMERA_2,color,"This one comes in white, silver, black.",18~38
146,10,CAMERA_2,['CAMERA_2'],"{'CAMERA_1': [], 'CAMERA_2': ['effects', 'sensor_size', 'long_exposure', 'preset_modes', 'ISO', 'color', 'weight'], 'CAMERA_3': []}",C_SILENT_OR_BACKCHANNEL,CAMERA_2,NONE,I see,S_INTRODUCES_FEATURE,CAMERA_2,weight,This one weighs 470 grams.,16~25
146,11,CAMERA_2,['CAMERA_2'],"{'CAMERA_1': [], 'CAMERA_2': ['effects', 'sensor_size', 'long_exposure', 'preset_modes', 'ISO', 'color', 'weight', 'autofocus_points'], 'CAMERA_3': []}",C_QUESTION_ABOUT_FEATURE,CAMERA_2,autofocus_points,how many autofocus points does it have,S_ANSWERS_QUESTION_ABOUT_FEATURE,CAMERA_2,autofocus_points,This one has 179 autofocus points.,13~33
146,12,CAMERA_2,['CAMERA_2'],"{'CAMERA_1': [], 'CAMERA_2': ['effects', 'sensor_size', 'long_exposure', 'preset_modes', 'ISO', 'color', 'weight', 'autofocus_points', 'price'], 'CAMERA_3': []}",C_QUESTION_ABOUT_FEATURE,CAMERA_2,price,how much does it cost,S_ANSWERS_QUESTION_ABOUT_FEATURE,CAMERA_2,price,This one costs $1341.,15~20
146,13,NONE,['CAMERA_2'],"{'CAMERA_1': [], 'CAMERA_2': ['effects', 'sensor_size', 'long_exposure', 'preset_modes', 'ISO', 'color', 'weight', 'autofocus_points', 'price'], 'CAMERA_3': []}",C_THANK_YOU,CAMERA_2,NONE,thank you for your help,S_THANK_YOU,CAMERA_2,NONE,thank you very much,
146,14,NONE,['CAMERA_2'],"{'CAMERA_1': [], 'CAMERA_2': ['effects', 'sensor_size', 'long_exposure', 'preset_modes', 'ISO', 'color', 'weight', 'autofocus_points', 'price'], 'CAMERA_3': []}",C_LEAVES,DOOR,NONE,,S_RETURNS_TO_COUNTER,SERVICE_COUNTER,NONE,,
147,1,NONE,[],"{'CAMERA_1': [], 'CAMERA_2': [], 'CAMERA_3': []}",C_ENTERS,DOOR,NONE,,S_NONE,SERVICE_COUNTER,NONE,,
147,2,NONE,[],"{'CAMERA_1': [], 'CAMERA_2': [], 'CAMERA_3': []}",C_GREETS,MIDDLE,NONE,hello,S_GREETS,MIDDLE,NONE,can I help you?,
147,3,CAMERA_3,['CAMERA_3'],"{'CAMERA_1': [], 'CAMERA_2': [], 'CAMERA_3': []}",C_LOOKING_FOR_A_CAMERA,MIDDLE,NONE,I'm looking for a camera,S_INTRODUCES_CAMERA,CAMERA_3,,Let me show you this. Here we have the Canon EOS 5D Mark III.,39~60
147,4,CAMERA_3,['CAMERA_3'],"{'CAMERA_1': [], 'CAMERA_2': [], 'CAMERA_3': ['optical_zoom']}",C_QUESTION_ABOUT_FEATURE,CAMERA_3,optical_zoom,does it have optical zoom,S_NOT_SURE,CAMERA_3,,I'm not really sure about that,
147,5,CAMERA_3,['CAMERA_3'],"{'CAMERA_1': [], 'CAMERA_2': [], 'CAMERA_3': ['optical_zoom', 'settings']}",C_SILENT_OR_BACKCHANNEL,CAMERA_3,NONE,alright,S_INTRODUCES_FEATURE,CAMERA_3,settings,This one has full manual control.,13~32
147,6,CAMERA_3,['CAMERA_3'],"{'CAMERA_1': [], 'CAMERA_2': [], 'CAMERA_3': ['optical_zoom', 'settings', 'price']}",C_QUESTION_ABOUT_FEATURE,CAMERA_3,price,how much does it cost,S_ANSWERS_QUESTION_ABOUT_FEATURE,CAMERA_3,price,This one costs $3706.,15~20
147,7,CAMERA_1,"['CAMERA_3', 'CAMERA_1']","{'CAMERA_1': [], 'CAMERA_2': [], 'CAMERA_3': ['optical_zoom', 'settings', 'price']}",C_ANYTHING_ELSE_AVAILABLE,CAMERA_3,NONE,ok do you have any other cameras,S_INTRODUCES_CAMERA,CAMERA_1,,Let me show you this. Here we have the Nikon Coolpix S2800.,39~58
147,8,CAMERA_1,"['CAMERA_3', 'CAMERA_1']","{'CAMERA_1': ['autofocus_points'], 'CAMERA_2': [], 'CAMERA_3': ['optical_zoom', 'settings', 'price']}",C_QUESTION_ABOUT_FEATURE,CAMERA_1,autofocus_points,how many autofocus points does it have,S_NOT_SURE,CAMERA_1,,I'm not really sure about that,
147,9,CAMERA_2,"['CAMERA_3', 'CAMERA_1', 'CAMERA_2']","{'CAMERA_1': ['autofocus_points'], 'CAMERA_2': [], 'CAMERA_3': ['optical_zoom', 'settings', 'price']}",C_ANYTHING_ELSE_AVAILABLE,CAMERA_1,NONE,ok do you have any other cameras,S_INTRODUCES_CAMERA,CAMERA_2,,Let me show you this. Here we have the Sony Alpha a6000.,39~55
147,10,CAMERA_2,"['CAMERA_3', 'CAMERA_1', 'CAMERA_2']","{'CAMERA_1': ['autofocus_points'], 'CAMERA_2': ['long_exposure'], 'CAMERA_3': ['optical_zoom', 'settings', 'price']}",C_QUESTION_ABOUT_FEATURE,CAMERA_2,long_exposure,can it take long exposure shots,S_ANSWERS_QUESTION_ABOUT_FEATURE,CAMERA_2,long_exposure,This one can take long exposures up to up to 30 seconds.,39~55
147,11,CAMERA_2,"['CAMERA_3', 'CAMERA_1', 'CAMERA_2']","{'CAMERA_1': ['autofocus_points'], 'CAMERA_2': ['long_exposure', 'price'], 'CAMERA_3': ['optical_zoom', 'settings', 'price']}",C_QUESTION_ABOUT_FEATURE,CAMERA_2,price,how much does it cost,S_ANSWERS_QUESTION_ABOUT_FEATURE,CAMERA_2,price,This one costs $1341.,15~20
147,12,CAMERA_2,"['CAMERA_3', 'CAMERA_1', 'CAMERA_2']","{'CAMERA_1': ['autofocus_points'], 'CAMERA_2': ['long_exposure', 'price', 'ISO'], 'CAMERA_3': ['optical_zoom', 'settings', 'price']}",C_QUESTION_ABOUT_FEATURE,CAMERA_2,ISO,what is the ISO,S_ANSWERS_QUESTION_ABOUT_FEATURE,CAMERA_2,ISO,This one has up to 3200 ISO with little noise.,13~45
147,13,CAMERA_2,"['CAMERA_3', 'CAMERA_1', 'CAMERA_2']","{'CAMERA_1': ['autofocus_points'], 'CAMERA_2': ['long_exposure', 'price', 'ISO', 'color'], 'CAMERA_3': ['optical_zoom', 'settings', 'price']}",C_SILENT_OR_BACKCHANNEL,CAMERA_2,NONE,alright,S_INTRODUCES_FEATURE,CAMERA_2,color,"This one comes in white, silver, black.",18~38
147,14,CAMERA_2,"['CAMERA_3', 'CAMERA_1', 'CAMERA_2']","{'CAMERA_1': ['autofocus_points'], 'CAMERA_2': ['long_exposure', 'price', 'ISO', 'color', 'settings'], 'CAMERA_3': ['optical_zoom', 'settings', 'price']}",C_SILENT_OR_BACKCHANNEL,CAMERA_2,NONE,I see,S_INTRODUCES_FEATURE,CAMERA_2,settings,This one has full manual control.,13~32
147,15,NONE,"['CAMERA_3', 'CAMERA_1', 'CAMERA_2']","{'CAMERA_1': ['autofocus_points'], 'CAMERA_2': ['long_exposure', 'price', 'ISO', 'color', 'settings'], 'CAMERA_3': ['optical_zoom', 'settings', 'price']}",C_THANK_YOU,CAMERA_2,NONE,thank you for your help,S_THANK_YOU,CAMERA_2,NONE,thank you very much,
147,16,NONE,"['CAMERA_3', 'CAMERA_1', 'CAMERA_2']","{'CAMERA_1': ['autofocus_points'], 'CAMERA_2': ['long_exposure', 'price', 'ISO', 'color', 'settings'], 'CAMERA_3': ['optical_zoom', 'settings', 'price']}",C_LEAVES,DOOR,NONE,,S_RETURNS_TO_COUNTER,SERVICE_COUNTER,NONE,,
148,1,NONE,[],"{'CAMERA_1': [], 'CAMERA_2': [], 'CAMERA_3': []}",C_ENTERS,DOOR,NONE,,S_NONE,SERVICE_COUNTER,NONE,,
148,2,NONE,[],"{'CAMERA_1': [], 'CAMERA_2': [], 'CAMERA_3': []}",C_WALKS_TO_CAMERA,CAMERA_1,NONE,,S_NONE,SERVICE_COUNTER,NONE,,
148,3,CAMERA_1,['CAMERA_1'],"{'CAMERA_1': ['effects'], 'CAMERA_2': [], 'CAMERA_3': []}",C_QUESTION_ABOUT_FEATURE,CAMERA_1,effects,does it have any effect modes,S_ANSWERS_QUESTION_ABOUT_FEATURE,CAMERA_1,effects,"This one has 12 glamor retouch effects (e.g. skin softening, small face, big eyes).",13~82
148,4,CAMERA_1,['CAMERA_1'],"{'CAMERA_1': ['effects', 'settings'], 'CAMERA_2': [], 'CAMERA_3': []}",C_QUESTION_ABOUT_FEATURE,CAMERA_1,settings,what kind of settings does it have,S_ANSWERS_QUESTION_ABOUT_FEATURE,CAMERA_1,settings,This one has limited manual settings.,13~36
148,5,CAMERA_1,['CAMERA_1'],"{'CAMERA_1': ['effects', 'settings', 'sensor_size'], 'CAMERA_2': [], 'CAMERA_3': []}",C_QUESTION_ABOUT_FEATURE,CAMERA_1,sensor_size,what is the sensor size,S_NOT_SURE,CAMERA_1,,I'm not really sure about that,
148,6,CAMERA_1,['CAMERA_1'],"{'CAMERA_1': ['effects', 'settings', 'sensor_size', 'resolution'], 'CAMERA_2': [], 'CAMERA_3': []}",C_QUESTION_ABOUT_FEATURE,CAMERA_1,resolution,what is the resolution,S_ANSWERS_QUESTION_ABOUT_FEATURE,CAMERA_1,resolution,This one has 20.1 megapixels resolution.,13~28
148,7,CAMERA_1,['CAMERA_1'],"{'CAMERA_1': ['effects', 'settings', 'sensor_size', 'resolution', 'preset_modes'], 'CAMERA_2': [], 'CAMERA_3': []}",C_QUESTION_ABOUT_FEATURE,CAMERA_1,preset_modes,does it have preset modes,S_ANSWERS_QUESTION_ABOUT_FEATURE,CAMERA_1,preset_modes,"This one has 18 preset modes (e.g. beach, snow, night portrait).",13~63
148,8,CAMERA_1,['CAMERA_1'],"{'CAMERA_1': ['effects', 'settings', 'sensor_size', 'resolution', 'preset_modes', 'weight'], 'CAMERA_2': [], 'CAMERA_3': []}",C_SILENT_OR_BACKCHANNEL,CAMERA_1,NONE,okay,S_INTRODUCES_FEATURE,CAMERA_1,weight,This one weighs 120 grams.,16~25
148,9,CAMERA_1,['CAMERA_1'],"{'CAMERA_1': ['effects', 'settings', 'sensor_size', 'resolution', 'preset_modes', 'weight', 'price'], 'CAMERA_2': [], 'CAMERA_3': []}",C_QUESTION_ABOUT_FEATURE,CAMERA_1,price,how much does it cost,S_ANSWERS_QUESTION_ABOUT_FEATURE,CAMERA_1,price,This one costs $2173.,15~20
148,10,NONE,['CAMERA_1'],"{'CAMERA_1': ['effects', 'settings', 'sensor_size', 'resolution', 'preset_modes', 'weight', 'price'], 'CAMERA_2': [], 'CAMERA_3': []}",C_THANK_YOU,CAMERA_1,NONE,thank you for your help,S_THANK_YOU,CAMERA_1,NONE,thank you very much,
148,11,NONE,['CAMERA_1'],"{'CAMERA_1': ['effects', 'settings', 'sensor_size', 'resolution', 'preset_modes', 'weight', 'price'], 'CAMERA_2': [], 'CAMERA_3': []}",C_LEAVES,DOOR,NONE,,S_RETURNS_TO_COUNTER,SERVICE_COUNTER,NONE,,
149,1,NONE,[],"{'CAMERA_1': [], 'CAMERA_2': [], 'CAMERA_3': []}",C_ENTERS,DOOR,NONE,,S_NONE,SERVICE_COUNTER,NONE,,
149,2,NONE,[],"{'CAMERA_1': [], 'CAMERA_2': [], 'CAMERA_3': []}",C_GREETS,MIDDLE,NONE,hello,S_GREETS,MIDDLE,NONE,can I help you?,
149,3,CAMERA_1,['CAMERA_1'],"{'CAMERA_1': [], 'CAMERA_2': [], 'CAMERA_3': []}",C_LOOKING_FOR_A_CAMERA,MIDDLE,NONE,I'm looking for a camera,S_INTRODUCES_CAMERA,CAMERA_1,,Let me show you this. Here we have the Nikon Coolpix S2800.,39~58
149,4,CAMERA_1,['CAMERA_1'],"{'CAMERA_1': ['resolution'], 'CAMERA_2': [], 'CAMERA_3': []}",C_QUESTION_ABOUT_FEATURE,CAMERA_1,resolution,what is the resolution,S_ANSWERS_QUESTION_ABOUT_FEATURE,CAMERA_1,resolution,This one has 20.1 megapixels resolution.,13~28
149,5,CAMERA_1,['CAMERA_1'],"{'CAMERA_1': ['resolution', 'effects'], 'CAMERA_2': [], 'CAMERA_3': []}",C_QUESTION_ABOUT_FEATURE,CAMERA_1,effects,does it have any effect modes,S_ANSWERS_QUESTION_ABOUT_FEATURE,CAMERA_1,effects,"This one has 12 glamor retouch effects (e.g. skin softening, small face, big eyes).",13~82
149,6,NONE,['CAMERA_1'],"{'CAMERA_1': ['resolution', 'effects'], 'CAMERA_2': [], 'CAMERA_3': []}",C_THANK_YOU,CAMERA_1,NONE,thank you for your help,S_THANK_YOU,CAMERA_1,NONE,thank you very much,
149,7,NONE,['CAMERA_1'],"{'CAMERA_1': ['resolution', 'effects'], 'CAMERA_2': [], 'CAMERA_3': []}",C_LEAVES,DOOR,NONE,,S_RETURNS_TO_COUNTER,SERVICE_COUNTER,NONE,,
150,1,NONE,[],"{'CAMERA_1': [], 'CAMERA_2': [], 'CAMERA_3': []}",C_ENTERS,DOOR,NONE,,S_NONE,SERVICE_COUNTER,NONE,,
150,2,NONE,[],"{'CAMERA_1': [], 'CAMERA_2': [], 'CAMERA_3': []}",C_GREETS,MIDDLE,NONE,hello,S_GREETS,MIDDLE,NONE,can I help you?,
150,3,CAMERA_2,['CAMERA_2'],"{'CAMERA_1': [], 'CAMERA_2': [], 'CAMERA_3': []}",C_LOOKING_FOR_A_CAMERA,MIDDLE,NONE,I'm looking for a camera,S_INTRODUCES_CAMERA,CAMERA_2,,Let me show you this. Here we have the Sony Alpha a6000.,39~55
150,4,CAMERA_2,['CAMERA_2'],"{'CAMERA_1': [], 'CAMERA_2': ['preset_modes'], 'CAMERA_3': []}",C_SILENT_OR_BACKCHANNEL,CAMERA_2,NONE,alright,S_INTRODUCES_FEATURE,CAMERA_2,preset_modes,"This one has 9 preset modes (e.g. beach, snow, night, portrait).",13~63
150,5,CAMERA_2,['CAMERA_2'],"{'CAMERA_1': [], 'CAMERA_2': ['preset_modes', 'weight'], 'CAMERA_3': []}",C_QUESTION_ABOUT_FEATURE,CAMERA_2,weight,how much does this one weigh,S_ANSWERS_QUESTION_ABOUT_FEATURE,CAMERA_2,weight,This one weighs 470 grams.,16~25
150,6,CAMERA_2,['CAMERA_2'],"{'CAMERA_1': [], 'CAMERA_2': ['preset_modes', 'weight', 'price'], 'CAMERA_3': []}",C_SILENT_OR_BACKCHANNEL,CAMERA_2,NONE,I see,S_INTRODUCES_FEATURE,CAMERA_2,price,This one costs $1341.,15~20
150,7,NONE,['CAMERA_2'],"{'CAMERA_1': [], 'CAMERA_2': ['preset_modes', 'weight', 'price'], 'CAMERA_3': []}",C_THANK_YOU,CAMERA_2,NONE,thank you for your help,S_THANK_YOU,CAMERA_2,NONE,thank you very much,
150,8,NONE,['CAMERA_2'],"{'CAMERA_1': [], 'CAMERA_2': ['preset_modes', 'weight', 'price'], 'CAMERA_3': []}",C_LEAVES,DOOR,NONE,,S_RETURNS_TO_COUNTER,SERVICE_COUNTER,NONE,,
151,1,NONE,[],"{'CAMERA_1': [], 'CAMERA_2': [], 'CAMERA_3': []}",C_ENTERS,DOOR,NONE,,S_NONE,SERVICE_COUNTER,NONE,,
151,2,NONE,[],"{'CAMERA_1': [], 'CAMERA_2': [], 'CAMERA_3': []}",C_GREETS,MIDDLE,NONE,hello,S_GREETS,MIDDLE,NONE,can I help you?,
151,3,CAMERA_1,['CAMERA_1'],"{'CAMERA_1': [], 'CAMERA_2': [], 'CAMERA_3': []}",C_LOOKING_FOR_A_CAMERA,MIDDLE,NONE,I'm looking for a camera,S_INTRODUCES_CAMERA,CAMERA_1,,Let me show you this. Here we have the Nikon Coolpix S2800.,39~58
151,4,CAMERA_1,['CAMERA_1'],"{'CAMERA_1': ['camera_type'], 'CAMERA_2': [], 'CAMERA_3': []}",C_QUESTION_ABOUT_FEATURE,CAMERA_1,camera_type,what kind of camera is this,S_ANSWERS_QUESTION_ABOUT_FEATURE,CAMERA_1,camera_type,This is a point and shoot camera.,10~25
151,5,CAMERA_1,['CAMERA_1'],"{'CAMERA_1': ['camera_type', 'resolution'], 'CAMERA_2': [], 'CAMERA_3': []}",C_QUESTION_ABOUT_FEATURE,CAMERA_1,resolution,what is the resolution,S_ANSWERS_QUESTION_ABOUT_FEATURE,CAMERA_1,resolution,This one has 20.1 megapixels resolution.,13~28
151,6,NONE,['CAMERA_1'],"{'CAMERA_1': ['camera_type', 'resolution'], 'CAMERA_2': [], 'CAMERA_3': []}",C_THANK_YOU,CAMERA_1,NONE,thank you for your help,S_THANK_YOU,CAMERA_1,NONE,thank you very much,
151,7,NONE,['CAMERA_1'],"{'CAMERA_1': ['camera_type', 'resolution'], 'CAMERA_2': [], 'CAMERA_3': []}",C_LEAVES,DOOR,NONE,,S_RETURNS_TO_COUNTER,SERVICE_COUNTER,NONE,,
152,1,NONE,[],"{'CAMERA_1': [], 'CAMERA_2': [], 'CAMERA_3': []}",C_ENTERS,DOOR,NONE,,S_NONE,SERVICE_COUNTER,NONE,,
152,2,NONE,[],"{'CAMERA_1': [], 'CAMERA_2': [], 'CAMERA_3': []}",C_WALKS_TO_CAMERA,CAMERA_1,NONE,,S_NONE,SERVICE_COUNTER,NONE,,
152,3,NONE,[],"{'CAMERA_1': [], 'CAMERA_2': [], 'CAMERA_3': []}",C_EXAMINES_CAMERA,CAMERA_1,NONE,,S_NONE,SERVICE_COUNTER,NONE,,
152,4,NONE,[],"{'CAMERA_1': [], 'CAMERA_2': [], 'CAMERA_3': []}",C_WALKS_TO_CAMERA,CAMERA_3,NONE,,S_NONE,SERVICE_COUNTER,NONE,,
152,5,NONE,[],"{'CAMERA_1': [], 'CAMERA_2': [], 'CAMERA_3': []}",C_EXAMINES_CAMERA,CAMERA_3,NONE,,S_GREETS,CAMERA_3,NONE,can I help you?,
152,6,CAMERA_2,['CAMERA_2'],"{'CAMERA_1': [], 'CAMERA_2': [], 'CAMERA_3': []}",C_LOOKING_FOR_A_CAMERA,CAMERA_3,NONE,I'm looking for a camera,S_INTRODUCES_CAMERA,CAMERA_2,,Let me show you this. Here we have the Sony Alpha a6000.,39~55
152,7,CAMERA_2,['CAMERA_2'],"{'CAMERA_1': [], 'CAMERA_2': ['effects'], 'CAMERA_3': []}",C_QUESTION_ABOUT_FEATURE,CAMERA_2,effects,does it have any effect modes,S_ANSWERS_QUESTION_ABOUT_FEATURE,CAMERA_2,effects,"This one has 13 artistic effect modes (e.g. toy camera, soft focus).",13~67
152,8,NONE,['CAMERA_2'],"{'CAMERA_1': [], 'CAMERA_2': ['effects'], 'CAMERA_3': []}",C_THANK_YOU,CAMERA_2,NONE,thank you for your help,S_THANK_YOU,CAMERA_2,NONE,thank you very much,
152,9,NONE,['CAMERA_2'],"{'CAMERA_1': [], 'CAMERA_2': ['effects'], 'CAMERA_3': []}",C_LEAVES,DOOR,NONE,,S_RETURNS_TO_COUNTER,SERVICE_COUNTER,NONE,,
153,1,NONE,[],"{'CAMERA_1': [], 'CAMERA_2': [], 'CAMERA_3': []}",C_ENTERS,DOOR,NONE,,S_NONE,SERVICE_COUNTER,NONE,,
153,2,NONE,[],"{'CAMERA_1': [], 'CAMERA_2': [], 'CAMERA_3': []}",C_WALKS_TO_CAMERA,CAMERA_1,NONE,,S_NONE,SERVICE_COUNTER,NONE,,
153,3,NONE,[],"{'CAMERA_1': [], 'CAMERA_2': [], 'CAMERA_3': []}",C_EXAMINES_CAMERA,CAMERA_1,NONE,,S_GREETS,CAMERA_1,NONE,can I help you?,
153,4,CAMERA_1,['CAMERA_1'],"{'CAMERA_1': [], 'CAMERA_2': [], 'CAMERA_3': []}",C_LOOKING_FOR_A_CAMERA,CAMERA_1,NONE,I'm looking for a camera,S_INTRODUCES_CAMERA,CAMERA_1,,Let me show you this. Here we have the Nikon Coolpix S2800.,39~58
153,5,CAMERA_1,['CAMERA_1'],"{'CAMERA_1': ['weight'], 'CAMERA_2': [], 'CAMERA_3': []}",C_SILENT_OR_BACKCHANNEL,CAMERA_1,NONE,I see,S_INTRODUCES_FEATURE,CAMERA_1,weight,This one weighs 120 grams.,16~25
153,6,CAMERA_3,"['CAMERA_1', 'CAMERA_3']","{'CAMERA_1': ['weight'], 'CAMERA_2': [], 'CAMERA_3': []}",C_ANYTHING_ELSE_AVAILABLE,CAMERA_1,NONE,ok do you have any other cameras,S_INTRODUCES_CAMERA,CAMERA_3,,Let me show you this. Here we have the Canon EOS 5D Mark III.,39~60
153,7,CAMERA_3,"['CAMERA_1', 'CAMERA_3']","{'CAMERA_1': ['weight'], 'CAMERA_2': [], 'CAMERA_3': ['color']}",C_SILENT_OR_BACKCHANNEL,CAMERA_3,NONE,alright,S_INTRODUCES_FEATURE,CAMERA_3,color,This one comes in black.,18~23
153,8,CAMERA_3,"['CAMERA_1', 'CAMERA_3']","{'CAMERA_1': ['weight'], 'CAMERA_2': [], 'CAMERA_3': ['color', 'long_exposure']}",C_QUESTION_ABOUT_FEATURE,CAMERA_3,long_exposure,can it take long exposure shots,S_ANSWERS_QUESTION_ABOUT_FEATURE,CAMERA_3,long_exposure,"This one can take long exposures up to up to 30 seconds, bulb mode: expose as long as you want.",39~94
153,9,CAMERA_3,"['CAMERA_1', 'CAMERA_3']","{'CAMERA_1': ['weight'], 'CAMERA_2': [], 'CAMERA_3': ['color', 'long_exposure', 'preset_modes']}",C_QUESTION_ABOUT_FEATURE,CAMERA_3,preset_modes,does it have preset modes,S_NOT_SURE,CAMERA_3,,I'm not really sure about that,
153,10,CAMERA_3,"['CAMERA_1', 'CAMERA_3']","{'CAMERA_1': ['weight'], 'CAMERA_2': [], 'CAMERA_3': ['color', 'long_exposure', 'preset_modes', 'settings']}",C_QUESTION_ABOUT_FEATURE,CAMERA_3,settings,what kind of settings does it have,S_ANSWERS_QUESTION_ABOUT_FEATURE,CAMERA_3,settings,This one has full manual control.,13~32
153,11,CAMERA_3,"['CAMERA_1', 'CAMERA_3']","{'CAMERA_1': ['weight'], 'CAMERA_2': [], 'CAMERA_3': ['color', 'long_exposure', 'preset_modes', 'settings', 'camera_type']}",C_QUESTION_ABOUT_FEATURE,CAMERA_3,camera_type,what kind of camera is this,S_ANSWERS_QUESTION_ABOUT_FEATURE,CAMERA_3,camera_type,This is a DSLR camera.,10~14
153,12,CAMERA_3,"['CAMERA_1', 'CAMERA_3']","{'CAMERA_1': ['weight'], 'CAMERA_2': [], 'CAMERA_3': ['color', 'long_exposure', 'preset_modes', 'settings', 'camera_type', 'price']}",C_SILENT_OR_BACKCHANNEL,CAMERA_3,NONE,I see,S_INTRODUCES_FEATURE,CAMERA_3,price,This one costs $3706.,15~20
153,13,CAMERA_3,"['CAMERA_1', 'CAMERA_3']","{'CAMERA_1': ['weight'], 'CAMERA_2': [], 'CAMERA_3': ['color', 'long_exposure', 'preset_modes', 'settings', 'camera_type', 'price', 'sensor_size']}",C_SILENT_OR_BACKCHANNEL,CAMERA_3,NONE,okay,S_INTRODUCES_FEATURE,CAMERA_3,sensor_size,This one has a full frame.,15~25
153,14,NONE,"['CAMERA_1', 'CAMERA_3']","{'CAMERA_1': ['weight'], 'CAMERA_2': [], 'CAMERA_3': ['color', 'long_exposure', 'preset_modes', 'settings', 'camera_type', 'price', 'sensor_size']}",C_THANK_YOU,CAMERA_3,NONE,thank you for your help,S_THANK_YOU,CAMERA_3,NONE,thank you very much,
153,15,NONE,"['CAMERA_1', 'CAMERA_3']","{'CAMERA_1': ['weight'], 'CAMERA_2': [], 'CAMERA_3': ['color', 'long_exposure', 'preset_modes', 'settings', 'camera_type', 'price', 'sensor_size']}",C_LEAVES,DOOR,NONE,,S_RETURNS_TO_COUNTER,SERVICE_COUNTER,NONE,,
154,1,NONE,[],"{'CAMERA_1': [], 'CAMERA_2': [], 'CAMERA_3': []}",C_ENTERS,DOOR,NONE,,S_NONE,SERVICE_COUNTER,NONE,,
154,2,NONE,[],"{'CAMERA_1': [], 'CAMERA_2': [], 'CAMERA_3': []}",C_GREETS,MIDDLE,NONE,hello,S_GREETS,MIDDLE,NONE,can I help you?,
154,3,CAMERA_3,['CAMERA_3'],"{'CAMERA_1': [], 'CAMERA_2': [], 'CAMERA_3': []}",C_LOOKING_FOR_A_CAMERA,MIDDLE,NONE,I'm looking for a camera,S_INTRODUCES_CAMERA,CAMERA_3,,Let me show you this. Here we have the Canon EOS 5D Mark III.,39~60
154,4,CAMERA_3,['CAMERA_3'],"{'CAMERA_1': [], 'CAMERA_2': [], 'CAMERA_3': ['sensor_size']}",C_QUESTION_ABOUT_FEATURE,CAMERA_3,sensor_size,what is the sensor size,S_ANSWERS_QUESTION_ABOUT_FEATURE,CAMERA_3,sensor_size,This one has a full frame.,15~25
154,5,CAMERA_3,['CAMERA_3'],"{'CAMERA_1': [], 'CAMERA_2': [], 'CAMERA_3': ['sensor_size', 'settings']}",C_SILENT_OR_BACKCHANNEL,CAMERA_3,NONE,okay,S_INTRODUCES_FEATURE,CAMERA_3,settings,This one has full manual control.,13~32
154,6,CAMERA_3,['CAMERA_3'],"{'CAMERA_1': [], 'CAMERA_2': [], 'CAMERA_3': ['sensor_size', 'settings', 'autofocus_points']}",C_SILENT_OR_BACKCHANNEL,CAMERA_3,NONE,I see,S_INTRODUCES_FEATURE,CAMERA_3,autofocus_points,This one has 61 autofocus points.,13~32
154,7,CAMERA_3,['CAMERA_3'],"{'CAMERA_1': [], 'CAMERA_2': [], 'CAMERA_3': ['sensor_size', 'settings', 'autofocus_points', 'ISO']}",C_SILENT_OR_BACKCHANNEL,CAMERA_3,NONE,I see,S_INTRODUCES_FEATURE,CAMERA_3,ISO,This one has up to 6400 ISO with little noise.,13~45
154,8,CAMERA_3,['CAMERA_3'],"{'CAMERA_1': [], 'CAMERA_2': [], 'CAMERA_3': ['sensor_size', 'settings', 'autofocus_points', 'ISO', 'long_exposure']}",C_QUESTION_ABOUT_FEATURE,CAMERA_3,long_exposure,can it take long exposure shots,S_ANSWERS_QUESTION_ABOUT_FEATURE,CAMERA_3,long_exposure,"This one can take long exposures up to up to 30 seconds, bulb mode: expose as long as you want.",39~94
154,9,CAMERA_3,['CAMERA_3'],"{'CAMERA_1': [], 'CAMERA_2': [], 'CAMERA_3': ['sensor_size', 'settings', 'autofocus_points', 'ISO', 'long_exposure', 'color']}",C_SILENT_OR_BACKCHANNEL,CAMERA_3,NONE,alright,S_INTRODUCES_FEATURE,CAMERA_3,color,This one comes in black.,18~23
154,10,CAMERA_2,"['CAMERA_3', 'CAMERA_2']","{'CAMERA_1': [], 'CAMERA_2': [], 'CAMERA_3': ['sensor_size', 'settings', 'autofocus_points', 'ISO', 'long_exposure', 'color']}",C_ANYTHING_ELSE_AVAILABLE,CAMERA_3,NONE,ok do you have any other cameras,S_INTRODUCES_CAMERA,CAMERA_2,,Let me show you this. Here we have the Sony Alpha a6000.,39~55
154,11,CAMERA_2,"['CAMERA_3', 'CAMERA_2']","{'CAMERA_1': [], 'CAMERA_2': ['autofocus_points'], 'CAMERA_3': ['sensor_size', 'settings', 'autofocus_points', 'ISO', 'long_exposure', 'color']}",C_QUESTION_ABOUT_FEATURE,CAMERA_2,autofocus_points,how many autofocus points does it have,S_ANSWERS_QUESTION_ABOUT_FEATURE,CAMERA_2,autofocus_points,This one has 179 autofocus points.,13~33
154,12,CAMERA_2,"['CAMERA_3', 'CAMERA_2']","{'CAMERA_1': [], 'CAMERA_2': ['autofocus_points', 'weight'], 'CAMERA_3': ['sensor_size', 'settings', 'autofocus_points', 'ISO', 'long_exposure', 'color']}",C_SILENT_OR_BACKCHANNEL,CAMERA_2,NONE,I see,S_INTRODUCES_FEATURE,CAMERA_2,weight,This one weighs 470 grams.,16~25
154,13,NONE,"['CAMERA_3', 'CAMERA_2']","{'CAMERA_1': [], 'CAMERA_2': ['autofocus_points', 'weight'], 'CAMERA_3': ['sensor_size', 'settings', 'autofocus_points', 'ISO', 'long_exposure', 'color']}",C_THANK_YOU,CAMERA_2,NONE,thank you for your help,S_THANK_YOU,CAMERA_2,NONE,thank you very much,
154,14,NONE,"['CAMERA_3', 'CAMERA_2']","{'CAMERA_1': [], 'CAMERA_2': ['autofocus_points', 'weight'], 'CAMERA_3': ['sensor_size', 'settings', 'autofocus_points', 'ISO', 'long_exposure', 'color']}",C_LEAVES,DOOR,NONE,,S_RETURNS_TO_COUNTER,SERVICE_COUNTER,NONE,,
155,1,NONE,[],"{'CAMERA_1': [], 'CAMERA_2': [], 'CAMERA_3': []}",C_ENTERS,DOOR,NONE,,S_NONE,SERVICE_COUNTER,NONE,,
155,2,NONE,[],"{'CAMERA_1': [], 'CAMERA_2': [], 'CAMERA_3': []}",C_GREETS,MIDDLE,NONE,hello,S_GREETS,MIDDLE,NONE,can I help you?,
155,3,CAMERA_2,['CAMERA_2'],"{'CAMERA_1': [], 'CAMERA_2': [], 'CAMERA_3': []}",C_LOOKING_FOR_A_CAMERA,MIDDLE,NONE,I'm looking for a camera,S_INTRODUCES_CAMERA,CAMERA_2,,Let me show you this. Here we have the Sony Alpha a6000.,39~55
155,4,CAMERA_2,['CAMERA_2'],"{'CAMERA_1': [], 'CAMERA_2': ['preset_modes'], 'CAMERA_3': []}",C_QUESTION_ABOUT_FEATURE,CAMERA_2,preset_modes,does it have preset modes,S_ANSWERS_QUESTION_ABOUT_FEATURE,CAMERA_2,preset_modes,"This one has 9 preset modes (e.g. beach, snow, night, portrait).",13~63
155,5,NONE,['CAMERA_2'],"{'CAMERA_1': [], 'CAMERA_2': ['preset_modes'], 'CAMERA_3': []}",C_THANK_YOU,CAMERA_2,NONE,thank you for your help,S_THANK_YOU,CAMERA_2,NONE,thank you very much,
155,6,NONE,['CAMERA_2'],"{'CAMERA_1': [], 'CAMERA_2': ['preset_modes'], 'CAMERA_3': []}",C_LEAVES,DOOR,NONE,,S_RETURNS_TO_COUNTER,SERVICE_COUNTER,NONE,,
156,1,NONE,[],"{'CAMERA_1': [], 'CAMERA_2': [], 'CAMERA_3': []}",C_ENTERS,DOOR,NONE,,S_NONE,SERVICE_COUNTER,NONE,,
156,2,NONE,[],"{'CAMERA_1': [], 'CAMERA_2': [], 'CAMERA_3': []}",C_GREETS,MIDDLE,NONE,hello,S_GREETS,MIDDLE,NONE,can I help you?,
156,3,CAMERA_1,['CAMERA_1'],"{'CAMERA_1': [], 'CAMERA_2': [], 'CAMERA_3': []}",C_LOOKING_FOR_A_CAMERA,MIDDLE,NONE,I'm looking for a camera,S_INTRODUCES_CAMERA,CAMERA_1,,Let me show you this. Here we have the Nikon Coolpix S2800.,39~58
156,4,CAMERA_1,['CAMERA_1'],"{'CAMERA_1': ['color'], 'CAMERA_2': [], 'CAMERA_3': []}",C_QUESTION_ABOUT_FEATURE,CAMERA_1,color,what colors does this one come in,S_ANSWERS_QUESTION_ABOUT_FEATURE,CAMERA_1,color,"This one comes in purple, pink, black, silver, red.",18~50
156,5,CAMERA_2,"['CAMERA_1', 'CAMERA_2']","{'CAMERA_1': ['color'], 'CAMERA_2': [], 'CAMERA_3': []}",C_ANYTHING_ELSE_AVAILABLE,CAMERA_1,NONE,ok do you have any other cameras,S_INTRODUCES_CAMERA,CAMERA_2,,Let me show you this. Here we have the Sony Alpha a6000.,39~55
156,6,CAMERA_2,"['CAMERA_1', 'CAMERA_2']","{'CAMERA_1': ['color'], 'CAMERA_2': ['settings'], 'CAMERA_3': []}",C_SILENT_OR_BACKCHANNEL,CAMERA_2,NONE,I see,S_INTRODUCES_FEATURE,CAMERA_2,settings,This one has full manual control.,13~32
156,7,CAMERA_2,"['CAMERA_1', 'CAMERA_2']","{'CAMERA_1': ['color'], 'CAMERA_2': ['settings', 'sensor_size'], 'CAMERA_3': []}",C_QUESTION_ABOUT_FEATURE,CAMERA_2,sensor_size,what is the sensor size,S_ANSWERS_QUESTION_ABOUT_FEATURE,CAMERA_2,sensor_size,This one has a APS-C sensor (crop sensor).,15~41
156,8,CAMERA_2,"['CAMERA_1', 'CAMERA_2']","{'CAMERA_1': ['color'], 'CAMERA_2': ['settings', 'sensor_size', 'ISO'], 'CAMERA_3': []}",C_SILENT_OR_BACKCHANNEL,CAMERA_2,NONE,okay,S_INTRODUCES_FEATURE,CAMERA_2,ISO,This one has up to 3200 ISO with little noise.,13~45
156,9,NONE,"['CAMERA_1', 'CAMERA_2']","{'CAMERA_1': ['color'], 'CAMERA_2': ['settings', 'sensor_size', 'ISO'], 'CAMERA_3': []}",C_THANK_YOU,CAMERA_2,NONE,thank you for your help,S_THANK_YOU,CAMERA_2,NONE,thank you very much,
156,10,NONE,"['CAMERA_1', 'CAMERA_2']","{'CAMERA_1': ['color'], 'CAMERA_2': ['settings', 'sensor_size', 'ISO'], 'CAMERA_3': []}",C_LEAVES,DOOR,NONE,,S_RETURNS_TO_COUNTER,SERVICE_COUNTER,NONE,,
157,1,NONE,[],"{'CAMERA_1': [], 'CAMERA_2': [], 'CAMERA_3': []}",C_ENTERS,DOOR,NONE,,S_NONE,SERVICE_COUNTER,NONE,,
157,2,NONE,[],"{'CAMERA_1': [], 'CAMERA_2': [], 'CAMERA_3': []}",C_WALKS_TO_CAMERA,CAMERA_2,NONE,,S_NONE,SERVICE_COUNTER,NONE,,
157,3,CAMERA_2,['CAMERA_2'],"{'CAMERA_1': [], 'CAMERA_2': ['long_exposure'], 'CAMERA_3': []}",C_QUESTION_ABOUT_FEATURE,CAMERA_2,long_exposure,can it take long exposure shots,S_ANSWERS_QUESTION_ABOUT_FEATURE,CAMERA_2,long_exposure,This one can take long exposures up to up to 30 seconds.,39~55
157,4,CAMERA_2,['CAMERA_2'],"{'CAMERA_1': [], 'CAMERA_2': ['long_exposure', 'price'], 'CAMERA_3': []}",C_QUESTION_ABOUT_FEATURE,CAMERA_2,price,how much does it cost,S_ANSWERS_QUESTION_ABOUT_FEATURE,CAMERA_2,price,This one costs $1341.,15~20
157,5,NONE,['CAMERA_2'],"{'CAMERA_1': [], 'CAMERA_2': ['long_exposure', 'price'], 'CAMERA_3': []}",C_THANK_YOU,CAMERA_2,NONE,thank you for your help,S_THANK_YOU,CAMERA_2,NONE,thank you very much,
157,6,NONE,['CAMERA_2'],"{'CAMERA_1': [], 'CAMERA_2': ['long_exposure', 'price'], 'CAMERA_3': []}",C_LEAVES,DOOR,NONE,,S_RETURNS_TO_COUNTER,SERVICE_COUNTER,NONE,,
158,1,NONE,[],"{'CAMERA_1': [], 'CAMERA_2': [], 'CAMERA_3': []}",C_ENTERS,DOOR,NONE,,S_NONE,SERVICE_COUNTER,NONE,,
158,2,NONE,[],"{'CAMERA_1': [], 'CAMERA_2': [], 'CAMERA_3': []}",C_GREETS,MIDDLE,NONE,hello,S_GREETS,MIDDLE,NONE,can I help you?,
158,3,CAMERA_3,['CAMERA_3'],"{'CAMERA_1': [], 'CAMERA_2': [], 'CAMERA_3': []}",C_LOOKING_FOR_A_CAMERA,MIDDLE,NONE,I'm looking for a camera,S_INTRODUCES_CAMERA,CAMERA_3,,Let me show you this. Here we have the Canon EOS 5D Mark III.,39~60
158,4,CAMERA_3,['CAMERA_3'],"{'CAMERA_1': [], 'CAMERA_2': [], 'CAMERA_3': ['weight']}",C_QUESTION_ABOUT_FEATURE,CAMERA_3,weight,how much does this one weigh,S_ANSWERS_QUESTION_ABOUT_FEATURE,CAMERA_3,weight,This one weighs 950 grams (only body).,16~37
158,5,NONE,['CAMERA_3'],"{'CAMERA_1': [], 'CAMERA_2': [], 'CAMERA_3': ['weight']}",C_THANK_YOU,CAMERA_3,NONE,thank you for your help,S_THANK_YOU,CAMERA_3,NONE,thank you very much,
158,6,NONE,['CAMERA_3'],"{'CAMERA_1': [], 'CAMERA_2': [], 'CAMERA_3': ['weight']}",C_LEAVES,DOOR,NONE,,S_RETURNS_TO_COUNTER,SERVICE_COUNTER,NONE,,
159,1,NONE,[],"{'CAMERA_1': [], 'CAMERA_2': [], 'CAMERA_3': []}",C_ENTERS,DOOR,NONE,,S_NONE,SERVICE_COUNTER,NONE,,
159,2,NONE,[],"{'CAMERA_1': [], 'CAMERA_2': [], 'CAMERA_3': []}",C_WALKS_TO_CAMERA,CAMERA_3,NONE,,S_GREETS,CAMERA_3,NONE,can I help you?,
159,3,CAMERA_2,['CAMERA_2'],"{'CAMERA_1': [], 'CAMERA_2': [], 'CAMERA_3': []}",C_LOOKING_FOR_A_CAMERA,CAMERA_3,NONE,I'm looking for a camera,S_INTRODUCES_CAMERA,CAMERA_2,,Let me show you this. Here we have the Sony Alpha a6000.,39~55
159,4,CAMERA_2,['CAMERA_2'],"{'CAMERA_1': [], 'CAMERA_2': ['effects'], 'CAMERA_3': []}",C_SILENT_OR_BACKCHANNEL,CAMERA_2,NONE,I see,S_INTRODUCES_FEATURE,CAMERA_2,effects,"This one has 13 artistic effect modes (e.g. toy camera, soft focus).",13~67
159,5,CAMERA_3,"['CAMERA_2', 'CAMERA_3']","{'CAMERA_1': [], 'CAMERA_2': ['effects'], 'CAMERA_3': []}",C_ANYTHING_ELSE_AVAILABLE,CAMERA_2,NONE,ok do you have any other cameras,S_INTRODUCES_CAMERA,CAMERA_3,,Let me show you this. Here we have the Canon EOS 5D Mark III.,39~60
159,6,CAMERA_3,"['CAMERA_2', 'CAMERA_3']","{'CAMERA_1': [], 'CAMERA_2': ['effects'], 'CAMERA_3': ['color']}",C_SILENT_OR_BACKCHANNEL,CAMERA_3,NONE,alright,S_INTRODUCES_FEATURE,CAMERA_3,color,This one comes in black.,18~23
159,7,CAMERA_3,"['CAMERA_2', 'CAMERA_3']","{'CAMERA_1': [], 'CAMERA_2': ['effects'], 'CAMERA_3': ['color', 'ISO']}",C_SILENT_OR_BACKCHANNEL,CAMERA_3,NONE,alright,S_INTRODUCES_FEATURE,CAMERA_3,ISO,This one has up to 6400 ISO with little noise.,13~45
159,8,NONE,"['CAMERA_2', 'CAMERA_3']","{'CAMERA_1': [], 'CAMERA_2': ['effects'], 'CAMERA_3': ['color', 'ISO']}",C_THANK_YOU,CAMERA_3,NONE,thank you for your help,S_THANK_YOU,CAMERA_3,NONE,thank you very much,
159,9,NONE,"['CAMERA_2', 'CAMERA_3']","{'CAMERA_1': [], 'CAMERA_2': ['effects'], 'CAMERA_3': ['color', 'ISO']}",C_LEAVES,DOOR,NONE,,S_RETURNS_TO_COUNTER,SERVICE_COUNTER,NONE,,
160,1,NONE,[],"{'CAMERA_1': [], 'CAMERA_2': [], 'CAMERA_3': []}",C_ENTERS,DOOR,NONE,,S_NONE,SERVICE_COUNTER,NONE,,
160,2,NONE,[],"{'CAMERA_1': [], 'CAMERA_2': [], 'CAMERA_3': []}",C_GREETS,MIDDLE,NONE,hello,S_GREETS,MIDDLE,NONE,can I help you?,
160,3,CAMERA_3,['CAMERA_3'],"{'CAMERA_1': [], 'CAMERA_2': [], 'CAMERA_3': []}",C_LOOKING_FOR_A_CAMERA,MIDDLE,NONE,I'm looking for a camera,S_INTRODUCES_CAMERA,CAMERA_3,,Let me show you this. Here we have the Canon EOS 5D Mark III.,39~60
160,4,CAMERA_3,['CAMERA_3'],"{'CAMERA_1': [], 'CAMERA_2': [], 'CAMERA_3': ['autofocus_points']}",C_QUESTION_ABOUT_FEATURE,CAMERA_3,autofocus_points,how many autofocus points does it have,S_ANSWERS_QUESTION_ABOUT_FEATURE,CAMERA_3,autofocus_points,This one has 61 autofocus points.,13~32
160,5,CAMERA_3,['CAMERA_3'],"{'CAMERA_1': [], 'CAMERA_2': [], 'CAMERA_3': ['autofocus_points', 'effects']}",C_QUESTION_ABOUT_FEATURE,CAMERA_3,effects,does it have any effect modes,S_NOT_SURE,CAMERA_3,,I'm not really sure about that,
160,6,CAMERA_1,"['CAMERA_3', 'CAMERA_1']","{'CAMERA_1': [], 'CAMERA_2': [], 'CAMERA_3': ['autofocus_points', 'effects']}",C_ANYTHING_ELSE_AVAILABLE,CAMERA_3,NONE,ok do you have any other cameras,S_INTRODUCES_CAMERA,CAMERA_1,,Let me show you this. Here we have the Nikon Coolpix S2800.,39~58
160,7,CAMERA_1,"['CAMERA_3', 'CAMERA_1']","{'CAMERA_1': ['color'], 'CAMERA_2': [], 'CAMERA_3': ['autofocus_points', 'effects']}",C_QUESTION_ABOUT_FEATURE,CAMERA_1,color,what colors does this one come in,S_ANSWERS_QUESTION_ABOUT_FEATURE,CAMERA_1,color,"This one comes in purple, pink, black, silver, red.",18~50
160,8,CAMERA_1,"['CAMERA_3', 'CAMERA_1']","{'CAMERA_1': ['color', 'preset_modes'], 'CAMERA_2': [], 'CAMERA_3': ['autofocus_points', 'effects']}",C_SILENT_OR_BACKCHANNEL,CAMERA_1,NONE,okay,S_INTRODUCES_FEATURE,CAMERA_1,preset_modes,"This one has 18 preset modes (e.g. beach, snow, night portrait).",13~63
160,9,CAMERA_2,"['CAMERA_3', 'CAMERA_1', 'CAMERA_2']","{'CAMERA_1': ['color', 'preset_modes'], 'CAMERA_2': [], 'CAMERA_3': ['autofocus_points', 'effects']}",C_ANYTHING_ELSE_AVAILABLE,CAMERA_1,NONE,ok do you have any other cameras,S_INTRODUCES_CAMERA,CAMERA_2,,Let me show you this. Here we have the Sony Alpha a6000.,39~55
160,10,CAMERA_2,"['CAMERA_3', 'CAMERA_1', 'CAMERA_2']","{'CAMERA_1': ['color', 'preset_modes'], 'CAMERA_2': ['long_exposure'], 'CAMERA_3': ['autofocus_points', 'effects']}",C_SILENT_OR_BACKCHANNEL,CAMERA_2,NONE,I see,S_INTRODUCES_FEATURE,CAMERA_2,long_exposure,This one can take long exposures up to up to 30 seconds.,39~55
160,11,NONE,"['CAMERA_3', 'CAMERA_1', 'CAMERA_2']","{'CAMERA_1': ['color', 'preset_modes'], 'CAMERA_2': ['long_exposure'], 'CAMERA_3': ['autofocus_points', 'effects']}",C_THANK_YOU,CAMERA_2,NONE,thank you for your help,S_THANK_YOU,CAMERA_2,NONE,thank you very much,
160,12,NONE,"['CAMERA_3', 'CAMERA_1', 'CAMERA_2']","{'CAMERA_1': ['color', 'preset_modes'], 'CAMERA_2': ['long_exposure'], 'CAMERA_3': ['autofocus_points', 'effects']}",C_LEAVES,DOOR,NONE,,S_RETURNS_TO_COUNTER,SERVICE_COUNTER,NONE,,
161,1,NONE,[],"{'CAMERA_1': [], 'CAMERA_2': [], 'CAMERA_3': []}",C_ENTERS,DOOR,NONE,,S_NONE,SERVICE_COUNTER,NONE,,
161,2,NONE,[],"{'CAMERA_1': [], 'CAMERA_2': [], 'CAMERA_3': []}",C_GREETS,MIDDLE,NONE,hello,S_GREETS,MIDDLE,NONE,can I help you?,
161,3,CAMERA_1,['CAMERA_1'],"{'CAMERA_1': [], 'CAMERA_2': [], 'CAMERA_3': []}",C_LOOKING_FOR_A_CAMERA,MIDDLE,NONE,I'm looking for a camera,S_INTRODUCES_CAMERA,CAMERA_1,,Let me show you this. Here we have the Nikon Coolpix S2800.,39~58
161,4,CAMERA_1,['CAMERA_1'],"{'CAMERA_1': ['color'], 'CAMERA_2': [], 'CAMERA_3': []}",C_QUESTION_ABOUT_FEATURE,CAMERA_1,color,what colors does this one come in,S_ANSWERS_QUESTION_ABOUT_FEATURE,CAMERA_1,color,"This one comes in purple, pink, black, silver, red.",18~50
161,5,CAMERA_1,['CAMERA_1'],"{'CAMERA_1': ['color', 'effects'], 'CAMERA_2': [], 'CAMERA_3': []}",C_SILENT_OR_BACKCHANNEL,CAMERA_1,NONE,okay,S_INTRODUCES_FEATURE,CAMERA_1,effects,"This one has 12 glamor retouch effects (e.g. skin softening, small face, big eyes).",13~82
161,6,CAMERA_1,['CAMERA_1'],"{'CAMERA_1': ['color', 'effects', 'sensor_size'], 'CAMERA_2': [], 'CAMERA_3': []}",C_QUESTION_ABOUT_FEATURE,CAMERA_1,sensor_size,what is the sensor size,S_NOT_SURE,CAMERA_1,,I'm not really sure about that,
161,7,CAMERA_1,['CAMERA_1'],"{'CAMERA_1': ['color', 'effects', 'sensor_size', 'settings'], 'CAMERA_2': [], 'CAMERA_3': []}",C_QUESTION_ABOUT_FEATURE,CAMERA_1,settings,what kind of settings does it have,S_ANSWERS_QUESTION_ABOUT_FEATURE,CAMERA_1,settings,This one has limited manual settings.,13~36
161,8,CAMERA_1,['CAMERA_1'],"{'CAMERA_1': ['color', 'effects', 'sensor_size', 'settings', 'autofocus_points'], 'CAMERA_2': [], 'CAMERA_3': []}",C_QUESTION_ABOUT_FEATURE,CAMERA_1,autofocus_points,how many autofocus points does it have,S_NOT_SURE,CAMERA_1,,I'm not really sure about that,
161,9,CAMERA_2,"['CAMERA_1', 'CAMERA_2']","{'CAMERA_1': ['color', 'effects', 'sensor_size', 'settings', 'autofocus_points'], 'CAMERA_2': [], 'CAMERA_3': []}",C_ANYTHING_ELSE_AVAILABLE,CAMERA_1,NONE,ok do you have any other cameras,S_INTRODUCES_CAMERA,CAMERA_2,,Let me show you this. Here we have the Sony Alpha a6000.,39~55
161,10,CAMERA_2,"['CAMERA_1', 'CAMERA_2']","{'CAMERA_1': ['color', 'effects', 'sensor_size', 'settings', 'autofocus_points'], 'CAMERA_2': ['resolution'], 'CAMERA_3': []}",C_QUESTION_ABOUT_FEATURE,CAMERA_2,resolution,what is the resolution,S_NOT_SURE,CAMERA_2,,I'm not really sure about that,
161,11,CAMERA_2,"['CAMERA_1', 'CAMERA_2']","{'CAMERA_1': ['color', 'effects', 'sensor_size', 'settings', 'autofocus_points'], 'CAMERA_2': ['resolution', 'long_exposure'], 'CAMERA_3': []}",C_QUESTION_ABOUT_FEATURE,CAMERA_2,long_exposure,can it take long exposure shots,S_ANSWERS_QUESTION_ABOUT_FEATURE,CAMERA_2,long_exposure,This one can take long exposures up to up to 30 seconds.,39~55
161,12,CAMERA_2,"['CAMERA_1', 'CAMERA_2']","{'CAMERA_1': ['color', 'effects', 'sensor_size', 'settings', 'autofocus_points'], 'CAMERA_2': ['resolution', 'long_exposure', 'autofocus_points'], 'CAMERA_3': []}",C_QUESTION_ABOUT_FEATURE,CAMERA_2,autofocus_points,how many autofocus points does it have,S_ANSWERS_QUESTION_ABOUT_FEATURE,CAMERA_2,autofocus_points,This one has 179 autofocus points.,13~33
161,13,NONE,"['CAMERA_1', 'CAMERA_2']","{'CAMERA_1': ['color', 'effects', 'sensor_size', 'settings', 'autofocus_points'], 'CAMERA_2': ['resolution', 'long_exposure', 'autofocus_points'], 'CAMERA_3': []}",C_THANK_YOU,CAMERA_2,NONE,thank you for your help,S_THANK_YOU,CAMERA_2,NONE,thank you very much,
161,14,NONE,"['CAMERA_1', 'CAMERA_2']","{'CAMERA_1': ['color', 'effects', 'sensor_size', 'settings', 'autofocus_points'], 'CAMERA_2': ['resolution', 'long_exposure', 'autofocus_points'], 'CAMERA_3': []}",C_LEAVES,DOOR,NONE,,S_RETURNS_TO_COUNTER,SERVICE_COUNTER,NONE,,
162,1,NONE,[],"{'CAMERA_1': [], 'CAMERA_2': [], 'CAMERA_3': []}",C_ENTERS,DOOR,NONE,,S_NONE,SERVICE_COUNTER,NONE,,
162,2,NONE,[],"{'CAMERA_1': [], 'CAMERA_2': [], 'CAMERA_3': []}",C_GREETS,MIDDLE,NONE,hello,S_GREETS,MIDDLE,NONE,can I help you?,
162,3,CAMERA_3,['CAMERA_3'],"{'CAMERA_1': [], 'CAMERA_2': [], 'CAMERA_3': []}",C_LOOKING_FOR_A_CAMERA,MIDDLE,NONE,I'm looking for a camera,S_INTRODUCES_CAMERA,CAMERA_3,,Let me show you this. Here we have the Canon EOS 5D Mark III.,39~60
162,4,CAMERA_3,['CAMERA_3'],"{'CAMERA_1': [], 'CAMERA_2': [], 'CAMERA_3': ['autofocus_points']}",C_SILENT_OR_BACKCHANNEL,CAMERA_3,NONE,okay,S_INTRODUCES_FEATURE,CAMERA_3,autofocus_points,This one has 61 autofocus points.,13~32
162,5,NONE,['CAMERA_3'],"{'CAMERA_1': [], 'CAMERA_2': [], 'CAMERA_3': ['autofocus_points']}",C_THANK_YOU,CAMERA_3,NONE,thank you for your help,S_THANK_YOU,CAMERA_3,NONE,thank you very much,
162,6,NONE,['CAMERA_3'],"{'CAMERA_1': [], 'CAMERA_2': [], 'CAMERA_3': ['autofocus_points']}",C_LEAVES,DOOR,NONE,,S_RETURNS_TO_COUNTER,SERVICE_COUNTER,NONE,,
163,1,NONE,[],"{'CAMERA_1': [], 'CAMERA_2': [], 'CAMERA_3': []}",C_ENTERS,DOOR,NONE,,S_NONE,SERVICE_COUNTER,NONE,,
163,2,NONE,[],"{'CAMERA_1': [], 'CAMERA_2': [], 'CAMERA_3': []}",C_WALKS_TO_CAMERA,CAMERA_3,NONE,,S_NONE,SERVICE_COUNTER,NONE,,
163,3,CAMERA_3,['CAMERA_3'],"{'CAMERA_1': [], 'CAMERA_2': [], 'CAMERA_3': ['settings']}",C_QUESTION_ABOUT_FEATURE,CAMERA_3,settings,what kind of settings does it have,S_ANSWERS_QUESTION_ABOUT_FEATURE,CAMERA_3,settings,This one has full manual control.,13~32
163,4,CAMERA_3,['CAMERA_3'],"{'CAMERA_1': [], 'CAMERA_2': [], 'CAMERA_3': ['settings', 'autofocus_points']}",C_SILENT_OR_BACKCHANNEL,CAMERA_3,NONE,alright,S_INTRODUCES_FEATURE,CAMERA_3,autofocus_points,This one has 61 autofocus points.,13~32
163,5,NONE,['CAMERA_3'],"{'CAMERA_1': [], 'CAMERA_2': [], 'CAMERA_3': ['settings', 'autofocus_points']}",C_THANK_YOU,CAMERA_3,NONE,thank you for your help,S_THANK_YOU,CAMERA_3,NONE,thank you very much,
163,6,NONE,['CAMERA_3'],"{'CAMERA_1': [], 'CAMERA_2': [], 'CAMERA_3': ['settings', 'autofocus_points']}",C_LEAVES,DOOR,NONE,,S_RETURNS_TO_COUNTER,SERVICE_COUNTER,NONE,,
164,1,NONE,[],"{'CAMERA_1': [], 'CAMERA_2': [], 'CAMERA_3': []}",C_ENTERS,DOOR,NONE,,S_NONE,SERVICE_COUNTER,NONE,,
164,2,NONE,[],"{'CAMERA_1': [], 'CAMERA_2': [], 'CAMERA_3': []}",C_WALKS_TO_CAMERA,CAMERA_3,NONE,,S_GREETS,CAMERA_3,NONE,can I help you?,
164,3,CAMERA_2,['CAMERA_2'],"{'CAMERA_1': [], 'CAMERA_2': [], 'CAMERA_3': []}",C_LOOKING_FOR_A_CAMERA,CAMERA_3,NONE,I'm looking for a camera,S_INTRODUCES_CAMERA,CAMERA_2,,Let me show you this. Here we have the Sony Alpha a6000.,39~55
164,4,CAMERA_2,['CAMERA_2'],"{'CAMERA_1': [], 'CAMERA_2': ['long_exposure'], 'CAMERA_3': []}",C_QUESTION_ABOUT_FEATURE,CAMERA_2,long_exposure,can it take long exposure shots,S_ANSWERS_QUESTION_ABOUT_FEATURE,CAMERA_2,long_exposure,This one can take long exposures up to up to 30 seconds.,39~55
164,5,CAMERA_2,['CAMERA_2'],"{'CAMERA_1': [], 'CAMERA_2': ['long_exposure', 'preset_modes'], 'CAMERA_3': []}",C_QUESTION_ABOUT_FEATURE,CAMERA_2,preset_modes,does it have preset modes,S_ANSWERS_QUESTION_ABOUT_FEATURE,CAMERA_2,preset_modes,"This one has 9 preset modes (e.g. beach, snow, night, portrait).",13~63
164,6,NONE,['CAMERA_2'],"{'CAMERA_1': [], 'CAMERA_2': ['long_exposure', 'preset_modes'], 'CAMERA_3': []}",C_THANK_YOU,CAMERA_2,NONE,thank you for your help,S_THANK_YOU,CAMERA_2,NONE,thank you very much,
164,7,NONE,['CAMERA_2'],"{'CAMERA_1': [], 'CAMERA_2': ['long_exposure', 'preset_modes'], 'CAMERA_3': []}",C_LEAVES,DOOR,NONE,,S_RETURNS_TO_COUNTER,SERVICE_COUNTER,NONE,,
165,1,NONE,[],"{'CAMERA_1': [], 'CAMERA_2': [], 'CAMERA_3': []}",C_ENTERS,DOOR,NONE,,S_NONE,SERVICE_COUNTER,NONE,,
165,2,NONE,[],"{'CAMERA_1': [], 'CAMERA_2': [], 'CAMERA_3': []}",C_GREETS,MIDDLE,NONE,hello,S_GREETS,MIDDLE,NONE,can I help you?,
165,3,CAMERA_3,['CAMERA_3'],"{'CAMERA_1': [], 'CAMERA_2': [], 'CAMERA_3': []}",C_LOOKING_FOR_A_CAMERA,MIDDLE,NONE,I'm looking for a camera,S_INTRODUCES_CAMERA,CAMERA_3,,Let me show you this. Here we have the Canon EOS 5D Mark III.,39~60
165,4,CAMERA_3,['CAMERA_3'],"{'CAMERA_1': [], 'CAMERA_2': [], 'CAMERA_3': ['autofocus_points']}",C_SILENT_OR_BACKCHANNEL,CAMERA_3,NONE,okay,S_INTRODUCES_FEATURE,CAMERA_3,autofocus_points,This one has 61 autofocus points.,13~32
165,5,CAMERA_3,['CAMERA_3'],"{'CAMERA_1': [], 'CAMERA_2': [], 'CAMERA_3': ['autofocus_points', 'effects']}",C_QUESTION_ABOUT_FEATURE,CAMERA_3,effects,does it have any effect modes,S_NOT_SURE,CAMERA_3,,I'm not really sure about that,
165,6,CAMERA_3,['CAMERA_3'],"{'CAMERA_1': [], 'CAMERA_2': [], 'CAMERA_3': ['autofocus_points', 'effects', 'weight']}",C_QUESTION_ABOUT_FEATURE,CAMERA_3,weight,how much does this one weigh,S_ANSWERS_QUESTION_ABOUT_FEATURE,CAMERA_3,weight,This one weighs 950 grams (only body).,16~37
165,7,CAMERA_3,['CAMERA_3'],"{'CAMERA_1': [], 'CAMERA_2': [], 'CAMERA_3': ['autofocus_points', 'effects', 'weight', 'sensor_size']}",C_QUESTION_ABOUT_FEATURE,CAMERA_3,sensor_size,what is the sensor size,S_ANSWERS_QUESTION_ABOUT_FEATURE,CAMERA_3,sensor_size,This one has a full frame.,15~25
165,8,CAMERA_1,"['CAMERA_3', 'CAMERA_1']","{'CAMERA_1': [], 'CAMERA_2': [], 'CAMERA_3': ['autofocus_points', 'effects', 'weight', 'sensor_size']}",C_ANYTHING_ELSE_AVAILABLE,CAMERA_3,NONE,ok do you have any other cameras,S_INTRODUCES_CAMERA,CAMERA_1,,Let me show you this. Here we have the Nikon Coolpix S2800.,39~58
165,9,CAMERA_1,"['CAMERA_3', 'CAMERA_1']","{'CAMERA_1': ['resolution'], 'CAMERA_2': [], 'CAMERA_3': ['autofocus_points', 'effects', 'weight', 'sensor_size']}",C_QUESTION_ABOUT_FEATURE,CAMERA_1,resolution,what is the resolution,S_ANSWERS_QUESTION_ABOUT_FEATURE,CAMERA_1,resolution,This one has 20.1 megapixels resolution.,13~28
165,10,CAMERA_1,"['CAMERA_3', 'CAMERA_1']","{'CAMERA_1': ['resolution', 'color'], 'CAMERA_2': [], 'CAMERA_3': ['autofocus_points', 'effects', 'weight', 'sensor_size']}",C_QUESTION_ABOUT_FEATURE,CAMERA_1,color,what colors does this one come in,S_ANSWERS_QUESTION_ABOUT_FEATURE,CAMERA_1,color,"This one comes in purple, pink, black, silver, red.",18~50
165,11,CAMERA_1,"['CAMERA_3', 'CAMERA_1']","{'CAMERA_1': ['resolution', 'color', 'preset_modes'], 'CAMERA_2': [], 'CAMERA_3': ['autofocus_points', 'effects', 'weight', 'sensor_size']}",C_QUESTION_ABOUT_FEATURE,CAMERA_1,preset_modes,does it have preset modes,S_ANSWERS_QUESTION_ABOUT_FEATURE,CAMERA_1,preset_modes,"This one has 18 preset modes (e.g. beach, snow, night portrait).",13~63
165,12,CAMERA_1,"['CAMERA_3', 'CAMERA_1']","{'CAMERA_1': ['resolution', 'color', 'preset_modes', 'optical_zoom'], 'CAMERA_2': [], 'CAMERA_3': ['autofocus_points', 'effects', 'weight', 'sensor_size']}",C_QUESTION_ABOUT_FEATURE,CAMERA_1,optical_zoom,does it have optical zoom,S_ANSWERS_QUESTION_ABOUT_FEATURE,CAMERA_1,optical_zoom,This one has 5x optical zoom.,13~28
165,13,CAMERA_1,"['CAMERA_3', 'CAMERA_1']","{'CAMERA_1': ['resolution', 'color', 'preset_modes', 'optical_zoom', 'price'], 'CAMERA_2': [], 'CAMERA_3': ['autofocus_points', 'effects', 'weight', 'sensor_size']}",C_QUESTION_ABOUT_FEATURE,CAMERA_1,price,how much does it cost,S_ANSWERS_QUESTION_ABOUT_FEATURE,CAMERA_1,price,This one costs $2173.,15~20
165,14,CAMERA_2,"['CAMERA_3', 'CAMERA_1', 'CAMERA_2']","{'CAMERA_1': ['resolution', 'color', 'preset_modes', 'optical_zoom', 'price'], 'CAMERA_2': [], 'CAMERA_3': ['autofocus_points', 'effects', 'weight', 'sensor_size']}",C_ANYTHING_ELSE_AVAILABLE,CAMERA_1,NONE,ok do you have any other cameras,S_INTRODUCES_CAMERA,CAMERA_2,,Let me show you this. Here we have the Sony Alpha a6000.,39~55
165,15,CAMERA_2,"['CAMERA_3', 'CAMERA_1', 'CAMERA_2']","{'CAMERA_1': ['resolution', 'color', 'preset_modes', 'optical_zoom', 'price'], 'CAMERA_2': ['optical_zoom'], 'CAMERA_3': ['autofocus_points', 'effects', 'weight', 'sensor_size']}",C_QUESTION_ABOUT_FEATURE,CAMERA_2,optical_zoom,does it have optical zoom,S_NOT_SURE,CAMERA_2,,I'm not really sure about that,
165,16,CAMERA_2,"['CAMERA_3', 'CAMERA_1', 'CAMERA_2']","{'CAMERA_1': ['resolution', 'color', 'preset_modes', 'optical_zoom', 'price'], 'CAMERA_2': ['optical_zoom', 'effects'], 'CAMERA_3': ['autofocus_points', 'effects', 'weight', 'sensor_size']}",C_SILENT_OR_BACKCHANNEL,CAMERA_2,NONE,I see,S_INTRODUCES_FEATURE,CAMERA_2,effects,"This one has 13 artistic effect modes (e.g. toy camera, soft focus).",13~67
165,17,CAMERA_2,"['CAMERA_3', 'CAMERA_1', 'CAMERA_2']","{'CAMERA_1': ['resolution', 'color', 'preset_modes', 'optical_zoom', 'price'], 'CAMERA_2': ['optical_zoom', 'effects', 'long_exposure'], 'CAMERA_3': ['autofocus_points', 'effects', 'weight', 'sensor_size']}",C_QUESTION_ABOUT_FEATURE,CAMERA_2,long_exposure,can it take long exposure shots,S_ANSWERS_QUESTION_ABOUT_FEATURE,CAMERA_2,long_exposure,This one can take long exposures up to up to 30 seconds.,39~55
165,18,CAMERA_2,"['CAMERA_3', 'CAMERA_1', 'CAMERA_2']","{'CAMERA_1': ['resolution', 'color', 'preset_modes', 'optical_zoom', 'price'], 'CAMERA_2': ['optical_zoom', 'effects', 'long_exposure', 'autofocus_points'], 'CAMERA_3': ['autofocus_points', 'effects', 'weight', 'sensor_size']}",C_SILENT_OR_BACKCHANNEL,CAMERA_2,NONE,okay,S_INTRODUCES_FEATURE,CAMERA_2,autofocus_points,This one has 179 autofocus points.,13~33
165,19,NONE,"['CAMERA_3', 'CAMERA_1', 'CAMERA_2']","{'CAMERA_1': ['resolution', 'color', 'preset_modes', 'optical_zoom', 'price'], 'CAMERA_2': ['optical_zoom', 'effects', 'long_exposure', 'autofocus_points'], 'CAMERA_3': ['autofocus_points', 'effects', 'weight', 'sensor_size']}",C_THANK_YOU,CAMERA_2,NONE,thank you for your help,S_THANK_YOU,CAMERA_2,NONE,thank you very much,
165,20,NONE,"['CAMERA_3', 'CAMERA_1', 'CAMERA_2']","{'CAMERA_1': ['resolution', 'color', 'preset_modes', 'optical_zoom', 'price'], 'CAMERA_2': ['optical_zoom', 'effects', 'long_exposure', 'autofocus_points'], 'CAMERA_3': ['autofocus_points', 'effects', 'weight', 'sensor_size']}",C_LEAVES,DOOR,NONE,,S_RETURNS_TO_COUNTER,SERVICE_COUNTER,NONE,,
166,1,NONE,[],"{'CAMERA_1': [], 'CAMERA_2': [], 'CAMERA_3': []}",C_ENTERS,DOOR,NONE,,S_NONE,SERVICE_COUNTER,NONE,,
166,2,NONE,[],"{'CAMERA_1': [], 'CAMERA_2': [], 'CAMERA_3': []}",C_GREETS,MIDDLE,NONE,hello,S_GREETS,MIDDLE,NONE,can I help you?,
166,3,CAMERA_1,['CAMERA_1'],"{'CAMERA_1': [], 'CAMERA_2': [], 'CAMERA_3': []}",C_LOOKING_FOR_A_CAMERA,MIDDLE,NONE,I'm looking for a camera,S_INTRODUCES_CAMERA,CAMERA_1,,Let me show you this. Here we have the Nikon Coolpix S2800.,39~58
166,4,CAMERA_1,['CAMERA_1'],"{'CAMERA_1': ['sensor_size'], 'CAMERA_2': [], 'CAMERA_3': []}",C_QUESTION_ABOUT_FEATURE,CAMERA_1,sensor_size,what is the sensor size,S_NOT_SURE,CAMERA_1,,I'm not really sure about that,
166,5,CAMERA_2,"['CAMERA_1', 'CAMERA_2']","{'CAMERA_1': ['sensor_size'], 'CAMERA_2': [], 'CAMERA_3': []}",C_ANYTHING_ELSE_AVAILABLE,CAMERA_1,NONE,ok do you have any other cameras,S_INTRODUCES_CAMERA,CAMERA_2,,Let me show you this. Here we have the Sony Alpha a6000.,39~55
166,6,CAMERA_2,"['CAMERA_1', 'CAMERA_2']","{'CAMERA_1': ['sensor_size'], 'CAMERA_2': ['preset_modes'], 'CAMERA_3': []}",C_QUESTION_ABOUT_FEATURE,CAMERA_2,preset_modes,does it have preset modes,S_ANSWERS_QUESTION_ABOUT_FEATURE,CAMERA_2,preset_modes,"This one has 9 preset modes (e.g. beach, snow, night, portrait).",13~63
166,7,CAMERA_2,"['CAMERA_1', 'CAMERA_2']","{'CAMERA_1': ['sensor_size'], 'CAMERA_2': ['preset_modes', 'effects'], 'CAMERA_3': []}",C_SILENT_OR_BACKCHANNEL,CAMERA_2,NONE,I see,S_INTRODUCES_FEATURE,CAMERA_2,effects,"This one has 13 artistic effect modes (e.g. toy camera, soft focus).",13~67
166,8,CAMERA_2,"['CAMERA_1', 'CAMERA_2']","{'CAMERA_1': ['sensor_size'], 'CAMERA_2': ['preset_modes', 'effects', 'long_exposure'], 'CAMERA_3': []}",C_QUESTION_ABOUT_FEATURE,CAMERA_2,long_exposure,can it take long exposure shots,S_ANSWERS_QUESTION_ABOUT_FEATURE,CAMERA_2,long_exposure,This one can take long exposures up to up to 30 seconds.,39~55
166,9,CAMERA_2,"['CAMERA_1', 'CAMERA_2']","{'CAMERA_1': ['sensor_size'], 'CAMERA_2': ['preset_modes', 'effects', 'long_exposure', 'weight'], 'CAMERA_3': []}",C_QUESTION_ABOUT_FEATURE,CAMERA_2,weight,how much does this one weigh,S_ANSWERS_QUESTION_ABOUT_FEATURE,CAMERA_2,weight,This one weighs 470 grams.,16~25
166,10,CAMERA_2,"['CAMERA_1', 'CAMERA_2']","{'CAMERA_1': ['sensor_size'], 'CAMERA_2': ['preset_modes', 'effects', 'long_exposure', 'weight', 'color'], 'CAMERA_3': []}",C_QUESTION_ABOUT_FEATURE,CAMERA_2,color,what colors does this one come in,S_ANSWERS_QUESTION_ABOUT_FEATURE,CAMERA_2,color,"This one comes in white, silver, black.",18~38
166,11,NONE,"['CAMERA_1', 'CAMERA_2']","{'CAMERA_1': ['sensor_size'], 'CAMERA_2': ['preset_modes', 'effects', 'long_exposure', 'weight', 'color'], 'CAMERA_3': []}",C_THANK_YOU,CAMERA_2,NONE,thank you for your help,S_THANK_YOU,CAMERA_2,NONE,thank you very much,
166,12,NONE,"['CAMERA_1', 'CAMERA_2']","{'CAMERA_1': ['sensor_size'], 'CAMERA_2': ['preset_modes', 'effects', 'long_exposure', 'weight', 'color'], 'CAMERA_3': []}",C_LEAVES,DOOR,NONE,,S_RETURNS_TO_COUNTER,SERVICE_COUNTER,NONE,,
167,1,NONE,[],"{'CAMERA_1': [], 'CAMERA_2': [], 'CAMERA_3': []}",C_ENTERS,DOOR,NONE,,S_NONE,SERVICE_COUNTER,NONE,,
167,2,NONE,[],"{'CAMERA_1': [], 'CAMERA_2': [], 'CAMERA_3': []}",C_WALKS_TO_CAMERA,CAMERA_1,NONE,,S_GREETS,CAMERA_1,NONE,can I help you?,
167,3,CAMERA_2,['CAMERA_2'],"{'CAMERA_1': [], 'CAMERA_2': [], 'CAMERA_3': []}",C_LOOKING_FOR_A_CAMERA,CAMERA_1,NONE,I'm looking for a camera,S_INTRODUCES_CAMERA,CAMERA_2,,Let me show you this. Here we have the Sony Alpha a6000.,39~55
167,4,CAMERA_2,['CAMERA_2'],"{'CAMERA_1': [], 'CAMERA_2': ['color'], 'CAMERA_3': []}",C_QUESTION_ABOUT_FEATURE,CAMERA_2,color,what colors does this one come in,S_ANSWERS_QUESTION_ABOUT_FEATURE,CAMERA_2,color,"This one comes in white, silver, black.",18~38
167,5,NONE,['CAMERA_2'],"{'CAMERA_1': [], 'CAMERA_2': ['color'], 'CAMERA_3': []}",C_THANK_YOU,CAMERA_2,NONE,thank you for your help,S_THANK_YOU,CAMERA_2,NONE,thank you very much,
167,6,NONE,['CAMERA_2'],"{'CAMERA_1': [], 'CAMERA_2': ['color'], 'CAMERA_3': []}",C_LEAVES,DOOR,NONE,,S_RETURNS_TO_COUNTER,SERVICE_COUNTER,NONE,,
168,1,NONE,[],"{'CAMERA_1': [], 'CAMERA_2': [], 'CAMERA_3': []}",C_ENTERS,DOOR,NONE,,S_NONE,SERVICE_COUNTER,NONE,,
168,2,NONE,[],"{'CAMERA_1': [], 'CAMERA_2': [], 'CAMERA_3': []}",C_GREETS,MIDDLE,NONE,hello,S_GREETS,MIDDLE,NONE,can I help you?,
168,3,CAMERA_1,['CAMERA_1'],"{'CAMERA_1': [], 'CAMERA_2': [], 'CAMERA_3': []}",C_LOOKING_FOR_A_CAMERA,MIDDLE,NONE,I'm looking for a camera,S_INTRODUCES_CAMERA,CAMERA_1,,Let me show you this. Here we have the Nikon Coolpix S2800.,39~58
168,4,CAMERA_1,['CAMERA_1'],"{'CAMERA_1': ['weight'], 'CAMERA_2': [], 'CAMERA_3': []}",C_SILENT_OR_BACKCHANNEL,CAMERA_1,NONE,alright,S_INTRODUCES_FEATURE,CAMERA_1,weight,This one weighs 120 grams.,16~25
168,5,CAMERA_3,"['CAMERA_1', 'CAMERA_3']","{'CAMERA_1': ['weight'], 'CAMERA_2': [], 'CAMERA_3': []}",C_ANYTHING_ELSE_AVAILABLE,CAMERA_1,NONE,ok do you have any other cameras,S_INTRODUCES_CAMERA,CAMERA_3,,Let me show you this. Here we have the Canon EOS 5D Mark III.,39~60
168,6,CAMERA_3,"['CAMERA_1', 'CAMERA_3']","{'CAMERA_1': ['weight'], 'CAMERA_2': [], 'CAMERA_3': ['resolution']}",C_QUESTION_ABOUT_FEATURE,CAMERA_3,resolution,what is the resolution,S_NOT_SURE,CAMERA_3,,I'm not really sure about that,
168,7,CAMERA_3,"['CAMERA_1', 'CAMERA_3']","{'CAMERA_1': ['weight'], 'CAMERA_2': [], 'CAMERA_3': ['resolution', 'color']}",C_SILENT_OR_BACKCHANNEL,CAMERA_3,NONE,alright,S_INTRODUCES_FEATURE,CAMERA_3,color,This one comes in black.,18~23
168,8,CAMERA_3,"['CAMERA_1', 'CAMERA_3']","{'CAMERA_1': ['weight'], 'CAMERA_2': [], 'CAMERA_3': ['resolution', 'color', 'long_exposure']}",C_QUESTION_ABOUT_FEATURE,CAMERA_3,long_exposure,can it take long exposure shots,S_ANSWERS_QUESTION_ABOUT_FEATURE,CAMERA_3,long_exposure,"This one can take long exposures up to up to 30 seconds, bulb mode: expose as long as you want.",39~94
168,9,CAMERA_2,"['CAMERA_1', 'CAMERA_3', 'CAMERA_2']","{'CAMERA_1': ['weight'], 'CAMERA_2': [], 'CAMERA_3': ['resolution', 'color', 'long_exposure']}",C_ANYTHING_ELSE_AVAILABLE,CAMERA_3,NONE,ok do you have any other cameras,S_INTRODUCES_CAMERA,CAMERA_2,,Let me show you this. Here we have the Sony Alpha a6000.,39~55
168,10,CAMERA_2,"['CAMERA_1', 'CAMERA_3', 'CAMERA_2']","{'CAMERA_1': ['weight'], 'CAMERA_2': ['settings'], 'CAMERA_3': ['resolution', 'color', 'long_exposure']}",C_QUESTION_ABOUT_FEATURE,CAMERA_2,settings,what kind of settings does it have,S_ANSWERS_QUESTION_ABOUT_FEATURE,CAMERA_2,settings,This one has full manual control.,13~32
168,11,CAMERA_2,"['CAMERA_1', 'CAMERA_3', 'CAMERA_2']","{'CAMERA_1': ['weight'], 'CAMERA_2': ['settings', 'camera_type'], 'CAMERA_3': ['resolution', 'color', 'long_exposure']}",C_QUESTION_ABOUT_FEATURE,CAMERA_2,camera_type,what kind of camera is this,S_ANSWERS_QUESTION_ABOUT_FEATURE,CAMERA_2,camera_type,This is a mirrorless camera.,10~20
168,12,CAMERA_2,"['CAMERA_1', 'CAMERA_3', 'CAMERA_2']","{'CAMERA_1': ['weight'], 'CAMERA_2': ['settings', 'camera_type', 'ISO'], 'CAMERA_3': ['resolution', 'color', 'long_exposure']}",C_SILENT_OR_BACKCHANNEL,CAMERA_2,NONE,okay,S_INTRODUCES_FEATURE,CAMERA_2,ISO,This one has up to 3200 ISO with little noise.,13~45
168,13,CAMERA_2,"['CAMERA_1', 'CAMERA_3', 'CAMERA_2']","{'CAMERA_1': ['weight'], 'CAMERA_2': ['settings', 'camera_type', 'ISO', 'color'], 'CAMERA_3': ['resolution', 'color', 'long_exposure']}",C_SILENT_OR_BACKCHANNEL,CAMERA_2,NONE,alright,S_INTRODUCES_FEATURE,CAMERA_2,color,"This one comes in white, silver, black.",18~38
168,14,,"['CAMERA_1', 'CAMERA_3', 'CAMERA_2']","{'CAMERA_1': ['weight'], 'CAMERA_2': ['settings', 'camera_type', 'ISO', 'color'], 'CAMERA_3': ['resolution', 'color', 'long_exposure']}",C_ANYTHING_ELSE_AVAILABLE,CAMERA_2,NONE,ok do you have any other cameras,S_THATS_ALL_WE_HAVE_AVAILABLE,CAMERA_2,,That’s all we have available at the moment.,
168,15,NONE,"['CAMERA_1', 'CAMERA_3', 'CAMERA_2']","{'CAMERA_1': ['weight'], 'CAMERA_2': ['settings', 'camera_type', 'ISO', 'color'], 'CAMERA_3': ['resolution', 'color', 'long_exposure']}",C_THANK_YOU,CAMERA_2,NONE,thank you for your help,S_THANK_YOU,CAMERA_2,NONE,thank you very much,
168,16,NONE,"['CAMERA_1', 'CAMERA_3', 'CAMERA_2']","{'CAMERA_1': ['weight'], 'CAMERA_2': ['settings', 'camera_type', 'ISO', 'color'], 'CAMERA_3': ['resolution', 'color', 'long_exposure']}",C_LEAVES,DOOR,NONE,,S_RETURNS_TO_COUNTER,SERVICE_COUNTER,NONE,,
169,1,NONE,[],"{'CAMERA_1': [], 'CAMERA_2': [], 'CAMERA_3': []}",C_ENTERS,DOOR,NONE,,S_NONE,SERVICE_COUNTER,NONE,,
169,2,NONE,[],"{'CAMERA_1': [], 'CAMERA_2': [], 'CAMERA_3': []}",C_GREETS,MIDDLE,NONE,hello,S_GREETS,MIDDLE,NONE,can I help you?,
169,3,CAMERA_1,['CAMERA_1'],"{'CAMERA_1': [], 'CAMERA_2': [], 'CAMERA_3': []}",C_LOOKING_FOR_A_CAMERA,MIDDLE,NONE,I'm looking for a camera,S_INTRODUCES_CAMERA,CAMERA_1,,Let me show you this. Here we have the Nikon Coolpix S2800.,39~58
169,4,CAMERA_1,['CAMERA_1'],"{'CAMERA_1': ['color'], 'CAMERA_2': [], 'CAMERA_3': []}",C_QUESTION_ABOUT_FEATURE,CAMERA_1,color,what colors does this one come in,S_ANSWERS_QUESTION_ABOUT_FEATURE,CAMERA_1,color,"This one comes in purple, pink, black, silver, red.",18~50
169,5,CAMERA_1,['CAMERA_1'],"{'CAMERA_1': ['color', 'autofocus_points'], 'CAMERA_2': [], 'CAMERA_3': []}",C_QUESTION_ABOUT_FEATURE,CAMERA_1,autofocus_points,how many autofocus points does it have,S_NOT_SURE,CAMERA_1,,I'm not really sure about that,
169,6,CAMERA_2,"['CAMERA_1', 'CAMERA_2']","{'CAMERA_1': ['color', 'autofocus_points'], 'CAMERA_2': [], 'CAMERA_3': []}",C_ANYTHING_ELSE_AVAILABLE,CAMERA_1,NONE,ok do you have any other cameras,S_INTRODUCES_CAMERA,CAMERA_2,,Let me show you this. Here we have the Sony Alpha a6000.,39~55
169,7,CAMERA_2,"['CAMERA_1', 'CAMERA_2']","{'CAMERA_1': ['color', 'autofocus_points'], 'CAMERA_2': ['weight'], 'CAMERA_3': []}",C_SILENT_OR_BACKCHANNEL,CAMERA_2,NONE,alright,S_INTRODUCES_FEATURE,CAMERA_2,weight,This one weighs 470 grams.,16~25
169,8,CAMERA_2,"['CAMERA_1', 'CAMERA_2']","{'CAMERA_1': ['color', 'autofocus_points'], 'CAMERA_2': ['weight', 'price'], 'CAMERA_3': []}",C_QUESTION_ABOUT_FEATURE,CAMERA_2,price,how much does it cost,S_ANSWERS_QUESTION_ABOUT_FEATURE,CAMERA_2,price,This one costs $1341.,15~20
169,9,CAMERA_2,"['CAMERA_1', 'CAMERA_2']","{'CAMERA_1': ['color', 'autofocus_points'], 'CAMERA_2': ['weight', 'price', 'autofocus_points'], 'CAMERA_3': []}",C_QUESTION_ABOUT_FEATURE,CAMERA_2,autofocus_points,how many autofocus points does it have,S_ANSWERS_QUESTION_ABOUT_FEATURE,CAMERA_2,autofocus_points,This one has 179 autofocus points.,13~33
169,10,NONE,"['CAMERA_1', 'CAMERA_2']","{'CAMERA_1': ['color', 'autofocus_points'], 'CAMERA_2': ['weight', 'price', 'autofocus_points'], 'CAMERA_3': []}",C_THANK_YOU,CAMERA_2,NONE,thank you for your help,S_THANK_YOU,CAMERA_2,NONE,thank you very much,
169,11,NONE,"['CAMERA_1', 'CAMERA_2']","{'CAMERA_1': ['color', 'autofocus_points'], 'CAMERA_2': ['weight', 'price', 'autofocus_points'], 'CAMERA_3': []}",C_LEAVES,DOOR,NONE,,S_RETURNS_TO_COUNTER,SERVICE_COUNTER,NONE,,
170,1,NONE,[],"{'CAMERA_1': [], 'CAMERA_2': [], 'CAMERA_3': []}",C_ENTERS,DOOR,NONE,,S_NONE,SERVICE_COUNTER,NONE,,
170,2,NONE,[],"{'CAMERA_1': [], 'CAMERA_2': [], 'CAMERA_3': []}",C_WALKS_TO_CAMERA,CAMERA_3,NONE,,S_NONE,SERVICE_COUNTER,NONE,,
170,3,CAMERA_3,['CAMERA_3'],"{'CAMERA_1': [], 'CAMERA_2': [], 'CAMERA_3': ['settings']}",C_QUESTION_ABOUT_FEATURE,CAMERA_3,settings,what kind of settings does it have,S_ANSWERS_QUESTION_ABOUT_FEATURE,CAMERA_3,settings,This one has full manual control.,13~32
170,4,CAMERA_3,['CAMERA_3'],"{'CAMERA_1': [], 'CAMERA_2': [], 'CAMERA_3': ['settings', 'price']}",C_SILENT_OR_BACKCHANNEL,CAMERA_3,NONE,I see,S_INTRODUCES_FEATURE,CAMERA_3,price,This one costs $3706.,15~20
170,5,CAMERA_3,['CAMERA_3'],"{'CAMERA_1': [], 'CAMERA_2': [], 'CAMERA_3': ['settings', 'price', 'long_exposure']}",C_SILENT_OR_BACKCHANNEL,CAMERA_3,NONE,okay,S_INTRODUCES_FEATURE,CAMERA_3,long_exposure,"This one can take long exposures up to up to 30 seconds, bulb mode: expose as long as you want.",39~94
170,6,NONE,['CAMERA_3'],"{'CAMERA_1': [], 'CAMERA_2': [], 'CAMERA_3': ['settings', 'price', 'long_exposure']}",C_THANK_YOU,CAMERA_3,NONE,thank you for your help,S_THANK_YOU,CAMERA_3,NONE,thank you very much,
170,7,NONE,['CAMERA_3'],"{'CAMERA_1': [], 'CAMERA_2': [], 'CAMERA_3': ['settings', 'price', 'long_exposure']}",C_LEAVES,DOOR,NONE,,S_RETURNS_TO_COUNTER,SERVICE_COUNTER,NONE,,
171,1,NONE,[],"{'CAMERA_1': [], 'CAMERA_2': [], 'CAMERA_3': []}",C_ENTERS,DOOR,NONE,,S_NONE,SERVICE_COUNTER,NONE,,
171,2,NONE,[],"{'CAMERA_1': [], 'CAMERA_2': [], 'CAMERA_3': []}",C_WALKS_TO_CAMERA,CAMERA_1,NONE,,S_GREETS,CAMERA_1,NONE,can I help you?,
171,3,CAMERA_3,['CAMERA_3'],"{'CAMERA_1': [], 'CAMERA_2': [], 'CAMERA_3': []}",C_LOOKING_FOR_A_CAMERA,CAMERA_1,NONE,I'm looking for a camera,S_INTRODUCES_CAMERA,CAMERA_3,,Let me show you this. Here we have the Canon EOS 5D Mark III.,39~60
171,4,CAMERA_3,['CAMERA_3'],"{'CAMERA_1': [], 'CAMERA_2': [], 'CAMERA_3': ['long_exposure']}",C_SILENT_OR_BACKCHANNEL,CAMERA_3,NONE,I see,S_INTRODUCES_FEATURE,CAMERA_3,long_exposure,"This one can take long exposures up to up to 30 seconds, bulb mode: expose as long as you want.",39~94
171,5,CAMERA_3,['CAMERA_3'],"{'CAMERA_1': [], 'CAMERA_2': [], 'CAMERA_3': ['long_exposure', 'camera_type']}",C_SILENT_OR_BACKCHANNEL,CAMERA_3,NONE,okay,S_INTRODUCES_FEATURE,CAMERA_3,camera_type,This is a DSLR camera.,10~14
171,6,CAMERA_3,['CAMERA_3'],"{'CAMERA_1': [], 'CAMERA_2': [], 'CAMERA_3': ['long_exposure', 'camera_type', 'optical_zoom']}",C_QUESTION_ABOUT_FEATURE,CAMERA_3,optical_zoom,does it have optical zoom,S_NOT_SURE,CAMERA_3,,I'm not really sure about that,
171,7,CAMERA_3,['CAMERA_3'],"{'CAMERA_1': [], 'CAMERA_2': [], 'CAMERA_3': ['long_exposure', 'camera_type', 'optical_zoom', 'preset_modes']}",C_QUESTION_ABOUT_FEATURE,CAMERA_3,preset_modes,does it have preset modes,S_NOT_SURE,CAMERA_3,,I'm not really sure about that,
171,8,CAMERA_3,['CAMERA_3'],"{'CAMERA_1': [], 'CAMERA_2': [], 'CAMERA_3': ['long_exposure', 'camera_type', 'optical_zoom', 'preset_modes', 'autofocus_points']}",C_QUESTION_ABOUT_FEATURE,CAMERA_3,autofocus_points,how many autofocus points does it have,S_ANSWERS_QUESTION_ABOUT_FEATURE,CAMERA_3,autofocus_points,This one has 61 autofocus points.,13~32
171,9,NONE,['CAMERA_3'],"{'CAMERA_1': [], 'CAMERA_2': [], 'CAMERA_3': ['long_exposure', 'camera_type', 'optical_zoom', 'preset_modes', 'autofocus_points']}",C_THANK_YOU,CAMERA_3,NONE,thank you for your help,S_THANK_YOU,CAMERA_3,NONE,thank you very much,
171,10,NONE,['CAMERA_3'],"{'CAMERA_1': [], 'CAMERA_2': [], 'CAMERA_3': ['long_exposure', 'camera_type', 'optical_zoom', 'preset_modes', 'autofocus_points']}",C_LEAVES,DOOR,NONE,,S_RETURNS_TO_COUNTER,SERVICE_COUNTER,NONE,,
172,1,NONE,[],"{'CAMERA_1': [], 'CAMERA_2': [], 'CAMERA_3': []}",C_ENTERS,DOOR,NONE,,S_NONE,SERVICE_COUNTER,NONE,,
172,2,NONE,[],"{'CAMERA_1': [], 'CAMERA_2': [], 'CAMERA_3': []}",C_GREETS,MIDDLE,NONE,hello,S_GREETS,MIDDLE,NONE,can I help you?,
172,3,CAMERA_3,['CAMERA_3'],"{'CAMERA_1': [], 'CAMERA_2': [], 'CAMERA_3': []}",C_LOOKING_FOR_A_CAMERA,MIDDLE,NONE,I'm looking for a camera,S_INTRODUCES_CAMERA,CAMERA_3,,Let me show you this. Here we have the Canon EOS 5D Mark III.,39~60
172,4,CAMERA_3,['CAMERA_3'],"{'CAMERA_1': [], 'CAMERA_2': [], 'CAMERA_3': ['autofocus_points']}",C_QUESTION_ABOUT_FEATURE,CAMERA_3,autofocus_points,how many autofocus points does it have,S_ANSWERS_QUESTION_ABOUT_FEATURE,CAMERA_3,autofocus_points,This one has 61 autofocus points.,13~32
172,5,CAMERA_3,['CAMERA_3'],"{'CAMERA_1': [], 'CAMERA_2': [], 'CAMERA_3': ['autofocus_points', 'sensor_size']}",C_QUESTION_ABOUT_FEATURE,CAMERA_3,sensor_size,what is the sensor size,S_ANSWERS_QUESTION_ABOUT_FEATURE,CAMERA_3,sensor_size,This one has a full frame.,15~25
172,6,CAMERA_3,['CAMERA_3'],"{'CAMERA_1': [], 'CAMERA_2': [], 'CAMERA_3': ['autofocus_points', 'sensor_size', 'color']}",C_SILENT_OR_BACKCHANNEL,CAMERA_3,NONE,okay,S_INTRODUCES_FEATURE,CAMERA_3,color,This one comes in black.,18~23
172,7,NONE,['CAMERA_3'],"{'CAMERA_1': [], 'CAMERA_2': [], 'CAMERA_3': ['autofocus_points', 'sensor_size', 'color']}",C_THANK_YOU,CAMERA_3,NONE,thank you for your help,S_THANK_YOU,CAMERA_3,NONE,thank you very much,
172,8,NONE,['CAMERA_3'],"{'CAMERA_1': [], 'CAMERA_2': [], 'CAMERA_3': ['autofocus_points', 'sensor_size', 'color']}",C_LEAVES,DOOR,NONE,,S_RETURNS_TO_COUNTER,SERVICE_COUNTER,NONE,,
173,1,NONE,[],"{'CAMERA_1': [], 'CAMERA_2': [], 'CAMERA_3': []}",C_ENTERS,DOOR,NONE,,S_NONE,SERVICE_COUNTER,NONE,,
173,2,NONE,[],"{'CAMERA_1': [], 'CAMERA_2': [], 'CAMERA_3': []}",C_WALKS_TO_CAMERA,CAMERA_2,NONE,,S_GREETS,CAMERA_2,NONE,can I help you?,
173,3,CAMERA_2,['CAMERA_2'],"{'CAMERA_1': [], 'CAMERA_2': [], 'CAMERA_3': []}",C_LOOKING_FOR_A_CAMERA,CAMERA_2,NONE,I'm looking for a camera,S_INTRODUCES_CAMERA,CAMERA_2,,Let me show you this. Here we have the Sony Alpha a6000.,39~55
173,4,CAMERA_2,['CAMERA_2'],"{'CAMERA_1': [], 'CAMERA_2': ['optical_zoom'], 'CAMERA_3': []}",C_QUESTION_ABOUT_FEATURE,CAMERA_2,optical_zoom,does it have optical zoom,S_NOT_SURE,CAMERA_2,,I'm not really sure about that,
173,5,CAMERA_2,['CAMERA_2'],"{'CAMERA_1': [], 'CAMERA_2': ['optical_zoom', 'preset_modes'], 'CAMERA_3': []}",C_QUESTION_ABOUT_FEATURE,CAMERA_2,preset_modes,does it have preset modes,S_ANSWERS_QUESTION_ABOUT_FEATURE,CAMERA_2,preset_modes,"This one has 9 preset modes (e.g. beach, snow, night, portrait).",13~63
173,6,CAMERA_2,['CAMERA_2'],"{'CAMERA_1': [], 'CAMERA_2': ['optical_zoom', 'preset_modes', 'price'], 'CAMERA_3': []}",C_QUESTION_ABOUT_FEATURE,CAMERA_2,price,how much does it cost,S_ANSWERS_QUESTION_ABOUT_FEATURE,CAMERA_2,price,This one costs $1341.,15~20
173,7,CAMERA_2,['CAMERA_2'],"{'CAMERA_1': [], 'CAMERA_2': ['optical_zoom', 'preset_modes', 'price', 'weight'], 'CAMERA_3': []}",C_QUESTION_ABOUT_FEATURE,CAMERA_2,weight,how much does this one weigh,S_ANSWERS_QUESTION_ABOUT_FEATURE,CAMERA_2,weight,This one weighs 470 grams.,16~25
173,8,CAMERA_3,"['CAMERA_2', 'CAMERA_3']","{'CAMERA_1': [], 'CAMERA_2': ['optical_zoom', 'preset_modes', 'price', 'weight'], 'CAMERA_3': []}",C_ANYTHING_ELSE_AVAILABLE,CAMERA_2,NONE,ok do you have any other cameras,S_INTRODUCES_CAMERA,CAMERA_3,,Let me show you this. Here we have the Canon EOS 5D Mark III.,39~60
173,9,CAMERA_3,"['CAMERA_2', 'CAMERA_3']","{'CAMERA_1': [], 'CAMERA_2': ['optical_zoom', 'preset_modes', 'price', 'weight'], 'CAMERA_3': ['autofocus_points']}",C_SILENT_OR_BACKCHANNEL,CAMERA_3,NONE,alright,S_INTRODUCES_FEATURE,CAMERA_3,autofocus_points,This one has 61 autofocus points.,13~32
173,10,CAMERA_3,"['CAMERA_2', 'CAMERA_3']","{'CAMERA_1': [], 'CAMERA_2': ['optical_zoom', 'preset_modes', 'price', 'weight'], 'CAMERA_3': ['autofocus_points', 'color']}",C_QUESTION_ABOUT_FEATURE,CAMERA_3,color,what colors does this one come in,S_ANSWERS_QUESTION_ABOUT_FEATURE,CAMERA_3,color,This one comes in black.,18~23
173,11,CAMERA_3,"['CAMERA_2', 'CAMERA_3']","{'CAMERA_1': [], 'CAMERA_2': ['optical_zoom', 'preset_modes', 'price', 'weight'], 'CAMERA_3': ['autofocus_points', 'color', 'settings']}",C_SILENT_OR_BACKCHANNEL,CAMERA_3,NONE,alright,S_INTRODUCES_FEATURE,CAMERA_3,settings,This one has full manual control.,13~32
173,12,CAMERA_3,"['CAMERA_2', 'CAMERA_3']","{'CAMERA_1': [], 'CAMERA_2': ['optical_zoom', 'preset_modes', 'price', 'weight'], 'CAMERA_3': ['autofocus_points', 'color', 'settings', 'weight']}",C_SILENT_OR_BACKCHANNEL,CAMERA_3,NONE,okay,S_INTRODUCES_FEATURE,CAMERA_3,weight,This one weighs 950 grams (only body).,16~37
173,13,CAMERA_1,"['CAMERA_2', 'CAMERA_3', 'CAMERA_1']","{'CAMERA_1': [], 'CAMERA_2': ['optical_zoom', 'preset_modes', 'price', 'weight'], 'CAMERA_3': ['autofocus_points', 'color', 'settings', 'weight']}",C_ANYTHING_ELSE_AVAILABLE,CAMERA_3,NONE,ok do you have any other cameras,S_INTRODUCES_CAMERA,CAMERA_1,,Let me show you this. Here we have the Nikon Coolpix S2800.,39~58
173,14,CAMERA_1,"['CAMERA_2', 'CAMERA_3', 'CAMERA_1']","{'CAMERA_1': ['settings'], 'CAMERA_2': ['optical_zoom', 'preset_modes', 'price', 'weight'], 'CAMERA_3': ['autofocus_points', 'color', 'settings', 'weight']}",C_QUESTION_ABOUT_FEATURE,CAMERA_1,settings,what kind of settings does it have,S_ANSWERS_QUESTION_ABOUT_FEATURE,CAMERA_1,settings,This one has limited manual settings.,13~36
173,15,,"['CAMERA_2', 'CAMERA_3', 'CAMERA_1']","{'CAMERA_1': ['settings'], 'CAMERA_2': ['optical_zoom', 'preset_modes', 'price', 'weight'], 'CAMERA_3': ['autofocus_points', 'color', 'settings', 'weight']}",C_ANYTHING_ELSE_AVAILABLE,CAMERA_1,NONE,ok do you have any other cameras,S_THATS_ALL_WE_HAVE_AVAILABLE,CAMERA_1,,That’s all we have available at the moment.,
173,16,NONE,"['CAMERA_2', 'CAMERA_3', 'CAMERA_1']","{'CAMERA_1': ['settings'], 'CAMERA_2': ['optical_zoom', 'preset_modes', 'price', 'weight'], 'CAMERA_3': ['autofocus_points', 'color', 'settings', 'weight']}",C_THANK_YOU,CAMERA_1,NONE,thank you for your help,S_THANK_YOU,CAMERA_1,NONE,thank you very much,
173,17,NONE,"['CAMERA_2', 'CAMERA_3', 'CAMERA_1']","{'CAMERA_1': ['settings'], 'CAMERA_2': ['optical_zoom', 'preset_modes', 'price', 'weight'], 'CAMERA_3': ['autofocus_points', 'color', 'settings', 'weight']}",C_LEAVES,DOOR,NONE,,S_RETURNS_TO_COUNTER,SERVICE_COUNTER,NONE,,
174,1,NONE,[],"{'CAMERA_1': [], 'CAMERA_2': [], 'CAMERA_3': []}",C_ENTERS,DOOR,NONE,,S_NONE,SERVICE_COUNTER,NONE,,
174,2,NONE,[],"{'CAMERA_1': [], 'CAMERA_2': [], 'CAMERA_3': []}",C_GREETS,MIDDLE,NONE,hello,S_GREETS,MIDDLE,NONE,can I help you?,
174,3,CAMERA_3,['CAMERA_3'],"{'CAMERA_1': [], 'CAMERA_2': [], 'CAMERA_3': []}",C_LOOKING_FOR_A_CAMERA,MIDDLE,NONE,I'm looking for a camera,S_INTRODUCES_CAMERA,CAMERA_3,,Let me show you this. Here we have the Canon EOS 5D Mark III.,39~60
174,4,CAMERA_3,['CAMERA_3'],"{'CAMERA_1': [], 'CAMERA_2': [], 'CAMERA_3': ['color']}",C_SILENT_OR_BACKCHANNEL,CAMERA_3,NONE,okay,S_INTRODUCES_FEATURE,CAMERA_3,color,This one comes in black.,18~23
174,5,CAMERA_3,['CAMERA_3'],"{'CAMERA_1': [], 'CAMERA_2': [], 'CAMERA_3': ['color', 'settings']}",C_SILENT_OR_BACKCHANNEL,CAMERA_3,NONE,alright,S_INTRODUCES_FEATURE,CAMERA_3,settings,This one has full manual control.,13~32
174,6,NONE,['CAMERA_3'],"{'CAMERA_1': [], 'CAMERA_2': [], 'CAMERA_3': ['color', 'settings']}",C_THANK_YOU,CAMERA_3,NONE,thank you for your help,S_THANK_YOU,CAMERA_3,NONE,thank you very much,
174,7,NONE,['CAMERA_3'],"{'CAMERA_1': [], 'CAMERA_2': [], 'CAMERA_3': ['color', 'settings']}",C_LEAVES,DOOR,NONE,,S_RETURNS_TO_COUNTER,SERVICE_COUNTER,NONE,,
175,1,NONE,[],"{'CAMERA_1': [], 'CAMERA_2': [], 'CAMERA_3': []}",C_ENTERS,DOOR,NONE,,S_NONE,SERVICE_COUNTER,NONE,,
175,2,NONE,[],"{'CAMERA_1': [], 'CAMERA_2': [], 'CAMERA_3': []}",C_GREETS,MIDDLE,NONE,hello,S_GREETS,MIDDLE,NONE,can I help you?,
175,3,CAMERA_3,['CAMERA_3'],"{'CAMERA_1': [], 'CAMERA_2': [], 'CAMERA_3': []}",C_LOOKING_FOR_A_CAMERA,MIDDLE,NONE,I'm looking for a camera,S_INTRODUCES_CAMERA,CAMERA_3,,Let me show you this. Here we have the Canon EOS 5D Mark III.,39~60
175,4,CAMERA_3,['CAMERA_3'],"{'CAMERA_1': [], 'CAMERA_2': [], 'CAMERA_3': ['sensor_size']}",C_SILENT_OR_BACKCHANNEL,CAMERA_3,NONE,okay,S_INTRODUCES_FEATURE,CAMERA_3,sensor_size,This one has a full frame.,15~25
175,5,CAMERA_3,['CAMERA_3'],"{'CAMERA_1': [], 'CAMERA_2': [], 'CAMERA_3': ['sensor_size', 'color']}",C_SILENT_OR_BACKCHANNEL,CAMERA_3,NONE,alright,S_INTRODUCES_FEATURE,CAMERA_3,color,This one comes in black.,18~23
175,6,CAMERA_3,['CAMERA_3'],"{'CAMERA_1': [], 'CAMERA_2': [], 'CAMERA_3': ['sensor_size', 'color', 'ISO']}",C_SILENT_OR_BACKCHANNEL,CAMERA_3,NONE,I see,S_INTRODUCES_FEATURE,CAMERA_3,ISO,This one has up to 6400 ISO with little noise.,13~45
175,7,NONE,['CAMERA_3'],"{'CAMERA_1': [], 'CAMERA_2': [], 'CAMERA_3': ['sensor_size', 'color', 'ISO']}",C_THANK_YOU,CAMERA_3,NONE,thank you for your help,S_THANK_YOU,CAMERA_3,NONE,thank you very much,
175,8,NONE,['CAMERA_3'],"{'CAMERA_1': [], 'CAMERA_2': [], 'CAMERA_3': ['sensor_size', 'color', 'ISO']}",C_LEAVES,DOOR,NONE,,S_RETURNS_TO_COUNTER,SERVICE_COUNTER,NONE,,
176,1,NONE,[],"{'CAMERA_1': [], 'CAMERA_2': [], 'CAMERA_3': []}",C_ENTERS,DOOR,NONE,,S_NONE,SERVICE_COUNTER,NONE,,
176,2,NONE,[],"{'CAMERA_1': [], 'CAMERA_2': [], 'CAMERA_3': []}",C_WALKS_TO_CAMERA,CAMERA_3,NONE,,S_GREETS,CAMERA_3,NONE,can I help you?,
176,3,CAMERA_2,['CAMERA_2'],"{'CAMERA_1': [], 'CAMERA_2': [], 'CAMERA_3': []}",C_LOOKING_FOR_A_CAMERA,CAMERA_3,NONE,I'm looking for a camera,S_INTRODUCES_CAMERA,CAMERA_2,,Let me show you this. Here we have the Sony Alpha a6000.,39~55
176,4,CAMERA_2,['CAMERA_2'],"{'CAMERA_1': [], 'CAMERA_2': ['settings'], 'CAMERA_3': []}",C_QUESTION_ABOUT_FEATURE,CAMERA_2,settings,what kind of settings does it have,S_ANSWERS_QUESTION_ABOUT_FEATURE,CAMERA_2,settings,This one has full manual control.,13~32
176,5,CAMERA_1,"['CAMERA_2', 'CAMERA_1']","{'CAMERA_1': [], 'CAMERA_2': ['settings'], 'CAMERA_3': []}",C_ANYTHING_ELSE_AVAILABLE,CAMERA_2,NONE,ok do you have any other cameras,S_INTRODUCES_CAMERA,CAMERA_1,,Let me show you this. Here we have the Nikon Coolpix S2800.,39~58
176,6,CAMERA_1,"['CAMERA_2', 'CAMERA_1']","{'CAMERA_1': ['resolution'], 'CAMERA_2': ['settings'], 'CAMERA_3': []}",C_SILENT_OR_BACKCHANNEL,CAMERA_1,NONE,I see,S_INTRODUCES_FEATURE,CAMERA_1,resolution,This one has 20.1 megapixels resolution.,13~28
176,7,NONE,"['CAMERA_2', 'CAMERA_1']","{'CAMERA_1': ['resolution'], 'CAMERA_2': ['settings'], 'CAMERA_3': []}",C_THANK_YOU,CAMERA_1,NONE,thank you for your help,S_THANK_YOU,CAMERA_1,NONE,thank you very much,
176,8,NONE,"['CAMERA_2', 'CAMERA_1']","{'CAMERA_1': ['resolution'], 'CAMERA_2': ['settings'], 'CAMERA_3': []}",C_LEAVES,DOOR,NONE,,S_RETURNS_TO_COUNTER,SERVICE_COUNTER,NONE,,
177,1,NONE,[],"{'CAMERA_1': [], 'CAMERA_2': [], 'CAMERA_3': []}",C_ENTERS,DOOR,NONE,,S_NONE,SERVICE_COUNTER,NONE,,
177,2,NONE,[],"{'CAMERA_1': [], 'CAMERA_2': [], 'CAMERA_3': []}",C_GREETS,MIDDLE,NONE,hello,S_GREETS,MIDDLE,NONE,can I help you?,
177,3,CAMERA_2,['CAMERA_2'],"{'CAMERA_1': [], 'CAMERA_2': [], 'CAMERA_3': []}",C_LOOKING_FOR_A_CAMERA,MIDDLE,NONE,I'm looking for a camera,S_INTRODUCES_CAMERA,CAMERA_2,,Let me show you this. Here we have the Sony Alpha a6000.,39~55
177,4,CAMERA_2,['CAMERA_2'],"{'CAMERA_1': [], 'CAMERA_2': ['settings'], 'CAMERA_3': []}",C_QUESTION_ABOUT_FEATURE,CAMERA_2,settings,what kind of settings does it have,S_ANSWERS_QUESTION_ABOUT_FEATURE,CAMERA_2,settings,This one has full manual control.,13~32
177,5,CAMERA_2,['CAMERA_2'],"{'CAMERA_1': [], 'CAMERA_2': ['settings', 'effects'], 'CAMERA_3': []}",C_SILENT_OR_BACKCHANNEL,CAMERA_2,NONE,I see,S_INTRODUCES_FEATURE,CAMERA_2,effects,"This one has 13 artistic effect modes (e.g. toy camera, soft focus).",13~67
177,6,CAMERA_2,['CAMERA_2'],"{'CAMERA_1': [], 'CAMERA_2': ['settings', 'effects', 'long_exposure'], 'CAMERA_3': []}",C_QUESTION_ABOUT_FEATURE,CAMERA_2,long_exposure,can it take long exposure shots,S_ANSWERS_QUESTION_ABOUT_FEATURE,CAMERA_2,long_exposure,This one can take long exposures up to up to 30 seconds.,39~55
177,7,CAMERA_2,['CAMERA_2'],"{'CAMERA_1': [], 'CAMERA_2': ['settings', 'effects', 'long_exposure', 'price'], 'CAMERA_3': []}",C_QUESTION_ABOUT_FEATURE,CAMERA_2,price,how much does it cost,S_ANSWERS_QUESTION_ABOUT_FEATURE,CAMERA_2,price,This one costs $1341.,15~20
177,8,CAMERA_2,['CAMERA_2'],"{'CAMERA_1': [], 'CAMERA_2': ['settings', 'effects', 'long_exposure', 'price', 'ISO'], 'CAMERA_3': []}",C_SILENT_OR_BACKCHANNEL,CAMERA_2,NONE,alright,S_INTRODUCES_FEATURE,CAMERA_2,ISO,This one has up to 3200 ISO with little noise.,13~45
177,9,CAMERA_2,['CAMERA_2'],"{'CAMERA_1': [], 'CAMERA_2': ['settings', 'effects', 'long_exposure', 'price', 'ISO', 'autofocus_points'], 'CAMERA_3': []}",C_QUESTION_ABOUT_FEATURE,CAMERA_2,autofocus_points,how many autofocus points does it have,S_ANSWERS_QUESTION_ABOUT_FEATURE,CAMERA_2,autofocus_points,This one has 179 autofocus points.,13~33
177,10,CAMERA_2,['CAMERA_2'],"{'CAMERA_1': [], 'CAMERA_2': ['settings', 'effects', 'long_exposure', 'price', 'ISO', 'autofocus_points', 'sensor_size'], 'CAMERA_3': []}",C_SILENT_OR_BACKCHANNEL,CAMERA_2,NONE,I see,S_INTRODUCES_FEATURE,CAMERA_2,sensor_size,This one has a APS-C sensor (crop sensor).,15~41
177,11,CAMERA_2,['CAMERA_2'],"{'CAMERA_1': [], 'CAMERA_2': ['settings', 'effects', 'long_exposure', 'price', 'ISO', 'autofocus_points', 'sensor_size', 'resolution'], 'CAMERA_3': []}",C_QUESTION_ABOUT_FEATURE,CAMERA_2,resolution,what is the resolution,S_NOT_SURE,CAMERA_2,,I'm not really sure about that,
177,12,CAMERA_2,['CAMERA_2'],"{'CAMERA_1': [], 'CAMERA_2': ['settings', 'effects', 'long_exposure', 'price', 'ISO', 'autofocus_points', 'sensor_size', 'resolution', 'optical_zoom'], 'CAMERA_3': []}",C_QUESTION_ABOUT_FEATURE,CAMERA_2,optical_zoom,does it have optical zoom,S_NOT_SURE,CAMERA_2,,I'm not really sure about that,
177,13,CAMERA_2,['CAMERA_2'],"{'CAMERA_1': [], 'CAMERA_2': ['settings', 'effects', 'long_exposure', 'price', 'ISO', 'autofocus_points', 'sensor_size', 'resolution', 'optical_zoom', 'color'], 'CAMERA_3': []}",C_QUESTION_ABOUT_FEATURE,CAMERA_2,color,what colors does this one come in,S_ANSWERS_QUESTION_ABOUT_FEATURE,CAMERA_2,color,"This one comes in white, silver, black.",18~38
177,14,CAMERA_1,"['CAMERA_2', 'CAMERA_1']","{'CAMERA_1': [], 'CAMERA_2': ['settings', 'effects', 'long_exposure', 'price', 'ISO', 'autofocus_points', 'sensor_size', 'resolution', 'optical_zoom', 'color'], 'CAMERA_3': []}",C_ANYTHING_ELSE_AVAILABLE,CAMERA_2,NONE,ok do you have any other cameras,S_INTRODUCES_CAMERA,CAMERA_1,,Let me show you this. Here we have the Nikon Coolpix S2800.,39~58
177,15,CAMERA_1,"['CAMERA_2', 'CAMERA_1']","{'CAMERA_1': ['camera_type'], 'CAMERA_2': ['settings', 'effects', 'long_exposure', 'price', 'ISO', 'autofocus_points', 'sensor_size', 'resolution', 'optical_zoom', 'color'], 'CAMERA_3': []}",C_QUESTION_ABOUT_FEATURE,CAMERA_1,camera_type,what kind of camera is this,S_ANSWERS_QUESTION_ABOUT_FEATURE,CAMERA_1,camera_type,This is a point and shoot camera.,10~25
177,16,CAMERA_1,"['CAMERA_2', 'CAMERA_1']","{'CAMERA_1': ['camera_type', 'sensor_size'], 'CAMERA_2': ['settings', 'effects', 'long_exposure', 'price', 'ISO', 'autofocus_points', 'sensor_size', 'resolution', 'optical_zoom', 'color'], 'CAMERA_3': []}",C_QUESTION_ABOUT_FEATURE,CAMERA_1,sensor_size,what is the sensor size,S_NOT_SURE,CAMERA_1,,I'm not really sure about that,
177,17,CAMERA_1,"['CAMERA_2', 'CAMERA_1']","{'CAMERA_1': ['camera_type', 'sensor_size', 'effects'], 'CAMERA_2': ['settings', 'effects', 'long_exposure', 'price', 'ISO', 'autofocus_points', 'sensor_size', 'resolution', 'optical_zoom', 'color'], 'CAMERA_3': []}",C_SILENT_OR_BACKCHANNEL,CAMERA_1,NONE,okay,S_INTRODUCES_FEATURE,CAMERA_1,effects,"This one has 12 glamor retouch effects (e.g. skin softening, small face, big eyes).",13~82
177,18,CAMERA_1,"['CAMERA_2', 'CAMERA_1']","{'CAMERA_1': ['camera_type', 'sensor_size', 'effects', 'autofocus_points'], 'CAMERA_2': ['settings', 'effects', 'long_exposure', 'price', 'ISO', 'autofocus_points', 'sensor_size', 'resolution', 'optical_zoom', 'color'], 'CAMERA_3': []}",C_QUESTION_ABOUT_FEATURE,CAMERA_1,autofocus_points,how many autofocus points does it have,S_NOT_SURE,CAMERA_1,,I'm not really sure about that,
177,19,CAMERA_1,"['CAMERA_2', 'CAMERA_1']","{'CAMERA_1': ['camera_type', 'sensor_size', 'effects', 'autofocus_points', 'long_exposure'], 'CAMERA_2': ['settings', 'effects', 'long_exposure', 'price', 'ISO', 'autofocus_points', 'sensor_size', 'resolution', 'optical_zoom', 'color'], 'CAMERA_3': []}",C_QUESTION_ABOUT_FEATURE,CAMERA_1,long_exposure,can it take long exposure shots,S_NOT_SURE,CAMERA_1,,I'm not really sure about that,
177,20,CAMERA_1,"['CAMERA_2', 'CAMERA_1']","{'CAMERA_1': ['camera_type', 'sensor_size', 'effects', 'autofocus_points', 'long_exposure', 'preset_modes'], 'CAMERA_2': ['settings', 'effects', 'long_exposure', 'price', 'ISO', 'autofocus_points', 'sensor_size', 'resolution', 'optical_zoom', 'color'], 'CAMERA_3': []}",C_SILENT_OR_BACKCHANNEL,CAMERA_1,NONE,I see,S_INTRODUCES_FEATURE,CAMERA_1,preset_modes,"This one has 18 preset modes (e.g. beach, snow, night portrait).",13~63
177,21,CAMERA_1,"['CAMERA_2', 'CAMERA_1']","{'CAMERA_1': ['camera_type', 'sensor_size', 'effects', 'autofocus_points', 'long_exposure', 'preset_modes', 'color'], 'CAMERA_2': ['settings', 'effects', 'long_exposure', 'price', 'ISO', 'autofocus_points', 'sensor_size', 'resolution', 'optical_zoom', 'color'], 'CAMERA_3': []}",C_SILENT_OR_BACKCHANNEL,CAMERA_1,NONE,okay,S_INTRODUCES_FEATURE,CAMERA_1,color,"This one comes in purple, pink, black, silver, red.",18~50
177,22,CAMERA_1,"['CAMERA_2', 'CAMERA_1']","{'CAMERA_1': ['camera_type', 'sensor_size', 'effects', 'autofocus_points', 'long_exposure', 'preset_modes', 'color', 'resolution'], 'CAMERA_2': ['settings', 'effects', 'long_exposure', 'price', 'ISO', 'autofocus_points', 'sensor_size', 'resolution', 'optical_zoom', 'color'], 'CAMERA_3': []}",C_SILENT_OR_BACKCHANNEL,CAMERA_1,NONE,alright,S_INTRODUCES_FEATURE,CAMERA_1,resolution,This one has 20.1 megapixels resolution.,13~28
177,23,CAMERA_1,"['CAMERA_2', 'CAMERA_1']","{'CAMERA_1': ['camera_type', 'sensor_size', 'effects', 'autofocus_points', 'long_exposure', 'preset_modes', 'color', 'resolution', 'optical_zoom'], 'CAMERA_2': ['settings', 'effects', 'long_exposure', 'price', 'ISO', 'autofocus_points', 'sensor_size', 'resolution', 'optical_zoom', 'color'], 'CAMERA_3': []}",C_QUESTION_ABOUT_FEATURE,CAMERA_1,optical_zoom,does it have optical zoom,S_ANSWERS_QUESTION_ABOUT_FEATURE,CAMERA_1,optical_zoom,This one has 5x optical zoom.,13~28
177,24,NONE,"['CAMERA_2', 'CAMERA_1']","{'CAMERA_1': ['camera_type', 'sensor_size', 'effects', 'autofocus_points', 'long_exposure', 'preset_modes', 'color', 'resolution', 'optical_zoom'], 'CAMERA_2': ['settings', 'effects', 'long_exposure', 'price', 'ISO', 'autofocus_points', 'sensor_size', 'resolution', 'optical_zoom', 'color'], 'CAMERA_3': []}",C_THANK_YOU,CAMERA_1,NONE,thank you for your help,S_THANK_YOU,CAMERA_1,NONE,thank you very much,
177,25,NONE,"['CAMERA_2', 'CAMERA_1']","{'CAMERA_1': ['camera_type', 'sensor_size', 'effects', 'autofocus_points', 'long_exposure', 'preset_modes', 'color', 'resolution', 'optical_zoom'], 'CAMERA_2': ['settings', 'effects', 'long_exposure', 'price', 'ISO', 'autofocus_points', 'sensor_size', 'resolution', 'optical_zoom', 'color'], 'CAMERA_3': []}",C_LEAVES,DOOR,NONE,,S_RETURNS_TO_COUNTER,SERVICE_COUNTER,NONE,,
178,1,NONE,[],"{'CAMERA_1': [], 'CAMERA_2': [], 'CAMERA_3': []}",C_ENTERS,DOOR,NONE,,S_NONE,SERVICE_COUNTER,NONE,,
178,2,NONE,[],"{'CAMERA_1': [], 'CAMERA_2': [], 'CAMERA_3': []}",C_GREETS,MIDDLE,NONE,hello,S_GREETS,MIDDLE,NONE,can I help you?,
178,3,CAMERA_2,['CAMERA_2'],"{'CAMERA_1': [], 'CAMERA_2': [], 'CAMERA_3': []}",C_LOOKING_FOR_A_CAMERA,MIDDLE,NONE,I'm looking for a camera,S_INTRODUCES_CAMERA,CAMERA_2,,Let me show you this. Here we have the Sony Alpha a6000.,39~55
178,4,CAMERA_2,['CAMERA_2'],"{'CAMERA_1': [], 'CAMERA_2': ['price'], 'CAMERA_3': []}",C_QUESTION_ABOUT_FEATURE,CAMERA_2,price,how much does it cost,S_ANSWERS_QUESTION_ABOUT_FEATURE,CAMERA_2,price,This one costs $1341.,15~20
178,5,CAMERA_2,['CAMERA_2'],"{'CAMERA_1': [], 'CAMERA_2': ['price', 'preset_modes'], 'CAMERA_3': []}",C_SILENT_OR_BACKCHANNEL,CAMERA_2,NONE,alright,S_INTRODUCES_FEATURE,CAMERA_2,preset_modes,"This one has 9 preset modes (e.g. beach, snow, night, portrait).",13~63
178,6,CAMERA_2,['CAMERA_2'],"{'CAMERA_1': [], 'CAMERA_2': ['price', 'preset_modes', 'sensor_size'], 'CAMERA_3': []}",C_QUESTION_ABOUT_FEATURE,CAMERA_2,sensor_size,what is the sensor size,S_ANSWERS_QUESTION_ABOUT_FEATURE,CAMERA_2,sensor_size,This one has a APS-C sensor (crop sensor).,15~41
178,7,CAMERA_2,['CAMERA_2'],"{'CAMERA_1': [], 'CAMERA_2': ['price', 'preset_modes', 'sensor_size', 'settings'], 'CAMERA_3': []}",C_QUESTION_ABOUT_FEATURE,CAMERA_2,settings,what kind of settings does it have,S_ANSWERS_QUESTION_ABOUT_FEATURE,CAMERA_2,settings,This one has full manual control.,13~32
178,8,CAMERA_2,['CAMERA_2'],"{'CAMERA_1': [], 'CAMERA_2': ['price', 'preset_modes', 'sensor_size', 'settings', 'camera_type'], 'CAMERA_3': []}",C_QUESTION_ABOUT_FEATURE,CAMERA_2,camera_type,what kind of camera is this,S_ANSWERS_QUESTION_ABOUT_FEATURE,CAMERA_2,camera_type,This is a mirrorless camera.,10~20
178,9,CAMERA_2,['CAMERA_2'],"{'CAMERA_1': [], 'CAMERA_2': ['price', 'preset_modes', 'sensor_size', 'settings', 'camera_type', 'weight'], 'CAMERA_3': []}",C_SILENT_OR_BACKCHANNEL,CAMERA_2,NONE,I see,S_INTRODUCES_FEATURE,CAMERA_2,weight,This one weighs 470 grams.,16~25
178,10,CAMERA_1,"['CAMERA_2', 'CAMERA_1']","{'CAMERA_1': [], 'CAMERA_2': ['price', 'preset_modes', 'sensor_size', 'settings', 'camera_type', 'weight'], 'CAMERA_3': []}",C_ANYTHING_ELSE_AVAILABLE,CAMERA_2,NONE,ok do you have any other cameras,S_INTRODUCES_CAMERA,CAMERA_1,,Let me show you this. Here we have the Nikon Coolpix S2800.,39~58
178,11,CAMERA_1,"['CAMERA_2', 'CAMERA_1']","{'CAMERA_1': ['effects'], 'CAMERA_2': ['price', 'preset_modes', 'sensor_size', 'settings', 'camera_type', 'weight'], 'CAMERA_3': []}",C_SILENT_OR_BACKCHANNEL,CAMERA_1,NONE,alright,S_INTRODUCES_FEATURE,CAMERA_1,effects,"This one has 12 glamor retouch effects (e.g. skin softening, small face, big eyes).",13~82
178,12,CAMERA_1,"['CAMERA_2', 'CAMERA_1']","{'CAMERA_1': ['effects', 'price'], 'CAMERA_2': ['price', 'preset_modes', 'sensor_size', 'settings', 'camera_type', 'weight'], 'CAMERA_3': []}",C_SILENT_OR_BACKCHANNEL,CAMERA_1,NONE,alright,S_INTRODUCES_FEATURE,CAMERA_1,price,This one costs $2173.,15~20
178,13,NONE,"['CAMERA_2', 'CAMERA_1']","{'CAMERA_1': ['effects', 'price'], 'CAMERA_2': ['price', 'preset_modes', 'sensor_size', 'settings', 'camera_type', 'weight'], 'CAMERA_3': []}",C_THANK_YOU,CAMERA_1,NONE,thank you for your help,S_THANK_YOU,CAMERA_1,NONE,thank you very much,
178,14,NONE,"['CAMERA_2', 'CAMERA_1']","{'CAMERA_1': ['effects', 'price'], 'CAMERA_2': ['price', 'preset_modes', 'sensor_size', 'settings', 'camera_type', 'weight'], 'CAMERA_3': []}",C_LEAVES,DOOR,NONE,,S_RETURNS_TO_COUNTER,SERVICE_COUNTER,NONE,,
179,1,NONE,[],"{'CAMERA_1': [], 'CAMERA_2': [], 'CAMERA_3': []}",C_ENTERS,DOOR,NONE,,S_NONE,SERVICE_COUNTER,NONE,,
179,2,NONE,[],"{'CAMERA_1': [], 'CAMERA_2': [], 'CAMERA_3': []}",C_WALKS_TO_CAMERA,CAMERA_3,NONE,,S_GREETS,CAMERA_3,NONE,can I help you?,
179,3,CAMERA_2,['CAMERA_2'],"{'CAMERA_1': [], 'CAMERA_2': [], 'CAMERA_3': []}",C_LOOKING_FOR_A_CAMERA,CAMERA_3,NONE,I'm looking for a camera,S_INTRODUCES_CAMERA,CAMERA_2,,Let me show you this. Here we have the Sony Alpha a6000.,39~55
179,4,CAMERA_2,['CAMERA_2'],"{'CAMERA_1': [], 'CAMERA_2': ['long_exposure'], 'CAMERA_3': []}",C_SILENT_OR_BACKCHANNEL,CAMERA_2,NONE,I see,S_INTRODUCES_FEATURE,CAMERA_2,long_exposure,This one can take long exposures up to up to 30 seconds.,39~55
179,5,CAMERA_2,['CAMERA_2'],"{'CAMERA_1': [], 'CAMERA_2': ['long_exposure', 'ISO'], 'CAMERA_3': []}",C_SILENT_OR_BACKCHANNEL,CAMERA_2,NONE,I see,S_INTRODUCES_FEATURE,CAMERA_2,ISO,This one has up to 3200 ISO with little noise.,13~45
179,6,CAMERA_2,['CAMERA_2'],"{'CAMERA_1': [], 'CAMERA_2': ['long_exposure', 'ISO', 'settings'], 'CAMERA_3': []}",C_SILENT_OR_BACKCHANNEL,CAMERA_2,NONE,okay,S_INTRODUCES_FEATURE,CAMERA_2,settings,This one has full manual control.,13~32
179,7,CAMERA_2,['CAMERA_2'],"{'CAMERA_1': [], 'CAMERA_2': ['long_exposure', 'ISO', 'settings', 'preset_modes'], 'CAMERA_3': []}",C_SILENT_OR_BACKCHANNEL,CAMERA_2,NONE,alright,S_INTRODUCES_FEATURE,CAMERA_2,preset_modes,"This one has 9 preset modes (e.g. beach, snow, night, portrait).",13~63
179,8,CAMERA_2,['CAMERA_2'],"{'CAMERA_1': [], 'CAMERA_2': ['long_exposure', 'ISO', 'settings', 'preset_modes', 'color'], 'CAMERA_3': []}",C_SILENT_OR_BACKCHANNEL,CAMERA_2,NONE,alright,S_INTRODUCES_FEATURE,CAMERA_2,color,"This one comes in white, silver, black.",18~38
179,9,CAMERA_2,['CAMERA_2'],"{'CAMERA_1': [], 'CAMERA_2': ['long_exposure', 'ISO', 'settings', 'preset_modes', 'color', 'effects'], 'CAMERA_3': []}",C_QUESTION_ABOUT_FEATURE,CAMERA_2,effects,does it have any effect modes,S_ANSWERS_QUESTION_ABOUT_FEATURE,CAMERA_2,effects,"This one has 13 artistic effect modes (e.g. toy camera, soft focus).",13~67
179,10,CAMERA_2,['CAMERA_2'],"{'CAMERA_1': [], 'CAMERA_2': ['long_exposure', 'ISO', 'settings', 'preset_modes', 'color', 'effects', 'autofocus_points'], 'CAMERA_3': []}",C_SILENT_OR_BACKCHANNEL,CAMERA_2,NONE,I see,S_INTRODUCES_FEATURE,CAMERA_2,autofocus_points,This one has 179 autofocus points.,13~33
179,11,NONE,['CAMERA_2'],"{'CAMERA_1': [], 'CAMERA_2': ['long_exposure', 'ISO', 'settings', 'preset_modes', 'color', 'effects', 'autofocus_points'], 'CAMERA_3': []}",C_THANK_YOU,CAMERA_2,NONE,thank you for your help,S_THANK_YOU,CAMERA_2,NONE,thank you very much,
179,12,NONE,['CAMERA_2'],"{'CAMERA_1': [], 'CAMERA_2': ['long_exposure', 'ISO', 'settings', 'preset_modes', 'color', 'effects', 'autofocus_points'], 'CAMERA_3': []}",C_LEAVES,DOOR,NONE,,S_RETURNS_TO_COUNTER,SERVICE_COUNTER,NONE,,
180,1,NONE,[],"{'CAMERA_1': [], 'CAMERA_2': [], 'CAMERA_3': []}",C_ENTERS,DOOR,NONE,,S_NONE,SERVICE_COUNTER,NONE,,
180,2,NONE,[],"{'CAMERA_1': [], 'CAMERA_2': [], 'CAMERA_3': []}",C_GREETS,MIDDLE,NONE,hello,S_GREETS,MIDDLE,NONE,can I help you?,
180,3,CAMERA_2,['CAMERA_2'],"{'CAMERA_1': [], 'CAMERA_2': [], 'CAMERA_3': []}",C_LOOKING_FOR_A_CAMERA,MIDDLE,NONE,I'm looking for a camera,S_INTRODUCES_CAMERA,CAMERA_2,,Let me show you this. Here we have the Sony Alpha a6000.,39~55
180,4,CAMERA_2,['CAMERA_2'],"{'CAMERA_1': [], 'CAMERA_2': ['sensor_size'], 'CAMERA_3': []}",C_QUESTION_ABOUT_FEATURE,CAMERA_2,sensor_size,what is the sensor size,S_ANSWERS_QUESTION_ABOUT_FEATURE,CAMERA_2,sensor_size,This one has a APS-C sensor (crop sensor).,15~41
180,5,CAMERA_2,['CAMERA_2'],"{'CAMERA_1': [], 'CAMERA_2': ['sensor_size', 'weight'], 'CAMERA_3': []}",C_SILENT_OR_BACKCHANNEL,CAMERA_2,NONE,I see,S_INTRODUCES_FEATURE,CAMERA_2,weight,This one weighs 470 grams.,16~25
180,6,NONE,['CAMERA_2'],"{'CAMERA_1': [], 'CAMERA_2': ['sensor_size', 'weight'], 'CAMERA_3': []}",C_THANK_YOU,CAMERA_2,NONE,thank you for your help,S_THANK_YOU,CAMERA_2,NONE,thank you very much,
180,7,NONE,['CAMERA_2'],"{'CAMERA_1': [], 'CAMERA_2': ['sensor_size', 'weight'], 'CAMERA_3': []}",C_LEAVES,DOOR,NONE,,S_RETURNS_TO_COUNTER,SERVICE_COUNTER,NONE,,
181,1,NONE,[],"{'CAMERA_1': [], 'CAMERA_2': [], 'CAMERA_3': []}",C_ENTERS,DOOR,NONE,,S_NONE,SERVICE_COUNTER,NONE,,
181,2,NONE,[],"{'CAMERA_1': [], 'CAMERA_2': [], 'CAMERA_3': []}",C_WALKS_TO_CAMERA,CAMERA_1,NONE,,S_GREETS,CAMERA_1,NONE,can I help you?,
181,3,CAMERA_2,['CAMERA_2'],"{'CAMERA_1': [], 'CAMERA_2': [], 'CAMERA_3': []}",C_LOOKING_FOR_A_CAMERA,CAMERA_1,NONE,I'm looking for a camera,S_INTRODUCES_CAMERA,CAMERA_2,,Let me show you this. Here we have the Sony Alpha a6000.,39~55
181,4,CAMERA_2,['CAMERA_2'],"{'CAMERA_1': [], 'CAMERA_2': ['color'], 'CAMERA_3': []}",C_SILENT_OR_BACKCHANNEL,CAMERA_2,NONE,alright,S_INTRODUCES_FEATURE,CAMERA_2,color,"This one comes in white, silver, black.",18~38
181,5,NONE,['CAMERA_2'],"{'CAMERA_1': [], 'CAMERA_2': ['color'], 'CAMERA_3': []}",C_THANK_YOU,CAMERA_2,NONE,thank you for your help,S_THANK_YOU,CAMERA_2,NONE,thank you very much,
181,6,NONE,['CAMERA_2'],"{'CAMERA_1': [], 'CAMERA_2': ['color'], 'CAMERA_3': []}",C_LEAVES,DOOR,NONE,,S_RETURNS_TO_COUNTER,SERVICE_COUNTER,NONE,,
182,1,NONE,[],"{'CAMERA_1': [], 'CAMERA_2': [], 'CAMERA_3': []}",C_ENTERS,DOOR,NONE,,S_NONE,SERVICE_COUNTER,NONE,,
182,2,NONE,[],"{'CAMERA_1': [], 'CAMERA_2': [], 'CAMERA_3': []}",C_GREETS,MIDDLE,NONE,hello,S_GREETS,MIDDLE,NONE,can I help you?,
182,3,CAMERA_3,['CAMERA_3'],"{'CAMERA_1': [], 'CAMERA_2': [], 'CAMERA_3': []}",C_LOOKING_FOR_A_CAMERA,MIDDLE,NONE,I'm looking for a camera,S_INTRODUCES_CAMERA,CAMERA_3,,Let me show you this. Here we have the Canon EOS 5D Mark III.,39~60
182,4,CAMERA_3,['CAMERA_3'],"{'CAMERA_1': [], 'CAMERA_2': [], 'CAMERA_3': ['resolution']}",C_QUESTION_ABOUT_FEATURE,CAMERA_3,resolution,what is the resolution,S_NOT_SURE,CAMERA_3,,I'm not really sure about that,
182,5,CAMERA_3,['CAMERA_3'],"{'CAMERA_1': [], 'CAMERA_2': [], 'CAMERA_3': ['resolution', 'color']}",C_SILENT_OR_BACKCHANNEL,CAMERA_3,NONE,alright,S_INTRODUCES_FEATURE,CAMERA_3,color,This one comes in black.,18~23
182,6,CAMERA_3,['CAMERA_3'],"{'CAMERA_1': [], 'CAMERA_2': [], 'CAMERA_3': ['resolution', 'color', 'camera_type']}",C_SILENT_OR_BACKCHANNEL,CAMERA_3,NONE,okay,S_INTRODUCES_FEATURE,CAMERA_3,camera_type,This is a DSLR camera.,10~14
182,7,NONE,['CAMERA_3'],"{'CAMERA_1': [], 'CAMERA_2': [], 'CAMERA_3': ['resolution', 'color', 'camera_type']}",C_THANK_YOU,CAMERA_3,NONE,thank you for your help,S_THANK_YOU,CAMERA_3,NONE,thank you very much,
182,8,NONE,['CAMERA_3'],"{'CAMERA_1': [], 'CAMERA_2': [], 'CAMERA_3': ['resolution', 'color', 'camera_type']}",C_LEAVES,DOOR,NONE,,S_RETURNS_TO_COUNTER,SERVICE_COUNTER,NONE,,
183,1,NONE,[],"{'CAMERA_1': [], 'CAMERA_2': [], 'CAMERA_3': []}",C_ENTERS,DOOR,NONE,,S_NONE,SERVICE_COUNTER,NONE,,
183,2,NONE,[],"{'CAMERA_1': [], 'CAMERA_2': [], 'CAMERA_3': []}",C_WALKS_TO_CAMERA,CAMERA_2,NONE,,S_GREETS,CAMERA_2,NONE,can I help you?,
183,3,CAMERA_2,['CAMERA_2'],"{'CAMERA_1': [], 'CAMERA_2': [], 'CAMERA_3': []}",C_LOOKING_FOR_A_CAMERA,CAMERA_2,NONE,I'm looking for a camera,S_INTRODUCES_CAMERA,CAMERA_2,,Let me show you this. Here we have the Sony Alpha a6000.,39~55
183,4,CAMERA_2,['CAMERA_2'],"{'CAMERA_1': [], 'CAMERA_2': ['settings'], 'CAMERA_3': []}",C_QUESTION_ABOUT_FEATURE,CAMERA_2,settings,what kind of settings does it have,S_ANSWERS_QUESTION_ABOUT_FEATURE,CAMERA_2,settings,This one has full manual control.,13~32
183,5,CAMERA_2,['CAMERA_2'],"{'CAMERA_1': [], 'CAMERA_2': ['settings', 'weight'], 'CAMERA_3': []}",C_SILENT_OR_BACKCHANNEL,CAMERA_2,NONE,I see,S_INTRODUCES_FEATURE,CAMERA_2,weight,This one weighs 470 grams.,16~25
183,6,CAMERA_2,['CAMERA_2'],"{'CAMERA_1': [], 'CAMERA_2': ['settings', 'weight', 'autofocus_points'], 'CAMERA_3': []}",C_SILENT_OR_BACKCHANNEL,CAMERA_2,NONE,I see,S_INTRODUCES_FEATURE,CAMERA_2,autofocus_points,This one has 179 autofocus points.,13~33
183,7,CAMERA_2,['CAMERA_2'],"{'CAMERA_1': [], 'CAMERA_2': ['settings', 'weight', 'autofocus_points', 'ISO'], 'CAMERA_3': []}",C_QUESTION_ABOUT_FEATURE,CAMERA_2,ISO,what is the ISO,S_ANSWERS_QUESTION_ABOUT_FEATURE,CAMERA_2,ISO,This one has up to 3200 ISO with little noise.,13~45
183,8,CAMERA_2,['CAMERA_2'],"{'CAMERA_1': [], 'CAMERA_2': ['settings', 'weight', 'autofocus_points', 'ISO', 'price'], 'CAMERA_3': []}",C_SILENT_OR_BACKCHANNEL,CAMERA_2,NONE,I see,S_INTRODUCES_FEATURE,CAMERA_2,price,This one costs $1341.,15~20
183,9,CAMERA_2,['CAMERA_2'],"{'CAMERA_1': [], 'CAMERA_2': ['settings', 'weight', 'autofocus_points', 'ISO', 'price', 'preset_modes'], 'CAMERA_3': []}",C_SILENT_OR_BACKCHANNEL,CAMERA_2,NONE,I see,S_INTRODUCES_FEATURE,CAMERA_2,preset_modes,"This one has 9 preset modes (e.g. beach, snow, night, portrait).",13~63
183,10,CAMERA_2,['CAMERA_2'],"{'CAMERA_1': [], 'CAMERA_2': ['settings', 'weight', 'autofocus_points', 'ISO', 'price', 'preset_modes', 'color'], 'CAMERA_3': []}",C_SILENT_OR_BACKCHANNEL,CAMERA_2,NONE,alright,S_INTRODUCES_FEATURE,CAMERA_2,color,"This one comes in white, silver, black.",18~38
183,11,NONE,['CAMERA_2'],"{'CAMERA_1': [], 'CAMERA_2': ['settings', 'weight', 'autofocus_points', 'ISO', 'price', 'preset_modes', 'color'], 'CAMERA_3': []}",C_THANK_YOU,CAMERA_2,NONE,thank you for your help,S_THANK_YOU,CAMERA_2,NONE,thank you very much,
183,12,NONE,['CAMERA_2'],"{'CAMERA_1': [], 'CAMERA_2': ['settings', 'weight', 'autofocus_points', 'ISO', 'price', 'preset_modes', 'color'], 'CAMERA_3': []}",C_LEAVES,DOOR,NONE,,S_RETURNS_TO_COUNTER,SERVICE_COUNTER,NONE,,
184,1,NONE,[],"{'CAMERA_1': [], 'CAMERA_2': [], 'CAMERA_3': []}",C_ENTERS,DOOR,NONE,,S_NONE,SERVICE_COUNTER,NONE,,
184,2,NONE,[],"{'CAMERA_1': [], 'CAMERA_2': [], 'CAMERA_3': []}",C_GREETS,MIDDLE,NONE,hello,S_GREETS,MIDDLE,NONE,can I help you?,
184,3,CAMERA_3,['CAMERA_3'],"{'CAMERA_1': [], 'CAMERA_2': [], 'CAMERA_3': []}",C_LOOKING_FOR_A_CAMERA,MIDDLE,NONE,I'm looking for a camera,S_INTRODUCES_CAMERA,CAMERA_3,,Let me show you this. Here we have the Canon EOS 5D Mark III.,39~60
184,4,CAMERA_3,['CAMERA_3'],"{'CAMERA_1': [], 'CAMERA_2': [], 'CAMERA_3': ['color']}",C_SILENT_OR_BACKCHANNEL,CAMERA_3,NONE,okay,S_INTRODUCES_FEATURE,CAMERA_3,color,This one comes in black.,18~23
184,5,NONE,['CAMERA_3'],"{'CAMERA_1': [], 'CAMERA_2': [], 'CAMERA_3': ['color']}",C_THANK_YOU,CAMERA_3,NONE,thank you for your help,S_THANK_YOU,CAMERA_3,NONE,thank you very much,
184,6,NONE,['CAMERA_3'],"{'CAMERA_1': [], 'CAMERA_2': [], 'CAMERA_3': ['color']}",C_LEAVES,DOOR,NONE,,S_RETURNS_TO_COUNTER,SERVICE_COUNTER,NONE,,
185,1,NONE,[],"{'CAMERA_1': [], 'CAMERA_2': [], 'CAMERA_3': []}",C_ENTERS,DOOR,NONE,,S_NONE,SERVICE_COUNTER,NONE,,
185,2,NONE,[],"{'CAMERA_1': [], 'CAMERA_2': [], 'CAMERA_3': []}",C_WALKS_TO_CAMERA,CAMERA_3,NONE,,S_GREETS,CAMERA_3,NONE,can I help you?,
185,3,CAMERA_1,['CAMERA_1'],"{'CAMERA_1': [], 'CAMERA_2': [], 'CAMERA_3': []}",C_LOOKING_FOR_A_CAMERA,CAMERA_3,NONE,I'm looking for a camera,S_INTRODUCES_CAMERA,CAMERA_1,,Let me show you this. Here we have the Nikon Coolpix S2800.,39~58
185,4,CAMERA_1,['CAMERA_1'],"{'CAMERA_1': ['price'], 'CAMERA_2': [], 'CAMERA_3': []}",C_SILENT_OR_BACKCHANNEL,CAMERA_1,NONE,alright,S_INTRODUCES_FEATURE,CAMERA_1,price,This one costs $2173.,15~20
185,5,CAMERA_1,['CAMERA_1'],"{'CAMERA_1': ['price', 'optical_zoom'], 'CAMERA_2': [], 'CAMERA_3': []}",C_SILENT_OR_BACKCHANNEL,CAMERA_1,NONE,alright,S_INTRODUCES_FEATURE,CAMERA_1,optical_zoom,This one has 5x optical zoom.,13~28
185,6,CAMERA_3,"['CAMERA_1', 'CAMERA_3']","{'CAMERA_1': ['price', 'optical_zoom'], 'CAMERA_2': [], 'CAMERA_3': []}",C_ANYTHING_ELSE_AVAILABLE,CAMERA_1,NONE,ok do you have any other cameras,S_INTRODUCES_CAMERA,CAMERA_3,,Let me show you this. Here we have the Canon EOS 5D Mark III.,39~60
185,7,CAMERA_3,"['CAMERA_1', 'CAMERA_3']","{'CAMERA_1': ['price', 'optical_zoom'], 'CAMERA_2': [], 'CAMERA_3': ['preset_modes']}",C_QUESTION_ABOUT_FEATURE,CAMERA_3,preset_modes,does it have preset modes,S_NOT_SURE,CAMERA_3,,I'm not really sure about that,
185,8,CAMERA_3,"['CAMERA_1', 'CAMERA_3']","{'CAMERA_1': ['price', 'optical_zoom'], 'CAMERA_2': [], 'CAMERA_3': ['preset_modes', 'long_exposure']}",C_QUESTION_ABOUT_FEATURE,CAMERA_3,long_exposure,can it take long exposure shots,S_ANSWERS_QUESTION_ABOUT_FEATURE,CAMERA_3,long_exposure,"This one can take long exposures up to up to 30 seconds, bulb mode: expose as long as you want.",39~94
185,9,NONE,"['CAMERA_1', 'CAMERA_3']","{'CAMERA_1': ['price', 'optical_zoom'], 'CAMERA_2': [], 'CAMERA_3': ['preset_modes', 'long_exposure']}",C_THANK_YOU,CAMERA_3,NONE,thank you for your help,S_THANK_YOU,CAMERA_3,NONE,thank you very much,
185,10,NONE,"['CAMERA_1', 'CAMERA_3']","{'CAMERA_1': ['price', 'optical_zoom'], 'CAMERA_2': [], 'CAMERA_3': ['preset_modes', 'long_exposure']}",C_LEAVES,DOOR,NONE,,S_RETURNS_TO_COUNTER,SERVICE_COUNTER,NONE,,
186,1,NONE,[],"{'CAMERA_1': [], 'CAMERA_2': [], 'CAMERA_3': []}",C_ENTERS,DOOR,NONE,,S_NONE,SERVICE_COUNTER,NONE,,
186,2,NONE,[],"{'CAMERA_1': [], 'CAMERA_2': [], 'CAMERA_3': []}",C_WALKS_TO_CAMERA,CAMERA_1,NONE,,S_GREETS,CAMERA_1,NONE,can I help you?,
186,3,CAMERA_1,['CAMERA_1'],"{'CAMERA_1': [], 'CAMERA_2': [], 'CAMERA_3': []}",C_LOOKING_FOR_A_CAMERA,CAMERA_1,NONE,I'm looking for a camera,S_INTRODUCES_CAMERA,CAMERA_1,,Let me show you this. Here we have the Nikon Coolpix S2800.,39~58
186,4,CAMERA_1,['CAMERA_1'],"{'CAMERA_1': ['preset_modes'], 'CAMERA_2': [], 'CAMERA_3': []}",C_QUESTION_ABOUT_FEATURE,CAMERA_1,preset_modes,does it have preset modes,S_ANSWERS_QUESTION_ABOUT_FEATURE,CAMERA_1,preset_modes,"This one has 18 preset modes (e.g. beach, snow, night portrait).",13~63
186,5,CAMERA_1,['CAMERA_1'],"{'CAMERA_1': ['preset_modes', 'camera_type'], 'CAMERA_2': [], 'CAMERA_3': []}",C_SILENT_OR_BACKCHANNEL,CAMERA_1,NONE,alright,S_INTRODUCES_FEATURE,CAMERA_1,camera_type,This is a point and shoot camera.,10~25
186,6,CAMERA_1,['CAMERA_1'],"{'CAMERA_1': ['preset_modes', 'camera_type', 'ISO'], 'CAMERA_2': [], 'CAMERA_3': []}",C_QUESTION_ABOUT_FEATURE,CAMERA_1,ISO,what is the ISO,S_NOT_SURE,CAMERA_1,,I'm not really sure about that,
186,7,CAMERA_1,['CAMERA_1'],"{'CAMERA_1': ['preset_modes', 'camera_type', 'ISO', 'optical_zoom'], 'CAMERA_2': [], 'CAMERA_3': []}",C_SILENT_OR_BACKCHANNEL,CAMERA_1,NONE,okay,S_INTRODUCES_FEATURE,CAMERA_1,optical_zoom,This one has 5x optical zoom.,13~28
186,8,NONE,['CAMERA_1'],"{'CAMERA_1': ['preset_modes', 'camera_type', 'ISO', 'optical_zoom'], 'CAMERA_2': [], 'CAMERA_3': []}",C_THANK_YOU,CAMERA_1,NONE,thank you for your help,S_THANK_YOU,CAMERA_1,NONE,thank you very much,
186,9,NONE,['CAMERA_1'],"{'CAMERA_1': ['preset_modes', 'camera_type', 'ISO', 'optical_zoom'], 'CAMERA_2': [], 'CAMERA_3': []}",C_LEAVES,DOOR,NONE,,S_RETURNS_TO_COUNTER,SERVICE_COUNTER,NONE,,
187,1,NONE,[],"{'CAMERA_1': [], 'CAMERA_2': [], 'CAMERA_3': []}",C_ENTERS,DOOR,NONE,,S_NONE,SERVICE_COUNTER,NONE,,
187,2,NONE,[],"{'CAMERA_1': [], 'CAMERA_2': [], 'CAMERA_3': []}",C_WALKS_TO_CAMERA,CAMERA_3,NONE,,S_GREETS,CAMERA_3,NONE,can I help you?,
187,3,CAMERA_1,['CAMERA_1'],"{'CAMERA_1': [], 'CAMERA_2': [], 'CAMERA_3': []}",C_LOOKING_FOR_A_CAMERA,CAMERA_3,NONE,I'm looking for a camera,S_INTRODUCES_CAMERA,CAMERA_1,,Let me show you this. Here we have the Nikon Coolpix S2800.,39~58
187,4,CAMERA_1,['CAMERA_1'],"{'CAMERA_1': ['optical_zoom'], 'CAMERA_2': [], 'CAMERA_3': []}",C_QUESTION_ABOUT_FEATURE,CAMERA_1,optical_zoom,does it have optical zoom,S_ANSWERS_QUESTION_ABOUT_FEATURE,CAMERA_1,optical_zoom,This one has 5x optical zoom.,13~28
187,5,CAMERA_1,['CAMERA_1'],"{'CAMERA_1': ['optical_zoom', 'color'], 'CAMERA_2': [], 'CAMERA_3': []}",C_QUESTION_ABOUT_FEATURE,CAMERA_1,color,what colors does this one come in,S_ANSWERS_QUESTION_ABOUT_FEATURE,CAMERA_1,color,"This one comes in purple, pink, black, silver, red.",18~50
187,6,CAMERA_1,['CAMERA_1'],"{'CAMERA_1': ['optical_zoom', 'color', 'price'], 'CAMERA_2': [], 'CAMERA_3': []}",C_QUESTION_ABOUT_FEATURE,CAMERA_1,price,how much does it cost,S_ANSWERS_QUESTION_ABOUT_FEATURE,CAMERA_1,price,This one costs $2173.,15~20
187,7,CAMERA_1,['CAMERA_1'],"{'CAMERA_1': ['optical_zoom', 'color', 'price', 'settings'], 'CAMERA_2': [], 'CAMERA_3': []}",C_QUESTION_ABOUT_FEATURE,CAMERA_1,settings,what kind of settings does it have,S_ANSWERS_QUESTION_ABOUT_FEATURE,CAMERA_1,settings,This one has limited manual settings.,13~36
187,8,CAMERA_1,['CAMERA_1'],"{'CAMERA_1': ['optical_zoom', 'color', 'price', 'settings', 'sensor_size'], 'CAMERA_2': [], 'CAMERA_3': []}",C_QUESTION_ABOUT_FEATURE,CAMERA_1,sensor_size,what is the sensor size,S_NOT_SURE,CAMERA_1,,I'm not really sure about that,
187,9,CAMERA_1,['CAMERA_1'],"{'CAMERA_1': ['optical_zoom', 'color', 'price', 'settings', 'sensor_size', 'resolution'], 'CAMERA_2': [], 'CAMERA_3': []}",C_QUESTION_ABOUT_FEATURE,CAMERA_1,resolution,what is the resolution,S_ANSWERS_QUESTION_ABOUT_FEATURE,CAMERA_1,resolution,This one has 20.1 megapixels resolution.,13~28
187,10,CAMERA_1,['CAMERA_1'],"{'CAMERA_1': ['optical_zoom', 'color', 'price', 'settings', 'sensor_size', 'resolution', 'long_exposure'], 'CAMERA_2': [], 'CAMERA_3': []}",C_QUESTION_ABOUT_FEATURE,CAMERA_1,long_exposure,can it take long exposure shots,S_NOT_SURE,CAMERA_1,,I'm not really sure about that,
187,11,CAMERA_1,['CAMERA_1'],"{'CAMERA_1': ['optical_zoom', 'color', 'price', 'settings', 'sensor_size', 'resolution', 'long_exposure', 'effects'], 'CAMERA_2': [], 'CAMERA_3': []}",C_SILENT_OR_BACKCHANNEL,CAMERA_1,NONE,alright,S_INTRODUCES_FEATURE,CAMERA_1,effects,"This one has 12 glamor retouch effects (e.g. skin softening, small face, big eyes).",13~82
187,12,CAMERA_1,['CAMERA_1'],"{'CAMERA_1': ['optical_zoom', 'color', 'price', 'settings', 'sensor_size', 'resolution', 'long_exposure', 'effects', 'preset_modes'], 'CAMERA_2': [], 'CAMERA_3': []}",C_SILENT_OR_BACKCHANNEL,CAMERA_1,NONE,I see,S_INTRODUCES_FEATURE,CAMERA_1,preset_modes,"This one has 18 preset modes (e.g. beach, snow, night portrait).",13~63
187,13,CAMERA_1,['CAMERA_1'],"{'CAMERA_1': ['optical_zoom', 'color', 'price', 'settings', 'sensor_size', 'resolution', 'long_exposure', 'effects', 'preset_modes', 'ISO'], 'CAMERA_2': [], 'CAMERA_3': []}",C_QUESTION_ABOUT_FEATURE,CAMERA_1,ISO,what is the ISO,S_NOT_SURE,CAMERA_1,,I'm not really sure about that,
187,14,CAMERA_1,['CAMERA_1'],"{'CAMERA_1': ['optical_zoom', 'color', 'price', 'settings', 'sensor_size', 'resolution', 'long_exposure', 'effects', 'preset_modes', 'ISO', 'camera_type'], 'CAMERA_2': [], 'CAMERA_3': []}",C_SILENT_OR_BACKCHANNEL,CAMERA_1,NONE,okay,S_INTRODUCES_FEATURE,CAMERA_1,camera_type,This is a point and shoot camera.,10~25
187,15,CAMERA_1,['CAMERA_1'],"{'CAMERA_1': ['optical_zoom', 'color', 'price', 'settings', 'sensor_size', 'resolution', 'long_exposure', 'effects', 'preset_modes', 'ISO', 'camera_type', 'weight'], 'CAMERA_2': [], 'CAMERA_3': []}",C_QUESTION_ABOUT_FEATURE,CAMERA_1,weight,how much does this one weigh,S_ANSWERS_QUESTION_ABOUT_FEATURE,CAMERA_1,weight,This one weighs 120 grams.,16~25
187,16,CAMERA_1,['CAMERA_1'],"{'CAMERA_1': ['optical_zoom', 'color', 'price', 'settings', 'sensor_size', 'resolution', 'long_exposure', 'effects', 'preset_modes', 'ISO', 'camera_type', 'weight', 'autofocus_points'], 'CAMERA_2': [], 'CAMERA_3': []}",C_QUESTION_ABOUT_FEATURE,CAMERA_1,autofocus_points,how many autofocus points does it have,S_NOT_SURE,CAMERA_1,,I'm not really sure about that,
187,17,CAMERA_1,['CAMERA_1'],"{'CAMERA_1': ['optical_zoom', 'color', 'price', 'settings', 'sensor_size', 'resolution', 'long_exposure', 'effects', 'preset_modes', 'ISO', 'camera_type', 'weight', 'autofocus_points', 'ISO'], 'CAMERA_2': [], 'CAMERA_3': []}",C_QUESTION_ABOUT_FEATURE,CAMERA_1,ISO,what is the ISO,S_NOT_SURE,CAMERA_1,,I'm not really sure about that,
187,18,CAMERA_2,"['CAMERA_1', 'CAMERA_2']","{'CAMERA_1': ['optical_zoom', 'color', 'price', 'settings', 'sensor_size', 'resolution', 'long_exposure', 'effects', 'preset_modes', 'ISO', 'camera_type', 'weight', 'autofocus_points', 'ISO'], 'CAMERA_2': [], 'CAMERA_3': []}",C_ANYTHING_ELSE_AVAILABLE,CAMERA_1,NONE,ok do you have any other cameras,S_INTRODUCES_CAMERA,CAMERA_2,,Let me show you this. Here we have the Sony Alpha a6000.,39~55
187,19,CAMERA_2,"['CAMERA_1', 'CAMERA_2']","{'CAMERA_1': ['optical_zoom', 'color', 'price', 'settings', 'sensor_size', 'resolution', 'long_exposure', 'effects', 'preset_modes', 'ISO', 'camera_type', 'weight', 'autofocus_points', 'ISO'], 'CAMERA_2': ['effects'], 'CAMERA_3': []}",C_QUESTION_ABOUT_FEATURE,CAMERA_2,effects,does it have any effect modes,S_ANSWERS_QUESTION_ABOUT_FEATURE,CAMERA_2,effects,"This one has 13 artistic effect modes (e.g. toy camera, soft focus).",13~67
187,20,NONE,"['CAMERA_1', 'CAMERA_2']","{'CAMERA_1': ['optical_zoom', 'color', 'price', 'settings', 'sensor_size', 'resolution', 'long_exposure', 'effects', 'preset_modes', 'ISO', 'camera_type', 'weight', 'autofocus_points', 'ISO'], 'CAMERA_2': ['effects'], 'CAMERA_3': []}",C_THANK_YOU,CAMERA_2,NONE,thank you for your help,S_THANK_YOU,CAMERA_2,NONE,thank you very much,
187,21,NONE,"['CAMERA_1', 'CAMERA_2']","{'CAMERA_1': ['optical_zoom', 'color', 'price', 'settings', 'sensor_size', 'resolution', 'long_exposure', 'effects', 'preset_modes', 'ISO', 'camera_type', 'weight', 'autofocus_points', 'ISO'], 'CAMERA_2': ['effects'], 'CAMERA_3': []}",C_LEAVES,DOOR,NONE,,S_RETURNS_TO_COUNTER,SERVICE_COUNTER,NONE,,
188,1,NONE,[],"{'CAMERA_1': [], 'CAMERA_2': [], 'CAMERA_3': []}",C_ENTERS,DOOR,NONE,,S_NONE,SERVICE_COUNTER,NONE,,
188,2,NONE,[],"{'CAMERA_1': [], 'CAMERA_2': [], 'CAMERA_3': []}",C_GREETS,MIDDLE,NONE,hello,S_GREETS,MIDDLE,NONE,can I help you?,
188,3,CAMERA_1,['CAMERA_1'],"{'CAMERA_1': [], 'CAMERA_2': [], 'CAMERA_3': []}",C_LOOKING_FOR_A_CAMERA,MIDDLE,NONE,I'm looking for a camera,S_INTRODUCES_CAMERA,CAMERA_1,,Let me show you this. Here we have the Nikon Coolpix S2800.,39~58
188,4,CAMERA_1,['CAMERA_1'],"{'CAMERA_1': ['effects'], 'CAMERA_2': [], 'CAMERA_3': []}",C_SILENT_OR_BACKCHANNEL,CAMERA_1,NONE,alright,S_INTRODUCES_FEATURE,CAMERA_1,effects,"This one has 12 glamor retouch effects (e.g. skin softening, small face, big eyes).",13~82
188,5,NONE,['CAMERA_1'],"{'CAMERA_1': ['effects'], 'CAMERA_2': [], 'CAMERA_3': []}",C_THANK_YOU,CAMERA_1,NONE,thank you for your help,S_THANK_YOU,CAMERA_1,NONE,thank you very much,
188,6,NONE,['CAMERA_1'],"{'CAMERA_1': ['effects'], 'CAMERA_2': [], 'CAMERA_3': []}",C_LEAVES,DOOR,NONE,,S_RETURNS_TO_COUNTER,SERVICE_COUNTER,NONE,,
189,1,NONE,[],"{'CAMERA_1': [], 'CAMERA_2': [], 'CAMERA_3': []}",C_ENTERS,DOOR,NONE,,S_NONE,SERVICE_COUNTER,NONE,,
189,2,NONE,[],"{'CAMERA_1': [], 'CAMERA_2': [], 'CAMERA_3': []}",C_GREETS,MIDDLE,NONE,hello,S_GREETS,MIDDLE,NONE,can I help you?,
189,3,CAMERA_1,['CAMERA_1'],"{'CAMERA_1': [], 'CAMERA_2': [], 'CAMERA_3': []}",C_LOOKING_FOR_A_CAMERA,MIDDLE,NONE,I'm looking for a camera,S_INTRODUCES_CAMERA,CAMERA_1,,Let me show you this. Here we have the Nikon Coolpix S2800.,39~58
189,4,CAMERA_1,['CAMERA_1'],"{'CAMERA_1': ['sensor_size'], 'CAMERA_2': [], 'CAMERA_3': []}",C_QUESTION_ABOUT_FEATURE,CAMERA_1,sensor_size,what is the sensor size,S_NOT_SURE,CAMERA_1,,I'm not really sure about that,
189,5,CAMERA_2,"['CAMERA_1', 'CAMERA_2']","{'CAMERA_1': ['sensor_size'], 'CAMERA_2': [], 'CAMERA_3': []}",C_ANYTHING_ELSE_AVAILABLE,CAMERA_1,NONE,ok do you have any other cameras,S_INTRODUCES_CAMERA,CAMERA_2,,Let me show you this. Here we have the Sony Alpha a6000.,39~55
189,6,CAMERA_2,"['CAMERA_1', 'CAMERA_2']","{'CAMERA_1': ['sensor_size'], 'CAMERA_2': ['price'], 'CAMERA_3': []}",C_QUESTION_ABOUT_FEATURE,CAMERA_2,price,how much does it cost,S_ANSWERS_QUESTION_ABOUT_FEATURE,CAMERA_2,price,This one costs $1341.,15~20
189,7,CAMERA_2,"['CAMERA_1', 'CAMERA_2']","{'CAMERA_1': ['sensor_size'], 'CAMERA_2': ['price', 'long_exposure'], 'CAMERA_3': []}",C_QUESTION_ABOUT_FEATURE,CAMERA_2,long_exposure,can it take long exposure shots,S_ANSWERS_QUESTION_ABOUT_FEATURE,CAMERA_2,long_exposure,This one can take long exposures up to up to 30 seconds.,39~55
189,8,CAMERA_3,"['CAMERA_1', 'CAMERA_2', 'CAMERA_3']","{'CAMERA_1': ['sensor_size'], 'CAMERA_2': ['price', 'long_exposure'], 'CAMERA_3': []}",C_ANYTHING_ELSE_AVAILABLE,CAMERA_2,NONE,ok do you have any other cameras,S_INTRODUCES_CAMERA,CAMERA_3,,Let me show you this. Here we have the Canon EOS 5D Mark III.,39~60
189,9,CAMERA_3,"['CAMERA_1', 'CAMERA_2', 'CAMERA_3']","{'CAMERA_1': ['sensor_size'], 'CAMERA_2': ['price', 'long_exposure'], 'CAMERA_3': ['sensor_size']}",C_QUESTION_ABOUT_FEATURE,CAMERA_3,sensor_size,what is the sensor size,S_ANSWERS_QUESTION_ABOUT_FEATURE,CAMERA_3,sensor_size,This one has a full frame.,15~25
189,10,CAMERA_3,"['CAMERA_1', 'CAMERA_2', 'CAMERA_3']","{'CAMERA_1': ['sensor_size'], 'CAMERA_2': ['price', 'long_exposure'], 'CAMERA_3': ['sensor_size', 'weight']}",C_QUESTION_ABOUT_FEATURE,CAMERA_3,weight,how much does this one weigh,S_ANSWERS_QUESTION_ABOUT_FEATURE,CAMERA_3,weight,This one weighs 950 grams (only body).,16~37
189,11,CAMERA_3,"['CAMERA_1', 'CAMERA_2', 'CAMERA_3']","{'CAMERA_1': ['sensor_size'], 'CAMERA_2': ['price', 'long_exposure'], 'CAMERA_3': ['sensor_size', 'weight', 'price']}",C_QUESTION_ABOUT_FEATURE,CAMERA_3,price,how much does it cost,S_ANSWERS_QUESTION_ABOUT_FEATURE,CAMERA_3,price,This one costs $3706.,15~20
189,12,NONE,"['CAMERA_1', 'CAMERA_2', 'CAMERA_3']","{'CAMERA_1': ['sensor_size'], 'CAMERA_2': ['price', 'long_exposure'], 'CAMERA_3': ['sensor_size', 'weight', 'price']}",C_THANK_YOU,CAMERA_3,NONE,thank you for your help,S_THANK_YOU,CAMERA_3,NONE,thank you very much,
189,13,NONE,"['CAMERA_1', 'CAMERA_2', 'CAMERA_3']","{'CAMERA_1': ['sensor_size'], 'CAMERA_2': ['price', 'long_exposure'], 'CAMERA_3': ['sensor_size', 'weight', 'price']}",C_LEAVES,DOOR,NONE,,S_RETURNS_TO_COUNTER,SERVICE_COUNTER,NONE,,
190,1,NONE,[],"{'CAMERA_1': [], 'CAMERA_2': [], 'CAMERA_3': []}",C_ENTERS,DOOR,NONE,,S_NONE,SERVICE_COUNTER,NONE,,
190,2,NONE,[],"{'CAMERA_1': [], 'CAMERA_2': [], 'CAMERA_3': []}",C_GREETS,MIDDLE,NONE,hello,S_GREETS,MIDDLE,NONE,can I help you?,
190,3,CAMERA_1,['CAMERA_1'],"{'CAMERA_1': [], 'CAMERA_2': [], 'CAMERA_3': []}",C_LOOKING_FOR_A_CAMERA,MIDDLE,NONE,I'm looking for a camera,S_INTRODUCES_CAMERA,CAMERA_1,,Let me show you this. Here we have the Nikon Coolpix S2800.,39~58
190,4,CAMERA_1,['CAMERA_1'],"{'CAMERA_1': ['effects'], 'CAMERA_2': [], 'CAMERA_3': []}",C_SILENT_OR_BACKCHANNEL,CAMERA_1,NONE,I see,S_INTRODUCES_FEATURE,CAMERA_1,effects,"This one has 12 glamor retouch effects (e.g. skin softening, small face, big eyes).",13~82
190,5,CAMERA_1,['CAMERA_1'],"{'CAMERA_1': ['effects', 'weight'], 'CAMERA_2': [], 'CAMERA_3': []}",C_QUESTION_ABOUT_FEATURE,CAMERA_1,weight,how much does this one weigh,S_ANSWERS_QUESTION_ABOUT_FEATURE,CAMERA_1,weight,This one weighs 120 grams.,16~25
190,6,CAMERA_1,['CAMERA_1'],"{'CAMERA_1': ['effects', 'weight', 'color'], 'CAMERA_2': [], 'CAMERA_3': []}",C_QUESTION_ABOUT_FEATURE,CAMERA_1,color,what colors does this one come in,S_ANSWERS_QUESTION_ABOUT_FEATURE,CAMERA_1,color,"This one comes in purple, pink, black, silver, red.",18~50
190,7,CAMERA_1,['CAMERA_1'],"{'CAMERA_1': ['effects', 'weight', 'color', 'price'], 'CAMERA_2': [], 'CAMERA_3': []}",C_SILENT_OR_BACKCHANNEL,CAMERA_1,NONE,alright,S_INTRODUCES_FEATURE,CAMERA_1,price,This one costs $2173.,15~20
190,8,CAMERA_1,['CAMERA_1'],"{'CAMERA_1': ['effects', 'weight', 'color', 'price', 'camera_type'], 'CAMERA_2': [], 'CAMERA_3': []}",C_SILENT_OR_BACKCHANNEL,CAMERA_1,NONE,alright,S_INTRODUCES_FEATURE,CAMERA_1,camera_type,This is a point and shoot camera.,10~25
190,9,CAMERA_1,['CAMERA_1'],"{'CAMERA_1': ['effects', 'weight', 'color', 'price', 'camera_type', 'optical_zoom'], 'CAMERA_2': [], 'CAMERA_3': []}",C_SILENT_OR_BACKCHANNEL,CAMERA_1,NONE,alright,S_INTRODUCES_FEATURE,CAMERA_1,optical_zoom,This one has 5x optical zoom.,13~28
190,10,CAMERA_1,['CAMERA_1'],"{'CAMERA_1': ['effects', 'weight', 'color', 'price', 'camera_type', 'optical_zoom', 'long_exposure'], 'CAMERA_2': [], 'CAMERA_3': []}",C_QUESTION_ABOUT_FEATURE,CAMERA_1,long_exposure,can it take long exposure shots,S_NOT_SURE,CAMERA_1,,I'm not really sure about that,
190,11,CAMERA_1,['CAMERA_1'],"{'CAMERA_1': ['effects', 'weight', 'color', 'price', 'camera_type', 'optical_zoom', 'long_exposure', 'autofocus_points'], 'CAMERA_2': [], 'CAMERA_3': []}",C_QUESTION_ABOUT_FEATURE,CAMERA_1,autofocus_points,how many autofocus points does it have,S_NOT_SURE,CAMERA_1,,I'm not really sure about that,
190,12,CAMERA_1,['CAMERA_1'],"{'CAMERA_1': ['effects', 'weight', 'color', 'price', 'camera_type', 'optical_zoom', 'long_exposure', 'autofocus_points', 'ISO'], 'CAMERA_2': [], 'CAMERA_3': []}",C_QUESTION_ABOUT_FEATURE,CAMERA_1,ISO,what is the ISO,S_NOT_SURE,CAMERA_1,,I'm not really sure about that,
190,13,CAMERA_1,['CAMERA_1'],"{'CAMERA_1': ['effects', 'weight', 'color', 'price', 'camera_type', 'optical_zoom', 'long_exposure', 'autofocus_points', 'ISO', 'sensor_size'], 'CAMERA_2': [], 'CAMERA_3': []}",C_QUESTION_ABOUT_FEATURE,CAMERA_1,sensor_size,what is the sensor size,S_NOT_SURE,CAMERA_1,,I'm not really sure about that,
190,14,CAMERA_1,['CAMERA_1'],"{'CAMERA_1': ['effects', 'weight', 'color', 'price', 'camera_type', 'optical_zoom', 'long_exposure', 'autofocus_points', 'ISO', 'sensor_size', 'settings'], 'CAMERA_2': [], 'CAMERA_3': []}",C_QUESTION_ABOUT_FEATURE,CAMERA_1,settings,what kind of settings does it have,S_ANSWERS_QUESTION_ABOUT_FEATURE,CAMERA_1,settings,This one has limited manual settings.,13~36
190,15,CAMERA_1,['CAMERA_1'],"{'CAMERA_1': ['effects', 'weight', 'color', 'price', 'camera_type', 'optical_zoom', 'long_exposure', 'autofocus_points', 'ISO', 'sensor_size', 'settings', 'preset_modes'], 'CAMERA_2': [], 'CAMERA_3': []}",C_QUESTION_ABOUT_FEATURE,CAMERA_1,preset_modes,does it have preset modes,S_ANSWERS_QUESTION_ABOUT_FEATURE,CAMERA_1,preset_modes,"This one has 18 preset modes (e.g. beach, snow, night portrait).",13~63
190,16,CAMERA_1,['CAMERA_1'],"{'CAMERA_1': ['effects', 'weight', 'color', 'price', 'camera_type', 'optical_zoom', 'long_exposure', 'autofocus_points', 'ISO', 'sensor_size', 'settings', 'preset_modes', 'resolution'], 'CAMERA_2': [], 'CAMERA_3': []}",C_QUESTION_ABOUT_FEATURE,CAMERA_1,resolution,what is the resolution,S_ANSWERS_QUESTION_ABOUT_FEATURE,CAMERA_1,resolution,This one has 20.1 megapixels resolution.,13~28
190,17,CAMERA_1,['CAMERA_1'],"{'CAMERA_1': ['effects', 'weight', 'color', 'price', 'camera_type', 'optical_zoom', 'long_exposure', 'autofocus_points', 'ISO', 'sensor_size', 'settings', 'preset_modes', 'resolution', 'ISO'], 'CAMERA_2': [], 'CAMERA_3': []}",C_QUESTION_ABOUT_FEATURE,CAMERA_1,ISO,what is the ISO,S_NOT_SURE,CAMERA_1,,I'm not really sure about that,
190,18,CAMERA_1,['CAMERA_1'],"{'CAMERA_1': ['effects', 'weight', 'color', 'price', 'camera_type', 'optical_zoom', 'long_exposure', 'autofocus_points', 'ISO', 'sensor_size', 'settings', 'preset_modes', 'resolution', 'ISO', 'autofocus_points'], 'CAMERA_2': [], 'CAMERA_3': []}",C_QUESTION_ABOUT_FEATURE,CAMERA_1,autofocus_points,how many autofocus points does it have,S_NOT_SURE,CAMERA_1,,I'm not really sure about that,
190,19,CAMERA_3,"['CAMERA_1', 'CAMERA_3']","{'CAMERA_1': ['effects', 'weight', 'color', 'price', 'camera_type', 'optical_zoom', 'long_exposure', 'autofocus_points', 'ISO', 'sensor_size', 'settings', 'preset_modes', 'resolution', 'ISO', 'autofocus_points'], 'CAMERA_2': [], 'CAMERA_3': []}",C_ANYTHING_ELSE_AVAILABLE,CAMERA_1,NONE,ok do you have any other cameras,S_INTRODUCES_CAMERA,CAMERA_3,,Let me show you this. Here we have the Canon EOS 5D Mark III.,39~60
190,20,CAMERA_3,"['CAMERA_1', 'CAMERA_3']","{'CAMERA_1': ['effects', 'weight', 'color', 'price', 'camera_type', 'optical_zoom', 'long_exposure', 'autofocus_points', 'ISO', 'sensor_size', 'settings', 'preset_modes', 'resolution', 'ISO', 'autofocus_points'], 'CAMERA_2': [], 'CAMERA_3': ['long_exposure']}",C_SILENT_OR_BACKCHANNEL,CAMERA_3,NONE,I see,S_INTRODUCES_FEATURE,CAMERA_3,long_exposure,"This one can take long exposures up to up to 30 seconds, bulb mode: expose as long as you want.",39~94
190,21,CAMERA_3,"['CAMERA_1', 'CAMERA_3']","{'CAMERA_1': ['effects', 'weight', 'color', 'price', 'camera_type', 'optical_zoom', 'long_exposure', 'autofocus_points', 'ISO', 'sensor_size', 'settings', 'preset_modes', 'resolution', 'ISO', 'autofocus_points'], 'CAMERA_2': [], 'CAMERA_3': ['long_exposure', 'effects']}",C_QUESTION_ABOUT_FEATURE,CAMERA_3,effects,does it have any effect modes,S_NOT_SURE,CAMERA_3,,I'm not really sure about that,
190,22,CAMERA_3,"['CAMERA_1', 'CAMERA_3']","{'CAMERA_1': ['effects', 'weight', 'color', 'price', 'camera_type', 'optical_zoom', 'long_exposure', 'autofocus_points', 'ISO', 'sensor_size', 'settings', 'preset_modes', 'resolution', 'ISO', 'autofocus_points'], 'CAMERA_2': [], 'CAMERA_3': ['long_exposure', 'effects', 'ISO']}",C_QUESTION_ABOUT_FEATURE,CAMERA_3,ISO,what is the ISO,S_ANSWERS_QUESTION_ABOUT_FEATURE,CAMERA_3,ISO,This one has up to 6400 ISO with little noise.,13~45
190,23,CAMERA_3,"['CAMERA_1', 'CAMERA_3']","{'CAMERA_1': ['effects', 'weight', 'color', 'price', 'camera_type', 'optical_zoom', 'long_exposure', 'autofocus_points', 'ISO', 'sensor_size', 'settings', 'preset_modes', 'resolution', 'ISO', 'autofocus_points'], 'CAMERA_2': [], 'CAMERA_3': ['long_exposure', 'effects', 'ISO', 'settings']}",C_SILENT_OR_BACKCHANNEL,CAMERA_3,NONE,alright,S_INTRODUCES_FEATURE,CAMERA_3,settings,This one has full manual control.,13~32
190,24,CAMERA_3,"['CAMERA_1', 'CAMERA_3']","{'CAMERA_1': ['effects', 'weight', 'color', 'price', 'camera_type', 'optical_zoom', 'long_exposure', 'autofocus_points', 'ISO', 'sensor_size', 'settings', 'preset_modes', 'resolution', 'ISO', 'autofocus_points'], 'CAMERA_2': [], 'CAMERA_3': ['long_exposure', 'effects', 'ISO', 'settings', 'color']}",C_QUESTION_ABOUT_FEATURE,CAMERA_3,color,what colors does this one come in,S_ANSWERS_QUESTION_ABOUT_FEATURE,CAMERA_3,color,This one comes in black.,18~23
190,25,CAMERA_3,"['CAMERA_1', 'CAMERA_3']","{'CAMERA_1': ['effects', 'weight', 'color', 'price', 'camera_type', 'optical_zoom', 'long_exposure', 'autofocus_points', 'ISO', 'sensor_size', 'settings', 'preset_modes', 'resolution', 'ISO', 'autofocus_points'], 'CAMERA_2': [], 'CAMERA_3': ['long_exposure', 'effects', 'ISO', 'settings', 'color', 'price']}",C_QUESTION_ABOUT_FEATURE,CAMERA_3,price,how much does it cost,S_ANSWERS_QUESTION_ABOUT_FEATURE,CAMERA_3,price,This one costs $3706.,15~20
190,26,CAMERA_3,"['CAMERA_1', 'CAMERA_3']","{'CAMERA_1': ['effects', 'weight', 'color', 'price', 'camera_type', 'optical_zoom', 'long_exposure', 'autofocus_points', 'ISO', 'sensor_size', 'settings', 'preset_modes', 'resolution', 'ISO', 'autofocus_points'], 'CAMERA_2': [], 'CAMERA_3': ['long_exposure', 'effects', 'ISO', 'settings', 'color', 'price', 'autofocus_points']}",C_SILENT_OR_BACKCHANNEL,CAMERA_3,NONE,I see,S_INTRODUCES_FEATURE,CAMERA_3,autofocus_points,This one has 61 autofocus points.,13~32
190,27,CAMERA_3,"['CAMERA_1', 'CAMERA_3']","{'CAMERA_1': ['effects', 'weight', 'color', 'price', 'camera_type', 'optical_zoom', 'long_exposure', 'autofocus_points', 'ISO', 'sensor_size', 'settings', 'preset_modes', 'resolution', 'ISO', 'autofocus_points'], 'CAMERA_2': [], 'CAMERA_3': ['long_exposure', 'effects', 'ISO', 'settings', 'color', 'price', 'autofocus_points', 'camera_type']}",C_QUESTION_ABOUT_FEATURE,CAMERA_3,camera_type,what kind of camera is this,S_ANSWERS_QUESTION_ABOUT_FEATURE,CAMERA_3,camera_type,This is a DSLR camera.,10~14
190,28,NONE,"['CAMERA_1', 'CAMERA_3']","{'CAMERA_1': ['effects', 'weight', 'color', 'price', 'camera_type', 'optical_zoom', 'long_exposure', 'autofocus_points', 'ISO', 'sensor_size', 'settings', 'preset_modes', 'resolution', 'ISO', 'autofocus_points'], 'CAMERA_2': [], 'CAMERA_3': ['long_exposure', 'effects', 'ISO', 'settings', 'color', 'price', 'autofocus_points', 'camera_type']}",C_THANK_YOU,CAMERA_3,NONE,thank you for your help,S_THANK_YOU,CAMERA_3,NONE,thank you very much,
190,29,NONE,"['CAMERA_1', 'CAMERA_3']","{'CAMERA_1': ['effects', 'weight', 'color', 'price', 'camera_type', 'optical_zoom', 'long_exposure', 'autofocus_points', 'ISO', 'sensor_size', 'settings', 'preset_modes', 'resolution', 'ISO', 'autofocus_points'], 'CAMERA_2': [], 'CAMERA_3': ['long_exposure', 'effects', 'ISO', 'settings', 'color', 'price', 'autofocus_points', 'camera_type']}",C_LEAVES,DOOR,NONE,,S_RETURNS_TO_COUNTER,SERVICE_COUNTER,NONE,,
191,1,NONE,[],"{'CAMERA_1': [], 'CAMERA_2': [], 'CAMERA_3': []}",C_ENTERS,DOOR,NONE,,S_NONE,SERVICE_COUNTER,NONE,,
191,2,NONE,[],"{'CAMERA_1': [], 'CAMERA_2': [], 'CAMERA_3': []}",C_GREETS,MIDDLE,NONE,hello,S_GREETS,MIDDLE,NONE,can I help you?,
191,3,CAMERA_1,['CAMERA_1'],"{'CAMERA_1': [], 'CAMERA_2': [], 'CAMERA_3': []}",C_LOOKING_FOR_A_CAMERA,MIDDLE,NONE,I'm looking for a camera,S_INTRODUCES_CAMERA,CAMERA_1,,Let me show you this. Here we have the Nikon Coolpix S2800.,39~58
191,4,CAMERA_1,['CAMERA_1'],"{'CAMERA_1': ['effects'], 'CAMERA_2': [], 'CAMERA_3': []}",C_SILENT_OR_BACKCHANNEL,CAMERA_1,NONE,alright,S_INTRODUCES_FEATURE,CAMERA_1,effects,"This one has 12 glamor retouch effects (e.g. skin softening, small face, big eyes).",13~82
191,5,CAMERA_1,['CAMERA_1'],"{'CAMERA_1': ['effects', 'price'], 'CAMERA_2': [], 'CAMERA_3': []}",C_SILENT_OR_BACKCHANNEL,CAMERA_1,NONE,I see,S_INTRODUCES_FEATURE,CAMERA_1,price,This one costs $2173.,15~20
191,6,CAMERA_1,['CAMERA_1'],"{'CAMERA_1': ['effects', 'price', 'long_exposure'], 'CAMERA_2': [], 'CAMERA_3': []}",C_QUESTION_ABOUT_FEATURE,CAMERA_1,long_exposure,can it take long exposure shots,S_NOT_SURE,CAMERA_1,,I'm not really sure about that,
191,7,NONE,['CAMERA_1'],"{'CAMERA_1': ['effects', 'price', 'long_exposure'], 'CAMERA_2': [], 'CAMERA_3': []}",C_THANK_YOU,CAMERA_1,NONE,thank you for your help,S_THANK_YOU,CAMERA_1,NONE,thank you very much,
191,8,NONE,['CAMERA_1'],"{'CAMERA_1': ['effects', 'price', 'long_exposure'], 'CAMERA_2': [], 'CAMERA_3': []}",C_LEAVES,DOOR,NONE,,S_RETURNS_TO_COUNTER,SERVICE_COUNTER,NONE,,
192,1,NONE,[],"{'CAMERA_1': [], 'CAMERA_2': [], 'CAMERA_3': []}",C_ENTERS,DOOR,NONE,,S_NONE,SERVICE_COUNTER,NONE,,
192,2,NONE,[],"{'CAMERA_1': [], 'CAMERA_2': [], 'CAMERA_3': []}",C_WALKS_TO_CAMERA,CAMERA_3,NONE,,S_GREETS,CAMERA_3,NONE,can I help you?,
192,3,CAMERA_2,['CAMERA_2'],"{'CAMERA_1': [], 'CAMERA_2': [], 'CAMERA_3': []}",C_LOOKING_FOR_A_CAMERA,CAMERA_3,NONE,I'm looking for a camera,S_INTRODUCES_CAMERA,CAMERA_2,,Let me show you this. Here we have the Sony Alpha a6000.,39~55
192,4,CAMERA_2,['CAMERA_2'],"{'CAMERA_1': [], 'CAMERA_2': ['preset_modes'], 'CAMERA_3': []}",C_SILENT_OR_BACKCHANNEL,CAMERA_2,NONE,I see,S_INTRODUCES_FEATURE,CAMERA_2,preset_modes,"This one has 9 preset modes (e.g. beach, snow, night, portrait).",13~63
192,5,CAMERA_2,['CAMERA_2'],"{'CAMERA_1': [], 'CAMERA_2': ['preset_modes', 'color'], 'CAMERA_3': []}",C_SILENT_OR_BACKCHANNEL,CAMERA_2,NONE,alright,S_INTRODUCES_FEATURE,CAMERA_2,color,"This one comes in white, silver, black.",18~38
192,6,CAMERA_2,['CAMERA_2'],"{'CAMERA_1': [], 'CAMERA_2': ['preset_modes', 'color', 'optical_zoom'], 'CAMERA_3': []}",C_QUESTION_ABOUT_FEATURE,CAMERA_2,optical_zoom,does it have optical zoom,S_NOT_SURE,CAMERA_2,,I'm not really sure about that,
192,7,CAMERA_2,['CAMERA_2'],"{'CAMERA_1': [], 'CAMERA_2': ['preset_modes', 'color', 'optical_zoom', 'price'], 'CAMERA_3': []}",C_QUESTION_ABOUT_FEATURE,CAMERA_2,price,how much does it cost,S_ANSWERS_QUESTION_ABOUT_FEATURE,CAMERA_2,price,This one costs $1341.,15~20
192,8,CAMERA_2,['CAMERA_2'],"{'CAMERA_1': [], 'CAMERA_2': ['preset_modes', 'color', 'optical_zoom', 'price', 'camera_type'], 'CAMERA_3': []}",C_QUESTION_ABOUT_FEATURE,CAMERA_2,camera_type,what kind of camera is this,S_ANSWERS_QUESTION_ABOUT_FEATURE,CAMERA_2,camera_type,This is a mirrorless camera.,10~20
192,9,CAMERA_2,['CAMERA_2'],"{'CAMERA_1': [], 'CAMERA_2': ['preset_modes', 'color', 'optical_zoom', 'price', 'camera_type', 'autofocus_points'], 'CAMERA_3': []}",C_QUESTION_ABOUT_FEATURE,CAMERA_2,autofocus_points,how many autofocus points does it have,S_ANSWERS_QUESTION_ABOUT_FEATURE,CAMERA_2,autofocus_points,This one has 179 autofocus points.,13~33
192,10,CAMERA_2,['CAMERA_2'],"{'CAMERA_1': [], 'CAMERA_2': ['preset_modes', 'color', 'optical_zoom', 'price', 'camera_type', 'autofocus_points', 'sensor_size'], 'CAMERA_3': []}",C_QUESTION_ABOUT_FEATURE,CAMERA_2,sensor_size,what is the sensor size,S_ANSWERS_QUESTION_ABOUT_FEATURE,CAMERA_2,sensor_size,This one has a APS-C sensor (crop sensor).,15~41
192,11,CAMERA_3,"['CAMERA_2', 'CAMERA_3']","{'CAMERA_1': [], 'CAMERA_2': ['preset_modes', 'color', 'optical_zoom', 'price', 'camera_type', 'autofocus_points', 'sensor_size'], 'CAMERA_3': []}",C_ANYTHING_ELSE_AVAILABLE,CAMERA_2,NONE,ok do you have any other cameras,S_INTRODUCES_CAMERA,CAMERA_3,,Let me show you this. Here we have the Canon EOS 5D Mark III.,39~60
192,12,CAMERA_3,"['CAMERA_2', 'CAMERA_3']","{'CAMERA_1': [], 'CAMERA_2': ['preset_modes', 'color', 'optical_zoom', 'price', 'camera_type', 'autofocus_points', 'sensor_size'], 'CAMERA_3': ['camera_type']}",C_QUESTION_ABOUT_FEATURE,CAMERA_3,camera_type,what kind of camera is this,S_ANSWERS_QUESTION_ABOUT_FEATURE,CAMERA_3,camera_type,This is a DSLR camera.,10~14
192,13,CAMERA_3,"['CAMERA_2', 'CAMERA_3']","{'CAMERA_1': [], 'CAMERA_2': ['preset_modes', 'color', 'optical_zoom', 'price', 'camera_type', 'autofocus_points', 'sensor_size'], 'CAMERA_3': ['camera_type', 'settings']}",C_SILENT_OR_BACKCHANNEL,CAMERA_3,NONE,alright,S_INTRODUCES_FEATURE,CAMERA_3,settings,This one has full manual control.,13~32
192,14,CAMERA_1,"['CAMERA_2', 'CAMERA_3', 'CAMERA_1']","{'CAMERA_1': [], 'CAMERA_2': ['preset_modes', 'color', 'optical_zoom', 'price', 'camera_type', 'autofocus_points', 'sensor_size'], 'CAMERA_3': ['camera_type', 'settings']}",C_ANYTHING_ELSE_AVAILABLE,CAMERA_3,NONE,ok do you have any other cameras,S_INTRODUCES_CAMERA,CAMERA_1,,Let me show you this. Here we have the Nikon Coolpix S2800.,39~58
192,15,CAMERA_1,"['CAMERA_2', 'CAMERA_3', 'CAMERA_1']","{'CAMERA_1': ['sensor_size'], 'CAMERA_2': ['preset_modes', 'color', 'optical_zoom', 'price', 'camera_type', 'autofocus_points', 'sensor_size'], 'CAMERA_3': ['camera_type', 'settings']}",C_QUESTION_ABOUT_FEATURE,CAMERA_1,sensor_size,what is the sensor size,S_NOT_SURE,CAMERA_1,,I'm not really sure about that,
192,16,CAMERA_1,"['CAMERA_2', 'CAMERA_3', 'CAMERA_1']","{'CAMERA_1': ['sensor_size', 'resolution'], 'CAMERA_2': ['preset_modes', 'color', 'optical_zoom', 'price', 'camera_type', 'autofocus_points', 'sensor_size'], 'CAMERA_3': ['camera_type', 'settings']}",C_SILENT_OR_BACKCHANNEL,CAMERA_1,NONE,okay,S_INTRODUCES_FEATURE,CAMERA_1,resolution,This one has 20.1 megapixels resolution.,13~28
192,17,CAMERA_1,"['CAMERA_2', 'CAMERA_3', 'CAMERA_1']","{'CAMERA_1': ['sensor_size', 'resolution', 'camera_type'], 'CAMERA_2': ['preset_modes', 'color', 'optical_zoom', 'price', 'camera_type', 'autofocus_points', 'sensor_size'], 'CAMERA_3': ['camera_type', 'settings']}",C_SILENT_OR_BACKCHANNEL,CAMERA_1,NONE,I see,S_INTRODUCES_FEATURE,CAMERA_1,camera_type,This is a point and shoot camera.,10~25
192,18,,"['CAMERA_2', 'CAMERA_3', 'CAMERA_1']","{'CAMERA_1': ['sensor_size', 'resolution', 'camera_type'], 'CAMERA_2': ['preset_modes', 'color', 'optical_zoom', 'price', 'camera_type', 'autofocus_points', 'sensor_size'], 'CAMERA_3': ['camera_type', 'settings']}",C_ANYTHING_ELSE_AVAILABLE,CAMERA_1,NONE,ok do you have any other cameras,S_THATS_ALL_WE_HAVE_AVAILABLE,CAMERA_1,,That’s all we have available at the moment.,
192,19,NONE,"['CAMERA_2', 'CAMERA_3', 'CAMERA_1']","{'CAMERA_1': ['sensor_size', 'resolution', 'camera_type'], 'CAMERA_2': ['preset_modes', 'color', 'optical_zoom', 'price', 'camera_type', 'autofocus_points', 'sensor_size'], 'CAMERA_3': ['camera_type', 'settings']}",C_THANK_YOU,CAMERA_1,NONE,thank you for your help,S_THANK_YOU,CAMERA_1,NONE,thank you very much,
192,20,NONE,"['CAMERA_2', 'CAMERA_3', 'CAMERA_1']","{'CAMERA_1': ['sensor_size', 'resolution', 'camera_type'], 'CAMERA_2': ['preset_modes', 'color', 'optical_zoom', 'price', 'camera_type', 'autofocus_points', 'sensor_size'], 'CAMERA_3': ['camera_type', 'settings']}",C_LEAVES,DOOR,NONE,,S_RETURNS_TO_COUNTER,SERVICE_COUNTER,NONE,,
193,1,NONE,[],"{'CAMERA_1': [], 'CAMERA_2': [], 'CAMERA_3': []}",C_ENTERS,DOOR,NONE,,S_NONE,SERVICE_COUNTER,NONE,,
193,2,NONE,[],"{'CAMERA_1': [], 'CAMERA_2': [], 'CAMERA_3': []}",C_WALKS_TO_CAMERA,CAMERA_1,NONE,,S_GREETS,CAMERA_1,NONE,can I help you?,
193,3,CAMERA_1,['CAMERA_1'],"{'CAMERA_1': [], 'CAMERA_2': [], 'CAMERA_3': []}",C_LOOKING_FOR_A_CAMERA,CAMERA_1,NONE,I'm looking for a camera,S_INTRODUCES_CAMERA,CAMERA_1,,Let me show you this. Here we have the Nikon Coolpix S2800.,39~58
193,4,CAMERA_1,['CAMERA_1'],"{'CAMERA_1': ['autofocus_points'], 'CAMERA_2': [], 'CAMERA_3': []}",C_QUESTION_ABOUT_FEATURE,CAMERA_1,autofocus_points,how many autofocus points does it have,S_NOT_SURE,CAMERA_1,,I'm not really sure about that,
193,5,CAMERA_1,['CAMERA_1'],"{'CAMERA_1': ['autofocus_points', 'weight'], 'CAMERA_2': [], 'CAMERA_3': []}",C_QUESTION_ABOUT_FEATURE,CAMERA_1,weight,how much does this one weigh,S_ANSWERS_QUESTION_ABOUT_FEATURE,CAMERA_1,weight,This one weighs 120 grams.,16~25
193,6,NONE,['CAMERA_1'],"{'CAMERA_1': ['autofocus_points', 'weight'], 'CAMERA_2': [], 'CAMERA_3': []}",C_THANK_YOU,CAMERA_1,NONE,thank you for your help,S_THANK_YOU,CAMERA_1,NONE,thank you very much,
193,7,NONE,['CAMERA_1'],"{'CAMERA_1': ['autofocus_points', 'weight'], 'CAMERA_2': [], 'CAMERA_3': []}",C_LEAVES,DOOR,NONE,,S_RETURNS_TO_COUNTER,SERVICE_COUNTER,NONE,,
194,1,NONE,[],"{'CAMERA_1': [], 'CAMERA_2': [], 'CAMERA_3': []}",C_ENTERS,DOOR,NONE,,S_NONE,SERVICE_COUNTER,NONE,,
194,2,NONE,[],"{'CAMERA_1': [], 'CAMERA_2': [], 'CAMERA_3': []}",C_GREETS,MIDDLE,NONE,hello,S_GREETS,MIDDLE,NONE,can I help you?,
194,3,CAMERA_3,['CAMERA_3'],"{'CAMERA_1': [], 'CAMERA_2': [], 'CAMERA_3': []}",C_LOOKING_FOR_A_CAMERA,MIDDLE,NONE,I'm looking for a camera,S_INTRODUCES_CAMERA,CAMERA_3,,Let me show you this. Here we have the Canon EOS 5D Mark III.,39~60
194,4,CAMERA_3,['CAMERA_3'],"{'CAMERA_1': [], 'CAMERA_2': [], 'CAMERA_3': ['sensor_size']}",C_SILENT_OR_BACKCHANNEL,CAMERA_3,NONE,alright,S_INTRODUCES_FEATURE,CAMERA_3,sensor_size,This one has a full frame.,15~25
194,5,CAMERA_3,['CAMERA_3'],"{'CAMERA_1': [], 'CAMERA_2': [], 'CAMERA_3': ['sensor_size', 'long_exposure']}",C_QUESTION_ABOUT_FEATURE,CAMERA_3,long_exposure,can it take long exposure shots,S_ANSWERS_QUESTION_ABOUT_FEATURE,CAMERA_3,long_exposure,"This one can take long exposures up to up to 30 seconds, bulb mode: expose as long as you want.",39~94
194,6,CAMERA_3,['CAMERA_3'],"{'CAMERA_1': [], 'CAMERA_2': [], 'CAMERA_3': ['sensor_size', 'long_exposure', 'preset_modes']}",C_QUESTION_ABOUT_FEATURE,CAMERA_3,preset_modes,does it have preset modes,S_NOT_SURE,CAMERA_3,,I'm not really sure about that,
194,7,CAMERA_1,"['CAMERA_3', 'CAMERA_1']","{'CAMERA_1': [], 'CAMERA_2': [], 'CAMERA_3': ['sensor_size', 'long_exposure', 'preset_modes']}",C_ANYTHING_ELSE_AVAILABLE,CAMERA_3,NONE,ok do you have any other cameras,S_INTRODUCES_CAMERA,CAMERA_1,,Let me show you this. Here we have the Nikon Coolpix S2800.,39~58
194,8,CAMERA_1,"['CAMERA_3', 'CAMERA_1']","{'CAMERA_1': ['color'], 'CAMERA_2': [], 'CAMERA_3': ['sensor_size', 'long_exposure', 'preset_modes']}",C_QUESTION_ABOUT_FEATURE,CAMERA_1,color,what colors does this one come in,S_ANSWERS_QUESTION_ABOUT_FEATURE,CAMERA_1,color,"This one comes in purple, pink, black, silver, red.",18~50
194,9,CAMERA_1,"['CAMERA_3', 'CAMERA_1']","{'CAMERA_1': ['color', 'autofocus_points'], 'CAMERA_2': [], 'CAMERA_3': ['sensor_size', 'long_exposure', 'preset_modes']}",C_QUESTION_ABOUT_FEATURE,CAMERA_1,autofocus_points,how many autofocus points does it have,S_NOT_SURE,CAMERA_1,,I'm not really sure about that,
194,10,CAMERA_1,"['CAMERA_3', 'CAMERA_1']","{'CAMERA_1': ['color', 'autofocus_points', 'effects'], 'CAMERA_2': [], 'CAMERA_3': ['sensor_size', 'long_exposure', 'preset_modes']}",C_SILENT_OR_BACKCHANNEL,CAMERA_1,NONE,I see,S_INTRODUCES_FEATURE,CAMERA_1,effects,"This one has 12 glamor retouch effects (e.g. skin softening, small face, big eyes).",13~82
194,11,CAMERA_1,"['CAMERA_3', 'CAMERA_1']","{'CAMERA_1': ['color', 'autofocus_points', 'effects', 'camera_type'], 'CAMERA_2': [], 'CAMERA_3': ['sensor_size', 'long_exposure', 'preset_modes']}",C_SILENT_OR_BACKCHANNEL,CAMERA_1,NONE,okay,S_INTRODUCES_FEATURE,CAMERA_1,camera_type,This is a point and shoot camera.,10~25
194,12,NONE,"['CAMERA_3', 'CAMERA_1']","{'CAMERA_1': ['color', 'autofocus_points', 'effects', 'camera_type'], 'CAMERA_2': [], 'CAMERA_3': ['sensor_size', 'long_exposure', 'preset_modes']}",C_THANK_YOU,CAMERA_1,NONE,thank you for your help,S_THANK_YOU,CAMERA_1,NONE,thank you very much,
194,13,NONE,"['CAMERA_3', 'CAMERA_1']","{'CAMERA_1': ['color', 'autofocus_points', 'effects', 'camera_type'], 'CAMERA_2': [], 'CAMERA_3': ['sensor_size', 'long_exposure', 'preset_modes']}",C_LEAVES,DOOR,NONE,,S_RETURNS_TO_COUNTER,SERVICE_COUNTER,NONE,,
195,1,NONE,[],"{'CAMERA_1': [], 'CAMERA_2': [], 'CAMERA_3': []}",C_ENTERS,DOOR,NONE,,S_NONE,SERVICE_COUNTER,NONE,,
195,2,NONE,[],"{'CAMERA_1': [], 'CAMERA_2': [], 'CAMERA_3': []}",C_GREETS,MIDDLE,NONE,hello,S_GREETS,MIDDLE,NONE,can I help you?,
195,3,CAMERA_3,['CAMERA_3'],"{'CAMERA_1': [], 'CAMERA_2': [], 'CAMERA_3': []}",C_LOOKING_FOR_A_CAMERA,MIDDLE,NONE,I'm looking for a camera,S_INTRODUCES_CAMERA,CAMERA_3,,Let me show you this. Here we have the Canon EOS 5D Mark III.,39~60
195,4,CAMERA_3,['CAMERA_3'],"{'CAMERA_1': [], 'CAMERA_2': [], 'CAMERA_3': ['settings']}",C_SILENT_OR_BACKCHANNEL,CAMERA_3,NONE,okay,S_INTRODUCES_FEATURE,CAMERA_3,settings,This one has full manual control.,13~32
195,5,CAMERA_3,['CAMERA_3'],"{'CAMERA_1': [], 'CAMERA_2': [], 'CAMERA_3': ['settings', 'optical_zoom']}",C_QUESTION_ABOUT_FEATURE,CAMERA_3,optical_zoom,does it have optical zoom,S_NOT_SURE,CAMERA_3,,I'm not really sure about that,
195,6,CAMERA_3,['CAMERA_3'],"{'CAMERA_1': [], 'CAMERA_2': [], 'CAMERA_3': ['settings', 'optical_zoom', 'weight']}",C_SILENT_OR_BACKCHANNEL,CAMERA_3,NONE,okay,S_INTRODUCES_FEATURE,CAMERA_3,weight,This one weighs 950 grams (only body).,16~37
195,7,NONE,['CAMERA_3'],"{'CAMERA_1': [], 'CAMERA_2': [], 'CAMERA_3': ['settings', 'optical_zoom', 'weight']}",C_THANK_YOU,CAMERA_3,NONE,thank you for your help,S_THANK_YOU,CAMERA_3,NONE,thank you very much,
195,8,NONE,['CAMERA_3'],"{'CAMERA_1': [], 'CAMERA_2': [], 'CAMERA_3': ['settings', 'optical_zoom', 'weight']}",C_LEAVES,DOOR,NONE,,S_RETURNS_TO_COUNTER,SERVICE_COUNTER,NONE,,
196,1,NONE,[],"{'CAMERA_1': [], 'CAMERA_2': [], 'CAMERA_3': []}",C_ENTERS,DOOR,NONE,,S_NONE,SERVICE_COUNTER,NONE,,
196,2,NONE,[],"{'CAMERA_1': [], 'CAMERA_2': [], 'CAMERA_3': []}",C_GREETS,MIDDLE,NONE,hello,S_GREETS,MIDDLE,NONE,can I help you?,
196,3,CAMERA_2,['CAMERA_2'],"{'CAMERA_1': [], 'CAMERA_2': [], 'CAMERA_3': []}",C_LOOKING_FOR_A_CAMERA,MIDDLE,NONE,I'm looking for a camera,S_INTRODUCES_CAMERA,CAMERA_2,,Let me show you this. Here we have the Sony Alpha a6000.,39~55
196,4,CAMERA_2,['CAMERA_2'],"{'CAMERA_1': [], 'CAMERA_2': ['optical_zoom'], 'CAMERA_3': []}",C_QUESTION_ABOUT_FEATURE,CAMERA_2,optical_zoom,does it have optical zoom,S_NOT_SURE,CAMERA_2,,I'm not really sure about that,
196,5,CAMERA_3,"['CAMERA_2', 'CAMERA_3']","{'CAMERA_1': [], 'CAMERA_2': ['optical_zoom'], 'CAMERA_3': []}",C_ANYTHING_ELSE_AVAILABLE,CAMERA_2,NONE,ok do you have any other cameras,S_INTRODUCES_CAMERA,CAMERA_3,,Let me show you this. Here we have the Canon EOS 5D Mark III.,39~60
196,6,CAMERA_3,"['CAMERA_2', 'CAMERA_3']","{'CAMERA_1': [], 'CAMERA_2': ['optical_zoom'], 'CAMERA_3': ['long_exposure']}",C_QUESTION_ABOUT_FEATURE,CAMERA_3,long_exposure,can it take long exposure shots,S_ANSWERS_QUESTION_ABOUT_FEATURE,CAMERA_3,long_exposure,"This one can take long exposures up to up to 30 seconds, bulb mode: expose as long as you want.",39~94
196,7,CAMERA_3,"['CAMERA_2', 'CAMERA_3']","{'CAMERA_1': [], 'CAMERA_2': ['optical_zoom'], 'CAMERA_3': ['long_exposure', 'autofocus_points']}",C_SILENT_OR_BACKCHANNEL,CAMERA_3,NONE,okay,S_INTRODUCES_FEATURE,CAMERA_3,autofocus_points,This one has 61 autofocus points.,13~32
196,8,CAMERA_3,"['CAMERA_2', 'CAMERA_3']","{'CAMERA_1': [], 'CAMERA_2': ['optical_zoom'], 'CAMERA_3': ['long_exposure', 'autofocus_points', 'weight']}",C_SILENT_OR_BACKCHANNEL,CAMERA_3,NONE,alright,S_INTRODUCES_FEATURE,CAMERA_3,weight,This one weighs 950 grams (only body).,16~37
196,9,CAMERA_3,"['CAMERA_2', 'CAMERA_3']","{'CAMERA_1': [], 'CAMERA_2': ['optical_zoom'], 'CAMERA_3': ['long_exposure', 'autofocus_points', 'weight', 'sensor_size']}",C_QUESTION_ABOUT_FEATURE,CAMERA_3,sensor_size,what is the sensor size,S_ANSWERS_QUESTION_ABOUT_FEATURE,CAMERA_3,sensor_size,This one has a full frame.,15~25
196,10,CAMERA_3,"['CAMERA_2', 'CAMERA_3']","{'CAMERA_1': [], 'CAMERA_2': ['optical_zoom'], 'CAMERA_3': ['long_exposure', 'autofocus_points', 'weight', 'sensor_size', 'color']}",C_SILENT_OR_BACKCHANNEL,CAMERA_3,NONE,okay,S_INTRODUCES_FEATURE,CAMERA_3,color,This one comes in black.,18~23
196,11,NONE,"['CAMERA_2', 'CAMERA_3']","{'CAMERA_1': [], 'CAMERA_2': ['optical_zoom'], 'CAMERA_3': ['long_exposure', 'autofocus_points', 'weight', 'sensor_size', 'color']}",C_THANK_YOU,CAMERA_3,NONE,thank you for your help,S_THANK_YOU,CAMERA_3,NONE,thank you very much,
196,12,NONE,"['CAMERA_2', 'CAMERA_3']","{'CAMERA_1': [], 'CAMERA_2': ['optical_zoom'], 'CAMERA_3': ['long_exposure', 'autofocus_points', 'weight', 'sensor_size', 'color']}",C_LEAVES,DOOR,NONE,,S_RETURNS_TO_COUNTER,SERVICE_COUNTER,NONE,,
197,1,NONE,[],"{'CAMERA_1': [], 'CAMERA_2': [], 'CAMERA_3': []}",C_ENTERS,DOOR,NONE,,S_NONE,SERVICE_COUNTER,NONE,,
197,2,NONE,[],"{'CAMERA_1': [], 'CAMERA_2': [], 'CAMERA_3': []}",C_GREETS,MIDDLE,NONE,hello,S_GREETS,MIDDLE,NONE,can I help you?,
197,3,CAMERA_3,['CAMERA_3'],"{'CAMERA_1': [], 'CAMERA_2': [], 'CAMERA_3': []}",C_LOOKING_FOR_A_CAMERA,MIDDLE,NONE,I'm looking for a camera,S_INTRODUCES_CAMERA,CAMERA_3,,Let me show you this. Here we have the Canon EOS 5D Mark III.,39~60
197,4,CAMERA_3,['CAMERA_3'],"{'CAMERA_1': [], 'CAMERA_2': [], 'CAMERA_3': ['color']}",C_SILENT_OR_BACKCHANNEL,CAMERA_3,NONE,alright,S_INTRODUCES_FEATURE,CAMERA_3,color,This one comes in black.,18~23
197,5,CAMERA_2,"['CAMERA_3', 'CAMERA_2']","{'CAMERA_1': [], 'CAMERA_2': [], 'CAMERA_3': ['color']}",C_ANYTHING_ELSE_AVAILABLE,CAMERA_3,NONE,ok do you have any other cameras,S_INTRODUCES_CAMERA,CAMERA_2,,Let me show you this. Here we have the Sony Alpha a6000.,39~55
197,6,CAMERA_2,"['CAMERA_3', 'CAMERA_2']","{'CAMERA_1': [], 'CAMERA_2': ['sensor_size'], 'CAMERA_3': ['color']}",C_QUESTION_ABOUT_FEATURE,CAMERA_2,sensor_size,what is the sensor size,S_ANSWERS_QUESTION_ABOUT_FEATURE,CAMERA_2,sensor_size,This one has a APS-C sensor (crop sensor).,15~41
197,7,CAMERA_1,"['CAMERA_3', 'CAMERA_2', 'CAMERA_1']","{'CAMERA_1': [], 'CAMERA_2': ['sensor_size'], 'CAMERA_3': ['color']}",C_ANYTHING_ELSE_AVAILABLE,CAMERA_2,NONE,ok do you have any other cameras,S_INTRODUCES_CAMERA,CAMERA_1,,Let me show you this. Here we have the Nikon Coolpix S2800.,39~58
197,8,CAMERA_1,"['CAMERA_3', 'CAMERA_2', 'CAMERA_1']","{'CAMERA_1': ['long_exposure'], 'CAMERA_2': ['sensor_size'], 'CAMERA_3': ['color']}",C_QUESTION_ABOUT_FEATURE,CAMERA_1,long_exposure,can it take long exposure shots,S_NOT_SURE,CAMERA_1,,I'm not really sure about that,
197,9,,"['CAMERA_3', 'CAMERA_2', 'CAMERA_1']","{'CAMERA_1': ['long_exposure'], 'CAMERA_2': ['sensor_size'], 'CAMERA_3': ['color']}",C_ANYTHING_ELSE_AVAILABLE,CAMERA_1,NONE,ok do you have any other cameras,S_THATS_ALL_WE_HAVE_AVAILABLE,CAMERA_1,,That’s all we have available at the moment.,
197,10,NONE,"['CAMERA_3', 'CAMERA_2', 'CAMERA_1']","{'CAMERA_1': ['long_exposure'], 'CAMERA_2': ['sensor_size'], 'CAMERA_3': ['color']}",C_THANK_YOU,CAMERA_1,NONE,thank you for your help,S_THANK_YOU,CAMERA_1,NONE,thank you very much,
197,11,NONE,"['CAMERA_3', 'CAMERA_2', 'CAMERA_1']","{'CAMERA_1': ['long_exposure'], 'CAMERA_2': ['sensor_size'], 'CAMERA_3': ['color']}",C_LEAVES,DOOR,NONE,,S_RETURNS_TO_COUNTER,SERVICE_COUNTER,NONE,,
198,1,NONE,[],"{'CAMERA_1': [], 'CAMERA_2': [], 'CAMERA_3': []}",C_ENTERS,DOOR,NONE,,S_NONE,SERVICE_COUNTER,NONE,,
198,2,NONE,[],"{'CAMERA_1': [], 'CAMERA_2': [], 'CAMERA_3': []}",C_WALKS_TO_CAMERA,CAMERA_1,NONE,,S_GREETS,CAMERA_1,NONE,can I help you?,
198,3,CAMERA_2,['CAMERA_2'],"{'CAMERA_1': [], 'CAMERA_2': [], 'CAMERA_3': []}",C_LOOKING_FOR_A_CAMERA,CAMERA_1,NONE,I'm looking for a camera,S_INTRODUCES_CAMERA,CAMERA_2,,Let me show you this. Here we have the Sony Alpha a6000.,39~55
198,4,CAMERA_2,['CAMERA_2'],"{'CAMERA_1': [], 'CAMERA_2': ['ISO'], 'CAMERA_3': []}",C_QUESTION_ABOUT_FEATURE,CAMERA_2,ISO,what is the ISO,S_ANSWERS_QUESTION_ABOUT_FEATURE,CAMERA_2,ISO,This one has up to 3200 ISO with little noise.,13~45
198,5,NONE,['CAMERA_2'],"{'CAMERA_1': [], 'CAMERA_2': ['ISO'], 'CAMERA_3': []}",C_THANK_YOU,CAMERA_2,NONE,thank you for your help,S_THANK_YOU,CAMERA_2,NONE,thank you very much,
198,6,NONE,['CAMERA_2'],"{'CAMERA_1': [], 'CAMERA_2': ['ISO'], 'CAMERA_3': []}",C_LEAVES,DOOR,NONE,,S_RETURNS_TO_COUNTER,SERVICE_COUNTER,NONE,,
199,1,NONE,[],"{'CAMERA_1': [], 'CAMERA_2': [], 'CAMERA_3': []}",C_ENTERS,DOOR,NONE,,S_NONE,SERVICE_COUNTER,NONE,,
199,2,NONE,[],"{'CAMERA_1': [], 'CAMERA_2': [], 'CAMERA_3': []}",C_GREETS,MIDDLE,NONE,hello,S_GREETS,MIDDLE,NONE,can I help you?,
199,3,CAMERA_3,['CAMERA_3'],"{'CAMERA_1': [], 'CAMERA_2': [], 'CAMERA_3': []}",C_LOOKING_FOR_A_CAMERA,MIDDLE,NONE,I'm looking for a camera,S_INTRODUCES_CAMERA,CAMERA_3,,Let me show you this. Here we have the Canon EOS 5D Mark III.,39~60
199,4,CAMERA_3,['CAMERA_3'],"{'CAMERA_1': [], 'CAMERA_2': [], 'CAMERA_3': ['effects']}",C_QUESTION_ABOUT_FEATURE,CAMERA_3,effects,does it have any effect modes,S_NOT_SURE,CAMERA_3,,I'm not really sure about that,
199,5,CAMERA_3,['CAMERA_3'],"{'CAMERA_1': [], 'CAMERA_2': [], 'CAMERA_3': ['effects', 'ISO']}",C_SILENT_OR_BACKCHANNEL,CAMERA_3,NONE,okay,S_INTRODUCES_FEATURE,CAMERA_3,ISO,This one has up to 6400 ISO with little noise.,13~45
199,6,NONE,['CAMERA_3'],"{'CAMERA_1': [], 'CAMERA_2': [], 'CAMERA_3': ['effects', 'ISO']}",C_THANK_YOU,CAMERA_3,NONE,thank you for your help,S_THANK_YOU,CAMERA_3,NONE,thank you very much,
199,7,NONE,['CAMERA_3'],"{'CAMERA_1': [], 'CAMERA_2': [], 'CAMERA_3': ['effects', 'ISO']}",C_LEAVES,DOOR,NONE,,S_RETURNS_TO_COUNTER,SERVICE_COUNTER,NONE,,
200,1,NONE,[],"{'CAMERA_1': [], 'CAMERA_2': [], 'CAMERA_3': []}",C_ENTERS,DOOR,NONE,,S_NONE,SERVICE_COUNTER,NONE,,
200,2,NONE,[],"{'CAMERA_1': [], 'CAMERA_2': [], 'CAMERA_3': []}",C_GREETS,MIDDLE,NONE,hello,S_GREETS,MIDDLE,NONE,can I help you?,
200,3,CAMERA_3,['CAMERA_3'],"{'CAMERA_1': [], 'CAMERA_2': [], 'CAMERA_3': []}",C_LOOKING_FOR_A_CAMERA,MIDDLE,NONE,I'm looking for a camera,S_INTRODUCES_CAMERA,CAMERA_3,,Let me show you this. Here we have the Canon EOS 5D Mark III.,39~60
200,4,CAMERA_3,['CAMERA_3'],"{'CAMERA_1': [], 'CAMERA_2': [], 'CAMERA_3': ['sensor_size']}",C_QUESTION_ABOUT_FEATURE,CAMERA_3,sensor_size,what is the sensor size,S_ANSWERS_QUESTION_ABOUT_FEATURE,CAMERA_3,sensor_size,This one has a full frame.,15~25
200,5,CAMERA_3,['CAMERA_3'],"{'CAMERA_1': [], 'CAMERA_2': [], 'CAMERA_3': ['sensor_size', 'camera_type']}",C_SILENT_OR_BACKCHANNEL,CAMERA_3,NONE,okay,S_INTRODUCES_FEATURE,CAMERA_3,camera_type,This is a DSLR camera.,10~14
200,6,NONE,['CAMERA_3'],"{'CAMERA_1': [], 'CAMERA_2': [], 'CAMERA_3': ['sensor_size', 'camera_type']}",C_THANK_YOU,CAMERA_3,NONE,thank you for your help,S_THANK_YOU,CAMERA_3,NONE,thank you very much,
200,7,NONE,['CAMERA_3'],"{'CAMERA_1': [], 'CAMERA_2': [], 'CAMERA_3': ['sensor_size', 'camera_type']}",C_LEAVES,DOOR,NONE,,S_RETURNS_TO_COUNTER,SERVICE_COUNTER,NONE,,
201,1,NONE,[],"{'CAMERA_1': [], 'CAMERA_2': [], 'CAMERA_3': []}",C_ENTERS,DOOR,NONE,,S_NONE,SERVICE_COUNTER,NONE,,
201,2,NONE,[],"{'CAMERA_1': [], 'CAMERA_2': [], 'CAMERA_3': []}",C_WALKS_TO_CAMERA,CAMERA_1,NONE,,S_GREETS,CAMERA_1,NONE,can I help you?,
201,3,CAMERA_1,['CAMERA_1'],"{'CAMERA_1': [], 'CAMERA_2': [], 'CAMERA_3': []}",C_LOOKING_FOR_A_CAMERA,CAMERA_1,NONE,I'm looking for a camera,S_INTRODUCES_CAMERA,CAMERA_1,,Let me show you this. Here we have the Nikon Coolpix S2800.,39~58
201,4,CAMERA_1,['CAMERA_1'],"{'CAMERA_1': ['optical_zoom'], 'CAMERA_2': [], 'CAMERA_3': []}",C_SILENT_OR_BACKCHANNEL,CAMERA_1,NONE,I see,S_INTRODUCES_FEATURE,CAMERA_1,optical_zoom,This one has 5x optical zoom.,13~28
201,5,CAMERA_1,['CAMERA_1'],"{'CAMERA_1': ['optical_zoom', 'settings'], 'CAMERA_2': [], 'CAMERA_3': []}",C_SILENT_OR_BACKCHANNEL,CAMERA_1,NONE,okay,S_INTRODUCES_FEATURE,CAMERA_1,settings,This one has limited manual settings.,13~36
201,6,CAMERA_1,['CAMERA_1'],"{'CAMERA_1': ['optical_zoom', 'settings', 'long_exposure'], 'CAMERA_2': [], 'CAMERA_3': []}",C_QUESTION_ABOUT_FEATURE,CAMERA_1,long_exposure,can it take long exposure shots,S_NOT_SURE,CAMERA_1,,I'm not really sure about that,
201,7,CAMERA_1,['CAMERA_1'],"{'CAMERA_1': ['optical_zoom', 'settings', 'long_exposure', 'preset_modes'], 'CAMERA_2': [], 'CAMERA_3': []}",C_SILENT_OR_BACKCHANNEL,CAMERA_1,NONE,alright,S_INTRODUCES_FEATURE,CAMERA_1,preset_modes,"This one has 18 preset modes (e.g. beach, snow, night portrait).",13~63
201,8,NONE,['CAMERA_1'],"{'CAMERA_1': ['optical_zoom', 'settings', 'long_exposure', 'preset_modes'], 'CAMERA_2': [], 'CAMERA_3': []}",C_THANK_YOU,CAMERA_1,NONE,thank you for your help,S_THANK_YOU,CAMERA_1,NONE,thank you very much,
201,9,NONE,['CAMERA_1'],"{'CAMERA_1': ['optical_zoom', 'settings', 'long_exposure', 'preset_modes'], 'CAMERA_2': [], 'CAMERA_3': []}",C_LEAVES,DOOR,NONE,,S_RETURNS_TO_COUNTER,SERVICE_COUNTER,NONE,,
202,1,NONE,[],"{'CAMERA_1': [], 'CAMERA_2': [], 'CAMERA_3': []}",C_ENTERS,DOOR,NONE,,S_NONE,SERVICE_COUNTER,NONE,,
202,2,NONE,[],"{'CAMERA_1': [], 'CAMERA_2': [], 'CAMERA_3': []}",C_GREETS,MIDDLE,NONE,hello,S_GREETS,MIDDLE,NONE,can I help you?,
202,3,CAMERA_1,['CAMERA_1'],"{'CAMERA_1': [], 'CAMERA_2': [], 'CAMERA_3': []}",C_LOOKING_FOR_A_CAMERA,MIDDLE,NONE,I'm looking for a camera,S_INTRODUCES_CAMERA,CAMERA_1,,Let me show you this. Here we have the Nikon Coolpix S2800.,39~58
202,4,CAMERA_1,['CAMERA_1'],"{'CAMERA_1': ['resolution'], 'CAMERA_2': [], 'CAMERA_3': []}",C_QUESTION_ABOUT_FEATURE,CAMERA_1,resolution,what is the resolution,S_ANSWERS_QUESTION_ABOUT_FEATURE,CAMERA_1,resolution,This one has 20.1 megapixels resolution.,13~28
202,5,CAMERA_1,['CAMERA_1'],"{'CAMERA_1': ['resolution', 'sensor_size'], 'CAMERA_2': [], 'CAMERA_3': []}",C_QUESTION_ABOUT_FEATURE,CAMERA_1,sensor_size,what is the sensor size,S_NOT_SURE,CAMERA_1,,I'm not really sure about that,
202,6,CAMERA_3,"['CAMERA_1', 'CAMERA_3']","{'CAMERA_1': ['resolution', 'sensor_size'], 'CAMERA_2': [], 'CAMERA_3': []}",C_ANYTHING_ELSE_AVAILABLE,CAMERA_1,NONE,ok do you have any other cameras,S_INTRODUCES_CAMERA,CAMERA_3,,Let me show you this. Here we have the Canon EOS 5D Mark III.,39~60
202,7,CAMERA_3,"['CAMERA_1', 'CAMERA_3']","{'CAMERA_1': ['resolution', 'sensor_size'], 'CAMERA_2': [], 'CAMERA_3': ['camera_type']}",C_QUESTION_ABOUT_FEATURE,CAMERA_3,camera_type,what kind of camera is this,S_ANSWERS_QUESTION_ABOUT_FEATURE,CAMERA_3,camera_type,This is a DSLR camera.,10~14
202,8,CAMERA_3,"['CAMERA_1', 'CAMERA_3']","{'CAMERA_1': ['resolution', 'sensor_size'], 'CAMERA_2': [], 'CAMERA_3': ['camera_type', 'weight']}",C_SILENT_OR_BACKCHANNEL,CAMERA_3,NONE,alright,S_INTRODUCES_FEATURE,CAMERA_3,weight,This one weighs 950 grams (only body).,16~37
202,9,NONE,"['CAMERA_1', 'CAMERA_3']","{'CAMERA_1': ['resolution', 'sensor_size'], 'CAMERA_2': [], 'CAMERA_3': ['camera_type', 'weight']}",C_THANK_YOU,CAMERA_3,NONE,thank you for your help,S_THANK_YOU,CAMERA_3,NONE,thank you very much,
202,10,NONE,"['CAMERA_1', 'CAMERA_3']","{'CAMERA_1': ['resolution', 'sensor_size'], 'CAMERA_2': [], 'CAMERA_3': ['camera_type', 'weight']}",C_LEAVES,DOOR,NONE,,S_RETURNS_TO_COUNTER,SERVICE_COUNTER,NONE,,
203,1,NONE,[],"{'CAMERA_1': [], 'CAMERA_2': [], 'CAMERA_3': []}",C_ENTERS,DOOR,NONE,,S_NONE,SERVICE_COUNTER,NONE,,
203,2,NONE,[],"{'CAMERA_1': [], 'CAMERA_2': [], 'CAMERA_3': []}",C_GREETS,MIDDLE,NONE,hello,S_GREETS,MIDDLE,NONE,can I help you?,
203,3,CAMERA_1,['CAMERA_1'],"{'CAMERA_1': [], 'CAMERA_2': [], 'CAMERA_3': []}",C_LOOKING_FOR_A_CAMERA,MIDDLE,NONE,I'm looking for a camera,S_INTRODUCES_CAMERA,CAMERA_1,,Let me show you this. Here we have the Nikon Coolpix S2800.,39~58
203,4,CAMERA_1,['CAMERA_1'],"{'CAMERA_1': ['optical_zoom'], 'CAMERA_2': [], 'CAMERA_3': []}",C_SILENT_OR_BACKCHANNEL,CAMERA_1,NONE,alright,S_INTRODUCES_FEATURE,CAMERA_1,optical_zoom,This one has 5x optical zoom.,13~28
203,5,CAMERA_1,['CAMERA_1'],"{'CAMERA_1': ['optical_zoom', 'effects'], 'CAMERA_2': [], 'CAMERA_3': []}",C_SILENT_OR_BACKCHANNEL,CAMERA_1,NONE,okay,S_INTRODUCES_FEATURE,CAMERA_1,effects,"This one has 12 glamor retouch effects (e.g. skin softening, small face, big eyes).",13~82
203,6,CAMERA_1,['CAMERA_1'],"{'CAMERA_1': ['optical_zoom', 'effects', 'price'], 'CAMERA_2': [], 'CAMERA_3': []}",C_QUESTION_ABOUT_FEATURE,CAMERA_1,price,how much does it cost,S_ANSWERS_QUESTION_ABOUT_FEATURE,CAMERA_1,price,This one costs $2173.,15~20
203,7,CAMERA_1,['CAMERA_1'],"{'CAMERA_1': ['optical_zoom', 'effects', 'price', 'color'], 'CAMERA_2': [], 'CAMERA_3': []}",C_QUESTION_ABOUT_FEATURE,CAMERA_1,color,what colors does this one come in,S_ANSWERS_QUESTION_ABOUT_FEATURE,CAMERA_1,color,"This one comes in purple, pink, black, silver, red.",18~50
203,8,CAMERA_1,['CAMERA_1'],"{'CAMERA_1': ['optical_zoom', 'effects', 'price', 'color', 'resolution'], 'CAMERA_2': [], 'CAMERA_3': []}",C_QUESTION_ABOUT_FEATURE,CAMERA_1,resolution,what is the resolution,S_ANSWERS_QUESTION_ABOUT_FEATURE,CAMERA_1,resolution,This one has 20.1 megapixels resolution.,13~28
203,9,CAMERA_1,['CAMERA_1'],"{'CAMERA_1': ['optical_zoom', 'effects', 'price', 'color', 'resolution', 'sensor_size'], 'CAMERA_2': [], 'CAMERA_3': []}",C_QUESTION_ABOUT_FEATURE,CAMERA_1,sensor_size,what is the sensor size,S_NOT_SURE,CAMERA_1,,I'm not really sure about that,
203,10,CAMERA_1,['CAMERA_1'],"{'CAMERA_1': ['optical_zoom', 'effects', 'price', 'color', 'resolution', 'sensor_size', 'settings'], 'CAMERA_2': [], 'CAMERA_3': []}",C_QUESTION_ABOUT_FEATURE,CAMERA_1,settings,what kind of settings does it have,S_ANSWERS_QUESTION_ABOUT_FEATURE,CAMERA_1,settings,This one has limited manual settings.,13~36
203,11,CAMERA_1,['CAMERA_1'],"{'CAMERA_1': ['optical_zoom', 'effects', 'price', 'color', 'resolution', 'sensor_size', 'settings', 'weight'], 'CAMERA_2': [], 'CAMERA_3': []}",C_SILENT_OR_BACKCHANNEL,CAMERA_1,NONE,okay,S_INTRODUCES_FEATURE,CAMERA_1,weight,This one weighs 120 grams.,16~25
203,12,CAMERA_1,['CAMERA_1'],"{'CAMERA_1': ['optical_zoom', 'effects', 'price', 'color', 'resolution', 'sensor_size', 'settings', 'weight', 'preset_modes'], 'CAMERA_2': [], 'CAMERA_3': []}",C_SILENT_OR_BACKCHANNEL,CAMERA_1,NONE,alright,S_INTRODUCES_FEATURE,CAMERA_1,preset_modes,"This one has 18 preset modes (e.g. beach, snow, night portrait).",13~63
203,13,CAMERA_1,['CAMERA_1'],"{'CAMERA_1': ['optical_zoom', 'effects', 'price', 'color', 'resolution', 'sensor_size', 'settings', 'weight', 'preset_modes', 'camera_type'], 'CAMERA_2': [], 'CAMERA_3': []}",C_SILENT_OR_BACKCHANNEL,CAMERA_1,NONE,alright,S_INTRODUCES_FEATURE,CAMERA_1,camera_type,This is a point and shoot camera.,10~25
203,14,CAMERA_1,['CAMERA_1'],"{'CAMERA_1': ['optical_zoom', 'effects', 'price', 'color', 'resolution', 'sensor_size', 'settings', 'weight', 'preset_modes', 'camera_type', 'long_exposure'], 'CAMERA_2': [], 'CAMERA_3': []}",C_QUESTION_ABOUT_FEATURE,CAMERA_1,long_exposure,can it take long exposure shots,S_NOT_SURE,CAMERA_1,,I'm not really sure about that,
203,15,CAMERA_1,['CAMERA_1'],"{'CAMERA_1': ['optical_zoom', 'effects', 'price', 'color', 'resolution', 'sensor_size', 'settings', 'weight', 'preset_modes', 'camera_type', 'long_exposure', 'optical_zoom'], 'CAMERA_2': [], 'CAMERA_3': []}",C_SILENT_OR_BACKCHANNEL,CAMERA_1,NONE,okay,S_INTRODUCES_FEATURE,CAMERA_1,optical_zoom,This one has 5x optical zoom.,13~28
203,16,CAMERA_1,['CAMERA_1'],"{'CAMERA_1': ['optical_zoom', 'effects', 'price', 'color', 'resolution', 'sensor_size', 'settings', 'weight', 'preset_modes', 'camera_type', 'long_exposure', 'optical_zoom', 'autofocus_points'], 'CAMERA_2': [], 'CAMERA_3': []}",C_QUESTION_ABOUT_FEATURE,CAMERA_1,autofocus_points,how many autofocus points does it have,S_NOT_SURE,CAMERA_1,,I'm not really sure about that,
203,17,CAMERA_1,['CAMERA_1'],"{'CAMERA_1': ['optical_zoom', 'effects', 'price', 'color', 'resolution', 'sensor_size', 'settings', 'weight', 'preset_modes', 'camera_type', 'long_exposure', 'optical_zoom', 'autofocus_points', 'ISO'], 'CAMERA_2': [], 'CAMERA_3': []}",C_QUESTION_ABOUT_FEATURE,CAMERA_1,ISO,what is the ISO,S_NOT_SURE,CAMERA_1,,I'm not really sure about that,
203,18,CAMERA_1,['CAMERA_1'],"{'CAMERA_1': ['optical_zoom', 'effects', 'price', 'color', 'resolution', 'sensor_size', 'settings', 'weight', 'preset_modes', 'camera_type', 'long_exposure', 'optical_zoom', 'autofocus_points', 'ISO', 'optical_zoom'], 'CAMERA_2': [], 'CAMERA_3': []}",C_SILENT_OR_BACKCHANNEL,CAMERA_1,NONE,okay,S_INTRODUCES_FEATURE,CAMERA_1,optical_zoom,This one has 5x optical zoom.,13~28
203,19,CAMERA_1,['CAMERA_1'],"{'CAMERA_1': ['optical_zoom', 'effects', 'price', 'color', 'resolution', 'sensor_size', 'settings', 'weight', 'preset_modes', 'camera_type', 'long_exposure', 'optical_zoom', 'autofocus_points', 'ISO', 'optical_zoom', 'effects'], 'CAMERA_2': [], 'CAMERA_3': []}",C_SILENT_OR_BACKCHANNEL,CAMERA_1,NONE,okay,S_INTRODUCES_FEATURE,CAMERA_1,effects,"This one has 12 glamor retouch effects (e.g. skin softening, small face, big eyes).",13~82
203,20,CAMERA_1,['CAMERA_1'],"{'CAMERA_1': ['optical_zoom', 'effects', 'price', 'color', 'resolution', 'sensor_size', 'settings', 'weight', 'preset_modes', 'camera_type', 'long_exposure', 'optical_zoom', 'autofocus_points', 'ISO', 'optical_zoom', 'effects', 'settings'], 'CAMERA_2': [], 'CAMERA_3': []}",C_SILENT_OR_BACKCHANNEL,CAMERA_1,NONE,I see,S_INTRODUCES_FEATURE,CAMERA_1,settings,This one has limited manual settings.,13~36
203,21,CAMERA_1,['CAMERA_1'],"{'CAMERA_1': ['optical_zoom', 'effects', 'price', 'color', 'resolution', 'sensor_size', 'settings', 'weight', 'preset_modes', 'camera_type', 'long_exposure', 'optical_zoom', 'autofocus_points', 'ISO', 'optical_zoom', 'effects', 'settings', 'ISO'], 'CAMERA_2': [], 'CAMERA_3': []}",C_QUESTION_ABOUT_FEATURE,CAMERA_1,ISO,what is the ISO,S_NOT_SURE,CAMERA_1,,I'm not really sure about that,
203,22,CAMERA_1,['CAMERA_1'],"{'CAMERA_1': ['optical_zoom', 'effects', 'price', 'color', 'resolution', 'sensor_size', 'settings', 'weight', 'preset_modes', 'camera_type', 'long_exposure', 'optical_zoom', 'autofocus_points', 'ISO', 'optical_zoom', 'effects', 'settings', 'ISO', 'price'], 'CAMERA_2': [], 'CAMERA_3': []}",C_QUESTION_ABOUT_FEATURE,CAMERA_1,price,how much does it cost,S_ANSWERS_QUESTION_ABOUT_FEATURE,CAMERA_1,price,This one costs $2173.,15~20
203,23,CAMERA_3,"['CAMERA_1', 'CAMERA_3']","{'CAMERA_1': ['optical_zoom', 'effects', 'price', 'color', 'resolution', 'sensor_size', 'settings', 'weight', 'preset_modes', 'camera_type', 'long_exposure', 'optical_zoom', 'autofocus_points', 'ISO', 'optical_zoom', 'effects', 'settings', 'ISO', 'price'], 'CAMERA_2': [], 'CAMERA_3': []}",C_ANYTHING_ELSE_AVAILABLE,CAMERA_1,NONE,ok do you have any other cameras,S_INTRODUCES_CAMERA,CAMERA_3,,Let me show you this. Here we have the Canon EOS 5D Mark III.,39~60
203,24,CAMERA_3,"['CAMERA_1', 'CAMERA_3']","{'CAMERA_1': ['optical_zoom', 'effects', 'price', 'color', 'resolution', 'sensor_size', 'settings', 'weight', 'preset_modes', 'camera_type', 'long_exposure', 'optical_zoom', 'autofocus_points', 'ISO', 'optical_zoom', 'effects', 'settings', 'ISO', 'price'], 'CAMERA_2': [], 'CAMERA_3': ['sensor_size']}",C_QUESTION_ABOUT_FEATURE,CAMERA_3,sensor_size,what is the sensor size,S_ANSWERS_QUESTION_ABOUT_FEATURE,CAMERA_3,sensor_size,This one has a full frame.,15~25
203,25,CAMERA_3,"['CAMERA_1', 'CAMERA_3']","{'CAMERA_1': ['optical_zoom', 'effects', 'price', 'color', 'resolution', 'sensor_size', 'settings', 'weight', 'preset_modes', 'camera_type', 'long_exposure', 'optical_zoom', 'autofocus_points', 'ISO', 'optical_zoom', 'effects', 'settings', 'ISO', 'price'], 'CAMERA_2': [], 'CAMERA_3': ['sensor_size', 'effects']}",C_QUESTION_ABOUT_FEATURE,CAMERA_3,effects,does it have any effect modes,S_NOT_SURE,CAMERA_3,,I'm not really sure about that,
203,26,CAMERA_2,"['CAMERA_1', 'CAMERA_3', 'CAMERA_2']","{'CAMERA_1': ['optical_zoom', 'effects', 'price', 'color', 'resolution', 'sensor_size', 'settings', 'weight', 'preset_modes', 'camera_type', 'long_exposure', 'optical_zoom', 'autofocus_points', 'ISO', 'optical_zoom', 'effects', 'settings', 'ISO', 'price'], 'CAMERA_2': [], 'CAMERA_3': ['sensor_size', 'effects']}",C_ANYTHING_ELSE_AVAILABLE,CAMERA_3,NONE,ok do you have any other cameras,S_INTRODUCES_CAMERA,CAMERA_2,,Let me show you this. Here we have the Sony Alpha a6000.,39~55
203,27,CAMERA_2,"['CAMERA_1', 'CAMERA_3', 'CAMERA_2']","{'CAMERA_1': ['optical_zoom', 'effects', 'price', 'color', 'resolution', 'sensor_size', 'settings', 'weight', 'preset_modes', 'camera_type', 'long_exposure', 'optical_zoom', 'autofocus_points', 'ISO', 'optical_zoom', 'effects', 'settings', 'ISO', 'price'], 'CAMERA_2': ['optical_zoom'], 'CAMERA_3': ['sensor_size', 'effects']}",C_QUESTION_ABOUT_FEATURE,CAMERA_2,optical_zoom,does it have optical zoom,S_NOT_SURE,CAMERA_2,,I'm not really sure about that,
203,28,NONE,"['CAMERA_1', 'CAMERA_3', 'CAMERA_2']","{'CAMERA_1': ['optical_zoom', 'effects', 'price', 'color', 'resolution', 'sensor_size', 'settings', 'weight', 'preset_modes', 'camera_type', 'long_exposure', 'optical_zoom', 'autofocus_points', 'ISO', 'optical_zoom', 'effects', 'settings', 'ISO', 'price'], 'CAMERA_2': ['optical_zoom'], 'CAMERA_3': ['sensor_size', 'effects']}",C_THANK_YOU,CAMERA_2,NONE,thank you for your help,S_THANK_YOU,CAMERA_2,NONE,thank you very much,
203,29,NONE,"['CAMERA_1', 'CAMERA_3', 'CAMERA_2']","{'CAMERA_1': ['optical_zoom', 'effects', 'price', 'color', 'resolution', 'sensor_size', 'settings', 'weight', 'preset_modes', 'camera_type', 'long_exposure', 'optical_zoom', 'autofocus_points', 'ISO', 'optical_zoom', 'effects', 'settings', 'ISO', 'price'], 'CAMERA_2': ['optical_zoom'], 'CAMERA_3': ['sensor_size', 'effects']}",C_LEAVES,DOOR,NONE,,S_RETURNS_TO_COUNTER,SERVICE_COUNTER,NONE,,
204,1,NONE,[],"{'CAMERA_1': [], 'CAMERA_2': [], 'CAMERA_3': []}",C_ENTERS,DOOR,NONE,,S_NONE,SERVICE_COUNTER,NONE,,
204,2,NONE,[],"{'CAMERA_1': [], 'CAMERA_2': [], 'CAMERA_3': []}",C_GREETS,MIDDLE,NONE,hello,S_GREETS,MIDDLE,NONE,can I help you?,
204,3,CAMERA_3,['CAMERA_3'],"{'CAMERA_1': [], 'CAMERA_2': [], 'CAMERA_3': []}",C_LOOKING_FOR_A_CAMERA,MIDDLE,NONE,I'm looking for a camera,S_INTRODUCES_CAMERA,CAMERA_3,,Let me show you this. Here we have the Canon EOS 5D Mark III.,39~60
204,4,CAMERA_3,['CAMERA_3'],"{'CAMERA_1': [], 'CAMERA_2': [], 'CAMERA_3': ['price']}",C_QUESTION_ABOUT_FEATURE,CAMERA_3,price,how much does it cost,S_ANSWERS_QUESTION_ABOUT_FEATURE,CAMERA_3,price,This one costs $3706.,15~20
204,5,CAMERA_3,['CAMERA_3'],"{'CAMERA_1': [], 'CAMERA_2': [], 'CAMERA_3': ['price', 'resolution']}",C_QUESTION_ABOUT_FEATURE,CAMERA_3,resolution,what is the resolution,S_NOT_SURE,CAMERA_3,,I'm not really sure about that,
204,6,CAMERA_3,['CAMERA_3'],"{'CAMERA_1': [], 'CAMERA_2': [], 'CAMERA_3': ['price', 'resolution', 'camera_type']}",C_QUESTION_ABOUT_FEATURE,CAMERA_3,camera_type,what kind of camera is this,S_ANSWERS_QUESTION_ABOUT_FEATURE,CAMERA_3,camera_type,This is a DSLR camera.,10~14
204,7,CAMERA_3,['CAMERA_3'],"{'CAMERA_1': [], 'CAMERA_2': [], 'CAMERA_3': ['price', 'resolution', 'camera_type', 'weight']}",C_QUESTION_ABOUT_FEATURE,CAMERA_3,weight,how much does this one weigh,S_ANSWERS_QUESTION_ABOUT_FEATURE,CAMERA_3,weight,This one weighs 950 grams (only body).,16~37
204,8,CAMERA_3,['CAMERA_3'],"{'CAMERA_1': [], 'CAMERA_2': [], 'CAMERA_3': ['price', 'resolution', 'camera_type', 'weight', 'color']}",C_SILENT_OR_BACKCHANNEL,CAMERA_3,NONE,alright,S_INTRODUCES_FEATURE,CAMERA_3,color,This one comes in black.,18~23
204,9,NONE,['CAMERA_3'],"{'CAMERA_1': [], 'CAMERA_2': [], 'CAMERA_3': ['price', 'resolution', 'camera_type', 'weight', 'color']}",C_THANK_YOU,CAMERA_3,NONE,thank you for your help,S_THANK_YOU,CAMERA_3,NONE,thank you very much,
204,10,NONE,['CAMERA_3'],"{'CAMERA_1': [], 'CAMERA_2': [], 'CAMERA_3': ['price', 'resolution', 'camera_type', 'weight', 'color']}",C_LEAVES,DOOR,NONE,,S_RETURNS_TO_COUNTER,SERVICE_COUNTER,NONE,,
205,1,NONE,[],"{'CAMERA_1': [], 'CAMERA_2': [], 'CAMERA_3': []}",C_ENTERS,DOOR,NONE,,S_NONE,SERVICE_COUNTER,NONE,,
205,2,NONE,[],"{'CAMERA_1': [], 'CAMERA_2': [], 'CAMERA_3': []}",C_WALKS_TO_CAMERA,CAMERA_2,NONE,,S_GREETS,CAMERA_2,NONE,can I help you?,
205,3,CAMERA_3,['CAMERA_3'],"{'CAMERA_1': [], 'CAMERA_2': [], 'CAMERA_3': []}",C_LOOKING_FOR_A_CAMERA,CAMERA_2,NONE,I'm looking for a camera,S_INTRODUCES_CAMERA,CAMERA_3,,Let me show you this. Here we have the Canon EOS 5D Mark III.,39~60
205,4,CAMERA_3,['CAMERA_3'],"{'CAMERA_1': [], 'CAMERA_2': [], 'CAMERA_3': ['color']}",C_QUESTION_ABOUT_FEATURE,CAMERA_3,color,what colors does this one come in,S_ANSWERS_QUESTION_ABOUT_FEATURE,CAMERA_3,color,This one comes in black.,18~23
205,5,CAMERA_3,['CAMERA_3'],"{'CAMERA_1': [], 'CAMERA_2': [], 'CAMERA_3': ['color', 'long_exposure']}",C_SILENT_OR_BACKCHANNEL,CAMERA_3,NONE,okay,S_INTRODUCES_FEATURE,CAMERA_3,long_exposure,"This one can take long exposures up to up to 30 seconds, bulb mode: expose as long as you want.",39~94
205,6,CAMERA_3,['CAMERA_3'],"{'CAMERA_1': [], 'CAMERA_2': [], 'CAMERA_3': ['color', 'long_exposure', 'price']}",C_SILENT_OR_BACKCHANNEL,CAMERA_3,NONE,okay,S_INTRODUCES_FEATURE,CAMERA_3,price,This one costs $3706.,15~20
205,7,CAMERA_3,['CAMERA_3'],"{'CAMERA_1': [], 'CAMERA_2': [], 'CAMERA_3': ['color', 'long_exposure', 'price', 'camera_type']}",C_SILENT_OR_BACKCHANNEL,CAMERA_3,NONE,okay,S_INTRODUCES_FEATURE,CAMERA_3,camera_type,This is a DSLR camera.,10~14
205,8,CAMERA_3,['CAMERA_3'],"{'CAMERA_1': [], 'CAMERA_2': [], 'CAMERA_3': ['color', 'long_exposure', 'price', 'camera_type', 'settings']}",C_SILENT_OR_BACKCHANNEL,CAMERA_3,NONE,I see,S_INTRODUCES_FEATURE,CAMERA_3,settings,This one has full manual control.,13~32
205,9,CAMERA_3,['CAMERA_3'],"{'CAMERA_1': [], 'CAMERA_2': [], 'CAMERA_3': ['color', 'long_exposure', 'price', 'camera_type', 'settings', 'autofocus_points']}",C_QUESTION_ABOUT_FEATURE,CAMERA_3,autofocus_points,how many autofocus points does it have,S_ANSWERS_QUESTION_ABOUT_FEATURE,CAMERA_3,autofocus_points,This one has 61 autofocus points.,13~32
205,10,NONE,['CAMERA_3'],"{'CAMERA_1': [], 'CAMERA_2': [], 'CAMERA_3': ['color', 'long_exposure', 'price', 'camera_type', 'settings', 'autofocus_points']}",C_THANK_YOU,CAMERA_3,NONE,thank you for your help,S_THANK_YOU,CAMERA_3,NONE,thank you very much,
205,11,NONE,['CAMERA_3'],"{'CAMERA_1': [], 'CAMERA_2': [], 'CAMERA_3': ['color', 'long_exposure', 'price', 'camera_type', 'settings', 'autofocus_points']}",C_LEAVES,DOOR,NONE,,S_RETURNS_TO_COUNTER,SERVICE_COUNTER,NONE,,
206,1,NONE,[],"{'CAMERA_1': [], 'CAMERA_2': [], 'CAMERA_3': []}",C_ENTERS,DOOR,NONE,,S_NONE,SERVICE_COUNTER,NONE,,
206,2,NONE,[],"{'CAMERA_1': [], 'CAMERA_2': [], 'CAMERA_3': []}",C_WALKS_TO_CAMERA,CAMERA_1,NONE,,S_NONE,SERVICE_COUNTER,NONE,,
206,3,NONE,[],"{'CAMERA_1': [], 'CAMERA_2': [], 'CAMERA_3': []}",C_EXAMINES_CAMERA,CAMERA_1,NONE,,S_GREETS,CAMERA_1,NONE,can I help you?,
206,4,CAMERA_1,['CAMERA_1'],"{'CAMERA_1': [], 'CAMERA_2': [], 'CAMERA_3': []}",C_LOOKING_FOR_A_CAMERA,CAMERA_1,NONE,I'm looking for a camera,S_INTRODUCES_CAMERA,CAMERA_1,,Let me show you this. Here we have the Nikon Coolpix S2800.,39~58
206,5,CAMERA_1,['CAMERA_1'],"{'CAMERA_1': ['preset_modes'], 'CAMERA_2': [], 'CAMERA_3': []}",C_QUESTION_ABOUT_FEATURE,CAMERA_1,preset_modes,does it have preset modes,S_ANSWERS_QUESTION_ABOUT_FEATURE,CAMERA_1,preset_modes,"This one has 18 preset modes (e.g. beach, snow, night portrait).",13~63
206,6,NONE,['CAMERA_1'],"{'CAMERA_1': ['preset_modes'], 'CAMERA_2': [], 'CAMERA_3': []}",C_THANK_YOU,CAMERA_1,NONE,thank you for your help,S_THANK_YOU,CAMERA_1,NONE,thank you very much,
206,7,NONE,['CAMERA_1'],"{'CAMERA_1': ['preset_modes'], 'CAMERA_2': [], 'CAMERA_3': []}",C_LEAVES,DOOR,NONE,,S_RETURNS_TO_COUNTER,SERVICE_COUNTER,NONE,,
207,1,NONE,[],"{'CAMERA_1': [], 'CAMERA_2': [], 'CAMERA_3': []}",C_ENTERS,DOOR,NONE,,S_NONE,SERVICE_COUNTER,NONE,,
207,2,NONE,[],"{'CAMERA_1': [], 'CAMERA_2': [], 'CAMERA_3': []}",C_GREETS,MIDDLE,NONE,hello,S_GREETS,MIDDLE,NONE,can I help you?,
207,3,CAMERA_1,['CAMERA_1'],"{'CAMERA_1': [], 'CAMERA_2': [], 'CAMERA_3': []}",C_LOOKING_FOR_A_CAMERA,MIDDLE,NONE,I'm looking for a camera,S_INTRODUCES_CAMERA,CAMERA_1,,Let me show you this. Here we have the Nikon Coolpix S2800.,39~58
207,4,CAMERA_1,['CAMERA_1'],"{'CAMERA_1': ['optical_zoom'], 'CAMERA_2': [], 'CAMERA_3': []}",C_QUESTION_ABOUT_FEATURE,CAMERA_1,optical_zoom,does it have optical zoom,S_ANSWERS_QUESTION_ABOUT_FEATURE,CAMERA_1,optical_zoom,This one has 5x optical zoom.,13~28
207,5,CAMERA_1,['CAMERA_1'],"{'CAMERA_1': ['optical_zoom', 'color'], 'CAMERA_2': [], 'CAMERA_3': []}",C_SILENT_OR_BACKCHANNEL,CAMERA_1,NONE,okay,S_INTRODUCES_FEATURE,CAMERA_1,color,"This one comes in purple, pink, black, silver, red.",18~50
207,6,NONE,['CAMERA_1'],"{'CAMERA_1': ['optical_zoom', 'color'], 'CAMERA_2': [], 'CAMERA_3': []}",C_THANK_YOU,CAMERA_1,NONE,thank you for your help,S_THANK_YOU,CAMERA_1,NONE,thank you very much,
207,7,NONE,['CAMERA_1'],"{'CAMERA_1': ['optical_zoom', 'color'], 'CAMERA_2': [], 'CAMERA_3': []}",C_LEAVES,DOOR,NONE,,S_RETURNS_TO_COUNTER,SERVICE_COUNTER,NONE,,
208,1,NONE,[],"{'CAMERA_1': [], 'CAMERA_2': [], 'CAMERA_3': []}",C_ENTERS,DOOR,NONE,,S_NONE,SERVICE_COUNTER,NONE,,
208,2,NONE,[],"{'CAMERA_1': [], 'CAMERA_2': [], 'CAMERA_3': []}",C_GREETS,MIDDLE,NONE,hello,S_GREETS,MIDDLE,NONE,can I help you?,
208,3,CAMERA_2,['CAMERA_2'],"{'CAMERA_1': [], 'CAMERA_2': [], 'CAMERA_3': []}",C_LOOKING_FOR_A_CAMERA,MIDDLE,NONE,I'm looking for a camera,S_INTRODUCES_CAMERA,CAMERA_2,,Let me show you this. Here we have the Sony Alpha a6000.,39~55
208,4,CAMERA_2,['CAMERA_2'],"{'CAMERA_1': [], 'CAMERA_2': ['preset_modes'], 'CAMERA_3': []}",C_SILENT_OR_BACKCHANNEL,CAMERA_2,NONE,okay,S_INTRODUCES_FEATURE,CAMERA_2,preset_modes,"This one has 9 preset modes (e.g. beach, snow, night, portrait).",13~63
208,5,NONE,['CAMERA_2'],"{'CAMERA_1': [], 'CAMERA_2': ['preset_modes'], 'CAMERA_3': []}",C_THANK_YOU,CAMERA_2,NONE,thank you for your help,S_THANK_YOU,CAMERA_2,NONE,thank you very much,
208,6,NONE,['CAMERA_2'],"{'CAMERA_1': [], 'CAMERA_2': ['preset_modes'], 'CAMERA_3': []}",C_LEAVES,DOOR,NONE,,S_RETURNS_TO_COUNTER,SERVICE_COUNTER,NONE,,
209,1,NONE,[],"{'CAMERA_1': [], 'CAMERA_2': [], 'CAMERA_3': []}",C_ENTERS,DOOR,NONE,,S_NONE,SERVICE_COUNTER,NONE,,
209,2,NONE,[],"{'CAMERA_1': [], 'CAMERA_2': [], 'CAMERA_3': []}",C_GREETS,MIDDLE,NONE,hello,S_GREETS,MIDDLE,NONE,can I help you?,
209,3,CAMERA_3,['CAMERA_3'],"{'CAMERA_1': [], 'CAMERA_2': [], 'CAMERA_3': []}",C_LOOKING_FOR_A_CAMERA,MIDDLE,NONE,I'm looking for a camera,S_INTRODUCES_CAMERA,CAMERA_3,,Let me show you this. Here we have the Canon EOS 5D Mark III.,39~60
209,4,CAMERA_3,['CAMERA_3'],"{'CAMERA_1': [], 'CAMERA_2': [], 'CAMERA_3': ['ISO']}",C_SILENT_OR_BACKCHANNEL,CAMERA_3,NONE,I see,S_INTRODUCES_FEATURE,CAMERA_3,ISO,This one has up to 6400 ISO with little noise.,13~45
209,5,CAMERA_3,['CAMERA_3'],"{'CAMERA_1': [], 'CAMERA_2': [], 'CAMERA_3': ['ISO', 'long_exposure']}",C_SILENT_OR_BACKCHANNEL,CAMERA_3,NONE,I see,S_INTRODUCES_FEATURE,CAMERA_3,long_exposure,"This one can take long exposures up to up to 30 seconds, bulb mode: expose as long as you want.",39~94
209,6,CAMERA_3,['CAMERA_3'],"{'CAMERA_1': [], 'CAMERA_2': [], 'CAMERA_3': ['ISO', 'long_exposure', 'weight']}",C_SILENT_OR_BACKCHANNEL,CAMERA_3,NONE,alright,S_INTRODUCES_FEATURE,CAMERA_3,weight,This one weighs 950 grams (only body).,16~37
209,7,NONE,['CAMERA_3'],"{'CAMERA_1': [], 'CAMERA_2': [], 'CAMERA_3': ['ISO', 'long_exposure', 'weight']}",C_THANK_YOU,CAMERA_3,NONE,thank you for your help,S_THANK_YOU,CAMERA_3,NONE,thank you very much,
209,8,NONE,['CAMERA_3'],"{'CAMERA_1': [], 'CAMERA_2': [], 'CAMERA_3': ['ISO', 'long_exposure', 'weight']}",C_LEAVES,DOOR,NONE,,S_RETURNS_TO_COUNTER,SERVICE_COUNTER,NONE,,
210,1,NONE,[],"{'CAMERA_1': [], 'CAMERA_2': [], 'CAMERA_3': []}",C_ENTERS,DOOR,NONE,,S_NONE,SERVICE_COUNTER,NONE,,
210,2,NONE,[],"{'CAMERA_1': [], 'CAMERA_2': [], 'CAMERA_3': []}",C_WALKS_TO_CAMERA,CAMERA_1,NONE,,S_NONE,SERVICE_COUNTER,NONE,,
210,3,NONE,[],"{'CAMERA_1': [], 'CAMERA_2': [], 'CAMERA_3': []}",C_EXAMINES_CAMERA,CAMERA_1,NONE,,S_NONE,SERVICE_COUNTER,NONE,,
210,4,NONE,[],"{'CAMERA_1': [], 'CAMERA_2': [], 'CAMERA_3': []}",C_EXAMINES_CAMERA,CAMERA_1,NONE,,S_GREETS,CAMERA_1,NONE,can I help you?,
210,5,CAMERA_2,['CAMERA_2'],"{'CAMERA_1': [], 'CAMERA_2': [], 'CAMERA_3': []}",C_LOOKING_FOR_A_CAMERA,CAMERA_1,NONE,I'm looking for a camera,S_INTRODUCES_CAMERA,CAMERA_2,,Let me show you this. Here we have the Sony Alpha a6000.,39~55
210,6,CAMERA_2,['CAMERA_2'],"{'CAMERA_1': [], 'CAMERA_2': ['color'], 'CAMERA_3': []}",C_QUESTION_ABOUT_FEATURE,CAMERA_2,color,what colors does this one come in,S_ANSWERS_QUESTION_ABOUT_FEATURE,CAMERA_2,color,"This one comes in white, silver, black.",18~38
210,7,CAMERA_2,['CAMERA_2'],"{'CAMERA_1': [], 'CAMERA_2': ['color', 'settings'], 'CAMERA_3': []}",C_SILENT_OR_BACKCHANNEL,CAMERA_2,NONE,okay,S_INTRODUCES_FEATURE,CAMERA_2,settings,This one has full manual control.,13~32
210,8,CAMERA_2,['CAMERA_2'],"{'CAMERA_1': [], 'CAMERA_2': ['color', 'settings', 'sensor_size'], 'CAMERA_3': []}",C_QUESTION_ABOUT_FEATURE,CAMERA_2,sensor_size,what is the sensor size,S_ANSWERS_QUESTION_ABOUT_FEATURE,CAMERA_2,sensor_size,This one has a APS-C sensor (crop sensor).,15~41
210,9,CAMERA_2,['CAMERA_2'],"{'CAMERA_1': [], 'CAMERA_2': ['color', 'settings', 'sensor_size', 'ISO'], 'CAMERA_3': []}",C_QUESTION_ABOUT_FEATURE,CAMERA_2,ISO,what is the ISO,S_ANSWERS_QUESTION_ABOUT_FEATURE,CAMERA_2,ISO,This one has up to 3200 ISO with little noise.,13~45
210,10,CAMERA_2,['CAMERA_2'],"{'CAMERA_1': [], 'CAMERA_2': ['color', 'settings', 'sensor_size', 'ISO', 'price'], 'CAMERA_3': []}",C_QUESTION_ABOUT_FEATURE,CAMERA_2,price,how much does it cost,S_ANSWERS_QUESTION_ABOUT_FEATURE,CAMERA_2,price,This one costs $1341.,15~20
210,11,CAMERA_2,['CAMERA_2'],"{'CAMERA_1': [], 'CAMERA_2': ['color', 'settings', 'sensor_size', 'ISO', 'price', 'resolution'], 'CAMERA_3': []}",C_QUESTION_ABOUT_FEATURE,CAMERA_2,resolution,what is the resolution,S_NOT_SURE,CAMERA_2,,I'm not really sure about that,
210,12,CAMERA_2,['CAMERA_2'],"{'CAMERA_1': [], 'CAMERA_2': ['color', 'settings', 'sensor_size', 'ISO', 'price', 'resolution', 'camera_type'], 'CAMERA_3': []}",C_QUESTION_ABOUT_FEATURE,CAMERA_2,camera_type,what kind of camera is this,S_ANSWERS_QUESTION_ABOUT_FEATURE,CAMERA_2,camera_type,This is a mirrorless camera.,10~20
210,13,CAMERA_2,['CAMERA_2'],"{'CAMERA_1': [], 'CAMERA_2': ['color', 'settings', 'sensor_size', 'ISO', 'price', 'resolution', 'camera_type', 'effects'], 'CAMERA_3': []}",C_SILENT_OR_BACKCHANNEL,CAMERA_2,NONE,alright,S_INTRODUCES_FEATURE,CAMERA_2,effects,"This one has 13 artistic effect modes (e.g. toy camera, soft focus).",13~67
210,14,CAMERA_2,['CAMERA_2'],"{'CAMERA_1': [], 'CAMERA_2': ['color', 'settings', 'sensor_size', 'ISO', 'price', 'resolution', 'camera_type', 'effects', 'autofocus_points'], 'CAMERA_3': []}",C_SILENT_OR_BACKCHANNEL,CAMERA_2,NONE,alright,S_INTRODUCES_FEATURE,CAMERA_2,autofocus_points,This one has 179 autofocus points.,13~33
210,15,CAMERA_2,['CAMERA_2'],"{'CAMERA_1': [], 'CAMERA_2': ['color', 'settings', 'sensor_size', 'ISO', 'price', 'resolution', 'camera_type', 'effects', 'autofocus_points', 'long_exposure'], 'CAMERA_3': []}",C_QUESTION_ABOUT_FEATURE,CAMERA_2,long_exposure,can it take long exposure shots,S_ANSWERS_QUESTION_ABOUT_FEATURE,CAMERA_2,long_exposure,This one can take long exposures up to up to 30 seconds.,39~55
210,16,CAMERA_2,['CAMERA_2'],"{'CAMERA_1': [], 'CAMERA_2': ['color', 'settings', 'sensor_size', 'ISO', 'price', 'resolution', 'camera_type', 'effects', 'autofocus_points', 'long_exposure', 'weight'], 'CAMERA_3': []}",C_QUESTION_ABOUT_FEATURE,CAMERA_2,weight,how much does this one weigh,S_ANSWERS_QUESTION_ABOUT_FEATURE,CAMERA_2,weight,This one weighs 470 grams.,16~25
210,17,CAMERA_2,['CAMERA_2'],"{'CAMERA_1': [], 'CAMERA_2': ['color', 'settings', 'sensor_size', 'ISO', 'price', 'resolution', 'camera_type', 'effects', 'autofocus_points', 'long_exposure', 'weight', 'optical_zoom'], 'CAMERA_3': []}",C_QUESTION_ABOUT_FEATURE,CAMERA_2,optical_zoom,does it have optical zoom,S_NOT_SURE,CAMERA_2,,I'm not really sure about that,
210,18,CAMERA_2,['CAMERA_2'],"{'CAMERA_1': [], 'CAMERA_2': ['color', 'settings', 'sensor_size', 'ISO', 'price', 'resolution', 'camera_type', 'effects', 'autofocus_points', 'long_exposure', 'weight', 'optical_zoom', 'preset_modes'], 'CAMERA_3': []}",C_QUESTION_ABOUT_FEATURE,CAMERA_2,preset_modes,does it have preset modes,S_ANSWERS_QUESTION_ABOUT_FEATURE,CAMERA_2,preset_modes,"This one has 9 preset modes (e.g. beach, snow, night, portrait).",13~63
210,19,CAMERA_2,['CAMERA_2'],"{'CAMERA_1': [], 'CAMERA_2': ['color', 'settings', 'sensor_size', 'ISO', 'price', 'resolution', 'camera_type', 'effects', 'autofocus_points', 'long_exposure', 'weight', 'optical_zoom', 'preset_modes', 'camera_type'], 'CAMERA_3': []}",C_QUESTION_ABOUT_FEATURE,CAMERA_2,camera_type,what kind of camera is this,S_ANSWERS_QUESTION_ABOUT_FEATURE,CAMERA_2,camera_type,This is a mirrorless camera.,10~20
210,20,NONE,['CAMERA_2'],"{'CAMERA_1': [], 'CAMERA_2': ['color', 'settings', 'sensor_size', 'ISO', 'price', 'resolution', 'camera_type', 'effects', 'autofocus_points', 'long_exposure', 'weight', 'optical_zoom', 'preset_modes', 'camera_type'], 'CAMERA_3': []}",C_THANK_YOU,CAMERA_2,NONE,thank you for your help,S_THANK_YOU,CAMERA_2,NONE,thank you very much,
210,21,NONE,['CAMERA_2'],"{'CAMERA_1': [], 'CAMERA_2': ['color', 'settings', 'sensor_size', 'ISO', 'price', 'resolution', 'camera_type', 'effects', 'autofocus_points', 'long_exposure', 'weight', 'optical_zoom', 'preset_modes', 'camera_type'], 'CAMERA_3': []}",C_LEAVES,DOOR,NONE,,S_RETURNS_TO_COUNTER,SERVICE_COUNTER,NONE,,
211,1,NONE,[],"{'CAMERA_1': [], 'CAMERA_2': [], 'CAMERA_3': []}",C_ENTERS,DOOR,NONE,,S_NONE,SERVICE_COUNTER,NONE,,
211,2,NONE,[],"{'CAMERA_1': [], 'CAMERA_2': [], 'CAMERA_3': []}",C_WALKS_TO_CAMERA,CAMERA_3,NONE,,S_GREETS,CAMERA_3,NONE,can I help you?,
211,3,CAMERA_2,['CAMERA_2'],"{'CAMERA_1': [], 'CAMERA_2': [], 'CAMERA_3': []}",C_LOOKING_FOR_A_CAMERA,CAMERA_3,NONE,I'm looking for a camera,S_INTRODUCES_CAMERA,CAMERA_2,,Let me show you this. Here we have the Sony Alpha a6000.,39~55
211,4,CAMERA_2,['CAMERA_2'],"{'CAMERA_1': [], 'CAMERA_2': ['preset_modes'], 'CAMERA_3': []}",C_SILENT_OR_BACKCHANNEL,CAMERA_2,NONE,okay,S_INTRODUCES_FEATURE,CAMERA_2,preset_modes,"This one has 9 preset modes (e.g. beach, snow, night, portrait).",13~63
211,5,CAMERA_2,['CAMERA_2'],"{'CAMERA_1': [], 'CAMERA_2': ['preset_modes', 'price'], 'CAMERA_3': []}",C_QUESTION_ABOUT_FEATURE,CAMERA_2,price,how much does it cost,S_ANSWERS_QUESTION_ABOUT_FEATURE,CAMERA_2,price,This one costs $1341.,15~20
211,6,CAMERA_2,['CAMERA_2'],"{'CAMERA_1': [], 'CAMERA_2': ['preset_modes', 'price', 'resolution'], 'CAMERA_3': []}",C_QUESTION_ABOUT_FEATURE,CAMERA_2,resolution,what is the resolution,S_NOT_SURE,CAMERA_2,,I'm not really sure about that,
211,7,CAMERA_2,['CAMERA_2'],"{'CAMERA_1': [], 'CAMERA_2': ['preset_modes', 'price', 'resolution', 'autofocus_points'], 'CAMERA_3': []}",C_QUESTION_ABOUT_FEATURE,CAMERA_2,autofocus_points,how many autofocus points does it have,S_ANSWERS_QUESTION_ABOUT_FEATURE,CAMERA_2,autofocus_points,This one has 179 autofocus points.,13~33
211,8,CAMERA_2,['CAMERA_2'],"{'CAMERA_1': [], 'CAMERA_2': ['preset_modes', 'price', 'resolution', 'autofocus_points', 'color'], 'CAMERA_3': []}",C_QUESTION_ABOUT_FEATURE,CAMERA_2,color,what colors does this one come in,S_ANSWERS_QUESTION_ABOUT_FEATURE,CAMERA_2,color,"This one comes in white, silver, black.",18~38
211,9,CAMERA_2,['CAMERA_2'],"{'CAMERA_1': [], 'CAMERA_2': ['preset_modes', 'price', 'resolution', 'autofocus_points', 'color', 'effects'], 'CAMERA_3': []}",C_QUESTION_ABOUT_FEATURE,CAMERA_2,effects,does it have any effect modes,S_ANSWERS_QUESTION_ABOUT_FEATURE,CAMERA_2,effects,"This one has 13 artistic effect modes (e.g. toy camera, soft focus).",13~67
211,10,CAMERA_2,['CAMERA_2'],"{'CAMERA_1': [], 'CAMERA_2': ['preset_modes', 'price', 'resolution', 'autofocus_points', 'color', 'effects', 'ISO'], 'CAMERA_3': []}",C_SILENT_OR_BACKCHANNEL,CAMERA_2,NONE,I see,S_INTRODUCES_FEATURE,CAMERA_2,ISO,This one has up to 3200 ISO with little noise.,13~45
211,11,CAMERA_2,['CAMERA_2'],"{'CAMERA_1': [], 'CAMERA_2': ['preset_modes', 'price', 'resolution', 'autofocus_points', 'color', 'effects', 'ISO', 'sensor_size'], 'CAMERA_3': []}",C_SILENT_OR_BACKCHANNEL,CAMERA_2,NONE,I see,S_INTRODUCES_FEATURE,CAMERA_2,sensor_size,This one has a APS-C sensor (crop sensor).,15~41
211,12,CAMERA_2,['CAMERA_2'],"{'CAMERA_1': [], 'CAMERA_2': ['preset_modes', 'price', 'resolution', 'autofocus_points', 'color', 'effects', 'ISO', 'sensor_size', 'weight'], 'CAMERA_3': []}",C_SILENT_OR_BACKCHANNEL,CAMERA_2,NONE,I see,S_INTRODUCES_FEATURE,CAMERA_2,weight,This one weighs 470 grams.,16~25
211,13,CAMERA_1,"['CAMERA_2', 'CAMERA_1']","{'CAMERA_1': [], 'CAMERA_2': ['preset_modes', 'price', 'resolution', 'autofocus_points', 'color', 'effects', 'ISO', 'sensor_size', 'weight'], 'CAMERA_3': []}",C_ANYTHING_ELSE_AVAILABLE,CAMERA_2,NONE,ok do you have any other cameras,S_INTRODUCES_CAMERA,CAMERA_1,,Let me show you this. Here we have the Nikon Coolpix S2800.,39~58
211,14,CAMERA_1,"['CAMERA_2', 'CAMERA_1']","{'CAMERA_1': ['resolution'], 'CAMERA_2': ['preset_modes', 'price', 'resolution', 'autofocus_points', 'color', 'effects', 'ISO', 'sensor_size', 'weight'], 'CAMERA_3': []}",C_QUESTION_ABOUT_FEATURE,CAMERA_1,resolution,what is the resolution,S_ANSWERS_QUESTION_ABOUT_FEATURE,CAMERA_1,resolution,This one has 20.1 megapixels resolution.,13~28
211,15,CAMERA_1,"['CAMERA_2', 'CAMERA_1']","{'CAMERA_1': ['resolution', 'weight'], 'CAMERA_2': ['preset_modes', 'price', 'resolution', 'autofocus_points', 'color', 'effects', 'ISO', 'sensor_size', 'weight'], 'CAMERA_3': []}",C_SILENT_OR_BACKCHANNEL,CAMERA_1,NONE,okay,S_INTRODUCES_FEATURE,CAMERA_1,weight,This one weighs 120 grams.,16~25
211,16,CAMERA_1,"['CAMERA_2', 'CAMERA_1']","{'CAMERA_1': ['resolution', 'weight', 'color'], 'CAMERA_2': ['preset_modes', 'price', 'resolution', 'autofocus_points', 'color', 'effects', 'ISO', 'sensor_size', 'weight'], 'CAMERA_3': []}",C_QUESTION_ABOUT_FEATURE,CAMERA_1,color,what colors does this one come in,S_ANSWERS_QUESTION_ABOUT_FEATURE,CAMERA_1,color,"This one comes in purple, pink, black, silver, red.",18~50
211,17,CAMERA_1,"['CAMERA_2', 'CAMERA_1']","{'CAMERA_1': ['resolution', 'weight', 'color', 'long_exposure'], 'CAMERA_2': ['preset_modes', 'price', 'resolution', 'autofocus_points', 'color', 'effects', 'ISO', 'sensor_size', 'weight'], 'CAMERA_3': []}",C_QUESTION_ABOUT_FEATURE,CAMERA_1,long_exposure,can it take long exposure shots,S_NOT_SURE,CAMERA_1,,I'm not really sure about that,
211,18,CAMERA_1,"['CAMERA_2', 'CAMERA_1']","{'CAMERA_1': ['resolution', 'weight', 'color', 'long_exposure', 'effects'], 'CAMERA_2': ['preset_modes', 'price', 'resolution', 'autofocus_points', 'color', 'effects', 'ISO', 'sensor_size', 'weight'], 'CAMERA_3': []}",C_QUESTION_ABOUT_FEATURE,CAMERA_1,effects,does it have any effect modes,S_ANSWERS_QUESTION_ABOUT_FEATURE,CAMERA_1,effects,"This one has 12 glamor retouch effects (e.g. skin softening, small face, big eyes).",13~82
211,19,NONE,"['CAMERA_2', 'CAMERA_1']","{'CAMERA_1': ['resolution', 'weight', 'color', 'long_exposure', 'effects'], 'CAMERA_2': ['preset_modes', 'price', 'resolution', 'autofocus_points', 'color', 'effects', 'ISO', 'sensor_size', 'weight'], 'CAMERA_3': []}",C_THANK_YOU,CAMERA_1,NONE,thank you for your help,S_THANK_YOU,CAMERA_1,NONE,thank you very much,
211,20,NONE,"['CAMERA_2', 'CAMERA_1']","{'CAMERA_1': ['resolution', 'weight', 'color', 'long_exposure', 'effects'], 'CAMERA_2': ['preset_modes', 'price', 'resolution', 'autofocus_points', 'color', 'effects', 'ISO', 'sensor_size', 'weight'], 'CAMERA_3': []}",C_LEAVES,DOOR,NONE,,S_RETURNS_TO_COUNTER,SERVICE_COUNTER,NONE,,
212,1,NONE,[],"{'CAMERA_1': [], 'CAMERA_2': [], 'CAMERA_3': []}",C_ENTERS,DOOR,NONE,,S_NONE,SERVICE_COUNTER,NONE,,
212,2,NONE,[],"{'CAMERA_1': [], 'CAMERA_2': [], 'CAMERA_3': []}",C_GREETS,MIDDLE,NONE,hello,S_GREETS,MIDDLE,NONE,can I help you?,
212,3,CAMERA_3,['CAMERA_3'],"{'CAMERA_1': [], 'CAMERA_2': [], 'CAMERA_3': []}",C_LOOKING_FOR_A_CAMERA,MIDDLE,NONE,I'm looking for a camera,S_INTRODUCES_CAMERA,CAMERA_3,,Let me show you this. Here we have the Canon EOS 5D Mark III.,39~60
212,4,CAMERA_3,['CAMERA_3'],"{'CAMERA_1': [], 'CAMERA_2': [], 'CAMERA_3': ['resolution']}",C_QUESTION_ABOUT_FEATURE,CAMERA_3,resolution,what is the resolution,S_NOT_SURE,CAMERA_3,,I'm not really sure about that,
212,5,CAMERA_3,['CAMERA_3'],"{'CAMERA_1': [], 'CAMERA_2': [], 'CAMERA_3': ['resolution', 'camera_type']}",C_QUESTION_ABOUT_FEATURE,CAMERA_3,camera_type,what kind of camera is this,S_ANSWERS_QUESTION_ABOUT_FEATURE,CAMERA_3,camera_type,This is a DSLR camera.,10~14
212,6,CAMERA_3,['CAMERA_3'],"{'CAMERA_1': [], 'CAMERA_2': [], 'CAMERA_3': ['resolution', 'camera_type', 'optical_zoom']}",C_QUESTION_ABOUT_FEATURE,CAMERA_3,optical_zoom,does it have optical zoom,S_NOT_SURE,CAMERA_3,,I'm not really sure about that,
212,7,CAMERA_3,['CAMERA_3'],"{'CAMERA_1': [], 'CAMERA_2': [], 'CAMERA_3': ['resolution', 'camera_type', 'optical_zoom', 'price']}",C_QUESTION_ABOUT_FEATURE,CAMERA_3,price,how much does it cost,S_ANSWERS_QUESTION_ABOUT_FEATURE,CAMERA_3,price,This one costs $3706.,15~20
212,8,CAMERA_1,"['CAMERA_3', 'CAMERA_1']","{'CAMERA_1': [], 'CAMERA_2': [], 'CAMERA_3': ['resolution', 'camera_type', 'optical_zoom', 'price']}",C_ANYTHING_ELSE_AVAILABLE,CAMERA_3,NONE,ok do you have any other cameras,S_INTRODUCES_CAMERA,CAMERA_1,,Let me show you this. Here we have the Nikon Coolpix S2800.,39~58
212,9,CAMERA_1,"['CAMERA_3', 'CAMERA_1']","{'CAMERA_1': ['price'], 'CAMERA_2': [], 'CAMERA_3': ['resolution', 'camera_type', 'optical_zoom', 'price']}",C_QUESTION_ABOUT_FEATURE,CAMERA_1,price,how much does it cost,S_ANSWERS_QUESTION_ABOUT_FEATURE,CAMERA_1,price,This one costs $2173.,15~20
212,10,CAMERA_1,"['CAMERA_3', 'CAMERA_1']","{'CAMERA_1': ['price', 'autofocus_points'], 'CAMERA_2': [], 'CAMERA_3': ['resolution', 'camera_type', 'optical_zoom', 'price']}",C_QUESTION_ABOUT_FEATURE,CAMERA_1,autofocus_points,how many autofocus points does it have,S_NOT_SURE,CAMERA_1,,I'm not really sure about that,
212,11,CAMERA_1,"['CAMERA_3', 'CAMERA_1']","{'CAMERA_1': ['price', 'autofocus_points', 'long_exposure'], 'CAMERA_2': [], 'CAMERA_3': ['resolution', 'camera_type', 'optical_zoom', 'price']}",C_QUESTION_ABOUT_FEATURE,CAMERA_1,long_exposure,can it take long exposure shots,S_NOT_SURE,CAMERA_1,,I'm not really sure about that,
212,12,CAMERA_1,"['CAMERA_3', 'CAMERA_1']","{'CAMERA_1': ['price', 'autofocus_points', 'long_exposure', 'weight'], 'CAMERA_2': [], 'CAMERA_3': ['resolution', 'camera_type', 'optical_zoom', 'price']}",C_QUESTION_ABOUT_FEATURE,CAMERA_1,weight,how much does this one weigh,S_ANSWERS_QUESTION_ABOUT_FEATURE,CAMERA_1,weight,This one weighs 120 grams.,16~25
212,13,CAMERA_1,"['CAMERA_3', 'CAMERA_1']","{'CAMERA_1': ['price', 'autofocus_points', 'long_exposure', 'weight', 'color'], 'CAMERA_2': [], 'CAMERA_3': ['resolution', 'camera_type', 'optical_zoom', 'price']}",C_QUESTION_ABOUT_FEATURE,CAMERA_1,color,what colors does this one come in,S_ANSWERS_QUESTION_ABOUT_FEATURE,CAMERA_1,color,"This one comes in purple, pink, black, silver, red.",18~50
212,14,NONE,"['CAMERA_3', 'CAMERA_1']","{'CAMERA_1': ['price', 'autofocus_points', 'long_exposure', 'weight', 'color'], 'CAMERA_2': [], 'CAMERA_3': ['resolution', 'camera_type', 'optical_zoom', 'price']}",C_THANK_YOU,CAMERA_1,NONE,thank you for your help,S_THANK_YOU,CAMERA_1,NONE,thank you very much,
212,15,NONE,"['CAMERA_3', 'CAMERA_1']","{'CAMERA_1': ['price', 'autofocus_points', 'long_exposure', 'weight', 'color'], 'CAMERA_2': [], 'CAMERA_3': ['resolution', 'camera_type', 'optical_zoom', 'price']}",C_LEAVES,DOOR,NONE,,S_RETURNS_TO_COUNTER,SERVICE_COUNTER,NONE,,
213,1,NONE,[],"{'CAMERA_1': [], 'CAMERA_2': [], 'CAMERA_3': []}",C_ENTERS,DOOR,NONE,,S_NONE,SERVICE_COUNTER,NONE,,
213,2,NONE,[],"{'CAMERA_1': [], 'CAMERA_2': [], 'CAMERA_3': []}",C_GREETS,MIDDLE,NONE,hello,S_GREETS,MIDDLE,NONE,can I help you?,
213,3,CAMERA_2,['CAMERA_2'],"{'CAMERA_1': [], 'CAMERA_2': [], 'CAMERA_3': []}",C_LOOKING_FOR_A_CAMERA,MIDDLE,NONE,I'm looking for a camera,S_INTRODUCES_CAMERA,CAMERA_2,,Let me show you this. Here we have the Sony Alpha a6000.,39~55
213,4,CAMERA_2,['CAMERA_2'],"{'CAMERA_1': [], 'CAMERA_2': ['weight'], 'CAMERA_3': []}",C_QUESTION_ABOUT_FEATURE,CAMERA_2,weight,how much does this one weigh,S_ANSWERS_QUESTION_ABOUT_FEATURE,CAMERA_2,weight,This one weighs 470 grams.,16~25
213,5,CAMERA_2,['CAMERA_2'],"{'CAMERA_1': [], 'CAMERA_2': ['weight', 'effects'], 'CAMERA_3': []}",C_QUESTION_ABOUT_FEATURE,CAMERA_2,effects,does it have any effect modes,S_ANSWERS_QUESTION_ABOUT_FEATURE,CAMERA_2,effects,"This one has 13 artistic effect modes (e.g. toy camera, soft focus).",13~67
213,6,CAMERA_2,['CAMERA_2'],"{'CAMERA_1': [], 'CAMERA_2': ['weight', 'effects', 'sensor_size'], 'CAMERA_3': []}",C_QUESTION_ABOUT_FEATURE,CAMERA_2,sensor_size,what is the sensor size,S_ANSWERS_QUESTION_ABOUT_FEATURE,CAMERA_2,sensor_size,This one has a APS-C sensor (crop sensor).,15~41
213,7,CAMERA_2,['CAMERA_2'],"{'CAMERA_1': [], 'CAMERA_2': ['weight', 'effects', 'sensor_size', 'autofocus_points'], 'CAMERA_3': []}",C_QUESTION_ABOUT_FEATURE,CAMERA_2,autofocus_points,how many autofocus points does it have,S_ANSWERS_QUESTION_ABOUT_FEATURE,CAMERA_2,autofocus_points,This one has 179 autofocus points.,13~33
213,8,CAMERA_1,"['CAMERA_2', 'CAMERA_1']","{'CAMERA_1': [], 'CAMERA_2': ['weight', 'effects', 'sensor_size', 'autofocus_points'], 'CAMERA_3': []}",C_ANYTHING_ELSE_AVAILABLE,CAMERA_2,NONE,ok do you have any other cameras,S_INTRODUCES_CAMERA,CAMERA_1,,Let me show you this. Here we have the Nikon Coolpix S2800.,39~58
213,9,CAMERA_1,"['CAMERA_2', 'CAMERA_1']","{'CAMERA_1': ['resolution'], 'CAMERA_2': ['weight', 'effects', 'sensor_size', 'autofocus_points'], 'CAMERA_3': []}",C_QUESTION_ABOUT_FEATURE,CAMERA_1,resolution,what is the resolution,S_ANSWERS_QUESTION_ABOUT_FEATURE,CAMERA_1,resolution,This one has 20.1 megapixels resolution.,13~28
213,10,CAMERA_1,"['CAMERA_2', 'CAMERA_1']","{'CAMERA_1': ['resolution', 'sensor_size'], 'CAMERA_2': ['weight', 'effects', 'sensor_size', 'autofocus_points'], 'CAMERA_3': []}",C_QUESTION_ABOUT_FEATURE,CAMERA_1,sensor_size,what is the sensor size,S_NOT_SURE,CAMERA_1,,I'm not really sure about that,
213,11,CAMERA_1,"['CAMERA_2', 'CAMERA_1']","{'CAMERA_1': ['resolution', 'sensor_size', 'weight'], 'CAMERA_2': ['weight', 'effects', 'sensor_size', 'autofocus_points'], 'CAMERA_3': []}",C_SILENT_OR_BACKCHANNEL,CAMERA_1,NONE,I see,S_INTRODUCES_FEATURE,CAMERA_1,weight,This one weighs 120 grams.,16~25
213,12,CAMERA_3,"['CAMERA_2', 'CAMERA_1', 'CAMERA_3']","{'CAMERA_1': ['resolution', 'sensor_size', 'weight'], 'CAMERA_2': ['weight', 'effects', 'sensor_size', 'autofocus_points'], 'CAMERA_3': []}",C_ANYTHING_ELSE_AVAILABLE,CAMERA_1,NONE,ok do you have any other cameras,S_INTRODUCES_CAMERA,CAMERA_3,,Let me show you this. Here we have the Canon EOS 5D Mark III.,39~60
213,13,CAMERA_3,"['CAMERA_2', 'CAMERA_1', 'CAMERA_3']","{'CAMERA_1': ['resolution', 'sensor_size', 'weight'], 'CAMERA_2': ['weight', 'effects', 'sensor_size', 'autofocus_points'], 'CAMERA_3': ['effects']}",C_QUESTION_ABOUT_FEATURE,CAMERA_3,effects,does it have any effect modes,S_NOT_SURE,CAMERA_3,,I'm not really sure about that,
213,14,CAMERA_3,"['CAMERA_2', 'CAMERA_1', 'CAMERA_3']","{'CAMERA_1': ['resolution', 'sensor_size', 'weight'], 'CAMERA_2': ['weight', 'effects', 'sensor_size', 'autofocus_points'], 'CAMERA_3': ['effects', 'preset_modes']}",C_QUESTION_ABOUT_FEATURE,CAMERA_3,preset_modes,does it have preset modes,S_NOT_SURE,CAMERA_3,,I'm not really sure about that,
213,15,CAMERA_3,"['CAMERA_2', 'CAMERA_1', 'CAMERA_3']","{'CAMERA_1': ['resolution', 'sensor_size', 'weight'], 'CAMERA_2': ['weight', 'effects', 'sensor_size', 'autofocus_points'], 'CAMERA_3': ['effects', 'preset_modes', 'price']}",C_SILENT_OR_BACKCHANNEL,CAMERA_3,NONE,alright,S_INTRODUCES_FEATURE,CAMERA_3,price,This one costs $3706.,15~20
213,16,CAMERA_3,"['CAMERA_2', 'CAMERA_1', 'CAMERA_3']","{'CAMERA_1': ['resolution', 'sensor_size', 'weight'], 'CAMERA_2': ['weight', 'effects', 'sensor_size', 'autofocus_points'], 'CAMERA_3': ['effects', 'preset_modes', 'price', 'autofocus_points']}",C_SILENT_OR_BACKCHANNEL,CAMERA_3,NONE,I see,S_INTRODUCES_FEATURE,CAMERA_3,autofocus_points,This one has 61 autofocus points.,13~32
213,17,CAMERA_3,"['CAMERA_2', 'CAMERA_1', 'CAMERA_3']","{'CAMERA_1': ['resolution', 'sensor_size', 'weight'], 'CAMERA_2': ['weight', 'effects', 'sensor_size', 'autofocus_points'], 'CAMERA_3': ['effects', 'preset_modes', 'price', 'autofocus_points', 'resolution']}",C_QUESTION_ABOUT_FEATURE,CAMERA_3,resolution,what is the resolution,S_NOT_SURE,CAMERA_3,,I'm not really sure about that,
213,18,CAMERA_3,"['CAMERA_2', 'CAMERA_1', 'CAMERA_3']","{'CAMERA_1': ['resolution', 'sensor_size', 'weight'], 'CAMERA_2': ['weight', 'effects', 'sensor_size', 'autofocus_points'], 'CAMERA_3': ['effects', 'preset_modes', 'price', 'autofocus_points', 'resolution', 'color']}",C_QUESTION_ABOUT_FEATURE,CAMERA_3,color,what colors does this one come in,S_ANSWERS_QUESTION_ABOUT_FEATURE,CAMERA_3,color,This one comes in black.,18~23
213,19,CAMERA_3,"['CAMERA_2', 'CAMERA_1', 'CAMERA_3']","{'CAMERA_1': ['resolution', 'sensor_size', 'weight'], 'CAMERA_2': ['weight', 'effects', 'sensor_size', 'autofocus_points'], 'CAMERA_3': ['effects', 'preset_modes', 'price', 'autofocus_points', 'resolution', 'color', 'long_exposure']}",C_SILENT_OR_BACKCHANNEL,CAMERA_3,NONE,alright,S_INTRODUCES_FEATURE,CAMERA_3,long_exposure,"This one can take long exposures up to up to 30 seconds, bulb mode: expose as long as you want.",39~94
213,20,NONE,"['CAMERA_2', 'CAMERA_1', 'CAMERA_3']","{'CAMERA_1': ['resolution', 'sensor_size', 'weight'], 'CAMERA_2': ['weight', 'effects', 'sensor_size', 'autofocus_points'], 'CAMERA_3': ['effects', 'preset_modes', 'price', 'autofocus_points', 'resolution', 'color', 'long_exposure']}",C_THANK_YOU,CAMERA_3,NONE,thank you for your help,S_THANK_YOU,CAMERA_3,NONE,thank you very much,
213,21,NONE,"['CAMERA_2', 'CAMERA_1', 'CAMERA_3']","{'CAMERA_1': ['resolution', 'sensor_size', 'weight'], 'CAMERA_2': ['weight', 'effects', 'sensor_size', 'autofocus_points'], 'CAMERA_3': ['effects', 'preset_modes', 'price', 'autofocus_points', 'resolution', 'color', 'long_exposure']}",C_LEAVES,DOOR,NONE,,S_RETURNS_TO_COUNTER,SERVICE_COUNTER,NONE,,
214,1,NONE,[],"{'CAMERA_1': [], 'CAMERA_2': [], 'CAMERA_3': []}",C_ENTERS,DOOR,NONE,,S_NONE,SERVICE_COUNTER,NONE,,
214,2,NONE,[],"{'CAMERA_1': [], 'CAMERA_2': [], 'CAMERA_3': []}",C_GREETS,MIDDLE,NONE,hello,S_GREETS,MIDDLE,NONE,can I help you?,
214,3,CAMERA_3,['CAMERA_3'],"{'CAMERA_1': [], 'CAMERA_2': [], 'CAMERA_3': []}",C_LOOKING_FOR_A_CAMERA,MIDDLE,NONE,I'm looking for a camera,S_INTRODUCES_CAMERA,CAMERA_3,,Let me show you this. Here we have the Canon EOS 5D Mark III.,39~60
214,4,CAMERA_3,['CAMERA_3'],"{'CAMERA_1': [], 'CAMERA_2': [], 'CAMERA_3': ['autofocus_points']}",C_SILENT_OR_BACKCHANNEL,CAMERA_3,NONE,okay,S_INTRODUCES_FEATURE,CAMERA_3,autofocus_points,This one has 61 autofocus points.,13~32
214,5,CAMERA_3,['CAMERA_3'],"{'CAMERA_1': [], 'CAMERA_2': [], 'CAMERA_3': ['autofocus_points', 'weight']}",C_QUESTION_ABOUT_FEATURE,CAMERA_3,weight,how much does this one weigh,S_ANSWERS_QUESTION_ABOUT_FEATURE,CAMERA_3,weight,This one weighs 950 grams (only body).,16~37
214,6,CAMERA_3,['CAMERA_3'],"{'CAMERA_1': [], 'CAMERA_2': [], 'CAMERA_3': ['autofocus_points', 'weight', 'ISO']}",C_SILENT_OR_BACKCHANNEL,CAMERA_3,NONE,okay,S_INTRODUCES_FEATURE,CAMERA_3,ISO,This one has up to 6400 ISO with little noise.,13~45
214,7,CAMERA_3,['CAMERA_3'],"{'CAMERA_1': [], 'CAMERA_2': [], 'CAMERA_3': ['autofocus_points', 'weight', 'ISO', 'long_exposure']}",C_SILENT_OR_BACKCHANNEL,CAMERA_3,NONE,alright,S_INTRODUCES_FEATURE,CAMERA_3,long_exposure,"This one can take long exposures up to up to 30 seconds, bulb mode: expose as long as you want.",39~94
214,8,CAMERA_3,['CAMERA_3'],"{'CAMERA_1': [], 'CAMERA_2': [], 'CAMERA_3': ['autofocus_points', 'weight', 'ISO', 'long_exposure', 'settings']}",C_SILENT_OR_BACKCHANNEL,CAMERA_3,NONE,alright,S_INTRODUCES_FEATURE,CAMERA_3,settings,This one has full manual control.,13~32
214,9,CAMERA_3,['CAMERA_3'],"{'CAMERA_1': [], 'CAMERA_2': [], 'CAMERA_3': ['autofocus_points', 'weight', 'ISO', 'long_exposure', 'settings', 'price']}",C_SILENT_OR_BACKCHANNEL,CAMERA_3,NONE,okay,S_INTRODUCES_FEATURE,CAMERA_3,price,This one costs $3706.,15~20
214,10,CAMERA_2,"['CAMERA_3', 'CAMERA_2']","{'CAMERA_1': [], 'CAMERA_2': [], 'CAMERA_3': ['autofocus_points', 'weight', 'ISO', 'long_exposure', 'settings', 'price']}",C_ANYTHING_ELSE_AVAILABLE,CAMERA_3,NONE,ok do you have any other cameras,S_INTRODUCES_CAMERA,CAMERA_2,,Let me show you this. Here we have the Sony Alpha a6000.,39~55
214,11,CAMERA_2,"['CAMERA_3', 'CAMERA_2']","{'CAMERA_1': [], 'CAMERA_2': ['price'], 'CAMERA_3': ['autofocus_points', 'weight', 'ISO', 'long_exposure', 'settings', 'price']}",C_QUESTION_ABOUT_FEATURE,CAMERA_2,price,how much does it cost,S_ANSWERS_QUESTION_ABOUT_FEATURE,CAMERA_2,price,This one costs $1341.,15~20
214,12,CAMERA_2,"['CAMERA_3', 'CAMERA_2']","{'CAMERA_1': [], 'CAMERA_2': ['price', 'color'], 'CAMERA_3': ['autofocus_points', 'weight', 'ISO', 'long_exposure', 'settings', 'price']}",C_SILENT_OR_BACKCHANNEL,CAMERA_2,NONE,I see,S_INTRODUCES_FEATURE,CAMERA_2,color,"This one comes in white, silver, black.",18~38
214,13,CAMERA_2,"['CAMERA_3', 'CAMERA_2']","{'CAMERA_1': [], 'CAMERA_2': ['price', 'color', 'ISO'], 'CAMERA_3': ['autofocus_points', 'weight', 'ISO', 'long_exposure', 'settings', 'price']}",C_SILENT_OR_BACKCHANNEL,CAMERA_2,NONE,alright,S_INTRODUCES_FEATURE,CAMERA_2,ISO,This one has up to 3200 ISO with little noise.,13~45
214,14,CAMERA_1,"['CAMERA_3', 'CAMERA_2', 'CAMERA_1']","{'CAMERA_1': [], 'CAMERA_2': ['price', 'color', 'ISO'], 'CAMERA_3': ['autofocus_points', 'weight', 'ISO', 'long_exposure', 'settings', 'price']}",C_ANYTHING_ELSE_AVAILABLE,CAMERA_2,NONE,ok do you have any other cameras,S_INTRODUCES_CAMERA,CAMERA_1,,Let me show you this. Here we have the Nikon Coolpix S2800.,39~58
214,15,CAMERA_1,"['CAMERA_3', 'CAMERA_2', 'CAMERA_1']","{'CAMERA_1': ['optical_zoom'], 'CAMERA_2': ['price', 'color', 'ISO'], 'CAMERA_3': ['autofocus_points', 'weight', 'ISO', 'long_exposure', 'settings', 'price']}",C_SILENT_OR_BACKCHANNEL,CAMERA_1,NONE,I see,S_INTRODUCES_FEATURE,CAMERA_1,optical_zoom,This one has 5x optical zoom.,13~28
214,16,CAMERA_1,"['CAMERA_3', 'CAMERA_2', 'CAMERA_1']","{'CAMERA_1': ['optical_zoom', 'camera_type'], 'CAMERA_2': ['price', 'color', 'ISO'], 'CAMERA_3': ['autofocus_points', 'weight', 'ISO', 'long_exposure', 'settings', 'price']}",C_SILENT_OR_BACKCHANNEL,CAMERA_1,NONE,okay,S_INTRODUCES_FEATURE,CAMERA_1,camera_type,This is a point and shoot camera.,10~25
214,17,CAMERA_1,"['CAMERA_3', 'CAMERA_2', 'CAMERA_1']","{'CAMERA_1': ['optical_zoom', 'camera_type', 'color'], 'CAMERA_2': ['price', 'color', 'ISO'], 'CAMERA_3': ['autofocus_points', 'weight', 'ISO', 'long_exposure', 'settings', 'price']}",C_SILENT_OR_BACKCHANNEL,CAMERA_1,NONE,I see,S_INTRODUCES_FEATURE,CAMERA_1,color,"This one comes in purple, pink, black, silver, red.",18~50
214,18,CAMERA_1,"['CAMERA_3', 'CAMERA_2', 'CAMERA_1']","{'CAMERA_1': ['optical_zoom', 'camera_type', 'color', 'sensor_size'], 'CAMERA_2': ['price', 'color', 'ISO'], 'CAMERA_3': ['autofocus_points', 'weight', 'ISO', 'long_exposure', 'settings', 'price']}",C_QUESTION_ABOUT_FEATURE,CAMERA_1,sensor_size,what is the sensor size,S_NOT_SURE,CAMERA_1,,I'm not really sure about that,
214,19,CAMERA_1,"['CAMERA_3', 'CAMERA_2', 'CAMERA_1']","{'CAMERA_1': ['optical_zoom', 'camera_type', 'color', 'sensor_size', 'resolution'], 'CAMERA_2': ['price', 'color', 'ISO'], 'CAMERA_3': ['autofocus_points', 'weight', 'ISO', 'long_exposure', 'settings', 'price']}",C_QUESTION_ABOUT_FEATURE,CAMERA_1,resolution,what is the resolution,S_ANSWERS_QUESTION_ABOUT_FEATURE,CAMERA_1,resolution,This one has 20.1 megapixels resolution.,13~28
214,20,,"['CAMERA_3', 'CAMERA_2', 'CAMERA_1']","{'CAMERA_1': ['optical_zoom', 'camera_type', 'color', 'sensor_size', 'resolution'], 'CAMERA_2': ['price', 'color', 'ISO'], 'CAMERA_3': ['autofocus_points', 'weight', 'ISO', 'long_exposure', 'settings', 'price']}",C_ANYTHING_ELSE_AVAILABLE,CAMERA_1,NONE,ok do you have any other cameras,S_THATS_ALL_WE_HAVE_AVAILABLE,CAMERA_1,,That’s all we have available at the moment.,
214,21,NONE,"['CAMERA_3', 'CAMERA_2', 'CAMERA_1']","{'CAMERA_1': ['optical_zoom', 'camera_type', 'color', 'sensor_size', 'resolution'], 'CAMERA_2': ['price', 'color', 'ISO'], 'CAMERA_3': ['autofocus_points', 'weight', 'ISO', 'long_exposure', 'settings', 'price']}",C_THANK_YOU,CAMERA_1,NONE,thank you for your help,S_THANK_YOU,CAMERA_1,NONE,thank you very much,
214,22,NONE,"['CAMERA_3', 'CAMERA_2', 'CAMERA_1']","{'CAMERA_1': ['optical_zoom', 'camera_type', 'color', 'sensor_size', 'resolution'], 'CAMERA_2': ['price', 'color', 'ISO'], 'CAMERA_3': ['autofocus_points', 'weight', 'ISO', 'long_exposure', 'settings', 'price']}",C_LEAVES,DOOR,NONE,,S_RETURNS_TO_COUNTER,SERVICE_COUNTER,NONE,,
215,1,NONE,[],"{'CAMERA_1': [], 'CAMERA_2': [], 'CAMERA_3': []}",C_ENTERS,DOOR,NONE,,S_NONE,SERVICE_COUNTER,NONE,,
215,2,NONE,[],"{'CAMERA_1': [], 'CAMERA_2': [], 'CAMERA_3': []}",C_WALKS_TO_CAMERA,CAMERA_2,NONE,,S_GREETS,CAMERA_2,NONE,can I help you?,
215,3,CAMERA_3,['CAMERA_3'],"{'CAMERA_1': [], 'CAMERA_2': [], 'CAMERA_3': []}",C_LOOKING_FOR_A_CAMERA,CAMERA_2,NONE,I'm looking for a camera,S_INTRODUCES_CAMERA,CAMERA_3,,Let me show you this. Here we have the Canon EOS 5D Mark III.,39~60
215,4,CAMERA_3,['CAMERA_3'],"{'CAMERA_1': [], 'CAMERA_2': [], 'CAMERA_3': ['sensor_size']}",C_QUESTION_ABOUT_FEATURE,CAMERA_3,sensor_size,what is the sensor size,S_ANSWERS_QUESTION_ABOUT_FEATURE,CAMERA_3,sensor_size,This one has a full frame.,15~25
215,5,CAMERA_2,"['CAMERA_3', 'CAMERA_2']","{'CAMERA_1': [], 'CAMERA_2': [], 'CAMERA_3': ['sensor_size']}",C_ANYTHING_ELSE_AVAILABLE,CAMERA_3,NONE,ok do you have any other cameras,S_INTRODUCES_CAMERA,CAMERA_2,,Let me show you this. Here we have the Sony Alpha a6000.,39~55
215,6,CAMERA_2,"['CAMERA_3', 'CAMERA_2']","{'CAMERA_1': [], 'CAMERA_2': ['resolution'], 'CAMERA_3': ['sensor_size']}",C_QUESTION_ABOUT_FEATURE,CAMERA_2,resolution,what is the resolution,S_NOT_SURE,CAMERA_2,,I'm not really sure about that,
215,7,CAMERA_2,"['CAMERA_3', 'CAMERA_2']","{'CAMERA_1': [], 'CAMERA_2': ['resolution', 'sensor_size'], 'CAMERA_3': ['sensor_size']}",C_QUESTION_ABOUT_FEATURE,CAMERA_2,sensor_size,what is the sensor size,S_ANSWERS_QUESTION_ABOUT_FEATURE,CAMERA_2,sensor_size,This one has a APS-C sensor (crop sensor).,15~41
215,8,CAMERA_2,"['CAMERA_3', 'CAMERA_2']","{'CAMERA_1': [], 'CAMERA_2': ['resolution', 'sensor_size', 'color'], 'CAMERA_3': ['sensor_size']}",C_QUESTION_ABOUT_FEATURE,CAMERA_2,color,what colors does this one come in,S_ANSWERS_QUESTION_ABOUT_FEATURE,CAMERA_2,color,"This one comes in white, silver, black.",18~38
215,9,CAMERA_2,"['CAMERA_3', 'CAMERA_2']","{'CAMERA_1': [], 'CAMERA_2': ['resolution', 'sensor_size', 'color', 'price'], 'CAMERA_3': ['sensor_size']}",C_SILENT_OR_BACKCHANNEL,CAMERA_2,NONE,okay,S_INTRODUCES_FEATURE,CAMERA_2,price,This one costs $1341.,15~20
215,10,CAMERA_2,"['CAMERA_3', 'CAMERA_2']","{'CAMERA_1': [], 'CAMERA_2': ['resolution', 'sensor_size', 'color', 'price', 'preset_modes'], 'CAMERA_3': ['sensor_size']}",C_SILENT_OR_BACKCHANNEL,CAMERA_2,NONE,alright,S_INTRODUCES_FEATURE,CAMERA_2,preset_modes,"This one has 9 preset modes (e.g. beach, snow, night, portrait).",13~63
215,11,CAMERA_2,"['CAMERA_3', 'CAMERA_2']","{'CAMERA_1': [], 'CAMERA_2': ['resolution', 'sensor_size', 'color', 'price', 'preset_modes', 'camera_type'], 'CAMERA_3': ['sensor_size']}",C_QUESTION_ABOUT_FEATURE,CAMERA_2,camera_type,what kind of camera is this,S_ANSWERS_QUESTION_ABOUT_FEATURE,CAMERA_2,camera_type,This is a mirrorless camera.,10~20
215,12,CAMERA_2,"['CAMERA_3', 'CAMERA_2']","{'CAMERA_1': [], 'CAMERA_2': ['resolution', 'sensor_size', 'color', 'price', 'preset_modes', 'camera_type', 'effects'], 'CAMERA_3': ['sensor_size']}",C_QUESTION_ABOUT_FEATURE,CAMERA_2,effects,does it have any effect modes,S_ANSWERS_QUESTION_ABOUT_FEATURE,CAMERA_2,effects,"This one has 13 artistic effect modes (e.g. toy camera, soft focus).",13~67
215,13,CAMERA_2,"['CAMERA_3', 'CAMERA_2']","{'CAMERA_1': [], 'CAMERA_2': ['resolution', 'sensor_size', 'color', 'price', 'preset_modes', 'camera_type', 'effects', 'settings'], 'CAMERA_3': ['sensor_size']}",C_SILENT_OR_BACKCHANNEL,CAMERA_2,NONE,I see,S_INTRODUCES_FEATURE,CAMERA_2,settings,This one has full manual control.,13~32
215,14,CAMERA_2,"['CAMERA_3', 'CAMERA_2']","{'CAMERA_1': [], 'CAMERA_2': ['resolution', 'sensor_size', 'color', 'price', 'preset_modes', 'camera_type', 'effects', 'settings', 'ISO'], 'CAMERA_3': ['sensor_size']}",C_QUESTION_ABOUT_FEATURE,CAMERA_2,ISO,what is the ISO,S_ANSWERS_QUESTION_ABOUT_FEATURE,CAMERA_2,ISO,This one has up to 3200 ISO with little noise.,13~45
215,15,CAMERA_2,"['CAMERA_3', 'CAMERA_2']","{'CAMERA_1': [], 'CAMERA_2': ['resolution', 'sensor_size', 'color', 'price', 'preset_modes', 'camera_type', 'effects', 'settings', 'ISO', 'long_exposure'], 'CAMERA_3': ['sensor_size']}",C_SILENT_OR_BACKCHANNEL,CAMERA_2,NONE,alright,S_INTRODUCES_FEATURE,CAMERA_2,long_exposure,This one can take long exposures up to up to 30 seconds.,39~55
215,16,NONE,"['CAMERA_3', 'CAMERA_2']","{'CAMERA_1': [], 'CAMERA_2': ['resolution', 'sensor_size', 'color', 'price', 'preset_modes', 'camera_type', 'effects', 'settings', 'ISO', 'long_exposure'], 'CAMERA_3': ['sensor_size']}",C_THANK_YOU,CAMERA_2,NONE,thank you for your help,S_THANK_YOU,CAMERA_2,NONE,thank you very much,
215,17,NONE,"['CAMERA_3', 'CAMERA_2']","{'CAMERA_1': [], 'CAMERA_2': ['resolution', 'sensor_size', 'color', 'price', 'preset_modes', 'camera_type', 'effects', 'settings', 'ISO', 'long_exposure'], 'CAMERA_3': ['sensor_size']}",C_LEAVES,DOOR,NONE,,S_RETURNS_TO_COUNTER,SERVICE_COUNTER,NONE,,
216,1,NONE,[],"{'CAMERA_1': [], 'CAMERA_2': [], 'CAMERA_3': []}",C_ENTERS,DOOR,NONE,,S_NONE,SERVICE_COUNTER,NONE,,
216,2,NONE,[],"{'CAMERA_1': [], 'CAMERA_2': [], 'CAMERA_3': []}",C_WALKS_TO_CAMERA,CAMERA_2,NONE,,S_GREETS,CAMERA_2,NONE,can I help you?,
216,3,CAMERA_1,['CAMERA_1'],"{'CAMERA_1': [], 'CAMERA_2': [], 'CAMERA_3': []}",C_LOOKING_FOR_A_CAMERA,CAMERA_2,NONE,I'm looking for a camera,S_INTRODUCES_CAMERA,CAMERA_1,,Let me show you this. Here we have the Nikon Coolpix S2800.,39~58
216,4,CAMERA_1,['CAMERA_1'],"{'CAMERA_1': ['optical_zoom'], 'CAMERA_2': [], 'CAMERA_3': []}",C_QUESTION_ABOUT_FEATURE,CAMERA_1,optical_zoom,does it have optical zoom,S_ANSWERS_QUESTION_ABOUT_FEATURE,CAMERA_1,optical_zoom,This one has 5x optical zoom.,13~28
216,5,CAMERA_1,['CAMERA_1'],"{'CAMERA_1': ['optical_zoom', 'long_exposure'], 'CAMERA_2': [], 'CAMERA_3': []}",C_QUESTION_ABOUT_FEATURE,CAMERA_1,long_exposure,can it take long exposure shots,S_NOT_SURE,CAMERA_1,,I'm not really sure about that,
216,6,CAMERA_1,['CAMERA_1'],"{'CAMERA_1': ['optical_zoom', 'long_exposure', 'autofocus_points'], 'CAMERA_2': [], 'CAMERA_3': []}",C_QUESTION_ABOUT_FEATURE,CAMERA_1,autofocus_points,how many autofocus points does it have,S_NOT_SURE,CAMERA_1,,I'm not really sure about that,
216,7,CAMERA_1,['CAMERA_1'],"{'CAMERA_1': ['optical_zoom', 'long_exposure', 'autofocus_points', 'color'], 'CAMERA_2': [], 'CAMERA_3': []}",C_QUESTION_ABOUT_FEATURE,CAMERA_1,color,what colors does this one come in,S_ANSWERS_QUESTION_ABOUT_FEATURE,CAMERA_1,color,"This one comes in purple, pink, black, silver, red.",18~50
216,8,CAMERA_1,['CAMERA_1'],"{'CAMERA_1': ['optical_zoom', 'long_exposure', 'autofocus_points', 'color', 'sensor_size'], 'CAMERA_2': [], 'CAMERA_3': []}",C_QUESTION_ABOUT_FEATURE,CAMERA_1,sensor_size,what is the sensor size,S_NOT_SURE,CAMERA_1,,I'm not really sure about that,
216,9,CAMERA_1,['CAMERA_1'],"{'CAMERA_1': ['optical_zoom', 'long_exposure', 'autofocus_points', 'color', 'sensor_size', 'camera_type'], 'CAMERA_2': [], 'CAMERA_3': []}",C_QUESTION_ABOUT_FEATURE,CAMERA_1,camera_type,what kind of camera is this,S_ANSWERS_QUESTION_ABOUT_FEATURE,CAMERA_1,camera_type,This is a point and shoot camera.,10~25
216,10,CAMERA_1,['CAMERA_1'],"{'CAMERA_1': ['optical_zoom', 'long_exposure', 'autofocus_points', 'color', 'sensor_size', 'camera_type', 'effects'], 'CAMERA_2': [], 'CAMERA_3': []}",C_QUESTION_ABOUT_FEATURE,CAMERA_1,effects,does it have any effect modes,S_ANSWERS_QUESTION_ABOUT_FEATURE,CAMERA_1,effects,"This one has 12 glamor retouch effects (e.g. skin softening, small face, big eyes).",13~82
216,11,CAMERA_1,['CAMERA_1'],"{'CAMERA_1': ['optical_zoom', 'long_exposure', 'autofocus_points', 'color', 'sensor_size', 'camera_type', 'effects', 'ISO'], 'CAMERA_2': [], 'CAMERA_3': []}",C_QUESTION_ABOUT_FEATURE,CAMERA_1,ISO,what is the ISO,S_NOT_SURE,CAMERA_1,,I'm not really sure about that,
216,12,CAMERA_1,['CAMERA_1'],"{'CAMERA_1': ['optical_zoom', 'long_exposure', 'autofocus_points', 'color', 'sensor_size', 'camera_type', 'effects', 'ISO', 'settings'], 'CAMERA_2': [], 'CAMERA_3': []}",C_SILENT_OR_BACKCHANNEL,CAMERA_1,NONE,alright,S_INTRODUCES_FEATURE,CAMERA_1,settings,This one has limited manual settings.,13~36
216,13,CAMERA_1,['CAMERA_1'],"{'CAMERA_1': ['optical_zoom', 'long_exposure', 'autofocus_points', 'color', 'sensor_size', 'camera_type', 'effects', 'ISO', 'settings', 'preset_modes'], 'CAMERA_2': [], 'CAMERA_3': []}",C_QUESTION_ABOUT_FEATURE,CAMERA_1,preset_modes,does it have preset modes,S_ANSWERS_QUESTION_ABOUT_FEATURE,CAMERA_1,preset_modes,"This one has 18 preset modes (e.g. beach, snow, night portrait).",13~63
216,14,CAMERA_1,['CAMERA_1'],"{'CAMERA_1': ['optical_zoom', 'long_exposure', 'autofocus_points', 'color', 'sensor_size', 'camera_type', 'effects', 'ISO', 'settings', 'preset_modes', 'weight'], 'CAMERA_2': [], 'CAMERA_3': []}",C_QUESTION_ABOUT_FEATURE,CAMERA_1,weight,how much does this one weigh,S_ANSWERS_QUESTION_ABOUT_FEATURE,CAMERA_1,weight,This one weighs 120 grams.,16~25
216,15,CAMERA_1,['CAMERA_1'],"{'CAMERA_1': ['optical_zoom', 'long_exposure', 'autofocus_points', 'color', 'sensor_size', 'camera_type', 'effects', 'ISO', 'settings', 'preset_modes', 'weight', 'price'], 'CAMERA_2': [], 'CAMERA_3': []}",C_QUESTION_ABOUT_FEATURE,CAMERA_1,price,how much does it cost,S_ANSWERS_QUESTION_ABOUT_FEATURE,CAMERA_1,price,This one costs $2173.,15~20
216,16,CAMERA_1,['CAMERA_1'],"{'CAMERA_1': ['optical_zoom', 'long_exposure', 'autofocus_points', 'color', 'sensor_size', 'camera_type', 'effects', 'ISO', 'settings', 'preset_modes', 'weight', 'price', 'resolution'], 'CAMERA_2': [], 'CAMERA_3': []}",C_SILENT_OR_BACKCHANNEL,CAMERA_1,NONE,alright,S_INTRODUCES_FEATURE,CAMERA_1,resolution,This one has 20.1 megapixels resolution.,13~28
216,17,CAMERA_1,['CAMERA_1'],"{'CAMERA_1': ['optical_zoom', 'long_exposure', 'autofocus_points', 'color', 'sensor_size', 'camera_type', 'effects', 'ISO', 'settings', 'preset_modes', 'weight', 'price', 'resolution', 'preset_modes'], 'CAMERA_2': [], 'CAMERA_3': []}",C_QUESTION_ABOUT_FEATURE,CAMERA_1,preset_modes,does it have preset modes,S_ANSWERS_QUESTION_ABOUT_FEATURE,CAMERA_1,preset_modes,"This one has 18 preset modes (e.g. beach, snow, night portrait).",13~63
216,18,CAMERA_1,['CAMERA_1'],"{'CAMERA_1': ['optical_zoom', 'long_exposure', 'autofocus_points', 'color', 'sensor_size', 'camera_type', 'effects', 'ISO', 'settings', 'preset_modes', 'weight', 'price', 'resolution', 'preset_modes', 'long_exposure'], 'CAMERA_2': [], 'CAMERA_3': []}",C_QUESTION_ABOUT_FEATURE,CAMERA_1,long_exposure,can it take long exposure shots,S_NOT_SURE,CAMERA_1,,I'm not really sure about that,
216,19,CAMERA_1,['CAMERA_1'],"{'CAMERA_1': ['optical_zoom', 'long_exposure', 'autofocus_points', 'color', 'sensor_size', 'camera_type', 'effects', 'ISO', 'settings', 'preset_modes', 'weight', 'price', 'resolution', 'preset_modes', 'long_exposure', 'camera_type'], 'CAMERA_2': [], 'CAMERA_3': []}",C_QUESTION_ABOUT_FEATURE,CAMERA_1,camera_type,what kind of camera is this,S_ANSWERS_QUESTION_ABOUT_FEATURE,CAMERA_1,camera_type,This is a point and shoot camera.,10~25
216,20,NONE,['CAMERA_1'],"{'CAMERA_1': ['optical_zoom', 'long_exposure', 'autofocus_points', 'color', 'sensor_size', 'camera_type', 'effects', 'ISO', 'settings', 'preset_modes', 'weight', 'price', 'resolution', 'preset_modes', 'long_exposure', 'camera_type'], 'CAMERA_2': [], 'CAMERA_3': []}",C_THANK_YOU,CAMERA_1,NONE,thank you for your help,S_THANK_YOU,CAMERA_1,NONE,thank you very much,
216,21,NONE,['CAMERA_1'],"{'CAMERA_1': ['optical_zoom', 'long_exposure', 'autofocus_points', 'color', 'sensor_size', 'camera_type', 'effects', 'ISO', 'settings', 'preset_modes', 'weight', 'price', 'resolution', 'preset_modes', 'long_exposure', 'camera_type'], 'CAMERA_2': [], 'CAMERA_3': []}",C_LEAVES,DOOR,NONE,,S_RETURNS_TO_COUNTER,SERVICE_COUNTER,NONE,,
217,1,NONE,[],"{'CAMERA_1': [], 'CAMERA_2': [], 'CAMERA_3': []}",C_ENTERS,DOOR,NONE,,S_NONE,SERVICE_COUNTER,NONE,,
217,2,NONE,[],"{'CAMERA_1': [], 'CAMERA_2': [], 'CAMERA_3': []}",C_WALKS_TO_CAMERA,CAMERA_3,NONE,,S_GREETS,CAMERA_3,NONE,can I help you?,
217,3,CAMERA_1,['CAMERA_1'],"{'CAMERA_1': [], 'CAMERA_2': [], 'CAMERA_3': []}",C_LOOKING_FOR_A_CAMERA,CAMERA_3,NONE,I'm looking for a camera,S_INTRODUCES_CAMERA,CAMERA_1,,Let me show you this. Here we have the Nikon Coolpix S2800.,39~58
217,4,CAMERA_1,['CAMERA_1'],"{'CAMERA_1': ['optical_zoom'], 'CAMERA_2': [], 'CAMERA_3': []}",C_SILENT_OR_BACKCHANNEL,CAMERA_1,NONE,alright,S_INTRODUCES_FEATURE,CAMERA_1,optical_zoom,This one has 5x optical zoom.,13~28
217,5,CAMERA_1,['CAMERA_1'],"{'CAMERA_1': ['optical_zoom', 'color'], 'CAMERA_2': [], 'CAMERA_3': []}",C_SILENT_OR_BACKCHANNEL,CAMERA_1,NONE,alright,S_INTRODUCES_FEATURE,CAMERA_1,color,"This one comes in purple, pink, black, silver, red.",18~50
217,6,CAMERA_1,['CAMERA_1'],"{'CAMERA_1': ['optical_zoom', 'color', 'settings'], 'CAMERA_2': [], 'CAMERA_3': []}",C_QUESTION_ABOUT_FEATURE,CAMERA_1,settings,what kind of settings does it have,S_ANSWERS_QUESTION_ABOUT_FEATURE,CAMERA_1,settings,This one has limited manual settings.,13~36
217,7,CAMERA_2,"['CAMERA_1', 'CAMERA_2']","{'CAMERA_1': ['optical_zoom', 'color', 'settings'], 'CAMERA_2': [], 'CAMERA_3': []}",C_ANYTHING_ELSE_AVAILABLE,CAMERA_1,NONE,ok do you have any other cameras,S_INTRODUCES_CAMERA,CAMERA_2,,Let me show you this. Here we have the Sony Alpha a6000.,39~55
217,8,CAMERA_2,"['CAMERA_1', 'CAMERA_2']","{'CAMERA_1': ['optical_zoom', 'color', 'settings'], 'CAMERA_2': ['settings'], 'CAMERA_3': []}",C_QUESTION_ABOUT_FEATURE,CAMERA_2,settings,what kind of settings does it have,S_ANSWERS_QUESTION_ABOUT_FEATURE,CAMERA_2,settings,This one has full manual control.,13~32
217,9,NONE,"['CAMERA_1', 'CAMERA_2']","{'CAMERA_1': ['optical_zoom', 'color', 'settings'], 'CAMERA_2': ['settings'], 'CAMERA_3': []}",C_THANK_YOU,CAMERA_2,NONE,thank you for your help,S_THANK_YOU,CAMERA_2,NONE,thank you very much,
217,10,NONE,"['CAMERA_1', 'CAMERA_2']","{'CAMERA_1': ['optical_zoom', 'color', 'settings'], 'CAMERA_2': ['settings'], 'CAMERA_3': []}",C_LEAVES,DOOR,NONE,,S_RETURNS_TO_COUNTER,SERVICE_COUNTER,NONE,,
218,1,NONE,[],"{'CAMERA_1': [], 'CAMERA_2': [], 'CAMERA_3': []}",C_ENTERS,DOOR,NONE,,S_NONE,SERVICE_COUNTER,NONE,,
218,2,NONE,[],"{'CAMERA_1': [], 'CAMERA_2': [], 'CAMERA_3': []}",C_GREETS,MIDDLE,NONE,hello,S_GREETS,MIDDLE,NONE,can I help you?,
218,3,CAMERA_1,['CAMERA_1'],"{'CAMERA_1': [], 'CAMERA_2': [], 'CAMERA_3': []}",C_LOOKING_FOR_A_CAMERA,MIDDLE,NONE,I'm looking for a camera,S_INTRODUCES_CAMERA,CAMERA_1,,Let me show you this. Here we have the Nikon Coolpix S2800.,39~58
218,4,CAMERA_1,['CAMERA_1'],"{'CAMERA_1': ['camera_type'], 'CAMERA_2': [], 'CAMERA_3': []}",C_QUESTION_ABOUT_FEATURE,CAMERA_1,camera_type,what kind of camera is this,S_ANSWERS_QUESTION_ABOUT_FEATURE,CAMERA_1,camera_type,This is a point and shoot camera.,10~25
218,5,CAMERA_1,['CAMERA_1'],"{'CAMERA_1': ['camera_type', 'resolution'], 'CAMERA_2': [], 'CAMERA_3': []}",C_QUESTION_ABOUT_FEATURE,CAMERA_1,resolution,what is the resolution,S_ANSWERS_QUESTION_ABOUT_FEATURE,CAMERA_1,resolution,This one has 20.1 megapixels resolution.,13~28
218,6,CAMERA_1,['CAMERA_1'],"{'CAMERA_1': ['camera_type', 'resolution', 'ISO'], 'CAMERA_2': [], 'CAMERA_3': []}",C_QUESTION_ABOUT_FEATURE,CAMERA_1,ISO,what is the ISO,S_NOT_SURE,CAMERA_1,,I'm not really sure about that,
218,7,CAMERA_1,['CAMERA_1'],"{'CAMERA_1': ['camera_type', 'resolution', 'ISO', 'price'], 'CAMERA_2': [], 'CAMERA_3': []}",C_SILENT_OR_BACKCHANNEL,CAMERA_1,NONE,I see,S_INTRODUCES_FEATURE,CAMERA_1,price,This one costs $2173.,15~20
218,8,CAMERA_1,['CAMERA_1'],"{'CAMERA_1': ['camera_type', 'resolution', 'ISO', 'price', 'settings'], 'CAMERA_2': [], 'CAMERA_3': []}",C_SILENT_OR_BACKCHANNEL,CAMERA_1,NONE,I see,S_INTRODUCES_FEATURE,CAMERA_1,settings,This one has limited manual settings.,13~36
218,9,NONE,['CAMERA_1'],"{'CAMERA_1': ['camera_type', 'resolution', 'ISO', 'price', 'settings'], 'CAMERA_2': [], 'CAMERA_3': []}",C_THANK_YOU,CAMERA_1,NONE,thank you for your help,S_THANK_YOU,CAMERA_1,NONE,thank you very much,
218,10,NONE,['CAMERA_1'],"{'CAMERA_1': ['camera_type', 'resolution', 'ISO', 'price', 'settings'], 'CAMERA_2': [], 'CAMERA_3': []}",C_LEAVES,DOOR,NONE,,S_RETURNS_TO_COUNTER,SERVICE_COUNTER,NONE,,
219,1,NONE,[],"{'CAMERA_1': [], 'CAMERA_2': [], 'CAMERA_3': []}",C_ENTERS,DOOR,NONE,,S_NONE,SERVICE_COUNTER,NONE,,
219,2,NONE,[],"{'CAMERA_1': [], 'CAMERA_2': [], 'CAMERA_3': []}",C_WALKS_TO_CAMERA,CAMERA_3,NONE,,S_GREETS,CAMERA_3,NONE,can I help you?,
219,3,CAMERA_1,['CAMERA_1'],"{'CAMERA_1': [], 'CAMERA_2': [], 'CAMERA_3': []}",C_LOOKING_FOR_A_CAMERA,CAMERA_3,NONE,I'm looking for a camera,S_INTRODUCES_CAMERA,CAMERA_1,,Let me show you this. Here we have the Nikon Coolpix S2800.,39~58
219,4,CAMERA_1,['CAMERA_1'],"{'CAMERA_1': ['effects'], 'CAMERA_2': [], 'CAMERA_3': []}",C_QUESTION_ABOUT_FEATURE,CAMERA_1,effects,does it have any effect modes,S_ANSWERS_QUESTION_ABOUT_FEATURE,CAMERA_1,effects,"This one has 12 glamor retouch effects (e.g. skin softening, small face, big eyes).",13~82
219,5,CAMERA_2,"['CAMERA_1', 'CAMERA_2']","{'CAMERA_1': ['effects'], 'CAMERA_2': [], 'CAMERA_3': []}",C_ANYTHING_ELSE_AVAILABLE,CAMERA_1,NONE,ok do you have any other cameras,S_INTRODUCES_CAMERA,CAMERA_2,,Let me show you this. Here we have the Sony Alpha a6000.,39~55
219,6,CAMERA_2,"['CAMERA_1', 'CAMERA_2']","{'CAMERA_1': ['effects'], 'CAMERA_2': ['effects'], 'CAMERA_3': []}",C_SILENT_OR_BACKCHANNEL,CAMERA_2,NONE,I see,S_INTRODUCES_FEATURE,CAMERA_2,effects,"This one has 13 artistic effect modes (e.g. toy camera, soft focus).",13~67
219,7,CAMERA_2,"['CAMERA_1', 'CAMERA_2']","{'CAMERA_1': ['effects'], 'CAMERA_2': ['effects', 'preset_modes'], 'CAMERA_3': []}",C_SILENT_OR_BACKCHANNEL,CAMERA_2,NONE,alright,S_INTRODUCES_FEATURE,CAMERA_2,preset_modes,"This one has 9 preset modes (e.g. beach, snow, night, portrait).",13~63
219,8,CAMERA_2,"['CAMERA_1', 'CAMERA_2']","{'CAMERA_1': ['effects'], 'CAMERA_2': ['effects', 'preset_modes', 'long_exposure'], 'CAMERA_3': []}",C_SILENT_OR_BACKCHANNEL,CAMERA_2,NONE,okay,S_INTRODUCES_FEATURE,CAMERA_2,long_exposure,This one can take long exposures up to up to 30 seconds.,39~55
219,9,CAMERA_2,"['CAMERA_1', 'CAMERA_2']","{'CAMERA_1': ['effects'], 'CAMERA_2': ['effects', 'preset_modes', 'long_exposure', 'ISO'], 'CAMERA_3': []}",C_QUESTION_ABOUT_FEATURE,CAMERA_2,ISO,what is the ISO,S_ANSWERS_QUESTION_ABOUT_FEATURE,CAMERA_2,ISO,This one has up to 3200 ISO with little noise.,13~45
219,10,CAMERA_2,"['CAMERA_1', 'CAMERA_2']","{'CAMERA_1': ['effects'], 'CAMERA_2': ['effects', 'preset_modes', 'long_exposure', 'ISO', 'sensor_size'], 'CAMERA_3': []}",C_QUESTION_ABOUT_FEATURE,CAMERA_2,sensor_size,what is the sensor size,S_ANSWERS_QUESTION_ABOUT_FEATURE,CAMERA_2,sensor_size,This one has a APS-C sensor (crop sensor).,15~41
219,11,NONE,"['CAMERA_1', 'CAMERA_2']","{'CAMERA_1': ['effects'], 'CAMERA_2': ['effects', 'preset_modes', 'long_exposure', 'ISO', 'sensor_size'], 'CAMERA_3': []}",C_THANK_YOU,CAMERA_2,NONE,thank you for your help,S_THANK_YOU,CAMERA_2,NONE,thank you very much,
219,12,NONE,"['CAMERA_1', 'CAMERA_2']","{'CAMERA_1': ['effects'], 'CAMERA_2': ['effects', 'preset_modes', 'long_exposure', 'ISO', 'sensor_size'], 'CAMERA_3': []}",C_LEAVES,DOOR,NONE,,S_RETURNS_TO_COUNTER,SERVICE_COUNTER,NONE,,
220,1,NONE,[],"{'CAMERA_1': [], 'CAMERA_2': [], 'CAMERA_3': []}",C_ENTERS,DOOR,NONE,,S_NONE,SERVICE_COUNTER,NONE,,
220,2,NONE,[],"{'CAMERA_1': [], 'CAMERA_2': [], 'CAMERA_3': []}",C_WALKS_TO_CAMERA,CAMERA_1,NONE,,S_GREETS,CAMERA_1,NONE,can I help you?,
220,3,CAMERA_3,['CAMERA_3'],"{'CAMERA_1': [], 'CAMERA_2': [], 'CAMERA_3': []}",C_LOOKING_FOR_A_CAMERA,CAMERA_1,NONE,I'm looking for a camera,S_INTRODUCES_CAMERA,CAMERA_3,,Let me show you this. Here we have the Canon EOS 5D Mark III.,39~60
220,4,CAMERA_3,['CAMERA_3'],"{'CAMERA_1': [], 'CAMERA_2': [], 'CAMERA_3': ['camera_type']}",C_QUESTION_ABOUT_FEATURE,CAMERA_3,camera_type,what kind of camera is this,S_ANSWERS_QUESTION_ABOUT_FEATURE,CAMERA_3,camera_type,This is a DSLR camera.,10~14
220,5,CAMERA_3,['CAMERA_3'],"{'CAMERA_1': [], 'CAMERA_2': [], 'CAMERA_3': ['camera_type', 'effects']}",C_QUESTION_ABOUT_FEATURE,CAMERA_3,effects,does it have any effect modes,S_NOT_SURE,CAMERA_3,,I'm not really sure about that,
220,6,CAMERA_3,['CAMERA_3'],"{'CAMERA_1': [], 'CAMERA_2': [], 'CAMERA_3': ['camera_type', 'effects', 'ISO']}",C_QUESTION_ABOUT_FEATURE,CAMERA_3,ISO,what is the ISO,S_ANSWERS_QUESTION_ABOUT_FEATURE,CAMERA_3,ISO,This one has up to 6400 ISO with little noise.,13~45
220,7,CAMERA_3,['CAMERA_3'],"{'CAMERA_1': [], 'CAMERA_2': [], 'CAMERA_3': ['camera_type', 'effects', 'ISO', 'weight']}",C_SILENT_OR_BACKCHANNEL,CAMERA_3,NONE,I see,S_INTRODUCES_FEATURE,CAMERA_3,weight,This one weighs 950 grams (only body).,16~37
220,8,CAMERA_3,['CAMERA_3'],"{'CAMERA_1': [], 'CAMERA_2': [], 'CAMERA_3': ['camera_type', 'effects', 'ISO', 'weight', 'price']}",C_SILENT_OR_BACKCHANNEL,CAMERA_3,NONE,I see,S_INTRODUCES_FEATURE,CAMERA_3,price,This one costs $3706.,15~20
220,9,CAMERA_3,['CAMERA_3'],"{'CAMERA_1': [], 'CAMERA_2': [], 'CAMERA_3': ['camera_type', 'effects', 'ISO', 'weight', 'price', 'sensor_size']}",C_SILENT_OR_BACKCHANNEL,CAMERA_3,NONE,okay,S_INTRODUCES_FEATURE,CAMERA_3,sensor_size,This one has a full frame.,15~25
220,10,CAMERA_2,"['CAMERA_3', 'CAMERA_2']","{'CAMERA_1': [], 'CAMERA_2': [], 'CAMERA_3': ['camera_type', 'effects', 'ISO', 'weight', 'price', 'sensor_size']}",C_ANYTHING_ELSE_AVAILABLE,CAMERA_3,NONE,ok do you have any other cameras,S_INTRODUCES_CAMERA,CAMERA_2,,Let me show you this. Here we have the Sony Alpha a6000.,39~55
220,11,CAMERA_2,"['CAMERA_3', 'CAMERA_2']","{'CAMERA_1': [], 'CAMERA_2': ['camera_type'], 'CAMERA_3': ['camera_type', 'effects', 'ISO', 'weight', 'price', 'sensor_size']}",C_QUESTION_ABOUT_FEATURE,CAMERA_2,camera_type,what kind of camera is this,S_ANSWERS_QUESTION_ABOUT_FEATURE,CAMERA_2,camera_type,This is a mirrorless camera.,10~20
220,12,CAMERA_2,"['CAMERA_3', 'CAMERA_2']","{'CAMERA_1': [], 'CAMERA_2': ['camera_type', 'autofocus_points'], 'CAMERA_3': ['camera_type', 'effects', 'ISO', 'weight', 'price', 'sensor_size']}",C_SILENT_OR_BACKCHANNEL,CAMERA_2,NONE,okay,S_INTRODUCES_FEATURE,CAMERA_2,autofocus_points,This one has 179 autofocus points.,13~33
220,13,CAMERA_2,"['CAMERA_3', 'CAMERA_2']","{'CAMERA_1': [], 'CAMERA_2': ['camera_type', 'autofocus_points', 'effects'], 'CAMERA_3': ['camera_type', 'effects', 'ISO', 'weight', 'price', 'sensor_size']}",C_SILENT_OR_BACKCHANNEL,CAMERA_2,NONE,alright,S_INTRODUCES_FEATURE,CAMERA_2,effects,"This one has 13 artistic effect modes (e.g. toy camera, soft focus).",13~67
220,14,NONE,"['CAMERA_3', 'CAMERA_2']","{'CAMERA_1': [], 'CAMERA_2': ['camera_type', 'autofocus_points', 'effects'], 'CAMERA_3': ['camera_type', 'effects', 'ISO', 'weight', 'price', 'sensor_size']}",C_THANK_YOU,CAMERA_2,NONE,thank you for your help,S_THANK_YOU,CAMERA_2,NONE,thank you very much,
220,15,NONE,"['CAMERA_3', 'CAMERA_2']","{'CAMERA_1': [], 'CAMERA_2': ['camera_type', 'autofocus_points', 'effects'], 'CAMERA_3': ['camera_type', 'effects', 'ISO', 'weight', 'price', 'sensor_size']}",C_LEAVES,DOOR,NONE,,S_RETURNS_TO_COUNTER,SERVICE_COUNTER,NONE,,
221,1,NONE,[],"{'CAMERA_1': [], 'CAMERA_2': [], 'CAMERA_3': []}",C_ENTERS,DOOR,NONE,,S_NONE,SERVICE_COUNTER,NONE,,
221,2,NONE,[],"{'CAMERA_1': [], 'CAMERA_2': [], 'CAMERA_3': []}",C_GREETS,MIDDLE,NONE,hello,S_GREETS,MIDDLE,NONE,can I help you?,
221,3,CAMERA_2,['CAMERA_2'],"{'CAMERA_1': [], 'CAMERA_2': [], 'CAMERA_3': []}",C_LOOKING_FOR_A_CAMERA,MIDDLE,NONE,I'm looking for a camera,S_INTRODUCES_CAMERA,CAMERA_2,,Let me show you this. Here we have the Sony Alpha a6000.,39~55
221,4,CAMERA_2,['CAMERA_2'],"{'CAMERA_1': [], 'CAMERA_2': ['autofocus_points'], 'CAMERA_3': []}",C_SILENT_OR_BACKCHANNEL,CAMERA_2,NONE,okay,S_INTRODUCES_FEATURE,CAMERA_2,autofocus_points,This one has 179 autofocus points.,13~33
221,5,CAMERA_3,"['CAMERA_2', 'CAMERA_3']","{'CAMERA_1': [], 'CAMERA_2': ['autofocus_points'], 'CAMERA_3': []}",C_ANYTHING_ELSE_AVAILABLE,CAMERA_2,NONE,ok do you have any other cameras,S_INTRODUCES_CAMERA,CAMERA_3,,Let me show you this. Here we have the Canon EOS 5D Mark III.,39~60
221,6,CAMERA_3,"['CAMERA_2', 'CAMERA_3']","{'CAMERA_1': [], 'CAMERA_2': ['autofocus_points'], 'CAMERA_3': ['preset_modes']}",C_QUESTION_ABOUT_FEATURE,CAMERA_3,preset_modes,does it have preset modes,S_NOT_SURE,CAMERA_3,,I'm not really sure about that,
221,7,CAMERA_3,"['CAMERA_2', 'CAMERA_3']","{'CAMERA_1': [], 'CAMERA_2': ['autofocus_points'], 'CAMERA_3': ['preset_modes', 'resolution']}",C_QUESTION_ABOUT_FEATURE,CAMERA_3,resolution,what is the resolution,S_NOT_SURE,CAMERA_3,,I'm not really sure about that,
221,8,NONE,"['CAMERA_2', 'CAMERA_3']","{'CAMERA_1': [], 'CAMERA_2': ['autofocus_points'], 'CAMERA_3': ['preset_modes', 'resolution']}",C_THANK_YOU,CAMERA_3,NONE,thank you for your help,S_THANK_YOU,CAMERA_3,NONE,thank you very much,
221,9,NONE,"['CAMERA_2', 'CAMERA_3']","{'CAMERA_1': [], 'CAMERA_2': ['autofocus_points'], 'CAMERA_3': ['preset_modes', 'resolution']}",C_LEAVES,DOOR,NONE,,S_RETURNS_TO_COUNTER,SERVICE_COUNTER,NONE,,
222,1,NONE,[],"{'CAMERA_1': [], 'CAMERA_2': [], 'CAMERA_3': []}",C_ENTERS,DOOR,NONE,,S_NONE,SERVICE_COUNTER,NONE,,
222,2,NONE,[],"{'CAMERA_1': [], 'CAMERA_2': [], 'CAMERA_3': []}",C_GREETS,MIDDLE,NONE,hello,S_GREETS,MIDDLE,NONE,can I help you?,
222,3,CAMERA_2,['CAMERA_2'],"{'CAMERA_1': [], 'CAMERA_2': [], 'CAMERA_3': []}",C_LOOKING_FOR_A_CAMERA,MIDDLE,NONE,I'm looking for a camera,S_INTRODUCES_CAMERA,CAMERA_2,,Let me show you this. Here we have the Sony Alpha a6000.,39~55
222,4,CAMERA_2,['CAMERA_2'],"{'CAMERA_1': [], 'CAMERA_2': ['autofocus_points'], 'CAMERA_3': []}",C_QUESTION_ABOUT_FEATURE,CAMERA_2,autofocus_points,how many autofocus points does it have,S_ANSWERS_QUESTION_ABOUT_FEATURE,CAMERA_2,autofocus_points,This one has 179 autofocus points.,13~33
222,5,CAMERA_2,['CAMERA_2'],"{'CAMERA_1': [], 'CAMERA_2': ['autofocus_points', 'optical_zoom'], 'CAMERA_3': []}",C_QUESTION_ABOUT_FEATURE,CAMERA_2,optical_zoom,does it have optical zoom,S_NOT_SURE,CAMERA_2,,I'm not really sure about that,
222,6,CAMERA_2,['CAMERA_2'],"{'CAMERA_1': [], 'CAMERA_2': ['autofocus_points', 'optical_zoom', 'settings'], 'CAMERA_3': []}",C_SILENT_OR_BACKCHANNEL,CAMERA_2,NONE,okay,S_INTRODUCES_FEATURE,CAMERA_2,settings,This one has full manual control.,13~32
222,7,CAMERA_2,['CAMERA_2'],"{'CAMERA_1': [], 'CAMERA_2': ['autofocus_points', 'optical_zoom', 'settings', 'preset_modes'], 'CAMERA_3': []}",C_QUESTION_ABOUT_FEATURE,CAMERA_2,preset_modes,does it have preset modes,S_ANSWERS_QUESTION_ABOUT_FEATURE,CAMERA_2,preset_modes,"This one has 9 preset modes (e.g. beach, snow, night, portrait).",13~63
222,8,CAMERA_2,['CAMERA_2'],"{'CAMERA_1': [], 'CAMERA_2': ['autofocus_points', 'optical_zoom', 'settings', 'preset_modes', 'camera_type'], 'CAMERA_3': []}",C_SILENT_OR_BACKCHANNEL,CAMERA_2,NONE,alright,S_INTRODUCES_FEATURE,CAMERA_2,camera_type,This is a mirrorless camera.,10~20
222,9,NONE,['CAMERA_2'],"{'CAMERA_1': [], 'CAMERA_2': ['autofocus_points', 'optical_zoom', 'settings', 'preset_modes', 'camera_type'], 'CAMERA_3': []}",C_THANK_YOU,CAMERA_2,NONE,thank you for your help,S_THANK_YOU,CAMERA_2,NONE,thank you very much,
222,10,NONE,['CAMERA_2'],"{'CAMERA_1': [], 'CAMERA_2': ['autofocus_points', 'optical_zoom', 'settings', 'preset_modes', 'camera_type'], 'CAMERA_3': []}",C_LEAVES,DOOR,NONE,,S_RETURNS_TO_COUNTER,SERVICE_COUNTER,NONE,,
223,1,NONE,[],"{'CAMERA_1': [], 'CAMERA_2': [], 'CAMERA_3': []}",C_ENTERS,DOOR,NONE,,S_NONE,SERVICE_COUNTER,NONE,,
223,2,NONE,[],"{'CAMERA_1': [], 'CAMERA_2': [], 'CAMERA_3': []}",C_GREETS,MIDDLE,NONE,hello,S_GREETS,MIDDLE,NONE,can I help you?,
223,3,CAMERA_1,['CAMERA_1'],"{'CAMERA_1': [], 'CAMERA_2': [], 'CAMERA_3': []}",C_LOOKING_FOR_A_CAMERA,MIDDLE,NONE,I'm looking for a camera,S_INTRODUCES_CAMERA,CAMERA_1,,Let me show you this. Here we have the Nikon Coolpix S2800.,39~58
223,4,CAMERA_1,['CAMERA_1'],"{'CAMERA_1': ['weight'], 'CAMERA_2': [], 'CAMERA_3': []}",C_SILENT_OR_BACKCHANNEL,CAMERA_1,NONE,okay,S_INTRODUCES_FEATURE,CAMERA_1,weight,This one weighs 120 grams.,16~25
223,5,CAMERA_1,['CAMERA_1'],"{'CAMERA_1': ['weight', 'camera_type'], 'CAMERA_2': [], 'CAMERA_3': []}",C_QUESTION_ABOUT_FEATURE,CAMERA_1,camera_type,what kind of camera is this,S_ANSWERS_QUESTION_ABOUT_FEATURE,CAMERA_1,camera_type,This is a point and shoot camera.,10~25
223,6,CAMERA_1,['CAMERA_1'],"{'CAMERA_1': ['weight', 'camera_type', 'settings'], 'CAMERA_2': [], 'CAMERA_3': []}",C_QUESTION_ABOUT_FEATURE,CAMERA_1,settings,what kind of settings does it have,S_ANSWERS_QUESTION_ABOUT_FEATURE,CAMERA_1,settings,This one has limited manual settings.,13~36
223,7,CAMERA_1,['CAMERA_1'],"{'CAMERA_1': ['weight', 'camera_type', 'settings', 'price'], 'CAMERA_2': [], 'CAMERA_3': []}",C_SILENT_OR_BACKCHANNEL,CAMERA_1,NONE,alright,S_INTRODUCES_FEATURE,CAMERA_1,price,This one costs $2173.,15~20
223,8,CAMERA_1,['CAMERA_1'],"{'CAMERA_1': ['weight', 'camera_type', 'settings', 'price', 'optical_zoom'], 'CAMERA_2': [], 'CAMERA_3': []}",C_QUESTION_ABOUT_FEATURE,CAMERA_1,optical_zoom,does it have optical zoom,S_ANSWERS_QUESTION_ABOUT_FEATURE,CAMERA_1,optical_zoom,This one has 5x optical zoom.,13~28
223,9,CAMERA_1,['CAMERA_1'],"{'CAMERA_1': ['weight', 'camera_type', 'settings', 'price', 'optical_zoom', 'autofocus_points'], 'CAMERA_2': [], 'CAMERA_3': []}",C_QUESTION_ABOUT_FEATURE,CAMERA_1,autofocus_points,how many autofocus points does it have,S_NOT_SURE,CAMERA_1,,I'm not really sure about that,
223,10,CAMERA_1,['CAMERA_1'],"{'CAMERA_1': ['weight', 'camera_type', 'settings', 'price', 'optical_zoom', 'autofocus_points', 'preset_modes'], 'CAMERA_2': [], 'CAMERA_3': []}",C_QUESTION_ABOUT_FEATURE,CAMERA_1,preset_modes,does it have preset modes,S_ANSWERS_QUESTION_ABOUT_FEATURE,CAMERA_1,preset_modes,"This one has 18 preset modes (e.g. beach, snow, night portrait).",13~63
223,11,CAMERA_1,['CAMERA_1'],"{'CAMERA_1': ['weight', 'camera_type', 'settings', 'price', 'optical_zoom', 'autofocus_points', 'preset_modes', 'color'], 'CAMERA_2': [], 'CAMERA_3': []}",C_QUESTION_ABOUT_FEATURE,CAMERA_1,color,what colors does this one come in,S_ANSWERS_QUESTION_ABOUT_FEATURE,CAMERA_1,color,"This one comes in purple, pink, black, silver, red.",18~50
223,12,CAMERA_1,['CAMERA_1'],"{'CAMERA_1': ['weight', 'camera_type', 'settings', 'price', 'optical_zoom', 'autofocus_points', 'preset_modes', 'color', 'effects'], 'CAMERA_2': [], 'CAMERA_3': []}",C_SILENT_OR_BACKCHANNEL,CAMERA_1,NONE,alright,S_INTRODUCES_FEATURE,CAMERA_1,effects,"This one has 12 glamor retouch effects (e.g. skin softening, small face, big eyes).",13~82
223,13,NONE,['CAMERA_1'],"{'CAMERA_1': ['weight', 'camera_type', 'settings', 'price', 'optical_zoom', 'autofocus_points', 'preset_modes', 'color', 'effects'], 'CAMERA_2': [], 'CAMERA_3': []}",C_THANK_YOU,CAMERA_1,NONE,thank you for your help,S_THANK_YOU,CAMERA_1,NONE,thank you very much,
223,14,NONE,['CAMERA_1'],"{'CAMERA_1': ['weight', 'camera_type', 'settings', 'price', 'optical_zoom', 'autofocus_points', 'preset_modes', 'color', 'effects'], 'CAMERA_2': [], 'CAMERA_3': []}",C_LEAVES,DOOR,NONE,,S_RETURNS_TO_COUNTER,SERVICE_COUNTER,NONE,,
224,1,NONE,[],"{'CAMERA_1': [], 'CAMERA_2': [], 'CAMERA_3': []}",C_ENTERS,DOOR,NONE,,S_NONE,SERVICE_COUNTER,NONE,,
224,2,NONE,[],"{'CAMERA_1': [], 'CAMERA_2': [], 'CAMERA_3': []}",C_WALKS_TO_CAMERA,CAMERA_1,NONE,,S_GREETS,CAMERA_1,NONE,can I help you?,
224,3,CAMERA_2,['CAMERA_2'],"{'CAMERA_1': [], 'CAMERA_2': [], 'CAMERA_3': []}",C_LOOKING_FOR_A_CAMERA,CAMERA_1,NONE,I'm looking for a camera,S_INTRODUCES_CAMERA,CAMERA_2,,Let me show you this. Here we have the Sony Alpha a6000.,39~55
224,4,CAMERA_2,['CAMERA_2'],"{'CAMERA_1': [], 'CAMERA_2': ['color'], 'CAMERA_3': []}",C_SILENT_OR_BACKCHANNEL,CAMERA_2,NONE,okay,S_INTRODUCES_FEATURE,CAMERA_2,color,"This one comes in white, silver, black.",18~38
224,5,CAMERA_2,['CAMERA_2'],"{'CAMERA_1': [], 'CAMERA_2': ['color', 'weight'], 'CAMERA_3': []}",C_QUESTION_ABOUT_FEATURE,CAMERA_2,weight,how much does this one weigh,S_ANSWERS_QUESTION_ABOUT_FEATURE,CAMERA_2,weight,This one weighs 470 grams.,16~25
224,6,CAMERA_2,['CAMERA_2'],"{'CAMERA_1': [], 'CAMERA_2': ['color', 'weight', 'price'], 'CAMERA_3': []}",C_QUESTION_ABOUT_FEATURE,CAMERA_2,price,how much does it cost,S_ANSWERS_QUESTION_ABOUT_FEATURE,CAMERA_2,price,This one costs $1341.,15~20
224,7,CAMERA_2,['CAMERA_2'],"{'CAMERA_1': [], 'CAMERA_2': ['color', 'weight', 'price', 'preset_modes'], 'CAMERA_3': []}",C_QUESTION_ABOUT_FEATURE,CAMERA_2,preset_modes,does it have preset modes,S_ANSWERS_QUESTION_ABOUT_FEATURE,CAMERA_2,preset_modes,"This one has 9 preset modes (e.g. beach, snow, night, portrait).",13~63
224,8,CAMERA_2,['CAMERA_2'],"{'CAMERA_1': [], 'CAMERA_2': ['color', 'weight', 'price', 'preset_modes', 'autofocus_points'], 'CAMERA_3': []}",C_QUESTION_ABOUT_FEATURE,CAMERA_2,autofocus_points,how many autofocus points does it have,S_ANSWERS_QUESTION_ABOUT_FEATURE,CAMERA_2,autofocus_points,This one has 179 autofocus points.,13~33
224,9,CAMERA_2,['CAMERA_2'],"{'CAMERA_1': [], 'CAMERA_2': ['color', 'weight', 'price', 'preset_modes', 'autofocus_points', 'optical_zoom'], 'CAMERA_3': []}",C_QUESTION_ABOUT_FEATURE,CAMERA_2,optical_zoom,does it have optical zoom,S_NOT_SURE,CAMERA_2,,I'm not really sure about that,
224,10,CAMERA_2,['CAMERA_2'],"{'CAMERA_1': [], 'CAMERA_2': ['color', 'weight', 'price', 'preset_modes', 'autofocus_points', 'optical_zoom', 'camera_type'], 'CAMERA_3': []}",C_QUESTION_ABOUT_FEATURE,CAMERA_2,camera_type,what kind of camera is this,S_ANSWERS_QUESTION_ABOUT_FEATURE,CAMERA_2,camera_type,This is a mirrorless camera.,10~20
224,11,CAMERA_2,['CAMERA_2'],"{'CAMERA_1': [], 'CAMERA_2': ['color', 'weight', 'price', 'preset_modes', 'autofocus_points', 'optical_zoom', 'camera_type', 'sensor_size'], 'CAMERA_3': []}",C_QUESTION_ABOUT_FEATURE,CAMERA_2,sensor_size,what is the sensor size,S_ANSWERS_QUESTION_ABOUT_FEATURE,CAMERA_2,sensor_size,This one has a APS-C sensor (crop sensor).,15~41
224,12,CAMERA_2,['CAMERA_2'],"{'CAMERA_1': [], 'CAMERA_2': ['color', 'weight', 'price', 'preset_modes', 'autofocus_points', 'optical_zoom', 'camera_type', 'sensor_size', 'resolution'], 'CAMERA_3': []}",C_QUESTION_ABOUT_FEATURE,CAMERA_2,resolution,what is the resolution,S_NOT_SURE,CAMERA_2,,I'm not really sure about that,
224,13,NONE,['CAMERA_2'],"{'CAMERA_1': [], 'CAMERA_2': ['color', 'weight', 'price', 'preset_modes', 'autofocus_points', 'optical_zoom', 'camera_type', 'sensor_size', 'resolution'], 'CAMERA_3': []}",C_THANK_YOU,CAMERA_2,NONE,thank you for your help,S_THANK_YOU,CAMERA_2,NONE,thank you very much,
224,14,NONE,['CAMERA_2'],"{'CAMERA_1': [], 'CAMERA_2': ['color', 'weight', 'price', 'preset_modes', 'autofocus_points', 'optical_zoom', 'camera_type', 'sensor_size', 'resolution'], 'CAMERA_3': []}",C_LEAVES,DOOR,NONE,,S_RETURNS_TO_COUNTER,SERVICE_COUNTER,NONE,,
225,1,NONE,[],"{'CAMERA_1': [], 'CAMERA_2': [], 'CAMERA_3': []}",C_ENTERS,DOOR,NONE,,S_NONE,SERVICE_COUNTER,NONE,,
225,2,NONE,[],"{'CAMERA_1': [], 'CAMERA_2': [], 'CAMERA_3': []}",C_WALKS_TO_CAMERA,CAMERA_3,NONE,,S_GREETS,CAMERA_3,NONE,can I help you?,
225,3,CAMERA_2,['CAMERA_2'],"{'CAMERA_1': [], 'CAMERA_2': [], 'CAMERA_3': []}",C_LOOKING_FOR_A_CAMERA,CAMERA_3,NONE,I'm looking for a camera,S_INTRODUCES_CAMERA,CAMERA_2,,Let me show you this. Here we have the Sony Alpha a6000.,39~55
225,4,CAMERA_2,['CAMERA_2'],"{'CAMERA_1': [], 'CAMERA_2': ['settings'], 'CAMERA_3': []}",C_SILENT_OR_BACKCHANNEL,CAMERA_2,NONE,okay,S_INTRODUCES_FEATURE,CAMERA_2,settings,This one has full manual control.,13~32
225,5,CAMERA_2,['CAMERA_2'],"{'CAMERA_1': [], 'CAMERA_2': ['settings', 'weight'], 'CAMERA_3': []}",C_QUESTION_ABOUT_FEATURE,CAMERA_2,weight,how much does this one weigh,S_ANSWERS_QUESTION_ABOUT_FEATURE,CAMERA_2,weight,This one weighs 470 grams.,16~25
225,6,CAMERA_2,['CAMERA_2'],"{'CAMERA_1': [], 'CAMERA_2': ['settings', 'weight', 'color'], 'CAMERA_3': []}",C_QUESTION_ABOUT_FEATURE,CAMERA_2,color,what colors does this one come in,S_ANSWERS_QUESTION_ABOUT_FEATURE,CAMERA_2,color,"This one comes in white, silver, black.",18~38
225,7,CAMERA_2,['CAMERA_2'],"{'CAMERA_1': [], 'CAMERA_2': ['settings', 'weight', 'color', 'preset_modes'], 'CAMERA_3': []}",C_QUESTION_ABOUT_FEATURE,CAMERA_2,preset_modes,does it have preset modes,S_ANSWERS_QUESTION_ABOUT_FEATURE,CAMERA_2,preset_modes,"This one has 9 preset modes (e.g. beach, snow, night, portrait).",13~63
225,8,CAMERA_2,['CAMERA_2'],"{'CAMERA_1': [], 'CAMERA_2': ['settings', 'weight', 'color', 'preset_modes', 'long_exposure'], 'CAMERA_3': []}",C_SILENT_OR_BACKCHANNEL,CAMERA_2,NONE,I see,S_INTRODUCES_FEATURE,CAMERA_2,long_exposure,This one can take long exposures up to up to 30 seconds.,39~55
225,9,CAMERA_2,['CAMERA_2'],"{'CAMERA_1': [], 'CAMERA_2': ['settings', 'weight', 'color', 'preset_modes', 'long_exposure', 'effects'], 'CAMERA_3': []}",C_SILENT_OR_BACKCHANNEL,CAMERA_2,NONE,alright,S_INTRODUCES_FEATURE,CAMERA_2,effects,"This one has 13 artistic effect modes (e.g. toy camera, soft focus).",13~67
225,10,CAMERA_2,['CAMERA_2'],"{'CAMERA_1': [], 'CAMERA_2': ['settings', 'weight', 'color', 'preset_modes', 'long_exposure', 'effects', 'autofocus_points'], 'CAMERA_3': []}",C_QUESTION_ABOUT_FEATURE,CAMERA_2,autofocus_points,how many autofocus points does it have,S_ANSWERS_QUESTION_ABOUT_FEATURE,CAMERA_2,autofocus_points,This one has 179 autofocus points.,13~33
225,11,CAMERA_2,['CAMERA_2'],"{'CAMERA_1': [], 'CAMERA_2': ['settings', 'weight', 'color', 'preset_modes', 'long_exposure', 'effects', 'autofocus_points', 'camera_type'], 'CAMERA_3': []}",C_QUESTION_ABOUT_FEATURE,CAMERA_2,camera_type,what kind of camera is this,S_ANSWERS_QUESTION_ABOUT_FEATURE,CAMERA_2,camera_type,This is a mirrorless camera.,10~20
225,12,CAMERA_2,['CAMERA_2'],"{'CAMERA_1': [], 'CAMERA_2': ['settings', 'weight', 'color', 'preset_modes', 'long_exposure', 'effects', 'autofocus_points', 'camera_type', 'sensor_size'], 'CAMERA_3': []}",C_SILENT_OR_BACKCHANNEL,CAMERA_2,NONE,alright,S_INTRODUCES_FEATURE,CAMERA_2,sensor_size,This one has a APS-C sensor (crop sensor).,15~41
225,13,CAMERA_2,['CAMERA_2'],"{'CAMERA_1': [], 'CAMERA_2': ['settings', 'weight', 'color', 'preset_modes', 'long_exposure', 'effects', 'autofocus_points', 'camera_type', 'sensor_size', 'ISO'], 'CAMERA_3': []}",C_SILENT_OR_BACKCHANNEL,CAMERA_2,NONE,I see,S_INTRODUCES_FEATURE,CAMERA_2,ISO,This one has up to 3200 ISO with little noise.,13~45
225,14,CAMERA_2,['CAMERA_2'],"{'CAMERA_1': [], 'CAMERA_2': ['settings', 'weight', 'color', 'preset_modes', 'long_exposure', 'effects', 'autofocus_points', 'camera_type', 'sensor_size', 'ISO', 'price'], 'CAMERA_3': []}",C_SILENT_OR_BACKCHANNEL,CAMERA_2,NONE,alright,S_INTRODUCES_FEATURE,CAMERA_2,price,This one costs $1341.,15~20
225,15,CAMERA_2,['CAMERA_2'],"{'CAMERA_1': [], 'CAMERA_2': ['settings', 'weight', 'color', 'preset_modes', 'long_exposure', 'effects', 'autofocus_points', 'camera_type', 'sensor_size', 'ISO', 'price', 'resolution'], 'CAMERA_3': []}",C_QUESTION_ABOUT_FEATURE,CAMERA_2,resolution,what is the resolution,S_NOT_SURE,CAMERA_2,,I'm not really sure about that,
225,16,CAMERA_2,['CAMERA_2'],"{'CAMERA_1': [], 'CAMERA_2': ['settings', 'weight', 'color', 'preset_modes', 'long_exposure', 'effects', 'autofocus_points', 'camera_type', 'sensor_size', 'ISO', 'price', 'resolution', 'optical_zoom'], 'CAMERA_3': []}",C_QUESTION_ABOUT_FEATURE,CAMERA_2,optical_zoom,does it have optical zoom,S_NOT_SURE,CAMERA_2,,I'm not really sure about that,
225,17,CAMERA_1,"['CAMERA_2', 'CAMERA_1']","{'CAMERA_1': [], 'CAMERA_2': ['settings', 'weight', 'color', 'preset_modes', 'long_exposure', 'effects', 'autofocus_points', 'camera_type', 'sensor_size', 'ISO', 'price', 'resolution', 'optical_zoom'], 'CAMERA_3': []}",C_ANYTHING_ELSE_AVAILABLE,CAMERA_2,NONE,ok do you have any other cameras,S_INTRODUCES_CAMERA,CAMERA_1,,Let me show you this. Here we have the Nikon Coolpix S2800.,39~58
225,18,CAMERA_1,"['CAMERA_2', 'CAMERA_1']","{'CAMERA_1': ['camera_type'], 'CAMERA_2': ['settings', 'weight', 'color', 'preset_modes', 'long_exposure', 'effects', 'autofocus_points', 'camera_type', 'sensor_size', 'ISO', 'price', 'resolution', 'optical_zoom'], 'CAMERA_3': []}",C_QUESTION_ABOUT_FEATURE,CAMERA_1,camera_type,what kind of camera is this,S_ANSWERS_QUESTION_ABOUT_FEATURE,CAMERA_1,camera_type,This is a point and shoot camera.,10~25
225,19,CAMERA_1,"['CAMERA_2', 'CAMERA_1']","{'CAMERA_1': ['camera_type', 'weight'], 'CAMERA_2': ['settings', 'weight', 'color', 'preset_modes', 'long_exposure', 'effects', 'autofocus_points', 'camera_type', 'sensor_size', 'ISO', 'price', 'resolution', 'optical_zoom'], 'CAMERA_3': []}",C_SILENT_OR_BACKCHANNEL,CAMERA_1,NONE,I see,S_INTRODUCES_FEATURE,CAMERA_1,weight,This one weighs 120 grams.,16~25
225,20,CAMERA_1,"['CAMERA_2', 'CAMERA_1']","{'CAMERA_1': ['camera_type', 'weight', 'sensor_size'], 'CAMERA_2': ['settings', 'weight', 'color', 'preset_modes', 'long_exposure', 'effects', 'autofocus_points', 'camera_type', 'sensor_size', 'ISO', 'price', 'resolution', 'optical_zoom'], 'CAMERA_3': []}",C_QUESTION_ABOUT_FEATURE,CAMERA_1,sensor_size,what is the sensor size,S_NOT_SURE,CAMERA_1,,I'm not really sure about that,
225,21,CAMERA_1,"['CAMERA_2', 'CAMERA_1']","{'CAMERA_1': ['camera_type', 'weight', 'sensor_size', 'effects'], 'CAMERA_2': ['settings', 'weight', 'color', 'preset_modes', 'long_exposure', 'effects', 'autofocus_points', 'camera_type', 'sensor_size', 'ISO', 'price', 'resolution', 'optical_zoom'], 'CAMERA_3': []}",C_QUESTION_ABOUT_FEATURE,CAMERA_1,effects,does it have any effect modes,S_ANSWERS_QUESTION_ABOUT_FEATURE,CAMERA_1,effects,"This one has 12 glamor retouch effects (e.g. skin softening, small face, big eyes).",13~82
225,22,CAMERA_1,"['CAMERA_2', 'CAMERA_1']","{'CAMERA_1': ['camera_type', 'weight', 'sensor_size', 'effects', 'preset_modes'], 'CAMERA_2': ['settings', 'weight', 'color', 'preset_modes', 'long_exposure', 'effects', 'autofocus_points', 'camera_type', 'sensor_size', 'ISO', 'price', 'resolution', 'optical_zoom'], 'CAMERA_3': []}",C_SILENT_OR_BACKCHANNEL,CAMERA_1,NONE,I see,S_INTRODUCES_FEATURE,CAMERA_1,preset_modes,"This one has 18 preset modes (e.g. beach, snow, night portrait).",13~63
225,23,NONE,"['CAMERA_2', 'CAMERA_1']","{'CAMERA_1': ['camera_type', 'weight', 'sensor_size', 'effects', 'preset_modes'], 'CAMERA_2': ['settings', 'weight', 'color', 'preset_modes', 'long_exposure', 'effects', 'autofocus_points', 'camera_type', 'sensor_size', 'ISO', 'price', 'resolution', 'optical_zoom'], 'CAMERA_3': []}",C_THANK_YOU,CAMERA_1,NONE,thank you for your help,S_THANK_YOU,CAMERA_1,NONE,thank you very much,
225,24,NONE,"['CAMERA_2', 'CAMERA_1']","{'CAMERA_1': ['camera_type', 'weight', 'sensor_size', 'effects', 'preset_modes'], 'CAMERA_2': ['settings', 'weight', 'color', 'preset_modes', 'long_exposure', 'effects', 'autofocus_points', 'camera_type', 'sensor_size', 'ISO', 'price', 'resolution', 'optical_zoom'], 'CAMERA_3': []}",C_LEAVES,DOOR,NONE,,S_RETURNS_TO_COUNTER,SERVICE_COUNTER,NONE,,
226,1,NONE,[],"{'CAMERA_1': [], 'CAMERA_2': [], 'CAMERA_3': []}",C_ENTERS,DOOR,NONE,,S_NONE,SERVICE_COUNTER,NONE,,
226,2,NONE,[],"{'CAMERA_1': [], 'CAMERA_2': [], 'CAMERA_3': []}",C_GREETS,MIDDLE,NONE,hello,S_GREETS,MIDDLE,NONE,can I help you?,
226,3,CAMERA_2,['CAMERA_2'],"{'CAMERA_1': [], 'CAMERA_2': [], 'CAMERA_3': []}",C_LOOKING_FOR_A_CAMERA,MIDDLE,NONE,I'm looking for a camera,S_INTRODUCES_CAMERA,CAMERA_2,,Let me show you this. Here we have the Sony Alpha a6000.,39~55
226,4,CAMERA_2,['CAMERA_2'],"{'CAMERA_1': [], 'CAMERA_2': ['preset_modes'], 'CAMERA_3': []}",C_SILENT_OR_BACKCHANNEL,CAMERA_2,NONE,alright,S_INTRODUCES_FEATURE,CAMERA_2,preset_modes,"This one has 9 preset modes (e.g. beach, snow, night, portrait).",13~63
226,5,CAMERA_2,['CAMERA_2'],"{'CAMERA_1': [], 'CAMERA_2': ['preset_modes', 'sensor_size'], 'CAMERA_3': []}",C_QUESTION_ABOUT_FEATURE,CAMERA_2,sensor_size,what is the sensor size,S_ANSWERS_QUESTION_ABOUT_FEATURE,CAMERA_2,sensor_size,This one has a APS-C sensor (crop sensor).,15~41
226,6,CAMERA_2,['CAMERA_2'],"{'CAMERA_1': [], 'CAMERA_2': ['preset_modes', 'sensor_size', 'ISO'], 'CAMERA_3': []}",C_QUESTION_ABOUT_FEATURE,CAMERA_2,ISO,what is the ISO,S_ANSWERS_QUESTION_ABOUT_FEATURE,CAMERA_2,ISO,This one has up to 3200 ISO with little noise.,13~45
226,7,NONE,['CAMERA_2'],"{'CAMERA_1': [], 'CAMERA_2': ['preset_modes', 'sensor_size', 'ISO'], 'CAMERA_3': []}",C_THANK_YOU,CAMERA_2,NONE,thank you for your help,S_THANK_YOU,CAMERA_2,NONE,thank you very much,
226,8,NONE,['CAMERA_2'],"{'CAMERA_1': [], 'CAMERA_2': ['preset_modes', 'sensor_size', 'ISO'], 'CAMERA_3': []}",C_LEAVES,DOOR,NONE,,S_RETURNS_TO_COUNTER,SERVICE_COUNTER,NONE,,
227,1,NONE,[],"{'CAMERA_1': [], 'CAMERA_2': [], 'CAMERA_3': []}",C_ENTERS,DOOR,NONE,,S_NONE,SERVICE_COUNTER,NONE,,
227,2,NONE,[],"{'CAMERA_1': [], 'CAMERA_2': [], 'CAMERA_3': []}",C_GREETS,MIDDLE,NONE,hello,S_GREETS,MIDDLE,NONE,can I help you?,
227,3,CAMERA_1,['CAMERA_1'],"{'CAMERA_1': [], 'CAMERA_2': [], 'CAMERA_3': []}",C_LOOKING_FOR_A_CAMERA,MIDDLE,NONE,I'm looking for a camera,S_INTRODUCES_CAMERA,CAMERA_1,,Let me show you this. Here we have the Nikon Coolpix S2800.,39~58
227,4,CAMERA_1,['CAMERA_1'],"{'CAMERA_1': ['autofocus_points'], 'CAMERA_2': [], 'CAMERA_3': []}",C_QUESTION_ABOUT_FEATURE,CAMERA_1,autofocus_points,how many autofocus points does it have,S_NOT_SURE,CAMERA_1,,I'm not really sure about that,
227,5,CAMERA_1,['CAMERA_1'],"{'CAMERA_1': ['autofocus_points', 'weight'], 'CAMERA_2': [], 'CAMERA_3': []}",C_QUESTION_ABOUT_FEATURE,CAMERA_1,weight,how much does this one weigh,S_ANSWERS_QUESTION_ABOUT_FEATURE,CAMERA_1,weight,This one weighs 120 grams.,16~25
227,6,CAMERA_3,"['CAMERA_1', 'CAMERA_3']","{'CAMERA_1': ['autofocus_points', 'weight'], 'CAMERA_2': [], 'CAMERA_3': []}",C_ANYTHING_ELSE_AVAILABLE,CAMERA_1,NONE,ok do you have any other cameras,S_INTRODUCES_CAMERA,CAMERA_3,,Let me show you this. Here we have the Canon EOS 5D Mark III.,39~60
227,7,CAMERA_3,"['CAMERA_1', 'CAMERA_3']","{'CAMERA_1': ['autofocus_points', 'weight'], 'CAMERA_2': [], 'CAMERA_3': ['autofocus_points']}",C_SILENT_OR_BACKCHANNEL,CAMERA_3,NONE,I see,S_INTRODUCES_FEATURE,CAMERA_3,autofocus_points,This one has 61 autofocus points.,13~32
227,8,CAMERA_3,"['CAMERA_1', 'CAMERA_3']","{'CAMERA_1': ['autofocus_points', 'weight'], 'CAMERA_2': [], 'CAMERA_3': ['autofocus_points', 'price']}",C_QUESTION_ABOUT_FEATURE,CAMERA_3,price,how much does it cost,S_ANSWERS_QUESTION_ABOUT_FEATURE,CAMERA_3,price,This one costs $3706.,15~20
227,9,NONE,"['CAMERA_1', 'CAMERA_3']","{'CAMERA_1': ['autofocus_points', 'weight'], 'CAMERA_2': [], 'CAMERA_3': ['autofocus_points', 'price']}",C_THANK_YOU,CAMERA_3,NONE,thank you for your help,S_THANK_YOU,CAMERA_3,NONE,thank you very much,
227,10,NONE,"['CAMERA_1', 'CAMERA_3']","{'CAMERA_1': ['autofocus_points', 'weight'], 'CAMERA_2': [], 'CAMERA_3': ['autofocus_points', 'price']}",C_LEAVES,DOOR,NONE,,S_RETURNS_TO_COUNTER,SERVICE_COUNTER,NONE,,
228,1,NONE,[],"{'CAMERA_1': [], 'CAMERA_2': [], 'CAMERA_3': []}",C_ENTERS,DOOR,NONE,,S_NONE,SERVICE_COUNTER,NONE,,
228,2,NONE,[],"{'CAMERA_1': [], 'CAMERA_2': [], 'CAMERA_3': []}",C_GREETS,MIDDLE,NONE,hello,S_GREETS,MIDDLE,NONE,can I help you?,
228,3,CAMERA_2,['CAMERA_2'],"{'CAMERA_1': [], 'CAMERA_2': [], 'CAMERA_3': []}",C_LOOKING_FOR_A_CAMERA,MIDDLE,NONE,I'm looking for a camera,S_INTRODUCES_CAMERA,CAMERA_2,,Let me show you this. Here we have the Sony Alpha a6000.,39~55
228,4,CAMERA_2,['CAMERA_2'],"{'CAMERA_1': [], 'CAMERA_2': ['autofocus_points'], 'CAMERA_3': []}",C_QUESTION_ABOUT_FEATURE,CAMERA_2,autofocus_points,how many autofocus points does it have,S_ANSWERS_QUESTION_ABOUT_FEATURE,CAMERA_2,autofocus_points,This one has 179 autofocus points.,13~33
228,5,CAMERA_2,['CAMERA_2'],"{'CAMERA_1': [], 'CAMERA_2': ['autofocus_points', 'optical_zoom'], 'CAMERA_3': []}",C_QUESTION_ABOUT_FEATURE,CAMERA_2,optical_zoom,does it have optical zoom,S_NOT_SURE,CAMERA_2,,I'm not really sure about that,
228,6,CAMERA_2,['CAMERA_2'],"{'CAMERA_1': [], 'CAMERA_2': ['autofocus_points', 'optical_zoom', 'color'], 'CAMERA_3': []}",C_QUESTION_ABOUT_FEATURE,CAMERA_2,color,what colors does this one come in,S_ANSWERS_QUESTION_ABOUT_FEATURE,CAMERA_2,color,"This one comes in white, silver, black.",18~38
228,7,CAMERA_2,['CAMERA_2'],"{'CAMERA_1': [], 'CAMERA_2': ['autofocus_points', 'optical_zoom', 'color', 'ISO'], 'CAMERA_3': []}",C_QUESTION_ABOUT_FEATURE,CAMERA_2,ISO,what is the ISO,S_ANSWERS_QUESTION_ABOUT_FEATURE,CAMERA_2,ISO,This one has up to 3200 ISO with little noise.,13~45
228,8,CAMERA_2,['CAMERA_2'],"{'CAMERA_1': [], 'CAMERA_2': ['autofocus_points', 'optical_zoom', 'color', 'ISO', 'settings'], 'CAMERA_3': []}",C_SILENT_OR_BACKCHANNEL,CAMERA_2,NONE,I see,S_INTRODUCES_FEATURE,CAMERA_2,settings,This one has full manual control.,13~32
228,9,CAMERA_2,['CAMERA_2'],"{'CAMERA_1': [], 'CAMERA_2': ['autofocus_points', 'optical_zoom', 'color', 'ISO', 'settings', 'price'], 'CAMERA_3': []}",C_SILENT_OR_BACKCHANNEL,CAMERA_2,NONE,I see,S_INTRODUCES_FEATURE,CAMERA_2,price,This one costs $1341.,15~20
228,10,CAMERA_2,['CAMERA_2'],"{'CAMERA_1': [], 'CAMERA_2': ['autofocus_points', 'optical_zoom', 'color', 'ISO', 'settings', 'price', 'camera_type'], 'CAMERA_3': []}",C_QUESTION_ABOUT_FEATURE,CAMERA_2,camera_type,what kind of camera is this,S_ANSWERS_QUESTION_ABOUT_FEATURE,CAMERA_2,camera_type,This is a mirrorless camera.,10~20
228,11,CAMERA_3,"['CAMERA_2', 'CAMERA_3']","{'CAMERA_1': [], 'CAMERA_2': ['autofocus_points', 'optical_zoom', 'color', 'ISO', 'settings', 'price', 'camera_type'], 'CAMERA_3': []}",C_ANYTHING_ELSE_AVAILABLE,CAMERA_2,NONE,ok do you have any other cameras,S_INTRODUCES_CAMERA,CAMERA_3,,Let me show you this. Here we have the Canon EOS 5D Mark III.,39~60
228,12,CAMERA_3,"['CAMERA_2', 'CAMERA_3']","{'CAMERA_1': [], 'CAMERA_2': ['autofocus_points', 'optical_zoom', 'color', 'ISO', 'settings', 'price', 'camera_type'], 'CAMERA_3': ['sensor_size']}",C_QUESTION_ABOUT_FEATURE,CAMERA_3,sensor_size,what is the sensor size,S_ANSWERS_QUESTION_ABOUT_FEATURE,CAMERA_3,sensor_size,This one has a full frame.,15~25
228,13,CAMERA_3,"['CAMERA_2', 'CAMERA_3']","{'CAMERA_1': [], 'CAMERA_2': ['autofocus_points', 'optical_zoom', 'color', 'ISO', 'settings', 'price', 'camera_type'], 'CAMERA_3': ['sensor_size', 'camera_type']}",C_QUESTION_ABOUT_FEATURE,CAMERA_3,camera_type,what kind of camera is this,S_ANSWERS_QUESTION_ABOUT_FEATURE,CAMERA_3,camera_type,This is a DSLR camera.,10~14
228,14,CAMERA_3,"['CAMERA_2', 'CAMERA_3']","{'CAMERA_1': [], 'CAMERA_2': ['autofocus_points', 'optical_zoom', 'color', 'ISO', 'settings', 'price', 'camera_type'], 'CAMERA_3': ['sensor_size', 'camera_type', 'long_exposure']}",C_SILENT_OR_BACKCHANNEL,CAMERA_3,NONE,alright,S_INTRODUCES_FEATURE,CAMERA_3,long_exposure,"This one can take long exposures up to up to 30 seconds, bulb mode: expose as long as you want.",39~94
228,15,NONE,"['CAMERA_2', 'CAMERA_3']","{'CAMERA_1': [], 'CAMERA_2': ['autofocus_points', 'optical_zoom', 'color', 'ISO', 'settings', 'price', 'camera_type'], 'CAMERA_3': ['sensor_size', 'camera_type', 'long_exposure']}",C_THANK_YOU,CAMERA_3,NONE,thank you for your help,S_THANK_YOU,CAMERA_3,NONE,thank you very much,
228,16,NONE,"['CAMERA_2', 'CAMERA_3']","{'CAMERA_1': [], 'CAMERA_2': ['autofocus_points', 'optical_zoom', 'color', 'ISO', 'settings', 'price', 'camera_type'], 'CAMERA_3': ['sensor_size', 'camera_type', 'long_exposure']}",C_LEAVES,DOOR,NONE,,S_RETURNS_TO_COUNTER,SERVICE_COUNTER,NONE,,
229,1,NONE,[],"{'CAMERA_1': [], 'CAMERA_2': [], 'CAMERA_3': []}",C_ENTERS,DOOR,NONE,,S_NONE,SERVICE_COUNTER,NONE,,
229,2,NONE,[],"{'CAMERA_1': [], 'CAMERA_2': [], 'CAMERA_3': []}",C_GREETS,MIDDLE,NONE,hello,S_GREETS,MIDDLE,NONE,can I help you?,
229,3,CAMERA_1,['CAMERA_1'],"{'CAMERA_1': [], 'CAMERA_2': [], 'CAMERA_3': []}",C_LOOKING_FOR_A_CAMERA,MIDDLE,NONE,I'm looking for a camera,S_INTRODUCES_CAMERA,CAMERA_1,,Let me show you this. Here we have the Nikon Coolpix S2800.,39~58
229,4,CAMERA_1,['CAMERA_1'],"{'CAMERA_1': ['weight'], 'CAMERA_2': [], 'CAMERA_3': []}",C_QUESTION_ABOUT_FEATURE,CAMERA_1,weight,how much does this one weigh,S_ANSWERS_QUESTION_ABOUT_FEATURE,CAMERA_1,weight,This one weighs 120 grams.,16~25
229,5,NONE,['CAMERA_1'],"{'CAMERA_1': ['weight'], 'CAMERA_2': [], 'CAMERA_3': []}",C_THANK_YOU,CAMERA_1,NONE,thank you for your help,S_THANK_YOU,CAMERA_1,NONE,thank you very much,
229,6,NONE,['CAMERA_1'],"{'CAMERA_1': ['weight'], 'CAMERA_2': [], 'CAMERA_3': []}",C_LEAVES,DOOR,NONE,,S_RETURNS_TO_COUNTER,SERVICE_COUNTER,NONE,,
230,1,NONE,[],"{'CAMERA_1': [], 'CAMERA_2': [], 'CAMERA_3': []}",C_ENTERS,DOOR,NONE,,S_NONE,SERVICE_COUNTER,NONE,,
230,2,NONE,[],"{'CAMERA_1': [], 'CAMERA_2': [], 'CAMERA_3': []}",C_WALKS_TO_CAMERA,CAMERA_2,NONE,,S_GREETS,CAMERA_2,NONE,can I help you?,
230,3,CAMERA_2,['CAMERA_2'],"{'CAMERA_1': [], 'CAMERA_2': [], 'CAMERA_3': []}",C_LOOKING_FOR_A_CAMERA,CAMERA_2,NONE,I'm looking for a camera,S_INTRODUCES_CAMERA,CAMERA_2,,Let me show you this. Here we have the Sony Alpha a6000.,39~55
230,4,CAMERA_2,['CAMERA_2'],"{'CAMERA_1': [], 'CAMERA_2': ['preset_modes'], 'CAMERA_3': []}",C_QUESTION_ABOUT_FEATURE,CAMERA_2,preset_modes,does it have preset modes,S_ANSWERS_QUESTION_ABOUT_FEATURE,CAMERA_2,preset_modes,"This one has 9 preset modes (e.g. beach, snow, night, portrait).",13~63
230,5,CAMERA_2,['CAMERA_2'],"{'CAMERA_1': [], 'CAMERA_2': ['preset_modes', 'camera_type'], 'CAMERA_3': []}",C_QUESTION_ABOUT_FEATURE,CAMERA_2,camera_type,what kind of camera is this,S_ANSWERS_QUESTION_ABOUT_FEATURE,CAMERA_2,camera_type,This is a mirrorless camera.,10~20
230,6,CAMERA_2,['CAMERA_2'],"{'CAMERA_1': [], 'CAMERA_2': ['preset_modes', 'camera_type', 'settings'], 'CAMERA_3': []}",C_SILENT_OR_BACKCHANNEL,CAMERA_2,NONE,alright,S_INTRODUCES_FEATURE,CAMERA_2,settings,This one has full manual control.,13~32
230,7,CAMERA_2,['CAMERA_2'],"{'CAMERA_1': [], 'CAMERA_2': ['preset_modes', 'camera_type', 'settings', 'ISO'], 'CAMERA_3': []}",C_SILENT_OR_BACKCHANNEL,CAMERA_2,NONE,I see,S_INTRODUCES_FEATURE,CAMERA_2,ISO,This one has up to 3200 ISO with little noise.,13~45
230,8,NONE,['CAMERA_2'],"{'CAMERA_1': [], 'CAMERA_2': ['preset_modes', 'camera_type', 'settings', 'ISO'], 'CAMERA_3': []}",C_THANK_YOU,CAMERA_2,NONE,thank you for your help,S_THANK_YOU,CAMERA_2,NONE,thank you very much,
230,9,NONE,['CAMERA_2'],"{'CAMERA_1': [], 'CAMERA_2': ['preset_modes', 'camera_type', 'settings', 'ISO'], 'CAMERA_3': []}",C_LEAVES,DOOR,NONE,,S_RETURNS_TO_COUNTER,SERVICE_COUNTER,NONE,,
231,1,NONE,[],"{'CAMERA_1': [], 'CAMERA_2': [], 'CAMERA_3': []}",C_ENTERS,DOOR,NONE,,S_NONE,SERVICE_COUNTER,NONE,,
231,2,NONE,[],"{'CAMERA_1': [], 'CAMERA_2': [], 'CAMERA_3': []}",C_WALKS_TO_CAMERA,CAMERA_1,NONE,,S_GREETS,CAMERA_1,NONE,can I help you?,
231,3,CAMERA_2,['CAMERA_2'],"{'CAMERA_1': [], 'CAMERA_2': [], 'CAMERA_3': []}",C_LOOKING_FOR_A_CAMERA,CAMERA_1,NONE,I'm looking for a camera,S_INTRODUCES_CAMERA,CAMERA_2,,Let me show you this. Here we have the Sony Alpha a6000.,39~55
231,4,CAMERA_2,['CAMERA_2'],"{'CAMERA_1': [], 'CAMERA_2': ['long_exposure'], 'CAMERA_3': []}",C_QUESTION_ABOUT_FEATURE,CAMERA_2,long_exposure,can it take long exposure shots,S_ANSWERS_QUESTION_ABOUT_FEATURE,CAMERA_2,long_exposure,This one can take long exposures up to up to 30 seconds.,39~55
231,5,CAMERA_2,['CAMERA_2'],"{'CAMERA_1': [], 'CAMERA_2': ['long_exposure', 'camera_type'], 'CAMERA_3': []}",C_QUESTION_ABOUT_FEATURE,CAMERA_2,camera_type,what kind of camera is this,S_ANSWERS_QUESTION_ABOUT_FEATURE,CAMERA_2,camera_type,This is a mirrorless camera.,10~20
231,6,CAMERA_1,"['CAMERA_2', 'CAMERA_1']","{'CAMERA_1': [], 'CAMERA_2': ['long_exposure', 'camera_type'], 'CAMERA_3': []}",C_ANYTHING_ELSE_AVAILABLE,CAMERA_2,NONE,ok do you have any other cameras,S_INTRODUCES_CAMERA,CAMERA_1,,Let me show you this. Here we have the Nikon Coolpix S2800.,39~58
231,7,CAMERA_1,"['CAMERA_2', 'CAMERA_1']","{'CAMERA_1': ['ISO'], 'CAMERA_2': ['long_exposure', 'camera_type'], 'CAMERA_3': []}",C_QUESTION_ABOUT_FEATURE,CAMERA_1,ISO,what is the ISO,S_NOT_SURE,CAMERA_1,,I'm not really sure about that,
231,8,CAMERA_1,"['CAMERA_2', 'CAMERA_1']","{'CAMERA_1': ['ISO', 'camera_type'], 'CAMERA_2': ['long_exposure', 'camera_type'], 'CAMERA_3': []}",C_SILENT_OR_BACKCHANNEL,CAMERA_1,NONE,okay,S_INTRODUCES_FEATURE,CAMERA_1,camera_type,This is a point and shoot camera.,10~25
231,9,CAMERA_1,"['CAMERA_2', 'CAMERA_1']","{'CAMERA_1': ['ISO', 'camera_type', 'weight'], 'CAMERA_2': ['long_exposure', 'camera_type'], 'CAMERA_3': []}",C_SILENT_OR_BACKCHANNEL,CAMERA_1,NONE,alright,S_INTRODUCES_FEATURE,CAMERA_1,weight,This one weighs 120 grams.,16~25
231,10,NONE,"['CAMERA_2', 'CAMERA_1']","{'CAMERA_1': ['ISO', 'camera_type', 'weight'], 'CAMERA_2': ['long_exposure', 'camera_type'], 'CAMERA_3': []}",C_THANK_YOU,CAMERA_1,NONE,thank you for your help,S_THANK_YOU,CAMERA_1,NONE,thank you very much,
231,11,NONE,"['CAMERA_2', 'CAMERA_1']","{'CAMERA_1': ['ISO', 'camera_type', 'weight'], 'CAMERA_2': ['long_exposure', 'camera_type'], 'CAMERA_3': []}",C_LEAVES,DOOR,NONE,,S_RETURNS_TO_COUNTER,SERVICE_COUNTER,NONE,,
232,1,NONE,[],"{'CAMERA_1': [], 'CAMERA_2': [], 'CAMERA_3': []}",C_ENTERS,DOOR,NONE,,S_NONE,SERVICE_COUNTER,NONE,,
232,2,NONE,[],"{'CAMERA_1': [], 'CAMERA_2': [], 'CAMERA_3': []}",C_WALKS_TO_CAMERA,CAMERA_1,NONE,,S_NONE,SERVICE_COUNTER,NONE,,
232,3,NONE,[],"{'CAMERA_1': [], 'CAMERA_2': [], 'CAMERA_3': []}",C_EXAMINES_CAMERA,CAMERA_1,NONE,,S_GREETS,CAMERA_1,NONE,can I help you?,
232,4,CAMERA_2,['CAMERA_2'],"{'CAMERA_1': [], 'CAMERA_2': [], 'CAMERA_3': []}",C_LOOKING_FOR_A_CAMERA,CAMERA_1,NONE,I'm looking for a camera,S_INTRODUCES_CAMERA,CAMERA_2,,Let me show you this. Here we have the Sony Alpha a6000.,39~55
232,5,CAMERA_2,['CAMERA_2'],"{'CAMERA_1': [], 'CAMERA_2': ['effects'], 'CAMERA_3': []}",C_SILENT_OR_BACKCHANNEL,CAMERA_2,NONE,alright,S_INTRODUCES_FEATURE,CAMERA_2,effects,"This one has 13 artistic effect modes (e.g. toy camera, soft focus).",13~67
232,6,CAMERA_1,"['CAMERA_2', 'CAMERA_1']","{'CAMERA_1': [], 'CAMERA_2': ['effects'], 'CAMERA_3': []}",C_ANYTHING_ELSE_AVAILABLE,CAMERA_2,NONE,ok do you have any other cameras,S_INTRODUCES_CAMERA,CAMERA_1,,Let me show you this. Here we have the Nikon Coolpix S2800.,39~58
232,7,CAMERA_1,"['CAMERA_2', 'CAMERA_1']","{'CAMERA_1': ['preset_modes'], 'CAMERA_2': ['effects'], 'CAMERA_3': []}",C_SILENT_OR_BACKCHANNEL,CAMERA_1,NONE,I see,S_INTRODUCES_FEATURE,CAMERA_1,preset_modes,"This one has 18 preset modes (e.g. beach, snow, night portrait).",13~63
232,8,CAMERA_1,"['CAMERA_2', 'CAMERA_1']","{'CAMERA_1': ['preset_modes', 'settings'], 'CAMERA_2': ['effects'], 'CAMERA_3': []}",C_QUESTION_ABOUT_FEATURE,CAMERA_1,settings,what kind of settings does it have,S_ANSWERS_QUESTION_ABOUT_FEATURE,CAMERA_1,settings,This one has limited manual settings.,13~36
232,9,CAMERA_1,"['CAMERA_2', 'CAMERA_1']","{'CAMERA_1': ['preset_modes', 'settings', 'optical_zoom'], 'CAMERA_2': ['effects'], 'CAMERA_3': []}",C_QUESTION_ABOUT_FEATURE,CAMERA_1,optical_zoom,does it have optical zoom,S_ANSWERS_QUESTION_ABOUT_FEATURE,CAMERA_1,optical_zoom,This one has 5x optical zoom.,13~28
232,10,CAMERA_1,"['CAMERA_2', 'CAMERA_1']","{'CAMERA_1': ['preset_modes', 'settings', 'optical_zoom', 'camera_type'], 'CAMERA_2': ['effects'], 'CAMERA_3': []}",C_QUESTION_ABOUT_FEATURE,CAMERA_1,camera_type,what kind of camera is this,S_ANSWERS_QUESTION_ABOUT_FEATURE,CAMERA_1,camera_type,This is a point and shoot camera.,10~25
232,11,CAMERA_1,"['CAMERA_2', 'CAMERA_1']","{'CAMERA_1': ['preset_modes', 'settings', 'optical_zoom', 'camera_type', 'ISO'], 'CAMERA_2': ['effects'], 'CAMERA_3': []}",C_QUESTION_ABOUT_FEATURE,CAMERA_1,ISO,what is the ISO,S_NOT_SURE,CAMERA_1,,I'm not really sure about that,
232,12,CAMERA_1,"['CAMERA_2', 'CAMERA_1']","{'CAMERA_1': ['preset_modes', 'settings', 'optical_zoom', 'camera_type', 'ISO', 'effects'], 'CAMERA_2': ['effects'], 'CAMERA_3': []}",C_SILENT_OR_BACKCHANNEL,CAMERA_1,NONE,alright,S_INTRODUCES_FEATURE,CAMERA_1,effects,"This one has 12 glamor retouch effects (e.g. skin softening, small face, big eyes).",13~82
232,13,CAMERA_1,"['CAMERA_2', 'CAMERA_1']","{'CAMERA_1': ['preset_modes', 'settings', 'optical_zoom', 'camera_type', 'ISO', 'effects', 'price'], 'CAMERA_2': ['effects'], 'CAMERA_3': []}",C_SILENT_OR_BACKCHANNEL,CAMERA_1,NONE,alright,S_INTRODUCES_FEATURE,CAMERA_1,price,This one costs $2173.,15~20
232,14,CAMERA_3,"['CAMERA_2', 'CAMERA_1', 'CAMERA_3']","{'CAMERA_1': ['preset_modes', 'settings', 'optical_zoom', 'camera_type', 'ISO', 'effects', 'price'], 'CAMERA_2': ['effects'], 'CAMERA_3': []}",C_ANYTHING_ELSE_AVAILABLE,CAMERA_1,NONE,ok do you have any other cameras,S_INTRODUCES_CAMERA,CAMERA_3,,Let me show you this. Here we have the Canon EOS 5D Mark III.,39~60
232,15,CAMERA_3,"['CAMERA_2', 'CAMERA_1', 'CAMERA_3']","{'CAMERA_1': ['preset_modes', 'settings', 'optical_zoom', 'camera_type', 'ISO', 'effects', 'price'], 'CAMERA_2': ['effects'], 'CAMERA_3': ['color']}",C_QUESTION_ABOUT_FEATURE,CAMERA_3,color,what colors does this one come in,S_ANSWERS_QUESTION_ABOUT_FEATURE,CAMERA_3,color,This one comes in black.,18~23
232,16,CAMERA_3,"['CAMERA_2', 'CAMERA_1', 'CAMERA_3']","{'CAMERA_1': ['preset_modes', 'settings', 'optical_zoom', 'camera_type', 'ISO', 'effects', 'price'], 'CAMERA_2': ['effects'], 'CAMERA_3': ['color', 'autofocus_points']}",C_SILENT_OR_BACKCHANNEL,CAMERA_3,NONE,alright,S_INTRODUCES_FEATURE,CAMERA_3,autofocus_points,This one has 61 autofocus points.,13~32
232,17,CAMERA_3,"['CAMERA_2', 'CAMERA_1', 'CAMERA_3']","{'CAMERA_1': ['preset_modes', 'settings', 'optical_zoom', 'camera_type', 'ISO', 'effects', 'price'], 'CAMERA_2': ['effects'], 'CAMERA_3': ['color', 'autofocus_points', 'long_exposure']}",C_SILENT_OR_BACKCHANNEL,CAMERA_3,NONE,okay,S_INTRODUCES_FEATURE,CAMERA_3,long_exposure,"This one can take long exposures up to up to 30 seconds, bulb mode: expose as long as you want.",39~94
232,18,CAMERA_3,"['CAMERA_2', 'CAMERA_1', 'CAMERA_3']","{'CAMERA_1': ['preset_modes', 'settings', 'optical_zoom', 'camera_type', 'ISO', 'effects', 'price'], 'CAMERA_2': ['effects'], 'CAMERA_3': ['color', 'autofocus_points', 'long_exposure', 'weight']}",C_QUESTION_ABOUT_FEATURE,CAMERA_3,weight,how much does this one weigh,S_ANSWERS_QUESTION_ABOUT_FEATURE,CAMERA_3,weight,This one weighs 950 grams (only body).,16~37
232,19,CAMERA_3,"['CAMERA_2', 'CAMERA_1', 'CAMERA_3']","{'CAMERA_1': ['preset_modes', 'settings', 'optical_zoom', 'camera_type', 'ISO', 'effects', 'price'], 'CAMERA_2': ['effects'], 'CAMERA_3': ['color', 'autofocus_points', 'long_exposure', 'weight', 'optical_zoom']}",C_QUESTION_ABOUT_FEATURE,CAMERA_3,optical_zoom,does it have optical zoom,S_NOT_SURE,CAMERA_3,,I'm not really sure about that,
232,20,CAMERA_3,"['CAMERA_2', 'CAMERA_1', 'CAMERA_3']","{'CAMERA_1': ['preset_modes', 'settings', 'optical_zoom', 'camera_type', 'ISO', 'effects', 'price'], 'CAMERA_2': ['effects'], 'CAMERA_3': ['color', 'autofocus_points', 'long_exposure', 'weight', 'optical_zoom', 'effects']}",C_QUESTION_ABOUT_FEATURE,CAMERA_3,effects,does it have any effect modes,S_NOT_SURE,CAMERA_3,,I'm not really sure about that,
232,21,NONE,"['CAMERA_2', 'CAMERA_1', 'CAMERA_3']","{'CAMERA_1': ['preset_modes', 'settings', 'optical_zoom', 'camera_type', 'ISO', 'effects', 'price'], 'CAMERA_2': ['effects'], 'CAMERA_3': ['color', 'autofocus_points', 'long_exposure', 'weight', 'optical_zoom', 'effects']}",C_THANK_YOU,CAMERA_3,NONE,thank you for your help,S_THANK_YOU,CAMERA_3,NONE,thank you very much,
232,22,NONE,"['CAMERA_2', 'CAMERA_1', 'CAMERA_3']","{'CAMERA_1': ['preset_modes', 'settings', 'optical_zoom', 'camera_type', 'ISO', 'effects', 'price'], 'CAMERA_2': ['effects'], 'CAMERA_3': ['color', 'autofocus_points', 'long_exposure', 'weight', 'optical_zoom', 'effects']}",C_LEAVES,DOOR,NONE,,S_RETURNS_TO_COUNTER,SERVICE_COUNTER,NONE,,
233,1,NONE,[],"{'CAMERA_1': [], 'CAMERA_2': [], 'CAMERA_3': []}",C_ENTERS,DOOR,NONE,,S_NONE,SERVICE_COUNTER,NONE,,
233,2,NONE,[],"{'CAMERA_1': [], 'CAMERA_2': [], 'CAMERA_3': []}",C_GREETS,MIDDLE,NONE,hello,S_GREETS,MIDDLE,NONE,can I help you?,
233,3,CAMERA_2,['CAMERA_2'],"{'CAMERA_1': [], 'CAMERA_2': [], 'CAMERA_3': []}",C_LOOKING_FOR_A_CAMERA,MIDDLE,NONE,I'm looking for a camera,S_INTRODUCES_CAMERA,CAMERA_2,,Let me show you this. Here we have the Sony Alpha a6000.,39~55
233,4,CAMERA_2,['CAMERA_2'],"{'CAMERA_1': [], 'CAMERA_2': ['camera_type'], 'CAMERA_3': []}",C_SILENT_OR_BACKCHANNEL,CAMERA_2,NONE,okay,S_INTRODUCES_FEATURE,CAMERA_2,camera_type,This is a mirrorless camera.,10~20
233,5,CAMERA_2,['CAMERA_2'],"{'CAMERA_1': [], 'CAMERA_2': ['camera_type', 'settings'], 'CAMERA_3': []}",C_SILENT_OR_BACKCHANNEL,CAMERA_2,NONE,I see,S_INTRODUCES_FEATURE,CAMERA_2,settings,This one has full manual control.,13~32
233,6,CAMERA_2,['CAMERA_2'],"{'CAMERA_1': [], 'CAMERA_2': ['camera_type', 'settings', 'long_exposure'], 'CAMERA_3': []}",C_QUESTION_ABOUT_FEATURE,CAMERA_2,long_exposure,can it take long exposure shots,S_ANSWERS_QUESTION_ABOUT_FEATURE,CAMERA_2,long_exposure,This one can take long exposures up to up to 30 seconds.,39~55
233,7,NONE,['CAMERA_2'],"{'CAMERA_1': [], 'CAMERA_2': ['camera_type', 'settings', 'long_exposure'], 'CAMERA_3': []}",C_THANK_YOU,CAMERA_2,NONE,thank you for your help,S_THANK_YOU,CAMERA_2,NONE,thank you very much,
233,8,NONE,['CAMERA_2'],"{'CAMERA_1': [], 'CAMERA_2': ['camera_type', 'settings', 'long_exposure'], 'CAMERA_3': []}",C_LEAVES,DOOR,NONE,,S_RETURNS_TO_COUNTER,SERVICE_COUNTER,NONE,,
234,1,NONE,[],"{'CAMERA_1': [], 'CAMERA_2': [], 'CAMERA_3': []}",C_ENTERS,DOOR,NONE,,S_NONE,SERVICE_COUNTER,NONE,,
234,2,NONE,[],"{'CAMERA_1': [], 'CAMERA_2': [], 'CAMERA_3': []}",C_GREETS,MIDDLE,NONE,hello,S_GREETS,MIDDLE,NONE,can I help you?,
234,3,CAMERA_3,['CAMERA_3'],"{'CAMERA_1': [], 'CAMERA_2': [], 'CAMERA_3': []}",C_LOOKING_FOR_A_CAMERA,MIDDLE,NONE,I'm looking for a camera,S_INTRODUCES_CAMERA,CAMERA_3,,Let me show you this. Here we have the Canon EOS 5D Mark III.,39~60
234,4,CAMERA_3,['CAMERA_3'],"{'CAMERA_1': [], 'CAMERA_2': [], 'CAMERA_3': ['camera_type']}",C_QUESTION_ABOUT_FEATURE,CAMERA_3,camera_type,what kind of camera is this,S_ANSWERS_QUESTION_ABOUT_FEATURE,CAMERA_3,camera_type,This is a DSLR camera.,10~14
234,5,CAMERA_3,['CAMERA_3'],"{'CAMERA_1': [], 'CAMERA_2': [], 'CAMERA_3': ['camera_type', 'autofocus_points']}",C_QUESTION_ABOUT_FEATURE,CAMERA_3,autofocus_points,how many autofocus points does it have,S_ANSWERS_QUESTION_ABOUT_FEATURE,CAMERA_3,autofocus_points,This one has 61 autofocus points.,13~32
234,6,CAMERA_3,['CAMERA_3'],"{'CAMERA_1': [], 'CAMERA_2': [], 'CAMERA_3': ['camera_type', 'autofocus_points', 'color']}",C_SILENT_OR_BACKCHANNEL,CAMERA_3,NONE,okay,S_INTRODUCES_FEATURE,CAMERA_3,color,This one comes in black.,18~23
234,7,NONE,['CAMERA_3'],"{'CAMERA_1': [], 'CAMERA_2': [], 'CAMERA_3': ['camera_type', 'autofocus_points', 'color']}",C_THANK_YOU,CAMERA_3,NONE,thank you for your help,S_THANK_YOU,CAMERA_3,NONE,thank you very much,
234,8,NONE,['CAMERA_3'],"{'CAMERA_1': [], 'CAMERA_2': [], 'CAMERA_3': ['camera_type', 'autofocus_points', 'color']}",C_LEAVES,DOOR,NONE,,S_RETURNS_TO_COUNTER,SERVICE_COUNTER,NONE,,
235,1,NONE,[],"{'CAMERA_1': [], 'CAMERA_2': [], 'CAMERA_3': []}",C_ENTERS,DOOR,NONE,,S_NONE,SERVICE_COUNTER,NONE,,
235,2,NONE,[],"{'CAMERA_1': [], 'CAMERA_2': [], 'CAMERA_3': []}",C_GREETS,MIDDLE,NONE,hello,S_GREETS,MIDDLE,NONE,can I help you?,
235,3,CAMERA_2,['CAMERA_2'],"{'CAMERA_1': [], 'CAMERA_2': [], 'CAMERA_3': []}",C_LOOKING_FOR_A_CAMERA,MIDDLE,NONE,I'm looking for a camera,S_INTRODUCES_CAMERA,CAMERA_2,,Let me show you this. Here we have the Sony Alpha a6000.,39~55
235,4,CAMERA_2,['CAMERA_2'],"{'CAMERA_1': [], 'CAMERA_2': ['camera_type'], 'CAMERA_3': []}",C_QUESTION_ABOUT_FEATURE,CAMERA_2,camera_type,what kind of camera is this,S_ANSWERS_QUESTION_ABOUT_FEATURE,CAMERA_2,camera_type,This is a mirrorless camera.,10~20
235,5,CAMERA_2,['CAMERA_2'],"{'CAMERA_1': [], 'CAMERA_2': ['camera_type', 'ISO'], 'CAMERA_3': []}",C_QUESTION_ABOUT_FEATURE,CAMERA_2,ISO,what is the ISO,S_ANSWERS_QUESTION_ABOUT_FEATURE,CAMERA_2,ISO,This one has up to 3200 ISO with little noise.,13~45
235,6,NONE,['CAMERA_2'],"{'CAMERA_1': [], 'CAMERA_2': ['camera_type', 'ISO'], 'CAMERA_3': []}",C_THANK_YOU,CAMERA_2,NONE,thank you for your help,S_THANK_YOU,CAMERA_2,NONE,thank you very much,
235,7,NONE,['CAMERA_2'],"{'CAMERA_1': [], 'CAMERA_2': ['camera_type', 'ISO'], 'CAMERA_3': []}",C_LEAVES,DOOR,NONE,,S_RETURNS_TO_COUNTER,SERVICE_COUNTER,NONE,,
236,1,NONE,[],"{'CAMERA_1': [], 'CAMERA_2': [], 'CAMERA_3': []}",C_ENTERS,DOOR,NONE,,S_NONE,SERVICE_COUNTER,NONE,,
236,2,NONE,[],"{'CAMERA_1': [], 'CAMERA_2': [], 'CAMERA_3': []}",C_WALKS_TO_CAMERA,CAMERA_2,NONE,,S_GREETS,CAMERA_2,NONE,can I help you?,
236,3,CAMERA_3,['CAMERA_3'],"{'CAMERA_1': [], 'CAMERA_2': [], 'CAMERA_3': []}",C_LOOKING_FOR_A_CAMERA,CAMERA_2,NONE,I'm looking for a camera,S_INTRODUCES_CAMERA,CAMERA_3,,Let me show you this. Here we have the Canon EOS 5D Mark III.,39~60
236,4,CAMERA_3,['CAMERA_3'],"{'CAMERA_1': [], 'CAMERA_2': [], 'CAMERA_3': ['long_exposure']}",C_SILENT_OR_BACKCHANNEL,CAMERA_3,NONE,I see,S_INTRODUCES_FEATURE,CAMERA_3,long_exposure,"This one can take long exposures up to up to 30 seconds, bulb mode: expose as long as you want.",39~94
236,5,NONE,['CAMERA_3'],"{'CAMERA_1': [], 'CAMERA_2': [], 'CAMERA_3': ['long_exposure']}",C_THANK_YOU,CAMERA_3,NONE,thank you for your help,S_THANK_YOU,CAMERA_3,NONE,thank you very much,
236,6,NONE,['CAMERA_3'],"{'CAMERA_1': [], 'CAMERA_2': [], 'CAMERA_3': ['long_exposure']}",C_LEAVES,DOOR,NONE,,S_RETURNS_TO_COUNTER,SERVICE_COUNTER,NONE,,
237,1,NONE,[],"{'CAMERA_1': [], 'CAMERA_2': [], 'CAMERA_3': []}",C_ENTERS,DOOR,NONE,,S_NONE,SERVICE_COUNTER,NONE,,
237,2,NONE,[],"{'CAMERA_1': [], 'CAMERA_2': [], 'CAMERA_3': []}",C_WALKS_TO_CAMERA,CAMERA_2,NONE,,S_GREETS,CAMERA_2,NONE,can I help you?,
237,3,CAMERA_3,['CAMERA_3'],"{'CAMERA_1': [], 'CAMERA_2': [], 'CAMERA_3': []}",C_LOOKING_FOR_A_CAMERA,CAMERA_2,NONE,I'm looking for a camera,S_INTRODUCES_CAMERA,CAMERA_3,,Let me show you this. Here we have the Canon EOS 5D Mark III.,39~60
237,4,CAMERA_3,['CAMERA_3'],"{'CAMERA_1': [], 'CAMERA_2': [], 'CAMERA_3': ['preset_modes']}",C_QUESTION_ABOUT_FEATURE,CAMERA_3,preset_modes,does it have preset modes,S_NOT_SURE,CAMERA_3,,I'm not really sure about that,
237,5,CAMERA_2,"['CAMERA_3', 'CAMERA_2']","{'CAMERA_1': [], 'CAMERA_2': [], 'CAMERA_3': ['preset_modes']}",C_ANYTHING_ELSE_AVAILABLE,CAMERA_3,NONE,ok do you have any other cameras,S_INTRODUCES_CAMERA,CAMERA_2,,Let me show you this. Here we have the Sony Alpha a6000.,39~55
237,6,CAMERA_2,"['CAMERA_3', 'CAMERA_2']","{'CAMERA_1': [], 'CAMERA_2': ['effects'], 'CAMERA_3': ['preset_modes']}",C_QUESTION_ABOUT_FEATURE,CAMERA_2,effects,does it have any effect modes,S_ANSWERS_QUESTION_ABOUT_FEATURE,CAMERA_2,effects,"This one has 13 artistic effect modes (e.g. toy camera, soft focus).",13~67
237,7,CAMERA_1,"['CAMERA_3', 'CAMERA_2', 'CAMERA_1']","{'CAMERA_1': [], 'CAMERA_2': ['effects'], 'CAMERA_3': ['preset_modes']}",C_ANYTHING_ELSE_AVAILABLE,CAMERA_2,NONE,ok do you have any other cameras,S_INTRODUCES_CAMERA,CAMERA_1,,Let me show you this. Here we have the Nikon Coolpix S2800.,39~58
237,8,CAMERA_1,"['CAMERA_3', 'CAMERA_2', 'CAMERA_1']","{'CAMERA_1': ['effects'], 'CAMERA_2': ['effects'], 'CAMERA_3': ['preset_modes']}",C_QUESTION_ABOUT_FEATURE,CAMERA_1,effects,does it have any effect modes,S_ANSWERS_QUESTION_ABOUT_FEATURE,CAMERA_1,effects,"This one has 12 glamor retouch effects (e.g. skin softening, small face, big eyes).",13~82
237,9,CAMERA_1,"['CAMERA_3', 'CAMERA_2', 'CAMERA_1']","{'CAMERA_1': ['effects', 'long_exposure'], 'CAMERA_2': ['effects'], 'CAMERA_3': ['preset_modes']}",C_QUESTION_ABOUT_FEATURE,CAMERA_1,long_exposure,can it take long exposure shots,S_NOT_SURE,CAMERA_1,,I'm not really sure about that,
237,10,CAMERA_1,"['CAMERA_3', 'CAMERA_2', 'CAMERA_1']","{'CAMERA_1': ['effects', 'long_exposure', 'preset_modes'], 'CAMERA_2': ['effects'], 'CAMERA_3': ['preset_modes']}",C_SILENT_OR_BACKCHANNEL,CAMERA_1,NONE,I see,S_INTRODUCES_FEATURE,CAMERA_1,preset_modes,"This one has 18 preset modes (e.g. beach, snow, night portrait).",13~63
237,11,CAMERA_1,"['CAMERA_3', 'CAMERA_2', 'CAMERA_1']","{'CAMERA_1': ['effects', 'long_exposure', 'preset_modes', 'color'], 'CAMERA_2': ['effects'], 'CAMERA_3': ['preset_modes']}",C_SILENT_OR_BACKCHANNEL,CAMERA_1,NONE,alright,S_INTRODUCES_FEATURE,CAMERA_1,color,"This one comes in purple, pink, black, silver, red.",18~50
237,12,CAMERA_1,"['CAMERA_3', 'CAMERA_2', 'CAMERA_1']","{'CAMERA_1': ['effects', 'long_exposure', 'preset_modes', 'color', 'price'], 'CAMERA_2': ['effects'], 'CAMERA_3': ['preset_modes']}",C_SILENT_OR_BACKCHANNEL,CAMERA_1,NONE,okay,S_INTRODUCES_FEATURE,CAMERA_1,price,This one costs $2173.,15~20
237,13,CAMERA_1,"['CAMERA_3', 'CAMERA_2', 'CAMERA_1']","{'CAMERA_1': ['effects', 'long_exposure', 'preset_modes', 'color', 'price', 'autofocus_points'], 'CAMERA_2': ['effects'], 'CAMERA_3': ['preset_modes']}",C_QUESTION_ABOUT_FEATURE,CAMERA_1,autofocus_points,how many autofocus points does it have,S_NOT_SURE,CAMERA_1,,I'm not really sure about that,
237,14,CAMERA_1,"['CAMERA_3', 'CAMERA_2', 'CAMERA_1']","{'CAMERA_1': ['effects', 'long_exposure', 'preset_modes', 'color', 'price', 'autofocus_points', 'optical_zoom'], 'CAMERA_2': ['effects'], 'CAMERA_3': ['preset_modes']}",C_SILENT_OR_BACKCHANNEL,CAMERA_1,NONE,okay,S_INTRODUCES_FEATURE,CAMERA_1,optical_zoom,This one has 5x optical zoom.,13~28
237,15,CAMERA_1,"['CAMERA_3', 'CAMERA_2', 'CAMERA_1']","{'CAMERA_1': ['effects', 'long_exposure', 'preset_modes', 'color', 'price', 'autofocus_points', 'optical_zoom', 'settings'], 'CAMERA_2': ['effects'], 'CAMERA_3': ['preset_modes']}",C_SILENT_OR_BACKCHANNEL,CAMERA_1,NONE,alright,S_INTRODUCES_FEATURE,CAMERA_1,settings,This one has limited manual settings.,13~36
237,16,,"['CAMERA_3', 'CAMERA_2', 'CAMERA_1']","{'CAMERA_1': ['effects', 'long_exposure', 'preset_modes', 'color', 'price', 'autofocus_points', 'optical_zoom', 'settings'], 'CAMERA_2': ['effects'], 'CAMERA_3': ['preset_modes']}",C_ANYTHING_ELSE_AVAILABLE,CAMERA_1,NONE,ok do you have any other cameras,S_THATS_ALL_WE_HAVE_AVAILABLE,CAMERA_1,,That’s all we have available at the moment.,
237,17,NONE,"['CAMERA_3', 'CAMERA_2', 'CAMERA_1']","{'CAMERA_1': ['effects', 'long_exposure', 'preset_modes', 'color', 'price', 'autofocus_points', 'optical_zoom', 'settings'], 'CAMERA_2': ['effects'], 'CAMERA_3': ['preset_modes']}",C_THANK_YOU,CAMERA_1,NONE,thank you for your help,S_THANK_YOU,CAMERA_1,NONE,thank you very much,
237,18,NONE,"['CAMERA_3', 'CAMERA_2', 'CAMERA_1']","{'CAMERA_1': ['effects', 'long_exposure', 'preset_modes', 'color', 'price', 'autofocus_points', 'optical_zoom', 'settings'], 'CAMERA_2': ['effects'], 'CAMERA_3': ['preset_modes']}",C_LEAVES,DOOR,NONE,,S_RETURNS_TO_COUNTER,SERVICE_COUNTER,NONE,,
238,1,NONE,[],"{'CAMERA_1': [], 'CAMERA_2': [], 'CAMERA_3': []}",C_ENTERS,DOOR,NONE,,S_NONE,SERVICE_COUNTER,NONE,,
238,2,NONE,[],"{'CAMERA_1': [], 'CAMERA_2': [], 'CAMERA_3': []}",C_WALKS_TO_CAMERA,CAMERA_1,NONE,,S_GREETS,CAMERA_1,NONE,can I help you?,
238,3,CAMERA_1,['CAMERA_1'],"{'CAMERA_1': [], 'CAMERA_2': [], 'CAMERA_3': []}",C_LOOKING_FOR_A_CAMERA,CAMERA_1,NONE,I'm looking for a camera,S_INTRODUCES_CAMERA,CAMERA_1,,Let me show you this. Here we have the Nikon Coolpix S2800.,39~58
238,4,CAMERA_1,['CAMERA_1'],"{'CAMERA_1': ['weight'], 'CAMERA_2': [], 'CAMERA_3': []}",C_QUESTION_ABOUT_FEATURE,CAMERA_1,weight,how much does this one weigh,S_ANSWERS_QUESTION_ABOUT_FEATURE,CAMERA_1,weight,This one weighs 120 grams.,16~25
238,5,NONE,['CAMERA_1'],"{'CAMERA_1': ['weight'], 'CAMERA_2': [], 'CAMERA_3': []}",C_THANK_YOU,CAMERA_1,NONE,thank you for your help,S_THANK_YOU,CAMERA_1,NONE,thank you very much,
238,6,NONE,['CAMERA_1'],"{'CAMERA_1': ['weight'], 'CAMERA_2': [], 'CAMERA_3': []}",C_LEAVES,DOOR,NONE,,S_RETURNS_TO_COUNTER,SERVICE_COUNTER,NONE,,
239,1,NONE,[],"{'CAMERA_1': [], 'CAMERA_2': [], 'CAMERA_3': []}",C_ENTERS,DOOR,NONE,,S_NONE,SERVICE_COUNTER,NONE,,
239,2,NONE,[],"{'CAMERA_1': [], 'CAMERA_2': [], 'CAMERA_3': []}",C_GREETS,MIDDLE,NONE,hello,S_GREETS,MIDDLE,NONE,can I help you?,
239,3,CAMERA_3,['CAMERA_3'],"{'CAMERA_1': [], 'CAMERA_2': [], 'CAMERA_3': []}",C_LOOKING_FOR_A_CAMERA,MIDDLE,NONE,I'm looking for a camera,S_INTRODUCES_CAMERA,CAMERA_3,,Let me show you this. Here we have the Canon EOS 5D Mark III.,39~60
239,4,CAMERA_3,['CAMERA_3'],"{'CAMERA_1': [], 'CAMERA_2': [], 'CAMERA_3': ['weight']}",C_SILENT_OR_BACKCHANNEL,CAMERA_3,NONE,I see,S_INTRODUCES_FEATURE,CAMERA_3,weight,This one weighs 950 grams (only body).,16~37
239,5,NONE,['CAMERA_3'],"{'CAMERA_1': [], 'CAMERA_2': [], 'CAMERA_3': ['weight']}",C_THANK_YOU,CAMERA_3,NONE,thank you for your help,S_THANK_YOU,CAMERA_3,NONE,thank you very much,
239,6,NONE,['CAMERA_3'],"{'CAMERA_1': [], 'CAMERA_2': [], 'CAMERA_3': ['weight']}",C_LEAVES,DOOR,NONE,,S_RETURNS_TO_COUNTER,SERVICE_COUNTER,NONE,,
240,1,NONE,[],"{'CAMERA_1': [], 'CAMERA_2': [], 'CAMERA_3': []}",C_ENTERS,DOOR,NONE,,S_NONE,SERVICE_COUNTER,NONE,,
240,2,NONE,[],"{'CAMERA_1': [], 'CAMERA_2': [], 'CAMERA_3': []}",C_WALKS_TO_CAMERA,CAMERA_3,NONE,,S_GREETS,CAMERA_3,NONE,can I help you?,
240,3,CAMERA_2,['CAMERA_2'],"{'CAMERA_1': [], 'CAMERA_2': [], 'CAMERA_3': []}",C_LOOKING_FOR_A_CAMERA,CAMERA_3,NONE,I'm looking for a camera,S_INTRODUCES_CAMERA,CAMERA_2,,Let me show you this. Here we have the Sony Alpha a6000.,39~55
240,4,CAMERA_2,['CAMERA_2'],"{'CAMERA_1': [], 'CAMERA_2': ['settings'], 'CAMERA_3': []}",C_QUESTION_ABOUT_FEATURE,CAMERA_2,settings,what kind of settings does it have,S_ANSWERS_QUESTION_ABOUT_FEATURE,CAMERA_2,settings,This one has full manual control.,13~32
240,5,CAMERA_2,['CAMERA_2'],"{'CAMERA_1': [], 'CAMERA_2': ['settings', 'camera_type'], 'CAMERA_3': []}",C_SILENT_OR_BACKCHANNEL,CAMERA_2,NONE,I see,S_INTRODUCES_FEATURE,CAMERA_2,camera_type,This is a mirrorless camera.,10~20
240,6,NONE,['CAMERA_2'],"{'CAMERA_1': [], 'CAMERA_2': ['settings', 'camera_type'], 'CAMERA_3': []}",C_THANK_YOU,CAMERA_2,NONE,thank you for your help,S_THANK_YOU,CAMERA_2,NONE,thank you very much,
240,7,NONE,['CAMERA_2'],"{'CAMERA_1': [], 'CAMERA_2': ['settings', 'camera_type'], 'CAMERA_3': []}",C_LEAVES,DOOR,NONE,,S_RETURNS_TO_COUNTER,SERVICE_COUNTER,NONE,,
241,1,NONE,[],"{'CAMERA_1': [], 'CAMERA_2': [], 'CAMERA_3': []}",C_ENTERS,DOOR,NONE,,S_NONE,SERVICE_COUNTER,NONE,,
241,2,NONE,[],"{'CAMERA_1': [], 'CAMERA_2': [], 'CAMERA_3': []}",C_WALKS_TO_CAMERA,CAMERA_2,NONE,,S_NONE,SERVICE_COUNTER,NONE,,
241,3,NONE,[],"{'CAMERA_1': [], 'CAMERA_2': [], 'CAMERA_3': []}",C_EXAMINES_CAMERA,CAMERA_2,NONE,,S_GREETS,CAMERA_2,NONE,can I help you?,
241,4,CAMERA_3,['CAMERA_3'],"{'CAMERA_1': [], 'CAMERA_2': [], 'CAMERA_3': []}",C_LOOKING_FOR_A_CAMERA,CAMERA_2,NONE,I'm looking for a camera,S_INTRODUCES_CAMERA,CAMERA_3,,Let me show you this. Here we have the Canon EOS 5D Mark III.,39~60
241,5,CAMERA_3,['CAMERA_3'],"{'CAMERA_1': [], 'CAMERA_2': [], 'CAMERA_3': ['camera_type']}",C_QUESTION_ABOUT_FEATURE,CAMERA_3,camera_type,what kind of camera is this,S_ANSWERS_QUESTION_ABOUT_FEATURE,CAMERA_3,camera_type,This is a DSLR camera.,10~14
241,6,CAMERA_3,['CAMERA_3'],"{'CAMERA_1': [], 'CAMERA_2': [], 'CAMERA_3': ['camera_type', 'preset_modes']}",C_QUESTION_ABOUT_FEATURE,CAMERA_3,preset_modes,does it have preset modes,S_NOT_SURE,CAMERA_3,,I'm not really sure about that,
241,7,CAMERA_3,['CAMERA_3'],"{'CAMERA_1': [], 'CAMERA_2': [], 'CAMERA_3': ['camera_type', 'preset_modes', 'weight']}",C_QUESTION_ABOUT_FEATURE,CAMERA_3,weight,how much does this one weigh,S_ANSWERS_QUESTION_ABOUT_FEATURE,CAMERA_3,weight,This one weighs 950 grams (only body).,16~37
241,8,CAMERA_1,"['CAMERA_3', 'CAMERA_1']","{'CAMERA_1': [], 'CAMERA_2': [], 'CAMERA_3': ['camera_type', 'preset_modes', 'weight']}",C_ANYTHING_ELSE_AVAILABLE,CAMERA_3,NONE,ok do you have any other cameras,S_INTRODUCES_CAMERA,CAMERA_1,,Let me show you this. Here we have the Nikon Coolpix S2800.,39~58
241,9,CAMERA_1,"['CAMERA_3', 'CAMERA_1']","{'CAMERA_1': ['sensor_size'], 'CAMERA_2': [], 'CAMERA_3': ['camera_type', 'preset_modes', 'weight']}",C_QUESTION_ABOUT_FEATURE,CAMERA_1,sensor_size,what is the sensor size,S_NOT_SURE,CAMERA_1,,I'm not really sure about that,
241,10,CAMERA_1,"['CAMERA_3', 'CAMERA_1']","{'CAMERA_1': ['sensor_size', 'autofocus_points'], 'CAMERA_2': [], 'CAMERA_3': ['camera_type', 'preset_modes', 'weight']}",C_QUESTION_ABOUT_FEATURE,CAMERA_1,autofocus_points,how many autofocus points does it have,S_NOT_SURE,CAMERA_1,,I'm not really sure about that,
241,11,CAMERA_1,"['CAMERA_3', 'CAMERA_1']","{'CAMERA_1': ['sensor_size', 'autofocus_points', 'ISO'], 'CAMERA_2': [], 'CAMERA_3': ['camera_type', 'preset_modes', 'weight']}",C_QUESTION_ABOUT_FEATURE,CAMERA_1,ISO,what is the ISO,S_NOT_SURE,CAMERA_1,,I'm not really sure about that,
241,12,CAMERA_1,"['CAMERA_3', 'CAMERA_1']","{'CAMERA_1': ['sensor_size', 'autofocus_points', 'ISO', 'long_exposure'], 'CAMERA_2': [], 'CAMERA_3': ['camera_type', 'preset_modes', 'weight']}",C_QUESTION_ABOUT_FEATURE,CAMERA_1,long_exposure,can it take long exposure shots,S_NOT_SURE,CAMERA_1,,I'm not really sure about that,
241,13,CAMERA_1,"['CAMERA_3', 'CAMERA_1']","{'CAMERA_1': ['sensor_size', 'autofocus_points', 'ISO', 'long_exposure', 'settings'], 'CAMERA_2': [], 'CAMERA_3': ['camera_type', 'preset_modes', 'weight']}",C_QUESTION_ABOUT_FEATURE,CAMERA_1,settings,what kind of settings does it have,S_ANSWERS_QUESTION_ABOUT_FEATURE,CAMERA_1,settings,This one has limited manual settings.,13~36
241,14,CAMERA_1,"['CAMERA_3', 'CAMERA_1']","{'CAMERA_1': ['sensor_size', 'autofocus_points', 'ISO', 'long_exposure', 'settings', 'weight'], 'CAMERA_2': [], 'CAMERA_3': ['camera_type', 'preset_modes', 'weight']}",C_QUESTION_ABOUT_FEATURE,CAMERA_1,weight,how much does this one weigh,S_ANSWERS_QUESTION_ABOUT_FEATURE,CAMERA_1,weight,This one weighs 120 grams.,16~25
241,15,CAMERA_1,"['CAMERA_3', 'CAMERA_1']","{'CAMERA_1': ['sensor_size', 'autofocus_points', 'ISO', 'long_exposure', 'settings', 'weight', 'preset_modes'], 'CAMERA_2': [], 'CAMERA_3': ['camera_type', 'preset_modes', 'weight']}",C_QUESTION_ABOUT_FEATURE,CAMERA_1,preset_modes,does it have preset modes,S_ANSWERS_QUESTION_ABOUT_FEATURE,CAMERA_1,preset_modes,"This one has 18 preset modes (e.g. beach, snow, night portrait).",13~63
241,16,CAMERA_1,"['CAMERA_3', 'CAMERA_1']","{'CAMERA_1': ['sensor_size', 'autofocus_points', 'ISO', 'long_exposure', 'settings', 'weight', 'preset_modes', 'resolution'], 'CAMERA_2': [], 'CAMERA_3': ['camera_type', 'preset_modes', 'weight']}",C_QUESTION_ABOUT_FEATURE,CAMERA_1,resolution,what is the resolution,S_ANSWERS_QUESTION_ABOUT_FEATURE,CAMERA_1,resolution,This one has 20.1 megapixels resolution.,13~28
241,17,CAMERA_1,"['CAMERA_3', 'CAMERA_1']","{'CAMERA_1': ['sensor_size', 'autofocus_points', 'ISO', 'long_exposure', 'settings', 'weight', 'preset_modes', 'resolution', 'color'], 'CAMERA_2': [], 'CAMERA_3': ['camera_type', 'preset_modes', 'weight']}",C_QUESTION_ABOUT_FEATURE,CAMERA_1,color,what colors does this one come in,S_ANSWERS_QUESTION_ABOUT_FEATURE,CAMERA_1,color,"This one comes in purple, pink, black, silver, red.",18~50
241,18,NONE,"['CAMERA_3', 'CAMERA_1']","{'CAMERA_1': ['sensor_size', 'autofocus_points', 'ISO', 'long_exposure', 'settings', 'weight', 'preset_modes', 'resolution', 'color'], 'CAMERA_2': [], 'CAMERA_3': ['camera_type', 'preset_modes', 'weight']}",C_THANK_YOU,CAMERA_1,NONE,thank you for your help,S_THANK_YOU,CAMERA_1,NONE,thank you very much,
241,19,NONE,"['CAMERA_3', 'CAMERA_1']","{'CAMERA_1': ['sensor_size', 'autofocus_points', 'ISO', 'long_exposure', 'settings', 'weight', 'preset_modes', 'resolution', 'color'], 'CAMERA_2': [], 'CAMERA_3': ['camera_type', 'preset_modes', 'weight']}",C_LEAVES,DOOR,NONE,,S_RETURNS_TO_COUNTER,SERVICE_COUNTER,NONE,,
242,1,NONE,[],"{'CAMERA_1': [], 'CAMERA_2': [], 'CAMERA_3': []}",C_ENTERS,DOOR,NONE,,S_NONE,SERVICE_COUNTER,NONE,,
242,2,NONE,[],"{'CAMERA_1': [], 'CAMERA_2': [], 'CAMERA_3': []}",C_WALKS_TO_CAMERA,CAMERA_3,NONE,,S_NONE,SERVICE_COUNTER,NONE,,
242,3,CAMERA_3,['CAMERA_3'],"{'CAMERA_1': [], 'CAMERA_2': [], 'CAMERA_3': ['color']}",C_QUESTION_ABOUT_FEATURE,CAMERA_3,color,what colors does this one come in,S_ANSWERS_QUESTION_ABOUT_FEATURE,CAMERA_3,color,This one comes in black.,18~23
242,4,CAMERA_3,['CAMERA_3'],"{'CAMERA_1': [], 'CAMERA_2': [], 'CAMERA_3': ['color', 'weight']}",C_SILENT_OR_BACKCHANNEL,CAMERA_3,NONE,okay,S_INTRODUCES_FEATURE,CAMERA_3,weight,This one weighs 950 grams (only body).,16~37
242,5,CAMERA_3,['CAMERA_3'],"{'CAMERA_1': [], 'CAMERA_2': [], 'CAMERA_3': ['color', 'weight', 'camera_type']}",C_SILENT_OR_BACKCHANNEL,CAMERA_3,NONE,I see,S_INTRODUCES_FEATURE,CAMERA_3,camera_type,This is a DSLR camera.,10~14
242,6,NONE,['CAMERA_3'],"{'CAMERA_1': [], 'CAMERA_2': [], 'CAMERA_3': ['color', 'weight', 'camera_type']}",C_THANK_YOU,CAMERA_3,NONE,thank you for your help,S_THANK_YOU,CAMERA_3,NONE,thank you very much,
242,7,NONE,['CAMERA_3'],"{'CAMERA_1': [], 'CAMERA_2': [], 'CAMERA_3': ['color', 'weight', 'camera_type']}",C_LEAVES,DOOR,NONE,,S_RETURNS_TO_COUNTER,SERVICE_COUNTER,NONE,,
243,1,NONE,[],"{'CAMERA_1': [], 'CAMERA_2': [], 'CAMERA_3': []}",C_ENTERS,DOOR,NONE,,S_NONE,SERVICE_COUNTER,NONE,,
243,2,NONE,[],"{'CAMERA_1': [], 'CAMERA_2': [], 'CAMERA_3': []}",C_WALKS_TO_CAMERA,CAMERA_1,NONE,,S_GREETS,CAMERA_1,NONE,can I help you?,
243,3,CAMERA_1,['CAMERA_1'],"{'CAMERA_1': [], 'CAMERA_2': [], 'CAMERA_3': []}",C_LOOKING_FOR_A_CAMERA,CAMERA_1,NONE,I'm looking for a camera,S_INTRODUCES_CAMERA,CAMERA_1,,Let me show you this. Here we have the Nikon Coolpix S2800.,39~58
243,4,CAMERA_1,['CAMERA_1'],"{'CAMERA_1': ['sensor_size'], 'CAMERA_2': [], 'CAMERA_3': []}",C_QUESTION_ABOUT_FEATURE,CAMERA_1,sensor_size,what is the sensor size,S_NOT_SURE,CAMERA_1,,I'm not really sure about that,
243,5,CAMERA_1,['CAMERA_1'],"{'CAMERA_1': ['sensor_size', 'price'], 'CAMERA_2': [], 'CAMERA_3': []}",C_QUESTION_ABOUT_FEATURE,CAMERA_1,price,how much does it cost,S_ANSWERS_QUESTION_ABOUT_FEATURE,CAMERA_1,price,This one costs $2173.,15~20
243,6,CAMERA_3,"['CAMERA_1', 'CAMERA_3']","{'CAMERA_1': ['sensor_size', 'price'], 'CAMERA_2': [], 'CAMERA_3': []}",C_ANYTHING_ELSE_AVAILABLE,CAMERA_1,NONE,ok do you have any other cameras,S_INTRODUCES_CAMERA,CAMERA_3,,Let me show you this. Here we have the Canon EOS 5D Mark III.,39~60
243,7,CAMERA_3,"['CAMERA_1', 'CAMERA_3']","{'CAMERA_1': ['sensor_size', 'price'], 'CAMERA_2': [], 'CAMERA_3': ['settings']}",C_SILENT_OR_BACKCHANNEL,CAMERA_3,NONE,I see,S_INTRODUCES_FEATURE,CAMERA_3,settings,This one has full manual control.,13~32
243,8,CAMERA_3,"['CAMERA_1', 'CAMERA_3']","{'CAMERA_1': ['sensor_size', 'price'], 'CAMERA_2': [], 'CAMERA_3': ['settings', 'ISO']}",C_SILENT_OR_BACKCHANNEL,CAMERA_3,NONE,I see,S_INTRODUCES_FEATURE,CAMERA_3,ISO,This one has up to 6400 ISO with little noise.,13~45
243,9,CAMERA_2,"['CAMERA_1', 'CAMERA_3', 'CAMERA_2']","{'CAMERA_1': ['sensor_size', 'price'], 'CAMERA_2': [], 'CAMERA_3': ['settings', 'ISO']}",C_ANYTHING_ELSE_AVAILABLE,CAMERA_3,NONE,ok do you have any other cameras,S_INTRODUCES_CAMERA,CAMERA_2,,Let me show you this. Here we have the Sony Alpha a6000.,39~55
243,10,CAMERA_2,"['CAMERA_1', 'CAMERA_3', 'CAMERA_2']","{'CAMERA_1': ['sensor_size', 'price'], 'CAMERA_2': ['optical_zoom'], 'CAMERA_3': ['settings', 'ISO']}",C_QUESTION_ABOUT_FEATURE,CAMERA_2,optical_zoom,does it have optical zoom,S_NOT_SURE,CAMERA_2,,I'm not really sure about that,
243,11,CAMERA_2,"['CAMERA_1', 'CAMERA_3', 'CAMERA_2']","{'CAMERA_1': ['sensor_size', 'price'], 'CAMERA_2': ['optical_zoom', 'preset_modes'], 'CAMERA_3': ['settings', 'ISO']}",C_QUESTION_ABOUT_FEATURE,CAMERA_2,preset_modes,does it have preset modes,S_ANSWERS_QUESTION_ABOUT_FEATURE,CAMERA_2,preset_modes,"This one has 9 preset modes (e.g. beach, snow, night, portrait).",13~63
243,12,CAMERA_2,"['CAMERA_1', 'CAMERA_3', 'CAMERA_2']","{'CAMERA_1': ['sensor_size', 'price'], 'CAMERA_2': ['optical_zoom', 'preset_modes', 'color'], 'CAMERA_3': ['settings', 'ISO']}",C_SILENT_OR_BACKCHANNEL,CAMERA_2,NONE,alright,S_INTRODUCES_FEATURE,CAMERA_2,color,"This one comes in white, silver, black.",18~38
243,13,CAMERA_2,"['CAMERA_1', 'CAMERA_3', 'CAMERA_2']","{'CAMERA_1': ['sensor_size', 'price'], 'CAMERA_2': ['optical_zoom', 'preset_modes', 'color', 'effects'], 'CAMERA_3': ['settings', 'ISO']}",C_QUESTION_ABOUT_FEATURE,CAMERA_2,effects,does it have any effect modes,S_ANSWERS_QUESTION_ABOUT_FEATURE,CAMERA_2,effects,"This one has 13 artistic effect modes (e.g. toy camera, soft focus).",13~67
243,14,CAMERA_2,"['CAMERA_1', 'CAMERA_3', 'CAMERA_2']","{'CAMERA_1': ['sensor_size', 'price'], 'CAMERA_2': ['optical_zoom', 'preset_modes', 'color', 'effects', 'weight'], 'CAMERA_3': ['settings', 'ISO']}",C_QUESTION_ABOUT_FEATURE,CAMERA_2,weight,how much does this one weigh,S_ANSWERS_QUESTION_ABOUT_FEATURE,CAMERA_2,weight,This one weighs 470 grams.,16~25
243,15,CAMERA_2,"['CAMERA_1', 'CAMERA_3', 'CAMERA_2']","{'CAMERA_1': ['sensor_size', 'price'], 'CAMERA_2': ['optical_zoom', 'preset_modes', 'color', 'effects', 'weight', 'sensor_size'], 'CAMERA_3': ['settings', 'ISO']}",C_SILENT_OR_BACKCHANNEL,CAMERA_2,NONE,I see,S_INTRODUCES_FEATURE,CAMERA_2,sensor_size,This one has a APS-C sensor (crop sensor).,15~41
243,16,CAMERA_2,"['CAMERA_1', 'CAMERA_3', 'CAMERA_2']","{'CAMERA_1': ['sensor_size', 'price'], 'CAMERA_2': ['optical_zoom', 'preset_modes', 'color', 'effects', 'weight', 'sensor_size', 'autofocus_points'], 'CAMERA_3': ['settings', 'ISO']}",C_QUESTION_ABOUT_FEATURE,CAMERA_2,autofocus_points,how many autofocus points does it have,S_ANSWERS_QUESTION_ABOUT_FEATURE,CAMERA_2,autofocus_points,This one has 179 autofocus points.,13~33
243,17,CAMERA_2,"['CAMERA_1', 'CAMERA_3', 'CAMERA_2']","{'CAMERA_1': ['sensor_size', 'price'], 'CAMERA_2': ['optical_zoom', 'preset_modes', 'color', 'effects', 'weight', 'sensor_size', 'autofocus_points', 'settings'], 'CAMERA_3': ['settings', 'ISO']}",C_QUESTION_ABOUT_FEATURE,CAMERA_2,settings,what kind of settings does it have,S_ANSWERS_QUESTION_ABOUT_FEATURE,CAMERA_2,settings,This one has full manual control.,13~32
243,18,CAMERA_2,"['CAMERA_1', 'CAMERA_3', 'CAMERA_2']","{'CAMERA_1': ['sensor_size', 'price'], 'CAMERA_2': ['optical_zoom', 'preset_modes', 'color', 'effects', 'weight', 'sensor_size', 'autofocus_points', 'settings', 'ISO'], 'CAMERA_3': ['settings', 'ISO']}",C_QUESTION_ABOUT_FEATURE,CAMERA_2,ISO,what is the ISO,S_ANSWERS_QUESTION_ABOUT_FEATURE,CAMERA_2,ISO,This one has up to 3200 ISO with little noise.,13~45
243,19,CAMERA_2,"['CAMERA_1', 'CAMERA_3', 'CAMERA_2']","{'CAMERA_1': ['sensor_size', 'price'], 'CAMERA_2': ['optical_zoom', 'preset_modes', 'color', 'effects', 'weight', 'sensor_size', 'autofocus_points', 'settings', 'ISO', 'price'], 'CAMERA_3': ['settings', 'ISO']}",C_SILENT_OR_BACKCHANNEL,CAMERA_2,NONE,alright,S_INTRODUCES_FEATURE,CAMERA_2,price,This one costs $1341.,15~20
243,20,NONE,"['CAMERA_1', 'CAMERA_3', 'CAMERA_2']","{'CAMERA_1': ['sensor_size', 'price'], 'CAMERA_2': ['optical_zoom', 'preset_modes', 'color', 'effects', 'weight', 'sensor_size', 'autofocus_points', 'settings', 'ISO', 'price'], 'CAMERA_3': ['settings', 'ISO']}",C_THANK_YOU,CAMERA_2,NONE,thank you for your help,S_THANK_YOU,CAMERA_2,NONE,thank you very much,
243,21,NONE,"['CAMERA_1', 'CAMERA_3', 'CAMERA_2']","{'CAMERA_1': ['sensor_size', 'price'], 'CAMERA_2': ['optical_zoom', 'preset_modes', 'color', 'effects', 'weight', 'sensor_size', 'autofocus_points', 'settings', 'ISO', 'price'], 'CAMERA_3': ['settings', 'ISO']}",C_LEAVES,DOOR,NONE,,S_RETURNS_TO_COUNTER,SERVICE_COUNTER,NONE,,
244,1,NONE,[],"{'CAMERA_1': [], 'CAMERA_2': [], 'CAMERA_3': []}",C_ENTERS,DOOR,NONE,,S_NONE,SERVICE_COUNTER,NONE,,
244,2,NONE,[],"{'CAMERA_1': [], 'CAMERA_2': [], 'CAMERA_3': []}",C_GREETS,MIDDLE,NONE,hello,S_GREETS,MIDDLE,NONE,can I help you?,
244,3,CAMERA_2,['CAMERA_2'],"{'CAMERA_1': [], 'CAMERA_2': [], 'CAMERA_3': []}",C_LOOKING_FOR_A_CAMERA,MIDDLE,NONE,I'm looking for a camera,S_INTRODUCES_CAMERA,CAMERA_2,,Let me show you this. Here we have the Sony Alpha a6000.,39~55
244,4,CAMERA_2,['CAMERA_2'],"{'CAMERA_1': [], 'CAMERA_2': ['price'], 'CAMERA_3': []}",C_SILENT_OR_BACKCHANNEL,CAMERA_2,NONE,alright,S_INTRODUCES_FEATURE,CAMERA_2,price,This one costs $1341.,15~20
244,5,CAMERA_2,['CAMERA_2'],"{'CAMERA_1': [], 'CAMERA_2': ['price', 'settings'], 'CAMERA_3': []}",C_SILENT_OR_BACKCHANNEL,CAMERA_2,NONE,okay,S_INTRODUCES_FEATURE,CAMERA_2,settings,This one has full manual control.,13~32
244,6,CAMERA_2,['CAMERA_2'],"{'CAMERA_1': [], 'CAMERA_2': ['price', 'settings', 'color'], 'CAMERA_3': []}",C_SILENT_OR_BACKCHANNEL,CAMERA_2,NONE,I see,S_INTRODUCES_FEATURE,CAMERA_2,color,"This one comes in white, silver, black.",18~38
244,7,CAMERA_2,['CAMERA_2'],"{'CAMERA_1': [], 'CAMERA_2': ['price', 'settings', 'color', 'ISO'], 'CAMERA_3': []}",C_SILENT_OR_BACKCHANNEL,CAMERA_2,NONE,okay,S_INTRODUCES_FEATURE,CAMERA_2,ISO,This one has up to 3200 ISO with little noise.,13~45
244,8,NONE,['CAMERA_2'],"{'CAMERA_1': [], 'CAMERA_2': ['price', 'settings', 'color', 'ISO'], 'CAMERA_3': []}",C_THANK_YOU,CAMERA_2,NONE,thank you for your help,S_THANK_YOU,CAMERA_2,NONE,thank you very much,
244,9,NONE,['CAMERA_2'],"{'CAMERA_1': [], 'CAMERA_2': ['price', 'settings', 'color', 'ISO'], 'CAMERA_3': []}",C_LEAVES,DOOR,NONE,,S_RETURNS_TO_COUNTER,SERVICE_COUNTER,NONE,,
245,1,NONE,[],"{'CAMERA_1': [], 'CAMERA_2': [], 'CAMERA_3': []}",C_ENTERS,DOOR,NONE,,S_NONE,SERVICE_COUNTER,NONE,,
245,2,NONE,[],"{'CAMERA_1': [], 'CAMERA_2': [], 'CAMERA_3': []}",C_WALKS_TO_CAMERA,CAMERA_1,NONE,,S_GREETS,CAMERA_1,NONE,can I help you?,
245,3,CAMERA_1,['CAMERA_1'],"{'CAMERA_1': [], 'CAMERA_2': [], 'CAMERA_3': []}",C_LOOKING_FOR_A_CAMERA,CAMERA_1,NONE,I'm looking for a camera,S_INTRODUCES_CAMERA,CAMERA_1,,Let me show you this. Here we have the Nikon Coolpix S2800.,39~58
245,4,CAMERA_1,['CAMERA_1'],"{'CAMERA_1': ['optical_zoom'], 'CAMERA_2': [], 'CAMERA_3': []}",C_SILENT_OR_BACKCHANNEL,CAMERA_1,NONE,I see,S_INTRODUCES_FEATURE,CAMERA_1,optical_zoom,This one has 5x optical zoom.,13~28
245,5,CAMERA_3,"['CAMERA_1', 'CAMERA_3']","{'CAMERA_1': ['optical_zoom'], 'CAMERA_2': [], 'CAMERA_3': []}",C_ANYTHING_ELSE_AVAILABLE,CAMERA_1,NONE,ok do you have any other cameras,S_INTRODUCES_CAMERA,CAMERA_3,,Let me show you this. Here we have the Canon EOS 5D Mark III.,39~60
245,6,CAMERA_3,"['CAMERA_1', 'CAMERA_3']","{'CAMERA_1': ['optical_zoom'], 'CAMERA_2': [], 'CAMERA_3': ['settings']}",C_QUESTION_ABOUT_FEATURE,CAMERA_3,settings,what kind of settings does it have,S_ANSWERS_QUESTION_ABOUT_FEATURE,CAMERA_3,settings,This one has full manual control.,13~32
245,7,CAMERA_2,"['CAMERA_1', 'CAMERA_3', 'CAMERA_2']","{'CAMERA_1': ['optical_zoom'], 'CAMERA_2': [], 'CAMERA_3': ['settings']}",C_ANYTHING_ELSE_AVAILABLE,CAMERA_3,NONE,ok do you have any other cameras,S_INTRODUCES_CAMERA,CAMERA_2,,Let me show you this. Here we have the Sony Alpha a6000.,39~55
245,8,CAMERA_2,"['CAMERA_1', 'CAMERA_3', 'CAMERA_2']","{'CAMERA_1': ['optical_zoom'], 'CAMERA_2': ['color'], 'CAMERA_3': ['settings']}",C_SILENT_OR_BACKCHANNEL,CAMERA_2,NONE,okay,S_INTRODUCES_FEATURE,CAMERA_2,color,"This one comes in white, silver, black.",18~38
245,9,CAMERA_2,"['CAMERA_1', 'CAMERA_3', 'CAMERA_2']","{'CAMERA_1': ['optical_zoom'], 'CAMERA_2': ['color', 'camera_type'], 'CAMERA_3': ['settings']}",C_SILENT_OR_BACKCHANNEL,CAMERA_2,NONE,alright,S_INTRODUCES_FEATURE,CAMERA_2,camera_type,This is a mirrorless camera.,10~20
245,10,CAMERA_2,"['CAMERA_1', 'CAMERA_3', 'CAMERA_2']","{'CAMERA_1': ['optical_zoom'], 'CAMERA_2': ['color', 'camera_type', 'settings'], 'CAMERA_3': ['settings']}",C_SILENT_OR_BACKCHANNEL,CAMERA_2,NONE,alright,S_INTRODUCES_FEATURE,CAMERA_2,settings,This one has full manual control.,13~32
245,11,CAMERA_2,"['CAMERA_1', 'CAMERA_3', 'CAMERA_2']","{'CAMERA_1': ['optical_zoom'], 'CAMERA_2': ['color', 'camera_type', 'settings', 'sensor_size'], 'CAMERA_3': ['settings']}",C_SILENT_OR_BACKCHANNEL,CAMERA_2,NONE,alright,S_INTRODUCES_FEATURE,CAMERA_2,sensor_size,This one has a APS-C sensor (crop sensor).,15~41
245,12,,"['CAMERA_1', 'CAMERA_3', 'CAMERA_2']","{'CAMERA_1': ['optical_zoom'], 'CAMERA_2': ['color', 'camera_type', 'settings', 'sensor_size'], 'CAMERA_3': ['settings']}",C_ANYTHING_ELSE_AVAILABLE,CAMERA_2,NONE,ok do you have any other cameras,S_THATS_ALL_WE_HAVE_AVAILABLE,CAMERA_2,,That’s all we have available at the moment.,
245,13,NONE,"['CAMERA_1', 'CAMERA_3', 'CAMERA_2']","{'CAMERA_1': ['optical_zoom'], 'CAMERA_2': ['color', 'camera_type', 'settings', 'sensor_size'], 'CAMERA_3': ['settings']}",C_THANK_YOU,CAMERA_2,NONE,thank you for your help,S_THANK_YOU,CAMERA_2,NONE,thank you very much,
245,14,NONE,"['CAMERA_1', 'CAMERA_3', 'CAMERA_2']","{'CAMERA_1': ['optical_zoom'], 'CAMERA_2': ['color', 'camera_type', 'settings', 'sensor_size'], 'CAMERA_3': ['settings']}",C_LEAVES,DOOR,NONE,,S_RETURNS_TO_COUNTER,SERVICE_COUNTER,NONE,,
246,1,NONE,[],"{'CAMERA_1': [], 'CAMERA_2': [], 'CAMERA_3': []}",C_ENTERS,DOOR,NONE,,S_NONE,SERVICE_COUNTER,NONE,,
246,2,NONE,[],"{'CAMERA_1': [], 'CAMERA_2': [], 'CAMERA_3': []}",C_GREETS,MIDDLE,NONE,hello,S_GREETS,MIDDLE,NONE,can I help you?,
246,3,CAMERA_1,['CAMERA_1'],"{'CAMERA_1': [], 'CAMERA_2': [], 'CAMERA_3': []}",C_LOOKING_FOR_A_CAMERA,MIDDLE,NONE,I'm looking for a camera,S_INTRODUCES_CAMERA,CAMERA_1,,Let me show you this. Here we have the Nikon Coolpix S2800.,39~58
246,4,CAMERA_1,['CAMERA_1'],"{'CAMERA_1': ['camera_type'], 'CAMERA_2': [], 'CAMERA_3': []}",C_QUESTION_ABOUT_FEATURE,CAMERA_1,camera_type,what kind of camera is this,S_ANSWERS_QUESTION_ABOUT_FEATURE,CAMERA_1,camera_type,This is a point and shoot camera.,10~25
246,5,CAMERA_1,['CAMERA_1'],"{'CAMERA_1': ['camera_type', 'autofocus_points'], 'CAMERA_2': [], 'CAMERA_3': []}",C_QUESTION_ABOUT_FEATURE,CAMERA_1,autofocus_points,how many autofocus points does it have,S_NOT_SURE,CAMERA_1,,I'm not really sure about that,
246,6,CAMERA_1,['CAMERA_1'],"{'CAMERA_1': ['camera_type', 'autofocus_points', 'settings'], 'CAMERA_2': [], 'CAMERA_3': []}",C_SILENT_OR_BACKCHANNEL,CAMERA_1,NONE,alright,S_INTRODUCES_FEATURE,CAMERA_1,settings,This one has limited manual settings.,13~36
246,7,CAMERA_1,['CAMERA_1'],"{'CAMERA_1': ['camera_type', 'autofocus_points', 'settings', 'preset_modes'], 'CAMERA_2': [], 'CAMERA_3': []}",C_SILENT_OR_BACKCHANNEL,CAMERA_1,NONE,okay,S_INTRODUCES_FEATURE,CAMERA_1,preset_modes,"This one has 18 preset modes (e.g. beach, snow, night portrait).",13~63
246,8,CAMERA_1,['CAMERA_1'],"{'CAMERA_1': ['camera_type', 'autofocus_points', 'settings', 'preset_modes', 'effects'], 'CAMERA_2': [], 'CAMERA_3': []}",C_SILENT_OR_BACKCHANNEL,CAMERA_1,NONE,I see,S_INTRODUCES_FEATURE,CAMERA_1,effects,"This one has 12 glamor retouch effects (e.g. skin softening, small face, big eyes).",13~82
246,9,CAMERA_1,['CAMERA_1'],"{'CAMERA_1': ['camera_type', 'autofocus_points', 'settings', 'preset_modes', 'effects', 'resolution'], 'CAMERA_2': [], 'CAMERA_3': []}",C_QUESTION_ABOUT_FEATURE,CAMERA_1,resolution,what is the resolution,S_ANSWERS_QUESTION_ABOUT_FEATURE,CAMERA_1,resolution,This one has 20.1 megapixels resolution.,13~28
246,10,CAMERA_1,['CAMERA_1'],"{'CAMERA_1': ['camera_type', 'autofocus_points', 'settings', 'preset_modes', 'effects', 'resolution', 'optical_zoom'], 'CAMERA_2': [], 'CAMERA_3': []}",C_QUESTION_ABOUT_FEATURE,CAMERA_1,optical_zoom,does it have optical zoom,S_ANSWERS_QUESTION_ABOUT_FEATURE,CAMERA_1,optical_zoom,This one has 5x optical zoom.,13~28
246,11,CAMERA_1,['CAMERA_1'],"{'CAMERA_1': ['camera_type', 'autofocus_points', 'settings', 'preset_modes', 'effects', 'resolution', 'optical_zoom', 'price'], 'CAMERA_2': [], 'CAMERA_3': []}",C_SILENT_OR_BACKCHANNEL,CAMERA_1,NONE,I see,S_INTRODUCES_FEATURE,CAMERA_1,price,This one costs $2173.,15~20
246,12,CAMERA_1,['CAMERA_1'],"{'CAMERA_1': ['camera_type', 'autofocus_points', 'settings', 'preset_modes', 'effects', 'resolution', 'optical_zoom', 'price', 'ISO'], 'CAMERA_2': [], 'CAMERA_3': []}",C_QUESTION_ABOUT_FEATURE,CAMERA_1,ISO,what is the ISO,S_NOT_SURE,CAMERA_1,,I'm not really sure about that,
246,13,CAMERA_2,"['CAMERA_1', 'CAMERA_2']","{'CAMERA_1': ['camera_type', 'autofocus_points', 'settings', 'preset_modes', 'effects', 'resolution', 'optical_zoom', 'price', 'ISO'], 'CAMERA_2': [], 'CAMERA_3': []}",C_ANYTHING_ELSE_AVAILABLE,CAMERA_1,NONE,ok do you have any other cameras,S_INTRODUCES_CAMERA,CAMERA_2,,Let me show you this. Here we have the Sony Alpha a6000.,39~55
246,14,CAMERA_2,"['CAMERA_1', 'CAMERA_2']","{'CAMERA_1': ['camera_type', 'autofocus_points', 'settings', 'preset_modes', 'effects', 'resolution', 'optical_zoom', 'price', 'ISO'], 'CAMERA_2': ['long_exposure'], 'CAMERA_3': []}",C_QUESTION_ABOUT_FEATURE,CAMERA_2,long_exposure,can it take long exposure shots,S_ANSWERS_QUESTION_ABOUT_FEATURE,CAMERA_2,long_exposure,This one can take long exposures up to up to 30 seconds.,39~55
246,15,NONE,"['CAMERA_1', 'CAMERA_2']","{'CAMERA_1': ['camera_type', 'autofocus_points', 'settings', 'preset_modes', 'effects', 'resolution', 'optical_zoom', 'price', 'ISO'], 'CAMERA_2': ['long_exposure'], 'CAMERA_3': []}",C_THANK_YOU,CAMERA_2,NONE,thank you for your help,S_THANK_YOU,CAMERA_2,NONE,thank you very much,
246,16,NONE,"['CAMERA_1', 'CAMERA_2']","{'CAMERA_1': ['camera_type', 'autofocus_points', 'settings', 'preset_modes', 'effects', 'resolution', 'optical_zoom', 'price', 'ISO'], 'CAMERA_2': ['long_exposure'], 'CAMERA_3': []}",C_LEAVES,DOOR,NONE,,S_RETURNS_TO_COUNTER,SERVICE_COUNTER,NONE,,
247,1,NONE,[],"{'CAMERA_1': [], 'CAMERA_2': [], 'CAMERA_3': []}",C_ENTERS,DOOR,NONE,,S_NONE,SERVICE_COUNTER,NONE,,
247,2,NONE,[],"{'CAMERA_1': [], 'CAMERA_2': [], 'CAMERA_3': []}",C_WALKS_TO_CAMERA,CAMERA_2,NONE,,S_GREETS,CAMERA_2,NONE,can I help you?,
247,3,CAMERA_3,['CAMERA_3'],"{'CAMERA_1': [], 'CAMERA_2': [], 'CAMERA_3': []}",C_LOOKING_FOR_A_CAMERA,CAMERA_2,NONE,I'm looking for a camera,S_INTRODUCES_CAMERA,CAMERA_3,,Let me show you this. Here we have the Canon EOS 5D Mark III.,39~60
247,4,CAMERA_3,['CAMERA_3'],"{'CAMERA_1': [], 'CAMERA_2': [], 'CAMERA_3': ['autofocus_points']}",C_SILENT_OR_BACKCHANNEL,CAMERA_3,NONE,okay,S_INTRODUCES_FEATURE,CAMERA_3,autofocus_points,This one has 61 autofocus points.,13~32
247,5,CAMERA_3,['CAMERA_3'],"{'CAMERA_1': [], 'CAMERA_2': [], 'CAMERA_3': ['autofocus_points', 'price']}",C_SILENT_OR_BACKCHANNEL,CAMERA_3,NONE,alright,S_INTRODUCES_FEATURE,CAMERA_3,price,This one costs $3706.,15~20
247,6,CAMERA_3,['CAMERA_3'],"{'CAMERA_1': [], 'CAMERA_2': [], 'CAMERA_3': ['autofocus_points', 'price', 'preset_modes']}",C_QUESTION_ABOUT_FEATURE,CAMERA_3,preset_modes,does it have preset modes,S_NOT_SURE,CAMERA_3,,I'm not really sure about that,
247,7,CAMERA_3,['CAMERA_3'],"{'CAMERA_1': [], 'CAMERA_2': [], 'CAMERA_3': ['autofocus_points', 'price', 'preset_modes', 'weight']}",C_QUESTION_ABOUT_FEATURE,CAMERA_3,weight,how much does this one weigh,S_ANSWERS_QUESTION_ABOUT_FEATURE,CAMERA_3,weight,This one weighs 950 grams (only body).,16~37
247,8,CAMERA_1,"['CAMERA_3', 'CAMERA_1']","{'CAMERA_1': [], 'CAMERA_2': [], 'CAMERA_3': ['autofocus_points', 'price', 'preset_modes', 'weight']}",C_ANYTHING_ELSE_AVAILABLE,CAMERA_3,NONE,ok do you have any other cameras,S_INTRODUCES_CAMERA,CAMERA_1,,Let me show you this. Here we have the Nikon Coolpix S2800.,39~58
247,9,CAMERA_1,"['CAMERA_3', 'CAMERA_1']","{'CAMERA_1': ['ISO'], 'CAMERA_2': [], 'CAMERA_3': ['autofocus_points', 'price', 'preset_modes', 'weight']}",C_QUESTION_ABOUT_FEATURE,CAMERA_1,ISO,what is the ISO,S_NOT_SURE,CAMERA_1,,I'm not really sure about that,
247,10,CAMERA_1,"['CAMERA_3', 'CAMERA_1']","{'CAMERA_1': ['ISO', 'sensor_size'], 'CAMERA_2': [], 'CAMERA_3': ['autofocus_points', 'price', 'preset_modes', 'weight']}",C_QUESTION_ABOUT_FEATURE,CAMERA_1,sensor_size,what is the sensor size,S_NOT_SURE,CAMERA_1,,I'm not really sure about that,
247,11,NONE,"['CAMERA_3', 'CAMERA_1']","{'CAMERA_1': ['ISO', 'sensor_size'], 'CAMERA_2': [], 'CAMERA_3': ['autofocus_points', 'price', 'preset_modes', 'weight']}",C_THANK_YOU,CAMERA_1,NONE,thank you for your help,S_THANK_YOU,CAMERA_1,NONE,thank you very much,
247,12,NONE,"['CAMERA_3', 'CAMERA_1']","{'CAMERA_1': ['ISO', 'sensor_size'], 'CAMERA_2': [], 'CAMERA_3': ['autofocus_points', 'price', 'preset_modes', 'weight']}",C_LEAVES,DOOR,NONE,,S_RETURNS_TO_COUNTER,SERVICE_COUNTER,NONE,,
248,1,NONE,[],"{'CAMERA_1': [], 'CAMERA_2': [], 'CAMERA_3': []}",C_ENTERS,DOOR,NONE,,S_NONE,SERVICE_COUNTER,NONE,,
248,2,NONE,[],"{'CAMERA_1': [], 'CAMERA_2': [], 'CAMERA_3': []}",C_WALKS_TO_CAMERA,CAMERA_1,NONE,,S_GREETS,CAMERA_1,NONE,can I help you?,
248,3,CAMERA_2,['CAMERA_2'],"{'CAMERA_1': [], 'CAMERA_2': [], 'CAMERA_3': []}",C_LOOKING_FOR_A_CAMERA,CAMERA_1,NONE,I'm looking for a camera,S_INTRODUCES_CAMERA,CAMERA_2,,Let me show you this. Here we have the Sony Alpha a6000.,39~55
248,4,CAMERA_2,['CAMERA_2'],"{'CAMERA_1': [], 'CAMERA_2': ['settings'], 'CAMERA_3': []}",C_QUESTION_ABOUT_FEATURE,CAMERA_2,settings,what kind of settings does it have,S_ANSWERS_QUESTION_ABOUT_FEATURE,CAMERA_2,settings,This one has full manual control.,13~32
248,5,CAMERA_2,['CAMERA_2'],"{'CAMERA_1': [], 'CAMERA_2': ['settings', 'price'], 'CAMERA_3': []}",C_SILENT_OR_BACKCHANNEL,CAMERA_2,NONE,I see,S_INTRODUCES_FEATURE,CAMERA_2,price,This one costs $1341.,15~20
248,6,CAMERA_2,['CAMERA_2'],"{'CAMERA_1': [], 'CAMERA_2': ['settings', 'price', 'ISO'], 'CAMERA_3': []}",C_QUESTION_ABOUT_FEATURE,CAMERA_2,ISO,what is the ISO,S_ANSWERS_QUESTION_ABOUT_FEATURE,CAMERA_2,ISO,This one has up to 3200 ISO with little noise.,13~45
248,7,CAMERA_2,['CAMERA_2'],"{'CAMERA_1': [], 'CAMERA_2': ['settings', 'price', 'ISO', 'long_exposure'], 'CAMERA_3': []}",C_QUESTION_ABOUT_FEATURE,CAMERA_2,long_exposure,can it take long exposure shots,S_ANSWERS_QUESTION_ABOUT_FEATURE,CAMERA_2,long_exposure,This one can take long exposures up to up to 30 seconds.,39~55
248,8,CAMERA_2,['CAMERA_2'],"{'CAMERA_1': [], 'CAMERA_2': ['settings', 'price', 'ISO', 'long_exposure', 'sensor_size'], 'CAMERA_3': []}",C_QUESTION_ABOUT_FEATURE,CAMERA_2,sensor_size,what is the sensor size,S_ANSWERS_QUESTION_ABOUT_FEATURE,CAMERA_2,sensor_size,This one has a APS-C sensor (crop sensor).,15~41
248,9,NONE,['CAMERA_2'],"{'CAMERA_1': [], 'CAMERA_2': ['settings', 'price', 'ISO', 'long_exposure', 'sensor_size'], 'CAMERA_3': []}",C_THANK_YOU,CAMERA_2,NONE,thank you for your help,S_THANK_YOU,CAMERA_2,NONE,thank you very much,
248,10,NONE,['CAMERA_2'],"{'CAMERA_1': [], 'CAMERA_2': ['settings', 'price', 'ISO', 'long_exposure', 'sensor_size'], 'CAMERA_3': []}",C_LEAVES,DOOR,NONE,,S_RETURNS_TO_COUNTER,SERVICE_COUNTER,NONE,,
249,1,NONE,[],"{'CAMERA_1': [], 'CAMERA_2': [], 'CAMERA_3': []}",C_ENTERS,DOOR,NONE,,S_NONE,SERVICE_COUNTER,NONE,,
249,2,NONE,[],"{'CAMERA_1': [], 'CAMERA_2': [], 'CAMERA_3': []}",C_GREETS,MIDDLE,NONE,hello,S_GREETS,MIDDLE,NONE,can I help you?,
249,3,CAMERA_1,['CAMERA_1'],"{'CAMERA_1': [], 'CAMERA_2': [], 'CAMERA_3': []}",C_LOOKING_FOR_A_CAMERA,MIDDLE,NONE,I'm looking for a camera,S_INTRODUCES_CAMERA,CAMERA_1,,Let me show you this. Here we have the Nikon Coolpix S2800.,39~58
249,4,CAMERA_1,['CAMERA_1'],"{'CAMERA_1': ['long_exposure'], 'CAMERA_2': [], 'CAMERA_3': []}",C_QUESTION_ABOUT_FEATURE,CAMERA_1,long_exposure,can it take long exposure shots,S_NOT_SURE,CAMERA_1,,I'm not really sure about that,
249,5,CAMERA_1,['CAMERA_1'],"{'CAMERA_1': ['long_exposure', 'price'], 'CAMERA_2': [], 'CAMERA_3': []}",C_QUESTION_ABOUT_FEATURE,CAMERA_1,price,how much does it cost,S_ANSWERS_QUESTION_ABOUT_FEATURE,CAMERA_1,price,This one costs $2173.,15~20
249,6,CAMERA_1,['CAMERA_1'],"{'CAMERA_1': ['long_exposure', 'price', 'ISO'], 'CAMERA_2': [], 'CAMERA_3': []}",C_QUESTION_ABOUT_FEATURE,CAMERA_1,ISO,what is the ISO,S_NOT_SURE,CAMERA_1,,I'm not really sure about that,
249,7,CAMERA_1,['CAMERA_1'],"{'CAMERA_1': ['long_exposure', 'price', 'ISO', 'optical_zoom'], 'CAMERA_2': [], 'CAMERA_3': []}",C_QUESTION_ABOUT_FEATURE,CAMERA_1,optical_zoom,does it have optical zoom,S_ANSWERS_QUESTION_ABOUT_FEATURE,CAMERA_1,optical_zoom,This one has 5x optical zoom.,13~28
249,8,CAMERA_1,['CAMERA_1'],"{'CAMERA_1': ['long_exposure', 'price', 'ISO', 'optical_zoom', 'preset_modes'], 'CAMERA_2': [], 'CAMERA_3': []}",C_SILENT_OR_BACKCHANNEL,CAMERA_1,NONE,alright,S_INTRODUCES_FEATURE,CAMERA_1,preset_modes,"This one has 18 preset modes (e.g. beach, snow, night portrait).",13~63
249,9,CAMERA_1,['CAMERA_1'],"{'CAMERA_1': ['long_exposure', 'price', 'ISO', 'optical_zoom', 'preset_modes', 'settings'], 'CAMERA_2': [], 'CAMERA_3': []}",C_SILENT_OR_BACKCHANNEL,CAMERA_1,NONE,okay,S_INTRODUCES_FEATURE,CAMERA_1,settings,This one has limited manual settings.,13~36
249,10,CAMERA_1,['CAMERA_1'],"{'CAMERA_1': ['long_exposure', 'price', 'ISO', 'optical_zoom', 'preset_modes', 'settings', 'color'], 'CAMERA_2': [], 'CAMERA_3': []}",C_SILENT_OR_BACKCHANNEL,CAMERA_1,NONE,okay,S_INTRODUCES_FEATURE,CAMERA_1,color,"This one comes in purple, pink, black, silver, red.",18~50
249,11,CAMERA_1,['CAMERA_1'],"{'CAMERA_1': ['long_exposure', 'price', 'ISO', 'optical_zoom', 'preset_modes', 'settings', 'color', 'resolution'], 'CAMERA_2': [], 'CAMERA_3': []}",C_SILENT_OR_BACKCHANNEL,CAMERA_1,NONE,okay,S_INTRODUCES_FEATURE,CAMERA_1,resolution,This one has 20.1 megapixels resolution.,13~28
249,12,CAMERA_1,['CAMERA_1'],"{'CAMERA_1': ['long_exposure', 'price', 'ISO', 'optical_zoom', 'preset_modes', 'settings', 'color', 'resolution', 'weight'], 'CAMERA_2': [], 'CAMERA_3': []}",C_SILENT_OR_BACKCHANNEL,CAMERA_1,NONE,I see,S_INTRODUCES_FEATURE,CAMERA_1,weight,This one weighs 120 grams.,16~25
249,13,CAMERA_3,"['CAMERA_1', 'CAMERA_3']","{'CAMERA_1': ['long_exposure', 'price', 'ISO', 'optical_zoom', 'preset_modes', 'settings', 'color', 'resolution', 'weight'], 'CAMERA_2': [], 'CAMERA_3': []}",C_ANYTHING_ELSE_AVAILABLE,CAMERA_1,NONE,ok do you have any other cameras,S_INTRODUCES_CAMERA,CAMERA_3,,Let me show you this. Here we have the Canon EOS 5D Mark III.,39~60
249,14,CAMERA_3,"['CAMERA_1', 'CAMERA_3']","{'CAMERA_1': ['long_exposure', 'price', 'ISO', 'optical_zoom', 'preset_modes', 'settings', 'color', 'resolution', 'weight'], 'CAMERA_2': [], 'CAMERA_3': ['autofocus_points']}",C_QUESTION_ABOUT_FEATURE,CAMERA_3,autofocus_points,how many autofocus points does it have,S_ANSWERS_QUESTION_ABOUT_FEATURE,CAMERA_3,autofocus_points,This one has 61 autofocus points.,13~32
249,15,CAMERA_3,"['CAMERA_1', 'CAMERA_3']","{'CAMERA_1': ['long_exposure', 'price', 'ISO', 'optical_zoom', 'preset_modes', 'settings', 'color', 'resolution', 'weight'], 'CAMERA_2': [], 'CAMERA_3': ['autofocus_points', 'sensor_size']}",C_SILENT_OR_BACKCHANNEL,CAMERA_3,NONE,alright,S_INTRODUCES_FEATURE,CAMERA_3,sensor_size,This one has a full frame.,15~25
249,16,NONE,"['CAMERA_1', 'CAMERA_3']","{'CAMERA_1': ['long_exposure', 'price', 'ISO', 'optical_zoom', 'preset_modes', 'settings', 'color', 'resolution', 'weight'], 'CAMERA_2': [], 'CAMERA_3': ['autofocus_points', 'sensor_size']}",C_THANK_YOU,CAMERA_3,NONE,thank you for your help,S_THANK_YOU,CAMERA_3,NONE,thank you very much,
249,17,NONE,"['CAMERA_1', 'CAMERA_3']","{'CAMERA_1': ['long_exposure', 'price', 'ISO', 'optical_zoom', 'preset_modes', 'settings', 'color', 'resolution', 'weight'], 'CAMERA_2': [], 'CAMERA_3': ['autofocus_points', 'sensor_size']}",C_LEAVES,DOOR,NONE,,S_RETURNS_TO_COUNTER,SERVICE_COUNTER,NONE,,
250,1,NONE,[],"{'CAMERA_1': [], 'CAMERA_2': [], 'CAMERA_3': []}",C_ENTERS,DOOR,NONE,,S_NONE,SERVICE_COUNTER,NONE,,
250,2,NONE,[],"{'CAMERA_1': [], 'CAMERA_2': [], 'CAMERA_3': []}",C_GREETS,MIDDLE,NONE,hello,S_GREETS,MIDDLE,NONE,can I help you?,
250,3,CAMERA_2,['CAMERA_2'],"{'CAMERA_1': [], 'CAMERA_2': [], 'CAMERA_3': []}",C_LOOKING_FOR_A_CAMERA,MIDDLE,NONE,I'm looking for a camera,S_INTRODUCES_CAMERA,CAMERA_2,,Let me show you this. Here we have the Sony Alpha a6000.,39~55
250,4,CAMERA_2,['CAMERA_2'],"{'CAMERA_1': [], 'CAMERA_2': ['color'], 'CAMERA_3': []}",C_QUESTION_ABOUT_FEATURE,CAMERA_2,color,what colors does this one come in,S_ANSWERS_QUESTION_ABOUT_FEATURE,CAMERA_2,color,"This one comes in white, silver, black.",18~38
250,5,CAMERA_2,['CAMERA_2'],"{'CAMERA_1': [], 'CAMERA_2': ['color', 'resolution'], 'CAMERA_3': []}",C_QUESTION_ABOUT_FEATURE,CAMERA_2,resolution,what is the resolution,S_NOT_SURE,CAMERA_2,,I'm not really sure about that,
250,6,CAMERA_2,['CAMERA_2'],"{'CAMERA_1': [], 'CAMERA_2': ['color', 'resolution', 'ISO'], 'CAMERA_3': []}",C_QUESTION_ABOUT_FEATURE,CAMERA_2,ISO,what is the ISO,S_ANSWERS_QUESTION_ABOUT_FEATURE,CAMERA_2,ISO,This one has up to 3200 ISO with little noise.,13~45
250,7,CAMERA_1,"['CAMERA_2', 'CAMERA_1']","{'CAMERA_1': [], 'CAMERA_2': ['color', 'resolution', 'ISO'], 'CAMERA_3': []}",C_ANYTHING_ELSE_AVAILABLE,CAMERA_2,NONE,ok do you have any other cameras,S_INTRODUCES_CAMERA,CAMERA_1,,Let me show you this. Here we have the Nikon Coolpix S2800.,39~58
250,8,CAMERA_1,"['CAMERA_2', 'CAMERA_1']","{'CAMERA_1': ['effects'], 'CAMERA_2': ['color', 'resolution', 'ISO'], 'CAMERA_3': []}",C_SILENT_OR_BACKCHANNEL,CAMERA_1,NONE,alright,S_INTRODUCES_FEATURE,CAMERA_1,effects,"This one has 12 glamor retouch effects (e.g. skin softening, small face, big eyes).",13~82
250,9,CAMERA_1,"['CAMERA_2', 'CAMERA_1']","{'CAMERA_1': ['effects', 'preset_modes'], 'CAMERA_2': ['color', 'resolution', 'ISO'], 'CAMERA_3': []}",C_SILENT_OR_BACKCHANNEL,CAMERA_1,NONE,alright,S_INTRODUCES_FEATURE,CAMERA_1,preset_modes,"This one has 18 preset modes (e.g. beach, snow, night portrait).",13~63
250,10,CAMERA_1,"['CAMERA_2', 'CAMERA_1']","{'CAMERA_1': ['effects', 'preset_modes', 'color'], 'CAMERA_2': ['color', 'resolution', 'ISO'], 'CAMERA_3': []}",C_SILENT_OR_BACKCHANNEL,CAMERA_1,NONE,I see,S_INTRODUCES_FEATURE,CAMERA_1,color,"This one comes in purple, pink, black, silver, red.",18~50
250,11,CAMERA_1,"['CAMERA_2', 'CAMERA_1']","{'CAMERA_1': ['effects', 'preset_modes', 'color', 'price'], 'CAMERA_2': ['color', 'resolution', 'ISO'], 'CAMERA_3': []}",C_SILENT_OR_BACKCHANNEL,CAMERA_1,NONE,alright,S_INTRODUCES_FEATURE,CAMERA_1,price,This one costs $2173.,15~20
250,12,CAMERA_1,"['CAMERA_2', 'CAMERA_1']","{'CAMERA_1': ['effects', 'preset_modes', 'color', 'price', 'optical_zoom'], 'CAMERA_2': ['color', 'resolution', 'ISO'], 'CAMERA_3': []}",C_SILENT_OR_BACKCHANNEL,CAMERA_1,NONE,I see,S_INTRODUCES_FEATURE,CAMERA_1,optical_zoom,This one has 5x optical zoom.,13~28
250,13,CAMERA_1,"['CAMERA_2', 'CAMERA_1']","{'CAMERA_1': ['effects', 'preset_modes', 'color', 'price', 'optical_zoom', 'resolution'], 'CAMERA_2': ['color', 'resolution', 'ISO'], 'CAMERA_3': []}",C_SILENT_OR_BACKCHANNEL,CAMERA_1,NONE,alright,S_INTRODUCES_FEATURE,CAMERA_1,resolution,This one has 20.1 megapixels resolution.,13~28
250,14,CAMERA_1,"['CAMERA_2', 'CAMERA_1']","{'CAMERA_1': ['effects', 'preset_modes', 'color', 'price', 'optical_zoom', 'resolution', 'camera_type'], 'CAMERA_2': ['color', 'resolution', 'ISO'], 'CAMERA_3': []}",C_SILENT_OR_BACKCHANNEL,CAMERA_1,NONE,okay,S_INTRODUCES_FEATURE,CAMERA_1,camera_type,This is a point and shoot camera.,10~25
250,15,CAMERA_1,"['CAMERA_2', 'CAMERA_1']","{'CAMERA_1': ['effects', 'preset_modes', 'color', 'price', 'optical_zoom', 'resolution', 'camera_type', 'sensor_size'], 'CAMERA_2': ['color', 'resolution', 'ISO'], 'CAMERA_3': []}",C_QUESTION_ABOUT_FEATURE,CAMERA_1,sensor_size,what is the sensor size,S_NOT_SURE,CAMERA_1,,I'm not really sure about that,
250,16,CAMERA_3,"['CAMERA_2', 'CAMERA_1', 'CAMERA_3']","{'CAMERA_1': ['effects', 'preset_modes', 'color', 'price', 'optical_zoom', 'resolution', 'camera_type', 'sensor_size'], 'CAMERA_2': ['color', 'resolution', 'ISO'], 'CAMERA_3': []}",C_ANYTHING_ELSE_AVAILABLE,CAMERA_1,NONE,ok do you have any other cameras,S_INTRODUCES_CAMERA,CAMERA_3,,Let me show you this. Here we have the Canon EOS 5D Mark III.,39~60
250,17,CAMERA_3,"['CAMERA_2', 'CAMERA_1', 'CAMERA_3']","{'CAMERA_1': ['effects', 'preset_modes', 'color', 'price', 'optical_zoom', 'resolution', 'camera_type', 'sensor_size'], 'CAMERA_2': ['color', 'resolution', 'ISO'], 'CAMERA_3': ['color']}",C_SILENT_OR_BACKCHANNEL,CAMERA_3,NONE,alright,S_INTRODUCES_FEATURE,CAMERA_3,color,This one comes in black.,18~23
250,18,CAMERA_3,"['CAMERA_2', 'CAMERA_1', 'CAMERA_3']","{'CAMERA_1': ['effects', 'preset_modes', 'color', 'price', 'optical_zoom', 'resolution', 'camera_type', 'sensor_size'], 'CAMERA_2': ['color', 'resolution', 'ISO'], 'CAMERA_3': ['color', 'ISO']}",C_SILENT_OR_BACKCHANNEL,CAMERA_3,NONE,alright,S_INTRODUCES_FEATURE,CAMERA_3,ISO,This one has up to 6400 ISO with little noise.,13~45
250,19,CAMERA_3,"['CAMERA_2', 'CAMERA_1', 'CAMERA_3']","{'CAMERA_1': ['effects', 'preset_modes', 'color', 'price', 'optical_zoom', 'resolution', 'camera_type', 'sensor_size'], 'CAMERA_2': ['color', 'resolution', 'ISO'], 'CAMERA_3': ['color', 'ISO', 'resolution']}",C_QUESTION_ABOUT_FEATURE,CAMERA_3,resolution,what is the resolution,S_NOT_SURE,CAMERA_3,,I'm not really sure about that,
250,20,CAMERA_3,"['CAMERA_2', 'CAMERA_1', 'CAMERA_3']","{'CAMERA_1': ['effects', 'preset_modes', 'color', 'price', 'optical_zoom', 'resolution', 'camera_type', 'sensor_size'], 'CAMERA_2': ['color', 'resolution', 'ISO'], 'CAMERA_3': ['color', 'ISO', 'resolution', 'weight']}",C_QUESTION_ABOUT_FEATURE,CAMERA_3,weight,how much does this one weigh,S_ANSWERS_QUESTION_ABOUT_FEATURE,CAMERA_3,weight,This one weighs 950 grams (only body).,16~37
250,21,CAMERA_3,"['CAMERA_2', 'CAMERA_1', 'CAMERA_3']","{'CAMERA_1': ['effects', 'preset_modes', 'color', 'price', 'optical_zoom', 'resolution', 'camera_type', 'sensor_size'], 'CAMERA_2': ['color', 'resolution', 'ISO'], 'CAMERA_3': ['color', 'ISO', 'resolution', 'weight', 'camera_type']}",C_SILENT_OR_BACKCHANNEL,CAMERA_3,NONE,okay,S_INTRODUCES_FEATURE,CAMERA_3,camera_type,This is a DSLR camera.,10~14
250,22,CAMERA_3,"['CAMERA_2', 'CAMERA_1', 'CAMERA_3']","{'CAMERA_1': ['effects', 'preset_modes', 'color', 'price', 'optical_zoom', 'resolution', 'camera_type', 'sensor_size'], 'CAMERA_2': ['color', 'resolution', 'ISO'], 'CAMERA_3': ['color', 'ISO', 'resolution', 'weight', 'camera_type', 'autofocus_points']}",C_QUESTION_ABOUT_FEATURE,CAMERA_3,autofocus_points,how many autofocus points does it have,S_ANSWERS_QUESTION_ABOUT_FEATURE,CAMERA_3,autofocus_points,This one has 61 autofocus points.,13~32
250,23,,"['CAMERA_2', 'CAMERA_1', 'CAMERA_3']","{'CAMERA_1': ['effects', 'preset_modes', 'color', 'price', 'optical_zoom', 'resolution', 'camera_type', 'sensor_size'], 'CAMERA_2': ['color', 'resolution', 'ISO'], 'CAMERA_3': ['color', 'ISO', 'resolution', 'weight', 'camera_type', 'autofocus_points']}",C_ANYTHING_ELSE_AVAILABLE,CAMERA_3,NONE,ok do you have any other cameras,S_THATS_ALL_WE_HAVE_AVAILABLE,CAMERA_3,,That’s all we have available at the moment.,
250,24,NONE,"['CAMERA_2', 'CAMERA_1', 'CAMERA_3']","{'CAMERA_1': ['effects', 'preset_modes', 'color', 'price', 'optical_zoom', 'resolution', 'camera_type', 'sensor_size'], 'CAMERA_2': ['color', 'resolution', 'ISO'], 'CAMERA_3': ['color', 'ISO', 'resolution', 'weight', 'camera_type', 'autofocus_points']}",C_THANK_YOU,CAMERA_3,NONE,thank you for your help,S_THANK_YOU,CAMERA_3,NONE,thank you very much,
250,25,NONE,"['CAMERA_2', 'CAMERA_1', 'CAMERA_3']","{'CAMERA_1': ['effects', 'preset_modes', 'color', 'price', 'optical_zoom', 'resolution', 'camera_type', 'sensor_size'], 'CAMERA_2': ['color', 'resolution', 'ISO'], 'CAMERA_3': ['color', 'ISO', 'resolution', 'weight', 'camera_type', 'autofocus_points']}",C_LEAVES,DOOR,NONE,,S_RETURNS_TO_COUNTER,SERVICE_COUNTER,NONE,,
251,1,NONE,[],"{'CAMERA_1': [], 'CAMERA_2': [], 'CAMERA_3': []}",C_ENTERS,DOOR,NONE,,S_NONE,SERVICE_COUNTER,NONE,,
251,2,NONE,[],"{'CAMERA_1': [], 'CAMERA_2': [], 'CAMERA_3': []}",C_WALKS_TO_CAMERA,CAMERA_1,NONE,,S_GREETS,CAMERA_1,NONE,can I help you?,
251,3,CAMERA_2,['CAMERA_2'],"{'CAMERA_1': [], 'CAMERA_2': [], 'CAMERA_3': []}",C_LOOKING_FOR_A_CAMERA,CAMERA_1,NONE,I'm looking for a camera,S_INTRODUCES_CAMERA,CAMERA_2,,Let me show you this. Here we have the Sony Alpha a6000.,39~55
251,4,CAMERA_2,['CAMERA_2'],"{'CAMERA_1': [], 'CAMERA_2': ['price'], 'CAMERA_3': []}",C_SILENT_OR_BACKCHANNEL,CAMERA_2,NONE,okay,S_INTRODUCES_FEATURE,CAMERA_2,price,This one costs $1341.,15~20
251,5,CAMERA_2,['CAMERA_2'],"{'CAMERA_1': [], 'CAMERA_2': ['price', 'color'], 'CAMERA_3': []}",C_QUESTION_ABOUT_FEATURE,CAMERA_2,color,what colors does this one come in,S_ANSWERS_QUESTION_ABOUT_FEATURE,CAMERA_2,color,"This one comes in white, silver, black.",18~38
251,6,CAMERA_1,"['CAMERA_2', 'CAMERA_1']","{'CAMERA_1': [], 'CAMERA_2': ['price', 'color'], 'CAMERA_3': []}",C_ANYTHING_ELSE_AVAILABLE,CAMERA_2,NONE,ok do you have any other cameras,S_INTRODUCES_CAMERA,CAMERA_1,,Let me show you this. Here we have the Nikon Coolpix S2800.,39~58
251,7,CAMERA_1,"['CAMERA_2', 'CAMERA_1']","{'CAMERA_1': ['ISO'], 'CAMERA_2': ['price', 'color'], 'CAMERA_3': []}",C_QUESTION_ABOUT_FEATURE,CAMERA_1,ISO,what is the ISO,S_NOT_SURE,CAMERA_1,,I'm not really sure about that,
251,8,CAMERA_3,"['CAMERA_2', 'CAMERA_1', 'CAMERA_3']","{'CAMERA_1': ['ISO'], 'CAMERA_2': ['price', 'color'], 'CAMERA_3': []}",C_ANYTHING_ELSE_AVAILABLE,CAMERA_1,NONE,ok do you have any other cameras,S_INTRODUCES_CAMERA,CAMERA_3,,Let me show you this. Here we have the Canon EOS 5D Mark III.,39~60
251,9,CAMERA_3,"['CAMERA_2', 'CAMERA_1', 'CAMERA_3']","{'CAMERA_1': ['ISO'], 'CAMERA_2': ['price', 'color'], 'CAMERA_3': ['settings']}",C_QUESTION_ABOUT_FEATURE,CAMERA_3,settings,what kind of settings does it have,S_ANSWERS_QUESTION_ABOUT_FEATURE,CAMERA_3,settings,This one has full manual control.,13~32
251,10,CAMERA_3,"['CAMERA_2', 'CAMERA_1', 'CAMERA_3']","{'CAMERA_1': ['ISO'], 'CAMERA_2': ['price', 'color'], 'CAMERA_3': ['settings', 'ISO']}",C_QUESTION_ABOUT_FEATURE,CAMERA_3,ISO,what is the ISO,S_ANSWERS_QUESTION_ABOUT_FEATURE,CAMERA_3,ISO,This one has up to 6400 ISO with little noise.,13~45
251,11,CAMERA_3,"['CAMERA_2', 'CAMERA_1', 'CAMERA_3']","{'CAMERA_1': ['ISO'], 'CAMERA_2': ['price', 'color'], 'CAMERA_3': ['settings', 'ISO', 'sensor_size']}",C_SILENT_OR_BACKCHANNEL,CAMERA_3,NONE,alright,S_INTRODUCES_FEATURE,CAMERA_3,sensor_size,This one has a full frame.,15~25
251,12,CAMERA_3,"['CAMERA_2', 'CAMERA_1', 'CAMERA_3']","{'CAMERA_1': ['ISO'], 'CAMERA_2': ['price', 'color'], 'CAMERA_3': ['settings', 'ISO', 'sensor_size', 'price']}",C_SILENT_OR_BACKCHANNEL,CAMERA_3,NONE,I see,S_INTRODUCES_FEATURE,CAMERA_3,price,This one costs $3706.,15~20
251,13,CAMERA_3,"['CAMERA_2', 'CAMERA_1', 'CAMERA_3']","{'CAMERA_1': ['ISO'], 'CAMERA_2': ['price', 'color'], 'CAMERA_3': ['settings', 'ISO', 'sensor_size', 'price', 'camera_type']}",C_SILENT_OR_BACKCHANNEL,CAMERA_3,NONE,I see,S_INTRODUCES_FEATURE,CAMERA_3,camera_type,This is a DSLR camera.,10~14
251,14,CAMERA_3,"['CAMERA_2', 'CAMERA_1', 'CAMERA_3']","{'CAMERA_1': ['ISO'], 'CAMERA_2': ['price', 'color'], 'CAMERA_3': ['settings', 'ISO', 'sensor_size', 'price', 'camera_type', 'color']}",C_SILENT_OR_BACKCHANNEL,CAMERA_3,NONE,alright,S_INTRODUCES_FEATURE,CAMERA_3,color,This one comes in black.,18~23
251,15,CAMERA_3,"['CAMERA_2', 'CAMERA_1', 'CAMERA_3']","{'CAMERA_1': ['ISO'], 'CAMERA_2': ['price', 'color'], 'CAMERA_3': ['settings', 'ISO', 'sensor_size', 'price', 'camera_type', 'color', 'preset_modes']}",C_QUESTION_ABOUT_FEATURE,CAMERA_3,preset_modes,does it have preset modes,S_NOT_SURE,CAMERA_3,,I'm not really sure about that,
251,16,NONE,"['CAMERA_2', 'CAMERA_1', 'CAMERA_3']","{'CAMERA_1': ['ISO'], 'CAMERA_2': ['price', 'color'], 'CAMERA_3': ['settings', 'ISO', 'sensor_size', 'price', 'camera_type', 'color', 'preset_modes']}",C_THANK_YOU,CAMERA_3,NONE,thank you for your help,S_THANK_YOU,CAMERA_3,NONE,thank you very much,
251,17,NONE,"['CAMERA_2', 'CAMERA_1', 'CAMERA_3']","{'CAMERA_1': ['ISO'], 'CAMERA_2': ['price', 'color'], 'CAMERA_3': ['settings', 'ISO', 'sensor_size', 'price', 'camera_type', 'color', 'preset_modes']}",C_LEAVES,DOOR,NONE,,S_RETURNS_TO_COUNTER,SERVICE_COUNTER,NONE,,
252,1,NONE,[],"{'CAMERA_1': [], 'CAMERA_2': [], 'CAMERA_3': []}",C_ENTERS,DOOR,NONE,,S_NONE,SERVICE_COUNTER,NONE,,
252,2,NONE,[],"{'CAMERA_1': [], 'CAMERA_2': [], 'CAMERA_3': []}",C_GREETS,MIDDLE,NONE,hello,S_GREETS,MIDDLE,NONE,can I help you?,
252,3,CAMERA_1,['CAMERA_1'],"{'CAMERA_1': [], 'CAMERA_2': [], 'CAMERA_3': []}",C_LOOKING_FOR_A_CAMERA,MIDDLE,NONE,I'm looking for a camera,S_INTRODUCES_CAMERA,CAMERA_1,,Let me show you this. Here we have the Nikon Coolpix S2800.,39~58
252,4,CAMERA_1,['CAMERA_1'],"{'CAMERA_1': ['weight'], 'CAMERA_2': [], 'CAMERA_3': []}",C_QUESTION_ABOUT_FEATURE,CAMERA_1,weight,how much does this one weigh,S_ANSWERS_QUESTION_ABOUT_FEATURE,CAMERA_1,weight,This one weighs 120 grams.,16~25
252,5,CAMERA_1,['CAMERA_1'],"{'CAMERA_1': ['weight', 'resolution'], 'CAMERA_2': [], 'CAMERA_3': []}",C_QUESTION_ABOUT_FEATURE,CAMERA_1,resolution,what is the resolution,S_ANSWERS_QUESTION_ABOUT_FEATURE,CAMERA_1,resolution,This one has 20.1 megapixels resolution.,13~28
252,6,CAMERA_3,"['CAMERA_1', 'CAMERA_3']","{'CAMERA_1': ['weight', 'resolution'], 'CAMERA_2': [], 'CAMERA_3': []}",C_ANYTHING_ELSE_AVAILABLE,CAMERA_1,NONE,ok do you have any other cameras,S_INTRODUCES_CAMERA,CAMERA_3,,Let me show you this. Here we have the Canon EOS 5D Mark III.,39~60
252,7,CAMERA_3,"['CAMERA_1', 'CAMERA_3']","{'CAMERA_1': ['weight', 'resolution'], 'CAMERA_2': [], 'CAMERA_3': ['preset_modes']}",C_QUESTION_ABOUT_FEATURE,CAMERA_3,preset_modes,does it have preset modes,S_NOT_SURE,CAMERA_3,,I'm not really sure about that,
252,8,CAMERA_3,"['CAMERA_1', 'CAMERA_3']","{'CAMERA_1': ['weight', 'resolution'], 'CAMERA_2': [], 'CAMERA_3': ['preset_modes', 'settings']}",C_QUESTION_ABOUT_FEATURE,CAMERA_3,settings,what kind of settings does it have,S_ANSWERS_QUESTION_ABOUT_FEATURE,CAMERA_3,settings,This one has full manual control.,13~32
252,9,CAMERA_3,"['CAMERA_1', 'CAMERA_3']","{'CAMERA_1': ['weight', 'resolution'], 'CAMERA_2': [], 'CAMERA_3': ['preset_modes', 'settings', 'ISO']}",C_SILENT_OR_BACKCHANNEL,CAMERA_3,NONE,okay,S_INTRODUCES_FEATURE,CAMERA_3,ISO,This one has up to 6400 ISO with little noise.,13~45
252,10,NONE,"['CAMERA_1', 'CAMERA_3']","{'CAMERA_1': ['weight', 'resolution'], 'CAMERA_2': [], 'CAMERA_3': ['preset_modes', 'settings', 'ISO']}",C_THANK_YOU,CAMERA_3,NONE,thank you for your help,S_THANK_YOU,CAMERA_3,NONE,thank you very much,
252,11,NONE,"['CAMERA_1', 'CAMERA_3']","{'CAMERA_1': ['weight', 'resolution'], 'CAMERA_2': [], 'CAMERA_3': ['preset_modes', 'settings', 'ISO']}",C_LEAVES,DOOR,NONE,,S_RETURNS_TO_COUNTER,SERVICE_COUNTER,NONE,,
253,1,NONE,[],"{'CAMERA_1': [], 'CAMERA_2': [], 'CAMERA_3': []}",C_ENTERS,DOOR,NONE,,S_NONE,SERVICE_COUNTER,NONE,,
253,2,NONE,[],"{'CAMERA_1': [], 'CAMERA_2': [], 'CAMERA_3': []}",C_WALKS_TO_CAMERA,CAMERA_1,NONE,,S_GREETS,CAMERA_1,NONE,can I help you?,
253,3,CAMERA_2,['CAMERA_2'],"{'CAMERA_1': [], 'CAMERA_2': [], 'CAMERA_3': []}",C_LOOKING_FOR_A_CAMERA,CAMERA_1,NONE,I'm looking for a camera,S_INTRODUCES_CAMERA,CAMERA_2,,Let me show you this. Here we have the Sony Alpha a6000.,39~55
253,4,CAMERA_2,['CAMERA_2'],"{'CAMERA_1': [], 'CAMERA_2': ['camera_type'], 'CAMERA_3': []}",C_QUESTION_ABOUT_FEATURE,CAMERA_2,camera_type,what kind of camera is this,S_ANSWERS_QUESTION_ABOUT_FEATURE,CAMERA_2,camera_type,This is a mirrorless camera.,10~20
253,5,CAMERA_2,['CAMERA_2'],"{'CAMERA_1': [], 'CAMERA_2': ['camera_type', 'settings'], 'CAMERA_3': []}",C_QUESTION_ABOUT_FEATURE,CAMERA_2,settings,what kind of settings does it have,S_ANSWERS_QUESTION_ABOUT_FEATURE,CAMERA_2,settings,This one has full manual control.,13~32
253,6,CAMERA_1,"['CAMERA_2', 'CAMERA_1']","{'CAMERA_1': [], 'CAMERA_2': ['camera_type', 'settings'], 'CAMERA_3': []}",C_ANYTHING_ELSE_AVAILABLE,CAMERA_2,NONE,ok do you have any other cameras,S_INTRODUCES_CAMERA,CAMERA_1,,Let me show you this. Here we have the Nikon Coolpix S2800.,39~58
253,7,CAMERA_1,"['CAMERA_2', 'CAMERA_1']","{'CAMERA_1': ['camera_type'], 'CAMERA_2': ['camera_type', 'settings'], 'CAMERA_3': []}",C_QUESTION_ABOUT_FEATURE,CAMERA_1,camera_type,what kind of camera is this,S_ANSWERS_QUESTION_ABOUT_FEATURE,CAMERA_1,camera_type,This is a point and shoot camera.,10~25
253,8,CAMERA_1,"['CAMERA_2', 'CAMERA_1']","{'CAMERA_1': ['camera_type', 'price'], 'CAMERA_2': ['camera_type', 'settings'], 'CAMERA_3': []}",C_SILENT_OR_BACKCHANNEL,CAMERA_1,NONE,okay,S_INTRODUCES_FEATURE,CAMERA_1,price,This one costs $2173.,15~20
253,9,CAMERA_1,"['CAMERA_2', 'CAMERA_1']","{'CAMERA_1': ['camera_type', 'price', 'color'], 'CAMERA_2': ['camera_type', 'settings'], 'CAMERA_3': []}",C_QUESTION_ABOUT_FEATURE,CAMERA_1,color,what colors does this one come in,S_ANSWERS_QUESTION_ABOUT_FEATURE,CAMERA_1,color,"This one comes in purple, pink, black, silver, red.",18~50
253,10,CAMERA_1,"['CAMERA_2', 'CAMERA_1']","{'CAMERA_1': ['camera_type', 'price', 'color', 'weight'], 'CAMERA_2': ['camera_type', 'settings'], 'CAMERA_3': []}",C_QUESTION_ABOUT_FEATURE,CAMERA_1,weight,how much does this one weigh,S_ANSWERS_QUESTION_ABOUT_FEATURE,CAMERA_1,weight,This one weighs 120 grams.,16~25
253,11,CAMERA_1,"['CAMERA_2', 'CAMERA_1']","{'CAMERA_1': ['camera_type', 'price', 'color', 'weight', 'preset_modes'], 'CAMERA_2': ['camera_type', 'settings'], 'CAMERA_3': []}",C_SILENT_OR_BACKCHANNEL,CAMERA_1,NONE,I see,S_INTRODUCES_FEATURE,CAMERA_1,preset_modes,"This one has 18 preset modes (e.g. beach, snow, night portrait).",13~63
253,12,CAMERA_3,"['CAMERA_2', 'CAMERA_1', 'CAMERA_3']","{'CAMERA_1': ['camera_type', 'price', 'color', 'weight', 'preset_modes'], 'CAMERA_2': ['camera_type', 'settings'], 'CAMERA_3': []}",C_ANYTHING_ELSE_AVAILABLE,CAMERA_1,NONE,ok do you have any other cameras,S_INTRODUCES_CAMERA,CAMERA_3,,Let me show you this. Here we have the Canon EOS 5D Mark III.,39~60
253,13,CAMERA_3,"['CAMERA_2', 'CAMERA_1', 'CAMERA_3']","{'CAMERA_1': ['camera_type', 'price', 'color', 'weight', 'preset_modes'], 'CAMERA_2': ['camera_type', 'settings'], 'CAMERA_3': ['settings']}",C_QUESTION_ABOUT_FEATURE,CAMERA_3,settings,what kind of settings does it have,S_ANSWERS_QUESTION_ABOUT_FEATURE,CAMERA_3,settings,This one has full manual control.,13~32
253,14,NONE,"['CAMERA_2', 'CAMERA_1', 'CAMERA_3']","{'CAMERA_1': ['camera_type', 'price', 'color', 'weight', 'preset_modes'], 'CAMERA_2': ['camera_type', 'settings'], 'CAMERA_3': ['settings']}",C_THANK_YOU,CAMERA_3,NONE,thank you for your help,S_THANK_YOU,CAMERA_3,NONE,thank you very much,
253,15,NONE,"['CAMERA_2', 'CAMERA_1', 'CAMERA_3']","{'CAMERA_1': ['camera_type', 'price', 'color', 'weight', 'preset_modes'], 'CAMERA_2': ['camera_type', 'settings'], 'CAMERA_3': ['settings']}",C_LEAVES,DOOR,NONE,,S_RETURNS_TO_COUNTER,SERVICE_COUNTER,NONE,,
254,1,NONE,[],"{'CAMERA_1': [], 'CAMERA_2': [], 'CAMERA_3': []}",C_ENTERS,DOOR,NONE,,S_NONE,SERVICE_COUNTER,NONE,,
254,2,NONE,[],"{'CAMERA_1': [], 'CAMERA_2': [], 'CAMERA_3': []}",C_WALKS_TO_CAMERA,CAMERA_1,NONE,,S_GREETS,CAMERA_1,NONE,can I help you?,
254,3,CAMERA_2,['CAMERA_2'],"{'CAMERA_1': [], 'CAMERA_2': [], 'CAMERA_3': []}",C_LOOKING_FOR_A_CAMERA,CAMERA_1,NONE,I'm looking for a camera,S_INTRODUCES_CAMERA,CAMERA_2,,Let me show you this. Here we have the Sony Alpha a6000.,39~55
254,4,CAMERA_2,['CAMERA_2'],"{'CAMERA_1': [], 'CAMERA_2': ['settings'], 'CAMERA_3': []}",C_QUESTION_ABOUT_FEATURE,CAMERA_2,settings,what kind of settings does it have,S_ANSWERS_QUESTION_ABOUT_FEATURE,CAMERA_2,settings,This one has full manual control.,13~32
254,5,CAMERA_2,['CAMERA_2'],"{'CAMERA_1': [], 'CAMERA_2': ['settings', 'weight'], 'CAMERA_3': []}",C_SILENT_OR_BACKCHANNEL,CAMERA_2,NONE,okay,S_INTRODUCES_FEATURE,CAMERA_2,weight,This one weighs 470 grams.,16~25
254,6,CAMERA_2,['CAMERA_2'],"{'CAMERA_1': [], 'CAMERA_2': ['settings', 'weight', 'color'], 'CAMERA_3': []}",C_QUESTION_ABOUT_FEATURE,CAMERA_2,color,what colors does this one come in,S_ANSWERS_QUESTION_ABOUT_FEATURE,CAMERA_2,color,"This one comes in white, silver, black.",18~38
254,7,CAMERA_2,['CAMERA_2'],"{'CAMERA_1': [], 'CAMERA_2': ['settings', 'weight', 'color', 'autofocus_points'], 'CAMERA_3': []}",C_QUESTION_ABOUT_FEATURE,CAMERA_2,autofocus_points,how many autofocus points does it have,S_ANSWERS_QUESTION_ABOUT_FEATURE,CAMERA_2,autofocus_points,This one has 179 autofocus points.,13~33
254,8,CAMERA_2,['CAMERA_2'],"{'CAMERA_1': [], 'CAMERA_2': ['settings', 'weight', 'color', 'autofocus_points', 'long_exposure'], 'CAMERA_3': []}",C_QUESTION_ABOUT_FEATURE,CAMERA_2,long_exposure,can it take long exposure shots,S_ANSWERS_QUESTION_ABOUT_FEATURE,CAMERA_2,long_exposure,This one can take long exposures up to up to 30 seconds.,39~55
254,9,NONE,['CAMERA_2'],"{'CAMERA_1': [], 'CAMERA_2': ['settings', 'weight', 'color', 'autofocus_points', 'long_exposure'], 'CAMERA_3': []}",C_THANK_YOU,CAMERA_2,NONE,thank you for your help,S_THANK_YOU,CAMERA_2,NONE,thank you very much,
254,10,NONE,['CAMERA_2'],"{'CAMERA_1': [], 'CAMERA_2': ['settings', 'weight', 'color', 'autofocus_points', 'long_exposure'], 'CAMERA_3': []}",C_LEAVES,DOOR,NONE,,S_RETURNS_TO_COUNTER,SERVICE_COUNTER,NONE,,
255,1,NONE,[],"{'CAMERA_1': [], 'CAMERA_2': [], 'CAMERA_3': []}",C_ENTERS,DOOR,NONE,,S_NONE,SERVICE_COUNTER,NONE,,
255,2,NONE,[],"{'CAMERA_1': [], 'CAMERA_2': [], 'CAMERA_3': []}",C_WALKS_TO_CAMERA,CAMERA_2,NONE,,S_GREETS,CAMERA_2,NONE,can I help you?,
255,3,CAMERA_3,['CAMERA_3'],"{'CAMERA_1': [], 'CAMERA_2': [], 'CAMERA_3': []}",C_LOOKING_FOR_A_CAMERA,CAMERA_2,NONE,I'm looking for a camera,S_INTRODUCES_CAMERA,CAMERA_3,,Let me show you this. Here we have the Canon EOS 5D Mark III.,39~60
255,4,CAMERA_3,['CAMERA_3'],"{'CAMERA_1': [], 'CAMERA_2': [], 'CAMERA_3': ['long_exposure']}",C_QUESTION_ABOUT_FEATURE,CAMERA_3,long_exposure,can it take long exposure shots,S_ANSWERS_QUESTION_ABOUT_FEATURE,CAMERA_3,long_exposure,"This one can take long exposures up to up to 30 seconds, bulb mode: expose as long as you want.",39~94
255,5,CAMERA_3,['CAMERA_3'],"{'CAMERA_1': [], 'CAMERA_2': [], 'CAMERA_3': ['long_exposure', 'sensor_size']}",C_SILENT_OR_BACKCHANNEL,CAMERA_3,NONE,alright,S_INTRODUCES_FEATURE,CAMERA_3,sensor_size,This one has a full frame.,15~25
255,6,CAMERA_1,"['CAMERA_3', 'CAMERA_1']","{'CAMERA_1': [], 'CAMERA_2': [], 'CAMERA_3': ['long_exposure', 'sensor_size']}",C_ANYTHING_ELSE_AVAILABLE,CAMERA_3,NONE,ok do you have any other cameras,S_INTRODUCES_CAMERA,CAMERA_1,,Let me show you this. Here we have the Nikon Coolpix S2800.,39~58
255,7,CAMERA_1,"['CAMERA_3', 'CAMERA_1']","{'CAMERA_1': ['optical_zoom'], 'CAMERA_2': [], 'CAMERA_3': ['long_exposure', 'sensor_size']}",C_SILENT_OR_BACKCHANNEL,CAMERA_1,NONE,okay,S_INTRODUCES_FEATURE,CAMERA_1,optical_zoom,This one has 5x optical zoom.,13~28
255,8,CAMERA_1,"['CAMERA_3', 'CAMERA_1']","{'CAMERA_1': ['optical_zoom', 'price'], 'CAMERA_2': [], 'CAMERA_3': ['long_exposure', 'sensor_size']}",C_SILENT_OR_BACKCHANNEL,CAMERA_1,NONE,alright,S_INTRODUCES_FEATURE,CAMERA_1,price,This one costs $2173.,15~20
255,9,CAMERA_1,"['CAMERA_3', 'CAMERA_1']","{'CAMERA_1': ['optical_zoom', 'price', 'weight'], 'CAMERA_2': [], 'CAMERA_3': ['long_exposure', 'sensor_size']}",C_SILENT_OR_BACKCHANNEL,CAMERA_1,NONE,alright,S_INTRODUCES_FEATURE,CAMERA_1,weight,This one weighs 120 grams.,16~25
255,10,CAMERA_1,"['CAMERA_3', 'CAMERA_1']","{'CAMERA_1': ['optical_zoom', 'price', 'weight', 'color'], 'CAMERA_2': [], 'CAMERA_3': ['long_exposure', 'sensor_size']}",C_SILENT_OR_BACKCHANNEL,CAMERA_1,NONE,okay,S_INTRODUCES_FEATURE,CAMERA_1,color,"This one comes in purple, pink, black, silver, red.",18~50
255,11,CAMERA_2,"['CAMERA_3', 'CAMERA_1', 'CAMERA_2']","{'CAMERA_1': ['optical_zoom', 'price', 'weight', 'color'], 'CAMERA_2': [], 'CAMERA_3': ['long_exposure', 'sensor_size']}",C_ANYTHING_ELSE_AVAILABLE,CAMERA_1,NONE,ok do you have any other cameras,S_INTRODUCES_CAMERA,CAMERA_2,,Let me show you this. Here we have the Sony Alpha a6000.,39~55
255,12,CAMERA_2,"['CAMERA_3', 'CAMERA_1', 'CAMERA_2']","{'CAMERA_1': ['optical_zoom', 'price', 'weight', 'color'], 'CAMERA_2': ['camera_type'], 'CAMERA_3': ['long_exposure', 'sensor_size']}",C_SILENT_OR_BACKCHANNEL,CAMERA_2,NONE,okay,S_INTRODUCES_FEATURE,CAMERA_2,camera_type,This is a mirrorless camera.,10~20
255,13,NONE,"['CAMERA_3', 'CAMERA_1', 'CAMERA_2']","{'CAMERA_1': ['optical_zoom', 'price', 'weight', 'color'], 'CAMERA_2': ['camera_type'], 'CAMERA_3': ['long_exposure', 'sensor_size']}",C_THANK_YOU,CAMERA_2,NONE,thank you for your help,S_THANK_YOU,CAMERA_2,NONE,thank you very much,
255,14,NONE,"['CAMERA_3', 'CAMERA_1', 'CAMERA_2']","{'CAMERA_1': ['optical_zoom', 'price', 'weight', 'color'], 'CAMERA_2': ['camera_type'], 'CAMERA_3': ['long_exposure', 'sensor_size']}",C_LEAVES,DOOR,NONE,,S_RETURNS_TO_COUNTER,SERVICE_COUNTER,NONE,,
256,1,NONE,[],"{'CAMERA_1': [], 'CAMERA_2': [], 'CAMERA_3': []}",C_ENTERS,DOOR,NONE,,S_NONE,SERVICE_COUNTER,NONE,,
256,2,NONE,[],"{'CAMERA_1': [], 'CAMERA_2': [], 'CAMERA_3': []}",C_GREETS,MIDDLE,NONE,hello,S_GREETS,MIDDLE,NONE,can I help you?,
256,3,CAMERA_3,['CAMERA_3'],"{'CAMERA_1': [], 'CAMERA_2': [], 'CAMERA_3': []}",C_LOOKING_FOR_A_CAMERA,MIDDLE,NONE,I'm looking for a camera,S_INTRODUCES_CAMERA,CAMERA_3,,Let me show you this. Here we have the Canon EOS 5D Mark III.,39~60
256,4,CAMERA_3,['CAMERA_3'],"{'CAMERA_1': [], 'CAMERA_2': [], 'CAMERA_3': ['autofocus_points']}",C_QUESTION_ABOUT_FEATURE,CAMERA_3,autofocus_points,how many autofocus points does it have,S_ANSWERS_QUESTION_ABOUT_FEATURE,CAMERA_3,autofocus_points,This one has 61 autofocus points.,13~32
256,5,CAMERA_3,['CAMERA_3'],"{'CAMERA_1': [], 'CAMERA_2': [], 'CAMERA_3': ['autofocus_points', 'preset_modes']}",C_QUESTION_ABOUT_FEATURE,CAMERA_3,preset_modes,does it have preset modes,S_NOT_SURE,CAMERA_3,,I'm not really sure about that,
256,6,CAMERA_3,['CAMERA_3'],"{'CAMERA_1': [], 'CAMERA_2': [], 'CAMERA_3': ['autofocus_points', 'preset_modes', 'color']}",C_SILENT_OR_BACKCHANNEL,CAMERA_3,NONE,okay,S_INTRODUCES_FEATURE,CAMERA_3,color,This one comes in black.,18~23
256,7,CAMERA_3,['CAMERA_3'],"{'CAMERA_1': [], 'CAMERA_2': [], 'CAMERA_3': ['autofocus_points', 'preset_modes', 'color', 'weight']}",C_SILENT_OR_BACKCHANNEL,CAMERA_3,NONE,I see,S_INTRODUCES_FEATURE,CAMERA_3,weight,This one weighs 950 grams (only body).,16~37
256,8,NONE,['CAMERA_3'],"{'CAMERA_1': [], 'CAMERA_2': [], 'CAMERA_3': ['autofocus_points', 'preset_modes', 'color', 'weight']}",C_THANK_YOU,CAMERA_3,NONE,thank you for your help,S_THANK_YOU,CAMERA_3,NONE,thank you very much,
256,9,NONE,['CAMERA_3'],"{'CAMERA_1': [], 'CAMERA_2': [], 'CAMERA_3': ['autofocus_points', 'preset_modes', 'color', 'weight']}",C_LEAVES,DOOR,NONE,,S_RETURNS_TO_COUNTER,SERVICE_COUNTER,NONE,,
257,1,NONE,[],"{'CAMERA_1': [], 'CAMERA_2': [], 'CAMERA_3': []}",C_ENTERS,DOOR,NONE,,S_NONE,SERVICE_COUNTER,NONE,,
257,2,NONE,[],"{'CAMERA_1': [], 'CAMERA_2': [], 'CAMERA_3': []}",C_WALKS_TO_CAMERA,CAMERA_2,NONE,,S_GREETS,CAMERA_2,NONE,can I help you?,
257,3,CAMERA_3,['CAMERA_3'],"{'CAMERA_1': [], 'CAMERA_2': [], 'CAMERA_3': []}",C_LOOKING_FOR_A_CAMERA,CAMERA_2,NONE,I'm looking for a camera,S_INTRODUCES_CAMERA,CAMERA_3,,Let me show you this. Here we have the Canon EOS 5D Mark III.,39~60
257,4,CAMERA_3,['CAMERA_3'],"{'CAMERA_1': [], 'CAMERA_2': [], 'CAMERA_3': ['long_exposure']}",C_QUESTION_ABOUT_FEATURE,CAMERA_3,long_exposure,can it take long exposure shots,S_ANSWERS_QUESTION_ABOUT_FEATURE,CAMERA_3,long_exposure,"This one can take long exposures up to up to 30 seconds, bulb mode: expose as long as you want.",39~94
257,5,CAMERA_3,['CAMERA_3'],"{'CAMERA_1': [], 'CAMERA_2': [], 'CAMERA_3': ['long_exposure', 'settings']}",C_SILENT_OR_BACKCHANNEL,CAMERA_3,NONE,alright,S_INTRODUCES_FEATURE,CAMERA_3,settings,This one has full manual control.,13~32
257,6,CAMERA_3,['CAMERA_3'],"{'CAMERA_1': [], 'CAMERA_2': [], 'CAMERA_3': ['long_exposure', 'settings', 'ISO']}",C_QUESTION_ABOUT_FEATURE,CAMERA_3,ISO,what is the ISO,S_ANSWERS_QUESTION_ABOUT_FEATURE,CAMERA_3,ISO,This one has up to 6400 ISO with little noise.,13~45
257,7,CAMERA_3,['CAMERA_3'],"{'CAMERA_1': [], 'CAMERA_2': [], 'CAMERA_3': ['long_exposure', 'settings', 'ISO', 'sensor_size']}",C_SILENT_OR_BACKCHANNEL,CAMERA_3,NONE,I see,S_INTRODUCES_FEATURE,CAMERA_3,sensor_size,This one has a full frame.,15~25
257,8,CAMERA_3,['CAMERA_3'],"{'CAMERA_1': [], 'CAMERA_2': [], 'CAMERA_3': ['long_exposure', 'settings', 'ISO', 'sensor_size', 'effects']}",C_QUESTION_ABOUT_FEATURE,CAMERA_3,effects,does it have any effect modes,S_NOT_SURE,CAMERA_3,,I'm not really sure about that,
257,9,CAMERA_3,['CAMERA_3'],"{'CAMERA_1': [], 'CAMERA_2': [], 'CAMERA_3': ['long_exposure', 'settings', 'ISO', 'sensor_size', 'effects', 'optical_zoom']}",C_QUESTION_ABOUT_FEATURE,CAMERA_3,optical_zoom,does it have optical zoom,S_NOT_SURE,CAMERA_3,,I'm not really sure about that,
257,10,CAMERA_3,['CAMERA_3'],"{'CAMERA_1': [], 'CAMERA_2': [], 'CAMERA_3': ['long_exposure', 'settings', 'ISO', 'sensor_size', 'effects', 'optical_zoom', 'weight']}",C_QUESTION_ABOUT_FEATURE,CAMERA_3,weight,how much does this one weigh,S_ANSWERS_QUESTION_ABOUT_FEATURE,CAMERA_3,weight,This one weighs 950 grams (only body).,16~37
257,11,CAMERA_2,"['CAMERA_3', 'CAMERA_2']","{'CAMERA_1': [], 'CAMERA_2': [], 'CAMERA_3': ['long_exposure', 'settings', 'ISO', 'sensor_size', 'effects', 'optical_zoom', 'weight']}",C_ANYTHING_ELSE_AVAILABLE,CAMERA_3,NONE,ok do you have any other cameras,S_INTRODUCES_CAMERA,CAMERA_2,,Let me show you this. Here we have the Sony Alpha a6000.,39~55
257,12,CAMERA_2,"['CAMERA_3', 'CAMERA_2']","{'CAMERA_1': [], 'CAMERA_2': ['color'], 'CAMERA_3': ['long_exposure', 'settings', 'ISO', 'sensor_size', 'effects', 'optical_zoom', 'weight']}",C_QUESTION_ABOUT_FEATURE,CAMERA_2,color,what colors does this one come in,S_ANSWERS_QUESTION_ABOUT_FEATURE,CAMERA_2,color,"This one comes in white, silver, black.",18~38
257,13,CAMERA_2,"['CAMERA_3', 'CAMERA_2']","{'CAMERA_1': [], 'CAMERA_2': ['color', 'sensor_size'], 'CAMERA_3': ['long_exposure', 'settings', 'ISO', 'sensor_size', 'effects', 'optical_zoom', 'weight']}",C_SILENT_OR_BACKCHANNEL,CAMERA_2,NONE,I see,S_INTRODUCES_FEATURE,CAMERA_2,sensor_size,This one has a APS-C sensor (crop sensor).,15~41
257,14,CAMERA_2,"['CAMERA_3', 'CAMERA_2']","{'CAMERA_1': [], 'CAMERA_2': ['color', 'sensor_size', 'price'], 'CAMERA_3': ['long_exposure', 'settings', 'ISO', 'sensor_size', 'effects', 'optical_zoom', 'weight']}",C_QUESTION_ABOUT_FEATURE,CAMERA_2,price,how much does it cost,S_ANSWERS_QUESTION_ABOUT_FEATURE,CAMERA_2,price,This one costs $1341.,15~20
257,15,CAMERA_2,"['CAMERA_3', 'CAMERA_2']","{'CAMERA_1': [], 'CAMERA_2': ['color', 'sensor_size', 'price', 'optical_zoom'], 'CAMERA_3': ['long_exposure', 'settings', 'ISO', 'sensor_size', 'effects', 'optical_zoom', 'weight']}",C_QUESTION_ABOUT_FEATURE,CAMERA_2,optical_zoom,does it have optical zoom,S_NOT_SURE,CAMERA_2,,I'm not really sure about that,
257,16,CAMERA_2,"['CAMERA_3', 'CAMERA_2']","{'CAMERA_1': [], 'CAMERA_2': ['color', 'sensor_size', 'price', 'optical_zoom', 'resolution'], 'CAMERA_3': ['long_exposure', 'settings', 'ISO', 'sensor_size', 'effects', 'optical_zoom', 'weight']}",C_QUESTION_ABOUT_FEATURE,CAMERA_2,resolution,what is the resolution,S_NOT_SURE,CAMERA_2,,I'm not really sure about that,
257,17,CAMERA_2,"['CAMERA_3', 'CAMERA_2']","{'CAMERA_1': [], 'CAMERA_2': ['color', 'sensor_size', 'price', 'optical_zoom', 'resolution', 'weight'], 'CAMERA_3': ['long_exposure', 'settings', 'ISO', 'sensor_size', 'effects', 'optical_zoom', 'weight']}",C_QUESTION_ABOUT_FEATURE,CAMERA_2,weight,how much does this one weigh,S_ANSWERS_QUESTION_ABOUT_FEATURE,CAMERA_2,weight,This one weighs 470 grams.,16~25
257,18,CAMERA_2,"['CAMERA_3', 'CAMERA_2']","{'CAMERA_1': [], 'CAMERA_2': ['color', 'sensor_size', 'price', 'optical_zoom', 'resolution', 'weight', 'ISO'], 'CAMERA_3': ['long_exposure', 'settings', 'ISO', 'sensor_size', 'effects', 'optical_zoom', 'weight']}",C_QUESTION_ABOUT_FEATURE,CAMERA_2,ISO,what is the ISO,S_ANSWERS_QUESTION_ABOUT_FEATURE,CAMERA_2,ISO,This one has up to 3200 ISO with little noise.,13~45
257,19,CAMERA_2,"['CAMERA_3', 'CAMERA_2']","{'CAMERA_1': [], 'CAMERA_2': ['color', 'sensor_size', 'price', 'optical_zoom', 'resolution', 'weight', 'ISO', 'effects'], 'CAMERA_3': ['long_exposure', 'settings', 'ISO', 'sensor_size', 'effects', 'optical_zoom', 'weight']}",C_QUESTION_ABOUT_FEATURE,CAMERA_2,effects,does it have any effect modes,S_ANSWERS_QUESTION_ABOUT_FEATURE,CAMERA_2,effects,"This one has 13 artistic effect modes (e.g. toy camera, soft focus).",13~67
257,20,NONE,"['CAMERA_3', 'CAMERA_2']","{'CAMERA_1': [], 'CAMERA_2': ['color', 'sensor_size', 'price', 'optical_zoom', 'resolution', 'weight', 'ISO', 'effects'], 'CAMERA_3': ['long_exposure', 'settings', 'ISO', 'sensor_size', 'effects', 'optical_zoom', 'weight']}",C_THANK_YOU,CAMERA_2,NONE,thank you for your help,S_THANK_YOU,CAMERA_2,NONE,thank you very much,
257,21,NONE,"['CAMERA_3', 'CAMERA_2']","{'CAMERA_1': [], 'CAMERA_2': ['color', 'sensor_size', 'price', 'optical_zoom', 'resolution', 'weight', 'ISO', 'effects'], 'CAMERA_3': ['long_exposure', 'settings', 'ISO', 'sensor_size', 'effects', 'optical_zoom', 'weight']}",C_LEAVES,DOOR,NONE,,S_RETURNS_TO_COUNTER,SERVICE_COUNTER,NONE,,
258,1,NONE,[],"{'CAMERA_1': [], 'CAMERA_2': [], 'CAMERA_3': []}",C_ENTERS,DOOR,NONE,,S_NONE,SERVICE_COUNTER,NONE,,
258,2,NONE,[],"{'CAMERA_1': [], 'CAMERA_2': [], 'CAMERA_3': []}",C_GREETS,MIDDLE,NONE,hello,S_GREETS,MIDDLE,NONE,can I help you?,
258,3,CAMERA_2,['CAMERA_2'],"{'CAMERA_1': [], 'CAMERA_2': [], 'CAMERA_3': []}",C_LOOKING_FOR_A_CAMERA,MIDDLE,NONE,I'm looking for a camera,S_INTRODUCES_CAMERA,CAMERA_2,,Let me show you this. Here we have the Sony Alpha a6000.,39~55
258,4,CAMERA_2,['CAMERA_2'],"{'CAMERA_1': [], 'CAMERA_2': ['camera_type'], 'CAMERA_3': []}",C_QUESTION_ABOUT_FEATURE,CAMERA_2,camera_type,what kind of camera is this,S_ANSWERS_QUESTION_ABOUT_FEATURE,CAMERA_2,camera_type,This is a mirrorless camera.,10~20
258,5,CAMERA_2,['CAMERA_2'],"{'CAMERA_1': [], 'CAMERA_2': ['camera_type', 'settings'], 'CAMERA_3': []}",C_SILENT_OR_BACKCHANNEL,CAMERA_2,NONE,I see,S_INTRODUCES_FEATURE,CAMERA_2,settings,This one has full manual control.,13~32
258,6,CAMERA_2,['CAMERA_2'],"{'CAMERA_1': [], 'CAMERA_2': ['camera_type', 'settings', 'optical_zoom'], 'CAMERA_3': []}",C_QUESTION_ABOUT_FEATURE,CAMERA_2,optical_zoom,does it have optical zoom,S_NOT_SURE,CAMERA_2,,I'm not really sure about that,
258,7,CAMERA_3,"['CAMERA_2', 'CAMERA_3']","{'CAMERA_1': [], 'CAMERA_2': ['camera_type', 'settings', 'optical_zoom'], 'CAMERA_3': []}",C_ANYTHING_ELSE_AVAILABLE,CAMERA_2,NONE,ok do you have any other cameras,S_INTRODUCES_CAMERA,CAMERA_3,,Let me show you this. Here we have the Canon EOS 5D Mark III.,39~60
258,8,CAMERA_3,"['CAMERA_2', 'CAMERA_3']","{'CAMERA_1': [], 'CAMERA_2': ['camera_type', 'settings', 'optical_zoom'], 'CAMERA_3': ['resolution']}",C_QUESTION_ABOUT_FEATURE,CAMERA_3,resolution,what is the resolution,S_NOT_SURE,CAMERA_3,,I'm not really sure about that,
258,9,CAMERA_3,"['CAMERA_2', 'CAMERA_3']","{'CAMERA_1': [], 'CAMERA_2': ['camera_type', 'settings', 'optical_zoom'], 'CAMERA_3': ['resolution', 'autofocus_points']}",C_QUESTION_ABOUT_FEATURE,CAMERA_3,autofocus_points,how many autofocus points does it have,S_ANSWERS_QUESTION_ABOUT_FEATURE,CAMERA_3,autofocus_points,This one has 61 autofocus points.,13~32
258,10,CAMERA_3,"['CAMERA_2', 'CAMERA_3']","{'CAMERA_1': [], 'CAMERA_2': ['camera_type', 'settings', 'optical_zoom'], 'CAMERA_3': ['resolution', 'autofocus_points', 'camera_type']}",C_QUESTION_ABOUT_FEATURE,CAMERA_3,camera_type,what kind of camera is this,S_ANSWERS_QUESTION_ABOUT_FEATURE,CAMERA_3,camera_type,This is a DSLR camera.,10~14
258,11,CAMERA_3,"['CAMERA_2', 'CAMERA_3']","{'CAMERA_1': [], 'CAMERA_2': ['camera_type', 'settings', 'optical_zoom'], 'CAMERA_3': ['resolution', 'autofocus_points', 'camera_type', 'sensor_size']}",C_SILENT_OR_BACKCHANNEL,CAMERA_3,NONE,okay,S_INTRODUCES_FEATURE,CAMERA_3,sensor_size,This one has a full frame.,15~25
258,12,CAMERA_3,"['CAMERA_2', 'CAMERA_3']","{'CAMERA_1': [], 'CAMERA_2': ['camera_type', 'settings', 'optical_zoom'], 'CAMERA_3': ['resolution', 'autofocus_points', 'camera_type', 'sensor_size', 'optical_zoom']}",C_QUESTION_ABOUT_FEATURE,CAMERA_3,optical_zoom,does it have optical zoom,S_NOT_SURE,CAMERA_3,,I'm not really sure about that,
258,13,CAMERA_3,"['CAMERA_2', 'CAMERA_3']","{'CAMERA_1': [], 'CAMERA_2': ['camera_type', 'settings', 'optical_zoom'], 'CAMERA_3': ['resolution', 'autofocus_points', 'camera_type', 'sensor_size', 'optical_zoom', 'color']}",C_SILENT_OR_BACKCHANNEL,CAMERA_3,NONE,I see,S_INTRODUCES_FEATURE,CAMERA_3,color,This one comes in black.,18~23
258,14,CAMERA_3,"['CAMERA_2', 'CAMERA_3']","{'CAMERA_1': [], 'CAMERA_2': ['camera_type', 'settings', 'optical_zoom'], 'CAMERA_3': ['resolution', 'autofocus_points', 'camera_type', 'sensor_size', 'optical_zoom', 'color', 'long_exposure']}",C_SILENT_OR_BACKCHANNEL,CAMERA_3,NONE,alright,S_INTRODUCES_FEATURE,CAMERA_3,long_exposure,"This one can take long exposures up to up to 30 seconds, bulb mode: expose as long as you want.",39~94
258,15,NONE,"['CAMERA_2', 'CAMERA_3']","{'CAMERA_1': [], 'CAMERA_2': ['camera_type', 'settings', 'optical_zoom'], 'CAMERA_3': ['resolution', 'autofocus_points', 'camera_type', 'sensor_size', 'optical_zoom', 'color', 'long_exposure']}",C_THANK_YOU,CAMERA_3,NONE,thank you for your help,S_THANK_YOU,CAMERA_3,NONE,thank you very much,
258,16,NONE,"['CAMERA_2', 'CAMERA_3']","{'CAMERA_1': [], 'CAMERA_2': ['camera_type', 'settings', 'optical_zoom'], 'CAMERA_3': ['resolution', 'autofocus_points', 'camera_type', 'sensor_size', 'optical_zoom', 'color', 'long_exposure']}",C_LEAVES,DOOR,NONE,,S_RETURNS_TO_COUNTER,SERVICE_COUNTER,NONE,,
259,1,NONE,[],"{'CAMERA_1': [], 'CAMERA_2': [], 'CAMERA_3': []}",C_ENTERS,DOOR,NONE,,S_NONE,SERVICE_COUNTER,NONE,,
259,2,NONE,[],"{'CAMERA_1': [], 'CAMERA_2': [], 'CAMERA_3': []}",C_WALKS_TO_CAMERA,CAMERA_2,NONE,,S_NONE,SERVICE_COUNTER,NONE,,
259,3,CAMERA_2,['CAMERA_2'],"{'CAMERA_1': [], 'CAMERA_2': ['effects'], 'CAMERA_3': []}",C_QUESTION_ABOUT_FEATURE,CAMERA_2,effects,does it have any effect modes,S_ANSWERS_QUESTION_ABOUT_FEATURE,CAMERA_2,effects,"This one has 13 artistic effect modes (e.g. toy camera, soft focus).",13~67
259,4,CAMERA_2,['CAMERA_2'],"{'CAMERA_1': [], 'CAMERA_2': ['effects', 'price'], 'CAMERA_3': []}",C_SILENT_OR_BACKCHANNEL,CAMERA_2,NONE,I see,S_INTRODUCES_FEATURE,CAMERA_2,price,This one costs $1341.,15~20
259,5,CAMERA_2,['CAMERA_2'],"{'CAMERA_1': [], 'CAMERA_2': ['effects', 'price', 'autofocus_points'], 'CAMERA_3': []}",C_SILENT_OR_BACKCHANNEL,CAMERA_2,NONE,I see,S_INTRODUCES_FEATURE,CAMERA_2,autofocus_points,This one has 179 autofocus points.,13~33
259,6,NONE,['CAMERA_2'],"{'CAMERA_1': [], 'CAMERA_2': ['effects', 'price', 'autofocus_points'], 'CAMERA_3': []}",C_THANK_YOU,CAMERA_2,NONE,thank you for your help,S_THANK_YOU,CAMERA_2,NONE,thank you very much,
259,7,NONE,['CAMERA_2'],"{'CAMERA_1': [], 'CAMERA_2': ['effects', 'price', 'autofocus_points'], 'CAMERA_3': []}",C_LEAVES,DOOR,NONE,,S_RETURNS_TO_COUNTER,SERVICE_COUNTER,NONE,,
260,1,NONE,[],"{'CAMERA_1': [], 'CAMERA_2': [], 'CAMERA_3': []}",C_ENTERS,DOOR,NONE,,S_NONE,SERVICE_COUNTER,NONE,,
260,2,NONE,[],"{'CAMERA_1': [], 'CAMERA_2': [], 'CAMERA_3': []}",C_GREETS,MIDDLE,NONE,hello,S_GREETS,MIDDLE,NONE,can I help you?,
260,3,CAMERA_2,['CAMERA_2'],"{'CAMERA_1': [], 'CAMERA_2': [], 'CAMERA_3': []}",C_LOOKING_FOR_A_CAMERA,MIDDLE,NONE,I'm looking for a camera,S_INTRODUCES_CAMERA,CAMERA_2,,Let me show you this. Here we have the Sony Alpha a6000.,39~55
260,4,CAMERA_2,['CAMERA_2'],"{'CAMERA_1': [], 'CAMERA_2': ['effects'], 'CAMERA_3': []}",C_SILENT_OR_BACKCHANNEL,CAMERA_2,NONE,okay,S_INTRODUCES_FEATURE,CAMERA_2,effects,"This one has 13 artistic effect modes (e.g. toy camera, soft focus).",13~67
260,5,CAMERA_2,['CAMERA_2'],"{'CAMERA_1': [], 'CAMERA_2': ['effects', 'preset_modes'], 'CAMERA_3': []}",C_QUESTION_ABOUT_FEATURE,CAMERA_2,preset_modes,does it have preset modes,S_ANSWERS_QUESTION_ABOUT_FEATURE,CAMERA_2,preset_modes,"This one has 9 preset modes (e.g. beach, snow, night, portrait).",13~63
260,6,CAMERA_2,['CAMERA_2'],"{'CAMERA_1': [], 'CAMERA_2': ['effects', 'preset_modes', 'camera_type'], 'CAMERA_3': []}",C_QUESTION_ABOUT_FEATURE,CAMERA_2,camera_type,what kind of camera is this,S_ANSWERS_QUESTION_ABOUT_FEATURE,CAMERA_2,camera_type,This is a mirrorless camera.,10~20
260,7,CAMERA_2,['CAMERA_2'],"{'CAMERA_1': [], 'CAMERA_2': ['effects', 'preset_modes', 'camera_type', 'sensor_size'], 'CAMERA_3': []}",C_QUESTION_ABOUT_FEATURE,CAMERA_2,sensor_size,what is the sensor size,S_ANSWERS_QUESTION_ABOUT_FEATURE,CAMERA_2,sensor_size,This one has a APS-C sensor (crop sensor).,15~41
260,8,CAMERA_2,['CAMERA_2'],"{'CAMERA_1': [], 'CAMERA_2': ['effects', 'preset_modes', 'camera_type', 'sensor_size', 'ISO'], 'CAMERA_3': []}",C_QUESTION_ABOUT_FEATURE,CAMERA_2,ISO,what is the ISO,S_ANSWERS_QUESTION_ABOUT_FEATURE,CAMERA_2,ISO,This one has up to 3200 ISO with little noise.,13~45
260,9,NONE,['CAMERA_2'],"{'CAMERA_1': [], 'CAMERA_2': ['effects', 'preset_modes', 'camera_type', 'sensor_size', 'ISO'], 'CAMERA_3': []}",C_THANK_YOU,CAMERA_2,NONE,thank you for your help,S_THANK_YOU,CAMERA_2,NONE,thank you very much,
260,10,NONE,['CAMERA_2'],"{'CAMERA_1': [], 'CAMERA_2': ['effects', 'preset_modes', 'camera_type', 'sensor_size', 'ISO'], 'CAMERA_3': []}",C_LEAVES,DOOR,NONE,,S_RETURNS_TO_COUNTER,SERVICE_COUNTER,NONE,,
261,1,NONE,[],"{'CAMERA_1': [], 'CAMERA_2': [], 'CAMERA_3': []}",C_ENTERS,DOOR,NONE,,S_NONE,SERVICE_COUNTER,NONE,,
261,2,NONE,[],"{'CAMERA_1': [], 'CAMERA_2': [], 'CAMERA_3': []}",C_WALKS_TO_CAMERA,CAMERA_3,NONE,,S_GREETS,CAMERA_3,NONE,can I help you?,
261,3,CAMERA_2,['CAMERA_2'],"{'CAMERA_1': [], 'CAMERA_2': [], 'CAMERA_3': []}",C_LOOKING_FOR_A_CAMERA,CAMERA_3,NONE,I'm looking for a camera,S_INTRODUCES_CAMERA,CAMERA_2,,Let me show you this. Here we have the Sony Alpha a6000.,39~55
261,4,CAMERA_2,['CAMERA_2'],"{'CAMERA_1': [], 'CAMERA_2': ['effects'], 'CAMERA_3': []}",C_QUESTION_ABOUT_FEATURE,CAMERA_2,effects,does it have any effect modes,S_ANSWERS_QUESTION_ABOUT_FEATURE,CAMERA_2,effects,"This one has 13 artistic effect modes (e.g. toy camera, soft focus).",13~67
261,5,CAMERA_2,['CAMERA_2'],"{'CAMERA_1': [], 'CAMERA_2': ['effects', 'weight'], 'CAMERA_3': []}",C_QUESTION_ABOUT_FEATURE,CAMERA_2,weight,how much does this one weigh,S_ANSWERS_QUESTION_ABOUT_FEATURE,CAMERA_2,weight,This one weighs 470 grams.,16~25
261,6,CAMERA_2,['CAMERA_2'],"{'CAMERA_1': [], 'CAMERA_2': ['effects', 'weight', 'color'], 'CAMERA_3': []}",C_QUESTION_ABOUT_FEATURE,CAMERA_2,color,what colors does this one come in,S_ANSWERS_QUESTION_ABOUT_FEATURE,CAMERA_2,color,"This one comes in white, silver, black.",18~38
261,7,CAMERA_2,['CAMERA_2'],"{'CAMERA_1': [], 'CAMERA_2': ['effects', 'weight', 'color', 'autofocus_points'], 'CAMERA_3': []}",C_SILENT_OR_BACKCHANNEL,CAMERA_2,NONE,okay,S_INTRODUCES_FEATURE,CAMERA_2,autofocus_points,This one has 179 autofocus points.,13~33
261,8,CAMERA_1,"['CAMERA_2', 'CAMERA_1']","{'CAMERA_1': [], 'CAMERA_2': ['effects', 'weight', 'color', 'autofocus_points'], 'CAMERA_3': []}",C_ANYTHING_ELSE_AVAILABLE,CAMERA_2,NONE,ok do you have any other cameras,S_INTRODUCES_CAMERA,CAMERA_1,,Let me show you this. Here we have the Nikon Coolpix S2800.,39~58
261,9,CAMERA_1,"['CAMERA_2', 'CAMERA_1']","{'CAMERA_1': ['ISO'], 'CAMERA_2': ['effects', 'weight', 'color', 'autofocus_points'], 'CAMERA_3': []}",C_QUESTION_ABOUT_FEATURE,CAMERA_1,ISO,what is the ISO,S_NOT_SURE,CAMERA_1,,I'm not really sure about that,
261,10,CAMERA_1,"['CAMERA_2', 'CAMERA_1']","{'CAMERA_1': ['ISO', 'price'], 'CAMERA_2': ['effects', 'weight', 'color', 'autofocus_points'], 'CAMERA_3': []}",C_SILENT_OR_BACKCHANNEL,CAMERA_1,NONE,I see,S_INTRODUCES_FEATURE,CAMERA_1,price,This one costs $2173.,15~20
261,11,CAMERA_1,"['CAMERA_2', 'CAMERA_1']","{'CAMERA_1': ['ISO', 'price', 'sensor_size'], 'CAMERA_2': ['effects', 'weight', 'color', 'autofocus_points'], 'CAMERA_3': []}",C_QUESTION_ABOUT_FEATURE,CAMERA_1,sensor_size,what is the sensor size,S_NOT_SURE,CAMERA_1,,I'm not really sure about that,
261,12,CAMERA_1,"['CAMERA_2', 'CAMERA_1']","{'CAMERA_1': ['ISO', 'price', 'sensor_size', 'autofocus_points'], 'CAMERA_2': ['effects', 'weight', 'color', 'autofocus_points'], 'CAMERA_3': []}",C_QUESTION_ABOUT_FEATURE,CAMERA_1,autofocus_points,how many autofocus points does it have,S_NOT_SURE,CAMERA_1,,I'm not really sure about that,
261,13,CAMERA_1,"['CAMERA_2', 'CAMERA_1']","{'CAMERA_1': ['ISO', 'price', 'sensor_size', 'autofocus_points', 'camera_type'], 'CAMERA_2': ['effects', 'weight', 'color', 'autofocus_points'], 'CAMERA_3': []}",C_QUESTION_ABOUT_FEATURE,CAMERA_1,camera_type,what kind of camera is this,S_ANSWERS_QUESTION_ABOUT_FEATURE,CAMERA_1,camera_type,This is a point and shoot camera.,10~25
261,14,CAMERA_1,"['CAMERA_2', 'CAMERA_1']","{'CAMERA_1': ['ISO', 'price', 'sensor_size', 'autofocus_points', 'camera_type', 'preset_modes'], 'CAMERA_2': ['effects', 'weight', 'color', 'autofocus_points'], 'CAMERA_3': []}",C_QUESTION_ABOUT_FEATURE,CAMERA_1,preset_modes,does it have preset modes,S_ANSWERS_QUESTION_ABOUT_FEATURE,CAMERA_1,preset_modes,"This one has 18 preset modes (e.g. beach, snow, night portrait).",13~63
261,15,CAMERA_1,"['CAMERA_2', 'CAMERA_1']","{'CAMERA_1': ['ISO', 'price', 'sensor_size', 'autofocus_points', 'camera_type', 'preset_modes', 'settings'], 'CAMERA_2': ['effects', 'weight', 'color', 'autofocus_points'], 'CAMERA_3': []}",C_SILENT_OR_BACKCHANNEL,CAMERA_1,NONE,alright,S_INTRODUCES_FEATURE,CAMERA_1,settings,This one has limited manual settings.,13~36
261,16,CAMERA_1,"['CAMERA_2', 'CAMERA_1']","{'CAMERA_1': ['ISO', 'price', 'sensor_size', 'autofocus_points', 'camera_type', 'preset_modes', 'settings', 'effects'], 'CAMERA_2': ['effects', 'weight', 'color', 'autofocus_points'], 'CAMERA_3': []}",C_SILENT_OR_BACKCHANNEL,CAMERA_1,NONE,alright,S_INTRODUCES_FEATURE,CAMERA_1,effects,"This one has 12 glamor retouch effects (e.g. skin softening, small face, big eyes).",13~82
261,17,CAMERA_1,"['CAMERA_2', 'CAMERA_1']","{'CAMERA_1': ['ISO', 'price', 'sensor_size', 'autofocus_points', 'camera_type', 'preset_modes', 'settings', 'effects', 'optical_zoom'], 'CAMERA_2': ['effects', 'weight', 'color', 'autofocus_points'], 'CAMERA_3': []}",C_SILENT_OR_BACKCHANNEL,CAMERA_1,NONE,I see,S_INTRODUCES_FEATURE,CAMERA_1,optical_zoom,This one has 5x optical zoom.,13~28
261,18,CAMERA_1,"['CAMERA_2', 'CAMERA_1']","{'CAMERA_1': ['ISO', 'price', 'sensor_size', 'autofocus_points', 'camera_type', 'preset_modes', 'settings', 'effects', 'optical_zoom', 'resolution'], 'CAMERA_2': ['effects', 'weight', 'color', 'autofocus_points'], 'CAMERA_3': []}",C_SILENT_OR_BACKCHANNEL,CAMERA_1,NONE,okay,S_INTRODUCES_FEATURE,CAMERA_1,resolution,This one has 20.1 megapixels resolution.,13~28
261,19,CAMERA_1,"['CAMERA_2', 'CAMERA_1']","{'CAMERA_1': ['ISO', 'price', 'sensor_size', 'autofocus_points', 'camera_type', 'preset_modes', 'settings', 'effects', 'optical_zoom', 'resolution', 'color'], 'CAMERA_2': ['effects', 'weight', 'color', 'autofocus_points'], 'CAMERA_3': []}",C_QUESTION_ABOUT_FEATURE,CAMERA_1,color,what colors does this one come in,S_ANSWERS_QUESTION_ABOUT_FEATURE,CAMERA_1,color,"This one comes in purple, pink, black, silver, red.",18~50
261,20,CAMERA_1,"['CAMERA_2', 'CAMERA_1']","{'CAMERA_1': ['ISO', 'price', 'sensor_size', 'autofocus_points', 'camera_type', 'preset_modes', 'settings', 'effects', 'optical_zoom', 'resolution', 'color', 'long_exposure'], 'CAMERA_2': ['effects', 'weight', 'color', 'autofocus_points'], 'CAMERA_3': []}",C_QUESTION_ABOUT_FEATURE,CAMERA_1,long_exposure,can it take long exposure shots,S_NOT_SURE,CAMERA_1,,I'm not really sure about that,
261,21,CAMERA_1,"['CAMERA_2', 'CAMERA_1']","{'CAMERA_1': ['ISO', 'price', 'sensor_size', 'autofocus_points', 'camera_type', 'preset_modes', 'settings', 'effects', 'optical_zoom', 'resolution', 'color', 'long_exposure', 'weight'], 'CAMERA_2': ['effects', 'weight', 'color', 'autofocus_points'], 'CAMERA_3': []}",C_SILENT_OR_BACKCHANNEL,CAMERA_1,NONE,okay,S_INTRODUCES_FEATURE,CAMERA_1,weight,This one weighs 120 grams.,16~25
261,22,CAMERA_1,"['CAMERA_2', 'CAMERA_1']","{'CAMERA_1': ['ISO', 'price', 'sensor_size', 'autofocus_points', 'camera_type', 'preset_modes', 'settings', 'effects', 'optical_zoom', 'resolution', 'color', 'long_exposure', 'weight', 'preset_modes'], 'CAMERA_2': ['effects', 'weight', 'color', 'autofocus_points'], 'CAMERA_3': []}",C_QUESTION_ABOUT_FEATURE,CAMERA_1,preset_modes,does it have preset modes,S_ANSWERS_QUESTION_ABOUT_FEATURE,CAMERA_1,preset_modes,"This one has 18 preset modes (e.g. beach, snow, night portrait).",13~63
261,23,CAMERA_1,"['CAMERA_2', 'CAMERA_1']","{'CAMERA_1': ['ISO', 'price', 'sensor_size', 'autofocus_points', 'camera_type', 'preset_modes', 'settings', 'effects', 'optical_zoom', 'resolution', 'color', 'long_exposure', 'weight', 'preset_modes', 'price'], 'CAMERA_2': ['effects', 'weight', 'color', 'autofocus_points'], 'CAMERA_3': []}",C_QUESTION_ABOUT_FEATURE,CAMERA_1,price,how much does it cost,S_ANSWERS_QUESTION_ABOUT_FEATURE,CAMERA_1,price,This one costs $2173.,15~20
261,24,CAMERA_1,"['CAMERA_2', 'CAMERA_1']","{'CAMERA_1': ['ISO', 'price', 'sensor_size', 'autofocus_points', 'camera_type', 'preset_modes', 'settings', 'effects', 'optical_zoom', 'resolution', 'color', 'long_exposure', 'weight', 'preset_modes', 'price', 'effects'], 'CAMERA_2': ['effects', 'weight', 'color', 'autofocus_points'], 'CAMERA_3': []}",C_QUESTION_ABOUT_FEATURE,CAMERA_1,effects,does it have any effect modes,S_ANSWERS_QUESTION_ABOUT_FEATURE,CAMERA_1,effects,"This one has 12 glamor retouch effects (e.g. skin softening, small face, big eyes).",13~82
261,25,CAMERA_3,"['CAMERA_2', 'CAMERA_1', 'CAMERA_3']","{'CAMERA_1': ['ISO', 'price', 'sensor_size', 'autofocus_points', 'camera_type', 'preset_modes', 'settings', 'effects', 'optical_zoom', 'resolution', 'color', 'long_exposure', 'weight', 'preset_modes', 'price', 'effects'], 'CAMERA_2': ['effects', 'weight', 'color', 'autofocus_points'], 'CAMERA_3': []}",C_ANYTHING_ELSE_AVAILABLE,CAMERA_1,NONE,ok do you have any other cameras,S_INTRODUCES_CAMERA,CAMERA_3,,Let me show you this. Here we have the Canon EOS 5D Mark III.,39~60
261,26,CAMERA_3,"['CAMERA_2', 'CAMERA_1', 'CAMERA_3']","{'CAMERA_1': ['ISO', 'price', 'sensor_size', 'autofocus_points', 'camera_type', 'preset_modes', 'settings', 'effects', 'optical_zoom', 'resolution', 'color', 'long_exposure', 'weight', 'preset_modes', 'price', 'effects'], 'CAMERA_2': ['effects', 'weight', 'color', 'autofocus_points'], 'CAMERA_3': ['autofocus_points']}",C_SILENT_OR_BACKCHANNEL,CAMERA_3,NONE,alright,S_INTRODUCES_FEATURE,CAMERA_3,autofocus_points,This one has 61 autofocus points.,13~32
261,27,CAMERA_3,"['CAMERA_2', 'CAMERA_1', 'CAMERA_3']","{'CAMERA_1': ['ISO', 'price', 'sensor_size', 'autofocus_points', 'camera_type', 'preset_modes', 'settings', 'effects', 'optical_zoom', 'resolution', 'color', 'long_exposure', 'weight', 'preset_modes', 'price', 'effects'], 'CAMERA_2': ['effects', 'weight', 'color', 'autofocus_points'], 'CAMERA_3': ['autofocus_points', 'weight']}",C_QUESTION_ABOUT_FEATURE,CAMERA_3,weight,how much does this one weigh,S_ANSWERS_QUESTION_ABOUT_FEATURE,CAMERA_3,weight,This one weighs 950 grams (only body).,16~37
261,28,CAMERA_3,"['CAMERA_2', 'CAMERA_1', 'CAMERA_3']","{'CAMERA_1': ['ISO', 'price', 'sensor_size', 'autofocus_points', 'camera_type', 'preset_modes', 'settings', 'effects', 'optical_zoom', 'resolution', 'color', 'long_exposure', 'weight', 'preset_modes', 'price', 'effects'], 'CAMERA_2': ['effects', 'weight', 'color', 'autofocus_points'], 'CAMERA_3': ['autofocus_points', 'weight', 'resolution']}",C_QUESTION_ABOUT_FEATURE,CAMERA_3,resolution,what is the resolution,S_NOT_SURE,CAMERA_3,,I'm not really sure about that,
261,29,CAMERA_3,"['CAMERA_2', 'CAMERA_1', 'CAMERA_3']","{'CAMERA_1': ['ISO', 'price', 'sensor_size', 'autofocus_points', 'camera_type', 'preset_modes', 'settings', 'effects', 'optical_zoom', 'resolution', 'color', 'long_exposure', 'weight', 'preset_modes', 'price', 'effects'], 'CAMERA_2': ['effects', 'weight', 'color', 'autofocus_points'], 'CAMERA_3': ['autofocus_points', 'weight', 'resolution', 'price']}",C_SILENT_OR_BACKCHANNEL,CAMERA_3,NONE,I see,S_INTRODUCES_FEATURE,CAMERA_3,price,This one costs $3706.,15~20
261,30,,"['CAMERA_2', 'CAMERA_1', 'CAMERA_3']","{'CAMERA_1': ['ISO', 'price', 'sensor_size', 'autofocus_points', 'camera_type', 'preset_modes', 'settings', 'effects', 'optical_zoom', 'resolution', 'color', 'long_exposure', 'weight', 'preset_modes', 'price', 'effects'], 'CAMERA_2': ['effects', 'weight', 'color', 'autofocus_points'], 'CAMERA_3': ['autofocus_points', 'weight', 'resolution', 'price']}",C_ANYTHING_ELSE_AVAILABLE,CAMERA_3,NONE,ok do you have any other cameras,S_THATS_ALL_WE_HAVE_AVAILABLE,CAMERA_3,,That’s all we have available at the moment.,
261,31,NONE,"['CAMERA_2', 'CAMERA_1', 'CAMERA_3']","{'CAMERA_1': ['ISO', 'price', 'sensor_size', 'autofocus_points', 'camera_type', 'preset_modes', 'settings', 'effects', 'optical_zoom', 'resolution', 'color', 'long_exposure', 'weight', 'preset_modes', 'price', 'effects'], 'CAMERA_2': ['effects', 'weight', 'color', 'autofocus_points'], 'CAMERA_3': ['autofocus_points', 'weight', 'resolution', 'price']}",C_THANK_YOU,CAMERA_3,NONE,thank you for your help,S_THANK_YOU,CAMERA_3,NONE,thank you very much,
261,32,NONE,"['CAMERA_2', 'CAMERA_1', 'CAMERA_3']","{'CAMERA_1': ['ISO', 'price', 'sensor_size', 'autofocus_points', 'camera_type', 'preset_modes', 'settings', 'effects', 'optical_zoom', 'resolution', 'color', 'long_exposure', 'weight', 'preset_modes', 'price', 'effects'], 'CAMERA_2': ['effects', 'weight', 'color', 'autofocus_points'], 'CAMERA_3': ['autofocus_points', 'weight', 'resolution', 'price']}",C_LEAVES,DOOR,NONE,,S_RETURNS_TO_COUNTER,SERVICE_COUNTER,NONE,,
262,1,NONE,[],"{'CAMERA_1': [], 'CAMERA_2': [], 'CAMERA_3': []}",C_ENTERS,DOOR,NONE,,S_NONE,SERVICE_COUNTER,NONE,,
262,2,NONE,[],"{'CAMERA_1': [], 'CAMERA_2': [], 'CAMERA_3': []}",C_GREETS,MIDDLE,NONE,hello,S_GREETS,MIDDLE,NONE,can I help you?,
262,3,CAMERA_3,['CAMERA_3'],"{'CAMERA_1': [], 'CAMERA_2': [], 'CAMERA_3': []}",C_LOOKING_FOR_A_CAMERA,MIDDLE,NONE,I'm looking for a camera,S_INTRODUCES_CAMERA,CAMERA_3,,Let me show you this. Here we have the Canon EOS 5D Mark III.,39~60
262,4,CAMERA_3,['CAMERA_3'],"{'CAMERA_1': [], 'CAMERA_2': [], 'CAMERA_3': ['color']}",C_QUESTION_ABOUT_FEATURE,CAMERA_3,color,what colors does this one come in,S_ANSWERS_QUESTION_ABOUT_FEATURE,CAMERA_3,color,This one comes in black.,18~23
262,5,CAMERA_3,['CAMERA_3'],"{'CAMERA_1': [], 'CAMERA_2': [], 'CAMERA_3': ['color', 'effects']}",C_QUESTION_ABOUT_FEATURE,CAMERA_3,effects,does it have any effect modes,S_NOT_SURE,CAMERA_3,,I'm not really sure about that,
262,6,CAMERA_3,['CAMERA_3'],"{'CAMERA_1': [], 'CAMERA_2': [], 'CAMERA_3': ['color', 'effects', 'settings']}",C_QUESTION_ABOUT_FEATURE,CAMERA_3,settings,what kind of settings does it have,S_ANSWERS_QUESTION_ABOUT_FEATURE,CAMERA_3,settings,This one has full manual control.,13~32
262,7,CAMERA_3,['CAMERA_3'],"{'CAMERA_1': [], 'CAMERA_2': [], 'CAMERA_3': ['color', 'effects', 'settings', 'optical_zoom']}",C_QUESTION_ABOUT_FEATURE,CAMERA_3,optical_zoom,does it have optical zoom,S_NOT_SURE,CAMERA_3,,I'm not really sure about that,
262,8,CAMERA_3,['CAMERA_3'],"{'CAMERA_1': [], 'CAMERA_2': [], 'CAMERA_3': ['color', 'effects', 'settings', 'optical_zoom', 'sensor_size']}",C_SILENT_OR_BACKCHANNEL,CAMERA_3,NONE,I see,S_INTRODUCES_FEATURE,CAMERA_3,sensor_size,This one has a full frame.,15~25
262,9,CAMERA_3,['CAMERA_3'],"{'CAMERA_1': [], 'CAMERA_2': [], 'CAMERA_3': ['color', 'effects', 'settings', 'optical_zoom', 'sensor_size', 'weight']}",C_QUESTION_ABOUT_FEATURE,CAMERA_3,weight,how much does this one weigh,S_ANSWERS_QUESTION_ABOUT_FEATURE,CAMERA_3,weight,This one weighs 950 grams (only body).,16~37
262,10,CAMERA_3,['CAMERA_3'],"{'CAMERA_1': [], 'CAMERA_2': [], 'CAMERA_3': ['color', 'effects', 'settings', 'optical_zoom', 'sensor_size', 'weight', 'resolution']}",C_QUESTION_ABOUT_FEATURE,CAMERA_3,resolution,what is the resolution,S_NOT_SURE,CAMERA_3,,I'm not really sure about that,
262,11,CAMERA_3,['CAMERA_3'],"{'CAMERA_1': [], 'CAMERA_2': [], 'CAMERA_3': ['color', 'effects', 'settings', 'optical_zoom', 'sensor_size', 'weight', 'resolution', 'price']}",C_QUESTION_ABOUT_FEATURE,CAMERA_3,price,how much does it cost,S_ANSWERS_QUESTION_ABOUT_FEATURE,CAMERA_3,price,This one costs $3706.,15~20
262,12,CAMERA_3,['CAMERA_3'],"{'CAMERA_1': [], 'CAMERA_2': [], 'CAMERA_3': ['color', 'effects', 'settings', 'optical_zoom', 'sensor_size', 'weight', 'resolution', 'price', 'autofocus_points']}",C_SILENT_OR_BACKCHANNEL,CAMERA_3,NONE,alright,S_INTRODUCES_FEATURE,CAMERA_3,autofocus_points,This one has 61 autofocus points.,13~32
262,13,CAMERA_3,['CAMERA_3'],"{'CAMERA_1': [], 'CAMERA_2': [], 'CAMERA_3': ['color', 'effects', 'settings', 'optical_zoom', 'sensor_size', 'weight', 'resolution', 'price', 'autofocus_points', 'long_exposure']}",C_SILENT_OR_BACKCHANNEL,CAMERA_3,NONE,I see,S_INTRODUCES_FEATURE,CAMERA_3,long_exposure,"This one can take long exposures up to up to 30 seconds, bulb mode: expose as long as you want.",39~94
262,14,CAMERA_1,"['CAMERA_3', 'CAMERA_1']","{'CAMERA_1': [], 'CAMERA_2': [], 'CAMERA_3': ['color', 'effects', 'settings', 'optical_zoom', 'sensor_size', 'weight', 'resolution', 'price', 'autofocus_points', 'long_exposure']}",C_ANYTHING_ELSE_AVAILABLE,CAMERA_3,NONE,ok do you have any other cameras,S_INTRODUCES_CAMERA,CAMERA_1,,Let me show you this. Here we have the Nikon Coolpix S2800.,39~58
262,15,CAMERA_1,"['CAMERA_3', 'CAMERA_1']","{'CAMERA_1': ['camera_type'], 'CAMERA_2': [], 'CAMERA_3': ['color', 'effects', 'settings', 'optical_zoom', 'sensor_size', 'weight', 'resolution', 'price', 'autofocus_points', 'long_exposure']}",C_QUESTION_ABOUT_FEATURE,CAMERA_1,camera_type,what kind of camera is this,S_ANSWERS_QUESTION_ABOUT_FEATURE,CAMERA_1,camera_type,This is a point and shoot camera.,10~25
262,16,CAMERA_1,"['CAMERA_3', 'CAMERA_1']","{'CAMERA_1': ['camera_type', 'preset_modes'], 'CAMERA_2': [], 'CAMERA_3': ['color', 'effects', 'settings', 'optical_zoom', 'sensor_size', 'weight', 'resolution', 'price', 'autofocus_points', 'long_exposure']}",C_SILENT_OR_BACKCHANNEL,CAMERA_1,NONE,I see,S_INTRODUCES_FEATURE,CAMERA_1,preset_modes,"This one has 18 preset modes (e.g. beach, snow, night portrait).",13~63
262,17,CAMERA_1,"['CAMERA_3', 'CAMERA_1']","{'CAMERA_1': ['camera_type', 'preset_modes', 'price'], 'CAMERA_2': [], 'CAMERA_3': ['color', 'effects', 'settings', 'optical_zoom', 'sensor_size', 'weight', 'resolution', 'price', 'autofocus_points', 'long_exposure']}",C_QUESTION_ABOUT_FEATURE,CAMERA_1,price,how much does it cost,S_ANSWERS_QUESTION_ABOUT_FEATURE,CAMERA_1,price,This one costs $2173.,15~20
262,18,CAMERA_1,"['CAMERA_3', 'CAMERA_1']","{'CAMERA_1': ['camera_type', 'preset_modes', 'price', 'weight'], 'CAMERA_2': [], 'CAMERA_3': ['color', 'effects', 'settings', 'optical_zoom', 'sensor_size', 'weight', 'resolution', 'price', 'autofocus_points', 'long_exposure']}",C_SILENT_OR_BACKCHANNEL,CAMERA_1,NONE,I see,S_INTRODUCES_FEATURE,CAMERA_1,weight,This one weighs 120 grams.,16~25
262,19,NONE,"['CAMERA_3', 'CAMERA_1']","{'CAMERA_1': ['camera_type', 'preset_modes', 'price', 'weight'], 'CAMERA_2': [], 'CAMERA_3': ['color', 'effects', 'settings', 'optical_zoom', 'sensor_size', 'weight', 'resolution', 'price', 'autofocus_points', 'long_exposure']}",C_THANK_YOU,CAMERA_1,NONE,thank you for your help,S_THANK_YOU,CAMERA_1,NONE,thank you very much,
262,20,NONE,"['CAMERA_3', 'CAMERA_1']","{'CAMERA_1': ['camera_type', 'preset_modes', 'price', 'weight'], 'CAMERA_2': [], 'CAMERA_3': ['color', 'effects', 'settings', 'optical_zoom', 'sensor_size', 'weight', 'resolution', 'price', 'autofocus_points', 'long_exposure']}",C_LEAVES,DOOR,NONE,,S_RETURNS_TO_COUNTER,SERVICE_COUNTER,NONE,,
263,1,NONE,[],"{'CAMERA_1': [], 'CAMERA_2': [], 'CAMERA_3': []}",C_ENTERS,DOOR,NONE,,S_NONE,SERVICE_COUNTER,NONE,,
263,2,NONE,[],"{'CAMERA_1': [], 'CAMERA_2': [], 'CAMERA_3': []}",C_GREETS,MIDDLE,NONE,hello,S_GREETS,MIDDLE,NONE,can I help you?,
263,3,CAMERA_3,['CAMERA_3'],"{'CAMERA_1': [], 'CAMERA_2': [], 'CAMERA_3': []}",C_LOOKING_FOR_A_CAMERA,MIDDLE,NONE,I'm looking for a camera,S_INTRODUCES_CAMERA,CAMERA_3,,Let me show you this. Here we have the Canon EOS 5D Mark III.,39~60
263,4,CAMERA_3,['CAMERA_3'],"{'CAMERA_1': [], 'CAMERA_2': [], 'CAMERA_3': ['autofocus_points']}",C_SILENT_OR_BACKCHANNEL,CAMERA_3,NONE,alright,S_INTRODUCES_FEATURE,CAMERA_3,autofocus_points,This one has 61 autofocus points.,13~32
263,5,NONE,['CAMERA_3'],"{'CAMERA_1': [], 'CAMERA_2': [], 'CAMERA_3': ['autofocus_points']}",C_THANK_YOU,CAMERA_3,NONE,thank you for your help,S_THANK_YOU,CAMERA_3,NONE,thank you very much,
263,6,NONE,['CAMERA_3'],"{'CAMERA_1': [], 'CAMERA_2': [], 'CAMERA_3': ['autofocus_points']}",C_LEAVES,DOOR,NONE,,S_RETURNS_TO_COUNTER,SERVICE_COUNTER,NONE,,
264,1,NONE,[],"{'CAMERA_1': [], 'CAMERA_2': [], 'CAMERA_3': []}",C_ENTERS,DOOR,NONE,,S_NONE,SERVICE_COUNTER,NONE,,
264,2,NONE,[],"{'CAMERA_1': [], 'CAMERA_2': [], 'CAMERA_3': []}",C_GREETS,MIDDLE,NONE,hello,S_GREETS,MIDDLE,NONE,can I help you?,
264,3,CAMERA_1,['CAMERA_1'],"{'CAMERA_1': [], 'CAMERA_2': [], 'CAMERA_3': []}",C_LOOKING_FOR_A_CAMERA,MIDDLE,NONE,I'm looking for a camera,S_INTRODUCES_CAMERA,CAMERA_1,,Let me show you this. Here we have the Nikon Coolpix S2800.,39~58
264,4,CAMERA_1,['CAMERA_1'],"{'CAMERA_1': ['resolution'], 'CAMERA_2': [], 'CAMERA_3': []}",C_QUESTION_ABOUT_FEATURE,CAMERA_1,resolution,what is the resolution,S_ANSWERS_QUESTION_ABOUT_FEATURE,CAMERA_1,resolution,This one has 20.1 megapixels resolution.,13~28
264,5,CAMERA_1,['CAMERA_1'],"{'CAMERA_1': ['resolution', 'camera_type'], 'CAMERA_2': [], 'CAMERA_3': []}",C_SILENT_OR_BACKCHANNEL,CAMERA_1,NONE,I see,S_INTRODUCES_FEATURE,CAMERA_1,camera_type,This is a point and shoot camera.,10~25
264,6,CAMERA_1,['CAMERA_1'],"{'CAMERA_1': ['resolution', 'camera_type', 'settings'], 'CAMERA_2': [], 'CAMERA_3': []}",C_QUESTION_ABOUT_FEATURE,CAMERA_1,settings,what kind of settings does it have,S_ANSWERS_QUESTION_ABOUT_FEATURE,CAMERA_1,settings,This one has limited manual settings.,13~36
264,7,CAMERA_1,['CAMERA_1'],"{'CAMERA_1': ['resolution', 'camera_type', 'settings', 'ISO'], 'CAMERA_2': [], 'CAMERA_3': []}",C_QUESTION_ABOUT_FEATURE,CAMERA_1,ISO,what is the ISO,S_NOT_SURE,CAMERA_1,,I'm not really sure about that,
264,8,CAMERA_1,['CAMERA_1'],"{'CAMERA_1': ['resolution', 'camera_type', 'settings', 'ISO', 'long_exposure'], 'CAMERA_2': [], 'CAMERA_3': []}",C_QUESTION_ABOUT_FEATURE,CAMERA_1,long_exposure,can it take long exposure shots,S_NOT_SURE,CAMERA_1,,I'm not really sure about that,
264,9,CAMERA_1,['CAMERA_1'],"{'CAMERA_1': ['resolution', 'camera_type', 'settings', 'ISO', 'long_exposure', 'effects'], 'CAMERA_2': [], 'CAMERA_3': []}",C_QUESTION_ABOUT_FEATURE,CAMERA_1,effects,does it have any effect modes,S_ANSWERS_QUESTION_ABOUT_FEATURE,CAMERA_1,effects,"This one has 12 glamor retouch effects (e.g. skin softening, small face, big eyes).",13~82
264,10,NONE,['CAMERA_1'],"{'CAMERA_1': ['resolution', 'camera_type', 'settings', 'ISO', 'long_exposure', 'effects'], 'CAMERA_2': [], 'CAMERA_3': []}",C_THANK_YOU,CAMERA_1,NONE,thank you for your help,S_THANK_YOU,CAMERA_1,NONE,thank you very much,
264,11,NONE,['CAMERA_1'],"{'CAMERA_1': ['resolution', 'camera_type', 'settings', 'ISO', 'long_exposure', 'effects'], 'CAMERA_2': [], 'CAMERA_3': []}",C_LEAVES,DOOR,NONE,,S_RETURNS_TO_COUNTER,SERVICE_COUNTER,NONE,,
265,1,NONE,[],"{'CAMERA_1': [], 'CAMERA_2': [], 'CAMERA_3': []}",C_ENTERS,DOOR,NONE,,S_NONE,SERVICE_COUNTER,NONE,,
265,2,NONE,[],"{'CAMERA_1': [], 'CAMERA_2': [], 'CAMERA_3': []}",C_GREETS,MIDDLE,NONE,hello,S_GREETS,MIDDLE,NONE,can I help you?,
265,3,CAMERA_3,['CAMERA_3'],"{'CAMERA_1': [], 'CAMERA_2': [], 'CAMERA_3': []}",C_LOOKING_FOR_A_CAMERA,MIDDLE,NONE,I'm looking for a camera,S_INTRODUCES_CAMERA,CAMERA_3,,Let me show you this. Here we have the Canon EOS 5D Mark III.,39~60
265,4,CAMERA_3,['CAMERA_3'],"{'CAMERA_1': [], 'CAMERA_2': [], 'CAMERA_3': ['resolution']}",C_QUESTION_ABOUT_FEATURE,CAMERA_3,resolution,what is the resolution,S_NOT_SURE,CAMERA_3,,I'm not really sure about that,
265,5,CAMERA_3,['CAMERA_3'],"{'CAMERA_1': [], 'CAMERA_2': [], 'CAMERA_3': ['resolution', 'effects']}",C_QUESTION_ABOUT_FEATURE,CAMERA_3,effects,does it have any effect modes,S_NOT_SURE,CAMERA_3,,I'm not really sure about that,
265,6,CAMERA_2,"['CAMERA_3', 'CAMERA_2']","{'CAMERA_1': [], 'CAMERA_2': [], 'CAMERA_3': ['resolution', 'effects']}",C_ANYTHING_ELSE_AVAILABLE,CAMERA_3,NONE,ok do you have any other cameras,S_INTRODUCES_CAMERA,CAMERA_2,,Let me show you this. Here we have the Sony Alpha a6000.,39~55
265,7,CAMERA_2,"['CAMERA_3', 'CAMERA_2']","{'CAMERA_1': [], 'CAMERA_2': ['color'], 'CAMERA_3': ['resolution', 'effects']}",C_QUESTION_ABOUT_FEATURE,CAMERA_2,color,what colors does this one come in,S_ANSWERS_QUESTION_ABOUT_FEATURE,CAMERA_2,color,"This one comes in white, silver, black.",18~38
265,8,CAMERA_2,"['CAMERA_3', 'CAMERA_2']","{'CAMERA_1': [], 'CAMERA_2': ['color', 'price'], 'CAMERA_3': ['resolution', 'effects']}",C_QUESTION_ABOUT_FEATURE,CAMERA_2,price,how much does it cost,S_ANSWERS_QUESTION_ABOUT_FEATURE,CAMERA_2,price,This one costs $1341.,15~20
265,9,CAMERA_2,"['CAMERA_3', 'CAMERA_2']","{'CAMERA_1': [], 'CAMERA_2': ['color', 'price', 'long_exposure'], 'CAMERA_3': ['resolution', 'effects']}",C_QUESTION_ABOUT_FEATURE,CAMERA_2,long_exposure,can it take long exposure shots,S_ANSWERS_QUESTION_ABOUT_FEATURE,CAMERA_2,long_exposure,This one can take long exposures up to up to 30 seconds.,39~55
265,10,CAMERA_2,"['CAMERA_3', 'CAMERA_2']","{'CAMERA_1': [], 'CAMERA_2': ['color', 'price', 'long_exposure', 'resolution'], 'CAMERA_3': ['resolution', 'effects']}",C_QUESTION_ABOUT_FEATURE,CAMERA_2,resolution,what is the resolution,S_NOT_SURE,CAMERA_2,,I'm not really sure about that,
265,11,CAMERA_2,"['CAMERA_3', 'CAMERA_2']","{'CAMERA_1': [], 'CAMERA_2': ['color', 'price', 'long_exposure', 'resolution', 'preset_modes'], 'CAMERA_3': ['resolution', 'effects']}",C_QUESTION_ABOUT_FEATURE,CAMERA_2,preset_modes,does it have preset modes,S_ANSWERS_QUESTION_ABOUT_FEATURE,CAMERA_2,preset_modes,"This one has 9 preset modes (e.g. beach, snow, night, portrait).",13~63
265,12,CAMERA_2,"['CAMERA_3', 'CAMERA_2']","{'CAMERA_1': [], 'CAMERA_2': ['color', 'price', 'long_exposure', 'resolution', 'preset_modes', 'effects'], 'CAMERA_3': ['resolution', 'effects']}",C_QUESTION_ABOUT_FEATURE,CAMERA_2,effects,does it have any effect modes,S_ANSWERS_QUESTION_ABOUT_FEATURE,CAMERA_2,effects,"This one has 13 artistic effect modes (e.g. toy camera, soft focus).",13~67
265,13,NONE,"['CAMERA_3', 'CAMERA_2']","{'CAMERA_1': [], 'CAMERA_2': ['color', 'price', 'long_exposure', 'resolution', 'preset_modes', 'effects'], 'CAMERA_3': ['resolution', 'effects']}",C_THANK_YOU,CAMERA_2,NONE,thank you for your help,S_THANK_YOU,CAMERA_2,NONE,thank you very much,
265,14,NONE,"['CAMERA_3', 'CAMERA_2']","{'CAMERA_1': [], 'CAMERA_2': ['color', 'price', 'long_exposure', 'resolution', 'preset_modes', 'effects'], 'CAMERA_3': ['resolution', 'effects']}",C_LEAVES,DOOR,NONE,,S_RETURNS_TO_COUNTER,SERVICE_COUNTER,NONE,,
266,1,NONE,[],"{'CAMERA_1': [], 'CAMERA_2': [], 'CAMERA_3': []}",C_ENTERS,DOOR,NONE,,S_NONE,SERVICE_COUNTER,NONE,,
266,2,NONE,[],"{'CAMERA_1': [], 'CAMERA_2': [], 'CAMERA_3': []}",C_GREETS,MIDDLE,NONE,hello,S_GREETS,MIDDLE,NONE,can I help you?,
266,3,CAMERA_2,['CAMERA_2'],"{'CAMERA_1': [], 'CAMERA_2': [], 'CAMERA_3': []}",C_LOOKING_FOR_A_CAMERA,MIDDLE,NONE,I'm looking for a camera,S_INTRODUCES_CAMERA,CAMERA_2,,Let me show you this. Here we have the Sony Alpha a6000.,39~55
266,4,CAMERA_2,['CAMERA_2'],"{'CAMERA_1': [], 'CAMERA_2': ['weight'], 'CAMERA_3': []}",C_SILENT_OR_BACKCHANNEL,CAMERA_2,NONE,okay,S_INTRODUCES_FEATURE,CAMERA_2,weight,This one weighs 470 grams.,16~25
266,5,CAMERA_1,"['CAMERA_2', 'CAMERA_1']","{'CAMERA_1': [], 'CAMERA_2': ['weight'], 'CAMERA_3': []}",C_ANYTHING_ELSE_AVAILABLE,CAMERA_2,NONE,ok do you have any other cameras,S_INTRODUCES_CAMERA,CAMERA_1,,Let me show you this. Here we have the Nikon Coolpix S2800.,39~58
266,6,CAMERA_1,"['CAMERA_2', 'CAMERA_1']","{'CAMERA_1': ['camera_type'], 'CAMERA_2': ['weight'], 'CAMERA_3': []}",C_QUESTION_ABOUT_FEATURE,CAMERA_1,camera_type,what kind of camera is this,S_ANSWERS_QUESTION_ABOUT_FEATURE,CAMERA_1,camera_type,This is a point and shoot camera.,10~25
266,7,CAMERA_1,"['CAMERA_2', 'CAMERA_1']","{'CAMERA_1': ['camera_type', 'long_exposure'], 'CAMERA_2': ['weight'], 'CAMERA_3': []}",C_QUESTION_ABOUT_FEATURE,CAMERA_1,long_exposure,can it take long exposure shots,S_NOT_SURE,CAMERA_1,,I'm not really sure about that,
266,8,CAMERA_1,"['CAMERA_2', 'CAMERA_1']","{'CAMERA_1': ['camera_type', 'long_exposure', 'optical_zoom'], 'CAMERA_2': ['weight'], 'CAMERA_3': []}",C_QUESTION_ABOUT_FEATURE,CAMERA_1,optical_zoom,does it have optical zoom,S_ANSWERS_QUESTION_ABOUT_FEATURE,CAMERA_1,optical_zoom,This one has 5x optical zoom.,13~28
266,9,CAMERA_3,"['CAMERA_2', 'CAMERA_1', 'CAMERA_3']","{'CAMERA_1': ['camera_type', 'long_exposure', 'optical_zoom'], 'CAMERA_2': ['weight'], 'CAMERA_3': []}",C_ANYTHING_ELSE_AVAILABLE,CAMERA_1,NONE,ok do you have any other cameras,S_INTRODUCES_CAMERA,CAMERA_3,,Let me show you this. Here we have the Canon EOS 5D Mark III.,39~60
266,10,CAMERA_3,"['CAMERA_2', 'CAMERA_1', 'CAMERA_3']","{'CAMERA_1': ['camera_type', 'long_exposure', 'optical_zoom'], 'CAMERA_2': ['weight'], 'CAMERA_3': ['color']}",C_SILENT_OR_BACKCHANNEL,CAMERA_3,NONE,okay,S_INTRODUCES_FEATURE,CAMERA_3,color,This one comes in black.,18~23
266,11,NONE,"['CAMERA_2', 'CAMERA_1', 'CAMERA_3']","{'CAMERA_1': ['camera_type', 'long_exposure', 'optical_zoom'], 'CAMERA_2': ['weight'], 'CAMERA_3': ['color']}",C_THANK_YOU,CAMERA_3,NONE,thank you for your help,S_THANK_YOU,CAMERA_3,NONE,thank you very much,
266,12,NONE,"['CAMERA_2', 'CAMERA_1', 'CAMERA_3']","{'CAMERA_1': ['camera_type', 'long_exposure', 'optical_zoom'], 'CAMERA_2': ['weight'], 'CAMERA_3': ['color']}",C_LEAVES,DOOR,NONE,,S_RETURNS_TO_COUNTER,SERVICE_COUNTER,NONE,,
267,1,NONE,[],"{'CAMERA_1': [], 'CAMERA_2': [], 'CAMERA_3': []}",C_ENTERS,DOOR,NONE,,S_NONE,SERVICE_COUNTER,NONE,,
267,2,NONE,[],"{'CAMERA_1': [], 'CAMERA_2': [], 'CAMERA_3': []}",C_GREETS,MIDDLE,NONE,hello,S_GREETS,MIDDLE,NONE,can I help you?,
267,3,CAMERA_2,['CAMERA_2'],"{'CAMERA_1': [], 'CAMERA_2': [], 'CAMERA_3': []}",C_LOOKING_FOR_A_CAMERA,MIDDLE,NONE,I'm looking for a camera,S_INTRODUCES_CAMERA,CAMERA_2,,Let me show you this. Here we have the Sony Alpha a6000.,39~55
267,4,CAMERA_2,['CAMERA_2'],"{'CAMERA_1': [], 'CAMERA_2': ['effects'], 'CAMERA_3': []}",C_SILENT_OR_BACKCHANNEL,CAMERA_2,NONE,alright,S_INTRODUCES_FEATURE,CAMERA_2,effects,"This one has 13 artistic effect modes (e.g. toy camera, soft focus).",13~67
267,5,CAMERA_2,['CAMERA_2'],"{'CAMERA_1': [], 'CAMERA_2': ['effects', 'price'], 'CAMERA_3': []}",C_QUESTION_ABOUT_FEATURE,CAMERA_2,price,how much does it cost,S_ANSWERS_QUESTION_ABOUT_FEATURE,CAMERA_2,price,This one costs $1341.,15~20
267,6,CAMERA_2,['CAMERA_2'],"{'CAMERA_1': [], 'CAMERA_2': ['effects', 'price', 'autofocus_points'], 'CAMERA_3': []}",C_QUESTION_ABOUT_FEATURE,CAMERA_2,autofocus_points,how many autofocus points does it have,S_ANSWERS_QUESTION_ABOUT_FEATURE,CAMERA_2,autofocus_points,This one has 179 autofocus points.,13~33
267,7,CAMERA_2,['CAMERA_2'],"{'CAMERA_1': [], 'CAMERA_2': ['effects', 'price', 'autofocus_points', 'long_exposure'], 'CAMERA_3': []}",C_QUESTION_ABOUT_FEATURE,CAMERA_2,long_exposure,can it take long exposure shots,S_ANSWERS_QUESTION_ABOUT_FEATURE,CAMERA_2,long_exposure,This one can take long exposures up to up to 30 seconds.,39~55
267,8,CAMERA_2,['CAMERA_2'],"{'CAMERA_1': [], 'CAMERA_2': ['effects', 'price', 'autofocus_points', 'long_exposure', 'camera_type'], 'CAMERA_3': []}",C_SILENT_OR_BACKCHANNEL,CAMERA_2,NONE,alright,S_INTRODUCES_FEATURE,CAMERA_2,camera_type,This is a mirrorless camera.,10~20
267,9,CAMERA_2,['CAMERA_2'],"{'CAMERA_1': [], 'CAMERA_2': ['effects', 'price', 'autofocus_points', 'long_exposure', 'camera_type', 'weight'], 'CAMERA_3': []}",C_SILENT_OR_BACKCHANNEL,CAMERA_2,NONE,okay,S_INTRODUCES_FEATURE,CAMERA_2,weight,This one weighs 470 grams.,16~25
267,10,CAMERA_2,['CAMERA_2'],"{'CAMERA_1': [], 'CAMERA_2': ['effects', 'price', 'autofocus_points', 'long_exposure', 'camera_type', 'weight', 'sensor_size'], 'CAMERA_3': []}",C_SILENT_OR_BACKCHANNEL,CAMERA_2,NONE,alright,S_INTRODUCES_FEATURE,CAMERA_2,sensor_size,This one has a APS-C sensor (crop sensor).,15~41
267,11,CAMERA_2,['CAMERA_2'],"{'CAMERA_1': [], 'CAMERA_2': ['effects', 'price', 'autofocus_points', 'long_exposure', 'camera_type', 'weight', 'sensor_size', 'color'], 'CAMERA_3': []}",C_SILENT_OR_BACKCHANNEL,CAMERA_2,NONE,alright,S_INTRODUCES_FEATURE,CAMERA_2,color,"This one comes in white, silver, black.",18~38
267,12,NONE,['CAMERA_2'],"{'CAMERA_1': [], 'CAMERA_2': ['effects', 'price', 'autofocus_points', 'long_exposure', 'camera_type', 'weight', 'sensor_size', 'color'], 'CAMERA_3': []}",C_THANK_YOU,CAMERA_2,NONE,thank you for your help,S_THANK_YOU,CAMERA_2,NONE,thank you very much,
267,13,NONE,['CAMERA_2'],"{'CAMERA_1': [], 'CAMERA_2': ['effects', 'price', 'autofocus_points', 'long_exposure', 'camera_type', 'weight', 'sensor_size', 'color'], 'CAMERA_3': []}",C_LEAVES,DOOR,NONE,,S_RETURNS_TO_COUNTER,SERVICE_COUNTER,NONE,,
268,1,NONE,[],"{'CAMERA_1': [], 'CAMERA_2': [], 'CAMERA_3': []}",C_ENTERS,DOOR,NONE,,S_NONE,SERVICE_COUNTER,NONE,,
268,2,NONE,[],"{'CAMERA_1': [], 'CAMERA_2': [], 'CAMERA_3': []}",C_WALKS_TO_CAMERA,CAMERA_2,NONE,,S_GREETS,CAMERA_2,NONE,can I help you?,
268,3,CAMERA_2,['CAMERA_2'],"{'CAMERA_1': [], 'CAMERA_2': [], 'CAMERA_3': []}",C_LOOKING_FOR_A_CAMERA,CAMERA_2,NONE,I'm looking for a camera,S_INTRODUCES_CAMERA,CAMERA_2,,Let me show you this. Here we have the Sony Alpha a6000.,39~55
268,4,CAMERA_2,['CAMERA_2'],"{'CAMERA_1': [], 'CAMERA_2': ['long_exposure'], 'CAMERA_3': []}",C_QUESTION_ABOUT_FEATURE,CAMERA_2,long_exposure,can it take long exposure shots,S_ANSWERS_QUESTION_ABOUT_FEATURE,CAMERA_2,long_exposure,This one can take long exposures up to up to 30 seconds.,39~55
268,5,CAMERA_2,['CAMERA_2'],"{'CAMERA_1': [], 'CAMERA_2': ['long_exposure', 'price'], 'CAMERA_3': []}",C_SILENT_OR_BACKCHANNEL,CAMERA_2,NONE,okay,S_INTRODUCES_FEATURE,CAMERA_2,price,This one costs $1341.,15~20
268,6,CAMERA_2,['CAMERA_2'],"{'CAMERA_1': [], 'CAMERA_2': ['long_exposure', 'price', 'sensor_size'], 'CAMERA_3': []}",C_QUESTION_ABOUT_FEATURE,CAMERA_2,sensor_size,what is the sensor size,S_ANSWERS_QUESTION_ABOUT_FEATURE,CAMERA_2,sensor_size,This one has a APS-C sensor (crop sensor).,15~41
268,7,CAMERA_2,['CAMERA_2'],"{'CAMERA_1': [], 'CAMERA_2': ['long_exposure', 'price', 'sensor_size', 'effects'], 'CAMERA_3': []}",C_QUESTION_ABOUT_FEATURE,CAMERA_2,effects,does it have any effect modes,S_ANSWERS_QUESTION_ABOUT_FEATURE,CAMERA_2,effects,"This one has 13 artistic effect modes (e.g. toy camera, soft focus).",13~67
268,8,CAMERA_2,['CAMERA_2'],"{'CAMERA_1': [], 'CAMERA_2': ['long_exposure', 'price', 'sensor_size', 'effects', 'autofocus_points'], 'CAMERA_3': []}",C_SILENT_OR_BACKCHANNEL,CAMERA_2,NONE,alright,S_INTRODUCES_FEATURE,CAMERA_2,autofocus_points,This one has 179 autofocus points.,13~33
268,9,CAMERA_2,['CAMERA_2'],"{'CAMERA_1': [], 'CAMERA_2': ['long_exposure', 'price', 'sensor_size', 'effects', 'autofocus_points', 'settings'], 'CAMERA_3': []}",C_QUESTION_ABOUT_FEATURE,CAMERA_2,settings,what kind of settings does it have,S_ANSWERS_QUESTION_ABOUT_FEATURE,CAMERA_2,settings,This one has full manual control.,13~32
268,10,NONE,['CAMERA_2'],"{'CAMERA_1': [], 'CAMERA_2': ['long_exposure', 'price', 'sensor_size', 'effects', 'autofocus_points', 'settings'], 'CAMERA_3': []}",C_THANK_YOU,CAMERA_2,NONE,thank you for your help,S_THANK_YOU,CAMERA_2,NONE,thank you very much,
268,11,NONE,['CAMERA_2'],"{'CAMERA_1': [], 'CAMERA_2': ['long_exposure', 'price', 'sensor_size', 'effects', 'autofocus_points', 'settings'], 'CAMERA_3': []}",C_LEAVES,DOOR,NONE,,S_RETURNS_TO_COUNTER,SERVICE_COUNTER,NONE,,
269,1,NONE,[],"{'CAMERA_1': [], 'CAMERA_2': [], 'CAMERA_3': []}",C_ENTERS,DOOR,NONE,,S_NONE,SERVICE_COUNTER,NONE,,
269,2,NONE,[],"{'CAMERA_1': [], 'CAMERA_2': [], 'CAMERA_3': []}",C_GREETS,MIDDLE,NONE,hello,S_GREETS,MIDDLE,NONE,can I help you?,
269,3,CAMERA_1,['CAMERA_1'],"{'CAMERA_1': [], 'CAMERA_2': [], 'CAMERA_3': []}",C_LOOKING_FOR_A_CAMERA,MIDDLE,NONE,I'm looking for a camera,S_INTRODUCES_CAMERA,CAMERA_1,,Let me show you this. Here we have the Nikon Coolpix S2800.,39~58
269,4,CAMERA_1,['CAMERA_1'],"{'CAMERA_1': ['effects'], 'CAMERA_2': [], 'CAMERA_3': []}",C_SILENT_OR_BACKCHANNEL,CAMERA_1,NONE,I see,S_INTRODUCES_FEATURE,CAMERA_1,effects,"This one has 12 glamor retouch effects (e.g. skin softening, small face, big eyes).",13~82
269,5,CAMERA_1,['CAMERA_1'],"{'CAMERA_1': ['effects', 'optical_zoom'], 'CAMERA_2': [], 'CAMERA_3': []}",C_SILENT_OR_BACKCHANNEL,CAMERA_1,NONE,alright,S_INTRODUCES_FEATURE,CAMERA_1,optical_zoom,This one has 5x optical zoom.,13~28
269,6,CAMERA_3,"['CAMERA_1', 'CAMERA_3']","{'CAMERA_1': ['effects', 'optical_zoom'], 'CAMERA_2': [], 'CAMERA_3': []}",C_ANYTHING_ELSE_AVAILABLE,CAMERA_1,NONE,ok do you have any other cameras,S_INTRODUCES_CAMERA,CAMERA_3,,Let me show you this. Here we have the Canon EOS 5D Mark III.,39~60
269,7,CAMERA_3,"['CAMERA_1', 'CAMERA_3']","{'CAMERA_1': ['effects', 'optical_zoom'], 'CAMERA_2': [], 'CAMERA_3': ['optical_zoom']}",C_QUESTION_ABOUT_FEATURE,CAMERA_3,optical_zoom,does it have optical zoom,S_NOT_SURE,CAMERA_3,,I'm not really sure about that,
269,8,CAMERA_3,"['CAMERA_1', 'CAMERA_3']","{'CAMERA_1': ['effects', 'optical_zoom'], 'CAMERA_2': [], 'CAMERA_3': ['optical_zoom', 'long_exposure']}",C_SILENT_OR_BACKCHANNEL,CAMERA_3,NONE,okay,S_INTRODUCES_FEATURE,CAMERA_3,long_exposure,"This one can take long exposures up to up to 30 seconds, bulb mode: expose as long as you want.",39~94
269,9,NONE,"['CAMERA_1', 'CAMERA_3']","{'CAMERA_1': ['effects', 'optical_zoom'], 'CAMERA_2': [], 'CAMERA_3': ['optical_zoom', 'long_exposure']}",C_THANK_YOU,CAMERA_3,NONE,thank you for your help,S_THANK_YOU,CAMERA_3,NONE,thank you very much,
269,10,NONE,"['CAMERA_1', 'CAMERA_3']","{'CAMERA_1': ['effects', 'optical_zoom'], 'CAMERA_2': [], 'CAMERA_3': ['optical_zoom', 'long_exposure']}",C_LEAVES,DOOR,NONE,,S_RETURNS_TO_COUNTER,SERVICE_COUNTER,NONE,,
270,1,NONE,[],"{'CAMERA_1': [], 'CAMERA_2': [], 'CAMERA_3': []}",C_ENTERS,DOOR,NONE,,S_NONE,SERVICE_COUNTER,NONE,,
270,2,NONE,[],"{'CAMERA_1': [], 'CAMERA_2': [], 'CAMERA_3': []}",C_GREETS,MIDDLE,NONE,hello,S_GREETS,MIDDLE,NONE,can I help you?,
270,3,CAMERA_2,['CAMERA_2'],"{'CAMERA_1': [], 'CAMERA_2': [], 'CAMERA_3': []}",C_LOOKING_FOR_A_CAMERA,MIDDLE,NONE,I'm looking for a camera,S_INTRODUCES_CAMERA,CAMERA_2,,Let me show you this. Here we have the Sony Alpha a6000.,39~55
270,4,CAMERA_2,['CAMERA_2'],"{'CAMERA_1': [], 'CAMERA_2': ['preset_modes'], 'CAMERA_3': []}",C_QUESTION_ABOUT_FEATURE,CAMERA_2,preset_modes,does it have preset modes,S_ANSWERS_QUESTION_ABOUT_FEATURE,CAMERA_2,preset_modes,"This one has 9 preset modes (e.g. beach, snow, night, portrait).",13~63
270,5,CAMERA_1,"['CAMERA_2', 'CAMERA_1']","{'CAMERA_1': [], 'CAMERA_2': ['preset_modes'], 'CAMERA_3': []}",C_ANYTHING_ELSE_AVAILABLE,CAMERA_2,NONE,ok do you have any other cameras,S_INTRODUCES_CAMERA,CAMERA_1,,Let me show you this. Here we have the Nikon Coolpix S2800.,39~58
270,6,CAMERA_1,"['CAMERA_2', 'CAMERA_1']","{'CAMERA_1': ['resolution'], 'CAMERA_2': ['preset_modes'], 'CAMERA_3': []}",C_SILENT_OR_BACKCHANNEL,CAMERA_1,NONE,okay,S_INTRODUCES_FEATURE,CAMERA_1,resolution,This one has 20.1 megapixels resolution.,13~28
270,7,NONE,"['CAMERA_2', 'CAMERA_1']","{'CAMERA_1': ['resolution'], 'CAMERA_2': ['preset_modes'], 'CAMERA_3': []}",C_THANK_YOU,CAMERA_1,NONE,thank you for your help,S_THANK_YOU,CAMERA_1,NONE,thank you very much,
270,8,NONE,"['CAMERA_2', 'CAMERA_1']","{'CAMERA_1': ['resolution'], 'CAMERA_2': ['preset_modes'], 'CAMERA_3': []}",C_LEAVES,DOOR,NONE,,S_RETURNS_TO_COUNTER,SERVICE_COUNTER,NONE,,
271,1,NONE,[],"{'CAMERA_1': [], 'CAMERA_2': [], 'CAMERA_3': []}",C_ENTERS,DOOR,NONE,,S_NONE,SERVICE_COUNTER,NONE,,
271,2,NONE,[],"{'CAMERA_1': [], 'CAMERA_2': [], 'CAMERA_3': []}",C_GREETS,MIDDLE,NONE,hello,S_GREETS,MIDDLE,NONE,can I help you?,
271,3,CAMERA_3,['CAMERA_3'],"{'CAMERA_1': [], 'CAMERA_2': [], 'CAMERA_3': []}",C_LOOKING_FOR_A_CAMERA,MIDDLE,NONE,I'm looking for a camera,S_INTRODUCES_CAMERA,CAMERA_3,,Let me show you this. Here we have the Canon EOS 5D Mark III.,39~60
271,4,CAMERA_3,['CAMERA_3'],"{'CAMERA_1': [], 'CAMERA_2': [], 'CAMERA_3': ['preset_modes']}",C_QUESTION_ABOUT_FEATURE,CAMERA_3,preset_modes,does it have preset modes,S_NOT_SURE,CAMERA_3,,I'm not really sure about that,
271,5,CAMERA_3,['CAMERA_3'],"{'CAMERA_1': [], 'CAMERA_2': [], 'CAMERA_3': ['preset_modes', 'weight']}",C_SILENT_OR_BACKCHANNEL,CAMERA_3,NONE,okay,S_INTRODUCES_FEATURE,CAMERA_3,weight,This one weighs 950 grams (only body).,16~37
271,6,NONE,['CAMERA_3'],"{'CAMERA_1': [], 'CAMERA_2': [], 'CAMERA_3': ['preset_modes', 'weight']}",C_THANK_YOU,CAMERA_3,NONE,thank you for your help,S_THANK_YOU,CAMERA_3,NONE,thank you very much,
271,7,NONE,['CAMERA_3'],"{'CAMERA_1': [], 'CAMERA_2': [], 'CAMERA_3': ['preset_modes', 'weight']}",C_LEAVES,DOOR,NONE,,S_RETURNS_TO_COUNTER,SERVICE_COUNTER,NONE,,
272,1,NONE,[],"{'CAMERA_1': [], 'CAMERA_2': [], 'CAMERA_3': []}",C_ENTERS,DOOR,NONE,,S_NONE,SERVICE_COUNTER,NONE,,
272,2,NONE,[],"{'CAMERA_1': [], 'CAMERA_2': [], 'CAMERA_3': []}",C_GREETS,MIDDLE,NONE,hello,S_GREETS,MIDDLE,NONE,can I help you?,
272,3,CAMERA_3,['CAMERA_3'],"{'CAMERA_1': [], 'CAMERA_2': [], 'CAMERA_3': []}",C_LOOKING_FOR_A_CAMERA,MIDDLE,NONE,I'm looking for a camera,S_INTRODUCES_CAMERA,CAMERA_3,,Let me show you this. Here we have the Canon EOS 5D Mark III.,39~60
272,4,CAMERA_3,['CAMERA_3'],"{'CAMERA_1': [], 'CAMERA_2': [], 'CAMERA_3': ['settings']}",C_SILENT_OR_BACKCHANNEL,CAMERA_3,NONE,I see,S_INTRODUCES_FEATURE,CAMERA_3,settings,This one has full manual control.,13~32
272,5,CAMERA_3,['CAMERA_3'],"{'CAMERA_1': [], 'CAMERA_2': [], 'CAMERA_3': ['settings', 'camera_type']}",C_QUESTION_ABOUT_FEATURE,CAMERA_3,camera_type,what kind of camera is this,S_ANSWERS_QUESTION_ABOUT_FEATURE,CAMERA_3,camera_type,This is a DSLR camera.,10~14
272,6,CAMERA_3,['CAMERA_3'],"{'CAMERA_1': [], 'CAMERA_2': [], 'CAMERA_3': ['settings', 'camera_type', 'price']}",C_QUESTION_ABOUT_FEATURE,CAMERA_3,price,how much does it cost,S_ANSWERS_QUESTION_ABOUT_FEATURE,CAMERA_3,price,This one costs $3706.,15~20
272,7,CAMERA_3,['CAMERA_3'],"{'CAMERA_1': [], 'CAMERA_2': [], 'CAMERA_3': ['settings', 'camera_type', 'price', 'sensor_size']}",C_SILENT_OR_BACKCHANNEL,CAMERA_3,NONE,I see,S_INTRODUCES_FEATURE,CAMERA_3,sensor_size,This one has a full frame.,15~25
272,8,NONE,['CAMERA_3'],"{'CAMERA_1': [], 'CAMERA_2': [], 'CAMERA_3': ['settings', 'camera_type', 'price', 'sensor_size']}",C_THANK_YOU,CAMERA_3,NONE,thank you for your help,S_THANK_YOU,CAMERA_3,NONE,thank you very much,
272,9,NONE,['CAMERA_3'],"{'CAMERA_1': [], 'CAMERA_2': [], 'CAMERA_3': ['settings', 'camera_type', 'price', 'sensor_size']}",C_LEAVES,DOOR,NONE,,S_RETURNS_TO_COUNTER,SERVICE_COUNTER,NONE,,
273,1,NONE,[],"{'CAMERA_1': [], 'CAMERA_2': [], 'CAMERA_3': []}",C_ENTERS,DOOR,NONE,,S_NONE,SERVICE_COUNTER,NONE,,
273,2,NONE,[],"{'CAMERA_1': [], 'CAMERA_2': [], 'CAMERA_3': []}",C_GREETS,MIDDLE,NONE,hello,S_GREETS,MIDDLE,NONE,can I help you?,
273,3,CAMERA_3,['CAMERA_3'],"{'CAMERA_1': [], 'CAMERA_2': [], 'CAMERA_3': []}",C_LOOKING_FOR_A_CAMERA,MIDDLE,NONE,I'm looking for a camera,S_INTRODUCES_CAMERA,CAMERA_3,,Let me show you this. Here we have the Canon EOS 5D Mark III.,39~60
273,4,CAMERA_3,['CAMERA_3'],"{'CAMERA_1': [], 'CAMERA_2': [], 'CAMERA_3': ['camera_type']}",C_SILENT_OR_BACKCHANNEL,CAMERA_3,NONE,I see,S_INTRODUCES_FEATURE,CAMERA_3,camera_type,This is a DSLR camera.,10~14
273,5,CAMERA_3,['CAMERA_3'],"{'CAMERA_1': [], 'CAMERA_2': [], 'CAMERA_3': ['camera_type', 'ISO']}",C_QUESTION_ABOUT_FEATURE,CAMERA_3,ISO,what is the ISO,S_ANSWERS_QUESTION_ABOUT_FEATURE,CAMERA_3,ISO,This one has up to 6400 ISO with little noise.,13~45
273,6,CAMERA_3,['CAMERA_3'],"{'CAMERA_1': [], 'CAMERA_2': [], 'CAMERA_3': ['camera_type', 'ISO', 'autofocus_points']}",C_SILENT_OR_BACKCHANNEL,CAMERA_3,NONE,alright,S_INTRODUCES_FEATURE,CAMERA_3,autofocus_points,This one has 61 autofocus points.,13~32
273,7,NONE,['CAMERA_3'],"{'CAMERA_1': [], 'CAMERA_2': [], 'CAMERA_3': ['camera_type', 'ISO', 'autofocus_points']}",C_THANK_YOU,CAMERA_3,NONE,thank you for your help,S_THANK_YOU,CAMERA_3,NONE,thank you very much,
273,8,NONE,['CAMERA_3'],"{'CAMERA_1': [], 'CAMERA_2': [], 'CAMERA_3': ['camera_type', 'ISO', 'autofocus_points']}",C_LEAVES,DOOR,NONE,,S_RETURNS_TO_COUNTER,SERVICE_COUNTER,NONE,,
274,1,NONE,[],"{'CAMERA_1': [], 'CAMERA_2': [], 'CAMERA_3': []}",C_ENTERS,DOOR,NONE,,S_NONE,SERVICE_COUNTER,NONE,,
274,2,NONE,[],"{'CAMERA_1': [], 'CAMERA_2': [], 'CAMERA_3': []}",C_WALKS_TO_CAMERA,CAMERA_3,NONE,,S_GREETS,CAMERA_3,NONE,can I help you?,
274,3,CAMERA_1,['CAMERA_1'],"{'CAMERA_1': [], 'CAMERA_2': [], 'CAMERA_3': []}",C_LOOKING_FOR_A_CAMERA,CAMERA_3,NONE,I'm looking for a camera,S_INTRODUCES_CAMERA,CAMERA_1,,Let me show you this. Here we have the Nikon Coolpix S2800.,39~58
274,4,CAMERA_1,['CAMERA_1'],"{'CAMERA_1': ['color'], 'CAMERA_2': [], 'CAMERA_3': []}",C_SILENT_OR_BACKCHANNEL,CAMERA_1,NONE,I see,S_INTRODUCES_FEATURE,CAMERA_1,color,"This one comes in purple, pink, black, silver, red.",18~50
274,5,CAMERA_1,['CAMERA_1'],"{'CAMERA_1': ['color', 'camera_type'], 'CAMERA_2': [], 'CAMERA_3': []}",C_SILENT_OR_BACKCHANNEL,CAMERA_1,NONE,okay,S_INTRODUCES_FEATURE,CAMERA_1,camera_type,This is a point and shoot camera.,10~25
274,6,CAMERA_1,['CAMERA_1'],"{'CAMERA_1': ['color', 'camera_type', 'weight'], 'CAMERA_2': [], 'CAMERA_3': []}",C_SILENT_OR_BACKCHANNEL,CAMERA_1,NONE,alright,S_INTRODUCES_FEATURE,CAMERA_1,weight,This one weighs 120 grams.,16~25
274,7,NONE,['CAMERA_1'],"{'CAMERA_1': ['color', 'camera_type', 'weight'], 'CAMERA_2': [], 'CAMERA_3': []}",C_THANK_YOU,CAMERA_1,NONE,thank you for your help,S_THANK_YOU,CAMERA_1,NONE,thank you very much,
274,8,NONE,['CAMERA_1'],"{'CAMERA_1': ['color', 'camera_type', 'weight'], 'CAMERA_2': [], 'CAMERA_3': []}",C_LEAVES,DOOR,NONE,,S_RETURNS_TO_COUNTER,SERVICE_COUNTER,NONE,,
275,1,NONE,[],"{'CAMERA_1': [], 'CAMERA_2': [], 'CAMERA_3': []}",C_ENTERS,DOOR,NONE,,S_NONE,SERVICE_COUNTER,NONE,,
275,2,NONE,[],"{'CAMERA_1': [], 'CAMERA_2': [], 'CAMERA_3': []}",C_GREETS,MIDDLE,NONE,hello,S_GREETS,MIDDLE,NONE,can I help you?,
275,3,CAMERA_2,['CAMERA_2'],"{'CAMERA_1': [], 'CAMERA_2': [], 'CAMERA_3': []}",C_LOOKING_FOR_A_CAMERA,MIDDLE,NONE,I'm looking for a camera,S_INTRODUCES_CAMERA,CAMERA_2,,Let me show you this. Here we have the Sony Alpha a6000.,39~55
275,4,CAMERA_2,['CAMERA_2'],"{'CAMERA_1': [], 'CAMERA_2': ['effects'], 'CAMERA_3': []}",C_SILENT_OR_BACKCHANNEL,CAMERA_2,NONE,I see,S_INTRODUCES_FEATURE,CAMERA_2,effects,"This one has 13 artistic effect modes (e.g. toy camera, soft focus).",13~67
275,5,CAMERA_2,['CAMERA_2'],"{'CAMERA_1': [], 'CAMERA_2': ['effects', 'long_exposure'], 'CAMERA_3': []}",C_SILENT_OR_BACKCHANNEL,CAMERA_2,NONE,alright,S_INTRODUCES_FEATURE,CAMERA_2,long_exposure,This one can take long exposures up to up to 30 seconds.,39~55
275,6,CAMERA_2,['CAMERA_2'],"{'CAMERA_1': [], 'CAMERA_2': ['effects', 'long_exposure', 'autofocus_points'], 'CAMERA_3': []}",C_SILENT_OR_BACKCHANNEL,CAMERA_2,NONE,I see,S_INTRODUCES_FEATURE,CAMERA_2,autofocus_points,This one has 179 autofocus points.,13~33
275,7,CAMERA_2,['CAMERA_2'],"{'CAMERA_1': [], 'CAMERA_2': ['effects', 'long_exposure', 'autofocus_points', 'sensor_size'], 'CAMERA_3': []}",C_SILENT_OR_BACKCHANNEL,CAMERA_2,NONE,alright,S_INTRODUCES_FEATURE,CAMERA_2,sensor_size,This one has a APS-C sensor (crop sensor).,15~41
275,8,CAMERA_2,['CAMERA_2'],"{'CAMERA_1': [], 'CAMERA_2': ['effects', 'long_exposure', 'autofocus_points', 'sensor_size', 'resolution'], 'CAMERA_3': []}",C_QUESTION_ABOUT_FEATURE,CAMERA_2,resolution,what is the resolution,S_NOT_SURE,CAMERA_2,,I'm not really sure about that,
275,9,CAMERA_2,['CAMERA_2'],"{'CAMERA_1': [], 'CAMERA_2': ['effects', 'long_exposure', 'autofocus_points', 'sensor_size', 'resolution', 'preset_modes'], 'CAMERA_3': []}",C_QUESTION_ABOUT_FEATURE,CAMERA_2,preset_modes,does it have preset modes,S_ANSWERS_QUESTION_ABOUT_FEATURE,CAMERA_2,preset_modes,"This one has 9 preset modes (e.g. beach, snow, night, portrait).",13~63
275,10,NONE,['CAMERA_2'],"{'CAMERA_1': [], 'CAMERA_2': ['effects', 'long_exposure', 'autofocus_points', 'sensor_size', 'resolution', 'preset_modes'], 'CAMERA_3': []}",C_THANK_YOU,CAMERA_2,NONE,thank you for your help,S_THANK_YOU,CAMERA_2,NONE,thank you very much,
275,11,NONE,['CAMERA_2'],"{'CAMERA_1': [], 'CAMERA_2': ['effects', 'long_exposure', 'autofocus_points', 'sensor_size', 'resolution', 'preset_modes'], 'CAMERA_3': []}",C_LEAVES,DOOR,NONE,,S_RETURNS_TO_COUNTER,SERVICE_COUNTER,NONE,,
276,1,NONE,[],"{'CAMERA_1': [], 'CAMERA_2': [], 'CAMERA_3': []}",C_ENTERS,DOOR,NONE,,S_NONE,SERVICE_COUNTER,NONE,,
276,2,NONE,[],"{'CAMERA_1': [], 'CAMERA_2': [], 'CAMERA_3': []}",C_WALKS_TO_CAMERA,CAMERA_3,NONE,,S_GREETS,CAMERA_3,NONE,can I help you?,
276,3,CAMERA_3,['CAMERA_3'],"{'CAMERA_1': [], 'CAMERA_2': [], 'CAMERA_3': []}",C_LOOKING_FOR_A_CAMERA,CAMERA_3,NONE,I'm looking for a camera,S_INTRODUCES_CAMERA,CAMERA_3,,Let me show you this. Here we have the Canon EOS 5D Mark III.,39~60
276,4,CAMERA_3,['CAMERA_3'],"{'CAMERA_1': [], 'CAMERA_2': [], 'CAMERA_3': ['autofocus_points']}",C_SILENT_OR_BACKCHANNEL,CAMERA_3,NONE,I see,S_INTRODUCES_FEATURE,CAMERA_3,autofocus_points,This one has 61 autofocus points.,13~32
276,5,CAMERA_2,"['CAMERA_3', 'CAMERA_2']","{'CAMERA_1': [], 'CAMERA_2': [], 'CAMERA_3': ['autofocus_points']}",C_ANYTHING_ELSE_AVAILABLE,CAMERA_3,NONE,ok do you have any other cameras,S_INTRODUCES_CAMERA,CAMERA_2,,Let me show you this. Here we have the Sony Alpha a6000.,39~55
276,6,CAMERA_2,"['CAMERA_3', 'CAMERA_2']","{'CAMERA_1': [], 'CAMERA_2': ['price'], 'CAMERA_3': ['autofocus_points']}",C_QUESTION_ABOUT_FEATURE,CAMERA_2,price,how much does it cost,S_ANSWERS_QUESTION_ABOUT_FEATURE,CAMERA_2,price,This one costs $1341.,15~20
276,7,CAMERA_2,"['CAMERA_3', 'CAMERA_2']","{'CAMERA_1': [], 'CAMERA_2': ['price', 'long_exposure'], 'CAMERA_3': ['autofocus_points']}",C_QUESTION_ABOUT_FEATURE,CAMERA_2,long_exposure,can it take long exposure shots,S_ANSWERS_QUESTION_ABOUT_FEATURE,CAMERA_2,long_exposure,This one can take long exposures up to up to 30 seconds.,39~55
276,8,CAMERA_2,"['CAMERA_3', 'CAMERA_2']","{'CAMERA_1': [], 'CAMERA_2': ['price', 'long_exposure', 'autofocus_points'], 'CAMERA_3': ['autofocus_points']}",C_SILENT_OR_BACKCHANNEL,CAMERA_2,NONE,okay,S_INTRODUCES_FEATURE,CAMERA_2,autofocus_points,This one has 179 autofocus points.,13~33
276,9,CAMERA_2,"['CAMERA_3', 'CAMERA_2']","{'CAMERA_1': [], 'CAMERA_2': ['price', 'long_exposure', 'autofocus_points', 'preset_modes'], 'CAMERA_3': ['autofocus_points']}",C_SILENT_OR_BACKCHANNEL,CAMERA_2,NONE,okay,S_INTRODUCES_FEATURE,CAMERA_2,preset_modes,"This one has 9 preset modes (e.g. beach, snow, night, portrait).",13~63
276,10,CAMERA_2,"['CAMERA_3', 'CAMERA_2']","{'CAMERA_1': [], 'CAMERA_2': ['price', 'long_exposure', 'autofocus_points', 'preset_modes', 'camera_type'], 'CAMERA_3': ['autofocus_points']}",C_QUESTION_ABOUT_FEATURE,CAMERA_2,camera_type,what kind of camera is this,S_ANSWERS_QUESTION_ABOUT_FEATURE,CAMERA_2,camera_type,This is a mirrorless camera.,10~20
276,11,CAMERA_2,"['CAMERA_3', 'CAMERA_2']","{'CAMERA_1': [], 'CAMERA_2': ['price', 'long_exposure', 'autofocus_points', 'preset_modes', 'camera_type', 'ISO'], 'CAMERA_3': ['autofocus_points']}",C_QUESTION_ABOUT_FEATURE,CAMERA_2,ISO,what is the ISO,S_ANSWERS_QUESTION_ABOUT_FEATURE,CAMERA_2,ISO,This one has up to 3200 ISO with little noise.,13~45
276,12,CAMERA_2,"['CAMERA_3', 'CAMERA_2']","{'CAMERA_1': [], 'CAMERA_2': ['price', 'long_exposure', 'autofocus_points', 'preset_modes', 'camera_type', 'ISO', 'settings'], 'CAMERA_3': ['autofocus_points']}",C_SILENT_OR_BACKCHANNEL,CAMERA_2,NONE,alright,S_INTRODUCES_FEATURE,CAMERA_2,settings,This one has full manual control.,13~32
276,13,CAMERA_2,"['CAMERA_3', 'CAMERA_2']","{'CAMERA_1': [], 'CAMERA_2': ['price', 'long_exposure', 'autofocus_points', 'preset_modes', 'camera_type', 'ISO', 'settings', 'weight'], 'CAMERA_3': ['autofocus_points']}",C_SILENT_OR_BACKCHANNEL,CAMERA_2,NONE,okay,S_INTRODUCES_FEATURE,CAMERA_2,weight,This one weighs 470 grams.,16~25
276,14,CAMERA_2,"['CAMERA_3', 'CAMERA_2']","{'CAMERA_1': [], 'CAMERA_2': ['price', 'long_exposure', 'autofocus_points', 'preset_modes', 'camera_type', 'ISO', 'settings', 'weight', 'sensor_size'], 'CAMERA_3': ['autofocus_points']}",C_SILENT_OR_BACKCHANNEL,CAMERA_2,NONE,I see,S_INTRODUCES_FEATURE,CAMERA_2,sensor_size,This one has a APS-C sensor (crop sensor).,15~41
276,15,CAMERA_2,"['CAMERA_3', 'CAMERA_2']","{'CAMERA_1': [], 'CAMERA_2': ['price', 'long_exposure', 'autofocus_points', 'preset_modes', 'camera_type', 'ISO', 'settings', 'weight', 'sensor_size', 'color'], 'CAMERA_3': ['autofocus_points']}",C_QUESTION_ABOUT_FEATURE,CAMERA_2,color,what colors does this one come in,S_ANSWERS_QUESTION_ABOUT_FEATURE,CAMERA_2,color,"This one comes in white, silver, black.",18~38
276,16,CAMERA_2,"['CAMERA_3', 'CAMERA_2']","{'CAMERA_1': [], 'CAMERA_2': ['price', 'long_exposure', 'autofocus_points', 'preset_modes', 'camera_type', 'ISO', 'settings', 'weight', 'sensor_size', 'color', 'effects'], 'CAMERA_3': ['autofocus_points']}",C_QUESTION_ABOUT_FEATURE,CAMERA_2,effects,does it have any effect modes,S_ANSWERS_QUESTION_ABOUT_FEATURE,CAMERA_2,effects,"This one has 13 artistic effect modes (e.g. toy camera, soft focus).",13~67
276,17,NONE,"['CAMERA_3', 'CAMERA_2']","{'CAMERA_1': [], 'CAMERA_2': ['price', 'long_exposure', 'autofocus_points', 'preset_modes', 'camera_type', 'ISO', 'settings', 'weight', 'sensor_size', 'color', 'effects'], 'CAMERA_3': ['autofocus_points']}",C_THANK_YOU,CAMERA_2,NONE,thank you for your help,S_THANK_YOU,CAMERA_2,NONE,thank you very much,
276,18,NONE,"['CAMERA_3', 'CAMERA_2']","{'CAMERA_1': [], 'CAMERA_2': ['price', 'long_exposure', 'autofocus_points', 'preset_modes', 'camera_type', 'ISO', 'settings', 'weight', 'sensor_size', 'color', 'effects'], 'CAMERA_3': ['autofocus_points']}",C_LEAVES,DOOR,NONE,,S_RETURNS_TO_COUNTER,SERVICE_COUNTER,NONE,,
277,1,NONE,[],"{'CAMERA_1': [], 'CAMERA_2': [], 'CAMERA_3': []}",C_ENTERS,DOOR,NONE,,S_NONE,SERVICE_COUNTER,NONE,,
277,2,NONE,[],"{'CAMERA_1': [], 'CAMERA_2': [], 'CAMERA_3': []}",C_GREETS,MIDDLE,NONE,hello,S_GREETS,MIDDLE,NONE,can I help you?,
277,3,CAMERA_3,['CAMERA_3'],"{'CAMERA_1': [], 'CAMERA_2': [], 'CAMERA_3': []}",C_LOOKING_FOR_A_CAMERA,MIDDLE,NONE,I'm looking for a camera,S_INTRODUCES_CAMERA,CAMERA_3,,Let me show you this. Here we have the Canon EOS 5D Mark III.,39~60
277,4,CAMERA_3,['CAMERA_3'],"{'CAMERA_1': [], 'CAMERA_2': [], 'CAMERA_3': ['preset_modes']}",C_QUESTION_ABOUT_FEATURE,CAMERA_3,preset_modes,does it have preset modes,S_NOT_SURE,CAMERA_3,,I'm not really sure about that,
277,5,CAMERA_3,['CAMERA_3'],"{'CAMERA_1': [], 'CAMERA_2': [], 'CAMERA_3': ['preset_modes', 'effects']}",C_QUESTION_ABOUT_FEATURE,CAMERA_3,effects,does it have any effect modes,S_NOT_SURE,CAMERA_3,,I'm not really sure about that,
277,6,CAMERA_3,['CAMERA_3'],"{'CAMERA_1': [], 'CAMERA_2': [], 'CAMERA_3': ['preset_modes', 'effects', 'weight']}",C_QUESTION_ABOUT_FEATURE,CAMERA_3,weight,how much does this one weigh,S_ANSWERS_QUESTION_ABOUT_FEATURE,CAMERA_3,weight,This one weighs 950 grams (only body).,16~37
277,7,CAMERA_3,['CAMERA_3'],"{'CAMERA_1': [], 'CAMERA_2': [], 'CAMERA_3': ['preset_modes', 'effects', 'weight', 'long_exposure']}",C_QUESTION_ABOUT_FEATURE,CAMERA_3,long_exposure,can it take long exposure shots,S_ANSWERS_QUESTION_ABOUT_FEATURE,CAMERA_3,long_exposure,"This one can take long exposures up to up to 30 seconds, bulb mode: expose as long as you want.",39~94
277,8,CAMERA_3,['CAMERA_3'],"{'CAMERA_1': [], 'CAMERA_2': [], 'CAMERA_3': ['preset_modes', 'effects', 'weight', 'long_exposure', 'price']}",C_SILENT_OR_BACKCHANNEL,CAMERA_3,NONE,alright,S_INTRODUCES_FEATURE,CAMERA_3,price,This one costs $3706.,15~20
277,9,CAMERA_3,['CAMERA_3'],"{'CAMERA_1': [], 'CAMERA_2': [], 'CAMERA_3': ['preset_modes', 'effects', 'weight', 'long_exposure', 'price', 'color']}",C_SILENT_OR_BACKCHANNEL,CAMERA_3,NONE,alright,S_INTRODUCES_FEATURE,CAMERA_3,color,This one comes in black.,18~23
277,10,CAMERA_1,"['CAMERA_3', 'CAMERA_1']","{'CAMERA_1': [], 'CAMERA_2': [], 'CAMERA_3': ['preset_modes', 'effects', 'weight', 'long_exposure', 'price', 'color']}",C_ANYTHING_ELSE_AVAILABLE,CAMERA_3,NONE,ok do you have any other cameras,S_INTRODUCES_CAMERA,CAMERA_1,,Let me show you this. Here we have the Nikon Coolpix S2800.,39~58
277,11,CAMERA_1,"['CAMERA_3', 'CAMERA_1']","{'CAMERA_1': ['resolution'], 'CAMERA_2': [], 'CAMERA_3': ['preset_modes', 'effects', 'weight', 'long_exposure', 'price', 'color']}",C_SILENT_OR_BACKCHANNEL,CAMERA_1,NONE,I see,S_INTRODUCES_FEATURE,CAMERA_1,resolution,This one has 20.1 megapixels resolution.,13~28
277,12,CAMERA_1,"['CAMERA_3', 'CAMERA_1']","{'CAMERA_1': ['resolution', 'ISO'], 'CAMERA_2': [], 'CAMERA_3': ['preset_modes', 'effects', 'weight', 'long_exposure', 'price', 'color']}",C_QUESTION_ABOUT_FEATURE,CAMERA_1,ISO,what is the ISO,S_NOT_SURE,CAMERA_1,,I'm not really sure about that,
277,13,CAMERA_1,"['CAMERA_3', 'CAMERA_1']","{'CAMERA_1': ['resolution', 'ISO', 'price'], 'CAMERA_2': [], 'CAMERA_3': ['preset_modes', 'effects', 'weight', 'long_exposure', 'price', 'color']}",C_SILENT_OR_BACKCHANNEL,CAMERA_1,NONE,okay,S_INTRODUCES_FEATURE,CAMERA_1,price,This one costs $2173.,15~20
277,14,NONE,"['CAMERA_3', 'CAMERA_1']","{'CAMERA_1': ['resolution', 'ISO', 'price'], 'CAMERA_2': [], 'CAMERA_3': ['preset_modes', 'effects', 'weight', 'long_exposure', 'price', 'color']}",C_THANK_YOU,CAMERA_1,NONE,thank you for your help,S_THANK_YOU,CAMERA_1,NONE,thank you very much,
277,15,NONE,"['CAMERA_3', 'CAMERA_1']","{'CAMERA_1': ['resolution', 'ISO', 'price'], 'CAMERA_2': [], 'CAMERA_3': ['preset_modes', 'effects', 'weight', 'long_exposure', 'price', 'color']}",C_LEAVES,DOOR,NONE,,S_RETURNS_TO_COUNTER,SERVICE_COUNTER,NONE,,
278,1,NONE,[],"{'CAMERA_1': [], 'CAMERA_2': [], 'CAMERA_3': []}",C_ENTERS,DOOR,NONE,,S_NONE,SERVICE_COUNTER,NONE,,
278,2,NONE,[],"{'CAMERA_1': [], 'CAMERA_2': [], 'CAMERA_3': []}",C_GREETS,MIDDLE,NONE,hello,S_GREETS,MIDDLE,NONE,can I help you?,
278,3,CAMERA_1,['CAMERA_1'],"{'CAMERA_1': [], 'CAMERA_2': [], 'CAMERA_3': []}",C_LOOKING_FOR_A_CAMERA,MIDDLE,NONE,I'm looking for a camera,S_INTRODUCES_CAMERA,CAMERA_1,,Let me show you this. Here we have the Nikon Coolpix S2800.,39~58
278,4,CAMERA_1,['CAMERA_1'],"{'CAMERA_1': ['price'], 'CAMERA_2': [], 'CAMERA_3': []}",C_QUESTION_ABOUT_FEATURE,CAMERA_1,price,how much does it cost,S_ANSWERS_QUESTION_ABOUT_FEATURE,CAMERA_1,price,This one costs $2173.,15~20
278,5,CAMERA_1,['CAMERA_1'],"{'CAMERA_1': ['price', 'settings'], 'CAMERA_2': [], 'CAMERA_3': []}",C_SILENT_OR_BACKCHANNEL,CAMERA_1,NONE,I see,S_INTRODUCES_FEATURE,CAMERA_1,settings,This one has limited manual settings.,13~36
278,6,CAMERA_1,['CAMERA_1'],"{'CAMERA_1': ['price', 'settings', 'ISO'], 'CAMERA_2': [], 'CAMERA_3': []}",C_QUESTION_ABOUT_FEATURE,CAMERA_1,ISO,what is the ISO,S_NOT_SURE,CAMERA_1,,I'm not really sure about that,
278,7,CAMERA_1,['CAMERA_1'],"{'CAMERA_1': ['price', 'settings', 'ISO', 'long_exposure'], 'CAMERA_2': [], 'CAMERA_3': []}",C_QUESTION_ABOUT_FEATURE,CAMERA_1,long_exposure,can it take long exposure shots,S_NOT_SURE,CAMERA_1,,I'm not really sure about that,
278,8,CAMERA_1,['CAMERA_1'],"{'CAMERA_1': ['price', 'settings', 'ISO', 'long_exposure', 'preset_modes'], 'CAMERA_2': [], 'CAMERA_3': []}",C_QUESTION_ABOUT_FEATURE,CAMERA_1,preset_modes,does it have preset modes,S_ANSWERS_QUESTION_ABOUT_FEATURE,CAMERA_1,preset_modes,"This one has 18 preset modes (e.g. beach, snow, night portrait).",13~63
278,9,CAMERA_1,['CAMERA_1'],"{'CAMERA_1': ['price', 'settings', 'ISO', 'long_exposure', 'preset_modes', 'camera_type'], 'CAMERA_2': [], 'CAMERA_3': []}",C_QUESTION_ABOUT_FEATURE,CAMERA_1,camera_type,what kind of camera is this,S_ANSWERS_QUESTION_ABOUT_FEATURE,CAMERA_1,camera_type,This is a point and shoot camera.,10~25
278,10,CAMERA_1,['CAMERA_1'],"{'CAMERA_1': ['price', 'settings', 'ISO', 'long_exposure', 'preset_modes', 'camera_type', 'resolution'], 'CAMERA_2': [], 'CAMERA_3': []}",C_QUESTION_ABOUT_FEATURE,CAMERA_1,resolution,what is the resolution,S_ANSWERS_QUESTION_ABOUT_FEATURE,CAMERA_1,resolution,This one has 20.1 megapixels resolution.,13~28
278,11,CAMERA_2,"['CAMERA_1', 'CAMERA_2']","{'CAMERA_1': ['price', 'settings', 'ISO', 'long_exposure', 'preset_modes', 'camera_type', 'resolution'], 'CAMERA_2': [], 'CAMERA_3': []}",C_ANYTHING_ELSE_AVAILABLE,CAMERA_1,NONE,ok do you have any other cameras,S_INTRODUCES_CAMERA,CAMERA_2,,Let me show you this. Here we have the Sony Alpha a6000.,39~55
278,12,CAMERA_2,"['CAMERA_1', 'CAMERA_2']","{'CAMERA_1': ['price', 'settings', 'ISO', 'long_exposure', 'preset_modes', 'camera_type', 'resolution'], 'CAMERA_2': ['weight'], 'CAMERA_3': []}",C_QUESTION_ABOUT_FEATURE,CAMERA_2,weight,how much does this one weigh,S_ANSWERS_QUESTION_ABOUT_FEATURE,CAMERA_2,weight,This one weighs 470 grams.,16~25
278,13,CAMERA_2,"['CAMERA_1', 'CAMERA_2']","{'CAMERA_1': ['price', 'settings', 'ISO', 'long_exposure', 'preset_modes', 'camera_type', 'resolution'], 'CAMERA_2': ['weight', 'settings'], 'CAMERA_3': []}",C_SILENT_OR_BACKCHANNEL,CAMERA_2,NONE,alright,S_INTRODUCES_FEATURE,CAMERA_2,settings,This one has full manual control.,13~32
278,14,CAMERA_2,"['CAMERA_1', 'CAMERA_2']","{'CAMERA_1': ['price', 'settings', 'ISO', 'long_exposure', 'preset_modes', 'camera_type', 'resolution'], 'CAMERA_2': ['weight', 'settings', 'color'], 'CAMERA_3': []}",C_QUESTION_ABOUT_FEATURE,CAMERA_2,color,what colors does this one come in,S_ANSWERS_QUESTION_ABOUT_FEATURE,CAMERA_2,color,"This one comes in white, silver, black.",18~38
278,15,NONE,"['CAMERA_1', 'CAMERA_2']","{'CAMERA_1': ['price', 'settings', 'ISO', 'long_exposure', 'preset_modes', 'camera_type', 'resolution'], 'CAMERA_2': ['weight', 'settings', 'color'], 'CAMERA_3': []}",C_THANK_YOU,CAMERA_2,NONE,thank you for your help,S_THANK_YOU,CAMERA_2,NONE,thank you very much,
278,16,NONE,"['CAMERA_1', 'CAMERA_2']","{'CAMERA_1': ['price', 'settings', 'ISO', 'long_exposure', 'preset_modes', 'camera_type', 'resolution'], 'CAMERA_2': ['weight', 'settings', 'color'], 'CAMERA_3': []}",C_LEAVES,DOOR,NONE,,S_RETURNS_TO_COUNTER,SERVICE_COUNTER,NONE,,
279,1,NONE,[],"{'CAMERA_1': [], 'CAMERA_2': [], 'CAMERA_3': []}",C_ENTERS,DOOR,NONE,,S_NONE,SERVICE_COUNTER,NONE,,
279,2,NONE,[],"{'CAMERA_1': [], 'CAMERA_2': [], 'CAMERA_3': []}",C_WALKS_TO_CAMERA,CAMERA_2,NONE,,S_NONE,SERVICE_COUNTER,NONE,,
279,3,CAMERA_2,['CAMERA_2'],"{'CAMERA_1': [], 'CAMERA_2': ['price'], 'CAMERA_3': []}",C_QUESTION_ABOUT_FEATURE,CAMERA_2,price,how much does it cost,S_ANSWERS_QUESTION_ABOUT_FEATURE,CAMERA_2,price,This one costs $1341.,15~20
279,4,CAMERA_2,['CAMERA_2'],"{'CAMERA_1': [], 'CAMERA_2': ['price', 'settings'], 'CAMERA_3': []}",C_SILENT_OR_BACKCHANNEL,CAMERA_2,NONE,alright,S_INTRODUCES_FEATURE,CAMERA_2,settings,This one has full manual control.,13~32
279,5,CAMERA_1,"['CAMERA_2', 'CAMERA_1']","{'CAMERA_1': [], 'CAMERA_2': ['price', 'settings'], 'CAMERA_3': []}",C_ANYTHING_ELSE_AVAILABLE,CAMERA_2,NONE,ok do you have any other cameras,S_INTRODUCES_CAMERA,CAMERA_1,,Let me show you this. Here we have the Nikon Coolpix S2800.,39~58
279,6,CAMERA_1,"['CAMERA_2', 'CAMERA_1']","{'CAMERA_1': ['camera_type'], 'CAMERA_2': ['price', 'settings'], 'CAMERA_3': []}",C_SILENT_OR_BACKCHANNEL,CAMERA_1,NONE,I see,S_INTRODUCES_FEATURE,CAMERA_1,camera_type,This is a point and shoot camera.,10~25
279,7,CAMERA_1,"['CAMERA_2', 'CAMERA_1']","{'CAMERA_1': ['camera_type', 'long_exposure'], 'CAMERA_2': ['price', 'settings'], 'CAMERA_3': []}",C_QUESTION_ABOUT_FEATURE,CAMERA_1,long_exposure,can it take long exposure shots,S_NOT_SURE,CAMERA_1,,I'm not really sure about that,
279,8,CAMERA_1,"['CAMERA_2', 'CAMERA_1']","{'CAMERA_1': ['camera_type', 'long_exposure', 'color'], 'CAMERA_2': ['price', 'settings'], 'CAMERA_3': []}",C_QUESTION_ABOUT_FEATURE,CAMERA_1,color,what colors does this one come in,S_ANSWERS_QUESTION_ABOUT_FEATURE,CAMERA_1,color,"This one comes in purple, pink, black, silver, red.",18~50
279,9,CAMERA_1,"['CAMERA_2', 'CAMERA_1']","{'CAMERA_1': ['camera_type', 'long_exposure', 'color', 'price'], 'CAMERA_2': ['price', 'settings'], 'CAMERA_3': []}",C_QUESTION_ABOUT_FEATURE,CAMERA_1,price,how much does it cost,S_ANSWERS_QUESTION_ABOUT_FEATURE,CAMERA_1,price,This one costs $2173.,15~20
279,10,CAMERA_1,"['CAMERA_2', 'CAMERA_1']","{'CAMERA_1': ['camera_type', 'long_exposure', 'color', 'price', 'weight'], 'CAMERA_2': ['price', 'settings'], 'CAMERA_3': []}",C_QUESTION_ABOUT_FEATURE,CAMERA_1,weight,how much does this one weigh,S_ANSWERS_QUESTION_ABOUT_FEATURE,CAMERA_1,weight,This one weighs 120 grams.,16~25
279,11,CAMERA_1,"['CAMERA_2', 'CAMERA_1']","{'CAMERA_1': ['camera_type', 'long_exposure', 'color', 'price', 'weight', 'resolution'], 'CAMERA_2': ['price', 'settings'], 'CAMERA_3': []}",C_SILENT_OR_BACKCHANNEL,CAMERA_1,NONE,alright,S_INTRODUCES_FEATURE,CAMERA_1,resolution,This one has 20.1 megapixels resolution.,13~28
279,12,CAMERA_1,"['CAMERA_2', 'CAMERA_1']","{'CAMERA_1': ['camera_type', 'long_exposure', 'color', 'price', 'weight', 'resolution', 'settings'], 'CAMERA_2': ['price', 'settings'], 'CAMERA_3': []}",C_SILENT_OR_BACKCHANNEL,CAMERA_1,NONE,okay,S_INTRODUCES_FEATURE,CAMERA_1,settings,This one has limited manual settings.,13~36
279,13,CAMERA_1,"['CAMERA_2', 'CAMERA_1']","{'CAMERA_1': ['camera_type', 'long_exposure', 'color', 'price', 'weight', 'resolution', 'settings', 'optical_zoom'], 'CAMERA_2': ['price', 'settings'], 'CAMERA_3': []}",C_SILENT_OR_BACKCHANNEL,CAMERA_1,NONE,I see,S_INTRODUCES_FEATURE,CAMERA_1,optical_zoom,This one has 5x optical zoom.,13~28
279,14,NONE,"['CAMERA_2', 'CAMERA_1']","{'CAMERA_1': ['camera_type', 'long_exposure', 'color', 'price', 'weight', 'resolution', 'settings', 'optical_zoom'], 'CAMERA_2': ['price', 'settings'], 'CAMERA_3': []}",C_THANK_YOU,CAMERA_1,NONE,thank you for your help,S_THANK_YOU,CAMERA_1,NONE,thank you very much,
279,15,NONE,"['CAMERA_2', 'CAMERA_1']","{'CAMERA_1': ['camera_type', 'long_exposure', 'color', 'price', 'weight', 'resolution', 'settings', 'optical_zoom'], 'CAMERA_2': ['price', 'settings'], 'CAMERA_3': []}",C_LEAVES,DOOR,NONE,,S_RETURNS_TO_COUNTER,SERVICE_COUNTER,NONE,,
280,1,NONE,[],"{'CAMERA_1': [], 'CAMERA_2': [], 'CAMERA_3': []}",C_ENTERS,DOOR,NONE,,S_NONE,SERVICE_COUNTER,NONE,,
280,2,NONE,[],"{'CAMERA_1': [], 'CAMERA_2': [], 'CAMERA_3': []}",C_WALKS_TO_CAMERA,CAMERA_2,NONE,,S_GREETS,CAMERA_2,NONE,can I help you?,
280,3,CAMERA_2,['CAMERA_2'],"{'CAMERA_1': [], 'CAMERA_2': [], 'CAMERA_3': []}",C_LOOKING_FOR_A_CAMERA,CAMERA_2,NONE,I'm looking for a camera,S_INTRODUCES_CAMERA,CAMERA_2,,Let me show you this. Here we have the Sony Alpha a6000.,39~55
280,4,CAMERA_2,['CAMERA_2'],"{'CAMERA_1': [], 'CAMERA_2': ['settings'], 'CAMERA_3': []}",C_SILENT_OR_BACKCHANNEL,CAMERA_2,NONE,I see,S_INTRODUCES_FEATURE,CAMERA_2,settings,This one has full manual control.,13~32
280,5,CAMERA_2,['CAMERA_2'],"{'CAMERA_1': [], 'CAMERA_2': ['settings', 'preset_modes'], 'CAMERA_3': []}",C_SILENT_OR_BACKCHANNEL,CAMERA_2,NONE,I see,S_INTRODUCES_FEATURE,CAMERA_2,preset_modes,"This one has 9 preset modes (e.g. beach, snow, night, portrait).",13~63
280,6,CAMERA_2,['CAMERA_2'],"{'CAMERA_1': [], 'CAMERA_2': ['settings', 'preset_modes', 'price'], 'CAMERA_3': []}",C_SILENT_OR_BACKCHANNEL,CAMERA_2,NONE,alright,S_INTRODUCES_FEATURE,CAMERA_2,price,This one costs $1341.,15~20
280,7,CAMERA_2,['CAMERA_2'],"{'CAMERA_1': [], 'CAMERA_2': ['settings', 'preset_modes', 'price', 'autofocus_points'], 'CAMERA_3': []}",C_SILENT_OR_BACKCHANNEL,CAMERA_2,NONE,alright,S_INTRODUCES_FEATURE,CAMERA_2,autofocus_points,This one has 179 autofocus points.,13~33
280,8,NONE,['CAMERA_2'],"{'CAMERA_1': [], 'CAMERA_2': ['settings', 'preset_modes', 'price', 'autofocus_points'], 'CAMERA_3': []}",C_THANK_YOU,CAMERA_2,NONE,thank you for your help,S_THANK_YOU,CAMERA_2,NONE,thank you very much,
280,9,NONE,['CAMERA_2'],"{'CAMERA_1': [], 'CAMERA_2': ['settings', 'preset_modes', 'price', 'autofocus_points'], 'CAMERA_3': []}",C_LEAVES,DOOR,NONE,,S_RETURNS_TO_COUNTER,SERVICE_COUNTER,NONE,,
281,1,NONE,[],"{'CAMERA_1': [], 'CAMERA_2': [], 'CAMERA_3': []}",C_ENTERS,DOOR,NONE,,S_NONE,SERVICE_COUNTER,NONE,,
281,2,NONE,[],"{'CAMERA_1': [], 'CAMERA_2': [], 'CAMERA_3': []}",C_WALKS_TO_CAMERA,CAMERA_3,NONE,,S_GREETS,CAMERA_3,NONE,can I help you?,
281,3,CAMERA_1,['CAMERA_1'],"{'CAMERA_1': [], 'CAMERA_2': [], 'CAMERA_3': []}",C_LOOKING_FOR_A_CAMERA,CAMERA_3,NONE,I'm looking for a camera,S_INTRODUCES_CAMERA,CAMERA_1,,Let me show you this. Here we have the Nikon Coolpix S2800.,39~58
281,4,CAMERA_1,['CAMERA_1'],"{'CAMERA_1': ['weight'], 'CAMERA_2': [], 'CAMERA_3': []}",C_SILENT_OR_BACKCHANNEL,CAMERA_1,NONE,okay,S_INTRODUCES_FEATURE,CAMERA_1,weight,This one weighs 120 grams.,16~25
281,5,CAMERA_1,['CAMERA_1'],"{'CAMERA_1': ['weight', 'price'], 'CAMERA_2': [], 'CAMERA_3': []}",C_SILENT_OR_BACKCHANNEL,CAMERA_1,NONE,I see,S_INTRODUCES_FEATURE,CAMERA_1,price,This one costs $2173.,15~20
281,6,CAMERA_1,['CAMERA_1'],"{'CAMERA_1': ['weight', 'price', 'color'], 'CAMERA_2': [], 'CAMERA_3': []}",C_SILENT_OR_BACKCHANNEL,CAMERA_1,NONE,I see,S_INTRODUCES_FEATURE,CAMERA_1,color,"This one comes in purple, pink, black, silver, red.",18~50
281,7,CAMERA_1,['CAMERA_1'],"{'CAMERA_1': ['weight', 'price', 'color', 'ISO'], 'CAMERA_2': [], 'CAMERA_3': []}",C_QUESTION_ABOUT_FEATURE,CAMERA_1,ISO,what is the ISO,S_NOT_SURE,CAMERA_1,,I'm not really sure about that,
281,8,CAMERA_1,['CAMERA_1'],"{'CAMERA_1': ['weight', 'price', 'color', 'ISO', 'sensor_size'], 'CAMERA_2': [], 'CAMERA_3': []}",C_QUESTION_ABOUT_FEATURE,CAMERA_1,sensor_size,what is the sensor size,S_NOT_SURE,CAMERA_1,,I'm not really sure about that,
281,9,CAMERA_1,['CAMERA_1'],"{'CAMERA_1': ['weight', 'price', 'color', 'ISO', 'sensor_size', 'autofocus_points'], 'CAMERA_2': [], 'CAMERA_3': []}",C_QUESTION_ABOUT_FEATURE,CAMERA_1,autofocus_points,how many autofocus points does it have,S_NOT_SURE,CAMERA_1,,I'm not really sure about that,
281,10,CAMERA_3,"['CAMERA_1', 'CAMERA_3']","{'CAMERA_1': ['weight', 'price', 'color', 'ISO', 'sensor_size', 'autofocus_points'], 'CAMERA_2': [], 'CAMERA_3': []}",C_ANYTHING_ELSE_AVAILABLE,CAMERA_1,NONE,ok do you have any other cameras,S_INTRODUCES_CAMERA,CAMERA_3,,Let me show you this. Here we have the Canon EOS 5D Mark III.,39~60
281,11,CAMERA_3,"['CAMERA_1', 'CAMERA_3']","{'CAMERA_1': ['weight', 'price', 'color', 'ISO', 'sensor_size', 'autofocus_points'], 'CAMERA_2': [], 'CAMERA_3': ['autofocus_points']}",C_QUESTION_ABOUT_FEATURE,CAMERA_3,autofocus_points,how many autofocus points does it have,S_ANSWERS_QUESTION_ABOUT_FEATURE,CAMERA_3,autofocus_points,This one has 61 autofocus points.,13~32
281,12,CAMERA_3,"['CAMERA_1', 'CAMERA_3']","{'CAMERA_1': ['weight', 'price', 'color', 'ISO', 'sensor_size', 'autofocus_points'], 'CAMERA_2': [], 'CAMERA_3': ['autofocus_points', 'long_exposure']}",C_QUESTION_ABOUT_FEATURE,CAMERA_3,long_exposure,can it take long exposure shots,S_ANSWERS_QUESTION_ABOUT_FEATURE,CAMERA_3,long_exposure,"This one can take long exposures up to up to 30 seconds, bulb mode: expose as long as you want.",39~94
281,13,NONE,"['CAMERA_1', 'CAMERA_3']","{'CAMERA_1': ['weight', 'price', 'color', 'ISO', 'sensor_size', 'autofocus_points'], 'CAMERA_2': [], 'CAMERA_3': ['autofocus_points', 'long_exposure']}",C_THANK_YOU,CAMERA_3,NONE,thank you for your help,S_THANK_YOU,CAMERA_3,NONE,thank you very much,
281,14,NONE,"['CAMERA_1', 'CAMERA_3']","{'CAMERA_1': ['weight', 'price', 'color', 'ISO', 'sensor_size', 'autofocus_points'], 'CAMERA_2': [], 'CAMERA_3': ['autofocus_points', 'long_exposure']}",C_LEAVES,DOOR,NONE,,S_RETURNS_TO_COUNTER,SERVICE_COUNTER,NONE,,
282,1,NONE,[],"{'CAMERA_1': [], 'CAMERA_2': [], 'CAMERA_3': []}",C_ENTERS,DOOR,NONE,,S_NONE,SERVICE_COUNTER,NONE,,
282,2,NONE,[],"{'CAMERA_1': [], 'CAMERA_2': [], 'CAMERA_3': []}",C_GREETS,MIDDLE,NONE,hello,S_GREETS,MIDDLE,NONE,can I help you?,
282,3,CAMERA_1,['CAMERA_1'],"{'CAMERA_1': [], 'CAMERA_2': [], 'CAMERA_3': []}",C_LOOKING_FOR_A_CAMERA,MIDDLE,NONE,I'm looking for a camera,S_INTRODUCES_CAMERA,CAMERA_1,,Let me show you this. Here we have the Nikon Coolpix S2800.,39~58
282,4,CAMERA_1,['CAMERA_1'],"{'CAMERA_1': ['settings'], 'CAMERA_2': [], 'CAMERA_3': []}",C_QUESTION_ABOUT_FEATURE,CAMERA_1,settings,what kind of settings does it have,S_ANSWERS_QUESTION_ABOUT_FEATURE,CAMERA_1,settings,This one has limited manual settings.,13~36
282,5,CAMERA_1,['CAMERA_1'],"{'CAMERA_1': ['settings', 'resolution'], 'CAMERA_2': [], 'CAMERA_3': []}",C_QUESTION_ABOUT_FEATURE,CAMERA_1,resolution,what is the resolution,S_ANSWERS_QUESTION_ABOUT_FEATURE,CAMERA_1,resolution,This one has 20.1 megapixels resolution.,13~28
282,6,CAMERA_1,['CAMERA_1'],"{'CAMERA_1': ['settings', 'resolution', 'preset_modes'], 'CAMERA_2': [], 'CAMERA_3': []}",C_QUESTION_ABOUT_FEATURE,CAMERA_1,preset_modes,does it have preset modes,S_ANSWERS_QUESTION_ABOUT_FEATURE,CAMERA_1,preset_modes,"This one has 18 preset modes (e.g. beach, snow, night portrait).",13~63
282,7,CAMERA_1,['CAMERA_1'],"{'CAMERA_1': ['settings', 'resolution', 'preset_modes', 'optical_zoom'], 'CAMERA_2': [], 'CAMERA_3': []}",C_SILENT_OR_BACKCHANNEL,CAMERA_1,NONE,okay,S_INTRODUCES_FEATURE,CAMERA_1,optical_zoom,This one has 5x optical zoom.,13~28
282,8,CAMERA_1,['CAMERA_1'],"{'CAMERA_1': ['settings', 'resolution', 'preset_modes', 'optical_zoom', 'color'], 'CAMERA_2': [], 'CAMERA_3': []}",C_QUESTION_ABOUT_FEATURE,CAMERA_1,color,what colors does this one come in,S_ANSWERS_QUESTION_ABOUT_FEATURE,CAMERA_1,color,"This one comes in purple, pink, black, silver, red.",18~50
282,9,CAMERA_1,['CAMERA_1'],"{'CAMERA_1': ['settings', 'resolution', 'preset_modes', 'optical_zoom', 'color', 'camera_type'], 'CAMERA_2': [], 'CAMERA_3': []}",C_SILENT_OR_BACKCHANNEL,CAMERA_1,NONE,okay,S_INTRODUCES_FEATURE,CAMERA_1,camera_type,This is a point and shoot camera.,10~25
282,10,CAMERA_1,['CAMERA_1'],"{'CAMERA_1': ['settings', 'resolution', 'preset_modes', 'optical_zoom', 'color', 'camera_type', 'weight'], 'CAMERA_2': [], 'CAMERA_3': []}",C_SILENT_OR_BACKCHANNEL,CAMERA_1,NONE,I see,S_INTRODUCES_FEATURE,CAMERA_1,weight,This one weighs 120 grams.,16~25
282,11,CAMERA_1,['CAMERA_1'],"{'CAMERA_1': ['settings', 'resolution', 'preset_modes', 'optical_zoom', 'color', 'camera_type', 'weight', 'price'], 'CAMERA_2': [], 'CAMERA_3': []}",C_SILENT_OR_BACKCHANNEL,CAMERA_1,NONE,okay,S_INTRODUCES_FEATURE,CAMERA_1,price,This one costs $2173.,15~20
282,12,CAMERA_1,['CAMERA_1'],"{'CAMERA_1': ['settings', 'resolution', 'preset_modes', 'optical_zoom', 'color', 'camera_type', 'weight', 'price', 'effects'], 'CAMERA_2': [], 'CAMERA_3': []}",C_SILENT_OR_BACKCHANNEL,CAMERA_1,NONE,alright,S_INTRODUCES_FEATURE,CAMERA_1,effects,"This one has 12 glamor retouch effects (e.g. skin softening, small face, big eyes).",13~82
282,13,NONE,['CAMERA_1'],"{'CAMERA_1': ['settings', 'resolution', 'preset_modes', 'optical_zoom', 'color', 'camera_type', 'weight', 'price', 'effects'], 'CAMERA_2': [], 'CAMERA_3': []}",C_THANK_YOU,CAMERA_1,NONE,thank you for your help,S_THANK_YOU,CAMERA_1,NONE,thank you very much,
282,14,NONE,['CAMERA_1'],"{'CAMERA_1': ['settings', 'resolution', 'preset_modes', 'optical_zoom', 'color', 'camera_type', 'weight', 'price', 'effects'], 'CAMERA_2': [], 'CAMERA_3': []}",C_LEAVES,DOOR,NONE,,S_RETURNS_TO_COUNTER,SERVICE_COUNTER,NONE,,
283,1,NONE,[],"{'CAMERA_1': [], 'CAMERA_2': [], 'CAMERA_3': []}",C_ENTERS,DOOR,NONE,,S_NONE,SERVICE_COUNTER,NONE,,
283,2,NONE,[],"{'CAMERA_1': [], 'CAMERA_2': [], 'CAMERA_3': []}",C_GREETS,MIDDLE,NONE,hello,S_GREETS,MIDDLE,NONE,can I help you?,
283,3,CAMERA_1,['CAMERA_1'],"{'CAMERA_1': [], 'CAMERA_2': [], 'CAMERA_3': []}",C_LOOKING_FOR_A_CAMERA,MIDDLE,NONE,I'm looking for a camera,S_INTRODUCES_CAMERA,CAMERA_1,,Let me show you this. Here we have the Nikon Coolpix S2800.,39~58
283,4,CAMERA_1,['CAMERA_1'],"{'CAMERA_1': ['settings'], 'CAMERA_2': [], 'CAMERA_3': []}",C_SILENT_OR_BACKCHANNEL,CAMERA_1,NONE,okay,S_INTRODUCES_FEATURE,CAMERA_1,settings,This one has limited manual settings.,13~36
283,5,CAMERA_1,['CAMERA_1'],"{'CAMERA_1': ['settings', 'effects'], 'CAMERA_2': [], 'CAMERA_3': []}",C_SILENT_OR_BACKCHANNEL,CAMERA_1,NONE,I see,S_INTRODUCES_FEATURE,CAMERA_1,effects,"This one has 12 glamor retouch effects (e.g. skin softening, small face, big eyes).",13~82
283,6,CAMERA_1,['CAMERA_1'],"{'CAMERA_1': ['settings', 'effects', 'price'], 'CAMERA_2': [], 'CAMERA_3': []}",C_SILENT_OR_BACKCHANNEL,CAMERA_1,NONE,alright,S_INTRODUCES_FEATURE,CAMERA_1,price,This one costs $2173.,15~20
283,7,CAMERA_1,['CAMERA_1'],"{'CAMERA_1': ['settings', 'effects', 'price', 'camera_type'], 'CAMERA_2': [], 'CAMERA_3': []}",C_QUESTION_ABOUT_FEATURE,CAMERA_1,camera_type,what kind of camera is this,S_ANSWERS_QUESTION_ABOUT_FEATURE,CAMERA_1,camera_type,This is a point and shoot camera.,10~25
283,8,NONE,['CAMERA_1'],"{'CAMERA_1': ['settings', 'effects', 'price', 'camera_type'], 'CAMERA_2': [], 'CAMERA_3': []}",C_THANK_YOU,CAMERA_1,NONE,thank you for your help,S_THANK_YOU,CAMERA_1,NONE,thank you very much,
283,9,NONE,['CAMERA_1'],"{'CAMERA_1': ['settings', 'effects', 'price', 'camera_type'], 'CAMERA_2': [], 'CAMERA_3': []}",C_LEAVES,DOOR,NONE,,S_RETURNS_TO_COUNTER,SERVICE_COUNTER,NONE,,
284,1,NONE,[],"{'CAMERA_1': [], 'CAMERA_2': [], 'CAMERA_3': []}",C_ENTERS,DOOR,NONE,,S_NONE,SERVICE_COUNTER,NONE,,
284,2,NONE,[],"{'CAMERA_1': [], 'CAMERA_2': [], 'CAMERA_3': []}",C_GREETS,MIDDLE,NONE,hello,S_GREETS,MIDDLE,NONE,can I help you?,
284,3,CAMERA_1,['CAMERA_1'],"{'CAMERA_1': [], 'CAMERA_2': [], 'CAMERA_3': []}",C_LOOKING_FOR_A_CAMERA,MIDDLE,NONE,I'm looking for a camera,S_INTRODUCES_CAMERA,CAMERA_1,,Let me show you this. Here we have the Nikon Coolpix S2800.,39~58
284,4,CAMERA_1,['CAMERA_1'],"{'CAMERA_1': ['resolution'], 'CAMERA_2': [], 'CAMERA_3': []}",C_QUESTION_ABOUT_FEATURE,CAMERA_1,resolution,what is the resolution,S_ANSWERS_QUESTION_ABOUT_FEATURE,CAMERA_1,resolution,This one has 20.1 megapixels resolution.,13~28
284,5,CAMERA_1,['CAMERA_1'],"{'CAMERA_1': ['resolution', 'settings'], 'CAMERA_2': [], 'CAMERA_3': []}",C_QUESTION_ABOUT_FEATURE,CAMERA_1,settings,what kind of settings does it have,S_ANSWERS_QUESTION_ABOUT_FEATURE,CAMERA_1,settings,This one has limited manual settings.,13~36
284,6,CAMERA_1,['CAMERA_1'],"{'CAMERA_1': ['resolution', 'settings', 'weight'], 'CAMERA_2': [], 'CAMERA_3': []}",C_SILENT_OR_BACKCHANNEL,CAMERA_1,NONE,alright,S_INTRODUCES_FEATURE,CAMERA_1,weight,This one weighs 120 grams.,16~25
284,7,CAMERA_1,['CAMERA_1'],"{'CAMERA_1': ['resolution', 'settings', 'weight', 'preset_modes'], 'CAMERA_2': [], 'CAMERA_3': []}",C_SILENT_OR_BACKCHANNEL,CAMERA_1,NONE,I see,S_INTRODUCES_FEATURE,CAMERA_1,preset_modes,"This one has 18 preset modes (e.g. beach, snow, night portrait).",13~63
284,8,CAMERA_1,['CAMERA_1'],"{'CAMERA_1': ['resolution', 'settings', 'weight', 'preset_modes', 'optical_zoom'], 'CAMERA_2': [], 'CAMERA_3': []}",C_QUESTION_ABOUT_FEATURE,CAMERA_1,optical_zoom,does it have optical zoom,S_ANSWERS_QUESTION_ABOUT_FEATURE,CAMERA_1,optical_zoom,This one has 5x optical zoom.,13~28
284,9,CAMERA_1,['CAMERA_1'],"{'CAMERA_1': ['resolution', 'settings', 'weight', 'preset_modes', 'optical_zoom', 'color'], 'CAMERA_2': [], 'CAMERA_3': []}",C_QUESTION_ABOUT_FEATURE,CAMERA_1,color,what colors does this one come in,S_ANSWERS_QUESTION_ABOUT_FEATURE,CAMERA_1,color,"This one comes in purple, pink, black, silver, red.",18~50
284,10,NONE,['CAMERA_1'],"{'CAMERA_1': ['resolution', 'settings', 'weight', 'preset_modes', 'optical_zoom', 'color'], 'CAMERA_2': [], 'CAMERA_3': []}",C_THANK_YOU,CAMERA_1,NONE,thank you for your help,S_THANK_YOU,CAMERA_1,NONE,thank you very much,
284,11,NONE,['CAMERA_1'],"{'CAMERA_1': ['resolution', 'settings', 'weight', 'preset_modes', 'optical_zoom', 'color'], 'CAMERA_2': [], 'CAMERA_3': []}",C_LEAVES,DOOR,NONE,,S_RETURNS_TO_COUNTER,SERVICE_COUNTER,NONE,,
285,1,NONE,[],"{'CAMERA_1': [], 'CAMERA_2': [], 'CAMERA_3': []}",C_ENTERS,DOOR,NONE,,S_NONE,SERVICE_COUNTER,NONE,,
285,2,NONE,[],"{'CAMERA_1': [], 'CAMERA_2': [], 'CAMERA_3': []}",C_GREETS,MIDDLE,NONE,hello,S_GREETS,MIDDLE,NONE,can I help you?,
285,3,CAMERA_1,['CAMERA_1'],"{'CAMERA_1': [], 'CAMERA_2': [], 'CAMERA_3': []}",C_LOOKING_FOR_A_CAMERA,MIDDLE,NONE,I'm looking for a camera,S_INTRODUCES_CAMERA,CAMERA_1,,Let me show you this. Here we have the Nikon Coolpix S2800.,39~58
285,4,CAMERA_1,['CAMERA_1'],"{'CAMERA_1': ['preset_modes'], 'CAMERA_2': [], 'CAMERA_3': []}",C_QUESTION_ABOUT_FEATURE,CAMERA_1,preset_modes,does it have preset modes,S_ANSWERS_QUESTION_ABOUT_FEATURE,CAMERA_1,preset_modes,"This one has 18 preset modes (e.g. beach, snow, night portrait).",13~63
285,5,CAMERA_1,['CAMERA_1'],"{'CAMERA_1': ['preset_modes', 'weight'], 'CAMERA_2': [], 'CAMERA_3': []}",C_SILENT_OR_BACKCHANNEL,CAMERA_1,NONE,okay,S_INTRODUCES_FEATURE,CAMERA_1,weight,This one weighs 120 grams.,16~25
285,6,NONE,['CAMERA_1'],"{'CAMERA_1': ['preset_modes', 'weight'], 'CAMERA_2': [], 'CAMERA_3': []}",C_THANK_YOU,CAMERA_1,NONE,thank you for your help,S_THANK_YOU,CAMERA_1,NONE,thank you very much,
285,7,NONE,['CAMERA_1'],"{'CAMERA_1': ['preset_modes', 'weight'], 'CAMERA_2': [], 'CAMERA_3': []}",C_LEAVES,DOOR,NONE,,S_RETURNS_TO_COUNTER,SERVICE_COUNTER,NONE,,
286,1,NONE,[],"{'CAMERA_1': [], 'CAMERA_2': [], 'CAMERA_3': []}",C_ENTERS,DOOR,NONE,,S_NONE,SERVICE_COUNTER,NONE,,
286,2,NONE,[],"{'CAMERA_1': [], 'CAMERA_2': [], 'CAMERA_3': []}",C_GREETS,MIDDLE,NONE,hello,S_GREETS,MIDDLE,NONE,can I help you?,
286,3,CAMERA_1,['CAMERA_1'],"{'CAMERA_1': [], 'CAMERA_2': [], 'CAMERA_3': []}",C_LOOKING_FOR_A_CAMERA,MIDDLE,NONE,I'm looking for a camera,S_INTRODUCES_CAMERA,CAMERA_1,,Let me show you this. Here we have the Nikon Coolpix S2800.,39~58
286,4,CAMERA_1,['CAMERA_1'],"{'CAMERA_1': ['effects'], 'CAMERA_2': [], 'CAMERA_3': []}",C_QUESTION_ABOUT_FEATURE,CAMERA_1,effects,does it have any effect modes,S_ANSWERS_QUESTION_ABOUT_FEATURE,CAMERA_1,effects,"This one has 12 glamor retouch effects (e.g. skin softening, small face, big eyes).",13~82
286,5,NONE,['CAMERA_1'],"{'CAMERA_1': ['effects'], 'CAMERA_2': [], 'CAMERA_3': []}",C_THANK_YOU,CAMERA_1,NONE,thank you for your help,S_THANK_YOU,CAMERA_1,NONE,thank you very much,
286,6,NONE,['CAMERA_1'],"{'CAMERA_1': ['effects'], 'CAMERA_2': [], 'CAMERA_3': []}",C_LEAVES,DOOR,NONE,,S_RETURNS_TO_COUNTER,SERVICE_COUNTER,NONE,,
287,1,NONE,[],"{'CAMERA_1': [], 'CAMERA_2': [], 'CAMERA_3': []}",C_ENTERS,DOOR,NONE,,S_NONE,SERVICE_COUNTER,NONE,,
287,2,NONE,[],"{'CAMERA_1': [], 'CAMERA_2': [], 'CAMERA_3': []}",C_WALKS_TO_CAMERA,CAMERA_2,NONE,,S_GREETS,CAMERA_2,NONE,can I help you?,
287,3,CAMERA_2,['CAMERA_2'],"{'CAMERA_1': [], 'CAMERA_2': [], 'CAMERA_3': []}",C_LOOKING_FOR_A_CAMERA,CAMERA_2,NONE,I'm looking for a camera,S_INTRODUCES_CAMERA,CAMERA_2,,Let me show you this. Here we have the Sony Alpha a6000.,39~55
287,4,CAMERA_2,['CAMERA_2'],"{'CAMERA_1': [], 'CAMERA_2': ['autofocus_points'], 'CAMERA_3': []}",C_QUESTION_ABOUT_FEATURE,CAMERA_2,autofocus_points,how many autofocus points does it have,S_ANSWERS_QUESTION_ABOUT_FEATURE,CAMERA_2,autofocus_points,This one has 179 autofocus points.,13~33
287,5,NONE,['CAMERA_2'],"{'CAMERA_1': [], 'CAMERA_2': ['autofocus_points'], 'CAMERA_3': []}",C_THANK_YOU,CAMERA_2,NONE,thank you for your help,S_THANK_YOU,CAMERA_2,NONE,thank you very much,
287,6,NONE,['CAMERA_2'],"{'CAMERA_1': [], 'CAMERA_2': ['autofocus_points'], 'CAMERA_3': []}",C_LEAVES,DOOR,NONE,,S_RETURNS_TO_COUNTER,SERVICE_COUNTER,NONE,,
288,1,NONE,[],"{'CAMERA_1': [], 'CAMERA_2': [], 'CAMERA_3': []}",C_ENTERS,DOOR,NONE,,S_NONE,SERVICE_COUNTER,NONE,,
288,2,NONE,[],"{'CAMERA_1': [], 'CAMERA_2': [], 'CAMERA_3': []}",C_GREETS,MIDDLE,NONE,hello,S_GREETS,MIDDLE,NONE,can I help you?,
288,3,CAMERA_3,['CAMERA_3'],"{'CAMERA_1': [], 'CAMERA_2': [], 'CAMERA_3': []}",C_LOOKING_FOR_A_CAMERA,MIDDLE,NONE,I'm looking for a camera,S_INTRODUCES_CAMERA,CAMERA_3,,Let me show you this. Here we have the Canon EOS 5D Mark III.,39~60
288,4,CAMERA_3,['CAMERA_3'],"{'CAMERA_1': [], 'CAMERA_2': [], 'CAMERA_3': ['autofocus_points']}",C_SILENT_OR_BACKCHANNEL,CAMERA_3,NONE,I see,S_INTRODUCES_FEATURE,CAMERA_3,autofocus_points,This one has 61 autofocus points.,13~32
288,5,CAMERA_3,['CAMERA_3'],"{'CAMERA_1': [], 'CAMERA_2': [], 'CAMERA_3': ['autofocus_points', 'weight']}",C_SILENT_OR_BACKCHANNEL,CAMERA_3,NONE,okay,S_INTRODUCES_FEATURE,CAMERA_3,weight,This one weighs 950 grams (only body).,16~37
288,6,CAMERA_3,['CAMERA_3'],"{'CAMERA_1': [], 'CAMERA_2': [], 'CAMERA_3': ['autofocus_points', 'weight', 'camera_type']}",C_SILENT_OR_BACKCHANNEL,CAMERA_3,NONE,I see,S_INTRODUCES_FEATURE,CAMERA_3,camera_type,This is a DSLR camera.,10~14
288,7,CAMERA_3,['CAMERA_3'],"{'CAMERA_1': [], 'CAMERA_2': [], 'CAMERA_3': ['autofocus_points', 'weight', 'camera_type', 'effects']}",C_QUESTION_ABOUT_FEATURE,CAMERA_3,effects,does it have any effect modes,S_NOT_SURE,CAMERA_3,,I'm not really sure about that,
288,8,CAMERA_3,['CAMERA_3'],"{'CAMERA_1': [], 'CAMERA_2': [], 'CAMERA_3': ['autofocus_points', 'weight', 'camera_type', 'effects', 'price']}",C_SILENT_OR_BACKCHANNEL,CAMERA_3,NONE,alright,S_INTRODUCES_FEATURE,CAMERA_3,price,This one costs $3706.,15~20
288,9,CAMERA_2,"['CAMERA_3', 'CAMERA_2']","{'CAMERA_1': [], 'CAMERA_2': [], 'CAMERA_3': ['autofocus_points', 'weight', 'camera_type', 'effects', 'price']}",C_ANYTHING_ELSE_AVAILABLE,CAMERA_3,NONE,ok do you have any other cameras,S_INTRODUCES_CAMERA,CAMERA_2,,Let me show you this. Here we have the Sony Alpha a6000.,39~55
288,10,CAMERA_2,"['CAMERA_3', 'CAMERA_2']","{'CAMERA_1': [], 'CAMERA_2': ['price'], 'CAMERA_3': ['autofocus_points', 'weight', 'camera_type', 'effects', 'price']}",C_QUESTION_ABOUT_FEATURE,CAMERA_2,price,how much does it cost,S_ANSWERS_QUESTION_ABOUT_FEATURE,CAMERA_2,price,This one costs $1341.,15~20
288,11,CAMERA_2,"['CAMERA_3', 'CAMERA_2']","{'CAMERA_1': [], 'CAMERA_2': ['price', 'preset_modes'], 'CAMERA_3': ['autofocus_points', 'weight', 'camera_type', 'effects', 'price']}",C_SILENT_OR_BACKCHANNEL,CAMERA_2,NONE,okay,S_INTRODUCES_FEATURE,CAMERA_2,preset_modes,"This one has 9 preset modes (e.g. beach, snow, night, portrait).",13~63
288,12,NONE,"['CAMERA_3', 'CAMERA_2']","{'CAMERA_1': [], 'CAMERA_2': ['price', 'preset_modes'], 'CAMERA_3': ['autofocus_points', 'weight', 'camera_type', 'effects', 'price']}",C_THANK_YOU,CAMERA_2,NONE,thank you for your help,S_THANK_YOU,CAMERA_2,NONE,thank you very much,
288,13,NONE,"['CAMERA_3', 'CAMERA_2']","{'CAMERA_1': [], 'CAMERA_2': ['price', 'preset_modes'], 'CAMERA_3': ['autofocus_points', 'weight', 'camera_type', 'effects', 'price']}",C_LEAVES,DOOR,NONE,,S_RETURNS_TO_COUNTER,SERVICE_COUNTER,NONE,,
289,1,NONE,[],"{'CAMERA_1': [], 'CAMERA_2': [], 'CAMERA_3': []}",C_ENTERS,DOOR,NONE,,S_NONE,SERVICE_COUNTER,NONE,,
289,2,NONE,[],"{'CAMERA_1': [], 'CAMERA_2': [], 'CAMERA_3': []}",C_GREETS,MIDDLE,NONE,hello,S_GREETS,MIDDLE,NONE,can I help you?,
289,3,CAMERA_1,['CAMERA_1'],"{'CAMERA_1': [], 'CAMERA_2': [], 'CAMERA_3': []}",C_LOOKING_FOR_A_CAMERA,MIDDLE,NONE,I'm looking for a camera,S_INTRODUCES_CAMERA,CAMERA_1,,Let me show you this. Here we have the Nikon Coolpix S2800.,39~58
289,4,CAMERA_1,['CAMERA_1'],"{'CAMERA_1': ['sensor_size'], 'CAMERA_2': [], 'CAMERA_3': []}",C_QUESTION_ABOUT_FEATURE,CAMERA_1,sensor_size,what is the sensor size,S_NOT_SURE,CAMERA_1,,I'm not really sure about that,
289,5,CAMERA_1,['CAMERA_1'],"{'CAMERA_1': ['sensor_size', 'preset_modes'], 'CAMERA_2': [], 'CAMERA_3': []}",C_SILENT_OR_BACKCHANNEL,CAMERA_1,NONE,I see,S_INTRODUCES_FEATURE,CAMERA_1,preset_modes,"This one has 18 preset modes (e.g. beach, snow, night portrait).",13~63
289,6,CAMERA_1,['CAMERA_1'],"{'CAMERA_1': ['sensor_size', 'preset_modes', 'camera_type'], 'CAMERA_2': [], 'CAMERA_3': []}",C_SILENT_OR_BACKCHANNEL,CAMERA_1,NONE,alright,S_INTRODUCES_FEATURE,CAMERA_1,camera_type,This is a point and shoot camera.,10~25
289,7,CAMERA_2,"['CAMERA_1', 'CAMERA_2']","{'CAMERA_1': ['sensor_size', 'preset_modes', 'camera_type'], 'CAMERA_2': [], 'CAMERA_3': []}",C_ANYTHING_ELSE_AVAILABLE,CAMERA_1,NONE,ok do you have any other cameras,S_INTRODUCES_CAMERA,CAMERA_2,,Let me show you this. Here we have the Sony Alpha a6000.,39~55
289,8,CAMERA_2,"['CAMERA_1', 'CAMERA_2']","{'CAMERA_1': ['sensor_size', 'preset_modes', 'camera_type'], 'CAMERA_2': ['price'], 'CAMERA_3': []}",C_SILENT_OR_BACKCHANNEL,CAMERA_2,NONE,I see,S_INTRODUCES_FEATURE,CAMERA_2,price,This one costs $1341.,15~20
289,9,CAMERA_2,"['CAMERA_1', 'CAMERA_2']","{'CAMERA_1': ['sensor_size', 'preset_modes', 'camera_type'], 'CAMERA_2': ['price', 'camera_type'], 'CAMERA_3': []}",C_SILENT_OR_BACKCHANNEL,CAMERA_2,NONE,okay,S_INTRODUCES_FEATURE,CAMERA_2,camera_type,This is a mirrorless camera.,10~20
289,10,CAMERA_2,"['CAMERA_1', 'CAMERA_2']","{'CAMERA_1': ['sensor_size', 'preset_modes', 'camera_type'], 'CAMERA_2': ['price', 'camera_type', 'effects'], 'CAMERA_3': []}",C_QUESTION_ABOUT_FEATURE,CAMERA_2,effects,does it have any effect modes,S_ANSWERS_QUESTION_ABOUT_FEATURE,CAMERA_2,effects,"This one has 13 artistic effect modes (e.g. toy camera, soft focus).",13~67
289,11,CAMERA_2,"['CAMERA_1', 'CAMERA_2']","{'CAMERA_1': ['sensor_size', 'preset_modes', 'camera_type'], 'CAMERA_2': ['price', 'camera_type', 'effects', 'autofocus_points'], 'CAMERA_3': []}",C_QUESTION_ABOUT_FEATURE,CAMERA_2,autofocus_points,how many autofocus points does it have,S_ANSWERS_QUESTION_ABOUT_FEATURE,CAMERA_2,autofocus_points,This one has 179 autofocus points.,13~33
289,12,CAMERA_2,"['CAMERA_1', 'CAMERA_2']","{'CAMERA_1': ['sensor_size', 'preset_modes', 'camera_type'], 'CAMERA_2': ['price', 'camera_type', 'effects', 'autofocus_points', 'resolution'], 'CAMERA_3': []}",C_QUESTION_ABOUT_FEATURE,CAMERA_2,resolution,what is the resolution,S_NOT_SURE,CAMERA_2,,I'm not really sure about that,
289,13,CAMERA_2,"['CAMERA_1', 'CAMERA_2']","{'CAMERA_1': ['sensor_size', 'preset_modes', 'camera_type'], 'CAMERA_2': ['price', 'camera_type', 'effects', 'autofocus_points', 'resolution', 'optical_zoom'], 'CAMERA_3': []}",C_QUESTION_ABOUT_FEATURE,CAMERA_2,optical_zoom,does it have optical zoom,S_NOT_SURE,CAMERA_2,,I'm not really sure about that,
289,14,NONE,"['CAMERA_1', 'CAMERA_2']","{'CAMERA_1': ['sensor_size', 'preset_modes', 'camera_type'], 'CAMERA_2': ['price', 'camera_type', 'effects', 'autofocus_points', 'resolution', 'optical_zoom'], 'CAMERA_3': []}",C_THANK_YOU,CAMERA_2,NONE,thank you for your help,S_THANK_YOU,CAMERA_2,NONE,thank you very much,
289,15,NONE,"['CAMERA_1', 'CAMERA_2']","{'CAMERA_1': ['sensor_size', 'preset_modes', 'camera_type'], 'CAMERA_2': ['price', 'camera_type', 'effects', 'autofocus_points', 'resolution', 'optical_zoom'], 'CAMERA_3': []}",C_LEAVES,DOOR,NONE,,S_RETURNS_TO_COUNTER,SERVICE_COUNTER,NONE,,
290,1,NONE,[],"{'CAMERA_1': [], 'CAMERA_2': [], 'CAMERA_3': []}",C_ENTERS,DOOR,NONE,,S_NONE,SERVICE_COUNTER,NONE,,
290,2,NONE,[],"{'CAMERA_1': [], 'CAMERA_2': [], 'CAMERA_3': []}",C_GREETS,MIDDLE,NONE,hello,S_GREETS,MIDDLE,NONE,can I help you?,
290,3,CAMERA_1,['CAMERA_1'],"{'CAMERA_1': [], 'CAMERA_2': [], 'CAMERA_3': []}",C_LOOKING_FOR_A_CAMERA,MIDDLE,NONE,I'm looking for a camera,S_INTRODUCES_CAMERA,CAMERA_1,,Let me show you this. Here we have the Nikon Coolpix S2800.,39~58
290,4,CAMERA_1,['CAMERA_1'],"{'CAMERA_1': ['weight'], 'CAMERA_2': [], 'CAMERA_3': []}",C_SILENT_OR_BACKCHANNEL,CAMERA_1,NONE,I see,S_INTRODUCES_FEATURE,CAMERA_1,weight,This one weighs 120 grams.,16~25
290,5,CAMERA_3,"['CAMERA_1', 'CAMERA_3']","{'CAMERA_1': ['weight'], 'CAMERA_2': [], 'CAMERA_3': []}",C_ANYTHING_ELSE_AVAILABLE,CAMERA_1,NONE,ok do you have any other cameras,S_INTRODUCES_CAMERA,CAMERA_3,,Let me show you this. Here we have the Canon EOS 5D Mark III.,39~60
290,6,CAMERA_3,"['CAMERA_1', 'CAMERA_3']","{'CAMERA_1': ['weight'], 'CAMERA_2': [], 'CAMERA_3': ['ISO']}",C_SILENT_OR_BACKCHANNEL,CAMERA_3,NONE,I see,S_INTRODUCES_FEATURE,CAMERA_3,ISO,This one has up to 6400 ISO with little noise.,13~45
290,7,CAMERA_3,"['CAMERA_1', 'CAMERA_3']","{'CAMERA_1': ['weight'], 'CAMERA_2': [], 'CAMERA_3': ['ISO', 'color']}",C_QUESTION_ABOUT_FEATURE,CAMERA_3,color,what colors does this one come in,S_ANSWERS_QUESTION_ABOUT_FEATURE,CAMERA_3,color,This one comes in black.,18~23
290,8,CAMERA_3,"['CAMERA_1', 'CAMERA_3']","{'CAMERA_1': ['weight'], 'CAMERA_2': [], 'CAMERA_3': ['ISO', 'color', 'sensor_size']}",C_SILENT_OR_BACKCHANNEL,CAMERA_3,NONE,okay,S_INTRODUCES_FEATURE,CAMERA_3,sensor_size,This one has a full frame.,15~25
290,9,NONE,"['CAMERA_1', 'CAMERA_3']","{'CAMERA_1': ['weight'], 'CAMERA_2': [], 'CAMERA_3': ['ISO', 'color', 'sensor_size']}",C_THANK_YOU,CAMERA_3,NONE,thank you for your help,S_THANK_YOU,CAMERA_3,NONE,thank you very much,
290,10,NONE,"['CAMERA_1', 'CAMERA_3']","{'CAMERA_1': ['weight'], 'CAMERA_2': [], 'CAMERA_3': ['ISO', 'color', 'sensor_size']}",C_LEAVES,DOOR,NONE,,S_RETURNS_TO_COUNTER,SERVICE_COUNTER,NONE,,
291,1,NONE,[],"{'CAMERA_1': [], 'CAMERA_2': [], 'CAMERA_3': []}",C_ENTERS,DOOR,NONE,,S_NONE,SERVICE_COUNTER,NONE,,
291,2,NONE,[],"{'CAMERA_1': [], 'CAMERA_2': [], 'CAMERA_3': []}",C_WALKS_TO_CAMERA,CAMERA_2,NONE,,S_GREETS,CAMERA_2,NONE,can I help you?,
291,3,CAMERA_1,['CAMERA_1'],"{'CAMERA_1': [], 'CAMERA_2': [], 'CAMERA_3': []}",C_LOOKING_FOR_A_CAMERA,CAMERA_2,NONE,I'm looking for a camera,S_INTRODUCES_CAMERA,CAMERA_1,,Let me show you this. Here we have the Nikon Coolpix S2800.,39~58
291,4,CAMERA_1,['CAMERA_1'],"{'CAMERA_1': ['sensor_size'], 'CAMERA_2': [], 'CAMERA_3': []}",C_QUESTION_ABOUT_FEATURE,CAMERA_1,sensor_size,what is the sensor size,S_NOT_SURE,CAMERA_1,,I'm not really sure about that,
291,5,CAMERA_1,['CAMERA_1'],"{'CAMERA_1': ['sensor_size', 'weight'], 'CAMERA_2': [], 'CAMERA_3': []}",C_QUESTION_ABOUT_FEATURE,CAMERA_1,weight,how much does this one weigh,S_ANSWERS_QUESTION_ABOUT_FEATURE,CAMERA_1,weight,This one weighs 120 grams.,16~25
291,6,CAMERA_2,"['CAMERA_1', 'CAMERA_2']","{'CAMERA_1': ['sensor_size', 'weight'], 'CAMERA_2': [], 'CAMERA_3': []}",C_ANYTHING_ELSE_AVAILABLE,CAMERA_1,NONE,ok do you have any other cameras,S_INTRODUCES_CAMERA,CAMERA_2,,Let me show you this. Here we have the Sony Alpha a6000.,39~55
291,7,CAMERA_2,"['CAMERA_1', 'CAMERA_2']","{'CAMERA_1': ['sensor_size', 'weight'], 'CAMERA_2': ['long_exposure'], 'CAMERA_3': []}",C_QUESTION_ABOUT_FEATURE,CAMERA_2,long_exposure,can it take long exposure shots,S_ANSWERS_QUESTION_ABOUT_FEATURE,CAMERA_2,long_exposure,This one can take long exposures up to up to 30 seconds.,39~55
291,8,NONE,"['CAMERA_1', 'CAMERA_2']","{'CAMERA_1': ['sensor_size', 'weight'], 'CAMERA_2': ['long_exposure'], 'CAMERA_3': []}",C_THANK_YOU,CAMERA_2,NONE,thank you for your help,S_THANK_YOU,CAMERA_2,NONE,thank you very much,
291,9,NONE,"['CAMERA_1', 'CAMERA_2']","{'CAMERA_1': ['sensor_size', 'weight'], 'CAMERA_2': ['long_exposure'], 'CAMERA_3': []}",C_LEAVES,DOOR,NONE,,S_RETURNS_TO_COUNTER,SERVICE_COUNTER,NONE,,
292,1,NONE,[],"{'CAMERA_1': [], 'CAMERA_2': [], 'CAMERA_3': []}",C_ENTERS,DOOR,NONE,,S_NONE,SERVICE_COUNTER,NONE,,
292,2,NONE,[],"{'CAMERA_1': [], 'CAMERA_2': [], 'CAMERA_3': []}",C_GREETS,MIDDLE,NONE,hello,S_GREETS,MIDDLE,NONE,can I help you?,
292,3,CAMERA_1,['CAMERA_1'],"{'CAMERA_1': [], 'CAMERA_2': [], 'CAMERA_3': []}",C_LOOKING_FOR_A_CAMERA,MIDDLE,NONE,I'm looking for a camera,S_INTRODUCES_CAMERA,CAMERA_1,,Let me show you this. Here we have the Nikon Coolpix S2800.,39~58
292,4,CAMERA_1,['CAMERA_1'],"{'CAMERA_1': ['resolution'], 'CAMERA_2': [], 'CAMERA_3': []}",C_SILENT_OR_BACKCHANNEL,CAMERA_1,NONE,okay,S_INTRODUCES_FEATURE,CAMERA_1,resolution,This one has 20.1 megapixels resolution.,13~28
292,5,CAMERA_1,['CAMERA_1'],"{'CAMERA_1': ['resolution', 'weight'], 'CAMERA_2': [], 'CAMERA_3': []}",C_SILENT_OR_BACKCHANNEL,CAMERA_1,NONE,I see,S_INTRODUCES_FEATURE,CAMERA_1,weight,This one weighs 120 grams.,16~25
292,6,CAMERA_1,['CAMERA_1'],"{'CAMERA_1': ['resolution', 'weight', 'price'], 'CAMERA_2': [], 'CAMERA_3': []}",C_SILENT_OR_BACKCHANNEL,CAMERA_1,NONE,okay,S_INTRODUCES_FEATURE,CAMERA_1,price,This one costs $2173.,15~20
292,7,CAMERA_1,['CAMERA_1'],"{'CAMERA_1': ['resolution', 'weight', 'price', 'autofocus_points'], 'CAMERA_2': [], 'CAMERA_3': []}",C_QUESTION_ABOUT_FEATURE,CAMERA_1,autofocus_points,how many autofocus points does it have,S_NOT_SURE,CAMERA_1,,I'm not really sure about that,
292,8,CAMERA_1,['CAMERA_1'],"{'CAMERA_1': ['resolution', 'weight', 'price', 'autofocus_points', 'camera_type'], 'CAMERA_2': [], 'CAMERA_3': []}",C_SILENT_OR_BACKCHANNEL,CAMERA_1,NONE,alright,S_INTRODUCES_FEATURE,CAMERA_1,camera_type,This is a point and shoot camera.,10~25
292,9,CAMERA_1,['CAMERA_1'],"{'CAMERA_1': ['resolution', 'weight', 'price', 'autofocus_points', 'camera_type', 'settings'], 'CAMERA_2': [], 'CAMERA_3': []}",C_QUESTION_ABOUT_FEATURE,CAMERA_1,settings,what kind of settings does it have,S_ANSWERS_QUESTION_ABOUT_FEATURE,CAMERA_1,settings,This one has limited manual settings.,13~36
292,10,CAMERA_1,['CAMERA_1'],"{'CAMERA_1': ['resolution', 'weight', 'price', 'autofocus_points', 'camera_type', 'settings', 'preset_modes'], 'CAMERA_2': [], 'CAMERA_3': []}",C_SILENT_OR_BACKCHANNEL,CAMERA_1,NONE,okay,S_INTRODUCES_FEATURE,CAMERA_1,preset_modes,"This one has 18 preset modes (e.g. beach, snow, night portrait).",13~63
292,11,CAMERA_1,['CAMERA_1'],"{'CAMERA_1': ['resolution', 'weight', 'price', 'autofocus_points', 'camera_type', 'settings', 'preset_modes', 'optical_zoom'], 'CAMERA_2': [], 'CAMERA_3': []}",C_SILENT_OR_BACKCHANNEL,CAMERA_1,NONE,okay,S_INTRODUCES_FEATURE,CAMERA_1,optical_zoom,This one has 5x optical zoom.,13~28
292,12,CAMERA_1,['CAMERA_1'],"{'CAMERA_1': ['resolution', 'weight', 'price', 'autofocus_points', 'camera_type', 'settings', 'preset_modes', 'optical_zoom', 'effects'], 'CAMERA_2': [], 'CAMERA_3': []}",C_QUESTION_ABOUT_FEATURE,CAMERA_1,effects,does it have any effect modes,S_ANSWERS_QUESTION_ABOUT_FEATURE,CAMERA_1,effects,"This one has 12 glamor retouch effects (e.g. skin softening, small face, big eyes).",13~82
292,13,CAMERA_1,['CAMERA_1'],"{'CAMERA_1': ['resolution', 'weight', 'price', 'autofocus_points', 'camera_type', 'settings', 'preset_modes', 'optical_zoom', 'effects', 'ISO'], 'CAMERA_2': [], 'CAMERA_3': []}",C_QUESTION_ABOUT_FEATURE,CAMERA_1,ISO,what is the ISO,S_NOT_SURE,CAMERA_1,,I'm not really sure about that,
292,14,CAMERA_1,['CAMERA_1'],"{'CAMERA_1': ['resolution', 'weight', 'price', 'autofocus_points', 'camera_type', 'settings', 'preset_modes', 'optical_zoom', 'effects', 'ISO', 'sensor_size'], 'CAMERA_2': [], 'CAMERA_3': []}",C_QUESTION_ABOUT_FEATURE,CAMERA_1,sensor_size,what is the sensor size,S_NOT_SURE,CAMERA_1,,I'm not really sure about that,
292,15,CAMERA_1,['CAMERA_1'],"{'CAMERA_1': ['resolution', 'weight', 'price', 'autofocus_points', 'camera_type', 'settings', 'preset_modes', 'optical_zoom', 'effects', 'ISO', 'sensor_size', 'color'], 'CAMERA_2': [], 'CAMERA_3': []}",C_QUESTION_ABOUT_FEATURE,CAMERA_1,color,what colors does this one come in,S_ANSWERS_QUESTION_ABOUT_FEATURE,CAMERA_1,color,"This one comes in purple, pink, black, silver, red.",18~50
292,16,CAMERA_1,['CAMERA_1'],"{'CAMERA_1': ['resolution', 'weight', 'price', 'autofocus_points', 'camera_type', 'settings', 'preset_modes', 'optical_zoom', 'effects', 'ISO', 'sensor_size', 'color', 'long_exposure'], 'CAMERA_2': [], 'CAMERA_3': []}",C_QUESTION_ABOUT_FEATURE,CAMERA_1,long_exposure,can it take long exposure shots,S_NOT_SURE,CAMERA_1,,I'm not really sure about that,
292,17,CAMERA_3,"['CAMERA_1', 'CAMERA_3']","{'CAMERA_1': ['resolution', 'weight', 'price', 'autofocus_points', 'camera_type', 'settings', 'preset_modes', 'optical_zoom', 'effects', 'ISO', 'sensor_size', 'color', 'long_exposure'], 'CAMERA_2': [], 'CAMERA_3': []}",C_ANYTHING_ELSE_AVAILABLE,CAMERA_1,NONE,ok do you have any other cameras,S_INTRODUCES_CAMERA,CAMERA_3,,Let me show you this. Here we have the Canon EOS 5D Mark III.,39~60
292,18,CAMERA_3,"['CAMERA_1', 'CAMERA_3']","{'CAMERA_1': ['resolution', 'weight', 'price', 'autofocus_points', 'camera_type', 'settings', 'preset_modes', 'optical_zoom', 'effects', 'ISO', 'sensor_size', 'color', 'long_exposure'], 'CAMERA_2': [], 'CAMERA_3': ['weight']}",C_SILENT_OR_BACKCHANNEL,CAMERA_3,NONE,I see,S_INTRODUCES_FEATURE,CAMERA_3,weight,This one weighs 950 grams (only body).,16~37
292,19,CAMERA_2,"['CAMERA_1', 'CAMERA_3', 'CAMERA_2']","{'CAMERA_1': ['resolution', 'weight', 'price', 'autofocus_points', 'camera_type', 'settings', 'preset_modes', 'optical_zoom', 'effects', 'ISO', 'sensor_size', 'color', 'long_exposure'], 'CAMERA_2': [], 'CAMERA_3': ['weight']}",C_ANYTHING_ELSE_AVAILABLE,CAMERA_3,NONE,ok do you have any other cameras,S_INTRODUCES_CAMERA,CAMERA_2,,Let me show you this. Here we have the Sony Alpha a6000.,39~55
292,20,CAMERA_2,"['CAMERA_1', 'CAMERA_3', 'CAMERA_2']","{'CAMERA_1': ['resolution', 'weight', 'price', 'autofocus_points', 'camera_type', 'settings', 'preset_modes', 'optical_zoom', 'effects', 'ISO', 'sensor_size', 'color', 'long_exposure'], 'CAMERA_2': ['settings'], 'CAMERA_3': ['weight']}",C_SILENT_OR_BACKCHANNEL,CAMERA_2,NONE,alright,S_INTRODUCES_FEATURE,CAMERA_2,settings,This one has full manual control.,13~32
292,21,NONE,"['CAMERA_1', 'CAMERA_3', 'CAMERA_2']","{'CAMERA_1': ['resolution', 'weight', 'price', 'autofocus_points', 'camera_type', 'settings', 'preset_modes', 'optical_zoom', 'effects', 'ISO', 'sensor_size', 'color', 'long_exposure'], 'CAMERA_2': ['settings'], 'CAMERA_3': ['weight']}",C_THANK_YOU,CAMERA_2,NONE,thank you for your help,S_THANK_YOU,CAMERA_2,NONE,thank you very much,
292,22,NONE,"['CAMERA_1', 'CAMERA_3', 'CAMERA_2']","{'CAMERA_1': ['resolution', 'weight', 'price', 'autofocus_points', 'camera_type', 'settings', 'preset_modes', 'optical_zoom', 'effects', 'ISO', 'sensor_size', 'color', 'long_exposure'], 'CAMERA_2': ['settings'], 'CAMERA_3': ['weight']}",C_LEAVES,DOOR,NONE,,S_RETURNS_TO_COUNTER,SERVICE_COUNTER,NONE,,
293,1,NONE,[],"{'CAMERA_1': [], 'CAMERA_2': [], 'CAMERA_3': []}",C_ENTERS,DOOR,NONE,,S_NONE,SERVICE_COUNTER,NONE,,
293,2,NONE,[],"{'CAMERA_1': [], 'CAMERA_2': [], 'CAMERA_3': []}",C_WALKS_TO_CAMERA,CAMERA_3,NONE,,S_GREETS,CAMERA_3,NONE,can I help you?,
293,3,CAMERA_1,['CAMERA_1'],"{'CAMERA_1': [], 'CAMERA_2': [], 'CAMERA_3': []}",C_LOOKING_FOR_A_CAMERA,CAMERA_3,NONE,I'm looking for a camera,S_INTRODUCES_CAMERA,CAMERA_1,,Let me show you this. Here we have the Nikon Coolpix S2800.,39~58
293,4,CAMERA_1,['CAMERA_1'],"{'CAMERA_1': ['resolution'], 'CAMERA_2': [], 'CAMERA_3': []}",C_SILENT_OR_BACKCHANNEL,CAMERA_1,NONE,okay,S_INTRODUCES_FEATURE,CAMERA_1,resolution,This one has 20.1 megapixels resolution.,13~28
293,5,CAMERA_1,['CAMERA_1'],"{'CAMERA_1': ['resolution', 'optical_zoom'], 'CAMERA_2': [], 'CAMERA_3': []}",C_SILENT_OR_BACKCHANNEL,CAMERA_1,NONE,okay,S_INTRODUCES_FEATURE,CAMERA_1,optical_zoom,This one has 5x optical zoom.,13~28
293,6,NONE,['CAMERA_1'],"{'CAMERA_1': ['resolution', 'optical_zoom'], 'CAMERA_2': [], 'CAMERA_3': []}",C_THANK_YOU,CAMERA_1,NONE,thank you for your help,S_THANK_YOU,CAMERA_1,NONE,thank you very much,
293,7,NONE,['CAMERA_1'],"{'CAMERA_1': ['resolution', 'optical_zoom'], 'CAMERA_2': [], 'CAMERA_3': []}",C_LEAVES,DOOR,NONE,,S_RETURNS_TO_COUNTER,SERVICE_COUNTER,NONE,,
294,1,NONE,[],"{'CAMERA_1': [], 'CAMERA_2': [], 'CAMERA_3': []}",C_ENTERS,DOOR,NONE,,S_NONE,SERVICE_COUNTER,NONE,,
294,2,NONE,[],"{'CAMERA_1': [], 'CAMERA_2': [], 'CAMERA_3': []}",C_GREETS,MIDDLE,NONE,hello,S_GREETS,MIDDLE,NONE,can I help you?,
294,3,CAMERA_3,['CAMERA_3'],"{'CAMERA_1': [], 'CAMERA_2': [], 'CAMERA_3': []}",C_LOOKING_FOR_A_CAMERA,MIDDLE,NONE,I'm looking for a camera,S_INTRODUCES_CAMERA,CAMERA_3,,Let me show you this. Here we have the Canon EOS 5D Mark III.,39~60
294,4,CAMERA_3,['CAMERA_3'],"{'CAMERA_1': [], 'CAMERA_2': [], 'CAMERA_3': ['sensor_size']}",C_QUESTION_ABOUT_FEATURE,CAMERA_3,sensor_size,what is the sensor size,S_ANSWERS_QUESTION_ABOUT_FEATURE,CAMERA_3,sensor_size,This one has a full frame.,15~25
294,5,CAMERA_3,['CAMERA_3'],"{'CAMERA_1': [], 'CAMERA_2': [], 'CAMERA_3': ['sensor_size', 'long_exposure']}",C_SILENT_OR_BACKCHANNEL,CAMERA_3,NONE,okay,S_INTRODUCES_FEATURE,CAMERA_3,long_exposure,"This one can take long exposures up to up to 30 seconds, bulb mode: expose as long as you want.",39~94
294,6,CAMERA_3,['CAMERA_3'],"{'CAMERA_1': [], 'CAMERA_2': [], 'CAMERA_3': ['sensor_size', 'long_exposure', 'preset_modes']}",C_QUESTION_ABOUT_FEATURE,CAMERA_3,preset_modes,does it have preset modes,S_NOT_SURE,CAMERA_3,,I'm not really sure about that,
294,7,CAMERA_3,['CAMERA_3'],"{'CAMERA_1': [], 'CAMERA_2': [], 'CAMERA_3': ['sensor_size', 'long_exposure', 'preset_modes', 'color']}",C_QUESTION_ABOUT_FEATURE,CAMERA_3,color,what colors does this one come in,S_ANSWERS_QUESTION_ABOUT_FEATURE,CAMERA_3,color,This one comes in black.,18~23
294,8,CAMERA_3,['CAMERA_3'],"{'CAMERA_1': [], 'CAMERA_2': [], 'CAMERA_3': ['sensor_size', 'long_exposure', 'preset_modes', 'color', 'camera_type']}",C_QUESTION_ABOUT_FEATURE,CAMERA_3,camera_type,what kind of camera is this,S_ANSWERS_QUESTION_ABOUT_FEATURE,CAMERA_3,camera_type,This is a DSLR camera.,10~14
294,9,CAMERA_3,['CAMERA_3'],"{'CAMERA_1': [], 'CAMERA_2': [], 'CAMERA_3': ['sensor_size', 'long_exposure', 'preset_modes', 'color', 'camera_type', 'weight']}",C_SILENT_OR_BACKCHANNEL,CAMERA_3,NONE,okay,S_INTRODUCES_FEATURE,CAMERA_3,weight,This one weighs 950 grams (only body).,16~37
294,10,NONE,['CAMERA_3'],"{'CAMERA_1': [], 'CAMERA_2': [], 'CAMERA_3': ['sensor_size', 'long_exposure', 'preset_modes', 'color', 'camera_type', 'weight']}",C_THANK_YOU,CAMERA_3,NONE,thank you for your help,S_THANK_YOU,CAMERA_3,NONE,thank you very much,
294,11,NONE,['CAMERA_3'],"{'CAMERA_1': [], 'CAMERA_2': [], 'CAMERA_3': ['sensor_size', 'long_exposure', 'preset_modes', 'color', 'camera_type', 'weight']}",C_LEAVES,DOOR,NONE,,S_RETURNS_TO_COUNTER,SERVICE_COUNTER,NONE,,
295,1,NONE,[],"{'CAMERA_1': [], 'CAMERA_2': [], 'CAMERA_3': []}",C_ENTERS,DOOR,NONE,,S_NONE,SERVICE_COUNTER,NONE,,
295,2,NONE,[],"{'CAMERA_1': [], 'CAMERA_2': [], 'CAMERA_3': []}",C_WALKS_TO_CAMERA,CAMERA_3,NONE,,S_GREETS,CAMERA_3,NONE,can I help you?,
295,3,CAMERA_2,['CAMERA_2'],"{'CAMERA_1': [], 'CAMERA_2': [], 'CAMERA_3': []}",C_LOOKING_FOR_A_CAMERA,CAMERA_3,NONE,I'm looking for a camera,S_INTRODUCES_CAMERA,CAMERA_2,,Let me show you this. Here we have the Sony Alpha a6000.,39~55
295,4,CAMERA_2,['CAMERA_2'],"{'CAMERA_1': [], 'CAMERA_2': ['autofocus_points'], 'CAMERA_3': []}",C_QUESTION_ABOUT_FEATURE,CAMERA_2,autofocus_points,how many autofocus points does it have,S_ANSWERS_QUESTION_ABOUT_FEATURE,CAMERA_2,autofocus_points,This one has 179 autofocus points.,13~33
295,5,CAMERA_1,"['CAMERA_2', 'CAMERA_1']","{'CAMERA_1': [], 'CAMERA_2': ['autofocus_points'], 'CAMERA_3': []}",C_ANYTHING_ELSE_AVAILABLE,CAMERA_2,NONE,ok do you have any other cameras,S_INTRODUCES_CAMERA,CAMERA_1,,Let me show you this. Here we have the Nikon Coolpix S2800.,39~58
295,6,CAMERA_1,"['CAMERA_2', 'CAMERA_1']","{'CAMERA_1': ['weight'], 'CAMERA_2': ['autofocus_points'], 'CAMERA_3': []}",C_SILENT_OR_BACKCHANNEL,CAMERA_1,NONE,I see,S_INTRODUCES_FEATURE,CAMERA_1,weight,This one weighs 120 grams.,16~25
295,7,CAMERA_1,"['CAMERA_2', 'CAMERA_1']","{'CAMERA_1': ['weight', 'resolution'], 'CAMERA_2': ['autofocus_points'], 'CAMERA_3': []}",C_SILENT_OR_BACKCHANNEL,CAMERA_1,NONE,okay,S_INTRODUCES_FEATURE,CAMERA_1,resolution,This one has 20.1 megapixels resolution.,13~28
295,8,NONE,"['CAMERA_2', 'CAMERA_1']","{'CAMERA_1': ['weight', 'resolution'], 'CAMERA_2': ['autofocus_points'], 'CAMERA_3': []}",C_THANK_YOU,CAMERA_1,NONE,thank you for your help,S_THANK_YOU,CAMERA_1,NONE,thank you very much,
295,9,NONE,"['CAMERA_2', 'CAMERA_1']","{'CAMERA_1': ['weight', 'resolution'], 'CAMERA_2': ['autofocus_points'], 'CAMERA_3': []}",C_LEAVES,DOOR,NONE,,S_RETURNS_TO_COUNTER,SERVICE_COUNTER,NONE,,
296,1,NONE,[],"{'CAMERA_1': [], 'CAMERA_2': [], 'CAMERA_3': []}",C_ENTERS,DOOR,NONE,,S_NONE,SERVICE_COUNTER,NONE,,
296,2,NONE,[],"{'CAMERA_1': [], 'CAMERA_2': [], 'CAMERA_3': []}",C_GREETS,MIDDLE,NONE,hello,S_GREETS,MIDDLE,NONE,can I help you?,
296,3,CAMERA_1,['CAMERA_1'],"{'CAMERA_1': [], 'CAMERA_2': [], 'CAMERA_3': []}",C_LOOKING_FOR_A_CAMERA,MIDDLE,NONE,I'm looking for a camera,S_INTRODUCES_CAMERA,CAMERA_1,,Let me show you this. Here we have the Nikon Coolpix S2800.,39~58
296,4,CAMERA_1,['CAMERA_1'],"{'CAMERA_1': ['optical_zoom'], 'CAMERA_2': [], 'CAMERA_3': []}",C_QUESTION_ABOUT_FEATURE,CAMERA_1,optical_zoom,does it have optical zoom,S_ANSWERS_QUESTION_ABOUT_FEATURE,CAMERA_1,optical_zoom,This one has 5x optical zoom.,13~28
296,5,CAMERA_1,['CAMERA_1'],"{'CAMERA_1': ['optical_zoom', 'camera_type'], 'CAMERA_2': [], 'CAMERA_3': []}",C_SILENT_OR_BACKCHANNEL,CAMERA_1,NONE,alright,S_INTRODUCES_FEATURE,CAMERA_1,camera_type,This is a point and shoot camera.,10~25
296,6,CAMERA_1,['CAMERA_1'],"{'CAMERA_1': ['optical_zoom', 'camera_type', 'resolution'], 'CAMERA_2': [], 'CAMERA_3': []}",C_QUESTION_ABOUT_FEATURE,CAMERA_1,resolution,what is the resolution,S_ANSWERS_QUESTION_ABOUT_FEATURE,CAMERA_1,resolution,This one has 20.1 megapixels resolution.,13~28
296,7,CAMERA_1,['CAMERA_1'],"{'CAMERA_1': ['optical_zoom', 'camera_type', 'resolution', 'effects'], 'CAMERA_2': [], 'CAMERA_3': []}",C_SILENT_OR_BACKCHANNEL,CAMERA_1,NONE,alright,S_INTRODUCES_FEATURE,CAMERA_1,effects,"This one has 12 glamor retouch effects (e.g. skin softening, small face, big eyes).",13~82
296,8,CAMERA_1,['CAMERA_1'],"{'CAMERA_1': ['optical_zoom', 'camera_type', 'resolution', 'effects', 'preset_modes'], 'CAMERA_2': [], 'CAMERA_3': []}",C_QUESTION_ABOUT_FEATURE,CAMERA_1,preset_modes,does it have preset modes,S_ANSWERS_QUESTION_ABOUT_FEATURE,CAMERA_1,preset_modes,"This one has 18 preset modes (e.g. beach, snow, night portrait).",13~63
296,9,NONE,['CAMERA_1'],"{'CAMERA_1': ['optical_zoom', 'camera_type', 'resolution', 'effects', 'preset_modes'], 'CAMERA_2': [], 'CAMERA_3': []}",C_THANK_YOU,CAMERA_1,NONE,thank you for your help,S_THANK_YOU,CAMERA_1,NONE,thank you very much,
296,10,NONE,['CAMERA_1'],"{'CAMERA_1': ['optical_zoom', 'camera_type', 'resolution', 'effects', 'preset_modes'], 'CAMERA_2': [], 'CAMERA_3': []}",C_LEAVES,DOOR,NONE,,S_RETURNS_TO_COUNTER,SERVICE_COUNTER,NONE,,
297,1,NONE,[],"{'CAMERA_1': [], 'CAMERA_2': [], 'CAMERA_3': []}",C_ENTERS,DOOR,NONE,,S_NONE,SERVICE_COUNTER,NONE,,
297,2,NONE,[],"{'CAMERA_1': [], 'CAMERA_2': [], 'CAMERA_3': []}",C_GREETS,MIDDLE,NONE,hello,S_GREETS,MIDDLE,NONE,can I help you?,
297,3,CAMERA_3,['CAMERA_3'],"{'CAMERA_1': [], 'CAMERA_2': [], 'CAMERA_3': []}",C_LOOKING_FOR_A_CAMERA,MIDDLE,NONE,I'm looking for a camera,S_INTRODUCES_CAMERA,CAMERA_3,,Let me show you this. Here we have the Canon EOS 5D Mark III.,39~60
297,4,CAMERA_3,['CAMERA_3'],"{'CAMERA_1': [], 'CAMERA_2': [], 'CAMERA_3': ['color']}",C_QUESTION_ABOUT_FEATURE,CAMERA_3,color,what colors does this one come in,S_ANSWERS_QUESTION_ABOUT_FEATURE,CAMERA_3,color,This one comes in black.,18~23
297,5,CAMERA_3,['CAMERA_3'],"{'CAMERA_1': [], 'CAMERA_2': [], 'CAMERA_3': ['color', 'weight']}",C_QUESTION_ABOUT_FEATURE,CAMERA_3,weight,how much does this one weigh,S_ANSWERS_QUESTION_ABOUT_FEATURE,CAMERA_3,weight,This one weighs 950 grams (only body).,16~37
297,6,CAMERA_3,['CAMERA_3'],"{'CAMERA_1': [], 'CAMERA_2': [], 'CAMERA_3': ['color', 'weight', 'optical_zoom']}",C_QUESTION_ABOUT_FEATURE,CAMERA_3,optical_zoom,does it have optical zoom,S_NOT_SURE,CAMERA_3,,I'm not really sure about that,
297,7,CAMERA_3,['CAMERA_3'],"{'CAMERA_1': [], 'CAMERA_2': [], 'CAMERA_3': ['color', 'weight', 'optical_zoom', 'long_exposure']}",C_QUESTION_ABOUT_FEATURE,CAMERA_3,long_exposure,can it take long exposure shots,S_ANSWERS_QUESTION_ABOUT_FEATURE,CAMERA_3,long_exposure,"This one can take long exposures up to up to 30 seconds, bulb mode: expose as long as you want.",39~94
297,8,CAMERA_3,['CAMERA_3'],"{'CAMERA_1': [], 'CAMERA_2': [], 'CAMERA_3': ['color', 'weight', 'optical_zoom', 'long_exposure', 'effects']}",C_QUESTION_ABOUT_FEATURE,CAMERA_3,effects,does it have any effect modes,S_NOT_SURE,CAMERA_3,,I'm not really sure about that,
297,9,CAMERA_2,"['CAMERA_3', 'CAMERA_2']","{'CAMERA_1': [], 'CAMERA_2': [], 'CAMERA_3': ['color', 'weight', 'optical_zoom', 'long_exposure', 'effects']}",C_ANYTHING_ELSE_AVAILABLE,CAMERA_3,NONE,ok do you have any other cameras,S_INTRODUCES_CAMERA,CAMERA_2,,Let me show you this. Here we have the Sony Alpha a6000.,39~55
297,10,CAMERA_2,"['CAMERA_3', 'CAMERA_2']","{'CAMERA_1': [], 'CAMERA_2': ['camera_type'], 'CAMERA_3': ['color', 'weight', 'optical_zoom', 'long_exposure', 'effects']}",C_SILENT_OR_BACKCHANNEL,CAMERA_2,NONE,okay,S_INTRODUCES_FEATURE,CAMERA_2,camera_type,This is a mirrorless camera.,10~20
297,11,CAMERA_2,"['CAMERA_3', 'CAMERA_2']","{'CAMERA_1': [], 'CAMERA_2': ['camera_type', 'price'], 'CAMERA_3': ['color', 'weight', 'optical_zoom', 'long_exposure', 'effects']}",C_SILENT_OR_BACKCHANNEL,CAMERA_2,NONE,alright,S_INTRODUCES_FEATURE,CAMERA_2,price,This one costs $1341.,15~20
297,12,CAMERA_2,"['CAMERA_3', 'CAMERA_2']","{'CAMERA_1': [], 'CAMERA_2': ['camera_type', 'price', 'color'], 'CAMERA_3': ['color', 'weight', 'optical_zoom', 'long_exposure', 'effects']}",C_SILENT_OR_BACKCHANNEL,CAMERA_2,NONE,I see,S_INTRODUCES_FEATURE,CAMERA_2,color,"This one comes in white, silver, black.",18~38
297,13,CAMERA_2,"['CAMERA_3', 'CAMERA_2']","{'CAMERA_1': [], 'CAMERA_2': ['camera_type', 'price', 'color', 'effects'], 'CAMERA_3': ['color', 'weight', 'optical_zoom', 'long_exposure', 'effects']}",C_SILENT_OR_BACKCHANNEL,CAMERA_2,NONE,alright,S_INTRODUCES_FEATURE,CAMERA_2,effects,"This one has 13 artistic effect modes (e.g. toy camera, soft focus).",13~67
297,14,CAMERA_2,"['CAMERA_3', 'CAMERA_2']","{'CAMERA_1': [], 'CAMERA_2': ['camera_type', 'price', 'color', 'effects', 'ISO'], 'CAMERA_3': ['color', 'weight', 'optical_zoom', 'long_exposure', 'effects']}",C_QUESTION_ABOUT_FEATURE,CAMERA_2,ISO,what is the ISO,S_ANSWERS_QUESTION_ABOUT_FEATURE,CAMERA_2,ISO,This one has up to 3200 ISO with little noise.,13~45
297,15,CAMERA_2,"['CAMERA_3', 'CAMERA_2']","{'CAMERA_1': [], 'CAMERA_2': ['camera_type', 'price', 'color', 'effects', 'ISO', 'long_exposure'], 'CAMERA_3': ['color', 'weight', 'optical_zoom', 'long_exposure', 'effects']}",C_SILENT_OR_BACKCHANNEL,CAMERA_2,NONE,I see,S_INTRODUCES_FEATURE,CAMERA_2,long_exposure,This one can take long exposures up to up to 30 seconds.,39~55
297,16,CAMERA_2,"['CAMERA_3', 'CAMERA_2']","{'CAMERA_1': [], 'CAMERA_2': ['camera_type', 'price', 'color', 'effects', 'ISO', 'long_exposure', 'preset_modes'], 'CAMERA_3': ['color', 'weight', 'optical_zoom', 'long_exposure', 'effects']}",C_QUESTION_ABOUT_FEATURE,CAMERA_2,preset_modes,does it have preset modes,S_ANSWERS_QUESTION_ABOUT_FEATURE,CAMERA_2,preset_modes,"This one has 9 preset modes (e.g. beach, snow, night, portrait).",13~63
297,17,CAMERA_2,"['CAMERA_3', 'CAMERA_2']","{'CAMERA_1': [], 'CAMERA_2': ['camera_type', 'price', 'color', 'effects', 'ISO', 'long_exposure', 'preset_modes', 'weight'], 'CAMERA_3': ['color', 'weight', 'optical_zoom', 'long_exposure', 'effects']}",C_SILENT_OR_BACKCHANNEL,CAMERA_2,NONE,okay,S_INTRODUCES_FEATURE,CAMERA_2,weight,This one weighs 470 grams.,16~25
297,18,NONE,"['CAMERA_3', 'CAMERA_2']","{'CAMERA_1': [], 'CAMERA_2': ['camera_type', 'price', 'color', 'effects', 'ISO', 'long_exposure', 'preset_modes', 'weight'], 'CAMERA_3': ['color', 'weight', 'optical_zoom', 'long_exposure', 'effects']}",C_THANK_YOU,CAMERA_2,NONE,thank you for your help,S_THANK_YOU,CAMERA_2,NONE,thank you very much,
297,19,NONE,"['CAMERA_3', 'CAMERA_2']","{'CAMERA_1': [], 'CAMERA_2': ['camera_type', 'price', 'color', 'effects', 'ISO', 'long_exposure', 'preset_modes', 'weight'], 'CAMERA_3': ['color', 'weight', 'optical_zoom', 'long_exposure', 'effects']}",C_LEAVES,DOOR,NONE,,S_RETURNS_TO_COUNTER,SERVICE_COUNTER,NONE,,
298,1,NONE,[],"{'CAMERA_1': [], 'CAMERA_2': [], 'CAMERA_3': []}",C_ENTERS,DOOR,NONE,,S_NONE,SERVICE_COUNTER,NONE,,
298,2,NONE,[],"{'CAMERA_1': [], 'CAMERA_2': [], 'CAMERA_3': []}",C_GREETS,MIDDLE,NONE,hello,S_GREETS,MIDDLE,NONE,can I help you?,
298,3,CAMERA_3,['CAMERA_3'],"{'CAMERA_1': [], 'CAMERA_2': [], 'CAMERA_3': []}",C_LOOKING_FOR_A_CAMERA,MIDDLE,NONE,I'm looking for a camera,S_INTRODUCES_CAMERA,CAMERA_3,,Let me show you this. Here we have the Canon EOS 5D Mark III.,39~60
298,4,CAMERA_3,['CAMERA_3'],"{'CAMERA_1': [], 'CAMERA_2': [], 'CAMERA_3': ['preset_modes']}",C_QUESTION_ABOUT_FEATURE,CAMERA_3,preset_modes,does it have preset modes,S_NOT_SURE,CAMERA_3,,I'm not really sure about that,
298,5,CAMERA_3,['CAMERA_3'],"{'CAMERA_1': [], 'CAMERA_2': [], 'CAMERA_3': ['preset_modes', 'optical_zoom']}",C_QUESTION_ABOUT_FEATURE,CAMERA_3,optical_zoom,does it have optical zoom,S_NOT_SURE,CAMERA_3,,I'm not really sure about that,
298,6,NONE,['CAMERA_3'],"{'CAMERA_1': [], 'CAMERA_2': [], 'CAMERA_3': ['preset_modes', 'optical_zoom']}",C_THANK_YOU,CAMERA_3,NONE,thank you for your help,S_THANK_YOU,CAMERA_3,NONE,thank you very much,
298,7,NONE,['CAMERA_3'],"{'CAMERA_1': [], 'CAMERA_2': [], 'CAMERA_3': ['preset_modes', 'optical_zoom']}",C_LEAVES,DOOR,NONE,,S_RETURNS_TO_COUNTER,SERVICE_COUNTER,NONE,,
299,1,NONE,[],"{'CAMERA_1': [], 'CAMERA_2': [], 'CAMERA_3': []}",C_ENTERS,DOOR,NONE,,S_NONE,SERVICE_COUNTER,NONE,,
299,2,NONE,[],"{'CAMERA_1': [], 'CAMERA_2': [], 'CAMERA_3': []}",C_GREETS,MIDDLE,NONE,hello,S_GREETS,MIDDLE,NONE,can I help you?,
299,3,CAMERA_1,['CAMERA_1'],"{'CAMERA_1': [], 'CAMERA_2': [], 'CAMERA_3': []}",C_LOOKING_FOR_A_CAMERA,MIDDLE,NONE,I'm looking for a camera,S_INTRODUCES_CAMERA,CAMERA_1,,Let me show you this. Here we have the Nikon Coolpix S2800.,39~58
299,4,CAMERA_1,['CAMERA_1'],"{'CAMERA_1': ['ISO'], 'CAMERA_2': [], 'CAMERA_3': []}",C_QUESTION_ABOUT_FEATURE,CAMERA_1,ISO,what is the ISO,S_NOT_SURE,CAMERA_1,,I'm not really sure about that,
299,5,CAMERA_1,['CAMERA_1'],"{'CAMERA_1': ['ISO', 'optical_zoom'], 'CAMERA_2': [], 'CAMERA_3': []}",C_SILENT_OR_BACKCHANNEL,CAMERA_1,NONE,okay,S_INTRODUCES_FEATURE,CAMERA_1,optical_zoom,This one has 5x optical zoom.,13~28
299,6,CAMERA_1,['CAMERA_1'],"{'CAMERA_1': ['ISO', 'optical_zoom', 'resolution'], 'CAMERA_2': [], 'CAMERA_3': []}",C_SILENT_OR_BACKCHANNEL,CAMERA_1,NONE,I see,S_INTRODUCES_FEATURE,CAMERA_1,resolution,This one has 20.1 megapixels resolution.,13~28
299,7,NONE,['CAMERA_1'],"{'CAMERA_1': ['ISO', 'optical_zoom', 'resolution'], 'CAMERA_2': [], 'CAMERA_3': []}",C_THANK_YOU,CAMERA_1,NONE,thank you for your help,S_THANK_YOU,CAMERA_1,NONE,thank you very much,
299,8,NONE,['CAMERA_1'],"{'CAMERA_1': ['ISO', 'optical_zoom', 'resolution'], 'CAMERA_2': [], 'CAMERA_3': []}",C_LEAVES,DOOR,NONE,,S_RETURNS_TO_COUNTER,SERVICE_COUNTER,NONE,,
300,1,NONE,[],"{'CAMERA_1': [], 'CAMERA_2': [], 'CAMERA_3': []}",C_ENTERS,DOOR,NONE,,S_NONE,SERVICE_COUNTER,NONE,,
300,2,NONE,[],"{'CAMERA_1': [], 'CAMERA_2': [], 'CAMERA_3': []}",C_WALKS_TO_CAMERA,CAMERA_3,NONE,,S_GREETS,CAMERA_3,NONE,can I help you?,
300,3,CAMERA_3,['CAMERA_3'],"{'CAMERA_1': [], 'CAMERA_2': [], 'CAMERA_3': []}",C_LOOKING_FOR_A_CAMERA,CAMERA_3,NONE,I'm looking for a camera,S_INTRODUCES_CAMERA,CAMERA_3,,Let me show you this. Here we have the Canon EOS 5D Mark III.,39~60
300,4,CAMERA_3,['CAMERA_3'],"{'CAMERA_1': [], 'CAMERA_2': [], 'CAMERA_3': ['color']}",C_SILENT_OR_BACKCHANNEL,CAMERA_3,NONE,I see,S_INTRODUCES_FEATURE,CAMERA_3,color,This one comes in black.,18~23
300,5,CAMERA_3,['CAMERA_3'],"{'CAMERA_1': [], 'CAMERA_2': [], 'CAMERA_3': ['color', 'autofocus_points']}",C_SILENT_OR_BACKCHANNEL,CAMERA_3,NONE,okay,S_INTRODUCES_FEATURE,CAMERA_3,autofocus_points,This one has 61 autofocus points.,13~32
300,6,CAMERA_3,['CAMERA_3'],"{'CAMERA_1': [], 'CAMERA_2': [], 'CAMERA_3': ['color', 'autofocus_points', 'settings']}",C_SILENT_OR_BACKCHANNEL,CAMERA_3,NONE,alright,S_INTRODUCES_FEATURE,CAMERA_3,settings,This one has full manual control.,13~32
300,7,CAMERA_3,['CAMERA_3'],"{'CAMERA_1': [], 'CAMERA_2': [], 'CAMERA_3': ['color', 'autofocus_points', 'settings', 'price']}",C_SILENT_OR_BACKCHANNEL,CAMERA_3,NONE,I see,S_INTRODUCES_FEATURE,CAMERA_3,price,This one costs $3706.,15~20
300,8,NONE,['CAMERA_3'],"{'CAMERA_1': [], 'CAMERA_2': [], 'CAMERA_3': ['color', 'autofocus_points', 'settings', 'price']}",C_THANK_YOU,CAMERA_3,NONE,thank you for your help,S_THANK_YOU,CAMERA_3,NONE,thank you very much,
300,9,NONE,['CAMERA_3'],"{'CAMERA_1': [], 'CAMERA_2': [], 'CAMERA_3': ['color', 'autofocus_points', 'settings', 'price']}",C_LEAVES,DOOR,NONE,,S_RETURNS_TO_COUNTER,SERVICE_COUNTER,NONE,,
301,1,NONE,[],"{'CAMERA_1': [], 'CAMERA_2': [], 'CAMERA_3': []}",C_ENTERS,DOOR,NONE,,S_NONE,SERVICE_COUNTER,NONE,,
301,2,NONE,[],"{'CAMERA_1': [], 'CAMERA_2': [], 'CAMERA_3': []}",C_WALKS_TO_CAMERA,CAMERA_3,NONE,,S_GREETS,CAMERA_3,NONE,can I help you?,
301,3,CAMERA_3,['CAMERA_3'],"{'CAMERA_1': [], 'CAMERA_2': [], 'CAMERA_3': []}",C_LOOKING_FOR_A_CAMERA,CAMERA_3,NONE,I'm looking for a camera,S_INTRODUCES_CAMERA,CAMERA_3,,Let me show you this. Here we have the Canon EOS 5D Mark III.,39~60
301,4,CAMERA_3,['CAMERA_3'],"{'CAMERA_1': [], 'CAMERA_2': [], 'CAMERA_3': ['camera_type']}",C_SILENT_OR_BACKCHANNEL,CAMERA_3,NONE,alright,S_INTRODUCES_FEATURE,CAMERA_3,camera_type,This is a DSLR camera.,10~14
301,5,CAMERA_3,['CAMERA_3'],"{'CAMERA_1': [], 'CAMERA_2': [], 'CAMERA_3': ['camera_type', 'price']}",C_QUESTION_ABOUT_FEATURE,CAMERA_3,price,how much does it cost,S_ANSWERS_QUESTION_ABOUT_FEATURE,CAMERA_3,price,This one costs $3706.,15~20
301,6,CAMERA_3,['CAMERA_3'],"{'CAMERA_1': [], 'CAMERA_2': [], 'CAMERA_3': ['camera_type', 'price', 'settings']}",C_QUESTION_ABOUT_FEATURE,CAMERA_3,settings,what kind of settings does it have,S_ANSWERS_QUESTION_ABOUT_FEATURE,CAMERA_3,settings,This one has full manual control.,13~32
301,7,CAMERA_3,['CAMERA_3'],"{'CAMERA_1': [], 'CAMERA_2': [], 'CAMERA_3': ['camera_type', 'price', 'settings', 'optical_zoom']}",C_QUESTION_ABOUT_FEATURE,CAMERA_3,optical_zoom,does it have optical zoom,S_NOT_SURE,CAMERA_3,,I'm not really sure about that,
301,8,NONE,['CAMERA_3'],"{'CAMERA_1': [], 'CAMERA_2': [], 'CAMERA_3': ['camera_type', 'price', 'settings', 'optical_zoom']}",C_THANK_YOU,CAMERA_3,NONE,thank you for your help,S_THANK_YOU,CAMERA_3,NONE,thank you very much,
301,9,NONE,['CAMERA_3'],"{'CAMERA_1': [], 'CAMERA_2': [], 'CAMERA_3': ['camera_type', 'price', 'settings', 'optical_zoom']}",C_LEAVES,DOOR,NONE,,S_RETURNS_TO_COUNTER,SERVICE_COUNTER,NONE,,
302,1,NONE,[],"{'CAMERA_1': [], 'CAMERA_2': [], 'CAMERA_3': []}",C_ENTERS,DOOR,NONE,,S_NONE,SERVICE_COUNTER,NONE,,
302,2,NONE,[],"{'CAMERA_1': [], 'CAMERA_2': [], 'CAMERA_3': []}",C_GREETS,MIDDLE,NONE,hello,S_GREETS,MIDDLE,NONE,can I help you?,
302,3,CAMERA_3,['CAMERA_3'],"{'CAMERA_1': [], 'CAMERA_2': [], 'CAMERA_3': []}",C_LOOKING_FOR_A_CAMERA,MIDDLE,NONE,I'm looking for a camera,S_INTRODUCES_CAMERA,CAMERA_3,,Let me show you this. Here we have the Canon EOS 5D Mark III.,39~60
302,4,CAMERA_3,['CAMERA_3'],"{'CAMERA_1': [], 'CAMERA_2': [], 'CAMERA_3': ['settings']}",C_SILENT_OR_BACKCHANNEL,CAMERA_3,NONE,I see,S_INTRODUCES_FEATURE,CAMERA_3,settings,This one has full manual control.,13~32
302,5,CAMERA_3,['CAMERA_3'],"{'CAMERA_1': [], 'CAMERA_2': [], 'CAMERA_3': ['settings', 'weight']}",C_QUESTION_ABOUT_FEATURE,CAMERA_3,weight,how much does this one weigh,S_ANSWERS_QUESTION_ABOUT_FEATURE,CAMERA_3,weight,This one weighs 950 grams (only body).,16~37
302,6,CAMERA_3,['CAMERA_3'],"{'CAMERA_1': [], 'CAMERA_2': [], 'CAMERA_3': ['settings', 'weight', 'long_exposure']}",C_SILENT_OR_BACKCHANNEL,CAMERA_3,NONE,alright,S_INTRODUCES_FEATURE,CAMERA_3,long_exposure,"This one can take long exposures up to up to 30 seconds, bulb mode: expose as long as you want.",39~94
302,7,CAMERA_3,['CAMERA_3'],"{'CAMERA_1': [], 'CAMERA_2': [], 'CAMERA_3': ['settings', 'weight', 'long_exposure', 'camera_type']}",C_QUESTION_ABOUT_FEATURE,CAMERA_3,camera_type,what kind of camera is this,S_ANSWERS_QUESTION_ABOUT_FEATURE,CAMERA_3,camera_type,This is a DSLR camera.,10~14
302,8,CAMERA_3,['CAMERA_3'],"{'CAMERA_1': [], 'CAMERA_2': [], 'CAMERA_3': ['settings', 'weight', 'long_exposure', 'camera_type', 'price']}",C_SILENT_OR_BACKCHANNEL,CAMERA_3,NONE,okay,S_INTRODUCES_FEATURE,CAMERA_3,price,This one costs $3706.,15~20
302,9,CAMERA_3,['CAMERA_3'],"{'CAMERA_1': [], 'CAMERA_2': [], 'CAMERA_3': ['settings', 'weight', 'long_exposure', 'camera_type', 'price', 'autofocus_points']}",C_SILENT_OR_BACKCHANNEL,CAMERA_3,NONE,okay,S_INTRODUCES_FEATURE,CAMERA_3,autofocus_points,This one has 61 autofocus points.,13~32
302,10,CAMERA_3,['CAMERA_3'],"{'CAMERA_1': [], 'CAMERA_2': [], 'CAMERA_3': ['settings', 'weight', 'long_exposure', 'camera_type', 'price', 'autofocus_points', 'sensor_size']}",C_SILENT_OR_BACKCHANNEL,CAMERA_3,NONE,I see,S_INTRODUCES_FEATURE,CAMERA_3,sensor_size,This one has a full frame.,15~25
302,11,CAMERA_3,['CAMERA_3'],"{'CAMERA_1': [], 'CAMERA_2': [], 'CAMERA_3': ['settings', 'weight', 'long_exposure', 'camera_type', 'price', 'autofocus_points', 'sensor_size', 'color']}",C_QUESTION_ABOUT_FEATURE,CAMERA_3,color,what colors does this one come in,S_ANSWERS_QUESTION_ABOUT_FEATURE,CAMERA_3,color,This one comes in black.,18~23
302,12,CAMERA_3,['CAMERA_3'],"{'CAMERA_1': [], 'CAMERA_2': [], 'CAMERA_3': ['settings', 'weight', 'long_exposure', 'camera_type', 'price', 'autofocus_points', 'sensor_size', 'color', 'ISO']}",C_SILENT_OR_BACKCHANNEL,CAMERA_3,NONE,I see,S_INTRODUCES_FEATURE,CAMERA_3,ISO,This one has up to 6400 ISO with little noise.,13~45
302,13,CAMERA_3,['CAMERA_3'],"{'CAMERA_1': [], 'CAMERA_2': [], 'CAMERA_3': ['settings', 'weight', 'long_exposure', 'camera_type', 'price', 'autofocus_points', 'sensor_size', 'color', 'ISO', 'preset_modes']}",C_QUESTION_ABOUT_FEATURE,CAMERA_3,preset_modes,does it have preset modes,S_NOT_SURE,CAMERA_3,,I'm not really sure about that,
302,14,CAMERA_3,['CAMERA_3'],"{'CAMERA_1': [], 'CAMERA_2': [], 'CAMERA_3': ['settings', 'weight', 'long_exposure', 'camera_type', 'price', 'autofocus_points', 'sensor_size', 'color', 'ISO', 'preset_modes', 'ISO']}",C_SILENT_OR_BACKCHANNEL,CAMERA_3,NONE,I see,S_INTRODUCES_FEATURE,CAMERA_3,ISO,This one has up to 6400 ISO with little noise.,13~45
302,15,CAMERA_3,['CAMERA_3'],"{'CAMERA_1': [], 'CAMERA_2': [], 'CAMERA_3': ['settings', 'weight', 'long_exposure', 'camera_type', 'price', 'autofocus_points', 'sensor_size', 'color', 'ISO', 'preset_modes', 'ISO', 'resolution']}",C_QUESTION_ABOUT_FEATURE,CAMERA_3,resolution,what is the resolution,S_NOT_SURE,CAMERA_3,,I'm not really sure about that,
302,16,CAMERA_3,['CAMERA_3'],"{'CAMERA_1': [], 'CAMERA_2': [], 'CAMERA_3': ['settings', 'weight', 'long_exposure', 'camera_type', 'price', 'autofocus_points', 'sensor_size', 'color', 'ISO', 'preset_modes', 'ISO', 'resolution', 'optical_zoom']}",C_QUESTION_ABOUT_FEATURE,CAMERA_3,optical_zoom,does it have optical zoom,S_NOT_SURE,CAMERA_3,,I'm not really sure about that,
302,17,CAMERA_3,['CAMERA_3'],"{'CAMERA_1': [], 'CAMERA_2': [], 'CAMERA_3': ['settings', 'weight', 'long_exposure', 'camera_type', 'price', 'autofocus_points', 'sensor_size', 'color', 'ISO', 'preset_modes', 'ISO', 'resolution', 'optical_zoom', 'sensor_size']}",C_SILENT_OR_BACKCHANNEL,CAMERA_3,NONE,okay,S_INTRODUCES_FEATURE,CAMERA_3,sensor_size,This one has a full frame.,15~25
302,18,NONE,['CAMERA_3'],"{'CAMERA_1': [], 'CAMERA_2': [], 'CAMERA_3': ['settings', 'weight', 'long_exposure', 'camera_type', 'price', 'autofocus_points', 'sensor_size', 'color', 'ISO', 'preset_modes', 'ISO', 'resolution', 'optical_zoom', 'sensor_size']}",C_THANK_YOU,CAMERA_3,NONE,thank you for your help,S_THANK_YOU,CAMERA_3,NONE,thank you very much,
302,19,NONE,['CAMERA_3'],"{'CAMERA_1': [], 'CAMERA_2': [], 'CAMERA_3': ['settings', 'weight', 'long_exposure', 'camera_type', 'price', 'autofocus_points', 'sensor_size', 'color', 'ISO', 'preset_modes', 'ISO', 'resolution', 'optical_zoom', 'sensor_size']}",C_LEAVES,DOOR,NONE,,S_RETURNS_TO_COUNTER,SERVICE_COUNTER,NONE,,
303,1,NONE,[],"{'CAMERA_1': [], 'CAMERA_2': [], 'CAMERA_3': []}",C_ENTERS,DOOR,NONE,,S_NONE,SERVICE_COUNTER,NONE,,
303,2,NONE,[],"{'CAMERA_1': [], 'CAMERA_2': [], 'CAMERA_3': []}",C_WALKS_TO_CAMERA,CAMERA_3,NONE,,S_GREETS,CAMERA_3,NONE,can I help you?,
303,3,CAMERA_2,['CAMERA_2'],"{'CAMERA_1': [], 'CAMERA_2': [], 'CAMERA_3': []}",C_LOOKING_FOR_A_CAMERA,CAMERA_3,NONE,I'm looking for a camera,S_INTRODUCES_CAMERA,CAMERA_2,,Let me show you this. Here we have the Sony Alpha a6000.,39~55
303,4,CAMERA_2,['CAMERA_2'],"{'CAMERA_1': [], 'CAMERA_2': ['settings'], 'CAMERA_3': []}",C_QUESTION_ABOUT_FEATURE,CAMERA_2,settings,what kind of settings does it have,S_ANSWERS_QUESTION_ABOUT_FEATURE,CAMERA_2,settings,This one has full manual control.,13~32
303,5,CAMERA_2,['CAMERA_2'],"{'CAMERA_1': [], 'CAMERA_2': ['settings', 'long_exposure'], 'CAMERA_3': []}",C_QUESTION_ABOUT_FEATURE,CAMERA_2,long_exposure,can it take long exposure shots,S_ANSWERS_QUESTION_ABOUT_FEATURE,CAMERA_2,long_exposure,This one can take long exposures up to up to 30 seconds.,39~55
303,6,CAMERA_2,['CAMERA_2'],"{'CAMERA_1': [], 'CAMERA_2': ['settings', 'long_exposure', 'autofocus_points'], 'CAMERA_3': []}",C_SILENT_OR_BACKCHANNEL,CAMERA_2,NONE,alright,S_INTRODUCES_FEATURE,CAMERA_2,autofocus_points,This one has 179 autofocus points.,13~33
303,7,CAMERA_2,['CAMERA_2'],"{'CAMERA_1': [], 'CAMERA_2': ['settings', 'long_exposure', 'autofocus_points', 'preset_modes'], 'CAMERA_3': []}",C_SILENT_OR_BACKCHANNEL,CAMERA_2,NONE,okay,S_INTRODUCES_FEATURE,CAMERA_2,preset_modes,"This one has 9 preset modes (e.g. beach, snow, night, portrait).",13~63
303,8,CAMERA_3,"['CAMERA_2', 'CAMERA_3']","{'CAMERA_1': [], 'CAMERA_2': ['settings', 'long_exposure', 'autofocus_points', 'preset_modes'], 'CAMERA_3': []}",C_ANYTHING_ELSE_AVAILABLE,CAMERA_2,NONE,ok do you have any other cameras,S_INTRODUCES_CAMERA,CAMERA_3,,Let me show you this. Here we have the Canon EOS 5D Mark III.,39~60
303,9,CAMERA_3,"['CAMERA_2', 'CAMERA_3']","{'CAMERA_1': [], 'CAMERA_2': ['settings', 'long_exposure', 'autofocus_points', 'preset_modes'], 'CAMERA_3': ['autofocus_points']}",C_QUESTION_ABOUT_FEATURE,CAMERA_3,autofocus_points,how many autofocus points does it have,S_ANSWERS_QUESTION_ABOUT_FEATURE,CAMERA_3,autofocus_points,This one has 61 autofocus points.,13~32
303,10,CAMERA_3,"['CAMERA_2', 'CAMERA_3']","{'CAMERA_1': [], 'CAMERA_2': ['settings', 'long_exposure', 'autofocus_points', 'preset_modes'], 'CAMERA_3': ['autofocus_points', 'color']}",C_QUESTION_ABOUT_FEATURE,CAMERA_3,color,what colors does this one come in,S_ANSWERS_QUESTION_ABOUT_FEATURE,CAMERA_3,color,This one comes in black.,18~23
303,11,CAMERA_3,"['CAMERA_2', 'CAMERA_3']","{'CAMERA_1': [], 'CAMERA_2': ['settings', 'long_exposure', 'autofocus_points', 'preset_modes'], 'CAMERA_3': ['autofocus_points', 'color', 'resolution']}",C_QUESTION_ABOUT_FEATURE,CAMERA_3,resolution,what is the resolution,S_NOT_SURE,CAMERA_3,,I'm not really sure about that,
303,12,CAMERA_3,"['CAMERA_2', 'CAMERA_3']","{'CAMERA_1': [], 'CAMERA_2': ['settings', 'long_exposure', 'autofocus_points', 'preset_modes'], 'CAMERA_3': ['autofocus_points', 'color', 'resolution', 'weight']}",C_QUESTION_ABOUT_FEATURE,CAMERA_3,weight,how much does this one weigh,S_ANSWERS_QUESTION_ABOUT_FEATURE,CAMERA_3,weight,This one weighs 950 grams (only body).,16~37
303,13,CAMERA_3,"['CAMERA_2', 'CAMERA_3']","{'CAMERA_1': [], 'CAMERA_2': ['settings', 'long_exposure', 'autofocus_points', 'preset_modes'], 'CAMERA_3': ['autofocus_points', 'color', 'resolution', 'weight', 'sensor_size']}",C_SILENT_OR_BACKCHANNEL,CAMERA_3,NONE,okay,S_INTRODUCES_FEATURE,CAMERA_3,sensor_size,This one has a full frame.,15~25
303,14,CAMERA_1,"['CAMERA_2', 'CAMERA_3', 'CAMERA_1']","{'CAMERA_1': [], 'CAMERA_2': ['settings', 'long_exposure', 'autofocus_points', 'preset_modes'], 'CAMERA_3': ['autofocus_points', 'color', 'resolution', 'weight', 'sensor_size']}",C_ANYTHING_ELSE_AVAILABLE,CAMERA_3,NONE,ok do you have any other cameras,S_INTRODUCES_CAMERA,CAMERA_1,,Let me show you this. Here we have the Nikon Coolpix S2800.,39~58
303,15,CAMERA_1,"['CAMERA_2', 'CAMERA_3', 'CAMERA_1']","{'CAMERA_1': ['long_exposure'], 'CAMERA_2': ['settings', 'long_exposure', 'autofocus_points', 'preset_modes'], 'CAMERA_3': ['autofocus_points', 'color', 'resolution', 'weight', 'sensor_size']}",C_QUESTION_ABOUT_FEATURE,CAMERA_1,long_exposure,can it take long exposure shots,S_NOT_SURE,CAMERA_1,,I'm not really sure about that,
303,16,CAMERA_1,"['CAMERA_2', 'CAMERA_3', 'CAMERA_1']","{'CAMERA_1': ['long_exposure', 'preset_modes'], 'CAMERA_2': ['settings', 'long_exposure', 'autofocus_points', 'preset_modes'], 'CAMERA_3': ['autofocus_points', 'color', 'resolution', 'weight', 'sensor_size']}",C_QUESTION_ABOUT_FEATURE,CAMERA_1,preset_modes,does it have preset modes,S_ANSWERS_QUESTION_ABOUT_FEATURE,CAMERA_1,preset_modes,"This one has 18 preset modes (e.g. beach, snow, night portrait).",13~63
303,17,CAMERA_1,"['CAMERA_2', 'CAMERA_3', 'CAMERA_1']","{'CAMERA_1': ['long_exposure', 'preset_modes', 'weight'], 'CAMERA_2': ['settings', 'long_exposure', 'autofocus_points', 'preset_modes'], 'CAMERA_3': ['autofocus_points', 'color', 'resolution', 'weight', 'sensor_size']}",C_QUESTION_ABOUT_FEATURE,CAMERA_1,weight,how much does this one weigh,S_ANSWERS_QUESTION_ABOUT_FEATURE,CAMERA_1,weight,This one weighs 120 grams.,16~25
303,18,CAMERA_1,"['CAMERA_2', 'CAMERA_3', 'CAMERA_1']","{'CAMERA_1': ['long_exposure', 'preset_modes', 'weight', 'camera_type'], 'CAMERA_2': ['settings', 'long_exposure', 'autofocus_points', 'preset_modes'], 'CAMERA_3': ['autofocus_points', 'color', 'resolution', 'weight', 'sensor_size']}",C_QUESTION_ABOUT_FEATURE,CAMERA_1,camera_type,what kind of camera is this,S_ANSWERS_QUESTION_ABOUT_FEATURE,CAMERA_1,camera_type,This is a point and shoot camera.,10~25
303,19,NONE,"['CAMERA_2', 'CAMERA_3', 'CAMERA_1']","{'CAMERA_1': ['long_exposure', 'preset_modes', 'weight', 'camera_type'], 'CAMERA_2': ['settings', 'long_exposure', 'autofocus_points', 'preset_modes'], 'CAMERA_3': ['autofocus_points', 'color', 'resolution', 'weight', 'sensor_size']}",C_THANK_YOU,CAMERA_1,NONE,thank you for your help,S_THANK_YOU,CAMERA_1,NONE,thank you very much,
303,20,NONE,"['CAMERA_2', 'CAMERA_3', 'CAMERA_1']","{'CAMERA_1': ['long_exposure', 'preset_modes', 'weight', 'camera_type'], 'CAMERA_2': ['settings', 'long_exposure', 'autofocus_points', 'preset_modes'], 'CAMERA_3': ['autofocus_points', 'color', 'resolution', 'weight', 'sensor_size']}",C_LEAVES,DOOR,NONE,,S_RETURNS_TO_COUNTER,SERVICE_COUNTER,NONE,,
304,1,NONE,[],"{'CAMERA_1': [], 'CAMERA_2': [], 'CAMERA_3': []}",C_ENTERS,DOOR,NONE,,S_NONE,SERVICE_COUNTER,NONE,,
304,2,NONE,[],"{'CAMERA_1': [], 'CAMERA_2': [], 'CAMERA_3': []}",C_WALKS_TO_CAMERA,CAMERA_2,NONE,,S_NONE,SERVICE_COUNTER,NONE,,
304,3,NONE,[],"{'CAMERA_1': [], 'CAMERA_2': [], 'CAMERA_3': []}",C_EXAMINES_CAMERA,CAMERA_2,NONE,,S_GREETS,CAMERA_2,NONE,can I help you?,
304,4,CAMERA_3,['CAMERA_3'],"{'CAMERA_1': [], 'CAMERA_2': [], 'CAMERA_3': []}",C_LOOKING_FOR_A_CAMERA,CAMERA_2,NONE,I'm looking for a camera,S_INTRODUCES_CAMERA,CAMERA_3,,Let me show you this. Here we have the Canon EOS 5D Mark III.,39~60
304,5,CAMERA_3,['CAMERA_3'],"{'CAMERA_1': [], 'CAMERA_2': [], 'CAMERA_3': ['long_exposure']}",C_QUESTION_ABOUT_FEATURE,CAMERA_3,long_exposure,can it take long exposure shots,S_ANSWERS_QUESTION_ABOUT_FEATURE,CAMERA_3,long_exposure,"This one can take long exposures up to up to 30 seconds, bulb mode: expose as long as you want.",39~94
304,6,CAMERA_3,['CAMERA_3'],"{'CAMERA_1': [], 'CAMERA_2': [], 'CAMERA_3': ['long_exposure', 'camera_type']}",C_SILENT_OR_BACKCHANNEL,CAMERA_3,NONE,okay,S_INTRODUCES_FEATURE,CAMERA_3,camera_type,This is a DSLR camera.,10~14
304,7,NONE,['CAMERA_3'],"{'CAMERA_1': [], 'CAMERA_2': [], 'CAMERA_3': ['long_exposure', 'camera_type']}",C_THANK_YOU,CAMERA_3,NONE,thank you for your help,S_THANK_YOU,CAMERA_3,NONE,thank you very much,
304,8,NONE,['CAMERA_3'],"{'CAMERA_1': [], 'CAMERA_2': [], 'CAMERA_3': ['long_exposure', 'camera_type']}",C_LEAVES,DOOR,NONE,,S_RETURNS_TO_COUNTER,SERVICE_COUNTER,NONE,,
305,1,NONE,[],"{'CAMERA_1': [], 'CAMERA_2': [], 'CAMERA_3': []}",C_ENTERS,DOOR,NONE,,S_NONE,SERVICE_COUNTER,NONE,,
305,2,NONE,[],"{'CAMERA_1': [], 'CAMERA_2': [], 'CAMERA_3': []}",C_GREETS,MIDDLE,NONE,hello,S_GREETS,MIDDLE,NONE,can I help you?,
305,3,CAMERA_2,['CAMERA_2'],"{'CAMERA_1': [], 'CAMERA_2': [], 'CAMERA_3': []}",C_LOOKING_FOR_A_CAMERA,MIDDLE,NONE,I'm looking for a camera,S_INTRODUCES_CAMERA,CAMERA_2,,Let me show you this. Here we have the Sony Alpha a6000.,39~55
305,4,CAMERA_2,['CAMERA_2'],"{'CAMERA_1': [], 'CAMERA_2': ['optical_zoom'], 'CAMERA_3': []}",C_QUESTION_ABOUT_FEATURE,CAMERA_2,optical_zoom,does it have optical zoom,S_NOT_SURE,CAMERA_2,,I'm not really sure about that,
305,5,CAMERA_2,['CAMERA_2'],"{'CAMERA_1': [], 'CAMERA_2': ['optical_zoom', 'weight'], 'CAMERA_3': []}",C_SILENT_OR_BACKCHANNEL,CAMERA_2,NONE,okay,S_INTRODUCES_FEATURE,CAMERA_2,weight,This one weighs 470 grams.,16~25
305,6,CAMERA_2,['CAMERA_2'],"{'CAMERA_1': [], 'CAMERA_2': ['optical_zoom', 'weight', 'preset_modes'], 'CAMERA_3': []}",C_QUESTION_ABOUT_FEATURE,CAMERA_2,preset_modes,does it have preset modes,S_ANSWERS_QUESTION_ABOUT_FEATURE,CAMERA_2,preset_modes,"This one has 9 preset modes (e.g. beach, snow, night, portrait).",13~63
305,7,CAMERA_2,['CAMERA_2'],"{'CAMERA_1': [], 'CAMERA_2': ['optical_zoom', 'weight', 'preset_modes', 'settings'], 'CAMERA_3': []}",C_QUESTION_ABOUT_FEATURE,CAMERA_2,settings,what kind of settings does it have,S_ANSWERS_QUESTION_ABOUT_FEATURE,CAMERA_2,settings,This one has full manual control.,13~32
305,8,CAMERA_2,['CAMERA_2'],"{'CAMERA_1': [], 'CAMERA_2': ['optical_zoom', 'weight', 'preset_modes', 'settings', 'color'], 'CAMERA_3': []}",C_QUESTION_ABOUT_FEATURE,CAMERA_2,color,what colors does this one come in,S_ANSWERS_QUESTION_ABOUT_FEATURE,CAMERA_2,color,"This one comes in white, silver, black.",18~38
305,9,CAMERA_2,['CAMERA_2'],"{'CAMERA_1': [], 'CAMERA_2': ['optical_zoom', 'weight', 'preset_modes', 'settings', 'color', 'long_exposure'], 'CAMERA_3': []}",C_SILENT_OR_BACKCHANNEL,CAMERA_2,NONE,I see,S_INTRODUCES_FEATURE,CAMERA_2,long_exposure,This one can take long exposures up to up to 30 seconds.,39~55
305,10,CAMERA_1,"['CAMERA_2', 'CAMERA_1']","{'CAMERA_1': [], 'CAMERA_2': ['optical_zoom', 'weight', 'preset_modes', 'settings', 'color', 'long_exposure'], 'CAMERA_3': []}",C_ANYTHING_ELSE_AVAILABLE,CAMERA_2,NONE,ok do you have any other cameras,S_INTRODUCES_CAMERA,CAMERA_1,,Let me show you this. Here we have the Nikon Coolpix S2800.,39~58
305,11,CAMERA_1,"['CAMERA_2', 'CAMERA_1']","{'CAMERA_1': ['long_exposure'], 'CAMERA_2': ['optical_zoom', 'weight', 'preset_modes', 'settings', 'color', 'long_exposure'], 'CAMERA_3': []}",C_QUESTION_ABOUT_FEATURE,CAMERA_1,long_exposure,can it take long exposure shots,S_NOT_SURE,CAMERA_1,,I'm not really sure about that,
305,12,CAMERA_1,"['CAMERA_2', 'CAMERA_1']","{'CAMERA_1': ['long_exposure', 'effects'], 'CAMERA_2': ['optical_zoom', 'weight', 'preset_modes', 'settings', 'color', 'long_exposure'], 'CAMERA_3': []}",C_SILENT_OR_BACKCHANNEL,CAMERA_1,NONE,alright,S_INTRODUCES_FEATURE,CAMERA_1,effects,"This one has 12 glamor retouch effects (e.g. skin softening, small face, big eyes).",13~82
305,13,CAMERA_1,"['CAMERA_2', 'CAMERA_1']","{'CAMERA_1': ['long_exposure', 'effects', 'optical_zoom'], 'CAMERA_2': ['optical_zoom', 'weight', 'preset_modes', 'settings', 'color', 'long_exposure'], 'CAMERA_3': []}",C_SILENT_OR_BACKCHANNEL,CAMERA_1,NONE,alright,S_INTRODUCES_FEATURE,CAMERA_1,optical_zoom,This one has 5x optical zoom.,13~28
305,14,CAMERA_1,"['CAMERA_2', 'CAMERA_1']","{'CAMERA_1': ['long_exposure', 'effects', 'optical_zoom', 'price'], 'CAMERA_2': ['optical_zoom', 'weight', 'preset_modes', 'settings', 'color', 'long_exposure'], 'CAMERA_3': []}",C_QUESTION_ABOUT_FEATURE,CAMERA_1,price,how much does it cost,S_ANSWERS_QUESTION_ABOUT_FEATURE,CAMERA_1,price,This one costs $2173.,15~20
305,15,CAMERA_1,"['CAMERA_2', 'CAMERA_1']","{'CAMERA_1': ['long_exposure', 'effects', 'optical_zoom', 'price', 'camera_type'], 'CAMERA_2': ['optical_zoom', 'weight', 'preset_modes', 'settings', 'color', 'long_exposure'], 'CAMERA_3': []}",C_QUESTION_ABOUT_FEATURE,CAMERA_1,camera_type,what kind of camera is this,S_ANSWERS_QUESTION_ABOUT_FEATURE,CAMERA_1,camera_type,This is a point and shoot camera.,10~25
305,16,CAMERA_1,"['CAMERA_2', 'CAMERA_1']","{'CAMERA_1': ['long_exposure', 'effects', 'optical_zoom', 'price', 'camera_type', 'autofocus_points'], 'CAMERA_2': ['optical_zoom', 'weight', 'preset_modes', 'settings', 'color', 'long_exposure'], 'CAMERA_3': []}",C_QUESTION_ABOUT_FEATURE,CAMERA_1,autofocus_points,how many autofocus points does it have,S_NOT_SURE,CAMERA_1,,I'm not really sure about that,
305,17,CAMERA_1,"['CAMERA_2', 'CAMERA_1']","{'CAMERA_1': ['long_exposure', 'effects', 'optical_zoom', 'price', 'camera_type', 'autofocus_points', 'resolution'], 'CAMERA_2': ['optical_zoom', 'weight', 'preset_modes', 'settings', 'color', 'long_exposure'], 'CAMERA_3': []}",C_QUESTION_ABOUT_FEATURE,CAMERA_1,resolution,what is the resolution,S_ANSWERS_QUESTION_ABOUT_FEATURE,CAMERA_1,resolution,This one has 20.1 megapixels resolution.,13~28
305,18,CAMERA_1,"['CAMERA_2', 'CAMERA_1']","{'CAMERA_1': ['long_exposure', 'effects', 'optical_zoom', 'price', 'camera_type', 'autofocus_points', 'resolution', 'preset_modes'], 'CAMERA_2': ['optical_zoom', 'weight', 'preset_modes', 'settings', 'color', 'long_exposure'], 'CAMERA_3': []}",C_QUESTION_ABOUT_FEATURE,CAMERA_1,preset_modes,does it have preset modes,S_ANSWERS_QUESTION_ABOUT_FEATURE,CAMERA_1,preset_modes,"This one has 18 preset modes (e.g. beach, snow, night portrait).",13~63
305,19,CAMERA_3,"['CAMERA_2', 'CAMERA_1', 'CAMERA_3']","{'CAMERA_1': ['long_exposure', 'effects', 'optical_zoom', 'price', 'camera_type', 'autofocus_points', 'resolution', 'preset_modes'], 'CAMERA_2': ['optical_zoom', 'weight', 'preset_modes', 'settings', 'color', 'long_exposure'], 'CAMERA_3': []}",C_ANYTHING_ELSE_AVAILABLE,CAMERA_1,NONE,ok do you have any other cameras,S_INTRODUCES_CAMERA,CAMERA_3,,Let me show you this. Here we have the Canon EOS 5D Mark III.,39~60
305,20,CAMERA_3,"['CAMERA_2', 'CAMERA_1', 'CAMERA_3']","{'CAMERA_1': ['long_exposure', 'effects', 'optical_zoom', 'price', 'camera_type', 'autofocus_points', 'resolution', 'preset_modes'], 'CAMERA_2': ['optical_zoom', 'weight', 'preset_modes', 'settings', 'color', 'long_exposure'], 'CAMERA_3': ['price']}",C_QUESTION_ABOUT_FEATURE,CAMERA_3,price,how much does it cost,S_ANSWERS_QUESTION_ABOUT_FEATURE,CAMERA_3,price,This one costs $3706.,15~20
305,21,CAMERA_3,"['CAMERA_2', 'CAMERA_1', 'CAMERA_3']","{'CAMERA_1': ['long_exposure', 'effects', 'optical_zoom', 'price', 'camera_type', 'autofocus_points', 'resolution', 'preset_modes'], 'CAMERA_2': ['optical_zoom', 'weight', 'preset_modes', 'settings', 'color', 'long_exposure'], 'CAMERA_3': ['price', 'effects']}",C_QUESTION_ABOUT_FEATURE,CAMERA_3,effects,does it have any effect modes,S_NOT_SURE,CAMERA_3,,I'm not really sure about that,
305,22,NONE,"['CAMERA_2', 'CAMERA_1', 'CAMERA_3']","{'CAMERA_1': ['long_exposure', 'effects', 'optical_zoom', 'price', 'camera_type', 'autofocus_points', 'resolution', 'preset_modes'], 'CAMERA_2': ['optical_zoom', 'weight', 'preset_modes', 'settings', 'color', 'long_exposure'], 'CAMERA_3': ['price', 'effects']}",C_THANK_YOU,CAMERA_3,NONE,thank you for your help,S_THANK_YOU,CAMERA_3,NONE,thank you very much,
305,23,NONE,"['CAMERA_2', 'CAMERA_1', 'CAMERA_3']","{'CAMERA_1': ['long_exposure', 'effects', 'optical_zoom', 'price', 'camera_type', 'autofocus_points', 'resolution', 'preset_modes'], 'CAMERA_2': ['optical_zoom', 'weight', 'preset_modes', 'settings', 'color', 'long_exposure'], 'CAMERA_3': ['price', 'effects']}",C_LEAVES,DOOR,NONE,,S_RETURNS_TO_COUNTER,SERVICE_COUNTER,NONE,,
306,1,NONE,[],"{'CAMERA_1': [], 'CAMERA_2': [], 'CAMERA_3': []}",C_ENTERS,DOOR,NONE,,S_NONE,SERVICE_COUNTER,NONE,,
306,2,NONE,[],"{'CAMERA_1': [], 'CAMERA_2': [], 'CAMERA_3': []}",C_WALKS_TO_CAMERA,CAMERA_1,NONE,,S_GREETS,CAMERA_1,NONE,can I help you?,
306,3,CAMERA_3,['CAMERA_3'],"{'CAMERA_1': [], 'CAMERA_2': [], 'CAMERA_3': []}",C_LOOKING_FOR_A_CAMERA,CAMERA_1,NONE,I'm looking for a camera,S_INTRODUCES_CAMERA,CAMERA_3,,Let me show you this. Here we have the Canon EOS 5D Mark III.,39~60
306,4,CAMERA_3,['CAMERA_3'],"{'CAMERA_1': [], 'CAMERA_2': [], 'CAMERA_3': ['color']}",C_QUESTION_ABOUT_FEATURE,CAMERA_3,color,what colors does this one come in,S_ANSWERS_QUESTION_ABOUT_FEATURE,CAMERA_3,color,This one comes in black.,18~23
306,5,CAMERA_3,['CAMERA_3'],"{'CAMERA_1': [], 'CAMERA_2': [], 'CAMERA_3': ['color', 'weight']}",C_QUESTION_ABOUT_FEATURE,CAMERA_3,weight,how much does this one weigh,S_ANSWERS_QUESTION_ABOUT_FEATURE,CAMERA_3,weight,This one weighs 950 grams (only body).,16~37
306,6,CAMERA_3,['CAMERA_3'],"{'CAMERA_1': [], 'CAMERA_2': [], 'CAMERA_3': ['color', 'weight', 'sensor_size']}",C_QUESTION_ABOUT_FEATURE,CAMERA_3,sensor_size,what is the sensor size,S_ANSWERS_QUESTION_ABOUT_FEATURE,CAMERA_3,sensor_size,This one has a full frame.,15~25
306,7,CAMERA_3,['CAMERA_3'],"{'CAMERA_1': [], 'CAMERA_2': [], 'CAMERA_3': ['color', 'weight', 'sensor_size', 'settings']}",C_QUESTION_ABOUT_FEATURE,CAMERA_3,settings,what kind of settings does it have,S_ANSWERS_QUESTION_ABOUT_FEATURE,CAMERA_3,settings,This one has full manual control.,13~32
306,8,CAMERA_3,['CAMERA_3'],"{'CAMERA_1': [], 'CAMERA_2': [], 'CAMERA_3': ['color', 'weight', 'sensor_size', 'settings', 'ISO']}",C_SILENT_OR_BACKCHANNEL,CAMERA_3,NONE,okay,S_INTRODUCES_FEATURE,CAMERA_3,ISO,This one has up to 6400 ISO with little noise.,13~45
306,9,CAMERA_3,['CAMERA_3'],"{'CAMERA_1': [], 'CAMERA_2': [], 'CAMERA_3': ['color', 'weight', 'sensor_size', 'settings', 'ISO', 'resolution']}",C_QUESTION_ABOUT_FEATURE,CAMERA_3,resolution,what is the resolution,S_NOT_SURE,CAMERA_3,,I'm not really sure about that,
306,10,CAMERA_3,['CAMERA_3'],"{'CAMERA_1': [], 'CAMERA_2': [], 'CAMERA_3': ['color', 'weight', 'sensor_size', 'settings', 'ISO', 'resolution', 'long_exposure']}",C_SILENT_OR_BACKCHANNEL,CAMERA_3,NONE,okay,S_INTRODUCES_FEATURE,CAMERA_3,long_exposure,"This one can take long exposures up to up to 30 seconds, bulb mode: expose as long as you want.",39~94
306,11,CAMERA_3,['CAMERA_3'],"{'CAMERA_1': [], 'CAMERA_2': [], 'CAMERA_3': ['color', 'weight', 'sensor_size', 'settings', 'ISO', 'resolution', 'long_exposure', 'autofocus_points']}",C_QUESTION_ABOUT_FEATURE,CAMERA_3,autofocus_points,how many autofocus points does it have,S_ANSWERS_QUESTION_ABOUT_FEATURE,CAMERA_3,autofocus_points,This one has 61 autofocus points.,13~32
306,12,CAMERA_3,['CAMERA_3'],"{'CAMERA_1': [], 'CAMERA_2': [], 'CAMERA_3': ['color', 'weight', 'sensor_size', 'settings', 'ISO', 'resolution', 'long_exposure', 'autofocus_points', 'camera_type']}",C_SILENT_OR_BACKCHANNEL,CAMERA_3,NONE,okay,S_INTRODUCES_FEATURE,CAMERA_3,camera_type,This is a DSLR camera.,10~14
306,13,CAMERA_3,['CAMERA_3'],"{'CAMERA_1': [], 'CAMERA_2': [], 'CAMERA_3': ['color', 'weight', 'sensor_size', 'settings', 'ISO', 'resolution', 'long_exposure', 'autofocus_points', 'camera_type', 'preset_modes']}",C_QUESTION_ABOUT_FEATURE,CAMERA_3,preset_modes,does it have preset modes,S_NOT_SURE,CAMERA_3,,I'm not really sure about that,
306,14,CAMERA_3,['CAMERA_3'],"{'CAMERA_1': [], 'CAMERA_2': [], 'CAMERA_3': ['color', 'weight', 'sensor_size', 'settings', 'ISO', 'resolution', 'long_exposure', 'autofocus_points', 'camera_type', 'preset_modes', 'optical_zoom']}",C_QUESTION_ABOUT_FEATURE,CAMERA_3,optical_zoom,does it have optical zoom,S_NOT_SURE,CAMERA_3,,I'm not really sure about that,
306,15,CAMERA_3,['CAMERA_3'],"{'CAMERA_1': [], 'CAMERA_2': [], 'CAMERA_3': ['color', 'weight', 'sensor_size', 'settings', 'ISO', 'resolution', 'long_exposure', 'autofocus_points', 'camera_type', 'preset_modes', 'optical_zoom', 'effects']}",C_QUESTION_ABOUT_FEATURE,CAMERA_3,effects,does it have any effect modes,S_NOT_SURE,CAMERA_3,,I'm not really sure about that,
306,16,NONE,['CAMERA_3'],"{'CAMERA_1': [], 'CAMERA_2': [], 'CAMERA_3': ['color', 'weight', 'sensor_size', 'settings', 'ISO', 'resolution', 'long_exposure', 'autofocus_points', 'camera_type', 'preset_modes', 'optical_zoom', 'effects']}",C_THANK_YOU,CAMERA_3,NONE,thank you for your help,S_THANK_YOU,CAMERA_3,NONE,thank you very much,
306,17,NONE,['CAMERA_3'],"{'CAMERA_1': [], 'CAMERA_2': [], 'CAMERA_3': ['color', 'weight', 'sensor_size', 'settings', 'ISO', 'resolution', 'long_exposure', 'autofocus_points', 'camera_type', 'preset_modes', 'optical_zoom', 'effects']}",C_LEAVES,DOOR,NONE,,S_RETURNS_TO_COUNTER,SERVICE_COUNTER,NONE,,
307,1,NONE,[],"{'CAMERA_1': [], 'CAMERA_2': [], 'CAMERA_3': []}",C_ENTERS,DOOR,NONE,,S_NONE,SERVICE_COUNTER,NONE,,
307,2,NONE,[],"{'CAMERA_1': [], 'CAMERA_2': [], 'CAMERA_3': []}",C_GREETS,MIDDLE,NONE,hello,S_GREETS,MIDDLE,NONE,can I help you?,
307,3,CAMERA_2,['CAMERA_2'],"{'CAMERA_1': [], 'CAMERA_2': [], 'CAMERA_3': []}",C_LOOKING_FOR_A_CAMERA,MIDDLE,NONE,I'm looking for a camera,S_INTRODUCES_CAMERA,CAMERA_2,,Let me show you this. Here we have the Sony Alpha a6000.,39~55
307,4,CAMERA_2,['CAMERA_2'],"{'CAMERA_1': [], 'CAMERA_2': ['autofocus_points'], 'CAMERA_3': []}",C_SILENT_OR_BACKCHANNEL,CAMERA_2,NONE,I see,S_INTRODUCES_FEATURE,CAMERA_2,autofocus_points,This one has 179 autofocus points.,13~33
307,5,CAMERA_2,['CAMERA_2'],"{'CAMERA_1': [], 'CAMERA_2': ['autofocus_points', 'ISO'], 'CAMERA_3': []}",C_QUESTION_ABOUT_FEATURE,CAMERA_2,ISO,what is the ISO,S_ANSWERS_QUESTION_ABOUT_FEATURE,CAMERA_2,ISO,This one has up to 3200 ISO with little noise.,13~45
307,6,CAMERA_2,['CAMERA_2'],"{'CAMERA_1': [], 'CAMERA_2': ['autofocus_points', 'ISO', 'weight'], 'CAMERA_3': []}",C_QUESTION_ABOUT_FEATURE,CAMERA_2,weight,how much does this one weigh,S_ANSWERS_QUESTION_ABOUT_FEATURE,CAMERA_2,weight,This one weighs 470 grams.,16~25
307,7,CAMERA_2,['CAMERA_2'],"{'CAMERA_1': [], 'CAMERA_2': ['autofocus_points', 'ISO', 'weight', 'color'], 'CAMERA_3': []}",C_SILENT_OR_BACKCHANNEL,CAMERA_2,NONE,alright,S_INTRODUCES_FEATURE,CAMERA_2,color,"This one comes in white, silver, black.",18~38
307,8,NONE,['CAMERA_2'],"{'CAMERA_1': [], 'CAMERA_2': ['autofocus_points', 'ISO', 'weight', 'color'], 'CAMERA_3': []}",C_THANK_YOU,CAMERA_2,NONE,thank you for your help,S_THANK_YOU,CAMERA_2,NONE,thank you very much,
307,9,NONE,['CAMERA_2'],"{'CAMERA_1': [], 'CAMERA_2': ['autofocus_points', 'ISO', 'weight', 'color'], 'CAMERA_3': []}",C_LEAVES,DOOR,NONE,,S_RETURNS_TO_COUNTER,SERVICE_COUNTER,NONE,,
308,1,NONE,[],"{'CAMERA_1': [], 'CAMERA_2': [], 'CAMERA_3': []}",C_ENTERS,DOOR,NONE,,S_NONE,SERVICE_COUNTER,NONE,,
308,2,NONE,[],"{'CAMERA_1': [], 'CAMERA_2': [], 'CAMERA_3': []}",C_WALKS_TO_CAMERA,CAMERA_2,NONE,,S_GREETS,CAMERA_2,NONE,can I help you?,
308,3,CAMERA_1,['CAMERA_1'],"{'CAMERA_1': [], 'CAMERA_2': [], 'CAMERA_3': []}",C_LOOKING_FOR_A_CAMERA,CAMERA_2,NONE,I'm looking for a camera,S_INTRODUCES_CAMERA,CAMERA_1,,Let me show you this. Here we have the Nikon Coolpix S2800.,39~58
308,4,CAMERA_1,['CAMERA_1'],"{'CAMERA_1': ['camera_type'], 'CAMERA_2': [], 'CAMERA_3': []}",C_QUESTION_ABOUT_FEATURE,CAMERA_1,camera_type,what kind of camera is this,S_ANSWERS_QUESTION_ABOUT_FEATURE,CAMERA_1,camera_type,This is a point and shoot camera.,10~25
308,5,CAMERA_1,['CAMERA_1'],"{'CAMERA_1': ['camera_type', 'optical_zoom'], 'CAMERA_2': [], 'CAMERA_3': []}",C_QUESTION_ABOUT_FEATURE,CAMERA_1,optical_zoom,does it have optical zoom,S_ANSWERS_QUESTION_ABOUT_FEATURE,CAMERA_1,optical_zoom,This one has 5x optical zoom.,13~28
308,6,CAMERA_1,['CAMERA_1'],"{'CAMERA_1': ['camera_type', 'optical_zoom', 'long_exposure'], 'CAMERA_2': [], 'CAMERA_3': []}",C_QUESTION_ABOUT_FEATURE,CAMERA_1,long_exposure,can it take long exposure shots,S_NOT_SURE,CAMERA_1,,I'm not really sure about that,
308,7,CAMERA_1,['CAMERA_1'],"{'CAMERA_1': ['camera_type', 'optical_zoom', 'long_exposure', 'preset_modes'], 'CAMERA_2': [], 'CAMERA_3': []}",C_QUESTION_ABOUT_FEATURE,CAMERA_1,preset_modes,does it have preset modes,S_ANSWERS_QUESTION_ABOUT_FEATURE,CAMERA_1,preset_modes,"This one has 18 preset modes (e.g. beach, snow, night portrait).",13~63
308,8,CAMERA_1,['CAMERA_1'],"{'CAMERA_1': ['camera_type', 'optical_zoom', 'long_exposure', 'preset_modes', 'ISO'], 'CAMERA_2': [], 'CAMERA_3': []}",C_QUESTION_ABOUT_FEATURE,CAMERA_1,ISO,what is the ISO,S_NOT_SURE,CAMERA_1,,I'm not really sure about that,
308,9,CAMERA_1,['CAMERA_1'],"{'CAMERA_1': ['camera_type', 'optical_zoom', 'long_exposure', 'preset_modes', 'ISO', 'price'], 'CAMERA_2': [], 'CAMERA_3': []}",C_QUESTION_ABOUT_FEATURE,CAMERA_1,price,how much does it cost,S_ANSWERS_QUESTION_ABOUT_FEATURE,CAMERA_1,price,This one costs $2173.,15~20
308,10,CAMERA_1,['CAMERA_1'],"{'CAMERA_1': ['camera_type', 'optical_zoom', 'long_exposure', 'preset_modes', 'ISO', 'price', 'color'], 'CAMERA_2': [], 'CAMERA_3': []}",C_SILENT_OR_BACKCHANNEL,CAMERA_1,NONE,okay,S_INTRODUCES_FEATURE,CAMERA_1,color,"This one comes in purple, pink, black, silver, red.",18~50
308,11,CAMERA_3,"['CAMERA_1', 'CAMERA_3']","{'CAMERA_1': ['camera_type', 'optical_zoom', 'long_exposure', 'preset_modes', 'ISO', 'price', 'color'], 'CAMERA_2': [], 'CAMERA_3': []}",C_ANYTHING_ELSE_AVAILABLE,CAMERA_1,NONE,ok do you have any other cameras,S_INTRODUCES_CAMERA,CAMERA_3,,Let me show you this. Here we have the Canon EOS 5D Mark III.,39~60
308,12,CAMERA_3,"['CAMERA_1', 'CAMERA_3']","{'CAMERA_1': ['camera_type', 'optical_zoom', 'long_exposure', 'preset_modes', 'ISO', 'price', 'color'], 'CAMERA_2': [], 'CAMERA_3': ['settings']}",C_QUESTION_ABOUT_FEATURE,CAMERA_3,settings,what kind of settings does it have,S_ANSWERS_QUESTION_ABOUT_FEATURE,CAMERA_3,settings,This one has full manual control.,13~32
308,13,CAMERA_3,"['CAMERA_1', 'CAMERA_3']","{'CAMERA_1': ['camera_type', 'optical_zoom', 'long_exposure', 'preset_modes', 'ISO', 'price', 'color'], 'CAMERA_2': [], 'CAMERA_3': ['settings', 'resolution']}",C_QUESTION_ABOUT_FEATURE,CAMERA_3,resolution,what is the resolution,S_NOT_SURE,CAMERA_3,,I'm not really sure about that,
308,14,CAMERA_3,"['CAMERA_1', 'CAMERA_3']","{'CAMERA_1': ['camera_type', 'optical_zoom', 'long_exposure', 'preset_modes', 'ISO', 'price', 'color'], 'CAMERA_2': [], 'CAMERA_3': ['settings', 'resolution', 'autofocus_points']}",C_QUESTION_ABOUT_FEATURE,CAMERA_3,autofocus_points,how many autofocus points does it have,S_ANSWERS_QUESTION_ABOUT_FEATURE,CAMERA_3,autofocus_points,This one has 61 autofocus points.,13~32
308,15,CAMERA_3,"['CAMERA_1', 'CAMERA_3']","{'CAMERA_1': ['camera_type', 'optical_zoom', 'long_exposure', 'preset_modes', 'ISO', 'price', 'color'], 'CAMERA_2': [], 'CAMERA_3': ['settings', 'resolution', 'autofocus_points', 'color']}",C_QUESTION_ABOUT_FEATURE,CAMERA_3,color,what colors does this one come in,S_ANSWERS_QUESTION_ABOUT_FEATURE,CAMERA_3,color,This one comes in black.,18~23
308,16,CAMERA_3,"['CAMERA_1', 'CAMERA_3']","{'CAMERA_1': ['camera_type', 'optical_zoom', 'long_exposure', 'preset_modes', 'ISO', 'price', 'color'], 'CAMERA_2': [], 'CAMERA_3': ['settings', 'resolution', 'autofocus_points', 'color', 'long_exposure']}",C_QUESTION_ABOUT_FEATURE,CAMERA_3,long_exposure,can it take long exposure shots,S_ANSWERS_QUESTION_ABOUT_FEATURE,CAMERA_3,long_exposure,"This one can take long exposures up to up to 30 seconds, bulb mode: expose as long as you want.",39~94
308,17,CAMERA_3,"['CAMERA_1', 'CAMERA_3']","{'CAMERA_1': ['camera_type', 'optical_zoom', 'long_exposure', 'preset_modes', 'ISO', 'price', 'color'], 'CAMERA_2': [], 'CAMERA_3': ['settings', 'resolution', 'autofocus_points', 'color', 'long_exposure', 'preset_modes']}",C_QUESTION_ABOUT_FEATURE,CAMERA_3,preset_modes,does it have preset modes,S_NOT_SURE,CAMERA_3,,I'm not really sure about that,
308,18,CAMERA_3,"['CAMERA_1', 'CAMERA_3']","{'CAMERA_1': ['camera_type', 'optical_zoom', 'long_exposure', 'preset_modes', 'ISO', 'price', 'color'], 'CAMERA_2': [], 'CAMERA_3': ['settings', 'resolution', 'autofocus_points', 'color', 'long_exposure', 'preset_modes', 'weight']}",C_QUESTION_ABOUT_FEATURE,CAMERA_3,weight,how much does this one weigh,S_ANSWERS_QUESTION_ABOUT_FEATURE,CAMERA_3,weight,This one weighs 950 grams (only body).,16~37
308,19,CAMERA_3,"['CAMERA_1', 'CAMERA_3']","{'CAMERA_1': ['camera_type', 'optical_zoom', 'long_exposure', 'preset_modes', 'ISO', 'price', 'color'], 'CAMERA_2': [], 'CAMERA_3': ['settings', 'resolution', 'autofocus_points', 'color', 'long_exposure', 'preset_modes', 'weight', 'optical_zoom']}",C_QUESTION_ABOUT_FEATURE,CAMERA_3,optical_zoom,does it have optical zoom,S_NOT_SURE,CAMERA_3,,I'm not really sure about that,
308,20,CAMERA_2,"['CAMERA_1', 'CAMERA_3', 'CAMERA_2']","{'CAMERA_1': ['camera_type', 'optical_zoom', 'long_exposure', 'preset_modes', 'ISO', 'price', 'color'], 'CAMERA_2': [], 'CAMERA_3': ['settings', 'resolution', 'autofocus_points', 'color', 'long_exposure', 'preset_modes', 'weight', 'optical_zoom']}",C_ANYTHING_ELSE_AVAILABLE,CAMERA_3,NONE,ok do you have any other cameras,S_INTRODUCES_CAMERA,CAMERA_2,,Let me show you this. Here we have the Sony Alpha a6000.,39~55
308,21,CAMERA_2,"['CAMERA_1', 'CAMERA_3', 'CAMERA_2']","{'CAMERA_1': ['camera_type', 'optical_zoom', 'long_exposure', 'preset_modes', 'ISO', 'price', 'color'], 'CAMERA_2': ['resolution'], 'CAMERA_3': ['settings', 'resolution', 'autofocus_points', 'color', 'long_exposure', 'preset_modes', 'weight', 'optical_zoom']}",C_QUESTION_ABOUT_FEATURE,CAMERA_2,resolution,what is the resolution,S_NOT_SURE,CAMERA_2,,I'm not really sure about that,
308,22,CAMERA_2,"['CAMERA_1', 'CAMERA_3', 'CAMERA_2']","{'CAMERA_1': ['camera_type', 'optical_zoom', 'long_exposure', 'preset_modes', 'ISO', 'price', 'color'], 'CAMERA_2': ['resolution', 'ISO'], 'CAMERA_3': ['settings', 'resolution', 'autofocus_points', 'color', 'long_exposure', 'preset_modes', 'weight', 'optical_zoom']}",C_QUESTION_ABOUT_FEATURE,CAMERA_2,ISO,what is the ISO,S_ANSWERS_QUESTION_ABOUT_FEATURE,CAMERA_2,ISO,This one has up to 3200 ISO with little noise.,13~45
308,23,CAMERA_2,"['CAMERA_1', 'CAMERA_3', 'CAMERA_2']","{'CAMERA_1': ['camera_type', 'optical_zoom', 'long_exposure', 'preset_modes', 'ISO', 'price', 'color'], 'CAMERA_2': ['resolution', 'ISO', 'weight'], 'CAMERA_3': ['settings', 'resolution', 'autofocus_points', 'color', 'long_exposure', 'preset_modes', 'weight', 'optical_zoom']}",C_QUESTION_ABOUT_FEATURE,CAMERA_2,weight,how much does this one weigh,S_ANSWERS_QUESTION_ABOUT_FEATURE,CAMERA_2,weight,This one weighs 470 grams.,16~25
308,24,CAMERA_2,"['CAMERA_1', 'CAMERA_3', 'CAMERA_2']","{'CAMERA_1': ['camera_type', 'optical_zoom', 'long_exposure', 'preset_modes', 'ISO', 'price', 'color'], 'CAMERA_2': ['resolution', 'ISO', 'weight', 'preset_modes'], 'CAMERA_3': ['settings', 'resolution', 'autofocus_points', 'color', 'long_exposure', 'preset_modes', 'weight', 'optical_zoom']}",C_QUESTION_ABOUT_FEATURE,CAMERA_2,preset_modes,does it have preset modes,S_ANSWERS_QUESTION_ABOUT_FEATURE,CAMERA_2,preset_modes,"This one has 9 preset modes (e.g. beach, snow, night, portrait).",13~63
308,25,,"['CAMERA_1', 'CAMERA_3', 'CAMERA_2']","{'CAMERA_1': ['camera_type', 'optical_zoom', 'long_exposure', 'preset_modes', 'ISO', 'price', 'color'], 'CAMERA_2': ['resolution', 'ISO', 'weight', 'preset_modes'], 'CAMERA_3': ['settings', 'resolution', 'autofocus_points', 'color', 'long_exposure', 'preset_modes', 'weight', 'optical_zoom']}",C_ANYTHING_ELSE_AVAILABLE,CAMERA_2,NONE,ok do you have any other cameras,S_THATS_ALL_WE_HAVE_AVAILABLE,CAMERA_2,,That’s all we have available at the moment.,
308,26,NONE,"['CAMERA_1', 'CAMERA_3', 'CAMERA_2']","{'CAMERA_1': ['camera_type', 'optical_zoom', 'long_exposure', 'preset_modes', 'ISO', 'price', 'color'], 'CAMERA_2': ['resolution', 'ISO', 'weight', 'preset_modes'], 'CAMERA_3': ['settings', 'resolution', 'autofocus_points', 'color', 'long_exposure', 'preset_modes', 'weight', 'optical_zoom']}",C_THANK_YOU,CAMERA_2,NONE,thank you for your help,S_THANK_YOU,CAMERA_2,NONE,thank you very much,
308,27,NONE,"['CAMERA_1', 'CAMERA_3', 'CAMERA_2']","{'CAMERA_1': ['camera_type', 'optical_zoom', 'long_exposure', 'preset_modes', 'ISO', 'price', 'color'], 'CAMERA_2': ['resolution', 'ISO', 'weight', 'preset_modes'], 'CAMERA_3': ['settings', 'resolution', 'autofocus_points', 'color', 'long_exposure', 'preset_modes', 'weight', 'optical_zoom']}",C_LEAVES,DOOR,NONE,,S_RETURNS_TO_COUNTER,SERVICE_COUNTER,NONE,,
309,1,NONE,[],"{'CAMERA_1': [], 'CAMERA_2': [], 'CAMERA_3': []}",C_ENTERS,DOOR,NONE,,S_NONE,SERVICE_COUNTER,NONE,,
309,2,NONE,[],"{'CAMERA_1': [], 'CAMERA_2': [], 'CAMERA_3': []}",C_WALKS_TO_CAMERA,CAMERA_3,NONE,,S_NONE,SERVICE_COUNTER,NONE,,
309,3,CAMERA_3,['CAMERA_3'],"{'CAMERA_1': [], 'CAMERA_2': [], 'CAMERA_3': ['color']}",C_QUESTION_ABOUT_FEATURE,CAMERA_3,color,what colors does this one come in,S_ANSWERS_QUESTION_ABOUT_FEATURE,CAMERA_3,color,This one comes in black.,18~23
309,4,CAMERA_3,['CAMERA_3'],"{'CAMERA_1': [], 'CAMERA_2': [], 'CAMERA_3': ['color', 'camera_type']}",C_SILENT_OR_BACKCHANNEL,CAMERA_3,NONE,I see,S_INTRODUCES_FEATURE,CAMERA_3,camera_type,This is a DSLR camera.,10~14
309,5,CAMERA_2,"['CAMERA_3', 'CAMERA_2']","{'CAMERA_1': [], 'CAMERA_2': [], 'CAMERA_3': ['color', 'camera_type']}",C_ANYTHING_ELSE_AVAILABLE,CAMERA_3,NONE,ok do you have any other cameras,S_INTRODUCES_CAMERA,CAMERA_2,,Let me show you this. Here we have the Sony Alpha a6000.,39~55
309,6,CAMERA_2,"['CAMERA_3', 'CAMERA_2']","{'CAMERA_1': [], 'CAMERA_2': ['autofocus_points'], 'CAMERA_3': ['color', 'camera_type']}",C_QUESTION_ABOUT_FEATURE,CAMERA_2,autofocus_points,how many autofocus points does it have,S_ANSWERS_QUESTION_ABOUT_FEATURE,CAMERA_2,autofocus_points,This one has 179 autofocus points.,13~33
309,7,CAMERA_2,"['CAMERA_3', 'CAMERA_2']","{'CAMERA_1': [], 'CAMERA_2': ['autofocus_points', 'color'], 'CAMERA_3': ['color', 'camera_type']}",C_QUESTION_ABOUT_FEATURE,CAMERA_2,color,what colors does this one come in,S_ANSWERS_QUESTION_ABOUT_FEATURE,CAMERA_2,color,"This one comes in white, silver, black.",18~38
309,8,CAMERA_1,"['CAMERA_3', 'CAMERA_2', 'CAMERA_1']","{'CAMERA_1': [], 'CAMERA_2': ['autofocus_points', 'color'], 'CAMERA_3': ['color', 'camera_type']}",C_ANYTHING_ELSE_AVAILABLE,CAMERA_2,NONE,ok do you have any other cameras,S_INTRODUCES_CAMERA,CAMERA_1,,Let me show you this. Here we have the Nikon Coolpix S2800.,39~58
309,9,CAMERA_1,"['CAMERA_3', 'CAMERA_2', 'CAMERA_1']","{'CAMERA_1': ['autofocus_points'], 'CAMERA_2': ['autofocus_points', 'color'], 'CAMERA_3': ['color', 'camera_type']}",C_QUESTION_ABOUT_FEATURE,CAMERA_1,autofocus_points,how many autofocus points does it have,S_NOT_SURE,CAMERA_1,,I'm not really sure about that,
309,10,CAMERA_1,"['CAMERA_3', 'CAMERA_2', 'CAMERA_1']","{'CAMERA_1': ['autofocus_points', 'color'], 'CAMERA_2': ['autofocus_points', 'color'], 'CAMERA_3': ['color', 'camera_type']}",C_QUESTION_ABOUT_FEATURE,CAMERA_1,color,what colors does this one come in,S_ANSWERS_QUESTION_ABOUT_FEATURE,CAMERA_1,color,"This one comes in purple, pink, black, silver, red.",18~50
309,11,NONE,"['CAMERA_3', 'CAMERA_2', 'CAMERA_1']","{'CAMERA_1': ['autofocus_points', 'color'], 'CAMERA_2': ['autofocus_points', 'color'], 'CAMERA_3': ['color', 'camera_type']}",C_THANK_YOU,CAMERA_1,NONE,thank you for your help,S_THANK_YOU,CAMERA_1,NONE,thank you very much,
309,12,NONE,"['CAMERA_3', 'CAMERA_2', 'CAMERA_1']","{'CAMERA_1': ['autofocus_points', 'color'], 'CAMERA_2': ['autofocus_points', 'color'], 'CAMERA_3': ['color', 'camera_type']}",C_LEAVES,DOOR,NONE,,S_RETURNS_TO_COUNTER,SERVICE_COUNTER,NONE,,
310,1,NONE,[],"{'CAMERA_1': [], 'CAMERA_2': [], 'CAMERA_3': []}",C_ENTERS,DOOR,NONE,,S_NONE,SERVICE_COUNTER,NONE,,
310,2,NONE,[],"{'CAMERA_1': [], 'CAMERA_2': [], 'CAMERA_3': []}",C_GREETS,MIDDLE,NONE,hello,S_GREETS,MIDDLE,NONE,can I help you?,
310,3,CAMERA_3,['CAMERA_3'],"{'CAMERA_1': [], 'CAMERA_2': [], 'CAMERA_3': []}",C_LOOKING_FOR_A_CAMERA,MIDDLE,NONE,I'm looking for a camera,S_INTRODUCES_CAMERA,CAMERA_3,,Let me show you this. Here we have the Canon EOS 5D Mark III.,39~60
310,4,CAMERA_3,['CAMERA_3'],"{'CAMERA_1': [], 'CAMERA_2': [], 'CAMERA_3': ['optical_zoom']}",C_QUESTION_ABOUT_FEATURE,CAMERA_3,optical_zoom,does it have optical zoom,S_NOT_SURE,CAMERA_3,,I'm not really sure about that,
310,5,CAMERA_3,['CAMERA_3'],"{'CAMERA_1': [], 'CAMERA_2': [], 'CAMERA_3': ['optical_zoom', 'effects']}",C_QUESTION_ABOUT_FEATURE,CAMERA_3,effects,does it have any effect modes,S_NOT_SURE,CAMERA_3,,I'm not really sure about that,
310,6,CAMERA_3,['CAMERA_3'],"{'CAMERA_1': [], 'CAMERA_2': [], 'CAMERA_3': ['optical_zoom', 'effects', 'camera_type']}",C_SILENT_OR_BACKCHANNEL,CAMERA_3,NONE,alright,S_INTRODUCES_FEATURE,CAMERA_3,camera_type,This is a DSLR camera.,10~14
310,7,CAMERA_3,['CAMERA_3'],"{'CAMERA_1': [], 'CAMERA_2': [], 'CAMERA_3': ['optical_zoom', 'effects', 'camera_type', 'color']}",C_SILENT_OR_BACKCHANNEL,CAMERA_3,NONE,alright,S_INTRODUCES_FEATURE,CAMERA_3,color,This one comes in black.,18~23
310,8,CAMERA_1,"['CAMERA_3', 'CAMERA_1']","{'CAMERA_1': [], 'CAMERA_2': [], 'CAMERA_3': ['optical_zoom', 'effects', 'camera_type', 'color']}",C_ANYTHING_ELSE_AVAILABLE,CAMERA_3,NONE,ok do you have any other cameras,S_INTRODUCES_CAMERA,CAMERA_1,,Let me show you this. Here we have the Nikon Coolpix S2800.,39~58
310,9,CAMERA_1,"['CAMERA_3', 'CAMERA_1']","{'CAMERA_1': ['preset_modes'], 'CAMERA_2': [], 'CAMERA_3': ['optical_zoom', 'effects', 'camera_type', 'color']}",C_SILENT_OR_BACKCHANNEL,CAMERA_1,NONE,alright,S_INTRODUCES_FEATURE,CAMERA_1,preset_modes,"This one has 18 preset modes (e.g. beach, snow, night portrait).",13~63
310,10,NONE,"['CAMERA_3', 'CAMERA_1']","{'CAMERA_1': ['preset_modes'], 'CAMERA_2': [], 'CAMERA_3': ['optical_zoom', 'effects', 'camera_type', 'color']}",C_THANK_YOU,CAMERA_1,NONE,thank you for your help,S_THANK_YOU,CAMERA_1,NONE,thank you very much,
310,11,NONE,"['CAMERA_3', 'CAMERA_1']","{'CAMERA_1': ['preset_modes'], 'CAMERA_2': [], 'CAMERA_3': ['optical_zoom', 'effects', 'camera_type', 'color']}",C_LEAVES,DOOR,NONE,,S_RETURNS_TO_COUNTER,SERVICE_COUNTER,NONE,,
311,1,NONE,[],"{'CAMERA_1': [], 'CAMERA_2': [], 'CAMERA_3': []}",C_ENTERS,DOOR,NONE,,S_NONE,SERVICE_COUNTER,NONE,,
311,2,NONE,[],"{'CAMERA_1': [], 'CAMERA_2': [], 'CAMERA_3': []}",C_GREETS,MIDDLE,NONE,hello,S_GREETS,MIDDLE,NONE,can I help you?,
311,3,CAMERA_2,['CAMERA_2'],"{'CAMERA_1': [], 'CAMERA_2': [], 'CAMERA_3': []}",C_LOOKING_FOR_A_CAMERA,MIDDLE,NONE,I'm looking for a camera,S_INTRODUCES_CAMERA,CAMERA_2,,Let me show you this. Here we have the Sony Alpha a6000.,39~55
311,4,CAMERA_2,['CAMERA_2'],"{'CAMERA_1': [], 'CAMERA_2': ['autofocus_points'], 'CAMERA_3': []}",C_QUESTION_ABOUT_FEATURE,CAMERA_2,autofocus_points,how many autofocus points does it have,S_ANSWERS_QUESTION_ABOUT_FEATURE,CAMERA_2,autofocus_points,This one has 179 autofocus points.,13~33
311,5,CAMERA_2,['CAMERA_2'],"{'CAMERA_1': [], 'CAMERA_2': ['autofocus_points', 'price'], 'CAMERA_3': []}",C_SILENT_OR_BACKCHANNEL,CAMERA_2,NONE,alright,S_INTRODUCES_FEATURE,CAMERA_2,price,This one costs $1341.,15~20
311,6,NONE,['CAMERA_2'],"{'CAMERA_1': [], 'CAMERA_2': ['autofocus_points', 'price'], 'CAMERA_3': []}",C_THANK_YOU,CAMERA_2,NONE,thank you for your help,S_THANK_YOU,CAMERA_2,NONE,thank you very much,
311,7,NONE,['CAMERA_2'],"{'CAMERA_1': [], 'CAMERA_2': ['autofocus_points', 'price'], 'CAMERA_3': []}",C_LEAVES,DOOR,NONE,,S_RETURNS_TO_COUNTER,SERVICE_COUNTER,NONE,,
312,1,NONE,[],"{'CAMERA_1': [], 'CAMERA_2': [], 'CAMERA_3': []}",C_ENTERS,DOOR,NONE,,S_NONE,SERVICE_COUNTER,NONE,,
312,2,NONE,[],"{'CAMERA_1': [], 'CAMERA_2': [], 'CAMERA_3': []}",C_WALKS_TO_CAMERA,CAMERA_3,NONE,,S_NONE,SERVICE_COUNTER,NONE,,
312,3,NONE,[],"{'CAMERA_1': [], 'CAMERA_2': [], 'CAMERA_3': []}",C_EXAMINES_CAMERA,CAMERA_3,NONE,,S_NONE,SERVICE_COUNTER,NONE,,
312,4,NONE,[],"{'CAMERA_1': [], 'CAMERA_2': [], 'CAMERA_3': []}",C_WALKS_TO_CAMERA,CAMERA_1,NONE,,S_GREETS,CAMERA_1,NONE,can I help you?,
312,5,CAMERA_2,['CAMERA_2'],"{'CAMERA_1': [], 'CAMERA_2': [], 'CAMERA_3': []}",C_LOOKING_FOR_A_CAMERA,CAMERA_1,NONE,I'm looking for a camera,S_INTRODUCES_CAMERA,CAMERA_2,,Let me show you this. Here we have the Sony Alpha a6000.,39~55
312,6,CAMERA_2,['CAMERA_2'],"{'CAMERA_1': [], 'CAMERA_2': ['price'], 'CAMERA_3': []}",C_SILENT_OR_BACKCHANNEL,CAMERA_2,NONE,okay,S_INTRODUCES_FEATURE,CAMERA_2,price,This one costs $1341.,15~20
312,7,CAMERA_2,['CAMERA_2'],"{'CAMERA_1': [], 'CAMERA_2': ['price', 'ISO'], 'CAMERA_3': []}",C_QUESTION_ABOUT_FEATURE,CAMERA_2,ISO,what is the ISO,S_ANSWERS_QUESTION_ABOUT_FEATURE,CAMERA_2,ISO,This one has up to 3200 ISO with little noise.,13~45
312,8,CAMERA_2,['CAMERA_2'],"{'CAMERA_1': [], 'CAMERA_2': ['price', 'ISO', 'camera_type'], 'CAMERA_3': []}",C_SILENT_OR_BACKCHANNEL,CAMERA_2,NONE,I see,S_INTRODUCES_FEATURE,CAMERA_2,camera_type,This is a mirrorless camera.,10~20
312,9,CAMERA_2,['CAMERA_2'],"{'CAMERA_1': [], 'CAMERA_2': ['price', 'ISO', 'camera_type', 'long_exposure'], 'CAMERA_3': []}",C_SILENT_OR_BACKCHANNEL,CAMERA_2,NONE,okay,S_INTRODUCES_FEATURE,CAMERA_2,long_exposure,This one can take long exposures up to up to 30 seconds.,39~55
312,10,CAMERA_2,['CAMERA_2'],"{'CAMERA_1': [], 'CAMERA_2': ['price', 'ISO', 'camera_type', 'long_exposure', 'sensor_size'], 'CAMERA_3': []}",C_QUESTION_ABOUT_FEATURE,CAMERA_2,sensor_size,what is the sensor size,S_ANSWERS_QUESTION_ABOUT_FEATURE,CAMERA_2,sensor_size,This one has a APS-C sensor (crop sensor).,15~41
312,11,CAMERA_2,['CAMERA_2'],"{'CAMERA_1': [], 'CAMERA_2': ['price', 'ISO', 'camera_type', 'long_exposure', 'sensor_size', 'preset_modes'], 'CAMERA_3': []}",C_QUESTION_ABOUT_FEATURE,CAMERA_2,preset_modes,does it have preset modes,S_ANSWERS_QUESTION_ABOUT_FEATURE,CAMERA_2,preset_modes,"This one has 9 preset modes (e.g. beach, snow, night, portrait).",13~63
312,12,CAMERA_2,['CAMERA_2'],"{'CAMERA_1': [], 'CAMERA_2': ['price', 'ISO', 'camera_type', 'long_exposure', 'sensor_size', 'preset_modes', 'autofocus_points'], 'CAMERA_3': []}",C_SILENT_OR_BACKCHANNEL,CAMERA_2,NONE,alright,S_INTRODUCES_FEATURE,CAMERA_2,autofocus_points,This one has 179 autofocus points.,13~33
312,13,CAMERA_2,['CAMERA_2'],"{'CAMERA_1': [], 'CAMERA_2': ['price', 'ISO', 'camera_type', 'long_exposure', 'sensor_size', 'preset_modes', 'autofocus_points', 'color'], 'CAMERA_3': []}",C_QUESTION_ABOUT_FEATURE,CAMERA_2,color,what colors does this one come in,S_ANSWERS_QUESTION_ABOUT_FEATURE,CAMERA_2,color,"This one comes in white, silver, black.",18~38
312,14,NONE,['CAMERA_2'],"{'CAMERA_1': [], 'CAMERA_2': ['price', 'ISO', 'camera_type', 'long_exposure', 'sensor_size', 'preset_modes', 'autofocus_points', 'color'], 'CAMERA_3': []}",C_THANK_YOU,CAMERA_2,NONE,thank you for your help,S_THANK_YOU,CAMERA_2,NONE,thank you very much,
312,15,NONE,['CAMERA_2'],"{'CAMERA_1': [], 'CAMERA_2': ['price', 'ISO', 'camera_type', 'long_exposure', 'sensor_size', 'preset_modes', 'autofocus_points', 'color'], 'CAMERA_3': []}",C_LEAVES,DOOR,NONE,,S_RETURNS_TO_COUNTER,SERVICE_COUNTER,NONE,,
313,1,NONE,[],"{'CAMERA_1': [], 'CAMERA_2': [], 'CAMERA_3': []}",C_ENTERS,DOOR,NONE,,S_NONE,SERVICE_COUNTER,NONE,,
313,2,NONE,[],"{'CAMERA_1': [], 'CAMERA_2': [], 'CAMERA_3': []}",C_GREETS,MIDDLE,NONE,hello,S_GREETS,MIDDLE,NONE,can I help you?,
313,3,CAMERA_3,['CAMERA_3'],"{'CAMERA_1': [], 'CAMERA_2': [], 'CAMERA_3': []}",C_LOOKING_FOR_A_CAMERA,MIDDLE,NONE,I'm looking for a camera,S_INTRODUCES_CAMERA,CAMERA_3,,Let me show you this. Here we have the Canon EOS 5D Mark III.,39~60
313,4,CAMERA_3,['CAMERA_3'],"{'CAMERA_1': [], 'CAMERA_2': [], 'CAMERA_3': ['ISO']}",C_QUESTION_ABOUT_FEATURE,CAMERA_3,ISO,what is the ISO,S_ANSWERS_QUESTION_ABOUT_FEATURE,CAMERA_3,ISO,This one has up to 6400 ISO with little noise.,13~45
313,5,CAMERA_3,['CAMERA_3'],"{'CAMERA_1': [], 'CAMERA_2': [], 'CAMERA_3': ['ISO', 'sensor_size']}",C_SILENT_OR_BACKCHANNEL,CAMERA_3,NONE,alright,S_INTRODUCES_FEATURE,CAMERA_3,sensor_size,This one has a full frame.,15~25
313,6,CAMERA_3,['CAMERA_3'],"{'CAMERA_1': [], 'CAMERA_2': [], 'CAMERA_3': ['ISO', 'sensor_size', 'price']}",C_SILENT_OR_BACKCHANNEL,CAMERA_3,NONE,okay,S_INTRODUCES_FEATURE,CAMERA_3,price,This one costs $3706.,15~20
313,7,CAMERA_3,['CAMERA_3'],"{'CAMERA_1': [], 'CAMERA_2': [], 'CAMERA_3': ['ISO', 'sensor_size', 'price', 'camera_type']}",C_SILENT_OR_BACKCHANNEL,CAMERA_3,NONE,I see,S_INTRODUCES_FEATURE,CAMERA_3,camera_type,This is a DSLR camera.,10~14
313,8,CAMERA_3,['CAMERA_3'],"{'CAMERA_1': [], 'CAMERA_2': [], 'CAMERA_3': ['ISO', 'sensor_size', 'price', 'camera_type', 'weight']}",C_SILENT_OR_BACKCHANNEL,CAMERA_3,NONE,okay,S_INTRODUCES_FEATURE,CAMERA_3,weight,This one weighs 950 grams (only body).,16~37
313,9,CAMERA_3,['CAMERA_3'],"{'CAMERA_1': [], 'CAMERA_2': [], 'CAMERA_3': ['ISO', 'sensor_size', 'price', 'camera_type', 'weight', 'long_exposure']}",C_SILENT_OR_BACKCHANNEL,CAMERA_3,NONE,okay,S_INTRODUCES_FEATURE,CAMERA_3,long_exposure,"This one can take long exposures up to up to 30 seconds, bulb mode: expose as long as you want.",39~94
313,10,CAMERA_1,"['CAMERA_3', 'CAMERA_1']","{'CAMERA_1': [], 'CAMERA_2': [], 'CAMERA_3': ['ISO', 'sensor_size', 'price', 'camera_type', 'weight', 'long_exposure']}",C_ANYTHING_ELSE_AVAILABLE,CAMERA_3,NONE,ok do you have any other cameras,S_INTRODUCES_CAMERA,CAMERA_1,,Let me show you this. Here we have the Nikon Coolpix S2800.,39~58
313,11,CAMERA_1,"['CAMERA_3', 'CAMERA_1']","{'CAMERA_1': ['resolution'], 'CAMERA_2': [], 'CAMERA_3': ['ISO', 'sensor_size', 'price', 'camera_type', 'weight', 'long_exposure']}",C_QUESTION_ABOUT_FEATURE,CAMERA_1,resolution,what is the resolution,S_ANSWERS_QUESTION_ABOUT_FEATURE,CAMERA_1,resolution,This one has 20.1 megapixels resolution.,13~28
313,12,CAMERA_1,"['CAMERA_3', 'CAMERA_1']","{'CAMERA_1': ['resolution', 'color'], 'CAMERA_2': [], 'CAMERA_3': ['ISO', 'sensor_size', 'price', 'camera_type', 'weight', 'long_exposure']}",C_SILENT_OR_BACKCHANNEL,CAMERA_1,NONE,alright,S_INTRODUCES_FEATURE,CAMERA_1,color,"This one comes in purple, pink, black, silver, red.",18~50
313,13,CAMERA_1,"['CAMERA_3', 'CAMERA_1']","{'CAMERA_1': ['resolution', 'color', 'effects'], 'CAMERA_2': [], 'CAMERA_3': ['ISO', 'sensor_size', 'price', 'camera_type', 'weight', 'long_exposure']}",C_SILENT_OR_BACKCHANNEL,CAMERA_1,NONE,I see,S_INTRODUCES_FEATURE,CAMERA_1,effects,"This one has 12 glamor retouch effects (e.g. skin softening, small face, big eyes).",13~82
313,14,CAMERA_1,"['CAMERA_3', 'CAMERA_1']","{'CAMERA_1': ['resolution', 'color', 'effects', 'optical_zoom'], 'CAMERA_2': [], 'CAMERA_3': ['ISO', 'sensor_size', 'price', 'camera_type', 'weight', 'long_exposure']}",C_SILENT_OR_BACKCHANNEL,CAMERA_1,NONE,alright,S_INTRODUCES_FEATURE,CAMERA_1,optical_zoom,This one has 5x optical zoom.,13~28
313,15,CAMERA_1,"['CAMERA_3', 'CAMERA_1']","{'CAMERA_1': ['resolution', 'color', 'effects', 'optical_zoom', 'preset_modes'], 'CAMERA_2': [], 'CAMERA_3': ['ISO', 'sensor_size', 'price', 'camera_type', 'weight', 'long_exposure']}",C_QUESTION_ABOUT_FEATURE,CAMERA_1,preset_modes,does it have preset modes,S_ANSWERS_QUESTION_ABOUT_FEATURE,CAMERA_1,preset_modes,"This one has 18 preset modes (e.g. beach, snow, night portrait).",13~63
313,16,CAMERA_1,"['CAMERA_3', 'CAMERA_1']","{'CAMERA_1': ['resolution', 'color', 'effects', 'optical_zoom', 'preset_modes', 'weight'], 'CAMERA_2': [], 'CAMERA_3': ['ISO', 'sensor_size', 'price', 'camera_type', 'weight', 'long_exposure']}",C_SILENT_OR_BACKCHANNEL,CAMERA_1,NONE,I see,S_INTRODUCES_FEATURE,CAMERA_1,weight,This one weighs 120 grams.,16~25
313,17,CAMERA_1,"['CAMERA_3', 'CAMERA_1']","{'CAMERA_1': ['resolution', 'color', 'effects', 'optical_zoom', 'preset_modes', 'weight', 'price'], 'CAMERA_2': [], 'CAMERA_3': ['ISO', 'sensor_size', 'price', 'camera_type', 'weight', 'long_exposure']}",C_SILENT_OR_BACKCHANNEL,CAMERA_1,NONE,alright,S_INTRODUCES_FEATURE,CAMERA_1,price,This one costs $2173.,15~20
313,18,CAMERA_1,"['CAMERA_3', 'CAMERA_1']","{'CAMERA_1': ['resolution', 'color', 'effects', 'optical_zoom', 'preset_modes', 'weight', 'price', 'settings'], 'CAMERA_2': [], 'CAMERA_3': ['ISO', 'sensor_size', 'price', 'camera_type', 'weight', 'long_exposure']}",C_QUESTION_ABOUT_FEATURE,CAMERA_1,settings,what kind of settings does it have,S_ANSWERS_QUESTION_ABOUT_FEATURE,CAMERA_1,settings,This one has limited manual settings.,13~36
313,19,NONE,"['CAMERA_3', 'CAMERA_1']","{'CAMERA_1': ['resolution', 'color', 'effects', 'optical_zoom', 'preset_modes', 'weight', 'price', 'settings'], 'CAMERA_2': [], 'CAMERA_3': ['ISO', 'sensor_size', 'price', 'camera_type', 'weight', 'long_exposure']}",C_THANK_YOU,CAMERA_1,NONE,thank you for your help,S_THANK_YOU,CAMERA_1,NONE,thank you very much,
313,20,NONE,"['CAMERA_3', 'CAMERA_1']","{'CAMERA_1': ['resolution', 'color', 'effects', 'optical_zoom', 'preset_modes', 'weight', 'price', 'settings'], 'CAMERA_2': [], 'CAMERA_3': ['ISO', 'sensor_size', 'price', 'camera_type', 'weight', 'long_exposure']}",C_LEAVES,DOOR,NONE,,S_RETURNS_TO_COUNTER,SERVICE_COUNTER,NONE,,
314,1,NONE,[],"{'CAMERA_1': [], 'CAMERA_2': [], 'CAMERA_3': []}",C_ENTERS,DOOR,NONE,,S_NONE,SERVICE_COUNTER,NONE,,
314,2,NONE,[],"{'CAMERA_1': [], 'CAMERA_2': [], 'CAMERA_3': []}",C_GREETS,MIDDLE,NONE,hello,S_GREETS,MIDDLE,NONE,can I help you?,
314,3,CAMERA_2,['CAMERA_2'],"{'CAMERA_1': [], 'CAMERA_2': [], 'CAMERA_3': []}",C_LOOKING_FOR_A_CAMERA,MIDDLE,NONE,I'm looking for a camera,S_INTRODUCES_CAMERA,CAMERA_2,,Let me show you this. Here we have the Sony Alpha a6000.,39~55
314,4,CAMERA_2,['CAMERA_2'],"{'CAMERA_1': [], 'CAMERA_2': ['preset_modes'], 'CAMERA_3': []}",C_QUESTION_ABOUT_FEATURE,CAMERA_2,preset_modes,does it have preset modes,S_ANSWERS_QUESTION_ABOUT_FEATURE,CAMERA_2,preset_modes,"This one has 9 preset modes (e.g. beach, snow, night, portrait).",13~63
314,5,CAMERA_1,"['CAMERA_2', 'CAMERA_1']","{'CAMERA_1': [], 'CAMERA_2': ['preset_modes'], 'CAMERA_3': []}",C_ANYTHING_ELSE_AVAILABLE,CAMERA_2,NONE,ok do you have any other cameras,S_INTRODUCES_CAMERA,CAMERA_1,,Let me show you this. Here we have the Nikon Coolpix S2800.,39~58
314,6,CAMERA_1,"['CAMERA_2', 'CAMERA_1']","{'CAMERA_1': ['weight'], 'CAMERA_2': ['preset_modes'], 'CAMERA_3': []}",C_QUESTION_ABOUT_FEATURE,CAMERA_1,weight,how much does this one weigh,S_ANSWERS_QUESTION_ABOUT_FEATURE,CAMERA_1,weight,This one weighs 120 grams.,16~25
314,7,CAMERA_1,"['CAMERA_2', 'CAMERA_1']","{'CAMERA_1': ['weight', 'resolution'], 'CAMERA_2': ['preset_modes'], 'CAMERA_3': []}",C_SILENT_OR_BACKCHANNEL,CAMERA_1,NONE,okay,S_INTRODUCES_FEATURE,CAMERA_1,resolution,This one has 20.1 megapixels resolution.,13~28
314,8,CAMERA_1,"['CAMERA_2', 'CAMERA_1']","{'CAMERA_1': ['weight', 'resolution', 'sensor_size'], 'CAMERA_2': ['preset_modes'], 'CAMERA_3': []}",C_QUESTION_ABOUT_FEATURE,CAMERA_1,sensor_size,what is the sensor size,S_NOT_SURE,CAMERA_1,,I'm not really sure about that,
314,9,CAMERA_1,"['CAMERA_2', 'CAMERA_1']","{'CAMERA_1': ['weight', 'resolution', 'sensor_size', 'camera_type'], 'CAMERA_2': ['preset_modes'], 'CAMERA_3': []}",C_SILENT_OR_BACKCHANNEL,CAMERA_1,NONE,alright,S_INTRODUCES_FEATURE,CAMERA_1,camera_type,This is a point and shoot camera.,10~25
314,10,CAMERA_1,"['CAMERA_2', 'CAMERA_1']","{'CAMERA_1': ['weight', 'resolution', 'sensor_size', 'camera_type', 'preset_modes'], 'CAMERA_2': ['preset_modes'], 'CAMERA_3': []}",C_SILENT_OR_BACKCHANNEL,CAMERA_1,NONE,I see,S_INTRODUCES_FEATURE,CAMERA_1,preset_modes,"This one has 18 preset modes (e.g. beach, snow, night portrait).",13~63
314,11,CAMERA_1,"['CAMERA_2', 'CAMERA_1']","{'CAMERA_1': ['weight', 'resolution', 'sensor_size', 'camera_type', 'preset_modes', 'color'], 'CAMERA_2': ['preset_modes'], 'CAMERA_3': []}",C_QUESTION_ABOUT_FEATURE,CAMERA_1,color,what colors does this one come in,S_ANSWERS_QUESTION_ABOUT_FEATURE,CAMERA_1,color,"This one comes in purple, pink, black, silver, red.",18~50
314,12,NONE,"['CAMERA_2', 'CAMERA_1']","{'CAMERA_1': ['weight', 'resolution', 'sensor_size', 'camera_type', 'preset_modes', 'color'], 'CAMERA_2': ['preset_modes'], 'CAMERA_3': []}",C_THANK_YOU,CAMERA_1,NONE,thank you for your help,S_THANK_YOU,CAMERA_1,NONE,thank you very much,
314,13,NONE,"['CAMERA_2', 'CAMERA_1']","{'CAMERA_1': ['weight', 'resolution', 'sensor_size', 'camera_type', 'preset_modes', 'color'], 'CAMERA_2': ['preset_modes'], 'CAMERA_3': []}",C_LEAVES,DOOR,NONE,,S_RETURNS_TO_COUNTER,SERVICE_COUNTER,NONE,,
315,1,NONE,[],"{'CAMERA_1': [], 'CAMERA_2': [], 'CAMERA_3': []}",C_ENTERS,DOOR,NONE,,S_NONE,SERVICE_COUNTER,NONE,,
315,2,NONE,[],"{'CAMERA_1': [], 'CAMERA_2': [], 'CAMERA_3': []}",C_GREETS,MIDDLE,NONE,hello,S_GREETS,MIDDLE,NONE,can I help you?,
315,3,CAMERA_2,['CAMERA_2'],"{'CAMERA_1': [], 'CAMERA_2': [], 'CAMERA_3': []}",C_LOOKING_FOR_A_CAMERA,MIDDLE,NONE,I'm looking for a camera,S_INTRODUCES_CAMERA,CAMERA_2,,Let me show you this. Here we have the Sony Alpha a6000.,39~55
315,4,CAMERA_2,['CAMERA_2'],"{'CAMERA_1': [], 'CAMERA_2': ['camera_type'], 'CAMERA_3': []}",C_SILENT_OR_BACKCHANNEL,CAMERA_2,NONE,I see,S_INTRODUCES_FEATURE,CAMERA_2,camera_type,This is a mirrorless camera.,10~20
315,5,CAMERA_1,"['CAMERA_2', 'CAMERA_1']","{'CAMERA_1': [], 'CAMERA_2': ['camera_type'], 'CAMERA_3': []}",C_ANYTHING_ELSE_AVAILABLE,CAMERA_2,NONE,ok do you have any other cameras,S_INTRODUCES_CAMERA,CAMERA_1,,Let me show you this. Here we have the Nikon Coolpix S2800.,39~58
315,6,CAMERA_1,"['CAMERA_2', 'CAMERA_1']","{'CAMERA_1': ['autofocus_points'], 'CAMERA_2': ['camera_type'], 'CAMERA_3': []}",C_QUESTION_ABOUT_FEATURE,CAMERA_1,autofocus_points,how many autofocus points does it have,S_NOT_SURE,CAMERA_1,,I'm not really sure about that,
315,7,CAMERA_1,"['CAMERA_2', 'CAMERA_1']","{'CAMERA_1': ['autofocus_points', 'preset_modes'], 'CAMERA_2': ['camera_type'], 'CAMERA_3': []}",C_SILENT_OR_BACKCHANNEL,CAMERA_1,NONE,I see,S_INTRODUCES_FEATURE,CAMERA_1,preset_modes,"This one has 18 preset modes (e.g. beach, snow, night portrait).",13~63
315,8,CAMERA_1,"['CAMERA_2', 'CAMERA_1']","{'CAMERA_1': ['autofocus_points', 'preset_modes', 'effects'], 'CAMERA_2': ['camera_type'], 'CAMERA_3': []}",C_QUESTION_ABOUT_FEATURE,CAMERA_1,effects,does it have any effect modes,S_ANSWERS_QUESTION_ABOUT_FEATURE,CAMERA_1,effects,"This one has 12 glamor retouch effects (e.g. skin softening, small face, big eyes).",13~82
315,9,CAMERA_1,"['CAMERA_2', 'CAMERA_1']","{'CAMERA_1': ['autofocus_points', 'preset_modes', 'effects', 'settings'], 'CAMERA_2': ['camera_type'], 'CAMERA_3': []}",C_QUESTION_ABOUT_FEATURE,CAMERA_1,settings,what kind of settings does it have,S_ANSWERS_QUESTION_ABOUT_FEATURE,CAMERA_1,settings,This one has limited manual settings.,13~36
315,10,CAMERA_1,"['CAMERA_2', 'CAMERA_1']","{'CAMERA_1': ['autofocus_points', 'preset_modes', 'effects', 'settings', 'ISO'], 'CAMERA_2': ['camera_type'], 'CAMERA_3': []}",C_QUESTION_ABOUT_FEATURE,CAMERA_1,ISO,what is the ISO,S_NOT_SURE,CAMERA_1,,I'm not really sure about that,
315,11,CAMERA_1,"['CAMERA_2', 'CAMERA_1']","{'CAMERA_1': ['autofocus_points', 'preset_modes', 'effects', 'settings', 'ISO', 'sensor_size'], 'CAMERA_2': ['camera_type'], 'CAMERA_3': []}",C_QUESTION_ABOUT_FEATURE,CAMERA_1,sensor_size,what is the sensor size,S_NOT_SURE,CAMERA_1,,I'm not really sure about that,
315,12,CAMERA_3,"['CAMERA_2', 'CAMERA_1', 'CAMERA_3']","{'CAMERA_1': ['autofocus_points', 'preset_modes', 'effects', 'settings', 'ISO', 'sensor_size'], 'CAMERA_2': ['camera_type'], 'CAMERA_3': []}",C_ANYTHING_ELSE_AVAILABLE,CAMERA_1,NONE,ok do you have any other cameras,S_INTRODUCES_CAMERA,CAMERA_3,,Let me show you this. Here we have the Canon EOS 5D Mark III.,39~60
315,13,CAMERA_3,"['CAMERA_2', 'CAMERA_1', 'CAMERA_3']","{'CAMERA_1': ['autofocus_points', 'preset_modes', 'effects', 'settings', 'ISO', 'sensor_size'], 'CAMERA_2': ['camera_type'], 'CAMERA_3': ['long_exposure']}",C_QUESTION_ABOUT_FEATURE,CAMERA_3,long_exposure,can it take long exposure shots,S_ANSWERS_QUESTION_ABOUT_FEATURE,CAMERA_3,long_exposure,"This one can take long exposures up to up to 30 seconds, bulb mode: expose as long as you want.",39~94
315,14,CAMERA_3,"['CAMERA_2', 'CAMERA_1', 'CAMERA_3']","{'CAMERA_1': ['autofocus_points', 'preset_modes', 'effects', 'settings', 'ISO', 'sensor_size'], 'CAMERA_2': ['camera_type'], 'CAMERA_3': ['long_exposure', 'ISO']}",C_QUESTION_ABOUT_FEATURE,CAMERA_3,ISO,what is the ISO,S_ANSWERS_QUESTION_ABOUT_FEATURE,CAMERA_3,ISO,This one has up to 6400 ISO with little noise.,13~45
315,15,CAMERA_3,"['CAMERA_2', 'CAMERA_1', 'CAMERA_3']","{'CAMERA_1': ['autofocus_points', 'preset_modes', 'effects', 'settings', 'ISO', 'sensor_size'], 'CAMERA_2': ['camera_type'], 'CAMERA_3': ['long_exposure', 'ISO', 'camera_type']}",C_SILENT_OR_BACKCHANNEL,CAMERA_3,NONE,alright,S_INTRODUCES_FEATURE,CAMERA_3,camera_type,This is a DSLR camera.,10~14
315,16,CAMERA_3,"['CAMERA_2', 'CAMERA_1', 'CAMERA_3']","{'CAMERA_1': ['autofocus_points', 'preset_modes', 'effects', 'settings', 'ISO', 'sensor_size'], 'CAMERA_2': ['camera_type'], 'CAMERA_3': ['long_exposure', 'ISO', 'camera_type', 'settings']}",C_QUESTION_ABOUT_FEATURE,CAMERA_3,settings,what kind of settings does it have,S_ANSWERS_QUESTION_ABOUT_FEATURE,CAMERA_3,settings,This one has full manual control.,13~32
315,17,CAMERA_3,"['CAMERA_2', 'CAMERA_1', 'CAMERA_3']","{'CAMERA_1': ['autofocus_points', 'preset_modes', 'effects', 'settings', 'ISO', 'sensor_size'], 'CAMERA_2': ['camera_type'], 'CAMERA_3': ['long_exposure', 'ISO', 'camera_type', 'settings', 'preset_modes']}",C_QUESTION_ABOUT_FEATURE,CAMERA_3,preset_modes,does it have preset modes,S_NOT_SURE,CAMERA_3,,I'm not really sure about that,
315,18,CAMERA_3,"['CAMERA_2', 'CAMERA_1', 'CAMERA_3']","{'CAMERA_1': ['autofocus_points', 'preset_modes', 'effects', 'settings', 'ISO', 'sensor_size'], 'CAMERA_2': ['camera_type'], 'CAMERA_3': ['long_exposure', 'ISO', 'camera_type', 'settings', 'preset_modes', 'effects']}",C_QUESTION_ABOUT_FEATURE,CAMERA_3,effects,does it have any effect modes,S_NOT_SURE,CAMERA_3,,I'm not really sure about that,
315,19,CAMERA_3,"['CAMERA_2', 'CAMERA_1', 'CAMERA_3']","{'CAMERA_1': ['autofocus_points', 'preset_modes', 'effects', 'settings', 'ISO', 'sensor_size'], 'CAMERA_2': ['camera_type'], 'CAMERA_3': ['long_exposure', 'ISO', 'camera_type', 'settings', 'preset_modes', 'effects', 'autofocus_points']}",C_SILENT_OR_BACKCHANNEL,CAMERA_3,NONE,okay,S_INTRODUCES_FEATURE,CAMERA_3,autofocus_points,This one has 61 autofocus points.,13~32
315,20,CAMERA_3,"['CAMERA_2', 'CAMERA_1', 'CAMERA_3']","{'CAMERA_1': ['autofocus_points', 'preset_modes', 'effects', 'settings', 'ISO', 'sensor_size'], 'CAMERA_2': ['camera_type'], 'CAMERA_3': ['long_exposure', 'ISO', 'camera_type', 'settings', 'preset_modes', 'effects', 'autofocus_points', 'resolution']}",C_QUESTION_ABOUT_FEATURE,CAMERA_3,resolution,what is the resolution,S_NOT_SURE,CAMERA_3,,I'm not really sure about that,
315,21,NONE,"['CAMERA_2', 'CAMERA_1', 'CAMERA_3']","{'CAMERA_1': ['autofocus_points', 'preset_modes', 'effects', 'settings', 'ISO', 'sensor_size'], 'CAMERA_2': ['camera_type'], 'CAMERA_3': ['long_exposure', 'ISO', 'camera_type', 'settings', 'preset_modes', 'effects', 'autofocus_points', 'resolution']}",C_THANK_YOU,CAMERA_3,NONE,thank you for your help,S_THANK_YOU,CAMERA_3,NONE,thank you very much,
315,22,NONE,"['CAMERA_2', 'CAMERA_1', 'CAMERA_3']","{'CAMERA_1': ['autofocus_points', 'preset_modes', 'effects', 'settings', 'ISO', 'sensor_size'], 'CAMERA_2': ['camera_type'], 'CAMERA_3': ['long_exposure', 'ISO', 'camera_type', 'settings', 'preset_modes', 'effects', 'autofocus_points', 'resolution']}",C_LEAVES,DOOR,NONE,,S_RETURNS_TO_COUNTER,SERVICE_COUNTER,NONE,,
316,1,NONE,[],"{'CAMERA_1': [], 'CAMERA_2': [], 'CAMERA_3': []}",C_ENTERS,DOOR,NONE,,S_NONE,SERVICE_COUNTER,NONE,,
316,2,NONE,[],"{'CAMERA_1': [], 'CAMERA_2': [], 'CAMERA_3': []}",C_WALKS_TO_CAMERA,CAMERA_1,NONE,,S_GREETS,CAMERA_1,NONE,can I help you?,
316,3,CAMERA_1,['CAMERA_1'],"{'CAMERA_1': [], 'CAMERA_2': [], 'CAMERA_3': []}",C_LOOKING_FOR_A_CAMERA,CAMERA_1,NONE,I'm looking for a camera,S_INTRODUCES_CAMERA,CAMERA_1,,Let me show you this. Here we have the Nikon Coolpix S2800.,39~58
316,4,CAMERA_1,['CAMERA_1'],"{'CAMERA_1': ['resolution'], 'CAMERA_2': [], 'CAMERA_3': []}",C_QUESTION_ABOUT_FEATURE,CAMERA_1,resolution,what is the resolution,S_ANSWERS_QUESTION_ABOUT_FEATURE,CAMERA_1,resolution,This one has 20.1 megapixels resolution.,13~28
316,5,CAMERA_1,['CAMERA_1'],"{'CAMERA_1': ['resolution', 'preset_modes'], 'CAMERA_2': [], 'CAMERA_3': []}",C_SILENT_OR_BACKCHANNEL,CAMERA_1,NONE,okay,S_INTRODUCES_FEATURE,CAMERA_1,preset_modes,"This one has 18 preset modes (e.g. beach, snow, night portrait).",13~63
316,6,CAMERA_1,['CAMERA_1'],"{'CAMERA_1': ['resolution', 'preset_modes', 'optical_zoom'], 'CAMERA_2': [], 'CAMERA_3': []}",C_SILENT_OR_BACKCHANNEL,CAMERA_1,NONE,I see,S_INTRODUCES_FEATURE,CAMERA_1,optical_zoom,This one has 5x optical zoom.,13~28
316,7,NONE,['CAMERA_1'],"{'CAMERA_1': ['resolution', 'preset_modes', 'optical_zoom'], 'CAMERA_2': [], 'CAMERA_3': []}",C_THANK_YOU,CAMERA_1,NONE,thank you for your help,S_THANK_YOU,CAMERA_1,NONE,thank you very much,
316,8,NONE,['CAMERA_1'],"{'CAMERA_1': ['resolution', 'preset_modes', 'optical_zoom'], 'CAMERA_2': [], 'CAMERA_3': []}",C_LEAVES,DOOR,NONE,,S_RETURNS_TO_COUNTER,SERVICE_COUNTER,NONE,,
317,1,NONE,[],"{'CAMERA_1': [], 'CAMERA_2': [], 'CAMERA_3': []}",C_ENTERS,DOOR,NONE,,S_NONE,SERVICE_COUNTER,NONE,,
317,2,NONE,[],"{'CAMERA_1': [], 'CAMERA_2': [], 'CAMERA_3': []}",C_GREETS,MIDDLE,NONE,hello,S_GREETS,MIDDLE,NONE,can I help you?,
317,3,CAMERA_3,['CAMERA_3'],"{'CAMERA_1': [], 'CAMERA_2': [], 'CAMERA_3': []}",C_LOOKING_FOR_A_CAMERA,MIDDLE,NONE,I'm looking for a camera,S_INTRODUCES_CAMERA,CAMERA_3,,Let me show you this. Here we have the Canon EOS 5D Mark III.,39~60
317,4,CAMERA_3,['CAMERA_3'],"{'CAMERA_1': [], 'CAMERA_2': [], 'CAMERA_3': ['long_exposure']}",C_QUESTION_ABOUT_FEATURE,CAMERA_3,long_exposure,can it take long exposure shots,S_ANSWERS_QUESTION_ABOUT_FEATURE,CAMERA_3,long_exposure,"This one can take long exposures up to up to 30 seconds, bulb mode: expose as long as you want.",39~94
317,5,CAMERA_2,"['CAMERA_3', 'CAMERA_2']","{'CAMERA_1': [], 'CAMERA_2': [], 'CAMERA_3': ['long_exposure']}",C_ANYTHING_ELSE_AVAILABLE,CAMERA_3,NONE,ok do you have any other cameras,S_INTRODUCES_CAMERA,CAMERA_2,,Let me show you this. Here we have the Sony Alpha a6000.,39~55
317,6,CAMERA_2,"['CAMERA_3', 'CAMERA_2']","{'CAMERA_1': [], 'CAMERA_2': ['ISO'], 'CAMERA_3': ['long_exposure']}",C_SILENT_OR_BACKCHANNEL,CAMERA_2,NONE,I see,S_INTRODUCES_FEATURE,CAMERA_2,ISO,This one has up to 3200 ISO with little noise.,13~45
317,7,NONE,"['CAMERA_3', 'CAMERA_2']","{'CAMERA_1': [], 'CAMERA_2': ['ISO'], 'CAMERA_3': ['long_exposure']}",C_THANK_YOU,CAMERA_2,NONE,thank you for your help,S_THANK_YOU,CAMERA_2,NONE,thank you very much,
317,8,NONE,"['CAMERA_3', 'CAMERA_2']","{'CAMERA_1': [], 'CAMERA_2': ['ISO'], 'CAMERA_3': ['long_exposure']}",C_LEAVES,DOOR,NONE,,S_RETURNS_TO_COUNTER,SERVICE_COUNTER,NONE,,
318,1,NONE,[],"{'CAMERA_1': [], 'CAMERA_2': [], 'CAMERA_3': []}",C_ENTERS,DOOR,NONE,,S_NONE,SERVICE_COUNTER,NONE,,
318,2,NONE,[],"{'CAMERA_1': [], 'CAMERA_2': [], 'CAMERA_3': []}",C_GREETS,MIDDLE,NONE,hello,S_GREETS,MIDDLE,NONE,can I help you?,
318,3,CAMERA_2,['CAMERA_2'],"{'CAMERA_1': [], 'CAMERA_2': [], 'CAMERA_3': []}",C_LOOKING_FOR_A_CAMERA,MIDDLE,NONE,I'm looking for a camera,S_INTRODUCES_CAMERA,CAMERA_2,,Let me show you this. Here we have the Sony Alpha a6000.,39~55
318,4,CAMERA_2,['CAMERA_2'],"{'CAMERA_1': [], 'CAMERA_2': ['camera_type'], 'CAMERA_3': []}",C_SILENT_OR_BACKCHANNEL,CAMERA_2,NONE,alright,S_INTRODUCES_FEATURE,CAMERA_2,camera_type,This is a mirrorless camera.,10~20
318,5,CAMERA_1,"['CAMERA_2', 'CAMERA_1']","{'CAMERA_1': [], 'CAMERA_2': ['camera_type'], 'CAMERA_3': []}",C_ANYTHING_ELSE_AVAILABLE,CAMERA_2,NONE,ok do you have any other cameras,S_INTRODUCES_CAMERA,CAMERA_1,,Let me show you this. Here we have the Nikon Coolpix S2800.,39~58
318,6,CAMERA_1,"['CAMERA_2', 'CAMERA_1']","{'CAMERA_1': ['price'], 'CAMERA_2': ['camera_type'], 'CAMERA_3': []}",C_SILENT_OR_BACKCHANNEL,CAMERA_1,NONE,alright,S_INTRODUCES_FEATURE,CAMERA_1,price,This one costs $2173.,15~20
318,7,CAMERA_1,"['CAMERA_2', 'CAMERA_1']","{'CAMERA_1': ['price', 'effects'], 'CAMERA_2': ['camera_type'], 'CAMERA_3': []}",C_SILENT_OR_BACKCHANNEL,CAMERA_1,NONE,I see,S_INTRODUCES_FEATURE,CAMERA_1,effects,"This one has 12 glamor retouch effects (e.g. skin softening, small face, big eyes).",13~82
318,8,CAMERA_1,"['CAMERA_2', 'CAMERA_1']","{'CAMERA_1': ['price', 'effects', 'camera_type'], 'CAMERA_2': ['camera_type'], 'CAMERA_3': []}",C_QUESTION_ABOUT_FEATURE,CAMERA_1,camera_type,what kind of camera is this,S_ANSWERS_QUESTION_ABOUT_FEATURE,CAMERA_1,camera_type,This is a point and shoot camera.,10~25
318,9,CAMERA_1,"['CAMERA_2', 'CAMERA_1']","{'CAMERA_1': ['price', 'effects', 'camera_type', 'resolution'], 'CAMERA_2': ['camera_type'], 'CAMERA_3': []}",C_SILENT_OR_BACKCHANNEL,CAMERA_1,NONE,alright,S_INTRODUCES_FEATURE,CAMERA_1,resolution,This one has 20.1 megapixels resolution.,13~28
318,10,CAMERA_1,"['CAMERA_2', 'CAMERA_1']","{'CAMERA_1': ['price', 'effects', 'camera_type', 'resolution', 'color'], 'CAMERA_2': ['camera_type'], 'CAMERA_3': []}",C_QUESTION_ABOUT_FEATURE,CAMERA_1,color,what colors does this one come in,S_ANSWERS_QUESTION_ABOUT_FEATURE,CAMERA_1,color,"This one comes in purple, pink, black, silver, red.",18~50
318,11,CAMERA_1,"['CAMERA_2', 'CAMERA_1']","{'CAMERA_1': ['price', 'effects', 'camera_type', 'resolution', 'color', 'optical_zoom'], 'CAMERA_2': ['camera_type'], 'CAMERA_3': []}",C_QUESTION_ABOUT_FEATURE,CAMERA_1,optical_zoom,does it have optical zoom,S_ANSWERS_QUESTION_ABOUT_FEATURE,CAMERA_1,optical_zoom,This one has 5x optical zoom.,13~28
318,12,CAMERA_1,"['CAMERA_2', 'CAMERA_1']","{'CAMERA_1': ['price', 'effects', 'camera_type', 'resolution', 'color', 'optical_zoom', 'sensor_size'], 'CAMERA_2': ['camera_type'], 'CAMERA_3': []}",C_QUESTION_ABOUT_FEATURE,CAMERA_1,sensor_size,what is the sensor size,S_NOT_SURE,CAMERA_1,,I'm not really sure about that,
318,13,CAMERA_1,"['CAMERA_2', 'CAMERA_1']","{'CAMERA_1': ['price', 'effects', 'camera_type', 'resolution', 'color', 'optical_zoom', 'sensor_size', 'settings'], 'CAMERA_2': ['camera_type'], 'CAMERA_3': []}",C_SILENT_OR_BACKCHANNEL,CAMERA_1,NONE,I see,S_INTRODUCES_FEATURE,CAMERA_1,settings,This one has limited manual settings.,13~36
318,14,NONE,"['CAMERA_2', 'CAMERA_1']","{'CAMERA_1': ['price', 'effects', 'camera_type', 'resolution', 'color', 'optical_zoom', 'sensor_size', 'settings'], 'CAMERA_2': ['camera_type'], 'CAMERA_3': []}",C_THANK_YOU,CAMERA_1,NONE,thank you for your help,S_THANK_YOU,CAMERA_1,NONE,thank you very much,
318,15,NONE,"['CAMERA_2', 'CAMERA_1']","{'CAMERA_1': ['price', 'effects', 'camera_type', 'resolution', 'color', 'optical_zoom', 'sensor_size', 'settings'], 'CAMERA_2': ['camera_type'], 'CAMERA_3': []}",C_LEAVES,DOOR,NONE,,S_RETURNS_TO_COUNTER,SERVICE_COUNTER,NONE,,
319,1,NONE,[],"{'CAMERA_1': [], 'CAMERA_2': [], 'CAMERA_3': []}",C_ENTERS,DOOR,NONE,,S_NONE,SERVICE_COUNTER,NONE,,
319,2,NONE,[],"{'CAMERA_1': [], 'CAMERA_2': [], 'CAMERA_3': []}",C_GREETS,MIDDLE,NONE,hello,S_GREETS,MIDDLE,NONE,can I help you?,
319,3,CAMERA_1,['CAMERA_1'],"{'CAMERA_1': [], 'CAMERA_2': [], 'CAMERA_3': []}",C_LOOKING_FOR_A_CAMERA,MIDDLE,NONE,I'm looking for a camera,S_INTRODUCES_CAMERA,CAMERA_1,,Let me show you this. Here we have the Nikon Coolpix S2800.,39~58
319,4,CAMERA_1,['CAMERA_1'],"{'CAMERA_1': ['camera_type'], 'CAMERA_2': [], 'CAMERA_3': []}",C_QUESTION_ABOUT_FEATURE,CAMERA_1,camera_type,what kind of camera is this,S_ANSWERS_QUESTION_ABOUT_FEATURE,CAMERA_1,camera_type,This is a point and shoot camera.,10~25
319,5,CAMERA_1,['CAMERA_1'],"{'CAMERA_1': ['camera_type', 'color'], 'CAMERA_2': [], 'CAMERA_3': []}",C_SILENT_OR_BACKCHANNEL,CAMERA_1,NONE,okay,S_INTRODUCES_FEATURE,CAMERA_1,color,"This one comes in purple, pink, black, silver, red.",18~50
319,6,CAMERA_1,['CAMERA_1'],"{'CAMERA_1': ['camera_type', 'color', 'settings'], 'CAMERA_2': [], 'CAMERA_3': []}",C_SILENT_OR_BACKCHANNEL,CAMERA_1,NONE,I see,S_INTRODUCES_FEATURE,CAMERA_1,settings,This one has limited manual settings.,13~36
319,7,CAMERA_1,['CAMERA_1'],"{'CAMERA_1': ['camera_type', 'color', 'settings', 'price'], 'CAMERA_2': [], 'CAMERA_3': []}",C_SILENT_OR_BACKCHANNEL,CAMERA_1,NONE,alright,S_INTRODUCES_FEATURE,CAMERA_1,price,This one costs $2173.,15~20
319,8,CAMERA_1,['CAMERA_1'],"{'CAMERA_1': ['camera_type', 'color', 'settings', 'price', 'autofocus_points'], 'CAMERA_2': [], 'CAMERA_3': []}",C_QUESTION_ABOUT_FEATURE,CAMERA_1,autofocus_points,how many autofocus points does it have,S_NOT_SURE,CAMERA_1,,I'm not really sure about that,
319,9,CAMERA_1,['CAMERA_1'],"{'CAMERA_1': ['camera_type', 'color', 'settings', 'price', 'autofocus_points', 'optical_zoom'], 'CAMERA_2': [], 'CAMERA_3': []}",C_SILENT_OR_BACKCHANNEL,CAMERA_1,NONE,okay,S_INTRODUCES_FEATURE,CAMERA_1,optical_zoom,This one has 5x optical zoom.,13~28
319,10,CAMERA_1,['CAMERA_1'],"{'CAMERA_1': ['camera_type', 'color', 'settings', 'price', 'autofocus_points', 'optical_zoom', 'preset_modes'], 'CAMERA_2': [], 'CAMERA_3': []}",C_SILENT_OR_BACKCHANNEL,CAMERA_1,NONE,okay,S_INTRODUCES_FEATURE,CAMERA_1,preset_modes,"This one has 18 preset modes (e.g. beach, snow, night portrait).",13~63
319,11,CAMERA_1,['CAMERA_1'],"{'CAMERA_1': ['camera_type', 'color', 'settings', 'price', 'autofocus_points', 'optical_zoom', 'preset_modes', 'weight'], 'CAMERA_2': [], 'CAMERA_3': []}",C_QUESTION_ABOUT_FEATURE,CAMERA_1,weight,how much does this one weigh,S_ANSWERS_QUESTION_ABOUT_FEATURE,CAMERA_1,weight,This one weighs 120 grams.,16~25
319,12,CAMERA_1,['CAMERA_1'],"{'CAMERA_1': ['camera_type', 'color', 'settings', 'price', 'autofocus_points', 'optical_zoom', 'preset_modes', 'weight', 'resolution'], 'CAMERA_2': [], 'CAMERA_3': []}",C_QUESTION_ABOUT_FEATURE,CAMERA_1,resolution,what is the resolution,S_ANSWERS_QUESTION_ABOUT_FEATURE,CAMERA_1,resolution,This one has 20.1 megapixels resolution.,13~28
319,13,CAMERA_1,['CAMERA_1'],"{'CAMERA_1': ['camera_type', 'color', 'settings', 'price', 'autofocus_points', 'optical_zoom', 'preset_modes', 'weight', 'resolution', 'effects'], 'CAMERA_2': [], 'CAMERA_3': []}",C_SILENT_OR_BACKCHANNEL,CAMERA_1,NONE,alright,S_INTRODUCES_FEATURE,CAMERA_1,effects,"This one has 12 glamor retouch effects (e.g. skin softening, small face, big eyes).",13~82
319,14,NONE,['CAMERA_1'],"{'CAMERA_1': ['camera_type', 'color', 'settings', 'price', 'autofocus_points', 'optical_zoom', 'preset_modes', 'weight', 'resolution', 'effects'], 'CAMERA_2': [], 'CAMERA_3': []}",C_THANK_YOU,CAMERA_1,NONE,thank you for your help,S_THANK_YOU,CAMERA_1,NONE,thank you very much,
319,15,NONE,['CAMERA_1'],"{'CAMERA_1': ['camera_type', 'color', 'settings', 'price', 'autofocus_points', 'optical_zoom', 'preset_modes', 'weight', 'resolution', 'effects'], 'CAMERA_2': [], 'CAMERA_3': []}",C_LEAVES,DOOR,NONE,,S_RETURNS_TO_COUNTER,SERVICE_COUNTER,NONE,,
320,1,NONE,[],"{'CAMERA_1': [], 'CAMERA_2': [], 'CAMERA_3': []}",C_ENTERS,DOOR,NONE,,S_NONE,SERVICE_COUNTER,NONE,,
320,2,NONE,[],"{'CAMERA_1': [], 'CAMERA_2': [], 'CAMERA_3': []}",C_WALKS_TO_CAMERA,CAMERA_3,NONE,,S_GREETS,CAMERA_3,NONE,can I help you?,
320,3,CAMERA_2,['CAMERA_2'],"{'CAMERA_1': [], 'CAMERA_2': [], 'CAMERA_3': []}",C_LOOKING_FOR_A_CAMERA,CAMERA_3,NONE,I'm looking for a camera,S_INTRODUCES_CAMERA,CAMERA_2,,Let me show you this. Here we have the Sony Alpha a6000.,39~55
320,4,CAMERA_2,['CAMERA_2'],"{'CAMERA_1': [], 'CAMERA_2': ['sensor_size'], 'CAMERA_3': []}",C_QUESTION_ABOUT_FEATURE,CAMERA_2,sensor_size,what is the sensor size,S_ANSWERS_QUESTION_ABOUT_FEATURE,CAMERA_2,sensor_size,This one has a APS-C sensor (crop sensor).,15~41
320,5,CAMERA_2,['CAMERA_2'],"{'CAMERA_1': [], 'CAMERA_2': ['sensor_size', 'camera_type'], 'CAMERA_3': []}",C_SILENT_OR_BACKCHANNEL,CAMERA_2,NONE,I see,S_INTRODUCES_FEATURE,CAMERA_2,camera_type,This is a mirrorless camera.,10~20
320,6,CAMERA_2,['CAMERA_2'],"{'CAMERA_1': [], 'CAMERA_2': ['sensor_size', 'camera_type', 'color'], 'CAMERA_3': []}",C_SILENT_OR_BACKCHANNEL,CAMERA_2,NONE,I see,S_INTRODUCES_FEATURE,CAMERA_2,color,"This one comes in white, silver, black.",18~38
320,7,CAMERA_1,"['CAMERA_2', 'CAMERA_1']","{'CAMERA_1': [], 'CAMERA_2': ['sensor_size', 'camera_type', 'color'], 'CAMERA_3': []}",C_ANYTHING_ELSE_AVAILABLE,CAMERA_2,NONE,ok do you have any other cameras,S_INTRODUCES_CAMERA,CAMERA_1,,Let me show you this. Here we have the Nikon Coolpix S2800.,39~58
320,8,CAMERA_1,"['CAMERA_2', 'CAMERA_1']","{'CAMERA_1': ['sensor_size'], 'CAMERA_2': ['sensor_size', 'camera_type', 'color'], 'CAMERA_3': []}",C_QUESTION_ABOUT_FEATURE,CAMERA_1,sensor_size,what is the sensor size,S_NOT_SURE,CAMERA_1,,I'm not really sure about that,
320,9,CAMERA_1,"['CAMERA_2', 'CAMERA_1']","{'CAMERA_1': ['sensor_size', 'resolution'], 'CAMERA_2': ['sensor_size', 'camera_type', 'color'], 'CAMERA_3': []}",C_QUESTION_ABOUT_FEATURE,CAMERA_1,resolution,what is the resolution,S_ANSWERS_QUESTION_ABOUT_FEATURE,CAMERA_1,resolution,This one has 20.1 megapixels resolution.,13~28
320,10,CAMERA_1,"['CAMERA_2', 'CAMERA_1']","{'CAMERA_1': ['sensor_size', 'resolution', 'preset_modes'], 'CAMERA_2': ['sensor_size', 'camera_type', 'color'], 'CAMERA_3': []}",C_QUESTION_ABOUT_FEATURE,CAMERA_1,preset_modes,does it have preset modes,S_ANSWERS_QUESTION_ABOUT_FEATURE,CAMERA_1,preset_modes,"This one has 18 preset modes (e.g. beach, snow, night portrait).",13~63
320,11,CAMERA_1,"['CAMERA_2', 'CAMERA_1']","{'CAMERA_1': ['sensor_size', 'resolution', 'preset_modes', 'weight'], 'CAMERA_2': ['sensor_size', 'camera_type', 'color'], 'CAMERA_3': []}",C_QUESTION_ABOUT_FEATURE,CAMERA_1,weight,how much does this one weigh,S_ANSWERS_QUESTION_ABOUT_FEATURE,CAMERA_1,weight,This one weighs 120 grams.,16~25
320,12,CAMERA_1,"['CAMERA_2', 'CAMERA_1']","{'CAMERA_1': ['sensor_size', 'resolution', 'preset_modes', 'weight', 'color'], 'CAMERA_2': ['sensor_size', 'camera_type', 'color'], 'CAMERA_3': []}",C_QUESTION_ABOUT_FEATURE,CAMERA_1,color,what colors does this one come in,S_ANSWERS_QUESTION_ABOUT_FEATURE,CAMERA_1,color,"This one comes in purple, pink, black, silver, red.",18~50
320,13,CAMERA_1,"['CAMERA_2', 'CAMERA_1']","{'CAMERA_1': ['sensor_size', 'resolution', 'preset_modes', 'weight', 'color', 'price'], 'CAMERA_2': ['sensor_size', 'camera_type', 'color'], 'CAMERA_3': []}",C_SILENT_OR_BACKCHANNEL,CAMERA_1,NONE,alright,S_INTRODUCES_FEATURE,CAMERA_1,price,This one costs $2173.,15~20
320,14,NONE,"['CAMERA_2', 'CAMERA_1']","{'CAMERA_1': ['sensor_size', 'resolution', 'preset_modes', 'weight', 'color', 'price'], 'CAMERA_2': ['sensor_size', 'camera_type', 'color'], 'CAMERA_3': []}",C_THANK_YOU,CAMERA_1,NONE,thank you for your help,S_THANK_YOU,CAMERA_1,NONE,thank you very much,
320,15,NONE,"['CAMERA_2', 'CAMERA_1']","{'CAMERA_1': ['sensor_size', 'resolution', 'preset_modes', 'weight', 'color', 'price'], 'CAMERA_2': ['sensor_size', 'camera_type', 'color'], 'CAMERA_3': []}",C_LEAVES,DOOR,NONE,,S_RETURNS_TO_COUNTER,SERVICE_COUNTER,NONE,,
321,1,NONE,[],"{'CAMERA_1': [], 'CAMERA_2': [], 'CAMERA_3': []}",C_ENTERS,DOOR,NONE,,S_NONE,SERVICE_COUNTER,NONE,,
321,2,NONE,[],"{'CAMERA_1': [], 'CAMERA_2': [], 'CAMERA_3': []}",C_GREETS,MIDDLE,NONE,hello,S_GREETS,MIDDLE,NONE,can I help you?,
321,3,CAMERA_3,['CAMERA_3'],"{'CAMERA_1': [], 'CAMERA_2': [], 'CAMERA_3': []}",C_LOOKING_FOR_A_CAMERA,MIDDLE,NONE,I'm looking for a camera,S_INTRODUCES_CAMERA,CAMERA_3,,Let me show you this. Here we have the Canon EOS 5D Mark III.,39~60
321,4,CAMERA_3,['CAMERA_3'],"{'CAMERA_1': [], 'CAMERA_2': [], 'CAMERA_3': ['price']}",C_QUESTION_ABOUT_FEATURE,CAMERA_3,price,how much does it cost,S_ANSWERS_QUESTION_ABOUT_FEATURE,CAMERA_3,price,This one costs $3706.,15~20
321,5,CAMERA_3,['CAMERA_3'],"{'CAMERA_1': [], 'CAMERA_2': [], 'CAMERA_3': ['price', 'resolution']}",C_QUESTION_ABOUT_FEATURE,CAMERA_3,resolution,what is the resolution,S_NOT_SURE,CAMERA_3,,I'm not really sure about that,
321,6,CAMERA_3,['CAMERA_3'],"{'CAMERA_1': [], 'CAMERA_2': [], 'CAMERA_3': ['price', 'resolution', 'weight']}",C_QUESTION_ABOUT_FEATURE,CAMERA_3,weight,how much does this one weigh,S_ANSWERS_QUESTION_ABOUT_FEATURE,CAMERA_3,weight,This one weighs 950 grams (only body).,16~37
321,7,NONE,['CAMERA_3'],"{'CAMERA_1': [], 'CAMERA_2': [], 'CAMERA_3': ['price', 'resolution', 'weight']}",C_THANK_YOU,CAMERA_3,NONE,thank you for your help,S_THANK_YOU,CAMERA_3,NONE,thank you very much,
321,8,NONE,['CAMERA_3'],"{'CAMERA_1': [], 'CAMERA_2': [], 'CAMERA_3': ['price', 'resolution', 'weight']}",C_LEAVES,DOOR,NONE,,S_RETURNS_TO_COUNTER,SERVICE_COUNTER,NONE,,
322,1,NONE,[],"{'CAMERA_1': [], 'CAMERA_2': [], 'CAMERA_3': []}",C_ENTERS,DOOR,NONE,,S_NONE,SERVICE_COUNTER,NONE,,
322,2,NONE,[],"{'CAMERA_1': [], 'CAMERA_2': [], 'CAMERA_3': []}",C_WALKS_TO_CAMERA,CAMERA_3,NONE,,S_NONE,SERVICE_COUNTER,NONE,,
322,3,CAMERA_3,['CAMERA_3'],"{'CAMERA_1': [], 'CAMERA_2': [], 'CAMERA_3': ['resolution']}",C_QUESTION_ABOUT_FEATURE,CAMERA_3,resolution,what is the resolution,S_NOT_SURE,CAMERA_3,,I'm not really sure about that,
322,4,CAMERA_3,['CAMERA_3'],"{'CAMERA_1': [], 'CAMERA_2': [], 'CAMERA_3': ['resolution', 'long_exposure']}",C_QUESTION_ABOUT_FEATURE,CAMERA_3,long_exposure,can it take long exposure shots,S_ANSWERS_QUESTION_ABOUT_FEATURE,CAMERA_3,long_exposure,"This one can take long exposures up to up to 30 seconds, bulb mode: expose as long as you want.",39~94
322,5,CAMERA_3,['CAMERA_3'],"{'CAMERA_1': [], 'CAMERA_2': [], 'CAMERA_3': ['resolution', 'long_exposure', 'optical_zoom']}",C_QUESTION_ABOUT_FEATURE,CAMERA_3,optical_zoom,does it have optical zoom,S_NOT_SURE,CAMERA_3,,I'm not really sure about that,
322,6,CAMERA_3,['CAMERA_3'],"{'CAMERA_1': [], 'CAMERA_2': [], 'CAMERA_3': ['resolution', 'long_exposure', 'optical_zoom', 'ISO']}",C_SILENT_OR_BACKCHANNEL,CAMERA_3,NONE,okay,S_INTRODUCES_FEATURE,CAMERA_3,ISO,This one has up to 6400 ISO with little noise.,13~45
322,7,CAMERA_2,"['CAMERA_3', 'CAMERA_2']","{'CAMERA_1': [], 'CAMERA_2': [], 'CAMERA_3': ['resolution', 'long_exposure', 'optical_zoom', 'ISO']}",C_ANYTHING_ELSE_AVAILABLE,CAMERA_3,NONE,ok do you have any other cameras,S_INTRODUCES_CAMERA,CAMERA_2,,Let me show you this. Here we have the Sony Alpha a6000.,39~55
322,8,CAMERA_2,"['CAMERA_3', 'CAMERA_2']","{'CAMERA_1': [], 'CAMERA_2': ['price'], 'CAMERA_3': ['resolution', 'long_exposure', 'optical_zoom', 'ISO']}",C_QUESTION_ABOUT_FEATURE,CAMERA_2,price,how much does it cost,S_ANSWERS_QUESTION_ABOUT_FEATURE,CAMERA_2,price,This one costs $1341.,15~20
322,9,CAMERA_2,"['CAMERA_3', 'CAMERA_2']","{'CAMERA_1': [], 'CAMERA_2': ['price', 'preset_modes'], 'CAMERA_3': ['resolution', 'long_exposure', 'optical_zoom', 'ISO']}",C_QUESTION_ABOUT_FEATURE,CAMERA_2,preset_modes,does it have preset modes,S_ANSWERS_QUESTION_ABOUT_FEATURE,CAMERA_2,preset_modes,"This one has 9 preset modes (e.g. beach, snow, night, portrait).",13~63
322,10,CAMERA_1,"['CAMERA_3', 'CAMERA_2', 'CAMERA_1']","{'CAMERA_1': [], 'CAMERA_2': ['price', 'preset_modes'], 'CAMERA_3': ['resolution', 'long_exposure', 'optical_zoom', 'ISO']}",C_ANYTHING_ELSE_AVAILABLE,CAMERA_2,NONE,ok do you have any other cameras,S_INTRODUCES_CAMERA,CAMERA_1,,Let me show you this. Here we have the Nikon Coolpix S2800.,39~58
322,11,CAMERA_1,"['CAMERA_3', 'CAMERA_2', 'CAMERA_1']","{'CAMERA_1': ['effects'], 'CAMERA_2': ['price', 'preset_modes'], 'CAMERA_3': ['resolution', 'long_exposure', 'optical_zoom', 'ISO']}",C_QUESTION_ABOUT_FEATURE,CAMERA_1,effects,does it have any effect modes,S_ANSWERS_QUESTION_ABOUT_FEATURE,CAMERA_1,effects,"This one has 12 glamor retouch effects (e.g. skin softening, small face, big eyes).",13~82
322,12,NONE,"['CAMERA_3', 'CAMERA_2', 'CAMERA_1']","{'CAMERA_1': ['effects'], 'CAMERA_2': ['price', 'preset_modes'], 'CAMERA_3': ['resolution', 'long_exposure', 'optical_zoom', 'ISO']}",C_THANK_YOU,CAMERA_1,NONE,thank you for your help,S_THANK_YOU,CAMERA_1,NONE,thank you very much,
322,13,NONE,"['CAMERA_3', 'CAMERA_2', 'CAMERA_1']","{'CAMERA_1': ['effects'], 'CAMERA_2': ['price', 'preset_modes'], 'CAMERA_3': ['resolution', 'long_exposure', 'optical_zoom', 'ISO']}",C_LEAVES,DOOR,NONE,,S_RETURNS_TO_COUNTER,SERVICE_COUNTER,NONE,,
323,1,NONE,[],"{'CAMERA_1': [], 'CAMERA_2': [], 'CAMERA_3': []}",C_ENTERS,DOOR,NONE,,S_NONE,SERVICE_COUNTER,NONE,,
323,2,NONE,[],"{'CAMERA_1': [], 'CAMERA_2': [], 'CAMERA_3': []}",C_WALKS_TO_CAMERA,CAMERA_2,NONE,,S_GREETS,CAMERA_2,NONE,can I help you?,
323,3,CAMERA_1,['CAMERA_1'],"{'CAMERA_1': [], 'CAMERA_2': [], 'CAMERA_3': []}",C_LOOKING_FOR_A_CAMERA,CAMERA_2,NONE,I'm looking for a camera,S_INTRODUCES_CAMERA,CAMERA_1,,Let me show you this. Here we have the Nikon Coolpix S2800.,39~58
323,4,CAMERA_1,['CAMERA_1'],"{'CAMERA_1': ['autofocus_points'], 'CAMERA_2': [], 'CAMERA_3': []}",C_QUESTION_ABOUT_FEATURE,CAMERA_1,autofocus_points,how many autofocus points does it have,S_NOT_SURE,CAMERA_1,,I'm not really sure about that,
323,5,CAMERA_1,['CAMERA_1'],"{'CAMERA_1': ['autofocus_points', 'optical_zoom'], 'CAMERA_2': [], 'CAMERA_3': []}",C_SILENT_OR_BACKCHANNEL,CAMERA_1,NONE,alright,S_INTRODUCES_FEATURE,CAMERA_1,optical_zoom,This one has 5x optical zoom.,13~28
323,6,CAMERA_1,['CAMERA_1'],"{'CAMERA_1': ['autofocus_points', 'optical_zoom', 'settings'], 'CAMERA_2': [], 'CAMERA_3': []}",C_QUESTION_ABOUT_FEATURE,CAMERA_1,settings,what kind of settings does it have,S_ANSWERS_QUESTION_ABOUT_FEATURE,CAMERA_1,settings,This one has limited manual settings.,13~36
323,7,CAMERA_1,['CAMERA_1'],"{'CAMERA_1': ['autofocus_points', 'optical_zoom', 'settings', 'sensor_size'], 'CAMERA_2': [], 'CAMERA_3': []}",C_QUESTION_ABOUT_FEATURE,CAMERA_1,sensor_size,what is the sensor size,S_NOT_SURE,CAMERA_1,,I'm not really sure about that,
323,8,CAMERA_2,"['CAMERA_1', 'CAMERA_2']","{'CAMERA_1': ['autofocus_points', 'optical_zoom', 'settings', 'sensor_size'], 'CAMERA_2': [], 'CAMERA_3': []}",C_ANYTHING_ELSE_AVAILABLE,CAMERA_1,NONE,ok do you have any other cameras,S_INTRODUCES_CAMERA,CAMERA_2,,Let me show you this. Here we have the Sony Alpha a6000.,39~55
323,9,CAMERA_2,"['CAMERA_1', 'CAMERA_2']","{'CAMERA_1': ['autofocus_points', 'optical_zoom', 'settings', 'sensor_size'], 'CAMERA_2': ['sensor_size'], 'CAMERA_3': []}",C_SILENT_OR_BACKCHANNEL,CAMERA_2,NONE,okay,S_INTRODUCES_FEATURE,CAMERA_2,sensor_size,This one has a APS-C sensor (crop sensor).,15~41
323,10,CAMERA_3,"['CAMERA_1', 'CAMERA_2', 'CAMERA_3']","{'CAMERA_1': ['autofocus_points', 'optical_zoom', 'settings', 'sensor_size'], 'CAMERA_2': ['sensor_size'], 'CAMERA_3': []}",C_ANYTHING_ELSE_AVAILABLE,CAMERA_2,NONE,ok do you have any other cameras,S_INTRODUCES_CAMERA,CAMERA_3,,Let me show you this. Here we have the Canon EOS 5D Mark III.,39~60
323,11,CAMERA_3,"['CAMERA_1', 'CAMERA_2', 'CAMERA_3']","{'CAMERA_1': ['autofocus_points', 'optical_zoom', 'settings', 'sensor_size'], 'CAMERA_2': ['sensor_size'], 'CAMERA_3': ['camera_type']}",C_QUESTION_ABOUT_FEATURE,CAMERA_3,camera_type,what kind of camera is this,S_ANSWERS_QUESTION_ABOUT_FEATURE,CAMERA_3,camera_type,This is a DSLR camera.,10~14
323,12,CAMERA_3,"['CAMERA_1', 'CAMERA_2', 'CAMERA_3']","{'CAMERA_1': ['autofocus_points', 'optical_zoom', 'settings', 'sensor_size'], 'CAMERA_2': ['sensor_size'], 'CAMERA_3': ['camera_type', 'ISO']}",C_SILENT_OR_BACKCHANNEL,CAMERA_3,NONE,alright,S_INTRODUCES_FEATURE,CAMERA_3,ISO,This one has up to 6400 ISO with little noise.,13~45
323,13,NONE,"['CAMERA_1', 'CAMERA_2', 'CAMERA_3']","{'CAMERA_1': ['autofocus_points', 'optical_zoom', 'settings', 'sensor_size'], 'CAMERA_2': ['sensor_size'], 'CAMERA_3': ['camera_type', 'ISO']}",C_THANK_YOU,CAMERA_3,NONE,thank you for your help,S_THANK_YOU,CAMERA_3,NONE,thank you very much,
323,14,NONE,"['CAMERA_1', 'CAMERA_2', 'CAMERA_3']","{'CAMERA_1': ['autofocus_points', 'optical_zoom', 'settings', 'sensor_size'], 'CAMERA_2': ['sensor_size'], 'CAMERA_3': ['camera_type', 'ISO']}",C_LEAVES,DOOR,NONE,,S_RETURNS_TO_COUNTER,SERVICE_COUNTER,NONE,,
324,1,NONE,[],"{'CAMERA_1': [], 'CAMERA_2': [], 'CAMERA_3': []}",C_ENTERS,DOOR,NONE,,S_NONE,SERVICE_COUNTER,NONE,,
324,2,NONE,[],"{'CAMERA_1': [], 'CAMERA_2': [], 'CAMERA_3': []}",C_GREETS,MIDDLE,NONE,hello,S_GREETS,MIDDLE,NONE,can I help you?,
324,3,CAMERA_3,['CAMERA_3'],"{'CAMERA_1': [], 'CAMERA_2': [], 'CAMERA_3': []}",C_LOOKING_FOR_A_CAMERA,MIDDLE,NONE,I'm looking for a camera,S_INTRODUCES_CAMERA,CAMERA_3,,Let me show you this. Here we have the Canon EOS 5D Mark III.,39~60
324,4,CAMERA_3,['CAMERA_3'],"{'CAMERA_1': [], 'CAMERA_2': [], 'CAMERA_3': ['price']}",C_QUESTION_ABOUT_FEATURE,CAMERA_3,price,how much does it cost,S_ANSWERS_QUESTION_ABOUT_FEATURE,CAMERA_3,price,This one costs $3706.,15~20
324,5,NONE,['CAMERA_3'],"{'CAMERA_1': [], 'CAMERA_2': [], 'CAMERA_3': ['price']}",C_THANK_YOU,CAMERA_3,NONE,thank you for your help,S_THANK_YOU,CAMERA_3,NONE,thank you very much,
324,6,NONE,['CAMERA_3'],"{'CAMERA_1': [], 'CAMERA_2': [], 'CAMERA_3': ['price']}",C_LEAVES,DOOR,NONE,,S_RETURNS_TO_COUNTER,SERVICE_COUNTER,NONE,,
325,1,NONE,[],"{'CAMERA_1': [], 'CAMERA_2': [], 'CAMERA_3': []}",C_ENTERS,DOOR,NONE,,S_NONE,SERVICE_COUNTER,NONE,,
325,2,NONE,[],"{'CAMERA_1': [], 'CAMERA_2': [], 'CAMERA_3': []}",C_GREETS,MIDDLE,NONE,hello,S_GREETS,MIDDLE,NONE,can I help you?,
325,3,CAMERA_1,['CAMERA_1'],"{'CAMERA_1': [], 'CAMERA_2': [], 'CAMERA_3': []}",C_LOOKING_FOR_A_CAMERA,MIDDLE,NONE,I'm looking for a camera,S_INTRODUCES_CAMERA,CAMERA_1,,Let me show you this. Here we have the Nikon Coolpix S2800.,39~58
325,4,CAMERA_1,['CAMERA_1'],"{'CAMERA_1': ['effects'], 'CAMERA_2': [], 'CAMERA_3': []}",C_QUESTION_ABOUT_FEATURE,CAMERA_1,effects,does it have any effect modes,S_ANSWERS_QUESTION_ABOUT_FEATURE,CAMERA_1,effects,"This one has 12 glamor retouch effects (e.g. skin softening, small face, big eyes).",13~82
325,5,CAMERA_1,['CAMERA_1'],"{'CAMERA_1': ['effects', 'color'], 'CAMERA_2': [], 'CAMERA_3': []}",C_QUESTION_ABOUT_FEATURE,CAMERA_1,color,what colors does this one come in,S_ANSWERS_QUESTION_ABOUT_FEATURE,CAMERA_1,color,"This one comes in purple, pink, black, silver, red.",18~50
325,6,CAMERA_1,['CAMERA_1'],"{'CAMERA_1': ['effects', 'color', 'long_exposure'], 'CAMERA_2': [], 'CAMERA_3': []}",C_QUESTION_ABOUT_FEATURE,CAMERA_1,long_exposure,can it take long exposure shots,S_NOT_SURE,CAMERA_1,,I'm not really sure about that,
325,7,CAMERA_1,['CAMERA_1'],"{'CAMERA_1': ['effects', 'color', 'long_exposure', 'settings'], 'CAMERA_2': [], 'CAMERA_3': []}",C_QUESTION_ABOUT_FEATURE,CAMERA_1,settings,what kind of settings does it have,S_ANSWERS_QUESTION_ABOUT_FEATURE,CAMERA_1,settings,This one has limited manual settings.,13~36
325,8,CAMERA_1,['CAMERA_1'],"{'CAMERA_1': ['effects', 'color', 'long_exposure', 'settings', 'camera_type'], 'CAMERA_2': [], 'CAMERA_3': []}",C_QUESTION_ABOUT_FEATURE,CAMERA_1,camera_type,what kind of camera is this,S_ANSWERS_QUESTION_ABOUT_FEATURE,CAMERA_1,camera_type,This is a point and shoot camera.,10~25
325,9,CAMERA_1,['CAMERA_1'],"{'CAMERA_1': ['effects', 'color', 'long_exposure', 'settings', 'camera_type', 'preset_modes'], 'CAMERA_2': [], 'CAMERA_3': []}",C_QUESTION_ABOUT_FEATURE,CAMERA_1,preset_modes,does it have preset modes,S_ANSWERS_QUESTION_ABOUT_FEATURE,CAMERA_1,preset_modes,"This one has 18 preset modes (e.g. beach, snow, night portrait).",13~63
325,10,CAMERA_1,['CAMERA_1'],"{'CAMERA_1': ['effects', 'color', 'long_exposure', 'settings', 'camera_type', 'preset_modes', 'weight'], 'CAMERA_2': [], 'CAMERA_3': []}",C_SILENT_OR_BACKCHANNEL,CAMERA_1,NONE,okay,S_INTRODUCES_FEATURE,CAMERA_1,weight,This one weighs 120 grams.,16~25
325,11,CAMERA_1,['CAMERA_1'],"{'CAMERA_1': ['effects', 'color', 'long_exposure', 'settings', 'camera_type', 'preset_modes', 'weight', 'optical_zoom'], 'CAMERA_2': [], 'CAMERA_3': []}",C_SILENT_OR_BACKCHANNEL,CAMERA_1,NONE,okay,S_INTRODUCES_FEATURE,CAMERA_1,optical_zoom,This one has 5x optical zoom.,13~28
325,12,CAMERA_1,['CAMERA_1'],"{'CAMERA_1': ['effects', 'color', 'long_exposure', 'settings', 'camera_type', 'preset_modes', 'weight', 'optical_zoom', 'autofocus_points'], 'CAMERA_2': [], 'CAMERA_3': []}",C_QUESTION_ABOUT_FEATURE,CAMERA_1,autofocus_points,how many autofocus points does it have,S_NOT_SURE,CAMERA_1,,I'm not really sure about that,
325,13,CAMERA_1,['CAMERA_1'],"{'CAMERA_1': ['effects', 'color', 'long_exposure', 'settings', 'camera_type', 'preset_modes', 'weight', 'optical_zoom', 'autofocus_points', 'price'], 'CAMERA_2': [], 'CAMERA_3': []}",C_SILENT_OR_BACKCHANNEL,CAMERA_1,NONE,alright,S_INTRODUCES_FEATURE,CAMERA_1,price,This one costs $2173.,15~20
325,14,CAMERA_1,['CAMERA_1'],"{'CAMERA_1': ['effects', 'color', 'long_exposure', 'settings', 'camera_type', 'preset_modes', 'weight', 'optical_zoom', 'autofocus_points', 'price', 'ISO'], 'CAMERA_2': [], 'CAMERA_3': []}",C_QUESTION_ABOUT_FEATURE,CAMERA_1,ISO,what is the ISO,S_NOT_SURE,CAMERA_1,,I'm not really sure about that,
325,15,CAMERA_1,['CAMERA_1'],"{'CAMERA_1': ['effects', 'color', 'long_exposure', 'settings', 'camera_type', 'preset_modes', 'weight', 'optical_zoom', 'autofocus_points', 'price', 'ISO', 'resolution'], 'CAMERA_2': [], 'CAMERA_3': []}",C_QUESTION_ABOUT_FEATURE,CAMERA_1,resolution,what is the resolution,S_ANSWERS_QUESTION_ABOUT_FEATURE,CAMERA_1,resolution,This one has 20.1 megapixels resolution.,13~28
325,16,CAMERA_1,['CAMERA_1'],"{'CAMERA_1': ['effects', 'color', 'long_exposure', 'settings', 'camera_type', 'preset_modes', 'weight', 'optical_zoom', 'autofocus_points', 'price', 'ISO', 'resolution', 'sensor_size'], 'CAMERA_2': [], 'CAMERA_3': []}",C_QUESTION_ABOUT_FEATURE,CAMERA_1,sensor_size,what is the sensor size,S_NOT_SURE,CAMERA_1,,I'm not really sure about that,
325,17,CAMERA_1,['CAMERA_1'],"{'CAMERA_1': ['effects', 'color', 'long_exposure', 'settings', 'camera_type', 'preset_modes', 'weight', 'optical_zoom', 'autofocus_points', 'price', 'ISO', 'resolution', 'sensor_size', 'resolution'], 'CAMERA_2': [], 'CAMERA_3': []}",C_SILENT_OR_BACKCHANNEL,CAMERA_1,NONE,alright,S_INTRODUCES_FEATURE,CAMERA_1,resolution,This one has 20.1 megapixels resolution.,13~28
325,18,CAMERA_1,['CAMERA_1'],"{'CAMERA_1': ['effects', 'color', 'long_exposure', 'settings', 'camera_type', 'preset_modes', 'weight', 'optical_zoom', 'autofocus_points', 'price', 'ISO', 'resolution', 'sensor_size', 'resolution', 'optical_zoom'], 'CAMERA_2': [], 'CAMERA_3': []}",C_SILENT_OR_BACKCHANNEL,CAMERA_1,NONE,I see,S_INTRODUCES_FEATURE,CAMERA_1,optical_zoom,This one has 5x optical zoom.,13~28
325,19,NONE,['CAMERA_1'],"{'CAMERA_1': ['effects', 'color', 'long_exposure', 'settings', 'camera_type', 'preset_modes', 'weight', 'optical_zoom', 'autofocus_points', 'price', 'ISO', 'resolution', 'sensor_size', 'resolution', 'optical_zoom'], 'CAMERA_2': [], 'CAMERA_3': []}",C_THANK_YOU,CAMERA_1,NONE,thank you for your help,S_THANK_YOU,CAMERA_1,NONE,thank you very much,
325,20,NONE,['CAMERA_1'],"{'CAMERA_1': ['effects', 'color', 'long_exposure', 'settings', 'camera_type', 'preset_modes', 'weight', 'optical_zoom', 'autofocus_points', 'price', 'ISO', 'resolution', 'sensor_size', 'resolution', 'optical_zoom'], 'CAMERA_2': [], 'CAMERA_3': []}",C_LEAVES,DOOR,NONE,,S_RETURNS_TO_COUNTER,SERVICE_COUNTER,NONE,,
326,1,NONE,[],"{'CAMERA_1': [], 'CAMERA_2': [], 'CAMERA_3': []}",C_ENTERS,DOOR,NONE,,S_NONE,SERVICE_COUNTER,NONE,,
326,2,NONE,[],"{'CAMERA_1': [], 'CAMERA_2': [], 'CAMERA_3': []}",C_WALKS_TO_CAMERA,CAMERA_3,NONE,,S_GREETS,CAMERA_3,NONE,can I help you?,
326,3,CAMERA_2,['CAMERA_2'],"{'CAMERA_1': [], 'CAMERA_2': [], 'CAMERA_3': []}",C_LOOKING_FOR_A_CAMERA,CAMERA_3,NONE,I'm looking for a camera,S_INTRODUCES_CAMERA,CAMERA_2,,Let me show you this. Here we have the Sony Alpha a6000.,39~55
326,4,CAMERA_2,['CAMERA_2'],"{'CAMERA_1': [], 'CAMERA_2': ['optical_zoom'], 'CAMERA_3': []}",C_QUESTION_ABOUT_FEATURE,CAMERA_2,optical_zoom,does it have optical zoom,S_NOT_SURE,CAMERA_2,,I'm not really sure about that,
326,5,CAMERA_3,"['CAMERA_2', 'CAMERA_3']","{'CAMERA_1': [], 'CAMERA_2': ['optical_zoom'], 'CAMERA_3': []}",C_ANYTHING_ELSE_AVAILABLE,CAMERA_2,NONE,ok do you have any other cameras,S_INTRODUCES_CAMERA,CAMERA_3,,Let me show you this. Here we have the Canon EOS 5D Mark III.,39~60
326,6,CAMERA_3,"['CAMERA_2', 'CAMERA_3']","{'CAMERA_1': [], 'CAMERA_2': ['optical_zoom'], 'CAMERA_3': ['autofocus_points']}",C_SILENT_OR_BACKCHANNEL,CAMERA_3,NONE,okay,S_INTRODUCES_FEATURE,CAMERA_3,autofocus_points,This one has 61 autofocus points.,13~32
326,7,CAMERA_3,"['CAMERA_2', 'CAMERA_3']","{'CAMERA_1': [], 'CAMERA_2': ['optical_zoom'], 'CAMERA_3': ['autofocus_points', 'long_exposure']}",C_SILENT_OR_BACKCHANNEL,CAMERA_3,NONE,I see,S_INTRODUCES_FEATURE,CAMERA_3,long_exposure,"This one can take long exposures up to up to 30 seconds, bulb mode: expose as long as you want.",39~94
326,8,CAMERA_1,"['CAMERA_2', 'CAMERA_3', 'CAMERA_1']","{'CAMERA_1': [], 'CAMERA_2': ['optical_zoom'], 'CAMERA_3': ['autofocus_points', 'long_exposure']}",C_ANYTHING_ELSE_AVAILABLE,CAMERA_3,NONE,ok do you have any other cameras,S_INTRODUCES_CAMERA,CAMERA_1,,Let me show you this. Here we have the Nikon Coolpix S2800.,39~58
326,9,CAMERA_1,"['CAMERA_2', 'CAMERA_3', 'CAMERA_1']","{'CAMERA_1': ['weight'], 'CAMERA_2': ['optical_zoom'], 'CAMERA_3': ['autofocus_points', 'long_exposure']}",C_SILENT_OR_BACKCHANNEL,CAMERA_1,NONE,okay,S_INTRODUCES_FEATURE,CAMERA_1,weight,This one weighs 120 grams.,16~25
326,10,CAMERA_1,"['CAMERA_2', 'CAMERA_3', 'CAMERA_1']","{'CAMERA_1': ['weight', 'ISO'], 'CAMERA_2': ['optical_zoom'], 'CAMERA_3': ['autofocus_points', 'long_exposure']}",C_QUESTION_ABOUT_FEATURE,CAMERA_1,ISO,what is the ISO,S_NOT_SURE,CAMERA_1,,I'm not really sure about that,
326,11,CAMERA_1,"['CAMERA_2', 'CAMERA_3', 'CAMERA_1']","{'CAMERA_1': ['weight', 'ISO', 'settings'], 'CAMERA_2': ['optical_zoom'], 'CAMERA_3': ['autofocus_points', 'long_exposure']}",C_SILENT_OR_BACKCHANNEL,CAMERA_1,NONE,I see,S_INTRODUCES_FEATURE,CAMERA_1,settings,This one has limited manual settings.,13~36
326,12,CAMERA_1,"['CAMERA_2', 'CAMERA_3', 'CAMERA_1']","{'CAMERA_1': ['weight', 'ISO', 'settings', 'optical_zoom'], 'CAMERA_2': ['optical_zoom'], 'CAMERA_3': ['autofocus_points', 'long_exposure']}",C_SILENT_OR_BACKCHANNEL,CAMERA_1,NONE,alright,S_INTRODUCES_FEATURE,CAMERA_1,optical_zoom,This one has 5x optical zoom.,13~28
326,13,CAMERA_1,"['CAMERA_2', 'CAMERA_3', 'CAMERA_1']","{'CAMERA_1': ['weight', 'ISO', 'settings', 'optical_zoom', 'price'], 'CAMERA_2': ['optical_zoom'], 'CAMERA_3': ['autofocus_points', 'long_exposure']}",C_SILENT_OR_BACKCHANNEL,CAMERA_1,NONE,I see,S_INTRODUCES_FEATURE,CAMERA_1,price,This one costs $2173.,15~20
326,14,NONE,"['CAMERA_2', 'CAMERA_3', 'CAMERA_1']","{'CAMERA_1': ['weight', 'ISO', 'settings', 'optical_zoom', 'price'], 'CAMERA_2': ['optical_zoom'], 'CAMERA_3': ['autofocus_points', 'long_exposure']}",C_THANK_YOU,CAMERA_1,NONE,thank you for your help,S_THANK_YOU,CAMERA_1,NONE,thank you very much,
326,15,NONE,"['CAMERA_2', 'CAMERA_3', 'CAMERA_1']","{'CAMERA_1': ['weight', 'ISO', 'settings', 'optical_zoom', 'price'], 'CAMERA_2': ['optical_zoom'], 'CAMERA_3': ['autofocus_points', 'long_exposure']}",C_LEAVES,DOOR,NONE,,S_RETURNS_TO_COUNTER,SERVICE_COUNTER,NONE,,
327,1,NONE,[],"{'CAMERA_1': [], 'CAMERA_2': [], 'CAMERA_3': []}",C_ENTERS,DOOR,NONE,,S_NONE,SERVICE_COUNTER,NONE,,
327,2,NONE,[],"{'CAMERA_1': [], 'CAMERA_2': [], 'CAMERA_3': []}",C_WALKS_TO_CAMERA,CAMERA_3,NONE,,S_NONE,SERVICE_COUNTER,NONE,,
327,3,NONE,[],"{'CAMERA_1': [], 'CAMERA_2': [], 'CAMERA_3': []}",C_EXAMINES_CAMERA,CAMERA_3,NONE,,S_NONE,SERVICE_COUNTER,NONE,,
327,4,NONE,[],"{'CAMERA_1': [], 'CAMERA_2': [], 'CAMERA_3': []}",C_WALKS_TO_CAMERA,CAMERA_1,NONE,,S_GREETS,CAMERA_1,NONE,can I help you?,
327,5,CAMERA_3,['CAMERA_3'],"{'CAMERA_1': [], 'CAMERA_2': [], 'CAMERA_3': []}",C_LOOKING_FOR_A_CAMERA,CAMERA_1,NONE,I'm looking for a camera,S_INTRODUCES_CAMERA,CAMERA_3,,Let me show you this. Here we have the Canon EOS 5D Mark III.,39~60
327,6,CAMERA_3,['CAMERA_3'],"{'CAMERA_1': [], 'CAMERA_2': [], 'CAMERA_3': ['resolution']}",C_QUESTION_ABOUT_FEATURE,CAMERA_3,resolution,what is the resolution,S_NOT_SURE,CAMERA_3,,I'm not really sure about that,
327,7,CAMERA_2,"['CAMERA_3', 'CAMERA_2']","{'CAMERA_1': [], 'CAMERA_2': [], 'CAMERA_3': ['resolution']}",C_ANYTHING_ELSE_AVAILABLE,CAMERA_3,NONE,ok do you have any other cameras,S_INTRODUCES_CAMERA,CAMERA_2,,Let me show you this. Here we have the Sony Alpha a6000.,39~55
327,8,CAMERA_2,"['CAMERA_3', 'CAMERA_2']","{'CAMERA_1': [], 'CAMERA_2': ['camera_type'], 'CAMERA_3': ['resolution']}",C_SILENT_OR_BACKCHANNEL,CAMERA_2,NONE,I see,S_INTRODUCES_FEATURE,CAMERA_2,camera_type,This is a mirrorless camera.,10~20
327,9,CAMERA_2,"['CAMERA_3', 'CAMERA_2']","{'CAMERA_1': [], 'CAMERA_2': ['camera_type', 'color'], 'CAMERA_3': ['resolution']}",C_QUESTION_ABOUT_FEATURE,CAMERA_2,color,what colors does this one come in,S_ANSWERS_QUESTION_ABOUT_FEATURE,CAMERA_2,color,"This one comes in white, silver, black.",18~38
327,10,NONE,"['CAMERA_3', 'CAMERA_2']","{'CAMERA_1': [], 'CAMERA_2': ['camera_type', 'color'], 'CAMERA_3': ['resolution']}",C_THANK_YOU,CAMERA_2,NONE,thank you for your help,S_THANK_YOU,CAMERA_2,NONE,thank you very much,
327,11,NONE,"['CAMERA_3', 'CAMERA_2']","{'CAMERA_1': [], 'CAMERA_2': ['camera_type', 'color'], 'CAMERA_3': ['resolution']}",C_LEAVES,DOOR,NONE,,S_RETURNS_TO_COUNTER,SERVICE_COUNTER,NONE,,
328,1,NONE,[],"{'CAMERA_1': [], 'CAMERA_2': [], 'CAMERA_3': []}",C_ENTERS,DOOR,NONE,,S_NONE,SERVICE_COUNTER,NONE,,
328,2,NONE,[],"{'CAMERA_1': [], 'CAMERA_2': [], 'CAMERA_3': []}",C_WALKS_TO_CAMERA,CAMERA_3,NONE,,S_GREETS,CAMERA_3,NONE,can I help you?,
328,3,CAMERA_3,['CAMERA_3'],"{'CAMERA_1': [], 'CAMERA_2': [], 'CAMERA_3': []}",C_LOOKING_FOR_A_CAMERA,CAMERA_3,NONE,I'm looking for a camera,S_INTRODUCES_CAMERA,CAMERA_3,,Let me show you this. Here we have the Canon EOS 5D Mark III.,39~60
328,4,CAMERA_3,['CAMERA_3'],"{'CAMERA_1': [], 'CAMERA_2': [], 'CAMERA_3': ['price']}",C_SILENT_OR_BACKCHANNEL,CAMERA_3,NONE,I see,S_INTRODUCES_FEATURE,CAMERA_3,price,This one costs $3706.,15~20
328,5,CAMERA_3,['CAMERA_3'],"{'CAMERA_1': [], 'CAMERA_2': [], 'CAMERA_3': ['price', 'settings']}",C_QUESTION_ABOUT_FEATURE,CAMERA_3,settings,what kind of settings does it have,S_ANSWERS_QUESTION_ABOUT_FEATURE,CAMERA_3,settings,This one has full manual control.,13~32
328,6,CAMERA_3,['CAMERA_3'],"{'CAMERA_1': [], 'CAMERA_2': [], 'CAMERA_3': ['price', 'settings', 'camera_type']}",C_SILENT_OR_BACKCHANNEL,CAMERA_3,NONE,okay,S_INTRODUCES_FEATURE,CAMERA_3,camera_type,This is a DSLR camera.,10~14
328,7,CAMERA_3,['CAMERA_3'],"{'CAMERA_1': [], 'CAMERA_2': [], 'CAMERA_3': ['price', 'settings', 'camera_type', 'long_exposure']}",C_QUESTION_ABOUT_FEATURE,CAMERA_3,long_exposure,can it take long exposure shots,S_ANSWERS_QUESTION_ABOUT_FEATURE,CAMERA_3,long_exposure,"This one can take long exposures up to up to 30 seconds, bulb mode: expose as long as you want.",39~94
328,8,CAMERA_3,['CAMERA_3'],"{'CAMERA_1': [], 'CAMERA_2': [], 'CAMERA_3': ['price', 'settings', 'camera_type', 'long_exposure', 'color']}",C_SILENT_OR_BACKCHANNEL,CAMERA_3,NONE,okay,S_INTRODUCES_FEATURE,CAMERA_3,color,This one comes in black.,18~23
328,9,CAMERA_2,"['CAMERA_3', 'CAMERA_2']","{'CAMERA_1': [], 'CAMERA_2': [], 'CAMERA_3': ['price', 'settings', 'camera_type', 'long_exposure', 'color']}",C_ANYTHING_ELSE_AVAILABLE,CAMERA_3,NONE,ok do you have any other cameras,S_INTRODUCES_CAMERA,CAMERA_2,,Let me show you this. Here we have the Sony Alpha a6000.,39~55
328,10,CAMERA_2,"['CAMERA_3', 'CAMERA_2']","{'CAMERA_1': [], 'CAMERA_2': ['weight'], 'CAMERA_3': ['price', 'settings', 'camera_type', 'long_exposure', 'color']}",C_QUESTION_ABOUT_FEATURE,CAMERA_2,weight,how much does this one weigh,S_ANSWERS_QUESTION_ABOUT_FEATURE,CAMERA_2,weight,This one weighs 470 grams.,16~25
328,11,CAMERA_2,"['CAMERA_3', 'CAMERA_2']","{'CAMERA_1': [], 'CAMERA_2': ['weight', 'effects'], 'CAMERA_3': ['price', 'settings', 'camera_type', 'long_exposure', 'color']}",C_QUESTION_ABOUT_FEATURE,CAMERA_2,effects,does it have any effect modes,S_ANSWERS_QUESTION_ABOUT_FEATURE,CAMERA_2,effects,"This one has 13 artistic effect modes (e.g. toy camera, soft focus).",13~67
328,12,CAMERA_2,"['CAMERA_3', 'CAMERA_2']","{'CAMERA_1': [], 'CAMERA_2': ['weight', 'effects', 'autofocus_points'], 'CAMERA_3': ['price', 'settings', 'camera_type', 'long_exposure', 'color']}",C_QUESTION_ABOUT_FEATURE,CAMERA_2,autofocus_points,how many autofocus points does it have,S_ANSWERS_QUESTION_ABOUT_FEATURE,CAMERA_2,autofocus_points,This one has 179 autofocus points.,13~33
328,13,CAMERA_2,"['CAMERA_3', 'CAMERA_2']","{'CAMERA_1': [], 'CAMERA_2': ['weight', 'effects', 'autofocus_points', 'color'], 'CAMERA_3': ['price', 'settings', 'camera_type', 'long_exposure', 'color']}",C_SILENT_OR_BACKCHANNEL,CAMERA_2,NONE,alright,S_INTRODUCES_FEATURE,CAMERA_2,color,"This one comes in white, silver, black.",18~38
328,14,CAMERA_2,"['CAMERA_3', 'CAMERA_2']","{'CAMERA_1': [], 'CAMERA_2': ['weight', 'effects', 'autofocus_points', 'color', 'optical_zoom'], 'CAMERA_3': ['price', 'settings', 'camera_type', 'long_exposure', 'color']}",C_QUESTION_ABOUT_FEATURE,CAMERA_2,optical_zoom,does it have optical zoom,S_NOT_SURE,CAMERA_2,,I'm not really sure about that,
328,15,CAMERA_2,"['CAMERA_3', 'CAMERA_2']","{'CAMERA_1': [], 'CAMERA_2': ['weight', 'effects', 'autofocus_points', 'color', 'optical_zoom', 'camera_type'], 'CAMERA_3': ['price', 'settings', 'camera_type', 'long_exposure', 'color']}",C_QUESTION_ABOUT_FEATURE,CAMERA_2,camera_type,what kind of camera is this,S_ANSWERS_QUESTION_ABOUT_FEATURE,CAMERA_2,camera_type,This is a mirrorless camera.,10~20
328,16,CAMERA_2,"['CAMERA_3', 'CAMERA_2']","{'CAMERA_1': [], 'CAMERA_2': ['weight', 'effects', 'autofocus_points', 'color', 'optical_zoom', 'camera_type', 'ISO'], 'CAMERA_3': ['price', 'settings', 'camera_type', 'long_exposure', 'color']}",C_QUESTION_ABOUT_FEATURE,CAMERA_2,ISO,what is the ISO,S_ANSWERS_QUESTION_ABOUT_FEATURE,CAMERA_2,ISO,This one has up to 3200 ISO with little noise.,13~45
328,17,CAMERA_2,"['CAMERA_3', 'CAMERA_2']","{'CAMERA_1': [], 'CAMERA_2': ['weight', 'effects', 'autofocus_points', 'color', 'optical_zoom', 'camera_type', 'ISO', 'preset_modes'], 'CAMERA_3': ['price', 'settings', 'camera_type', 'long_exposure', 'color']}",C_SILENT_OR_BACKCHANNEL,CAMERA_2,NONE,alright,S_INTRODUCES_FEATURE,CAMERA_2,preset_modes,"This one has 9 preset modes (e.g. beach, snow, night, portrait).",13~63
328,18,NONE,"['CAMERA_3', 'CAMERA_2']","{'CAMERA_1': [], 'CAMERA_2': ['weight', 'effects', 'autofocus_points', 'color', 'optical_zoom', 'camera_type', 'ISO', 'preset_modes'], 'CAMERA_3': ['price', 'settings', 'camera_type', 'long_exposure', 'color']}",C_THANK_YOU,CAMERA_2,NONE,thank you for your help,S_THANK_YOU,CAMERA_2,NONE,thank you very much,
328,19,NONE,"['CAMERA_3', 'CAMERA_2']","{'CAMERA_1': [], 'CAMERA_2': ['weight', 'effects', 'autofocus_points', 'color', 'optical_zoom', 'camera_type', 'ISO', 'preset_modes'], 'CAMERA_3': ['price', 'settings', 'camera_type', 'long_exposure', 'color']}",C_LEAVES,DOOR,NONE,,S_RETURNS_TO_COUNTER,SERVICE_COUNTER,NONE,,
329,1,NONE,[],"{'CAMERA_1': [], 'CAMERA_2': [], 'CAMERA_3': []}",C_ENTERS,DOOR,NONE,,S_NONE,SERVICE_COUNTER,NONE,,
329,2,NONE,[],"{'CAMERA_1': [], 'CAMERA_2': [], 'CAMERA_3': []}",C_WALKS_TO_CAMERA,CAMERA_1,NONE,,S_NONE,SERVICE_COUNTER,NONE,,
329,3,NONE,[],"{'CAMERA_1': [], 'CAMERA_2': [], 'CAMERA_3': []}",C_EXAMINES_CAMERA,CAMERA_1,NONE,,S_GREETS,CAMERA_1,NONE,can I help you?,
329,4,CAMERA_2,['CAMERA_2'],"{'CAMERA_1': [], 'CAMERA_2': [], 'CAMERA_3': []}",C_LOOKING_FOR_A_CAMERA,CAMERA_1,NONE,I'm looking for a camera,S_INTRODUCES_CAMERA,CAMERA_2,,Let me show you this. Here we have the Sony Alpha a6000.,39~55
329,5,CAMERA_2,['CAMERA_2'],"{'CAMERA_1': [], 'CAMERA_2': ['preset_modes'], 'CAMERA_3': []}",C_SILENT_OR_BACKCHANNEL,CAMERA_2,NONE,I see,S_INTRODUCES_FEATURE,CAMERA_2,preset_modes,"This one has 9 preset modes (e.g. beach, snow, night, portrait).",13~63
329,6,CAMERA_2,['CAMERA_2'],"{'CAMERA_1': [], 'CAMERA_2': ['preset_modes', 'price'], 'CAMERA_3': []}",C_SILENT_OR_BACKCHANNEL,CAMERA_2,NONE,alright,S_INTRODUCES_FEATURE,CAMERA_2,price,This one costs $1341.,15~20
329,7,CAMERA_2,['CAMERA_2'],"{'CAMERA_1': [], 'CAMERA_2': ['preset_modes', 'price', 'autofocus_points'], 'CAMERA_3': []}",C_QUESTION_ABOUT_FEATURE,CAMERA_2,autofocus_points,how many autofocus points does it have,S_ANSWERS_QUESTION_ABOUT_FEATURE,CAMERA_2,autofocus_points,This one has 179 autofocus points.,13~33
329,8,NONE,['CAMERA_2'],"{'CAMERA_1': [], 'CAMERA_2': ['preset_modes', 'price', 'autofocus_points'], 'CAMERA_3': []}",C_THANK_YOU,CAMERA_2,NONE,thank you for your help,S_THANK_YOU,CAMERA_2,NONE,thank you very much,
329,9,NONE,['CAMERA_2'],"{'CAMERA_1': [], 'CAMERA_2': ['preset_modes', 'price', 'autofocus_points'], 'CAMERA_3': []}",C_LEAVES,DOOR,NONE,,S_RETURNS_TO_COUNTER,SERVICE_COUNTER,NONE,,
330,1,NONE,[],"{'CAMERA_1': [], 'CAMERA_2': [], 'CAMERA_3': []}",C_ENTERS,DOOR,NONE,,S_NONE,SERVICE_COUNTER,NONE,,
330,2,NONE,[],"{'CAMERA_1': [], 'CAMERA_2': [], 'CAMERA_3': []}",C_GREETS,MIDDLE,NONE,hello,S_GREETS,MIDDLE,NONE,can I help you?,
330,3,CAMERA_2,['CAMERA_2'],"{'CAMERA_1': [], 'CAMERA_2': [], 'CAMERA_3': []}",C_LOOKING_FOR_A_CAMERA,MIDDLE,NONE,I'm looking for a camera,S_INTRODUCES_CAMERA,CAMERA_2,,Let me show you this. Here we have the Sony Alpha a6000.,39~55
330,4,CAMERA_2,['CAMERA_2'],"{'CAMERA_1': [], 'CAMERA_2': ['autofocus_points'], 'CAMERA_3': []}",C_QUESTION_ABOUT_FEATURE,CAMERA_2,autofocus_points,how many autofocus points does it have,S_ANSWERS_QUESTION_ABOUT_FEATURE,CAMERA_2,autofocus_points,This one has 179 autofocus points.,13~33
330,5,CAMERA_2,['CAMERA_2'],"{'CAMERA_1': [], 'CAMERA_2': ['autofocus_points', 'effects'], 'CAMERA_3': []}",C_QUESTION_ABOUT_FEATURE,CAMERA_2,effects,does it have any effect modes,S_ANSWERS_QUESTION_ABOUT_FEATURE,CAMERA_2,effects,"This one has 13 artistic effect modes (e.g. toy camera, soft focus).",13~67
330,6,NONE,['CAMERA_2'],"{'CAMERA_1': [], 'CAMERA_2': ['autofocus_points', 'effects'], 'CAMERA_3': []}",C_THANK_YOU,CAMERA_2,NONE,thank you for your help,S_THANK_YOU,CAMERA_2,NONE,thank you very much,
330,7,NONE,['CAMERA_2'],"{'CAMERA_1': [], 'CAMERA_2': ['autofocus_points', 'effects'], 'CAMERA_3': []}",C_LEAVES,DOOR,NONE,,S_RETURNS_TO_COUNTER,SERVICE_COUNTER,NONE,,
331,1,NONE,[],"{'CAMERA_1': [], 'CAMERA_2': [], 'CAMERA_3': []}",C_ENTERS,DOOR,NONE,,S_NONE,SERVICE_COUNTER,NONE,,
331,2,NONE,[],"{'CAMERA_1': [], 'CAMERA_2': [], 'CAMERA_3': []}",C_GREETS,MIDDLE,NONE,hello,S_GREETS,MIDDLE,NONE,can I help you?,
331,3,CAMERA_1,['CAMERA_1'],"{'CAMERA_1': [], 'CAMERA_2': [], 'CAMERA_3': []}",C_LOOKING_FOR_A_CAMERA,MIDDLE,NONE,I'm looking for a camera,S_INTRODUCES_CAMERA,CAMERA_1,,Let me show you this. Here we have the Nikon Coolpix S2800.,39~58
331,4,CAMERA_1,['CAMERA_1'],"{'CAMERA_1': ['settings'], 'CAMERA_2': [], 'CAMERA_3': []}",C_QUESTION_ABOUT_FEATURE,CAMERA_1,settings,what kind of settings does it have,S_ANSWERS_QUESTION_ABOUT_FEATURE,CAMERA_1,settings,This one has limited manual settings.,13~36
331,5,CAMERA_1,['CAMERA_1'],"{'CAMERA_1': ['settings', 'autofocus_points'], 'CAMERA_2': [], 'CAMERA_3': []}",C_QUESTION_ABOUT_FEATURE,CAMERA_1,autofocus_points,how many autofocus points does it have,S_NOT_SURE,CAMERA_1,,I'm not really sure about that,
331,6,CAMERA_1,['CAMERA_1'],"{'CAMERA_1': ['settings', 'autofocus_points', 'camera_type'], 'CAMERA_2': [], 'CAMERA_3': []}",C_SILENT_OR_BACKCHANNEL,CAMERA_1,NONE,okay,S_INTRODUCES_FEATURE,CAMERA_1,camera_type,This is a point and shoot camera.,10~25
331,7,CAMERA_1,['CAMERA_1'],"{'CAMERA_1': ['settings', 'autofocus_points', 'camera_type', 'color'], 'CAMERA_2': [], 'CAMERA_3': []}",C_SILENT_OR_BACKCHANNEL,CAMERA_1,NONE,I see,S_INTRODUCES_FEATURE,CAMERA_1,color,"This one comes in purple, pink, black, silver, red.",18~50
331,8,CAMERA_1,['CAMERA_1'],"{'CAMERA_1': ['settings', 'autofocus_points', 'camera_type', 'color', 'preset_modes'], 'CAMERA_2': [], 'CAMERA_3': []}",C_SILENT_OR_BACKCHANNEL,CAMERA_1,NONE,alright,S_INTRODUCES_FEATURE,CAMERA_1,preset_modes,"This one has 18 preset modes (e.g. beach, snow, night portrait).",13~63
331,9,CAMERA_1,['CAMERA_1'],"{'CAMERA_1': ['settings', 'autofocus_points', 'camera_type', 'color', 'preset_modes', 'weight'], 'CAMERA_2': [], 'CAMERA_3': []}",C_QUESTION_ABOUT_FEATURE,CAMERA_1,weight,how much does this one weigh,S_ANSWERS_QUESTION_ABOUT_FEATURE,CAMERA_1,weight,This one weighs 120 grams.,16~25
331,10,CAMERA_1,['CAMERA_1'],"{'CAMERA_1': ['settings', 'autofocus_points', 'camera_type', 'color', 'preset_modes', 'weight', 'effects'], 'CAMERA_2': [], 'CAMERA_3': []}",C_QUESTION_ABOUT_FEATURE,CAMERA_1,effects,does it have any effect modes,S_ANSWERS_QUESTION_ABOUT_FEATURE,CAMERA_1,effects,"This one has 12 glamor retouch effects (e.g. skin softening, small face, big eyes).",13~82
331,11,CAMERA_1,['CAMERA_1'],"{'CAMERA_1': ['settings', 'autofocus_points', 'camera_type', 'color', 'preset_modes', 'weight', 'effects', 'price'], 'CAMERA_2': [], 'CAMERA_3': []}",C_QUESTION_ABOUT_FEATURE,CAMERA_1,price,how much does it cost,S_ANSWERS_QUESTION_ABOUT_FEATURE,CAMERA_1,price,This one costs $2173.,15~20
331,12,CAMERA_1,['CAMERA_1'],"{'CAMERA_1': ['settings', 'autofocus_points', 'camera_type', 'color', 'preset_modes', 'weight', 'effects', 'price', 'ISO'], 'CAMERA_2': [], 'CAMERA_3': []}",C_QUESTION_ABOUT_FEATURE,CAMERA_1,ISO,what is the ISO,S_NOT_SURE,CAMERA_1,,I'm not really sure about that,
331,13,CAMERA_1,['CAMERA_1'],"{'CAMERA_1': ['settings', 'autofocus_points', 'camera_type', 'color', 'preset_modes', 'weight', 'effects', 'price', 'ISO', 'resolution'], 'CAMERA_2': [], 'CAMERA_3': []}",C_QUESTION_ABOUT_FEATURE,CAMERA_1,resolution,what is the resolution,S_ANSWERS_QUESTION_ABOUT_FEATURE,CAMERA_1,resolution,This one has 20.1 megapixels resolution.,13~28
331,14,CAMERA_1,['CAMERA_1'],"{'CAMERA_1': ['settings', 'autofocus_points', 'camera_type', 'color', 'preset_modes', 'weight', 'effects', 'price', 'ISO', 'resolution', 'optical_zoom'], 'CAMERA_2': [], 'CAMERA_3': []}",C_QUESTION_ABOUT_FEATURE,CAMERA_1,optical_zoom,does it have optical zoom,S_ANSWERS_QUESTION_ABOUT_FEATURE,CAMERA_1,optical_zoom,This one has 5x optical zoom.,13~28
331,15,CAMERA_1,['CAMERA_1'],"{'CAMERA_1': ['settings', 'autofocus_points', 'camera_type', 'color', 'preset_modes', 'weight', 'effects', 'price', 'ISO', 'resolution', 'optical_zoom', 'resolution'], 'CAMERA_2': [], 'CAMERA_3': []}",C_SILENT_OR_BACKCHANNEL,CAMERA_1,NONE,alright,S_INTRODUCES_FEATURE,CAMERA_1,resolution,This one has 20.1 megapixels resolution.,13~28
331,16,CAMERA_1,['CAMERA_1'],"{'CAMERA_1': ['settings', 'autofocus_points', 'camera_type', 'color', 'preset_modes', 'weight', 'effects', 'price', 'ISO', 'resolution', 'optical_zoom', 'resolution', 'long_exposure'], 'CAMERA_2': [], 'CAMERA_3': []}",C_QUESTION_ABOUT_FEATURE,CAMERA_1,long_exposure,can it take long exposure shots,S_NOT_SURE,CAMERA_1,,I'm not really sure about that,
331,17,CAMERA_1,['CAMERA_1'],"{'CAMERA_1': ['settings', 'autofocus_points', 'camera_type', 'color', 'preset_modes', 'weight', 'effects', 'price', 'ISO', 'resolution', 'optical_zoom', 'resolution', 'long_exposure', 'sensor_size'], 'CAMERA_2': [], 'CAMERA_3': []}",C_QUESTION_ABOUT_FEATURE,CAMERA_1,sensor_size,what is the sensor size,S_NOT_SURE,CAMERA_1,,I'm not really sure about that,
331,18,CAMERA_2,"['CAMERA_1', 'CAMERA_2']","{'CAMERA_1': ['settings', 'autofocus_points', 'camera_type', 'color', 'preset_modes', 'weight', 'effects', 'price', 'ISO', 'resolution', 'optical_zoom', 'resolution', 'long_exposure', 'sensor_size'], 'CAMERA_2': [], 'CAMERA_3': []}",C_ANYTHING_ELSE_AVAILABLE,CAMERA_1,NONE,ok do you have any other cameras,S_INTRODUCES_CAMERA,CAMERA_2,,Let me show you this. Here we have the Sony Alpha a6000.,39~55
331,19,CAMERA_2,"['CAMERA_1', 'CAMERA_2']","{'CAMERA_1': ['settings', 'autofocus_points', 'camera_type', 'color', 'preset_modes', 'weight', 'effects', 'price', 'ISO', 'resolution', 'optical_zoom', 'resolution', 'long_exposure', 'sensor_size'], 'CAMERA_2': ['effects'], 'CAMERA_3': []}",C_SILENT_OR_BACKCHANNEL,CAMERA_2,NONE,I see,S_INTRODUCES_FEATURE,CAMERA_2,effects,"This one has 13 artistic effect modes (e.g. toy camera, soft focus).",13~67
331,20,CAMERA_2,"['CAMERA_1', 'CAMERA_2']","{'CAMERA_1': ['settings', 'autofocus_points', 'camera_type', 'color', 'preset_modes', 'weight', 'effects', 'price', 'ISO', 'resolution', 'optical_zoom', 'resolution', 'long_exposure', 'sensor_size'], 'CAMERA_2': ['effects', 'color'], 'CAMERA_3': []}",C_SILENT_OR_BACKCHANNEL,CAMERA_2,NONE,alright,S_INTRODUCES_FEATURE,CAMERA_2,color,"This one comes in white, silver, black.",18~38
331,21,CAMERA_2,"['CAMERA_1', 'CAMERA_2']","{'CAMERA_1': ['settings', 'autofocus_points', 'camera_type', 'color', 'preset_modes', 'weight', 'effects', 'price', 'ISO', 'resolution', 'optical_zoom', 'resolution', 'long_exposure', 'sensor_size'], 'CAMERA_2': ['effects', 'color', 'preset_modes'], 'CAMERA_3': []}",C_QUESTION_ABOUT_FEATURE,CAMERA_2,preset_modes,does it have preset modes,S_ANSWERS_QUESTION_ABOUT_FEATURE,CAMERA_2,preset_modes,"This one has 9 preset modes (e.g. beach, snow, night, portrait).",13~63
331,22,CAMERA_2,"['CAMERA_1', 'CAMERA_2']","{'CAMERA_1': ['settings', 'autofocus_points', 'camera_type', 'color', 'preset_modes', 'weight', 'effects', 'price', 'ISO', 'resolution', 'optical_zoom', 'resolution', 'long_exposure', 'sensor_size'], 'CAMERA_2': ['effects', 'color', 'preset_modes', 'settings'], 'CAMERA_3': []}",C_QUESTION_ABOUT_FEATURE,CAMERA_2,settings,what kind of settings does it have,S_ANSWERS_QUESTION_ABOUT_FEATURE,CAMERA_2,settings,This one has full manual control.,13~32
331,23,CAMERA_2,"['CAMERA_1', 'CAMERA_2']","{'CAMERA_1': ['settings', 'autofocus_points', 'camera_type', 'color', 'preset_modes', 'weight', 'effects', 'price', 'ISO', 'resolution', 'optical_zoom', 'resolution', 'long_exposure', 'sensor_size'], 'CAMERA_2': ['effects', 'color', 'preset_modes', 'settings', 'camera_type'], 'CAMERA_3': []}",C_QUESTION_ABOUT_FEATURE,CAMERA_2,camera_type,what kind of camera is this,S_ANSWERS_QUESTION_ABOUT_FEATURE,CAMERA_2,camera_type,This is a mirrorless camera.,10~20
331,24,CAMERA_3,"['CAMERA_1', 'CAMERA_2', 'CAMERA_3']","{'CAMERA_1': ['settings', 'autofocus_points', 'camera_type', 'color', 'preset_modes', 'weight', 'effects', 'price', 'ISO', 'resolution', 'optical_zoom', 'resolution', 'long_exposure', 'sensor_size'], 'CAMERA_2': ['effects', 'color', 'preset_modes', 'settings', 'camera_type'], 'CAMERA_3': []}",C_ANYTHING_ELSE_AVAILABLE,CAMERA_2,NONE,ok do you have any other cameras,S_INTRODUCES_CAMERA,CAMERA_3,,Let me show you this. Here we have the Canon EOS 5D Mark III.,39~60
331,25,CAMERA_3,"['CAMERA_1', 'CAMERA_2', 'CAMERA_3']","{'CAMERA_1': ['settings', 'autofocus_points', 'camera_type', 'color', 'preset_modes', 'weight', 'effects', 'price', 'ISO', 'resolution', 'optical_zoom', 'resolution', 'long_exposure', 'sensor_size'], 'CAMERA_2': ['effects', 'color', 'preset_modes', 'settings', 'camera_type'], 'CAMERA_3': ['resolution']}",C_QUESTION_ABOUT_FEATURE,CAMERA_3,resolution,what is the resolution,S_NOT_SURE,CAMERA_3,,I'm not really sure about that,
331,26,,"['CAMERA_1', 'CAMERA_2', 'CAMERA_3']","{'CAMERA_1': ['settings', 'autofocus_points', 'camera_type', 'color', 'preset_modes', 'weight', 'effects', 'price', 'ISO', 'resolution', 'optical_zoom', 'resolution', 'long_exposure', 'sensor_size'], 'CAMERA_2': ['effects', 'color', 'preset_modes', 'settings', 'camera_type'], 'CAMERA_3': ['resolution']}",C_ANYTHING_ELSE_AVAILABLE,CAMERA_3,NONE,ok do you have any other cameras,S_THATS_ALL_WE_HAVE_AVAILABLE,CAMERA_3,,That’s all we have available at the moment.,
331,27,NONE,"['CAMERA_1', 'CAMERA_2', 'CAMERA_3']","{'CAMERA_1': ['settings', 'autofocus_points', 'camera_type', 'color', 'preset_modes', 'weight', 'effects', 'price', 'ISO', 'resolution', 'optical_zoom', 'resolution', 'long_exposure', 'sensor_size'], 'CAMERA_2': ['effects', 'color', 'preset_modes', 'settings', 'camera_type'], 'CAMERA_3': ['resolution']}",C_THANK_YOU,CAMERA_3,NONE,thank you for your help,S_THANK_YOU,CAMERA_3,NONE,thank you very much,
331,28,NONE,"['CAMERA_1', 'CAMERA_2', 'CAMERA_3']","{'CAMERA_1': ['settings', 'autofocus_points', 'camera_type', 'color', 'preset_modes', 'weight', 'effects', 'price', 'ISO', 'resolution', 'optical_zoom', 'resolution', 'long_exposure', 'sensor_size'], 'CAMERA_2': ['effects', 'color', 'preset_modes', 'settings', 'camera_type'], 'CAMERA_3': ['resolution']}",C_LEAVES,DOOR,NONE,,S_RETURNS_TO_COUNTER,SERVICE_COUNTER,NONE,,
332,1,NONE,[],"{'CAMERA_1': [], 'CAMERA_2': [], 'CAMERA_3': []}",C_ENTERS,DOOR,NONE,,S_NONE,SERVICE_COUNTER,NONE,,
332,2,NONE,[],"{'CAMERA_1': [], 'CAMERA_2': [], 'CAMERA_3': []}",C_WALKS_TO_CAMERA,CAMERA_3,NONE,,S_GREETS,CAMERA_3,NONE,can I help you?,
332,3,CAMERA_1,['CAMERA_1'],"{'CAMERA_1': [], 'CAMERA_2': [], 'CAMERA_3': []}",C_LOOKING_FOR_A_CAMERA,CAMERA_3,NONE,I'm looking for a camera,S_INTRODUCES_CAMERA,CAMERA_1,,Let me show you this. Here we have the Nikon Coolpix S2800.,39~58
332,4,CAMERA_1,['CAMERA_1'],"{'CAMERA_1': ['settings'], 'CAMERA_2': [], 'CAMERA_3': []}",C_SILENT_OR_BACKCHANNEL,CAMERA_1,NONE,alright,S_INTRODUCES_FEATURE,CAMERA_1,settings,This one has limited manual settings.,13~36
332,5,CAMERA_1,['CAMERA_1'],"{'CAMERA_1': ['settings', 'effects'], 'CAMERA_2': [], 'CAMERA_3': []}",C_SILENT_OR_BACKCHANNEL,CAMERA_1,NONE,alright,S_INTRODUCES_FEATURE,CAMERA_1,effects,"This one has 12 glamor retouch effects (e.g. skin softening, small face, big eyes).",13~82
332,6,CAMERA_1,['CAMERA_1'],"{'CAMERA_1': ['settings', 'effects', 'sensor_size'], 'CAMERA_2': [], 'CAMERA_3': []}",C_QUESTION_ABOUT_FEATURE,CAMERA_1,sensor_size,what is the sensor size,S_NOT_SURE,CAMERA_1,,I'm not really sure about that,
332,7,CAMERA_1,['CAMERA_1'],"{'CAMERA_1': ['settings', 'effects', 'sensor_size', 'camera_type'], 'CAMERA_2': [], 'CAMERA_3': []}",C_SILENT_OR_BACKCHANNEL,CAMERA_1,NONE,okay,S_INTRODUCES_FEATURE,CAMERA_1,camera_type,This is a point and shoot camera.,10~25
332,8,NONE,['CAMERA_1'],"{'CAMERA_1': ['settings', 'effects', 'sensor_size', 'camera_type'], 'CAMERA_2': [], 'CAMERA_3': []}",C_THANK_YOU,CAMERA_1,NONE,thank you for your help,S_THANK_YOU,CAMERA_1,NONE,thank you very much,
332,9,NONE,['CAMERA_1'],"{'CAMERA_1': ['settings', 'effects', 'sensor_size', 'camera_type'], 'CAMERA_2': [], 'CAMERA_3': []}",C_LEAVES,DOOR,NONE,,S_RETURNS_TO_COUNTER,SERVICE_COUNTER,NONE,,
333,1,NONE,[],"{'CAMERA_1': [], 'CAMERA_2': [], 'CAMERA_3': []}",C_ENTERS,DOOR,NONE,,S_NONE,SERVICE_COUNTER,NONE,,
333,2,NONE,[],"{'CAMERA_1': [], 'CAMERA_2': [], 'CAMERA_3': []}",C_WALKS_TO_CAMERA,CAMERA_1,NONE,,S_GREETS,CAMERA_1,NONE,can I help you?,
333,3,CAMERA_1,['CAMERA_1'],"{'CAMERA_1': [], 'CAMERA_2': [], 'CAMERA_3': []}",C_LOOKING_FOR_A_CAMERA,CAMERA_1,NONE,I'm looking for a camera,S_INTRODUCES_CAMERA,CAMERA_1,,Let me show you this. Here we have the Nikon Coolpix S2800.,39~58
333,4,CAMERA_1,['CAMERA_1'],"{'CAMERA_1': ['camera_type'], 'CAMERA_2': [], 'CAMERA_3': []}",C_QUESTION_ABOUT_FEATURE,CAMERA_1,camera_type,what kind of camera is this,S_ANSWERS_QUESTION_ABOUT_FEATURE,CAMERA_1,camera_type,This is a point and shoot camera.,10~25
333,5,CAMERA_1,['CAMERA_1'],"{'CAMERA_1': ['camera_type', 'preset_modes'], 'CAMERA_2': [], 'CAMERA_3': []}",C_SILENT_OR_BACKCHANNEL,CAMERA_1,NONE,alright,S_INTRODUCES_FEATURE,CAMERA_1,preset_modes,"This one has 18 preset modes (e.g. beach, snow, night portrait).",13~63
333,6,NONE,['CAMERA_1'],"{'CAMERA_1': ['camera_type', 'preset_modes'], 'CAMERA_2': [], 'CAMERA_3': []}",C_THANK_YOU,CAMERA_1,NONE,thank you for your help,S_THANK_YOU,CAMERA_1,NONE,thank you very much,
333,7,NONE,['CAMERA_1'],"{'CAMERA_1': ['camera_type', 'preset_modes'], 'CAMERA_2': [], 'CAMERA_3': []}",C_LEAVES,DOOR,NONE,,S_RETURNS_TO_COUNTER,SERVICE_COUNTER,NONE,,
334,1,NONE,[],"{'CAMERA_1': [], 'CAMERA_2': [], 'CAMERA_3': []}",C_ENTERS,DOOR,NONE,,S_NONE,SERVICE_COUNTER,NONE,,
334,2,NONE,[],"{'CAMERA_1': [], 'CAMERA_2': [], 'CAMERA_3': []}",C_WALKS_TO_CAMERA,CAMERA_2,NONE,,S_GREETS,CAMERA_2,NONE,can I help you?,
334,3,CAMERA_3,['CAMERA_3'],"{'CAMERA_1': [], 'CAMERA_2': [], 'CAMERA_3': []}",C_LOOKING_FOR_A_CAMERA,CAMERA_2,NONE,I'm looking for a camera,S_INTRODUCES_CAMERA,CAMERA_3,,Let me show you this. Here we have the Canon EOS 5D Mark III.,39~60
334,4,CAMERA_3,['CAMERA_3'],"{'CAMERA_1': [], 'CAMERA_2': [], 'CAMERA_3': ['sensor_size']}",C_QUESTION_ABOUT_FEATURE,CAMERA_3,sensor_size,what is the sensor size,S_ANSWERS_QUESTION_ABOUT_FEATURE,CAMERA_3,sensor_size,This one has a full frame.,15~25
334,5,CAMERA_3,['CAMERA_3'],"{'CAMERA_1': [], 'CAMERA_2': [], 'CAMERA_3': ['sensor_size', 'long_exposure']}",C_SILENT_OR_BACKCHANNEL,CAMERA_3,NONE,alright,S_INTRODUCES_FEATURE,CAMERA_3,long_exposure,"This one can take long exposures up to up to 30 seconds, bulb mode: expose as long as you want.",39~94
334,6,CAMERA_3,['CAMERA_3'],"{'CAMERA_1': [], 'CAMERA_2': [], 'CAMERA_3': ['sensor_size', 'long_exposure', 'settings']}",C_SILENT_OR_BACKCHANNEL,CAMERA_3,NONE,I see,S_INTRODUCES_FEATURE,CAMERA_3,settings,This one has full manual control.,13~32
334,7,CAMERA_3,['CAMERA_3'],"{'CAMERA_1': [], 'CAMERA_2': [], 'CAMERA_3': ['sensor_size', 'long_exposure', 'settings', 'camera_type']}",C_QUESTION_ABOUT_FEATURE,CAMERA_3,camera_type,what kind of camera is this,S_ANSWERS_QUESTION_ABOUT_FEATURE,CAMERA_3,camera_type,This is a DSLR camera.,10~14
334,8,CAMERA_3,['CAMERA_3'],"{'CAMERA_1': [], 'CAMERA_2': [], 'CAMERA_3': ['sensor_size', 'long_exposure', 'settings', 'camera_type', 'ISO']}",C_QUESTION_ABOUT_FEATURE,CAMERA_3,ISO,what is the ISO,S_ANSWERS_QUESTION_ABOUT_FEATURE,CAMERA_3,ISO,This one has up to 6400 ISO with little noise.,13~45
334,9,CAMERA_3,['CAMERA_3'],"{'CAMERA_1': [], 'CAMERA_2': [], 'CAMERA_3': ['sensor_size', 'long_exposure', 'settings', 'camera_type', 'ISO', 'price']}",C_QUESTION_ABOUT_FEATURE,CAMERA_3,price,how much does it cost,S_ANSWERS_QUESTION_ABOUT_FEATURE,CAMERA_3,price,This one costs $3706.,15~20
334,10,CAMERA_3,['CAMERA_3'],"{'CAMERA_1': [], 'CAMERA_2': [], 'CAMERA_3': ['sensor_size', 'long_exposure', 'settings', 'camera_type', 'ISO', 'price', 'optical_zoom']}",C_QUESTION_ABOUT_FEATURE,CAMERA_3,optical_zoom,does it have optical zoom,S_NOT_SURE,CAMERA_3,,I'm not really sure about that,
334,11,CAMERA_3,['CAMERA_3'],"{'CAMERA_1': [], 'CAMERA_2': [], 'CAMERA_3': ['sensor_size', 'long_exposure', 'settings', 'camera_type', 'ISO', 'price', 'optical_zoom', 'color']}",C_SILENT_OR_BACKCHANNEL,CAMERA_3,NONE,okay,S_INTRODUCES_FEATURE,CAMERA_3,color,This one comes in black.,18~23
334,12,NONE,['CAMERA_3'],"{'CAMERA_1': [], 'CAMERA_2': [], 'CAMERA_3': ['sensor_size', 'long_exposure', 'settings', 'camera_type', 'ISO', 'price', 'optical_zoom', 'color']}",C_THANK_YOU,CAMERA_3,NONE,thank you for your help,S_THANK_YOU,CAMERA_3,NONE,thank you very much,
334,13,NONE,['CAMERA_3'],"{'CAMERA_1': [], 'CAMERA_2': [], 'CAMERA_3': ['sensor_size', 'long_exposure', 'settings', 'camera_type', 'ISO', 'price', 'optical_zoom', 'color']}",C_LEAVES,DOOR,NONE,,S_RETURNS_TO_COUNTER,SERVICE_COUNTER,NONE,,
335,1,NONE,[],"{'CAMERA_1': [], 'CAMERA_2': [], 'CAMERA_3': []}",C_ENTERS,DOOR,NONE,,S_NONE,SERVICE_COUNTER,NONE,,
335,2,NONE,[],"{'CAMERA_1': [], 'CAMERA_2': [], 'CAMERA_3': []}",C_WALKS_TO_CAMERA,CAMERA_3,NONE,,S_GREETS,CAMERA_3,NONE,can I help you?,
335,3,CAMERA_2,['CAMERA_2'],"{'CAMERA_1': [], 'CAMERA_2': [], 'CAMERA_3': []}",C_LOOKING_FOR_A_CAMERA,CAMERA_3,NONE,I'm looking for a camera,S_INTRODUCES_CAMERA,CAMERA_2,,Let me show you this. Here we have the Sony Alpha a6000.,39~55
335,4,CAMERA_2,['CAMERA_2'],"{'CAMERA_1': [], 'CAMERA_2': ['resolution'], 'CAMERA_3': []}",C_QUESTION_ABOUT_FEATURE,CAMERA_2,resolution,what is the resolution,S_NOT_SURE,CAMERA_2,,I'm not really sure about that,
335,5,CAMERA_2,['CAMERA_2'],"{'CAMERA_1': [], 'CAMERA_2': ['resolution', 'color'], 'CAMERA_3': []}",C_QUESTION_ABOUT_FEATURE,CAMERA_2,color,what colors does this one come in,S_ANSWERS_QUESTION_ABOUT_FEATURE,CAMERA_2,color,"This one comes in white, silver, black.",18~38
335,6,NONE,['CAMERA_2'],"{'CAMERA_1': [], 'CAMERA_2': ['resolution', 'color'], 'CAMERA_3': []}",C_THANK_YOU,CAMERA_2,NONE,thank you for your help,S_THANK_YOU,CAMERA_2,NONE,thank you very much,
335,7,NONE,['CAMERA_2'],"{'CAMERA_1': [], 'CAMERA_2': ['resolution', 'color'], 'CAMERA_3': []}",C_LEAVES,DOOR,NONE,,S_RETURNS_TO_COUNTER,SERVICE_COUNTER,NONE,,
336,1,NONE,[],"{'CAMERA_1': [], 'CAMERA_2': [], 'CAMERA_3': []}",C_ENTERS,DOOR,NONE,,S_NONE,SERVICE_COUNTER,NONE,,
336,2,NONE,[],"{'CAMERA_1': [], 'CAMERA_2': [], 'CAMERA_3': []}",C_GREETS,MIDDLE,NONE,hello,S_GREETS,MIDDLE,NONE,can I help you?,
336,3,CAMERA_2,['CAMERA_2'],"{'CAMERA_1': [], 'CAMERA_2': [], 'CAMERA_3': []}",C_LOOKING_FOR_A_CAMERA,MIDDLE,NONE,I'm looking for a camera,S_INTRODUCES_CAMERA,CAMERA_2,,Let me show you this. Here we have the Sony Alpha a6000.,39~55
336,4,CAMERA_2,['CAMERA_2'],"{'CAMERA_1': [], 'CAMERA_2': ['weight'], 'CAMERA_3': []}",C_SILENT_OR_BACKCHANNEL,CAMERA_2,NONE,okay,S_INTRODUCES_FEATURE,CAMERA_2,weight,This one weighs 470 grams.,16~25
336,5,CAMERA_1,"['CAMERA_2', 'CAMERA_1']","{'CAMERA_1': [], 'CAMERA_2': ['weight'], 'CAMERA_3': []}",C_ANYTHING_ELSE_AVAILABLE,CAMERA_2,NONE,ok do you have any other cameras,S_INTRODUCES_CAMERA,CAMERA_1,,Let me show you this. Here we have the Nikon Coolpix S2800.,39~58
336,6,CAMERA_1,"['CAMERA_2', 'CAMERA_1']","{'CAMERA_1': ['settings'], 'CAMERA_2': ['weight'], 'CAMERA_3': []}",C_QUESTION_ABOUT_FEATURE,CAMERA_1,settings,what kind of settings does it have,S_ANSWERS_QUESTION_ABOUT_FEATURE,CAMERA_1,settings,This one has limited manual settings.,13~36
336,7,CAMERA_1,"['CAMERA_2', 'CAMERA_1']","{'CAMERA_1': ['settings', 'ISO'], 'CAMERA_2': ['weight'], 'CAMERA_3': []}",C_QUESTION_ABOUT_FEATURE,CAMERA_1,ISO,what is the ISO,S_NOT_SURE,CAMERA_1,,I'm not really sure about that,
336,8,CAMERA_1,"['CAMERA_2', 'CAMERA_1']","{'CAMERA_1': ['settings', 'ISO', 'effects'], 'CAMERA_2': ['weight'], 'CAMERA_3': []}",C_QUESTION_ABOUT_FEATURE,CAMERA_1,effects,does it have any effect modes,S_ANSWERS_QUESTION_ABOUT_FEATURE,CAMERA_1,effects,"This one has 12 glamor retouch effects (e.g. skin softening, small face, big eyes).",13~82
336,9,CAMERA_1,"['CAMERA_2', 'CAMERA_1']","{'CAMERA_1': ['settings', 'ISO', 'effects', 'resolution'], 'CAMERA_2': ['weight'], 'CAMERA_3': []}",C_QUESTION_ABOUT_FEATURE,CAMERA_1,resolution,what is the resolution,S_ANSWERS_QUESTION_ABOUT_FEATURE,CAMERA_1,resolution,This one has 20.1 megapixels resolution.,13~28
336,10,CAMERA_1,"['CAMERA_2', 'CAMERA_1']","{'CAMERA_1': ['settings', 'ISO', 'effects', 'resolution', 'optical_zoom'], 'CAMERA_2': ['weight'], 'CAMERA_3': []}",C_SILENT_OR_BACKCHANNEL,CAMERA_1,NONE,I see,S_INTRODUCES_FEATURE,CAMERA_1,optical_zoom,This one has 5x optical zoom.,13~28
336,11,CAMERA_3,"['CAMERA_2', 'CAMERA_1', 'CAMERA_3']","{'CAMERA_1': ['settings', 'ISO', 'effects', 'resolution', 'optical_zoom'], 'CAMERA_2': ['weight'], 'CAMERA_3': []}",C_ANYTHING_ELSE_AVAILABLE,CAMERA_1,NONE,ok do you have any other cameras,S_INTRODUCES_CAMERA,CAMERA_3,,Let me show you this. Here we have the Canon EOS 5D Mark III.,39~60
336,12,CAMERA_3,"['CAMERA_2', 'CAMERA_1', 'CAMERA_3']","{'CAMERA_1': ['settings', 'ISO', 'effects', 'resolution', 'optical_zoom'], 'CAMERA_2': ['weight'], 'CAMERA_3': ['optical_zoom']}",C_QUESTION_ABOUT_FEATURE,CAMERA_3,optical_zoom,does it have optical zoom,S_NOT_SURE,CAMERA_3,,I'm not really sure about that,
336,13,CAMERA_3,"['CAMERA_2', 'CAMERA_1', 'CAMERA_3']","{'CAMERA_1': ['settings', 'ISO', 'effects', 'resolution', 'optical_zoom'], 'CAMERA_2': ['weight'], 'CAMERA_3': ['optical_zoom', 'sensor_size']}",C_QUESTION_ABOUT_FEATURE,CAMERA_3,sensor_size,what is the sensor size,S_ANSWERS_QUESTION_ABOUT_FEATURE,CAMERA_3,sensor_size,This one has a full frame.,15~25
336,14,CAMERA_3,"['CAMERA_2', 'CAMERA_1', 'CAMERA_3']","{'CAMERA_1': ['settings', 'ISO', 'effects', 'resolution', 'optical_zoom'], 'CAMERA_2': ['weight'], 'CAMERA_3': ['optical_zoom', 'sensor_size', 'settings']}",C_SILENT_OR_BACKCHANNEL,CAMERA_3,NONE,I see,S_INTRODUCES_FEATURE,CAMERA_3,settings,This one has full manual control.,13~32
336,15,CAMERA_3,"['CAMERA_2', 'CAMERA_1', 'CAMERA_3']","{'CAMERA_1': ['settings', 'ISO', 'effects', 'resolution', 'optical_zoom'], 'CAMERA_2': ['weight'], 'CAMERA_3': ['optical_zoom', 'sensor_size', 'settings', 'camera_type']}",C_SILENT_OR_BACKCHANNEL,CAMERA_3,NONE,I see,S_INTRODUCES_FEATURE,CAMERA_3,camera_type,This is a DSLR camera.,10~14
336,16,CAMERA_3,"['CAMERA_2', 'CAMERA_1', 'CAMERA_3']","{'CAMERA_1': ['settings', 'ISO', 'effects', 'resolution', 'optical_zoom'], 'CAMERA_2': ['weight'], 'CAMERA_3': ['optical_zoom', 'sensor_size', 'settings', 'camera_type', 'color']}",C_SILENT_OR_BACKCHANNEL,CAMERA_3,NONE,alright,S_INTRODUCES_FEATURE,CAMERA_3,color,This one comes in black.,18~23
336,17,CAMERA_3,"['CAMERA_2', 'CAMERA_1', 'CAMERA_3']","{'CAMERA_1': ['settings', 'ISO', 'effects', 'resolution', 'optical_zoom'], 'CAMERA_2': ['weight'], 'CAMERA_3': ['optical_zoom', 'sensor_size', 'settings', 'camera_type', 'color', 'long_exposure']}",C_SILENT_OR_BACKCHANNEL,CAMERA_3,NONE,alright,S_INTRODUCES_FEATURE,CAMERA_3,long_exposure,"This one can take long exposures up to up to 30 seconds, bulb mode: expose as long as you want.",39~94
336,18,CAMERA_3,"['CAMERA_2', 'CAMERA_1', 'CAMERA_3']","{'CAMERA_1': ['settings', 'ISO', 'effects', 'resolution', 'optical_zoom'], 'CAMERA_2': ['weight'], 'CAMERA_3': ['optical_zoom', 'sensor_size', 'settings', 'camera_type', 'color', 'long_exposure', 'ISO']}",C_QUESTION_ABOUT_FEATURE,CAMERA_3,ISO,what is the ISO,S_ANSWERS_QUESTION_ABOUT_FEATURE,CAMERA_3,ISO,This one has up to 6400 ISO with little noise.,13~45
336,19,CAMERA_3,"['CAMERA_2', 'CAMERA_1', 'CAMERA_3']","{'CAMERA_1': ['settings', 'ISO', 'effects', 'resolution', 'optical_zoom'], 'CAMERA_2': ['weight'], 'CAMERA_3': ['optical_zoom', 'sensor_size', 'settings', 'camera_type', 'color', 'long_exposure', 'ISO', 'price']}",C_SILENT_OR_BACKCHANNEL,CAMERA_3,NONE,okay,S_INTRODUCES_FEATURE,CAMERA_3,price,This one costs $3706.,15~20
336,20,CAMERA_3,"['CAMERA_2', 'CAMERA_1', 'CAMERA_3']","{'CAMERA_1': ['settings', 'ISO', 'effects', 'resolution', 'optical_zoom'], 'CAMERA_2': ['weight'], 'CAMERA_3': ['optical_zoom', 'sensor_size', 'settings', 'camera_type', 'color', 'long_exposure', 'ISO', 'price', 'weight']}",C_QUESTION_ABOUT_FEATURE,CAMERA_3,weight,how much does this one weigh,S_ANSWERS_QUESTION_ABOUT_FEATURE,CAMERA_3,weight,This one weighs 950 grams (only body).,16~37
336,21,CAMERA_3,"['CAMERA_2', 'CAMERA_1', 'CAMERA_3']","{'CAMERA_1': ['settings', 'ISO', 'effects', 'resolution', 'optical_zoom'], 'CAMERA_2': ['weight'], 'CAMERA_3': ['optical_zoom', 'sensor_size', 'settings', 'camera_type', 'color', 'long_exposure', 'ISO', 'price', 'weight', 'autofocus_points']}",C_SILENT_OR_BACKCHANNEL,CAMERA_3,NONE,I see,S_INTRODUCES_FEATURE,CAMERA_3,autofocus_points,This one has 61 autofocus points.,13~32
336,22,,"['CAMERA_2', 'CAMERA_1', 'CAMERA_3']","{'CAMERA_1': ['settings', 'ISO', 'effects', 'resolution', 'optical_zoom'], 'CAMERA_2': ['weight'], 'CAMERA_3': ['optical_zoom', 'sensor_size', 'settings', 'camera_type', 'color', 'long_exposure', 'ISO', 'price', 'weight', 'autofocus_points']}",C_ANYTHING_ELSE_AVAILABLE,CAMERA_3,NONE,ok do you have any other cameras,S_THATS_ALL_WE_HAVE_AVAILABLE,CAMERA_3,,That’s all we have available at the moment.,
336,23,NONE,"['CAMERA_2', 'CAMERA_1', 'CAMERA_3']","{'CAMERA_1': ['settings', 'ISO', 'effects', 'resolution', 'optical_zoom'], 'CAMERA_2': ['weight'], 'CAMERA_3': ['optical_zoom', 'sensor_size', 'settings', 'camera_type', 'color', 'long_exposure', 'ISO', 'price', 'weight', 'autofocus_points']}",C_THANK_YOU,CAMERA_3,NONE,thank you for your help,S_THANK_YOU,CAMERA_3,NONE,thank you very much,
336,24,NONE,"['CAMERA_2', 'CAMERA_1', 'CAMERA_3']","{'CAMERA_1': ['settings', 'ISO', 'effects', 'resolution', 'optical_zoom'], 'CAMERA_2': ['weight'], 'CAMERA_3': ['optical_zoom', 'sensor_size', 'settings', 'camera_type', 'color', 'long_exposure', 'ISO', 'price', 'weight', 'autofocus_points']}",C_LEAVES,DOOR,NONE,,S_RETURNS_TO_COUNTER,SERVICE_COUNTER,NONE,,
337,1,NONE,[],"{'CAMERA_1': [], 'CAMERA_2': [], 'CAMERA_3': []}",C_ENTERS,DOOR,NONE,,S_NONE,SERVICE_COUNTER,NONE,,
337,2,NONE,[],"{'CAMERA_1': [], 'CAMERA_2': [], 'CAMERA_3': []}",C_GREETS,MIDDLE,NONE,hello,S_GREETS,MIDDLE,NONE,can I help you?,
337,3,CAMERA_3,['CAMERA_3'],"{'CAMERA_1': [], 'CAMERA_2': [], 'CAMERA_3': []}",C_LOOKING_FOR_A_CAMERA,MIDDLE,NONE,I'm looking for a camera,S_INTRODUCES_CAMERA,CAMERA_3,,Let me show you this. Here we have the Canon EOS 5D Mark III.,39~60
337,4,CAMERA_3,['CAMERA_3'],"{'CAMERA_1': [], 'CAMERA_2': [], 'CAMERA_3': ['settings']}",C_QUESTION_ABOUT_FEATURE,CAMERA_3,settings,what kind of settings does it have,S_ANSWERS_QUESTION_ABOUT_FEATURE,CAMERA_3,settings,This one has full manual control.,13~32
337,5,CAMERA_3,['CAMERA_3'],"{'CAMERA_1': [], 'CAMERA_2': [], 'CAMERA_3': ['settings', 'color']}",C_QUESTION_ABOUT_FEATURE,CAMERA_3,color,what colors does this one come in,S_ANSWERS_QUESTION_ABOUT_FEATURE,CAMERA_3,color,This one comes in black.,18~23
337,6,CAMERA_2,"['CAMERA_3', 'CAMERA_2']","{'CAMERA_1': [], 'CAMERA_2': [], 'CAMERA_3': ['settings', 'color']}",C_ANYTHING_ELSE_AVAILABLE,CAMERA_3,NONE,ok do you have any other cameras,S_INTRODUCES_CAMERA,CAMERA_2,,Let me show you this. Here we have the Sony Alpha a6000.,39~55
337,7,CAMERA_2,"['CAMERA_3', 'CAMERA_2']","{'CAMERA_1': [], 'CAMERA_2': ['price'], 'CAMERA_3': ['settings', 'color']}",C_SILENT_OR_BACKCHANNEL,CAMERA_2,NONE,okay,S_INTRODUCES_FEATURE,CAMERA_2,price,This one costs $1341.,15~20
337,8,CAMERA_2,"['CAMERA_3', 'CAMERA_2']","{'CAMERA_1': [], 'CAMERA_2': ['price', 'effects'], 'CAMERA_3': ['settings', 'color']}",C_QUESTION_ABOUT_FEATURE,CAMERA_2,effects,does it have any effect modes,S_ANSWERS_QUESTION_ABOUT_FEATURE,CAMERA_2,effects,"This one has 13 artistic effect modes (e.g. toy camera, soft focus).",13~67
337,9,CAMERA_2,"['CAMERA_3', 'CAMERA_2']","{'CAMERA_1': [], 'CAMERA_2': ['price', 'effects', 'sensor_size'], 'CAMERA_3': ['settings', 'color']}",C_SILENT_OR_BACKCHANNEL,CAMERA_2,NONE,alright,S_INTRODUCES_FEATURE,CAMERA_2,sensor_size,This one has a APS-C sensor (crop sensor).,15~41
337,10,CAMERA_2,"['CAMERA_3', 'CAMERA_2']","{'CAMERA_1': [], 'CAMERA_2': ['price', 'effects', 'sensor_size', 'color'], 'CAMERA_3': ['settings', 'color']}",C_SILENT_OR_BACKCHANNEL,CAMERA_2,NONE,I see,S_INTRODUCES_FEATURE,CAMERA_2,color,"This one comes in white, silver, black.",18~38
337,11,CAMERA_1,"['CAMERA_3', 'CAMERA_2', 'CAMERA_1']","{'CAMERA_1': [], 'CAMERA_2': ['price', 'effects', 'sensor_size', 'color'], 'CAMERA_3': ['settings', 'color']}",C_ANYTHING_ELSE_AVAILABLE,CAMERA_2,NONE,ok do you have any other cameras,S_INTRODUCES_CAMERA,CAMERA_1,,Let me show you this. Here we have the Nikon Coolpix S2800.,39~58
337,12,CAMERA_1,"['CAMERA_3', 'CAMERA_2', 'CAMERA_1']","{'CAMERA_1': ['effects'], 'CAMERA_2': ['price', 'effects', 'sensor_size', 'color'], 'CAMERA_3': ['settings', 'color']}",C_QUESTION_ABOUT_FEATURE,CAMERA_1,effects,does it have any effect modes,S_ANSWERS_QUESTION_ABOUT_FEATURE,CAMERA_1,effects,"This one has 12 glamor retouch effects (e.g. skin softening, small face, big eyes).",13~82
337,13,NONE,"['CAMERA_3', 'CAMERA_2', 'CAMERA_1']","{'CAMERA_1': ['effects'], 'CAMERA_2': ['price', 'effects', 'sensor_size', 'color'], 'CAMERA_3': ['settings', 'color']}",C_THANK_YOU,CAMERA_1,NONE,thank you for your help,S_THANK_YOU,CAMERA_1,NONE,thank you very much,
337,14,NONE,"['CAMERA_3', 'CAMERA_2', 'CAMERA_1']","{'CAMERA_1': ['effects'], 'CAMERA_2': ['price', 'effects', 'sensor_size', 'color'], 'CAMERA_3': ['settings', 'color']}",C_LEAVES,DOOR,NONE,,S_RETURNS_TO_COUNTER,SERVICE_COUNTER,NONE,,
338,1,NONE,[],"{'CAMERA_1': [], 'CAMERA_2': [], 'CAMERA_3': []}",C_ENTERS,DOOR,NONE,,S_NONE,SERVICE_COUNTER,NONE,,
338,2,NONE,[],"{'CAMERA_1': [], 'CAMERA_2': [], 'CAMERA_3': []}",C_GREETS,MIDDLE,NONE,hello,S_GREETS,MIDDLE,NONE,can I help you?,
338,3,CAMERA_1,['CAMERA_1'],"{'CAMERA_1': [], 'CAMERA_2': [], 'CAMERA_3': []}",C_LOOKING_FOR_A_CAMERA,MIDDLE,NONE,I'm looking for a camera,S_INTRODUCES_CAMERA,CAMERA_1,,Let me show you this. Here we have the Nikon Coolpix S2800.,39~58
338,4,CAMERA_1,['CAMERA_1'],"{'CAMERA_1': ['autofocus_points'], 'CAMERA_2': [], 'CAMERA_3': []}",C_QUESTION_ABOUT_FEATURE,CAMERA_1,autofocus_points,how many autofocus points does it have,S_NOT_SURE,CAMERA_1,,I'm not really sure about that,
338,5,CAMERA_1,['CAMERA_1'],"{'CAMERA_1': ['autofocus_points', 'long_exposure'], 'CAMERA_2': [], 'CAMERA_3': []}",C_QUESTION_ABOUT_FEATURE,CAMERA_1,long_exposure,can it take long exposure shots,S_NOT_SURE,CAMERA_1,,I'm not really sure about that,
338,6,CAMERA_1,['CAMERA_1'],"{'CAMERA_1': ['autofocus_points', 'long_exposure', 'weight'], 'CAMERA_2': [], 'CAMERA_3': []}",C_QUESTION_ABOUT_FEATURE,CAMERA_1,weight,how much does this one weigh,S_ANSWERS_QUESTION_ABOUT_FEATURE,CAMERA_1,weight,This one weighs 120 grams.,16~25
338,7,CAMERA_1,['CAMERA_1'],"{'CAMERA_1': ['autofocus_points', 'long_exposure', 'weight', 'resolution'], 'CAMERA_2': [], 'CAMERA_3': []}",C_QUESTION_ABOUT_FEATURE,CAMERA_1,resolution,what is the resolution,S_ANSWERS_QUESTION_ABOUT_FEATURE,CAMERA_1,resolution,This one has 20.1 megapixels resolution.,13~28
338,8,CAMERA_1,['CAMERA_1'],"{'CAMERA_1': ['autofocus_points', 'long_exposure', 'weight', 'resolution', 'price'], 'CAMERA_2': [], 'CAMERA_3': []}",C_QUESTION_ABOUT_FEATURE,CAMERA_1,price,how much does it cost,S_ANSWERS_QUESTION_ABOUT_FEATURE,CAMERA_1,price,This one costs $2173.,15~20
338,9,CAMERA_1,['CAMERA_1'],"{'CAMERA_1': ['autofocus_points', 'long_exposure', 'weight', 'resolution', 'price', 'camera_type'], 'CAMERA_2': [], 'CAMERA_3': []}",C_SILENT_OR_BACKCHANNEL,CAMERA_1,NONE,I see,S_INTRODUCES_FEATURE,CAMERA_1,camera_type,This is a point and shoot camera.,10~25
338,10,CAMERA_1,['CAMERA_1'],"{'CAMERA_1': ['autofocus_points', 'long_exposure', 'weight', 'resolution', 'price', 'camera_type', 'optical_zoom'], 'CAMERA_2': [], 'CAMERA_3': []}",C_SILENT_OR_BACKCHANNEL,CAMERA_1,NONE,okay,S_INTRODUCES_FEATURE,CAMERA_1,optical_zoom,This one has 5x optical zoom.,13~28
338,11,CAMERA_1,['CAMERA_1'],"{'CAMERA_1': ['autofocus_points', 'long_exposure', 'weight', 'resolution', 'price', 'camera_type', 'optical_zoom', 'ISO'], 'CAMERA_2': [], 'CAMERA_3': []}",C_QUESTION_ABOUT_FEATURE,CAMERA_1,ISO,what is the ISO,S_NOT_SURE,CAMERA_1,,I'm not really sure about that,
338,12,CAMERA_1,['CAMERA_1'],"{'CAMERA_1': ['autofocus_points', 'long_exposure', 'weight', 'resolution', 'price', 'camera_type', 'optical_zoom', 'ISO', 'effects'], 'CAMERA_2': [], 'CAMERA_3': []}",C_SILENT_OR_BACKCHANNEL,CAMERA_1,NONE,alright,S_INTRODUCES_FEATURE,CAMERA_1,effects,"This one has 12 glamor retouch effects (e.g. skin softening, small face, big eyes).",13~82
338,13,CAMERA_2,"['CAMERA_1', 'CAMERA_2']","{'CAMERA_1': ['autofocus_points', 'long_exposure', 'weight', 'resolution', 'price', 'camera_type', 'optical_zoom', 'ISO', 'effects'], 'CAMERA_2': [], 'CAMERA_3': []}",C_ANYTHING_ELSE_AVAILABLE,CAMERA_1,NONE,ok do you have any other cameras,S_INTRODUCES_CAMERA,CAMERA_2,,Let me show you this. Here we have the Sony Alpha a6000.,39~55
338,14,CAMERA_2,"['CAMERA_1', 'CAMERA_2']","{'CAMERA_1': ['autofocus_points', 'long_exposure', 'weight', 'resolution', 'price', 'camera_type', 'optical_zoom', 'ISO', 'effects'], 'CAMERA_2': ['price'], 'CAMERA_3': []}",C_SILENT_OR_BACKCHANNEL,CAMERA_2,NONE,I see,S_INTRODUCES_FEATURE,CAMERA_2,price,This one costs $1341.,15~20
338,15,NONE,"['CAMERA_1', 'CAMERA_2']","{'CAMERA_1': ['autofocus_points', 'long_exposure', 'weight', 'resolution', 'price', 'camera_type', 'optical_zoom', 'ISO', 'effects'], 'CAMERA_2': ['price'], 'CAMERA_3': []}",C_THANK_YOU,CAMERA_2,NONE,thank you for your help,S_THANK_YOU,CAMERA_2,NONE,thank you very much,
338,16,NONE,"['CAMERA_1', 'CAMERA_2']","{'CAMERA_1': ['autofocus_points', 'long_exposure', 'weight', 'resolution', 'price', 'camera_type', 'optical_zoom', 'ISO', 'effects'], 'CAMERA_2': ['price'], 'CAMERA_3': []}",C_LEAVES,DOOR,NONE,,S_RETURNS_TO_COUNTER,SERVICE_COUNTER,NONE,,
339,1,NONE,[],"{'CAMERA_1': [], 'CAMERA_2': [], 'CAMERA_3': []}",C_ENTERS,DOOR,NONE,,S_NONE,SERVICE_COUNTER,NONE,,
339,2,NONE,[],"{'CAMERA_1': [], 'CAMERA_2': [], 'CAMERA_3': []}",C_GREETS,MIDDLE,NONE,hello,S_GREETS,MIDDLE,NONE,can I help you?,
339,3,CAMERA_2,['CAMERA_2'],"{'CAMERA_1': [], 'CAMERA_2': [], 'CAMERA_3': []}",C_LOOKING_FOR_A_CAMERA,MIDDLE,NONE,I'm looking for a camera,S_INTRODUCES_CAMERA,CAMERA_2,,Let me show you this. Here we have the Sony Alpha a6000.,39~55
339,4,CAMERA_2,['CAMERA_2'],"{'CAMERA_1': [], 'CAMERA_2': ['optical_zoom'], 'CAMERA_3': []}",C_QUESTION_ABOUT_FEATURE,CAMERA_2,optical_zoom,does it have optical zoom,S_NOT_SURE,CAMERA_2,,I'm not really sure about that,
339,5,CAMERA_2,['CAMERA_2'],"{'CAMERA_1': [], 'CAMERA_2': ['optical_zoom', 'autofocus_points'], 'CAMERA_3': []}",C_QUESTION_ABOUT_FEATURE,CAMERA_2,autofocus_points,how many autofocus points does it have,S_ANSWERS_QUESTION_ABOUT_FEATURE,CAMERA_2,autofocus_points,This one has 179 autofocus points.,13~33
339,6,CAMERA_2,['CAMERA_2'],"{'CAMERA_1': [], 'CAMERA_2': ['optical_zoom', 'autofocus_points', 'ISO'], 'CAMERA_3': []}",C_QUESTION_ABOUT_FEATURE,CAMERA_2,ISO,what is the ISO,S_ANSWERS_QUESTION_ABOUT_FEATURE,CAMERA_2,ISO,This one has up to 3200 ISO with little noise.,13~45
339,7,CAMERA_2,['CAMERA_2'],"{'CAMERA_1': [], 'CAMERA_2': ['optical_zoom', 'autofocus_points', 'ISO', 'camera_type'], 'CAMERA_3': []}",C_SILENT_OR_BACKCHANNEL,CAMERA_2,NONE,okay,S_INTRODUCES_FEATURE,CAMERA_2,camera_type,This is a mirrorless camera.,10~20
339,8,CAMERA_2,['CAMERA_2'],"{'CAMERA_1': [], 'CAMERA_2': ['optical_zoom', 'autofocus_points', 'ISO', 'camera_type', 'long_exposure'], 'CAMERA_3': []}",C_QUESTION_ABOUT_FEATURE,CAMERA_2,long_exposure,can it take long exposure shots,S_ANSWERS_QUESTION_ABOUT_FEATURE,CAMERA_2,long_exposure,This one can take long exposures up to up to 30 seconds.,39~55
339,9,CAMERA_2,['CAMERA_2'],"{'CAMERA_1': [], 'CAMERA_2': ['optical_zoom', 'autofocus_points', 'ISO', 'camera_type', 'long_exposure', 'sensor_size'], 'CAMERA_3': []}",C_SILENT_OR_BACKCHANNEL,CAMERA_2,NONE,I see,S_INTRODUCES_FEATURE,CAMERA_2,sensor_size,This one has a APS-C sensor (crop sensor).,15~41
339,10,CAMERA_1,"['CAMERA_2', 'CAMERA_1']","{'CAMERA_1': [], 'CAMERA_2': ['optical_zoom', 'autofocus_points', 'ISO', 'camera_type', 'long_exposure', 'sensor_size'], 'CAMERA_3': []}",C_ANYTHING_ELSE_AVAILABLE,CAMERA_2,NONE,ok do you have any other cameras,S_INTRODUCES_CAMERA,CAMERA_1,,Let me show you this. Here we have the Nikon Coolpix S2800.,39~58
339,11,CAMERA_1,"['CAMERA_2', 'CAMERA_1']","{'CAMERA_1': ['color'], 'CAMERA_2': ['optical_zoom', 'autofocus_points', 'ISO', 'camera_type', 'long_exposure', 'sensor_size'], 'CAMERA_3': []}",C_SILENT_OR_BACKCHANNEL,CAMERA_1,NONE,I see,S_INTRODUCES_FEATURE,CAMERA_1,color,"This one comes in purple, pink, black, silver, red.",18~50
339,12,CAMERA_1,"['CAMERA_2', 'CAMERA_1']","{'CAMERA_1': ['color', 'preset_modes'], 'CAMERA_2': ['optical_zoom', 'autofocus_points', 'ISO', 'camera_type', 'long_exposure', 'sensor_size'], 'CAMERA_3': []}",C_SILENT_OR_BACKCHANNEL,CAMERA_1,NONE,alright,S_INTRODUCES_FEATURE,CAMERA_1,preset_modes,"This one has 18 preset modes (e.g. beach, snow, night portrait).",13~63
339,13,CAMERA_3,"['CAMERA_2', 'CAMERA_1', 'CAMERA_3']","{'CAMERA_1': ['color', 'preset_modes'], 'CAMERA_2': ['optical_zoom', 'autofocus_points', 'ISO', 'camera_type', 'long_exposure', 'sensor_size'], 'CAMERA_3': []}",C_ANYTHING_ELSE_AVAILABLE,CAMERA_1,NONE,ok do you have any other cameras,S_INTRODUCES_CAMERA,CAMERA_3,,Let me show you this. Here we have the Canon EOS 5D Mark III.,39~60
339,14,CAMERA_3,"['CAMERA_2', 'CAMERA_1', 'CAMERA_3']","{'CAMERA_1': ['color', 'preset_modes'], 'CAMERA_2': ['optical_zoom', 'autofocus_points', 'ISO', 'camera_type', 'long_exposure', 'sensor_size'], 'CAMERA_3': ['settings']}",C_QUESTION_ABOUT_FEATURE,CAMERA_3,settings,what kind of settings does it have,S_ANSWERS_QUESTION_ABOUT_FEATURE,CAMERA_3,settings,This one has full manual control.,13~32
339,15,CAMERA_3,"['CAMERA_2', 'CAMERA_1', 'CAMERA_3']","{'CAMERA_1': ['color', 'preset_modes'], 'CAMERA_2': ['optical_zoom', 'autofocus_points', 'ISO', 'camera_type', 'long_exposure', 'sensor_size'], 'CAMERA_3': ['settings', 'ISO']}",C_SILENT_OR_BACKCHANNEL,CAMERA_3,NONE,alright,S_INTRODUCES_FEATURE,CAMERA_3,ISO,This one has up to 6400 ISO with little noise.,13~45
339,16,,"['CAMERA_2', 'CAMERA_1', 'CAMERA_3']","{'CAMERA_1': ['color', 'preset_modes'], 'CAMERA_2': ['optical_zoom', 'autofocus_points', 'ISO', 'camera_type', 'long_exposure', 'sensor_size'], 'CAMERA_3': ['settings', 'ISO']}",C_ANYTHING_ELSE_AVAILABLE,CAMERA_3,NONE,ok do you have any other cameras,S_THATS_ALL_WE_HAVE_AVAILABLE,CAMERA_3,,That’s all we have available at the moment.,
339,17,NONE,"['CAMERA_2', 'CAMERA_1', 'CAMERA_3']","{'CAMERA_1': ['color', 'preset_modes'], 'CAMERA_2': ['optical_zoom', 'autofocus_points', 'ISO', 'camera_type', 'long_exposure', 'sensor_size'], 'CAMERA_3': ['settings', 'ISO']}",C_THANK_YOU,CAMERA_3,NONE,thank you for your help,S_THANK_YOU,CAMERA_3,NONE,thank you very much,
339,18,NONE,"['CAMERA_2', 'CAMERA_1', 'CAMERA_3']","{'CAMERA_1': ['color', 'preset_modes'], 'CAMERA_2': ['optical_zoom', 'autofocus_points', 'ISO', 'camera_type', 'long_exposure', 'sensor_size'], 'CAMERA_3': ['settings', 'ISO']}",C_LEAVES,DOOR,NONE,,S_RETURNS_TO_COUNTER,SERVICE_COUNTER,NONE,,
340,1,NONE,[],"{'CAMERA_1': [], 'CAMERA_2': [], 'CAMERA_3': []}",C_ENTERS,DOOR,NONE,,S_NONE,SERVICE_COUNTER,NONE,,
340,2,NONE,[],"{'CAMERA_1': [], 'CAMERA_2': [], 'CAMERA_3': []}",C_GREETS,MIDDLE,NONE,hello,S_GREETS,MIDDLE,NONE,can I help you?,
340,3,CAMERA_2,['CAMERA_2'],"{'CAMERA_1': [], 'CAMERA_2': [], 'CAMERA_3': []}",C_LOOKING_FOR_A_CAMERA,MIDDLE,NONE,I'm looking for a camera,S_INTRODUCES_CAMERA,CAMERA_2,,Let me show you this. Here we have the Sony Alpha a6000.,39~55
340,4,CAMERA_2,['CAMERA_2'],"{'CAMERA_1': [], 'CAMERA_2': ['settings'], 'CAMERA_3': []}",C_QUESTION_ABOUT_FEATURE,CAMERA_2,settings,what kind of settings does it have,S_ANSWERS_QUESTION_ABOUT_FEATURE,CAMERA_2,settings,This one has full manual control.,13~32
340,5,CAMERA_1,"['CAMERA_2', 'CAMERA_1']","{'CAMERA_1': [], 'CAMERA_2': ['settings'], 'CAMERA_3': []}",C_ANYTHING_ELSE_AVAILABLE,CAMERA_2,NONE,ok do you have any other cameras,S_INTRODUCES_CAMERA,CAMERA_1,,Let me show you this. Here we have the Nikon Coolpix S2800.,39~58
340,6,CAMERA_1,"['CAMERA_2', 'CAMERA_1']","{'CAMERA_1': ['optical_zoom'], 'CAMERA_2': ['settings'], 'CAMERA_3': []}",C_QUESTION_ABOUT_FEATURE,CAMERA_1,optical_zoom,does it have optical zoom,S_ANSWERS_QUESTION_ABOUT_FEATURE,CAMERA_1,optical_zoom,This one has 5x optical zoom.,13~28
340,7,CAMERA_3,"['CAMERA_2', 'CAMERA_1', 'CAMERA_3']","{'CAMERA_1': ['optical_zoom'], 'CAMERA_2': ['settings'], 'CAMERA_3': []}",C_ANYTHING_ELSE_AVAILABLE,CAMERA_1,NONE,ok do you have any other cameras,S_INTRODUCES_CAMERA,CAMERA_3,,Let me show you this. Here we have the Canon EOS 5D Mark III.,39~60
340,8,CAMERA_3,"['CAMERA_2', 'CAMERA_1', 'CAMERA_3']","{'CAMERA_1': ['optical_zoom'], 'CAMERA_2': ['settings'], 'CAMERA_3': ['camera_type']}",C_QUESTION_ABOUT_FEATURE,CAMERA_3,camera_type,what kind of camera is this,S_ANSWERS_QUESTION_ABOUT_FEATURE,CAMERA_3,camera_type,This is a DSLR camera.,10~14
340,9,CAMERA_3,"['CAMERA_2', 'CAMERA_1', 'CAMERA_3']","{'CAMERA_1': ['optical_zoom'], 'CAMERA_2': ['settings'], 'CAMERA_3': ['camera_type', 'settings']}",C_SILENT_OR_BACKCHANNEL,CAMERA_3,NONE,alright,S_INTRODUCES_FEATURE,CAMERA_3,settings,This one has full manual control.,13~32
340,10,CAMERA_3,"['CAMERA_2', 'CAMERA_1', 'CAMERA_3']","{'CAMERA_1': ['optical_zoom'], 'CAMERA_2': ['settings'], 'CAMERA_3': ['camera_type', 'settings', 'color']}",C_QUESTION_ABOUT_FEATURE,CAMERA_3,color,what colors does this one come in,S_ANSWERS_QUESTION_ABOUT_FEATURE,CAMERA_3,color,This one comes in black.,18~23
340,11,CAMERA_3,"['CAMERA_2', 'CAMERA_1', 'CAMERA_3']","{'CAMERA_1': ['optical_zoom'], 'CAMERA_2': ['settings'], 'CAMERA_3': ['camera_type', 'settings', 'color', 'resolution']}",C_QUESTION_ABOUT_FEATURE,CAMERA_3,resolution,what is the resolution,S_NOT_SURE,CAMERA_3,,I'm not really sure about that,
340,12,CAMERA_3,"['CAMERA_2', 'CAMERA_1', 'CAMERA_3']","{'CAMERA_1': ['optical_zoom'], 'CAMERA_2': ['settings'], 'CAMERA_3': ['camera_type', 'settings', 'color', 'resolution', 'effects']}",C_QUESTION_ABOUT_FEATURE,CAMERA_3,effects,does it have any effect modes,S_NOT_SURE,CAMERA_3,,I'm not really sure about that,
340,13,CAMERA_3,"['CAMERA_2', 'CAMERA_1', 'CAMERA_3']","{'CAMERA_1': ['optical_zoom'], 'CAMERA_2': ['settings'], 'CAMERA_3': ['camera_type', 'settings', 'color', 'resolution', 'effects', 'autofocus_points']}",C_QUESTION_ABOUT_FEATURE,CAMERA_3,autofocus_points,how many autofocus points does it have,S_ANSWERS_QUESTION_ABOUT_FEATURE,CAMERA_3,autofocus_points,This one has 61 autofocus points.,13~32
340,14,CAMERA_3,"['CAMERA_2', 'CAMERA_1', 'CAMERA_3']","{'CAMERA_1': ['optical_zoom'], 'CAMERA_2': ['settings'], 'CAMERA_3': ['camera_type', 'settings', 'color', 'resolution', 'effects', 'autofocus_points', 'sensor_size']}",C_QUESTION_ABOUT_FEATURE,CAMERA_3,sensor_size,what is the sensor size,S_ANSWERS_QUESTION_ABOUT_FEATURE,CAMERA_3,sensor_size,This one has a full frame.,15~25
340,15,CAMERA_3,"['CAMERA_2', 'CAMERA_1', 'CAMERA_3']","{'CAMERA_1': ['optical_zoom'], 'CAMERA_2': ['settings'], 'CAMERA_3': ['camera_type', 'settings', 'color', 'resolution', 'effects', 'autofocus_points', 'sensor_size', 'ISO']}",C_QUESTION_ABOUT_FEATURE,CAMERA_3,ISO,what is the ISO,S_ANSWERS_QUESTION_ABOUT_FEATURE,CAMERA_3,ISO,This one has up to 6400 ISO with little noise.,13~45
340,16,CAMERA_3,"['CAMERA_2', 'CAMERA_1', 'CAMERA_3']","{'CAMERA_1': ['optical_zoom'], 'CAMERA_2': ['settings'], 'CAMERA_3': ['camera_type', 'settings', 'color', 'resolution', 'effects', 'autofocus_points', 'sensor_size', 'ISO', 'long_exposure']}",C_QUESTION_ABOUT_FEATURE,CAMERA_3,long_exposure,can it take long exposure shots,S_ANSWERS_QUESTION_ABOUT_FEATURE,CAMERA_3,long_exposure,"This one can take long exposures up to up to 30 seconds, bulb mode: expose as long as you want.",39~94
340,17,CAMERA_3,"['CAMERA_2', 'CAMERA_1', 'CAMERA_3']","{'CAMERA_1': ['optical_zoom'], 'CAMERA_2': ['settings'], 'CAMERA_3': ['camera_type', 'settings', 'color', 'resolution', 'effects', 'autofocus_points', 'sensor_size', 'ISO', 'long_exposure', 'optical_zoom']}",C_QUESTION_ABOUT_FEATURE,CAMERA_3,optical_zoom,does it have optical zoom,S_NOT_SURE,CAMERA_3,,I'm not really sure about that,
340,18,CAMERA_3,"['CAMERA_2', 'CAMERA_1', 'CAMERA_3']","{'CAMERA_1': ['optical_zoom'], 'CAMERA_2': ['settings'], 'CAMERA_3': ['camera_type', 'settings', 'color', 'resolution', 'effects', 'autofocus_points', 'sensor_size', 'ISO', 'long_exposure', 'optical_zoom', 'preset_modes']}",C_QUESTION_ABOUT_FEATURE,CAMERA_3,preset_modes,does it have preset modes,S_NOT_SURE,CAMERA_3,,I'm not really sure about that,
340,19,CAMERA_3,"['CAMERA_2', 'CAMERA_1', 'CAMERA_3']","{'CAMERA_1': ['optical_zoom'], 'CAMERA_2': ['settings'], 'CAMERA_3': ['camera_type', 'settings', 'color', 'resolution', 'effects', 'autofocus_points', 'sensor_size', 'ISO', 'long_exposure', 'optical_zoom', 'preset_modes', 'price']}",C_SILENT_OR_BACKCHANNEL,CAMERA_3,NONE,okay,S_INTRODUCES_FEATURE,CAMERA_3,price,This one costs $3706.,15~20
340,20,CAMERA_3,"['CAMERA_2', 'CAMERA_1', 'CAMERA_3']","{'CAMERA_1': ['optical_zoom'], 'CAMERA_2': ['settings'], 'CAMERA_3': ['camera_type', 'settings', 'color', 'resolution', 'effects', 'autofocus_points', 'sensor_size', 'ISO', 'long_exposure', 'optical_zoom', 'preset_modes', 'price', 'weight']}",C_QUESTION_ABOUT_FEATURE,CAMERA_3,weight,how much does this one weigh,S_ANSWERS_QUESTION_ABOUT_FEATURE,CAMERA_3,weight,This one weighs 950 grams (only body).,16~37
340,21,CAMERA_3,"['CAMERA_2', 'CAMERA_1', 'CAMERA_3']","{'CAMERA_1': ['optical_zoom'], 'CAMERA_2': ['settings'], 'CAMERA_3': ['camera_type', 'settings', 'color', 'resolution', 'effects', 'autofocus_points', 'sensor_size', 'ISO', 'long_exposure', 'optical_zoom', 'preset_modes', 'price', 'weight', 'optical_zoom']}",C_QUESTION_ABOUT_FEATURE,CAMERA_3,optical_zoom,does it have optical zoom,S_NOT_SURE,CAMERA_3,,I'm not really sure about that,
340,22,NONE,"['CAMERA_2', 'CAMERA_1', 'CAMERA_3']","{'CAMERA_1': ['optical_zoom'], 'CAMERA_2': ['settings'], 'CAMERA_3': ['camera_type', 'settings', 'color', 'resolution', 'effects', 'autofocus_points', 'sensor_size', 'ISO', 'long_exposure', 'optical_zoom', 'preset_modes', 'price', 'weight', 'optical_zoom']}",C_THANK_YOU,CAMERA_3,NONE,thank you for your help,S_THANK_YOU,CAMERA_3,NONE,thank you very much,
340,23,NONE,"['CAMERA_2', 'CAMERA_1', 'CAMERA_3']","{'CAMERA_1': ['optical_zoom'], 'CAMERA_2': ['settings'], 'CAMERA_3': ['camera_type', 'settings', 'color', 'resolution', 'effects', 'autofocus_points', 'sensor_size', 'ISO', 'long_exposure', 'optical_zoom', 'preset_modes', 'price', 'weight', 'optical_zoom']}",C_LEAVES,DOOR,NONE,,S_RETURNS_TO_COUNTER,SERVICE_COUNTER,NONE,,
341,1,NONE,[],"{'CAMERA_1': [], 'CAMERA_2': [], 'CAMERA_3': []}",C_ENTERS,DOOR,NONE,,S_NONE,SERVICE_COUNTER,NONE,,
341,2,NONE,[],"{'CAMERA_1': [], 'CAMERA_2': [], 'CAMERA_3': []}",C_GREETS,MIDDLE,NONE,hello,S_GREETS,MIDDLE,NONE,can I help you?,
341,3,CAMERA_3,['CAMERA_3'],"{'CAMERA_1': [], 'CAMERA_2': [], 'CAMERA_3': []}",C_LOOKING_FOR_A_CAMERA,MIDDLE,NONE,I'm looking for a camera,S_INTRODUCES_CAMERA,CAMERA_3,,Let me show you this. Here we have the Canon EOS 5D Mark III.,39~60
341,4,CAMERA_3,['CAMERA_3'],"{'CAMERA_1': [], 'CAMERA_2': [], 'CAMERA_3': ['price']}",C_SILENT_OR_BACKCHANNEL,CAMERA_3,NONE,I see,S_INTRODUCES_FEATURE,CAMERA_3,price,This one costs $3706.,15~20
341,5,NONE,['CAMERA_3'],"{'CAMERA_1': [], 'CAMERA_2': [], 'CAMERA_3': ['price']}",C_THANK_YOU,CAMERA_3,NONE,thank you for your help,S_THANK_YOU,CAMERA_3,NONE,thank you very much,
341,6,NONE,['CAMERA_3'],"{'CAMERA_1': [], 'CAMERA_2': [], 'CAMERA_3': ['price']}",C_LEAVES,DOOR,NONE,,S_RETURNS_TO_COUNTER,SERVICE_COUNTER,NONE,,
342,1,NONE,[],"{'CAMERA_1': [], 'CAMERA_2': [], 'CAMERA_3': []}",C_ENTERS,DOOR,NONE,,S_NONE,SERVICE_COUNTER,NONE,,
342,2,NONE,[],"{'CAMERA_1': [], 'CAMERA_2': [], 'CAMERA_3': []}",C_GREETS,MIDDLE,NONE,hello,S_GREETS,MIDDLE,NONE,can I help you?,
342,3,CAMERA_3,['CAMERA_3'],"{'CAMERA_1': [], 'CAMERA_2': [], 'CAMERA_3': []}",C_LOOKING_FOR_A_CAMERA,MIDDLE,NONE,I'm looking for a camera,S_INTRODUCES_CAMERA,CAMERA_3,,Let me show you this. Here we have the Canon EOS 5D Mark III.,39~60
342,4,CAMERA_3,['CAMERA_3'],"{'CAMERA_1': [], 'CAMERA_2': [], 'CAMERA_3': ['preset_modes']}",C_QUESTION_ABOUT_FEATURE,CAMERA_3,preset_modes,does it have preset modes,S_NOT_SURE,CAMERA_3,,I'm not really sure about that,
342,5,CAMERA_3,['CAMERA_3'],"{'CAMERA_1': [], 'CAMERA_2': [], 'CAMERA_3': ['preset_modes', 'ISO']}",C_QUESTION_ABOUT_FEATURE,CAMERA_3,ISO,what is the ISO,S_ANSWERS_QUESTION_ABOUT_FEATURE,CAMERA_3,ISO,This one has up to 6400 ISO with little noise.,13~45
342,6,CAMERA_3,['CAMERA_3'],"{'CAMERA_1': [], 'CAMERA_2': [], 'CAMERA_3': ['preset_modes', 'ISO', 'settings']}",C_QUESTION_ABOUT_FEATURE,CAMERA_3,settings,what kind of settings does it have,S_ANSWERS_QUESTION_ABOUT_FEATURE,CAMERA_3,settings,This one has full manual control.,13~32
342,7,CAMERA_3,['CAMERA_3'],"{'CAMERA_1': [], 'CAMERA_2': [], 'CAMERA_3': ['preset_modes', 'ISO', 'settings', 'price']}",C_QUESTION_ABOUT_FEATURE,CAMERA_3,price,how much does it cost,S_ANSWERS_QUESTION_ABOUT_FEATURE,CAMERA_3,price,This one costs $3706.,15~20
342,8,CAMERA_3,['CAMERA_3'],"{'CAMERA_1': [], 'CAMERA_2': [], 'CAMERA_3': ['preset_modes', 'ISO', 'settings', 'price', 'long_exposure']}",C_SILENT_OR_BACKCHANNEL,CAMERA_3,NONE,alright,S_INTRODUCES_FEATURE,CAMERA_3,long_exposure,"This one can take long exposures up to up to 30 seconds, bulb mode: expose as long as you want.",39~94
342,9,CAMERA_3,['CAMERA_3'],"{'CAMERA_1': [], 'CAMERA_2': [], 'CAMERA_3': ['preset_modes', 'ISO', 'settings', 'price', 'long_exposure', 'sensor_size']}",C_SILENT_OR_BACKCHANNEL,CAMERA_3,NONE,okay,S_INTRODUCES_FEATURE,CAMERA_3,sensor_size,This one has a full frame.,15~25
342,10,NONE,['CAMERA_3'],"{'CAMERA_1': [], 'CAMERA_2': [], 'CAMERA_3': ['preset_modes', 'ISO', 'settings', 'price', 'long_exposure', 'sensor_size']}",C_THANK_YOU,CAMERA_3,NONE,thank you for your help,S_THANK_YOU,CAMERA_3,NONE,thank you very much,
342,11,NONE,['CAMERA_3'],"{'CAMERA_1': [], 'CAMERA_2': [], 'CAMERA_3': ['preset_modes', 'ISO', 'settings', 'price', 'long_exposure', 'sensor_size']}",C_LEAVES,DOOR,NONE,,S_RETURNS_TO_COUNTER,SERVICE_COUNTER,NONE,,
343,1,NONE,[],"{'CAMERA_1': [], 'CAMERA_2': [], 'CAMERA_3': []}",C_ENTERS,DOOR,NONE,,S_NONE,SERVICE_COUNTER,NONE,,
343,2,NONE,[],"{'CAMERA_1': [], 'CAMERA_2': [], 'CAMERA_3': []}",C_WALKS_TO_CAMERA,CAMERA_1,NONE,,S_NONE,SERVICE_COUNTER,NONE,,
343,3,CAMERA_1,['CAMERA_1'],"{'CAMERA_1': ['effects'], 'CAMERA_2': [], 'CAMERA_3': []}",C_QUESTION_ABOUT_FEATURE,CAMERA_1,effects,does it have any effect modes,S_ANSWERS_QUESTION_ABOUT_FEATURE,CAMERA_1,effects,"This one has 12 glamor retouch effects (e.g. skin softening, small face, big eyes).",13~82
343,4,CAMERA_1,['CAMERA_1'],"{'CAMERA_1': ['effects', 'color'], 'CAMERA_2': [], 'CAMERA_3': []}",C_QUESTION_ABOUT_FEATURE,CAMERA_1,color,what colors does this one come in,S_ANSWERS_QUESTION_ABOUT_FEATURE,CAMERA_1,color,"This one comes in purple, pink, black, silver, red.",18~50
343,5,CAMERA_1,['CAMERA_1'],"{'CAMERA_1': ['effects', 'color', 'camera_type'], 'CAMERA_2': [], 'CAMERA_3': []}",C_QUESTION_ABOUT_FEATURE,CAMERA_1,camera_type,what kind of camera is this,S_ANSWERS_QUESTION_ABOUT_FEATURE,CAMERA_1,camera_type,This is a point and shoot camera.,10~25
343,6,CAMERA_1,['CAMERA_1'],"{'CAMERA_1': ['effects', 'color', 'camera_type', 'ISO'], 'CAMERA_2': [], 'CAMERA_3': []}",C_QUESTION_ABOUT_FEATURE,CAMERA_1,ISO,what is the ISO,S_NOT_SURE,CAMERA_1,,I'm not really sure about that,
343,7,CAMERA_1,['CAMERA_1'],"{'CAMERA_1': ['effects', 'color', 'camera_type', 'ISO', 'resolution'], 'CAMERA_2': [], 'CAMERA_3': []}",C_SILENT_OR_BACKCHANNEL,CAMERA_1,NONE,alright,S_INTRODUCES_FEATURE,CAMERA_1,resolution,This one has 20.1 megapixels resolution.,13~28
343,8,NONE,['CAMERA_1'],"{'CAMERA_1': ['effects', 'color', 'camera_type', 'ISO', 'resolution'], 'CAMERA_2': [], 'CAMERA_3': []}",C_THANK_YOU,CAMERA_1,NONE,thank you for your help,S_THANK_YOU,CAMERA_1,NONE,thank you very much,
343,9,NONE,['CAMERA_1'],"{'CAMERA_1': ['effects', 'color', 'camera_type', 'ISO', 'resolution'], 'CAMERA_2': [], 'CAMERA_3': []}",C_LEAVES,DOOR,NONE,,S_RETURNS_TO_COUNTER,SERVICE_COUNTER,NONE,,
344,1,NONE,[],"{'CAMERA_1': [], 'CAMERA_2': [], 'CAMERA_3': []}",C_ENTERS,DOOR,NONE,,S_NONE,SERVICE_COUNTER,NONE,,
344,2,NONE,[],"{'CAMERA_1': [], 'CAMERA_2': [], 'CAMERA_3': []}",C_GREETS,MIDDLE,NONE,hello,S_GREETS,MIDDLE,NONE,can I help you?,
344,3,CAMERA_3,['CAMERA_3'],"{'CAMERA_1': [], 'CAMERA_2': [], 'CAMERA_3': []}",C_LOOKING_FOR_A_CAMERA,MIDDLE,NONE,I'm looking for a camera,S_INTRODUCES_CAMERA,CAMERA_3,,Let me show you this. Here we have the Canon EOS 5D Mark III.,39~60
344,4,CAMERA_3,['CAMERA_3'],"{'CAMERA_1': [], 'CAMERA_2': [], 'CAMERA_3': ['settings']}",C_QUESTION_ABOUT_FEATURE,CAMERA_3,settings,what kind of settings does it have,S_ANSWERS_QUESTION_ABOUT_FEATURE,CAMERA_3,settings,This one has full manual control.,13~32
344,5,CAMERA_3,['CAMERA_3'],"{'CAMERA_1': [], 'CAMERA_2': [], 'CAMERA_3': ['settings', 'weight']}",C_SILENT_OR_BACKCHANNEL,CAMERA_3,NONE,okay,S_INTRODUCES_FEATURE,CAMERA_3,weight,This one weighs 950 grams (only body).,16~37
344,6,NONE,['CAMERA_3'],"{'CAMERA_1': [], 'CAMERA_2': [], 'CAMERA_3': ['settings', 'weight']}",C_THANK_YOU,CAMERA_3,NONE,thank you for your help,S_THANK_YOU,CAMERA_3,NONE,thank you very much,
344,7,NONE,['CAMERA_3'],"{'CAMERA_1': [], 'CAMERA_2': [], 'CAMERA_3': ['settings', 'weight']}",C_LEAVES,DOOR,NONE,,S_RETURNS_TO_COUNTER,SERVICE_COUNTER,NONE,,
345,1,NONE,[],"{'CAMERA_1': [], 'CAMERA_2': [], 'CAMERA_3': []}",C_ENTERS,DOOR,NONE,,S_NONE,SERVICE_COUNTER,NONE,,
345,2,NONE,[],"{'CAMERA_1': [], 'CAMERA_2': [], 'CAMERA_3': []}",C_GREETS,MIDDLE,NONE,hello,S_GREETS,MIDDLE,NONE,can I help you?,
345,3,CAMERA_3,['CAMERA_3'],"{'CAMERA_1': [], 'CAMERA_2': [], 'CAMERA_3': []}",C_LOOKING_FOR_A_CAMERA,MIDDLE,NONE,I'm looking for a camera,S_INTRODUCES_CAMERA,CAMERA_3,,Let me show you this. Here we have the Canon EOS 5D Mark III.,39~60
345,4,CAMERA_3,['CAMERA_3'],"{'CAMERA_1': [], 'CAMERA_2': [], 'CAMERA_3': ['sensor_size']}",C_SILENT_OR_BACKCHANNEL,CAMERA_3,NONE,alright,S_INTRODUCES_FEATURE,CAMERA_3,sensor_size,This one has a full frame.,15~25
345,5,CAMERA_3,['CAMERA_3'],"{'CAMERA_1': [], 'CAMERA_2': [], 'CAMERA_3': ['sensor_size', 'resolution']}",C_QUESTION_ABOUT_FEATURE,CAMERA_3,resolution,what is the resolution,S_NOT_SURE,CAMERA_3,,I'm not really sure about that,
345,6,CAMERA_3,['CAMERA_3'],"{'CAMERA_1': [], 'CAMERA_2': [], 'CAMERA_3': ['sensor_size', 'resolution', 'color']}",C_SILENT_OR_BACKCHANNEL,CAMERA_3,NONE,I see,S_INTRODUCES_FEATURE,CAMERA_3,color,This one comes in black.,18~23
345,7,CAMERA_3,['CAMERA_3'],"{'CAMERA_1': [], 'CAMERA_2': [], 'CAMERA_3': ['sensor_size', 'resolution', 'color', 'camera_type']}",C_SILENT_OR_BACKCHANNEL,CAMERA_3,NONE,okay,S_INTRODUCES_FEATURE,CAMERA_3,camera_type,This is a DSLR camera.,10~14
345,8,CAMERA_3,['CAMERA_3'],"{'CAMERA_1': [], 'CAMERA_2': [], 'CAMERA_3': ['sensor_size', 'resolution', 'color', 'camera_type', 'ISO']}",C_SILENT_OR_BACKCHANNEL,CAMERA_3,NONE,alright,S_INTRODUCES_FEATURE,CAMERA_3,ISO,This one has up to 6400 ISO with little noise.,13~45
345,9,CAMERA_3,['CAMERA_3'],"{'CAMERA_1': [], 'CAMERA_2': [], 'CAMERA_3': ['sensor_size', 'resolution', 'color', 'camera_type', 'ISO', 'settings']}",C_SILENT_OR_BACKCHANNEL,CAMERA_3,NONE,alright,S_INTRODUCES_FEATURE,CAMERA_3,settings,This one has full manual control.,13~32
345,10,CAMERA_3,['CAMERA_3'],"{'CAMERA_1': [], 'CAMERA_2': [], 'CAMERA_3': ['sensor_size', 'resolution', 'color', 'camera_type', 'ISO', 'settings', 'optical_zoom']}",C_QUESTION_ABOUT_FEATURE,CAMERA_3,optical_zoom,does it have optical zoom,S_NOT_SURE,CAMERA_3,,I'm not really sure about that,
345,11,NONE,['CAMERA_3'],"{'CAMERA_1': [], 'CAMERA_2': [], 'CAMERA_3': ['sensor_size', 'resolution', 'color', 'camera_type', 'ISO', 'settings', 'optical_zoom']}",C_THANK_YOU,CAMERA_3,NONE,thank you for your help,S_THANK_YOU,CAMERA_3,NONE,thank you very much,
345,12,NONE,['CAMERA_3'],"{'CAMERA_1': [], 'CAMERA_2': [], 'CAMERA_3': ['sensor_size', 'resolution', 'color', 'camera_type', 'ISO', 'settings', 'optical_zoom']}",C_LEAVES,DOOR,NONE,,S_RETURNS_TO_COUNTER,SERVICE_COUNTER,NONE,,
346,1,NONE,[],"{'CAMERA_1': [], 'CAMERA_2': [], 'CAMERA_3': []}",C_ENTERS,DOOR,NONE,,S_NONE,SERVICE_COUNTER,NONE,,
346,2,NONE,[],"{'CAMERA_1': [], 'CAMERA_2': [], 'CAMERA_3': []}",C_WALKS_TO_CAMERA,CAMERA_1,NONE,,S_GREETS,CAMERA_1,NONE,can I help you?,
346,3,CAMERA_3,['CAMERA_3'],"{'CAMERA_1': [], 'CAMERA_2': [], 'CAMERA_3': []}",C_LOOKING_FOR_A_CAMERA,CAMERA_1,NONE,I'm looking for a camera,S_INTRODUCES_CAMERA,CAMERA_3,,Let me show you this. Here we have the Canon EOS 5D Mark III.,39~60
346,4,CAMERA_3,['CAMERA_3'],"{'CAMERA_1': [], 'CAMERA_2': [], 'CAMERA_3': ['weight']}",C_QUESTION_ABOUT_FEATURE,CAMERA_3,weight,how much does this one weigh,S_ANSWERS_QUESTION_ABOUT_FEATURE,CAMERA_3,weight,This one weighs 950 grams (only body).,16~37
346,5,CAMERA_3,['CAMERA_3'],"{'CAMERA_1': [], 'CAMERA_2': [], 'CAMERA_3': ['weight', 'autofocus_points']}",C_SILENT_OR_BACKCHANNEL,CAMERA_3,NONE,okay,S_INTRODUCES_FEATURE,CAMERA_3,autofocus_points,This one has 61 autofocus points.,13~32
346,6,CAMERA_1,"['CAMERA_3', 'CAMERA_1']","{'CAMERA_1': [], 'CAMERA_2': [], 'CAMERA_3': ['weight', 'autofocus_points']}",C_ANYTHING_ELSE_AVAILABLE,CAMERA_3,NONE,ok do you have any other cameras,S_INTRODUCES_CAMERA,CAMERA_1,,Let me show you this. Here we have the Nikon Coolpix S2800.,39~58
346,7,CAMERA_1,"['CAMERA_3', 'CAMERA_1']","{'CAMERA_1': ['camera_type'], 'CAMERA_2': [], 'CAMERA_3': ['weight', 'autofocus_points']}",C_SILENT_OR_BACKCHANNEL,CAMERA_1,NONE,I see,S_INTRODUCES_FEATURE,CAMERA_1,camera_type,This is a point and shoot camera.,10~25
346,8,NONE,"['CAMERA_3', 'CAMERA_1']","{'CAMERA_1': ['camera_type'], 'CAMERA_2': [], 'CAMERA_3': ['weight', 'autofocus_points']}",C_THANK_YOU,CAMERA_1,NONE,thank you for your help,S_THANK_YOU,CAMERA_1,NONE,thank you very much,
346,9,NONE,"['CAMERA_3', 'CAMERA_1']","{'CAMERA_1': ['camera_type'], 'CAMERA_2': [], 'CAMERA_3': ['weight', 'autofocus_points']}",C_LEAVES,DOOR,NONE,,S_RETURNS_TO_COUNTER,SERVICE_COUNTER,NONE,,
347,1,NONE,[],"{'CAMERA_1': [], 'CAMERA_2': [], 'CAMERA_3': []}",C_ENTERS,DOOR,NONE,,S_NONE,SERVICE_COUNTER,NONE,,
347,2,NONE,[],"{'CAMERA_1': [], 'CAMERA_2': [], 'CAMERA_3': []}",C_WALKS_TO_CAMERA,CAMERA_3,NONE,,S_GREETS,CAMERA_3,NONE,can I help you?,
347,3,CAMERA_3,['CAMERA_3'],"{'CAMERA_1': [], 'CAMERA_2': [], 'CAMERA_3': []}",C_LOOKING_FOR_A_CAMERA,CAMERA_3,NONE,I'm looking for a camera,S_INTRODUCES_CAMERA,CAMERA_3,,Let me show you this. Here we have the Canon EOS 5D Mark III.,39~60
347,4,CAMERA_3,['CAMERA_3'],"{'CAMERA_1': [], 'CAMERA_2': [], 'CAMERA_3': ['optical_zoom']}",C_QUESTION_ABOUT_FEATURE,CAMERA_3,optical_zoom,does it have optical zoom,S_NOT_SURE,CAMERA_3,,I'm not really sure about that,
347,5,CAMERA_3,['CAMERA_3'],"{'CAMERA_1': [], 'CAMERA_2': [], 'CAMERA_3': ['optical_zoom', 'settings']}",C_SILENT_OR_BACKCHANNEL,CAMERA_3,NONE,alright,S_INTRODUCES_FEATURE,CAMERA_3,settings,This one has full manual control.,13~32
347,6,CAMERA_3,['CAMERA_3'],"{'CAMERA_1': [], 'CAMERA_2': [], 'CAMERA_3': ['optical_zoom', 'settings', 'autofocus_points']}",C_QUESTION_ABOUT_FEATURE,CAMERA_3,autofocus_points,how many autofocus points does it have,S_ANSWERS_QUESTION_ABOUT_FEATURE,CAMERA_3,autofocus_points,This one has 61 autofocus points.,13~32
347,7,CAMERA_3,['CAMERA_3'],"{'CAMERA_1': [], 'CAMERA_2': [], 'CAMERA_3': ['optical_zoom', 'settings', 'autofocus_points', 'sensor_size']}",C_SILENT_OR_BACKCHANNEL,CAMERA_3,NONE,alright,S_INTRODUCES_FEATURE,CAMERA_3,sensor_size,This one has a full frame.,15~25
347,8,CAMERA_3,['CAMERA_3'],"{'CAMERA_1': [], 'CAMERA_2': [], 'CAMERA_3': ['optical_zoom', 'settings', 'autofocus_points', 'sensor_size', 'long_exposure']}",C_SILENT_OR_BACKCHANNEL,CAMERA_3,NONE,okay,S_INTRODUCES_FEATURE,CAMERA_3,long_exposure,"This one can take long exposures up to up to 30 seconds, bulb mode: expose as long as you want.",39~94
347,9,CAMERA_3,['CAMERA_3'],"{'CAMERA_1': [], 'CAMERA_2': [], 'CAMERA_3': ['optical_zoom', 'settings', 'autofocus_points', 'sensor_size', 'long_exposure', 'effects']}",C_QUESTION_ABOUT_FEATURE,CAMERA_3,effects,does it have any effect modes,S_NOT_SURE,CAMERA_3,,I'm not really sure about that,
347,10,CAMERA_3,['CAMERA_3'],"{'CAMERA_1': [], 'CAMERA_2': [], 'CAMERA_3': ['optical_zoom', 'settings', 'autofocus_points', 'sensor_size', 'long_exposure', 'effects', 'resolution']}",C_QUESTION_ABOUT_FEATURE,CAMERA_3,resolution,what is the resolution,S_NOT_SURE,CAMERA_3,,I'm not really sure about that,
347,11,CAMERA_3,['CAMERA_3'],"{'CAMERA_1': [], 'CAMERA_2': [], 'CAMERA_3': ['optical_zoom', 'settings', 'autofocus_points', 'sensor_size', 'long_exposure', 'effects', 'resolution', 'price']}",C_QUESTION_ABOUT_FEATURE,CAMERA_3,price,how much does it cost,S_ANSWERS_QUESTION_ABOUT_FEATURE,CAMERA_3,price,This one costs $3706.,15~20
347,12,CAMERA_3,['CAMERA_3'],"{'CAMERA_1': [], 'CAMERA_2': [], 'CAMERA_3': ['optical_zoom', 'settings', 'autofocus_points', 'sensor_size', 'long_exposure', 'effects', 'resolution', 'price', 'ISO']}",C_QUESTION_ABOUT_FEATURE,CAMERA_3,ISO,what is the ISO,S_ANSWERS_QUESTION_ABOUT_FEATURE,CAMERA_3,ISO,This one has up to 6400 ISO with little noise.,13~45
347,13,CAMERA_1,"['CAMERA_3', 'CAMERA_1']","{'CAMERA_1': [], 'CAMERA_2': [], 'CAMERA_3': ['optical_zoom', 'settings', 'autofocus_points', 'sensor_size', 'long_exposure', 'effects', 'resolution', 'price', 'ISO']}",C_ANYTHING_ELSE_AVAILABLE,CAMERA_3,NONE,ok do you have any other cameras,S_INTRODUCES_CAMERA,CAMERA_1,,Let me show you this. Here we have the Nikon Coolpix S2800.,39~58
347,14,CAMERA_1,"['CAMERA_3', 'CAMERA_1']","{'CAMERA_1': ['effects'], 'CAMERA_2': [], 'CAMERA_3': ['optical_zoom', 'settings', 'autofocus_points', 'sensor_size', 'long_exposure', 'effects', 'resolution', 'price', 'ISO']}",C_QUESTION_ABOUT_FEATURE,CAMERA_1,effects,does it have any effect modes,S_ANSWERS_QUESTION_ABOUT_FEATURE,CAMERA_1,effects,"This one has 12 glamor retouch effects (e.g. skin softening, small face, big eyes).",13~82
347,15,CAMERA_2,"['CAMERA_3', 'CAMERA_1', 'CAMERA_2']","{'CAMERA_1': ['effects'], 'CAMERA_2': [], 'CAMERA_3': ['optical_zoom', 'settings', 'autofocus_points', 'sensor_size', 'long_exposure', 'effects', 'resolution', 'price', 'ISO']}",C_ANYTHING_ELSE_AVAILABLE,CAMERA_1,NONE,ok do you have any other cameras,S_INTRODUCES_CAMERA,CAMERA_2,,Let me show you this. Here we have the Sony Alpha a6000.,39~55
347,16,CAMERA_2,"['CAMERA_3', 'CAMERA_1', 'CAMERA_2']","{'CAMERA_1': ['effects'], 'CAMERA_2': ['settings'], 'CAMERA_3': ['optical_zoom', 'settings', 'autofocus_points', 'sensor_size', 'long_exposure', 'effects', 'resolution', 'price', 'ISO']}",C_QUESTION_ABOUT_FEATURE,CAMERA_2,settings,what kind of settings does it have,S_ANSWERS_QUESTION_ABOUT_FEATURE,CAMERA_2,settings,This one has full manual control.,13~32
347,17,CAMERA_2,"['CAMERA_3', 'CAMERA_1', 'CAMERA_2']","{'CAMERA_1': ['effects'], 'CAMERA_2': ['settings', 'long_exposure'], 'CAMERA_3': ['optical_zoom', 'settings', 'autofocus_points', 'sensor_size', 'long_exposure', 'effects', 'resolution', 'price', 'ISO']}",C_SILENT_OR_BACKCHANNEL,CAMERA_2,NONE,I see,S_INTRODUCES_FEATURE,CAMERA_2,long_exposure,This one can take long exposures up to up to 30 seconds.,39~55
347,18,CAMERA_2,"['CAMERA_3', 'CAMERA_1', 'CAMERA_2']","{'CAMERA_1': ['effects'], 'CAMERA_2': ['settings', 'long_exposure', 'weight'], 'CAMERA_3': ['optical_zoom', 'settings', 'autofocus_points', 'sensor_size', 'long_exposure', 'effects', 'resolution', 'price', 'ISO']}",C_QUESTION_ABOUT_FEATURE,CAMERA_2,weight,how much does this one weigh,S_ANSWERS_QUESTION_ABOUT_FEATURE,CAMERA_2,weight,This one weighs 470 grams.,16~25
347,19,CAMERA_2,"['CAMERA_3', 'CAMERA_1', 'CAMERA_2']","{'CAMERA_1': ['effects'], 'CAMERA_2': ['settings', 'long_exposure', 'weight', 'autofocus_points'], 'CAMERA_3': ['optical_zoom', 'settings', 'autofocus_points', 'sensor_size', 'long_exposure', 'effects', 'resolution', 'price', 'ISO']}",C_QUESTION_ABOUT_FEATURE,CAMERA_2,autofocus_points,how many autofocus points does it have,S_ANSWERS_QUESTION_ABOUT_FEATURE,CAMERA_2,autofocus_points,This one has 179 autofocus points.,13~33
347,20,CAMERA_2,"['CAMERA_3', 'CAMERA_1', 'CAMERA_2']","{'CAMERA_1': ['effects'], 'CAMERA_2': ['settings', 'long_exposure', 'weight', 'autofocus_points', 'optical_zoom'], 'CAMERA_3': ['optical_zoom', 'settings', 'autofocus_points', 'sensor_size', 'long_exposure', 'effects', 'resolution', 'price', 'ISO']}",C_QUESTION_ABOUT_FEATURE,CAMERA_2,optical_zoom,does it have optical zoom,S_NOT_SURE,CAMERA_2,,I'm not really sure about that,
347,21,CAMERA_2,"['CAMERA_3', 'CAMERA_1', 'CAMERA_2']","{'CAMERA_1': ['effects'], 'CAMERA_2': ['settings', 'long_exposure', 'weight', 'autofocus_points', 'optical_zoom', 'color'], 'CAMERA_3': ['optical_zoom', 'settings', 'autofocus_points', 'sensor_size', 'long_exposure', 'effects', 'resolution', 'price', 'ISO']}",C_SILENT_OR_BACKCHANNEL,CAMERA_2,NONE,I see,S_INTRODUCES_FEATURE,CAMERA_2,color,"This one comes in white, silver, black.",18~38
347,22,NONE,"['CAMERA_3', 'CAMERA_1', 'CAMERA_2']","{'CAMERA_1': ['effects'], 'CAMERA_2': ['settings', 'long_exposure', 'weight', 'autofocus_points', 'optical_zoom', 'color'], 'CAMERA_3': ['optical_zoom', 'settings', 'autofocus_points', 'sensor_size', 'long_exposure', 'effects', 'resolution', 'price', 'ISO']}",C_THANK_YOU,CAMERA_2,NONE,thank you for your help,S_THANK_YOU,CAMERA_2,NONE,thank you very much,
347,23,NONE,"['CAMERA_3', 'CAMERA_1', 'CAMERA_2']","{'CAMERA_1': ['effects'], 'CAMERA_2': ['settings', 'long_exposure', 'weight', 'autofocus_points', 'optical_zoom', 'color'], 'CAMERA_3': ['optical_zoom', 'settings', 'autofocus_points', 'sensor_size', 'long_exposure', 'effects', 'resolution', 'price', 'ISO']}",C_LEAVES,DOOR,NONE,,S_RETURNS_TO_COUNTER,SERVICE_COUNTER,NONE,,
348,1,NONE,[],"{'CAMERA_1': [], 'CAMERA_2': [], 'CAMERA_3': []}",C_ENTERS,DOOR,NONE,,S_NONE,SERVICE_COUNTER,NONE,,
348,2,NONE,[],"{'CAMERA_1': [], 'CAMERA_2': [], 'CAMERA_3': []}",C_WALKS_TO_CAMERA,CAMERA_1,NONE,,S_GREETS,CAMERA_1,NONE,can I help you?,
348,3,CAMERA_2,['CAMERA_2'],"{'CAMERA_1': [], 'CAMERA_2': [], 'CAMERA_3': []}",C_LOOKING_FOR_A_CAMERA,CAMERA_1,NONE,I'm looking for a camera,S_INTRODUCES_CAMERA,CAMERA_2,,Let me show you this. Here we have the Sony Alpha a6000.,39~55
348,4,CAMERA_2,['CAMERA_2'],"{'CAMERA_1': [], 'CAMERA_2': ['preset_modes'], 'CAMERA_3': []}",C_SILENT_OR_BACKCHANNEL,CAMERA_2,NONE,alright,S_INTRODUCES_FEATURE,CAMERA_2,preset_modes,"This one has 9 preset modes (e.g. beach, snow, night, portrait).",13~63
348,5,CAMERA_2,['CAMERA_2'],"{'CAMERA_1': [], 'CAMERA_2': ['preset_modes', 'sensor_size'], 'CAMERA_3': []}",C_SILENT_OR_BACKCHANNEL,CAMERA_2,NONE,I see,S_INTRODUCES_FEATURE,CAMERA_2,sensor_size,This one has a APS-C sensor (crop sensor).,15~41
348,6,CAMERA_2,['CAMERA_2'],"{'CAMERA_1': [], 'CAMERA_2': ['preset_modes', 'sensor_size', 'long_exposure'], 'CAMERA_3': []}",C_SILENT_OR_BACKCHANNEL,CAMERA_2,NONE,I see,S_INTRODUCES_FEATURE,CAMERA_2,long_exposure,This one can take long exposures up to up to 30 seconds.,39~55
348,7,CAMERA_2,['CAMERA_2'],"{'CAMERA_1': [], 'CAMERA_2': ['preset_modes', 'sensor_size', 'long_exposure', 'ISO'], 'CAMERA_3': []}",C_SILENT_OR_BACKCHANNEL,CAMERA_2,NONE,I see,S_INTRODUCES_FEATURE,CAMERA_2,ISO,This one has up to 3200 ISO with little noise.,13~45
348,8,CAMERA_2,['CAMERA_2'],"{'CAMERA_1': [], 'CAMERA_2': ['preset_modes', 'sensor_size', 'long_exposure', 'ISO', 'camera_type'], 'CAMERA_3': []}",C_SILENT_OR_BACKCHANNEL,CAMERA_2,NONE,alright,S_INTRODUCES_FEATURE,CAMERA_2,camera_type,This is a mirrorless camera.,10~20
348,9,NONE,['CAMERA_2'],"{'CAMERA_1': [], 'CAMERA_2': ['preset_modes', 'sensor_size', 'long_exposure', 'ISO', 'camera_type'], 'CAMERA_3': []}",C_THANK_YOU,CAMERA_2,NONE,thank you for your help,S_THANK_YOU,CAMERA_2,NONE,thank you very much,
348,10,NONE,['CAMERA_2'],"{'CAMERA_1': [], 'CAMERA_2': ['preset_modes', 'sensor_size', 'long_exposure', 'ISO', 'camera_type'], 'CAMERA_3': []}",C_LEAVES,DOOR,NONE,,S_RETURNS_TO_COUNTER,SERVICE_COUNTER,NONE,,
349,1,NONE,[],"{'CAMERA_1': [], 'CAMERA_2': [], 'CAMERA_3': []}",C_ENTERS,DOOR,NONE,,S_NONE,SERVICE_COUNTER,NONE,,
349,2,NONE,[],"{'CAMERA_1': [], 'CAMERA_2': [], 'CAMERA_3': []}",C_WALKS_TO_CAMERA,CAMERA_3,NONE,,S_NONE,SERVICE_COUNTER,NONE,,
349,3,CAMERA_3,['CAMERA_3'],"{'CAMERA_1': [], 'CAMERA_2': [], 'CAMERA_3': ['sensor_size']}",C_QUESTION_ABOUT_FEATURE,CAMERA_3,sensor_size,what is the sensor size,S_ANSWERS_QUESTION_ABOUT_FEATURE,CAMERA_3,sensor_size,This one has a full frame.,15~25
349,4,NONE,['CAMERA_3'],"{'CAMERA_1': [], 'CAMERA_2': [], 'CAMERA_3': ['sensor_size']}",C_THANK_YOU,CAMERA_3,NONE,thank you for your help,S_THANK_YOU,CAMERA_3,NONE,thank you very much,
349,5,NONE,['CAMERA_3'],"{'CAMERA_1': [], 'CAMERA_2': [], 'CAMERA_3': ['sensor_size']}",C_LEAVES,DOOR,NONE,,S_RETURNS_TO_COUNTER,SERVICE_COUNTER,NONE,,
350,1,NONE,[],"{'CAMERA_1': [], 'CAMERA_2': [], 'CAMERA_3': []}",C_ENTERS,DOOR,NONE,,S_NONE,SERVICE_COUNTER,NONE,,
350,2,NONE,[],"{'CAMERA_1': [], 'CAMERA_2': [], 'CAMERA_3': []}",C_WALKS_TO_CAMERA,CAMERA_3,NONE,,S_GREETS,CAMERA_3,NONE,can I help you?,
350,3,CAMERA_1,['CAMERA_1'],"{'CAMERA_1': [], 'CAMERA_2': [], 'CAMERA_3': []}",C_LOOKING_FOR_A_CAMERA,CAMERA_3,NONE,I'm looking for a camera,S_INTRODUCES_CAMERA,CAMERA_1,,Let me show you this. Here we have the Nikon Coolpix S2800.,39~58
350,4,CAMERA_1,['CAMERA_1'],"{'CAMERA_1': ['autofocus_points'], 'CAMERA_2': [], 'CAMERA_3': []}",C_QUESTION_ABOUT_FEATURE,CAMERA_1,autofocus_points,how many autofocus points does it have,S_NOT_SURE,CAMERA_1,,I'm not really sure about that,
350,5,CAMERA_1,['CAMERA_1'],"{'CAMERA_1': ['autofocus_points', 'effects'], 'CAMERA_2': [], 'CAMERA_3': []}",C_SILENT_OR_BACKCHANNEL,CAMERA_1,NONE,alright,S_INTRODUCES_FEATURE,CAMERA_1,effects,"This one has 12 glamor retouch effects (e.g. skin softening, small face, big eyes).",13~82
350,6,CAMERA_1,['CAMERA_1'],"{'CAMERA_1': ['autofocus_points', 'effects', 'sensor_size'], 'CAMERA_2': [], 'CAMERA_3': []}",C_QUESTION_ABOUT_FEATURE,CAMERA_1,sensor_size,what is the sensor size,S_NOT_SURE,CAMERA_1,,I'm not really sure about that,
350,7,CAMERA_1,['CAMERA_1'],"{'CAMERA_1': ['autofocus_points', 'effects', 'sensor_size', 'resolution'], 'CAMERA_2': [], 'CAMERA_3': []}",C_SILENT_OR_BACKCHANNEL,CAMERA_1,NONE,I see,S_INTRODUCES_FEATURE,CAMERA_1,resolution,This one has 20.1 megapixels resolution.,13~28
350,8,NONE,['CAMERA_1'],"{'CAMERA_1': ['autofocus_points', 'effects', 'sensor_size', 'resolution'], 'CAMERA_2': [], 'CAMERA_3': []}",C_THANK_YOU,CAMERA_1,NONE,thank you for your help,S_THANK_YOU,CAMERA_1,NONE,thank you very much,
350,9,NONE,['CAMERA_1'],"{'CAMERA_1': ['autofocus_points', 'effects', 'sensor_size', 'resolution'], 'CAMERA_2': [], 'CAMERA_3': []}",C_LEAVES,DOOR,NONE,,S_RETURNS_TO_COUNTER,SERVICE_COUNTER,NONE,,
351,1,NONE,[],"{'CAMERA_1': [], 'CAMERA_2': [], 'CAMERA_3': []}",C_ENTERS,DOOR,NONE,,S_NONE,SERVICE_COUNTER,NONE,,
351,2,NONE,[],"{'CAMERA_1': [], 'CAMERA_2': [], 'CAMERA_3': []}",C_GREETS,MIDDLE,NONE,hello,S_GREETS,MIDDLE,NONE,can I help you?,
351,3,CAMERA_3,['CAMERA_3'],"{'CAMERA_1': [], 'CAMERA_2': [], 'CAMERA_3': []}",C_LOOKING_FOR_A_CAMERA,MIDDLE,NONE,I'm looking for a camera,S_INTRODUCES_CAMERA,CAMERA_3,,Let me show you this. Here we have the Canon EOS 5D Mark III.,39~60
351,4,CAMERA_3,['CAMERA_3'],"{'CAMERA_1': [], 'CAMERA_2': [], 'CAMERA_3': ['settings']}",C_SILENT_OR_BACKCHANNEL,CAMERA_3,NONE,alright,S_INTRODUCES_FEATURE,CAMERA_3,settings,This one has full manual control.,13~32
351,5,CAMERA_3,['CAMERA_3'],"{'CAMERA_1': [], 'CAMERA_2': [], 'CAMERA_3': ['settings', 'sensor_size']}",C_SILENT_OR_BACKCHANNEL,CAMERA_3,NONE,I see,S_INTRODUCES_FEATURE,CAMERA_3,sensor_size,This one has a full frame.,15~25
351,6,CAMERA_2,"['CAMERA_3', 'CAMERA_2']","{'CAMERA_1': [], 'CAMERA_2': [], 'CAMERA_3': ['settings', 'sensor_size']}",C_ANYTHING_ELSE_AVAILABLE,CAMERA_3,NONE,ok do you have any other cameras,S_INTRODUCES_CAMERA,CAMERA_2,,Let me show you this. Here we have the Sony Alpha a6000.,39~55
351,7,CAMERA_2,"['CAMERA_3', 'CAMERA_2']","{'CAMERA_1': [], 'CAMERA_2': ['sensor_size'], 'CAMERA_3': ['settings', 'sensor_size']}",C_QUESTION_ABOUT_FEATURE,CAMERA_2,sensor_size,what is the sensor size,S_ANSWERS_QUESTION_ABOUT_FEATURE,CAMERA_2,sensor_size,This one has a APS-C sensor (crop sensor).,15~41
351,8,CAMERA_1,"['CAMERA_3', 'CAMERA_2', 'CAMERA_1']","{'CAMERA_1': [], 'CAMERA_2': ['sensor_size'], 'CAMERA_3': ['settings', 'sensor_size']}",C_ANYTHING_ELSE_AVAILABLE,CAMERA_2,NONE,ok do you have any other cameras,S_INTRODUCES_CAMERA,CAMERA_1,,Let me show you this. Here we have the Nikon Coolpix S2800.,39~58
351,9,CAMERA_1,"['CAMERA_3', 'CAMERA_2', 'CAMERA_1']","{'CAMERA_1': ['preset_modes'], 'CAMERA_2': ['sensor_size'], 'CAMERA_3': ['settings', 'sensor_size']}",C_QUESTION_ABOUT_FEATURE,CAMERA_1,preset_modes,does it have preset modes,S_ANSWERS_QUESTION_ABOUT_FEATURE,CAMERA_1,preset_modes,"This one has 18 preset modes (e.g. beach, snow, night portrait).",13~63
351,10,NONE,"['CAMERA_3', 'CAMERA_2', 'CAMERA_1']","{'CAMERA_1': ['preset_modes'], 'CAMERA_2': ['sensor_size'], 'CAMERA_3': ['settings', 'sensor_size']}",C_THANK_YOU,CAMERA_1,NONE,thank you for your help,S_THANK_YOU,CAMERA_1,NONE,thank you very much,
351,11,NONE,"['CAMERA_3', 'CAMERA_2', 'CAMERA_1']","{'CAMERA_1': ['preset_modes'], 'CAMERA_2': ['sensor_size'], 'CAMERA_3': ['settings', 'sensor_size']}",C_LEAVES,DOOR,NONE,,S_RETURNS_TO_COUNTER,SERVICE_COUNTER,NONE,,
352,1,NONE,[],"{'CAMERA_1': [], 'CAMERA_2': [], 'CAMERA_3': []}",C_ENTERS,DOOR,NONE,,S_NONE,SERVICE_COUNTER,NONE,,
352,2,NONE,[],"{'CAMERA_1': [], 'CAMERA_2': [], 'CAMERA_3': []}",C_GREETS,MIDDLE,NONE,hello,S_GREETS,MIDDLE,NONE,can I help you?,
352,3,CAMERA_1,['CAMERA_1'],"{'CAMERA_1': [], 'CAMERA_2': [], 'CAMERA_3': []}",C_LOOKING_FOR_A_CAMERA,MIDDLE,NONE,I'm looking for a camera,S_INTRODUCES_CAMERA,CAMERA_1,,Let me show you this. Here we have the Nikon Coolpix S2800.,39~58
352,4,CAMERA_1,['CAMERA_1'],"{'CAMERA_1': ['color'], 'CAMERA_2': [], 'CAMERA_3': []}",C_QUESTION_ABOUT_FEATURE,CAMERA_1,color,what colors does this one come in,S_ANSWERS_QUESTION_ABOUT_FEATURE,CAMERA_1,color,"This one comes in purple, pink, black, silver, red.",18~50
352,5,CAMERA_1,['CAMERA_1'],"{'CAMERA_1': ['color', 'effects'], 'CAMERA_2': [], 'CAMERA_3': []}",C_QUESTION_ABOUT_FEATURE,CAMERA_1,effects,does it have any effect modes,S_ANSWERS_QUESTION_ABOUT_FEATURE,CAMERA_1,effects,"This one has 12 glamor retouch effects (e.g. skin softening, small face, big eyes).",13~82
352,6,CAMERA_1,['CAMERA_1'],"{'CAMERA_1': ['color', 'effects', 'preset_modes'], 'CAMERA_2': [], 'CAMERA_3': []}",C_QUESTION_ABOUT_FEATURE,CAMERA_1,preset_modes,does it have preset modes,S_ANSWERS_QUESTION_ABOUT_FEATURE,CAMERA_1,preset_modes,"This one has 18 preset modes (e.g. beach, snow, night portrait).",13~63
352,7,CAMERA_1,['CAMERA_1'],"{'CAMERA_1': ['color', 'effects', 'preset_modes', 'weight'], 'CAMERA_2': [], 'CAMERA_3': []}",C_QUESTION_ABOUT_FEATURE,CAMERA_1,weight,how much does this one weigh,S_ANSWERS_QUESTION_ABOUT_FEATURE,CAMERA_1,weight,This one weighs 120 grams.,16~25
352,8,CAMERA_1,['CAMERA_1'],"{'CAMERA_1': ['color', 'effects', 'preset_modes', 'weight', 'settings'], 'CAMERA_2': [], 'CAMERA_3': []}",C_QUESTION_ABOUT_FEATURE,CAMERA_1,settings,what kind of settings does it have,S_ANSWERS_QUESTION_ABOUT_FEATURE,CAMERA_1,settings,This one has limited manual settings.,13~36
352,9,CAMERA_1,['CAMERA_1'],"{'CAMERA_1': ['color', 'effects', 'preset_modes', 'weight', 'settings', 'ISO'], 'CAMERA_2': [], 'CAMERA_3': []}",C_QUESTION_ABOUT_FEATURE,CAMERA_1,ISO,what is the ISO,S_NOT_SURE,CAMERA_1,,I'm not really sure about that,
352,10,CAMERA_1,['CAMERA_1'],"{'CAMERA_1': ['color', 'effects', 'preset_modes', 'weight', 'settings', 'ISO', 'optical_zoom'], 'CAMERA_2': [], 'CAMERA_3': []}",C_SILENT_OR_BACKCHANNEL,CAMERA_1,NONE,okay,S_INTRODUCES_FEATURE,CAMERA_1,optical_zoom,This one has 5x optical zoom.,13~28
352,11,CAMERA_3,"['CAMERA_1', 'CAMERA_3']","{'CAMERA_1': ['color', 'effects', 'preset_modes', 'weight', 'settings', 'ISO', 'optical_zoom'], 'CAMERA_2': [], 'CAMERA_3': []}",C_ANYTHING_ELSE_AVAILABLE,CAMERA_1,NONE,ok do you have any other cameras,S_INTRODUCES_CAMERA,CAMERA_3,,Let me show you this. Here we have the Canon EOS 5D Mark III.,39~60
352,12,CAMERA_3,"['CAMERA_1', 'CAMERA_3']","{'CAMERA_1': ['color', 'effects', 'preset_modes', 'weight', 'settings', 'ISO', 'optical_zoom'], 'CAMERA_2': [], 'CAMERA_3': ['price']}",C_SILENT_OR_BACKCHANNEL,CAMERA_3,NONE,alright,S_INTRODUCES_FEATURE,CAMERA_3,price,This one costs $3706.,15~20
352,13,CAMERA_3,"['CAMERA_1', 'CAMERA_3']","{'CAMERA_1': ['color', 'effects', 'preset_modes', 'weight', 'settings', 'ISO', 'optical_zoom'], 'CAMERA_2': [], 'CAMERA_3': ['price', 'color']}",C_SILENT_OR_BACKCHANNEL,CAMERA_3,NONE,okay,S_INTRODUCES_FEATURE,CAMERA_3,color,This one comes in black.,18~23
352,14,CAMERA_3,"['CAMERA_1', 'CAMERA_3']","{'CAMERA_1': ['color', 'effects', 'preset_modes', 'weight', 'settings', 'ISO', 'optical_zoom'], 'CAMERA_2': [], 'CAMERA_3': ['price', 'color', 'settings']}",C_QUESTION_ABOUT_FEATURE,CAMERA_3,settings,what kind of settings does it have,S_ANSWERS_QUESTION_ABOUT_FEATURE,CAMERA_3,settings,This one has full manual control.,13~32
352,15,CAMERA_3,"['CAMERA_1', 'CAMERA_3']","{'CAMERA_1': ['color', 'effects', 'preset_modes', 'weight', 'settings', 'ISO', 'optical_zoom'], 'CAMERA_2': [], 'CAMERA_3': ['price', 'color', 'settings', 'autofocus_points']}",C_QUESTION_ABOUT_FEATURE,CAMERA_3,autofocus_points,how many autofocus points does it have,S_ANSWERS_QUESTION_ABOUT_FEATURE,CAMERA_3,autofocus_points,This one has 61 autofocus points.,13~32
352,16,CAMERA_3,"['CAMERA_1', 'CAMERA_3']","{'CAMERA_1': ['color', 'effects', 'preset_modes', 'weight', 'settings', 'ISO', 'optical_zoom'], 'CAMERA_2': [], 'CAMERA_3': ['price', 'color', 'settings', 'autofocus_points', 'ISO']}",C_SILENT_OR_BACKCHANNEL,CAMERA_3,NONE,alright,S_INTRODUCES_FEATURE,CAMERA_3,ISO,This one has up to 6400 ISO with little noise.,13~45
352,17,CAMERA_3,"['CAMERA_1', 'CAMERA_3']","{'CAMERA_1': ['color', 'effects', 'preset_modes', 'weight', 'settings', 'ISO', 'optical_zoom'], 'CAMERA_2': [], 'CAMERA_3': ['price', 'color', 'settings', 'autofocus_points', 'ISO', 'camera_type']}",C_SILENT_OR_BACKCHANNEL,CAMERA_3,NONE,alright,S_INTRODUCES_FEATURE,CAMERA_3,camera_type,This is a DSLR camera.,10~14
352,18,CAMERA_3,"['CAMERA_1', 'CAMERA_3']","{'CAMERA_1': ['color', 'effects', 'preset_modes', 'weight', 'settings', 'ISO', 'optical_zoom'], 'CAMERA_2': [], 'CAMERA_3': ['price', 'color', 'settings', 'autofocus_points', 'ISO', 'camera_type', 'long_exposure']}",C_SILENT_OR_BACKCHANNEL,CAMERA_3,NONE,I see,S_INTRODUCES_FEATURE,CAMERA_3,long_exposure,"This one can take long exposures up to up to 30 seconds, bulb mode: expose as long as you want.",39~94
352,19,CAMERA_3,"['CAMERA_1', 'CAMERA_3']","{'CAMERA_1': ['color', 'effects', 'preset_modes', 'weight', 'settings', 'ISO', 'optical_zoom'], 'CAMERA_2': [], 'CAMERA_3': ['price', 'color', 'settings', 'autofocus_points', 'ISO', 'camera_type', 'long_exposure', 'weight']}",C_SILENT_OR_BACKCHANNEL,CAMERA_3,NONE,okay,S_INTRODUCES_FEATURE,CAMERA_3,weight,This one weighs 950 grams (only body).,16~37
352,20,CAMERA_3,"['CAMERA_1', 'CAMERA_3']","{'CAMERA_1': ['color', 'effects', 'preset_modes', 'weight', 'settings', 'ISO', 'optical_zoom'], 'CAMERA_2': [], 'CAMERA_3': ['price', 'color', 'settings', 'autofocus_points', 'ISO', 'camera_type', 'long_exposure', 'weight', 'sensor_size']}",C_SILENT_OR_BACKCHANNEL,CAMERA_3,NONE,okay,S_INTRODUCES_FEATURE,CAMERA_3,sensor_size,This one has a full frame.,15~25
352,21,CAMERA_3,"['CAMERA_1', 'CAMERA_3']","{'CAMERA_1': ['color', 'effects', 'preset_modes', 'weight', 'settings', 'ISO', 'optical_zoom'], 'CAMERA_2': [], 'CAMERA_3': ['price', 'color', 'settings', 'autofocus_points', 'ISO', 'camera_type', 'long_exposure', 'weight', 'sensor_size', 'preset_modes']}",C_QUESTION_ABOUT_FEATURE,CAMERA_3,preset_modes,does it have preset modes,S_NOT_SURE,CAMERA_3,,I'm not really sure about that,
352,22,CAMERA_3,"['CAMERA_1', 'CAMERA_3']","{'CAMERA_1': ['color', 'effects', 'preset_modes', 'weight', 'settings', 'ISO', 'optical_zoom'], 'CAMERA_2': [], 'CAMERA_3': ['price', 'color', 'settings', 'autofocus_points', 'ISO', 'camera_type', 'long_exposure', 'weight', 'sensor_size', 'preset_modes', 'settings']}",C_SILENT_OR_BACKCHANNEL,CAMERA_3,NONE,alright,S_INTRODUCES_FEATURE,CAMERA_3,settings,This one has full manual control.,13~32
352,23,CAMERA_3,"['CAMERA_1', 'CAMERA_3']","{'CAMERA_1': ['color', 'effects', 'preset_modes', 'weight', 'settings', 'ISO', 'optical_zoom'], 'CAMERA_2': [], 'CAMERA_3': ['price', 'color', 'settings', 'autofocus_points', 'ISO', 'camera_type', 'long_exposure', 'weight', 'sensor_size', 'preset_modes', 'settings', 'optical_zoom']}",C_QUESTION_ABOUT_FEATURE,CAMERA_3,optical_zoom,does it have optical zoom,S_NOT_SURE,CAMERA_3,,I'm not really sure about that,
352,24,CAMERA_3,"['CAMERA_1', 'CAMERA_3']","{'CAMERA_1': ['color', 'effects', 'preset_modes', 'weight', 'settings', 'ISO', 'optical_zoom'], 'CAMERA_2': [], 'CAMERA_3': ['price', 'color', 'settings', 'autofocus_points', 'ISO', 'camera_type', 'long_exposure', 'weight', 'sensor_size', 'preset_modes', 'settings', 'optical_zoom', 'effects']}",C_QUESTION_ABOUT_FEATURE,CAMERA_3,effects,does it have any effect modes,S_NOT_SURE,CAMERA_3,,I'm not really sure about that,
352,25,CAMERA_3,"['CAMERA_1', 'CAMERA_3']","{'CAMERA_1': ['color', 'effects', 'preset_modes', 'weight', 'settings', 'ISO', 'optical_zoom'], 'CAMERA_2': [], 'CAMERA_3': ['price', 'color', 'settings', 'autofocus_points', 'ISO', 'camera_type', 'long_exposure', 'weight', 'sensor_size', 'preset_modes', 'settings', 'optical_zoom', 'effects', 'resolution']}",C_QUESTION_ABOUT_FEATURE,CAMERA_3,resolution,what is the resolution,S_NOT_SURE,CAMERA_3,,I'm not really sure about that,
352,26,CAMERA_3,"['CAMERA_1', 'CAMERA_3']","{'CAMERA_1': ['color', 'effects', 'preset_modes', 'weight', 'settings', 'ISO', 'optical_zoom'], 'CAMERA_2': [], 'CAMERA_3': ['price', 'color', 'settings', 'autofocus_points', 'ISO', 'camera_type', 'long_exposure', 'weight', 'sensor_size', 'preset_modes', 'settings', 'optical_zoom', 'effects', 'resolution', 'effects']}",C_QUESTION_ABOUT_FEATURE,CAMERA_3,effects,does it have any effect modes,S_NOT_SURE,CAMERA_3,,I'm not really sure about that,
352,27,CAMERA_3,"['CAMERA_1', 'CAMERA_3']","{'CAMERA_1': ['color', 'effects', 'preset_modes', 'weight', 'settings', 'ISO', 'optical_zoom'], 'CAMERA_2': [], 'CAMERA_3': ['price', 'color', 'settings', 'autofocus_points', 'ISO', 'camera_type', 'long_exposure', 'weight', 'sensor_size', 'preset_modes', 'settings', 'optical_zoom', 'effects', 'resolution', 'effects', 'weight']}",C_SILENT_OR_BACKCHANNEL,CAMERA_3,NONE,I see,S_INTRODUCES_FEATURE,CAMERA_3,weight,This one weighs 950 grams (only body).,16~37
352,28,CAMERA_3,"['CAMERA_1', 'CAMERA_3']","{'CAMERA_1': ['color', 'effects', 'preset_modes', 'weight', 'settings', 'ISO', 'optical_zoom'], 'CAMERA_2': [], 'CAMERA_3': ['price', 'color', 'settings', 'autofocus_points', 'ISO', 'camera_type', 'long_exposure', 'weight', 'sensor_size', 'preset_modes', 'settings', 'optical_zoom', 'effects', 'resolution', 'effects', 'weight', 'color']}",C_SILENT_OR_BACKCHANNEL,CAMERA_3,NONE,I see,S_INTRODUCES_FEATURE,CAMERA_3,color,This one comes in black.,18~23
352,29,CAMERA_3,"['CAMERA_1', 'CAMERA_3']","{'CAMERA_1': ['color', 'effects', 'preset_modes', 'weight', 'settings', 'ISO', 'optical_zoom'], 'CAMERA_2': [], 'CAMERA_3': ['price', 'color', 'settings', 'autofocus_points', 'ISO', 'camera_type', 'long_exposure', 'weight', 'sensor_size', 'preset_modes', 'settings', 'optical_zoom', 'effects', 'resolution', 'effects', 'weight', 'color', 'ISO']}",C_QUESTION_ABOUT_FEATURE,CAMERA_3,ISO,what is the ISO,S_ANSWERS_QUESTION_ABOUT_FEATURE,CAMERA_3,ISO,This one has up to 6400 ISO with little noise.,13~45
352,30,CAMERA_3,"['CAMERA_1', 'CAMERA_3']","{'CAMERA_1': ['color', 'effects', 'preset_modes', 'weight', 'settings', 'ISO', 'optical_zoom'], 'CAMERA_2': [], 'CAMERA_3': ['price', 'color', 'settings', 'autofocus_points', 'ISO', 'camera_type', 'long_exposure', 'weight', 'sensor_size', 'preset_modes', 'settings', 'optical_zoom', 'effects', 'resolution', 'effects', 'weight', 'color', 'ISO', 'weight']}",C_QUESTION_ABOUT_FEATURE,CAMERA_3,weight,how much does this one weigh,S_ANSWERS_QUESTION_ABOUT_FEATURE,CAMERA_3,weight,This one weighs 950 grams (only body).,16~37
352,31,CAMERA_3,"['CAMERA_1', 'CAMERA_3']","{'CAMERA_1': ['color', 'effects', 'preset_modes', 'weight', 'settings', 'ISO', 'optical_zoom'], 'CAMERA_2': [], 'CAMERA_3': ['price', 'color', 'settings', 'autofocus_points', 'ISO', 'camera_type', 'long_exposure', 'weight', 'sensor_size', 'preset_modes', 'settings', 'optical_zoom', 'effects', 'resolution', 'effects', 'weight', 'color', 'ISO', 'weight', 'weight']}",C_QUESTION_ABOUT_FEATURE,CAMERA_3,weight,how much does this one weigh,S_ANSWERS_QUESTION_ABOUT_FEATURE,CAMERA_3,weight,This one weighs 950 grams (only body).,16~37
352,32,CAMERA_2,"['CAMERA_1', 'CAMERA_3', 'CAMERA_2']","{'CAMERA_1': ['color', 'effects', 'preset_modes', 'weight', 'settings', 'ISO', 'optical_zoom'], 'CAMERA_2': [], 'CAMERA_3': ['price', 'color', 'settings', 'autofocus_points', 'ISO', 'camera_type', 'long_exposure', 'weight', 'sensor_size', 'preset_modes', 'settings', 'optical_zoom', 'effects', 'resolution', 'effects', 'weight', 'color', 'ISO', 'weight', 'weight']}",C_ANYTHING_ELSE_AVAILABLE,CAMERA_3,NONE,ok do you have any other cameras,S_INTRODUCES_CAMERA,CAMERA_2,,Let me show you this. Here we have the Sony Alpha a6000.,39~55
352,33,CAMERA_2,"['CAMERA_1', 'CAMERA_3', 'CAMERA_2']","{'CAMERA_1': ['color', 'effects', 'preset_modes', 'weight', 'settings', 'ISO', 'optical_zoom'], 'CAMERA_2': ['settings'], 'CAMERA_3': ['price', 'color', 'settings', 'autofocus_points', 'ISO', 'camera_type', 'long_exposure', 'weight', 'sensor_size', 'preset_modes', 'settings', 'optical_zoom', 'effects', 'resolution', 'effects', 'weight', 'color', 'ISO', 'weight', 'weight']}",C_QUESTION_ABOUT_FEATURE,CAMERA_2,settings,what kind of settings does it have,S_ANSWERS_QUESTION_ABOUT_FEATURE,CAMERA_2,settings,This one has full manual control.,13~32
352,34,CAMERA_2,"['CAMERA_1', 'CAMERA_3', 'CAMERA_2']","{'CAMERA_1': ['color', 'effects', 'preset_modes', 'weight', 'settings', 'ISO', 'optical_zoom'], 'CAMERA_2': ['settings', 'autofocus_points'], 'CAMERA_3': ['price', 'color', 'settings', 'autofocus_points', 'ISO', 'camera_type', 'long_exposure', 'weight', 'sensor_size', 'preset_modes', 'settings', 'optical_zoom', 'effects', 'resolution', 'effects', 'weight', 'color', 'ISO', 'weight', 'weight']}",C_SILENT_OR_BACKCHANNEL,CAMERA_2,NONE,I see,S_INTRODUCES_FEATURE,CAMERA_2,autofocus_points,This one has 179 autofocus points.,13~33
352,35,NONE,"['CAMERA_1', 'CAMERA_3', 'CAMERA_2']","{'CAMERA_1': ['color', 'effects', 'preset_modes', 'weight', 'settings', 'ISO', 'optical_zoom'], 'CAMERA_2': ['settings', 'autofocus_points'], 'CAMERA_3': ['price', 'color', 'settings', 'autofocus_points', 'ISO', 'camera_type', 'long_exposure', 'weight', 'sensor_size', 'preset_modes', 'settings', 'optical_zoom', 'effects', 'resolution', 'effects', 'weight', 'color', 'ISO', 'weight', 'weight']}",C_THANK_YOU,CAMERA_2,NONE,thank you for your help,S_THANK_YOU,CAMERA_2,NONE,thank you very much,
352,36,NONE,"['CAMERA_1', 'CAMERA_3', 'CAMERA_2']","{'CAMERA_1': ['color', 'effects', 'preset_modes', 'weight', 'settings', 'ISO', 'optical_zoom'], 'CAMERA_2': ['settings', 'autofocus_points'], 'CAMERA_3': ['price', 'color', 'settings', 'autofocus_points', 'ISO', 'camera_type', 'long_exposure', 'weight', 'sensor_size', 'preset_modes', 'settings', 'optical_zoom', 'effects', 'resolution', 'effects', 'weight', 'color', 'ISO', 'weight', 'weight']}",C_LEAVES,DOOR,NONE,,S_RETURNS_TO_COUNTER,SERVICE_COUNTER,NONE,,
353,1,NONE,[],"{'CAMERA_1': [], 'CAMERA_2': [], 'CAMERA_3': []}",C_ENTERS,DOOR,NONE,,S_NONE,SERVICE_COUNTER,NONE,,
353,2,NONE,[],"{'CAMERA_1': [], 'CAMERA_2': [], 'CAMERA_3': []}",C_WALKS_TO_CAMERA,CAMERA_3,NONE,,S_GREETS,CAMERA_3,NONE,can I help you?,
353,3,CAMERA_2,['CAMERA_2'],"{'CAMERA_1': [], 'CAMERA_2': [], 'CAMERA_3': []}",C_LOOKING_FOR_A_CAMERA,CAMERA_3,NONE,I'm looking for a camera,S_INTRODUCES_CAMERA,CAMERA_2,,Let me show you this. Here we have the Sony Alpha a6000.,39~55
353,4,CAMERA_2,['CAMERA_2'],"{'CAMERA_1': [], 'CAMERA_2': ['color'], 'CAMERA_3': []}",C_SILENT_OR_BACKCHANNEL,CAMERA_2,NONE,alright,S_INTRODUCES_FEATURE,CAMERA_2,color,"This one comes in white, silver, black.",18~38
353,5,CAMERA_3,"['CAMERA_2', 'CAMERA_3']","{'CAMERA_1': [], 'CAMERA_2': ['color'], 'CAMERA_3': []}",C_ANYTHING_ELSE_AVAILABLE,CAMERA_2,NONE,ok do you have any other cameras,S_INTRODUCES_CAMERA,CAMERA_3,,Let me show you this. Here we have the Canon EOS 5D Mark III.,39~60
353,6,CAMERA_3,"['CAMERA_2', 'CAMERA_3']","{'CAMERA_1': [], 'CAMERA_2': ['color'], 'CAMERA_3': ['settings']}",C_QUESTION_ABOUT_FEATURE,CAMERA_3,settings,what kind of settings does it have,S_ANSWERS_QUESTION_ABOUT_FEATURE,CAMERA_3,settings,This one has full manual control.,13~32
353,7,NONE,"['CAMERA_2', 'CAMERA_3']","{'CAMERA_1': [], 'CAMERA_2': ['color'], 'CAMERA_3': ['settings']}",C_THANK_YOU,CAMERA_3,NONE,thank you for your help,S_THANK_YOU,CAMERA_3,NONE,thank you very much,
353,8,NONE,"['CAMERA_2', 'CAMERA_3']","{'CAMERA_1': [], 'CAMERA_2': ['color'], 'CAMERA_3': ['settings']}",C_LEAVES,DOOR,NONE,,S_RETURNS_TO_COUNTER,SERVICE_COUNTER,NONE,,
354,1,NONE,[],"{'CAMERA_1': [], 'CAMERA_2': [], 'CAMERA_3': []}",C_ENTERS,DOOR,NONE,,S_NONE,SERVICE_COUNTER,NONE,,
354,2,NONE,[],"{'CAMERA_1': [], 'CAMERA_2': [], 'CAMERA_3': []}",C_WALKS_TO_CAMERA,CAMERA_1,NONE,,S_GREETS,CAMERA_1,NONE,can I help you?,
354,3,CAMERA_2,['CAMERA_2'],"{'CAMERA_1': [], 'CAMERA_2': [], 'CAMERA_3': []}",C_LOOKING_FOR_A_CAMERA,CAMERA_1,NONE,I'm looking for a camera,S_INTRODUCES_CAMERA,CAMERA_2,,Let me show you this. Here we have the Sony Alpha a6000.,39~55
354,4,CAMERA_2,['CAMERA_2'],"{'CAMERA_1': [], 'CAMERA_2': ['price'], 'CAMERA_3': []}",C_SILENT_OR_BACKCHANNEL,CAMERA_2,NONE,alright,S_INTRODUCES_FEATURE,CAMERA_2,price,This one costs $1341.,15~20
354,5,CAMERA_2,['CAMERA_2'],"{'CAMERA_1': [], 'CAMERA_2': ['price', 'ISO'], 'CAMERA_3': []}",C_SILENT_OR_BACKCHANNEL,CAMERA_2,NONE,alright,S_INTRODUCES_FEATURE,CAMERA_2,ISO,This one has up to 3200 ISO with little noise.,13~45
354,6,CAMERA_2,['CAMERA_2'],"{'CAMERA_1': [], 'CAMERA_2': ['price', 'ISO', 'sensor_size'], 'CAMERA_3': []}",C_SILENT_OR_BACKCHANNEL,CAMERA_2,NONE,I see,S_INTRODUCES_FEATURE,CAMERA_2,sensor_size,This one has a APS-C sensor (crop sensor).,15~41
354,7,CAMERA_2,['CAMERA_2'],"{'CAMERA_1': [], 'CAMERA_2': ['price', 'ISO', 'sensor_size', 'autofocus_points'], 'CAMERA_3': []}",C_SILENT_OR_BACKCHANNEL,CAMERA_2,NONE,I see,S_INTRODUCES_FEATURE,CAMERA_2,autofocus_points,This one has 179 autofocus points.,13~33
354,8,NONE,['CAMERA_2'],"{'CAMERA_1': [], 'CAMERA_2': ['price', 'ISO', 'sensor_size', 'autofocus_points'], 'CAMERA_3': []}",C_THANK_YOU,CAMERA_2,NONE,thank you for your help,S_THANK_YOU,CAMERA_2,NONE,thank you very much,
354,9,NONE,['CAMERA_2'],"{'CAMERA_1': [], 'CAMERA_2': ['price', 'ISO', 'sensor_size', 'autofocus_points'], 'CAMERA_3': []}",C_LEAVES,DOOR,NONE,,S_RETURNS_TO_COUNTER,SERVICE_COUNTER,NONE,,
355,1,NONE,[],"{'CAMERA_1': [], 'CAMERA_2': [], 'CAMERA_3': []}",C_ENTERS,DOOR,NONE,,S_NONE,SERVICE_COUNTER,NONE,,
355,2,NONE,[],"{'CAMERA_1': [], 'CAMERA_2': [], 'CAMERA_3': []}",C_GREETS,MIDDLE,NONE,hello,S_GREETS,MIDDLE,NONE,can I help you?,
355,3,CAMERA_2,['CAMERA_2'],"{'CAMERA_1': [], 'CAMERA_2': [], 'CAMERA_3': []}",C_LOOKING_FOR_A_CAMERA,MIDDLE,NONE,I'm looking for a camera,S_INTRODUCES_CAMERA,CAMERA_2,,Let me show you this. Here we have the Sony Alpha a6000.,39~55
355,4,CAMERA_2,['CAMERA_2'],"{'CAMERA_1': [], 'CAMERA_2': ['color'], 'CAMERA_3': []}",C_QUESTION_ABOUT_FEATURE,CAMERA_2,color,what colors does this one come in,S_ANSWERS_QUESTION_ABOUT_FEATURE,CAMERA_2,color,"This one comes in white, silver, black.",18~38
355,5,CAMERA_2,['CAMERA_2'],"{'CAMERA_1': [], 'CAMERA_2': ['color', 'sensor_size'], 'CAMERA_3': []}",C_QUESTION_ABOUT_FEATURE,CAMERA_2,sensor_size,what is the sensor size,S_ANSWERS_QUESTION_ABOUT_FEATURE,CAMERA_2,sensor_size,This one has a APS-C sensor (crop sensor).,15~41
355,6,CAMERA_2,['CAMERA_2'],"{'CAMERA_1': [], 'CAMERA_2': ['color', 'sensor_size', 'settings'], 'CAMERA_3': []}",C_QUESTION_ABOUT_FEATURE,CAMERA_2,settings,what kind of settings does it have,S_ANSWERS_QUESTION_ABOUT_FEATURE,CAMERA_2,settings,This one has full manual control.,13~32
355,7,CAMERA_2,['CAMERA_2'],"{'CAMERA_1': [], 'CAMERA_2': ['color', 'sensor_size', 'settings', 'price'], 'CAMERA_3': []}",C_SILENT_OR_BACKCHANNEL,CAMERA_2,NONE,okay,S_INTRODUCES_FEATURE,CAMERA_2,price,This one costs $1341.,15~20
355,8,CAMERA_2,['CAMERA_2'],"{'CAMERA_1': [], 'CAMERA_2': ['color', 'sensor_size', 'settings', 'price', 'resolution'], 'CAMERA_3': []}",C_QUESTION_ABOUT_FEATURE,CAMERA_2,resolution,what is the resolution,S_NOT_SURE,CAMERA_2,,I'm not really sure about that,
355,9,CAMERA_2,['CAMERA_2'],"{'CAMERA_1': [], 'CAMERA_2': ['color', 'sensor_size', 'settings', 'price', 'resolution', 'effects'], 'CAMERA_3': []}",C_SILENT_OR_BACKCHANNEL,CAMERA_2,NONE,alright,S_INTRODUCES_FEATURE,CAMERA_2,effects,"This one has 13 artistic effect modes (e.g. toy camera, soft focus).",13~67
355,10,CAMERA_2,['CAMERA_2'],"{'CAMERA_1': [], 'CAMERA_2': ['color', 'sensor_size', 'settings', 'price', 'resolution', 'effects', 'long_exposure'], 'CAMERA_3': []}",C_SILENT_OR_BACKCHANNEL,CAMERA_2,NONE,I see,S_INTRODUCES_FEATURE,CAMERA_2,long_exposure,This one can take long exposures up to up to 30 seconds.,39~55
355,11,NONE,['CAMERA_2'],"{'CAMERA_1': [], 'CAMERA_2': ['color', 'sensor_size', 'settings', 'price', 'resolution', 'effects', 'long_exposure'], 'CAMERA_3': []}",C_THANK_YOU,CAMERA_2,NONE,thank you for your help,S_THANK_YOU,CAMERA_2,NONE,thank you very much,
355,12,NONE,['CAMERA_2'],"{'CAMERA_1': [], 'CAMERA_2': ['color', 'sensor_size', 'settings', 'price', 'resolution', 'effects', 'long_exposure'], 'CAMERA_3': []}",C_LEAVES,DOOR,NONE,,S_RETURNS_TO_COUNTER,SERVICE_COUNTER,NONE,,
356,1,NONE,[],"{'CAMERA_1': [], 'CAMERA_2': [], 'CAMERA_3': []}",C_ENTERS,DOOR,NONE,,S_NONE,SERVICE_COUNTER,NONE,,
356,2,NONE,[],"{'CAMERA_1': [], 'CAMERA_2': [], 'CAMERA_3': []}",C_GREETS,MIDDLE,NONE,hello,S_GREETS,MIDDLE,NONE,can I help you?,
356,3,CAMERA_1,['CAMERA_1'],"{'CAMERA_1': [], 'CAMERA_2': [], 'CAMERA_3': []}",C_LOOKING_FOR_A_CAMERA,MIDDLE,NONE,I'm looking for a camera,S_INTRODUCES_CAMERA,CAMERA_1,,Let me show you this. Here we have the Nikon Coolpix S2800.,39~58
356,4,CAMERA_1,['CAMERA_1'],"{'CAMERA_1': ['color'], 'CAMERA_2': [], 'CAMERA_3': []}",C_QUESTION_ABOUT_FEATURE,CAMERA_1,color,what colors does this one come in,S_ANSWERS_QUESTION_ABOUT_FEATURE,CAMERA_1,color,"This one comes in purple, pink, black, silver, red.",18~50
356,5,NONE,['CAMERA_1'],"{'CAMERA_1': ['color'], 'CAMERA_2': [], 'CAMERA_3': []}",C_THANK_YOU,CAMERA_1,NONE,thank you for your help,S_THANK_YOU,CAMERA_1,NONE,thank you very much,
356,6,NONE,['CAMERA_1'],"{'CAMERA_1': ['color'], 'CAMERA_2': [], 'CAMERA_3': []}",C_LEAVES,DOOR,NONE,,S_RETURNS_TO_COUNTER,SERVICE_COUNTER,NONE,,
357,1,NONE,[],"{'CAMERA_1': [], 'CAMERA_2': [], 'CAMERA_3': []}",C_ENTERS,DOOR,NONE,,S_NONE,SERVICE_COUNTER,NONE,,
357,2,NONE,[],"{'CAMERA_1': [], 'CAMERA_2': [], 'CAMERA_3': []}",C_WALKS_TO_CAMERA,CAMERA_2,NONE,,S_GREETS,CAMERA_2,NONE,can I help you?,
357,3,CAMERA_1,['CAMERA_1'],"{'CAMERA_1': [], 'CAMERA_2': [], 'CAMERA_3': []}",C_LOOKING_FOR_A_CAMERA,CAMERA_2,NONE,I'm looking for a camera,S_INTRODUCES_CAMERA,CAMERA_1,,Let me show you this. Here we have the Nikon Coolpix S2800.,39~58
357,4,CAMERA_1,['CAMERA_1'],"{'CAMERA_1': ['settings'], 'CAMERA_2': [], 'CAMERA_3': []}",C_QUESTION_ABOUT_FEATURE,CAMERA_1,settings,what kind of settings does it have,S_ANSWERS_QUESTION_ABOUT_FEATURE,CAMERA_1,settings,This one has limited manual settings.,13~36
357,5,CAMERA_1,['CAMERA_1'],"{'CAMERA_1': ['settings', 'sensor_size'], 'CAMERA_2': [], 'CAMERA_3': []}",C_QUESTION_ABOUT_FEATURE,CAMERA_1,sensor_size,what is the sensor size,S_NOT_SURE,CAMERA_1,,I'm not really sure about that,
357,6,NONE,['CAMERA_1'],"{'CAMERA_1': ['settings', 'sensor_size'], 'CAMERA_2': [], 'CAMERA_3': []}",C_THANK_YOU,CAMERA_1,NONE,thank you for your help,S_THANK_YOU,CAMERA_1,NONE,thank you very much,
357,7,NONE,['CAMERA_1'],"{'CAMERA_1': ['settings', 'sensor_size'], 'CAMERA_2': [], 'CAMERA_3': []}",C_LEAVES,DOOR,NONE,,S_RETURNS_TO_COUNTER,SERVICE_COUNTER,NONE,,
358,1,NONE,[],"{'CAMERA_1': [], 'CAMERA_2': [], 'CAMERA_3': []}",C_ENTERS,DOOR,NONE,,S_NONE,SERVICE_COUNTER,NONE,,
358,2,NONE,[],"{'CAMERA_1': [], 'CAMERA_2': [], 'CAMERA_3': []}",C_GREETS,MIDDLE,NONE,hello,S_GREETS,MIDDLE,NONE,can I help you?,
358,3,CAMERA_2,['CAMERA_2'],"{'CAMERA_1': [], 'CAMERA_2': [], 'CAMERA_3': []}",C_LOOKING_FOR_A_CAMERA,MIDDLE,NONE,I'm looking for a camera,S_INTRODUCES_CAMERA,CAMERA_2,,Let me show you this. Here we have the Sony Alpha a6000.,39~55
358,4,CAMERA_2,['CAMERA_2'],"{'CAMERA_1': [], 'CAMERA_2': ['preset_modes'], 'CAMERA_3': []}",C_QUESTION_ABOUT_FEATURE,CAMERA_2,preset_modes,does it have preset modes,S_ANSWERS_QUESTION_ABOUT_FEATURE,CAMERA_2,preset_modes,"This one has 9 preset modes (e.g. beach, snow, night, portrait).",13~63
358,5,CAMERA_2,['CAMERA_2'],"{'CAMERA_1': [], 'CAMERA_2': ['preset_modes', 'color'], 'CAMERA_3': []}",C_QUESTION_ABOUT_FEATURE,CAMERA_2,color,what colors does this one come in,S_ANSWERS_QUESTION_ABOUT_FEATURE,CAMERA_2,color,"This one comes in white, silver, black.",18~38
358,6,CAMERA_2,['CAMERA_2'],"{'CAMERA_1': [], 'CAMERA_2': ['preset_modes', 'color', 'sensor_size'], 'CAMERA_3': []}",C_SILENT_OR_BACKCHANNEL,CAMERA_2,NONE,alright,S_INTRODUCES_FEATURE,CAMERA_2,sensor_size,This one has a APS-C sensor (crop sensor).,15~41
358,7,CAMERA_3,"['CAMERA_2', 'CAMERA_3']","{'CAMERA_1': [], 'CAMERA_2': ['preset_modes', 'color', 'sensor_size'], 'CAMERA_3': []}",C_ANYTHING_ELSE_AVAILABLE,CAMERA_2,NONE,ok do you have any other cameras,S_INTRODUCES_CAMERA,CAMERA_3,,Let me show you this. Here we have the Canon EOS 5D Mark III.,39~60
358,8,CAMERA_3,"['CAMERA_2', 'CAMERA_3']","{'CAMERA_1': [], 'CAMERA_2': ['preset_modes', 'color', 'sensor_size'], 'CAMERA_3': ['resolution']}",C_QUESTION_ABOUT_FEATURE,CAMERA_3,resolution,what is the resolution,S_NOT_SURE,CAMERA_3,,I'm not really sure about that,
358,9,CAMERA_3,"['CAMERA_2', 'CAMERA_3']","{'CAMERA_1': [], 'CAMERA_2': ['preset_modes', 'color', 'sensor_size'], 'CAMERA_3': ['resolution', 'price']}",C_QUESTION_ABOUT_FEATURE,CAMERA_3,price,how much does it cost,S_ANSWERS_QUESTION_ABOUT_FEATURE,CAMERA_3,price,This one costs $3706.,15~20
358,10,CAMERA_3,"['CAMERA_2', 'CAMERA_3']","{'CAMERA_1': [], 'CAMERA_2': ['preset_modes', 'color', 'sensor_size'], 'CAMERA_3': ['resolution', 'price', 'settings']}",C_QUESTION_ABOUT_FEATURE,CAMERA_3,settings,what kind of settings does it have,S_ANSWERS_QUESTION_ABOUT_FEATURE,CAMERA_3,settings,This one has full manual control.,13~32
358,11,CAMERA_1,"['CAMERA_2', 'CAMERA_3', 'CAMERA_1']","{'CAMERA_1': [], 'CAMERA_2': ['preset_modes', 'color', 'sensor_size'], 'CAMERA_3': ['resolution', 'price', 'settings']}",C_ANYTHING_ELSE_AVAILABLE,CAMERA_3,NONE,ok do you have any other cameras,S_INTRODUCES_CAMERA,CAMERA_1,,Let me show you this. Here we have the Nikon Coolpix S2800.,39~58
358,12,CAMERA_1,"['CAMERA_2', 'CAMERA_3', 'CAMERA_1']","{'CAMERA_1': ['optical_zoom'], 'CAMERA_2': ['preset_modes', 'color', 'sensor_size'], 'CAMERA_3': ['resolution', 'price', 'settings']}",C_SILENT_OR_BACKCHANNEL,CAMERA_1,NONE,alright,S_INTRODUCES_FEATURE,CAMERA_1,optical_zoom,This one has 5x optical zoom.,13~28
358,13,CAMERA_1,"['CAMERA_2', 'CAMERA_3', 'CAMERA_1']","{'CAMERA_1': ['optical_zoom', 'color'], 'CAMERA_2': ['preset_modes', 'color', 'sensor_size'], 'CAMERA_3': ['resolution', 'price', 'settings']}",C_SILENT_OR_BACKCHANNEL,CAMERA_1,NONE,I see,S_INTRODUCES_FEATURE,CAMERA_1,color,"This one comes in purple, pink, black, silver, red.",18~50
358,14,,"['CAMERA_2', 'CAMERA_3', 'CAMERA_1']","{'CAMERA_1': ['optical_zoom', 'color'], 'CAMERA_2': ['preset_modes', 'color', 'sensor_size'], 'CAMERA_3': ['resolution', 'price', 'settings']}",C_ANYTHING_ELSE_AVAILABLE,CAMERA_1,NONE,ok do you have any other cameras,S_THATS_ALL_WE_HAVE_AVAILABLE,CAMERA_1,,That’s all we have available at the moment.,
358,15,NONE,"['CAMERA_2', 'CAMERA_3', 'CAMERA_1']","{'CAMERA_1': ['optical_zoom', 'color'], 'CAMERA_2': ['preset_modes', 'color', 'sensor_size'], 'CAMERA_3': ['resolution', 'price', 'settings']}",C_THANK_YOU,CAMERA_1,NONE,thank you for your help,S_THANK_YOU,CAMERA_1,NONE,thank you very much,
358,16,NONE,"['CAMERA_2', 'CAMERA_3', 'CAMERA_1']","{'CAMERA_1': ['optical_zoom', 'color'], 'CAMERA_2': ['preset_modes', 'color', 'sensor_size'], 'CAMERA_3': ['resolution', 'price', 'settings']}",C_LEAVES,DOOR,NONE,,S_RETURNS_TO_COUNTER,SERVICE_COUNTER,NONE,,
359,1,NONE,[],"{'CAMERA_1': [], 'CAMERA_2': [], 'CAMERA_3': []}",C_ENTERS,DOOR,NONE,,S_NONE,SERVICE_COUNTER,NONE,,
359,2,NONE,[],"{'CAMERA_1': [], 'CAMERA_2': [], 'CAMERA_3': []}",C_WALKS_TO_CAMERA,CAMERA_3,NONE,,S_GREETS,CAMERA_3,NONE,can I help you?,
359,3,CAMERA_3,['CAMERA_3'],"{'CAMERA_1': [], 'CAMERA_2': [], 'CAMERA_3': []}",C_LOOKING_FOR_A_CAMERA,CAMERA_3,NONE,I'm looking for a camera,S_INTRODUCES_CAMERA,CAMERA_3,,Let me show you this. Here we have the Canon EOS 5D Mark III.,39~60
359,4,CAMERA_3,['CAMERA_3'],"{'CAMERA_1': [], 'CAMERA_2': [], 'CAMERA_3': ['sensor_size']}",C_SILENT_OR_BACKCHANNEL,CAMERA_3,NONE,alright,S_INTRODUCES_FEATURE,CAMERA_3,sensor_size,This one has a full frame.,15~25
359,5,NONE,['CAMERA_3'],"{'CAMERA_1': [], 'CAMERA_2': [], 'CAMERA_3': ['sensor_size']}",C_THANK_YOU,CAMERA_3,NONE,thank you for your help,S_THANK_YOU,CAMERA_3,NONE,thank you very much,
359,6,NONE,['CAMERA_3'],"{'CAMERA_1': [], 'CAMERA_2': [], 'CAMERA_3': ['sensor_size']}",C_LEAVES,DOOR,NONE,,S_RETURNS_TO_COUNTER,SERVICE_COUNTER,NONE,,
360,1,NONE,[],"{'CAMERA_1': [], 'CAMERA_2': [], 'CAMERA_3': []}",C_ENTERS,DOOR,NONE,,S_NONE,SERVICE_COUNTER,NONE,,
360,2,NONE,[],"{'CAMERA_1': [], 'CAMERA_2': [], 'CAMERA_3': []}",C_GREETS,MIDDLE,NONE,hello,S_GREETS,MIDDLE,NONE,can I help you?,
360,3,CAMERA_2,['CAMERA_2'],"{'CAMERA_1': [], 'CAMERA_2': [], 'CAMERA_3': []}",C_LOOKING_FOR_A_CAMERA,MIDDLE,NONE,I'm looking for a camera,S_INTRODUCES_CAMERA,CAMERA_2,,Let me show you this. Here we have the Sony Alpha a6000.,39~55
360,4,CAMERA_2,['CAMERA_2'],"{'CAMERA_1': [], 'CAMERA_2': ['long_exposure'], 'CAMERA_3': []}",C_SILENT_OR_BACKCHANNEL,CAMERA_2,NONE,I see,S_INTRODUCES_FEATURE,CAMERA_2,long_exposure,This one can take long exposures up to up to 30 seconds.,39~55
360,5,CAMERA_2,['CAMERA_2'],"{'CAMERA_1': [], 'CAMERA_2': ['long_exposure', 'camera_type'], 'CAMERA_3': []}",C_QUESTION_ABOUT_FEATURE,CAMERA_2,camera_type,what kind of camera is this,S_ANSWERS_QUESTION_ABOUT_FEATURE,CAMERA_2,camera_type,This is a mirrorless camera.,10~20
360,6,CAMERA_2,['CAMERA_2'],"{'CAMERA_1': [], 'CAMERA_2': ['long_exposure', 'camera_type', 'effects'], 'CAMERA_3': []}",C_SILENT_OR_BACKCHANNEL,CAMERA_2,NONE,I see,S_INTRODUCES_FEATURE,CAMERA_2,effects,"This one has 13 artistic effect modes (e.g. toy camera, soft focus).",13~67
360,7,CAMERA_2,['CAMERA_2'],"{'CAMERA_1': [], 'CAMERA_2': ['long_exposure', 'camera_type', 'effects', 'resolution'], 'CAMERA_3': []}",C_QUESTION_ABOUT_FEATURE,CAMERA_2,resolution,what is the resolution,S_NOT_SURE,CAMERA_2,,I'm not really sure about that,
360,8,CAMERA_2,['CAMERA_2'],"{'CAMERA_1': [], 'CAMERA_2': ['long_exposure', 'camera_type', 'effects', 'resolution', 'color'], 'CAMERA_3': []}",C_SILENT_OR_BACKCHANNEL,CAMERA_2,NONE,okay,S_INTRODUCES_FEATURE,CAMERA_2,color,"This one comes in white, silver, black.",18~38
360,9,NONE,['CAMERA_2'],"{'CAMERA_1': [], 'CAMERA_2': ['long_exposure', 'camera_type', 'effects', 'resolution', 'color'], 'CAMERA_3': []}",C_THANK_YOU,CAMERA_2,NONE,thank you for your help,S_THANK_YOU,CAMERA_2,NONE,thank you very much,
360,10,NONE,['CAMERA_2'],"{'CAMERA_1': [], 'CAMERA_2': ['long_exposure', 'camera_type', 'effects', 'resolution', 'color'], 'CAMERA_3': []}",C_LEAVES,DOOR,NONE,,S_RETURNS_TO_COUNTER,SERVICE_COUNTER,NONE,,
361,1,NONE,[],"{'CAMERA_1': [], 'CAMERA_2': [], 'CAMERA_3': []}",C_ENTERS,DOOR,NONE,,S_NONE,SERVICE_COUNTER,NONE,,
361,2,NONE,[],"{'CAMERA_1': [], 'CAMERA_2': [], 'CAMERA_3': []}",C_WALKS_TO_CAMERA,CAMERA_2,NONE,,S_NONE,SERVICE_COUNTER,NONE,,
361,3,NONE,[],"{'CAMERA_1': [], 'CAMERA_2': [], 'CAMERA_3': []}",C_EXAMINES_CAMERA,CAMERA_2,NONE,,S_GREETS,CAMERA_2,NONE,can I help you?,
361,4,CAMERA_2,['CAMERA_2'],"{'CAMERA_1': [], 'CAMERA_2': [], 'CAMERA_3': []}",C_LOOKING_FOR_A_CAMERA,CAMERA_2,NONE,I'm looking for a camera,S_INTRODUCES_CAMERA,CAMERA_2,,Let me show you this. Here we have the Sony Alpha a6000.,39~55
361,5,CAMERA_2,['CAMERA_2'],"{'CAMERA_1': [], 'CAMERA_2': ['sensor_size'], 'CAMERA_3': []}",C_QUESTION_ABOUT_FEATURE,CAMERA_2,sensor_size,what is the sensor size,S_ANSWERS_QUESTION_ABOUT_FEATURE,CAMERA_2,sensor_size,This one has a APS-C sensor (crop sensor).,15~41
361,6,CAMERA_2,['CAMERA_2'],"{'CAMERA_1': [], 'CAMERA_2': ['sensor_size', 'color'], 'CAMERA_3': []}",C_SILENT_OR_BACKCHANNEL,CAMERA_2,NONE,I see,S_INTRODUCES_FEATURE,CAMERA_2,color,"This one comes in white, silver, black.",18~38
361,7,CAMERA_2,['CAMERA_2'],"{'CAMERA_1': [], 'CAMERA_2': ['sensor_size', 'color', 'camera_type'], 'CAMERA_3': []}",C_QUESTION_ABOUT_FEATURE,CAMERA_2,camera_type,what kind of camera is this,S_ANSWERS_QUESTION_ABOUT_FEATURE,CAMERA_2,camera_type,This is a mirrorless camera.,10~20
361,8,CAMERA_2,['CAMERA_2'],"{'CAMERA_1': [], 'CAMERA_2': ['sensor_size', 'color', 'camera_type', 'ISO'], 'CAMERA_3': []}",C_SILENT_OR_BACKCHANNEL,CAMERA_2,NONE,alright,S_INTRODUCES_FEATURE,CAMERA_2,ISO,This one has up to 3200 ISO with little noise.,13~45
361,9,NONE,['CAMERA_2'],"{'CAMERA_1': [], 'CAMERA_2': ['sensor_size', 'color', 'camera_type', 'ISO'], 'CAMERA_3': []}",C_THANK_YOU,CAMERA_2,NONE,thank you for your help,S_THANK_YOU,CAMERA_2,NONE,thank you very much,
361,10,NONE,['CAMERA_2'],"{'CAMERA_1': [], 'CAMERA_2': ['sensor_size', 'color', 'camera_type', 'ISO'], 'CAMERA_3': []}",C_LEAVES,DOOR,NONE,,S_RETURNS_TO_COUNTER,SERVICE_COUNTER,NONE,,
362,1,NONE,[],"{'CAMERA_1': [], 'CAMERA_2': [], 'CAMERA_3': []}",C_ENTERS,DOOR,NONE,,S_NONE,SERVICE_COUNTER,NONE,,
362,2,NONE,[],"{'CAMERA_1': [], 'CAMERA_2': [], 'CAMERA_3': []}",C_GREETS,MIDDLE,NONE,hello,S_GREETS,MIDDLE,NONE,can I help you?,
362,3,CAMERA_3,['CAMERA_3'],"{'CAMERA_1': [], 'CAMERA_2': [], 'CAMERA_3': []}",C_LOOKING_FOR_A_CAMERA,MIDDLE,NONE,I'm looking for a camera,S_INTRODUCES_CAMERA,CAMERA_3,,Let me show you this. Here we have the Canon EOS 5D Mark III.,39~60
362,4,CAMERA_3,['CAMERA_3'],"{'CAMERA_1': [], 'CAMERA_2': [], 'CAMERA_3': ['color']}",C_QUESTION_ABOUT_FEATURE,CAMERA_3,color,what colors does this one come in,S_ANSWERS_QUESTION_ABOUT_FEATURE,CAMERA_3,color,This one comes in black.,18~23
362,5,CAMERA_3,['CAMERA_3'],"{'CAMERA_1': [], 'CAMERA_2': [], 'CAMERA_3': ['color', 'settings']}",C_SILENT_OR_BACKCHANNEL,CAMERA_3,NONE,I see,S_INTRODUCES_FEATURE,CAMERA_3,settings,This one has full manual control.,13~32
362,6,NONE,['CAMERA_3'],"{'CAMERA_1': [], 'CAMERA_2': [], 'CAMERA_3': ['color', 'settings']}",C_THANK_YOU,CAMERA_3,NONE,thank you for your help,S_THANK_YOU,CAMERA_3,NONE,thank you very much,
362,7,NONE,['CAMERA_3'],"{'CAMERA_1': [], 'CAMERA_2': [], 'CAMERA_3': ['color', 'settings']}",C_LEAVES,DOOR,NONE,,S_RETURNS_TO_COUNTER,SERVICE_COUNTER,NONE,,
363,1,NONE,[],"{'CAMERA_1': [], 'CAMERA_2': [], 'CAMERA_3': []}",C_ENTERS,DOOR,NONE,,S_NONE,SERVICE_COUNTER,NONE,,
363,2,NONE,[],"{'CAMERA_1': [], 'CAMERA_2': [], 'CAMERA_3': []}",C_WALKS_TO_CAMERA,CAMERA_3,NONE,,S_GREETS,CAMERA_3,NONE,can I help you?,
363,3,CAMERA_2,['CAMERA_2'],"{'CAMERA_1': [], 'CAMERA_2': [], 'CAMERA_3': []}",C_LOOKING_FOR_A_CAMERA,CAMERA_3,NONE,I'm looking for a camera,S_INTRODUCES_CAMERA,CAMERA_2,,Let me show you this. Here we have the Sony Alpha a6000.,39~55
363,4,CAMERA_2,['CAMERA_2'],"{'CAMERA_1': [], 'CAMERA_2': ['settings'], 'CAMERA_3': []}",C_SILENT_OR_BACKCHANNEL,CAMERA_2,NONE,okay,S_INTRODUCES_FEATURE,CAMERA_2,settings,This one has full manual control.,13~32
363,5,CAMERA_2,['CAMERA_2'],"{'CAMERA_1': [], 'CAMERA_2': ['settings', 'ISO'], 'CAMERA_3': []}",C_SILENT_OR_BACKCHANNEL,CAMERA_2,NONE,I see,S_INTRODUCES_FEATURE,CAMERA_2,ISO,This one has up to 3200 ISO with little noise.,13~45
363,6,CAMERA_2,['CAMERA_2'],"{'CAMERA_1': [], 'CAMERA_2': ['settings', 'ISO', 'sensor_size'], 'CAMERA_3': []}",C_QUESTION_ABOUT_FEATURE,CAMERA_2,sensor_size,what is the sensor size,S_ANSWERS_QUESTION_ABOUT_FEATURE,CAMERA_2,sensor_size,This one has a APS-C sensor (crop sensor).,15~41
363,7,CAMERA_2,['CAMERA_2'],"{'CAMERA_1': [], 'CAMERA_2': ['settings', 'ISO', 'sensor_size', 'effects'], 'CAMERA_3': []}",C_QUESTION_ABOUT_FEATURE,CAMERA_2,effects,does it have any effect modes,S_ANSWERS_QUESTION_ABOUT_FEATURE,CAMERA_2,effects,"This one has 13 artistic effect modes (e.g. toy camera, soft focus).",13~67
363,8,NONE,['CAMERA_2'],"{'CAMERA_1': [], 'CAMERA_2': ['settings', 'ISO', 'sensor_size', 'effects'], 'CAMERA_3': []}",C_THANK_YOU,CAMERA_2,NONE,thank you for your help,S_THANK_YOU,CAMERA_2,NONE,thank you very much,
363,9,NONE,['CAMERA_2'],"{'CAMERA_1': [], 'CAMERA_2': ['settings', 'ISO', 'sensor_size', 'effects'], 'CAMERA_3': []}",C_LEAVES,DOOR,NONE,,S_RETURNS_TO_COUNTER,SERVICE_COUNTER,NONE,,
364,1,NONE,[],"{'CAMERA_1': [], 'CAMERA_2': [], 'CAMERA_3': []}",C_ENTERS,DOOR,NONE,,S_NONE,SERVICE_COUNTER,NONE,,
364,2,NONE,[],"{'CAMERA_1': [], 'CAMERA_2': [], 'CAMERA_3': []}",C_GREETS,MIDDLE,NONE,hello,S_GREETS,MIDDLE,NONE,can I help you?,
364,3,CAMERA_2,['CAMERA_2'],"{'CAMERA_1': [], 'CAMERA_2': [], 'CAMERA_3': []}",C_LOOKING_FOR_A_CAMERA,MIDDLE,NONE,I'm looking for a camera,S_INTRODUCES_CAMERA,CAMERA_2,,Let me show you this. Here we have the Sony Alpha a6000.,39~55
364,4,CAMERA_2,['CAMERA_2'],"{'CAMERA_1': [], 'CAMERA_2': ['sensor_size'], 'CAMERA_3': []}",C_QUESTION_ABOUT_FEATURE,CAMERA_2,sensor_size,what is the sensor size,S_ANSWERS_QUESTION_ABOUT_FEATURE,CAMERA_2,sensor_size,This one has a APS-C sensor (crop sensor).,15~41
364,5,CAMERA_2,['CAMERA_2'],"{'CAMERA_1': [], 'CAMERA_2': ['sensor_size', 'weight'], 'CAMERA_3': []}",C_SILENT_OR_BACKCHANNEL,CAMERA_2,NONE,I see,S_INTRODUCES_FEATURE,CAMERA_2,weight,This one weighs 470 grams.,16~25
364,6,CAMERA_2,['CAMERA_2'],"{'CAMERA_1': [], 'CAMERA_2': ['sensor_size', 'weight', 'autofocus_points'], 'CAMERA_3': []}",C_QUESTION_ABOUT_FEATURE,CAMERA_2,autofocus_points,how many autofocus points does it have,S_ANSWERS_QUESTION_ABOUT_FEATURE,CAMERA_2,autofocus_points,This one has 179 autofocus points.,13~33
364,7,CAMERA_2,['CAMERA_2'],"{'CAMERA_1': [], 'CAMERA_2': ['sensor_size', 'weight', 'autofocus_points', 'effects'], 'CAMERA_3': []}",C_QUESTION_ABOUT_FEATURE,CAMERA_2,effects,does it have any effect modes,S_ANSWERS_QUESTION_ABOUT_FEATURE,CAMERA_2,effects,"This one has 13 artistic effect modes (e.g. toy camera, soft focus).",13~67
364,8,CAMERA_1,"['CAMERA_2', 'CAMERA_1']","{'CAMERA_1': [], 'CAMERA_2': ['sensor_size', 'weight', 'autofocus_points', 'effects'], 'CAMERA_3': []}",C_ANYTHING_ELSE_AVAILABLE,CAMERA_2,NONE,ok do you have any other cameras,S_INTRODUCES_CAMERA,CAMERA_1,,Let me show you this. Here we have the Nikon Coolpix S2800.,39~58
364,9,CAMERA_1,"['CAMERA_2', 'CAMERA_1']","{'CAMERA_1': ['price'], 'CAMERA_2': ['sensor_size', 'weight', 'autofocus_points', 'effects'], 'CAMERA_3': []}",C_SILENT_OR_BACKCHANNEL,CAMERA_1,NONE,alright,S_INTRODUCES_FEATURE,CAMERA_1,price,This one costs $2173.,15~20
364,10,NONE,"['CAMERA_2', 'CAMERA_1']","{'CAMERA_1': ['price'], 'CAMERA_2': ['sensor_size', 'weight', 'autofocus_points', 'effects'], 'CAMERA_3': []}",C_THANK_YOU,CAMERA_1,NONE,thank you for your help,S_THANK_YOU,CAMERA_1,NONE,thank you very much,
364,11,NONE,"['CAMERA_2', 'CAMERA_1']","{'CAMERA_1': ['price'], 'CAMERA_2': ['sensor_size', 'weight', 'autofocus_points', 'effects'], 'CAMERA_3': []}",C_LEAVES,DOOR,NONE,,S_RETURNS_TO_COUNTER,SERVICE_COUNTER,NONE,,
365,1,NONE,[],"{'CAMERA_1': [], 'CAMERA_2': [], 'CAMERA_3': []}",C_ENTERS,DOOR,NONE,,S_NONE,SERVICE_COUNTER,NONE,,
365,2,NONE,[],"{'CAMERA_1': [], 'CAMERA_2': [], 'CAMERA_3': []}",C_WALKS_TO_CAMERA,CAMERA_3,NONE,,S_NONE,SERVICE_COUNTER,NONE,,
365,3,CAMERA_3,['CAMERA_3'],"{'CAMERA_1': [], 'CAMERA_2': [], 'CAMERA_3': ['camera_type']}",C_QUESTION_ABOUT_FEATURE,CAMERA_3,camera_type,what kind of camera is this,S_ANSWERS_QUESTION_ABOUT_FEATURE,CAMERA_3,camera_type,This is a DSLR camera.,10~14
365,4,CAMERA_3,['CAMERA_3'],"{'CAMERA_1': [], 'CAMERA_2': [], 'CAMERA_3': ['camera_type', 'autofocus_points']}",C_SILENT_OR_BACKCHANNEL,CAMERA_3,NONE,I see,S_INTRODUCES_FEATURE,CAMERA_3,autofocus_points,This one has 61 autofocus points.,13~32
365,5,CAMERA_3,['CAMERA_3'],"{'CAMERA_1': [], 'CAMERA_2': [], 'CAMERA_3': ['camera_type', 'autofocus_points', 'weight']}",C_QUESTION_ABOUT_FEATURE,CAMERA_3,weight,how much does this one weigh,S_ANSWERS_QUESTION_ABOUT_FEATURE,CAMERA_3,weight,This one weighs 950 grams (only body).,16~37
365,6,CAMERA_3,['CAMERA_3'],"{'CAMERA_1': [], 'CAMERA_2': [], 'CAMERA_3': ['camera_type', 'autofocus_points', 'weight', 'effects']}",C_QUESTION_ABOUT_FEATURE,CAMERA_3,effects,does it have any effect modes,S_NOT_SURE,CAMERA_3,,I'm not really sure about that,
365,7,CAMERA_3,['CAMERA_3'],"{'CAMERA_1': [], 'CAMERA_2': [], 'CAMERA_3': ['camera_type', 'autofocus_points', 'weight', 'effects', 'price']}",C_QUESTION_ABOUT_FEATURE,CAMERA_3,price,how much does it cost,S_ANSWERS_QUESTION_ABOUT_FEATURE,CAMERA_3,price,This one costs $3706.,15~20
365,8,CAMERA_3,['CAMERA_3'],"{'CAMERA_1': [], 'CAMERA_2': [], 'CAMERA_3': ['camera_type', 'autofocus_points', 'weight', 'effects', 'price', 'ISO']}",C_QUESTION_ABOUT_FEATURE,CAMERA_3,ISO,what is the ISO,S_ANSWERS_QUESTION_ABOUT_FEATURE,CAMERA_3,ISO,This one has up to 6400 ISO with little noise.,13~45
365,9,CAMERA_3,['CAMERA_3'],"{'CAMERA_1': [], 'CAMERA_2': [], 'CAMERA_3': ['camera_type', 'autofocus_points', 'weight', 'effects', 'price', 'ISO', 'settings']}",C_SILENT_OR_BACKCHANNEL,CAMERA_3,NONE,okay,S_INTRODUCES_FEATURE,CAMERA_3,settings,This one has full manual control.,13~32
365,10,NONE,['CAMERA_3'],"{'CAMERA_1': [], 'CAMERA_2': [], 'CAMERA_3': ['camera_type', 'autofocus_points', 'weight', 'effects', 'price', 'ISO', 'settings']}",C_THANK_YOU,CAMERA_3,NONE,thank you for your help,S_THANK_YOU,CAMERA_3,NONE,thank you very much,
365,11,NONE,['CAMERA_3'],"{'CAMERA_1': [], 'CAMERA_2': [], 'CAMERA_3': ['camera_type', 'autofocus_points', 'weight', 'effects', 'price', 'ISO', 'settings']}",C_LEAVES,DOOR,NONE,,S_RETURNS_TO_COUNTER,SERVICE_COUNTER,NONE,,
366,1,NONE,[],"{'CAMERA_1': [], 'CAMERA_2': [], 'CAMERA_3': []}",C_ENTERS,DOOR,NONE,,S_NONE,SERVICE_COUNTER,NONE,,
366,2,NONE,[],"{'CAMERA_1': [], 'CAMERA_2': [], 'CAMERA_3': []}",C_WALKS_TO_CAMERA,CAMERA_1,NONE,,S_GREETS,CAMERA_1,NONE,can I help you?,
366,3,CAMERA_1,['CAMERA_1'],"{'CAMERA_1': [], 'CAMERA_2': [], 'CAMERA_3': []}",C_LOOKING_FOR_A_CAMERA,CAMERA_1,NONE,I'm looking for a camera,S_INTRODUCES_CAMERA,CAMERA_1,,Let me show you this. Here we have the Nikon Coolpix S2800.,39~58
366,4,CAMERA_1,['CAMERA_1'],"{'CAMERA_1': ['settings'], 'CAMERA_2': [], 'CAMERA_3': []}",C_QUESTION_ABOUT_FEATURE,CAMERA_1,settings,what kind of settings does it have,S_ANSWERS_QUESTION_ABOUT_FEATURE,CAMERA_1,settings,This one has limited manual settings.,13~36
366,5,CAMERA_1,['CAMERA_1'],"{'CAMERA_1': ['settings', 'weight'], 'CAMERA_2': [], 'CAMERA_3': []}",C_SILENT_OR_BACKCHANNEL,CAMERA_1,NONE,I see,S_INTRODUCES_FEATURE,CAMERA_1,weight,This one weighs 120 grams.,16~25
366,6,CAMERA_1,['CAMERA_1'],"{'CAMERA_1': ['settings', 'weight', 'preset_modes'], 'CAMERA_2': [], 'CAMERA_3': []}",C_SILENT_OR_BACKCHANNEL,CAMERA_1,NONE,I see,S_INTRODUCES_FEATURE,CAMERA_1,preset_modes,"This one has 18 preset modes (e.g. beach, snow, night portrait).",13~63
366,7,NONE,['CAMERA_1'],"{'CAMERA_1': ['settings', 'weight', 'preset_modes'], 'CAMERA_2': [], 'CAMERA_3': []}",C_THANK_YOU,CAMERA_1,NONE,thank you for your help,S_THANK_YOU,CAMERA_1,NONE,thank you very much,
366,8,NONE,['CAMERA_1'],"{'CAMERA_1': ['settings', 'weight', 'preset_modes'], 'CAMERA_2': [], 'CAMERA_3': []}",C_LEAVES,DOOR,NONE,,S_RETURNS_TO_COUNTER,SERVICE_COUNTER,NONE,,
367,1,NONE,[],"{'CAMERA_1': [], 'CAMERA_2': [], 'CAMERA_3': []}",C_ENTERS,DOOR,NONE,,S_NONE,SERVICE_COUNTER,NONE,,
367,2,NONE,[],"{'CAMERA_1': [], 'CAMERA_2': [], 'CAMERA_3': []}",C_WALKS_TO_CAMERA,CAMERA_2,NONE,,S_GREETS,CAMERA_2,NONE,can I help you?,
367,3,CAMERA_1,['CAMERA_1'],"{'CAMERA_1': [], 'CAMERA_2': [], 'CAMERA_3': []}",C_LOOKING_FOR_A_CAMERA,CAMERA_2,NONE,I'm looking for a camera,S_INTRODUCES_CAMERA,CAMERA_1,,Let me show you this. Here we have the Nikon Coolpix S2800.,39~58
367,4,CAMERA_1,['CAMERA_1'],"{'CAMERA_1': ['ISO'], 'CAMERA_2': [], 'CAMERA_3': []}",C_QUESTION_ABOUT_FEATURE,CAMERA_1,ISO,what is the ISO,S_NOT_SURE,CAMERA_1,,I'm not really sure about that,
367,5,CAMERA_1,['CAMERA_1'],"{'CAMERA_1': ['ISO', 'price'], 'CAMERA_2': [], 'CAMERA_3': []}",C_SILENT_OR_BACKCHANNEL,CAMERA_1,NONE,I see,S_INTRODUCES_FEATURE,CAMERA_1,price,This one costs $2173.,15~20
367,6,CAMERA_1,['CAMERA_1'],"{'CAMERA_1': ['ISO', 'price', 'autofocus_points'], 'CAMERA_2': [], 'CAMERA_3': []}",C_QUESTION_ABOUT_FEATURE,CAMERA_1,autofocus_points,how many autofocus points does it have,S_NOT_SURE,CAMERA_1,,I'm not really sure about that,
367,7,CAMERA_1,['CAMERA_1'],"{'CAMERA_1': ['ISO', 'price', 'autofocus_points', 'settings'], 'CAMERA_2': [], 'CAMERA_3': []}",C_SILENT_OR_BACKCHANNEL,CAMERA_1,NONE,I see,S_INTRODUCES_FEATURE,CAMERA_1,settings,This one has limited manual settings.,13~36
367,8,NONE,['CAMERA_1'],"{'CAMERA_1': ['ISO', 'price', 'autofocus_points', 'settings'], 'CAMERA_2': [], 'CAMERA_3': []}",C_THANK_YOU,CAMERA_1,NONE,thank you for your help,S_THANK_YOU,CAMERA_1,NONE,thank you very much,
367,9,NONE,['CAMERA_1'],"{'CAMERA_1': ['ISO', 'price', 'autofocus_points', 'settings'], 'CAMERA_2': [], 'CAMERA_3': []}",C_LEAVES,DOOR,NONE,,S_RETURNS_TO_COUNTER,SERVICE_COUNTER,NONE,,
368,1,NONE,[],"{'CAMERA_1': [], 'CAMERA_2': [], 'CAMERA_3': []}",C_ENTERS,DOOR,NONE,,S_NONE,SERVICE_COUNTER,NONE,,
368,2,NONE,[],"{'CAMERA_1': [], 'CAMERA_2': [], 'CAMERA_3': []}",C_WALKS_TO_CAMERA,CAMERA_2,NONE,,S_NONE,SERVICE_COUNTER,NONE,,
368,3,CAMERA_2,['CAMERA_2'],"{'CAMERA_1': [], 'CAMERA_2': ['resolution'], 'CAMERA_3': []}",C_QUESTION_ABOUT_FEATURE,CAMERA_2,resolution,what is the resolution,S_NOT_SURE,CAMERA_2,,I'm not really sure about that,
368,4,CAMERA_1,"['CAMERA_2', 'CAMERA_1']","{'CAMERA_1': [], 'CAMERA_2': ['resolution'], 'CAMERA_3': []}",C_ANYTHING_ELSE_AVAILABLE,CAMERA_2,NONE,ok do you have any other cameras,S_INTRODUCES_CAMERA,CAMERA_1,,Let me show you this. Here we have the Nikon Coolpix S2800.,39~58
368,5,CAMERA_1,"['CAMERA_2', 'CAMERA_1']","{'CAMERA_1': ['effects'], 'CAMERA_2': ['resolution'], 'CAMERA_3': []}",C_SILENT_OR_BACKCHANNEL,CAMERA_1,NONE,okay,S_INTRODUCES_FEATURE,CAMERA_1,effects,"This one has 12 glamor retouch effects (e.g. skin softening, small face, big eyes).",13~82
368,6,CAMERA_1,"['CAMERA_2', 'CAMERA_1']","{'CAMERA_1': ['effects', 'optical_zoom'], 'CAMERA_2': ['resolution'], 'CAMERA_3': []}",C_SILENT_OR_BACKCHANNEL,CAMERA_1,NONE,I see,S_INTRODUCES_FEATURE,CAMERA_1,optical_zoom,This one has 5x optical zoom.,13~28
368,7,CAMERA_1,"['CAMERA_2', 'CAMERA_1']","{'CAMERA_1': ['effects', 'optical_zoom', 'resolution'], 'CAMERA_2': ['resolution'], 'CAMERA_3': []}",C_QUESTION_ABOUT_FEATURE,CAMERA_1,resolution,what is the resolution,S_ANSWERS_QUESTION_ABOUT_FEATURE,CAMERA_1,resolution,This one has 20.1 megapixels resolution.,13~28
368,8,CAMERA_3,"['CAMERA_2', 'CAMERA_1', 'CAMERA_3']","{'CAMERA_1': ['effects', 'optical_zoom', 'resolution'], 'CAMERA_2': ['resolution'], 'CAMERA_3': []}",C_ANYTHING_ELSE_AVAILABLE,CAMERA_1,NONE,ok do you have any other cameras,S_INTRODUCES_CAMERA,CAMERA_3,,Let me show you this. Here we have the Canon EOS 5D Mark III.,39~60
368,9,CAMERA_3,"['CAMERA_2', 'CAMERA_1', 'CAMERA_3']","{'CAMERA_1': ['effects', 'optical_zoom', 'resolution'], 'CAMERA_2': ['resolution'], 'CAMERA_3': ['long_exposure']}",C_SILENT_OR_BACKCHANNEL,CAMERA_3,NONE,alright,S_INTRODUCES_FEATURE,CAMERA_3,long_exposure,"This one can take long exposures up to up to 30 seconds, bulb mode: expose as long as you want.",39~94
368,10,CAMERA_3,"['CAMERA_2', 'CAMERA_1', 'CAMERA_3']","{'CAMERA_1': ['effects', 'optical_zoom', 'resolution'], 'CAMERA_2': ['resolution'], 'CAMERA_3': ['long_exposure', 'sensor_size']}",C_QUESTION_ABOUT_FEATURE,CAMERA_3,sensor_size,what is the sensor size,S_ANSWERS_QUESTION_ABOUT_FEATURE,CAMERA_3,sensor_size,This one has a full frame.,15~25
368,11,CAMERA_3,"['CAMERA_2', 'CAMERA_1', 'CAMERA_3']","{'CAMERA_1': ['effects', 'optical_zoom', 'resolution'], 'CAMERA_2': ['resolution'], 'CAMERA_3': ['long_exposure', 'sensor_size', 'resolution']}",C_QUESTION_ABOUT_FEATURE,CAMERA_3,resolution,what is the resolution,S_NOT_SURE,CAMERA_3,,I'm not really sure about that,
368,12,CAMERA_3,"['CAMERA_2', 'CAMERA_1', 'CAMERA_3']","{'CAMERA_1': ['effects', 'optical_zoom', 'resolution'], 'CAMERA_2': ['resolution'], 'CAMERA_3': ['long_exposure', 'sensor_size', 'resolution', 'color']}",C_QUESTION_ABOUT_FEATURE,CAMERA_3,color,what colors does this one come in,S_ANSWERS_QUESTION_ABOUT_FEATURE,CAMERA_3,color,This one comes in black.,18~23
368,13,CAMERA_3,"['CAMERA_2', 'CAMERA_1', 'CAMERA_3']","{'CAMERA_1': ['effects', 'optical_zoom', 'resolution'], 'CAMERA_2': ['resolution'], 'CAMERA_3': ['long_exposure', 'sensor_size', 'resolution', 'color', 'effects']}",C_QUESTION_ABOUT_FEATURE,CAMERA_3,effects,does it have any effect modes,S_NOT_SURE,CAMERA_3,,I'm not really sure about that,
368,14,CAMERA_3,"['CAMERA_2', 'CAMERA_1', 'CAMERA_3']","{'CAMERA_1': ['effects', 'optical_zoom', 'resolution'], 'CAMERA_2': ['resolution'], 'CAMERA_3': ['long_exposure', 'sensor_size', 'resolution', 'color', 'effects', 'weight']}",C_QUESTION_ABOUT_FEATURE,CAMERA_3,weight,how much does this one weigh,S_ANSWERS_QUESTION_ABOUT_FEATURE,CAMERA_3,weight,This one weighs 950 grams (only body).,16~37
368,15,CAMERA_3,"['CAMERA_2', 'CAMERA_1', 'CAMERA_3']","{'CAMERA_1': ['effects', 'optical_zoom', 'resolution'], 'CAMERA_2': ['resolution'], 'CAMERA_3': ['long_exposure', 'sensor_size', 'resolution', 'color', 'effects', 'weight', 'settings']}",C_QUESTION_ABOUT_FEATURE,CAMERA_3,settings,what kind of settings does it have,S_ANSWERS_QUESTION_ABOUT_FEATURE,CAMERA_3,settings,This one has full manual control.,13~32
368,16,NONE,"['CAMERA_2', 'CAMERA_1', 'CAMERA_3']","{'CAMERA_1': ['effects', 'optical_zoom', 'resolution'], 'CAMERA_2': ['resolution'], 'CAMERA_3': ['long_exposure', 'sensor_size', 'resolution', 'color', 'effects', 'weight', 'settings']}",C_THANK_YOU,CAMERA_3,NONE,thank you for your help,S_THANK_YOU,CAMERA_3,NONE,thank you very much,
368,17,NONE,"['CAMERA_2', 'CAMERA_1', 'CAMERA_3']","{'CAMERA_1': ['effects', 'optical_zoom', 'resolution'], 'CAMERA_2': ['resolution'], 'CAMERA_3': ['long_exposure', 'sensor_size', 'resolution', 'color', 'effects', 'weight', 'settings']}",C_LEAVES,DOOR,NONE,,S_RETURNS_TO_COUNTER,SERVICE_COUNTER,NONE,,
369,1,NONE,[],"{'CAMERA_1': [], 'CAMERA_2': [], 'CAMERA_3': []}",C_ENTERS,DOOR,NONE,,S_NONE,SERVICE_COUNTER,NONE,,
369,2,NONE,[],"{'CAMERA_1': [], 'CAMERA_2': [], 'CAMERA_3': []}",C_GREETS,MIDDLE,NONE,hello,S_GREETS,MIDDLE,NONE,can I help you?,
369,3,CAMERA_1,['CAMERA_1'],"{'CAMERA_1': [], 'CAMERA_2': [], 'CAMERA_3': []}",C_LOOKING_FOR_A_CAMERA,MIDDLE,NONE,I'm looking for a camera,S_INTRODUCES_CAMERA,CAMERA_1,,Let me show you this. Here we have the Nikon Coolpix S2800.,39~58
369,4,CAMERA_1,['CAMERA_1'],"{'CAMERA_1': ['optical_zoom'], 'CAMERA_2': [], 'CAMERA_3': []}",C_QUESTION_ABOUT_FEATURE,CAMERA_1,optical_zoom,does it have optical zoom,S_ANSWERS_QUESTION_ABOUT_FEATURE,CAMERA_1,optical_zoom,This one has 5x optical zoom.,13~28
369,5,CAMERA_1,['CAMERA_1'],"{'CAMERA_1': ['optical_zoom', 'camera_type'], 'CAMERA_2': [], 'CAMERA_3': []}",C_QUESTION_ABOUT_FEATURE,CAMERA_1,camera_type,what kind of camera is this,S_ANSWERS_QUESTION_ABOUT_FEATURE,CAMERA_1,camera_type,This is a point and shoot camera.,10~25
369,6,CAMERA_1,['CAMERA_1'],"{'CAMERA_1': ['optical_zoom', 'camera_type', 'effects'], 'CAMERA_2': [], 'CAMERA_3': []}",C_QUESTION_ABOUT_FEATURE,CAMERA_1,effects,does it have any effect modes,S_ANSWERS_QUESTION_ABOUT_FEATURE,CAMERA_1,effects,"This one has 12 glamor retouch effects (e.g. skin softening, small face, big eyes).",13~82
369,7,CAMERA_1,['CAMERA_1'],"{'CAMERA_1': ['optical_zoom', 'camera_type', 'effects', 'weight'], 'CAMERA_2': [], 'CAMERA_3': []}",C_SILENT_OR_BACKCHANNEL,CAMERA_1,NONE,okay,S_INTRODUCES_FEATURE,CAMERA_1,weight,This one weighs 120 grams.,16~25
369,8,CAMERA_1,['CAMERA_1'],"{'CAMERA_1': ['optical_zoom', 'camera_type', 'effects', 'weight', 'ISO'], 'CAMERA_2': [], 'CAMERA_3': []}",C_QUESTION_ABOUT_FEATURE,CAMERA_1,ISO,what is the ISO,S_NOT_SURE,CAMERA_1,,I'm not really sure about that,
369,9,CAMERA_1,['CAMERA_1'],"{'CAMERA_1': ['optical_zoom', 'camera_type', 'effects', 'weight', 'ISO', 'settings'], 'CAMERA_2': [], 'CAMERA_3': []}",C_QUESTION_ABOUT_FEATURE,CAMERA_1,settings,what kind of settings does it have,S_ANSWERS_QUESTION_ABOUT_FEATURE,CAMERA_1,settings,This one has limited manual settings.,13~36
369,10,CAMERA_1,['CAMERA_1'],"{'CAMERA_1': ['optical_zoom', 'camera_type', 'effects', 'weight', 'ISO', 'settings', 'resolution'], 'CAMERA_2': [], 'CAMERA_3': []}",C_QUESTION_ABOUT_FEATURE,CAMERA_1,resolution,what is the resolution,S_ANSWERS_QUESTION_ABOUT_FEATURE,CAMERA_1,resolution,This one has 20.1 megapixels resolution.,13~28
369,11,CAMERA_1,['CAMERA_1'],"{'CAMERA_1': ['optical_zoom', 'camera_type', 'effects', 'weight', 'ISO', 'settings', 'resolution', 'color'], 'CAMERA_2': [], 'CAMERA_3': []}",C_SILENT_OR_BACKCHANNEL,CAMERA_1,NONE,I see,S_INTRODUCES_FEATURE,CAMERA_1,color,"This one comes in purple, pink, black, silver, red.",18~50
369,12,NONE,['CAMERA_1'],"{'CAMERA_1': ['optical_zoom', 'camera_type', 'effects', 'weight', 'ISO', 'settings', 'resolution', 'color'], 'CAMERA_2': [], 'CAMERA_3': []}",C_THANK_YOU,CAMERA_1,NONE,thank you for your help,S_THANK_YOU,CAMERA_1,NONE,thank you very much,
369,13,NONE,['CAMERA_1'],"{'CAMERA_1': ['optical_zoom', 'camera_type', 'effects', 'weight', 'ISO', 'settings', 'resolution', 'color'], 'CAMERA_2': [], 'CAMERA_3': []}",C_LEAVES,DOOR,NONE,,S_RETURNS_TO_COUNTER,SERVICE_COUNTER,NONE,,
370,1,NONE,[],"{'CAMERA_1': [], 'CAMERA_2': [], 'CAMERA_3': []}",C_ENTERS,DOOR,NONE,,S_NONE,SERVICE_COUNTER,NONE,,
370,2,NONE,[],"{'CAMERA_1': [], 'CAMERA_2': [], 'CAMERA_3': []}",C_WALKS_TO_CAMERA,CAMERA_2,NONE,,S_GREETS,CAMERA_2,NONE,can I help you?,
370,3,CAMERA_1,['CAMERA_1'],"{'CAMERA_1': [], 'CAMERA_2': [], 'CAMERA_3': []}",C_LOOKING_FOR_A_CAMERA,CAMERA_2,NONE,I'm looking for a camera,S_INTRODUCES_CAMERA,CAMERA_1,,Let me show you this. Here we have the Nikon Coolpix S2800.,39~58
370,4,CAMERA_1,['CAMERA_1'],"{'CAMERA_1': ['preset_modes'], 'CAMERA_2': [], 'CAMERA_3': []}",C_SILENT_OR_BACKCHANNEL,CAMERA_1,NONE,alright,S_INTRODUCES_FEATURE,CAMERA_1,preset_modes,"This one has 18 preset modes (e.g. beach, snow, night portrait).",13~63
370,5,NONE,['CAMERA_1'],"{'CAMERA_1': ['preset_modes'], 'CAMERA_2': [], 'CAMERA_3': []}",C_THANK_YOU,CAMERA_1,NONE,thank you for your help,S_THANK_YOU,CAMERA_1,NONE,thank you very much,
370,6,NONE,['CAMERA_1'],"{'CAMERA_1': ['preset_modes'], 'CAMERA_2': [], 'CAMERA_3': []}",C_LEAVES,DOOR,NONE,,S_RETURNS_TO_COUNTER,SERVICE_COUNTER,NONE,,
371,1,NONE,[],"{'CAMERA_1': [], 'CAMERA_2': [], 'CAMERA_3': []}",C_ENTERS,DOOR,NONE,,S_NONE,SERVICE_COUNTER,NONE,,
371,2,NONE,[],"{'CAMERA_1': [], 'CAMERA_2': [], 'CAMERA_3': []}",C_WALKS_TO_CAMERA,CAMERA_2,NONE,,S_GREETS,CAMERA_2,NONE,can I help you?,
371,3,CAMERA_1,['CAMERA_1'],"{'CAMERA_1': [], 'CAMERA_2': [], 'CAMERA_3': []}",C_LOOKING_FOR_A_CAMERA,CAMERA_2,NONE,I'm looking for a camera,S_INTRODUCES_CAMERA,CAMERA_1,,Let me show you this. Here we have the Nikon Coolpix S2800.,39~58
371,4,CAMERA_1,['CAMERA_1'],"{'CAMERA_1': ['color'], 'CAMERA_2': [], 'CAMERA_3': []}",C_QUESTION_ABOUT_FEATURE,CAMERA_1,color,what colors does this one come in,S_ANSWERS_QUESTION_ABOUT_FEATURE,CAMERA_1,color,"This one comes in purple, pink, black, silver, red.",18~50
371,5,CAMERA_3,"['CAMERA_1', 'CAMERA_3']","{'CAMERA_1': ['color'], 'CAMERA_2': [], 'CAMERA_3': []}",C_ANYTHING_ELSE_AVAILABLE,CAMERA_1,NONE,ok do you have any other cameras,S_INTRODUCES_CAMERA,CAMERA_3,,Let me show you this. Here we have the Canon EOS 5D Mark III.,39~60
371,6,CAMERA_3,"['CAMERA_1', 'CAMERA_3']","{'CAMERA_1': ['color'], 'CAMERA_2': [], 'CAMERA_3': ['weight']}",C_SILENT_OR_BACKCHANNEL,CAMERA_3,NONE,alright,S_INTRODUCES_FEATURE,CAMERA_3,weight,This one weighs 950 grams (only body).,16~37
371,7,NONE,"['CAMERA_1', 'CAMERA_3']","{'CAMERA_1': ['color'], 'CAMERA_2': [], 'CAMERA_3': ['weight']}",C_THANK_YOU,CAMERA_3,NONE,thank you for your help,S_THANK_YOU,CAMERA_3,NONE,thank you very much,
371,8,NONE,"['CAMERA_1', 'CAMERA_3']","{'CAMERA_1': ['color'], 'CAMERA_2': [], 'CAMERA_3': ['weight']}",C_LEAVES,DOOR,NONE,,S_RETURNS_TO_COUNTER,SERVICE_COUNTER,NONE,,
372,1,NONE,[],"{'CAMERA_1': [], 'CAMERA_2': [], 'CAMERA_3': []}",C_ENTERS,DOOR,NONE,,S_NONE,SERVICE_COUNTER,NONE,,
372,2,NONE,[],"{'CAMERA_1': [], 'CAMERA_2': [], 'CAMERA_3': []}",C_WALKS_TO_CAMERA,CAMERA_3,NONE,,S_GREETS,CAMERA_3,NONE,can I help you?,
372,3,CAMERA_2,['CAMERA_2'],"{'CAMERA_1': [], 'CAMERA_2': [], 'CAMERA_3': []}",C_LOOKING_FOR_A_CAMERA,CAMERA_3,NONE,I'm looking for a camera,S_INTRODUCES_CAMERA,CAMERA_2,,Let me show you this. Here we have the Sony Alpha a6000.,39~55
372,4,CAMERA_2,['CAMERA_2'],"{'CAMERA_1': [], 'CAMERA_2': ['color'], 'CAMERA_3': []}",C_SILENT_OR_BACKCHANNEL,CAMERA_2,NONE,I see,S_INTRODUCES_FEATURE,CAMERA_2,color,"This one comes in white, silver, black.",18~38
372,5,CAMERA_2,['CAMERA_2'],"{'CAMERA_1': [], 'CAMERA_2': ['color', 'effects'], 'CAMERA_3': []}",C_SILENT_OR_BACKCHANNEL,CAMERA_2,NONE,alright,S_INTRODUCES_FEATURE,CAMERA_2,effects,"This one has 13 artistic effect modes (e.g. toy camera, soft focus).",13~67
372,6,CAMERA_2,['CAMERA_2'],"{'CAMERA_1': [], 'CAMERA_2': ['color', 'effects', 'long_exposure'], 'CAMERA_3': []}",C_SILENT_OR_BACKCHANNEL,CAMERA_2,NONE,I see,S_INTRODUCES_FEATURE,CAMERA_2,long_exposure,This one can take long exposures up to up to 30 seconds.,39~55
372,7,CAMERA_2,['CAMERA_2'],"{'CAMERA_1': [], 'CAMERA_2': ['color', 'effects', 'long_exposure', 'settings'], 'CAMERA_3': []}",C_SILENT_OR_BACKCHANNEL,CAMERA_2,NONE,alright,S_INTRODUCES_FEATURE,CAMERA_2,settings,This one has full manual control.,13~32
372,8,CAMERA_2,['CAMERA_2'],"{'CAMERA_1': [], 'CAMERA_2': ['color', 'effects', 'long_exposure', 'settings', 'weight'], 'CAMERA_3': []}",C_QUESTION_ABOUT_FEATURE,CAMERA_2,weight,how much does this one weigh,S_ANSWERS_QUESTION_ABOUT_FEATURE,CAMERA_2,weight,This one weighs 470 grams.,16~25
372,9,CAMERA_2,['CAMERA_2'],"{'CAMERA_1': [], 'CAMERA_2': ['color', 'effects', 'long_exposure', 'settings', 'weight', 'price'], 'CAMERA_3': []}",C_SILENT_OR_BACKCHANNEL,CAMERA_2,NONE,alright,S_INTRODUCES_FEATURE,CAMERA_2,price,This one costs $1341.,15~20
372,10,NONE,['CAMERA_2'],"{'CAMERA_1': [], 'CAMERA_2': ['color', 'effects', 'long_exposure', 'settings', 'weight', 'price'], 'CAMERA_3': []}",C_THANK_YOU,CAMERA_2,NONE,thank you for your help,S_THANK_YOU,CAMERA_2,NONE,thank you very much,
372,11,NONE,['CAMERA_2'],"{'CAMERA_1': [], 'CAMERA_2': ['color', 'effects', 'long_exposure', 'settings', 'weight', 'price'], 'CAMERA_3': []}",C_LEAVES,DOOR,NONE,,S_RETURNS_TO_COUNTER,SERVICE_COUNTER,NONE,,
373,1,NONE,[],"{'CAMERA_1': [], 'CAMERA_2': [], 'CAMERA_3': []}",C_ENTERS,DOOR,NONE,,S_NONE,SERVICE_COUNTER,NONE,,
373,2,NONE,[],"{'CAMERA_1': [], 'CAMERA_2': [], 'CAMERA_3': []}",C_WALKS_TO_CAMERA,CAMERA_3,NONE,,S_NONE,SERVICE_COUNTER,NONE,,
373,3,CAMERA_3,['CAMERA_3'],"{'CAMERA_1': [], 'CAMERA_2': [], 'CAMERA_3': ['ISO']}",C_QUESTION_ABOUT_FEATURE,CAMERA_3,ISO,what is the ISO,S_ANSWERS_QUESTION_ABOUT_FEATURE,CAMERA_3,ISO,This one has up to 6400 ISO with little noise.,13~45
373,4,CAMERA_3,['CAMERA_3'],"{'CAMERA_1': [], 'CAMERA_2': [], 'CAMERA_3': ['ISO', 'price']}",C_QUESTION_ABOUT_FEATURE,CAMERA_3,price,how much does it cost,S_ANSWERS_QUESTION_ABOUT_FEATURE,CAMERA_3,price,This one costs $3706.,15~20
373,5,CAMERA_3,['CAMERA_3'],"{'CAMERA_1': [], 'CAMERA_2': [], 'CAMERA_3': ['ISO', 'price', 'effects']}",C_QUESTION_ABOUT_FEATURE,CAMERA_3,effects,does it have any effect modes,S_NOT_SURE,CAMERA_3,,I'm not really sure about that,
373,6,CAMERA_3,['CAMERA_3'],"{'CAMERA_1': [], 'CAMERA_2': [], 'CAMERA_3': ['ISO', 'price', 'effects', 'settings']}",C_QUESTION_ABOUT_FEATURE,CAMERA_3,settings,what kind of settings does it have,S_ANSWERS_QUESTION_ABOUT_FEATURE,CAMERA_3,settings,This one has full manual control.,13~32
373,7,NONE,['CAMERA_3'],"{'CAMERA_1': [], 'CAMERA_2': [], 'CAMERA_3': ['ISO', 'price', 'effects', 'settings']}",C_THANK_YOU,CAMERA_3,NONE,thank you for your help,S_THANK_YOU,CAMERA_3,NONE,thank you very much,
373,8,NONE,['CAMERA_3'],"{'CAMERA_1': [], 'CAMERA_2': [], 'CAMERA_3': ['ISO', 'price', 'effects', 'settings']}",C_LEAVES,DOOR,NONE,,S_RETURNS_TO_COUNTER,SERVICE_COUNTER,NONE,,
374,1,NONE,[],"{'CAMERA_1': [], 'CAMERA_2': [], 'CAMERA_3': []}",C_ENTERS,DOOR,NONE,,S_NONE,SERVICE_COUNTER,NONE,,
374,2,NONE,[],"{'CAMERA_1': [], 'CAMERA_2': [], 'CAMERA_3': []}",C_WALKS_TO_CAMERA,CAMERA_1,NONE,,S_GREETS,CAMERA_1,NONE,can I help you?,
374,3,CAMERA_1,['CAMERA_1'],"{'CAMERA_1': [], 'CAMERA_2': [], 'CAMERA_3': []}",C_LOOKING_FOR_A_CAMERA,CAMERA_1,NONE,I'm looking for a camera,S_INTRODUCES_CAMERA,CAMERA_1,,Let me show you this. Here we have the Nikon Coolpix S2800.,39~58
374,4,CAMERA_1,['CAMERA_1'],"{'CAMERA_1': ['sensor_size'], 'CAMERA_2': [], 'CAMERA_3': []}",C_QUESTION_ABOUT_FEATURE,CAMERA_1,sensor_size,what is the sensor size,S_NOT_SURE,CAMERA_1,,I'm not really sure about that,
374,5,CAMERA_2,"['CAMERA_1', 'CAMERA_2']","{'CAMERA_1': ['sensor_size'], 'CAMERA_2': [], 'CAMERA_3': []}",C_ANYTHING_ELSE_AVAILABLE,CAMERA_1,NONE,ok do you have any other cameras,S_INTRODUCES_CAMERA,CAMERA_2,,Let me show you this. Here we have the Sony Alpha a6000.,39~55
374,6,CAMERA_2,"['CAMERA_1', 'CAMERA_2']","{'CAMERA_1': ['sensor_size'], 'CAMERA_2': ['ISO'], 'CAMERA_3': []}",C_QUESTION_ABOUT_FEATURE,CAMERA_2,ISO,what is the ISO,S_ANSWERS_QUESTION_ABOUT_FEATURE,CAMERA_2,ISO,This one has up to 3200 ISO with little noise.,13~45
374,7,CAMERA_2,"['CAMERA_1', 'CAMERA_2']","{'CAMERA_1': ['sensor_size'], 'CAMERA_2': ['ISO', 'sensor_size'], 'CAMERA_3': []}",C_SILENT_OR_BACKCHANNEL,CAMERA_2,NONE,alright,S_INTRODUCES_FEATURE,CAMERA_2,sensor_size,This one has a APS-C sensor (crop sensor).,15~41
374,8,NONE,"['CAMERA_1', 'CAMERA_2']","{'CAMERA_1': ['sensor_size'], 'CAMERA_2': ['ISO', 'sensor_size'], 'CAMERA_3': []}",C_THANK_YOU,CAMERA_2,NONE,thank you for your help,S_THANK_YOU,CAMERA_2,NONE,thank you very much,
374,9,NONE,"['CAMERA_1', 'CAMERA_2']","{'CAMERA_1': ['sensor_size'], 'CAMERA_2': ['ISO', 'sensor_size'], 'CAMERA_3': []}",C_LEAVES,DOOR,NONE,,S_RETURNS_TO_COUNTER,SERVICE_COUNTER,NONE,,
375,1,NONE,[],"{'CAMERA_1': [], 'CAMERA_2': [], 'CAMERA_3': []}",C_ENTERS,DOOR,NONE,,S_NONE,SERVICE_COUNTER,NONE,,
375,2,NONE,[],"{'CAMERA_1': [], 'CAMERA_2': [], 'CAMERA_3': []}",C_WALKS_TO_CAMERA,CAMERA_1,NONE,,S_GREETS,CAMERA_1,NONE,can I help you?,
375,3,CAMERA_1,['CAMERA_1'],"{'CAMERA_1': [], 'CAMERA_2': [], 'CAMERA_3': []}",C_LOOKING_FOR_A_CAMERA,CAMERA_1,NONE,I'm looking for a camera,S_INTRODUCES_CAMERA,CAMERA_1,,Let me show you this. Here we have the Nikon Coolpix S2800.,39~58
375,4,CAMERA_1,['CAMERA_1'],"{'CAMERA_1': ['settings'], 'CAMERA_2': [], 'CAMERA_3': []}",C_SILENT_OR_BACKCHANNEL,CAMERA_1,NONE,okay,S_INTRODUCES_FEATURE,CAMERA_1,settings,This one has limited manual settings.,13~36
375,5,CAMERA_1,['CAMERA_1'],"{'CAMERA_1': ['settings', 'ISO'], 'CAMERA_2': [], 'CAMERA_3': []}",C_QUESTION_ABOUT_FEATURE,CAMERA_1,ISO,what is the ISO,S_NOT_SURE,CAMERA_1,,I'm not really sure about that,
375,6,CAMERA_1,['CAMERA_1'],"{'CAMERA_1': ['settings', 'ISO', 'weight'], 'CAMERA_2': [], 'CAMERA_3': []}",C_QUESTION_ABOUT_FEATURE,CAMERA_1,weight,how much does this one weigh,S_ANSWERS_QUESTION_ABOUT_FEATURE,CAMERA_1,weight,This one weighs 120 grams.,16~25
375,7,CAMERA_3,"['CAMERA_1', 'CAMERA_3']","{'CAMERA_1': ['settings', 'ISO', 'weight'], 'CAMERA_2': [], 'CAMERA_3': []}",C_ANYTHING_ELSE_AVAILABLE,CAMERA_1,NONE,ok do you have any other cameras,S_INTRODUCES_CAMERA,CAMERA_3,,Let me show you this. Here we have the Canon EOS 5D Mark III.,39~60
375,8,CAMERA_3,"['CAMERA_1', 'CAMERA_3']","{'CAMERA_1': ['settings', 'ISO', 'weight'], 'CAMERA_2': [], 'CAMERA_3': ['autofocus_points']}",C_QUESTION_ABOUT_FEATURE,CAMERA_3,autofocus_points,how many autofocus points does it have,S_ANSWERS_QUESTION_ABOUT_FEATURE,CAMERA_3,autofocus_points,This one has 61 autofocus points.,13~32
375,9,NONE,"['CAMERA_1', 'CAMERA_3']","{'CAMERA_1': ['settings', 'ISO', 'weight'], 'CAMERA_2': [], 'CAMERA_3': ['autofocus_points']}",C_THANK_YOU,CAMERA_3,NONE,thank you for your help,S_THANK_YOU,CAMERA_3,NONE,thank you very much,
375,10,NONE,"['CAMERA_1', 'CAMERA_3']","{'CAMERA_1': ['settings', 'ISO', 'weight'], 'CAMERA_2': [], 'CAMERA_3': ['autofocus_points']}",C_LEAVES,DOOR,NONE,,S_RETURNS_TO_COUNTER,SERVICE_COUNTER,NONE,,
376,1,NONE,[],"{'CAMERA_1': [], 'CAMERA_2': [], 'CAMERA_3': []}",C_ENTERS,DOOR,NONE,,S_NONE,SERVICE_COUNTER,NONE,,
376,2,NONE,[],"{'CAMERA_1': [], 'CAMERA_2': [], 'CAMERA_3': []}",C_WALKS_TO_CAMERA,CAMERA_2,NONE,,S_GREETS,CAMERA_2,NONE,can I help you?,
376,3,CAMERA_2,['CAMERA_2'],"{'CAMERA_1': [], 'CAMERA_2': [], 'CAMERA_3': []}",C_LOOKING_FOR_A_CAMERA,CAMERA_2,NONE,I'm looking for a camera,S_INTRODUCES_CAMERA,CAMERA_2,,Let me show you this. Here we have the Sony Alpha a6000.,39~55
376,4,CAMERA_2,['CAMERA_2'],"{'CAMERA_1': [], 'CAMERA_2': ['weight'], 'CAMERA_3': []}",C_SILENT_OR_BACKCHANNEL,CAMERA_2,NONE,I see,S_INTRODUCES_FEATURE,CAMERA_2,weight,This one weighs 470 grams.,16~25
376,5,NONE,['CAMERA_2'],"{'CAMERA_1': [], 'CAMERA_2': ['weight'], 'CAMERA_3': []}",C_THANK_YOU,CAMERA_2,NONE,thank you for your help,S_THANK_YOU,CAMERA_2,NONE,thank you very much,
376,6,NONE,['CAMERA_2'],"{'CAMERA_1': [], 'CAMERA_2': ['weight'], 'CAMERA_3': []}",C_LEAVES,DOOR,NONE,,S_RETURNS_TO_COUNTER,SERVICE_COUNTER,NONE,,
377,1,NONE,[],"{'CAMERA_1': [], 'CAMERA_2': [], 'CAMERA_3': []}",C_ENTERS,DOOR,NONE,,S_NONE,SERVICE_COUNTER,NONE,,
377,2,NONE,[],"{'CAMERA_1': [], 'CAMERA_2': [], 'CAMERA_3': []}",C_GREETS,MIDDLE,NONE,hello,S_GREETS,MIDDLE,NONE,can I help you?,
377,3,CAMERA_2,['CAMERA_2'],"{'CAMERA_1': [], 'CAMERA_2': [], 'CAMERA_3': []}",C_LOOKING_FOR_A_CAMERA,MIDDLE,NONE,I'm looking for a camera,S_INTRODUCES_CAMERA,CAMERA_2,,Let me show you this. Here we have the Sony Alpha a6000.,39~55
377,4,CAMERA_2,['CAMERA_2'],"{'CAMERA_1': [], 'CAMERA_2': ['settings'], 'CAMERA_3': []}",C_SILENT_OR_BACKCHANNEL,CAMERA_2,NONE,alright,S_INTRODUCES_FEATURE,CAMERA_2,settings,This one has full manual control.,13~32
377,5,CAMERA_2,['CAMERA_2'],"{'CAMERA_1': [], 'CAMERA_2': ['settings', 'sensor_size'], 'CAMERA_3': []}",C_SILENT_OR_BACKCHANNEL,CAMERA_2,NONE,alright,S_INTRODUCES_FEATURE,CAMERA_2,sensor_size,This one has a APS-C sensor (crop sensor).,15~41
377,6,CAMERA_2,['CAMERA_2'],"{'CAMERA_1': [], 'CAMERA_2': ['settings', 'sensor_size', 'effects'], 'CAMERA_3': []}",C_SILENT_OR_BACKCHANNEL,CAMERA_2,NONE,I see,S_INTRODUCES_FEATURE,CAMERA_2,effects,"This one has 13 artistic effect modes (e.g. toy camera, soft focus).",13~67
377,7,CAMERA_2,['CAMERA_2'],"{'CAMERA_1': [], 'CAMERA_2': ['settings', 'sensor_size', 'effects', 'camera_type'], 'CAMERA_3': []}",C_QUESTION_ABOUT_FEATURE,CAMERA_2,camera_type,what kind of camera is this,S_ANSWERS_QUESTION_ABOUT_FEATURE,CAMERA_2,camera_type,This is a mirrorless camera.,10~20
377,8,CAMERA_2,['CAMERA_2'],"{'CAMERA_1': [], 'CAMERA_2': ['settings', 'sensor_size', 'effects', 'camera_type', 'preset_modes'], 'CAMERA_3': []}",C_QUESTION_ABOUT_FEATURE,CAMERA_2,preset_modes,does it have preset modes,S_ANSWERS_QUESTION_ABOUT_FEATURE,CAMERA_2,preset_modes,"This one has 9 preset modes (e.g. beach, snow, night, portrait).",13~63
377,9,CAMERA_3,"['CAMERA_2', 'CAMERA_3']","{'CAMERA_1': [], 'CAMERA_2': ['settings', 'sensor_size', 'effects', 'camera_type', 'preset_modes'], 'CAMERA_3': []}",C_ANYTHING_ELSE_AVAILABLE,CAMERA_2,NONE,ok do you have any other cameras,S_INTRODUCES_CAMERA,CAMERA_3,,Let me show you this. Here we have the Canon EOS 5D Mark III.,39~60
377,10,CAMERA_3,"['CAMERA_2', 'CAMERA_3']","{'CAMERA_1': [], 'CAMERA_2': ['settings', 'sensor_size', 'effects', 'camera_type', 'preset_modes'], 'CAMERA_3': ['price']}",C_QUESTION_ABOUT_FEATURE,CAMERA_3,price,how much does it cost,S_ANSWERS_QUESTION_ABOUT_FEATURE,CAMERA_3,price,This one costs $3706.,15~20
377,11,NONE,"['CAMERA_2', 'CAMERA_3']","{'CAMERA_1': [], 'CAMERA_2': ['settings', 'sensor_size', 'effects', 'camera_type', 'preset_modes'], 'CAMERA_3': ['price']}",C_THANK_YOU,CAMERA_3,NONE,thank you for your help,S_THANK_YOU,CAMERA_3,NONE,thank you very much,
377,12,NONE,"['CAMERA_2', 'CAMERA_3']","{'CAMERA_1': [], 'CAMERA_2': ['settings', 'sensor_size', 'effects', 'camera_type', 'preset_modes'], 'CAMERA_3': ['price']}",C_LEAVES,DOOR,NONE,,S_RETURNS_TO_COUNTER,SERVICE_COUNTER,NONE,,
378,1,NONE,[],"{'CAMERA_1': [], 'CAMERA_2': [], 'CAMERA_3': []}",C_ENTERS,DOOR,NONE,,S_NONE,SERVICE_COUNTER,NONE,,
378,2,NONE,[],"{'CAMERA_1': [], 'CAMERA_2': [], 'CAMERA_3': []}",C_GREETS,MIDDLE,NONE,hello,S_GREETS,MIDDLE,NONE,can I help you?,
378,3,CAMERA_2,['CAMERA_2'],"{'CAMERA_1': [], 'CAMERA_2': [], 'CAMERA_3': []}",C_LOOKING_FOR_A_CAMERA,MIDDLE,NONE,I'm looking for a camera,S_INTRODUCES_CAMERA,CAMERA_2,,Let me show you this. Here we have the Sony Alpha a6000.,39~55
378,4,CAMERA_2,['CAMERA_2'],"{'CAMERA_1': [], 'CAMERA_2': ['long_exposure'], 'CAMERA_3': []}",C_SILENT_OR_BACKCHANNEL,CAMERA_2,NONE,alright,S_INTRODUCES_FEATURE,CAMERA_2,long_exposure,This one can take long exposures up to up to 30 seconds.,39~55
378,5,CAMERA_2,['CAMERA_2'],"{'CAMERA_1': [], 'CAMERA_2': ['long_exposure', 'price'], 'CAMERA_3': []}",C_QUESTION_ABOUT_FEATURE,CAMERA_2,price,how much does it cost,S_ANSWERS_QUESTION_ABOUT_FEATURE,CAMERA_2,price,This one costs $1341.,15~20
378,6,NONE,['CAMERA_2'],"{'CAMERA_1': [], 'CAMERA_2': ['long_exposure', 'price'], 'CAMERA_3': []}",C_THANK_YOU,CAMERA_2,NONE,thank you for your help,S_THANK_YOU,CAMERA_2,NONE,thank you very much,
378,7,NONE,['CAMERA_2'],"{'CAMERA_1': [], 'CAMERA_2': ['long_exposure', 'price'], 'CAMERA_3': []}",C_LEAVES,DOOR,NONE,,S_RETURNS_TO_COUNTER,SERVICE_COUNTER,NONE,,
379,1,NONE,[],"{'CAMERA_1': [], 'CAMERA_2': [], 'CAMERA_3': []}",C_ENTERS,DOOR,NONE,,S_NONE,SERVICE_COUNTER,NONE,,
379,2,NONE,[],"{'CAMERA_1': [], 'CAMERA_2': [], 'CAMERA_3': []}",C_GREETS,MIDDLE,NONE,hello,S_GREETS,MIDDLE,NONE,can I help you?,
379,3,CAMERA_3,['CAMERA_3'],"{'CAMERA_1': [], 'CAMERA_2': [], 'CAMERA_3': []}",C_LOOKING_FOR_A_CAMERA,MIDDLE,NONE,I'm looking for a camera,S_INTRODUCES_CAMERA,CAMERA_3,,Let me show you this. Here we have the Canon EOS 5D Mark III.,39~60
379,4,CAMERA_3,['CAMERA_3'],"{'CAMERA_1': [], 'CAMERA_2': [], 'CAMERA_3': ['camera_type']}",C_QUESTION_ABOUT_FEATURE,CAMERA_3,camera_type,what kind of camera is this,S_ANSWERS_QUESTION_ABOUT_FEATURE,CAMERA_3,camera_type,This is a DSLR camera.,10~14
379,5,CAMERA_3,['CAMERA_3'],"{'CAMERA_1': [], 'CAMERA_2': [], 'CAMERA_3': ['camera_type', 'optical_zoom']}",C_QUESTION_ABOUT_FEATURE,CAMERA_3,optical_zoom,does it have optical zoom,S_NOT_SURE,CAMERA_3,,I'm not really sure about that,
379,6,CAMERA_3,['CAMERA_3'],"{'CAMERA_1': [], 'CAMERA_2': [], 'CAMERA_3': ['camera_type', 'optical_zoom', 'ISO']}",C_QUESTION_ABOUT_FEATURE,CAMERA_3,ISO,what is the ISO,S_ANSWERS_QUESTION_ABOUT_FEATURE,CAMERA_3,ISO,This one has up to 6400 ISO with little noise.,13~45
379,7,CAMERA_3,['CAMERA_3'],"{'CAMERA_1': [], 'CAMERA_2': [], 'CAMERA_3': ['camera_type', 'optical_zoom', 'ISO', 'long_exposure']}",C_SILENT_OR_BACKCHANNEL,CAMERA_3,NONE,okay,S_INTRODUCES_FEATURE,CAMERA_3,long_exposure,"This one can take long exposures up to up to 30 seconds, bulb mode: expose as long as you want.",39~94
379,8,CAMERA_3,['CAMERA_3'],"{'CAMERA_1': [], 'CAMERA_2': [], 'CAMERA_3': ['camera_type', 'optical_zoom', 'ISO', 'long_exposure', 'sensor_size']}",C_SILENT_OR_BACKCHANNEL,CAMERA_3,NONE,okay,S_INTRODUCES_FEATURE,CAMERA_3,sensor_size,This one has a full frame.,15~25
379,9,NONE,['CAMERA_3'],"{'CAMERA_1': [], 'CAMERA_2': [], 'CAMERA_3': ['camera_type', 'optical_zoom', 'ISO', 'long_exposure', 'sensor_size']}",C_THANK_YOU,CAMERA_3,NONE,thank you for your help,S_THANK_YOU,CAMERA_3,NONE,thank you very much,
379,10,NONE,['CAMERA_3'],"{'CAMERA_1': [], 'CAMERA_2': [], 'CAMERA_3': ['camera_type', 'optical_zoom', 'ISO', 'long_exposure', 'sensor_size']}",C_LEAVES,DOOR,NONE,,S_RETURNS_TO_COUNTER,SERVICE_COUNTER,NONE,,
380,1,NONE,[],"{'CAMERA_1': [], 'CAMERA_2': [], 'CAMERA_3': []}",C_ENTERS,DOOR,NONE,,S_NONE,SERVICE_COUNTER,NONE,,
380,2,NONE,[],"{'CAMERA_1': [], 'CAMERA_2': [], 'CAMERA_3': []}",C_WALKS_TO_CAMERA,CAMERA_2,NONE,,S_GREETS,CAMERA_2,NONE,can I help you?,
380,3,CAMERA_2,['CAMERA_2'],"{'CAMERA_1': [], 'CAMERA_2': [], 'CAMERA_3': []}",C_LOOKING_FOR_A_CAMERA,CAMERA_2,NONE,I'm looking for a camera,S_INTRODUCES_CAMERA,CAMERA_2,,Let me show you this. Here we have the Sony Alpha a6000.,39~55
380,4,CAMERA_2,['CAMERA_2'],"{'CAMERA_1': [], 'CAMERA_2': ['color'], 'CAMERA_3': []}",C_QUESTION_ABOUT_FEATURE,CAMERA_2,color,what colors does this one come in,S_ANSWERS_QUESTION_ABOUT_FEATURE,CAMERA_2,color,"This one comes in white, silver, black.",18~38
380,5,NONE,['CAMERA_2'],"{'CAMERA_1': [], 'CAMERA_2': ['color'], 'CAMERA_3': []}",C_THANK_YOU,CAMERA_2,NONE,thank you for your help,S_THANK_YOU,CAMERA_2,NONE,thank you very much,
380,6,NONE,['CAMERA_2'],"{'CAMERA_1': [], 'CAMERA_2': ['color'], 'CAMERA_3': []}",C_LEAVES,DOOR,NONE,,S_RETURNS_TO_COUNTER,SERVICE_COUNTER,NONE,,
381,1,NONE,[],"{'CAMERA_1': [], 'CAMERA_2': [], 'CAMERA_3': []}",C_ENTERS,DOOR,NONE,,S_NONE,SERVICE_COUNTER,NONE,,
381,2,NONE,[],"{'CAMERA_1': [], 'CAMERA_2': [], 'CAMERA_3': []}",C_GREETS,MIDDLE,NONE,hello,S_GREETS,MIDDLE,NONE,can I help you?,
381,3,CAMERA_1,['CAMERA_1'],"{'CAMERA_1': [], 'CAMERA_2': [], 'CAMERA_3': []}",C_LOOKING_FOR_A_CAMERA,MIDDLE,NONE,I'm looking for a camera,S_INTRODUCES_CAMERA,CAMERA_1,,Let me show you this. Here we have the Nikon Coolpix S2800.,39~58
381,4,CAMERA_1,['CAMERA_1'],"{'CAMERA_1': ['price'], 'CAMERA_2': [], 'CAMERA_3': []}",C_QUESTION_ABOUT_FEATURE,CAMERA_1,price,how much does it cost,S_ANSWERS_QUESTION_ABOUT_FEATURE,CAMERA_1,price,This one costs $2173.,15~20
381,5,CAMERA_1,['CAMERA_1'],"{'CAMERA_1': ['price', 'resolution'], 'CAMERA_2': [], 'CAMERA_3': []}",C_SILENT_OR_BACKCHANNEL,CAMERA_1,NONE,okay,S_INTRODUCES_FEATURE,CAMERA_1,resolution,This one has 20.1 megapixels resolution.,13~28
381,6,CAMERA_1,['CAMERA_1'],"{'CAMERA_1': ['price', 'resolution', 'weight'], 'CAMERA_2': [], 'CAMERA_3': []}",C_SILENT_OR_BACKCHANNEL,CAMERA_1,NONE,okay,S_INTRODUCES_FEATURE,CAMERA_1,weight,This one weighs 120 grams.,16~25
381,7,CAMERA_1,['CAMERA_1'],"{'CAMERA_1': ['price', 'resolution', 'weight', 'preset_modes'], 'CAMERA_2': [], 'CAMERA_3': []}",C_SILENT_OR_BACKCHANNEL,CAMERA_1,NONE,okay,S_INTRODUCES_FEATURE,CAMERA_1,preset_modes,"This one has 18 preset modes (e.g. beach, snow, night portrait).",13~63
381,8,CAMERA_3,"['CAMERA_1', 'CAMERA_3']","{'CAMERA_1': ['price', 'resolution', 'weight', 'preset_modes'], 'CAMERA_2': [], 'CAMERA_3': []}",C_ANYTHING_ELSE_AVAILABLE,CAMERA_1,NONE,ok do you have any other cameras,S_INTRODUCES_CAMERA,CAMERA_3,,Let me show you this. Here we have the Canon EOS 5D Mark III.,39~60
381,9,CAMERA_3,"['CAMERA_1', 'CAMERA_3']","{'CAMERA_1': ['price', 'resolution', 'weight', 'preset_modes'], 'CAMERA_2': [], 'CAMERA_3': ['optical_zoom']}",C_QUESTION_ABOUT_FEATURE,CAMERA_3,optical_zoom,does it have optical zoom,S_NOT_SURE,CAMERA_3,,I'm not really sure about that,
381,10,CAMERA_3,"['CAMERA_1', 'CAMERA_3']","{'CAMERA_1': ['price', 'resolution', 'weight', 'preset_modes'], 'CAMERA_2': [], 'CAMERA_3': ['optical_zoom', 'weight']}",C_QUESTION_ABOUT_FEATURE,CAMERA_3,weight,how much does this one weigh,S_ANSWERS_QUESTION_ABOUT_FEATURE,CAMERA_3,weight,This one weighs 950 grams (only body).,16~37
381,11,CAMERA_3,"['CAMERA_1', 'CAMERA_3']","{'CAMERA_1': ['price', 'resolution', 'weight', 'preset_modes'], 'CAMERA_2': [], 'CAMERA_3': ['optical_zoom', 'weight', 'long_exposure']}",C_SILENT_OR_BACKCHANNEL,CAMERA_3,NONE,I see,S_INTRODUCES_FEATURE,CAMERA_3,long_exposure,"This one can take long exposures up to up to 30 seconds, bulb mode: expose as long as you want.",39~94
381,12,CAMERA_3,"['CAMERA_1', 'CAMERA_3']","{'CAMERA_1': ['price', 'resolution', 'weight', 'preset_modes'], 'CAMERA_2': [], 'CAMERA_3': ['optical_zoom', 'weight', 'long_exposure', 'resolution']}",C_QUESTION_ABOUT_FEATURE,CAMERA_3,resolution,what is the resolution,S_NOT_SURE,CAMERA_3,,I'm not really sure about that,
381,13,CAMERA_3,"['CAMERA_1', 'CAMERA_3']","{'CAMERA_1': ['price', 'resolution', 'weight', 'preset_modes'], 'CAMERA_2': [], 'CAMERA_3': ['optical_zoom', 'weight', 'long_exposure', 'resolution', 'color']}",C_QUESTION_ABOUT_FEATURE,CAMERA_3,color,what colors does this one come in,S_ANSWERS_QUESTION_ABOUT_FEATURE,CAMERA_3,color,This one comes in black.,18~23
381,14,CAMERA_3,"['CAMERA_1', 'CAMERA_3']","{'CAMERA_1': ['price', 'resolution', 'weight', 'preset_modes'], 'CAMERA_2': [], 'CAMERA_3': ['optical_zoom', 'weight', 'long_exposure', 'resolution', 'color', 'camera_type']}",C_SILENT_OR_BACKCHANNEL,CAMERA_3,NONE,I see,S_INTRODUCES_FEATURE,CAMERA_3,camera_type,This is a DSLR camera.,10~14
381,15,CAMERA_3,"['CAMERA_1', 'CAMERA_3']","{'CAMERA_1': ['price', 'resolution', 'weight', 'preset_modes'], 'CAMERA_2': [], 'CAMERA_3': ['optical_zoom', 'weight', 'long_exposure', 'resolution', 'color', 'camera_type', 'autofocus_points']}",C_QUESTION_ABOUT_FEATURE,CAMERA_3,autofocus_points,how many autofocus points does it have,S_ANSWERS_QUESTION_ABOUT_FEATURE,CAMERA_3,autofocus_points,This one has 61 autofocus points.,13~32
381,16,CAMERA_3,"['CAMERA_1', 'CAMERA_3']","{'CAMERA_1': ['price', 'resolution', 'weight', 'preset_modes'], 'CAMERA_2': [], 'CAMERA_3': ['optical_zoom', 'weight', 'long_exposure', 'resolution', 'color', 'camera_type', 'autofocus_points', 'price']}",C_SILENT_OR_BACKCHANNEL,CAMERA_3,NONE,okay,S_INTRODUCES_FEATURE,CAMERA_3,price,This one costs $3706.,15~20
381,17,CAMERA_3,"['CAMERA_1', 'CAMERA_3']","{'CAMERA_1': ['price', 'resolution', 'weight', 'preset_modes'], 'CAMERA_2': [], 'CAMERA_3': ['optical_zoom', 'weight', 'long_exposure', 'resolution', 'color', 'camera_type', 'autofocus_points', 'price', 'settings']}",C_QUESTION_ABOUT_FEATURE,CAMERA_3,settings,what kind of settings does it have,S_ANSWERS_QUESTION_ABOUT_FEATURE,CAMERA_3,settings,This one has full manual control.,13~32
381,18,CAMERA_3,"['CAMERA_1', 'CAMERA_3']","{'CAMERA_1': ['price', 'resolution', 'weight', 'preset_modes'], 'CAMERA_2': [], 'CAMERA_3': ['optical_zoom', 'weight', 'long_exposure', 'resolution', 'color', 'camera_type', 'autofocus_points', 'price', 'settings', 'sensor_size']}",C_QUESTION_ABOUT_FEATURE,CAMERA_3,sensor_size,what is the sensor size,S_ANSWERS_QUESTION_ABOUT_FEATURE,CAMERA_3,sensor_size,This one has a full frame.,15~25
381,19,CAMERA_3,"['CAMERA_1', 'CAMERA_3']","{'CAMERA_1': ['price', 'resolution', 'weight', 'preset_modes'], 'CAMERA_2': [], 'CAMERA_3': ['optical_zoom', 'weight', 'long_exposure', 'resolution', 'color', 'camera_type', 'autofocus_points', 'price', 'settings', 'sensor_size', 'ISO']}",C_SILENT_OR_BACKCHANNEL,CAMERA_3,NONE,I see,S_INTRODUCES_FEATURE,CAMERA_3,ISO,This one has up to 6400 ISO with little noise.,13~45
381,20,CAMERA_3,"['CAMERA_1', 'CAMERA_3']","{'CAMERA_1': ['price', 'resolution', 'weight', 'preset_modes'], 'CAMERA_2': [], 'CAMERA_3': ['optical_zoom', 'weight', 'long_exposure', 'resolution', 'color', 'camera_type', 'autofocus_points', 'price', 'settings', 'sensor_size', 'ISO', 'ISO']}",C_SILENT_OR_BACKCHANNEL,CAMERA_3,NONE,I see,S_INTRODUCES_FEATURE,CAMERA_3,ISO,This one has up to 6400 ISO with little noise.,13~45
381,21,CAMERA_3,"['CAMERA_1', 'CAMERA_3']","{'CAMERA_1': ['price', 'resolution', 'weight', 'preset_modes'], 'CAMERA_2': [], 'CAMERA_3': ['optical_zoom', 'weight', 'long_exposure', 'resolution', 'color', 'camera_type', 'autofocus_points', 'price', 'settings', 'sensor_size', 'ISO', 'ISO', 'long_exposure']}",C_SILENT_OR_BACKCHANNEL,CAMERA_3,NONE,alright,S_INTRODUCES_FEATURE,CAMERA_3,long_exposure,"This one can take long exposures up to up to 30 seconds, bulb mode: expose as long as you want.",39~94
381,22,CAMERA_3,"['CAMERA_1', 'CAMERA_3']","{'CAMERA_1': ['price', 'resolution', 'weight', 'preset_modes'], 'CAMERA_2': [], 'CAMERA_3': ['optical_zoom', 'weight', 'long_exposure', 'resolution', 'color', 'camera_type', 'autofocus_points', 'price', 'settings', 'sensor_size', 'ISO', 'ISO', 'long_exposure', 'effects']}",C_QUESTION_ABOUT_FEATURE,CAMERA_3,effects,does it have any effect modes,S_NOT_SURE,CAMERA_3,,I'm not really sure about that,
381,23,CAMERA_3,"['CAMERA_1', 'CAMERA_3']","{'CAMERA_1': ['price', 'resolution', 'weight', 'preset_modes'], 'CAMERA_2': [], 'CAMERA_3': ['optical_zoom', 'weight', 'long_exposure', 'resolution', 'color', 'camera_type', 'autofocus_points', 'price', 'settings', 'sensor_size', 'ISO', 'ISO', 'long_exposure', 'effects', 'preset_modes']}",C_QUESTION_ABOUT_FEATURE,CAMERA_3,preset_modes,does it have preset modes,S_NOT_SURE,CAMERA_3,,I'm not really sure about that,
381,24,CAMERA_3,"['CAMERA_1', 'CAMERA_3']","{'CAMERA_1': ['price', 'resolution', 'weight', 'preset_modes'], 'CAMERA_2': [], 'CAMERA_3': ['optical_zoom', 'weight', 'long_exposure', 'resolution', 'color', 'camera_type', 'autofocus_points', 'price', 'settings', 'sensor_size', 'ISO', 'ISO', 'long_exposure', 'effects', 'preset_modes', 'price']}",C_SILENT_OR_BACKCHANNEL,CAMERA_3,NONE,I see,S_INTRODUCES_FEATURE,CAMERA_3,price,This one costs $3706.,15~20
381,25,CAMERA_3,"['CAMERA_1', 'CAMERA_3']","{'CAMERA_1': ['price', 'resolution', 'weight', 'preset_modes'], 'CAMERA_2': [], 'CAMERA_3': ['optical_zoom', 'weight', 'long_exposure', 'resolution', 'color', 'camera_type', 'autofocus_points', 'price', 'settings', 'sensor_size', 'ISO', 'ISO', 'long_exposure', 'effects', 'preset_modes', 'price', 'price']}",C_QUESTION_ABOUT_FEATURE,CAMERA_3,price,how much does it cost,S_ANSWERS_QUESTION_ABOUT_FEATURE,CAMERA_3,price,This one costs $3706.,15~20
381,26,CAMERA_3,"['CAMERA_1', 'CAMERA_3']","{'CAMERA_1': ['price', 'resolution', 'weight', 'preset_modes'], 'CAMERA_2': [], 'CAMERA_3': ['optical_zoom', 'weight', 'long_exposure', 'resolution', 'color', 'camera_type', 'autofocus_points', 'price', 'settings', 'sensor_size', 'ISO', 'ISO', 'long_exposure', 'effects', 'preset_modes', 'price', 'price', 'price']}",C_QUESTION_ABOUT_FEATURE,CAMERA_3,price,how much does it cost,S_ANSWERS_QUESTION_ABOUT_FEATURE,CAMERA_3,price,This one costs $3706.,15~20
381,27,CAMERA_3,"['CAMERA_1', 'CAMERA_3']","{'CAMERA_1': ['price', 'resolution', 'weight', 'preset_modes'], 'CAMERA_2': [], 'CAMERA_3': ['optical_zoom', 'weight', 'long_exposure', 'resolution', 'color', 'camera_type', 'autofocus_points', 'price', 'settings', 'sensor_size', 'ISO', 'ISO', 'long_exposure', 'effects', 'preset_modes', 'price', 'price', 'price', 'long_exposure']}",C_SILENT_OR_BACKCHANNEL,CAMERA_3,NONE,okay,S_INTRODUCES_FEATURE,CAMERA_3,long_exposure,"This one can take long exposures up to up to 30 seconds, bulb mode: expose as long as you want.",39~94
381,28,CAMERA_3,"['CAMERA_1', 'CAMERA_3']","{'CAMERA_1': ['price', 'resolution', 'weight', 'preset_modes'], 'CAMERA_2': [], 'CAMERA_3': ['optical_zoom', 'weight', 'long_exposure', 'resolution', 'color', 'camera_type', 'autofocus_points', 'price', 'settings', 'sensor_size', 'ISO', 'ISO', 'long_exposure', 'effects', 'preset_modes', 'price', 'price', 'price', 'long_exposure', 'settings']}",C_QUESTION_ABOUT_FEATURE,CAMERA_3,settings,what kind of settings does it have,S_ANSWERS_QUESTION_ABOUT_FEATURE,CAMERA_3,settings,This one has full manual control.,13~32
381,29,CAMERA_2,"['CAMERA_1', 'CAMERA_3', 'CAMERA_2']","{'CAMERA_1': ['price', 'resolution', 'weight', 'preset_modes'], 'CAMERA_2': [], 'CAMERA_3': ['optical_zoom', 'weight', 'long_exposure', 'resolution', 'color', 'camera_type', 'autofocus_points', 'price', 'settings', 'sensor_size', 'ISO', 'ISO', 'long_exposure', 'effects', 'preset_modes', 'price', 'price', 'price', 'long_exposure', 'settings']}",C_ANYTHING_ELSE_AVAILABLE,CAMERA_3,NONE,ok do you have any other cameras,S_INTRODUCES_CAMERA,CAMERA_2,,Let me show you this. Here we have the Sony Alpha a6000.,39~55
381,30,CAMERA_2,"['CAMERA_1', 'CAMERA_3', 'CAMERA_2']","{'CAMERA_1': ['price', 'resolution', 'weight', 'preset_modes'], 'CAMERA_2': ['effects'], 'CAMERA_3': ['optical_zoom', 'weight', 'long_exposure', 'resolution', 'color', 'camera_type', 'autofocus_points', 'price', 'settings', 'sensor_size', 'ISO', 'ISO', 'long_exposure', 'effects', 'preset_modes', 'price', 'price', 'price', 'long_exposure', 'settings']}",C_QUESTION_ABOUT_FEATURE,CAMERA_2,effects,does it have any effect modes,S_ANSWERS_QUESTION_ABOUT_FEATURE,CAMERA_2,effects,"This one has 13 artistic effect modes (e.g. toy camera, soft focus).",13~67
381,31,NONE,"['CAMERA_1', 'CAMERA_3', 'CAMERA_2']","{'CAMERA_1': ['price', 'resolution', 'weight', 'preset_modes'], 'CAMERA_2': ['effects'], 'CAMERA_3': ['optical_zoom', 'weight', 'long_exposure', 'resolution', 'color', 'camera_type', 'autofocus_points', 'price', 'settings', 'sensor_size', 'ISO', 'ISO', 'long_exposure', 'effects', 'preset_modes', 'price', 'price', 'price', 'long_exposure', 'settings']}",C_THANK_YOU,CAMERA_2,NONE,thank you for your help,S_THANK_YOU,CAMERA_2,NONE,thank you very much,
381,32,NONE,"['CAMERA_1', 'CAMERA_3', 'CAMERA_2']","{'CAMERA_1': ['price', 'resolution', 'weight', 'preset_modes'], 'CAMERA_2': ['effects'], 'CAMERA_3': ['optical_zoom', 'weight', 'long_exposure', 'resolution', 'color', 'camera_type', 'autofocus_points', 'price', 'settings', 'sensor_size', 'ISO', 'ISO', 'long_exposure', 'effects', 'preset_modes', 'price', 'price', 'price', 'long_exposure', 'settings']}",C_LEAVES,DOOR,NONE,,S_RETURNS_TO_COUNTER,SERVICE_COUNTER,NONE,,
382,1,NONE,[],"{'CAMERA_1': [], 'CAMERA_2': [], 'CAMERA_3': []}",C_ENTERS,DOOR,NONE,,S_NONE,SERVICE_COUNTER,NONE,,
382,2,NONE,[],"{'CAMERA_1': [], 'CAMERA_2': [], 'CAMERA_3': []}",C_WALKS_TO_CAMERA,CAMERA_3,NONE,,S_GREETS,CAMERA_3,NONE,can I help you?,
382,3,CAMERA_1,['CAMERA_1'],"{'CAMERA_1': [], 'CAMERA_2': [], 'CAMERA_3': []}",C_LOOKING_FOR_A_CAMERA,CAMERA_3,NONE,I'm looking for a camera,S_INTRODUCES_CAMERA,CAMERA_1,,Let me show you this. Here we have the Nikon Coolpix S2800.,39~58
382,4,CAMERA_1,['CAMERA_1'],"{'CAMERA_1': ['weight'], 'CAMERA_2': [], 'CAMERA_3': []}",C_QUESTION_ABOUT_FEATURE,CAMERA_1,weight,how much does this one weigh,S_ANSWERS_QUESTION_ABOUT_FEATURE,CAMERA_1,weight,This one weighs 120 grams.,16~25
382,5,CAMERA_1,['CAMERA_1'],"{'CAMERA_1': ['weight', 'resolution'], 'CAMERA_2': [], 'CAMERA_3': []}",C_SILENT_OR_BACKCHANNEL,CAMERA_1,NONE,I see,S_INTRODUCES_FEATURE,CAMERA_1,resolution,This one has 20.1 megapixels resolution.,13~28
382,6,CAMERA_3,"['CAMERA_1', 'CAMERA_3']","{'CAMERA_1': ['weight', 'resolution'], 'CAMERA_2': [], 'CAMERA_3': []}",C_ANYTHING_ELSE_AVAILABLE,CAMERA_1,NONE,ok do you have any other cameras,S_INTRODUCES_CAMERA,CAMERA_3,,Let me show you this. Here we have the Canon EOS 5D Mark III.,39~60
382,7,CAMERA_3,"['CAMERA_1', 'CAMERA_3']","{'CAMERA_1': ['weight', 'resolution'], 'CAMERA_2': [], 'CAMERA_3': ['effects']}",C_QUESTION_ABOUT_FEATURE,CAMERA_3,effects,does it have any effect modes,S_NOT_SURE,CAMERA_3,,I'm not really sure about that,
382,8,CAMERA_3,"['CAMERA_1', 'CAMERA_3']","{'CAMERA_1': ['weight', 'resolution'], 'CAMERA_2': [], 'CAMERA_3': ['effects', 'camera_type']}",C_QUESTION_ABOUT_FEATURE,CAMERA_3,camera_type,what kind of camera is this,S_ANSWERS_QUESTION_ABOUT_FEATURE,CAMERA_3,camera_type,This is a DSLR camera.,10~14
382,9,CAMERA_3,"['CAMERA_1', 'CAMERA_3']","{'CAMERA_1': ['weight', 'resolution'], 'CAMERA_2': [], 'CAMERA_3': ['effects', 'camera_type', 'long_exposure']}",C_SILENT_OR_BACKCHANNEL,CAMERA_3,NONE,alright,S_INTRODUCES_FEATURE,CAMERA_3,long_exposure,"This one can take long exposures up to up to 30 seconds, bulb mode: expose as long as you want.",39~94
382,10,CAMERA_3,"['CAMERA_1', 'CAMERA_3']","{'CAMERA_1': ['weight', 'resolution'], 'CAMERA_2': [], 'CAMERA_3': ['effects', 'camera_type', 'long_exposure', 'ISO']}",C_QUESTION_ABOUT_FEATURE,CAMERA_3,ISO,what is the ISO,S_ANSWERS_QUESTION_ABOUT_FEATURE,CAMERA_3,ISO,This one has up to 6400 ISO with little noise.,13~45
382,11,CAMERA_3,"['CAMERA_1', 'CAMERA_3']","{'CAMERA_1': ['weight', 'resolution'], 'CAMERA_2': [], 'CAMERA_3': ['effects', 'camera_type', 'long_exposure', 'ISO', 'settings']}",C_SILENT_OR_BACKCHANNEL,CAMERA_3,NONE,alright,S_INTRODUCES_FEATURE,CAMERA_3,settings,This one has full manual control.,13~32
382,12,CAMERA_3,"['CAMERA_1', 'CAMERA_3']","{'CAMERA_1': ['weight', 'resolution'], 'CAMERA_2': [], 'CAMERA_3': ['effects', 'camera_type', 'long_exposure', 'ISO', 'settings', 'weight']}",C_QUESTION_ABOUT_FEATURE,CAMERA_3,weight,how much does this one weigh,S_ANSWERS_QUESTION_ABOUT_FEATURE,CAMERA_3,weight,This one weighs 950 grams (only body).,16~37
382,13,CAMERA_3,"['CAMERA_1', 'CAMERA_3']","{'CAMERA_1': ['weight', 'resolution'], 'CAMERA_2': [], 'CAMERA_3': ['effects', 'camera_type', 'long_exposure', 'ISO', 'settings', 'weight', 'preset_modes']}",C_QUESTION_ABOUT_FEATURE,CAMERA_3,preset_modes,does it have preset modes,S_NOT_SURE,CAMERA_3,,I'm not really sure about that,
382,14,NONE,"['CAMERA_1', 'CAMERA_3']","{'CAMERA_1': ['weight', 'resolution'], 'CAMERA_2': [], 'CAMERA_3': ['effects', 'camera_type', 'long_exposure', 'ISO', 'settings', 'weight', 'preset_modes']}",C_THANK_YOU,CAMERA_3,NONE,thank you for your help,S_THANK_YOU,CAMERA_3,NONE,thank you very much,
382,15,NONE,"['CAMERA_1', 'CAMERA_3']","{'CAMERA_1': ['weight', 'resolution'], 'CAMERA_2': [], 'CAMERA_3': ['effects', 'camera_type', 'long_exposure', 'ISO', 'settings', 'weight', 'preset_modes']}",C_LEAVES,DOOR,NONE,,S_RETURNS_TO_COUNTER,SERVICE_COUNTER,NONE,,
383,1,NONE,[],"{'CAMERA_1': [], 'CAMERA_2': [], 'CAMERA_3': []}",C_ENTERS,DOOR,NONE,,S_NONE,SERVICE_COUNTER,NONE,,
383,2,NONE,[],"{'CAMERA_1': [], 'CAMERA_2': [], 'CAMERA_3': []}",C_GREETS,MIDDLE,NONE,hello,S_GREETS,MIDDLE,NONE,can I help you?,
383,3,CAMERA_3,['CAMERA_3'],"{'CAMERA_1': [], 'CAMERA_2': [], 'CAMERA_3': []}",C_LOOKING_FOR_A_CAMERA,MIDDLE,NONE,I'm looking for a camera,S_INTRODUCES_CAMERA,CAMERA_3,,Let me show you this. Here we have the Canon EOS 5D Mark III.,39~60
383,4,CAMERA_3,['CAMERA_3'],"{'CAMERA_1': [], 'CAMERA_2': [], 'CAMERA_3': ['color']}",C_SILENT_OR_BACKCHANNEL,CAMERA_3,NONE,alright,S_INTRODUCES_FEATURE,CAMERA_3,color,This one comes in black.,18~23
383,5,CAMERA_3,['CAMERA_3'],"{'CAMERA_1': [], 'CAMERA_2': [], 'CAMERA_3': ['color', 'price']}",C_QUESTION_ABOUT_FEATURE,CAMERA_3,price,how much does it cost,S_ANSWERS_QUESTION_ABOUT_FEATURE,CAMERA_3,price,This one costs $3706.,15~20
383,6,CAMERA_2,"['CAMERA_3', 'CAMERA_2']","{'CAMERA_1': [], 'CAMERA_2': [], 'CAMERA_3': ['color', 'price']}",C_ANYTHING_ELSE_AVAILABLE,CAMERA_3,NONE,ok do you have any other cameras,S_INTRODUCES_CAMERA,CAMERA_2,,Let me show you this. Here we have the Sony Alpha a6000.,39~55
383,7,CAMERA_2,"['CAMERA_3', 'CAMERA_2']","{'CAMERA_1': [], 'CAMERA_2': ['sensor_size'], 'CAMERA_3': ['color', 'price']}",C_QUESTION_ABOUT_FEATURE,CAMERA_2,sensor_size,what is the sensor size,S_ANSWERS_QUESTION_ABOUT_FEATURE,CAMERA_2,sensor_size,This one has a APS-C sensor (crop sensor).,15~41
383,8,CAMERA_2,"['CAMERA_3', 'CAMERA_2']","{'CAMERA_1': [], 'CAMERA_2': ['sensor_size', 'ISO'], 'CAMERA_3': ['color', 'price']}",C_QUESTION_ABOUT_FEATURE,CAMERA_2,ISO,what is the ISO,S_ANSWERS_QUESTION_ABOUT_FEATURE,CAMERA_2,ISO,This one has up to 3200 ISO with little noise.,13~45
383,9,CAMERA_2,"['CAMERA_3', 'CAMERA_2']","{'CAMERA_1': [], 'CAMERA_2': ['sensor_size', 'ISO', 'settings'], 'CAMERA_3': ['color', 'price']}",C_SILENT_OR_BACKCHANNEL,CAMERA_2,NONE,alright,S_INTRODUCES_FEATURE,CAMERA_2,settings,This one has full manual control.,13~32
383,10,CAMERA_1,"['CAMERA_3', 'CAMERA_2', 'CAMERA_1']","{'CAMERA_1': [], 'CAMERA_2': ['sensor_size', 'ISO', 'settings'], 'CAMERA_3': ['color', 'price']}",C_ANYTHING_ELSE_AVAILABLE,CAMERA_2,NONE,ok do you have any other cameras,S_INTRODUCES_CAMERA,CAMERA_1,,Let me show you this. Here we have the Nikon Coolpix S2800.,39~58
383,11,CAMERA_1,"['CAMERA_3', 'CAMERA_2', 'CAMERA_1']","{'CAMERA_1': ['resolution'], 'CAMERA_2': ['sensor_size', 'ISO', 'settings'], 'CAMERA_3': ['color', 'price']}",C_QUESTION_ABOUT_FEATURE,CAMERA_1,resolution,what is the resolution,S_ANSWERS_QUESTION_ABOUT_FEATURE,CAMERA_1,resolution,This one has 20.1 megapixels resolution.,13~28
383,12,CAMERA_1,"['CAMERA_3', 'CAMERA_2', 'CAMERA_1']","{'CAMERA_1': ['resolution', 'autofocus_points'], 'CAMERA_2': ['sensor_size', 'ISO', 'settings'], 'CAMERA_3': ['color', 'price']}",C_QUESTION_ABOUT_FEATURE,CAMERA_1,autofocus_points,how many autofocus points does it have,S_NOT_SURE,CAMERA_1,,I'm not really sure about that,
383,13,CAMERA_1,"['CAMERA_3', 'CAMERA_2', 'CAMERA_1']","{'CAMERA_1': ['resolution', 'autofocus_points', 'optical_zoom'], 'CAMERA_2': ['sensor_size', 'ISO', 'settings'], 'CAMERA_3': ['color', 'price']}",C_SILENT_OR_BACKCHANNEL,CAMERA_1,NONE,alright,S_INTRODUCES_FEATURE,CAMERA_1,optical_zoom,This one has 5x optical zoom.,13~28
383,14,CAMERA_1,"['CAMERA_3', 'CAMERA_2', 'CAMERA_1']","{'CAMERA_1': ['resolution', 'autofocus_points', 'optical_zoom', 'weight'], 'CAMERA_2': ['sensor_size', 'ISO', 'settings'], 'CAMERA_3': ['color', 'price']}",C_SILENT_OR_BACKCHANNEL,CAMERA_1,NONE,I see,S_INTRODUCES_FEATURE,CAMERA_1,weight,This one weighs 120 grams.,16~25
383,15,CAMERA_1,"['CAMERA_3', 'CAMERA_2', 'CAMERA_1']","{'CAMERA_1': ['resolution', 'autofocus_points', 'optical_zoom', 'weight', 'color'], 'CAMERA_2': ['sensor_size', 'ISO', 'settings'], 'CAMERA_3': ['color', 'price']}",C_QUESTION_ABOUT_FEATURE,CAMERA_1,color,what colors does this one come in,S_ANSWERS_QUESTION_ABOUT_FEATURE,CAMERA_1,color,"This one comes in purple, pink, black, silver, red.",18~50
383,16,CAMERA_1,"['CAMERA_3', 'CAMERA_2', 'CAMERA_1']","{'CAMERA_1': ['resolution', 'autofocus_points', 'optical_zoom', 'weight', 'color', 'sensor_size'], 'CAMERA_2': ['sensor_size', 'ISO', 'settings'], 'CAMERA_3': ['color', 'price']}",C_QUESTION_ABOUT_FEATURE,CAMERA_1,sensor_size,what is the sensor size,S_NOT_SURE,CAMERA_1,,I'm not really sure about that,
383,17,CAMERA_1,"['CAMERA_3', 'CAMERA_2', 'CAMERA_1']","{'CAMERA_1': ['resolution', 'autofocus_points', 'optical_zoom', 'weight', 'color', 'sensor_size', 'price'], 'CAMERA_2': ['sensor_size', 'ISO', 'settings'], 'CAMERA_3': ['color', 'price']}",C_SILENT_OR_BACKCHANNEL,CAMERA_1,NONE,okay,S_INTRODUCES_FEATURE,CAMERA_1,price,This one costs $2173.,15~20
383,18,NONE,"['CAMERA_3', 'CAMERA_2', 'CAMERA_1']","{'CAMERA_1': ['resolution', 'autofocus_points', 'optical_zoom', 'weight', 'color', 'sensor_size', 'price'], 'CAMERA_2': ['sensor_size', 'ISO', 'settings'], 'CAMERA_3': ['color', 'price']}",C_THANK_YOU,CAMERA_1,NONE,thank you for your help,S_THANK_YOU,CAMERA_1,NONE,thank you very much,
383,19,NONE,"['CAMERA_3', 'CAMERA_2', 'CAMERA_1']","{'CAMERA_1': ['resolution', 'autofocus_points', 'optical_zoom', 'weight', 'color', 'sensor_size', 'price'], 'CAMERA_2': ['sensor_size', 'ISO', 'settings'], 'CAMERA_3': ['color', 'price']}",C_LEAVES,DOOR,NONE,,S_RETURNS_TO_COUNTER,SERVICE_COUNTER,NONE,,
384,1,NONE,[],"{'CAMERA_1': [], 'CAMERA_2': [], 'CAMERA_3': []}",C_ENTERS,DOOR,NONE,,S_NONE,SERVICE_COUNTER,NONE,,
384,2,NONE,[],"{'CAMERA_1': [], 'CAMERA_2': [], 'CAMERA_3': []}",C_GREETS,MIDDLE,NONE,hello,S_GREETS,MIDDLE,NONE,can I help you?,
384,3,CAMERA_1,['CAMERA_1'],"{'CAMERA_1': [], 'CAMERA_2': [], 'CAMERA_3': []}",C_LOOKING_FOR_A_CAMERA,MIDDLE,NONE,I'm looking for a camera,S_INTRODUCES_CAMERA,CAMERA_1,,Let me show you this. Here we have the Nikon Coolpix S2800.,39~58
384,4,CAMERA_1,['CAMERA_1'],"{'CAMERA_1': ['optical_zoom'], 'CAMERA_2': [], 'CAMERA_3': []}",C_SILENT_OR_BACKCHANNEL,CAMERA_1,NONE,alright,S_INTRODUCES_FEATURE,CAMERA_1,optical_zoom,This one has 5x optical zoom.,13~28
384,5,CAMERA_1,['CAMERA_1'],"{'CAMERA_1': ['optical_zoom', 'weight'], 'CAMERA_2': [], 'CAMERA_3': []}",C_SILENT_OR_BACKCHANNEL,CAMERA_1,NONE,alright,S_INTRODUCES_FEATURE,CAMERA_1,weight,This one weighs 120 grams.,16~25
384,6,CAMERA_1,['CAMERA_1'],"{'CAMERA_1': ['optical_zoom', 'weight', 'settings'], 'CAMERA_2': [], 'CAMERA_3': []}",C_SILENT_OR_BACKCHANNEL,CAMERA_1,NONE,I see,S_INTRODUCES_FEATURE,CAMERA_1,settings,This one has limited manual settings.,13~36
384,7,CAMERA_1,['CAMERA_1'],"{'CAMERA_1': ['optical_zoom', 'weight', 'settings', 'camera_type'], 'CAMERA_2': [], 'CAMERA_3': []}",C_QUESTION_ABOUT_FEATURE,CAMERA_1,camera_type,what kind of camera is this,S_ANSWERS_QUESTION_ABOUT_FEATURE,CAMERA_1,camera_type,This is a point and shoot camera.,10~25
384,8,CAMERA_1,['CAMERA_1'],"{'CAMERA_1': ['optical_zoom', 'weight', 'settings', 'camera_type', 'preset_modes'], 'CAMERA_2': [], 'CAMERA_3': []}",C_SILENT_OR_BACKCHANNEL,CAMERA_1,NONE,alright,S_INTRODUCES_FEATURE,CAMERA_1,preset_modes,"This one has 18 preset modes (e.g. beach, snow, night portrait).",13~63
384,9,CAMERA_1,['CAMERA_1'],"{'CAMERA_1': ['optical_zoom', 'weight', 'settings', 'camera_type', 'preset_modes', 'color'], 'CAMERA_2': [], 'CAMERA_3': []}",C_QUESTION_ABOUT_FEATURE,CAMERA_1,color,what colors does this one come in,S_ANSWERS_QUESTION_ABOUT_FEATURE,CAMERA_1,color,"This one comes in purple, pink, black, silver, red.",18~50
384,10,CAMERA_1,['CAMERA_1'],"{'CAMERA_1': ['optical_zoom', 'weight', 'settings', 'camera_type', 'preset_modes', 'color', 'autofocus_points'], 'CAMERA_2': [], 'CAMERA_3': []}",C_QUESTION_ABOUT_FEATURE,CAMERA_1,autofocus_points,how many autofocus points does it have,S_NOT_SURE,CAMERA_1,,I'm not really sure about that,
384,11,CAMERA_1,['CAMERA_1'],"{'CAMERA_1': ['optical_zoom', 'weight', 'settings', 'camera_type', 'preset_modes', 'color', 'autofocus_points', 'long_exposure'], 'CAMERA_2': [], 'CAMERA_3': []}",C_QUESTION_ABOUT_FEATURE,CAMERA_1,long_exposure,can it take long exposure shots,S_NOT_SURE,CAMERA_1,,I'm not really sure about that,
384,12,CAMERA_1,['CAMERA_1'],"{'CAMERA_1': ['optical_zoom', 'weight', 'settings', 'camera_type', 'preset_modes', 'color', 'autofocus_points', 'long_exposure', 'effects'], 'CAMERA_2': [], 'CAMERA_3': []}",C_QUESTION_ABOUT_FEATURE,CAMERA_1,effects,does it have any effect modes,S_ANSWERS_QUESTION_ABOUT_FEATURE,CAMERA_1,effects,"This one has 12 glamor retouch effects (e.g. skin softening, small face, big eyes).",13~82
384,13,CAMERA_1,['CAMERA_1'],"{'CAMERA_1': ['optical_zoom', 'weight', 'settings', 'camera_type', 'preset_modes', 'color', 'autofocus_points', 'long_exposure', 'effects', 'price'], 'CAMERA_2': [], 'CAMERA_3': []}",C_QUESTION_ABOUT_FEATURE,CAMERA_1,price,how much does it cost,S_ANSWERS_QUESTION_ABOUT_FEATURE,CAMERA_1,price,This one costs $2173.,15~20
384,14,NONE,['CAMERA_1'],"{'CAMERA_1': ['optical_zoom', 'weight', 'settings', 'camera_type', 'preset_modes', 'color', 'autofocus_points', 'long_exposure', 'effects', 'price'], 'CAMERA_2': [], 'CAMERA_3': []}",C_THANK_YOU,CAMERA_1,NONE,thank you for your help,S_THANK_YOU,CAMERA_1,NONE,thank you very much,
384,15,NONE,['CAMERA_1'],"{'CAMERA_1': ['optical_zoom', 'weight', 'settings', 'camera_type', 'preset_modes', 'color', 'autofocus_points', 'long_exposure', 'effects', 'price'], 'CAMERA_2': [], 'CAMERA_3': []}",C_LEAVES,DOOR,NONE,,S_RETURNS_TO_COUNTER,SERVICE_COUNTER,NONE,,
385,1,NONE,[],"{'CAMERA_1': [], 'CAMERA_2': [], 'CAMERA_3': []}",C_ENTERS,DOOR,NONE,,S_NONE,SERVICE_COUNTER,NONE,,
385,2,NONE,[],"{'CAMERA_1': [], 'CAMERA_2': [], 'CAMERA_3': []}",C_WALKS_TO_CAMERA,CAMERA_2,NONE,,S_NONE,SERVICE_COUNTER,NONE,,
385,3,CAMERA_2,['CAMERA_2'],"{'CAMERA_1': [], 'CAMERA_2': ['ISO'], 'CAMERA_3': []}",C_QUESTION_ABOUT_FEATURE,CAMERA_2,ISO,what is the ISO,S_ANSWERS_QUESTION_ABOUT_FEATURE,CAMERA_2,ISO,This one has up to 3200 ISO with little noise.,13~45
385,4,CAMERA_1,"['CAMERA_2', 'CAMERA_1']","{'CAMERA_1': [], 'CAMERA_2': ['ISO'], 'CAMERA_3': []}",C_ANYTHING_ELSE_AVAILABLE,CAMERA_2,NONE,ok do you have any other cameras,S_INTRODUCES_CAMERA,CAMERA_1,,Let me show you this. Here we have the Nikon Coolpix S2800.,39~58
385,5,CAMERA_1,"['CAMERA_2', 'CAMERA_1']","{'CAMERA_1': ['settings'], 'CAMERA_2': ['ISO'], 'CAMERA_3': []}",C_QUESTION_ABOUT_FEATURE,CAMERA_1,settings,what kind of settings does it have,S_ANSWERS_QUESTION_ABOUT_FEATURE,CAMERA_1,settings,This one has limited manual settings.,13~36
385,6,NONE,"['CAMERA_2', 'CAMERA_1']","{'CAMERA_1': ['settings'], 'CAMERA_2': ['ISO'], 'CAMERA_3': []}",C_THANK_YOU,CAMERA_1,NONE,thank you for your help,S_THANK_YOU,CAMERA_1,NONE,thank you very much,
385,7,NONE,"['CAMERA_2', 'CAMERA_1']","{'CAMERA_1': ['settings'], 'CAMERA_2': ['ISO'], 'CAMERA_3': []}",C_LEAVES,DOOR,NONE,,S_RETURNS_TO_COUNTER,SERVICE_COUNTER,NONE,,
386,1,NONE,[],"{'CAMERA_1': [], 'CAMERA_2': [], 'CAMERA_3': []}",C_ENTERS,DOOR,NONE,,S_NONE,SERVICE_COUNTER,NONE,,
386,2,NONE,[],"{'CAMERA_1': [], 'CAMERA_2': [], 'CAMERA_3': []}",C_WALKS_TO_CAMERA,CAMERA_3,NONE,,S_GREETS,CAMERA_3,NONE,can I help you?,
386,3,CAMERA_3,['CAMERA_3'],"{'CAMERA_1': [], 'CAMERA_2': [], 'CAMERA_3': []}",C_LOOKING_FOR_A_CAMERA,CAMERA_3,NONE,I'm looking for a camera,S_INTRODUCES_CAMERA,CAMERA_3,,Let me show you this. Here we have the Canon EOS 5D Mark III.,39~60
386,4,CAMERA_3,['CAMERA_3'],"{'CAMERA_1': [], 'CAMERA_2': [], 'CAMERA_3': ['price']}",C_SILENT_OR_BACKCHANNEL,CAMERA_3,NONE,okay,S_INTRODUCES_FEATURE,CAMERA_3,price,This one costs $3706.,15~20
386,5,CAMERA_3,['CAMERA_3'],"{'CAMERA_1': [], 'CAMERA_2': [], 'CAMERA_3': ['price', 'camera_type']}",C_SILENT_OR_BACKCHANNEL,CAMERA_3,NONE,I see,S_INTRODUCES_FEATURE,CAMERA_3,camera_type,This is a DSLR camera.,10~14
386,6,CAMERA_3,['CAMERA_3'],"{'CAMERA_1': [], 'CAMERA_2': [], 'CAMERA_3': ['price', 'camera_type', 'ISO']}",C_SILENT_OR_BACKCHANNEL,CAMERA_3,NONE,okay,S_INTRODUCES_FEATURE,CAMERA_3,ISO,This one has up to 6400 ISO with little noise.,13~45
386,7,CAMERA_3,['CAMERA_3'],"{'CAMERA_1': [], 'CAMERA_2': [], 'CAMERA_3': ['price', 'camera_type', 'ISO', 'settings']}",C_SILENT_OR_BACKCHANNEL,CAMERA_3,NONE,I see,S_INTRODUCES_FEATURE,CAMERA_3,settings,This one has full manual control.,13~32
386,8,CAMERA_3,['CAMERA_3'],"{'CAMERA_1': [], 'CAMERA_2': [], 'CAMERA_3': ['price', 'camera_type', 'ISO', 'settings', 'sensor_size']}",C_SILENT_OR_BACKCHANNEL,CAMERA_3,NONE,alright,S_INTRODUCES_FEATURE,CAMERA_3,sensor_size,This one has a full frame.,15~25
386,9,CAMERA_3,['CAMERA_3'],"{'CAMERA_1': [], 'CAMERA_2': [], 'CAMERA_3': ['price', 'camera_type', 'ISO', 'settings', 'sensor_size', 'weight']}",C_SILENT_OR_BACKCHANNEL,CAMERA_3,NONE,I see,S_INTRODUCES_FEATURE,CAMERA_3,weight,This one weighs 950 grams (only body).,16~37
386,10,CAMERA_3,['CAMERA_3'],"{'CAMERA_1': [], 'CAMERA_2': [], 'CAMERA_3': ['price', 'camera_type', 'ISO', 'settings', 'sensor_size', 'weight', 'autofocus_points']}",C_SILENT_OR_BACKCHANNEL,CAMERA_3,NONE,okay,S_INTRODUCES_FEATURE,CAMERA_3,autofocus_points,This one has 61 autofocus points.,13~32
386,11,NONE,['CAMERA_3'],"{'CAMERA_1': [], 'CAMERA_2': [], 'CAMERA_3': ['price', 'camera_type', 'ISO', 'settings', 'sensor_size', 'weight', 'autofocus_points']}",C_THANK_YOU,CAMERA_3,NONE,thank you for your help,S_THANK_YOU,CAMERA_3,NONE,thank you very much,
386,12,NONE,['CAMERA_3'],"{'CAMERA_1': [], 'CAMERA_2': [], 'CAMERA_3': ['price', 'camera_type', 'ISO', 'settings', 'sensor_size', 'weight', 'autofocus_points']}",C_LEAVES,DOOR,NONE,,S_RETURNS_TO_COUNTER,SERVICE_COUNTER,NONE,,
387,1,NONE,[],"{'CAMERA_1': [], 'CAMERA_2': [], 'CAMERA_3': []}",C_ENTERS,DOOR,NONE,,S_NONE,SERVICE_COUNTER,NONE,,
387,2,NONE,[],"{'CAMERA_1': [], 'CAMERA_2': [], 'CAMERA_3': []}",C_WALKS_TO_CAMERA,CAMERA_2,NONE,,S_GREETS,CAMERA_2,NONE,can I help you?,
387,3,CAMERA_2,['CAMERA_2'],"{'CAMERA_1': [], 'CAMERA_2': [], 'CAMERA_3': []}",C_LOOKING_FOR_A_CAMERA,CAMERA_2,NONE,I'm looking for a camera,S_INTRODUCES_CAMERA,CAMERA_2,,Let me show you this. Here we have the Sony Alpha a6000.,39~55
387,4,CAMERA_2,['CAMERA_2'],"{'CAMERA_1': [], 'CAMERA_2': ['camera_type'], 'CAMERA_3': []}",C_QUESTION_ABOUT_FEATURE,CAMERA_2,camera_type,what kind of camera is this,S_ANSWERS_QUESTION_ABOUT_FEATURE,CAMERA_2,camera_type,This is a mirrorless camera.,10~20
387,5,CAMERA_2,['CAMERA_2'],"{'CAMERA_1': [], 'CAMERA_2': ['camera_type', 'autofocus_points'], 'CAMERA_3': []}",C_QUESTION_ABOUT_FEATURE,CAMERA_2,autofocus_points,how many autofocus points does it have,S_ANSWERS_QUESTION_ABOUT_FEATURE,CAMERA_2,autofocus_points,This one has 179 autofocus points.,13~33
387,6,CAMERA_2,['CAMERA_2'],"{'CAMERA_1': [], 'CAMERA_2': ['camera_type', 'autofocus_points', 'settings'], 'CAMERA_3': []}",C_QUESTION_ABOUT_FEATURE,CAMERA_2,settings,what kind of settings does it have,S_ANSWERS_QUESTION_ABOUT_FEATURE,CAMERA_2,settings,This one has full manual control.,13~32
387,7,CAMERA_2,['CAMERA_2'],"{'CAMERA_1': [], 'CAMERA_2': ['camera_type', 'autofocus_points', 'settings', 'optical_zoom'], 'CAMERA_3': []}",C_QUESTION_ABOUT_FEATURE,CAMERA_2,optical_zoom,does it have optical zoom,S_NOT_SURE,CAMERA_2,,I'm not really sure about that,
387,8,CAMERA_2,['CAMERA_2'],"{'CAMERA_1': [], 'CAMERA_2': ['camera_type', 'autofocus_points', 'settings', 'optical_zoom', 'long_exposure'], 'CAMERA_3': []}",C_QUESTION_ABOUT_FEATURE,CAMERA_2,long_exposure,can it take long exposure shots,S_ANSWERS_QUESTION_ABOUT_FEATURE,CAMERA_2,long_exposure,This one can take long exposures up to up to 30 seconds.,39~55
387,9,CAMERA_2,['CAMERA_2'],"{'CAMERA_1': [], 'CAMERA_2': ['camera_type', 'autofocus_points', 'settings', 'optical_zoom', 'long_exposure', 'effects'], 'CAMERA_3': []}",C_QUESTION_ABOUT_FEATURE,CAMERA_2,effects,does it have any effect modes,S_ANSWERS_QUESTION_ABOUT_FEATURE,CAMERA_2,effects,"This one has 13 artistic effect modes (e.g. toy camera, soft focus).",13~67
387,10,CAMERA_2,['CAMERA_2'],"{'CAMERA_1': [], 'CAMERA_2': ['camera_type', 'autofocus_points', 'settings', 'optical_zoom', 'long_exposure', 'effects', 'sensor_size'], 'CAMERA_3': []}",C_QUESTION_ABOUT_FEATURE,CAMERA_2,sensor_size,what is the sensor size,S_ANSWERS_QUESTION_ABOUT_FEATURE,CAMERA_2,sensor_size,This one has a APS-C sensor (crop sensor).,15~41
387,11,NONE,['CAMERA_2'],"{'CAMERA_1': [], 'CAMERA_2': ['camera_type', 'autofocus_points', 'settings', 'optical_zoom', 'long_exposure', 'effects', 'sensor_size'], 'CAMERA_3': []}",C_THANK_YOU,CAMERA_2,NONE,thank you for your help,S_THANK_YOU,CAMERA_2,NONE,thank you very much,
387,12,NONE,['CAMERA_2'],"{'CAMERA_1': [], 'CAMERA_2': ['camera_type', 'autofocus_points', 'settings', 'optical_zoom', 'long_exposure', 'effects', 'sensor_size'], 'CAMERA_3': []}",C_LEAVES,DOOR,NONE,,S_RETURNS_TO_COUNTER,SERVICE_COUNTER,NONE,,
388,1,NONE,[],"{'CAMERA_1': [], 'CAMERA_2': [], 'CAMERA_3': []}",C_ENTERS,DOOR,NONE,,S_NONE,SERVICE_COUNTER,NONE,,
388,2,NONE,[],"{'CAMERA_1': [], 'CAMERA_2': [], 'CAMERA_3': []}",C_GREETS,MIDDLE,NONE,hello,S_GREETS,MIDDLE,NONE,can I help you?,
388,3,CAMERA_1,['CAMERA_1'],"{'CAMERA_1': [], 'CAMERA_2': [], 'CAMERA_3': []}",C_LOOKING_FOR_A_CAMERA,MIDDLE,NONE,I'm looking for a camera,S_INTRODUCES_CAMERA,CAMERA_1,,Let me show you this. Here we have the Nikon Coolpix S2800.,39~58
388,4,CAMERA_1,['CAMERA_1'],"{'CAMERA_1': ['camera_type'], 'CAMERA_2': [], 'CAMERA_3': []}",C_SILENT_OR_BACKCHANNEL,CAMERA_1,NONE,alright,S_INTRODUCES_FEATURE,CAMERA_1,camera_type,This is a point and shoot camera.,10~25
388,5,CAMERA_1,['CAMERA_1'],"{'CAMERA_1': ['camera_type', 'sensor_size'], 'CAMERA_2': [], 'CAMERA_3': []}",C_QUESTION_ABOUT_FEATURE,CAMERA_1,sensor_size,what is the sensor size,S_NOT_SURE,CAMERA_1,,I'm not really sure about that,
388,6,NONE,['CAMERA_1'],"{'CAMERA_1': ['camera_type', 'sensor_size'], 'CAMERA_2': [], 'CAMERA_3': []}",C_THANK_YOU,CAMERA_1,NONE,thank you for your help,S_THANK_YOU,CAMERA_1,NONE,thank you very much,
388,7,NONE,['CAMERA_1'],"{'CAMERA_1': ['camera_type', 'sensor_size'], 'CAMERA_2': [], 'CAMERA_3': []}",C_LEAVES,DOOR,NONE,,S_RETURNS_TO_COUNTER,SERVICE_COUNTER,NONE,,
389,1,NONE,[],"{'CAMERA_1': [], 'CAMERA_2': [], 'CAMERA_3': []}",C_ENTERS,DOOR,NONE,,S_NONE,SERVICE_COUNTER,NONE,,
389,2,NONE,[],"{'CAMERA_1': [], 'CAMERA_2': [], 'CAMERA_3': []}",C_WALKS_TO_CAMERA,CAMERA_1,NONE,,S_NONE,SERVICE_COUNTER,NONE,,
389,3,NONE,[],"{'CAMERA_1': [], 'CAMERA_2': [], 'CAMERA_3': []}",C_EXAMINES_CAMERA,CAMERA_1,NONE,,S_NONE,SERVICE_COUNTER,NONE,,
389,4,NONE,[],"{'CAMERA_1': [], 'CAMERA_2': [], 'CAMERA_3': []}",C_EXAMINES_CAMERA,CAMERA_1,NONE,,S_NONE,SERVICE_COUNTER,NONE,,
389,5,NONE,[],"{'CAMERA_1': [], 'CAMERA_2': [], 'CAMERA_3': []}",C_WALKS_TO_CAMERA,CAMERA_3,NONE,,S_GREETS,CAMERA_3,NONE,can I help you?,
389,6,CAMERA_1,['CAMERA_1'],"{'CAMERA_1': [], 'CAMERA_2': [], 'CAMERA_3': []}",C_LOOKING_FOR_A_CAMERA,CAMERA_3,NONE,I'm looking for a camera,S_INTRODUCES_CAMERA,CAMERA_1,,Let me show you this. Here we have the Nikon Coolpix S2800.,39~58
389,7,CAMERA_1,['CAMERA_1'],"{'CAMERA_1': ['effects'], 'CAMERA_2': [], 'CAMERA_3': []}",C_QUESTION_ABOUT_FEATURE,CAMERA_1,effects,does it have any effect modes,S_ANSWERS_QUESTION_ABOUT_FEATURE,CAMERA_1,effects,"This one has 12 glamor retouch effects (e.g. skin softening, small face, big eyes).",13~82
389,8,CAMERA_1,['CAMERA_1'],"{'CAMERA_1': ['effects', 'optical_zoom'], 'CAMERA_2': [], 'CAMERA_3': []}",C_QUESTION_ABOUT_FEATURE,CAMERA_1,optical_zoom,does it have optical zoom,S_ANSWERS_QUESTION_ABOUT_FEATURE,CAMERA_1,optical_zoom,This one has 5x optical zoom.,13~28
389,9,CAMERA_1,['CAMERA_1'],"{'CAMERA_1': ['effects', 'optical_zoom', 'camera_type'], 'CAMERA_2': [], 'CAMERA_3': []}",C_SILENT_OR_BACKCHANNEL,CAMERA_1,NONE,alright,S_INTRODUCES_FEATURE,CAMERA_1,camera_type,This is a point and shoot camera.,10~25
389,10,NONE,['CAMERA_1'],"{'CAMERA_1': ['effects', 'optical_zoom', 'camera_type'], 'CAMERA_2': [], 'CAMERA_3': []}",C_THANK_YOU,CAMERA_1,NONE,thank you for your help,S_THANK_YOU,CAMERA_1,NONE,thank you very much,
389,11,NONE,['CAMERA_1'],"{'CAMERA_1': ['effects', 'optical_zoom', 'camera_type'], 'CAMERA_2': [], 'CAMERA_3': []}",C_LEAVES,DOOR,NONE,,S_RETURNS_TO_COUNTER,SERVICE_COUNTER,NONE,,
390,1,NONE,[],"{'CAMERA_1': [], 'CAMERA_2': [], 'CAMERA_3': []}",C_ENTERS,DOOR,NONE,,S_NONE,SERVICE_COUNTER,NONE,,
390,2,NONE,[],"{'CAMERA_1': [], 'CAMERA_2': [], 'CAMERA_3': []}",C_GREETS,MIDDLE,NONE,hello,S_GREETS,MIDDLE,NONE,can I help you?,
390,3,CAMERA_2,['CAMERA_2'],"{'CAMERA_1': [], 'CAMERA_2': [], 'CAMERA_3': []}",C_LOOKING_FOR_A_CAMERA,MIDDLE,NONE,I'm looking for a camera,S_INTRODUCES_CAMERA,CAMERA_2,,Let me show you this. Here we have the Sony Alpha a6000.,39~55
390,4,CAMERA_2,['CAMERA_2'],"{'CAMERA_1': [], 'CAMERA_2': ['settings'], 'CAMERA_3': []}",C_SILENT_OR_BACKCHANNEL,CAMERA_2,NONE,okay,S_INTRODUCES_FEATURE,CAMERA_2,settings,This one has full manual control.,13~32
390,5,CAMERA_2,['CAMERA_2'],"{'CAMERA_1': [], 'CAMERA_2': ['settings', 'preset_modes'], 'CAMERA_3': []}",C_QUESTION_ABOUT_FEATURE,CAMERA_2,preset_modes,does it have preset modes,S_ANSWERS_QUESTION_ABOUT_FEATURE,CAMERA_2,preset_modes,"This one has 9 preset modes (e.g. beach, snow, night, portrait).",13~63
390,6,CAMERA_3,"['CAMERA_2', 'CAMERA_3']","{'CAMERA_1': [], 'CAMERA_2': ['settings', 'preset_modes'], 'CAMERA_3': []}",C_ANYTHING_ELSE_AVAILABLE,CAMERA_2,NONE,ok do you have any other cameras,S_INTRODUCES_CAMERA,CAMERA_3,,Let me show you this. Here we have the Canon EOS 5D Mark III.,39~60
390,7,CAMERA_3,"['CAMERA_2', 'CAMERA_3']","{'CAMERA_1': [], 'CAMERA_2': ['settings', 'preset_modes'], 'CAMERA_3': ['settings']}",C_QUESTION_ABOUT_FEATURE,CAMERA_3,settings,what kind of settings does it have,S_ANSWERS_QUESTION_ABOUT_FEATURE,CAMERA_3,settings,This one has full manual control.,13~32
390,8,CAMERA_3,"['CAMERA_2', 'CAMERA_3']","{'CAMERA_1': [], 'CAMERA_2': ['settings', 'preset_modes'], 'CAMERA_3': ['settings', 'autofocus_points']}",C_QUESTION_ABOUT_FEATURE,CAMERA_3,autofocus_points,how many autofocus points does it have,S_ANSWERS_QUESTION_ABOUT_FEATURE,CAMERA_3,autofocus_points,This one has 61 autofocus points.,13~32
390,9,CAMERA_3,"['CAMERA_2', 'CAMERA_3']","{'CAMERA_1': [], 'CAMERA_2': ['settings', 'preset_modes'], 'CAMERA_3': ['settings', 'autofocus_points', 'sensor_size']}",C_SILENT_OR_BACKCHANNEL,CAMERA_3,NONE,I see,S_INTRODUCES_FEATURE,CAMERA_3,sensor_size,This one has a full frame.,15~25
390,10,CAMERA_3,"['CAMERA_2', 'CAMERA_3']","{'CAMERA_1': [], 'CAMERA_2': ['settings', 'preset_modes'], 'CAMERA_3': ['settings', 'autofocus_points', 'sensor_size', 'color']}",C_SILENT_OR_BACKCHANNEL,CAMERA_3,NONE,I see,S_INTRODUCES_FEATURE,CAMERA_3,color,This one comes in black.,18~23
390,11,CAMERA_1,"['CAMERA_2', 'CAMERA_3', 'CAMERA_1']","{'CAMERA_1': [], 'CAMERA_2': ['settings', 'preset_modes'], 'CAMERA_3': ['settings', 'autofocus_points', 'sensor_size', 'color']}",C_ANYTHING_ELSE_AVAILABLE,CAMERA_3,NONE,ok do you have any other cameras,S_INTRODUCES_CAMERA,CAMERA_1,,Let me show you this. Here we have the Nikon Coolpix S2800.,39~58
390,12,CAMERA_1,"['CAMERA_2', 'CAMERA_3', 'CAMERA_1']","{'CAMERA_1': ['resolution'], 'CAMERA_2': ['settings', 'preset_modes'], 'CAMERA_3': ['settings', 'autofocus_points', 'sensor_size', 'color']}",C_QUESTION_ABOUT_FEATURE,CAMERA_1,resolution,what is the resolution,S_ANSWERS_QUESTION_ABOUT_FEATURE,CAMERA_1,resolution,This one has 20.1 megapixels resolution.,13~28
390,13,NONE,"['CAMERA_2', 'CAMERA_3', 'CAMERA_1']","{'CAMERA_1': ['resolution'], 'CAMERA_2': ['settings', 'preset_modes'], 'CAMERA_3': ['settings', 'autofocus_points', 'sensor_size', 'color']}",C_THANK_YOU,CAMERA_1,NONE,thank you for your help,S_THANK_YOU,CAMERA_1,NONE,thank you very much,
390,14,NONE,"['CAMERA_2', 'CAMERA_3', 'CAMERA_1']","{'CAMERA_1': ['resolution'], 'CAMERA_2': ['settings', 'preset_modes'], 'CAMERA_3': ['settings', 'autofocus_points', 'sensor_size', 'color']}",C_LEAVES,DOOR,NONE,,S_RETURNS_TO_COUNTER,SERVICE_COUNTER,NONE,,
391,1,NONE,[],"{'CAMERA_1': [], 'CAMERA_2': [], 'CAMERA_3': []}",C_ENTERS,DOOR,NONE,,S_NONE,SERVICE_COUNTER,NONE,,
391,2,NONE,[],"{'CAMERA_1': [], 'CAMERA_2': [], 'CAMERA_3': []}",C_WALKS_TO_CAMERA,CAMERA_1,NONE,,S_GREETS,CAMERA_1,NONE,can I help you?,
391,3,CAMERA_3,['CAMERA_3'],"{'CAMERA_1': [], 'CAMERA_2': [], 'CAMERA_3': []}",C_LOOKING_FOR_A_CAMERA,CAMERA_1,NONE,I'm looking for a camera,S_INTRODUCES_CAMERA,CAMERA_3,,Let me show you this. Here we have the Canon EOS 5D Mark III.,39~60
391,4,CAMERA_3,['CAMERA_3'],"{'CAMERA_1': [], 'CAMERA_2': [], 'CAMERA_3': ['ISO']}",C_SILENT_OR_BACKCHANNEL,CAMERA_3,NONE,I see,S_INTRODUCES_FEATURE,CAMERA_3,ISO,This one has up to 6400 ISO with little noise.,13~45
391,5,CAMERA_3,['CAMERA_3'],"{'CAMERA_1': [], 'CAMERA_2': [], 'CAMERA_3': ['ISO', 'preset_modes']}",C_QUESTION_ABOUT_FEATURE,CAMERA_3,preset_modes,does it have preset modes,S_NOT_SURE,CAMERA_3,,I'm not really sure about that,
391,6,CAMERA_3,['CAMERA_3'],"{'CAMERA_1': [], 'CAMERA_2': [], 'CAMERA_3': ['ISO', 'preset_modes', 'autofocus_points']}",C_QUESTION_ABOUT_FEATURE,CAMERA_3,autofocus_points,how many autofocus points does it have,S_ANSWERS_QUESTION_ABOUT_FEATURE,CAMERA_3,autofocus_points,This one has 61 autofocus points.,13~32
391,7,CAMERA_2,"['CAMERA_3', 'CAMERA_2']","{'CAMERA_1': [], 'CAMERA_2': [], 'CAMERA_3': ['ISO', 'preset_modes', 'autofocus_points']}",C_ANYTHING_ELSE_AVAILABLE,CAMERA_3,NONE,ok do you have any other cameras,S_INTRODUCES_CAMERA,CAMERA_2,,Let me show you this. Here we have the Sony Alpha a6000.,39~55
391,8,CAMERA_2,"['CAMERA_3', 'CAMERA_2']","{'CAMERA_1': [], 'CAMERA_2': ['resolution'], 'CAMERA_3': ['ISO', 'preset_modes', 'autofocus_points']}",C_QUESTION_ABOUT_FEATURE,CAMERA_2,resolution,what is the resolution,S_NOT_SURE,CAMERA_2,,I'm not really sure about that,
391,9,CAMERA_2,"['CAMERA_3', 'CAMERA_2']","{'CAMERA_1': [], 'CAMERA_2': ['resolution', 'effects'], 'CAMERA_3': ['ISO', 'preset_modes', 'autofocus_points']}",C_QUESTION_ABOUT_FEATURE,CAMERA_2,effects,does it have any effect modes,S_ANSWERS_QUESTION_ABOUT_FEATURE,CAMERA_2,effects,"This one has 13 artistic effect modes (e.g. toy camera, soft focus).",13~67
391,10,CAMERA_2,"['CAMERA_3', 'CAMERA_2']","{'CAMERA_1': [], 'CAMERA_2': ['resolution', 'effects', 'ISO'], 'CAMERA_3': ['ISO', 'preset_modes', 'autofocus_points']}",C_SILENT_OR_BACKCHANNEL,CAMERA_2,NONE,I see,S_INTRODUCES_FEATURE,CAMERA_2,ISO,This one has up to 3200 ISO with little noise.,13~45
391,11,CAMERA_2,"['CAMERA_3', 'CAMERA_2']","{'CAMERA_1': [], 'CAMERA_2': ['resolution', 'effects', 'ISO', 'sensor_size'], 'CAMERA_3': ['ISO', 'preset_modes', 'autofocus_points']}",C_QUESTION_ABOUT_FEATURE,CAMERA_2,sensor_size,what is the sensor size,S_ANSWERS_QUESTION_ABOUT_FEATURE,CAMERA_2,sensor_size,This one has a APS-C sensor (crop sensor).,15~41
391,12,CAMERA_2,"['CAMERA_3', 'CAMERA_2']","{'CAMERA_1': [], 'CAMERA_2': ['resolution', 'effects', 'ISO', 'sensor_size', 'long_exposure'], 'CAMERA_3': ['ISO', 'preset_modes', 'autofocus_points']}",C_SILENT_OR_BACKCHANNEL,CAMERA_2,NONE,I see,S_INTRODUCES_FEATURE,CAMERA_2,long_exposure,This one can take long exposures up to up to 30 seconds.,39~55
391,13,CAMERA_1,"['CAMERA_3', 'CAMERA_2', 'CAMERA_1']","{'CAMERA_1': [], 'CAMERA_2': ['resolution', 'effects', 'ISO', 'sensor_size', 'long_exposure'], 'CAMERA_3': ['ISO', 'preset_modes', 'autofocus_points']}",C_ANYTHING_ELSE_AVAILABLE,CAMERA_2,NONE,ok do you have any other cameras,S_INTRODUCES_CAMERA,CAMERA_1,,Let me show you this. Here we have the Nikon Coolpix S2800.,39~58
391,14,CAMERA_1,"['CAMERA_3', 'CAMERA_2', 'CAMERA_1']","{'CAMERA_1': ['camera_type'], 'CAMERA_2': ['resolution', 'effects', 'ISO', 'sensor_size', 'long_exposure'], 'CAMERA_3': ['ISO', 'preset_modes', 'autofocus_points']}",C_SILENT_OR_BACKCHANNEL,CAMERA_1,NONE,okay,S_INTRODUCES_FEATURE,CAMERA_1,camera_type,This is a point and shoot camera.,10~25
391,15,NONE,"['CAMERA_3', 'CAMERA_2', 'CAMERA_1']","{'CAMERA_1': ['camera_type'], 'CAMERA_2': ['resolution', 'effects', 'ISO', 'sensor_size', 'long_exposure'], 'CAMERA_3': ['ISO', 'preset_modes', 'autofocus_points']}",C_THANK_YOU,CAMERA_1,NONE,thank you for your help,S_THANK_YOU,CAMERA_1,NONE,thank you very much,
391,16,NONE,"['CAMERA_3', 'CAMERA_2', 'CAMERA_1']","{'CAMERA_1': ['camera_type'], 'CAMERA_2': ['resolution', 'effects', 'ISO', 'sensor_size', 'long_exposure'], 'CAMERA_3': ['ISO', 'preset_modes', 'autofocus_points']}",C_LEAVES,DOOR,NONE,,S_RETURNS_TO_COUNTER,SERVICE_COUNTER,NONE,,
392,1,NONE,[],"{'CAMERA_1': [], 'CAMERA_2': [], 'CAMERA_3': []}",C_ENTERS,DOOR,NONE,,S_NONE,SERVICE_COUNTER,NONE,,
392,2,NONE,[],"{'CAMERA_1': [], 'CAMERA_2': [], 'CAMERA_3': []}",C_GREETS,MIDDLE,NONE,hello,S_GREETS,MIDDLE,NONE,can I help you?,
392,3,CAMERA_2,['CAMERA_2'],"{'CAMERA_1': [], 'CAMERA_2': [], 'CAMERA_3': []}",C_LOOKING_FOR_A_CAMERA,MIDDLE,NONE,I'm looking for a camera,S_INTRODUCES_CAMERA,CAMERA_2,,Let me show you this. Here we have the Sony Alpha a6000.,39~55
392,4,CAMERA_2,['CAMERA_2'],"{'CAMERA_1': [], 'CAMERA_2': ['color'], 'CAMERA_3': []}",C_SILENT_OR_BACKCHANNEL,CAMERA_2,NONE,I see,S_INTRODUCES_FEATURE,CAMERA_2,color,"This one comes in white, silver, black.",18~38
392,5,CAMERA_2,['CAMERA_2'],"{'CAMERA_1': [], 'CAMERA_2': ['color', 'sensor_size'], 'CAMERA_3': []}",C_QUESTION_ABOUT_FEATURE,CAMERA_2,sensor_size,what is the sensor size,S_ANSWERS_QUESTION_ABOUT_FEATURE,CAMERA_2,sensor_size,This one has a APS-C sensor (crop sensor).,15~41
392,6,CAMERA_2,['CAMERA_2'],"{'CAMERA_1': [], 'CAMERA_2': ['color', 'sensor_size', 'settings'], 'CAMERA_3': []}",C_SILENT_OR_BACKCHANNEL,CAMERA_2,NONE,okay,S_INTRODUCES_FEATURE,CAMERA_2,settings,This one has full manual control.,13~32
392,7,CAMERA_2,['CAMERA_2'],"{'CAMERA_1': [], 'CAMERA_2': ['color', 'sensor_size', 'settings', 'autofocus_points'], 'CAMERA_3': []}",C_QUESTION_ABOUT_FEATURE,CAMERA_2,autofocus_points,how many autofocus points does it have,S_ANSWERS_QUESTION_ABOUT_FEATURE,CAMERA_2,autofocus_points,This one has 179 autofocus points.,13~33
392,8,CAMERA_2,['CAMERA_2'],"{'CAMERA_1': [], 'CAMERA_2': ['color', 'sensor_size', 'settings', 'autofocus_points', 'camera_type'], 'CAMERA_3': []}",C_QUESTION_ABOUT_FEATURE,CAMERA_2,camera_type,what kind of camera is this,S_ANSWERS_QUESTION_ABOUT_FEATURE,CAMERA_2,camera_type,This is a mirrorless camera.,10~20
392,9,CAMERA_2,['CAMERA_2'],"{'CAMERA_1': [], 'CAMERA_2': ['color', 'sensor_size', 'settings', 'autofocus_points', 'camera_type', 'weight'], 'CAMERA_3': []}",C_SILENT_OR_BACKCHANNEL,CAMERA_2,NONE,I see,S_INTRODUCES_FEATURE,CAMERA_2,weight,This one weighs 470 grams.,16~25
392,10,CAMERA_2,['CAMERA_2'],"{'CAMERA_1': [], 'CAMERA_2': ['color', 'sensor_size', 'settings', 'autofocus_points', 'camera_type', 'weight', 'resolution'], 'CAMERA_3': []}",C_QUESTION_ABOUT_FEATURE,CAMERA_2,resolution,what is the resolution,S_NOT_SURE,CAMERA_2,,I'm not really sure about that,
392,11,CAMERA_2,['CAMERA_2'],"{'CAMERA_1': [], 'CAMERA_2': ['color', 'sensor_size', 'settings', 'autofocus_points', 'camera_type', 'weight', 'resolution', 'effects'], 'CAMERA_3': []}",C_QUESTION_ABOUT_FEATURE,CAMERA_2,effects,does it have any effect modes,S_ANSWERS_QUESTION_ABOUT_FEATURE,CAMERA_2,effects,"This one has 13 artistic effect modes (e.g. toy camera, soft focus).",13~67
392,12,CAMERA_2,['CAMERA_2'],"{'CAMERA_1': [], 'CAMERA_2': ['color', 'sensor_size', 'settings', 'autofocus_points', 'camera_type', 'weight', 'resolution', 'effects', 'optical_zoom'], 'CAMERA_3': []}",C_QUESTION_ABOUT_FEATURE,CAMERA_2,optical_zoom,does it have optical zoom,S_NOT_SURE,CAMERA_2,,I'm not really sure about that,
392,13,CAMERA_2,['CAMERA_2'],"{'CAMERA_1': [], 'CAMERA_2': ['color', 'sensor_size', 'settings', 'autofocus_points', 'camera_type', 'weight', 'resolution', 'effects', 'optical_zoom', 'preset_modes'], 'CAMERA_3': []}",C_SILENT_OR_BACKCHANNEL,CAMERA_2,NONE,okay,S_INTRODUCES_FEATURE,CAMERA_2,preset_modes,"This one has 9 preset modes (e.g. beach, snow, night, portrait).",13~63
392,14,CAMERA_2,['CAMERA_2'],"{'CAMERA_1': [], 'CAMERA_2': ['color', 'sensor_size', 'settings', 'autofocus_points', 'camera_type', 'weight', 'resolution', 'effects', 'optical_zoom', 'preset_modes', 'long_exposure'], 'CAMERA_3': []}",C_QUESTION_ABOUT_FEATURE,CAMERA_2,long_exposure,can it take long exposure shots,S_ANSWERS_QUESTION_ABOUT_FEATURE,CAMERA_2,long_exposure,This one can take long exposures up to up to 30 seconds.,39~55
392,15,CAMERA_2,['CAMERA_2'],"{'CAMERA_1': [], 'CAMERA_2': ['color', 'sensor_size', 'settings', 'autofocus_points', 'camera_type', 'weight', 'resolution', 'effects', 'optical_zoom', 'preset_modes', 'long_exposure', 'ISO'], 'CAMERA_3': []}",C_QUESTION_ABOUT_FEATURE,CAMERA_2,ISO,what is the ISO,S_ANSWERS_QUESTION_ABOUT_FEATURE,CAMERA_2,ISO,This one has up to 3200 ISO with little noise.,13~45
392,16,CAMERA_2,['CAMERA_2'],"{'CAMERA_1': [], 'CAMERA_2': ['color', 'sensor_size', 'settings', 'autofocus_points', 'camera_type', 'weight', 'resolution', 'effects', 'optical_zoom', 'preset_modes', 'long_exposure', 'ISO', 'price'], 'CAMERA_3': []}",C_QUESTION_ABOUT_FEATURE,CAMERA_2,price,how much does it cost,S_ANSWERS_QUESTION_ABOUT_FEATURE,CAMERA_2,price,This one costs $1341.,15~20
392,17,NONE,['CAMERA_2'],"{'CAMERA_1': [], 'CAMERA_2': ['color', 'sensor_size', 'settings', 'autofocus_points', 'camera_type', 'weight', 'resolution', 'effects', 'optical_zoom', 'preset_modes', 'long_exposure', 'ISO', 'price'], 'CAMERA_3': []}",C_THANK_YOU,CAMERA_2,NONE,thank you for your help,S_THANK_YOU,CAMERA_2,NONE,thank you very much,
392,18,NONE,['CAMERA_2'],"{'CAMERA_1': [], 'CAMERA_2': ['color', 'sensor_size', 'settings', 'autofocus_points', 'camera_type', 'weight', 'resolution', 'effects', 'optical_zoom', 'preset_modes', 'long_exposure', 'ISO', 'price'], 'CAMERA_3': []}",C_LEAVES,DOOR,NONE,,S_RETURNS_TO_COUNTER,SERVICE_COUNTER,NONE,,
393,1,NONE,[],"{'CAMERA_1': [], 'CAMERA_2': [], 'CAMERA_3': []}",C_ENTERS,DOOR,NONE,,S_NONE,SERVICE_COUNTER,NONE,,
393,2,NONE,[],"{'CAMERA_1': [], 'CAMERA_2': [], 'CAMERA_3': []}",C_WALKS_TO_CAMERA,CAMERA_2,NONE,,S_GREETS,CAMERA_2,NONE,can I help you?,
393,3,CAMERA_1,['CAMERA_1'],"{'CAMERA_1': [], 'CAMERA_2': [], 'CAMERA_3': []}",C_LOOKING_FOR_A_CAMERA,CAMERA_2,NONE,I'm looking for a camera,S_INTRODUCES_CAMERA,CAMERA_1,,Let me show you this. Here we have the Nikon Coolpix S2800.,39~58
393,4,CAMERA_1,['CAMERA_1'],"{'CAMERA_1': ['autofocus_points'], 'CAMERA_2': [], 'CAMERA_3': []}",C_QUESTION_ABOUT_FEATURE,CAMERA_1,autofocus_points,how many autofocus points does it have,S_NOT_SURE,CAMERA_1,,I'm not really sure about that,
393,5,CAMERA_1,['CAMERA_1'],"{'CAMERA_1': ['autofocus_points', 'resolution'], 'CAMERA_2': [], 'CAMERA_3': []}",C_QUESTION_ABOUT_FEATURE,CAMERA_1,resolution,what is the resolution,S_ANSWERS_QUESTION_ABOUT_FEATURE,CAMERA_1,resolution,This one has 20.1 megapixels resolution.,13~28
393,6,CAMERA_1,['CAMERA_1'],"{'CAMERA_1': ['autofocus_points', 'resolution', 'weight'], 'CAMERA_2': [], 'CAMERA_3': []}",C_SILENT_OR_BACKCHANNEL,CAMERA_1,NONE,alright,S_INTRODUCES_FEATURE,CAMERA_1,weight,This one weighs 120 grams.,16~25
393,7,CAMERA_1,['CAMERA_1'],"{'CAMERA_1': ['autofocus_points', 'resolution', 'weight', 'sensor_size'], 'CAMERA_2': [], 'CAMERA_3': []}",C_QUESTION_ABOUT_FEATURE,CAMERA_1,sensor_size,what is the sensor size,S_NOT_SURE,CAMERA_1,,I'm not really sure about that,
393,8,NONE,['CAMERA_1'],"{'CAMERA_1': ['autofocus_points', 'resolution', 'weight', 'sensor_size'], 'CAMERA_2': [], 'CAMERA_3': []}",C_THANK_YOU,CAMERA_1,NONE,thank you for your help,S_THANK_YOU,CAMERA_1,NONE,thank you very much,
393,9,NONE,['CAMERA_1'],"{'CAMERA_1': ['autofocus_points', 'resolution', 'weight', 'sensor_size'], 'CAMERA_2': [], 'CAMERA_3': []}",C_LEAVES,DOOR,NONE,,S_RETURNS_TO_COUNTER,SERVICE_COUNTER,NONE,,
394,1,NONE,[],"{'CAMERA_1': [], 'CAMERA_2': [], 'CAMERA_3': []}",C_ENTERS,DOOR,NONE,,S_NONE,SERVICE_COUNTER,NONE,,
394,2,NONE,[],"{'CAMERA_1': [], 'CAMERA_2': [], 'CAMERA_3': []}",C_WALKS_TO_CAMERA,CAMERA_2,NONE,,S_GREETS,CAMERA_2,NONE,can I help you?,
394,3,CAMERA_1,['CAMERA_1'],"{'CAMERA_1': [], 'CAMERA_2': [], 'CAMERA_3': []}",C_LOOKING_FOR_A_CAMERA,CAMERA_2,NONE,I'm looking for a camera,S_INTRODUCES_CAMERA,CAMERA_1,,Let me show you this. Here we have the Nikon Coolpix S2800.,39~58
394,4,CAMERA_1,['CAMERA_1'],"{'CAMERA_1': ['optical_zoom'], 'CAMERA_2': [], 'CAMERA_3': []}",C_QUESTION_ABOUT_FEATURE,CAMERA_1,optical_zoom,does it have optical zoom,S_ANSWERS_QUESTION_ABOUT_FEATURE,CAMERA_1,optical_zoom,This one has 5x optical zoom.,13~28
394,5,CAMERA_1,['CAMERA_1'],"{'CAMERA_1': ['optical_zoom', 'settings'], 'CAMERA_2': [], 'CAMERA_3': []}",C_QUESTION_ABOUT_FEATURE,CAMERA_1,settings,what kind of settings does it have,S_ANSWERS_QUESTION_ABOUT_FEATURE,CAMERA_1,settings,This one has limited manual settings.,13~36
394,6,CAMERA_1,['CAMERA_1'],"{'CAMERA_1': ['optical_zoom', 'settings', 'ISO'], 'CAMERA_2': [], 'CAMERA_3': []}",C_QUESTION_ABOUT_FEATURE,CAMERA_1,ISO,what is the ISO,S_NOT_SURE,CAMERA_1,,I'm not really sure about that,
394,7,CAMERA_3,"['CAMERA_1', 'CAMERA_3']","{'CAMERA_1': ['optical_zoom', 'settings', 'ISO'], 'CAMERA_2': [], 'CAMERA_3': []}",C_ANYTHING_ELSE_AVAILABLE,CAMERA_1,NONE,ok do you have any other cameras,S_INTRODUCES_CAMERA,CAMERA_3,,Let me show you this. Here we have the Canon EOS 5D Mark III.,39~60
394,8,CAMERA_3,"['CAMERA_1', 'CAMERA_3']","{'CAMERA_1': ['optical_zoom', 'settings', 'ISO'], 'CAMERA_2': [], 'CAMERA_3': ['weight']}",C_QUESTION_ABOUT_FEATURE,CAMERA_3,weight,how much does this one weigh,S_ANSWERS_QUESTION_ABOUT_FEATURE,CAMERA_3,weight,This one weighs 950 grams (only body).,16~37
394,9,CAMERA_3,"['CAMERA_1', 'CAMERA_3']","{'CAMERA_1': ['optical_zoom', 'settings', 'ISO'], 'CAMERA_2': [], 'CAMERA_3': ['weight', 'price']}",C_SILENT_OR_BACKCHANNEL,CAMERA_3,NONE,alright,S_INTRODUCES_FEATURE,CAMERA_3,price,This one costs $3706.,15~20
394,10,CAMERA_3,"['CAMERA_1', 'CAMERA_3']","{'CAMERA_1': ['optical_zoom', 'settings', 'ISO'], 'CAMERA_2': [], 'CAMERA_3': ['weight', 'price', 'settings']}",C_SILENT_OR_BACKCHANNEL,CAMERA_3,NONE,alright,S_INTRODUCES_FEATURE,CAMERA_3,settings,This one has full manual control.,13~32
394,11,CAMERA_3,"['CAMERA_1', 'CAMERA_3']","{'CAMERA_1': ['optical_zoom', 'settings', 'ISO'], 'CAMERA_2': [], 'CAMERA_3': ['weight', 'price', 'settings', 'camera_type']}",C_SILENT_OR_BACKCHANNEL,CAMERA_3,NONE,okay,S_INTRODUCES_FEATURE,CAMERA_3,camera_type,This is a DSLR camera.,10~14
394,12,CAMERA_3,"['CAMERA_1', 'CAMERA_3']","{'CAMERA_1': ['optical_zoom', 'settings', 'ISO'], 'CAMERA_2': [], 'CAMERA_3': ['weight', 'price', 'settings', 'camera_type', 'autofocus_points']}",C_SILENT_OR_BACKCHANNEL,CAMERA_3,NONE,alright,S_INTRODUCES_FEATURE,CAMERA_3,autofocus_points,This one has 61 autofocus points.,13~32
394,13,CAMERA_3,"['CAMERA_1', 'CAMERA_3']","{'CAMERA_1': ['optical_zoom', 'settings', 'ISO'], 'CAMERA_2': [], 'CAMERA_3': ['weight', 'price', 'settings', 'camera_type', 'autofocus_points', 'color']}",C_QUESTION_ABOUT_FEATURE,CAMERA_3,color,what colors does this one come in,S_ANSWERS_QUESTION_ABOUT_FEATURE,CAMERA_3,color,This one comes in black.,18~23
394,14,CAMERA_3,"['CAMERA_1', 'CAMERA_3']","{'CAMERA_1': ['optical_zoom', 'settings', 'ISO'], 'CAMERA_2': [], 'CAMERA_3': ['weight', 'price', 'settings', 'camera_type', 'autofocus_points', 'color', 'ISO']}",C_SILENT_OR_BACKCHANNEL,CAMERA_3,NONE,alright,S_INTRODUCES_FEATURE,CAMERA_3,ISO,This one has up to 6400 ISO with little noise.,13~45
394,15,CAMERA_3,"['CAMERA_1', 'CAMERA_3']","{'CAMERA_1': ['optical_zoom', 'settings', 'ISO'], 'CAMERA_2': [], 'CAMERA_3': ['weight', 'price', 'settings', 'camera_type', 'autofocus_points', 'color', 'ISO', 'preset_modes']}",C_QUESTION_ABOUT_FEATURE,CAMERA_3,preset_modes,does it have preset modes,S_NOT_SURE,CAMERA_3,,I'm not really sure about that,
394,16,CAMERA_3,"['CAMERA_1', 'CAMERA_3']","{'CAMERA_1': ['optical_zoom', 'settings', 'ISO'], 'CAMERA_2': [], 'CAMERA_3': ['weight', 'price', 'settings', 'camera_type', 'autofocus_points', 'color', 'ISO', 'preset_modes', 'long_exposure']}",C_SILENT_OR_BACKCHANNEL,CAMERA_3,NONE,okay,S_INTRODUCES_FEATURE,CAMERA_3,long_exposure,"This one can take long exposures up to up to 30 seconds, bulb mode: expose as long as you want.",39~94
394,17,NONE,"['CAMERA_1', 'CAMERA_3']","{'CAMERA_1': ['optical_zoom', 'settings', 'ISO'], 'CAMERA_2': [], 'CAMERA_3': ['weight', 'price', 'settings', 'camera_type', 'autofocus_points', 'color', 'ISO', 'preset_modes', 'long_exposure']}",C_THANK_YOU,CAMERA_3,NONE,thank you for your help,S_THANK_YOU,CAMERA_3,NONE,thank you very much,
394,18,NONE,"['CAMERA_1', 'CAMERA_3']","{'CAMERA_1': ['optical_zoom', 'settings', 'ISO'], 'CAMERA_2': [], 'CAMERA_3': ['weight', 'price', 'settings', 'camera_type', 'autofocus_points', 'color', 'ISO', 'preset_modes', 'long_exposure']}",C_LEAVES,DOOR,NONE,,S_RETURNS_TO_COUNTER,SERVICE_COUNTER,NONE,,
395,1,NONE,[],"{'CAMERA_1': [], 'CAMERA_2': [], 'CAMERA_3': []}",C_ENTERS,DOOR,NONE,,S_NONE,SERVICE_COUNTER,NONE,,
395,2,NONE,[],"{'CAMERA_1': [], 'CAMERA_2': [], 'CAMERA_3': []}",C_GREETS,MIDDLE,NONE,hello,S_GREETS,MIDDLE,NONE,can I help you?,
395,3,CAMERA_2,['CAMERA_2'],"{'CAMERA_1': [], 'CAMERA_2': [], 'CAMERA_3': []}",C_LOOKING_FOR_A_CAMERA,MIDDLE,NONE,I'm looking for a camera,S_INTRODUCES_CAMERA,CAMERA_2,,Let me show you this. Here we have the Sony Alpha a6000.,39~55
395,4,CAMERA_2,['CAMERA_2'],"{'CAMERA_1': [], 'CAMERA_2': ['camera_type'], 'CAMERA_3': []}",C_QUESTION_ABOUT_FEATURE,CAMERA_2,camera_type,what kind of camera is this,S_ANSWERS_QUESTION_ABOUT_FEATURE,CAMERA_2,camera_type,This is a mirrorless camera.,10~20
395,5,CAMERA_2,['CAMERA_2'],"{'CAMERA_1': [], 'CAMERA_2': ['camera_type', 'preset_modes'], 'CAMERA_3': []}",C_QUESTION_ABOUT_FEATURE,CAMERA_2,preset_modes,does it have preset modes,S_ANSWERS_QUESTION_ABOUT_FEATURE,CAMERA_2,preset_modes,"This one has 9 preset modes (e.g. beach, snow, night, portrait).",13~63
395,6,CAMERA_2,['CAMERA_2'],"{'CAMERA_1': [], 'CAMERA_2': ['camera_type', 'preset_modes', 'sensor_size'], 'CAMERA_3': []}",C_SILENT_OR_BACKCHANNEL,CAMERA_2,NONE,alright,S_INTRODUCES_FEATURE,CAMERA_2,sensor_size,This one has a APS-C sensor (crop sensor).,15~41
395,7,CAMERA_2,['CAMERA_2'],"{'CAMERA_1': [], 'CAMERA_2': ['camera_type', 'preset_modes', 'sensor_size', 'long_exposure'], 'CAMERA_3': []}",C_SILENT_OR_BACKCHANNEL,CAMERA_2,NONE,okay,S_INTRODUCES_FEATURE,CAMERA_2,long_exposure,This one can take long exposures up to up to 30 seconds.,39~55
395,8,CAMERA_2,['CAMERA_2'],"{'CAMERA_1': [], 'CAMERA_2': ['camera_type', 'preset_modes', 'sensor_size', 'long_exposure', 'weight'], 'CAMERA_3': []}",C_QUESTION_ABOUT_FEATURE,CAMERA_2,weight,how much does this one weigh,S_ANSWERS_QUESTION_ABOUT_FEATURE,CAMERA_2,weight,This one weighs 470 grams.,16~25
395,9,CAMERA_2,['CAMERA_2'],"{'CAMERA_1': [], 'CAMERA_2': ['camera_type', 'preset_modes', 'sensor_size', 'long_exposure', 'weight', 'color'], 'CAMERA_3': []}",C_QUESTION_ABOUT_FEATURE,CAMERA_2,color,what colors does this one come in,S_ANSWERS_QUESTION_ABOUT_FEATURE,CAMERA_2,color,"This one comes in white, silver, black.",18~38
395,10,NONE,['CAMERA_2'],"{'CAMERA_1': [], 'CAMERA_2': ['camera_type', 'preset_modes', 'sensor_size', 'long_exposure', 'weight', 'color'], 'CAMERA_3': []}",C_THANK_YOU,CAMERA_2,NONE,thank you for your help,S_THANK_YOU,CAMERA_2,NONE,thank you very much,
395,11,NONE,['CAMERA_2'],"{'CAMERA_1': [], 'CAMERA_2': ['camera_type', 'preset_modes', 'sensor_size', 'long_exposure', 'weight', 'color'], 'CAMERA_3': []}",C_LEAVES,DOOR,NONE,,S_RETURNS_TO_COUNTER,SERVICE_COUNTER,NONE,,
396,1,NONE,[],"{'CAMERA_1': [], 'CAMERA_2': [], 'CAMERA_3': []}",C_ENTERS,DOOR,NONE,,S_NONE,SERVICE_COUNTER,NONE,,
396,2,NONE,[],"{'CAMERA_1': [], 'CAMERA_2': [], 'CAMERA_3': []}",C_GREETS,MIDDLE,NONE,hello,S_GREETS,MIDDLE,NONE,can I help you?,
396,3,CAMERA_3,['CAMERA_3'],"{'CAMERA_1': [], 'CAMERA_2': [], 'CAMERA_3': []}",C_LOOKING_FOR_A_CAMERA,MIDDLE,NONE,I'm looking for a camera,S_INTRODUCES_CAMERA,CAMERA_3,,Let me show you this. Here we have the Canon EOS 5D Mark III.,39~60
396,4,CAMERA_3,['CAMERA_3'],"{'CAMERA_1': [], 'CAMERA_2': [], 'CAMERA_3': ['long_exposure']}",C_SILENT_OR_BACKCHANNEL,CAMERA_3,NONE,alright,S_INTRODUCES_FEATURE,CAMERA_3,long_exposure,"This one can take long exposures up to up to 30 seconds, bulb mode: expose as long as you want.",39~94
396,5,CAMERA_3,['CAMERA_3'],"{'CAMERA_1': [], 'CAMERA_2': [], 'CAMERA_3': ['long_exposure', 'price']}",C_SILENT_OR_BACKCHANNEL,CAMERA_3,NONE,alright,S_INTRODUCES_FEATURE,CAMERA_3,price,This one costs $3706.,15~20
396,6,CAMERA_3,['CAMERA_3'],"{'CAMERA_1': [], 'CAMERA_2': [], 'CAMERA_3': ['long_exposure', 'price', 'color']}",C_SILENT_OR_BACKCHANNEL,CAMERA_3,NONE,okay,S_INTRODUCES_FEATURE,CAMERA_3,color,This one comes in black.,18~23
396,7,CAMERA_3,['CAMERA_3'],"{'CAMERA_1': [], 'CAMERA_2': [], 'CAMERA_3': ['long_exposure', 'price', 'color', 'settings']}",C_QUESTION_ABOUT_FEATURE,CAMERA_3,settings,what kind of settings does it have,S_ANSWERS_QUESTION_ABOUT_FEATURE,CAMERA_3,settings,This one has full manual control.,13~32
396,8,CAMERA_3,['CAMERA_3'],"{'CAMERA_1': [], 'CAMERA_2': [], 'CAMERA_3': ['long_exposure', 'price', 'color', 'settings', 'camera_type']}",C_QUESTION_ABOUT_FEATURE,CAMERA_3,camera_type,what kind of camera is this,S_ANSWERS_QUESTION_ABOUT_FEATURE,CAMERA_3,camera_type,This is a DSLR camera.,10~14
396,9,CAMERA_3,['CAMERA_3'],"{'CAMERA_1': [], 'CAMERA_2': [], 'CAMERA_3': ['long_exposure', 'price', 'color', 'settings', 'camera_type', 'weight']}",C_QUESTION_ABOUT_FEATURE,CAMERA_3,weight,how much does this one weigh,S_ANSWERS_QUESTION_ABOUT_FEATURE,CAMERA_3,weight,This one weighs 950 grams (only body).,16~37
396,10,CAMERA_3,['CAMERA_3'],"{'CAMERA_1': [], 'CAMERA_2': [], 'CAMERA_3': ['long_exposure', 'price', 'color', 'settings', 'camera_type', 'weight', 'ISO']}",C_SILENT_OR_BACKCHANNEL,CAMERA_3,NONE,okay,S_INTRODUCES_FEATURE,CAMERA_3,ISO,This one has up to 6400 ISO with little noise.,13~45
396,11,NONE,['CAMERA_3'],"{'CAMERA_1': [], 'CAMERA_2': [], 'CAMERA_3': ['long_exposure', 'price', 'color', 'settings', 'camera_type', 'weight', 'ISO']}",C_THANK_YOU,CAMERA_3,NONE,thank you for your help,S_THANK_YOU,CAMERA_3,NONE,thank you very much,
396,12,NONE,['CAMERA_3'],"{'CAMERA_1': [], 'CAMERA_2': [], 'CAMERA_3': ['long_exposure', 'price', 'color', 'settings', 'camera_type', 'weight', 'ISO']}",C_LEAVES,DOOR,NONE,,S_RETURNS_TO_COUNTER,SERVICE_COUNTER,NONE,,
397,1,NONE,[],"{'CAMERA_1': [], 'CAMERA_2': [], 'CAMERA_3': []}",C_ENTERS,DOOR,NONE,,S_NONE,SERVICE_COUNTER,NONE,,
397,2,NONE,[],"{'CAMERA_1': [], 'CAMERA_2': [], 'CAMERA_3': []}",C_GREETS,MIDDLE,NONE,hello,S_GREETS,MIDDLE,NONE,can I help you?,
397,3,CAMERA_2,['CAMERA_2'],"{'CAMERA_1': [], 'CAMERA_2': [], 'CAMERA_3': []}",C_LOOKING_FOR_A_CAMERA,MIDDLE,NONE,I'm looking for a camera,S_INTRODUCES_CAMERA,CAMERA_2,,Let me show you this. Here we have the Sony Alpha a6000.,39~55
397,4,CAMERA_2,['CAMERA_2'],"{'CAMERA_1': [], 'CAMERA_2': ['weight'], 'CAMERA_3': []}",C_QUESTION_ABOUT_FEATURE,CAMERA_2,weight,how much does this one weigh,S_ANSWERS_QUESTION_ABOUT_FEATURE,CAMERA_2,weight,This one weighs 470 grams.,16~25
397,5,CAMERA_2,['CAMERA_2'],"{'CAMERA_1': [], 'CAMERA_2': ['weight', 'preset_modes'], 'CAMERA_3': []}",C_QUESTION_ABOUT_FEATURE,CAMERA_2,preset_modes,does it have preset modes,S_ANSWERS_QUESTION_ABOUT_FEATURE,CAMERA_2,preset_modes,"This one has 9 preset modes (e.g. beach, snow, night, portrait).",13~63
397,6,CAMERA_3,"['CAMERA_2', 'CAMERA_3']","{'CAMERA_1': [], 'CAMERA_2': ['weight', 'preset_modes'], 'CAMERA_3': []}",C_ANYTHING_ELSE_AVAILABLE,CAMERA_2,NONE,ok do you have any other cameras,S_INTRODUCES_CAMERA,CAMERA_3,,Let me show you this. Here we have the Canon EOS 5D Mark III.,39~60
397,7,CAMERA_3,"['CAMERA_2', 'CAMERA_3']","{'CAMERA_1': [], 'CAMERA_2': ['weight', 'preset_modes'], 'CAMERA_3': ['price']}",C_QUESTION_ABOUT_FEATURE,CAMERA_3,price,how much does it cost,S_ANSWERS_QUESTION_ABOUT_FEATURE,CAMERA_3,price,This one costs $3706.,15~20
397,8,CAMERA_3,"['CAMERA_2', 'CAMERA_3']","{'CAMERA_1': [], 'CAMERA_2': ['weight', 'preset_modes'], 'CAMERA_3': ['price', 'sensor_size']}",C_QUESTION_ABOUT_FEATURE,CAMERA_3,sensor_size,what is the sensor size,S_ANSWERS_QUESTION_ABOUT_FEATURE,CAMERA_3,sensor_size,This one has a full frame.,15~25
397,9,CAMERA_3,"['CAMERA_2', 'CAMERA_3']","{'CAMERA_1': [], 'CAMERA_2': ['weight', 'preset_modes'], 'CAMERA_3': ['price', 'sensor_size', 'camera_type']}",C_QUESTION_ABOUT_FEATURE,CAMERA_3,camera_type,what kind of camera is this,S_ANSWERS_QUESTION_ABOUT_FEATURE,CAMERA_3,camera_type,This is a DSLR camera.,10~14
397,10,CAMERA_1,"['CAMERA_2', 'CAMERA_3', 'CAMERA_1']","{'CAMERA_1': [], 'CAMERA_2': ['weight', 'preset_modes'], 'CAMERA_3': ['price', 'sensor_size', 'camera_type']}",C_ANYTHING_ELSE_AVAILABLE,CAMERA_3,NONE,ok do you have any other cameras,S_INTRODUCES_CAMERA,CAMERA_1,,Let me show you this. Here we have the Nikon Coolpix S2800.,39~58
397,11,CAMERA_1,"['CAMERA_2', 'CAMERA_3', 'CAMERA_1']","{'CAMERA_1': ['settings'], 'CAMERA_2': ['weight', 'preset_modes'], 'CAMERA_3': ['price', 'sensor_size', 'camera_type']}",C_SILENT_OR_BACKCHANNEL,CAMERA_1,NONE,okay,S_INTRODUCES_FEATURE,CAMERA_1,settings,This one has limited manual settings.,13~36
397,12,CAMERA_1,"['CAMERA_2', 'CAMERA_3', 'CAMERA_1']","{'CAMERA_1': ['settings', 'effects'], 'CAMERA_2': ['weight', 'preset_modes'], 'CAMERA_3': ['price', 'sensor_size', 'camera_type']}",C_SILENT_OR_BACKCHANNEL,CAMERA_1,NONE,alright,S_INTRODUCES_FEATURE,CAMERA_1,effects,"This one has 12 glamor retouch effects (e.g. skin softening, small face, big eyes).",13~82
397,13,NONE,"['CAMERA_2', 'CAMERA_3', 'CAMERA_1']","{'CAMERA_1': ['settings', 'effects'], 'CAMERA_2': ['weight', 'preset_modes'], 'CAMERA_3': ['price', 'sensor_size', 'camera_type']}",C_THANK_YOU,CAMERA_1,NONE,thank you for your help,S_THANK_YOU,CAMERA_1,NONE,thank you very much,
397,14,NONE,"['CAMERA_2', 'CAMERA_3', 'CAMERA_1']","{'CAMERA_1': ['settings', 'effects'], 'CAMERA_2': ['weight', 'preset_modes'], 'CAMERA_3': ['price', 'sensor_size', 'camera_type']}",C_LEAVES,DOOR,NONE,,S_RETURNS_TO_COUNTER,SERVICE_COUNTER,NONE,,
398,1,NONE,[],"{'CAMERA_1': [], 'CAMERA_2': [], 'CAMERA_3': []}",C_ENTERS,DOOR,NONE,,S_NONE,SERVICE_COUNTER,NONE,,
398,2,NONE,[],"{'CAMERA_1': [], 'CAMERA_2': [], 'CAMERA_3': []}",C_WALKS_TO_CAMERA,CAMERA_3,NONE,,S_GREETS,CAMERA_3,NONE,can I help you?,
398,3,CAMERA_1,['CAMERA_1'],"{'CAMERA_1': [], 'CAMERA_2': [], 'CAMERA_3': []}",C_LOOKING_FOR_A_CAMERA,CAMERA_3,NONE,I'm looking for a camera,S_INTRODUCES_CAMERA,CAMERA_1,,Let me show you this. Here we have the Nikon Coolpix S2800.,39~58
398,4,CAMERA_1,['CAMERA_1'],"{'CAMERA_1': ['settings'], 'CAMERA_2': [], 'CAMERA_3': []}",C_SILENT_OR_BACKCHANNEL,CAMERA_1,NONE,okay,S_INTRODUCES_FEATURE,CAMERA_1,settings,This one has limited manual settings.,13~36
398,5,CAMERA_1,['CAMERA_1'],"{'CAMERA_1': ['settings', 'long_exposure'], 'CAMERA_2': [], 'CAMERA_3': []}",C_QUESTION_ABOUT_FEATURE,CAMERA_1,long_exposure,can it take long exposure shots,S_NOT_SURE,CAMERA_1,,I'm not really sure about that,
398,6,NONE,['CAMERA_1'],"{'CAMERA_1': ['settings', 'long_exposure'], 'CAMERA_2': [], 'CAMERA_3': []}",C_THANK_YOU,CAMERA_1,NONE,thank you for your help,S_THANK_YOU,CAMERA_1,NONE,thank you very much,
398,7,NONE,['CAMERA_1'],"{'CAMERA_1': ['settings', 'long_exposure'], 'CAMERA_2': [], 'CAMERA_3': []}",C_LEAVES,DOOR,NONE,,S_RETURNS_TO_COUNTER,SERVICE_COUNTER,NONE,,
399,1,NONE,[],"{'CAMERA_1': [], 'CAMERA_2': [], 'CAMERA_3': []}",C_ENTERS,DOOR,NONE,,S_NONE,SERVICE_COUNTER,NONE,,
399,2,NONE,[],"{'CAMERA_1': [], 'CAMERA_2': [], 'CAMERA_3': []}",C_GREETS,MIDDLE,NONE,hello,S_GREETS,MIDDLE,NONE,can I help you?,
399,3,CAMERA_1,['CAMERA_1'],"{'CAMERA_1': [], 'CAMERA_2': [], 'CAMERA_3': []}",C_LOOKING_FOR_A_CAMERA,MIDDLE,NONE,I'm looking for a camera,S_INTRODUCES_CAMERA,CAMERA_1,,Let me show you this. Here we have the Nikon Coolpix S2800.,39~58
399,4,CAMERA_1,['CAMERA_1'],"{'CAMERA_1': ['optical_zoom'], 'CAMERA_2': [], 'CAMERA_3': []}",C_QUESTION_ABOUT_FEATURE,CAMERA_1,optical_zoom,does it have optical zoom,S_ANSWERS_QUESTION_ABOUT_FEATURE,CAMERA_1,optical_zoom,This one has 5x optical zoom.,13~28
399,5,CAMERA_1,['CAMERA_1'],"{'CAMERA_1': ['optical_zoom', 'long_exposure'], 'CAMERA_2': [], 'CAMERA_3': []}",C_QUESTION_ABOUT_FEATURE,CAMERA_1,long_exposure,can it take long exposure shots,S_NOT_SURE,CAMERA_1,,I'm not really sure about that,
399,6,CAMERA_3,"['CAMERA_1', 'CAMERA_3']","{'CAMERA_1': ['optical_zoom', 'long_exposure'], 'CAMERA_2': [], 'CAMERA_3': []}",C_ANYTHING_ELSE_AVAILABLE,CAMERA_1,NONE,ok do you have any other cameras,S_INTRODUCES_CAMERA,CAMERA_3,,Let me show you this. Here we have the Canon EOS 5D Mark III.,39~60
399,7,CAMERA_3,"['CAMERA_1', 'CAMERA_3']","{'CAMERA_1': ['optical_zoom', 'long_exposure'], 'CAMERA_2': [], 'CAMERA_3': ['ISO']}",C_SILENT_OR_BACKCHANNEL,CAMERA_3,NONE,okay,S_INTRODUCES_FEATURE,CAMERA_3,ISO,This one has up to 6400 ISO with little noise.,13~45
399,8,CAMERA_3,"['CAMERA_1', 'CAMERA_3']","{'CAMERA_1': ['optical_zoom', 'long_exposure'], 'CAMERA_2': [], 'CAMERA_3': ['ISO', 'settings']}",C_QUESTION_ABOUT_FEATURE,CAMERA_3,settings,what kind of settings does it have,S_ANSWERS_QUESTION_ABOUT_FEATURE,CAMERA_3,settings,This one has full manual control.,13~32
399,9,CAMERA_3,"['CAMERA_1', 'CAMERA_3']","{'CAMERA_1': ['optical_zoom', 'long_exposure'], 'CAMERA_2': [], 'CAMERA_3': ['ISO', 'settings', 'optical_zoom']}",C_QUESTION_ABOUT_FEATURE,CAMERA_3,optical_zoom,does it have optical zoom,S_NOT_SURE,CAMERA_3,,I'm not really sure about that,
399,10,CAMERA_2,"['CAMERA_1', 'CAMERA_3', 'CAMERA_2']","{'CAMERA_1': ['optical_zoom', 'long_exposure'], 'CAMERA_2': [], 'CAMERA_3': ['ISO', 'settings', 'optical_zoom']}",C_ANYTHING_ELSE_AVAILABLE,CAMERA_3,NONE,ok do you have any other cameras,S_INTRODUCES_CAMERA,CAMERA_2,,Let me show you this. Here we have the Sony Alpha a6000.,39~55
399,11,CAMERA_2,"['CAMERA_1', 'CAMERA_3', 'CAMERA_2']","{'CAMERA_1': ['optical_zoom', 'long_exposure'], 'CAMERA_2': ['price'], 'CAMERA_3': ['ISO', 'settings', 'optical_zoom']}",C_QUESTION_ABOUT_FEATURE,CAMERA_2,price,how much does it cost,S_ANSWERS_QUESTION_ABOUT_FEATURE,CAMERA_2,price,This one costs $1341.,15~20
399,12,CAMERA_2,"['CAMERA_1', 'CAMERA_3', 'CAMERA_2']","{'CAMERA_1': ['optical_zoom', 'long_exposure'], 'CAMERA_2': ['price', 'weight'], 'CAMERA_3': ['ISO', 'settings', 'optical_zoom']}",C_SILENT_OR_BACKCHANNEL,CAMERA_2,NONE,I see,S_INTRODUCES_FEATURE,CAMERA_2,weight,This one weighs 470 grams.,16~25
399,13,CAMERA_2,"['CAMERA_1', 'CAMERA_3', 'CAMERA_2']","{'CAMERA_1': ['optical_zoom', 'long_exposure'], 'CAMERA_2': ['price', 'weight', 'long_exposure'], 'CAMERA_3': ['ISO', 'settings', 'optical_zoom']}",C_QUESTION_ABOUT_FEATURE,CAMERA_2,long_exposure,can it take long exposure shots,S_ANSWERS_QUESTION_ABOUT_FEATURE,CAMERA_2,long_exposure,This one can take long exposures up to up to 30 seconds.,39~55
399,14,CAMERA_2,"['CAMERA_1', 'CAMERA_3', 'CAMERA_2']","{'CAMERA_1': ['optical_zoom', 'long_exposure'], 'CAMERA_2': ['price', 'weight', 'long_exposure', 'preset_modes'], 'CAMERA_3': ['ISO', 'settings', 'optical_zoom']}",C_QUESTION_ABOUT_FEATURE,CAMERA_2,preset_modes,does it have preset modes,S_ANSWERS_QUESTION_ABOUT_FEATURE,CAMERA_2,preset_modes,"This one has 9 preset modes (e.g. beach, snow, night, portrait).",13~63
399,15,,"['CAMERA_1', 'CAMERA_3', 'CAMERA_2']","{'CAMERA_1': ['optical_zoom', 'long_exposure'], 'CAMERA_2': ['price', 'weight', 'long_exposure', 'preset_modes'], 'CAMERA_3': ['ISO', 'settings', 'optical_zoom']}",C_ANYTHING_ELSE_AVAILABLE,CAMERA_2,NONE,ok do you have any other cameras,S_THATS_ALL_WE_HAVE_AVAILABLE,CAMERA_2,,That’s all we have available at the moment.,
399,16,NONE,"['CAMERA_1', 'CAMERA_3', 'CAMERA_2']","{'CAMERA_1': ['optical_zoom', 'long_exposure'], 'CAMERA_2': ['price', 'weight', 'long_exposure', 'preset_modes'], 'CAMERA_3': ['ISO', 'settings', 'optical_zoom']}",C_THANK_YOU,CAMERA_2,NONE,thank you for your help,S_THANK_YOU,CAMERA_2,NONE,thank you very much,
399,17,NONE,"['CAMERA_1', 'CAMERA_3', 'CAMERA_2']","{'CAMERA_1': ['optical_zoom', 'long_exposure'], 'CAMERA_2': ['price', 'weight', 'long_exposure', 'preset_modes'], 'CAMERA_3': ['ISO', 'settings', 'optical_zoom']}",C_LEAVES,DOOR,NONE,,S_RETURNS_TO_COUNTER,SERVICE_COUNTER,NONE,,
400,1,NONE,[],"{'CAMERA_1': [], 'CAMERA_2': [], 'CAMERA_3': []}",C_ENTERS,DOOR,NONE,,S_NONE,SERVICE_COUNTER,NONE,,
400,2,NONE,[],"{'CAMERA_1': [], 'CAMERA_2': [], 'CAMERA_3': []}",C_WALKS_TO_CAMERA,CAMERA_3,NONE,,S_GREETS,CAMERA_3,NONE,can I help you?,
400,3,CAMERA_3,['CAMERA_3'],"{'CAMERA_1': [], 'CAMERA_2': [], 'CAMERA_3': []}",C_LOOKING_FOR_A_CAMERA,CAMERA_3,NONE,I'm looking for a camera,S_INTRODUCES_CAMERA,CAMERA_3,,Let me show you this. Here we have the Canon EOS 5D Mark III.,39~60
400,4,CAMERA_3,['CAMERA_3'],"{'CAMERA_1': [], 'CAMERA_2': [], 'CAMERA_3': ['weight']}",C_SILENT_OR_BACKCHANNEL,CAMERA_3,NONE,alright,S_INTRODUCES_FEATURE,CAMERA_3,weight,This one weighs 950 grams (only body).,16~37
400,5,CAMERA_3,['CAMERA_3'],"{'CAMERA_1': [], 'CAMERA_2': [], 'CAMERA_3': ['weight', 'sensor_size']}",C_SILENT_OR_BACKCHANNEL,CAMERA_3,NONE,I see,S_INTRODUCES_FEATURE,CAMERA_3,sensor_size,This one has a full frame.,15~25
400,6,CAMERA_3,['CAMERA_3'],"{'CAMERA_1': [], 'CAMERA_2': [], 'CAMERA_3': ['weight', 'sensor_size', 'ISO']}",C_QUESTION_ABOUT_FEATURE,CAMERA_3,ISO,what is the ISO,S_ANSWERS_QUESTION_ABOUT_FEATURE,CAMERA_3,ISO,This one has up to 6400 ISO with little noise.,13~45
400,7,CAMERA_3,['CAMERA_3'],"{'CAMERA_1': [], 'CAMERA_2': [], 'CAMERA_3': ['weight', 'sensor_size', 'ISO', 'autofocus_points']}",C_SILENT_OR_BACKCHANNEL,CAMERA_3,NONE,alright,S_INTRODUCES_FEATURE,CAMERA_3,autofocus_points,This one has 61 autofocus points.,13~32
400,8,CAMERA_3,['CAMERA_3'],"{'CAMERA_1': [], 'CAMERA_2': [], 'CAMERA_3': ['weight', 'sensor_size', 'ISO', 'autofocus_points', 'price']}",C_QUESTION_ABOUT_FEATURE,CAMERA_3,price,how much does it cost,S_ANSWERS_QUESTION_ABOUT_FEATURE,CAMERA_3,price,This one costs $3706.,15~20
400,9,CAMERA_3,['CAMERA_3'],"{'CAMERA_1': [], 'CAMERA_2': [], 'CAMERA_3': ['weight', 'sensor_size', 'ISO', 'autofocus_points', 'price', 'color']}",C_SILENT_OR_BACKCHANNEL,CAMERA_3,NONE,I see,S_INTRODUCES_FEATURE,CAMERA_3,color,This one comes in black.,18~23
400,10,CAMERA_3,['CAMERA_3'],"{'CAMERA_1': [], 'CAMERA_2': [], 'CAMERA_3': ['weight', 'sensor_size', 'ISO', 'autofocus_points', 'price', 'color', 'long_exposure']}",C_QUESTION_ABOUT_FEATURE,CAMERA_3,long_exposure,can it take long exposure shots,S_ANSWERS_QUESTION_ABOUT_FEATURE,CAMERA_3,long_exposure,"This one can take long exposures up to up to 30 seconds, bulb mode: expose as long as you want.",39~94
400,11,CAMERA_3,['CAMERA_3'],"{'CAMERA_1': [], 'CAMERA_2': [], 'CAMERA_3': ['weight', 'sensor_size', 'ISO', 'autofocus_points', 'price', 'color', 'long_exposure', 'settings']}",C_QUESTION_ABOUT_FEATURE,CAMERA_3,settings,what kind of settings does it have,S_ANSWERS_QUESTION_ABOUT_FEATURE,CAMERA_3,settings,This one has full manual control.,13~32
400,12,CAMERA_3,['CAMERA_3'],"{'CAMERA_1': [], 'CAMERA_2': [], 'CAMERA_3': ['weight', 'sensor_size', 'ISO', 'autofocus_points', 'price', 'color', 'long_exposure', 'settings', 'optical_zoom']}",C_QUESTION_ABOUT_FEATURE,CAMERA_3,optical_zoom,does it have optical zoom,S_NOT_SURE,CAMERA_3,,I'm not really sure about that,
400,13,CAMERA_3,['CAMERA_3'],"{'CAMERA_1': [], 'CAMERA_2': [], 'CAMERA_3': ['weight', 'sensor_size', 'ISO', 'autofocus_points', 'price', 'color', 'long_exposure', 'settings', 'optical_zoom', 'camera_type']}",C_QUESTION_ABOUT_FEATURE,CAMERA_3,camera_type,what kind of camera is this,S_ANSWERS_QUESTION_ABOUT_FEATURE,CAMERA_3,camera_type,This is a DSLR camera.,10~14
400,14,CAMERA_3,['CAMERA_3'],"{'CAMERA_1': [], 'CAMERA_2': [], 'CAMERA_3': ['weight', 'sensor_size', 'ISO', 'autofocus_points', 'price', 'color', 'long_exposure', 'settings', 'optical_zoom', 'camera_type', 'preset_modes']}",C_QUESTION_ABOUT_FEATURE,CAMERA_3,preset_modes,does it have preset modes,S_NOT_SURE,CAMERA_3,,I'm not really sure about that,
400,15,CAMERA_2,"['CAMERA_3', 'CAMERA_2']","{'CAMERA_1': [], 'CAMERA_2': [], 'CAMERA_3': ['weight', 'sensor_size', 'ISO', 'autofocus_points', 'price', 'color', 'long_exposure', 'settings', 'optical_zoom', 'camera_type', 'preset_modes']}",C_ANYTHING_ELSE_AVAILABLE,CAMERA_3,NONE,ok do you have any other cameras,S_INTRODUCES_CAMERA,CAMERA_2,,Let me show you this. Here we have the Sony Alpha a6000.,39~55
400,16,CAMERA_2,"['CAMERA_3', 'CAMERA_2']","{'CAMERA_1': [], 'CAMERA_2': ['price'], 'CAMERA_3': ['weight', 'sensor_size', 'ISO', 'autofocus_points', 'price', 'color', 'long_exposure', 'settings', 'optical_zoom', 'camera_type', 'preset_modes']}",C_QUESTION_ABOUT_FEATURE,CAMERA_2,price,how much does it cost,S_ANSWERS_QUESTION_ABOUT_FEATURE,CAMERA_2,price,This one costs $1341.,15~20
400,17,CAMERA_2,"['CAMERA_3', 'CAMERA_2']","{'CAMERA_1': [], 'CAMERA_2': ['price', 'effects'], 'CAMERA_3': ['weight', 'sensor_size', 'ISO', 'autofocus_points', 'price', 'color', 'long_exposure', 'settings', 'optical_zoom', 'camera_type', 'preset_modes']}",C_SILENT_OR_BACKCHANNEL,CAMERA_2,NONE,okay,S_INTRODUCES_FEATURE,CAMERA_2,effects,"This one has 13 artistic effect modes (e.g. toy camera, soft focus).",13~67
400,18,CAMERA_2,"['CAMERA_3', 'CAMERA_2']","{'CAMERA_1': [], 'CAMERA_2': ['price', 'effects', 'autofocus_points'], 'CAMERA_3': ['weight', 'sensor_size', 'ISO', 'autofocus_points', 'price', 'color', 'long_exposure', 'settings', 'optical_zoom', 'camera_type', 'preset_modes']}",C_SILENT_OR_BACKCHANNEL,CAMERA_2,NONE,I see,S_INTRODUCES_FEATURE,CAMERA_2,autofocus_points,This one has 179 autofocus points.,13~33
400,19,CAMERA_2,"['CAMERA_3', 'CAMERA_2']","{'CAMERA_1': [], 'CAMERA_2': ['price', 'effects', 'autofocus_points', 'long_exposure'], 'CAMERA_3': ['weight', 'sensor_size', 'ISO', 'autofocus_points', 'price', 'color', 'long_exposure', 'settings', 'optical_zoom', 'camera_type', 'preset_modes']}",C_SILENT_OR_BACKCHANNEL,CAMERA_2,NONE,okay,S_INTRODUCES_FEATURE,CAMERA_2,long_exposure,This one can take long exposures up to up to 30 seconds.,39~55
400,20,CAMERA_2,"['CAMERA_3', 'CAMERA_2']","{'CAMERA_1': [], 'CAMERA_2': ['price', 'effects', 'autofocus_points', 'long_exposure', 'sensor_size'], 'CAMERA_3': ['weight', 'sensor_size', 'ISO', 'autofocus_points', 'price', 'color', 'long_exposure', 'settings', 'optical_zoom', 'camera_type', 'preset_modes']}",C_SILENT_OR_BACKCHANNEL,CAMERA_2,NONE,okay,S_INTRODUCES_FEATURE,CAMERA_2,sensor_size,This one has a APS-C sensor (crop sensor).,15~41
400,21,NONE,"['CAMERA_3', 'CAMERA_2']","{'CAMERA_1': [], 'CAMERA_2': ['price', 'effects', 'autofocus_points', 'long_exposure', 'sensor_size'], 'CAMERA_3': ['weight', 'sensor_size', 'ISO', 'autofocus_points', 'price', 'color', 'long_exposure', 'settings', 'optical_zoom', 'camera_type', 'preset_modes']}",C_THANK_YOU,CAMERA_2,NONE,thank you for your help,S_THANK_YOU,CAMERA_2,NONE,thank you very much,
400,22,NONE,"['CAMERA_3', 'CAMERA_2']","{'CAMERA_1': [], 'CAMERA_2': ['price', 'effects', 'autofocus_points', 'long_exposure', 'sensor_size'], 'CAMERA_3': ['weight', 'sensor_size', 'ISO', 'autofocus_points', 'price', 'color', 'long_exposure', 'settings', 'optical_zoom', 'camera_type', 'preset_modes']}",C_LEAVES,DOOR,NONE,,S_RETURNS_TO_COUNTER,SERVICE_COUNTER,NONE,,
401,1,NONE,[],"{'CAMERA_1': [], 'CAMERA_2': [], 'CAMERA_3': []}",C_ENTERS,DOOR,NONE,,S_NONE,SERVICE_COUNTER,NONE,,
401,2,NONE,[],"{'CAMERA_1': [], 'CAMERA_2': [], 'CAMERA_3': []}",C_GREETS,MIDDLE,NONE,hello,S_GREETS,MIDDLE,NONE,can I help you?,
401,3,CAMERA_3,['CAMERA_3'],"{'CAMERA_1': [], 'CAMERA_2': [], 'CAMERA_3': []}",C_LOOKING_FOR_A_CAMERA,MIDDLE,NONE,I'm looking for a camera,S_INTRODUCES_CAMERA,CAMERA_3,,Let me show you this. Here we have the Canon EOS 5D Mark III.,39~60
401,4,CAMERA_3,['CAMERA_3'],"{'CAMERA_1': [], 'CAMERA_2': [], 'CAMERA_3': ['optical_zoom']}",C_QUESTION_ABOUT_FEATURE,CAMERA_3,optical_zoom,does it have optical zoom,S_NOT_SURE,CAMERA_3,,I'm not really sure about that,
401,5,CAMERA_3,['CAMERA_3'],"{'CAMERA_1': [], 'CAMERA_2': [], 'CAMERA_3': ['optical_zoom', 'price']}",C_QUESTION_ABOUT_FEATURE,CAMERA_3,price,how much does it cost,S_ANSWERS_QUESTION_ABOUT_FEATURE,CAMERA_3,price,This one costs $3706.,15~20
401,6,CAMERA_3,['CAMERA_3'],"{'CAMERA_1': [], 'CAMERA_2': [], 'CAMERA_3': ['optical_zoom', 'price', 'long_exposure']}",C_QUESTION_ABOUT_FEATURE,CAMERA_3,long_exposure,can it take long exposure shots,S_ANSWERS_QUESTION_ABOUT_FEATURE,CAMERA_3,long_exposure,"This one can take long exposures up to up to 30 seconds, bulb mode: expose as long as you want.",39~94
401,7,CAMERA_3,['CAMERA_3'],"{'CAMERA_1': [], 'CAMERA_2': [], 'CAMERA_3': ['optical_zoom', 'price', 'long_exposure', 'ISO']}",C_SILENT_OR_BACKCHANNEL,CAMERA_3,NONE,alright,S_INTRODUCES_FEATURE,CAMERA_3,ISO,This one has up to 6400 ISO with little noise.,13~45
401,8,CAMERA_3,['CAMERA_3'],"{'CAMERA_1': [], 'CAMERA_2': [], 'CAMERA_3': ['optical_zoom', 'price', 'long_exposure', 'ISO', 'color']}",C_SILENT_OR_BACKCHANNEL,CAMERA_3,NONE,alright,S_INTRODUCES_FEATURE,CAMERA_3,color,This one comes in black.,18~23
401,9,CAMERA_3,['CAMERA_3'],"{'CAMERA_1': [], 'CAMERA_2': [], 'CAMERA_3': ['optical_zoom', 'price', 'long_exposure', 'ISO', 'color', 'sensor_size']}",C_QUESTION_ABOUT_FEATURE,CAMERA_3,sensor_size,what is the sensor size,S_ANSWERS_QUESTION_ABOUT_FEATURE,CAMERA_3,sensor_size,This one has a full frame.,15~25
401,10,CAMERA_3,['CAMERA_3'],"{'CAMERA_1': [], 'CAMERA_2': [], 'CAMERA_3': ['optical_zoom', 'price', 'long_exposure', 'ISO', 'color', 'sensor_size', 'resolution']}",C_QUESTION_ABOUT_FEATURE,CAMERA_3,resolution,what is the resolution,S_NOT_SURE,CAMERA_3,,I'm not really sure about that,
401,11,CAMERA_3,['CAMERA_3'],"{'CAMERA_1': [], 'CAMERA_2': [], 'CAMERA_3': ['optical_zoom', 'price', 'long_exposure', 'ISO', 'color', 'sensor_size', 'resolution', 'weight']}",C_SILENT_OR_BACKCHANNEL,CAMERA_3,NONE,alright,S_INTRODUCES_FEATURE,CAMERA_3,weight,This one weighs 950 grams (only body).,16~37
401,12,CAMERA_3,['CAMERA_3'],"{'CAMERA_1': [], 'CAMERA_2': [], 'CAMERA_3': ['optical_zoom', 'price', 'long_exposure', 'ISO', 'color', 'sensor_size', 'resolution', 'weight', 'camera_type']}",C_SILENT_OR_BACKCHANNEL,CAMERA_3,NONE,I see,S_INTRODUCES_FEATURE,CAMERA_3,camera_type,This is a DSLR camera.,10~14
401,13,NONE,['CAMERA_3'],"{'CAMERA_1': [], 'CAMERA_2': [], 'CAMERA_3': ['optical_zoom', 'price', 'long_exposure', 'ISO', 'color', 'sensor_size', 'resolution', 'weight', 'camera_type']}",C_THANK_YOU,CAMERA_3,NONE,thank you for your help,S_THANK_YOU,CAMERA_3,NONE,thank you very much,
401,14,NONE,['CAMERA_3'],"{'CAMERA_1': [], 'CAMERA_2': [], 'CAMERA_3': ['optical_zoom', 'price', 'long_exposure', 'ISO', 'color', 'sensor_size', 'resolution', 'weight', 'camera_type']}",C_LEAVES,DOOR,NONE,,S_RETURNS_TO_COUNTER,SERVICE_COUNTER,NONE,,
402,1,NONE,[],"{'CAMERA_1': [], 'CAMERA_2': [], 'CAMERA_3': []}",C_ENTERS,DOOR,NONE,,S_NONE,SERVICE_COUNTER,NONE,,
402,2,NONE,[],"{'CAMERA_1': [], 'CAMERA_2': [], 'CAMERA_3': []}",C_WALKS_TO_CAMERA,CAMERA_1,NONE,,S_GREETS,CAMERA_1,NONE,can I help you?,
402,3,CAMERA_3,['CAMERA_3'],"{'CAMERA_1': [], 'CAMERA_2': [], 'CAMERA_3': []}",C_LOOKING_FOR_A_CAMERA,CAMERA_1,NONE,I'm looking for a camera,S_INTRODUCES_CAMERA,CAMERA_3,,Let me show you this. Here we have the Canon EOS 5D Mark III.,39~60
402,4,CAMERA_3,['CAMERA_3'],"{'CAMERA_1': [], 'CAMERA_2': [], 'CAMERA_3': ['long_exposure']}",C_QUESTION_ABOUT_FEATURE,CAMERA_3,long_exposure,can it take long exposure shots,S_ANSWERS_QUESTION_ABOUT_FEATURE,CAMERA_3,long_exposure,"This one can take long exposures up to up to 30 seconds, bulb mode: expose as long as you want.",39~94
402,5,CAMERA_3,['CAMERA_3'],"{'CAMERA_1': [], 'CAMERA_2': [], 'CAMERA_3': ['long_exposure', 'settings']}",C_SILENT_OR_BACKCHANNEL,CAMERA_3,NONE,okay,S_INTRODUCES_FEATURE,CAMERA_3,settings,This one has full manual control.,13~32
402,6,CAMERA_3,['CAMERA_3'],"{'CAMERA_1': [], 'CAMERA_2': [], 'CAMERA_3': ['long_exposure', 'settings', 'weight']}",C_QUESTION_ABOUT_FEATURE,CAMERA_3,weight,how much does this one weigh,S_ANSWERS_QUESTION_ABOUT_FEATURE,CAMERA_3,weight,This one weighs 950 grams (only body).,16~37
402,7,CAMERA_3,['CAMERA_3'],"{'CAMERA_1': [], 'CAMERA_2': [], 'CAMERA_3': ['long_exposure', 'settings', 'weight', 'resolution']}",C_QUESTION_ABOUT_FEATURE,CAMERA_3,resolution,what is the resolution,S_NOT_SURE,CAMERA_3,,I'm not really sure about that,
402,8,CAMERA_3,['CAMERA_3'],"{'CAMERA_1': [], 'CAMERA_2': [], 'CAMERA_3': ['long_exposure', 'settings', 'weight', 'resolution', 'autofocus_points']}",C_QUESTION_ABOUT_FEATURE,CAMERA_3,autofocus_points,how many autofocus points does it have,S_ANSWERS_QUESTION_ABOUT_FEATURE,CAMERA_3,autofocus_points,This one has 61 autofocus points.,13~32
402,9,NONE,['CAMERA_3'],"{'CAMERA_1': [], 'CAMERA_2': [], 'CAMERA_3': ['long_exposure', 'settings', 'weight', 'resolution', 'autofocus_points']}",C_THANK_YOU,CAMERA_3,NONE,thank you for your help,S_THANK_YOU,CAMERA_3,NONE,thank you very much,
402,10,NONE,['CAMERA_3'],"{'CAMERA_1': [], 'CAMERA_2': [], 'CAMERA_3': ['long_exposure', 'settings', 'weight', 'resolution', 'autofocus_points']}",C_LEAVES,DOOR,NONE,,S_RETURNS_TO_COUNTER,SERVICE_COUNTER,NONE,,
403,1,NONE,[],"{'CAMERA_1': [], 'CAMERA_2': [], 'CAMERA_3': []}",C_ENTERS,DOOR,NONE,,S_NONE,SERVICE_COUNTER,NONE,,
403,2,NONE,[],"{'CAMERA_1': [], 'CAMERA_2': [], 'CAMERA_3': []}",C_GREETS,MIDDLE,NONE,hello,S_GREETS,MIDDLE,NONE,can I help you?,
403,3,CAMERA_2,['CAMERA_2'],"{'CAMERA_1': [], 'CAMERA_2': [], 'CAMERA_3': []}",C_LOOKING_FOR_A_CAMERA,MIDDLE,NONE,I'm looking for a camera,S_INTRODUCES_CAMERA,CAMERA_2,,Let me show you this. Here we have the Sony Alpha a6000.,39~55
403,4,CAMERA_2,['CAMERA_2'],"{'CAMERA_1': [], 'CAMERA_2': ['ISO'], 'CAMERA_3': []}",C_QUESTION_ABOUT_FEATURE,CAMERA_2,ISO,what is the ISO,S_ANSWERS_QUESTION_ABOUT_FEATURE,CAMERA_2,ISO,This one has up to 3200 ISO with little noise.,13~45
403,5,CAMERA_2,['CAMERA_2'],"{'CAMERA_1': [], 'CAMERA_2': ['ISO', 'weight'], 'CAMERA_3': []}",C_QUESTION_ABOUT_FEATURE,CAMERA_2,weight,how much does this one weigh,S_ANSWERS_QUESTION_ABOUT_FEATURE,CAMERA_2,weight,This one weighs 470 grams.,16~25
403,6,CAMERA_2,['CAMERA_2'],"{'CAMERA_1': [], 'CAMERA_2': ['ISO', 'weight', 'long_exposure'], 'CAMERA_3': []}",C_QUESTION_ABOUT_FEATURE,CAMERA_2,long_exposure,can it take long exposure shots,S_ANSWERS_QUESTION_ABOUT_FEATURE,CAMERA_2,long_exposure,This one can take long exposures up to up to 30 seconds.,39~55
403,7,CAMERA_2,['CAMERA_2'],"{'CAMERA_1': [], 'CAMERA_2': ['ISO', 'weight', 'long_exposure', 'camera_type'], 'CAMERA_3': []}",C_SILENT_OR_BACKCHANNEL,CAMERA_2,NONE,I see,S_INTRODUCES_FEATURE,CAMERA_2,camera_type,This is a mirrorless camera.,10~20
403,8,CAMERA_3,"['CAMERA_2', 'CAMERA_3']","{'CAMERA_1': [], 'CAMERA_2': ['ISO', 'weight', 'long_exposure', 'camera_type'], 'CAMERA_3': []}",C_ANYTHING_ELSE_AVAILABLE,CAMERA_2,NONE,ok do you have any other cameras,S_INTRODUCES_CAMERA,CAMERA_3,,Let me show you this. Here we have the Canon EOS 5D Mark III.,39~60
403,9,CAMERA_3,"['CAMERA_2', 'CAMERA_3']","{'CAMERA_1': [], 'CAMERA_2': ['ISO', 'weight', 'long_exposure', 'camera_type'], 'CAMERA_3': ['sensor_size']}",C_SILENT_OR_BACKCHANNEL,CAMERA_3,NONE,I see,S_INTRODUCES_FEATURE,CAMERA_3,sensor_size,This one has a full frame.,15~25
403,10,CAMERA_3,"['CAMERA_2', 'CAMERA_3']","{'CAMERA_1': [], 'CAMERA_2': ['ISO', 'weight', 'long_exposure', 'camera_type'], 'CAMERA_3': ['sensor_size', 'weight']}",C_QUESTION_ABOUT_FEATURE,CAMERA_3,weight,how much does this one weigh,S_ANSWERS_QUESTION_ABOUT_FEATURE,CAMERA_3,weight,This one weighs 950 grams (only body).,16~37
403,11,CAMERA_3,"['CAMERA_2', 'CAMERA_3']","{'CAMERA_1': [], 'CAMERA_2': ['ISO', 'weight', 'long_exposure', 'camera_type'], 'CAMERA_3': ['sensor_size', 'weight', 'ISO']}",C_QUESTION_ABOUT_FEATURE,CAMERA_3,ISO,what is the ISO,S_ANSWERS_QUESTION_ABOUT_FEATURE,CAMERA_3,ISO,This one has up to 6400 ISO with little noise.,13~45
403,12,CAMERA_3,"['CAMERA_2', 'CAMERA_3']","{'CAMERA_1': [], 'CAMERA_2': ['ISO', 'weight', 'long_exposure', 'camera_type'], 'CAMERA_3': ['sensor_size', 'weight', 'ISO', 'color']}",C_QUESTION_ABOUT_FEATURE,CAMERA_3,color,what colors does this one come in,S_ANSWERS_QUESTION_ABOUT_FEATURE,CAMERA_3,color,This one comes in black.,18~23
403,13,CAMERA_3,"['CAMERA_2', 'CAMERA_3']","{'CAMERA_1': [], 'CAMERA_2': ['ISO', 'weight', 'long_exposure', 'camera_type'], 'CAMERA_3': ['sensor_size', 'weight', 'ISO', 'color', 'camera_type']}",C_QUESTION_ABOUT_FEATURE,CAMERA_3,camera_type,what kind of camera is this,S_ANSWERS_QUESTION_ABOUT_FEATURE,CAMERA_3,camera_type,This is a DSLR camera.,10~14
403,14,CAMERA_3,"['CAMERA_2', 'CAMERA_3']","{'CAMERA_1': [], 'CAMERA_2': ['ISO', 'weight', 'long_exposure', 'camera_type'], 'CAMERA_3': ['sensor_size', 'weight', 'ISO', 'color', 'camera_type', 'resolution']}",C_QUESTION_ABOUT_FEATURE,CAMERA_3,resolution,what is the resolution,S_NOT_SURE,CAMERA_3,,I'm not really sure about that,
403,15,CAMERA_1,"['CAMERA_2', 'CAMERA_3', 'CAMERA_1']","{'CAMERA_1': [], 'CAMERA_2': ['ISO', 'weight', 'long_exposure', 'camera_type'], 'CAMERA_3': ['sensor_size', 'weight', 'ISO', 'color', 'camera_type', 'resolution']}",C_ANYTHING_ELSE_AVAILABLE,CAMERA_3,NONE,ok do you have any other cameras,S_INTRODUCES_CAMERA,CAMERA_1,,Let me show you this. Here we have the Nikon Coolpix S2800.,39~58
403,16,CAMERA_1,"['CAMERA_2', 'CAMERA_3', 'CAMERA_1']","{'CAMERA_1': ['camera_type'], 'CAMERA_2': ['ISO', 'weight', 'long_exposure', 'camera_type'], 'CAMERA_3': ['sensor_size', 'weight', 'ISO', 'color', 'camera_type', 'resolution']}",C_QUESTION_ABOUT_FEATURE,CAMERA_1,camera_type,what kind of camera is this,S_ANSWERS_QUESTION_ABOUT_FEATURE,CAMERA_1,camera_type,This is a point and shoot camera.,10~25
403,17,,"['CAMERA_2', 'CAMERA_3', 'CAMERA_1']","{'CAMERA_1': ['camera_type'], 'CAMERA_2': ['ISO', 'weight', 'long_exposure', 'camera_type'], 'CAMERA_3': ['sensor_size', 'weight', 'ISO', 'color', 'camera_type', 'resolution']}",C_ANYTHING_ELSE_AVAILABLE,CAMERA_1,NONE,ok do you have any other cameras,S_THATS_ALL_WE_HAVE_AVAILABLE,CAMERA_1,,That’s all we have available at the moment.,
403,18,NONE,"['CAMERA_2', 'CAMERA_3', 'CAMERA_1']","{'CAMERA_1': ['camera_type'], 'CAMERA_2': ['ISO', 'weight', 'long_exposure', 'camera_type'], 'CAMERA_3': ['sensor_size', 'weight', 'ISO', 'color', 'camera_type', 'resolution']}",C_THANK_YOU,CAMERA_1,NONE,thank you for your help,S_THANK_YOU,CAMERA_1,NONE,thank you very much,
403,19,NONE,"['CAMERA_2', 'CAMERA_3', 'CAMERA_1']","{'CAMERA_1': ['camera_type'], 'CAMERA_2': ['ISO', 'weight', 'long_exposure', 'camera_type'], 'CAMERA_3': ['sensor_size', 'weight', 'ISO', 'color', 'camera_type', 'resolution']}",C_LEAVES,DOOR,NONE,,S_RETURNS_TO_COUNTER,SERVICE_COUNTER,NONE,,
404,1,NONE,[],"{'CAMERA_1': [], 'CAMERA_2': [], 'CAMERA_3': []}",C_ENTERS,DOOR,NONE,,S_NONE,SERVICE_COUNTER,NONE,,
404,2,NONE,[],"{'CAMERA_1': [], 'CAMERA_2': [], 'CAMERA_3': []}",C_WALKS_TO_CAMERA,CAMERA_2,NONE,,S_NONE,SERVICE_COUNTER,NONE,,
404,3,NONE,[],"{'CAMERA_1': [], 'CAMERA_2': [], 'CAMERA_3': []}",C_EXAMINES_CAMERA,CAMERA_2,NONE,,S_GREETS,CAMERA_2,NONE,can I help you?,
404,4,CAMERA_3,['CAMERA_3'],"{'CAMERA_1': [], 'CAMERA_2': [], 'CAMERA_3': []}",C_LOOKING_FOR_A_CAMERA,CAMERA_2,NONE,I'm looking for a camera,S_INTRODUCES_CAMERA,CAMERA_3,,Let me show you this. Here we have the Canon EOS 5D Mark III.,39~60
404,5,CAMERA_3,['CAMERA_3'],"{'CAMERA_1': [], 'CAMERA_2': [], 'CAMERA_3': ['settings']}",C_QUESTION_ABOUT_FEATURE,CAMERA_3,settings,what kind of settings does it have,S_ANSWERS_QUESTION_ABOUT_FEATURE,CAMERA_3,settings,This one has full manual control.,13~32
404,6,CAMERA_1,"['CAMERA_3', 'CAMERA_1']","{'CAMERA_1': [], 'CAMERA_2': [], 'CAMERA_3': ['settings']}",C_ANYTHING_ELSE_AVAILABLE,CAMERA_3,NONE,ok do you have any other cameras,S_INTRODUCES_CAMERA,CAMERA_1,,Let me show you this. Here we have the Nikon Coolpix S2800.,39~58
404,7,CAMERA_1,"['CAMERA_3', 'CAMERA_1']","{'CAMERA_1': ['price'], 'CAMERA_2': [], 'CAMERA_3': ['settings']}",C_QUESTION_ABOUT_FEATURE,CAMERA_1,price,how much does it cost,S_ANSWERS_QUESTION_ABOUT_FEATURE,CAMERA_1,price,This one costs $2173.,15~20
404,8,CAMERA_1,"['CAMERA_3', 'CAMERA_1']","{'CAMERA_1': ['price', 'settings'], 'CAMERA_2': [], 'CAMERA_3': ['settings']}",C_SILENT_OR_BACKCHANNEL,CAMERA_1,NONE,I see,S_INTRODUCES_FEATURE,CAMERA_1,settings,This one has limited manual settings.,13~36
404,9,CAMERA_1,"['CAMERA_3', 'CAMERA_1']","{'CAMERA_1': ['price', 'settings', 'weight'], 'CAMERA_2': [], 'CAMERA_3': ['settings']}",C_QUESTION_ABOUT_FEATURE,CAMERA_1,weight,how much does this one weigh,S_ANSWERS_QUESTION_ABOUT_FEATURE,CAMERA_1,weight,This one weighs 120 grams.,16~25
404,10,CAMERA_2,"['CAMERA_3', 'CAMERA_1', 'CAMERA_2']","{'CAMERA_1': ['price', 'settings', 'weight'], 'CAMERA_2': [], 'CAMERA_3': ['settings']}",C_ANYTHING_ELSE_AVAILABLE,CAMERA_1,NONE,ok do you have any other cameras,S_INTRODUCES_CAMERA,CAMERA_2,,Let me show you this. Here we have the Sony Alpha a6000.,39~55
404,11,CAMERA_2,"['CAMERA_3', 'CAMERA_1', 'CAMERA_2']","{'CAMERA_1': ['price', 'settings', 'weight'], 'CAMERA_2': ['autofocus_points'], 'CAMERA_3': ['settings']}",C_SILENT_OR_BACKCHANNEL,CAMERA_2,NONE,alright,S_INTRODUCES_FEATURE,CAMERA_2,autofocus_points,This one has 179 autofocus points.,13~33
404,12,CAMERA_2,"['CAMERA_3', 'CAMERA_1', 'CAMERA_2']","{'CAMERA_1': ['price', 'settings', 'weight'], 'CAMERA_2': ['autofocus_points', 'resolution'], 'CAMERA_3': ['settings']}",C_QUESTION_ABOUT_FEATURE,CAMERA_2,resolution,what is the resolution,S_NOT_SURE,CAMERA_2,,I'm not really sure about that,
404,13,CAMERA_2,"['CAMERA_3', 'CAMERA_1', 'CAMERA_2']","{'CAMERA_1': ['price', 'settings', 'weight'], 'CAMERA_2': ['autofocus_points', 'resolution', 'settings'], 'CAMERA_3': ['settings']}",C_SILENT_OR_BACKCHANNEL,CAMERA_2,NONE,okay,S_INTRODUCES_FEATURE,CAMERA_2,settings,This one has full manual control.,13~32
404,14,CAMERA_2,"['CAMERA_3', 'CAMERA_1', 'CAMERA_2']","{'CAMERA_1': ['price', 'settings', 'weight'], 'CAMERA_2': ['autofocus_points', 'resolution', 'settings', 'optical_zoom'], 'CAMERA_3': ['settings']}",C_QUESTION_ABOUT_FEATURE,CAMERA_2,optical_zoom,does it have optical zoom,S_NOT_SURE,CAMERA_2,,I'm not really sure about that,
404,15,CAMERA_2,"['CAMERA_3', 'CAMERA_1', 'CAMERA_2']","{'CAMERA_1': ['price', 'settings', 'weight'], 'CAMERA_2': ['autofocus_points', 'resolution', 'settings', 'optical_zoom', 'preset_modes'], 'CAMERA_3': ['settings']}",C_QUESTION_ABOUT_FEATURE,CAMERA_2,preset_modes,does it have preset modes,S_ANSWERS_QUESTION_ABOUT_FEATURE,CAMERA_2,preset_modes,"This one has 9 preset modes (e.g. beach, snow, night, portrait).",13~63
404,16,CAMERA_2,"['CAMERA_3', 'CAMERA_1', 'CAMERA_2']","{'CAMERA_1': ['price', 'settings', 'weight'], 'CAMERA_2': ['autofocus_points', 'resolution', 'settings', 'optical_zoom', 'preset_modes', 'weight'], 'CAMERA_3': ['settings']}",C_QUESTION_ABOUT_FEATURE,CAMERA_2,weight,how much does this one weigh,S_ANSWERS_QUESTION_ABOUT_FEATURE,CAMERA_2,weight,This one weighs 470 grams.,16~25
404,17,CAMERA_2,"['CAMERA_3', 'CAMERA_1', 'CAMERA_2']","{'CAMERA_1': ['price', 'settings', 'weight'], 'CAMERA_2': ['autofocus_points', 'resolution', 'settings', 'optical_zoom', 'preset_modes', 'weight', 'effects'], 'CAMERA_3': ['settings']}",C_SILENT_OR_BACKCHANNEL,CAMERA_2,NONE,alright,S_INTRODUCES_FEATURE,CAMERA_2,effects,"This one has 13 artistic effect modes (e.g. toy camera, soft focus).",13~67
404,18,CAMERA_2,"['CAMERA_3', 'CAMERA_1', 'CAMERA_2']","{'CAMERA_1': ['price', 'settings', 'weight'], 'CAMERA_2': ['autofocus_points', 'resolution', 'settings', 'optical_zoom', 'preset_modes', 'weight', 'effects', 'ISO'], 'CAMERA_3': ['settings']}",C_QUESTION_ABOUT_FEATURE,CAMERA_2,ISO,what is the ISO,S_ANSWERS_QUESTION_ABOUT_FEATURE,CAMERA_2,ISO,This one has up to 3200 ISO with little noise.,13~45
404,19,CAMERA_2,"['CAMERA_3', 'CAMERA_1', 'CAMERA_2']","{'CAMERA_1': ['price', 'settings', 'weight'], 'CAMERA_2': ['autofocus_points', 'resolution', 'settings', 'optical_zoom', 'preset_modes', 'weight', 'effects', 'ISO', 'long_exposure'], 'CAMERA_3': ['settings']}",C_QUESTION_ABOUT_FEATURE,CAMERA_2,long_exposure,can it take long exposure shots,S_ANSWERS_QUESTION_ABOUT_FEATURE,CAMERA_2,long_exposure,This one can take long exposures up to up to 30 seconds.,39~55
404,20,CAMERA_2,"['CAMERA_3', 'CAMERA_1', 'CAMERA_2']","{'CAMERA_1': ['price', 'settings', 'weight'], 'CAMERA_2': ['autofocus_points', 'resolution', 'settings', 'optical_zoom', 'preset_modes', 'weight', 'effects', 'ISO', 'long_exposure', 'color'], 'CAMERA_3': ['settings']}",C_SILENT_OR_BACKCHANNEL,CAMERA_2,NONE,I see,S_INTRODUCES_FEATURE,CAMERA_2,color,"This one comes in white, silver, black.",18~38
404,21,CAMERA_2,"['CAMERA_3', 'CAMERA_1', 'CAMERA_2']","{'CAMERA_1': ['price', 'settings', 'weight'], 'CAMERA_2': ['autofocus_points', 'resolution', 'settings', 'optical_zoom', 'preset_modes', 'weight', 'effects', 'ISO', 'long_exposure', 'color', 'price'], 'CAMERA_3': ['settings']}",C_QUESTION_ABOUT_FEATURE,CAMERA_2,price,how much does it cost,S_ANSWERS_QUESTION_ABOUT_FEATURE,CAMERA_2,price,This one costs $1341.,15~20
404,22,CAMERA_2,"['CAMERA_3', 'CAMERA_1', 'CAMERA_2']","{'CAMERA_1': ['price', 'settings', 'weight'], 'CAMERA_2': ['autofocus_points', 'resolution', 'settings', 'optical_zoom', 'preset_modes', 'weight', 'effects', 'ISO', 'long_exposure', 'color', 'price', 'sensor_size'], 'CAMERA_3': ['settings']}",C_SILENT_OR_BACKCHANNEL,CAMERA_2,NONE,I see,S_INTRODUCES_FEATURE,CAMERA_2,sensor_size,This one has a APS-C sensor (crop sensor).,15~41
404,23,CAMERA_2,"['CAMERA_3', 'CAMERA_1', 'CAMERA_2']","{'CAMERA_1': ['price', 'settings', 'weight'], 'CAMERA_2': ['autofocus_points', 'resolution', 'settings', 'optical_zoom', 'preset_modes', 'weight', 'effects', 'ISO', 'long_exposure', 'color', 'price', 'sensor_size', 'camera_type'], 'CAMERA_3': ['settings']}",C_SILENT_OR_BACKCHANNEL,CAMERA_2,NONE,I see,S_INTRODUCES_FEATURE,CAMERA_2,camera_type,This is a mirrorless camera.,10~20
404,24,CAMERA_2,"['CAMERA_3', 'CAMERA_1', 'CAMERA_2']","{'CAMERA_1': ['price', 'settings', 'weight'], 'CAMERA_2': ['autofocus_points', 'resolution', 'settings', 'optical_zoom', 'preset_modes', 'weight', 'effects', 'ISO', 'long_exposure', 'color', 'price', 'sensor_size', 'camera_type', 'settings'], 'CAMERA_3': ['settings']}",C_QUESTION_ABOUT_FEATURE,CAMERA_2,settings,what kind of settings does it have,S_ANSWERS_QUESTION_ABOUT_FEATURE,CAMERA_2,settings,This one has full manual control.,13~32
404,25,NONE,"['CAMERA_3', 'CAMERA_1', 'CAMERA_2']","{'CAMERA_1': ['price', 'settings', 'weight'], 'CAMERA_2': ['autofocus_points', 'resolution', 'settings', 'optical_zoom', 'preset_modes', 'weight', 'effects', 'ISO', 'long_exposure', 'color', 'price', 'sensor_size', 'camera_type', 'settings'], 'CAMERA_3': ['settings']}",C_THANK_YOU,CAMERA_2,NONE,thank you for your help,S_THANK_YOU,CAMERA_2,NONE,thank you very much,
404,26,NONE,"['CAMERA_3', 'CAMERA_1', 'CAMERA_2']","{'CAMERA_1': ['price', 'settings', 'weight'], 'CAMERA_2': ['autofocus_points', 'resolution', 'settings', 'optical_zoom', 'preset_modes', 'weight', 'effects', 'ISO', 'long_exposure', 'color', 'price', 'sensor_size', 'camera_type', 'settings'], 'CAMERA_3': ['settings']}",C_LEAVES,DOOR,NONE,,S_RETURNS_TO_COUNTER,SERVICE_COUNTER,NONE,,
405,1,NONE,[],"{'CAMERA_1': [], 'CAMERA_2': [], 'CAMERA_3': []}",C_ENTERS,DOOR,NONE,,S_NONE,SERVICE_COUNTER,NONE,,
405,2,NONE,[],"{'CAMERA_1': [], 'CAMERA_2': [], 'CAMERA_3': []}",C_WALKS_TO_CAMERA,CAMERA_2,NONE,,S_GREETS,CAMERA_2,NONE,can I help you?,
405,3,CAMERA_3,['CAMERA_3'],"{'CAMERA_1': [], 'CAMERA_2': [], 'CAMERA_3': []}",C_LOOKING_FOR_A_CAMERA,CAMERA_2,NONE,I'm looking for a camera,S_INTRODUCES_CAMERA,CAMERA_3,,Let me show you this. Here we have the Canon EOS 5D Mark III.,39~60
405,4,CAMERA_3,['CAMERA_3'],"{'CAMERA_1': [], 'CAMERA_2': [], 'CAMERA_3': ['long_exposure']}",C_QUESTION_ABOUT_FEATURE,CAMERA_3,long_exposure,can it take long exposure shots,S_ANSWERS_QUESTION_ABOUT_FEATURE,CAMERA_3,long_exposure,"This one can take long exposures up to up to 30 seconds, bulb mode: expose as long as you want.",39~94
405,5,CAMERA_3,['CAMERA_3'],"{'CAMERA_1': [], 'CAMERA_2': [], 'CAMERA_3': ['long_exposure', 'ISO']}",C_QUESTION_ABOUT_FEATURE,CAMERA_3,ISO,what is the ISO,S_ANSWERS_QUESTION_ABOUT_FEATURE,CAMERA_3,ISO,This one has up to 6400 ISO with little noise.,13~45
405,6,CAMERA_3,['CAMERA_3'],"{'CAMERA_1': [], 'CAMERA_2': [], 'CAMERA_3': ['long_exposure', 'ISO', 'sensor_size']}",C_QUESTION_ABOUT_FEATURE,CAMERA_3,sensor_size,what is the sensor size,S_ANSWERS_QUESTION_ABOUT_FEATURE,CAMERA_3,sensor_size,This one has a full frame.,15~25
405,7,CAMERA_3,['CAMERA_3'],"{'CAMERA_1': [], 'CAMERA_2': [], 'CAMERA_3': ['long_exposure', 'ISO', 'sensor_size', 'camera_type']}",C_QUESTION_ABOUT_FEATURE,CAMERA_3,camera_type,what kind of camera is this,S_ANSWERS_QUESTION_ABOUT_FEATURE,CAMERA_3,camera_type,This is a DSLR camera.,10~14
405,8,CAMERA_3,['CAMERA_3'],"{'CAMERA_1': [], 'CAMERA_2': [], 'CAMERA_3': ['long_exposure', 'ISO', 'sensor_size', 'camera_type', 'color']}",C_SILENT_OR_BACKCHANNEL,CAMERA_3,NONE,alright,S_INTRODUCES_FEATURE,CAMERA_3,color,This one comes in black.,18~23
405,9,CAMERA_1,"['CAMERA_3', 'CAMERA_1']","{'CAMERA_1': [], 'CAMERA_2': [], 'CAMERA_3': ['long_exposure', 'ISO', 'sensor_size', 'camera_type', 'color']}",C_ANYTHING_ELSE_AVAILABLE,CAMERA_3,NONE,ok do you have any other cameras,S_INTRODUCES_CAMERA,CAMERA_1,,Let me show you this. Here we have the Nikon Coolpix S2800.,39~58
405,10,CAMERA_1,"['CAMERA_3', 'CAMERA_1']","{'CAMERA_1': ['resolution'], 'CAMERA_2': [], 'CAMERA_3': ['long_exposure', 'ISO', 'sensor_size', 'camera_type', 'color']}",C_QUESTION_ABOUT_FEATURE,CAMERA_1,resolution,what is the resolution,S_ANSWERS_QUESTION_ABOUT_FEATURE,CAMERA_1,resolution,This one has 20.1 megapixels resolution.,13~28
405,11,CAMERA_2,"['CAMERA_3', 'CAMERA_1', 'CAMERA_2']","{'CAMERA_1': ['resolution'], 'CAMERA_2': [], 'CAMERA_3': ['long_exposure', 'ISO', 'sensor_size', 'camera_type', 'color']}",C_ANYTHING_ELSE_AVAILABLE,CAMERA_1,NONE,ok do you have any other cameras,S_INTRODUCES_CAMERA,CAMERA_2,,Let me show you this. Here we have the Sony Alpha a6000.,39~55
405,12,CAMERA_2,"['CAMERA_3', 'CAMERA_1', 'CAMERA_2']","{'CAMERA_1': ['resolution'], 'CAMERA_2': ['preset_modes'], 'CAMERA_3': ['long_exposure', 'ISO', 'sensor_size', 'camera_type', 'color']}",C_QUESTION_ABOUT_FEATURE,CAMERA_2,preset_modes,does it have preset modes,S_ANSWERS_QUESTION_ABOUT_FEATURE,CAMERA_2,preset_modes,"This one has 9 preset modes (e.g. beach, snow, night, portrait).",13~63
405,13,CAMERA_2,"['CAMERA_3', 'CAMERA_1', 'CAMERA_2']","{'CAMERA_1': ['resolution'], 'CAMERA_2': ['preset_modes', 'autofocus_points'], 'CAMERA_3': ['long_exposure', 'ISO', 'sensor_size', 'camera_type', 'color']}",C_QUESTION_ABOUT_FEATURE,CAMERA_2,autofocus_points,how many autofocus points does it have,S_ANSWERS_QUESTION_ABOUT_FEATURE,CAMERA_2,autofocus_points,This one has 179 autofocus points.,13~33
405,14,CAMERA_2,"['CAMERA_3', 'CAMERA_1', 'CAMERA_2']","{'CAMERA_1': ['resolution'], 'CAMERA_2': ['preset_modes', 'autofocus_points', 'ISO'], 'CAMERA_3': ['long_exposure', 'ISO', 'sensor_size', 'camera_type', 'color']}",C_QUESTION_ABOUT_FEATURE,CAMERA_2,ISO,what is the ISO,S_ANSWERS_QUESTION_ABOUT_FEATURE,CAMERA_2,ISO,This one has up to 3200 ISO with little noise.,13~45
405,15,CAMERA_2,"['CAMERA_3', 'CAMERA_1', 'CAMERA_2']","{'CAMERA_1': ['resolution'], 'CAMERA_2': ['preset_modes', 'autofocus_points', 'ISO', 'price'], 'CAMERA_3': ['long_exposure', 'ISO', 'sensor_size', 'camera_type', 'color']}",C_SILENT_OR_BACKCHANNEL,CAMERA_2,NONE,alright,S_INTRODUCES_FEATURE,CAMERA_2,price,This one costs $1341.,15~20
405,16,NONE,"['CAMERA_3', 'CAMERA_1', 'CAMERA_2']","{'CAMERA_1': ['resolution'], 'CAMERA_2': ['preset_modes', 'autofocus_points', 'ISO', 'price'], 'CAMERA_3': ['long_exposure', 'ISO', 'sensor_size', 'camera_type', 'color']}",C_THANK_YOU,CAMERA_2,NONE,thank you for your help,S_THANK_YOU,CAMERA_2,NONE,thank you very much,
405,17,NONE,"['CAMERA_3', 'CAMERA_1', 'CAMERA_2']","{'CAMERA_1': ['resolution'], 'CAMERA_2': ['preset_modes', 'autofocus_points', 'ISO', 'price'], 'CAMERA_3': ['long_exposure', 'ISO', 'sensor_size', 'camera_type', 'color']}",C_LEAVES,DOOR,NONE,,S_RETURNS_TO_COUNTER,SERVICE_COUNTER,NONE,,
406,1,NONE,[],"{'CAMERA_1': [], 'CAMERA_2': [], 'CAMERA_3': []}",C_ENTERS,DOOR,NONE,,S_NONE,SERVICE_COUNTER,NONE,,
406,2,NONE,[],"{'CAMERA_1': [], 'CAMERA_2': [], 'CAMERA_3': []}",C_WALKS_TO_CAMERA,CAMERA_2,NONE,,S_GREETS,CAMERA_2,NONE,can I help you?,
406,3,CAMERA_3,['CAMERA_3'],"{'CAMERA_1': [], 'CAMERA_2': [], 'CAMERA_3': []}",C_LOOKING_FOR_A_CAMERA,CAMERA_2,NONE,I'm looking for a camera,S_INTRODUCES_CAMERA,CAMERA_3,,Let me show you this. Here we have the Canon EOS 5D Mark III.,39~60
406,4,CAMERA_3,['CAMERA_3'],"{'CAMERA_1': [], 'CAMERA_2': [], 'CAMERA_3': ['long_exposure']}",C_SILENT_OR_BACKCHANNEL,CAMERA_3,NONE,okay,S_INTRODUCES_FEATURE,CAMERA_3,long_exposure,"This one can take long exposures up to up to 30 seconds, bulb mode: expose as long as you want.",39~94
406,5,CAMERA_3,['CAMERA_3'],"{'CAMERA_1': [], 'CAMERA_2': [], 'CAMERA_3': ['long_exposure', 'ISO']}",C_QUESTION_ABOUT_FEATURE,CAMERA_3,ISO,what is the ISO,S_ANSWERS_QUESTION_ABOUT_FEATURE,CAMERA_3,ISO,This one has up to 6400 ISO with little noise.,13~45
406,6,CAMERA_1,"['CAMERA_3', 'CAMERA_1']","{'CAMERA_1': [], 'CAMERA_2': [], 'CAMERA_3': ['long_exposure', 'ISO']}",C_ANYTHING_ELSE_AVAILABLE,CAMERA_3,NONE,ok do you have any other cameras,S_INTRODUCES_CAMERA,CAMERA_1,,Let me show you this. Here we have the Nikon Coolpix S2800.,39~58
406,7,CAMERA_1,"['CAMERA_3', 'CAMERA_1']","{'CAMERA_1': ['price'], 'CAMERA_2': [], 'CAMERA_3': ['long_exposure', 'ISO']}",C_QUESTION_ABOUT_FEATURE,CAMERA_1,price,how much does it cost,S_ANSWERS_QUESTION_ABOUT_FEATURE,CAMERA_1,price,This one costs $2173.,15~20
406,8,CAMERA_1,"['CAMERA_3', 'CAMERA_1']","{'CAMERA_1': ['price', 'settings'], 'CAMERA_2': [], 'CAMERA_3': ['long_exposure', 'ISO']}",C_QUESTION_ABOUT_FEATURE,CAMERA_1,settings,what kind of settings does it have,S_ANSWERS_QUESTION_ABOUT_FEATURE,CAMERA_1,settings,This one has limited manual settings.,13~36
406,9,CAMERA_1,"['CAMERA_3', 'CAMERA_1']","{'CAMERA_1': ['price', 'settings', 'color'], 'CAMERA_2': [], 'CAMERA_3': ['long_exposure', 'ISO']}",C_QUESTION_ABOUT_FEATURE,CAMERA_1,color,what colors does this one come in,S_ANSWERS_QUESTION_ABOUT_FEATURE,CAMERA_1,color,"This one comes in purple, pink, black, silver, red.",18~50
406,10,CAMERA_1,"['CAMERA_3', 'CAMERA_1']","{'CAMERA_1': ['price', 'settings', 'color', 'preset_modes'], 'CAMERA_2': [], 'CAMERA_3': ['long_exposure', 'ISO']}",C_SILENT_OR_BACKCHANNEL,CAMERA_1,NONE,okay,S_INTRODUCES_FEATURE,CAMERA_1,preset_modes,"This one has 18 preset modes (e.g. beach, snow, night portrait).",13~63
406,11,NONE,"['CAMERA_3', 'CAMERA_1']","{'CAMERA_1': ['price', 'settings', 'color', 'preset_modes'], 'CAMERA_2': [], 'CAMERA_3': ['long_exposure', 'ISO']}",C_THANK_YOU,CAMERA_1,NONE,thank you for your help,S_THANK_YOU,CAMERA_1,NONE,thank you very much,
406,12,NONE,"['CAMERA_3', 'CAMERA_1']","{'CAMERA_1': ['price', 'settings', 'color', 'preset_modes'], 'CAMERA_2': [], 'CAMERA_3': ['long_exposure', 'ISO']}",C_LEAVES,DOOR,NONE,,S_RETURNS_TO_COUNTER,SERVICE_COUNTER,NONE,,
407,1,NONE,[],"{'CAMERA_1': [], 'CAMERA_2': [], 'CAMERA_3': []}",C_ENTERS,DOOR,NONE,,S_NONE,SERVICE_COUNTER,NONE,,
407,2,NONE,[],"{'CAMERA_1': [], 'CAMERA_2': [], 'CAMERA_3': []}",C_WALKS_TO_CAMERA,CAMERA_3,NONE,,S_GREETS,CAMERA_3,NONE,can I help you?,
407,3,CAMERA_1,['CAMERA_1'],"{'CAMERA_1': [], 'CAMERA_2': [], 'CAMERA_3': []}",C_LOOKING_FOR_A_CAMERA,CAMERA_3,NONE,I'm looking for a camera,S_INTRODUCES_CAMERA,CAMERA_1,,Let me show you this. Here we have the Nikon Coolpix S2800.,39~58
407,4,CAMERA_1,['CAMERA_1'],"{'CAMERA_1': ['resolution'], 'CAMERA_2': [], 'CAMERA_3': []}",C_QUESTION_ABOUT_FEATURE,CAMERA_1,resolution,what is the resolution,S_ANSWERS_QUESTION_ABOUT_FEATURE,CAMERA_1,resolution,This one has 20.1 megapixels resolution.,13~28
407,5,CAMERA_1,['CAMERA_1'],"{'CAMERA_1': ['resolution', 'preset_modes'], 'CAMERA_2': [], 'CAMERA_3': []}",C_SILENT_OR_BACKCHANNEL,CAMERA_1,NONE,alright,S_INTRODUCES_FEATURE,CAMERA_1,preset_modes,"This one has 18 preset modes (e.g. beach, snow, night portrait).",13~63
407,6,CAMERA_2,"['CAMERA_1', 'CAMERA_2']","{'CAMERA_1': ['resolution', 'preset_modes'], 'CAMERA_2': [], 'CAMERA_3': []}",C_ANYTHING_ELSE_AVAILABLE,CAMERA_1,NONE,ok do you have any other cameras,S_INTRODUCES_CAMERA,CAMERA_2,,Let me show you this. Here we have the Sony Alpha a6000.,39~55
407,7,CAMERA_2,"['CAMERA_1', 'CAMERA_2']","{'CAMERA_1': ['resolution', 'preset_modes'], 'CAMERA_2': ['autofocus_points'], 'CAMERA_3': []}",C_SILENT_OR_BACKCHANNEL,CAMERA_2,NONE,okay,S_INTRODUCES_FEATURE,CAMERA_2,autofocus_points,This one has 179 autofocus points.,13~33
407,8,CAMERA_2,"['CAMERA_1', 'CAMERA_2']","{'CAMERA_1': ['resolution', 'preset_modes'], 'CAMERA_2': ['autofocus_points', 'settings'], 'CAMERA_3': []}",C_QUESTION_ABOUT_FEATURE,CAMERA_2,settings,what kind of settings does it have,S_ANSWERS_QUESTION_ABOUT_FEATURE,CAMERA_2,settings,This one has full manual control.,13~32
407,9,CAMERA_2,"['CAMERA_1', 'CAMERA_2']","{'CAMERA_1': ['resolution', 'preset_modes'], 'CAMERA_2': ['autofocus_points', 'settings', 'weight'], 'CAMERA_3': []}",C_QUESTION_ABOUT_FEATURE,CAMERA_2,weight,how much does this one weigh,S_ANSWERS_QUESTION_ABOUT_FEATURE,CAMERA_2,weight,This one weighs 470 grams.,16~25
407,10,CAMERA_2,"['CAMERA_1', 'CAMERA_2']","{'CAMERA_1': ['resolution', 'preset_modes'], 'CAMERA_2': ['autofocus_points', 'settings', 'weight', 'preset_modes'], 'CAMERA_3': []}",C_QUESTION_ABOUT_FEATURE,CAMERA_2,preset_modes,does it have preset modes,S_ANSWERS_QUESTION_ABOUT_FEATURE,CAMERA_2,preset_modes,"This one has 9 preset modes (e.g. beach, snow, night, portrait).",13~63
407,11,CAMERA_2,"['CAMERA_1', 'CAMERA_2']","{'CAMERA_1': ['resolution', 'preset_modes'], 'CAMERA_2': ['autofocus_points', 'settings', 'weight', 'preset_modes', 'color'], 'CAMERA_3': []}",C_QUESTION_ABOUT_FEATURE,CAMERA_2,color,what colors does this one come in,S_ANSWERS_QUESTION_ABOUT_FEATURE,CAMERA_2,color,"This one comes in white, silver, black.",18~38
407,12,CAMERA_2,"['CAMERA_1', 'CAMERA_2']","{'CAMERA_1': ['resolution', 'preset_modes'], 'CAMERA_2': ['autofocus_points', 'settings', 'weight', 'preset_modes', 'color', 'sensor_size'], 'CAMERA_3': []}",C_QUESTION_ABOUT_FEATURE,CAMERA_2,sensor_size,what is the sensor size,S_ANSWERS_QUESTION_ABOUT_FEATURE,CAMERA_2,sensor_size,This one has a APS-C sensor (crop sensor).,15~41
407,13,CAMERA_2,"['CAMERA_1', 'CAMERA_2']","{'CAMERA_1': ['resolution', 'preset_modes'], 'CAMERA_2': ['autofocus_points', 'settings', 'weight', 'preset_modes', 'color', 'sensor_size', 'price'], 'CAMERA_3': []}",C_QUESTION_ABOUT_FEATURE,CAMERA_2,price,how much does it cost,S_ANSWERS_QUESTION_ABOUT_FEATURE,CAMERA_2,price,This one costs $1341.,15~20
407,14,CAMERA_2,"['CAMERA_1', 'CAMERA_2']","{'CAMERA_1': ['resolution', 'preset_modes'], 'CAMERA_2': ['autofocus_points', 'settings', 'weight', 'preset_modes', 'color', 'sensor_size', 'price', 'long_exposure'], 'CAMERA_3': []}",C_SILENT_OR_BACKCHANNEL,CAMERA_2,NONE,alright,S_INTRODUCES_FEATURE,CAMERA_2,long_exposure,This one can take long exposures up to up to 30 seconds.,39~55
407,15,CAMERA_2,"['CAMERA_1', 'CAMERA_2']","{'CAMERA_1': ['resolution', 'preset_modes'], 'CAMERA_2': ['autofocus_points', 'settings', 'weight', 'preset_modes', 'color', 'sensor_size', 'price', 'long_exposure', 'ISO'], 'CAMERA_3': []}",C_SILENT_OR_BACKCHANNEL,CAMERA_2,NONE,I see,S_INTRODUCES_FEATURE,CAMERA_2,ISO,This one has up to 3200 ISO with little noise.,13~45
407,16,NONE,"['CAMERA_1', 'CAMERA_2']","{'CAMERA_1': ['resolution', 'preset_modes'], 'CAMERA_2': ['autofocus_points', 'settings', 'weight', 'preset_modes', 'color', 'sensor_size', 'price', 'long_exposure', 'ISO'], 'CAMERA_3': []}",C_THANK_YOU,CAMERA_2,NONE,thank you for your help,S_THANK_YOU,CAMERA_2,NONE,thank you very much,
407,17,NONE,"['CAMERA_1', 'CAMERA_2']","{'CAMERA_1': ['resolution', 'preset_modes'], 'CAMERA_2': ['autofocus_points', 'settings', 'weight', 'preset_modes', 'color', 'sensor_size', 'price', 'long_exposure', 'ISO'], 'CAMERA_3': []}",C_LEAVES,DOOR,NONE,,S_RETURNS_TO_COUNTER,SERVICE_COUNTER,NONE,,
408,1,NONE,[],"{'CAMERA_1': [], 'CAMERA_2': [], 'CAMERA_3': []}",C_ENTERS,DOOR,NONE,,S_NONE,SERVICE_COUNTER,NONE,,
408,2,NONE,[],"{'CAMERA_1': [], 'CAMERA_2': [], 'CAMERA_3': []}",C_WALKS_TO_CAMERA,CAMERA_1,NONE,,S_NONE,SERVICE_COUNTER,NONE,,
408,3,NONE,[],"{'CAMERA_1': [], 'CAMERA_2': [], 'CAMERA_3': []}",C_EXAMINES_CAMERA,CAMERA_1,NONE,,S_NONE,SERVICE_COUNTER,NONE,,
408,4,NONE,[],"{'CAMERA_1': [], 'CAMERA_2': [], 'CAMERA_3': []}",C_WALKS_TO_CAMERA,CAMERA_3,NONE,,S_GREETS,CAMERA_3,NONE,can I help you?,
408,5,CAMERA_2,['CAMERA_2'],"{'CAMERA_1': [], 'CAMERA_2': [], 'CAMERA_3': []}",C_LOOKING_FOR_A_CAMERA,CAMERA_3,NONE,I'm looking for a camera,S_INTRODUCES_CAMERA,CAMERA_2,,Let me show you this. Here we have the Sony Alpha a6000.,39~55
408,6,CAMERA_2,['CAMERA_2'],"{'CAMERA_1': [], 'CAMERA_2': ['preset_modes'], 'CAMERA_3': []}",C_SILENT_OR_BACKCHANNEL,CAMERA_2,NONE,alright,S_INTRODUCES_FEATURE,CAMERA_2,preset_modes,"This one has 9 preset modes (e.g. beach, snow, night, portrait).",13~63
408,7,CAMERA_2,['CAMERA_2'],"{'CAMERA_1': [], 'CAMERA_2': ['preset_modes', 'long_exposure'], 'CAMERA_3': []}",C_QUESTION_ABOUT_FEATURE,CAMERA_2,long_exposure,can it take long exposure shots,S_ANSWERS_QUESTION_ABOUT_FEATURE,CAMERA_2,long_exposure,This one can take long exposures up to up to 30 seconds.,39~55
408,8,CAMERA_2,['CAMERA_2'],"{'CAMERA_1': [], 'CAMERA_2': ['preset_modes', 'long_exposure', 'effects'], 'CAMERA_3': []}",C_QUESTION_ABOUT_FEATURE,CAMERA_2,effects,does it have any effect modes,S_ANSWERS_QUESTION_ABOUT_FEATURE,CAMERA_2,effects,"This one has 13 artistic effect modes (e.g. toy camera, soft focus).",13~67
408,9,CAMERA_2,['CAMERA_2'],"{'CAMERA_1': [], 'CAMERA_2': ['preset_modes', 'long_exposure', 'effects', 'price'], 'CAMERA_3': []}",C_QUESTION_ABOUT_FEATURE,CAMERA_2,price,how much does it cost,S_ANSWERS_QUESTION_ABOUT_FEATURE,CAMERA_2,price,This one costs $1341.,15~20
408,10,CAMERA_2,['CAMERA_2'],"{'CAMERA_1': [], 'CAMERA_2': ['preset_modes', 'long_exposure', 'effects', 'price', 'color'], 'CAMERA_3': []}",C_SILENT_OR_BACKCHANNEL,CAMERA_2,NONE,alright,S_INTRODUCES_FEATURE,CAMERA_2,color,"This one comes in white, silver, black.",18~38
408,11,CAMERA_2,['CAMERA_2'],"{'CAMERA_1': [], 'CAMERA_2': ['preset_modes', 'long_exposure', 'effects', 'price', 'color', 'ISO'], 'CAMERA_3': []}",C_SILENT_OR_BACKCHANNEL,CAMERA_2,NONE,alright,S_INTRODUCES_FEATURE,CAMERA_2,ISO,This one has up to 3200 ISO with little noise.,13~45
408,12,NONE,['CAMERA_2'],"{'CAMERA_1': [], 'CAMERA_2': ['preset_modes', 'long_exposure', 'effects', 'price', 'color', 'ISO'], 'CAMERA_3': []}",C_THANK_YOU,CAMERA_2,NONE,thank you for your help,S_THANK_YOU,CAMERA_2,NONE,thank you very much,
408,13,NONE,['CAMERA_2'],"{'CAMERA_1': [], 'CAMERA_2': ['preset_modes', 'long_exposure', 'effects', 'price', 'color', 'ISO'], 'CAMERA_3': []}",C_LEAVES,DOOR,NONE,,S_RETURNS_TO_COUNTER,SERVICE_COUNTER,NONE,,
409,1,NONE,[],"{'CAMERA_1': [], 'CAMERA_2': [], 'CAMERA_3': []}",C_ENTERS,DOOR,NONE,,S_NONE,SERVICE_COUNTER,NONE,,
409,2,NONE,[],"{'CAMERA_1': [], 'CAMERA_2': [], 'CAMERA_3': []}",C_GREETS,MIDDLE,NONE,hello,S_GREETS,MIDDLE,NONE,can I help you?,
409,3,CAMERA_2,['CAMERA_2'],"{'CAMERA_1': [], 'CAMERA_2': [], 'CAMERA_3': []}",C_LOOKING_FOR_A_CAMERA,MIDDLE,NONE,I'm looking for a camera,S_INTRODUCES_CAMERA,CAMERA_2,,Let me show you this. Here we have the Sony Alpha a6000.,39~55
409,4,CAMERA_2,['CAMERA_2'],"{'CAMERA_1': [], 'CAMERA_2': ['optical_zoom'], 'CAMERA_3': []}",C_QUESTION_ABOUT_FEATURE,CAMERA_2,optical_zoom,does it have optical zoom,S_NOT_SURE,CAMERA_2,,I'm not really sure about that,
409,5,CAMERA_2,['CAMERA_2'],"{'CAMERA_1': [], 'CAMERA_2': ['optical_zoom', 'camera_type'], 'CAMERA_3': []}",C_SILENT_OR_BACKCHANNEL,CAMERA_2,NONE,okay,S_INTRODUCES_FEATURE,CAMERA_2,camera_type,This is a mirrorless camera.,10~20
409,6,CAMERA_2,['CAMERA_2'],"{'CAMERA_1': [], 'CAMERA_2': ['optical_zoom', 'camera_type', 'sensor_size'], 'CAMERA_3': []}",C_QUESTION_ABOUT_FEATURE,CAMERA_2,sensor_size,what is the sensor size,S_ANSWERS_QUESTION_ABOUT_FEATURE,CAMERA_2,sensor_size,This one has a APS-C sensor (crop sensor).,15~41
409,7,CAMERA_2,['CAMERA_2'],"{'CAMERA_1': [], 'CAMERA_2': ['optical_zoom', 'camera_type', 'sensor_size', 'preset_modes'], 'CAMERA_3': []}",C_SILENT_OR_BACKCHANNEL,CAMERA_2,NONE,I see,S_INTRODUCES_FEATURE,CAMERA_2,preset_modes,"This one has 9 preset modes (e.g. beach, snow, night, portrait).",13~63
409,8,CAMERA_2,['CAMERA_2'],"{'CAMERA_1': [], 'CAMERA_2': ['optical_zoom', 'camera_type', 'sensor_size', 'preset_modes', 'autofocus_points'], 'CAMERA_3': []}",C_SILENT_OR_BACKCHANNEL,CAMERA_2,NONE,I see,S_INTRODUCES_FEATURE,CAMERA_2,autofocus_points,This one has 179 autofocus points.,13~33
409,9,CAMERA_2,['CAMERA_2'],"{'CAMERA_1': [], 'CAMERA_2': ['optical_zoom', 'camera_type', 'sensor_size', 'preset_modes', 'autofocus_points', 'price'], 'CAMERA_3': []}",C_SILENT_OR_BACKCHANNEL,CAMERA_2,NONE,alright,S_INTRODUCES_FEATURE,CAMERA_2,price,This one costs $1341.,15~20
409,10,CAMERA_2,['CAMERA_2'],"{'CAMERA_1': [], 'CAMERA_2': ['optical_zoom', 'camera_type', 'sensor_size', 'preset_modes', 'autofocus_points', 'price', 'settings'], 'CAMERA_3': []}",C_SILENT_OR_BACKCHANNEL,CAMERA_2,NONE,alright,S_INTRODUCES_FEATURE,CAMERA_2,settings,This one has full manual control.,13~32
409,11,NONE,['CAMERA_2'],"{'CAMERA_1': [], 'CAMERA_2': ['optical_zoom', 'camera_type', 'sensor_size', 'preset_modes', 'autofocus_points', 'price', 'settings'], 'CAMERA_3': []}",C_THANK_YOU,CAMERA_2,NONE,thank you for your help,S_THANK_YOU,CAMERA_2,NONE,thank you very much,
409,12,NONE,['CAMERA_2'],"{'CAMERA_1': [], 'CAMERA_2': ['optical_zoom', 'camera_type', 'sensor_size', 'preset_modes', 'autofocus_points', 'price', 'settings'], 'CAMERA_3': []}",C_LEAVES,DOOR,NONE,,S_RETURNS_TO_COUNTER,SERVICE_COUNTER,NONE,,
410,1,NONE,[],"{'CAMERA_1': [], 'CAMERA_2': [], 'CAMERA_3': []}",C_ENTERS,DOOR,NONE,,S_NONE,SERVICE_COUNTER,NONE,,
410,2,NONE,[],"{'CAMERA_1': [], 'CAMERA_2': [], 'CAMERA_3': []}",C_GREETS,MIDDLE,NONE,hello,S_GREETS,MIDDLE,NONE,can I help you?,
410,3,CAMERA_1,['CAMERA_1'],"{'CAMERA_1': [], 'CAMERA_2': [], 'CAMERA_3': []}",C_LOOKING_FOR_A_CAMERA,MIDDLE,NONE,I'm looking for a camera,S_INTRODUCES_CAMERA,CAMERA_1,,Let me show you this. Here we have the Nikon Coolpix S2800.,39~58
410,4,CAMERA_1,['CAMERA_1'],"{'CAMERA_1': ['optical_zoom'], 'CAMERA_2': [], 'CAMERA_3': []}",C_SILENT_OR_BACKCHANNEL,CAMERA_1,NONE,okay,S_INTRODUCES_FEATURE,CAMERA_1,optical_zoom,This one has 5x optical zoom.,13~28
410,5,CAMERA_1,['CAMERA_1'],"{'CAMERA_1': ['optical_zoom', 'weight'], 'CAMERA_2': [], 'CAMERA_3': []}",C_QUESTION_ABOUT_FEATURE,CAMERA_1,weight,how much does this one weigh,S_ANSWERS_QUESTION_ABOUT_FEATURE,CAMERA_1,weight,This one weighs 120 grams.,16~25
410,6,CAMERA_1,['CAMERA_1'],"{'CAMERA_1': ['optical_zoom', 'weight', 'long_exposure'], 'CAMERA_2': [], 'CAMERA_3': []}",C_QUESTION_ABOUT_FEATURE,CAMERA_1,long_exposure,can it take long exposure shots,S_NOT_SURE,CAMERA_1,,I'm not really sure about that,
410,7,CAMERA_1,['CAMERA_1'],"{'CAMERA_1': ['optical_zoom', 'weight', 'long_exposure', 'ISO'], 'CAMERA_2': [], 'CAMERA_3': []}",C_QUESTION_ABOUT_FEATURE,CAMERA_1,ISO,what is the ISO,S_NOT_SURE,CAMERA_1,,I'm not really sure about that,
410,8,NONE,['CAMERA_1'],"{'CAMERA_1': ['optical_zoom', 'weight', 'long_exposure', 'ISO'], 'CAMERA_2': [], 'CAMERA_3': []}",C_THANK_YOU,CAMERA_1,NONE,thank you for your help,S_THANK_YOU,CAMERA_1,NONE,thank you very much,
410,9,NONE,['CAMERA_1'],"{'CAMERA_1': ['optical_zoom', 'weight', 'long_exposure', 'ISO'], 'CAMERA_2': [], 'CAMERA_3': []}",C_LEAVES,DOOR,NONE,,S_RETURNS_TO_COUNTER,SERVICE_COUNTER,NONE,,
411,1,NONE,[],"{'CAMERA_1': [], 'CAMERA_2': [], 'CAMERA_3': []}",C_ENTERS,DOOR,NONE,,S_NONE,SERVICE_COUNTER,NONE,,
411,2,NONE,[],"{'CAMERA_1': [], 'CAMERA_2': [], 'CAMERA_3': []}",C_WALKS_TO_CAMERA,CAMERA_3,NONE,,S_NONE,SERVICE_COUNTER,NONE,,
411,3,CAMERA_3,['CAMERA_3'],"{'CAMERA_1': [], 'CAMERA_2': [], 'CAMERA_3': ['effects']}",C_QUESTION_ABOUT_FEATURE,CAMERA_3,effects,does it have any effect modes,S_NOT_SURE,CAMERA_3,,I'm not really sure about that,
411,4,CAMERA_3,['CAMERA_3'],"{'CAMERA_1': [], 'CAMERA_2': [], 'CAMERA_3': ['effects', 'settings']}",C_SILENT_OR_BACKCHANNEL,CAMERA_3,NONE,okay,S_INTRODUCES_FEATURE,CAMERA_3,settings,This one has full manual control.,13~32
411,5,CAMERA_3,['CAMERA_3'],"{'CAMERA_1': [], 'CAMERA_2': [], 'CAMERA_3': ['effects', 'settings', 'price']}",C_QUESTION_ABOUT_FEATURE,CAMERA_3,price,how much does it cost,S_ANSWERS_QUESTION_ABOUT_FEATURE,CAMERA_3,price,This one costs $3706.,15~20
411,6,CAMERA_3,['CAMERA_3'],"{'CAMERA_1': [], 'CAMERA_2': [], 'CAMERA_3': ['effects', 'settings', 'price', 'sensor_size']}",C_SILENT_OR_BACKCHANNEL,CAMERA_3,NONE,alright,S_INTRODUCES_FEATURE,CAMERA_3,sensor_size,This one has a full frame.,15~25
411,7,CAMERA_3,['CAMERA_3'],"{'CAMERA_1': [], 'CAMERA_2': [], 'CAMERA_3': ['effects', 'settings', 'price', 'sensor_size', 'long_exposure']}",C_SILENT_OR_BACKCHANNEL,CAMERA_3,NONE,okay,S_INTRODUCES_FEATURE,CAMERA_3,long_exposure,"This one can take long exposures up to up to 30 seconds, bulb mode: expose as long as you want.",39~94
411,8,NONE,['CAMERA_3'],"{'CAMERA_1': [], 'CAMERA_2': [], 'CAMERA_3': ['effects', 'settings', 'price', 'sensor_size', 'long_exposure']}",C_THANK_YOU,CAMERA_3,NONE,thank you for your help,S_THANK_YOU,CAMERA_3,NONE,thank you very much,
411,9,NONE,['CAMERA_3'],"{'CAMERA_1': [], 'CAMERA_2': [], 'CAMERA_3': ['effects', 'settings', 'price', 'sensor_size', 'long_exposure']}",C_LEAVES,DOOR,NONE,,S_RETURNS_TO_COUNTER,SERVICE_COUNTER,NONE,,
412,1,NONE,[],"{'CAMERA_1': [], 'CAMERA_2': [], 'CAMERA_3': []}",C_ENTERS,DOOR,NONE,,S_NONE,SERVICE_COUNTER,NONE,,
412,2,NONE,[],"{'CAMERA_1': [], 'CAMERA_2': [], 'CAMERA_3': []}",C_WALKS_TO_CAMERA,CAMERA_3,NONE,,S_GREETS,CAMERA_3,NONE,can I help you?,
412,3,CAMERA_1,['CAMERA_1'],"{'CAMERA_1': [], 'CAMERA_2': [], 'CAMERA_3': []}",C_LOOKING_FOR_A_CAMERA,CAMERA_3,NONE,I'm looking for a camera,S_INTRODUCES_CAMERA,CAMERA_1,,Let me show you this. Here we have the Nikon Coolpix S2800.,39~58
412,4,CAMERA_1,['CAMERA_1'],"{'CAMERA_1': ['weight'], 'CAMERA_2': [], 'CAMERA_3': []}",C_QUESTION_ABOUT_FEATURE,CAMERA_1,weight,how much does this one weigh,S_ANSWERS_QUESTION_ABOUT_FEATURE,CAMERA_1,weight,This one weighs 120 grams.,16~25
412,5,NONE,['CAMERA_1'],"{'CAMERA_1': ['weight'], 'CAMERA_2': [], 'CAMERA_3': []}",C_THANK_YOU,CAMERA_1,NONE,thank you for your help,S_THANK_YOU,CAMERA_1,NONE,thank you very much,
412,6,NONE,['CAMERA_1'],"{'CAMERA_1': ['weight'], 'CAMERA_2': [], 'CAMERA_3': []}",C_LEAVES,DOOR,NONE,,S_RETURNS_TO_COUNTER,SERVICE_COUNTER,NONE,,
413,1,NONE,[],"{'CAMERA_1': [], 'CAMERA_2': [], 'CAMERA_3': []}",C_ENTERS,DOOR,NONE,,S_NONE,SERVICE_COUNTER,NONE,,
413,2,NONE,[],"{'CAMERA_1': [], 'CAMERA_2': [], 'CAMERA_3': []}",C_GREETS,MIDDLE,NONE,hello,S_GREETS,MIDDLE,NONE,can I help you?,
413,3,CAMERA_1,['CAMERA_1'],"{'CAMERA_1': [], 'CAMERA_2': [], 'CAMERA_3': []}",C_LOOKING_FOR_A_CAMERA,MIDDLE,NONE,I'm looking for a camera,S_INTRODUCES_CAMERA,CAMERA_1,,Let me show you this. Here we have the Nikon Coolpix S2800.,39~58
413,4,CAMERA_1,['CAMERA_1'],"{'CAMERA_1': ['price'], 'CAMERA_2': [], 'CAMERA_3': []}",C_QUESTION_ABOUT_FEATURE,CAMERA_1,price,how much does it cost,S_ANSWERS_QUESTION_ABOUT_FEATURE,CAMERA_1,price,This one costs $2173.,15~20
413,5,CAMERA_1,['CAMERA_1'],"{'CAMERA_1': ['price', 'resolution'], 'CAMERA_2': [], 'CAMERA_3': []}",C_SILENT_OR_BACKCHANNEL,CAMERA_1,NONE,I see,S_INTRODUCES_FEATURE,CAMERA_1,resolution,This one has 20.1 megapixels resolution.,13~28
413,6,CAMERA_1,['CAMERA_1'],"{'CAMERA_1': ['price', 'resolution', 'weight'], 'CAMERA_2': [], 'CAMERA_3': []}",C_QUESTION_ABOUT_FEATURE,CAMERA_1,weight,how much does this one weigh,S_ANSWERS_QUESTION_ABOUT_FEATURE,CAMERA_1,weight,This one weighs 120 grams.,16~25
413,7,CAMERA_1,['CAMERA_1'],"{'CAMERA_1': ['price', 'resolution', 'weight', 'sensor_size'], 'CAMERA_2': [], 'CAMERA_3': []}",C_QUESTION_ABOUT_FEATURE,CAMERA_1,sensor_size,what is the sensor size,S_NOT_SURE,CAMERA_1,,I'm not really sure about that,
413,8,CAMERA_1,['CAMERA_1'],"{'CAMERA_1': ['price', 'resolution', 'weight', 'sensor_size', 'autofocus_points'], 'CAMERA_2': [], 'CAMERA_3': []}",C_QUESTION_ABOUT_FEATURE,CAMERA_1,autofocus_points,how many autofocus points does it have,S_NOT_SURE,CAMERA_1,,I'm not really sure about that,
413,9,NONE,['CAMERA_1'],"{'CAMERA_1': ['price', 'resolution', 'weight', 'sensor_size', 'autofocus_points'], 'CAMERA_2': [], 'CAMERA_3': []}",C_THANK_YOU,CAMERA_1,NONE,thank you for your help,S_THANK_YOU,CAMERA_1,NONE,thank you very much,
413,10,NONE,['CAMERA_1'],"{'CAMERA_1': ['price', 'resolution', 'weight', 'sensor_size', 'autofocus_points'], 'CAMERA_2': [], 'CAMERA_3': []}",C_LEAVES,DOOR,NONE,,S_RETURNS_TO_COUNTER,SERVICE_COUNTER,NONE,,
414,1,NONE,[],"{'CAMERA_1': [], 'CAMERA_2': [], 'CAMERA_3': []}",C_ENTERS,DOOR,NONE,,S_NONE,SERVICE_COUNTER,NONE,,
414,2,NONE,[],"{'CAMERA_1': [], 'CAMERA_2': [], 'CAMERA_3': []}",C_GREETS,MIDDLE,NONE,hello,S_GREETS,MIDDLE,NONE,can I help you?,
414,3,CAMERA_1,['CAMERA_1'],"{'CAMERA_1': [], 'CAMERA_2': [], 'CAMERA_3': []}",C_LOOKING_FOR_A_CAMERA,MIDDLE,NONE,I'm looking for a camera,S_INTRODUCES_CAMERA,CAMERA_1,,Let me show you this. Here we have the Nikon Coolpix S2800.,39~58
414,4,CAMERA_1,['CAMERA_1'],"{'CAMERA_1': ['camera_type'], 'CAMERA_2': [], 'CAMERA_3': []}",C_SILENT_OR_BACKCHANNEL,CAMERA_1,NONE,okay,S_INTRODUCES_FEATURE,CAMERA_1,camera_type,This is a point and shoot camera.,10~25
414,5,CAMERA_1,['CAMERA_1'],"{'CAMERA_1': ['camera_type', 'effects'], 'CAMERA_2': [], 'CAMERA_3': []}",C_QUESTION_ABOUT_FEATURE,CAMERA_1,effects,does it have any effect modes,S_ANSWERS_QUESTION_ABOUT_FEATURE,CAMERA_1,effects,"This one has 12 glamor retouch effects (e.g. skin softening, small face, big eyes).",13~82
414,6,CAMERA_1,['CAMERA_1'],"{'CAMERA_1': ['camera_type', 'effects', 'sensor_size'], 'CAMERA_2': [], 'CAMERA_3': []}",C_QUESTION_ABOUT_FEATURE,CAMERA_1,sensor_size,what is the sensor size,S_NOT_SURE,CAMERA_1,,I'm not really sure about that,
414,7,CAMERA_1,['CAMERA_1'],"{'CAMERA_1': ['camera_type', 'effects', 'sensor_size', 'price'], 'CAMERA_2': [], 'CAMERA_3': []}",C_QUESTION_ABOUT_FEATURE,CAMERA_1,price,how much does it cost,S_ANSWERS_QUESTION_ABOUT_FEATURE,CAMERA_1,price,This one costs $2173.,15~20
414,8,CAMERA_1,['CAMERA_1'],"{'CAMERA_1': ['camera_type', 'effects', 'sensor_size', 'price', 'optical_zoom'], 'CAMERA_2': [], 'CAMERA_3': []}",C_SILENT_OR_BACKCHANNEL,CAMERA_1,NONE,alright,S_INTRODUCES_FEATURE,CAMERA_1,optical_zoom,This one has 5x optical zoom.,13~28
414,9,CAMERA_1,['CAMERA_1'],"{'CAMERA_1': ['camera_type', 'effects', 'sensor_size', 'price', 'optical_zoom', 'resolution'], 'CAMERA_2': [], 'CAMERA_3': []}",C_QUESTION_ABOUT_FEATURE,CAMERA_1,resolution,what is the resolution,S_ANSWERS_QUESTION_ABOUT_FEATURE,CAMERA_1,resolution,This one has 20.1 megapixels resolution.,13~28
414,10,CAMERA_1,['CAMERA_1'],"{'CAMERA_1': ['camera_type', 'effects', 'sensor_size', 'price', 'optical_zoom', 'resolution', 'preset_modes'], 'CAMERA_2': [], 'CAMERA_3': []}",C_SILENT_OR_BACKCHANNEL,CAMERA_1,NONE,I see,S_INTRODUCES_FEATURE,CAMERA_1,preset_modes,"This one has 18 preset modes (e.g. beach, snow, night portrait).",13~63
414,11,CAMERA_1,['CAMERA_1'],"{'CAMERA_1': ['camera_type', 'effects', 'sensor_size', 'price', 'optical_zoom', 'resolution', 'preset_modes', 'settings'], 'CAMERA_2': [], 'CAMERA_3': []}",C_SILENT_OR_BACKCHANNEL,CAMERA_1,NONE,alright,S_INTRODUCES_FEATURE,CAMERA_1,settings,This one has limited manual settings.,13~36
414,12,CAMERA_1,['CAMERA_1'],"{'CAMERA_1': ['camera_type', 'effects', 'sensor_size', 'price', 'optical_zoom', 'resolution', 'preset_modes', 'settings', 'autofocus_points'], 'CAMERA_2': [], 'CAMERA_3': []}",C_QUESTION_ABOUT_FEATURE,CAMERA_1,autofocus_points,how many autofocus points does it have,S_NOT_SURE,CAMERA_1,,I'm not really sure about that,
414,13,CAMERA_1,['CAMERA_1'],"{'CAMERA_1': ['camera_type', 'effects', 'sensor_size', 'price', 'optical_zoom', 'resolution', 'preset_modes', 'settings', 'autofocus_points', 'color'], 'CAMERA_2': [], 'CAMERA_3': []}",C_SILENT_OR_BACKCHANNEL,CAMERA_1,NONE,okay,S_INTRODUCES_FEATURE,CAMERA_1,color,"This one comes in purple, pink, black, silver, red.",18~50
414,14,CAMERA_2,"['CAMERA_1', 'CAMERA_2']","{'CAMERA_1': ['camera_type', 'effects', 'sensor_size', 'price', 'optical_zoom', 'resolution', 'preset_modes', 'settings', 'autofocus_points', 'color'], 'CAMERA_2': [], 'CAMERA_3': []}",C_ANYTHING_ELSE_AVAILABLE,CAMERA_1,NONE,ok do you have any other cameras,S_INTRODUCES_CAMERA,CAMERA_2,,Let me show you this. Here we have the Sony Alpha a6000.,39~55
414,15,CAMERA_2,"['CAMERA_1', 'CAMERA_2']","{'CAMERA_1': ['camera_type', 'effects', 'sensor_size', 'price', 'optical_zoom', 'resolution', 'preset_modes', 'settings', 'autofocus_points', 'color'], 'CAMERA_2': ['long_exposure'], 'CAMERA_3': []}",C_QUESTION_ABOUT_FEATURE,CAMERA_2,long_exposure,can it take long exposure shots,S_ANSWERS_QUESTION_ABOUT_FEATURE,CAMERA_2,long_exposure,This one can take long exposures up to up to 30 seconds.,39~55
414,16,CAMERA_2,"['CAMERA_1', 'CAMERA_2']","{'CAMERA_1': ['camera_type', 'effects', 'sensor_size', 'price', 'optical_zoom', 'resolution', 'preset_modes', 'settings', 'autofocus_points', 'color'], 'CAMERA_2': ['long_exposure', 'resolution'], 'CAMERA_3': []}",C_QUESTION_ABOUT_FEATURE,CAMERA_2,resolution,what is the resolution,S_NOT_SURE,CAMERA_2,,I'm not really sure about that,
414,17,CAMERA_2,"['CAMERA_1', 'CAMERA_2']","{'CAMERA_1': ['camera_type', 'effects', 'sensor_size', 'price', 'optical_zoom', 'resolution', 'preset_modes', 'settings', 'autofocus_points', 'color'], 'CAMERA_2': ['long_exposure', 'resolution', 'sensor_size'], 'CAMERA_3': []}",C_QUESTION_ABOUT_FEATURE,CAMERA_2,sensor_size,what is the sensor size,S_ANSWERS_QUESTION_ABOUT_FEATURE,CAMERA_2,sensor_size,This one has a APS-C sensor (crop sensor).,15~41
414,18,CAMERA_2,"['CAMERA_1', 'CAMERA_2']","{'CAMERA_1': ['camera_type', 'effects', 'sensor_size', 'price', 'optical_zoom', 'resolution', 'preset_modes', 'settings', 'autofocus_points', 'color'], 'CAMERA_2': ['long_exposure', 'resolution', 'sensor_size', 'camera_type'], 'CAMERA_3': []}",C_QUESTION_ABOUT_FEATURE,CAMERA_2,camera_type,what kind of camera is this,S_ANSWERS_QUESTION_ABOUT_FEATURE,CAMERA_2,camera_type,This is a mirrorless camera.,10~20
414,19,CAMERA_2,"['CAMERA_1', 'CAMERA_2']","{'CAMERA_1': ['camera_type', 'effects', 'sensor_size', 'price', 'optical_zoom', 'resolution', 'preset_modes', 'settings', 'autofocus_points', 'color'], 'CAMERA_2': ['long_exposure', 'resolution', 'sensor_size', 'camera_type', 'ISO'], 'CAMERA_3': []}",C_QUESTION_ABOUT_FEATURE,CAMERA_2,ISO,what is the ISO,S_ANSWERS_QUESTION_ABOUT_FEATURE,CAMERA_2,ISO,This one has up to 3200 ISO with little noise.,13~45
414,20,CAMERA_3,"['CAMERA_1', 'CAMERA_2', 'CAMERA_3']","{'CAMERA_1': ['camera_type', 'effects', 'sensor_size', 'price', 'optical_zoom', 'resolution', 'preset_modes', 'settings', 'autofocus_points', 'color'], 'CAMERA_2': ['long_exposure', 'resolution', 'sensor_size', 'camera_type', 'ISO'], 'CAMERA_3': []}",C_ANYTHING_ELSE_AVAILABLE,CAMERA_2,NONE,ok do you have any other cameras,S_INTRODUCES_CAMERA,CAMERA_3,,Let me show you this. Here we have the Canon EOS 5D Mark III.,39~60
414,21,CAMERA_3,"['CAMERA_1', 'CAMERA_2', 'CAMERA_3']","{'CAMERA_1': ['camera_type', 'effects', 'sensor_size', 'price', 'optical_zoom', 'resolution', 'preset_modes', 'settings', 'autofocus_points', 'color'], 'CAMERA_2': ['long_exposure', 'resolution', 'sensor_size', 'camera_type', 'ISO'], 'CAMERA_3': ['autofocus_points']}",C_QUESTION_ABOUT_FEATURE,CAMERA_3,autofocus_points,how many autofocus points does it have,S_ANSWERS_QUESTION_ABOUT_FEATURE,CAMERA_3,autofocus_points,This one has 61 autofocus points.,13~32
414,22,CAMERA_3,"['CAMERA_1', 'CAMERA_2', 'CAMERA_3']","{'CAMERA_1': ['camera_type', 'effects', 'sensor_size', 'price', 'optical_zoom', 'resolution', 'preset_modes', 'settings', 'autofocus_points', 'color'], 'CAMERA_2': ['long_exposure', 'resolution', 'sensor_size', 'camera_type', 'ISO'], 'CAMERA_3': ['autofocus_points', 'sensor_size']}",C_SILENT_OR_BACKCHANNEL,CAMERA_3,NONE,I see,S_INTRODUCES_FEATURE,CAMERA_3,sensor_size,This one has a full frame.,15~25
414,23,CAMERA_3,"['CAMERA_1', 'CAMERA_2', 'CAMERA_3']","{'CAMERA_1': ['camera_type', 'effects', 'sensor_size', 'price', 'optical_zoom', 'resolution', 'preset_modes', 'settings', 'autofocus_points', 'color'], 'CAMERA_2': ['long_exposure', 'resolution', 'sensor_size', 'camera_type', 'ISO'], 'CAMERA_3': ['autofocus_points', 'sensor_size', 'color']}",C_SILENT_OR_BACKCHANNEL,CAMERA_3,NONE,I see,S_INTRODUCES_FEATURE,CAMERA_3,color,This one comes in black.,18~23
414,24,CAMERA_3,"['CAMERA_1', 'CAMERA_2', 'CAMERA_3']","{'CAMERA_1': ['camera_type', 'effects', 'sensor_size', 'price', 'optical_zoom', 'resolution', 'preset_modes', 'settings', 'autofocus_points', 'color'], 'CAMERA_2': ['long_exposure', 'resolution', 'sensor_size', 'camera_type', 'ISO'], 'CAMERA_3': ['autofocus_points', 'sensor_size', 'color', 'settings']}",C_SILENT_OR_BACKCHANNEL,CAMERA_3,NONE,okay,S_INTRODUCES_FEATURE,CAMERA_3,settings,This one has full manual control.,13~32
414,25,CAMERA_3,"['CAMERA_1', 'CAMERA_2', 'CAMERA_3']","{'CAMERA_1': ['camera_type', 'effects', 'sensor_size', 'price', 'optical_zoom', 'resolution', 'preset_modes', 'settings', 'autofocus_points', 'color'], 'CAMERA_2': ['long_exposure', 'resolution', 'sensor_size', 'camera_type', 'ISO'], 'CAMERA_3': ['autofocus_points', 'sensor_size', 'color', 'settings', 'optical_zoom']}",C_QUESTION_ABOUT_FEATURE,CAMERA_3,optical_zoom,does it have optical zoom,S_NOT_SURE,CAMERA_3,,I'm not really sure about that,
414,26,CAMERA_3,"['CAMERA_1', 'CAMERA_2', 'CAMERA_3']","{'CAMERA_1': ['camera_type', 'effects', 'sensor_size', 'price', 'optical_zoom', 'resolution', 'preset_modes', 'settings', 'autofocus_points', 'color'], 'CAMERA_2': ['long_exposure', 'resolution', 'sensor_size', 'camera_type', 'ISO'], 'CAMERA_3': ['autofocus_points', 'sensor_size', 'color', 'settings', 'optical_zoom', 'long_exposure']}",C_QUESTION_ABOUT_FEATURE,CAMERA_3,long_exposure,can it take long exposure shots,S_ANSWERS_QUESTION_ABOUT_FEATURE,CAMERA_3,long_exposure,"This one can take long exposures up to up to 30 seconds, bulb mode: expose as long as you want.",39~94
414,27,CAMERA_3,"['CAMERA_1', 'CAMERA_2', 'CAMERA_3']","{'CAMERA_1': ['camera_type', 'effects', 'sensor_size', 'price', 'optical_zoom', 'resolution', 'preset_modes', 'settings', 'autofocus_points', 'color'], 'CAMERA_2': ['long_exposure', 'resolution', 'sensor_size', 'camera_type', 'ISO'], 'CAMERA_3': ['autofocus_points', 'sensor_size', 'color', 'settings', 'optical_zoom', 'long_exposure', 'weight']}",C_QUESTION_ABOUT_FEATURE,CAMERA_3,weight,how much does this one weigh,S_ANSWERS_QUESTION_ABOUT_FEATURE,CAMERA_3,weight,This one weighs 950 grams (only body).,16~37
414,28,CAMERA_3,"['CAMERA_1', 'CAMERA_2', 'CAMERA_3']","{'CAMERA_1': ['camera_type', 'effects', 'sensor_size', 'price', 'optical_zoom', 'resolution', 'preset_modes', 'settings', 'autofocus_points', 'color'], 'CAMERA_2': ['long_exposure', 'resolution', 'sensor_size', 'camera_type', 'ISO'], 'CAMERA_3': ['autofocus_points', 'sensor_size', 'color', 'settings', 'optical_zoom', 'long_exposure', 'weight', 'camera_type']}",C_SILENT_OR_BACKCHANNEL,CAMERA_3,NONE,alright,S_INTRODUCES_FEATURE,CAMERA_3,camera_type,This is a DSLR camera.,10~14
414,29,CAMERA_3,"['CAMERA_1', 'CAMERA_2', 'CAMERA_3']","{'CAMERA_1': ['camera_type', 'effects', 'sensor_size', 'price', 'optical_zoom', 'resolution', 'preset_modes', 'settings', 'autofocus_points', 'color'], 'CAMERA_2': ['long_exposure', 'resolution', 'sensor_size', 'camera_type', 'ISO'], 'CAMERA_3': ['autofocus_points', 'sensor_size', 'color', 'settings', 'optical_zoom', 'long_exposure', 'weight', 'camera_type', 'preset_modes']}",C_QUESTION_ABOUT_FEATURE,CAMERA_3,preset_modes,does it have preset modes,S_NOT_SURE,CAMERA_3,,I'm not really sure about that,
414,30,CAMERA_3,"['CAMERA_1', 'CAMERA_2', 'CAMERA_3']","{'CAMERA_1': ['camera_type', 'effects', 'sensor_size', 'price', 'optical_zoom', 'resolution', 'preset_modes', 'settings', 'autofocus_points', 'color'], 'CAMERA_2': ['long_exposure', 'resolution', 'sensor_size', 'camera_type', 'ISO'], 'CAMERA_3': ['autofocus_points', 'sensor_size', 'color', 'settings', 'optical_zoom', 'long_exposure', 'weight', 'camera_type', 'preset_modes', 'price']}",C_SILENT_OR_BACKCHANNEL,CAMERA_3,NONE,I see,S_INTRODUCES_FEATURE,CAMERA_3,price,This one costs $3706.,15~20
414,31,CAMERA_3,"['CAMERA_1', 'CAMERA_2', 'CAMERA_3']","{'CAMERA_1': ['camera_type', 'effects', 'sensor_size', 'price', 'optical_zoom', 'resolution', 'preset_modes', 'settings', 'autofocus_points', 'color'], 'CAMERA_2': ['long_exposure', 'resolution', 'sensor_size', 'camera_type', 'ISO'], 'CAMERA_3': ['autofocus_points', 'sensor_size', 'color', 'settings', 'optical_zoom', 'long_exposure', 'weight', 'camera_type', 'preset_modes', 'price', 'resolution']}",C_QUESTION_ABOUT_FEATURE,CAMERA_3,resolution,what is the resolution,S_NOT_SURE,CAMERA_3,,I'm not really sure about that,
414,32,CAMERA_3,"['CAMERA_1', 'CAMERA_2', 'CAMERA_3']","{'CAMERA_1': ['camera_type', 'effects', 'sensor_size', 'price', 'optical_zoom', 'resolution', 'preset_modes', 'settings', 'autofocus_points', 'color'], 'CAMERA_2': ['long_exposure', 'resolution', 'sensor_size', 'camera_type', 'ISO'], 'CAMERA_3': ['autofocus_points', 'sensor_size', 'color', 'settings', 'optical_zoom', 'long_exposure', 'weight', 'camera_type', 'preset_modes', 'price', 'resolution', 'ISO']}",C_SILENT_OR_BACKCHANNEL,CAMERA_3,NONE,alright,S_INTRODUCES_FEATURE,CAMERA_3,ISO,This one has up to 6400 ISO with little noise.,13~45
414,33,CAMERA_3,"['CAMERA_1', 'CAMERA_2', 'CAMERA_3']","{'CAMERA_1': ['camera_type', 'effects', 'sensor_size', 'price', 'optical_zoom', 'resolution', 'preset_modes', 'settings', 'autofocus_points', 'color'], 'CAMERA_2': ['long_exposure', 'resolution', 'sensor_size', 'camera_type', 'ISO'], 'CAMERA_3': ['autofocus_points', 'sensor_size', 'color', 'settings', 'optical_zoom', 'long_exposure', 'weight', 'camera_type', 'preset_modes', 'price', 'resolution', 'ISO', 'effects']}",C_QUESTION_ABOUT_FEATURE,CAMERA_3,effects,does it have any effect modes,S_NOT_SURE,CAMERA_3,,I'm not really sure about that,
414,34,CAMERA_3,"['CAMERA_1', 'CAMERA_2', 'CAMERA_3']","{'CAMERA_1': ['camera_type', 'effects', 'sensor_size', 'price', 'optical_zoom', 'resolution', 'preset_modes', 'settings', 'autofocus_points', 'color'], 'CAMERA_2': ['long_exposure', 'resolution', 'sensor_size', 'camera_type', 'ISO'], 'CAMERA_3': ['autofocus_points', 'sensor_size', 'color', 'settings', 'optical_zoom', 'long_exposure', 'weight', 'camera_type', 'preset_modes', 'price', 'resolution', 'ISO', 'effects', 'weight']}",C_QUESTION_ABOUT_FEATURE,CAMERA_3,weight,how much does this one weigh,S_ANSWERS_QUESTION_ABOUT_FEATURE,CAMERA_3,weight,This one weighs 950 grams (only body).,16~37
414,35,CAMERA_3,"['CAMERA_1', 'CAMERA_2', 'CAMERA_3']","{'CAMERA_1': ['camera_type', 'effects', 'sensor_size', 'price', 'optical_zoom', 'resolution', 'preset_modes', 'settings', 'autofocus_points', 'color'], 'CAMERA_2': ['long_exposure', 'resolution', 'sensor_size', 'camera_type', 'ISO'], 'CAMERA_3': ['autofocus_points', 'sensor_size', 'color', 'settings', 'optical_zoom', 'long_exposure', 'weight', 'camera_type', 'preset_modes', 'price', 'resolution', 'ISO', 'effects', 'weight', 'color']}",C_QUESTION_ABOUT_FEATURE,CAMERA_3,color,what colors does this one come in,S_ANSWERS_QUESTION_ABOUT_FEATURE,CAMERA_3,color,This one comes in black.,18~23
414,36,,"['CAMERA_1', 'CAMERA_2', 'CAMERA_3']","{'CAMERA_1': ['camera_type', 'effects', 'sensor_size', 'price', 'optical_zoom', 'resolution', 'preset_modes', 'settings', 'autofocus_points', 'color'], 'CAMERA_2': ['long_exposure', 'resolution', 'sensor_size', 'camera_type', 'ISO'], 'CAMERA_3': ['autofocus_points', 'sensor_size', 'color', 'settings', 'optical_zoom', 'long_exposure', 'weight', 'camera_type', 'preset_modes', 'price', 'resolution', 'ISO', 'effects', 'weight', 'color']}",C_ANYTHING_ELSE_AVAILABLE,CAMERA_3,NONE,ok do you have any other cameras,S_THATS_ALL_WE_HAVE_AVAILABLE,CAMERA_3,,That’s all we have available at the moment.,
414,37,NONE,"['CAMERA_1', 'CAMERA_2', 'CAMERA_3']","{'CAMERA_1': ['camera_type', 'effects', 'sensor_size', 'price', 'optical_zoom', 'resolution', 'preset_modes', 'settings', 'autofocus_points', 'color'], 'CAMERA_2': ['long_exposure', 'resolution', 'sensor_size', 'camera_type', 'ISO'], 'CAMERA_3': ['autofocus_points', 'sensor_size', 'color', 'settings', 'optical_zoom', 'long_exposure', 'weight', 'camera_type', 'preset_modes', 'price', 'resolution', 'ISO', 'effects', 'weight', 'color']}",C_THANK_YOU,CAMERA_3,NONE,thank you for your help,S_THANK_YOU,CAMERA_3,NONE,thank you very much,
414,38,NONE,"['CAMERA_1', 'CAMERA_2', 'CAMERA_3']","{'CAMERA_1': ['camera_type', 'effects', 'sensor_size', 'price', 'optical_zoom', 'resolution', 'preset_modes', 'settings', 'autofocus_points', 'color'], 'CAMERA_2': ['long_exposure', 'resolution', 'sensor_size', 'camera_type', 'ISO'], 'CAMERA_3': ['autofocus_points', 'sensor_size', 'color', 'settings', 'optical_zoom', 'long_exposure', 'weight', 'camera_type', 'preset_modes', 'price', 'resolution', 'ISO', 'effects', 'weight', 'color']}",C_LEAVES,DOOR,NONE,,S_RETURNS_TO_COUNTER,SERVICE_COUNTER,NONE,,
415,1,NONE,[],"{'CAMERA_1': [], 'CAMERA_2': [], 'CAMERA_3': []}",C_ENTERS,DOOR,NONE,,S_NONE,SERVICE_COUNTER,NONE,,
415,2,NONE,[],"{'CAMERA_1': [], 'CAMERA_2': [], 'CAMERA_3': []}",C_WALKS_TO_CAMERA,CAMERA_3,NONE,,S_GREETS,CAMERA_3,NONE,can I help you?,
415,3,CAMERA_2,['CAMERA_2'],"{'CAMERA_1': [], 'CAMERA_2': [], 'CAMERA_3': []}",C_LOOKING_FOR_A_CAMERA,CAMERA_3,NONE,I'm looking for a camera,S_INTRODUCES_CAMERA,CAMERA_2,,Let me show you this. Here we have the Sony Alpha a6000.,39~55
415,4,CAMERA_2,['CAMERA_2'],"{'CAMERA_1': [], 'CAMERA_2': ['long_exposure'], 'CAMERA_3': []}",C_QUESTION_ABOUT_FEATURE,CAMERA_2,long_exposure,can it take long exposure shots,S_ANSWERS_QUESTION_ABOUT_FEATURE,CAMERA_2,long_exposure,This one can take long exposures up to up to 30 seconds.,39~55
415,5,NONE,['CAMERA_2'],"{'CAMERA_1': [], 'CAMERA_2': ['long_exposure'], 'CAMERA_3': []}",C_THANK_YOU,CAMERA_2,NONE,thank you for your help,S_THANK_YOU,CAMERA_2,NONE,thank you very much,
415,6,NONE,['CAMERA_2'],"{'CAMERA_1': [], 'CAMERA_2': ['long_exposure'], 'CAMERA_3': []}",C_LEAVES,DOOR,NONE,,S_RETURNS_TO_COUNTER,SERVICE_COUNTER,NONE,,
416,1,NONE,[],"{'CAMERA_1': [], 'CAMERA_2': [], 'CAMERA_3': []}",C_ENTERS,DOOR,NONE,,S_NONE,SERVICE_COUNTER,NONE,,
416,2,NONE,[],"{'CAMERA_1': [], 'CAMERA_2': [], 'CAMERA_3': []}",C_GREETS,MIDDLE,NONE,hello,S_GREETS,MIDDLE,NONE,can I help you?,
416,3,CAMERA_3,['CAMERA_3'],"{'CAMERA_1': [], 'CAMERA_2': [], 'CAMERA_3': []}",C_LOOKING_FOR_A_CAMERA,MIDDLE,NONE,I'm looking for a camera,S_INTRODUCES_CAMERA,CAMERA_3,,Let me show you this. Here we have the Canon EOS 5D Mark III.,39~60
416,4,CAMERA_3,['CAMERA_3'],"{'CAMERA_1': [], 'CAMERA_2': [], 'CAMERA_3': ['optical_zoom']}",C_QUESTION_ABOUT_FEATURE,CAMERA_3,optical_zoom,does it have optical zoom,S_NOT_SURE,CAMERA_3,,I'm not really sure about that,
416,5,CAMERA_3,['CAMERA_3'],"{'CAMERA_1': [], 'CAMERA_2': [], 'CAMERA_3': ['optical_zoom', 'price']}",C_SILENT_OR_BACKCHANNEL,CAMERA_3,NONE,okay,S_INTRODUCES_FEATURE,CAMERA_3,price,This one costs $3706.,15~20
416,6,CAMERA_3,['CAMERA_3'],"{'CAMERA_1': [], 'CAMERA_2': [], 'CAMERA_3': ['optical_zoom', 'price', 'long_exposure']}",C_SILENT_OR_BACKCHANNEL,CAMERA_3,NONE,I see,S_INTRODUCES_FEATURE,CAMERA_3,long_exposure,"This one can take long exposures up to up to 30 seconds, bulb mode: expose as long as you want.",39~94
416,7,CAMERA_3,['CAMERA_3'],"{'CAMERA_1': [], 'CAMERA_2': [], 'CAMERA_3': ['optical_zoom', 'price', 'long_exposure', 'sensor_size']}",C_QUESTION_ABOUT_FEATURE,CAMERA_3,sensor_size,what is the sensor size,S_ANSWERS_QUESTION_ABOUT_FEATURE,CAMERA_3,sensor_size,This one has a full frame.,15~25
416,8,CAMERA_1,"['CAMERA_3', 'CAMERA_1']","{'CAMERA_1': [], 'CAMERA_2': [], 'CAMERA_3': ['optical_zoom', 'price', 'long_exposure', 'sensor_size']}",C_ANYTHING_ELSE_AVAILABLE,CAMERA_3,NONE,ok do you have any other cameras,S_INTRODUCES_CAMERA,CAMERA_1,,Let me show you this. Here we have the Nikon Coolpix S2800.,39~58
416,9,CAMERA_1,"['CAMERA_3', 'CAMERA_1']","{'CAMERA_1': ['autofocus_points'], 'CAMERA_2': [], 'CAMERA_3': ['optical_zoom', 'price', 'long_exposure', 'sensor_size']}",C_QUESTION_ABOUT_FEATURE,CAMERA_1,autofocus_points,how many autofocus points does it have,S_NOT_SURE,CAMERA_1,,I'm not really sure about that,
416,10,CAMERA_1,"['CAMERA_3', 'CAMERA_1']","{'CAMERA_1': ['autofocus_points', 'sensor_size'], 'CAMERA_2': [], 'CAMERA_3': ['optical_zoom', 'price', 'long_exposure', 'sensor_size']}",C_QUESTION_ABOUT_FEATURE,CAMERA_1,sensor_size,what is the sensor size,S_NOT_SURE,CAMERA_1,,I'm not really sure about that,
416,11,CAMERA_2,"['CAMERA_3', 'CAMERA_1', 'CAMERA_2']","{'CAMERA_1': ['autofocus_points', 'sensor_size'], 'CAMERA_2': [], 'CAMERA_3': ['optical_zoom', 'price', 'long_exposure', 'sensor_size']}",C_ANYTHING_ELSE_AVAILABLE,CAMERA_1,NONE,ok do you have any other cameras,S_INTRODUCES_CAMERA,CAMERA_2,,Let me show you this. Here we have the Sony Alpha a6000.,39~55
416,12,CAMERA_2,"['CAMERA_3', 'CAMERA_1', 'CAMERA_2']","{'CAMERA_1': ['autofocus_points', 'sensor_size'], 'CAMERA_2': ['long_exposure'], 'CAMERA_3': ['optical_zoom', 'price', 'long_exposure', 'sensor_size']}",C_SILENT_OR_BACKCHANNEL,CAMERA_2,NONE,okay,S_INTRODUCES_FEATURE,CAMERA_2,long_exposure,This one can take long exposures up to up to 30 seconds.,39~55
416,13,CAMERA_2,"['CAMERA_3', 'CAMERA_1', 'CAMERA_2']","{'CAMERA_1': ['autofocus_points', 'sensor_size'], 'CAMERA_2': ['long_exposure', 'weight'], 'CAMERA_3': ['optical_zoom', 'price', 'long_exposure', 'sensor_size']}",C_QUESTION_ABOUT_FEATURE,CAMERA_2,weight,how much does this one weigh,S_ANSWERS_QUESTION_ABOUT_FEATURE,CAMERA_2,weight,This one weighs 470 grams.,16~25
416,14,CAMERA_2,"['CAMERA_3', 'CAMERA_1', 'CAMERA_2']","{'CAMERA_1': ['autofocus_points', 'sensor_size'], 'CAMERA_2': ['long_exposure', 'weight', 'sensor_size'], 'CAMERA_3': ['optical_zoom', 'price', 'long_exposure', 'sensor_size']}",C_QUESTION_ABOUT_FEATURE,CAMERA_2,sensor_size,what is the sensor size,S_ANSWERS_QUESTION_ABOUT_FEATURE,CAMERA_2,sensor_size,This one has a APS-C sensor (crop sensor).,15~41
416,15,CAMERA_2,"['CAMERA_3', 'CAMERA_1', 'CAMERA_2']","{'CAMERA_1': ['autofocus_points', 'sensor_size'], 'CAMERA_2': ['long_exposure', 'weight', 'sensor_size', 'autofocus_points'], 'CAMERA_3': ['optical_zoom', 'price', 'long_exposure', 'sensor_size']}",C_QUESTION_ABOUT_FEATURE,CAMERA_2,autofocus_points,how many autofocus points does it have,S_ANSWERS_QUESTION_ABOUT_FEATURE,CAMERA_2,autofocus_points,This one has 179 autofocus points.,13~33
416,16,CAMERA_2,"['CAMERA_3', 'CAMERA_1', 'CAMERA_2']","{'CAMERA_1': ['autofocus_points', 'sensor_size'], 'CAMERA_2': ['long_exposure', 'weight', 'sensor_size', 'autofocus_points', 'settings'], 'CAMERA_3': ['optical_zoom', 'price', 'long_exposure', 'sensor_size']}",C_SILENT_OR_BACKCHANNEL,CAMERA_2,NONE,okay,S_INTRODUCES_FEATURE,CAMERA_2,settings,This one has full manual control.,13~32
416,17,CAMERA_2,"['CAMERA_3', 'CAMERA_1', 'CAMERA_2']","{'CAMERA_1': ['autofocus_points', 'sensor_size'], 'CAMERA_2': ['long_exposure', 'weight', 'sensor_size', 'autofocus_points', 'settings', 'preset_modes'], 'CAMERA_3': ['optical_zoom', 'price', 'long_exposure', 'sensor_size']}",C_QUESTION_ABOUT_FEATURE,CAMERA_2,preset_modes,does it have preset modes,S_ANSWERS_QUESTION_ABOUT_FEATURE,CAMERA_2,preset_modes,"This one has 9 preset modes (e.g. beach, snow, night, portrait).",13~63
416,18,CAMERA_2,"['CAMERA_3', 'CAMERA_1', 'CAMERA_2']","{'CAMERA_1': ['autofocus_points', 'sensor_size'], 'CAMERA_2': ['long_exposure', 'weight', 'sensor_size', 'autofocus_points', 'settings', 'preset_modes', 'resolution'], 'CAMERA_3': ['optical_zoom', 'price', 'long_exposure', 'sensor_size']}",C_QUESTION_ABOUT_FEATURE,CAMERA_2,resolution,what is the resolution,S_NOT_SURE,CAMERA_2,,I'm not really sure about that,
416,19,CAMERA_2,"['CAMERA_3', 'CAMERA_1', 'CAMERA_2']","{'CAMERA_1': ['autofocus_points', 'sensor_size'], 'CAMERA_2': ['long_exposure', 'weight', 'sensor_size', 'autofocus_points', 'settings', 'preset_modes', 'resolution', 'camera_type'], 'CAMERA_3': ['optical_zoom', 'price', 'long_exposure', 'sensor_size']}",C_SILENT_OR_BACKCHANNEL,CAMERA_2,NONE,alright,S_INTRODUCES_FEATURE,CAMERA_2,camera_type,This is a mirrorless camera.,10~20
416,20,CAMERA_2,"['CAMERA_3', 'CAMERA_1', 'CAMERA_2']","{'CAMERA_1': ['autofocus_points', 'sensor_size'], 'CAMERA_2': ['long_exposure', 'weight', 'sensor_size', 'autofocus_points', 'settings', 'preset_modes', 'resolution', 'camera_type', 'color'], 'CAMERA_3': ['optical_zoom', 'price', 'long_exposure', 'sensor_size']}",C_SILENT_OR_BACKCHANNEL,CAMERA_2,NONE,okay,S_INTRODUCES_FEATURE,CAMERA_2,color,"This one comes in white, silver, black.",18~38
416,21,CAMERA_2,"['CAMERA_3', 'CAMERA_1', 'CAMERA_2']","{'CAMERA_1': ['autofocus_points', 'sensor_size'], 'CAMERA_2': ['long_exposure', 'weight', 'sensor_size', 'autofocus_points', 'settings', 'preset_modes', 'resolution', 'camera_type', 'color', 'effects'], 'CAMERA_3': ['optical_zoom', 'price', 'long_exposure', 'sensor_size']}",C_SILENT_OR_BACKCHANNEL,CAMERA_2,NONE,alright,S_INTRODUCES_FEATURE,CAMERA_2,effects,"This one has 13 artistic effect modes (e.g. toy camera, soft focus).",13~67
416,22,,"['CAMERA_3', 'CAMERA_1', 'CAMERA_2']","{'CAMERA_1': ['autofocus_points', 'sensor_size'], 'CAMERA_2': ['long_exposure', 'weight', 'sensor_size', 'autofocus_points', 'settings', 'preset_modes', 'resolution', 'camera_type', 'color', 'effects'], 'CAMERA_3': ['optical_zoom', 'price', 'long_exposure', 'sensor_size']}",C_ANYTHING_ELSE_AVAILABLE,CAMERA_2,NONE,ok do you have any other cameras,S_THATS_ALL_WE_HAVE_AVAILABLE,CAMERA_2,,That’s all we have available at the moment.,
416,23,NONE,"['CAMERA_3', 'CAMERA_1', 'CAMERA_2']","{'CAMERA_1': ['autofocus_points', 'sensor_size'], 'CAMERA_2': ['long_exposure', 'weight', 'sensor_size', 'autofocus_points', 'settings', 'preset_modes', 'resolution', 'camera_type', 'color', 'effects'], 'CAMERA_3': ['optical_zoom', 'price', 'long_exposure', 'sensor_size']}",C_THANK_YOU,CAMERA_2,NONE,thank you for your help,S_THANK_YOU,CAMERA_2,NONE,thank you very much,
416,24,NONE,"['CAMERA_3', 'CAMERA_1', 'CAMERA_2']","{'CAMERA_1': ['autofocus_points', 'sensor_size'], 'CAMERA_2': ['long_exposure', 'weight', 'sensor_size', 'autofocus_points', 'settings', 'preset_modes', 'resolution', 'camera_type', 'color', 'effects'], 'CAMERA_3': ['optical_zoom', 'price', 'long_exposure', 'sensor_size']}",C_LEAVES,DOOR,NONE,,S_RETURNS_TO_COUNTER,SERVICE_COUNTER,NONE,,
417,1,NONE,[],"{'CAMERA_1': [], 'CAMERA_2': [], 'CAMERA_3': []}",C_ENTERS,DOOR,NONE,,S_NONE,SERVICE_COUNTER,NONE,,
417,2,NONE,[],"{'CAMERA_1': [], 'CAMERA_2': [], 'CAMERA_3': []}",C_GREETS,MIDDLE,NONE,hello,S_GREETS,MIDDLE,NONE,can I help you?,
417,3,CAMERA_2,['CAMERA_2'],"{'CAMERA_1': [], 'CAMERA_2': [], 'CAMERA_3': []}",C_LOOKING_FOR_A_CAMERA,MIDDLE,NONE,I'm looking for a camera,S_INTRODUCES_CAMERA,CAMERA_2,,Let me show you this. Here we have the Sony Alpha a6000.,39~55
417,4,CAMERA_2,['CAMERA_2'],"{'CAMERA_1': [], 'CAMERA_2': ['weight'], 'CAMERA_3': []}",C_QUESTION_ABOUT_FEATURE,CAMERA_2,weight,how much does this one weigh,S_ANSWERS_QUESTION_ABOUT_FEATURE,CAMERA_2,weight,This one weighs 470 grams.,16~25
417,5,CAMERA_2,['CAMERA_2'],"{'CAMERA_1': [], 'CAMERA_2': ['weight', 'effects'], 'CAMERA_3': []}",C_SILENT_OR_BACKCHANNEL,CAMERA_2,NONE,okay,S_INTRODUCES_FEATURE,CAMERA_2,effects,"This one has 13 artistic effect modes (e.g. toy camera, soft focus).",13~67
417,6,CAMERA_3,"['CAMERA_2', 'CAMERA_3']","{'CAMERA_1': [], 'CAMERA_2': ['weight', 'effects'], 'CAMERA_3': []}",C_ANYTHING_ELSE_AVAILABLE,CAMERA_2,NONE,ok do you have any other cameras,S_INTRODUCES_CAMERA,CAMERA_3,,Let me show you this. Here we have the Canon EOS 5D Mark III.,39~60
417,7,CAMERA_3,"['CAMERA_2', 'CAMERA_3']","{'CAMERA_1': [], 'CAMERA_2': ['weight', 'effects'], 'CAMERA_3': ['resolution']}",C_QUESTION_ABOUT_FEATURE,CAMERA_3,resolution,what is the resolution,S_NOT_SURE,CAMERA_3,,I'm not really sure about that,
417,8,CAMERA_3,"['CAMERA_2', 'CAMERA_3']","{'CAMERA_1': [], 'CAMERA_2': ['weight', 'effects'], 'CAMERA_3': ['resolution', 'color']}",C_SILENT_OR_BACKCHANNEL,CAMERA_3,NONE,I see,S_INTRODUCES_FEATURE,CAMERA_3,color,This one comes in black.,18~23
417,9,NONE,"['CAMERA_2', 'CAMERA_3']","{'CAMERA_1': [], 'CAMERA_2': ['weight', 'effects'], 'CAMERA_3': ['resolution', 'color']}",C_THANK_YOU,CAMERA_3,NONE,thank you for your help,S_THANK_YOU,CAMERA_3,NONE,thank you very much,
417,10,NONE,"['CAMERA_2', 'CAMERA_3']","{'CAMERA_1': [], 'CAMERA_2': ['weight', 'effects'], 'CAMERA_3': ['resolution', 'color']}",C_LEAVES,DOOR,NONE,,S_RETURNS_TO_COUNTER,SERVICE_COUNTER,NONE,,
418,1,NONE,[],"{'CAMERA_1': [], 'CAMERA_2': [], 'CAMERA_3': []}",C_ENTERS,DOOR,NONE,,S_NONE,SERVICE_COUNTER,NONE,,
418,2,NONE,[],"{'CAMERA_1': [], 'CAMERA_2': [], 'CAMERA_3': []}",C_GREETS,MIDDLE,NONE,hello,S_GREETS,MIDDLE,NONE,can I help you?,
418,3,CAMERA_1,['CAMERA_1'],"{'CAMERA_1': [], 'CAMERA_2': [], 'CAMERA_3': []}",C_LOOKING_FOR_A_CAMERA,MIDDLE,NONE,I'm looking for a camera,S_INTRODUCES_CAMERA,CAMERA_1,,Let me show you this. Here we have the Nikon Coolpix S2800.,39~58
418,4,CAMERA_1,['CAMERA_1'],"{'CAMERA_1': ['preset_modes'], 'CAMERA_2': [], 'CAMERA_3': []}",C_SILENT_OR_BACKCHANNEL,CAMERA_1,NONE,I see,S_INTRODUCES_FEATURE,CAMERA_1,preset_modes,"This one has 18 preset modes (e.g. beach, snow, night portrait).",13~63
418,5,CAMERA_1,['CAMERA_1'],"{'CAMERA_1': ['preset_modes', 'resolution'], 'CAMERA_2': [], 'CAMERA_3': []}",C_QUESTION_ABOUT_FEATURE,CAMERA_1,resolution,what is the resolution,S_ANSWERS_QUESTION_ABOUT_FEATURE,CAMERA_1,resolution,This one has 20.1 megapixels resolution.,13~28
418,6,NONE,['CAMERA_1'],"{'CAMERA_1': ['preset_modes', 'resolution'], 'CAMERA_2': [], 'CAMERA_3': []}",C_THANK_YOU,CAMERA_1,NONE,thank you for your help,S_THANK_YOU,CAMERA_1,NONE,thank you very much,
418,7,NONE,['CAMERA_1'],"{'CAMERA_1': ['preset_modes', 'resolution'], 'CAMERA_2': [], 'CAMERA_3': []}",C_LEAVES,DOOR,NONE,,S_RETURNS_TO_COUNTER,SERVICE_COUNTER,NONE,,
419,1,NONE,[],"{'CAMERA_1': [], 'CAMERA_2': [], 'CAMERA_3': []}",C_ENTERS,DOOR,NONE,,S_NONE,SERVICE_COUNTER,NONE,,
419,2,NONE,[],"{'CAMERA_1': [], 'CAMERA_2': [], 'CAMERA_3': []}",C_WALKS_TO_CAMERA,CAMERA_3,NONE,,S_GREETS,CAMERA_3,NONE,can I help you?,
419,3,CAMERA_2,['CAMERA_2'],"{'CAMERA_1': [], 'CAMERA_2': [], 'CAMERA_3': []}",C_LOOKING_FOR_A_CAMERA,CAMERA_3,NONE,I'm looking for a camera,S_INTRODUCES_CAMERA,CAMERA_2,,Let me show you this. Here we have the Sony Alpha a6000.,39~55
419,4,CAMERA_2,['CAMERA_2'],"{'CAMERA_1': [], 'CAMERA_2': ['settings'], 'CAMERA_3': []}",C_QUESTION_ABOUT_FEATURE,CAMERA_2,settings,what kind of settings does it have,S_ANSWERS_QUESTION_ABOUT_FEATURE,CAMERA_2,settings,This one has full manual control.,13~32
419,5,CAMERA_2,['CAMERA_2'],"{'CAMERA_1': [], 'CAMERA_2': ['settings', 'effects'], 'CAMERA_3': []}",C_QUESTION_ABOUT_FEATURE,CAMERA_2,effects,does it have any effect modes,S_ANSWERS_QUESTION_ABOUT_FEATURE,CAMERA_2,effects,"This one has 13 artistic effect modes (e.g. toy camera, soft focus).",13~67
419,6,CAMERA_2,['CAMERA_2'],"{'CAMERA_1': [], 'CAMERA_2': ['settings', 'effects', 'preset_modes'], 'CAMERA_3': []}",C_SILENT_OR_BACKCHANNEL,CAMERA_2,NONE,I see,S_INTRODUCES_FEATURE,CAMERA_2,preset_modes,"This one has 9 preset modes (e.g. beach, snow, night, portrait).",13~63
419,7,CAMERA_2,['CAMERA_2'],"{'CAMERA_1': [], 'CAMERA_2': ['settings', 'effects', 'preset_modes', 'sensor_size'], 'CAMERA_3': []}",C_SILENT_OR_BACKCHANNEL,CAMERA_2,NONE,okay,S_INTRODUCES_FEATURE,CAMERA_2,sensor_size,This one has a APS-C sensor (crop sensor).,15~41
419,8,CAMERA_2,['CAMERA_2'],"{'CAMERA_1': [], 'CAMERA_2': ['settings', 'effects', 'preset_modes', 'sensor_size', 'camera_type'], 'CAMERA_3': []}",C_SILENT_OR_BACKCHANNEL,CAMERA_2,NONE,alright,S_INTRODUCES_FEATURE,CAMERA_2,camera_type,This is a mirrorless camera.,10~20
419,9,CAMERA_2,['CAMERA_2'],"{'CAMERA_1': [], 'CAMERA_2': ['settings', 'effects', 'preset_modes', 'sensor_size', 'camera_type', 'ISO'], 'CAMERA_3': []}",C_SILENT_OR_BACKCHANNEL,CAMERA_2,NONE,alright,S_INTRODUCES_FEATURE,CAMERA_2,ISO,This one has up to 3200 ISO with little noise.,13~45
419,10,CAMERA_2,['CAMERA_2'],"{'CAMERA_1': [], 'CAMERA_2': ['settings', 'effects', 'preset_modes', 'sensor_size', 'camera_type', 'ISO', 'long_exposure'], 'CAMERA_3': []}",C_QUESTION_ABOUT_FEATURE,CAMERA_2,long_exposure,can it take long exposure shots,S_ANSWERS_QUESTION_ABOUT_FEATURE,CAMERA_2,long_exposure,This one can take long exposures up to up to 30 seconds.,39~55
419,11,CAMERA_2,['CAMERA_2'],"{'CAMERA_1': [], 'CAMERA_2': ['settings', 'effects', 'preset_modes', 'sensor_size', 'camera_type', 'ISO', 'long_exposure', 'resolution'], 'CAMERA_3': []}",C_QUESTION_ABOUT_FEATURE,CAMERA_2,resolution,what is the resolution,S_NOT_SURE,CAMERA_2,,I'm not really sure about that,
419,12,NONE,['CAMERA_2'],"{'CAMERA_1': [], 'CAMERA_2': ['settings', 'effects', 'preset_modes', 'sensor_size', 'camera_type', 'ISO', 'long_exposure', 'resolution'], 'CAMERA_3': []}",C_THANK_YOU,CAMERA_2,NONE,thank you for your help,S_THANK_YOU,CAMERA_2,NONE,thank you very much,
419,13,NONE,['CAMERA_2'],"{'CAMERA_1': [], 'CAMERA_2': ['settings', 'effects', 'preset_modes', 'sensor_size', 'camera_type', 'ISO', 'long_exposure', 'resolution'], 'CAMERA_3': []}",C_LEAVES,DOOR,NONE,,S_RETURNS_TO_COUNTER,SERVICE_COUNTER,NONE,,
420,1,NONE,[],"{'CAMERA_1': [], 'CAMERA_2': [], 'CAMERA_3': []}",C_ENTERS,DOOR,NONE,,S_NONE,SERVICE_COUNTER,NONE,,
420,2,NONE,[],"{'CAMERA_1': [], 'CAMERA_2': [], 'CAMERA_3': []}",C_GREETS,MIDDLE,NONE,hello,S_GREETS,MIDDLE,NONE,can I help you?,
420,3,CAMERA_1,['CAMERA_1'],"{'CAMERA_1': [], 'CAMERA_2': [], 'CAMERA_3': []}",C_LOOKING_FOR_A_CAMERA,MIDDLE,NONE,I'm looking for a camera,S_INTRODUCES_CAMERA,CAMERA_1,,Let me show you this. Here we have the Nikon Coolpix S2800.,39~58
420,4,CAMERA_1,['CAMERA_1'],"{'CAMERA_1': ['price'], 'CAMERA_2': [], 'CAMERA_3': []}",C_QUESTION_ABOUT_FEATURE,CAMERA_1,price,how much does it cost,S_ANSWERS_QUESTION_ABOUT_FEATURE,CAMERA_1,price,This one costs $2173.,15~20
420,5,CAMERA_1,['CAMERA_1'],"{'CAMERA_1': ['price', 'camera_type'], 'CAMERA_2': [], 'CAMERA_3': []}",C_SILENT_OR_BACKCHANNEL,CAMERA_1,NONE,I see,S_INTRODUCES_FEATURE,CAMERA_1,camera_type,This is a point and shoot camera.,10~25
420,6,CAMERA_3,"['CAMERA_1', 'CAMERA_3']","{'CAMERA_1': ['price', 'camera_type'], 'CAMERA_2': [], 'CAMERA_3': []}",C_ANYTHING_ELSE_AVAILABLE,CAMERA_1,NONE,ok do you have any other cameras,S_INTRODUCES_CAMERA,CAMERA_3,,Let me show you this. Here we have the Canon EOS 5D Mark III.,39~60
420,7,CAMERA_3,"['CAMERA_1', 'CAMERA_3']","{'CAMERA_1': ['price', 'camera_type'], 'CAMERA_2': [], 'CAMERA_3': ['settings']}",C_QUESTION_ABOUT_FEATURE,CAMERA_3,settings,what kind of settings does it have,S_ANSWERS_QUESTION_ABOUT_FEATURE,CAMERA_3,settings,This one has full manual control.,13~32
420,8,CAMERA_3,"['CAMERA_1', 'CAMERA_3']","{'CAMERA_1': ['price', 'camera_type'], 'CAMERA_2': [], 'CAMERA_3': ['settings', 'resolution']}",C_QUESTION_ABOUT_FEATURE,CAMERA_3,resolution,what is the resolution,S_NOT_SURE,CAMERA_3,,I'm not really sure about that,
420,9,NONE,"['CAMERA_1', 'CAMERA_3']","{'CAMERA_1': ['price', 'camera_type'], 'CAMERA_2': [], 'CAMERA_3': ['settings', 'resolution']}",C_THANK_YOU,CAMERA_3,NONE,thank you for your help,S_THANK_YOU,CAMERA_3,NONE,thank you very much,
420,10,NONE,"['CAMERA_1', 'CAMERA_3']","{'CAMERA_1': ['price', 'camera_type'], 'CAMERA_2': [], 'CAMERA_3': ['settings', 'resolution']}",C_LEAVES,DOOR,NONE,,S_RETURNS_TO_COUNTER,SERVICE_COUNTER,NONE,,
421,1,NONE,[],"{'CAMERA_1': [], 'CAMERA_2': [], 'CAMERA_3': []}",C_ENTERS,DOOR,NONE,,S_NONE,SERVICE_COUNTER,NONE,,
421,2,NONE,[],"{'CAMERA_1': [], 'CAMERA_2': [], 'CAMERA_3': []}",C_WALKS_TO_CAMERA,CAMERA_2,NONE,,S_GREETS,CAMERA_2,NONE,can I help you?,
421,3,CAMERA_1,['CAMERA_1'],"{'CAMERA_1': [], 'CAMERA_2': [], 'CAMERA_3': []}",C_LOOKING_FOR_A_CAMERA,CAMERA_2,NONE,I'm looking for a camera,S_INTRODUCES_CAMERA,CAMERA_1,,Let me show you this. Here we have the Nikon Coolpix S2800.,39~58
421,4,CAMERA_1,['CAMERA_1'],"{'CAMERA_1': ['autofocus_points'], 'CAMERA_2': [], 'CAMERA_3': []}",C_QUESTION_ABOUT_FEATURE,CAMERA_1,autofocus_points,how many autofocus points does it have,S_NOT_SURE,CAMERA_1,,I'm not really sure about that,
421,5,CAMERA_1,['CAMERA_1'],"{'CAMERA_1': ['autofocus_points', 'color'], 'CAMERA_2': [], 'CAMERA_3': []}",C_QUESTION_ABOUT_FEATURE,CAMERA_1,color,what colors does this one come in,S_ANSWERS_QUESTION_ABOUT_FEATURE,CAMERA_1,color,"This one comes in purple, pink, black, silver, red.",18~50
421,6,CAMERA_1,['CAMERA_1'],"{'CAMERA_1': ['autofocus_points', 'color', 'optical_zoom'], 'CAMERA_2': [], 'CAMERA_3': []}",C_SILENT_OR_BACKCHANNEL,CAMERA_1,NONE,alright,S_INTRODUCES_FEATURE,CAMERA_1,optical_zoom,This one has 5x optical zoom.,13~28
421,7,NONE,['CAMERA_1'],"{'CAMERA_1': ['autofocus_points', 'color', 'optical_zoom'], 'CAMERA_2': [], 'CAMERA_3': []}",C_THANK_YOU,CAMERA_1,NONE,thank you for your help,S_THANK_YOU,CAMERA_1,NONE,thank you very much,
421,8,NONE,['CAMERA_1'],"{'CAMERA_1': ['autofocus_points', 'color', 'optical_zoom'], 'CAMERA_2': [], 'CAMERA_3': []}",C_LEAVES,DOOR,NONE,,S_RETURNS_TO_COUNTER,SERVICE_COUNTER,NONE,,
422,1,NONE,[],"{'CAMERA_1': [], 'CAMERA_2': [], 'CAMERA_3': []}",C_ENTERS,DOOR,NONE,,S_NONE,SERVICE_COUNTER,NONE,,
422,2,NONE,[],"{'CAMERA_1': [], 'CAMERA_2': [], 'CAMERA_3': []}",C_WALKS_TO_CAMERA,CAMERA_2,NONE,,S_GREETS,CAMERA_2,NONE,can I help you?,
422,3,CAMERA_2,['CAMERA_2'],"{'CAMERA_1': [], 'CAMERA_2': [], 'CAMERA_3': []}",C_LOOKING_FOR_A_CAMERA,CAMERA_2,NONE,I'm looking for a camera,S_INTRODUCES_CAMERA,CAMERA_2,,Let me show you this. Here we have the Sony Alpha a6000.,39~55
422,4,CAMERA_2,['CAMERA_2'],"{'CAMERA_1': [], 'CAMERA_2': ['optical_zoom'], 'CAMERA_3': []}",C_QUESTION_ABOUT_FEATURE,CAMERA_2,optical_zoom,does it have optical zoom,S_NOT_SURE,CAMERA_2,,I'm not really sure about that,
422,5,CAMERA_2,['CAMERA_2'],"{'CAMERA_1': [], 'CAMERA_2': ['optical_zoom', 'color'], 'CAMERA_3': []}",C_QUESTION_ABOUT_FEATURE,CAMERA_2,color,what colors does this one come in,S_ANSWERS_QUESTION_ABOUT_FEATURE,CAMERA_2,color,"This one comes in white, silver, black.",18~38
422,6,CAMERA_2,['CAMERA_2'],"{'CAMERA_1': [], 'CAMERA_2': ['optical_zoom', 'color', 'ISO'], 'CAMERA_3': []}",C_QUESTION_ABOUT_FEATURE,CAMERA_2,ISO,what is the ISO,S_ANSWERS_QUESTION_ABOUT_FEATURE,CAMERA_2,ISO,This one has up to 3200 ISO with little noise.,13~45
422,7,CAMERA_2,['CAMERA_2'],"{'CAMERA_1': [], 'CAMERA_2': ['optical_zoom', 'color', 'ISO', 'preset_modes'], 'CAMERA_3': []}",C_QUESTION_ABOUT_FEATURE,CAMERA_2,preset_modes,does it have preset modes,S_ANSWERS_QUESTION_ABOUT_FEATURE,CAMERA_2,preset_modes,"This one has 9 preset modes (e.g. beach, snow, night, portrait).",13~63
422,8,CAMERA_2,['CAMERA_2'],"{'CAMERA_1': [], 'CAMERA_2': ['optical_zoom', 'color', 'ISO', 'preset_modes', 'camera_type'], 'CAMERA_3': []}",C_SILENT_OR_BACKCHANNEL,CAMERA_2,NONE,I see,S_INTRODUCES_FEATURE,CAMERA_2,camera_type,This is a mirrorless camera.,10~20
422,9,NONE,['CAMERA_2'],"{'CAMERA_1': [], 'CAMERA_2': ['optical_zoom', 'color', 'ISO', 'preset_modes', 'camera_type'], 'CAMERA_3': []}",C_THANK_YOU,CAMERA_2,NONE,thank you for your help,S_THANK_YOU,CAMERA_2,NONE,thank you very much,
422,10,NONE,['CAMERA_2'],"{'CAMERA_1': [], 'CAMERA_2': ['optical_zoom', 'color', 'ISO', 'preset_modes', 'camera_type'], 'CAMERA_3': []}",C_LEAVES,DOOR,NONE,,S_RETURNS_TO_COUNTER,SERVICE_COUNTER,NONE,,
423,1,NONE,[],"{'CAMERA_1': [], 'CAMERA_2': [], 'CAMERA_3': []}",C_ENTERS,DOOR,NONE,,S_NONE,SERVICE_COUNTER,NONE,,
423,2,NONE,[],"{'CAMERA_1': [], 'CAMERA_2': [], 'CAMERA_3': []}",C_GREETS,MIDDLE,NONE,hello,S_GREETS,MIDDLE,NONE,can I help you?,
423,3,CAMERA_1,['CAMERA_1'],"{'CAMERA_1': [], 'CAMERA_2': [], 'CAMERA_3': []}",C_LOOKING_FOR_A_CAMERA,MIDDLE,NONE,I'm looking for a camera,S_INTRODUCES_CAMERA,CAMERA_1,,Let me show you this. Here we have the Nikon Coolpix S2800.,39~58
423,4,CAMERA_1,['CAMERA_1'],"{'CAMERA_1': ['preset_modes'], 'CAMERA_2': [], 'CAMERA_3': []}",C_QUESTION_ABOUT_FEATURE,CAMERA_1,preset_modes,does it have preset modes,S_ANSWERS_QUESTION_ABOUT_FEATURE,CAMERA_1,preset_modes,"This one has 18 preset modes (e.g. beach, snow, night portrait).",13~63
423,5,CAMERA_1,['CAMERA_1'],"{'CAMERA_1': ['preset_modes', 'settings'], 'CAMERA_2': [], 'CAMERA_3': []}",C_SILENT_OR_BACKCHANNEL,CAMERA_1,NONE,I see,S_INTRODUCES_FEATURE,CAMERA_1,settings,This one has limited manual settings.,13~36
423,6,CAMERA_1,['CAMERA_1'],"{'CAMERA_1': ['preset_modes', 'settings', 'sensor_size'], 'CAMERA_2': [], 'CAMERA_3': []}",C_QUESTION_ABOUT_FEATURE,CAMERA_1,sensor_size,what is the sensor size,S_NOT_SURE,CAMERA_1,,I'm not really sure about that,
423,7,NONE,['CAMERA_1'],"{'CAMERA_1': ['preset_modes', 'settings', 'sensor_size'], 'CAMERA_2': [], 'CAMERA_3': []}",C_THANK_YOU,CAMERA_1,NONE,thank you for your help,S_THANK_YOU,CAMERA_1,NONE,thank you very much,
423,8,NONE,['CAMERA_1'],"{'CAMERA_1': ['preset_modes', 'settings', 'sensor_size'], 'CAMERA_2': [], 'CAMERA_3': []}",C_LEAVES,DOOR,NONE,,S_RETURNS_TO_COUNTER,SERVICE_COUNTER,NONE,,
424,1,NONE,[],"{'CAMERA_1': [], 'CAMERA_2': [], 'CAMERA_3': []}",C_ENTERS,DOOR,NONE,,S_NONE,SERVICE_COUNTER,NONE,,
424,2,NONE,[],"{'CAMERA_1': [], 'CAMERA_2': [], 'CAMERA_3': []}",C_GREETS,MIDDLE,NONE,hello,S_GREETS,MIDDLE,NONE,can I help you?,
424,3,CAMERA_1,['CAMERA_1'],"{'CAMERA_1': [], 'CAMERA_2': [], 'CAMERA_3': []}",C_LOOKING_FOR_A_CAMERA,MIDDLE,NONE,I'm looking for a camera,S_INTRODUCES_CAMERA,CAMERA_1,,Let me show you this. Here we have the Nikon Coolpix S2800.,39~58
424,4,CAMERA_1,['CAMERA_1'],"{'CAMERA_1': ['price'], 'CAMERA_2': [], 'CAMERA_3': []}",C_QUESTION_ABOUT_FEATURE,CAMERA_1,price,how much does it cost,S_ANSWERS_QUESTION_ABOUT_FEATURE,CAMERA_1,price,This one costs $2173.,15~20
424,5,CAMERA_1,['CAMERA_1'],"{'CAMERA_1': ['price', 'camera_type'], 'CAMERA_2': [], 'CAMERA_3': []}",C_QUESTION_ABOUT_FEATURE,CAMERA_1,camera_type,what kind of camera is this,S_ANSWERS_QUESTION_ABOUT_FEATURE,CAMERA_1,camera_type,This is a point and shoot camera.,10~25
424,6,CAMERA_1,['CAMERA_1'],"{'CAMERA_1': ['price', 'camera_type', 'resolution'], 'CAMERA_2': [], 'CAMERA_3': []}",C_QUESTION_ABOUT_FEATURE,CAMERA_1,resolution,what is the resolution,S_ANSWERS_QUESTION_ABOUT_FEATURE,CAMERA_1,resolution,This one has 20.1 megapixels resolution.,13~28
424,7,CAMERA_1,['CAMERA_1'],"{'CAMERA_1': ['price', 'camera_type', 'resolution', 'settings'], 'CAMERA_2': [], 'CAMERA_3': []}",C_SILENT_OR_BACKCHANNEL,CAMERA_1,NONE,alright,S_INTRODUCES_FEATURE,CAMERA_1,settings,This one has limited manual settings.,13~36
424,8,CAMERA_1,['CAMERA_1'],"{'CAMERA_1': ['price', 'camera_type', 'resolution', 'settings', 'weight'], 'CAMERA_2': [], 'CAMERA_3': []}",C_QUESTION_ABOUT_FEATURE,CAMERA_1,weight,how much does this one weigh,S_ANSWERS_QUESTION_ABOUT_FEATURE,CAMERA_1,weight,This one weighs 120 grams.,16~25
424,9,CAMERA_1,['CAMERA_1'],"{'CAMERA_1': ['price', 'camera_type', 'resolution', 'settings', 'weight', 'optical_zoom'], 'CAMERA_2': [], 'CAMERA_3': []}",C_QUESTION_ABOUT_FEATURE,CAMERA_1,optical_zoom,does it have optical zoom,S_ANSWERS_QUESTION_ABOUT_FEATURE,CAMERA_1,optical_zoom,This one has 5x optical zoom.,13~28
424,10,CAMERA_2,"['CAMERA_1', 'CAMERA_2']","{'CAMERA_1': ['price', 'camera_type', 'resolution', 'settings', 'weight', 'optical_zoom'], 'CAMERA_2': [], 'CAMERA_3': []}",C_ANYTHING_ELSE_AVAILABLE,CAMERA_1,NONE,ok do you have any other cameras,S_INTRODUCES_CAMERA,CAMERA_2,,Let me show you this. Here we have the Sony Alpha a6000.,39~55
424,11,CAMERA_2,"['CAMERA_1', 'CAMERA_2']","{'CAMERA_1': ['price', 'camera_type', 'resolution', 'settings', 'weight', 'optical_zoom'], 'CAMERA_2': ['resolution'], 'CAMERA_3': []}",C_QUESTION_ABOUT_FEATURE,CAMERA_2,resolution,what is the resolution,S_NOT_SURE,CAMERA_2,,I'm not really sure about that,
424,12,CAMERA_2,"['CAMERA_1', 'CAMERA_2']","{'CAMERA_1': ['price', 'camera_type', 'resolution', 'settings', 'weight', 'optical_zoom'], 'CAMERA_2': ['resolution', 'effects'], 'CAMERA_3': []}",C_SILENT_OR_BACKCHANNEL,CAMERA_2,NONE,alright,S_INTRODUCES_FEATURE,CAMERA_2,effects,"This one has 13 artistic effect modes (e.g. toy camera, soft focus).",13~67
424,13,CAMERA_2,"['CAMERA_1', 'CAMERA_2']","{'CAMERA_1': ['price', 'camera_type', 'resolution', 'settings', 'weight', 'optical_zoom'], 'CAMERA_2': ['resolution', 'effects', 'price'], 'CAMERA_3': []}",C_QUESTION_ABOUT_FEATURE,CAMERA_2,price,how much does it cost,S_ANSWERS_QUESTION_ABOUT_FEATURE,CAMERA_2,price,This one costs $1341.,15~20
424,14,CAMERA_2,"['CAMERA_1', 'CAMERA_2']","{'CAMERA_1': ['price', 'camera_type', 'resolution', 'settings', 'weight', 'optical_zoom'], 'CAMERA_2': ['resolution', 'effects', 'price', 'long_exposure'], 'CAMERA_3': []}",C_QUESTION_ABOUT_FEATURE,CAMERA_2,long_exposure,can it take long exposure shots,S_ANSWERS_QUESTION_ABOUT_FEATURE,CAMERA_2,long_exposure,This one can take long exposures up to up to 30 seconds.,39~55
424,15,CAMERA_2,"['CAMERA_1', 'CAMERA_2']","{'CAMERA_1': ['price', 'camera_type', 'resolution', 'settings', 'weight', 'optical_zoom'], 'CAMERA_2': ['resolution', 'effects', 'price', 'long_exposure', 'color'], 'CAMERA_3': []}",C_SILENT_OR_BACKCHANNEL,CAMERA_2,NONE,alright,S_INTRODUCES_FEATURE,CAMERA_2,color,"This one comes in white, silver, black.",18~38
424,16,NONE,"['CAMERA_1', 'CAMERA_2']","{'CAMERA_1': ['price', 'camera_type', 'resolution', 'settings', 'weight', 'optical_zoom'], 'CAMERA_2': ['resolution', 'effects', 'price', 'long_exposure', 'color'], 'CAMERA_3': []}",C_THANK_YOU,CAMERA_2,NONE,thank you for your help,S_THANK_YOU,CAMERA_2,NONE,thank you very much,
424,17,NONE,"['CAMERA_1', 'CAMERA_2']","{'CAMERA_1': ['price', 'camera_type', 'resolution', 'settings', 'weight', 'optical_zoom'], 'CAMERA_2': ['resolution', 'effects', 'price', 'long_exposure', 'color'], 'CAMERA_3': []}",C_LEAVES,DOOR,NONE,,S_RETURNS_TO_COUNTER,SERVICE_COUNTER,NONE,,
425,1,NONE,[],"{'CAMERA_1': [], 'CAMERA_2': [], 'CAMERA_3': []}",C_ENTERS,DOOR,NONE,,S_NONE,SERVICE_COUNTER,NONE,,
425,2,NONE,[],"{'CAMERA_1': [], 'CAMERA_2': [], 'CAMERA_3': []}",C_GREETS,MIDDLE,NONE,hello,S_GREETS,MIDDLE,NONE,can I help you?,
425,3,CAMERA_3,['CAMERA_3'],"{'CAMERA_1': [], 'CAMERA_2': [], 'CAMERA_3': []}",C_LOOKING_FOR_A_CAMERA,MIDDLE,NONE,I'm looking for a camera,S_INTRODUCES_CAMERA,CAMERA_3,,Let me show you this. Here we have the Canon EOS 5D Mark III.,39~60
425,4,CAMERA_3,['CAMERA_3'],"{'CAMERA_1': [], 'CAMERA_2': [], 'CAMERA_3': ['weight']}",C_SILENT_OR_BACKCHANNEL,CAMERA_3,NONE,alright,S_INTRODUCES_FEATURE,CAMERA_3,weight,This one weighs 950 grams (only body).,16~37
425,5,CAMERA_3,['CAMERA_3'],"{'CAMERA_1': [], 'CAMERA_2': [], 'CAMERA_3': ['weight', 'ISO']}",C_SILENT_OR_BACKCHANNEL,CAMERA_3,NONE,alright,S_INTRODUCES_FEATURE,CAMERA_3,ISO,This one has up to 6400 ISO with little noise.,13~45
425,6,CAMERA_3,['CAMERA_3'],"{'CAMERA_1': [], 'CAMERA_2': [], 'CAMERA_3': ['weight', 'ISO', 'camera_type']}",C_QUESTION_ABOUT_FEATURE,CAMERA_3,camera_type,what kind of camera is this,S_ANSWERS_QUESTION_ABOUT_FEATURE,CAMERA_3,camera_type,This is a DSLR camera.,10~14
425,7,CAMERA_3,['CAMERA_3'],"{'CAMERA_1': [], 'CAMERA_2': [], 'CAMERA_3': ['weight', 'ISO', 'camera_type', 'price']}",C_SILENT_OR_BACKCHANNEL,CAMERA_3,NONE,I see,S_INTRODUCES_FEATURE,CAMERA_3,price,This one costs $3706.,15~20
425,8,CAMERA_3,['CAMERA_3'],"{'CAMERA_1': [], 'CAMERA_2': [], 'CAMERA_3': ['weight', 'ISO', 'camera_type', 'price', 'color']}",C_SILENT_OR_BACKCHANNEL,CAMERA_3,NONE,I see,S_INTRODUCES_FEATURE,CAMERA_3,color,This one comes in black.,18~23
425,9,CAMERA_3,['CAMERA_3'],"{'CAMERA_1': [], 'CAMERA_2': [], 'CAMERA_3': ['weight', 'ISO', 'camera_type', 'price', 'color', 'long_exposure']}",C_QUESTION_ABOUT_FEATURE,CAMERA_3,long_exposure,can it take long exposure shots,S_ANSWERS_QUESTION_ABOUT_FEATURE,CAMERA_3,long_exposure,"This one can take long exposures up to up to 30 seconds, bulb mode: expose as long as you want.",39~94
425,10,CAMERA_3,['CAMERA_3'],"{'CAMERA_1': [], 'CAMERA_2': [], 'CAMERA_3': ['weight', 'ISO', 'camera_type', 'price', 'color', 'long_exposure', 'autofocus_points']}",C_SILENT_OR_BACKCHANNEL,CAMERA_3,NONE,okay,S_INTRODUCES_FEATURE,CAMERA_3,autofocus_points,This one has 61 autofocus points.,13~32
425,11,CAMERA_3,['CAMERA_3'],"{'CAMERA_1': [], 'CAMERA_2': [], 'CAMERA_3': ['weight', 'ISO', 'camera_type', 'price', 'color', 'long_exposure', 'autofocus_points', 'effects']}",C_QUESTION_ABOUT_FEATURE,CAMERA_3,effects,does it have any effect modes,S_NOT_SURE,CAMERA_3,,I'm not really sure about that,
425,12,CAMERA_3,['CAMERA_3'],"{'CAMERA_1': [], 'CAMERA_2': [], 'CAMERA_3': ['weight', 'ISO', 'camera_type', 'price', 'color', 'long_exposure', 'autofocus_points', 'effects', 'settings']}",C_SILENT_OR_BACKCHANNEL,CAMERA_3,NONE,I see,S_INTRODUCES_FEATURE,CAMERA_3,settings,This one has full manual control.,13~32
425,13,CAMERA_3,['CAMERA_3'],"{'CAMERA_1': [], 'CAMERA_2': [], 'CAMERA_3': ['weight', 'ISO', 'camera_type', 'price', 'color', 'long_exposure', 'autofocus_points', 'effects', 'settings', 'sensor_size']}",C_SILENT_OR_BACKCHANNEL,CAMERA_3,NONE,I see,S_INTRODUCES_FEATURE,CAMERA_3,sensor_size,This one has a full frame.,15~25
425,14,CAMERA_3,['CAMERA_3'],"{'CAMERA_1': [], 'CAMERA_2': [], 'CAMERA_3': ['weight', 'ISO', 'camera_type', 'price', 'color', 'long_exposure', 'autofocus_points', 'effects', 'settings', 'sensor_size', 'resolution']}",C_QUESTION_ABOUT_FEATURE,CAMERA_3,resolution,what is the resolution,S_NOT_SURE,CAMERA_3,,I'm not really sure about that,
425,15,CAMERA_1,"['CAMERA_3', 'CAMERA_1']","{'CAMERA_1': [], 'CAMERA_2': [], 'CAMERA_3': ['weight', 'ISO', 'camera_type', 'price', 'color', 'long_exposure', 'autofocus_points', 'effects', 'settings', 'sensor_size', 'resolution']}",C_ANYTHING_ELSE_AVAILABLE,CAMERA_3,NONE,ok do you have any other cameras,S_INTRODUCES_CAMERA,CAMERA_1,,Let me show you this. Here we have the Nikon Coolpix S2800.,39~58
425,16,CAMERA_1,"['CAMERA_3', 'CAMERA_1']","{'CAMERA_1': ['settings'], 'CAMERA_2': [], 'CAMERA_3': ['weight', 'ISO', 'camera_type', 'price', 'color', 'long_exposure', 'autofocus_points', 'effects', 'settings', 'sensor_size', 'resolution']}",C_QUESTION_ABOUT_FEATURE,CAMERA_1,settings,what kind of settings does it have,S_ANSWERS_QUESTION_ABOUT_FEATURE,CAMERA_1,settings,This one has limited manual settings.,13~36
425,17,CAMERA_1,"['CAMERA_3', 'CAMERA_1']","{'CAMERA_1': ['settings', 'weight'], 'CAMERA_2': [], 'CAMERA_3': ['weight', 'ISO', 'camera_type', 'price', 'color', 'long_exposure', 'autofocus_points', 'effects', 'settings', 'sensor_size', 'resolution']}",C_QUESTION_ABOUT_FEATURE,CAMERA_1,weight,how much does this one weigh,S_ANSWERS_QUESTION_ABOUT_FEATURE,CAMERA_1,weight,This one weighs 120 grams.,16~25
425,18,CAMERA_1,"['CAMERA_3', 'CAMERA_1']","{'CAMERA_1': ['settings', 'weight', 'optical_zoom'], 'CAMERA_2': [], 'CAMERA_3': ['weight', 'ISO', 'camera_type', 'price', 'color', 'long_exposure', 'autofocus_points', 'effects', 'settings', 'sensor_size', 'resolution']}",C_SILENT_OR_BACKCHANNEL,CAMERA_1,NONE,okay,S_INTRODUCES_FEATURE,CAMERA_1,optical_zoom,This one has 5x optical zoom.,13~28
425,19,CAMERA_1,"['CAMERA_3', 'CAMERA_1']","{'CAMERA_1': ['settings', 'weight', 'optical_zoom', 'effects'], 'CAMERA_2': [], 'CAMERA_3': ['weight', 'ISO', 'camera_type', 'price', 'color', 'long_exposure', 'autofocus_points', 'effects', 'settings', 'sensor_size', 'resolution']}",C_SILENT_OR_BACKCHANNEL,CAMERA_1,NONE,okay,S_INTRODUCES_FEATURE,CAMERA_1,effects,"This one has 12 glamor retouch effects (e.g. skin softening, small face, big eyes).",13~82
425,20,CAMERA_1,"['CAMERA_3', 'CAMERA_1']","{'CAMERA_1': ['settings', 'weight', 'optical_zoom', 'effects', 'autofocus_points'], 'CAMERA_2': [], 'CAMERA_3': ['weight', 'ISO', 'camera_type', 'price', 'color', 'long_exposure', 'autofocus_points', 'effects', 'settings', 'sensor_size', 'resolution']}",C_QUESTION_ABOUT_FEATURE,CAMERA_1,autofocus_points,how many autofocus points does it have,S_NOT_SURE,CAMERA_1,,I'm not really sure about that,
425,21,CAMERA_1,"['CAMERA_3', 'CAMERA_1']","{'CAMERA_1': ['settings', 'weight', 'optical_zoom', 'effects', 'autofocus_points', 'price'], 'CAMERA_2': [], 'CAMERA_3': ['weight', 'ISO', 'camera_type', 'price', 'color', 'long_exposure', 'autofocus_points', 'effects', 'settings', 'sensor_size', 'resolution']}",C_SILENT_OR_BACKCHANNEL,CAMERA_1,NONE,I see,S_INTRODUCES_FEATURE,CAMERA_1,price,This one costs $2173.,15~20
425,22,CAMERA_1,"['CAMERA_3', 'CAMERA_1']","{'CAMERA_1': ['settings', 'weight', 'optical_zoom', 'effects', 'autofocus_points', 'price', 'preset_modes'], 'CAMERA_2': [], 'CAMERA_3': ['weight', 'ISO', 'camera_type', 'price', 'color', 'long_exposure', 'autofocus_points', 'effects', 'settings', 'sensor_size', 'resolution']}",C_SILENT_OR_BACKCHANNEL,CAMERA_1,NONE,okay,S_INTRODUCES_FEATURE,CAMERA_1,preset_modes,"This one has 18 preset modes (e.g. beach, snow, night portrait).",13~63
425,23,CAMERA_1,"['CAMERA_3', 'CAMERA_1']","{'CAMERA_1': ['settings', 'weight', 'optical_zoom', 'effects', 'autofocus_points', 'price', 'preset_modes', 'resolution'], 'CAMERA_2': [], 'CAMERA_3': ['weight', 'ISO', 'camera_type', 'price', 'color', 'long_exposure', 'autofocus_points', 'effects', 'settings', 'sensor_size', 'resolution']}",C_QUESTION_ABOUT_FEATURE,CAMERA_1,resolution,what is the resolution,S_ANSWERS_QUESTION_ABOUT_FEATURE,CAMERA_1,resolution,This one has 20.1 megapixels resolution.,13~28
425,24,CAMERA_1,"['CAMERA_3', 'CAMERA_1']","{'CAMERA_1': ['settings', 'weight', 'optical_zoom', 'effects', 'autofocus_points', 'price', 'preset_modes', 'resolution', 'camera_type'], 'CAMERA_2': [], 'CAMERA_3': ['weight', 'ISO', 'camera_type', 'price', 'color', 'long_exposure', 'autofocus_points', 'effects', 'settings', 'sensor_size', 'resolution']}",C_SILENT_OR_BACKCHANNEL,CAMERA_1,NONE,okay,S_INTRODUCES_FEATURE,CAMERA_1,camera_type,This is a point and shoot camera.,10~25
425,25,CAMERA_1,"['CAMERA_3', 'CAMERA_1']","{'CAMERA_1': ['settings', 'weight', 'optical_zoom', 'effects', 'autofocus_points', 'price', 'preset_modes', 'resolution', 'camera_type', 'color'], 'CAMERA_2': [], 'CAMERA_3': ['weight', 'ISO', 'camera_type', 'price', 'color', 'long_exposure', 'autofocus_points', 'effects', 'settings', 'sensor_size', 'resolution']}",C_SILENT_OR_BACKCHANNEL,CAMERA_1,NONE,I see,S_INTRODUCES_FEATURE,CAMERA_1,color,"This one comes in purple, pink, black, silver, red.",18~50
425,26,CAMERA_1,"['CAMERA_3', 'CAMERA_1']","{'CAMERA_1': ['settings', 'weight', 'optical_zoom', 'effects', 'autofocus_points', 'price', 'preset_modes', 'resolution', 'camera_type', 'color', 'ISO'], 'CAMERA_2': [], 'CAMERA_3': ['weight', 'ISO', 'camera_type', 'price', 'color', 'long_exposure', 'autofocus_points', 'effects', 'settings', 'sensor_size', 'resolution']}",C_QUESTION_ABOUT_FEATURE,CAMERA_1,ISO,what is the ISO,S_NOT_SURE,CAMERA_1,,I'm not really sure about that,
425,27,CAMERA_1,"['CAMERA_3', 'CAMERA_1']","{'CAMERA_1': ['settings', 'weight', 'optical_zoom', 'effects', 'autofocus_points', 'price', 'preset_modes', 'resolution', 'camera_type', 'color', 'ISO', 'sensor_size'], 'CAMERA_2': [], 'CAMERA_3': ['weight', 'ISO', 'camera_type', 'price', 'color', 'long_exposure', 'autofocus_points', 'effects', 'settings', 'sensor_size', 'resolution']}",C_QUESTION_ABOUT_FEATURE,CAMERA_1,sensor_size,what is the sensor size,S_NOT_SURE,CAMERA_1,,I'm not really sure about that,
425,28,CAMERA_1,"['CAMERA_3', 'CAMERA_1']","{'CAMERA_1': ['settings', 'weight', 'optical_zoom', 'effects', 'autofocus_points', 'price', 'preset_modes', 'resolution', 'camera_type', 'color', 'ISO', 'sensor_size', 'long_exposure'], 'CAMERA_2': [], 'CAMERA_3': ['weight', 'ISO', 'camera_type', 'price', 'color', 'long_exposure', 'autofocus_points', 'effects', 'settings', 'sensor_size', 'resolution']}",C_QUESTION_ABOUT_FEATURE,CAMERA_1,long_exposure,can it take long exposure shots,S_NOT_SURE,CAMERA_1,,I'm not really sure about that,
425,29,CAMERA_1,"['CAMERA_3', 'CAMERA_1']","{'CAMERA_1': ['settings', 'weight', 'optical_zoom', 'effects', 'autofocus_points', 'price', 'preset_modes', 'resolution', 'camera_type', 'color', 'ISO', 'sensor_size', 'long_exposure', 'optical_zoom'], 'CAMERA_2': [], 'CAMERA_3': ['weight', 'ISO', 'camera_type', 'price', 'color', 'long_exposure', 'autofocus_points', 'effects', 'settings', 'sensor_size', 'resolution']}",C_SILENT_OR_BACKCHANNEL,CAMERA_1,NONE,I see,S_INTRODUCES_FEATURE,CAMERA_1,optical_zoom,This one has 5x optical zoom.,13~28
425,30,CAMERA_1,"['CAMERA_3', 'CAMERA_1']","{'CAMERA_1': ['settings', 'weight', 'optical_zoom', 'effects', 'autofocus_points', 'price', 'preset_modes', 'resolution', 'camera_type', 'color', 'ISO', 'sensor_size', 'long_exposure', 'optical_zoom', 'color'], 'CAMERA_2': [], 'CAMERA_3': ['weight', 'ISO', 'camera_type', 'price', 'color', 'long_exposure', 'autofocus_points', 'effects', 'settings', 'sensor_size', 'resolution']}",C_QUESTION_ABOUT_FEATURE,CAMERA_1,color,what colors does this one come in,S_ANSWERS_QUESTION_ABOUT_FEATURE,CAMERA_1,color,"This one comes in purple, pink, black, silver, red.",18~50
425,31,NONE,"['CAMERA_3', 'CAMERA_1']","{'CAMERA_1': ['settings', 'weight', 'optical_zoom', 'effects', 'autofocus_points', 'price', 'preset_modes', 'resolution', 'camera_type', 'color', 'ISO', 'sensor_size', 'long_exposure', 'optical_zoom', 'color'], 'CAMERA_2': [], 'CAMERA_3': ['weight', 'ISO', 'camera_type', 'price', 'color', 'long_exposure', 'autofocus_points', 'effects', 'settings', 'sensor_size', 'resolution']}",C_THANK_YOU,CAMERA_1,NONE,thank you for your help,S_THANK_YOU,CAMERA_1,NONE,thank you very much,
425,32,NONE,"['CAMERA_3', 'CAMERA_1']","{'CAMERA_1': ['settings', 'weight', 'optical_zoom', 'effects', 'autofocus_points', 'price', 'preset_modes', 'resolution', 'camera_type', 'color', 'ISO', 'sensor_size', 'long_exposure', 'optical_zoom', 'color'], 'CAMERA_2': [], 'CAMERA_3': ['weight', 'ISO', 'camera_type', 'price', 'color', 'long_exposure', 'autofocus_points', 'effects', 'settings', 'sensor_size', 'resolution']}",C_LEAVES,DOOR,NONE,,S_RETURNS_TO_COUNTER,SERVICE_COUNTER,NONE,,
426,1,NONE,[],"{'CAMERA_1': [], 'CAMERA_2': [], 'CAMERA_3': []}",C_ENTERS,DOOR,NONE,,S_NONE,SERVICE_COUNTER,NONE,,
426,2,NONE,[],"{'CAMERA_1': [], 'CAMERA_2': [], 'CAMERA_3': []}",C_WALKS_TO_CAMERA,CAMERA_2,NONE,,S_GREETS,CAMERA_2,NONE,can I help you?,
426,3,CAMERA_3,['CAMERA_3'],"{'CAMERA_1': [], 'CAMERA_2': [], 'CAMERA_3': []}",C_LOOKING_FOR_A_CAMERA,CAMERA_2,NONE,I'm looking for a camera,S_INTRODUCES_CAMERA,CAMERA_3,,Let me show you this. Here we have the Canon EOS 5D Mark III.,39~60
426,4,CAMERA_3,['CAMERA_3'],"{'CAMERA_1': [], 'CAMERA_2': [], 'CAMERA_3': ['settings']}",C_QUESTION_ABOUT_FEATURE,CAMERA_3,settings,what kind of settings does it have,S_ANSWERS_QUESTION_ABOUT_FEATURE,CAMERA_3,settings,This one has full manual control.,13~32
426,5,CAMERA_2,"['CAMERA_3', 'CAMERA_2']","{'CAMERA_1': [], 'CAMERA_2': [], 'CAMERA_3': ['settings']}",C_ANYTHING_ELSE_AVAILABLE,CAMERA_3,NONE,ok do you have any other cameras,S_INTRODUCES_CAMERA,CAMERA_2,,Let me show you this. Here we have the Sony Alpha a6000.,39~55
426,6,CAMERA_2,"['CAMERA_3', 'CAMERA_2']","{'CAMERA_1': [], 'CAMERA_2': ['preset_modes'], 'CAMERA_3': ['settings']}",C_SILENT_OR_BACKCHANNEL,CAMERA_2,NONE,alright,S_INTRODUCES_FEATURE,CAMERA_2,preset_modes,"This one has 9 preset modes (e.g. beach, snow, night, portrait).",13~63
426,7,CAMERA_2,"['CAMERA_3', 'CAMERA_2']","{'CAMERA_1': [], 'CAMERA_2': ['preset_modes', 'settings'], 'CAMERA_3': ['settings']}",C_SILENT_OR_BACKCHANNEL,CAMERA_2,NONE,okay,S_INTRODUCES_FEATURE,CAMERA_2,settings,This one has full manual control.,13~32
426,8,NONE,"['CAMERA_3', 'CAMERA_2']","{'CAMERA_1': [], 'CAMERA_2': ['preset_modes', 'settings'], 'CAMERA_3': ['settings']}",C_THANK_YOU,CAMERA_2,NONE,thank you for your help,S_THANK_YOU,CAMERA_2,NONE,thank you very much,
426,9,NONE,"['CAMERA_3', 'CAMERA_2']","{'CAMERA_1': [], 'CAMERA_2': ['preset_modes', 'settings'], 'CAMERA_3': ['settings']}",C_LEAVES,DOOR,NONE,,S_RETURNS_TO_COUNTER,SERVICE_COUNTER,NONE,,
427,1,NONE,[],"{'CAMERA_1': [], 'CAMERA_2': [], 'CAMERA_3': []}",C_ENTERS,DOOR,NONE,,S_NONE,SERVICE_COUNTER,NONE,,
427,2,NONE,[],"{'CAMERA_1': [], 'CAMERA_2': [], 'CAMERA_3': []}",C_WALKS_TO_CAMERA,CAMERA_2,NONE,,S_NONE,SERVICE_COUNTER,NONE,,
427,3,NONE,[],"{'CAMERA_1': [], 'CAMERA_2': [], 'CAMERA_3': []}",C_EXAMINES_CAMERA,CAMERA_2,NONE,,S_GREETS,CAMERA_2,NONE,can I help you?,
427,4,CAMERA_3,['CAMERA_3'],"{'CAMERA_1': [], 'CAMERA_2': [], 'CAMERA_3': []}",C_LOOKING_FOR_A_CAMERA,CAMERA_2,NONE,I'm looking for a camera,S_INTRODUCES_CAMERA,CAMERA_3,,Let me show you this. Here we have the Canon EOS 5D Mark III.,39~60
427,5,CAMERA_3,['CAMERA_3'],"{'CAMERA_1': [], 'CAMERA_2': [], 'CAMERA_3': ['effects']}",C_QUESTION_ABOUT_FEATURE,CAMERA_3,effects,does it have any effect modes,S_NOT_SURE,CAMERA_3,,I'm not really sure about that,
427,6,CAMERA_3,['CAMERA_3'],"{'CAMERA_1': [], 'CAMERA_2': [], 'CAMERA_3': ['effects', 'autofocus_points']}",C_QUESTION_ABOUT_FEATURE,CAMERA_3,autofocus_points,how many autofocus points does it have,S_ANSWERS_QUESTION_ABOUT_FEATURE,CAMERA_3,autofocus_points,This one has 61 autofocus points.,13~32
427,7,CAMERA_3,['CAMERA_3'],"{'CAMERA_1': [], 'CAMERA_2': [], 'CAMERA_3': ['effects', 'autofocus_points', 'preset_modes']}",C_QUESTION_ABOUT_FEATURE,CAMERA_3,preset_modes,does it have preset modes,S_NOT_SURE,CAMERA_3,,I'm not really sure about that,
427,8,CAMERA_3,['CAMERA_3'],"{'CAMERA_1': [], 'CAMERA_2': [], 'CAMERA_3': ['effects', 'autofocus_points', 'preset_modes', 'settings']}",C_SILENT_OR_BACKCHANNEL,CAMERA_3,NONE,alright,S_INTRODUCES_FEATURE,CAMERA_3,settings,This one has full manual control.,13~32
427,9,CAMERA_3,['CAMERA_3'],"{'CAMERA_1': [], 'CAMERA_2': [], 'CAMERA_3': ['effects', 'autofocus_points', 'preset_modes', 'settings', 'optical_zoom']}",C_QUESTION_ABOUT_FEATURE,CAMERA_3,optical_zoom,does it have optical zoom,S_NOT_SURE,CAMERA_3,,I'm not really sure about that,
427,10,CAMERA_3,['CAMERA_3'],"{'CAMERA_1': [], 'CAMERA_2': [], 'CAMERA_3': ['effects', 'autofocus_points', 'preset_modes', 'settings', 'optical_zoom', 'camera_type']}",C_QUESTION_ABOUT_FEATURE,CAMERA_3,camera_type,what kind of camera is this,S_ANSWERS_QUESTION_ABOUT_FEATURE,CAMERA_3,camera_type,This is a DSLR camera.,10~14
427,11,CAMERA_3,['CAMERA_3'],"{'CAMERA_1': [], 'CAMERA_2': [], 'CAMERA_3': ['effects', 'autofocus_points', 'preset_modes', 'settings', 'optical_zoom', 'camera_type', 'long_exposure']}",C_QUESTION_ABOUT_FEATURE,CAMERA_3,long_exposure,can it take long exposure shots,S_ANSWERS_QUESTION_ABOUT_FEATURE,CAMERA_3,long_exposure,"This one can take long exposures up to up to 30 seconds, bulb mode: expose as long as you want.",39~94
427,12,CAMERA_3,['CAMERA_3'],"{'CAMERA_1': [], 'CAMERA_2': [], 'CAMERA_3': ['effects', 'autofocus_points', 'preset_modes', 'settings', 'optical_zoom', 'camera_type', 'long_exposure', 'resolution']}",C_QUESTION_ABOUT_FEATURE,CAMERA_3,resolution,what is the resolution,S_NOT_SURE,CAMERA_3,,I'm not really sure about that,
427,13,NONE,['CAMERA_3'],"{'CAMERA_1': [], 'CAMERA_2': [], 'CAMERA_3': ['effects', 'autofocus_points', 'preset_modes', 'settings', 'optical_zoom', 'camera_type', 'long_exposure', 'resolution']}",C_THANK_YOU,CAMERA_3,NONE,thank you for your help,S_THANK_YOU,CAMERA_3,NONE,thank you very much,
427,14,NONE,['CAMERA_3'],"{'CAMERA_1': [], 'CAMERA_2': [], 'CAMERA_3': ['effects', 'autofocus_points', 'preset_modes', 'settings', 'optical_zoom', 'camera_type', 'long_exposure', 'resolution']}",C_LEAVES,DOOR,NONE,,S_RETURNS_TO_COUNTER,SERVICE_COUNTER,NONE,,
428,1,NONE,[],"{'CAMERA_1': [], 'CAMERA_2': [], 'CAMERA_3': []}",C_ENTERS,DOOR,NONE,,S_NONE,SERVICE_COUNTER,NONE,,
428,2,NONE,[],"{'CAMERA_1': [], 'CAMERA_2': [], 'CAMERA_3': []}",C_WALKS_TO_CAMERA,CAMERA_1,NONE,,S_NONE,SERVICE_COUNTER,NONE,,
428,3,NONE,[],"{'CAMERA_1': [], 'CAMERA_2': [], 'CAMERA_3': []}",C_EXAMINES_CAMERA,CAMERA_1,NONE,,S_GREETS,CAMERA_1,NONE,can I help you?,
428,4,CAMERA_1,['CAMERA_1'],"{'CAMERA_1': [], 'CAMERA_2': [], 'CAMERA_3': []}",C_LOOKING_FOR_A_CAMERA,CAMERA_1,NONE,I'm looking for a camera,S_INTRODUCES_CAMERA,CAMERA_1,,Let me show you this. Here we have the Nikon Coolpix S2800.,39~58
428,5,CAMERA_1,['CAMERA_1'],"{'CAMERA_1': ['sensor_size'], 'CAMERA_2': [], 'CAMERA_3': []}",C_QUESTION_ABOUT_FEATURE,CAMERA_1,sensor_size,what is the sensor size,S_NOT_SURE,CAMERA_1,,I'm not really sure about that,
428,6,CAMERA_1,['CAMERA_1'],"{'CAMERA_1': ['sensor_size', 'effects'], 'CAMERA_2': [], 'CAMERA_3': []}",C_SILENT_OR_BACKCHANNEL,CAMERA_1,NONE,alright,S_INTRODUCES_FEATURE,CAMERA_1,effects,"This one has 12 glamor retouch effects (e.g. skin softening, small face, big eyes).",13~82
428,7,CAMERA_2,"['CAMERA_1', 'CAMERA_2']","{'CAMERA_1': ['sensor_size', 'effects'], 'CAMERA_2': [], 'CAMERA_3': []}",C_ANYTHING_ELSE_AVAILABLE,CAMERA_1,NONE,ok do you have any other cameras,S_INTRODUCES_CAMERA,CAMERA_2,,Let me show you this. Here we have the Sony Alpha a6000.,39~55
428,8,CAMERA_2,"['CAMERA_1', 'CAMERA_2']","{'CAMERA_1': ['sensor_size', 'effects'], 'CAMERA_2': ['resolution'], 'CAMERA_3': []}",C_QUESTION_ABOUT_FEATURE,CAMERA_2,resolution,what is the resolution,S_NOT_SURE,CAMERA_2,,I'm not really sure about that,
428,9,CAMERA_2,"['CAMERA_1', 'CAMERA_2']","{'CAMERA_1': ['sensor_size', 'effects'], 'CAMERA_2': ['resolution', 'long_exposure'], 'CAMERA_3': []}",C_QUESTION_ABOUT_FEATURE,CAMERA_2,long_exposure,can it take long exposure shots,S_ANSWERS_QUESTION_ABOUT_FEATURE,CAMERA_2,long_exposure,This one can take long exposures up to up to 30 seconds.,39~55
428,10,CAMERA_2,"['CAMERA_1', 'CAMERA_2']","{'CAMERA_1': ['sensor_size', 'effects'], 'CAMERA_2': ['resolution', 'long_exposure', 'ISO'], 'CAMERA_3': []}",C_QUESTION_ABOUT_FEATURE,CAMERA_2,ISO,what is the ISO,S_ANSWERS_QUESTION_ABOUT_FEATURE,CAMERA_2,ISO,This one has up to 3200 ISO with little noise.,13~45
428,11,CAMERA_2,"['CAMERA_1', 'CAMERA_2']","{'CAMERA_1': ['sensor_size', 'effects'], 'CAMERA_2': ['resolution', 'long_exposure', 'ISO', 'effects'], 'CAMERA_3': []}",C_QUESTION_ABOUT_FEATURE,CAMERA_2,effects,does it have any effect modes,S_ANSWERS_QUESTION_ABOUT_FEATURE,CAMERA_2,effects,"This one has 13 artistic effect modes (e.g. toy camera, soft focus).",13~67
428,12,CAMERA_2,"['CAMERA_1', 'CAMERA_2']","{'CAMERA_1': ['sensor_size', 'effects'], 'CAMERA_2': ['resolution', 'long_exposure', 'ISO', 'effects', 'settings'], 'CAMERA_3': []}",C_SILENT_OR_BACKCHANNEL,CAMERA_2,NONE,okay,S_INTRODUCES_FEATURE,CAMERA_2,settings,This one has full manual control.,13~32
428,13,CAMERA_2,"['CAMERA_1', 'CAMERA_2']","{'CAMERA_1': ['sensor_size', 'effects'], 'CAMERA_2': ['resolution', 'long_exposure', 'ISO', 'effects', 'settings', 'price'], 'CAMERA_3': []}",C_SILENT_OR_BACKCHANNEL,CAMERA_2,NONE,alright,S_INTRODUCES_FEATURE,CAMERA_2,price,This one costs $1341.,15~20
428,14,CAMERA_2,"['CAMERA_1', 'CAMERA_2']","{'CAMERA_1': ['sensor_size', 'effects'], 'CAMERA_2': ['resolution', 'long_exposure', 'ISO', 'effects', 'settings', 'price', 'preset_modes'], 'CAMERA_3': []}",C_SILENT_OR_BACKCHANNEL,CAMERA_2,NONE,I see,S_INTRODUCES_FEATURE,CAMERA_2,preset_modes,"This one has 9 preset modes (e.g. beach, snow, night, portrait).",13~63
428,15,NONE,"['CAMERA_1', 'CAMERA_2']","{'CAMERA_1': ['sensor_size', 'effects'], 'CAMERA_2': ['resolution', 'long_exposure', 'ISO', 'effects', 'settings', 'price', 'preset_modes'], 'CAMERA_3': []}",C_THANK_YOU,CAMERA_2,NONE,thank you for your help,S_THANK_YOU,CAMERA_2,NONE,thank you very much,
428,16,NONE,"['CAMERA_1', 'CAMERA_2']","{'CAMERA_1': ['sensor_size', 'effects'], 'CAMERA_2': ['resolution', 'long_exposure', 'ISO', 'effects', 'settings', 'price', 'preset_modes'], 'CAMERA_3': []}",C_LEAVES,DOOR,NONE,,S_RETURNS_TO_COUNTER,SERVICE_COUNTER,NONE,,
429,1,NONE,[],"{'CAMERA_1': [], 'CAMERA_2': [], 'CAMERA_3': []}",C_ENTERS,DOOR,NONE,,S_NONE,SERVICE_COUNTER,NONE,,
429,2,NONE,[],"{'CAMERA_1': [], 'CAMERA_2': [], 'CAMERA_3': []}",C_GREETS,MIDDLE,NONE,hello,S_GREETS,MIDDLE,NONE,can I help you?,
429,3,CAMERA_1,['CAMERA_1'],"{'CAMERA_1': [], 'CAMERA_2': [], 'CAMERA_3': []}",C_LOOKING_FOR_A_CAMERA,MIDDLE,NONE,I'm looking for a camera,S_INTRODUCES_CAMERA,CAMERA_1,,Let me show you this. Here we have the Nikon Coolpix S2800.,39~58
429,4,CAMERA_1,['CAMERA_1'],"{'CAMERA_1': ['optical_zoom'], 'CAMERA_2': [], 'CAMERA_3': []}",C_SILENT_OR_BACKCHANNEL,CAMERA_1,NONE,alright,S_INTRODUCES_FEATURE,CAMERA_1,optical_zoom,This one has 5x optical zoom.,13~28
429,5,CAMERA_1,['CAMERA_1'],"{'CAMERA_1': ['optical_zoom', 'weight'], 'CAMERA_2': [], 'CAMERA_3': []}",C_SILENT_OR_BACKCHANNEL,CAMERA_1,NONE,alright,S_INTRODUCES_FEATURE,CAMERA_1,weight,This one weighs 120 grams.,16~25
429,6,CAMERA_1,['CAMERA_1'],"{'CAMERA_1': ['optical_zoom', 'weight', 'color'], 'CAMERA_2': [], 'CAMERA_3': []}",C_SILENT_OR_BACKCHANNEL,CAMERA_1,NONE,I see,S_INTRODUCES_FEATURE,CAMERA_1,color,"This one comes in purple, pink, black, silver, red.",18~50
429,7,CAMERA_2,"['CAMERA_1', 'CAMERA_2']","{'CAMERA_1': ['optical_zoom', 'weight', 'color'], 'CAMERA_2': [], 'CAMERA_3': []}",C_ANYTHING_ELSE_AVAILABLE,CAMERA_1,NONE,ok do you have any other cameras,S_INTRODUCES_CAMERA,CAMERA_2,,Let me show you this. Here we have the Sony Alpha a6000.,39~55
429,8,CAMERA_2,"['CAMERA_1', 'CAMERA_2']","{'CAMERA_1': ['optical_zoom', 'weight', 'color'], 'CAMERA_2': ['color'], 'CAMERA_3': []}",C_QUESTION_ABOUT_FEATURE,CAMERA_2,color,what colors does this one come in,S_ANSWERS_QUESTION_ABOUT_FEATURE,CAMERA_2,color,"This one comes in white, silver, black.",18~38
429,9,NONE,"['CAMERA_1', 'CAMERA_2']","{'CAMERA_1': ['optical_zoom', 'weight', 'color'], 'CAMERA_2': ['color'], 'CAMERA_3': []}",C_THANK_YOU,CAMERA_2,NONE,thank you for your help,S_THANK_YOU,CAMERA_2,NONE,thank you very much,
429,10,NONE,"['CAMERA_1', 'CAMERA_2']","{'CAMERA_1': ['optical_zoom', 'weight', 'color'], 'CAMERA_2': ['color'], 'CAMERA_3': []}",C_LEAVES,DOOR,NONE,,S_RETURNS_TO_COUNTER,SERVICE_COUNTER,NONE,,
430,1,NONE,[],"{'CAMERA_1': [], 'CAMERA_2': [], 'CAMERA_3': []}",C_ENTERS,DOOR,NONE,,S_NONE,SERVICE_COUNTER,NONE,,
430,2,NONE,[],"{'CAMERA_1': [], 'CAMERA_2': [], 'CAMERA_3': []}",C_GREETS,MIDDLE,NONE,hello,S_GREETS,MIDDLE,NONE,can I help you?,
430,3,CAMERA_1,['CAMERA_1'],"{'CAMERA_1': [], 'CAMERA_2': [], 'CAMERA_3': []}",C_LOOKING_FOR_A_CAMERA,MIDDLE,NONE,I'm looking for a camera,S_INTRODUCES_CAMERA,CAMERA_1,,Let me show you this. Here we have the Nikon Coolpix S2800.,39~58
430,4,CAMERA_1,['CAMERA_1'],"{'CAMERA_1': ['autofocus_points'], 'CAMERA_2': [], 'CAMERA_3': []}",C_QUESTION_ABOUT_FEATURE,CAMERA_1,autofocus_points,how many autofocus points does it have,S_NOT_SURE,CAMERA_1,,I'm not really sure about that,
430,5,CAMERA_1,['CAMERA_1'],"{'CAMERA_1': ['autofocus_points', 'settings'], 'CAMERA_2': [], 'CAMERA_3': []}",C_QUESTION_ABOUT_FEATURE,CAMERA_1,settings,what kind of settings does it have,S_ANSWERS_QUESTION_ABOUT_FEATURE,CAMERA_1,settings,This one has limited manual settings.,13~36
430,6,CAMERA_1,['CAMERA_1'],"{'CAMERA_1': ['autofocus_points', 'settings', 'optical_zoom'], 'CAMERA_2': [], 'CAMERA_3': []}",C_QUESTION_ABOUT_FEATURE,CAMERA_1,optical_zoom,does it have optical zoom,S_ANSWERS_QUESTION_ABOUT_FEATURE,CAMERA_1,optical_zoom,This one has 5x optical zoom.,13~28
430,7,CAMERA_1,['CAMERA_1'],"{'CAMERA_1': ['autofocus_points', 'settings', 'optical_zoom', 'preset_modes'], 'CAMERA_2': [], 'CAMERA_3': []}",C_SILENT_OR_BACKCHANNEL,CAMERA_1,NONE,alright,S_INTRODUCES_FEATURE,CAMERA_1,preset_modes,"This one has 18 preset modes (e.g. beach, snow, night portrait).",13~63
430,8,CAMERA_1,['CAMERA_1'],"{'CAMERA_1': ['autofocus_points', 'settings', 'optical_zoom', 'preset_modes', 'resolution'], 'CAMERA_2': [], 'CAMERA_3': []}",C_SILENT_OR_BACKCHANNEL,CAMERA_1,NONE,alright,S_INTRODUCES_FEATURE,CAMERA_1,resolution,This one has 20.1 megapixels resolution.,13~28
430,9,CAMERA_1,['CAMERA_1'],"{'CAMERA_1': ['autofocus_points', 'settings', 'optical_zoom', 'preset_modes', 'resolution', 'color'], 'CAMERA_2': [], 'CAMERA_3': []}",C_QUESTION_ABOUT_FEATURE,CAMERA_1,color,what colors does this one come in,S_ANSWERS_QUESTION_ABOUT_FEATURE,CAMERA_1,color,"This one comes in purple, pink, black, silver, red.",18~50
430,10,CAMERA_2,"['CAMERA_1', 'CAMERA_2']","{'CAMERA_1': ['autofocus_points', 'settings', 'optical_zoom', 'preset_modes', 'resolution', 'color'], 'CAMERA_2': [], 'CAMERA_3': []}",C_ANYTHING_ELSE_AVAILABLE,CAMERA_1,NONE,ok do you have any other cameras,S_INTRODUCES_CAMERA,CAMERA_2,,Let me show you this. Here we have the Sony Alpha a6000.,39~55
430,11,CAMERA_2,"['CAMERA_1', 'CAMERA_2']","{'CAMERA_1': ['autofocus_points', 'settings', 'optical_zoom', 'preset_modes', 'resolution', 'color'], 'CAMERA_2': ['effects'], 'CAMERA_3': []}",C_SILENT_OR_BACKCHANNEL,CAMERA_2,NONE,okay,S_INTRODUCES_FEATURE,CAMERA_2,effects,"This one has 13 artistic effect modes (e.g. toy camera, soft focus).",13~67
430,12,CAMERA_2,"['CAMERA_1', 'CAMERA_2']","{'CAMERA_1': ['autofocus_points', 'settings', 'optical_zoom', 'preset_modes', 'resolution', 'color'], 'CAMERA_2': ['effects', 'long_exposure'], 'CAMERA_3': []}",C_QUESTION_ABOUT_FEATURE,CAMERA_2,long_exposure,can it take long exposure shots,S_ANSWERS_QUESTION_ABOUT_FEATURE,CAMERA_2,long_exposure,This one can take long exposures up to up to 30 seconds.,39~55
430,13,CAMERA_2,"['CAMERA_1', 'CAMERA_2']","{'CAMERA_1': ['autofocus_points', 'settings', 'optical_zoom', 'preset_modes', 'resolution', 'color'], 'CAMERA_2': ['effects', 'long_exposure', 'camera_type'], 'CAMERA_3': []}",C_QUESTION_ABOUT_FEATURE,CAMERA_2,camera_type,what kind of camera is this,S_ANSWERS_QUESTION_ABOUT_FEATURE,CAMERA_2,camera_type,This is a mirrorless camera.,10~20
430,14,CAMERA_3,"['CAMERA_1', 'CAMERA_2', 'CAMERA_3']","{'CAMERA_1': ['autofocus_points', 'settings', 'optical_zoom', 'preset_modes', 'resolution', 'color'], 'CAMERA_2': ['effects', 'long_exposure', 'camera_type'], 'CAMERA_3': []}",C_ANYTHING_ELSE_AVAILABLE,CAMERA_2,NONE,ok do you have any other cameras,S_INTRODUCES_CAMERA,CAMERA_3,,Let me show you this. Here we have the Canon EOS 5D Mark III.,39~60
430,15,CAMERA_3,"['CAMERA_1', 'CAMERA_2', 'CAMERA_3']","{'CAMERA_1': ['autofocus_points', 'settings', 'optical_zoom', 'preset_modes', 'resolution', 'color'], 'CAMERA_2': ['effects', 'long_exposure', 'camera_type'], 'CAMERA_3': ['color']}",C_QUESTION_ABOUT_FEATURE,CAMERA_3,color,what colors does this one come in,S_ANSWERS_QUESTION_ABOUT_FEATURE,CAMERA_3,color,This one comes in black.,18~23
430,16,CAMERA_3,"['CAMERA_1', 'CAMERA_2', 'CAMERA_3']","{'CAMERA_1': ['autofocus_points', 'settings', 'optical_zoom', 'preset_modes', 'resolution', 'color'], 'CAMERA_2': ['effects', 'long_exposure', 'camera_type'], 'CAMERA_3': ['color', 'sensor_size']}",C_SILENT_OR_BACKCHANNEL,CAMERA_3,NONE,I see,S_INTRODUCES_FEATURE,CAMERA_3,sensor_size,This one has a full frame.,15~25
430,17,,"['CAMERA_1', 'CAMERA_2', 'CAMERA_3']","{'CAMERA_1': ['autofocus_points', 'settings', 'optical_zoom', 'preset_modes', 'resolution', 'color'], 'CAMERA_2': ['effects', 'long_exposure', 'camera_type'], 'CAMERA_3': ['color', 'sensor_size']}",C_ANYTHING_ELSE_AVAILABLE,CAMERA_3,NONE,ok do you have any other cameras,S_THATS_ALL_WE_HAVE_AVAILABLE,CAMERA_3,,That’s all we have available at the moment.,
430,18,NONE,"['CAMERA_1', 'CAMERA_2', 'CAMERA_3']","{'CAMERA_1': ['autofocus_points', 'settings', 'optical_zoom', 'preset_modes', 'resolution', 'color'], 'CAMERA_2': ['effects', 'long_exposure', 'camera_type'], 'CAMERA_3': ['color', 'sensor_size']}",C_THANK_YOU,CAMERA_3,NONE,thank you for your help,S_THANK_YOU,CAMERA_3,NONE,thank you very much,
430,19,NONE,"['CAMERA_1', 'CAMERA_2', 'CAMERA_3']","{'CAMERA_1': ['autofocus_points', 'settings', 'optical_zoom', 'preset_modes', 'resolution', 'color'], 'CAMERA_2': ['effects', 'long_exposure', 'camera_type'], 'CAMERA_3': ['color', 'sensor_size']}",C_LEAVES,DOOR,NONE,,S_RETURNS_TO_COUNTER,SERVICE_COUNTER,NONE,,
431,1,NONE,[],"{'CAMERA_1': [], 'CAMERA_2': [], 'CAMERA_3': []}",C_ENTERS,DOOR,NONE,,S_NONE,SERVICE_COUNTER,NONE,,
431,2,NONE,[],"{'CAMERA_1': [], 'CAMERA_2': [], 'CAMERA_3': []}",C_WALKS_TO_CAMERA,CAMERA_1,NONE,,S_GREETS,CAMERA_1,NONE,can I help you?,
431,3,CAMERA_1,['CAMERA_1'],"{'CAMERA_1': [], 'CAMERA_2': [], 'CAMERA_3': []}",C_LOOKING_FOR_A_CAMERA,CAMERA_1,NONE,I'm looking for a camera,S_INTRODUCES_CAMERA,CAMERA_1,,Let me show you this. Here we have the Nikon Coolpix S2800.,39~58
431,4,CAMERA_1,['CAMERA_1'],"{'CAMERA_1': ['preset_modes'], 'CAMERA_2': [], 'CAMERA_3': []}",C_SILENT_OR_BACKCHANNEL,CAMERA_1,NONE,okay,S_INTRODUCES_FEATURE,CAMERA_1,preset_modes,"This one has 18 preset modes (e.g. beach, snow, night portrait).",13~63
431,5,NONE,['CAMERA_1'],"{'CAMERA_1': ['preset_modes'], 'CAMERA_2': [], 'CAMERA_3': []}",C_THANK_YOU,CAMERA_1,NONE,thank you for your help,S_THANK_YOU,CAMERA_1,NONE,thank you very much,
431,6,NONE,['CAMERA_1'],"{'CAMERA_1': ['preset_modes'], 'CAMERA_2': [], 'CAMERA_3': []}",C_LEAVES,DOOR,NONE,,S_RETURNS_TO_COUNTER,SERVICE_COUNTER,NONE,,
432,1,NONE,[],"{'CAMERA_1': [], 'CAMERA_2': [], 'CAMERA_3': []}",C_ENTERS,DOOR,NONE,,S_NONE,SERVICE_COUNTER,NONE,,
432,2,NONE,[],"{'CAMERA_1': [], 'CAMERA_2': [], 'CAMERA_3': []}",C_WALKS_TO_CAMERA,CAMERA_1,NONE,,S_NONE,SERVICE_COUNTER,NONE,,
432,3,CAMERA_1,['CAMERA_1'],"{'CAMERA_1': ['camera_type'], 'CAMERA_2': [], 'CAMERA_3': []}",C_QUESTION_ABOUT_FEATURE,CAMERA_1,camera_type,what kind of camera is this,S_ANSWERS_QUESTION_ABOUT_FEATURE,CAMERA_1,camera_type,This is a point and shoot camera.,10~25
432,4,CAMERA_1,['CAMERA_1'],"{'CAMERA_1': ['camera_type', 'weight'], 'CAMERA_2': [], 'CAMERA_3': []}",C_QUESTION_ABOUT_FEATURE,CAMERA_1,weight,how much does this one weigh,S_ANSWERS_QUESTION_ABOUT_FEATURE,CAMERA_1,weight,This one weighs 120 grams.,16~25
432,5,CAMERA_1,['CAMERA_1'],"{'CAMERA_1': ['camera_type', 'weight', 'effects'], 'CAMERA_2': [], 'CAMERA_3': []}",C_SILENT_OR_BACKCHANNEL,CAMERA_1,NONE,alright,S_INTRODUCES_FEATURE,CAMERA_1,effects,"This one has 12 glamor retouch effects (e.g. skin softening, small face, big eyes).",13~82
432,6,CAMERA_1,['CAMERA_1'],"{'CAMERA_1': ['camera_type', 'weight', 'effects', 'resolution'], 'CAMERA_2': [], 'CAMERA_3': []}",C_SILENT_OR_BACKCHANNEL,CAMERA_1,NONE,okay,S_INTRODUCES_FEATURE,CAMERA_1,resolution,This one has 20.1 megapixels resolution.,13~28
432,7,CAMERA_1,['CAMERA_1'],"{'CAMERA_1': ['camera_type', 'weight', 'effects', 'resolution', 'color'], 'CAMERA_2': [], 'CAMERA_3': []}",C_SILENT_OR_BACKCHANNEL,CAMERA_1,NONE,alright,S_INTRODUCES_FEATURE,CAMERA_1,color,"This one comes in purple, pink, black, silver, red.",18~50
432,8,NONE,['CAMERA_1'],"{'CAMERA_1': ['camera_type', 'weight', 'effects', 'resolution', 'color'], 'CAMERA_2': [], 'CAMERA_3': []}",C_THANK_YOU,CAMERA_1,NONE,thank you for your help,S_THANK_YOU,CAMERA_1,NONE,thank you very much,
432,9,NONE,['CAMERA_1'],"{'CAMERA_1': ['camera_type', 'weight', 'effects', 'resolution', 'color'], 'CAMERA_2': [], 'CAMERA_3': []}",C_LEAVES,DOOR,NONE,,S_RETURNS_TO_COUNTER,SERVICE_COUNTER,NONE,,
433,1,NONE,[],"{'CAMERA_1': [], 'CAMERA_2': [], 'CAMERA_3': []}",C_ENTERS,DOOR,NONE,,S_NONE,SERVICE_COUNTER,NONE,,
433,2,NONE,[],"{'CAMERA_1': [], 'CAMERA_2': [], 'CAMERA_3': []}",C_GREETS,MIDDLE,NONE,hello,S_GREETS,MIDDLE,NONE,can I help you?,
433,3,CAMERA_1,['CAMERA_1'],"{'CAMERA_1': [], 'CAMERA_2': [], 'CAMERA_3': []}",C_LOOKING_FOR_A_CAMERA,MIDDLE,NONE,I'm looking for a camera,S_INTRODUCES_CAMERA,CAMERA_1,,Let me show you this. Here we have the Nikon Coolpix S2800.,39~58
433,4,CAMERA_1,['CAMERA_1'],"{'CAMERA_1': ['camera_type'], 'CAMERA_2': [], 'CAMERA_3': []}",C_QUESTION_ABOUT_FEATURE,CAMERA_1,camera_type,what kind of camera is this,S_ANSWERS_QUESTION_ABOUT_FEATURE,CAMERA_1,camera_type,This is a point and shoot camera.,10~25
433,5,CAMERA_1,['CAMERA_1'],"{'CAMERA_1': ['camera_type', 'sensor_size'], 'CAMERA_2': [], 'CAMERA_3': []}",C_QUESTION_ABOUT_FEATURE,CAMERA_1,sensor_size,what is the sensor size,S_NOT_SURE,CAMERA_1,,I'm not really sure about that,
433,6,CAMERA_1,['CAMERA_1'],"{'CAMERA_1': ['camera_type', 'sensor_size', 'resolution'], 'CAMERA_2': [], 'CAMERA_3': []}",C_SILENT_OR_BACKCHANNEL,CAMERA_1,NONE,alright,S_INTRODUCES_FEATURE,CAMERA_1,resolution,This one has 20.1 megapixels resolution.,13~28
433,7,CAMERA_1,['CAMERA_1'],"{'CAMERA_1': ['camera_type', 'sensor_size', 'resolution', 'effects'], 'CAMERA_2': [], 'CAMERA_3': []}",C_SILENT_OR_BACKCHANNEL,CAMERA_1,NONE,I see,S_INTRODUCES_FEATURE,CAMERA_1,effects,"This one has 12 glamor retouch effects (e.g. skin softening, small face, big eyes).",13~82
433,8,CAMERA_1,['CAMERA_1'],"{'CAMERA_1': ['camera_type', 'sensor_size', 'resolution', 'effects', 'settings'], 'CAMERA_2': [], 'CAMERA_3': []}",C_SILENT_OR_BACKCHANNEL,CAMERA_1,NONE,alright,S_INTRODUCES_FEATURE,CAMERA_1,settings,This one has limited manual settings.,13~36
433,9,CAMERA_1,['CAMERA_1'],"{'CAMERA_1': ['camera_type', 'sensor_size', 'resolution', 'effects', 'settings', 'color'], 'CAMERA_2': [], 'CAMERA_3': []}",C_SILENT_OR_BACKCHANNEL,CAMERA_1,NONE,okay,S_INTRODUCES_FEATURE,CAMERA_1,color,"This one comes in purple, pink, black, silver, red.",18~50
433,10,CAMERA_1,['CAMERA_1'],"{'CAMERA_1': ['camera_type', 'sensor_size', 'resolution', 'effects', 'settings', 'color', 'optical_zoom'], 'CAMERA_2': [], 'CAMERA_3': []}",C_QUESTION_ABOUT_FEATURE,CAMERA_1,optical_zoom,does it have optical zoom,S_ANSWERS_QUESTION_ABOUT_FEATURE,CAMERA_1,optical_zoom,This one has 5x optical zoom.,13~28
433,11,CAMERA_1,['CAMERA_1'],"{'CAMERA_1': ['camera_type', 'sensor_size', 'resolution', 'effects', 'settings', 'color', 'optical_zoom', 'ISO'], 'CAMERA_2': [], 'CAMERA_3': []}",C_QUESTION_ABOUT_FEATURE,CAMERA_1,ISO,what is the ISO,S_NOT_SURE,CAMERA_1,,I'm not really sure about that,
433,12,CAMERA_1,['CAMERA_1'],"{'CAMERA_1': ['camera_type', 'sensor_size', 'resolution', 'effects', 'settings', 'color', 'optical_zoom', 'ISO', 'price'], 'CAMERA_2': [], 'CAMERA_3': []}",C_QUESTION_ABOUT_FEATURE,CAMERA_1,price,how much does it cost,S_ANSWERS_QUESTION_ABOUT_FEATURE,CAMERA_1,price,This one costs $2173.,15~20
433,13,NONE,['CAMERA_1'],"{'CAMERA_1': ['camera_type', 'sensor_size', 'resolution', 'effects', 'settings', 'color', 'optical_zoom', 'ISO', 'price'], 'CAMERA_2': [], 'CAMERA_3': []}",C_THANK_YOU,CAMERA_1,NONE,thank you for your help,S_THANK_YOU,CAMERA_1,NONE,thank you very much,
433,14,NONE,['CAMERA_1'],"{'CAMERA_1': ['camera_type', 'sensor_size', 'resolution', 'effects', 'settings', 'color', 'optical_zoom', 'ISO', 'price'], 'CAMERA_2': [], 'CAMERA_3': []}",C_LEAVES,DOOR,NONE,,S_RETURNS_TO_COUNTER,SERVICE_COUNTER,NONE,,
434,1,NONE,[],"{'CAMERA_1': [], 'CAMERA_2': [], 'CAMERA_3': []}",C_ENTERS,DOOR,NONE,,S_NONE,SERVICE_COUNTER,NONE,,
434,2,NONE,[],"{'CAMERA_1': [], 'CAMERA_2': [], 'CAMERA_3': []}",C_GREETS,MIDDLE,NONE,hello,S_GREETS,MIDDLE,NONE,can I help you?,
434,3,CAMERA_3,['CAMERA_3'],"{'CAMERA_1': [], 'CAMERA_2': [], 'CAMERA_3': []}",C_LOOKING_FOR_A_CAMERA,MIDDLE,NONE,I'm looking for a camera,S_INTRODUCES_CAMERA,CAMERA_3,,Let me show you this. Here we have the Canon EOS 5D Mark III.,39~60
434,4,CAMERA_3,['CAMERA_3'],"{'CAMERA_1': [], 'CAMERA_2': [], 'CAMERA_3': ['settings']}",C_QUESTION_ABOUT_FEATURE,CAMERA_3,settings,what kind of settings does it have,S_ANSWERS_QUESTION_ABOUT_FEATURE,CAMERA_3,settings,This one has full manual control.,13~32
434,5,CAMERA_3,['CAMERA_3'],"{'CAMERA_1': [], 'CAMERA_2': [], 'CAMERA_3': ['settings', 'autofocus_points']}",C_QUESTION_ABOUT_FEATURE,CAMERA_3,autofocus_points,how many autofocus points does it have,S_ANSWERS_QUESTION_ABOUT_FEATURE,CAMERA_3,autofocus_points,This one has 61 autofocus points.,13~32
434,6,CAMERA_3,['CAMERA_3'],"{'CAMERA_1': [], 'CAMERA_2': [], 'CAMERA_3': ['settings', 'autofocus_points', 'weight']}",C_SILENT_OR_BACKCHANNEL,CAMERA_3,NONE,okay,S_INTRODUCES_FEATURE,CAMERA_3,weight,This one weighs 950 grams (only body).,16~37
434,7,CAMERA_3,['CAMERA_3'],"{'CAMERA_1': [], 'CAMERA_2': [], 'CAMERA_3': ['settings', 'autofocus_points', 'weight', 'effects']}",C_QUESTION_ABOUT_FEATURE,CAMERA_3,effects,does it have any effect modes,S_NOT_SURE,CAMERA_3,,I'm not really sure about that,
434,8,CAMERA_3,['CAMERA_3'],"{'CAMERA_1': [], 'CAMERA_2': [], 'CAMERA_3': ['settings', 'autofocus_points', 'weight', 'effects', 'long_exposure']}",C_SILENT_OR_BACKCHANNEL,CAMERA_3,NONE,alright,S_INTRODUCES_FEATURE,CAMERA_3,long_exposure,"This one can take long exposures up to up to 30 seconds, bulb mode: expose as long as you want.",39~94
434,9,CAMERA_3,['CAMERA_3'],"{'CAMERA_1': [], 'CAMERA_2': [], 'CAMERA_3': ['settings', 'autofocus_points', 'weight', 'effects', 'long_exposure', 'ISO']}",C_SILENT_OR_BACKCHANNEL,CAMERA_3,NONE,alright,S_INTRODUCES_FEATURE,CAMERA_3,ISO,This one has up to 6400 ISO with little noise.,13~45
434,10,CAMERA_3,['CAMERA_3'],"{'CAMERA_1': [], 'CAMERA_2': [], 'CAMERA_3': ['settings', 'autofocus_points', 'weight', 'effects', 'long_exposure', 'ISO', 'color']}",C_SILENT_OR_BACKCHANNEL,CAMERA_3,NONE,I see,S_INTRODUCES_FEATURE,CAMERA_3,color,This one comes in black.,18~23
434,11,CAMERA_2,"['CAMERA_3', 'CAMERA_2']","{'CAMERA_1': [], 'CAMERA_2': [], 'CAMERA_3': ['settings', 'autofocus_points', 'weight', 'effects', 'long_exposure', 'ISO', 'color']}",C_ANYTHING_ELSE_AVAILABLE,CAMERA_3,NONE,ok do you have any other cameras,S_INTRODUCES_CAMERA,CAMERA_2,,Let me show you this. Here we have the Sony Alpha a6000.,39~55
434,12,CAMERA_2,"['CAMERA_3', 'CAMERA_2']","{'CAMERA_1': [], 'CAMERA_2': ['camera_type'], 'CAMERA_3': ['settings', 'autofocus_points', 'weight', 'effects', 'long_exposure', 'ISO', 'color']}",C_QUESTION_ABOUT_FEATURE,CAMERA_2,camera_type,what kind of camera is this,S_ANSWERS_QUESTION_ABOUT_FEATURE,CAMERA_2,camera_type,This is a mirrorless camera.,10~20
434,13,CAMERA_2,"['CAMERA_3', 'CAMERA_2']","{'CAMERA_1': [], 'CAMERA_2': ['camera_type', 'resolution'], 'CAMERA_3': ['settings', 'autofocus_points', 'weight', 'effects', 'long_exposure', 'ISO', 'color']}",C_QUESTION_ABOUT_FEATURE,CAMERA_2,resolution,what is the resolution,S_NOT_SURE,CAMERA_2,,I'm not really sure about that,
434,14,CAMERA_2,"['CAMERA_3', 'CAMERA_2']","{'CAMERA_1': [], 'CAMERA_2': ['camera_type', 'resolution', 'sensor_size'], 'CAMERA_3': ['settings', 'autofocus_points', 'weight', 'effects', 'long_exposure', 'ISO', 'color']}",C_QUESTION_ABOUT_FEATURE,CAMERA_2,sensor_size,what is the sensor size,S_ANSWERS_QUESTION_ABOUT_FEATURE,CAMERA_2,sensor_size,This one has a APS-C sensor (crop sensor).,15~41
434,15,CAMERA_1,"['CAMERA_3', 'CAMERA_2', 'CAMERA_1']","{'CAMERA_1': [], 'CAMERA_2': ['camera_type', 'resolution', 'sensor_size'], 'CAMERA_3': ['settings', 'autofocus_points', 'weight', 'effects', 'long_exposure', 'ISO', 'color']}",C_ANYTHING_ELSE_AVAILABLE,CAMERA_2,NONE,ok do you have any other cameras,S_INTRODUCES_CAMERA,CAMERA_1,,Let me show you this. Here we have the Nikon Coolpix S2800.,39~58
434,16,CAMERA_1,"['CAMERA_3', 'CAMERA_2', 'CAMERA_1']","{'CAMERA_1': ['effects'], 'CAMERA_2': ['camera_type', 'resolution', 'sensor_size'], 'CAMERA_3': ['settings', 'autofocus_points', 'weight', 'effects', 'long_exposure', 'ISO', 'color']}",C_SILENT_OR_BACKCHANNEL,CAMERA_1,NONE,alright,S_INTRODUCES_FEATURE,CAMERA_1,effects,"This one has 12 glamor retouch effects (e.g. skin softening, small face, big eyes).",13~82
434,17,CAMERA_1,"['CAMERA_3', 'CAMERA_2', 'CAMERA_1']","{'CAMERA_1': ['effects', 'autofocus_points'], 'CAMERA_2': ['camera_type', 'resolution', 'sensor_size'], 'CAMERA_3': ['settings', 'autofocus_points', 'weight', 'effects', 'long_exposure', 'ISO', 'color']}",C_QUESTION_ABOUT_FEATURE,CAMERA_1,autofocus_points,how many autofocus points does it have,S_NOT_SURE,CAMERA_1,,I'm not really sure about that,
434,18,CAMERA_1,"['CAMERA_3', 'CAMERA_2', 'CAMERA_1']","{'CAMERA_1': ['effects', 'autofocus_points', 'camera_type'], 'CAMERA_2': ['camera_type', 'resolution', 'sensor_size'], 'CAMERA_3': ['settings', 'autofocus_points', 'weight', 'effects', 'long_exposure', 'ISO', 'color']}",C_SILENT_OR_BACKCHANNEL,CAMERA_1,NONE,alright,S_INTRODUCES_FEATURE,CAMERA_1,camera_type,This is a point and shoot camera.,10~25
434,19,CAMERA_1,"['CAMERA_3', 'CAMERA_2', 'CAMERA_1']","{'CAMERA_1': ['effects', 'autofocus_points', 'camera_type', 'weight'], 'CAMERA_2': ['camera_type', 'resolution', 'sensor_size'], 'CAMERA_3': ['settings', 'autofocus_points', 'weight', 'effects', 'long_exposure', 'ISO', 'color']}",C_SILENT_OR_BACKCHANNEL,CAMERA_1,NONE,alright,S_INTRODUCES_FEATURE,CAMERA_1,weight,This one weighs 120 grams.,16~25
434,20,CAMERA_1,"['CAMERA_3', 'CAMERA_2', 'CAMERA_1']","{'CAMERA_1': ['effects', 'autofocus_points', 'camera_type', 'weight', 'price'], 'CAMERA_2': ['camera_type', 'resolution', 'sensor_size'], 'CAMERA_3': ['settings', 'autofocus_points', 'weight', 'effects', 'long_exposure', 'ISO', 'color']}",C_SILENT_OR_BACKCHANNEL,CAMERA_1,NONE,I see,S_INTRODUCES_FEATURE,CAMERA_1,price,This one costs $2173.,15~20
434,21,CAMERA_1,"['CAMERA_3', 'CAMERA_2', 'CAMERA_1']","{'CAMERA_1': ['effects', 'autofocus_points', 'camera_type', 'weight', 'price', 'preset_modes'], 'CAMERA_2': ['camera_type', 'resolution', 'sensor_size'], 'CAMERA_3': ['settings', 'autofocus_points', 'weight', 'effects', 'long_exposure', 'ISO', 'color']}",C_SILENT_OR_BACKCHANNEL,CAMERA_1,NONE,okay,S_INTRODUCES_FEATURE,CAMERA_1,preset_modes,"This one has 18 preset modes (e.g. beach, snow, night portrait).",13~63
434,22,NONE,"['CAMERA_3', 'CAMERA_2', 'CAMERA_1']","{'CAMERA_1': ['effects', 'autofocus_points', 'camera_type', 'weight', 'price', 'preset_modes'], 'CAMERA_2': ['camera_type', 'resolution', 'sensor_size'], 'CAMERA_3': ['settings', 'autofocus_points', 'weight', 'effects', 'long_exposure', 'ISO', 'color']}",C_THANK_YOU,CAMERA_1,NONE,thank you for your help,S_THANK_YOU,CAMERA_1,NONE,thank you very much,
434,23,NONE,"['CAMERA_3', 'CAMERA_2', 'CAMERA_1']","{'CAMERA_1': ['effects', 'autofocus_points', 'camera_type', 'weight', 'price', 'preset_modes'], 'CAMERA_2': ['camera_type', 'resolution', 'sensor_size'], 'CAMERA_3': ['settings', 'autofocus_points', 'weight', 'effects', 'long_exposure', 'ISO', 'color']}",C_LEAVES,DOOR,NONE,,S_RETURNS_TO_COUNTER,SERVICE_COUNTER,NONE,,
435,1,NONE,[],"{'CAMERA_1': [], 'CAMERA_2': [], 'CAMERA_3': []}",C_ENTERS,DOOR,NONE,,S_NONE,SERVICE_COUNTER,NONE,,
435,2,NONE,[],"{'CAMERA_1': [], 'CAMERA_2': [], 'CAMERA_3': []}",C_GREETS,MIDDLE,NONE,hello,S_GREETS,MIDDLE,NONE,can I help you?,
435,3,CAMERA_2,['CAMERA_2'],"{'CAMERA_1': [], 'CAMERA_2': [], 'CAMERA_3': []}",C_LOOKING_FOR_A_CAMERA,MIDDLE,NONE,I'm looking for a camera,S_INTRODUCES_CAMERA,CAMERA_2,,Let me show you this. Here we have the Sony Alpha a6000.,39~55
435,4,CAMERA_2,['CAMERA_2'],"{'CAMERA_1': [], 'CAMERA_2': ['effects'], 'CAMERA_3': []}",C_SILENT_OR_BACKCHANNEL,CAMERA_2,NONE,alright,S_INTRODUCES_FEATURE,CAMERA_2,effects,"This one has 13 artistic effect modes (e.g. toy camera, soft focus).",13~67
435,5,CAMERA_2,['CAMERA_2'],"{'CAMERA_1': [], 'CAMERA_2': ['effects', 'settings'], 'CAMERA_3': []}",C_QUESTION_ABOUT_FEATURE,CAMERA_2,settings,what kind of settings does it have,S_ANSWERS_QUESTION_ABOUT_FEATURE,CAMERA_2,settings,This one has full manual control.,13~32
435,6,CAMERA_2,['CAMERA_2'],"{'CAMERA_1': [], 'CAMERA_2': ['effects', 'settings', 'ISO'], 'CAMERA_3': []}",C_QUESTION_ABOUT_FEATURE,CAMERA_2,ISO,what is the ISO,S_ANSWERS_QUESTION_ABOUT_FEATURE,CAMERA_2,ISO,This one has up to 3200 ISO with little noise.,13~45
435,7,NONE,['CAMERA_2'],"{'CAMERA_1': [], 'CAMERA_2': ['effects', 'settings', 'ISO'], 'CAMERA_3': []}",C_THANK_YOU,CAMERA_2,NONE,thank you for your help,S_THANK_YOU,CAMERA_2,NONE,thank you very much,
435,8,NONE,['CAMERA_2'],"{'CAMERA_1': [], 'CAMERA_2': ['effects', 'settings', 'ISO'], 'CAMERA_3': []}",C_LEAVES,DOOR,NONE,,S_RETURNS_TO_COUNTER,SERVICE_COUNTER,NONE,,
436,1,NONE,[],"{'CAMERA_1': [], 'CAMERA_2': [], 'CAMERA_3': []}",C_ENTERS,DOOR,NONE,,S_NONE,SERVICE_COUNTER,NONE,,
436,2,NONE,[],"{'CAMERA_1': [], 'CAMERA_2': [], 'CAMERA_3': []}",C_GREETS,MIDDLE,NONE,hello,S_GREETS,MIDDLE,NONE,can I help you?,
436,3,CAMERA_3,['CAMERA_3'],"{'CAMERA_1': [], 'CAMERA_2': [], 'CAMERA_3': []}",C_LOOKING_FOR_A_CAMERA,MIDDLE,NONE,I'm looking for a camera,S_INTRODUCES_CAMERA,CAMERA_3,,Let me show you this. Here we have the Canon EOS 5D Mark III.,39~60
436,4,CAMERA_3,['CAMERA_3'],"{'CAMERA_1': [], 'CAMERA_2': [], 'CAMERA_3': ['weight']}",C_SILENT_OR_BACKCHANNEL,CAMERA_3,NONE,alright,S_INTRODUCES_FEATURE,CAMERA_3,weight,This one weighs 950 grams (only body).,16~37
436,5,CAMERA_3,['CAMERA_3'],"{'CAMERA_1': [], 'CAMERA_2': [], 'CAMERA_3': ['weight', 'sensor_size']}",C_QUESTION_ABOUT_FEATURE,CAMERA_3,sensor_size,what is the sensor size,S_ANSWERS_QUESTION_ABOUT_FEATURE,CAMERA_3,sensor_size,This one has a full frame.,15~25
436,6,CAMERA_3,['CAMERA_3'],"{'CAMERA_1': [], 'CAMERA_2': [], 'CAMERA_3': ['weight', 'sensor_size', 'settings']}",C_QUESTION_ABOUT_FEATURE,CAMERA_3,settings,what kind of settings does it have,S_ANSWERS_QUESTION_ABOUT_FEATURE,CAMERA_3,settings,This one has full manual control.,13~32
436,7,NONE,['CAMERA_3'],"{'CAMERA_1': [], 'CAMERA_2': [], 'CAMERA_3': ['weight', 'sensor_size', 'settings']}",C_THANK_YOU,CAMERA_3,NONE,thank you for your help,S_THANK_YOU,CAMERA_3,NONE,thank you very much,
436,8,NONE,['CAMERA_3'],"{'CAMERA_1': [], 'CAMERA_2': [], 'CAMERA_3': ['weight', 'sensor_size', 'settings']}",C_LEAVES,DOOR,NONE,,S_RETURNS_TO_COUNTER,SERVICE_COUNTER,NONE,,
437,1,NONE,[],"{'CAMERA_1': [], 'CAMERA_2': [], 'CAMERA_3': []}",C_ENTERS,DOOR,NONE,,S_NONE,SERVICE_COUNTER,NONE,,
437,2,NONE,[],"{'CAMERA_1': [], 'CAMERA_2': [], 'CAMERA_3': []}",C_GREETS,MIDDLE,NONE,hello,S_GREETS,MIDDLE,NONE,can I help you?,
437,3,CAMERA_1,['CAMERA_1'],"{'CAMERA_1': [], 'CAMERA_2': [], 'CAMERA_3': []}",C_LOOKING_FOR_A_CAMERA,MIDDLE,NONE,I'm looking for a camera,S_INTRODUCES_CAMERA,CAMERA_1,,Let me show you this. Here we have the Nikon Coolpix S2800.,39~58
437,4,CAMERA_1,['CAMERA_1'],"{'CAMERA_1': ['preset_modes'], 'CAMERA_2': [], 'CAMERA_3': []}",C_SILENT_OR_BACKCHANNEL,CAMERA_1,NONE,I see,S_INTRODUCES_FEATURE,CAMERA_1,preset_modes,"This one has 18 preset modes (e.g. beach, snow, night portrait).",13~63
437,5,CAMERA_2,"['CAMERA_1', 'CAMERA_2']","{'CAMERA_1': ['preset_modes'], 'CAMERA_2': [], 'CAMERA_3': []}",C_ANYTHING_ELSE_AVAILABLE,CAMERA_1,NONE,ok do you have any other cameras,S_INTRODUCES_CAMERA,CAMERA_2,,Let me show you this. Here we have the Sony Alpha a6000.,39~55
437,6,CAMERA_2,"['CAMERA_1', 'CAMERA_2']","{'CAMERA_1': ['preset_modes'], 'CAMERA_2': ['optical_zoom'], 'CAMERA_3': []}",C_QUESTION_ABOUT_FEATURE,CAMERA_2,optical_zoom,does it have optical zoom,S_NOT_SURE,CAMERA_2,,I'm not really sure about that,
437,7,CAMERA_2,"['CAMERA_1', 'CAMERA_2']","{'CAMERA_1': ['preset_modes'], 'CAMERA_2': ['optical_zoom', 'price'], 'CAMERA_3': []}",C_SILENT_OR_BACKCHANNEL,CAMERA_2,NONE,alright,S_INTRODUCES_FEATURE,CAMERA_2,price,This one costs $1341.,15~20
437,8,CAMERA_2,"['CAMERA_1', 'CAMERA_2']","{'CAMERA_1': ['preset_modes'], 'CAMERA_2': ['optical_zoom', 'price', 'settings'], 'CAMERA_3': []}",C_SILENT_OR_BACKCHANNEL,CAMERA_2,NONE,alright,S_INTRODUCES_FEATURE,CAMERA_2,settings,This one has full manual control.,13~32
437,9,CAMERA_2,"['CAMERA_1', 'CAMERA_2']","{'CAMERA_1': ['preset_modes'], 'CAMERA_2': ['optical_zoom', 'price', 'settings', 'camera_type'], 'CAMERA_3': []}",C_QUESTION_ABOUT_FEATURE,CAMERA_2,camera_type,what kind of camera is this,S_ANSWERS_QUESTION_ABOUT_FEATURE,CAMERA_2,camera_type,This is a mirrorless camera.,10~20
437,10,CAMERA_2,"['CAMERA_1', 'CAMERA_2']","{'CAMERA_1': ['preset_modes'], 'CAMERA_2': ['optical_zoom', 'price', 'settings', 'camera_type', 'effects'], 'CAMERA_3': []}",C_QUESTION_ABOUT_FEATURE,CAMERA_2,effects,does it have any effect modes,S_ANSWERS_QUESTION_ABOUT_FEATURE,CAMERA_2,effects,"This one has 13 artistic effect modes (e.g. toy camera, soft focus).",13~67
437,11,NONE,"['CAMERA_1', 'CAMERA_2']","{'CAMERA_1': ['preset_modes'], 'CAMERA_2': ['optical_zoom', 'price', 'settings', 'camera_type', 'effects'], 'CAMERA_3': []}",C_THANK_YOU,CAMERA_2,NONE,thank you for your help,S_THANK_YOU,CAMERA_2,NONE,thank you very much,
437,12,NONE,"['CAMERA_1', 'CAMERA_2']","{'CAMERA_1': ['preset_modes'], 'CAMERA_2': ['optical_zoom', 'price', 'settings', 'camera_type', 'effects'], 'CAMERA_3': []}",C_LEAVES,DOOR,NONE,,S_RETURNS_TO_COUNTER,SERVICE_COUNTER,NONE,,
438,1,NONE,[],"{'CAMERA_1': [], 'CAMERA_2': [], 'CAMERA_3': []}",C_ENTERS,DOOR,NONE,,S_NONE,SERVICE_COUNTER,NONE,,
438,2,NONE,[],"{'CAMERA_1': [], 'CAMERA_2': [], 'CAMERA_3': []}",C_WALKS_TO_CAMERA,CAMERA_2,NONE,,S_GREETS,CAMERA_2,NONE,can I help you?,
438,3,CAMERA_3,['CAMERA_3'],"{'CAMERA_1': [], 'CAMERA_2': [], 'CAMERA_3': []}",C_LOOKING_FOR_A_CAMERA,CAMERA_2,NONE,I'm looking for a camera,S_INTRODUCES_CAMERA,CAMERA_3,,Let me show you this. Here we have the Canon EOS 5D Mark III.,39~60
438,4,CAMERA_3,['CAMERA_3'],"{'CAMERA_1': [], 'CAMERA_2': [], 'CAMERA_3': ['settings']}",C_QUESTION_ABOUT_FEATURE,CAMERA_3,settings,what kind of settings does it have,S_ANSWERS_QUESTION_ABOUT_FEATURE,CAMERA_3,settings,This one has full manual control.,13~32
438,5,NONE,['CAMERA_3'],"{'CAMERA_1': [], 'CAMERA_2': [], 'CAMERA_3': ['settings']}",C_THANK_YOU,CAMERA_3,NONE,thank you for your help,S_THANK_YOU,CAMERA_3,NONE,thank you very much,
438,6,NONE,['CAMERA_3'],"{'CAMERA_1': [], 'CAMERA_2': [], 'CAMERA_3': ['settings']}",C_LEAVES,DOOR,NONE,,S_RETURNS_TO_COUNTER,SERVICE_COUNTER,NONE,,
439,1,NONE,[],"{'CAMERA_1': [], 'CAMERA_2': [], 'CAMERA_3': []}",C_ENTERS,DOOR,NONE,,S_NONE,SERVICE_COUNTER,NONE,,
439,2,NONE,[],"{'CAMERA_1': [], 'CAMERA_2': [], 'CAMERA_3': []}",C_GREETS,MIDDLE,NONE,hello,S_GREETS,MIDDLE,NONE,can I help you?,
439,3,CAMERA_2,['CAMERA_2'],"{'CAMERA_1': [], 'CAMERA_2': [], 'CAMERA_3': []}",C_LOOKING_FOR_A_CAMERA,MIDDLE,NONE,I'm looking for a camera,S_INTRODUCES_CAMERA,CAMERA_2,,Let me show you this. Here we have the Sony Alpha a6000.,39~55
439,4,CAMERA_2,['CAMERA_2'],"{'CAMERA_1': [], 'CAMERA_2': ['camera_type'], 'CAMERA_3': []}",C_QUESTION_ABOUT_FEATURE,CAMERA_2,camera_type,what kind of camera is this,S_ANSWERS_QUESTION_ABOUT_FEATURE,CAMERA_2,camera_type,This is a mirrorless camera.,10~20
439,5,CAMERA_2,['CAMERA_2'],"{'CAMERA_1': [], 'CAMERA_2': ['camera_type', 'resolution'], 'CAMERA_3': []}",C_QUESTION_ABOUT_FEATURE,CAMERA_2,resolution,what is the resolution,S_NOT_SURE,CAMERA_2,,I'm not really sure about that,
439,6,CAMERA_2,['CAMERA_2'],"{'CAMERA_1': [], 'CAMERA_2': ['camera_type', 'resolution', 'price'], 'CAMERA_3': []}",C_QUESTION_ABOUT_FEATURE,CAMERA_2,price,how much does it cost,S_ANSWERS_QUESTION_ABOUT_FEATURE,CAMERA_2,price,This one costs $1341.,15~20
439,7,CAMERA_2,['CAMERA_2'],"{'CAMERA_1': [], 'CAMERA_2': ['camera_type', 'resolution', 'price', 'ISO'], 'CAMERA_3': []}",C_SILENT_OR_BACKCHANNEL,CAMERA_2,NONE,alright,S_INTRODUCES_FEATURE,CAMERA_2,ISO,This one has up to 3200 ISO with little noise.,13~45
439,8,NONE,['CAMERA_2'],"{'CAMERA_1': [], 'CAMERA_2': ['camera_type', 'resolution', 'price', 'ISO'], 'CAMERA_3': []}",C_THANK_YOU,CAMERA_2,NONE,thank you for your help,S_THANK_YOU,CAMERA_2,NONE,thank you very much,
439,9,NONE,['CAMERA_2'],"{'CAMERA_1': [], 'CAMERA_2': ['camera_type', 'resolution', 'price', 'ISO'], 'CAMERA_3': []}",C_LEAVES,DOOR,NONE,,S_RETURNS_TO_COUNTER,SERVICE_COUNTER,NONE,,
440,1,NONE,[],"{'CAMERA_1': [], 'CAMERA_2': [], 'CAMERA_3': []}",C_ENTERS,DOOR,NONE,,S_NONE,SERVICE_COUNTER,NONE,,
440,2,NONE,[],"{'CAMERA_1': [], 'CAMERA_2': [], 'CAMERA_3': []}",C_GREETS,MIDDLE,NONE,hello,S_GREETS,MIDDLE,NONE,can I help you?,
440,3,CAMERA_1,['CAMERA_1'],"{'CAMERA_1': [], 'CAMERA_2': [], 'CAMERA_3': []}",C_LOOKING_FOR_A_CAMERA,MIDDLE,NONE,I'm looking for a camera,S_INTRODUCES_CAMERA,CAMERA_1,,Let me show you this. Here we have the Nikon Coolpix S2800.,39~58
440,4,CAMERA_1,['CAMERA_1'],"{'CAMERA_1': ['optical_zoom'], 'CAMERA_2': [], 'CAMERA_3': []}",C_QUESTION_ABOUT_FEATURE,CAMERA_1,optical_zoom,does it have optical zoom,S_ANSWERS_QUESTION_ABOUT_FEATURE,CAMERA_1,optical_zoom,This one has 5x optical zoom.,13~28
440,5,CAMERA_3,"['CAMERA_1', 'CAMERA_3']","{'CAMERA_1': ['optical_zoom'], 'CAMERA_2': [], 'CAMERA_3': []}",C_ANYTHING_ELSE_AVAILABLE,CAMERA_1,NONE,ok do you have any other cameras,S_INTRODUCES_CAMERA,CAMERA_3,,Let me show you this. Here we have the Canon EOS 5D Mark III.,39~60
440,6,CAMERA_3,"['CAMERA_1', 'CAMERA_3']","{'CAMERA_1': ['optical_zoom'], 'CAMERA_2': [], 'CAMERA_3': ['ISO']}",C_QUESTION_ABOUT_FEATURE,CAMERA_3,ISO,what is the ISO,S_ANSWERS_QUESTION_ABOUT_FEATURE,CAMERA_3,ISO,This one has up to 6400 ISO with little noise.,13~45
440,7,CAMERA_3,"['CAMERA_1', 'CAMERA_3']","{'CAMERA_1': ['optical_zoom'], 'CAMERA_2': [], 'CAMERA_3': ['ISO', 'sensor_size']}",C_QUESTION_ABOUT_FEATURE,CAMERA_3,sensor_size,what is the sensor size,S_ANSWERS_QUESTION_ABOUT_FEATURE,CAMERA_3,sensor_size,This one has a full frame.,15~25
440,8,CAMERA_3,"['CAMERA_1', 'CAMERA_3']","{'CAMERA_1': ['optical_zoom'], 'CAMERA_2': [], 'CAMERA_3': ['ISO', 'sensor_size', 'settings']}",C_SILENT_OR_BACKCHANNEL,CAMERA_3,NONE,I see,S_INTRODUCES_FEATURE,CAMERA_3,settings,This one has full manual control.,13~32
440,9,CAMERA_3,"['CAMERA_1', 'CAMERA_3']","{'CAMERA_1': ['optical_zoom'], 'CAMERA_2': [], 'CAMERA_3': ['ISO', 'sensor_size', 'settings', 'long_exposure']}",C_QUESTION_ABOUT_FEATURE,CAMERA_3,long_exposure,can it take long exposure shots,S_ANSWERS_QUESTION_ABOUT_FEATURE,CAMERA_3,long_exposure,"This one can take long exposures up to up to 30 seconds, bulb mode: expose as long as you want.",39~94
440,10,CAMERA_3,"['CAMERA_1', 'CAMERA_3']","{'CAMERA_1': ['optical_zoom'], 'CAMERA_2': [], 'CAMERA_3': ['ISO', 'sensor_size', 'settings', 'long_exposure', 'color']}",C_QUESTION_ABOUT_FEATURE,CAMERA_3,color,what colors does this one come in,S_ANSWERS_QUESTION_ABOUT_FEATURE,CAMERA_3,color,This one comes in black.,18~23
440,11,CAMERA_3,"['CAMERA_1', 'CAMERA_3']","{'CAMERA_1': ['optical_zoom'], 'CAMERA_2': [], 'CAMERA_3': ['ISO', 'sensor_size', 'settings', 'long_exposure', 'color', 'camera_type']}",C_SILENT_OR_BACKCHANNEL,CAMERA_3,NONE,I see,S_INTRODUCES_FEATURE,CAMERA_3,camera_type,This is a DSLR camera.,10~14
440,12,CAMERA_3,"['CAMERA_1', 'CAMERA_3']","{'CAMERA_1': ['optical_zoom'], 'CAMERA_2': [], 'CAMERA_3': ['ISO', 'sensor_size', 'settings', 'long_exposure', 'color', 'camera_type', 'autofocus_points']}",C_SILENT_OR_BACKCHANNEL,CAMERA_3,NONE,I see,S_INTRODUCES_FEATURE,CAMERA_3,autofocus_points,This one has 61 autofocus points.,13~32
440,13,NONE,"['CAMERA_1', 'CAMERA_3']","{'CAMERA_1': ['optical_zoom'], 'CAMERA_2': [], 'CAMERA_3': ['ISO', 'sensor_size', 'settings', 'long_exposure', 'color', 'camera_type', 'autofocus_points']}",C_THANK_YOU,CAMERA_3,NONE,thank you for your help,S_THANK_YOU,CAMERA_3,NONE,thank you very much,
440,14,NONE,"['CAMERA_1', 'CAMERA_3']","{'CAMERA_1': ['optical_zoom'], 'CAMERA_2': [], 'CAMERA_3': ['ISO', 'sensor_size', 'settings', 'long_exposure', 'color', 'camera_type', 'autofocus_points']}",C_LEAVES,DOOR,NONE,,S_RETURNS_TO_COUNTER,SERVICE_COUNTER,NONE,,
441,1,NONE,[],"{'CAMERA_1': [], 'CAMERA_2': [], 'CAMERA_3': []}",C_ENTERS,DOOR,NONE,,S_NONE,SERVICE_COUNTER,NONE,,
441,2,NONE,[],"{'CAMERA_1': [], 'CAMERA_2': [], 'CAMERA_3': []}",C_WALKS_TO_CAMERA,CAMERA_2,NONE,,S_GREETS,CAMERA_2,NONE,can I help you?,
441,3,CAMERA_3,['CAMERA_3'],"{'CAMERA_1': [], 'CAMERA_2': [], 'CAMERA_3': []}",C_LOOKING_FOR_A_CAMERA,CAMERA_2,NONE,I'm looking for a camera,S_INTRODUCES_CAMERA,CAMERA_3,,Let me show you this. Here we have the Canon EOS 5D Mark III.,39~60
441,4,CAMERA_3,['CAMERA_3'],"{'CAMERA_1': [], 'CAMERA_2': [], 'CAMERA_3': ['weight']}",C_SILENT_OR_BACKCHANNEL,CAMERA_3,NONE,I see,S_INTRODUCES_FEATURE,CAMERA_3,weight,This one weighs 950 grams (only body).,16~37
441,5,CAMERA_3,['CAMERA_3'],"{'CAMERA_1': [], 'CAMERA_2': [], 'CAMERA_3': ['weight', 'long_exposure']}",C_SILENT_OR_BACKCHANNEL,CAMERA_3,NONE,alright,S_INTRODUCES_FEATURE,CAMERA_3,long_exposure,"This one can take long exposures up to up to 30 seconds, bulb mode: expose as long as you want.",39~94
441,6,CAMERA_1,"['CAMERA_3', 'CAMERA_1']","{'CAMERA_1': [], 'CAMERA_2': [], 'CAMERA_3': ['weight', 'long_exposure']}",C_ANYTHING_ELSE_AVAILABLE,CAMERA_3,NONE,ok do you have any other cameras,S_INTRODUCES_CAMERA,CAMERA_1,,Let me show you this. Here we have the Nikon Coolpix S2800.,39~58
441,7,CAMERA_1,"['CAMERA_3', 'CAMERA_1']","{'CAMERA_1': ['color'], 'CAMERA_2': [], 'CAMERA_3': ['weight', 'long_exposure']}",C_SILENT_OR_BACKCHANNEL,CAMERA_1,NONE,alright,S_INTRODUCES_FEATURE,CAMERA_1,color,"This one comes in purple, pink, black, silver, red.",18~50
441,8,CAMERA_2,"['CAMERA_3', 'CAMERA_1', 'CAMERA_2']","{'CAMERA_1': ['color'], 'CAMERA_2': [], 'CAMERA_3': ['weight', 'long_exposure']}",C_ANYTHING_ELSE_AVAILABLE,CAMERA_1,NONE,ok do you have any other cameras,S_INTRODUCES_CAMERA,CAMERA_2,,Let me show you this. Here we have the Sony Alpha a6000.,39~55
441,9,CAMERA_2,"['CAMERA_3', 'CAMERA_1', 'CAMERA_2']","{'CAMERA_1': ['color'], 'CAMERA_2': ['camera_type'], 'CAMERA_3': ['weight', 'long_exposure']}",C_SILENT_OR_BACKCHANNEL,CAMERA_2,NONE,alright,S_INTRODUCES_FEATURE,CAMERA_2,camera_type,This is a mirrorless camera.,10~20
441,10,CAMERA_2,"['CAMERA_3', 'CAMERA_1', 'CAMERA_2']","{'CAMERA_1': ['color'], 'CAMERA_2': ['camera_type', 'color'], 'CAMERA_3': ['weight', 'long_exposure']}",C_QUESTION_ABOUT_FEATURE,CAMERA_2,color,what colors does this one come in,S_ANSWERS_QUESTION_ABOUT_FEATURE,CAMERA_2,color,"This one comes in white, silver, black.",18~38
441,11,CAMERA_2,"['CAMERA_3', 'CAMERA_1', 'CAMERA_2']","{'CAMERA_1': ['color'], 'CAMERA_2': ['camera_type', 'color', 'settings'], 'CAMERA_3': ['weight', 'long_exposure']}",C_QUESTION_ABOUT_FEATURE,CAMERA_2,settings,what kind of settings does it have,S_ANSWERS_QUESTION_ABOUT_FEATURE,CAMERA_2,settings,This one has full manual control.,13~32
441,12,NONE,"['CAMERA_3', 'CAMERA_1', 'CAMERA_2']","{'CAMERA_1': ['color'], 'CAMERA_2': ['camera_type', 'color', 'settings'], 'CAMERA_3': ['weight', 'long_exposure']}",C_THANK_YOU,CAMERA_2,NONE,thank you for your help,S_THANK_YOU,CAMERA_2,NONE,thank you very much,
441,13,NONE,"['CAMERA_3', 'CAMERA_1', 'CAMERA_2']","{'CAMERA_1': ['color'], 'CAMERA_2': ['camera_type', 'color', 'settings'], 'CAMERA_3': ['weight', 'long_exposure']}",C_LEAVES,DOOR,NONE,,S_RETURNS_TO_COUNTER,SERVICE_COUNTER,NONE,,
442,1,NONE,[],"{'CAMERA_1': [], 'CAMERA_2': [], 'CAMERA_3': []}",C_ENTERS,DOOR,NONE,,S_NONE,SERVICE_COUNTER,NONE,,
442,2,NONE,[],"{'CAMERA_1': [], 'CAMERA_2': [], 'CAMERA_3': []}",C_GREETS,MIDDLE,NONE,hello,S_GREETS,MIDDLE,NONE,can I help you?,
442,3,CAMERA_1,['CAMERA_1'],"{'CAMERA_1': [], 'CAMERA_2': [], 'CAMERA_3': []}",C_LOOKING_FOR_A_CAMERA,MIDDLE,NONE,I'm looking for a camera,S_INTRODUCES_CAMERA,CAMERA_1,,Let me show you this. Here we have the Nikon Coolpix S2800.,39~58
442,4,CAMERA_1,['CAMERA_1'],"{'CAMERA_1': ['preset_modes'], 'CAMERA_2': [], 'CAMERA_3': []}",C_QUESTION_ABOUT_FEATURE,CAMERA_1,preset_modes,does it have preset modes,S_ANSWERS_QUESTION_ABOUT_FEATURE,CAMERA_1,preset_modes,"This one has 18 preset modes (e.g. beach, snow, night portrait).",13~63
442,5,CAMERA_1,['CAMERA_1'],"{'CAMERA_1': ['preset_modes', 'color'], 'CAMERA_2': [], 'CAMERA_3': []}",C_SILENT_OR_BACKCHANNEL,CAMERA_1,NONE,alright,S_INTRODUCES_FEATURE,CAMERA_1,color,"This one comes in purple, pink, black, silver, red.",18~50
442,6,NONE,['CAMERA_1'],"{'CAMERA_1': ['preset_modes', 'color'], 'CAMERA_2': [], 'CAMERA_3': []}",C_THANK_YOU,CAMERA_1,NONE,thank you for your help,S_THANK_YOU,CAMERA_1,NONE,thank you very much,
442,7,NONE,['CAMERA_1'],"{'CAMERA_1': ['preset_modes', 'color'], 'CAMERA_2': [], 'CAMERA_3': []}",C_LEAVES,DOOR,NONE,,S_RETURNS_TO_COUNTER,SERVICE_COUNTER,NONE,,
443,1,NONE,[],"{'CAMERA_1': [], 'CAMERA_2': [], 'CAMERA_3': []}",C_ENTERS,DOOR,NONE,,S_NONE,SERVICE_COUNTER,NONE,,
443,2,NONE,[],"{'CAMERA_1': [], 'CAMERA_2': [], 'CAMERA_3': []}",C_WALKS_TO_CAMERA,CAMERA_3,NONE,,S_GREETS,CAMERA_3,NONE,can I help you?,
443,3,CAMERA_1,['CAMERA_1'],"{'CAMERA_1': [], 'CAMERA_2': [], 'CAMERA_3': []}",C_LOOKING_FOR_A_CAMERA,CAMERA_3,NONE,I'm looking for a camera,S_INTRODUCES_CAMERA,CAMERA_1,,Let me show you this. Here we have the Nikon Coolpix S2800.,39~58
443,4,CAMERA_1,['CAMERA_1'],"{'CAMERA_1': ['weight'], 'CAMERA_2': [], 'CAMERA_3': []}",C_SILENT_OR_BACKCHANNEL,CAMERA_1,NONE,alright,S_INTRODUCES_FEATURE,CAMERA_1,weight,This one weighs 120 grams.,16~25
443,5,CAMERA_1,['CAMERA_1'],"{'CAMERA_1': ['weight', 'camera_type'], 'CAMERA_2': [], 'CAMERA_3': []}",C_QUESTION_ABOUT_FEATURE,CAMERA_1,camera_type,what kind of camera is this,S_ANSWERS_QUESTION_ABOUT_FEATURE,CAMERA_1,camera_type,This is a point and shoot camera.,10~25
443,6,CAMERA_1,['CAMERA_1'],"{'CAMERA_1': ['weight', 'camera_type', 'resolution'], 'CAMERA_2': [], 'CAMERA_3': []}",C_QUESTION_ABOUT_FEATURE,CAMERA_1,resolution,what is the resolution,S_ANSWERS_QUESTION_ABOUT_FEATURE,CAMERA_1,resolution,This one has 20.1 megapixels resolution.,13~28
443,7,CAMERA_1,['CAMERA_1'],"{'CAMERA_1': ['weight', 'camera_type', 'resolution', 'color'], 'CAMERA_2': [], 'CAMERA_3': []}",C_SILENT_OR_BACKCHANNEL,CAMERA_1,NONE,alright,S_INTRODUCES_FEATURE,CAMERA_1,color,"This one comes in purple, pink, black, silver, red.",18~50
443,8,CAMERA_1,['CAMERA_1'],"{'CAMERA_1': ['weight', 'camera_type', 'resolution', 'color', 'price'], 'CAMERA_2': [], 'CAMERA_3': []}",C_QUESTION_ABOUT_FEATURE,CAMERA_1,price,how much does it cost,S_ANSWERS_QUESTION_ABOUT_FEATURE,CAMERA_1,price,This one costs $2173.,15~20
443,9,CAMERA_1,['CAMERA_1'],"{'CAMERA_1': ['weight', 'camera_type', 'resolution', 'color', 'price', 'preset_modes'], 'CAMERA_2': [], 'CAMERA_3': []}",C_SILENT_OR_BACKCHANNEL,CAMERA_1,NONE,okay,S_INTRODUCES_FEATURE,CAMERA_1,preset_modes,"This one has 18 preset modes (e.g. beach, snow, night portrait).",13~63
443,10,CAMERA_1,['CAMERA_1'],"{'CAMERA_1': ['weight', 'camera_type', 'resolution', 'color', 'price', 'preset_modes', 'autofocus_points'], 'CAMERA_2': [], 'CAMERA_3': []}",C_QUESTION_ABOUT_FEATURE,CAMERA_1,autofocus_points,how many autofocus points does it have,S_NOT_SURE,CAMERA_1,,I'm not really sure about that,
443,11,CAMERA_1,['CAMERA_1'],"{'CAMERA_1': ['weight', 'camera_type', 'resolution', 'color', 'price', 'preset_modes', 'autofocus_points', 'optical_zoom'], 'CAMERA_2': [], 'CAMERA_3': []}",C_SILENT_OR_BACKCHANNEL,CAMERA_1,NONE,I see,S_INTRODUCES_FEATURE,CAMERA_1,optical_zoom,This one has 5x optical zoom.,13~28
443,12,CAMERA_1,['CAMERA_1'],"{'CAMERA_1': ['weight', 'camera_type', 'resolution', 'color', 'price', 'preset_modes', 'autofocus_points', 'optical_zoom', 'ISO'], 'CAMERA_2': [], 'CAMERA_3': []}",C_QUESTION_ABOUT_FEATURE,CAMERA_1,ISO,what is the ISO,S_NOT_SURE,CAMERA_1,,I'm not really sure about that,
443,13,CAMERA_1,['CAMERA_1'],"{'CAMERA_1': ['weight', 'camera_type', 'resolution', 'color', 'price', 'preset_modes', 'autofocus_points', 'optical_zoom', 'ISO', 'long_exposure'], 'CAMERA_2': [], 'CAMERA_3': []}",C_QUESTION_ABOUT_FEATURE,CAMERA_1,long_exposure,can it take long exposure shots,S_NOT_SURE,CAMERA_1,,I'm not really sure about that,
443,14,CAMERA_1,['CAMERA_1'],"{'CAMERA_1': ['weight', 'camera_type', 'resolution', 'color', 'price', 'preset_modes', 'autofocus_points', 'optical_zoom', 'ISO', 'long_exposure', 'settings'], 'CAMERA_2': [], 'CAMERA_3': []}",C_SILENT_OR_BACKCHANNEL,CAMERA_1,NONE,okay,S_INTRODUCES_FEATURE,CAMERA_1,settings,This one has limited manual settings.,13~36
443,15,CAMERA_1,['CAMERA_1'],"{'CAMERA_1': ['weight', 'camera_type', 'resolution', 'color', 'price', 'preset_modes', 'autofocus_points', 'optical_zoom', 'ISO', 'long_exposure', 'settings', 'effects'], 'CAMERA_2': [], 'CAMERA_3': []}",C_SILENT_OR_BACKCHANNEL,CAMERA_1,NONE,alright,S_INTRODUCES_FEATURE,CAMERA_1,effects,"This one has 12 glamor retouch effects (e.g. skin softening, small face, big eyes).",13~82
443,16,CAMERA_1,['CAMERA_1'],"{'CAMERA_1': ['weight', 'camera_type', 'resolution', 'color', 'price', 'preset_modes', 'autofocus_points', 'optical_zoom', 'ISO', 'long_exposure', 'settings', 'effects', 'sensor_size'], 'CAMERA_2': [], 'CAMERA_3': []}",C_QUESTION_ABOUT_FEATURE,CAMERA_1,sensor_size,what is the sensor size,S_NOT_SURE,CAMERA_1,,I'm not really sure about that,
443,17,CAMERA_1,['CAMERA_1'],"{'CAMERA_1': ['weight', 'camera_type', 'resolution', 'color', 'price', 'preset_modes', 'autofocus_points', 'optical_zoom', 'ISO', 'long_exposure', 'settings', 'effects', 'sensor_size', 'autofocus_points'], 'CAMERA_2': [], 'CAMERA_3': []}",C_QUESTION_ABOUT_FEATURE,CAMERA_1,autofocus_points,how many autofocus points does it have,S_NOT_SURE,CAMERA_1,,I'm not really sure about that,
443,18,CAMERA_1,['CAMERA_1'],"{'CAMERA_1': ['weight', 'camera_type', 'resolution', 'color', 'price', 'preset_modes', 'autofocus_points', 'optical_zoom', 'ISO', 'long_exposure', 'settings', 'effects', 'sensor_size', 'autofocus_points', 'weight'], 'CAMERA_2': [], 'CAMERA_3': []}",C_QUESTION_ABOUT_FEATURE,CAMERA_1,weight,how much does this one weigh,S_ANSWERS_QUESTION_ABOUT_FEATURE,CAMERA_1,weight,This one weighs 120 grams.,16~25
443,19,CAMERA_1,['CAMERA_1'],"{'CAMERA_1': ['weight', 'camera_type', 'resolution', 'color', 'price', 'preset_modes', 'autofocus_points', 'optical_zoom', 'ISO', 'long_exposure', 'settings', 'effects', 'sensor_size', 'autofocus_points', 'weight', 'long_exposure'], 'CAMERA_2': [], 'CAMERA_3': []}",C_QUESTION_ABOUT_FEATURE,CAMERA_1,long_exposure,can it take long exposure shots,S_NOT_SURE,CAMERA_1,,I'm not really sure about that,
443,20,CAMERA_1,['CAMERA_1'],"{'CAMERA_1': ['weight', 'camera_type', 'resolution', 'color', 'price', 'preset_modes', 'autofocus_points', 'optical_zoom', 'ISO', 'long_exposure', 'settings', 'effects', 'sensor_size', 'autofocus_points', 'weight', 'long_exposure', 'weight'], 'CAMERA_2': [], 'CAMERA_3': []}",C_SILENT_OR_BACKCHANNEL,CAMERA_1,NONE,okay,S_INTRODUCES_FEATURE,CAMERA_1,weight,This one weighs 120 grams.,16~25
443,21,CAMERA_1,['CAMERA_1'],"{'CAMERA_1': ['weight', 'camera_type', 'resolution', 'color', 'price', 'preset_modes', 'autofocus_points', 'optical_zoom', 'ISO', 'long_exposure', 'settings', 'effects', 'sensor_size', 'autofocus_points', 'weight', 'long_exposure', 'weight', 'settings'], 'CAMERA_2': [], 'CAMERA_3': []}",C_SILENT_OR_BACKCHANNEL,CAMERA_1,NONE,alright,S_INTRODUCES_FEATURE,CAMERA_1,settings,This one has limited manual settings.,13~36
443,22,CAMERA_1,['CAMERA_1'],"{'CAMERA_1': ['weight', 'camera_type', 'resolution', 'color', 'price', 'preset_modes', 'autofocus_points', 'optical_zoom', 'ISO', 'long_exposure', 'settings', 'effects', 'sensor_size', 'autofocus_points', 'weight', 'long_exposure', 'weight', 'settings', 'optical_zoom'], 'CAMERA_2': [], 'CAMERA_3': []}",C_QUESTION_ABOUT_FEATURE,CAMERA_1,optical_zoom,does it have optical zoom,S_ANSWERS_QUESTION_ABOUT_FEATURE,CAMERA_1,optical_zoom,This one has 5x optical zoom.,13~28
443,23,CAMERA_2,"['CAMERA_1', 'CAMERA_2']","{'CAMERA_1': ['weight', 'camera_type', 'resolution', 'color', 'price', 'preset_modes', 'autofocus_points', 'optical_zoom', 'ISO', 'long_exposure', 'settings', 'effects', 'sensor_size', 'autofocus_points', 'weight', 'long_exposure', 'weight', 'settings', 'optical_zoom'], 'CAMERA_2': [], 'CAMERA_3': []}",C_ANYTHING_ELSE_AVAILABLE,CAMERA_1,NONE,ok do you have any other cameras,S_INTRODUCES_CAMERA,CAMERA_2,,Let me show you this. Here we have the Sony Alpha a6000.,39~55
443,24,CAMERA_2,"['CAMERA_1', 'CAMERA_2']","{'CAMERA_1': ['weight', 'camera_type', 'resolution', 'color', 'price', 'preset_modes', 'autofocus_points', 'optical_zoom', 'ISO', 'long_exposure', 'settings', 'effects', 'sensor_size', 'autofocus_points', 'weight', 'long_exposure', 'weight', 'settings', 'optical_zoom'], 'CAMERA_2': ['camera_type'], 'CAMERA_3': []}",C_QUESTION_ABOUT_FEATURE,CAMERA_2,camera_type,what kind of camera is this,S_ANSWERS_QUESTION_ABOUT_FEATURE,CAMERA_2,camera_type,This is a mirrorless camera.,10~20
443,25,CAMERA_2,"['CAMERA_1', 'CAMERA_2']","{'CAMERA_1': ['weight', 'camera_type', 'resolution', 'color', 'price', 'preset_modes', 'autofocus_points', 'optical_zoom', 'ISO', 'long_exposure', 'settings', 'effects', 'sensor_size', 'autofocus_points', 'weight', 'long_exposure', 'weight', 'settings', 'optical_zoom'], 'CAMERA_2': ['camera_type', 'long_exposure'], 'CAMERA_3': []}",C_QUESTION_ABOUT_FEATURE,CAMERA_2,long_exposure,can it take long exposure shots,S_ANSWERS_QUESTION_ABOUT_FEATURE,CAMERA_2,long_exposure,This one can take long exposures up to up to 30 seconds.,39~55
443,26,CAMERA_2,"['CAMERA_1', 'CAMERA_2']","{'CAMERA_1': ['weight', 'camera_type', 'resolution', 'color', 'price', 'preset_modes', 'autofocus_points', 'optical_zoom', 'ISO', 'long_exposure', 'settings', 'effects', 'sensor_size', 'autofocus_points', 'weight', 'long_exposure', 'weight', 'settings', 'optical_zoom'], 'CAMERA_2': ['camera_type', 'long_exposure', 'autofocus_points'], 'CAMERA_3': []}",C_QUESTION_ABOUT_FEATURE,CAMERA_2,autofocus_points,how many autofocus points does it have,S_ANSWERS_QUESTION_ABOUT_FEATURE,CAMERA_2,autofocus_points,This one has 179 autofocus points.,13~33
443,27,CAMERA_3,"['CAMERA_1', 'CAMERA_2', 'CAMERA_3']","{'CAMERA_1': ['weight', 'camera_type', 'resolution', 'color', 'price', 'preset_modes', 'autofocus_points', 'optical_zoom', 'ISO', 'long_exposure', 'settings', 'effects', 'sensor_size', 'autofocus_points', 'weight', 'long_exposure', 'weight', 'settings', 'optical_zoom'], 'CAMERA_2': ['camera_type', 'long_exposure', 'autofocus_points'], 'CAMERA_3': []}",C_ANYTHING_ELSE_AVAILABLE,CAMERA_2,NONE,ok do you have any other cameras,S_INTRODUCES_CAMERA,CAMERA_3,,Let me show you this. Here we have the Canon EOS 5D Mark III.,39~60
443,28,CAMERA_3,"['CAMERA_1', 'CAMERA_2', 'CAMERA_3']","{'CAMERA_1': ['weight', 'camera_type', 'resolution', 'color', 'price', 'preset_modes', 'autofocus_points', 'optical_zoom', 'ISO', 'long_exposure', 'settings', 'effects', 'sensor_size', 'autofocus_points', 'weight', 'long_exposure', 'weight', 'settings', 'optical_zoom'], 'CAMERA_2': ['camera_type', 'long_exposure', 'autofocus_points'], 'CAMERA_3': ['price']}",C_SILENT_OR_BACKCHANNEL,CAMERA_3,NONE,alright,S_INTRODUCES_FEATURE,CAMERA_3,price,This one costs $3706.,15~20
443,29,CAMERA_3,"['CAMERA_1', 'CAMERA_2', 'CAMERA_3']","{'CAMERA_1': ['weight', 'camera_type', 'resolution', 'color', 'price', 'preset_modes', 'autofocus_points', 'optical_zoom', 'ISO', 'long_exposure', 'settings', 'effects', 'sensor_size', 'autofocus_points', 'weight', 'long_exposure', 'weight', 'settings', 'optical_zoom'], 'CAMERA_2': ['camera_type', 'long_exposure', 'autofocus_points'], 'CAMERA_3': ['price', 'settings']}",C_SILENT_OR_BACKCHANNEL,CAMERA_3,NONE,alright,S_INTRODUCES_FEATURE,CAMERA_3,settings,This one has full manual control.,13~32
443,30,CAMERA_3,"['CAMERA_1', 'CAMERA_2', 'CAMERA_3']","{'CAMERA_1': ['weight', 'camera_type', 'resolution', 'color', 'price', 'preset_modes', 'autofocus_points', 'optical_zoom', 'ISO', 'long_exposure', 'settings', 'effects', 'sensor_size', 'autofocus_points', 'weight', 'long_exposure', 'weight', 'settings', 'optical_zoom'], 'CAMERA_2': ['camera_type', 'long_exposure', 'autofocus_points'], 'CAMERA_3': ['price', 'settings', 'color']}",C_SILENT_OR_BACKCHANNEL,CAMERA_3,NONE,okay,S_INTRODUCES_FEATURE,CAMERA_3,color,This one comes in black.,18~23
443,31,NONE,"['CAMERA_1', 'CAMERA_2', 'CAMERA_3']","{'CAMERA_1': ['weight', 'camera_type', 'resolution', 'color', 'price', 'preset_modes', 'autofocus_points', 'optical_zoom', 'ISO', 'long_exposure', 'settings', 'effects', 'sensor_size', 'autofocus_points', 'weight', 'long_exposure', 'weight', 'settings', 'optical_zoom'], 'CAMERA_2': ['camera_type', 'long_exposure', 'autofocus_points'], 'CAMERA_3': ['price', 'settings', 'color']}",C_THANK_YOU,CAMERA_3,NONE,thank you for your help,S_THANK_YOU,CAMERA_3,NONE,thank you very much,
443,32,NONE,"['CAMERA_1', 'CAMERA_2', 'CAMERA_3']","{'CAMERA_1': ['weight', 'camera_type', 'resolution', 'color', 'price', 'preset_modes', 'autofocus_points', 'optical_zoom', 'ISO', 'long_exposure', 'settings', 'effects', 'sensor_size', 'autofocus_points', 'weight', 'long_exposure', 'weight', 'settings', 'optical_zoom'], 'CAMERA_2': ['camera_type', 'long_exposure', 'autofocus_points'], 'CAMERA_3': ['price', 'settings', 'color']}",C_LEAVES,DOOR,NONE,,S_RETURNS_TO_COUNTER,SERVICE_COUNTER,NONE,,
444,1,NONE,[],"{'CAMERA_1': [], 'CAMERA_2': [], 'CAMERA_3': []}",C_ENTERS,DOOR,NONE,,S_NONE,SERVICE_COUNTER,NONE,,
444,2,NONE,[],"{'CAMERA_1': [], 'CAMERA_2': [], 'CAMERA_3': []}",C_GREETS,MIDDLE,NONE,hello,S_GREETS,MIDDLE,NONE,can I help you?,
444,3,CAMERA_1,['CAMERA_1'],"{'CAMERA_1': [], 'CAMERA_2': [], 'CAMERA_3': []}",C_LOOKING_FOR_A_CAMERA,MIDDLE,NONE,I'm looking for a camera,S_INTRODUCES_CAMERA,CAMERA_1,,Let me show you this. Here we have the Nikon Coolpix S2800.,39~58
444,4,CAMERA_1,['CAMERA_1'],"{'CAMERA_1': ['effects'], 'CAMERA_2': [], 'CAMERA_3': []}",C_SILENT_OR_BACKCHANNEL,CAMERA_1,NONE,I see,S_INTRODUCES_FEATURE,CAMERA_1,effects,"This one has 12 glamor retouch effects (e.g. skin softening, small face, big eyes).",13~82
444,5,CAMERA_1,['CAMERA_1'],"{'CAMERA_1': ['effects', 'optical_zoom'], 'CAMERA_2': [], 'CAMERA_3': []}",C_SILENT_OR_BACKCHANNEL,CAMERA_1,NONE,alright,S_INTRODUCES_FEATURE,CAMERA_1,optical_zoom,This one has 5x optical zoom.,13~28
444,6,CAMERA_1,['CAMERA_1'],"{'CAMERA_1': ['effects', 'optical_zoom', 'ISO'], 'CAMERA_2': [], 'CAMERA_3': []}",C_QUESTION_ABOUT_FEATURE,CAMERA_1,ISO,what is the ISO,S_NOT_SURE,CAMERA_1,,I'm not really sure about that,
444,7,NONE,['CAMERA_1'],"{'CAMERA_1': ['effects', 'optical_zoom', 'ISO'], 'CAMERA_2': [], 'CAMERA_3': []}",C_THANK_YOU,CAMERA_1,NONE,thank you for your help,S_THANK_YOU,CAMERA_1,NONE,thank you very much,
444,8,NONE,['CAMERA_1'],"{'CAMERA_1': ['effects', 'optical_zoom', 'ISO'], 'CAMERA_2': [], 'CAMERA_3': []}",C_LEAVES,DOOR,NONE,,S_RETURNS_TO_COUNTER,SERVICE_COUNTER,NONE,,
445,1,NONE,[],"{'CAMERA_1': [], 'CAMERA_2': [], 'CAMERA_3': []}",C_ENTERS,DOOR,NONE,,S_NONE,SERVICE_COUNTER,NONE,,
445,2,NONE,[],"{'CAMERA_1': [], 'CAMERA_2': [], 'CAMERA_3': []}",C_GREETS,MIDDLE,NONE,hello,S_GREETS,MIDDLE,NONE,can I help you?,
445,3,CAMERA_1,['CAMERA_1'],"{'CAMERA_1': [], 'CAMERA_2': [], 'CAMERA_3': []}",C_LOOKING_FOR_A_CAMERA,MIDDLE,NONE,I'm looking for a camera,S_INTRODUCES_CAMERA,CAMERA_1,,Let me show you this. Here we have the Nikon Coolpix S2800.,39~58
445,4,CAMERA_1,['CAMERA_1'],"{'CAMERA_1': ['weight'], 'CAMERA_2': [], 'CAMERA_3': []}",C_QUESTION_ABOUT_FEATURE,CAMERA_1,weight,how much does this one weigh,S_ANSWERS_QUESTION_ABOUT_FEATURE,CAMERA_1,weight,This one weighs 120 grams.,16~25
445,5,NONE,['CAMERA_1'],"{'CAMERA_1': ['weight'], 'CAMERA_2': [], 'CAMERA_3': []}",C_THANK_YOU,CAMERA_1,NONE,thank you for your help,S_THANK_YOU,CAMERA_1,NONE,thank you very much,
445,6,NONE,['CAMERA_1'],"{'CAMERA_1': ['weight'], 'CAMERA_2': [], 'CAMERA_3': []}",C_LEAVES,DOOR,NONE,,S_RETURNS_TO_COUNTER,SERVICE_COUNTER,NONE,,
446,1,NONE,[],"{'CAMERA_1': [], 'CAMERA_2': [], 'CAMERA_3': []}",C_ENTERS,DOOR,NONE,,S_NONE,SERVICE_COUNTER,NONE,,
446,2,NONE,[],"{'CAMERA_1': [], 'CAMERA_2': [], 'CAMERA_3': []}",C_WALKS_TO_CAMERA,CAMERA_1,NONE,,S_GREETS,CAMERA_1,NONE,can I help you?,
446,3,CAMERA_2,['CAMERA_2'],"{'CAMERA_1': [], 'CAMERA_2': [], 'CAMERA_3': []}",C_LOOKING_FOR_A_CAMERA,CAMERA_1,NONE,I'm looking for a camera,S_INTRODUCES_CAMERA,CAMERA_2,,Let me show you this. Here we have the Sony Alpha a6000.,39~55
446,4,CAMERA_2,['CAMERA_2'],"{'CAMERA_1': [], 'CAMERA_2': ['effects'], 'CAMERA_3': []}",C_SILENT_OR_BACKCHANNEL,CAMERA_2,NONE,I see,S_INTRODUCES_FEATURE,CAMERA_2,effects,"This one has 13 artistic effect modes (e.g. toy camera, soft focus).",13~67
446,5,CAMERA_2,['CAMERA_2'],"{'CAMERA_1': [], 'CAMERA_2': ['effects', 'camera_type'], 'CAMERA_3': []}",C_SILENT_OR_BACKCHANNEL,CAMERA_2,NONE,alright,S_INTRODUCES_FEATURE,CAMERA_2,camera_type,This is a mirrorless camera.,10~20
446,6,NONE,['CAMERA_2'],"{'CAMERA_1': [], 'CAMERA_2': ['effects', 'camera_type'], 'CAMERA_3': []}",C_THANK_YOU,CAMERA_2,NONE,thank you for your help,S_THANK_YOU,CAMERA_2,NONE,thank you very much,
446,7,NONE,['CAMERA_2'],"{'CAMERA_1': [], 'CAMERA_2': ['effects', 'camera_type'], 'CAMERA_3': []}",C_LEAVES,DOOR,NONE,,S_RETURNS_TO_COUNTER,SERVICE_COUNTER,NONE,,
447,1,NONE,[],"{'CAMERA_1': [], 'CAMERA_2': [], 'CAMERA_3': []}",C_ENTERS,DOOR,NONE,,S_NONE,SERVICE_COUNTER,NONE,,
447,2,NONE,[],"{'CAMERA_1': [], 'CAMERA_2': [], 'CAMERA_3': []}",C_WALKS_TO_CAMERA,CAMERA_1,NONE,,S_GREETS,CAMERA_1,NONE,can I help you?,
447,3,CAMERA_2,['CAMERA_2'],"{'CAMERA_1': [], 'CAMERA_2': [], 'CAMERA_3': []}",C_LOOKING_FOR_A_CAMERA,CAMERA_1,NONE,I'm looking for a camera,S_INTRODUCES_CAMERA,CAMERA_2,,Let me show you this. Here we have the Sony Alpha a6000.,39~55
447,4,CAMERA_2,['CAMERA_2'],"{'CAMERA_1': [], 'CAMERA_2': ['resolution'], 'CAMERA_3': []}",C_QUESTION_ABOUT_FEATURE,CAMERA_2,resolution,what is the resolution,S_NOT_SURE,CAMERA_2,,I'm not really sure about that,
447,5,CAMERA_2,['CAMERA_2'],"{'CAMERA_1': [], 'CAMERA_2': ['resolution', 'color'], 'CAMERA_3': []}",C_QUESTION_ABOUT_FEATURE,CAMERA_2,color,what colors does this one come in,S_ANSWERS_QUESTION_ABOUT_FEATURE,CAMERA_2,color,"This one comes in white, silver, black.",18~38
447,6,NONE,['CAMERA_2'],"{'CAMERA_1': [], 'CAMERA_2': ['resolution', 'color'], 'CAMERA_3': []}",C_THANK_YOU,CAMERA_2,NONE,thank you for your help,S_THANK_YOU,CAMERA_2,NONE,thank you very much,
447,7,NONE,['CAMERA_2'],"{'CAMERA_1': [], 'CAMERA_2': ['resolution', 'color'], 'CAMERA_3': []}",C_LEAVES,DOOR,NONE,,S_RETURNS_TO_COUNTER,SERVICE_COUNTER,NONE,,
448,1,NONE,[],"{'CAMERA_1': [], 'CAMERA_2': [], 'CAMERA_3': []}",C_ENTERS,DOOR,NONE,,S_NONE,SERVICE_COUNTER,NONE,,
448,2,NONE,[],"{'CAMERA_1': [], 'CAMERA_2': [], 'CAMERA_3': []}",C_GREETS,MIDDLE,NONE,hello,S_GREETS,MIDDLE,NONE,can I help you?,
448,3,CAMERA_1,['CAMERA_1'],"{'CAMERA_1': [], 'CAMERA_2': [], 'CAMERA_3': []}",C_LOOKING_FOR_A_CAMERA,MIDDLE,NONE,I'm looking for a camera,S_INTRODUCES_CAMERA,CAMERA_1,,Let me show you this. Here we have the Nikon Coolpix S2800.,39~58
448,4,CAMERA_1,['CAMERA_1'],"{'CAMERA_1': ['price'], 'CAMERA_2': [], 'CAMERA_3': []}",C_QUESTION_ABOUT_FEATURE,CAMERA_1,price,how much does it cost,S_ANSWERS_QUESTION_ABOUT_FEATURE,CAMERA_1,price,This one costs $2173.,15~20
448,5,CAMERA_1,['CAMERA_1'],"{'CAMERA_1': ['price', 'weight'], 'CAMERA_2': [], 'CAMERA_3': []}",C_QUESTION_ABOUT_FEATURE,CAMERA_1,weight,how much does this one weigh,S_ANSWERS_QUESTION_ABOUT_FEATURE,CAMERA_1,weight,This one weighs 120 grams.,16~25
448,6,CAMERA_1,['CAMERA_1'],"{'CAMERA_1': ['price', 'weight', 'settings'], 'CAMERA_2': [], 'CAMERA_3': []}",C_SILENT_OR_BACKCHANNEL,CAMERA_1,NONE,I see,S_INTRODUCES_FEATURE,CAMERA_1,settings,This one has limited manual settings.,13~36
448,7,CAMERA_1,['CAMERA_1'],"{'CAMERA_1': ['price', 'weight', 'settings', 'long_exposure'], 'CAMERA_2': [], 'CAMERA_3': []}",C_QUESTION_ABOUT_FEATURE,CAMERA_1,long_exposure,can it take long exposure shots,S_NOT_SURE,CAMERA_1,,I'm not really sure about that,
448,8,CAMERA_1,['CAMERA_1'],"{'CAMERA_1': ['price', 'weight', 'settings', 'long_exposure', 'camera_type'], 'CAMERA_2': [], 'CAMERA_3': []}",C_QUESTION_ABOUT_FEATURE,CAMERA_1,camera_type,what kind of camera is this,S_ANSWERS_QUESTION_ABOUT_FEATURE,CAMERA_1,camera_type,This is a point and shoot camera.,10~25
448,9,CAMERA_1,['CAMERA_1'],"{'CAMERA_1': ['price', 'weight', 'settings', 'long_exposure', 'camera_type', 'effects'], 'CAMERA_2': [], 'CAMERA_3': []}",C_SILENT_OR_BACKCHANNEL,CAMERA_1,NONE,I see,S_INTRODUCES_FEATURE,CAMERA_1,effects,"This one has 12 glamor retouch effects (e.g. skin softening, small face, big eyes).",13~82
448,10,NONE,['CAMERA_1'],"{'CAMERA_1': ['price', 'weight', 'settings', 'long_exposure', 'camera_type', 'effects'], 'CAMERA_2': [], 'CAMERA_3': []}",C_THANK_YOU,CAMERA_1,NONE,thank you for your help,S_THANK_YOU,CAMERA_1,NONE,thank you very much,
448,11,NONE,['CAMERA_1'],"{'CAMERA_1': ['price', 'weight', 'settings', 'long_exposure', 'camera_type', 'effects'], 'CAMERA_2': [], 'CAMERA_3': []}",C_LEAVES,DOOR,NONE,,S_RETURNS_TO_COUNTER,SERVICE_COUNTER,NONE,,
449,1,NONE,[],"{'CAMERA_1': [], 'CAMERA_2': [], 'CAMERA_3': []}",C_ENTERS,DOOR,NONE,,S_NONE,SERVICE_COUNTER,NONE,,
449,2,NONE,[],"{'CAMERA_1': [], 'CAMERA_2': [], 'CAMERA_3': []}",C_WALKS_TO_CAMERA,CAMERA_3,NONE,,S_GREETS,CAMERA_3,NONE,can I help you?,
449,3,CAMERA_3,['CAMERA_3'],"{'CAMERA_1': [], 'CAMERA_2': [], 'CAMERA_3': []}",C_LOOKING_FOR_A_CAMERA,CAMERA_3,NONE,I'm looking for a camera,S_INTRODUCES_CAMERA,CAMERA_3,,Let me show you this. Here we have the Canon EOS 5D Mark III.,39~60
449,4,CAMERA_3,['CAMERA_3'],"{'CAMERA_1': [], 'CAMERA_2': [], 'CAMERA_3': ['long_exposure']}",C_SILENT_OR_BACKCHANNEL,CAMERA_3,NONE,okay,S_INTRODUCES_FEATURE,CAMERA_3,long_exposure,"This one can take long exposures up to up to 30 seconds, bulb mode: expose as long as you want.",39~94
449,5,NONE,['CAMERA_3'],"{'CAMERA_1': [], 'CAMERA_2': [], 'CAMERA_3': ['long_exposure']}",C_THANK_YOU,CAMERA_3,NONE,thank you for your help,S_THANK_YOU,CAMERA_3,NONE,thank you very much,
449,6,NONE,['CAMERA_3'],"{'CAMERA_1': [], 'CAMERA_2': [], 'CAMERA_3': ['long_exposure']}",C_LEAVES,DOOR,NONE,,S_RETURNS_TO_COUNTER,SERVICE_COUNTER,NONE,,
450,1,NONE,[],"{'CAMERA_1': [], 'CAMERA_2': [], 'CAMERA_3': []}",C_ENTERS,DOOR,NONE,,S_NONE,SERVICE_COUNTER,NONE,,
450,2,NONE,[],"{'CAMERA_1': [], 'CAMERA_2': [], 'CAMERA_3': []}",C_GREETS,MIDDLE,NONE,hello,S_GREETS,MIDDLE,NONE,can I help you?,
450,3,CAMERA_1,['CAMERA_1'],"{'CAMERA_1': [], 'CAMERA_2': [], 'CAMERA_3': []}",C_LOOKING_FOR_A_CAMERA,MIDDLE,NONE,I'm looking for a camera,S_INTRODUCES_CAMERA,CAMERA_1,,Let me show you this. Here we have the Nikon Coolpix S2800.,39~58
450,4,CAMERA_1,['CAMERA_1'],"{'CAMERA_1': ['optical_zoom'], 'CAMERA_2': [], 'CAMERA_3': []}",C_QUESTION_ABOUT_FEATURE,CAMERA_1,optical_zoom,does it have optical zoom,S_ANSWERS_QUESTION_ABOUT_FEATURE,CAMERA_1,optical_zoom,This one has 5x optical zoom.,13~28
450,5,CAMERA_1,['CAMERA_1'],"{'CAMERA_1': ['optical_zoom', 'autofocus_points'], 'CAMERA_2': [], 'CAMERA_3': []}",C_QUESTION_ABOUT_FEATURE,CAMERA_1,autofocus_points,how many autofocus points does it have,S_NOT_SURE,CAMERA_1,,I'm not really sure about that,
450,6,CAMERA_1,['CAMERA_1'],"{'CAMERA_1': ['optical_zoom', 'autofocus_points', 'color'], 'CAMERA_2': [], 'CAMERA_3': []}",C_SILENT_OR_BACKCHANNEL,CAMERA_1,NONE,alright,S_INTRODUCES_FEATURE,CAMERA_1,color,"This one comes in purple, pink, black, silver, red.",18~50
450,7,CAMERA_1,['CAMERA_1'],"{'CAMERA_1': ['optical_zoom', 'autofocus_points', 'color', 'resolution'], 'CAMERA_2': [], 'CAMERA_3': []}",C_SILENT_OR_BACKCHANNEL,CAMERA_1,NONE,alright,S_INTRODUCES_FEATURE,CAMERA_1,resolution,This one has 20.1 megapixels resolution.,13~28
450,8,CAMERA_1,['CAMERA_1'],"{'CAMERA_1': ['optical_zoom', 'autofocus_points', 'color', 'resolution', 'camera_type'], 'CAMERA_2': [], 'CAMERA_3': []}",C_QUESTION_ABOUT_FEATURE,CAMERA_1,camera_type,what kind of camera is this,S_ANSWERS_QUESTION_ABOUT_FEATURE,CAMERA_1,camera_type,This is a point and shoot camera.,10~25
450,9,CAMERA_1,['CAMERA_1'],"{'CAMERA_1': ['optical_zoom', 'autofocus_points', 'color', 'resolution', 'camera_type', 'sensor_size'], 'CAMERA_2': [], 'CAMERA_3': []}",C_QUESTION_ABOUT_FEATURE,CAMERA_1,sensor_size,what is the sensor size,S_NOT_SURE,CAMERA_1,,I'm not really sure about that,
450,10,CAMERA_1,['CAMERA_1'],"{'CAMERA_1': ['optical_zoom', 'autofocus_points', 'color', 'resolution', 'camera_type', 'sensor_size', 'settings'], 'CAMERA_2': [], 'CAMERA_3': []}",C_SILENT_OR_BACKCHANNEL,CAMERA_1,NONE,alright,S_INTRODUCES_FEATURE,CAMERA_1,settings,This one has limited manual settings.,13~36
450,11,CAMERA_1,['CAMERA_1'],"{'CAMERA_1': ['optical_zoom', 'autofocus_points', 'color', 'resolution', 'camera_type', 'sensor_size', 'settings', 'effects'], 'CAMERA_2': [], 'CAMERA_3': []}",C_SILENT_OR_BACKCHANNEL,CAMERA_1,NONE,alright,S_INTRODUCES_FEATURE,CAMERA_1,effects,"This one has 12 glamor retouch effects (e.g. skin softening, small face, big eyes).",13~82
450,12,NONE,['CAMERA_1'],"{'CAMERA_1': ['optical_zoom', 'autofocus_points', 'color', 'resolution', 'camera_type', 'sensor_size', 'settings', 'effects'], 'CAMERA_2': [], 'CAMERA_3': []}",C_THANK_YOU,CAMERA_1,NONE,thank you for your help,S_THANK_YOU,CAMERA_1,NONE,thank you very much,
450,13,NONE,['CAMERA_1'],"{'CAMERA_1': ['optical_zoom', 'autofocus_points', 'color', 'resolution', 'camera_type', 'sensor_size', 'settings', 'effects'], 'CAMERA_2': [], 'CAMERA_3': []}",C_LEAVES,DOOR,NONE,,S_RETURNS_TO_COUNTER,SERVICE_COUNTER,NONE,,
451,1,NONE,[],"{'CAMERA_1': [], 'CAMERA_2': [], 'CAMERA_3': []}",C_ENTERS,DOOR,NONE,,S_NONE,SERVICE_COUNTER,NONE,,
451,2,NONE,[],"{'CAMERA_1': [], 'CAMERA_2': [], 'CAMERA_3': []}",C_GREETS,MIDDLE,NONE,hello,S_GREETS,MIDDLE,NONE,can I help you?,
451,3,CAMERA_1,['CAMERA_1'],"{'CAMERA_1': [], 'CAMERA_2': [], 'CAMERA_3': []}",C_LOOKING_FOR_A_CAMERA,MIDDLE,NONE,I'm looking for a camera,S_INTRODUCES_CAMERA,CAMERA_1,,Let me show you this. Here we have the Nikon Coolpix S2800.,39~58
451,4,CAMERA_1,['CAMERA_1'],"{'CAMERA_1': ['resolution'], 'CAMERA_2': [], 'CAMERA_3': []}",C_SILENT_OR_BACKCHANNEL,CAMERA_1,NONE,alright,S_INTRODUCES_FEATURE,CAMERA_1,resolution,This one has 20.1 megapixels resolution.,13~28
451,5,CAMERA_1,['CAMERA_1'],"{'CAMERA_1': ['resolution', 'preset_modes'], 'CAMERA_2': [], 'CAMERA_3': []}",C_QUESTION_ABOUT_FEATURE,CAMERA_1,preset_modes,does it have preset modes,S_ANSWERS_QUESTION_ABOUT_FEATURE,CAMERA_1,preset_modes,"This one has 18 preset modes (e.g. beach, snow, night portrait).",13~63
451,6,CAMERA_1,['CAMERA_1'],"{'CAMERA_1': ['resolution', 'preset_modes', 'effects'], 'CAMERA_2': [], 'CAMERA_3': []}",C_QUESTION_ABOUT_FEATURE,CAMERA_1,effects,does it have any effect modes,S_ANSWERS_QUESTION_ABOUT_FEATURE,CAMERA_1,effects,"This one has 12 glamor retouch effects (e.g. skin softening, small face, big eyes).",13~82
451,7,NONE,['CAMERA_1'],"{'CAMERA_1': ['resolution', 'preset_modes', 'effects'], 'CAMERA_2': [], 'CAMERA_3': []}",C_THANK_YOU,CAMERA_1,NONE,thank you for your help,S_THANK_YOU,CAMERA_1,NONE,thank you very much,
451,8,NONE,['CAMERA_1'],"{'CAMERA_1': ['resolution', 'preset_modes', 'effects'], 'CAMERA_2': [], 'CAMERA_3': []}",C_LEAVES,DOOR,NONE,,S_RETURNS_TO_COUNTER,SERVICE_COUNTER,NONE,,
452,1,NONE,[],"{'CAMERA_1': [], 'CAMERA_2': [], 'CAMERA_3': []}",C_ENTERS,DOOR,NONE,,S_NONE,SERVICE_COUNTER,NONE,,
452,2,NONE,[],"{'CAMERA_1': [], 'CAMERA_2': [], 'CAMERA_3': []}",C_WALKS_TO_CAMERA,CAMERA_1,NONE,,S_GREETS,CAMERA_1,NONE,can I help you?,
452,3,CAMERA_1,['CAMERA_1'],"{'CAMERA_1': [], 'CAMERA_2': [], 'CAMERA_3': []}",C_LOOKING_FOR_A_CAMERA,CAMERA_1,NONE,I'm looking for a camera,S_INTRODUCES_CAMERA,CAMERA_1,,Let me show you this. Here we have the Nikon Coolpix S2800.,39~58
452,4,CAMERA_1,['CAMERA_1'],"{'CAMERA_1': ['preset_modes'], 'CAMERA_2': [], 'CAMERA_3': []}",C_QUESTION_ABOUT_FEATURE,CAMERA_1,preset_modes,does it have preset modes,S_ANSWERS_QUESTION_ABOUT_FEATURE,CAMERA_1,preset_modes,"This one has 18 preset modes (e.g. beach, snow, night portrait).",13~63
452,5,NONE,['CAMERA_1'],"{'CAMERA_1': ['preset_modes'], 'CAMERA_2': [], 'CAMERA_3': []}",C_THANK_YOU,CAMERA_1,NONE,thank you for your help,S_THANK_YOU,CAMERA_1,NONE,thank you very much,
452,6,NONE,['CAMERA_1'],"{'CAMERA_1': ['preset_modes'], 'CAMERA_2': [], 'CAMERA_3': []}",C_LEAVES,DOOR,NONE,,S_RETURNS_TO_COUNTER,SERVICE_COUNTER,NONE,,
453,1,NONE,[],"{'CAMERA_1': [], 'CAMERA_2': [], 'CAMERA_3': []}",C_ENTERS,DOOR,NONE,,S_NONE,SERVICE_COUNTER,NONE,,
453,2,NONE,[],"{'CAMERA_1': [], 'CAMERA_2': [], 'CAMERA_3': []}",C_WALKS_TO_CAMERA,CAMERA_1,NONE,,S_GREETS,CAMERA_1,NONE,can I help you?,
453,3,CAMERA_3,['CAMERA_3'],"{'CAMERA_1': [], 'CAMERA_2': [], 'CAMERA_3': []}",C_LOOKING_FOR_A_CAMERA,CAMERA_1,NONE,I'm looking for a camera,S_INTRODUCES_CAMERA,CAMERA_3,,Let me show you this. Here we have the Canon EOS 5D Mark III.,39~60
453,4,CAMERA_3,['CAMERA_3'],"{'CAMERA_1': [], 'CAMERA_2': [], 'CAMERA_3': ['ISO']}",C_SILENT_OR_BACKCHANNEL,CAMERA_3,NONE,I see,S_INTRODUCES_FEATURE,CAMERA_3,ISO,This one has up to 6400 ISO with little noise.,13~45
453,5,CAMERA_3,['CAMERA_3'],"{'CAMERA_1': [], 'CAMERA_2': [], 'CAMERA_3': ['ISO', 'effects']}",C_QUESTION_ABOUT_FEATURE,CAMERA_3,effects,does it have any effect modes,S_NOT_SURE,CAMERA_3,,I'm not really sure about that,
453,6,CAMERA_3,['CAMERA_3'],"{'CAMERA_1': [], 'CAMERA_2': [], 'CAMERA_3': ['ISO', 'effects', 'weight']}",C_SILENT_OR_BACKCHANNEL,CAMERA_3,NONE,alright,S_INTRODUCES_FEATURE,CAMERA_3,weight,This one weighs 950 grams (only body).,16~37
453,7,NONE,['CAMERA_3'],"{'CAMERA_1': [], 'CAMERA_2': [], 'CAMERA_3': ['ISO', 'effects', 'weight']}",C_THANK_YOU,CAMERA_3,NONE,thank you for your help,S_THANK_YOU,CAMERA_3,NONE,thank you very much,
453,8,NONE,['CAMERA_3'],"{'CAMERA_1': [], 'CAMERA_2': [], 'CAMERA_3': ['ISO', 'effects', 'weight']}",C_LEAVES,DOOR,NONE,,S_RETURNS_TO_COUNTER,SERVICE_COUNTER,NONE,,
454,1,NONE,[],"{'CAMERA_1': [], 'CAMERA_2': [], 'CAMERA_3': []}",C_ENTERS,DOOR,NONE,,S_NONE,SERVICE_COUNTER,NONE,,
454,2,NONE,[],"{'CAMERA_1': [], 'CAMERA_2': [], 'CAMERA_3': []}",C_GREETS,MIDDLE,NONE,hello,S_GREETS,MIDDLE,NONE,can I help you?,
454,3,CAMERA_3,['CAMERA_3'],"{'CAMERA_1': [], 'CAMERA_2': [], 'CAMERA_3': []}",C_LOOKING_FOR_A_CAMERA,MIDDLE,NONE,I'm looking for a camera,S_INTRODUCES_CAMERA,CAMERA_3,,Let me show you this. Here we have the Canon EOS 5D Mark III.,39~60
454,4,CAMERA_3,['CAMERA_3'],"{'CAMERA_1': [], 'CAMERA_2': [], 'CAMERA_3': ['camera_type']}",C_SILENT_OR_BACKCHANNEL,CAMERA_3,NONE,okay,S_INTRODUCES_FEATURE,CAMERA_3,camera_type,This is a DSLR camera.,10~14
454,5,CAMERA_3,['CAMERA_3'],"{'CAMERA_1': [], 'CAMERA_2': [], 'CAMERA_3': ['camera_type', 'color']}",C_QUESTION_ABOUT_FEATURE,CAMERA_3,color,what colors does this one come in,S_ANSWERS_QUESTION_ABOUT_FEATURE,CAMERA_3,color,This one comes in black.,18~23
454,6,NONE,['CAMERA_3'],"{'CAMERA_1': [], 'CAMERA_2': [], 'CAMERA_3': ['camera_type', 'color']}",C_THANK_YOU,CAMERA_3,NONE,thank you for your help,S_THANK_YOU,CAMERA_3,NONE,thank you very much,
454,7,NONE,['CAMERA_3'],"{'CAMERA_1': [], 'CAMERA_2': [], 'CAMERA_3': ['camera_type', 'color']}",C_LEAVES,DOOR,NONE,,S_RETURNS_TO_COUNTER,SERVICE_COUNTER,NONE,,
455,1,NONE,[],"{'CAMERA_1': [], 'CAMERA_2': [], 'CAMERA_3': []}",C_ENTERS,DOOR,NONE,,S_NONE,SERVICE_COUNTER,NONE,,
455,2,NONE,[],"{'CAMERA_1': [], 'CAMERA_2': [], 'CAMERA_3': []}",C_WALKS_TO_CAMERA,CAMERA_3,NONE,,S_NONE,SERVICE_COUNTER,NONE,,
455,3,NONE,[],"{'CAMERA_1': [], 'CAMERA_2': [], 'CAMERA_3': []}",C_EXAMINES_CAMERA,CAMERA_3,NONE,,S_NONE,SERVICE_COUNTER,NONE,,
455,4,NONE,[],"{'CAMERA_1': [], 'CAMERA_2': [], 'CAMERA_3': []}",C_WALKS_TO_CAMERA,CAMERA_1,NONE,,S_GREETS,CAMERA_1,NONE,can I help you?,
455,5,CAMERA_1,['CAMERA_1'],"{'CAMERA_1': [], 'CAMERA_2': [], 'CAMERA_3': []}",C_LOOKING_FOR_A_CAMERA,CAMERA_1,NONE,I'm looking for a camera,S_INTRODUCES_CAMERA,CAMERA_1,,Let me show you this. Here we have the Nikon Coolpix S2800.,39~58
455,6,CAMERA_1,['CAMERA_1'],"{'CAMERA_1': ['preset_modes'], 'CAMERA_2': [], 'CAMERA_3': []}",C_QUESTION_ABOUT_FEATURE,CAMERA_1,preset_modes,does it have preset modes,S_ANSWERS_QUESTION_ABOUT_FEATURE,CAMERA_1,preset_modes,"This one has 18 preset modes (e.g. beach, snow, night portrait).",13~63
455,7,CAMERA_1,['CAMERA_1'],"{'CAMERA_1': ['preset_modes', 'camera_type'], 'CAMERA_2': [], 'CAMERA_3': []}",C_SILENT_OR_BACKCHANNEL,CAMERA_1,NONE,okay,S_INTRODUCES_FEATURE,CAMERA_1,camera_type,This is a point and shoot camera.,10~25
455,8,CAMERA_1,['CAMERA_1'],"{'CAMERA_1': ['preset_modes', 'camera_type', 'long_exposure'], 'CAMERA_2': [], 'CAMERA_3': []}",C_QUESTION_ABOUT_FEATURE,CAMERA_1,long_exposure,can it take long exposure shots,S_NOT_SURE,CAMERA_1,,I'm not really sure about that,
455,9,CAMERA_3,"['CAMERA_1', 'CAMERA_3']","{'CAMERA_1': ['preset_modes', 'camera_type', 'long_exposure'], 'CAMERA_2': [], 'CAMERA_3': []}",C_ANYTHING_ELSE_AVAILABLE,CAMERA_1,NONE,ok do you have any other cameras,S_INTRODUCES_CAMERA,CAMERA_3,,Let me show you this. Here we have the Canon EOS 5D Mark III.,39~60
455,10,CAMERA_3,"['CAMERA_1', 'CAMERA_3']","{'CAMERA_1': ['preset_modes', 'camera_type', 'long_exposure'], 'CAMERA_2': [], 'CAMERA_3': ['long_exposure']}",C_SILENT_OR_BACKCHANNEL,CAMERA_3,NONE,alright,S_INTRODUCES_FEATURE,CAMERA_3,long_exposure,"This one can take long exposures up to up to 30 seconds, bulb mode: expose as long as you want.",39~94
455,11,CAMERA_3,"['CAMERA_1', 'CAMERA_3']","{'CAMERA_1': ['preset_modes', 'camera_type', 'long_exposure'], 'CAMERA_2': [], 'CAMERA_3': ['long_exposure', 'autofocus_points']}",C_SILENT_OR_BACKCHANNEL,CAMERA_3,NONE,I see,S_INTRODUCES_FEATURE,CAMERA_3,autofocus_points,This one has 61 autofocus points.,13~32
455,12,NONE,"['CAMERA_1', 'CAMERA_3']","{'CAMERA_1': ['preset_modes', 'camera_type', 'long_exposure'], 'CAMERA_2': [], 'CAMERA_3': ['long_exposure', 'autofocus_points']}",C_THANK_YOU,CAMERA_3,NONE,thank you for your help,S_THANK_YOU,CAMERA_3,NONE,thank you very much,
455,13,NONE,"['CAMERA_1', 'CAMERA_3']","{'CAMERA_1': ['preset_modes', 'camera_type', 'long_exposure'], 'CAMERA_2': [], 'CAMERA_3': ['long_exposure', 'autofocus_points']}",C_LEAVES,DOOR,NONE,,S_RETURNS_TO_COUNTER,SERVICE_COUNTER,NONE,,
456,1,NONE,[],"{'CAMERA_1': [], 'CAMERA_2': [], 'CAMERA_3': []}",C_ENTERS,DOOR,NONE,,S_NONE,SERVICE_COUNTER,NONE,,
456,2,NONE,[],"{'CAMERA_1': [], 'CAMERA_2': [], 'CAMERA_3': []}",C_GREETS,MIDDLE,NONE,hello,S_GREETS,MIDDLE,NONE,can I help you?,
456,3,CAMERA_3,['CAMERA_3'],"{'CAMERA_1': [], 'CAMERA_2': [], 'CAMERA_3': []}",C_LOOKING_FOR_A_CAMERA,MIDDLE,NONE,I'm looking for a camera,S_INTRODUCES_CAMERA,CAMERA_3,,Let me show you this. Here we have the Canon EOS 5D Mark III.,39~60
456,4,CAMERA_3,['CAMERA_3'],"{'CAMERA_1': [], 'CAMERA_2': [], 'CAMERA_3': ['ISO']}",C_SILENT_OR_BACKCHANNEL,CAMERA_3,NONE,okay,S_INTRODUCES_FEATURE,CAMERA_3,ISO,This one has up to 6400 ISO with little noise.,13~45
456,5,CAMERA_3,['CAMERA_3'],"{'CAMERA_1': [], 'CAMERA_2': [], 'CAMERA_3': ['ISO', 'sensor_size']}",C_SILENT_OR_BACKCHANNEL,CAMERA_3,NONE,okay,S_INTRODUCES_FEATURE,CAMERA_3,sensor_size,This one has a full frame.,15~25
456,6,CAMERA_3,['CAMERA_3'],"{'CAMERA_1': [], 'CAMERA_2': [], 'CAMERA_3': ['ISO', 'sensor_size', 'color']}",C_QUESTION_ABOUT_FEATURE,CAMERA_3,color,what colors does this one come in,S_ANSWERS_QUESTION_ABOUT_FEATURE,CAMERA_3,color,This one comes in black.,18~23
456,7,NONE,['CAMERA_3'],"{'CAMERA_1': [], 'CAMERA_2': [], 'CAMERA_3': ['ISO', 'sensor_size', 'color']}",C_THANK_YOU,CAMERA_3,NONE,thank you for your help,S_THANK_YOU,CAMERA_3,NONE,thank you very much,
456,8,NONE,['CAMERA_3'],"{'CAMERA_1': [], 'CAMERA_2': [], 'CAMERA_3': ['ISO', 'sensor_size', 'color']}",C_LEAVES,DOOR,NONE,,S_RETURNS_TO_COUNTER,SERVICE_COUNTER,NONE,,
457,1,NONE,[],"{'CAMERA_1': [], 'CAMERA_2': [], 'CAMERA_3': []}",C_ENTERS,DOOR,NONE,,S_NONE,SERVICE_COUNTER,NONE,,
457,2,NONE,[],"{'CAMERA_1': [], 'CAMERA_2': [], 'CAMERA_3': []}",C_GREETS,MIDDLE,NONE,hello,S_GREETS,MIDDLE,NONE,can I help you?,
457,3,CAMERA_1,['CAMERA_1'],"{'CAMERA_1': [], 'CAMERA_2': [], 'CAMERA_3': []}",C_LOOKING_FOR_A_CAMERA,MIDDLE,NONE,I'm looking for a camera,S_INTRODUCES_CAMERA,CAMERA_1,,Let me show you this. Here we have the Nikon Coolpix S2800.,39~58
457,4,CAMERA_1,['CAMERA_1'],"{'CAMERA_1': ['weight'], 'CAMERA_2': [], 'CAMERA_3': []}",C_QUESTION_ABOUT_FEATURE,CAMERA_1,weight,how much does this one weigh,S_ANSWERS_QUESTION_ABOUT_FEATURE,CAMERA_1,weight,This one weighs 120 grams.,16~25
457,5,CAMERA_1,['CAMERA_1'],"{'CAMERA_1': ['weight', 'color'], 'CAMERA_2': [], 'CAMERA_3': []}",C_QUESTION_ABOUT_FEATURE,CAMERA_1,color,what colors does this one come in,S_ANSWERS_QUESTION_ABOUT_FEATURE,CAMERA_1,color,"This one comes in purple, pink, black, silver, red.",18~50
457,6,CAMERA_1,['CAMERA_1'],"{'CAMERA_1': ['weight', 'color', 'resolution'], 'CAMERA_2': [], 'CAMERA_3': []}",C_SILENT_OR_BACKCHANNEL,CAMERA_1,NONE,alright,S_INTRODUCES_FEATURE,CAMERA_1,resolution,This one has 20.1 megapixels resolution.,13~28
457,7,CAMERA_1,['CAMERA_1'],"{'CAMERA_1': ['weight', 'color', 'resolution', 'preset_modes'], 'CAMERA_2': [], 'CAMERA_3': []}",C_QUESTION_ABOUT_FEATURE,CAMERA_1,preset_modes,does it have preset modes,S_ANSWERS_QUESTION_ABOUT_FEATURE,CAMERA_1,preset_modes,"This one has 18 preset modes (e.g. beach, snow, night portrait).",13~63
457,8,CAMERA_1,['CAMERA_1'],"{'CAMERA_1': ['weight', 'color', 'resolution', 'preset_modes', 'camera_type'], 'CAMERA_2': [], 'CAMERA_3': []}",C_SILENT_OR_BACKCHANNEL,CAMERA_1,NONE,okay,S_INTRODUCES_FEATURE,CAMERA_1,camera_type,This is a point and shoot camera.,10~25
457,9,CAMERA_1,['CAMERA_1'],"{'CAMERA_1': ['weight', 'color', 'resolution', 'preset_modes', 'camera_type', 'settings'], 'CAMERA_2': [], 'CAMERA_3': []}",C_SILENT_OR_BACKCHANNEL,CAMERA_1,NONE,I see,S_INTRODUCES_FEATURE,CAMERA_1,settings,This one has limited manual settings.,13~36
457,10,CAMERA_1,['CAMERA_1'],"{'CAMERA_1': ['weight', 'color', 'resolution', 'preset_modes', 'camera_type', 'settings', 'price'], 'CAMERA_2': [], 'CAMERA_3': []}",C_QUESTION_ABOUT_FEATURE,CAMERA_1,price,how much does it cost,S_ANSWERS_QUESTION_ABOUT_FEATURE,CAMERA_1,price,This one costs $2173.,15~20
457,11,CAMERA_2,"['CAMERA_1', 'CAMERA_2']","{'CAMERA_1': ['weight', 'color', 'resolution', 'preset_modes', 'camera_type', 'settings', 'price'], 'CAMERA_2': [], 'CAMERA_3': []}",C_ANYTHING_ELSE_AVAILABLE,CAMERA_1,NONE,ok do you have any other cameras,S_INTRODUCES_CAMERA,CAMERA_2,,Let me show you this. Here we have the Sony Alpha a6000.,39~55
457,12,CAMERA_2,"['CAMERA_1', 'CAMERA_2']","{'CAMERA_1': ['weight', 'color', 'resolution', 'preset_modes', 'camera_type', 'settings', 'price'], 'CAMERA_2': ['price'], 'CAMERA_3': []}",C_SILENT_OR_BACKCHANNEL,CAMERA_2,NONE,alright,S_INTRODUCES_FEATURE,CAMERA_2,price,This one costs $1341.,15~20
457,13,CAMERA_2,"['CAMERA_1', 'CAMERA_2']","{'CAMERA_1': ['weight', 'color', 'resolution', 'preset_modes', 'camera_type', 'settings', 'price'], 'CAMERA_2': ['price', 'settings'], 'CAMERA_3': []}",C_SILENT_OR_BACKCHANNEL,CAMERA_2,NONE,alright,S_INTRODUCES_FEATURE,CAMERA_2,settings,This one has full manual control.,13~32
457,14,CAMERA_2,"['CAMERA_1', 'CAMERA_2']","{'CAMERA_1': ['weight', 'color', 'resolution', 'preset_modes', 'camera_type', 'settings', 'price'], 'CAMERA_2': ['price', 'settings', 'sensor_size'], 'CAMERA_3': []}",C_QUESTION_ABOUT_FEATURE,CAMERA_2,sensor_size,what is the sensor size,S_ANSWERS_QUESTION_ABOUT_FEATURE,CAMERA_2,sensor_size,This one has a APS-C sensor (crop sensor).,15~41
457,15,CAMERA_2,"['CAMERA_1', 'CAMERA_2']","{'CAMERA_1': ['weight', 'color', 'resolution', 'preset_modes', 'camera_type', 'settings', 'price'], 'CAMERA_2': ['price', 'settings', 'sensor_size', 'resolution'], 'CAMERA_3': []}",C_QUESTION_ABOUT_FEATURE,CAMERA_2,resolution,what is the resolution,S_NOT_SURE,CAMERA_2,,I'm not really sure about that,
457,16,CAMERA_3,"['CAMERA_1', 'CAMERA_2', 'CAMERA_3']","{'CAMERA_1': ['weight', 'color', 'resolution', 'preset_modes', 'camera_type', 'settings', 'price'], 'CAMERA_2': ['price', 'settings', 'sensor_size', 'resolution'], 'CAMERA_3': []}",C_ANYTHING_ELSE_AVAILABLE,CAMERA_2,NONE,ok do you have any other cameras,S_INTRODUCES_CAMERA,CAMERA_3,,Let me show you this. Here we have the Canon EOS 5D Mark III.,39~60
457,17,CAMERA_3,"['CAMERA_1', 'CAMERA_2', 'CAMERA_3']","{'CAMERA_1': ['weight', 'color', 'resolution', 'preset_modes', 'camera_type', 'settings', 'price'], 'CAMERA_2': ['price', 'settings', 'sensor_size', 'resolution'], 'CAMERA_3': ['price']}",C_QUESTION_ABOUT_FEATURE,CAMERA_3,price,how much does it cost,S_ANSWERS_QUESTION_ABOUT_FEATURE,CAMERA_3,price,This one costs $3706.,15~20
457,18,CAMERA_3,"['CAMERA_1', 'CAMERA_2', 'CAMERA_3']","{'CAMERA_1': ['weight', 'color', 'resolution', 'preset_modes', 'camera_type', 'settings', 'price'], 'CAMERA_2': ['price', 'settings', 'sensor_size', 'resolution'], 'CAMERA_3': ['price', 'weight']}",C_SILENT_OR_BACKCHANNEL,CAMERA_3,NONE,alright,S_INTRODUCES_FEATURE,CAMERA_3,weight,This one weighs 950 grams (only body).,16~37
457,19,NONE,"['CAMERA_1', 'CAMERA_2', 'CAMERA_3']","{'CAMERA_1': ['weight', 'color', 'resolution', 'preset_modes', 'camera_type', 'settings', 'price'], 'CAMERA_2': ['price', 'settings', 'sensor_size', 'resolution'], 'CAMERA_3': ['price', 'weight']}",C_THANK_YOU,CAMERA_3,NONE,thank you for your help,S_THANK_YOU,CAMERA_3,NONE,thank you very much,
457,20,NONE,"['CAMERA_1', 'CAMERA_2', 'CAMERA_3']","{'CAMERA_1': ['weight', 'color', 'resolution', 'preset_modes', 'camera_type', 'settings', 'price'], 'CAMERA_2': ['price', 'settings', 'sensor_size', 'resolution'], 'CAMERA_3': ['price', 'weight']}",C_LEAVES,DOOR,NONE,,S_RETURNS_TO_COUNTER,SERVICE_COUNTER,NONE,,
458,1,NONE,[],"{'CAMERA_1': [], 'CAMERA_2': [], 'CAMERA_3': []}",C_ENTERS,DOOR,NONE,,S_NONE,SERVICE_COUNTER,NONE,,
458,2,NONE,[],"{'CAMERA_1': [], 'CAMERA_2': [], 'CAMERA_3': []}",C_GREETS,MIDDLE,NONE,hello,S_GREETS,MIDDLE,NONE,can I help you?,
458,3,CAMERA_2,['CAMERA_2'],"{'CAMERA_1': [], 'CAMERA_2': [], 'CAMERA_3': []}",C_LOOKING_FOR_A_CAMERA,MIDDLE,NONE,I'm looking for a camera,S_INTRODUCES_CAMERA,CAMERA_2,,Let me show you this. Here we have the Sony Alpha a6000.,39~55
458,4,CAMERA_2,['CAMERA_2'],"{'CAMERA_1': [], 'CAMERA_2': ['long_exposure'], 'CAMERA_3': []}",C_QUESTION_ABOUT_FEATURE,CAMERA_2,long_exposure,can it take long exposure shots,S_ANSWERS_QUESTION_ABOUT_FEATURE,CAMERA_2,long_exposure,This one can take long exposures up to up to 30 seconds.,39~55
458,5,CAMERA_2,['CAMERA_2'],"{'CAMERA_1': [], 'CAMERA_2': ['long_exposure', 'price'], 'CAMERA_3': []}",C_QUESTION_ABOUT_FEATURE,CAMERA_2,price,how much does it cost,S_ANSWERS_QUESTION_ABOUT_FEATURE,CAMERA_2,price,This one costs $1341.,15~20
458,6,CAMERA_2,['CAMERA_2'],"{'CAMERA_1': [], 'CAMERA_2': ['long_exposure', 'price', 'color'], 'CAMERA_3': []}",C_QUESTION_ABOUT_FEATURE,CAMERA_2,color,what colors does this one come in,S_ANSWERS_QUESTION_ABOUT_FEATURE,CAMERA_2,color,"This one comes in white, silver, black.",18~38
458,7,CAMERA_2,['CAMERA_2'],"{'CAMERA_1': [], 'CAMERA_2': ['long_exposure', 'price', 'color', 'ISO'], 'CAMERA_3': []}",C_QUESTION_ABOUT_FEATURE,CAMERA_2,ISO,what is the ISO,S_ANSWERS_QUESTION_ABOUT_FEATURE,CAMERA_2,ISO,This one has up to 3200 ISO with little noise.,13~45
458,8,CAMERA_2,['CAMERA_2'],"{'CAMERA_1': [], 'CAMERA_2': ['long_exposure', 'price', 'color', 'ISO', 'sensor_size'], 'CAMERA_3': []}",C_SILENT_OR_BACKCHANNEL,CAMERA_2,NONE,alright,S_INTRODUCES_FEATURE,CAMERA_2,sensor_size,This one has a APS-C sensor (crop sensor).,15~41
458,9,CAMERA_1,"['CAMERA_2', 'CAMERA_1']","{'CAMERA_1': [], 'CAMERA_2': ['long_exposure', 'price', 'color', 'ISO', 'sensor_size'], 'CAMERA_3': []}",C_ANYTHING_ELSE_AVAILABLE,CAMERA_2,NONE,ok do you have any other cameras,S_INTRODUCES_CAMERA,CAMERA_1,,Let me show you this. Here we have the Nikon Coolpix S2800.,39~58
458,10,CAMERA_1,"['CAMERA_2', 'CAMERA_1']","{'CAMERA_1': ['sensor_size'], 'CAMERA_2': ['long_exposure', 'price', 'color', 'ISO', 'sensor_size'], 'CAMERA_3': []}",C_QUESTION_ABOUT_FEATURE,CAMERA_1,sensor_size,what is the sensor size,S_NOT_SURE,CAMERA_1,,I'm not really sure about that,
458,11,CAMERA_1,"['CAMERA_2', 'CAMERA_1']","{'CAMERA_1': ['sensor_size', 'color'], 'CAMERA_2': ['long_exposure', 'price', 'color', 'ISO', 'sensor_size'], 'CAMERA_3': []}",C_SILENT_OR_BACKCHANNEL,CAMERA_1,NONE,okay,S_INTRODUCES_FEATURE,CAMERA_1,color,"This one comes in purple, pink, black, silver, red.",18~50
458,12,CAMERA_1,"['CAMERA_2', 'CAMERA_1']","{'CAMERA_1': ['sensor_size', 'color', 'optical_zoom'], 'CAMERA_2': ['long_exposure', 'price', 'color', 'ISO', 'sensor_size'], 'CAMERA_3': []}",C_SILENT_OR_BACKCHANNEL,CAMERA_1,NONE,I see,S_INTRODUCES_FEATURE,CAMERA_1,optical_zoom,This one has 5x optical zoom.,13~28
458,13,CAMERA_1,"['CAMERA_2', 'CAMERA_1']","{'CAMERA_1': ['sensor_size', 'color', 'optical_zoom', 'weight'], 'CAMERA_2': ['long_exposure', 'price', 'color', 'ISO', 'sensor_size'], 'CAMERA_3': []}",C_SILENT_OR_BACKCHANNEL,CAMERA_1,NONE,alright,S_INTRODUCES_FEATURE,CAMERA_1,weight,This one weighs 120 grams.,16~25
458,14,CAMERA_3,"['CAMERA_2', 'CAMERA_1', 'CAMERA_3']","{'CAMERA_1': ['sensor_size', 'color', 'optical_zoom', 'weight'], 'CAMERA_2': ['long_exposure', 'price', 'color', 'ISO', 'sensor_size'], 'CAMERA_3': []}",C_ANYTHING_ELSE_AVAILABLE,CAMERA_1,NONE,ok do you have any other cameras,S_INTRODUCES_CAMERA,CAMERA_3,,Let me show you this. Here we have the Canon EOS 5D Mark III.,39~60
458,15,CAMERA_3,"['CAMERA_2', 'CAMERA_1', 'CAMERA_3']","{'CAMERA_1': ['sensor_size', 'color', 'optical_zoom', 'weight'], 'CAMERA_2': ['long_exposure', 'price', 'color', 'ISO', 'sensor_size'], 'CAMERA_3': ['long_exposure']}",C_QUESTION_ABOUT_FEATURE,CAMERA_3,long_exposure,can it take long exposure shots,S_ANSWERS_QUESTION_ABOUT_FEATURE,CAMERA_3,long_exposure,"This one can take long exposures up to up to 30 seconds, bulb mode: expose as long as you want.",39~94
458,16,CAMERA_3,"['CAMERA_2', 'CAMERA_1', 'CAMERA_3']","{'CAMERA_1': ['sensor_size', 'color', 'optical_zoom', 'weight'], 'CAMERA_2': ['long_exposure', 'price', 'color', 'ISO', 'sensor_size'], 'CAMERA_3': ['long_exposure', 'settings']}",C_QUESTION_ABOUT_FEATURE,CAMERA_3,settings,what kind of settings does it have,S_ANSWERS_QUESTION_ABOUT_FEATURE,CAMERA_3,settings,This one has full manual control.,13~32
458,17,CAMERA_3,"['CAMERA_2', 'CAMERA_1', 'CAMERA_3']","{'CAMERA_1': ['sensor_size', 'color', 'optical_zoom', 'weight'], 'CAMERA_2': ['long_exposure', 'price', 'color', 'ISO', 'sensor_size'], 'CAMERA_3': ['long_exposure', 'settings', 'preset_modes']}",C_QUESTION_ABOUT_FEATURE,CAMERA_3,preset_modes,does it have preset modes,S_NOT_SURE,CAMERA_3,,I'm not really sure about that,
458,18,CAMERA_3,"['CAMERA_2', 'CAMERA_1', 'CAMERA_3']","{'CAMERA_1': ['sensor_size', 'color', 'optical_zoom', 'weight'], 'CAMERA_2': ['long_exposure', 'price', 'color', 'ISO', 'sensor_size'], 'CAMERA_3': ['long_exposure', 'settings', 'preset_modes', 'ISO']}",C_SILENT_OR_BACKCHANNEL,CAMERA_3,NONE,alright,S_INTRODUCES_FEATURE,CAMERA_3,ISO,This one has up to 6400 ISO with little noise.,13~45
458,19,CAMERA_3,"['CAMERA_2', 'CAMERA_1', 'CAMERA_3']","{'CAMERA_1': ['sensor_size', 'color', 'optical_zoom', 'weight'], 'CAMERA_2': ['long_exposure', 'price', 'color', 'ISO', 'sensor_size'], 'CAMERA_3': ['long_exposure', 'settings', 'preset_modes', 'ISO', 'price']}",C_SILENT_OR_BACKCHANNEL,CAMERA_3,NONE,alright,S_INTRODUCES_FEATURE,CAMERA_3,price,This one costs $3706.,15~20
458,20,CAMERA_3,"['CAMERA_2', 'CAMERA_1', 'CAMERA_3']","{'CAMERA_1': ['sensor_size', 'color', 'optical_zoom', 'weight'], 'CAMERA_2': ['long_exposure', 'price', 'color', 'ISO', 'sensor_size'], 'CAMERA_3': ['long_exposure', 'settings', 'preset_modes', 'ISO', 'price', 'weight']}",C_QUESTION_ABOUT_FEATURE,CAMERA_3,weight,how much does this one weigh,S_ANSWERS_QUESTION_ABOUT_FEATURE,CAMERA_3,weight,This one weighs 950 grams (only body).,16~37
458,21,CAMERA_3,"['CAMERA_2', 'CAMERA_1', 'CAMERA_3']","{'CAMERA_1': ['sensor_size', 'color', 'optical_zoom', 'weight'], 'CAMERA_2': ['long_exposure', 'price', 'color', 'ISO', 'sensor_size'], 'CAMERA_3': ['long_exposure', 'settings', 'preset_modes', 'ISO', 'price', 'weight', 'camera_type']}",C_SILENT_OR_BACKCHANNEL,CAMERA_3,NONE,okay,S_INTRODUCES_FEATURE,CAMERA_3,camera_type,This is a DSLR camera.,10~14
458,22,CAMERA_3,"['CAMERA_2', 'CAMERA_1', 'CAMERA_3']","{'CAMERA_1': ['sensor_size', 'color', 'optical_zoom', 'weight'], 'CAMERA_2': ['long_exposure', 'price', 'color', 'ISO', 'sensor_size'], 'CAMERA_3': ['long_exposure', 'settings', 'preset_modes', 'ISO', 'price', 'weight', 'camera_type', 'autofocus_points']}",C_SILENT_OR_BACKCHANNEL,CAMERA_3,NONE,alright,S_INTRODUCES_FEATURE,CAMERA_3,autofocus_points,This one has 61 autofocus points.,13~32
458,23,,"['CAMERA_2', 'CAMERA_1', 'CAMERA_3']","{'CAMERA_1': ['sensor_size', 'color', 'optical_zoom', 'weight'], 'CAMERA_2': ['long_exposure', 'price', 'color', 'ISO', 'sensor_size'], 'CAMERA_3': ['long_exposure', 'settings', 'preset_modes', 'ISO', 'price', 'weight', 'camera_type', 'autofocus_points']}",C_ANYTHING_ELSE_AVAILABLE,CAMERA_3,NONE,ok do you have any other cameras,S_THATS_ALL_WE_HAVE_AVAILABLE,CAMERA_3,,That’s all we have available at the moment.,
458,24,NONE,"['CAMERA_2', 'CAMERA_1', 'CAMERA_3']","{'CAMERA_1': ['sensor_size', 'color', 'optical_zoom', 'weight'], 'CAMERA_2': ['long_exposure', 'price', 'color', 'ISO', 'sensor_size'], 'CAMERA_3': ['long_exposure', 'settings', 'preset_modes', 'ISO', 'price', 'weight', 'camera_type', 'autofocus_points']}",C_THANK_YOU,CAMERA_3,NONE,thank you for your help,S_THANK_YOU,CAMERA_3,NONE,thank you very much,
458,25,NONE,"['CAMERA_2', 'CAMERA_1', 'CAMERA_3']","{'CAMERA_1': ['sensor_size', 'color', 'optical_zoom', 'weight'], 'CAMERA_2': ['long_exposure', 'price', 'color', 'ISO', 'sensor_size'], 'CAMERA_3': ['long_exposure', 'settings', 'preset_modes', 'ISO', 'price', 'weight', 'camera_type', 'autofocus_points']}",C_LEAVES,DOOR,NONE,,S_RETURNS_TO_COUNTER,SERVICE_COUNTER,NONE,,
459,1,NONE,[],"{'CAMERA_1': [], 'CAMERA_2': [], 'CAMERA_3': []}",C_ENTERS,DOOR,NONE,,S_NONE,SERVICE_COUNTER,NONE,,
459,2,NONE,[],"{'CAMERA_1': [], 'CAMERA_2': [], 'CAMERA_3': []}",C_GREETS,MIDDLE,NONE,hello,S_GREETS,MIDDLE,NONE,can I help you?,
459,3,CAMERA_1,['CAMERA_1'],"{'CAMERA_1': [], 'CAMERA_2': [], 'CAMERA_3': []}",C_LOOKING_FOR_A_CAMERA,MIDDLE,NONE,I'm looking for a camera,S_INTRODUCES_CAMERA,CAMERA_1,,Let me show you this. Here we have the Nikon Coolpix S2800.,39~58
459,4,CAMERA_1,['CAMERA_1'],"{'CAMERA_1': ['settings'], 'CAMERA_2': [], 'CAMERA_3': []}",C_SILENT_OR_BACKCHANNEL,CAMERA_1,NONE,I see,S_INTRODUCES_FEATURE,CAMERA_1,settings,This one has limited manual settings.,13~36
459,5,CAMERA_1,['CAMERA_1'],"{'CAMERA_1': ['settings', 'weight'], 'CAMERA_2': [], 'CAMERA_3': []}",C_QUESTION_ABOUT_FEATURE,CAMERA_1,weight,how much does this one weigh,S_ANSWERS_QUESTION_ABOUT_FEATURE,CAMERA_1,weight,This one weighs 120 grams.,16~25
459,6,CAMERA_1,['CAMERA_1'],"{'CAMERA_1': ['settings', 'weight', 'resolution'], 'CAMERA_2': [], 'CAMERA_3': []}",C_SILENT_OR_BACKCHANNEL,CAMERA_1,NONE,I see,S_INTRODUCES_FEATURE,CAMERA_1,resolution,This one has 20.1 megapixels resolution.,13~28
459,7,CAMERA_1,['CAMERA_1'],"{'CAMERA_1': ['settings', 'weight', 'resolution', 'optical_zoom'], 'CAMERA_2': [], 'CAMERA_3': []}",C_SILENT_OR_BACKCHANNEL,CAMERA_1,NONE,I see,S_INTRODUCES_FEATURE,CAMERA_1,optical_zoom,This one has 5x optical zoom.,13~28
459,8,NONE,['CAMERA_1'],"{'CAMERA_1': ['settings', 'weight', 'resolution', 'optical_zoom'], 'CAMERA_2': [], 'CAMERA_3': []}",C_THANK_YOU,CAMERA_1,NONE,thank you for your help,S_THANK_YOU,CAMERA_1,NONE,thank you very much,
459,9,NONE,['CAMERA_1'],"{'CAMERA_1': ['settings', 'weight', 'resolution', 'optical_zoom'], 'CAMERA_2': [], 'CAMERA_3': []}",C_LEAVES,DOOR,NONE,,S_RETURNS_TO_COUNTER,SERVICE_COUNTER,NONE,,
460,1,NONE,[],"{'CAMERA_1': [], 'CAMERA_2': [], 'CAMERA_3': []}",C_ENTERS,DOOR,NONE,,S_NONE,SERVICE_COUNTER,NONE,,
460,2,NONE,[],"{'CAMERA_1': [], 'CAMERA_2': [], 'CAMERA_3': []}",C_WALKS_TO_CAMERA,CAMERA_3,NONE,,S_NONE,SERVICE_COUNTER,NONE,,
460,3,CAMERA_3,['CAMERA_3'],"{'CAMERA_1': [], 'CAMERA_2': [], 'CAMERA_3': ['resolution']}",C_QUESTION_ABOUT_FEATURE,CAMERA_3,resolution,what is the resolution,S_NOT_SURE,CAMERA_3,,I'm not really sure about that,
460,4,CAMERA_3,['CAMERA_3'],"{'CAMERA_1': [], 'CAMERA_2': [], 'CAMERA_3': ['resolution', 'color']}",C_SILENT_OR_BACKCHANNEL,CAMERA_3,NONE,I see,S_INTRODUCES_FEATURE,CAMERA_3,color,This one comes in black.,18~23
460,5,NONE,['CAMERA_3'],"{'CAMERA_1': [], 'CAMERA_2': [], 'CAMERA_3': ['resolution', 'color']}",C_THANK_YOU,CAMERA_3,NONE,thank you for your help,S_THANK_YOU,CAMERA_3,NONE,thank you very much,
460,6,NONE,['CAMERA_3'],"{'CAMERA_1': [], 'CAMERA_2': [], 'CAMERA_3': ['resolution', 'color']}",C_LEAVES,DOOR,NONE,,S_RETURNS_TO_COUNTER,SERVICE_COUNTER,NONE,,
461,1,NONE,[],"{'CAMERA_1': [], 'CAMERA_2': [], 'CAMERA_3': []}",C_ENTERS,DOOR,NONE,,S_NONE,SERVICE_COUNTER,NONE,,
461,2,NONE,[],"{'CAMERA_1': [], 'CAMERA_2': [], 'CAMERA_3': []}",C_GREETS,MIDDLE,NONE,hello,S_GREETS,MIDDLE,NONE,can I help you?,
461,3,CAMERA_1,['CAMERA_1'],"{'CAMERA_1': [], 'CAMERA_2': [], 'CAMERA_3': []}",C_LOOKING_FOR_A_CAMERA,MIDDLE,NONE,I'm looking for a camera,S_INTRODUCES_CAMERA,CAMERA_1,,Let me show you this. Here we have the Nikon Coolpix S2800.,39~58
461,4,CAMERA_1,['CAMERA_1'],"{'CAMERA_1': ['price'], 'CAMERA_2': [], 'CAMERA_3': []}",C_SILENT_OR_BACKCHANNEL,CAMERA_1,NONE,I see,S_INTRODUCES_FEATURE,CAMERA_1,price,This one costs $2173.,15~20
461,5,CAMERA_1,['CAMERA_1'],"{'CAMERA_1': ['price', 'color'], 'CAMERA_2': [], 'CAMERA_3': []}",C_SILENT_OR_BACKCHANNEL,CAMERA_1,NONE,I see,S_INTRODUCES_FEATURE,CAMERA_1,color,"This one comes in purple, pink, black, silver, red.",18~50
461,6,CAMERA_1,['CAMERA_1'],"{'CAMERA_1': ['price', 'color', 'resolution'], 'CAMERA_2': [], 'CAMERA_3': []}",C_SILENT_OR_BACKCHANNEL,CAMERA_1,NONE,okay,S_INTRODUCES_FEATURE,CAMERA_1,resolution,This one has 20.1 megapixels resolution.,13~28
461,7,CAMERA_1,['CAMERA_1'],"{'CAMERA_1': ['price', 'color', 'resolution', 'settings'], 'CAMERA_2': [], 'CAMERA_3': []}",C_SILENT_OR_BACKCHANNEL,CAMERA_1,NONE,okay,S_INTRODUCES_FEATURE,CAMERA_1,settings,This one has limited manual settings.,13~36
461,8,NONE,['CAMERA_1'],"{'CAMERA_1': ['price', 'color', 'resolution', 'settings'], 'CAMERA_2': [], 'CAMERA_3': []}",C_THANK_YOU,CAMERA_1,NONE,thank you for your help,S_THANK_YOU,CAMERA_1,NONE,thank you very much,
461,9,NONE,['CAMERA_1'],"{'CAMERA_1': ['price', 'color', 'resolution', 'settings'], 'CAMERA_2': [], 'CAMERA_3': []}",C_LEAVES,DOOR,NONE,,S_RETURNS_TO_COUNTER,SERVICE_COUNTER,NONE,,
462,1,NONE,[],"{'CAMERA_1': [], 'CAMERA_2': [], 'CAMERA_3': []}",C_ENTERS,DOOR,NONE,,S_NONE,SERVICE_COUNTER,NONE,,
462,2,NONE,[],"{'CAMERA_1': [], 'CAMERA_2': [], 'CAMERA_3': []}",C_WALKS_TO_CAMERA,CAMERA_2,NONE,,S_GREETS,CAMERA_2,NONE,can I help you?,
462,3,CAMERA_1,['CAMERA_1'],"{'CAMERA_1': [], 'CAMERA_2': [], 'CAMERA_3': []}",C_LOOKING_FOR_A_CAMERA,CAMERA_2,NONE,I'm looking for a camera,S_INTRODUCES_CAMERA,CAMERA_1,,Let me show you this. Here we have the Nikon Coolpix S2800.,39~58
462,4,CAMERA_1,['CAMERA_1'],"{'CAMERA_1': ['weight'], 'CAMERA_2': [], 'CAMERA_3': []}",C_QUESTION_ABOUT_FEATURE,CAMERA_1,weight,how much does this one weigh,S_ANSWERS_QUESTION_ABOUT_FEATURE,CAMERA_1,weight,This one weighs 120 grams.,16~25
462,5,CAMERA_1,['CAMERA_1'],"{'CAMERA_1': ['weight', 'sensor_size'], 'CAMERA_2': [], 'CAMERA_3': []}",C_QUESTION_ABOUT_FEATURE,CAMERA_1,sensor_size,what is the sensor size,S_NOT_SURE,CAMERA_1,,I'm not really sure about that,
462,6,CAMERA_1,['CAMERA_1'],"{'CAMERA_1': ['weight', 'sensor_size', 'autofocus_points'], 'CAMERA_2': [], 'CAMERA_3': []}",C_QUESTION_ABOUT_FEATURE,CAMERA_1,autofocus_points,how many autofocus points does it have,S_NOT_SURE,CAMERA_1,,I'm not really sure about that,
462,7,CAMERA_1,['CAMERA_1'],"{'CAMERA_1': ['weight', 'sensor_size', 'autofocus_points', 'effects'], 'CAMERA_2': [], 'CAMERA_3': []}",C_SILENT_OR_BACKCHANNEL,CAMERA_1,NONE,okay,S_INTRODUCES_FEATURE,CAMERA_1,effects,"This one has 12 glamor retouch effects (e.g. skin softening, small face, big eyes).",13~82
462,8,NONE,['CAMERA_1'],"{'CAMERA_1': ['weight', 'sensor_size', 'autofocus_points', 'effects'], 'CAMERA_2': [], 'CAMERA_3': []}",C_THANK_YOU,CAMERA_1,NONE,thank you for your help,S_THANK_YOU,CAMERA_1,NONE,thank you very much,
462,9,NONE,['CAMERA_1'],"{'CAMERA_1': ['weight', 'sensor_size', 'autofocus_points', 'effects'], 'CAMERA_2': [], 'CAMERA_3': []}",C_LEAVES,DOOR,NONE,,S_RETURNS_TO_COUNTER,SERVICE_COUNTER,NONE,,
463,1,NONE,[],"{'CAMERA_1': [], 'CAMERA_2': [], 'CAMERA_3': []}",C_ENTERS,DOOR,NONE,,S_NONE,SERVICE_COUNTER,NONE,,
463,2,NONE,[],"{'CAMERA_1': [], 'CAMERA_2': [], 'CAMERA_3': []}",C_WALKS_TO_CAMERA,CAMERA_1,NONE,,S_GREETS,CAMERA_1,NONE,can I help you?,
463,3,CAMERA_2,['CAMERA_2'],"{'CAMERA_1': [], 'CAMERA_2': [], 'CAMERA_3': []}",C_LOOKING_FOR_A_CAMERA,CAMERA_1,NONE,I'm looking for a camera,S_INTRODUCES_CAMERA,CAMERA_2,,Let me show you this. Here we have the Sony Alpha a6000.,39~55
463,4,CAMERA_2,['CAMERA_2'],"{'CAMERA_1': [], 'CAMERA_2': ['camera_type'], 'CAMERA_3': []}",C_QUESTION_ABOUT_FEATURE,CAMERA_2,camera_type,what kind of camera is this,S_ANSWERS_QUESTION_ABOUT_FEATURE,CAMERA_2,camera_type,This is a mirrorless camera.,10~20
463,5,CAMERA_2,['CAMERA_2'],"{'CAMERA_1': [], 'CAMERA_2': ['camera_type', 'sensor_size'], 'CAMERA_3': []}",C_QUESTION_ABOUT_FEATURE,CAMERA_2,sensor_size,what is the sensor size,S_ANSWERS_QUESTION_ABOUT_FEATURE,CAMERA_2,sensor_size,This one has a APS-C sensor (crop sensor).,15~41
463,6,NONE,['CAMERA_2'],"{'CAMERA_1': [], 'CAMERA_2': ['camera_type', 'sensor_size'], 'CAMERA_3': []}",C_THANK_YOU,CAMERA_2,NONE,thank you for your help,S_THANK_YOU,CAMERA_2,NONE,thank you very much,
463,7,NONE,['CAMERA_2'],"{'CAMERA_1': [], 'CAMERA_2': ['camera_type', 'sensor_size'], 'CAMERA_3': []}",C_LEAVES,DOOR,NONE,,S_RETURNS_TO_COUNTER,SERVICE_COUNTER,NONE,,
464,1,NONE,[],"{'CAMERA_1': [], 'CAMERA_2': [], 'CAMERA_3': []}",C_ENTERS,DOOR,NONE,,S_NONE,SERVICE_COUNTER,NONE,,
464,2,NONE,[],"{'CAMERA_1': [], 'CAMERA_2': [], 'CAMERA_3': []}",C_GREETS,MIDDLE,NONE,hello,S_GREETS,MIDDLE,NONE,can I help you?,
464,3,CAMERA_1,['CAMERA_1'],"{'CAMERA_1': [], 'CAMERA_2': [], 'CAMERA_3': []}",C_LOOKING_FOR_A_CAMERA,MIDDLE,NONE,I'm looking for a camera,S_INTRODUCES_CAMERA,CAMERA_1,,Let me show you this. Here we have the Nikon Coolpix S2800.,39~58
464,4,CAMERA_1,['CAMERA_1'],"{'CAMERA_1': ['optical_zoom'], 'CAMERA_2': [], 'CAMERA_3': []}",C_QUESTION_ABOUT_FEATURE,CAMERA_1,optical_zoom,does it have optical zoom,S_ANSWERS_QUESTION_ABOUT_FEATURE,CAMERA_1,optical_zoom,This one has 5x optical zoom.,13~28
464,5,CAMERA_1,['CAMERA_1'],"{'CAMERA_1': ['optical_zoom', 'color'], 'CAMERA_2': [], 'CAMERA_3': []}",C_QUESTION_ABOUT_FEATURE,CAMERA_1,color,what colors does this one come in,S_ANSWERS_QUESTION_ABOUT_FEATURE,CAMERA_1,color,"This one comes in purple, pink, black, silver, red.",18~50
464,6,CAMERA_1,['CAMERA_1'],"{'CAMERA_1': ['optical_zoom', 'color', 'camera_type'], 'CAMERA_2': [], 'CAMERA_3': []}",C_QUESTION_ABOUT_FEATURE,CAMERA_1,camera_type,what kind of camera is this,S_ANSWERS_QUESTION_ABOUT_FEATURE,CAMERA_1,camera_type,This is a point and shoot camera.,10~25
464,7,CAMERA_1,['CAMERA_1'],"{'CAMERA_1': ['optical_zoom', 'color', 'camera_type', 'effects'], 'CAMERA_2': [], 'CAMERA_3': []}",C_QUESTION_ABOUT_FEATURE,CAMERA_1,effects,does it have any effect modes,S_ANSWERS_QUESTION_ABOUT_FEATURE,CAMERA_1,effects,"This one has 12 glamor retouch effects (e.g. skin softening, small face, big eyes).",13~82
464,8,CAMERA_2,"['CAMERA_1', 'CAMERA_2']","{'CAMERA_1': ['optical_zoom', 'color', 'camera_type', 'effects'], 'CAMERA_2': [], 'CAMERA_3': []}",C_ANYTHING_ELSE_AVAILABLE,CAMERA_1,NONE,ok do you have any other cameras,S_INTRODUCES_CAMERA,CAMERA_2,,Let me show you this. Here we have the Sony Alpha a6000.,39~55
464,9,CAMERA_2,"['CAMERA_1', 'CAMERA_2']","{'CAMERA_1': ['optical_zoom', 'color', 'camera_type', 'effects'], 'CAMERA_2': ['optical_zoom'], 'CAMERA_3': []}",C_QUESTION_ABOUT_FEATURE,CAMERA_2,optical_zoom,does it have optical zoom,S_NOT_SURE,CAMERA_2,,I'm not really sure about that,
464,10,CAMERA_2,"['CAMERA_1', 'CAMERA_2']","{'CAMERA_1': ['optical_zoom', 'color', 'camera_type', 'effects'], 'CAMERA_2': ['optical_zoom', 'weight'], 'CAMERA_3': []}",C_SILENT_OR_BACKCHANNEL,CAMERA_2,NONE,I see,S_INTRODUCES_FEATURE,CAMERA_2,weight,This one weighs 470 grams.,16~25
464,11,CAMERA_2,"['CAMERA_1', 'CAMERA_2']","{'CAMERA_1': ['optical_zoom', 'color', 'camera_type', 'effects'], 'CAMERA_2': ['optical_zoom', 'weight', 'color'], 'CAMERA_3': []}",C_QUESTION_ABOUT_FEATURE,CAMERA_2,color,what colors does this one come in,S_ANSWERS_QUESTION_ABOUT_FEATURE,CAMERA_2,color,"This one comes in white, silver, black.",18~38
464,12,CAMERA_2,"['CAMERA_1', 'CAMERA_2']","{'CAMERA_1': ['optical_zoom', 'color', 'camera_type', 'effects'], 'CAMERA_2': ['optical_zoom', 'weight', 'color', 'preset_modes'], 'CAMERA_3': []}",C_QUESTION_ABOUT_FEATURE,CAMERA_2,preset_modes,does it have preset modes,S_ANSWERS_QUESTION_ABOUT_FEATURE,CAMERA_2,preset_modes,"This one has 9 preset modes (e.g. beach, snow, night, portrait).",13~63
464,13,CAMERA_2,"['CAMERA_1', 'CAMERA_2']","{'CAMERA_1': ['optical_zoom', 'color', 'camera_type', 'effects'], 'CAMERA_2': ['optical_zoom', 'weight', 'color', 'preset_modes', 'settings'], 'CAMERA_3': []}",C_SILENT_OR_BACKCHANNEL,CAMERA_2,NONE,I see,S_INTRODUCES_FEATURE,CAMERA_2,settings,This one has full manual control.,13~32
464,14,CAMERA_3,"['CAMERA_1', 'CAMERA_2', 'CAMERA_3']","{'CAMERA_1': ['optical_zoom', 'color', 'camera_type', 'effects'], 'CAMERA_2': ['optical_zoom', 'weight', 'color', 'preset_modes', 'settings'], 'CAMERA_3': []}",C_ANYTHING_ELSE_AVAILABLE,CAMERA_2,NONE,ok do you have any other cameras,S_INTRODUCES_CAMERA,CAMERA_3,,Let me show you this. Here we have the Canon EOS 5D Mark III.,39~60
464,15,CAMERA_3,"['CAMERA_1', 'CAMERA_2', 'CAMERA_3']","{'CAMERA_1': ['optical_zoom', 'color', 'camera_type', 'effects'], 'CAMERA_2': ['optical_zoom', 'weight', 'color', 'preset_modes', 'settings'], 'CAMERA_3': ['long_exposure']}",C_QUESTION_ABOUT_FEATURE,CAMERA_3,long_exposure,can it take long exposure shots,S_ANSWERS_QUESTION_ABOUT_FEATURE,CAMERA_3,long_exposure,"This one can take long exposures up to up to 30 seconds, bulb mode: expose as long as you want.",39~94
464,16,,"['CAMERA_1', 'CAMERA_2', 'CAMERA_3']","{'CAMERA_1': ['optical_zoom', 'color', 'camera_type', 'effects'], 'CAMERA_2': ['optical_zoom', 'weight', 'color', 'preset_modes', 'settings'], 'CAMERA_3': ['long_exposure']}",C_ANYTHING_ELSE_AVAILABLE,CAMERA_3,NONE,ok do you have any other cameras,S_THATS_ALL_WE_HAVE_AVAILABLE,CAMERA_3,,That’s all we have available at the moment.,
464,17,NONE,"['CAMERA_1', 'CAMERA_2', 'CAMERA_3']","{'CAMERA_1': ['optical_zoom', 'color', 'camera_type', 'effects'], 'CAMERA_2': ['optical_zoom', 'weight', 'color', 'preset_modes', 'settings'], 'CAMERA_3': ['long_exposure']}",C_THANK_YOU,CAMERA_3,NONE,thank you for your help,S_THANK_YOU,CAMERA_3,NONE,thank you very much,
464,18,NONE,"['CAMERA_1', 'CAMERA_2', 'CAMERA_3']","{'CAMERA_1': ['optical_zoom', 'color', 'camera_type', 'effects'], 'CAMERA_2': ['optical_zoom', 'weight', 'color', 'preset_modes', 'settings'], 'CAMERA_3': ['long_exposure']}",C_LEAVES,DOOR,NONE,,S_RETURNS_TO_COUNTER,SERVICE_COUNTER,NONE,,
465,1,NONE,[],"{'CAMERA_1': [], 'CAMERA_2': [], 'CAMERA_3': []}",C_ENTERS,DOOR,NONE,,S_NONE,SERVICE_COUNTER,NONE,,
465,2,NONE,[],"{'CAMERA_1': [], 'CAMERA_2': [], 'CAMERA_3': []}",C_WALKS_TO_CAMERA,CAMERA_2,NONE,,S_NONE,SERVICE_COUNTER,NONE,,
465,3,NONE,[],"{'CAMERA_1': [], 'CAMERA_2': [], 'CAMERA_3': []}",C_EXAMINES_CAMERA,CAMERA_2,NONE,,S_NONE,SERVICE_COUNTER,NONE,,
465,4,NONE,[],"{'CAMERA_1': [], 'CAMERA_2': [], 'CAMERA_3': []}",C_WALKS_TO_CAMERA,CAMERA_1,NONE,,S_GREETS,CAMERA_1,NONE,can I help you?,
465,5,CAMERA_1,['CAMERA_1'],"{'CAMERA_1': [], 'CAMERA_2': [], 'CAMERA_3': []}",C_LOOKING_FOR_A_CAMERA,CAMERA_1,NONE,I'm looking for a camera,S_INTRODUCES_CAMERA,CAMERA_1,,Let me show you this. Here we have the Nikon Coolpix S2800.,39~58
465,6,CAMERA_1,['CAMERA_1'],"{'CAMERA_1': ['ISO'], 'CAMERA_2': [], 'CAMERA_3': []}",C_QUESTION_ABOUT_FEATURE,CAMERA_1,ISO,what is the ISO,S_NOT_SURE,CAMERA_1,,I'm not really sure about that,
465,7,CAMERA_1,['CAMERA_1'],"{'CAMERA_1': ['ISO', 'resolution'], 'CAMERA_2': [], 'CAMERA_3': []}",C_QUESTION_ABOUT_FEATURE,CAMERA_1,resolution,what is the resolution,S_ANSWERS_QUESTION_ABOUT_FEATURE,CAMERA_1,resolution,This one has 20.1 megapixels resolution.,13~28
465,8,CAMERA_1,['CAMERA_1'],"{'CAMERA_1': ['ISO', 'resolution', 'optical_zoom'], 'CAMERA_2': [], 'CAMERA_3': []}",C_QUESTION_ABOUT_FEATURE,CAMERA_1,optical_zoom,does it have optical zoom,S_ANSWERS_QUESTION_ABOUT_FEATURE,CAMERA_1,optical_zoom,This one has 5x optical zoom.,13~28
465,9,CAMERA_1,['CAMERA_1'],"{'CAMERA_1': ['ISO', 'resolution', 'optical_zoom', 'camera_type'], 'CAMERA_2': [], 'CAMERA_3': []}",C_QUESTION_ABOUT_FEATURE,CAMERA_1,camera_type,what kind of camera is this,S_ANSWERS_QUESTION_ABOUT_FEATURE,CAMERA_1,camera_type,This is a point and shoot camera.,10~25
465,10,CAMERA_1,['CAMERA_1'],"{'CAMERA_1': ['ISO', 'resolution', 'optical_zoom', 'camera_type', 'settings'], 'CAMERA_2': [], 'CAMERA_3': []}",C_QUESTION_ABOUT_FEATURE,CAMERA_1,settings,what kind of settings does it have,S_ANSWERS_QUESTION_ABOUT_FEATURE,CAMERA_1,settings,This one has limited manual settings.,13~36
465,11,CAMERA_1,['CAMERA_1'],"{'CAMERA_1': ['ISO', 'resolution', 'optical_zoom', 'camera_type', 'settings', 'color'], 'CAMERA_2': [], 'CAMERA_3': []}",C_QUESTION_ABOUT_FEATURE,CAMERA_1,color,what colors does this one come in,S_ANSWERS_QUESTION_ABOUT_FEATURE,CAMERA_1,color,"This one comes in purple, pink, black, silver, red.",18~50
465,12,CAMERA_1,['CAMERA_1'],"{'CAMERA_1': ['ISO', 'resolution', 'optical_zoom', 'camera_type', 'settings', 'color', 'sensor_size'], 'CAMERA_2': [], 'CAMERA_3': []}",C_QUESTION_ABOUT_FEATURE,CAMERA_1,sensor_size,what is the sensor size,S_NOT_SURE,CAMERA_1,,I'm not really sure about that,
465,13,CAMERA_1,['CAMERA_1'],"{'CAMERA_1': ['ISO', 'resolution', 'optical_zoom', 'camera_type', 'settings', 'color', 'sensor_size', 'effects'], 'CAMERA_2': [], 'CAMERA_3': []}",C_SILENT_OR_BACKCHANNEL,CAMERA_1,NONE,alright,S_INTRODUCES_FEATURE,CAMERA_1,effects,"This one has 12 glamor retouch effects (e.g. skin softening, small face, big eyes).",13~82
465,14,CAMERA_1,['CAMERA_1'],"{'CAMERA_1': ['ISO', 'resolution', 'optical_zoom', 'camera_type', 'settings', 'color', 'sensor_size', 'effects', 'weight'], 'CAMERA_2': [], 'CAMERA_3': []}",C_QUESTION_ABOUT_FEATURE,CAMERA_1,weight,how much does this one weigh,S_ANSWERS_QUESTION_ABOUT_FEATURE,CAMERA_1,weight,This one weighs 120 grams.,16~25
465,15,CAMERA_1,['CAMERA_1'],"{'CAMERA_1': ['ISO', 'resolution', 'optical_zoom', 'camera_type', 'settings', 'color', 'sensor_size', 'effects', 'weight', 'autofocus_points'], 'CAMERA_2': [], 'CAMERA_3': []}",C_QUESTION_ABOUT_FEATURE,CAMERA_1,autofocus_points,how many autofocus points does it have,S_NOT_SURE,CAMERA_1,,I'm not really sure about that,
465,16,CAMERA_1,['CAMERA_1'],"{'CAMERA_1': ['ISO', 'resolution', 'optical_zoom', 'camera_type', 'settings', 'color', 'sensor_size', 'effects', 'weight', 'autofocus_points', 'price'], 'CAMERA_2': [], 'CAMERA_3': []}",C_QUESTION_ABOUT_FEATURE,CAMERA_1,price,how much does it cost,S_ANSWERS_QUESTION_ABOUT_FEATURE,CAMERA_1,price,This one costs $2173.,15~20
465,17,CAMERA_1,['CAMERA_1'],"{'CAMERA_1': ['ISO', 'resolution', 'optical_zoom', 'camera_type', 'settings', 'color', 'sensor_size', 'effects', 'weight', 'autofocus_points', 'price', 'preset_modes'], 'CAMERA_2': [], 'CAMERA_3': []}",C_SILENT_OR_BACKCHANNEL,CAMERA_1,NONE,I see,S_INTRODUCES_FEATURE,CAMERA_1,preset_modes,"This one has 18 preset modes (e.g. beach, snow, night portrait).",13~63
465,18,CAMERA_1,['CAMERA_1'],"{'CAMERA_1': ['ISO', 'resolution', 'optical_zoom', 'camera_type', 'settings', 'color', 'sensor_size', 'effects', 'weight', 'autofocus_points', 'price', 'preset_modes', 'long_exposure'], 'CAMERA_2': [], 'CAMERA_3': []}",C_QUESTION_ABOUT_FEATURE,CAMERA_1,long_exposure,can it take long exposure shots,S_NOT_SURE,CAMERA_1,,I'm not really sure about that,
465,19,CAMERA_1,['CAMERA_1'],"{'CAMERA_1': ['ISO', 'resolution', 'optical_zoom', 'camera_type', 'settings', 'color', 'sensor_size', 'effects', 'weight', 'autofocus_points', 'price', 'preset_modes', 'long_exposure', 'settings'], 'CAMERA_2': [], 'CAMERA_3': []}",C_QUESTION_ABOUT_FEATURE,CAMERA_1,settings,what kind of settings does it have,S_ANSWERS_QUESTION_ABOUT_FEATURE,CAMERA_1,settings,This one has limited manual settings.,13~36
465,20,CAMERA_1,['CAMERA_1'],"{'CAMERA_1': ['ISO', 'resolution', 'optical_zoom', 'camera_type', 'settings', 'color', 'sensor_size', 'effects', 'weight', 'autofocus_points', 'price', 'preset_modes', 'long_exposure', 'settings', 'sensor_size'], 'CAMERA_2': [], 'CAMERA_3': []}",C_QUESTION_ABOUT_FEATURE,CAMERA_1,sensor_size,what is the sensor size,S_NOT_SURE,CAMERA_1,,I'm not really sure about that,
465,21,CAMERA_1,['CAMERA_1'],"{'CAMERA_1': ['ISO', 'resolution', 'optical_zoom', 'camera_type', 'settings', 'color', 'sensor_size', 'effects', 'weight', 'autofocus_points', 'price', 'preset_modes', 'long_exposure', 'settings', 'sensor_size', 'settings'], 'CAMERA_2': [], 'CAMERA_3': []}",C_SILENT_OR_BACKCHANNEL,CAMERA_1,NONE,okay,S_INTRODUCES_FEATURE,CAMERA_1,settings,This one has limited manual settings.,13~36
465,22,CAMERA_1,['CAMERA_1'],"{'CAMERA_1': ['ISO', 'resolution', 'optical_zoom', 'camera_type', 'settings', 'color', 'sensor_size', 'effects', 'weight', 'autofocus_points', 'price', 'preset_modes', 'long_exposure', 'settings', 'sensor_size', 'settings', 'settings'], 'CAMERA_2': [], 'CAMERA_3': []}",C_SILENT_OR_BACKCHANNEL,CAMERA_1,NONE,alright,S_INTRODUCES_FEATURE,CAMERA_1,settings,This one has limited manual settings.,13~36
465,23,CAMERA_1,['CAMERA_1'],"{'CAMERA_1': ['ISO', 'resolution', 'optical_zoom', 'camera_type', 'settings', 'color', 'sensor_size', 'effects', 'weight', 'autofocus_points', 'price', 'preset_modes', 'long_exposure', 'settings', 'sensor_size', 'settings', 'settings', 'color'], 'CAMERA_2': [], 'CAMERA_3': []}",C_QUESTION_ABOUT_FEATURE,CAMERA_1,color,what colors does this one come in,S_ANSWERS_QUESTION_ABOUT_FEATURE,CAMERA_1,color,"This one comes in purple, pink, black, silver, red.",18~50
465,24,CAMERA_1,['CAMERA_1'],"{'CAMERA_1': ['ISO', 'resolution', 'optical_zoom', 'camera_type', 'settings', 'color', 'sensor_size', 'effects', 'weight', 'autofocus_points', 'price', 'preset_modes', 'long_exposure', 'settings', 'sensor_size', 'settings', 'settings', 'color', 'settings'], 'CAMERA_2': [], 'CAMERA_3': []}",C_SILENT_OR_BACKCHANNEL,CAMERA_1,NONE,I see,S_INTRODUCES_FEATURE,CAMERA_1,settings,This one has limited manual settings.,13~36
465,25,CAMERA_1,['CAMERA_1'],"{'CAMERA_1': ['ISO', 'resolution', 'optical_zoom', 'camera_type', 'settings', 'color', 'sensor_size', 'effects', 'weight', 'autofocus_points', 'price', 'preset_modes', 'long_exposure', 'settings', 'sensor_size', 'settings', 'settings', 'color', 'settings', 'effects'], 'CAMERA_2': [], 'CAMERA_3': []}",C_SILENT_OR_BACKCHANNEL,CAMERA_1,NONE,I see,S_INTRODUCES_FEATURE,CAMERA_1,effects,"This one has 12 glamor retouch effects (e.g. skin softening, small face, big eyes).",13~82
465,26,CAMERA_1,['CAMERA_1'],"{'CAMERA_1': ['ISO', 'resolution', 'optical_zoom', 'camera_type', 'settings', 'color', 'sensor_size', 'effects', 'weight', 'autofocus_points', 'price', 'preset_modes', 'long_exposure', 'settings', 'sensor_size', 'settings', 'settings', 'color', 'settings', 'effects', 'resolution'], 'CAMERA_2': [], 'CAMERA_3': []}",C_QUESTION_ABOUT_FEATURE,CAMERA_1,resolution,what is the resolution,S_ANSWERS_QUESTION_ABOUT_FEATURE,CAMERA_1,resolution,This one has 20.1 megapixels resolution.,13~28
465,27,CAMERA_1,['CAMERA_1'],"{'CAMERA_1': ['ISO', 'resolution', 'optical_zoom', 'camera_type', 'settings', 'color', 'sensor_size', 'effects', 'weight', 'autofocus_points', 'price', 'preset_modes', 'long_exposure', 'settings', 'sensor_size', 'settings', 'settings', 'color', 'settings', 'effects', 'resolution', 'resolution'], 'CAMERA_2': [], 'CAMERA_3': []}",C_QUESTION_ABOUT_FEATURE,CAMERA_1,resolution,what is the resolution,S_ANSWERS_QUESTION_ABOUT_FEATURE,CAMERA_1,resolution,This one has 20.1 megapixels resolution.,13~28
465,28,CAMERA_2,"['CAMERA_1', 'CAMERA_2']","{'CAMERA_1': ['ISO', 'resolution', 'optical_zoom', 'camera_type', 'settings', 'color', 'sensor_size', 'effects', 'weight', 'autofocus_points', 'price', 'preset_modes', 'long_exposure', 'settings', 'sensor_size', 'settings', 'settings', 'color', 'settings', 'effects', 'resolution', 'resolution'], 'CAMERA_2': [], 'CAMERA_3': []}",C_ANYTHING_ELSE_AVAILABLE,CAMERA_1,NONE,ok do you have any other cameras,S_INTRODUCES_CAMERA,CAMERA_2,,Let me show you this. Here we have the Sony Alpha a6000.,39~55
465,29,CAMERA_2,"['CAMERA_1', 'CAMERA_2']","{'CAMERA_1': ['ISO', 'resolution', 'optical_zoom', 'camera_type', 'settings', 'color', 'sensor_size', 'effects', 'weight', 'autofocus_points', 'price', 'preset_modes', 'long_exposure', 'settings', 'sensor_size', 'settings', 'settings', 'color', 'settings', 'effects', 'resolution', 'resolution'], 'CAMERA_2': ['camera_type'], 'CAMERA_3': []}",C_QUESTION_ABOUT_FEATURE,CAMERA_2,camera_type,what kind of camera is this,S_ANSWERS_QUESTION_ABOUT_FEATURE,CAMERA_2,camera_type,This is a mirrorless camera.,10~20
465,30,CAMERA_2,"['CAMERA_1', 'CAMERA_2']","{'CAMERA_1': ['ISO', 'resolution', 'optical_zoom', 'camera_type', 'settings', 'color', 'sensor_size', 'effects', 'weight', 'autofocus_points', 'price', 'preset_modes', 'long_exposure', 'settings', 'sensor_size', 'settings', 'settings', 'color', 'settings', 'effects', 'resolution', 'resolution'], 'CAMERA_2': ['camera_type', 'autofocus_points'], 'CAMERA_3': []}",C_QUESTION_ABOUT_FEATURE,CAMERA_2,autofocus_points,how many autofocus points does it have,S_ANSWERS_QUESTION_ABOUT_FEATURE,CAMERA_2,autofocus_points,This one has 179 autofocus points.,13~33
465,31,CAMERA_2,"['CAMERA_1', 'CAMERA_2']","{'CAMERA_1': ['ISO', 'resolution', 'optical_zoom', 'camera_type', 'settings', 'color', 'sensor_size', 'effects', 'weight', 'autofocus_points', 'price', 'preset_modes', 'long_exposure', 'settings', 'sensor_size', 'settings', 'settings', 'color', 'settings', 'effects', 'resolution', 'resolution'], 'CAMERA_2': ['camera_type', 'autofocus_points', 'preset_modes'], 'CAMERA_3': []}",C_QUESTION_ABOUT_FEATURE,CAMERA_2,preset_modes,does it have preset modes,S_ANSWERS_QUESTION_ABOUT_FEATURE,CAMERA_2,preset_modes,"This one has 9 preset modes (e.g. beach, snow, night, portrait).",13~63
465,32,CAMERA_2,"['CAMERA_1', 'CAMERA_2']","{'CAMERA_1': ['ISO', 'resolution', 'optical_zoom', 'camera_type', 'settings', 'color', 'sensor_size', 'effects', 'weight', 'autofocus_points', 'price', 'preset_modes', 'long_exposure', 'settings', 'sensor_size', 'settings', 'settings', 'color', 'settings', 'effects', 'resolution', 'resolution'], 'CAMERA_2': ['camera_type', 'autofocus_points', 'preset_modes', 'settings'], 'CAMERA_3': []}",C_SILENT_OR_BACKCHANNEL,CAMERA_2,NONE,alright,S_INTRODUCES_FEATURE,CAMERA_2,settings,This one has full manual control.,13~32
465,33,CAMERA_2,"['CAMERA_1', 'CAMERA_2']","{'CAMERA_1': ['ISO', 'resolution', 'optical_zoom', 'camera_type', 'settings', 'color', 'sensor_size', 'effects', 'weight', 'autofocus_points', 'price', 'preset_modes', 'long_exposure', 'settings', 'sensor_size', 'settings', 'settings', 'color', 'settings', 'effects', 'resolution', 'resolution'], 'CAMERA_2': ['camera_type', 'autofocus_points', 'preset_modes', 'settings', 'price'], 'CAMERA_3': []}",C_QUESTION_ABOUT_FEATURE,CAMERA_2,price,how much does it cost,S_ANSWERS_QUESTION_ABOUT_FEATURE,CAMERA_2,price,This one costs $1341.,15~20
465,34,CAMERA_2,"['CAMERA_1', 'CAMERA_2']","{'CAMERA_1': ['ISO', 'resolution', 'optical_zoom', 'camera_type', 'settings', 'color', 'sensor_size', 'effects', 'weight', 'autofocus_points', 'price', 'preset_modes', 'long_exposure', 'settings', 'sensor_size', 'settings', 'settings', 'color', 'settings', 'effects', 'resolution', 'resolution'], 'CAMERA_2': ['camera_type', 'autofocus_points', 'preset_modes', 'settings', 'price', 'long_exposure'], 'CAMERA_3': []}",C_QUESTION_ABOUT_FEATURE,CAMERA_2,long_exposure,can it take long exposure shots,S_ANSWERS_QUESTION_ABOUT_FEATURE,CAMERA_2,long_exposure,This one can take long exposures up to up to 30 seconds.,39~55
465,35,CAMERA_3,"['CAMERA_1', 'CAMERA_2', 'CAMERA_3']","{'CAMERA_1': ['ISO', 'resolution', 'optical_zoom', 'camera_type', 'settings', 'color', 'sensor_size', 'effects', 'weight', 'autofocus_points', 'price', 'preset_modes', 'long_exposure', 'settings', 'sensor_size', 'settings', 'settings', 'color', 'settings', 'effects', 'resolution', 'resolution'], 'CAMERA_2': ['camera_type', 'autofocus_points', 'preset_modes', 'settings', 'price', 'long_exposure'], 'CAMERA_3': []}",C_ANYTHING_ELSE_AVAILABLE,CAMERA_2,NONE,ok do you have any other cameras,S_INTRODUCES_CAMERA,CAMERA_3,,Let me show you this. Here we have the Canon EOS 5D Mark III.,39~60
465,36,CAMERA_3,"['CAMERA_1', 'CAMERA_2', 'CAMERA_3']","{'CAMERA_1': ['ISO', 'resolution', 'optical_zoom', 'camera_type', 'settings', 'color', 'sensor_size', 'effects', 'weight', 'autofocus_points', 'price', 'preset_modes', 'long_exposure', 'settings', 'sensor_size', 'settings', 'settings', 'color', 'settings', 'effects', 'resolution', 'resolution'], 'CAMERA_2': ['camera_type', 'autofocus_points', 'preset_modes', 'settings', 'price', 'long_exposure'], 'CAMERA_3': ['resolution']}",C_QUESTION_ABOUT_FEATURE,CAMERA_3,resolution,what is the resolution,S_NOT_SURE,CAMERA_3,,I'm not really sure about that,
465,37,CAMERA_3,"['CAMERA_1', 'CAMERA_2', 'CAMERA_3']","{'CAMERA_1': ['ISO', 'resolution', 'optical_zoom', 'camera_type', 'settings', 'color', 'sensor_size', 'effects', 'weight', 'autofocus_points', 'price', 'preset_modes', 'long_exposure', 'settings', 'sensor_size', 'settings', 'settings', 'color', 'settings', 'effects', 'resolution', 'resolution'], 'CAMERA_2': ['camera_type', 'autofocus_points', 'preset_modes', 'settings', 'price', 'long_exposure'], 'CAMERA_3': ['resolution', 'settings']}",C_QUESTION_ABOUT_FEATURE,CAMERA_3,settings,what kind of settings does it have,S_ANSWERS_QUESTION_ABOUT_FEATURE,CAMERA_3,settings,This one has full manual control.,13~32
465,38,NONE,"['CAMERA_1', 'CAMERA_2', 'CAMERA_3']","{'CAMERA_1': ['ISO', 'resolution', 'optical_zoom', 'camera_type', 'settings', 'color', 'sensor_size', 'effects', 'weight', 'autofocus_points', 'price', 'preset_modes', 'long_exposure', 'settings', 'sensor_size', 'settings', 'settings', 'color', 'settings', 'effects', 'resolution', 'resolution'], 'CAMERA_2': ['camera_type', 'autofocus_points', 'preset_modes', 'settings', 'price', 'long_exposure'], 'CAMERA_3': ['resolution', 'settings']}",C_THANK_YOU,CAMERA_3,NONE,thank you for your help,S_THANK_YOU,CAMERA_3,NONE,thank you very much,
465,39,NONE,"['CAMERA_1', 'CAMERA_2', 'CAMERA_3']","{'CAMERA_1': ['ISO', 'resolution', 'optical_zoom', 'camera_type', 'settings', 'color', 'sensor_size', 'effects', 'weight', 'autofocus_points', 'price', 'preset_modes', 'long_exposure', 'settings', 'sensor_size', 'settings', 'settings', 'color', 'settings', 'effects', 'resolution', 'resolution'], 'CAMERA_2': ['camera_type', 'autofocus_points', 'preset_modes', 'settings', 'price', 'long_exposure'], 'CAMERA_3': ['resolution', 'settings']}",C_LEAVES,DOOR,NONE,,S_RETURNS_TO_COUNTER,SERVICE_COUNTER,NONE,,
466,1,NONE,[],"{'CAMERA_1': [], 'CAMERA_2': [], 'CAMERA_3': []}",C_ENTERS,DOOR,NONE,,S_NONE,SERVICE_COUNTER,NONE,,
466,2,NONE,[],"{'CAMERA_1': [], 'CAMERA_2': [], 'CAMERA_3': []}",C_GREETS,MIDDLE,NONE,hello,S_GREETS,MIDDLE,NONE,can I help you?,
466,3,CAMERA_1,['CAMERA_1'],"{'CAMERA_1': [], 'CAMERA_2': [], 'CAMERA_3': []}",C_LOOKING_FOR_A_CAMERA,MIDDLE,NONE,I'm looking for a camera,S_INTRODUCES_CAMERA,CAMERA_1,,Let me show you this. Here we have the Nikon Coolpix S2800.,39~58
466,4,CAMERA_1,['CAMERA_1'],"{'CAMERA_1': ['price'], 'CAMERA_2': [], 'CAMERA_3': []}",C_QUESTION_ABOUT_FEATURE,CAMERA_1,price,how much does it cost,S_ANSWERS_QUESTION_ABOUT_FEATURE,CAMERA_1,price,This one costs $2173.,15~20
466,5,CAMERA_1,['CAMERA_1'],"{'CAMERA_1': ['price', 'optical_zoom'], 'CAMERA_2': [], 'CAMERA_3': []}",C_SILENT_OR_BACKCHANNEL,CAMERA_1,NONE,I see,S_INTRODUCES_FEATURE,CAMERA_1,optical_zoom,This one has 5x optical zoom.,13~28
466,6,CAMERA_1,['CAMERA_1'],"{'CAMERA_1': ['price', 'optical_zoom', 'color'], 'CAMERA_2': [], 'CAMERA_3': []}",C_SILENT_OR_BACKCHANNEL,CAMERA_1,NONE,I see,S_INTRODUCES_FEATURE,CAMERA_1,color,"This one comes in purple, pink, black, silver, red.",18~50
466,7,CAMERA_1,['CAMERA_1'],"{'CAMERA_1': ['price', 'optical_zoom', 'color', 'effects'], 'CAMERA_2': [], 'CAMERA_3': []}",C_QUESTION_ABOUT_FEATURE,CAMERA_1,effects,does it have any effect modes,S_ANSWERS_QUESTION_ABOUT_FEATURE,CAMERA_1,effects,"This one has 12 glamor retouch effects (e.g. skin softening, small face, big eyes).",13~82
466,8,NONE,['CAMERA_1'],"{'CAMERA_1': ['price', 'optical_zoom', 'color', 'effects'], 'CAMERA_2': [], 'CAMERA_3': []}",C_THANK_YOU,CAMERA_1,NONE,thank you for your help,S_THANK_YOU,CAMERA_1,NONE,thank you very much,
466,9,NONE,['CAMERA_1'],"{'CAMERA_1': ['price', 'optical_zoom', 'color', 'effects'], 'CAMERA_2': [], 'CAMERA_3': []}",C_LEAVES,DOOR,NONE,,S_RETURNS_TO_COUNTER,SERVICE_COUNTER,NONE,,
467,1,NONE,[],"{'CAMERA_1': [], 'CAMERA_2': [], 'CAMERA_3': []}",C_ENTERS,DOOR,NONE,,S_NONE,SERVICE_COUNTER,NONE,,
467,2,NONE,[],"{'CAMERA_1': [], 'CAMERA_2': [], 'CAMERA_3': []}",C_GREETS,MIDDLE,NONE,hello,S_GREETS,MIDDLE,NONE,can I help you?,
467,3,CAMERA_2,['CAMERA_2'],"{'CAMERA_1': [], 'CAMERA_2': [], 'CAMERA_3': []}",C_LOOKING_FOR_A_CAMERA,MIDDLE,NONE,I'm looking for a camera,S_INTRODUCES_CAMERA,CAMERA_2,,Let me show you this. Here we have the Sony Alpha a6000.,39~55
467,4,CAMERA_2,['CAMERA_2'],"{'CAMERA_1': [], 'CAMERA_2': ['color'], 'CAMERA_3': []}",C_QUESTION_ABOUT_FEATURE,CAMERA_2,color,what colors does this one come in,S_ANSWERS_QUESTION_ABOUT_FEATURE,CAMERA_2,color,"This one comes in white, silver, black.",18~38
467,5,CAMERA_2,['CAMERA_2'],"{'CAMERA_1': [], 'CAMERA_2': ['color', 'effects'], 'CAMERA_3': []}",C_QUESTION_ABOUT_FEATURE,CAMERA_2,effects,does it have any effect modes,S_ANSWERS_QUESTION_ABOUT_FEATURE,CAMERA_2,effects,"This one has 13 artistic effect modes (e.g. toy camera, soft focus).",13~67
467,6,CAMERA_2,['CAMERA_2'],"{'CAMERA_1': [], 'CAMERA_2': ['color', 'effects', 'price'], 'CAMERA_3': []}",C_SILENT_OR_BACKCHANNEL,CAMERA_2,NONE,alright,S_INTRODUCES_FEATURE,CAMERA_2,price,This one costs $1341.,15~20
467,7,CAMERA_2,['CAMERA_2'],"{'CAMERA_1': [], 'CAMERA_2': ['color', 'effects', 'price', 'long_exposure'], 'CAMERA_3': []}",C_QUESTION_ABOUT_FEATURE,CAMERA_2,long_exposure,can it take long exposure shots,S_ANSWERS_QUESTION_ABOUT_FEATURE,CAMERA_2,long_exposure,This one can take long exposures up to up to 30 seconds.,39~55
467,8,CAMERA_2,['CAMERA_2'],"{'CAMERA_1': [], 'CAMERA_2': ['color', 'effects', 'price', 'long_exposure', 'camera_type'], 'CAMERA_3': []}",C_SILENT_OR_BACKCHANNEL,CAMERA_2,NONE,I see,S_INTRODUCES_FEATURE,CAMERA_2,camera_type,This is a mirrorless camera.,10~20
467,9,NONE,['CAMERA_2'],"{'CAMERA_1': [], 'CAMERA_2': ['color', 'effects', 'price', 'long_exposure', 'camera_type'], 'CAMERA_3': []}",C_THANK_YOU,CAMERA_2,NONE,thank you for your help,S_THANK_YOU,CAMERA_2,NONE,thank you very much,
467,10,NONE,['CAMERA_2'],"{'CAMERA_1': [], 'CAMERA_2': ['color', 'effects', 'price', 'long_exposure', 'camera_type'], 'CAMERA_3': []}",C_LEAVES,DOOR,NONE,,S_RETURNS_TO_COUNTER,SERVICE_COUNTER,NONE,,
468,1,NONE,[],"{'CAMERA_1': [], 'CAMERA_2': [], 'CAMERA_3': []}",C_ENTERS,DOOR,NONE,,S_NONE,SERVICE_COUNTER,NONE,,
468,2,NONE,[],"{'CAMERA_1': [], 'CAMERA_2': [], 'CAMERA_3': []}",C_GREETS,MIDDLE,NONE,hello,S_GREETS,MIDDLE,NONE,can I help you?,
468,3,CAMERA_3,['CAMERA_3'],"{'CAMERA_1': [], 'CAMERA_2': [], 'CAMERA_3': []}",C_LOOKING_FOR_A_CAMERA,MIDDLE,NONE,I'm looking for a camera,S_INTRODUCES_CAMERA,CAMERA_3,,Let me show you this. Here we have the Canon EOS 5D Mark III.,39~60
468,4,CAMERA_3,['CAMERA_3'],"{'CAMERA_1': [], 'CAMERA_2': [], 'CAMERA_3': ['effects']}",C_QUESTION_ABOUT_FEATURE,CAMERA_3,effects,does it have any effect modes,S_NOT_SURE,CAMERA_3,,I'm not really sure about that,
468,5,CAMERA_3,['CAMERA_3'],"{'CAMERA_1': [], 'CAMERA_2': [], 'CAMERA_3': ['effects', 'price']}",C_QUESTION_ABOUT_FEATURE,CAMERA_3,price,how much does it cost,S_ANSWERS_QUESTION_ABOUT_FEATURE,CAMERA_3,price,This one costs $3706.,15~20
468,6,CAMERA_3,['CAMERA_3'],"{'CAMERA_1': [], 'CAMERA_2': [], 'CAMERA_3': ['effects', 'price', 'camera_type']}",C_SILENT_OR_BACKCHANNEL,CAMERA_3,NONE,alright,S_INTRODUCES_FEATURE,CAMERA_3,camera_type,This is a DSLR camera.,10~14
468,7,CAMERA_3,['CAMERA_3'],"{'CAMERA_1': [], 'CAMERA_2': [], 'CAMERA_3': ['effects', 'price', 'camera_type', 'weight']}",C_SILENT_OR_BACKCHANNEL,CAMERA_3,NONE,alright,S_INTRODUCES_FEATURE,CAMERA_3,weight,This one weighs 950 grams (only body).,16~37
468,8,CAMERA_3,['CAMERA_3'],"{'CAMERA_1': [], 'CAMERA_2': [], 'CAMERA_3': ['effects', 'price', 'camera_type', 'weight', 'autofocus_points']}",C_SILENT_OR_BACKCHANNEL,CAMERA_3,NONE,alright,S_INTRODUCES_FEATURE,CAMERA_3,autofocus_points,This one has 61 autofocus points.,13~32
468,9,NONE,['CAMERA_3'],"{'CAMERA_1': [], 'CAMERA_2': [], 'CAMERA_3': ['effects', 'price', 'camera_type', 'weight', 'autofocus_points']}",C_THANK_YOU,CAMERA_3,NONE,thank you for your help,S_THANK_YOU,CAMERA_3,NONE,thank you very much,
468,10,NONE,['CAMERA_3'],"{'CAMERA_1': [], 'CAMERA_2': [], 'CAMERA_3': ['effects', 'price', 'camera_type', 'weight', 'autofocus_points']}",C_LEAVES,DOOR,NONE,,S_RETURNS_TO_COUNTER,SERVICE_COUNTER,NONE,,
469,1,NONE,[],"{'CAMERA_1': [], 'CAMERA_2': [], 'CAMERA_3': []}",C_ENTERS,DOOR,NONE,,S_NONE,SERVICE_COUNTER,NONE,,
469,2,NONE,[],"{'CAMERA_1': [], 'CAMERA_2': [], 'CAMERA_3': []}",C_WALKS_TO_CAMERA,CAMERA_3,NONE,,S_NONE,SERVICE_COUNTER,NONE,,
469,3,CAMERA_3,['CAMERA_3'],"{'CAMERA_1': [], 'CAMERA_2': [], 'CAMERA_3': ['optical_zoom']}",C_QUESTION_ABOUT_FEATURE,CAMERA_3,optical_zoom,does it have optical zoom,S_NOT_SURE,CAMERA_3,,I'm not really sure about that,
469,4,CAMERA_3,['CAMERA_3'],"{'CAMERA_1': [], 'CAMERA_2': [], 'CAMERA_3': ['optical_zoom', 'resolution']}",C_QUESTION_ABOUT_FEATURE,CAMERA_3,resolution,what is the resolution,S_NOT_SURE,CAMERA_3,,I'm not really sure about that,
469,5,CAMERA_3,['CAMERA_3'],"{'CAMERA_1': [], 'CAMERA_2': [], 'CAMERA_3': ['optical_zoom', 'resolution', 'preset_modes']}",C_QUESTION_ABOUT_FEATURE,CAMERA_3,preset_modes,does it have preset modes,S_NOT_SURE,CAMERA_3,,I'm not really sure about that,
469,6,NONE,['CAMERA_3'],"{'CAMERA_1': [], 'CAMERA_2': [], 'CAMERA_3': ['optical_zoom', 'resolution', 'preset_modes']}",C_THANK_YOU,CAMERA_3,NONE,thank you for your help,S_THANK_YOU,CAMERA_3,NONE,thank you very much,
469,7,NONE,['CAMERA_3'],"{'CAMERA_1': [], 'CAMERA_2': [], 'CAMERA_3': ['optical_zoom', 'resolution', 'preset_modes']}",C_LEAVES,DOOR,NONE,,S_RETURNS_TO_COUNTER,SERVICE_COUNTER,NONE,,
470,1,NONE,[],"{'CAMERA_1': [], 'CAMERA_2': [], 'CAMERA_3': []}",C_ENTERS,DOOR,NONE,,S_NONE,SERVICE_COUNTER,NONE,,
470,2,NONE,[],"{'CAMERA_1': [], 'CAMERA_2': [], 'CAMERA_3': []}",C_GREETS,MIDDLE,NONE,hello,S_GREETS,MIDDLE,NONE,can I help you?,
470,3,CAMERA_3,['CAMERA_3'],"{'CAMERA_1': [], 'CAMERA_2': [], 'CAMERA_3': []}",C_LOOKING_FOR_A_CAMERA,MIDDLE,NONE,I'm looking for a camera,S_INTRODUCES_CAMERA,CAMERA_3,,Let me show you this. Here we have the Canon EOS 5D Mark III.,39~60
470,4,CAMERA_3,['CAMERA_3'],"{'CAMERA_1': [], 'CAMERA_2': [], 'CAMERA_3': ['color']}",C_QUESTION_ABOUT_FEATURE,CAMERA_3,color,what colors does this one come in,S_ANSWERS_QUESTION_ABOUT_FEATURE,CAMERA_3,color,This one comes in black.,18~23
470,5,CAMERA_3,['CAMERA_3'],"{'CAMERA_1': [], 'CAMERA_2': [], 'CAMERA_3': ['color', 'optical_zoom']}",C_QUESTION_ABOUT_FEATURE,CAMERA_3,optical_zoom,does it have optical zoom,S_NOT_SURE,CAMERA_3,,I'm not really sure about that,
470,6,NONE,['CAMERA_3'],"{'CAMERA_1': [], 'CAMERA_2': [], 'CAMERA_3': ['color', 'optical_zoom']}",C_THANK_YOU,CAMERA_3,NONE,thank you for your help,S_THANK_YOU,CAMERA_3,NONE,thank you very much,
470,7,NONE,['CAMERA_3'],"{'CAMERA_1': [], 'CAMERA_2': [], 'CAMERA_3': ['color', 'optical_zoom']}",C_LEAVES,DOOR,NONE,,S_RETURNS_TO_COUNTER,SERVICE_COUNTER,NONE,,
471,1,NONE,[],"{'CAMERA_1': [], 'CAMERA_2': [], 'CAMERA_3': []}",C_ENTERS,DOOR,NONE,,S_NONE,SERVICE_COUNTER,NONE,,
471,2,NONE,[],"{'CAMERA_1': [], 'CAMERA_2': [], 'CAMERA_3': []}",C_GREETS,MIDDLE,NONE,hello,S_GREETS,MIDDLE,NONE,can I help you?,
471,3,CAMERA_1,['CAMERA_1'],"{'CAMERA_1': [], 'CAMERA_2': [], 'CAMERA_3': []}",C_LOOKING_FOR_A_CAMERA,MIDDLE,NONE,I'm looking for a camera,S_INTRODUCES_CAMERA,CAMERA_1,,Let me show you this. Here we have the Nikon Coolpix S2800.,39~58
471,4,CAMERA_1,['CAMERA_1'],"{'CAMERA_1': ['effects'], 'CAMERA_2': [], 'CAMERA_3': []}",C_SILENT_OR_BACKCHANNEL,CAMERA_1,NONE,I see,S_INTRODUCES_FEATURE,CAMERA_1,effects,"This one has 12 glamor retouch effects (e.g. skin softening, small face, big eyes).",13~82
471,5,NONE,['CAMERA_1'],"{'CAMERA_1': ['effects'], 'CAMERA_2': [], 'CAMERA_3': []}",C_THANK_YOU,CAMERA_1,NONE,thank you for your help,S_THANK_YOU,CAMERA_1,NONE,thank you very much,
471,6,NONE,['CAMERA_1'],"{'CAMERA_1': ['effects'], 'CAMERA_2': [], 'CAMERA_3': []}",C_LEAVES,DOOR,NONE,,S_RETURNS_TO_COUNTER,SERVICE_COUNTER,NONE,,
472,1,NONE,[],"{'CAMERA_1': [], 'CAMERA_2': [], 'CAMERA_3': []}",C_ENTERS,DOOR,NONE,,S_NONE,SERVICE_COUNTER,NONE,,
472,2,NONE,[],"{'CAMERA_1': [], 'CAMERA_2': [], 'CAMERA_3': []}",C_GREETS,MIDDLE,NONE,hello,S_GREETS,MIDDLE,NONE,can I help you?,
472,3,CAMERA_2,['CAMERA_2'],"{'CAMERA_1': [], 'CAMERA_2': [], 'CAMERA_3': []}",C_LOOKING_FOR_A_CAMERA,MIDDLE,NONE,I'm looking for a camera,S_INTRODUCES_CAMERA,CAMERA_2,,Let me show you this. Here we have the Sony Alpha a6000.,39~55
472,4,CAMERA_2,['CAMERA_2'],"{'CAMERA_1': [], 'CAMERA_2': ['sensor_size'], 'CAMERA_3': []}",C_QUESTION_ABOUT_FEATURE,CAMERA_2,sensor_size,what is the sensor size,S_ANSWERS_QUESTION_ABOUT_FEATURE,CAMERA_2,sensor_size,This one has a APS-C sensor (crop sensor).,15~41
472,5,CAMERA_2,['CAMERA_2'],"{'CAMERA_1': [], 'CAMERA_2': ['sensor_size', 'weight'], 'CAMERA_3': []}",C_QUESTION_ABOUT_FEATURE,CAMERA_2,weight,how much does this one weigh,S_ANSWERS_QUESTION_ABOUT_FEATURE,CAMERA_2,weight,This one weighs 470 grams.,16~25
472,6,CAMERA_2,['CAMERA_2'],"{'CAMERA_1': [], 'CAMERA_2': ['sensor_size', 'weight', 'settings'], 'CAMERA_3': []}",C_QUESTION_ABOUT_FEATURE,CAMERA_2,settings,what kind of settings does it have,S_ANSWERS_QUESTION_ABOUT_FEATURE,CAMERA_2,settings,This one has full manual control.,13~32
472,7,CAMERA_2,['CAMERA_2'],"{'CAMERA_1': [], 'CAMERA_2': ['sensor_size', 'weight', 'settings', 'camera_type'], 'CAMERA_3': []}",C_QUESTION_ABOUT_FEATURE,CAMERA_2,camera_type,what kind of camera is this,S_ANSWERS_QUESTION_ABOUT_FEATURE,CAMERA_2,camera_type,This is a mirrorless camera.,10~20
472,8,CAMERA_2,['CAMERA_2'],"{'CAMERA_1': [], 'CAMERA_2': ['sensor_size', 'weight', 'settings', 'camera_type', 'color'], 'CAMERA_3': []}",C_SILENT_OR_BACKCHANNEL,CAMERA_2,NONE,I see,S_INTRODUCES_FEATURE,CAMERA_2,color,"This one comes in white, silver, black.",18~38
472,9,CAMERA_2,['CAMERA_2'],"{'CAMERA_1': [], 'CAMERA_2': ['sensor_size', 'weight', 'settings', 'camera_type', 'color', 'optical_zoom'], 'CAMERA_3': []}",C_QUESTION_ABOUT_FEATURE,CAMERA_2,optical_zoom,does it have optical zoom,S_NOT_SURE,CAMERA_2,,I'm not really sure about that,
472,10,CAMERA_2,['CAMERA_2'],"{'CAMERA_1': [], 'CAMERA_2': ['sensor_size', 'weight', 'settings', 'camera_type', 'color', 'optical_zoom', 'autofocus_points'], 'CAMERA_3': []}",C_QUESTION_ABOUT_FEATURE,CAMERA_2,autofocus_points,how many autofocus points does it have,S_ANSWERS_QUESTION_ABOUT_FEATURE,CAMERA_2,autofocus_points,This one has 179 autofocus points.,13~33
472,11,CAMERA_2,['CAMERA_2'],"{'CAMERA_1': [], 'CAMERA_2': ['sensor_size', 'weight', 'settings', 'camera_type', 'color', 'optical_zoom', 'autofocus_points', 'effects'], 'CAMERA_3': []}",C_SILENT_OR_BACKCHANNEL,CAMERA_2,NONE,alright,S_INTRODUCES_FEATURE,CAMERA_2,effects,"This one has 13 artistic effect modes (e.g. toy camera, soft focus).",13~67
472,12,CAMERA_2,['CAMERA_2'],"{'CAMERA_1': [], 'CAMERA_2': ['sensor_size', 'weight', 'settings', 'camera_type', 'color', 'optical_zoom', 'autofocus_points', 'effects', 'preset_modes'], 'CAMERA_3': []}",C_SILENT_OR_BACKCHANNEL,CAMERA_2,NONE,alright,S_INTRODUCES_FEATURE,CAMERA_2,preset_modes,"This one has 9 preset modes (e.g. beach, snow, night, portrait).",13~63
472,13,CAMERA_2,['CAMERA_2'],"{'CAMERA_1': [], 'CAMERA_2': ['sensor_size', 'weight', 'settings', 'camera_type', 'color', 'optical_zoom', 'autofocus_points', 'effects', 'preset_modes', 'ISO'], 'CAMERA_3': []}",C_QUESTION_ABOUT_FEATURE,CAMERA_2,ISO,what is the ISO,S_ANSWERS_QUESTION_ABOUT_FEATURE,CAMERA_2,ISO,This one has up to 3200 ISO with little noise.,13~45
472,14,CAMERA_2,['CAMERA_2'],"{'CAMERA_1': [], 'CAMERA_2': ['sensor_size', 'weight', 'settings', 'camera_type', 'color', 'optical_zoom', 'autofocus_points', 'effects', 'preset_modes', 'ISO', 'resolution'], 'CAMERA_3': []}",C_QUESTION_ABOUT_FEATURE,CAMERA_2,resolution,what is the resolution,S_NOT_SURE,CAMERA_2,,I'm not really sure about that,
472,15,CAMERA_2,['CAMERA_2'],"{'CAMERA_1': [], 'CAMERA_2': ['sensor_size', 'weight', 'settings', 'camera_type', 'color', 'optical_zoom', 'autofocus_points', 'effects', 'preset_modes', 'ISO', 'resolution', 'long_exposure'], 'CAMERA_3': []}",C_SILENT_OR_BACKCHANNEL,CAMERA_2,NONE,alright,S_INTRODUCES_FEATURE,CAMERA_2,long_exposure,This one can take long exposures up to up to 30 seconds.,39~55
472,16,CAMERA_2,['CAMERA_2'],"{'CAMERA_1': [], 'CAMERA_2': ['sensor_size', 'weight', 'settings', 'camera_type', 'color', 'optical_zoom', 'autofocus_points', 'effects', 'preset_modes', 'ISO', 'resolution', 'long_exposure', 'price'], 'CAMERA_3': []}",C_QUESTION_ABOUT_FEATURE,CAMERA_2,price,how much does it cost,S_ANSWERS_QUESTION_ABOUT_FEATURE,CAMERA_2,price,This one costs $1341.,15~20
472,17,CAMERA_2,['CAMERA_2'],"{'CAMERA_1': [], 'CAMERA_2': ['sensor_size', 'weight', 'settings', 'camera_type', 'color', 'optical_zoom', 'autofocus_points', 'effects', 'preset_modes', 'ISO', 'resolution', 'long_exposure', 'price', 'ISO'], 'CAMERA_3': []}",C_QUESTION_ABOUT_FEATURE,CAMERA_2,ISO,what is the ISO,S_ANSWERS_QUESTION_ABOUT_FEATURE,CAMERA_2,ISO,This one has up to 3200 ISO with little noise.,13~45
472,18,NONE,['CAMERA_2'],"{'CAMERA_1': [], 'CAMERA_2': ['sensor_size', 'weight', 'settings', 'camera_type', 'color', 'optical_zoom', 'autofocus_points', 'effects', 'preset_modes', 'ISO', 'resolution', 'long_exposure', 'price', 'ISO'], 'CAMERA_3': []}",C_THANK_YOU,CAMERA_2,NONE,thank you for your help,S_THANK_YOU,CAMERA_2,NONE,thank you very much,
472,19,NONE,['CAMERA_2'],"{'CAMERA_1': [], 'CAMERA_2': ['sensor_size', 'weight', 'settings', 'camera_type', 'color', 'optical_zoom', 'autofocus_points', 'effects', 'preset_modes', 'ISO', 'resolution', 'long_exposure', 'price', 'ISO'], 'CAMERA_3': []}",C_LEAVES,DOOR,NONE,,S_RETURNS_TO_COUNTER,SERVICE_COUNTER,NONE,,
473,1,NONE,[],"{'CAMERA_1': [], 'CAMERA_2': [], 'CAMERA_3': []}",C_ENTERS,DOOR,NONE,,S_NONE,SERVICE_COUNTER,NONE,,
473,2,NONE,[],"{'CAMERA_1': [], 'CAMERA_2': [], 'CAMERA_3': []}",C_WALKS_TO_CAMERA,CAMERA_2,NONE,,S_GREETS,CAMERA_2,NONE,can I help you?,
473,3,CAMERA_3,['CAMERA_3'],"{'CAMERA_1': [], 'CAMERA_2': [], 'CAMERA_3': []}",C_LOOKING_FOR_A_CAMERA,CAMERA_2,NONE,I'm looking for a camera,S_INTRODUCES_CAMERA,CAMERA_3,,Let me show you this. Here we have the Canon EOS 5D Mark III.,39~60
473,4,CAMERA_3,['CAMERA_3'],"{'CAMERA_1': [], 'CAMERA_2': [], 'CAMERA_3': ['long_exposure']}",C_SILENT_OR_BACKCHANNEL,CAMERA_3,NONE,alright,S_INTRODUCES_FEATURE,CAMERA_3,long_exposure,"This one can take long exposures up to up to 30 seconds, bulb mode: expose as long as you want.",39~94
473,5,CAMERA_3,['CAMERA_3'],"{'CAMERA_1': [], 'CAMERA_2': [], 'CAMERA_3': ['long_exposure', 'autofocus_points']}",C_QUESTION_ABOUT_FEATURE,CAMERA_3,autofocus_points,how many autofocus points does it have,S_ANSWERS_QUESTION_ABOUT_FEATURE,CAMERA_3,autofocus_points,This one has 61 autofocus points.,13~32
473,6,CAMERA_3,['CAMERA_3'],"{'CAMERA_1': [], 'CAMERA_2': [], 'CAMERA_3': ['long_exposure', 'autofocus_points', 'effects']}",C_QUESTION_ABOUT_FEATURE,CAMERA_3,effects,does it have any effect modes,S_NOT_SURE,CAMERA_3,,I'm not really sure about that,
473,7,NONE,['CAMERA_3'],"{'CAMERA_1': [], 'CAMERA_2': [], 'CAMERA_3': ['long_exposure', 'autofocus_points', 'effects']}",C_THANK_YOU,CAMERA_3,NONE,thank you for your help,S_THANK_YOU,CAMERA_3,NONE,thank you very much,
473,8,NONE,['CAMERA_3'],"{'CAMERA_1': [], 'CAMERA_2': [], 'CAMERA_3': ['long_exposure', 'autofocus_points', 'effects']}",C_LEAVES,DOOR,NONE,,S_RETURNS_TO_COUNTER,SERVICE_COUNTER,NONE,,
474,1,NONE,[],"{'CAMERA_1': [], 'CAMERA_2': [], 'CAMERA_3': []}",C_ENTERS,DOOR,NONE,,S_NONE,SERVICE_COUNTER,NONE,,
474,2,NONE,[],"{'CAMERA_1': [], 'CAMERA_2': [], 'CAMERA_3': []}",C_GREETS,MIDDLE,NONE,hello,S_GREETS,MIDDLE,NONE,can I help you?,
474,3,CAMERA_3,['CAMERA_3'],"{'CAMERA_1': [], 'CAMERA_2': [], 'CAMERA_3': []}",C_LOOKING_FOR_A_CAMERA,MIDDLE,NONE,I'm looking for a camera,S_INTRODUCES_CAMERA,CAMERA_3,,Let me show you this. Here we have the Canon EOS 5D Mark III.,39~60
474,4,CAMERA_3,['CAMERA_3'],"{'CAMERA_1': [], 'CAMERA_2': [], 'CAMERA_3': ['optical_zoom']}",C_QUESTION_ABOUT_FEATURE,CAMERA_3,optical_zoom,does it have optical zoom,S_NOT_SURE,CAMERA_3,,I'm not really sure about that,
474,5,NONE,['CAMERA_3'],"{'CAMERA_1': [], 'CAMERA_2': [], 'CAMERA_3': ['optical_zoom']}",C_THANK_YOU,CAMERA_3,NONE,thank you for your help,S_THANK_YOU,CAMERA_3,NONE,thank you very much,
474,6,NONE,['CAMERA_3'],"{'CAMERA_1': [], 'CAMERA_2': [], 'CAMERA_3': ['optical_zoom']}",C_LEAVES,DOOR,NONE,,S_RETURNS_TO_COUNTER,SERVICE_COUNTER,NONE,,
475,1,NONE,[],"{'CAMERA_1': [], 'CAMERA_2': [], 'CAMERA_3': []}",C_ENTERS,DOOR,NONE,,S_NONE,SERVICE_COUNTER,NONE,,
475,2,NONE,[],"{'CAMERA_1': [], 'CAMERA_2': [], 'CAMERA_3': []}",C_WALKS_TO_CAMERA,CAMERA_3,NONE,,S_GREETS,CAMERA_3,NONE,can I help you?,
475,3,CAMERA_3,['CAMERA_3'],"{'CAMERA_1': [], 'CAMERA_2': [], 'CAMERA_3': []}",C_LOOKING_FOR_A_CAMERA,CAMERA_3,NONE,I'm looking for a camera,S_INTRODUCES_CAMERA,CAMERA_3,,Let me show you this. Here we have the Canon EOS 5D Mark III.,39~60
475,4,CAMERA_3,['CAMERA_3'],"{'CAMERA_1': [], 'CAMERA_2': [], 'CAMERA_3': ['long_exposure']}",C_SILENT_OR_BACKCHANNEL,CAMERA_3,NONE,I see,S_INTRODUCES_FEATURE,CAMERA_3,long_exposure,"This one can take long exposures up to up to 30 seconds, bulb mode: expose as long as you want.",39~94
475,5,CAMERA_3,['CAMERA_3'],"{'CAMERA_1': [], 'CAMERA_2': [], 'CAMERA_3': ['long_exposure', 'preset_modes']}",C_QUESTION_ABOUT_FEATURE,CAMERA_3,preset_modes,does it have preset modes,S_NOT_SURE,CAMERA_3,,I'm not really sure about that,
475,6,CAMERA_2,"['CAMERA_3', 'CAMERA_2']","{'CAMERA_1': [], 'CAMERA_2': [], 'CAMERA_3': ['long_exposure', 'preset_modes']}",C_ANYTHING_ELSE_AVAILABLE,CAMERA_3,NONE,ok do you have any other cameras,S_INTRODUCES_CAMERA,CAMERA_2,,Let me show you this. Here we have the Sony Alpha a6000.,39~55
475,7,CAMERA_2,"['CAMERA_3', 'CAMERA_2']","{'CAMERA_1': [], 'CAMERA_2': ['camera_type'], 'CAMERA_3': ['long_exposure', 'preset_modes']}",C_SILENT_OR_BACKCHANNEL,CAMERA_2,NONE,okay,S_INTRODUCES_FEATURE,CAMERA_2,camera_type,This is a mirrorless camera.,10~20
475,8,CAMERA_2,"['CAMERA_3', 'CAMERA_2']","{'CAMERA_1': [], 'CAMERA_2': ['camera_type', 'effects'], 'CAMERA_3': ['long_exposure', 'preset_modes']}",C_SILENT_OR_BACKCHANNEL,CAMERA_2,NONE,okay,S_INTRODUCES_FEATURE,CAMERA_2,effects,"This one has 13 artistic effect modes (e.g. toy camera, soft focus).",13~67
475,9,CAMERA_1,"['CAMERA_3', 'CAMERA_2', 'CAMERA_1']","{'CAMERA_1': [], 'CAMERA_2': ['camera_type', 'effects'], 'CAMERA_3': ['long_exposure', 'preset_modes']}",C_ANYTHING_ELSE_AVAILABLE,CAMERA_2,NONE,ok do you have any other cameras,S_INTRODUCES_CAMERA,CAMERA_1,,Let me show you this. Here we have the Nikon Coolpix S2800.,39~58
475,10,CAMERA_1,"['CAMERA_3', 'CAMERA_2', 'CAMERA_1']","{'CAMERA_1': ['resolution'], 'CAMERA_2': ['camera_type', 'effects'], 'CAMERA_3': ['long_exposure', 'preset_modes']}",C_QUESTION_ABOUT_FEATURE,CAMERA_1,resolution,what is the resolution,S_ANSWERS_QUESTION_ABOUT_FEATURE,CAMERA_1,resolution,This one has 20.1 megapixels resolution.,13~28
475,11,CAMERA_1,"['CAMERA_3', 'CAMERA_2', 'CAMERA_1']","{'CAMERA_1': ['resolution', 'settings'], 'CAMERA_2': ['camera_type', 'effects'], 'CAMERA_3': ['long_exposure', 'preset_modes']}",C_SILENT_OR_BACKCHANNEL,CAMERA_1,NONE,alright,S_INTRODUCES_FEATURE,CAMERA_1,settings,This one has limited manual settings.,13~36
475,12,CAMERA_1,"['CAMERA_3', 'CAMERA_2', 'CAMERA_1']","{'CAMERA_1': ['resolution', 'settings', 'price'], 'CAMERA_2': ['camera_type', 'effects'], 'CAMERA_3': ['long_exposure', 'preset_modes']}",C_QUESTION_ABOUT_FEATURE,CAMERA_1,price,how much does it cost,S_ANSWERS_QUESTION_ABOUT_FEATURE,CAMERA_1,price,This one costs $2173.,15~20
475,13,CAMERA_1,"['CAMERA_3', 'CAMERA_2', 'CAMERA_1']","{'CAMERA_1': ['resolution', 'settings', 'price', 'preset_modes'], 'CAMERA_2': ['camera_type', 'effects'], 'CAMERA_3': ['long_exposure', 'preset_modes']}",C_SILENT_OR_BACKCHANNEL,CAMERA_1,NONE,alright,S_INTRODUCES_FEATURE,CAMERA_1,preset_modes,"This one has 18 preset modes (e.g. beach, snow, night portrait).",13~63
475,14,CAMERA_1,"['CAMERA_3', 'CAMERA_2', 'CAMERA_1']","{'CAMERA_1': ['resolution', 'settings', 'price', 'preset_modes', 'camera_type'], 'CAMERA_2': ['camera_type', 'effects'], 'CAMERA_3': ['long_exposure', 'preset_modes']}",C_SILENT_OR_BACKCHANNEL,CAMERA_1,NONE,alright,S_INTRODUCES_FEATURE,CAMERA_1,camera_type,This is a point and shoot camera.,10~25
475,15,CAMERA_1,"['CAMERA_3', 'CAMERA_2', 'CAMERA_1']","{'CAMERA_1': ['resolution', 'settings', 'price', 'preset_modes', 'camera_type', 'autofocus_points'], 'CAMERA_2': ['camera_type', 'effects'], 'CAMERA_3': ['long_exposure', 'preset_modes']}",C_QUESTION_ABOUT_FEATURE,CAMERA_1,autofocus_points,how many autofocus points does it have,S_NOT_SURE,CAMERA_1,,I'm not really sure about that,
475,16,CAMERA_1,"['CAMERA_3', 'CAMERA_2', 'CAMERA_1']","{'CAMERA_1': ['resolution', 'settings', 'price', 'preset_modes', 'camera_type', 'autofocus_points', 'weight'], 'CAMERA_2': ['camera_type', 'effects'], 'CAMERA_3': ['long_exposure', 'preset_modes']}",C_SILENT_OR_BACKCHANNEL,CAMERA_1,NONE,I see,S_INTRODUCES_FEATURE,CAMERA_1,weight,This one weighs 120 grams.,16~25
475,17,CAMERA_1,"['CAMERA_3', 'CAMERA_2', 'CAMERA_1']","{'CAMERA_1': ['resolution', 'settings', 'price', 'preset_modes', 'camera_type', 'autofocus_points', 'weight', 'effects'], 'CAMERA_2': ['camera_type', 'effects'], 'CAMERA_3': ['long_exposure', 'preset_modes']}",C_SILENT_OR_BACKCHANNEL,CAMERA_1,NONE,alright,S_INTRODUCES_FEATURE,CAMERA_1,effects,"This one has 12 glamor retouch effects (e.g. skin softening, small face, big eyes).",13~82
475,18,CAMERA_1,"['CAMERA_3', 'CAMERA_2', 'CAMERA_1']","{'CAMERA_1': ['resolution', 'settings', 'price', 'preset_modes', 'camera_type', 'autofocus_points', 'weight', 'effects', 'optical_zoom'], 'CAMERA_2': ['camera_type', 'effects'], 'CAMERA_3': ['long_exposure', 'preset_modes']}",C_QUESTION_ABOUT_FEATURE,CAMERA_1,optical_zoom,does it have optical zoom,S_ANSWERS_QUESTION_ABOUT_FEATURE,CAMERA_1,optical_zoom,This one has 5x optical zoom.,13~28
475,19,CAMERA_1,"['CAMERA_3', 'CAMERA_2', 'CAMERA_1']","{'CAMERA_1': ['resolution', 'settings', 'price', 'preset_modes', 'camera_type', 'autofocus_points', 'weight', 'effects', 'optical_zoom', 'color'], 'CAMERA_2': ['camera_type', 'effects'], 'CAMERA_3': ['long_exposure', 'preset_modes']}",C_SILENT_OR_BACKCHANNEL,CAMERA_1,NONE,alright,S_INTRODUCES_FEATURE,CAMERA_1,color,"This one comes in purple, pink, black, silver, red.",18~50
475,20,CAMERA_1,"['CAMERA_3', 'CAMERA_2', 'CAMERA_1']","{'CAMERA_1': ['resolution', 'settings', 'price', 'preset_modes', 'camera_type', 'autofocus_points', 'weight', 'effects', 'optical_zoom', 'color', 'resolution'], 'CAMERA_2': ['camera_type', 'effects'], 'CAMERA_3': ['long_exposure', 'preset_modes']}",C_SILENT_OR_BACKCHANNEL,CAMERA_1,NONE,I see,S_INTRODUCES_FEATURE,CAMERA_1,resolution,This one has 20.1 megapixels resolution.,13~28
475,21,CAMERA_1,"['CAMERA_3', 'CAMERA_2', 'CAMERA_1']","{'CAMERA_1': ['resolution', 'settings', 'price', 'preset_modes', 'camera_type', 'autofocus_points', 'weight', 'effects', 'optical_zoom', 'color', 'resolution', 'sensor_size'], 'CAMERA_2': ['camera_type', 'effects'], 'CAMERA_3': ['long_exposure', 'preset_modes']}",C_QUESTION_ABOUT_FEATURE,CAMERA_1,sensor_size,what is the sensor size,S_NOT_SURE,CAMERA_1,,I'm not really sure about that,
475,22,CAMERA_1,"['CAMERA_3', 'CAMERA_2', 'CAMERA_1']","{'CAMERA_1': ['resolution', 'settings', 'price', 'preset_modes', 'camera_type', 'autofocus_points', 'weight', 'effects', 'optical_zoom', 'color', 'resolution', 'sensor_size', 'resolution'], 'CAMERA_2': ['camera_type', 'effects'], 'CAMERA_3': ['long_exposure', 'preset_modes']}",C_SILENT_OR_BACKCHANNEL,CAMERA_1,NONE,alright,S_INTRODUCES_FEATURE,CAMERA_1,resolution,This one has 20.1 megapixels resolution.,13~28
475,23,CAMERA_1,"['CAMERA_3', 'CAMERA_2', 'CAMERA_1']","{'CAMERA_1': ['resolution', 'settings', 'price', 'preset_modes', 'camera_type', 'autofocus_points', 'weight', 'effects', 'optical_zoom', 'color', 'resolution', 'sensor_size', 'resolution', 'ISO'], 'CAMERA_2': ['camera_type', 'effects'], 'CAMERA_3': ['long_exposure', 'preset_modes']}",C_QUESTION_ABOUT_FEATURE,CAMERA_1,ISO,what is the ISO,S_NOT_SURE,CAMERA_1,,I'm not really sure about that,
475,24,,"['CAMERA_3', 'CAMERA_2', 'CAMERA_1']","{'CAMERA_1': ['resolution', 'settings', 'price', 'preset_modes', 'camera_type', 'autofocus_points', 'weight', 'effects', 'optical_zoom', 'color', 'resolution', 'sensor_size', 'resolution', 'ISO'], 'CAMERA_2': ['camera_type', 'effects'], 'CAMERA_3': ['long_exposure', 'preset_modes']}",C_ANYTHING_ELSE_AVAILABLE,CAMERA_1,NONE,ok do you have any other cameras,S_THATS_ALL_WE_HAVE_AVAILABLE,CAMERA_1,,That’s all we have available at the moment.,
475,25,NONE,"['CAMERA_3', 'CAMERA_2', 'CAMERA_1']","{'CAMERA_1': ['resolution', 'settings', 'price', 'preset_modes', 'camera_type', 'autofocus_points', 'weight', 'effects', 'optical_zoom', 'color', 'resolution', 'sensor_size', 'resolution', 'ISO'], 'CAMERA_2': ['camera_type', 'effects'], 'CAMERA_3': ['long_exposure', 'preset_modes']}",C_THANK_YOU,CAMERA_1,NONE,thank you for your help,S_THANK_YOU,CAMERA_1,NONE,thank you very much,
475,26,NONE,"['CAMERA_3', 'CAMERA_2', 'CAMERA_1']","{'CAMERA_1': ['resolution', 'settings', 'price', 'preset_modes', 'camera_type', 'autofocus_points', 'weight', 'effects', 'optical_zoom', 'color', 'resolution', 'sensor_size', 'resolution', 'ISO'], 'CAMERA_2': ['camera_type', 'effects'], 'CAMERA_3': ['long_exposure', 'preset_modes']}",C_LEAVES,DOOR,NONE,,S_RETURNS_TO_COUNTER,SERVICE_COUNTER,NONE,,
476,1,NONE,[],"{'CAMERA_1': [], 'CAMERA_2': [], 'CAMERA_3': []}",C_ENTERS,DOOR,NONE,,S_NONE,SERVICE_COUNTER,NONE,,
476,2,NONE,[],"{'CAMERA_1': [], 'CAMERA_2': [], 'CAMERA_3': []}",C_GREETS,MIDDLE,NONE,hello,S_GREETS,MIDDLE,NONE,can I help you?,
476,3,CAMERA_1,['CAMERA_1'],"{'CAMERA_1': [], 'CAMERA_2': [], 'CAMERA_3': []}",C_LOOKING_FOR_A_CAMERA,MIDDLE,NONE,I'm looking for a camera,S_INTRODUCES_CAMERA,CAMERA_1,,Let me show you this. Here we have the Nikon Coolpix S2800.,39~58
476,4,CAMERA_1,['CAMERA_1'],"{'CAMERA_1': ['camera_type'], 'CAMERA_2': [], 'CAMERA_3': []}",C_SILENT_OR_BACKCHANNEL,CAMERA_1,NONE,okay,S_INTRODUCES_FEATURE,CAMERA_1,camera_type,This is a point and shoot camera.,10~25
476,5,CAMERA_1,['CAMERA_1'],"{'CAMERA_1': ['camera_type', 'weight'], 'CAMERA_2': [], 'CAMERA_3': []}",C_SILENT_OR_BACKCHANNEL,CAMERA_1,NONE,okay,S_INTRODUCES_FEATURE,CAMERA_1,weight,This one weighs 120 grams.,16~25
476,6,CAMERA_1,['CAMERA_1'],"{'CAMERA_1': ['camera_type', 'weight', 'optical_zoom'], 'CAMERA_2': [], 'CAMERA_3': []}",C_SILENT_OR_BACKCHANNEL,CAMERA_1,NONE,I see,S_INTRODUCES_FEATURE,CAMERA_1,optical_zoom,This one has 5x optical zoom.,13~28
476,7,CAMERA_1,['CAMERA_1'],"{'CAMERA_1': ['camera_type', 'weight', 'optical_zoom', 'long_exposure'], 'CAMERA_2': [], 'CAMERA_3': []}",C_QUESTION_ABOUT_FEATURE,CAMERA_1,long_exposure,can it take long exposure shots,S_NOT_SURE,CAMERA_1,,I'm not really sure about that,
476,8,CAMERA_3,"['CAMERA_1', 'CAMERA_3']","{'CAMERA_1': ['camera_type', 'weight', 'optical_zoom', 'long_exposure'], 'CAMERA_2': [], 'CAMERA_3': []}",C_ANYTHING_ELSE_AVAILABLE,CAMERA_1,NONE,ok do you have any other cameras,S_INTRODUCES_CAMERA,CAMERA_3,,Let me show you this. Here we have the Canon EOS 5D Mark III.,39~60
476,9,CAMERA_3,"['CAMERA_1', 'CAMERA_3']","{'CAMERA_1': ['camera_type', 'weight', 'optical_zoom', 'long_exposure'], 'CAMERA_2': [], 'CAMERA_3': ['weight']}",C_QUESTION_ABOUT_FEATURE,CAMERA_3,weight,how much does this one weigh,S_ANSWERS_QUESTION_ABOUT_FEATURE,CAMERA_3,weight,This one weighs 950 grams (only body).,16~37
476,10,NONE,"['CAMERA_1', 'CAMERA_3']","{'CAMERA_1': ['camera_type', 'weight', 'optical_zoom', 'long_exposure'], 'CAMERA_2': [], 'CAMERA_3': ['weight']}",C_THANK_YOU,CAMERA_3,NONE,thank you for your help,S_THANK_YOU,CAMERA_3,NONE,thank you very much,
476,11,NONE,"['CAMERA_1', 'CAMERA_3']","{'CAMERA_1': ['camera_type', 'weight', 'optical_zoom', 'long_exposure'], 'CAMERA_2': [], 'CAMERA_3': ['weight']}",C_LEAVES,DOOR,NONE,,S_RETURNS_TO_COUNTER,SERVICE_COUNTER,NONE,,
477,1,NONE,[],"{'CAMERA_1': [], 'CAMERA_2': [], 'CAMERA_3': []}",C_ENTERS,DOOR,NONE,,S_NONE,SERVICE_COUNTER,NONE,,
477,2,NONE,[],"{'CAMERA_1': [], 'CAMERA_2': [], 'CAMERA_3': []}",C_WALKS_TO_CAMERA,CAMERA_2,NONE,,S_NONE,SERVICE_COUNTER,NONE,,
477,3,CAMERA_2,['CAMERA_2'],"{'CAMERA_1': [], 'CAMERA_2': ['resolution'], 'CAMERA_3': []}",C_QUESTION_ABOUT_FEATURE,CAMERA_2,resolution,what is the resolution,S_NOT_SURE,CAMERA_2,,I'm not really sure about that,
477,4,CAMERA_2,['CAMERA_2'],"{'CAMERA_1': [], 'CAMERA_2': ['resolution', 'price'], 'CAMERA_3': []}",C_SILENT_OR_BACKCHANNEL,CAMERA_2,NONE,alright,S_INTRODUCES_FEATURE,CAMERA_2,price,This one costs $1341.,15~20
477,5,CAMERA_1,"['CAMERA_2', 'CAMERA_1']","{'CAMERA_1': [], 'CAMERA_2': ['resolution', 'price'], 'CAMERA_3': []}",C_ANYTHING_ELSE_AVAILABLE,CAMERA_2,NONE,ok do you have any other cameras,S_INTRODUCES_CAMERA,CAMERA_1,,Let me show you this. Here we have the Nikon Coolpix S2800.,39~58
477,6,CAMERA_1,"['CAMERA_2', 'CAMERA_1']","{'CAMERA_1': ['sensor_size'], 'CAMERA_2': ['resolution', 'price'], 'CAMERA_3': []}",C_QUESTION_ABOUT_FEATURE,CAMERA_1,sensor_size,what is the sensor size,S_NOT_SURE,CAMERA_1,,I'm not really sure about that,
477,7,CAMERA_1,"['CAMERA_2', 'CAMERA_1']","{'CAMERA_1': ['sensor_size', 'ISO'], 'CAMERA_2': ['resolution', 'price'], 'CAMERA_3': []}",C_QUESTION_ABOUT_FEATURE,CAMERA_1,ISO,what is the ISO,S_NOT_SURE,CAMERA_1,,I'm not really sure about that,
477,8,CAMERA_1,"['CAMERA_2', 'CAMERA_1']","{'CAMERA_1': ['sensor_size', 'ISO', 'color'], 'CAMERA_2': ['resolution', 'price'], 'CAMERA_3': []}",C_QUESTION_ABOUT_FEATURE,CAMERA_1,color,what colors does this one come in,S_ANSWERS_QUESTION_ABOUT_FEATURE,CAMERA_1,color,"This one comes in purple, pink, black, silver, red.",18~50
477,9,CAMERA_1,"['CAMERA_2', 'CAMERA_1']","{'CAMERA_1': ['sensor_size', 'ISO', 'color', 'long_exposure'], 'CAMERA_2': ['resolution', 'price'], 'CAMERA_3': []}",C_QUESTION_ABOUT_FEATURE,CAMERA_1,long_exposure,can it take long exposure shots,S_NOT_SURE,CAMERA_1,,I'm not really sure about that,
477,10,CAMERA_1,"['CAMERA_2', 'CAMERA_1']","{'CAMERA_1': ['sensor_size', 'ISO', 'color', 'long_exposure', 'weight'], 'CAMERA_2': ['resolution', 'price'], 'CAMERA_3': []}",C_SILENT_OR_BACKCHANNEL,CAMERA_1,NONE,okay,S_INTRODUCES_FEATURE,CAMERA_1,weight,This one weighs 120 grams.,16~25
477,11,NONE,"['CAMERA_2', 'CAMERA_1']","{'CAMERA_1': ['sensor_size', 'ISO', 'color', 'long_exposure', 'weight'], 'CAMERA_2': ['resolution', 'price'], 'CAMERA_3': []}",C_THANK_YOU,CAMERA_1,NONE,thank you for your help,S_THANK_YOU,CAMERA_1,NONE,thank you very much,
477,12,NONE,"['CAMERA_2', 'CAMERA_1']","{'CAMERA_1': ['sensor_size', 'ISO', 'color', 'long_exposure', 'weight'], 'CAMERA_2': ['resolution', 'price'], 'CAMERA_3': []}",C_LEAVES,DOOR,NONE,,S_RETURNS_TO_COUNTER,SERVICE_COUNTER,NONE,,
478,1,NONE,[],"{'CAMERA_1': [], 'CAMERA_2': [], 'CAMERA_3': []}",C_ENTERS,DOOR,NONE,,S_NONE,SERVICE_COUNTER,NONE,,
478,2,NONE,[],"{'CAMERA_1': [], 'CAMERA_2': [], 'CAMERA_3': []}",C_WALKS_TO_CAMERA,CAMERA_2,NONE,,S_GREETS,CAMERA_2,NONE,can I help you?,
478,3,CAMERA_1,['CAMERA_1'],"{'CAMERA_1': [], 'CAMERA_2': [], 'CAMERA_3': []}",C_LOOKING_FOR_A_CAMERA,CAMERA_2,NONE,I'm looking for a camera,S_INTRODUCES_CAMERA,CAMERA_1,,Let me show you this. Here we have the Nikon Coolpix S2800.,39~58
478,4,CAMERA_1,['CAMERA_1'],"{'CAMERA_1': ['long_exposure'], 'CAMERA_2': [], 'CAMERA_3': []}",C_QUESTION_ABOUT_FEATURE,CAMERA_1,long_exposure,can it take long exposure shots,S_NOT_SURE,CAMERA_1,,I'm not really sure about that,
478,5,CAMERA_2,"['CAMERA_1', 'CAMERA_2']","{'CAMERA_1': ['long_exposure'], 'CAMERA_2': [], 'CAMERA_3': []}",C_ANYTHING_ELSE_AVAILABLE,CAMERA_1,NONE,ok do you have any other cameras,S_INTRODUCES_CAMERA,CAMERA_2,,Let me show you this. Here we have the Sony Alpha a6000.,39~55
478,6,CAMERA_2,"['CAMERA_1', 'CAMERA_2']","{'CAMERA_1': ['long_exposure'], 'CAMERA_2': ['autofocus_points'], 'CAMERA_3': []}",C_QUESTION_ABOUT_FEATURE,CAMERA_2,autofocus_points,how many autofocus points does it have,S_ANSWERS_QUESTION_ABOUT_FEATURE,CAMERA_2,autofocus_points,This one has 179 autofocus points.,13~33
478,7,CAMERA_2,"['CAMERA_1', 'CAMERA_2']","{'CAMERA_1': ['long_exposure'], 'CAMERA_2': ['autofocus_points', 'weight'], 'CAMERA_3': []}",C_QUESTION_ABOUT_FEATURE,CAMERA_2,weight,how much does this one weigh,S_ANSWERS_QUESTION_ABOUT_FEATURE,CAMERA_2,weight,This one weighs 470 grams.,16~25
478,8,CAMERA_3,"['CAMERA_1', 'CAMERA_2', 'CAMERA_3']","{'CAMERA_1': ['long_exposure'], 'CAMERA_2': ['autofocus_points', 'weight'], 'CAMERA_3': []}",C_ANYTHING_ELSE_AVAILABLE,CAMERA_2,NONE,ok do you have any other cameras,S_INTRODUCES_CAMERA,CAMERA_3,,Let me show you this. Here we have the Canon EOS 5D Mark III.,39~60
478,9,CAMERA_3,"['CAMERA_1', 'CAMERA_2', 'CAMERA_3']","{'CAMERA_1': ['long_exposure'], 'CAMERA_2': ['autofocus_points', 'weight'], 'CAMERA_3': ['weight']}",C_SILENT_OR_BACKCHANNEL,CAMERA_3,NONE,alright,S_INTRODUCES_FEATURE,CAMERA_3,weight,This one weighs 950 grams (only body).,16~37
478,10,CAMERA_3,"['CAMERA_1', 'CAMERA_2', 'CAMERA_3']","{'CAMERA_1': ['long_exposure'], 'CAMERA_2': ['autofocus_points', 'weight'], 'CAMERA_3': ['weight', 'ISO']}",C_SILENT_OR_BACKCHANNEL,CAMERA_3,NONE,I see,S_INTRODUCES_FEATURE,CAMERA_3,ISO,This one has up to 6400 ISO with little noise.,13~45
478,11,CAMERA_3,"['CAMERA_1', 'CAMERA_2', 'CAMERA_3']","{'CAMERA_1': ['long_exposure'], 'CAMERA_2': ['autofocus_points', 'weight'], 'CAMERA_3': ['weight', 'ISO', 'effects']}",C_QUESTION_ABOUT_FEATURE,CAMERA_3,effects,does it have any effect modes,S_NOT_SURE,CAMERA_3,,I'm not really sure about that,
478,12,NONE,"['CAMERA_1', 'CAMERA_2', 'CAMERA_3']","{'CAMERA_1': ['long_exposure'], 'CAMERA_2': ['autofocus_points', 'weight'], 'CAMERA_3': ['weight', 'ISO', 'effects']}",C_THANK_YOU,CAMERA_3,NONE,thank you for your help,S_THANK_YOU,CAMERA_3,NONE,thank you very much,
478,13,NONE,"['CAMERA_1', 'CAMERA_2', 'CAMERA_3']","{'CAMERA_1': ['long_exposure'], 'CAMERA_2': ['autofocus_points', 'weight'], 'CAMERA_3': ['weight', 'ISO', 'effects']}",C_LEAVES,DOOR,NONE,,S_RETURNS_TO_COUNTER,SERVICE_COUNTER,NONE,,
479,1,NONE,[],"{'CAMERA_1': [], 'CAMERA_2': [], 'CAMERA_3': []}",C_ENTERS,DOOR,NONE,,S_NONE,SERVICE_COUNTER,NONE,,
479,2,NONE,[],"{'CAMERA_1': [], 'CAMERA_2': [], 'CAMERA_3': []}",C_WALKS_TO_CAMERA,CAMERA_3,NONE,,S_NONE,SERVICE_COUNTER,NONE,,
479,3,NONE,[],"{'CAMERA_1': [], 'CAMERA_2': [], 'CAMERA_3': []}",C_EXAMINES_CAMERA,CAMERA_3,NONE,,S_GREETS,CAMERA_3,NONE,can I help you?,
479,4,CAMERA_2,['CAMERA_2'],"{'CAMERA_1': [], 'CAMERA_2': [], 'CAMERA_3': []}",C_LOOKING_FOR_A_CAMERA,CAMERA_3,NONE,I'm looking for a camera,S_INTRODUCES_CAMERA,CAMERA_2,,Let me show you this. Here we have the Sony Alpha a6000.,39~55
479,5,CAMERA_2,['CAMERA_2'],"{'CAMERA_1': [], 'CAMERA_2': ['settings'], 'CAMERA_3': []}",C_QUESTION_ABOUT_FEATURE,CAMERA_2,settings,what kind of settings does it have,S_ANSWERS_QUESTION_ABOUT_FEATURE,CAMERA_2,settings,This one has full manual control.,13~32
479,6,CAMERA_2,['CAMERA_2'],"{'CAMERA_1': [], 'CAMERA_2': ['settings', 'camera_type'], 'CAMERA_3': []}",C_QUESTION_ABOUT_FEATURE,CAMERA_2,camera_type,what kind of camera is this,S_ANSWERS_QUESTION_ABOUT_FEATURE,CAMERA_2,camera_type,This is a mirrorless camera.,10~20
479,7,CAMERA_1,"['CAMERA_2', 'CAMERA_1']","{'CAMERA_1': [], 'CAMERA_2': ['settings', 'camera_type'], 'CAMERA_3': []}",C_ANYTHING_ELSE_AVAILABLE,CAMERA_2,NONE,ok do you have any other cameras,S_INTRODUCES_CAMERA,CAMERA_1,,Let me show you this. Here we have the Nikon Coolpix S2800.,39~58
479,8,CAMERA_1,"['CAMERA_2', 'CAMERA_1']","{'CAMERA_1': ['camera_type'], 'CAMERA_2': ['settings', 'camera_type'], 'CAMERA_3': []}",C_SILENT_OR_BACKCHANNEL,CAMERA_1,NONE,I see,S_INTRODUCES_FEATURE,CAMERA_1,camera_type,This is a point and shoot camera.,10~25
479,9,CAMERA_1,"['CAMERA_2', 'CAMERA_1']","{'CAMERA_1': ['camera_type', 'color'], 'CAMERA_2': ['settings', 'camera_type'], 'CAMERA_3': []}",C_SILENT_OR_BACKCHANNEL,CAMERA_1,NONE,alright,S_INTRODUCES_FEATURE,CAMERA_1,color,"This one comes in purple, pink, black, silver, red.",18~50
479,10,NONE,"['CAMERA_2', 'CAMERA_1']","{'CAMERA_1': ['camera_type', 'color'], 'CAMERA_2': ['settings', 'camera_type'], 'CAMERA_3': []}",C_THANK_YOU,CAMERA_1,NONE,thank you for your help,S_THANK_YOU,CAMERA_1,NONE,thank you very much,
479,11,NONE,"['CAMERA_2', 'CAMERA_1']","{'CAMERA_1': ['camera_type', 'color'], 'CAMERA_2': ['settings', 'camera_type'], 'CAMERA_3': []}",C_LEAVES,DOOR,NONE,,S_RETURNS_TO_COUNTER,SERVICE_COUNTER,NONE,,
480,1,NONE,[],"{'CAMERA_1': [], 'CAMERA_2': [], 'CAMERA_3': []}",C_ENTERS,DOOR,NONE,,S_NONE,SERVICE_COUNTER,NONE,,
480,2,NONE,[],"{'CAMERA_1': [], 'CAMERA_2': [], 'CAMERA_3': []}",C_GREETS,MIDDLE,NONE,hello,S_GREETS,MIDDLE,NONE,can I help you?,
480,3,CAMERA_2,['CAMERA_2'],"{'CAMERA_1': [], 'CAMERA_2': [], 'CAMERA_3': []}",C_LOOKING_FOR_A_CAMERA,MIDDLE,NONE,I'm looking for a camera,S_INTRODUCES_CAMERA,CAMERA_2,,Let me show you this. Here we have the Sony Alpha a6000.,39~55
480,4,CAMERA_2,['CAMERA_2'],"{'CAMERA_1': [], 'CAMERA_2': ['effects'], 'CAMERA_3': []}",C_QUESTION_ABOUT_FEATURE,CAMERA_2,effects,does it have any effect modes,S_ANSWERS_QUESTION_ABOUT_FEATURE,CAMERA_2,effects,"This one has 13 artistic effect modes (e.g. toy camera, soft focus).",13~67
480,5,NONE,['CAMERA_2'],"{'CAMERA_1': [], 'CAMERA_2': ['effects'], 'CAMERA_3': []}",C_THANK_YOU,CAMERA_2,NONE,thank you for your help,S_THANK_YOU,CAMERA_2,NONE,thank you very much,
480,6,NONE,['CAMERA_2'],"{'CAMERA_1': [], 'CAMERA_2': ['effects'], 'CAMERA_3': []}",C_LEAVES,DOOR,NONE,,S_RETURNS_TO_COUNTER,SERVICE_COUNTER,NONE,,
481,1,NONE,[],"{'CAMERA_1': [], 'CAMERA_2': [], 'CAMERA_3': []}",C_ENTERS,DOOR,NONE,,S_NONE,SERVICE_COUNTER,NONE,,
481,2,NONE,[],"{'CAMERA_1': [], 'CAMERA_2': [], 'CAMERA_3': []}",C_WALKS_TO_CAMERA,CAMERA_2,NONE,,S_GREETS,CAMERA_2,NONE,can I help you?,
481,3,CAMERA_1,['CAMERA_1'],"{'CAMERA_1': [], 'CAMERA_2': [], 'CAMERA_3': []}",C_LOOKING_FOR_A_CAMERA,CAMERA_2,NONE,I'm looking for a camera,S_INTRODUCES_CAMERA,CAMERA_1,,Let me show you this. Here we have the Nikon Coolpix S2800.,39~58
481,4,CAMERA_1,['CAMERA_1'],"{'CAMERA_1': ['effects'], 'CAMERA_2': [], 'CAMERA_3': []}",C_QUESTION_ABOUT_FEATURE,CAMERA_1,effects,does it have any effect modes,S_ANSWERS_QUESTION_ABOUT_FEATURE,CAMERA_1,effects,"This one has 12 glamor retouch effects (e.g. skin softening, small face, big eyes).",13~82
481,5,CAMERA_1,['CAMERA_1'],"{'CAMERA_1': ['effects', 'optical_zoom'], 'CAMERA_2': [], 'CAMERA_3': []}",C_SILENT_OR_BACKCHANNEL,CAMERA_1,NONE,alright,S_INTRODUCES_FEATURE,CAMERA_1,optical_zoom,This one has 5x optical zoom.,13~28
481,6,CAMERA_1,['CAMERA_1'],"{'CAMERA_1': ['effects', 'optical_zoom', 'color'], 'CAMERA_2': [], 'CAMERA_3': []}",C_QUESTION_ABOUT_FEATURE,CAMERA_1,color,what colors does this one come in,S_ANSWERS_QUESTION_ABOUT_FEATURE,CAMERA_1,color,"This one comes in purple, pink, black, silver, red.",18~50
481,7,CAMERA_1,['CAMERA_1'],"{'CAMERA_1': ['effects', 'optical_zoom', 'color', 'price'], 'CAMERA_2': [], 'CAMERA_3': []}",C_QUESTION_ABOUT_FEATURE,CAMERA_1,price,how much does it cost,S_ANSWERS_QUESTION_ABOUT_FEATURE,CAMERA_1,price,This one costs $2173.,15~20
481,8,CAMERA_1,['CAMERA_1'],"{'CAMERA_1': ['effects', 'optical_zoom', 'color', 'price', 'preset_modes'], 'CAMERA_2': [], 'CAMERA_3': []}",C_SILENT_OR_BACKCHANNEL,CAMERA_1,NONE,okay,S_INTRODUCES_FEATURE,CAMERA_1,preset_modes,"This one has 18 preset modes (e.g. beach, snow, night portrait).",13~63
481,9,CAMERA_1,['CAMERA_1'],"{'CAMERA_1': ['effects', 'optical_zoom', 'color', 'price', 'preset_modes', 'camera_type'], 'CAMERA_2': [], 'CAMERA_3': []}",C_QUESTION_ABOUT_FEATURE,CAMERA_1,camera_type,what kind of camera is this,S_ANSWERS_QUESTION_ABOUT_FEATURE,CAMERA_1,camera_type,This is a point and shoot camera.,10~25
481,10,CAMERA_1,['CAMERA_1'],"{'CAMERA_1': ['effects', 'optical_zoom', 'color', 'price', 'preset_modes', 'camera_type', 'autofocus_points'], 'CAMERA_2': [], 'CAMERA_3': []}",C_QUESTION_ABOUT_FEATURE,CAMERA_1,autofocus_points,how many autofocus points does it have,S_NOT_SURE,CAMERA_1,,I'm not really sure about that,
481,11,CAMERA_1,['CAMERA_1'],"{'CAMERA_1': ['effects', 'optical_zoom', 'color', 'price', 'preset_modes', 'camera_type', 'autofocus_points', 'settings'], 'CAMERA_2': [], 'CAMERA_3': []}",C_QUESTION_ABOUT_FEATURE,CAMERA_1,settings,what kind of settings does it have,S_ANSWERS_QUESTION_ABOUT_FEATURE,CAMERA_1,settings,This one has limited manual settings.,13~36
481,12,CAMERA_1,['CAMERA_1'],"{'CAMERA_1': ['effects', 'optical_zoom', 'color', 'price', 'preset_modes', 'camera_type', 'autofocus_points', 'settings', 'long_exposure'], 'CAMERA_2': [], 'CAMERA_3': []}",C_QUESTION_ABOUT_FEATURE,CAMERA_1,long_exposure,can it take long exposure shots,S_NOT_SURE,CAMERA_1,,I'm not really sure about that,
481,13,NONE,['CAMERA_1'],"{'CAMERA_1': ['effects', 'optical_zoom', 'color', 'price', 'preset_modes', 'camera_type', 'autofocus_points', 'settings', 'long_exposure'], 'CAMERA_2': [], 'CAMERA_3': []}",C_THANK_YOU,CAMERA_1,NONE,thank you for your help,S_THANK_YOU,CAMERA_1,NONE,thank you very much,
481,14,NONE,['CAMERA_1'],"{'CAMERA_1': ['effects', 'optical_zoom', 'color', 'price', 'preset_modes', 'camera_type', 'autofocus_points', 'settings', 'long_exposure'], 'CAMERA_2': [], 'CAMERA_3': []}",C_LEAVES,DOOR,NONE,,S_RETURNS_TO_COUNTER,SERVICE_COUNTER,NONE,,
482,1,NONE,[],"{'CAMERA_1': [], 'CAMERA_2': [], 'CAMERA_3': []}",C_ENTERS,DOOR,NONE,,S_NONE,SERVICE_COUNTER,NONE,,
482,2,NONE,[],"{'CAMERA_1': [], 'CAMERA_2': [], 'CAMERA_3': []}",C_WALKS_TO_CAMERA,CAMERA_3,NONE,,S_NONE,SERVICE_COUNTER,NONE,,
482,3,NONE,[],"{'CAMERA_1': [], 'CAMERA_2': [], 'CAMERA_3': []}",C_EXAMINES_CAMERA,CAMERA_3,NONE,,S_GREETS,CAMERA_3,NONE,can I help you?,
482,4,CAMERA_2,['CAMERA_2'],"{'CAMERA_1': [], 'CAMERA_2': [], 'CAMERA_3': []}",C_LOOKING_FOR_A_CAMERA,CAMERA_3,NONE,I'm looking for a camera,S_INTRODUCES_CAMERA,CAMERA_2,,Let me show you this. Here we have the Sony Alpha a6000.,39~55
482,5,CAMERA_2,['CAMERA_2'],"{'CAMERA_1': [], 'CAMERA_2': ['color'], 'CAMERA_3': []}",C_QUESTION_ABOUT_FEATURE,CAMERA_2,color,what colors does this one come in,S_ANSWERS_QUESTION_ABOUT_FEATURE,CAMERA_2,color,"This one comes in white, silver, black.",18~38
482,6,CAMERA_3,"['CAMERA_2', 'CAMERA_3']","{'CAMERA_1': [], 'CAMERA_2': ['color'], 'CAMERA_3': []}",C_ANYTHING_ELSE_AVAILABLE,CAMERA_2,NONE,ok do you have any other cameras,S_INTRODUCES_CAMERA,CAMERA_3,,Let me show you this. Here we have the Canon EOS 5D Mark III.,39~60
482,7,CAMERA_3,"['CAMERA_2', 'CAMERA_3']","{'CAMERA_1': [], 'CAMERA_2': ['color'], 'CAMERA_3': ['long_exposure']}",C_QUESTION_ABOUT_FEATURE,CAMERA_3,long_exposure,can it take long exposure shots,S_ANSWERS_QUESTION_ABOUT_FEATURE,CAMERA_3,long_exposure,"This one can take long exposures up to up to 30 seconds, bulb mode: expose as long as you want.",39~94
482,8,CAMERA_1,"['CAMERA_2', 'CAMERA_3', 'CAMERA_1']","{'CAMERA_1': [], 'CAMERA_2': ['color'], 'CAMERA_3': ['long_exposure']}",C_ANYTHING_ELSE_AVAILABLE,CAMERA_3,NONE,ok do you have any other cameras,S_INTRODUCES_CAMERA,CAMERA_1,,Let me show you this. Here we have the Nikon Coolpix S2800.,39~58
482,9,CAMERA_1,"['CAMERA_2', 'CAMERA_3', 'CAMERA_1']","{'CAMERA_1': ['camera_type'], 'CAMERA_2': ['color'], 'CAMERA_3': ['long_exposure']}",C_SILENT_OR_BACKCHANNEL,CAMERA_1,NONE,alright,S_INTRODUCES_FEATURE,CAMERA_1,camera_type,This is a point and shoot camera.,10~25
482,10,CAMERA_1,"['CAMERA_2', 'CAMERA_3', 'CAMERA_1']","{'CAMERA_1': ['camera_type', 'optical_zoom'], 'CAMERA_2': ['color'], 'CAMERA_3': ['long_exposure']}",C_QUESTION_ABOUT_FEATURE,CAMERA_1,optical_zoom,does it have optical zoom,S_ANSWERS_QUESTION_ABOUT_FEATURE,CAMERA_1,optical_zoom,This one has 5x optical zoom.,13~28
482,11,CAMERA_1,"['CAMERA_2', 'CAMERA_3', 'CAMERA_1']","{'CAMERA_1': ['camera_type', 'optical_zoom', 'weight'], 'CAMERA_2': ['color'], 'CAMERA_3': ['long_exposure']}",C_SILENT_OR_BACKCHANNEL,CAMERA_1,NONE,alright,S_INTRODUCES_FEATURE,CAMERA_1,weight,This one weighs 120 grams.,16~25
482,12,,"['CAMERA_2', 'CAMERA_3', 'CAMERA_1']","{'CAMERA_1': ['camera_type', 'optical_zoom', 'weight'], 'CAMERA_2': ['color'], 'CAMERA_3': ['long_exposure']}",C_ANYTHING_ELSE_AVAILABLE,CAMERA_1,NONE,ok do you have any other cameras,S_THATS_ALL_WE_HAVE_AVAILABLE,CAMERA_1,,That’s all we have available at the moment.,
482,13,NONE,"['CAMERA_2', 'CAMERA_3', 'CAMERA_1']","{'CAMERA_1': ['camera_type', 'optical_zoom', 'weight'], 'CAMERA_2': ['color'], 'CAMERA_3': ['long_exposure']}",C_THANK_YOU,CAMERA_1,NONE,thank you for your help,S_THANK_YOU,CAMERA_1,NONE,thank you very much,
482,14,NONE,"['CAMERA_2', 'CAMERA_3', 'CAMERA_1']","{'CAMERA_1': ['camera_type', 'optical_zoom', 'weight'], 'CAMERA_2': ['color'], 'CAMERA_3': ['long_exposure']}",C_LEAVES,DOOR,NONE,,S_RETURNS_TO_COUNTER,SERVICE_COUNTER,NONE,,
483,1,NONE,[],"{'CAMERA_1': [], 'CAMERA_2': [], 'CAMERA_3': []}",C_ENTERS,DOOR,NONE,,S_NONE,SERVICE_COUNTER,NONE,,
483,2,NONE,[],"{'CAMERA_1': [], 'CAMERA_2': [], 'CAMERA_3': []}",C_WALKS_TO_CAMERA,CAMERA_1,NONE,,S_GREETS,CAMERA_1,NONE,can I help you?,
483,3,CAMERA_1,['CAMERA_1'],"{'CAMERA_1': [], 'CAMERA_2': [], 'CAMERA_3': []}",C_LOOKING_FOR_A_CAMERA,CAMERA_1,NONE,I'm looking for a camera,S_INTRODUCES_CAMERA,CAMERA_1,,Let me show you this. Here we have the Nikon Coolpix S2800.,39~58
483,4,CAMERA_1,['CAMERA_1'],"{'CAMERA_1': ['resolution'], 'CAMERA_2': [], 'CAMERA_3': []}",C_SILENT_OR_BACKCHANNEL,CAMERA_1,NONE,okay,S_INTRODUCES_FEATURE,CAMERA_1,resolution,This one has 20.1 megapixels resolution.,13~28
483,5,CAMERA_1,['CAMERA_1'],"{'CAMERA_1': ['resolution', 'sensor_size'], 'CAMERA_2': [], 'CAMERA_3': []}",C_QUESTION_ABOUT_FEATURE,CAMERA_1,sensor_size,what is the sensor size,S_NOT_SURE,CAMERA_1,,I'm not really sure about that,
483,6,CAMERA_1,['CAMERA_1'],"{'CAMERA_1': ['resolution', 'sensor_size', 'preset_modes'], 'CAMERA_2': [], 'CAMERA_3': []}",C_SILENT_OR_BACKCHANNEL,CAMERA_1,NONE,okay,S_INTRODUCES_FEATURE,CAMERA_1,preset_modes,"This one has 18 preset modes (e.g. beach, snow, night portrait).",13~63
483,7,CAMERA_1,['CAMERA_1'],"{'CAMERA_1': ['resolution', 'sensor_size', 'preset_modes', 'effects'], 'CAMERA_2': [], 'CAMERA_3': []}",C_QUESTION_ABOUT_FEATURE,CAMERA_1,effects,does it have any effect modes,S_ANSWERS_QUESTION_ABOUT_FEATURE,CAMERA_1,effects,"This one has 12 glamor retouch effects (e.g. skin softening, small face, big eyes).",13~82
483,8,CAMERA_1,['CAMERA_1'],"{'CAMERA_1': ['resolution', 'sensor_size', 'preset_modes', 'effects', 'long_exposure'], 'CAMERA_2': [], 'CAMERA_3': []}",C_QUESTION_ABOUT_FEATURE,CAMERA_1,long_exposure,can it take long exposure shots,S_NOT_SURE,CAMERA_1,,I'm not really sure about that,
483,9,CAMERA_1,['CAMERA_1'],"{'CAMERA_1': ['resolution', 'sensor_size', 'preset_modes', 'effects', 'long_exposure', 'weight'], 'CAMERA_2': [], 'CAMERA_3': []}",C_SILENT_OR_BACKCHANNEL,CAMERA_1,NONE,okay,S_INTRODUCES_FEATURE,CAMERA_1,weight,This one weighs 120 grams.,16~25
483,10,NONE,['CAMERA_1'],"{'CAMERA_1': ['resolution', 'sensor_size', 'preset_modes', 'effects', 'long_exposure', 'weight'], 'CAMERA_2': [], 'CAMERA_3': []}",C_THANK_YOU,CAMERA_1,NONE,thank you for your help,S_THANK_YOU,CAMERA_1,NONE,thank you very much,
483,11,NONE,['CAMERA_1'],"{'CAMERA_1': ['resolution', 'sensor_size', 'preset_modes', 'effects', 'long_exposure', 'weight'], 'CAMERA_2': [], 'CAMERA_3': []}",C_LEAVES,DOOR,NONE,,S_RETURNS_TO_COUNTER,SERVICE_COUNTER,NONE,,
484,1,NONE,[],"{'CAMERA_1': [], 'CAMERA_2': [], 'CAMERA_3': []}",C_ENTERS,DOOR,NONE,,S_NONE,SERVICE_COUNTER,NONE,,
484,2,NONE,[],"{'CAMERA_1': [], 'CAMERA_2': [], 'CAMERA_3': []}",C_GREETS,MIDDLE,NONE,hello,S_GREETS,MIDDLE,NONE,can I help you?,
484,3,CAMERA_1,['CAMERA_1'],"{'CAMERA_1': [], 'CAMERA_2': [], 'CAMERA_3': []}",C_LOOKING_FOR_A_CAMERA,MIDDLE,NONE,I'm looking for a camera,S_INTRODUCES_CAMERA,CAMERA_1,,Let me show you this. Here we have the Nikon Coolpix S2800.,39~58
484,4,CAMERA_1,['CAMERA_1'],"{'CAMERA_1': ['resolution'], 'CAMERA_2': [], 'CAMERA_3': []}",C_QUESTION_ABOUT_FEATURE,CAMERA_1,resolution,what is the resolution,S_ANSWERS_QUESTION_ABOUT_FEATURE,CAMERA_1,resolution,This one has 20.1 megapixels resolution.,13~28
484,5,CAMERA_1,['CAMERA_1'],"{'CAMERA_1': ['resolution', 'optical_zoom'], 'CAMERA_2': [], 'CAMERA_3': []}",C_QUESTION_ABOUT_FEATURE,CAMERA_1,optical_zoom,does it have optical zoom,S_ANSWERS_QUESTION_ABOUT_FEATURE,CAMERA_1,optical_zoom,This one has 5x optical zoom.,13~28
484,6,CAMERA_1,['CAMERA_1'],"{'CAMERA_1': ['resolution', 'optical_zoom', 'color'], 'CAMERA_2': [], 'CAMERA_3': []}",C_SILENT_OR_BACKCHANNEL,CAMERA_1,NONE,okay,S_INTRODUCES_FEATURE,CAMERA_1,color,"This one comes in purple, pink, black, silver, red.",18~50
484,7,CAMERA_1,['CAMERA_1'],"{'CAMERA_1': ['resolution', 'optical_zoom', 'color', 'price'], 'CAMERA_2': [], 'CAMERA_3': []}",C_SILENT_OR_BACKCHANNEL,CAMERA_1,NONE,alright,S_INTRODUCES_FEATURE,CAMERA_1,price,This one costs $2173.,15~20
484,8,NONE,['CAMERA_1'],"{'CAMERA_1': ['resolution', 'optical_zoom', 'color', 'price'], 'CAMERA_2': [], 'CAMERA_3': []}",C_THANK_YOU,CAMERA_1,NONE,thank you for your help,S_THANK_YOU,CAMERA_1,NONE,thank you very much,
484,9,NONE,['CAMERA_1'],"{'CAMERA_1': ['resolution', 'optical_zoom', 'color', 'price'], 'CAMERA_2': [], 'CAMERA_3': []}",C_LEAVES,DOOR,NONE,,S_RETURNS_TO_COUNTER,SERVICE_COUNTER,NONE,,
485,1,NONE,[],"{'CAMERA_1': [], 'CAMERA_2': [], 'CAMERA_3': []}",C_ENTERS,DOOR,NONE,,S_NONE,SERVICE_COUNTER,NONE,,
485,2,NONE,[],"{'CAMERA_1': [], 'CAMERA_2': [], 'CAMERA_3': []}",C_WALKS_TO_CAMERA,CAMERA_2,NONE,,S_GREETS,CAMERA_2,NONE,can I help you?,
485,3,CAMERA_3,['CAMERA_3'],"{'CAMERA_1': [], 'CAMERA_2': [], 'CAMERA_3': []}",C_LOOKING_FOR_A_CAMERA,CAMERA_2,NONE,I'm looking for a camera,S_INTRODUCES_CAMERA,CAMERA_3,,Let me show you this. Here we have the Canon EOS 5D Mark III.,39~60
485,4,CAMERA_3,['CAMERA_3'],"{'CAMERA_1': [], 'CAMERA_2': [], 'CAMERA_3': ['resolution']}",C_QUESTION_ABOUT_FEATURE,CAMERA_3,resolution,what is the resolution,S_NOT_SURE,CAMERA_3,,I'm not really sure about that,
485,5,CAMERA_3,['CAMERA_3'],"{'CAMERA_1': [], 'CAMERA_2': [], 'CAMERA_3': ['resolution', 'optical_zoom']}",C_QUESTION_ABOUT_FEATURE,CAMERA_3,optical_zoom,does it have optical zoom,S_NOT_SURE,CAMERA_3,,I'm not really sure about that,
485,6,CAMERA_3,['CAMERA_3'],"{'CAMERA_1': [], 'CAMERA_2': [], 'CAMERA_3': ['resolution', 'optical_zoom', 'ISO']}",C_SILENT_OR_BACKCHANNEL,CAMERA_3,NONE,I see,S_INTRODUCES_FEATURE,CAMERA_3,ISO,This one has up to 6400 ISO with little noise.,13~45
485,7,CAMERA_3,['CAMERA_3'],"{'CAMERA_1': [], 'CAMERA_2': [], 'CAMERA_3': ['resolution', 'optical_zoom', 'ISO', 'settings']}",C_SILENT_OR_BACKCHANNEL,CAMERA_3,NONE,I see,S_INTRODUCES_FEATURE,CAMERA_3,settings,This one has full manual control.,13~32
485,8,CAMERA_1,"['CAMERA_3', 'CAMERA_1']","{'CAMERA_1': [], 'CAMERA_2': [], 'CAMERA_3': ['resolution', 'optical_zoom', 'ISO', 'settings']}",C_ANYTHING_ELSE_AVAILABLE,CAMERA_3,NONE,ok do you have any other cameras,S_INTRODUCES_CAMERA,CAMERA_1,,Let me show you this. Here we have the Nikon Coolpix S2800.,39~58
485,9,CAMERA_1,"['CAMERA_3', 'CAMERA_1']","{'CAMERA_1': ['color'], 'CAMERA_2': [], 'CAMERA_3': ['resolution', 'optical_zoom', 'ISO', 'settings']}",C_QUESTION_ABOUT_FEATURE,CAMERA_1,color,what colors does this one come in,S_ANSWERS_QUESTION_ABOUT_FEATURE,CAMERA_1,color,"This one comes in purple, pink, black, silver, red.",18~50
485,10,CAMERA_1,"['CAMERA_3', 'CAMERA_1']","{'CAMERA_1': ['color', 'ISO'], 'CAMERA_2': [], 'CAMERA_3': ['resolution', 'optical_zoom', 'ISO', 'settings']}",C_QUESTION_ABOUT_FEATURE,CAMERA_1,ISO,what is the ISO,S_NOT_SURE,CAMERA_1,,I'm not really sure about that,
485,11,CAMERA_1,"['CAMERA_3', 'CAMERA_1']","{'CAMERA_1': ['color', 'ISO', 'preset_modes'], 'CAMERA_2': [], 'CAMERA_3': ['resolution', 'optical_zoom', 'ISO', 'settings']}",C_QUESTION_ABOUT_FEATURE,CAMERA_1,preset_modes,does it have preset modes,S_ANSWERS_QUESTION_ABOUT_FEATURE,CAMERA_1,preset_modes,"This one has 18 preset modes (e.g. beach, snow, night portrait).",13~63
485,12,CAMERA_1,"['CAMERA_3', 'CAMERA_1']","{'CAMERA_1': ['color', 'ISO', 'preset_modes', 'resolution'], 'CAMERA_2': [], 'CAMERA_3': ['resolution', 'optical_zoom', 'ISO', 'settings']}",C_SILENT_OR_BACKCHANNEL,CAMERA_1,NONE,I see,S_INTRODUCES_FEATURE,CAMERA_1,resolution,This one has 20.1 megapixels resolution.,13~28
485,13,CAMERA_1,"['CAMERA_3', 'CAMERA_1']","{'CAMERA_1': ['color', 'ISO', 'preset_modes', 'resolution', 'price'], 'CAMERA_2': [], 'CAMERA_3': ['resolution', 'optical_zoom', 'ISO', 'settings']}",C_SILENT_OR_BACKCHANNEL,CAMERA_1,NONE,alright,S_INTRODUCES_FEATURE,CAMERA_1,price,This one costs $2173.,15~20
485,14,CAMERA_1,"['CAMERA_3', 'CAMERA_1']","{'CAMERA_1': ['color', 'ISO', 'preset_modes', 'resolution', 'price', 'weight'], 'CAMERA_2': [], 'CAMERA_3': ['resolution', 'optical_zoom', 'ISO', 'settings']}",C_SILENT_OR_BACKCHANNEL,CAMERA_1,NONE,I see,S_INTRODUCES_FEATURE,CAMERA_1,weight,This one weighs 120 grams.,16~25
485,15,CAMERA_1,"['CAMERA_3', 'CAMERA_1']","{'CAMERA_1': ['color', 'ISO', 'preset_modes', 'resolution', 'price', 'weight', 'long_exposure'], 'CAMERA_2': [], 'CAMERA_3': ['resolution', 'optical_zoom', 'ISO', 'settings']}",C_QUESTION_ABOUT_FEATURE,CAMERA_1,long_exposure,can it take long exposure shots,S_NOT_SURE,CAMERA_1,,I'm not really sure about that,
485,16,CAMERA_1,"['CAMERA_3', 'CAMERA_1']","{'CAMERA_1': ['color', 'ISO', 'preset_modes', 'resolution', 'price', 'weight', 'long_exposure', 'sensor_size'], 'CAMERA_2': [], 'CAMERA_3': ['resolution', 'optical_zoom', 'ISO', 'settings']}",C_QUESTION_ABOUT_FEATURE,CAMERA_1,sensor_size,what is the sensor size,S_NOT_SURE,CAMERA_1,,I'm not really sure about that,
485,17,CAMERA_1,"['CAMERA_3', 'CAMERA_1']","{'CAMERA_1': ['color', 'ISO', 'preset_modes', 'resolution', 'price', 'weight', 'long_exposure', 'sensor_size', 'settings'], 'CAMERA_2': [], 'CAMERA_3': ['resolution', 'optical_zoom', 'ISO', 'settings']}",C_QUESTION_ABOUT_FEATURE,CAMERA_1,settings,what kind of settings does it have,S_ANSWERS_QUESTION_ABOUT_FEATURE,CAMERA_1,settings,This one has limited manual settings.,13~36
485,18,NONE,"['CAMERA_3', 'CAMERA_1']","{'CAMERA_1': ['color', 'ISO', 'preset_modes', 'resolution', 'price', 'weight', 'long_exposure', 'sensor_size', 'settings'], 'CAMERA_2': [], 'CAMERA_3': ['resolution', 'optical_zoom', 'ISO', 'settings']}",C_THANK_YOU,CAMERA_1,NONE,thank you for your help,S_THANK_YOU,CAMERA_1,NONE,thank you very much,
485,19,NONE,"['CAMERA_3', 'CAMERA_1']","{'CAMERA_1': ['color', 'ISO', 'preset_modes', 'resolution', 'price', 'weight', 'long_exposure', 'sensor_size', 'settings'], 'CAMERA_2': [], 'CAMERA_3': ['resolution', 'optical_zoom', 'ISO', 'settings']}",C_LEAVES,DOOR,NONE,,S_RETURNS_TO_COUNTER,SERVICE_COUNTER,NONE,,
486,1,NONE,[],"{'CAMERA_1': [], 'CAMERA_2': [], 'CAMERA_3': []}",C_ENTERS,DOOR,NONE,,S_NONE,SERVICE_COUNTER,NONE,,
486,2,NONE,[],"{'CAMERA_1': [], 'CAMERA_2': [], 'CAMERA_3': []}",C_GREETS,MIDDLE,NONE,hello,S_GREETS,MIDDLE,NONE,can I help you?,
486,3,CAMERA_2,['CAMERA_2'],"{'CAMERA_1': [], 'CAMERA_2': [], 'CAMERA_3': []}",C_LOOKING_FOR_A_CAMERA,MIDDLE,NONE,I'm looking for a camera,S_INTRODUCES_CAMERA,CAMERA_2,,Let me show you this. Here we have the Sony Alpha a6000.,39~55
486,4,CAMERA_2,['CAMERA_2'],"{'CAMERA_1': [], 'CAMERA_2': ['camera_type'], 'CAMERA_3': []}",C_SILENT_OR_BACKCHANNEL,CAMERA_2,NONE,alright,S_INTRODUCES_FEATURE,CAMERA_2,camera_type,This is a mirrorless camera.,10~20
486,5,CAMERA_2,['CAMERA_2'],"{'CAMERA_1': [], 'CAMERA_2': ['camera_type', 'color'], 'CAMERA_3': []}",C_QUESTION_ABOUT_FEATURE,CAMERA_2,color,what colors does this one come in,S_ANSWERS_QUESTION_ABOUT_FEATURE,CAMERA_2,color,"This one comes in white, silver, black.",18~38
486,6,CAMERA_1,"['CAMERA_2', 'CAMERA_1']","{'CAMERA_1': [], 'CAMERA_2': ['camera_type', 'color'], 'CAMERA_3': []}",C_ANYTHING_ELSE_AVAILABLE,CAMERA_2,NONE,ok do you have any other cameras,S_INTRODUCES_CAMERA,CAMERA_1,,Let me show you this. Here we have the Nikon Coolpix S2800.,39~58
486,7,CAMERA_1,"['CAMERA_2', 'CAMERA_1']","{'CAMERA_1': ['color'], 'CAMERA_2': ['camera_type', 'color'], 'CAMERA_3': []}",C_QUESTION_ABOUT_FEATURE,CAMERA_1,color,what colors does this one come in,S_ANSWERS_QUESTION_ABOUT_FEATURE,CAMERA_1,color,"This one comes in purple, pink, black, silver, red.",18~50
486,8,CAMERA_1,"['CAMERA_2', 'CAMERA_1']","{'CAMERA_1': ['color', 'resolution'], 'CAMERA_2': ['camera_type', 'color'], 'CAMERA_3': []}",C_QUESTION_ABOUT_FEATURE,CAMERA_1,resolution,what is the resolution,S_ANSWERS_QUESTION_ABOUT_FEATURE,CAMERA_1,resolution,This one has 20.1 megapixels resolution.,13~28
486,9,CAMERA_1,"['CAMERA_2', 'CAMERA_1']","{'CAMERA_1': ['color', 'resolution', 'autofocus_points'], 'CAMERA_2': ['camera_type', 'color'], 'CAMERA_3': []}",C_QUESTION_ABOUT_FEATURE,CAMERA_1,autofocus_points,how many autofocus points does it have,S_NOT_SURE,CAMERA_1,,I'm not really sure about that,
486,10,NONE,"['CAMERA_2', 'CAMERA_1']","{'CAMERA_1': ['color', 'resolution', 'autofocus_points'], 'CAMERA_2': ['camera_type', 'color'], 'CAMERA_3': []}",C_THANK_YOU,CAMERA_1,NONE,thank you for your help,S_THANK_YOU,CAMERA_1,NONE,thank you very much,
486,11,NONE,"['CAMERA_2', 'CAMERA_1']","{'CAMERA_1': ['color', 'resolution', 'autofocus_points'], 'CAMERA_2': ['camera_type', 'color'], 'CAMERA_3': []}",C_LEAVES,DOOR,NONE,,S_RETURNS_TO_COUNTER,SERVICE_COUNTER,NONE,,
487,1,NONE,[],"{'CAMERA_1': [], 'CAMERA_2': [], 'CAMERA_3': []}",C_ENTERS,DOOR,NONE,,S_NONE,SERVICE_COUNTER,NONE,,
487,2,NONE,[],"{'CAMERA_1': [], 'CAMERA_2': [], 'CAMERA_3': []}",C_WALKS_TO_CAMERA,CAMERA_2,NONE,,S_GREETS,CAMERA_2,NONE,can I help you?,
487,3,CAMERA_3,['CAMERA_3'],"{'CAMERA_1': [], 'CAMERA_2': [], 'CAMERA_3': []}",C_LOOKING_FOR_A_CAMERA,CAMERA_2,NONE,I'm looking for a camera,S_INTRODUCES_CAMERA,CAMERA_3,,Let me show you this. Here we have the Canon EOS 5D Mark III.,39~60
487,4,CAMERA_3,['CAMERA_3'],"{'CAMERA_1': [], 'CAMERA_2': [], 'CAMERA_3': ['price']}",C_QUESTION_ABOUT_FEATURE,CAMERA_3,price,how much does it cost,S_ANSWERS_QUESTION_ABOUT_FEATURE,CAMERA_3,price,This one costs $3706.,15~20
487,5,CAMERA_3,['CAMERA_3'],"{'CAMERA_1': [], 'CAMERA_2': [], 'CAMERA_3': ['price', 'color']}",C_QUESTION_ABOUT_FEATURE,CAMERA_3,color,what colors does this one come in,S_ANSWERS_QUESTION_ABOUT_FEATURE,CAMERA_3,color,This one comes in black.,18~23
487,6,CAMERA_3,['CAMERA_3'],"{'CAMERA_1': [], 'CAMERA_2': [], 'CAMERA_3': ['price', 'color', 'optical_zoom']}",C_QUESTION_ABOUT_FEATURE,CAMERA_3,optical_zoom,does it have optical zoom,S_NOT_SURE,CAMERA_3,,I'm not really sure about that,
487,7,CAMERA_1,"['CAMERA_3', 'CAMERA_1']","{'CAMERA_1': [], 'CAMERA_2': [], 'CAMERA_3': ['price', 'color', 'optical_zoom']}",C_ANYTHING_ELSE_AVAILABLE,CAMERA_3,NONE,ok do you have any other cameras,S_INTRODUCES_CAMERA,CAMERA_1,,Let me show you this. Here we have the Nikon Coolpix S2800.,39~58
487,8,CAMERA_1,"['CAMERA_3', 'CAMERA_1']","{'CAMERA_1': ['resolution'], 'CAMERA_2': [], 'CAMERA_3': ['price', 'color', 'optical_zoom']}",C_QUESTION_ABOUT_FEATURE,CAMERA_1,resolution,what is the resolution,S_ANSWERS_QUESTION_ABOUT_FEATURE,CAMERA_1,resolution,This one has 20.1 megapixels resolution.,13~28
487,9,CAMERA_1,"['CAMERA_3', 'CAMERA_1']","{'CAMERA_1': ['resolution', 'preset_modes'], 'CAMERA_2': [], 'CAMERA_3': ['price', 'color', 'optical_zoom']}",C_QUESTION_ABOUT_FEATURE,CAMERA_1,preset_modes,does it have preset modes,S_ANSWERS_QUESTION_ABOUT_FEATURE,CAMERA_1,preset_modes,"This one has 18 preset modes (e.g. beach, snow, night portrait).",13~63
487,10,CAMERA_1,"['CAMERA_3', 'CAMERA_1']","{'CAMERA_1': ['resolution', 'preset_modes', 'sensor_size'], 'CAMERA_2': [], 'CAMERA_3': ['price', 'color', 'optical_zoom']}",C_QUESTION_ABOUT_FEATURE,CAMERA_1,sensor_size,what is the sensor size,S_NOT_SURE,CAMERA_1,,I'm not really sure about that,
487,11,CAMERA_1,"['CAMERA_3', 'CAMERA_1']","{'CAMERA_1': ['resolution', 'preset_modes', 'sensor_size', 'color'], 'CAMERA_2': [], 'CAMERA_3': ['price', 'color', 'optical_zoom']}",C_SILENT_OR_BACKCHANNEL,CAMERA_1,NONE,okay,S_INTRODUCES_FEATURE,CAMERA_1,color,"This one comes in purple, pink, black, silver, red.",18~50
487,12,NONE,"['CAMERA_3', 'CAMERA_1']","{'CAMERA_1': ['resolution', 'preset_modes', 'sensor_size', 'color'], 'CAMERA_2': [], 'CAMERA_3': ['price', 'color', 'optical_zoom']}",C_THANK_YOU,CAMERA_1,NONE,thank you for your help,S_THANK_YOU,CAMERA_1,NONE,thank you very much,
487,13,NONE,"['CAMERA_3', 'CAMERA_1']","{'CAMERA_1': ['resolution', 'preset_modes', 'sensor_size', 'color'], 'CAMERA_2': [], 'CAMERA_3': ['price', 'color', 'optical_zoom']}",C_LEAVES,DOOR,NONE,,S_RETURNS_TO_COUNTER,SERVICE_COUNTER,NONE,,
488,1,NONE,[],"{'CAMERA_1': [], 'CAMERA_2': [], 'CAMERA_3': []}",C_ENTERS,DOOR,NONE,,S_NONE,SERVICE_COUNTER,NONE,,
488,2,NONE,[],"{'CAMERA_1': [], 'CAMERA_2': [], 'CAMERA_3': []}",C_WALKS_TO_CAMERA,CAMERA_2,NONE,,S_GREETS,CAMERA_2,NONE,can I help you?,
488,3,CAMERA_3,['CAMERA_3'],"{'CAMERA_1': [], 'CAMERA_2': [], 'CAMERA_3': []}",C_LOOKING_FOR_A_CAMERA,CAMERA_2,NONE,I'm looking for a camera,S_INTRODUCES_CAMERA,CAMERA_3,,Let me show you this. Here we have the Canon EOS 5D Mark III.,39~60
488,4,CAMERA_3,['CAMERA_3'],"{'CAMERA_1': [], 'CAMERA_2': [], 'CAMERA_3': ['autofocus_points']}",C_SILENT_OR_BACKCHANNEL,CAMERA_3,NONE,okay,S_INTRODUCES_FEATURE,CAMERA_3,autofocus_points,This one has 61 autofocus points.,13~32
488,5,CAMERA_3,['CAMERA_3'],"{'CAMERA_1': [], 'CAMERA_2': [], 'CAMERA_3': ['autofocus_points', 'effects']}",C_QUESTION_ABOUT_FEATURE,CAMERA_3,effects,does it have any effect modes,S_NOT_SURE,CAMERA_3,,I'm not really sure about that,
488,6,CAMERA_3,['CAMERA_3'],"{'CAMERA_1': [], 'CAMERA_2': [], 'CAMERA_3': ['autofocus_points', 'effects', 'weight']}",C_SILENT_OR_BACKCHANNEL,CAMERA_3,NONE,alright,S_INTRODUCES_FEATURE,CAMERA_3,weight,This one weighs 950 grams (only body).,16~37
488,7,CAMERA_3,['CAMERA_3'],"{'CAMERA_1': [], 'CAMERA_2': [], 'CAMERA_3': ['autofocus_points', 'effects', 'weight', 'camera_type']}",C_SILENT_OR_BACKCHANNEL,CAMERA_3,NONE,alright,S_INTRODUCES_FEATURE,CAMERA_3,camera_type,This is a DSLR camera.,10~14
488,8,CAMERA_3,['CAMERA_3'],"{'CAMERA_1': [], 'CAMERA_2': [], 'CAMERA_3': ['autofocus_points', 'effects', 'weight', 'camera_type', 'settings']}",C_SILENT_OR_BACKCHANNEL,CAMERA_3,NONE,alright,S_INTRODUCES_FEATURE,CAMERA_3,settings,This one has full manual control.,13~32
488,9,CAMERA_3,['CAMERA_3'],"{'CAMERA_1': [], 'CAMERA_2': [], 'CAMERA_3': ['autofocus_points', 'effects', 'weight', 'camera_type', 'settings', 'long_exposure']}",C_SILENT_OR_BACKCHANNEL,CAMERA_3,NONE,I see,S_INTRODUCES_FEATURE,CAMERA_3,long_exposure,"This one can take long exposures up to up to 30 seconds, bulb mode: expose as long as you want.",39~94
488,10,CAMERA_3,['CAMERA_3'],"{'CAMERA_1': [], 'CAMERA_2': [], 'CAMERA_3': ['autofocus_points', 'effects', 'weight', 'camera_type', 'settings', 'long_exposure', 'optical_zoom']}",C_QUESTION_ABOUT_FEATURE,CAMERA_3,optical_zoom,does it have optical zoom,S_NOT_SURE,CAMERA_3,,I'm not really sure about that,
488,11,NONE,['CAMERA_3'],"{'CAMERA_1': [], 'CAMERA_2': [], 'CAMERA_3': ['autofocus_points', 'effects', 'weight', 'camera_type', 'settings', 'long_exposure', 'optical_zoom']}",C_THANK_YOU,CAMERA_3,NONE,thank you for your help,S_THANK_YOU,CAMERA_3,NONE,thank you very much,
488,12,NONE,['CAMERA_3'],"{'CAMERA_1': [], 'CAMERA_2': [], 'CAMERA_3': ['autofocus_points', 'effects', 'weight', 'camera_type', 'settings', 'long_exposure', 'optical_zoom']}",C_LEAVES,DOOR,NONE,,S_RETURNS_TO_COUNTER,SERVICE_COUNTER,NONE,,
489,1,NONE,[],"{'CAMERA_1': [], 'CAMERA_2': [], 'CAMERA_3': []}",C_ENTERS,DOOR,NONE,,S_NONE,SERVICE_COUNTER,NONE,,
489,2,NONE,[],"{'CAMERA_1': [], 'CAMERA_2': [], 'CAMERA_3': []}",C_GREETS,MIDDLE,NONE,hello,S_GREETS,MIDDLE,NONE,can I help you?,
489,3,CAMERA_3,['CAMERA_3'],"{'CAMERA_1': [], 'CAMERA_2': [], 'CAMERA_3': []}",C_LOOKING_FOR_A_CAMERA,MIDDLE,NONE,I'm looking for a camera,S_INTRODUCES_CAMERA,CAMERA_3,,Let me show you this. Here we have the Canon EOS 5D Mark III.,39~60
489,4,CAMERA_3,['CAMERA_3'],"{'CAMERA_1': [], 'CAMERA_2': [], 'CAMERA_3': ['camera_type']}",C_SILENT_OR_BACKCHANNEL,CAMERA_3,NONE,okay,S_INTRODUCES_FEATURE,CAMERA_3,camera_type,This is a DSLR camera.,10~14
489,5,CAMERA_2,"['CAMERA_3', 'CAMERA_2']","{'CAMERA_1': [], 'CAMERA_2': [], 'CAMERA_3': ['camera_type']}",C_ANYTHING_ELSE_AVAILABLE,CAMERA_3,NONE,ok do you have any other cameras,S_INTRODUCES_CAMERA,CAMERA_2,,Let me show you this. Here we have the Sony Alpha a6000.,39~55
489,6,CAMERA_2,"['CAMERA_3', 'CAMERA_2']","{'CAMERA_1': [], 'CAMERA_2': ['price'], 'CAMERA_3': ['camera_type']}",C_SILENT_OR_BACKCHANNEL,CAMERA_2,NONE,I see,S_INTRODUCES_FEATURE,CAMERA_2,price,This one costs $1341.,15~20
489,7,CAMERA_2,"['CAMERA_3', 'CAMERA_2']","{'CAMERA_1': [], 'CAMERA_2': ['price', 'color'], 'CAMERA_3': ['camera_type']}",C_QUESTION_ABOUT_FEATURE,CAMERA_2,color,what colors does this one come in,S_ANSWERS_QUESTION_ABOUT_FEATURE,CAMERA_2,color,"This one comes in white, silver, black.",18~38
489,8,CAMERA_2,"['CAMERA_3', 'CAMERA_2']","{'CAMERA_1': [], 'CAMERA_2': ['price', 'color', 'autofocus_points'], 'CAMERA_3': ['camera_type']}",C_SILENT_OR_BACKCHANNEL,CAMERA_2,NONE,okay,S_INTRODUCES_FEATURE,CAMERA_2,autofocus_points,This one has 179 autofocus points.,13~33
489,9,CAMERA_1,"['CAMERA_3', 'CAMERA_2', 'CAMERA_1']","{'CAMERA_1': [], 'CAMERA_2': ['price', 'color', 'autofocus_points'], 'CAMERA_3': ['camera_type']}",C_ANYTHING_ELSE_AVAILABLE,CAMERA_2,NONE,ok do you have any other cameras,S_INTRODUCES_CAMERA,CAMERA_1,,Let me show you this. Here we have the Nikon Coolpix S2800.,39~58
489,10,CAMERA_1,"['CAMERA_3', 'CAMERA_2', 'CAMERA_1']","{'CAMERA_1': ['weight'], 'CAMERA_2': ['price', 'color', 'autofocus_points'], 'CAMERA_3': ['camera_type']}",C_QUESTION_ABOUT_FEATURE,CAMERA_1,weight,how much does this one weigh,S_ANSWERS_QUESTION_ABOUT_FEATURE,CAMERA_1,weight,This one weighs 120 grams.,16~25
489,11,CAMERA_1,"['CAMERA_3', 'CAMERA_2', 'CAMERA_1']","{'CAMERA_1': ['weight', 'preset_modes'], 'CAMERA_2': ['price', 'color', 'autofocus_points'], 'CAMERA_3': ['camera_type']}",C_QUESTION_ABOUT_FEATURE,CAMERA_1,preset_modes,does it have preset modes,S_ANSWERS_QUESTION_ABOUT_FEATURE,CAMERA_1,preset_modes,"This one has 18 preset modes (e.g. beach, snow, night portrait).",13~63
489,12,CAMERA_1,"['CAMERA_3', 'CAMERA_2', 'CAMERA_1']","{'CAMERA_1': ['weight', 'preset_modes', 'resolution'], 'CAMERA_2': ['price', 'color', 'autofocus_points'], 'CAMERA_3': ['camera_type']}",C_QUESTION_ABOUT_FEATURE,CAMERA_1,resolution,what is the resolution,S_ANSWERS_QUESTION_ABOUT_FEATURE,CAMERA_1,resolution,This one has 20.1 megapixels resolution.,13~28
489,13,CAMERA_1,"['CAMERA_3', 'CAMERA_2', 'CAMERA_1']","{'CAMERA_1': ['weight', 'preset_modes', 'resolution', 'optical_zoom'], 'CAMERA_2': ['price', 'color', 'autofocus_points'], 'CAMERA_3': ['camera_type']}",C_SILENT_OR_BACKCHANNEL,CAMERA_1,NONE,okay,S_INTRODUCES_FEATURE,CAMERA_1,optical_zoom,This one has 5x optical zoom.,13~28
489,14,NONE,"['CAMERA_3', 'CAMERA_2', 'CAMERA_1']","{'CAMERA_1': ['weight', 'preset_modes', 'resolution', 'optical_zoom'], 'CAMERA_2': ['price', 'color', 'autofocus_points'], 'CAMERA_3': ['camera_type']}",C_THANK_YOU,CAMERA_1,NONE,thank you for your help,S_THANK_YOU,CAMERA_1,NONE,thank you very much,
489,15,NONE,"['CAMERA_3', 'CAMERA_2', 'CAMERA_1']","{'CAMERA_1': ['weight', 'preset_modes', 'resolution', 'optical_zoom'], 'CAMERA_2': ['price', 'color', 'autofocus_points'], 'CAMERA_3': ['camera_type']}",C_LEAVES,DOOR,NONE,,S_RETURNS_TO_COUNTER,SERVICE_COUNTER,NONE,,
490,1,NONE,[],"{'CAMERA_1': [], 'CAMERA_2': [], 'CAMERA_3': []}",C_ENTERS,DOOR,NONE,,S_NONE,SERVICE_COUNTER,NONE,,
490,2,NONE,[],"{'CAMERA_1': [], 'CAMERA_2': [], 'CAMERA_3': []}",C_GREETS,MIDDLE,NONE,hello,S_GREETS,MIDDLE,NONE,can I help you?,
490,3,CAMERA_2,['CAMERA_2'],"{'CAMERA_1': [], 'CAMERA_2': [], 'CAMERA_3': []}",C_LOOKING_FOR_A_CAMERA,MIDDLE,NONE,I'm looking for a camera,S_INTRODUCES_CAMERA,CAMERA_2,,Let me show you this. Here we have the Sony Alpha a6000.,39~55
490,4,CAMERA_2,['CAMERA_2'],"{'CAMERA_1': [], 'CAMERA_2': ['ISO'], 'CAMERA_3': []}",C_QUESTION_ABOUT_FEATURE,CAMERA_2,ISO,what is the ISO,S_ANSWERS_QUESTION_ABOUT_FEATURE,CAMERA_2,ISO,This one has up to 3200 ISO with little noise.,13~45
490,5,CAMERA_2,['CAMERA_2'],"{'CAMERA_1': [], 'CAMERA_2': ['ISO', 'settings'], 'CAMERA_3': []}",C_SILENT_OR_BACKCHANNEL,CAMERA_2,NONE,alright,S_INTRODUCES_FEATURE,CAMERA_2,settings,This one has full manual control.,13~32
490,6,CAMERA_2,['CAMERA_2'],"{'CAMERA_1': [], 'CAMERA_2': ['ISO', 'settings', 'weight'], 'CAMERA_3': []}",C_SILENT_OR_BACKCHANNEL,CAMERA_2,NONE,I see,S_INTRODUCES_FEATURE,CAMERA_2,weight,This one weighs 470 grams.,16~25
490,7,CAMERA_2,['CAMERA_2'],"{'CAMERA_1': [], 'CAMERA_2': ['ISO', 'settings', 'weight', 'autofocus_points'], 'CAMERA_3': []}",C_SILENT_OR_BACKCHANNEL,CAMERA_2,NONE,I see,S_INTRODUCES_FEATURE,CAMERA_2,autofocus_points,This one has 179 autofocus points.,13~33
490,8,CAMERA_3,"['CAMERA_2', 'CAMERA_3']","{'CAMERA_1': [], 'CAMERA_2': ['ISO', 'settings', 'weight', 'autofocus_points'], 'CAMERA_3': []}",C_ANYTHING_ELSE_AVAILABLE,CAMERA_2,NONE,ok do you have any other cameras,S_INTRODUCES_CAMERA,CAMERA_3,,Let me show you this. Here we have the Canon EOS 5D Mark III.,39~60
490,9,CAMERA_3,"['CAMERA_2', 'CAMERA_3']","{'CAMERA_1': [], 'CAMERA_2': ['ISO', 'settings', 'weight', 'autofocus_points'], 'CAMERA_3': ['preset_modes']}",C_QUESTION_ABOUT_FEATURE,CAMERA_3,preset_modes,does it have preset modes,S_NOT_SURE,CAMERA_3,,I'm not really sure about that,
490,10,CAMERA_3,"['CAMERA_2', 'CAMERA_3']","{'CAMERA_1': [], 'CAMERA_2': ['ISO', 'settings', 'weight', 'autofocus_points'], 'CAMERA_3': ['preset_modes', 'color']}",C_SILENT_OR_BACKCHANNEL,CAMERA_3,NONE,okay,S_INTRODUCES_FEATURE,CAMERA_3,color,This one comes in black.,18~23
490,11,CAMERA_3,"['CAMERA_2', 'CAMERA_3']","{'CAMERA_1': [], 'CAMERA_2': ['ISO', 'settings', 'weight', 'autofocus_points'], 'CAMERA_3': ['preset_modes', 'color', 'camera_type']}",C_SILENT_OR_BACKCHANNEL,CAMERA_3,NONE,I see,S_INTRODUCES_FEATURE,CAMERA_3,camera_type,This is a DSLR camera.,10~14
490,12,CAMERA_3,"['CAMERA_2', 'CAMERA_3']","{'CAMERA_1': [], 'CAMERA_2': ['ISO', 'settings', 'weight', 'autofocus_points'], 'CAMERA_3': ['preset_modes', 'color', 'camera_type', 'settings']}",C_SILENT_OR_BACKCHANNEL,CAMERA_3,NONE,I see,S_INTRODUCES_FEATURE,CAMERA_3,settings,This one has full manual control.,13~32
490,13,NONE,"['CAMERA_2', 'CAMERA_3']","{'CAMERA_1': [], 'CAMERA_2': ['ISO', 'settings', 'weight', 'autofocus_points'], 'CAMERA_3': ['preset_modes', 'color', 'camera_type', 'settings']}",C_THANK_YOU,CAMERA_3,NONE,thank you for your help,S_THANK_YOU,CAMERA_3,NONE,thank you very much,
490,14,NONE,"['CAMERA_2', 'CAMERA_3']","{'CAMERA_1': [], 'CAMERA_2': ['ISO', 'settings', 'weight', 'autofocus_points'], 'CAMERA_3': ['preset_modes', 'color', 'camera_type', 'settings']}",C_LEAVES,DOOR,NONE,,S_RETURNS_TO_COUNTER,SERVICE_COUNTER,NONE,,
491,1,NONE,[],"{'CAMERA_1': [], 'CAMERA_2': [], 'CAMERA_3': []}",C_ENTERS,DOOR,NONE,,S_NONE,SERVICE_COUNTER,NONE,,
491,2,NONE,[],"{'CAMERA_1': [], 'CAMERA_2': [], 'CAMERA_3': []}",C_WALKS_TO_CAMERA,CAMERA_1,NONE,,S_GREETS,CAMERA_1,NONE,can I help you?,
491,3,CAMERA_2,['CAMERA_2'],"{'CAMERA_1': [], 'CAMERA_2': [], 'CAMERA_3': []}",C_LOOKING_FOR_A_CAMERA,CAMERA_1,NONE,I'm looking for a camera,S_INTRODUCES_CAMERA,CAMERA_2,,Let me show you this. Here we have the Sony Alpha a6000.,39~55
491,4,CAMERA_2,['CAMERA_2'],"{'CAMERA_1': [], 'CAMERA_2': ['resolution'], 'CAMERA_3': []}",C_QUESTION_ABOUT_FEATURE,CAMERA_2,resolution,what is the resolution,S_NOT_SURE,CAMERA_2,,I'm not really sure about that,
491,5,CAMERA_2,['CAMERA_2'],"{'CAMERA_1': [], 'CAMERA_2': ['resolution', 'weight'], 'CAMERA_3': []}",C_SILENT_OR_BACKCHANNEL,CAMERA_2,NONE,okay,S_INTRODUCES_FEATURE,CAMERA_2,weight,This one weighs 470 grams.,16~25
491,6,CAMERA_2,['CAMERA_2'],"{'CAMERA_1': [], 'CAMERA_2': ['resolution', 'weight', 'effects'], 'CAMERA_3': []}",C_SILENT_OR_BACKCHANNEL,CAMERA_2,NONE,okay,S_INTRODUCES_FEATURE,CAMERA_2,effects,"This one has 13 artistic effect modes (e.g. toy camera, soft focus).",13~67
491,7,CAMERA_2,['CAMERA_2'],"{'CAMERA_1': [], 'CAMERA_2': ['resolution', 'weight', 'effects', 'autofocus_points'], 'CAMERA_3': []}",C_QUESTION_ABOUT_FEATURE,CAMERA_2,autofocus_points,how many autofocus points does it have,S_ANSWERS_QUESTION_ABOUT_FEATURE,CAMERA_2,autofocus_points,This one has 179 autofocus points.,13~33
491,8,CAMERA_2,['CAMERA_2'],"{'CAMERA_1': [], 'CAMERA_2': ['resolution', 'weight', 'effects', 'autofocus_points', 'camera_type'], 'CAMERA_3': []}",C_SILENT_OR_BACKCHANNEL,CAMERA_2,NONE,okay,S_INTRODUCES_FEATURE,CAMERA_2,camera_type,This is a mirrorless camera.,10~20
491,9,NONE,['CAMERA_2'],"{'CAMERA_1': [], 'CAMERA_2': ['resolution', 'weight', 'effects', 'autofocus_points', 'camera_type'], 'CAMERA_3': []}",C_THANK_YOU,CAMERA_2,NONE,thank you for your help,S_THANK_YOU,CAMERA_2,NONE,thank you very much,
491,10,NONE,['CAMERA_2'],"{'CAMERA_1': [], 'CAMERA_2': ['resolution', 'weight', 'effects', 'autofocus_points', 'camera_type'], 'CAMERA_3': []}",C_LEAVES,DOOR,NONE,,S_RETURNS_TO_COUNTER,SERVICE_COUNTER,NONE,,
492,1,NONE,[],"{'CAMERA_1': [], 'CAMERA_2': [], 'CAMERA_3': []}",C_ENTERS,DOOR,NONE,,S_NONE,SERVICE_COUNTER,NONE,,
492,2,NONE,[],"{'CAMERA_1': [], 'CAMERA_2': [], 'CAMERA_3': []}",C_GREETS,MIDDLE,NONE,hello,S_GREETS,MIDDLE,NONE,can I help you?,
492,3,CAMERA_1,['CAMERA_1'],"{'CAMERA_1': [], 'CAMERA_2': [], 'CAMERA_3': []}",C_LOOKING_FOR_A_CAMERA,MIDDLE,NONE,I'm looking for a camera,S_INTRODUCES_CAMERA,CAMERA_1,,Let me show you this. Here we have the Nikon Coolpix S2800.,39~58
492,4,CAMERA_1,['CAMERA_1'],"{'CAMERA_1': ['preset_modes'], 'CAMERA_2': [], 'CAMERA_3': []}",C_SILENT_OR_BACKCHANNEL,CAMERA_1,NONE,alright,S_INTRODUCES_FEATURE,CAMERA_1,preset_modes,"This one has 18 preset modes (e.g. beach, snow, night portrait).",13~63
492,5,CAMERA_2,"['CAMERA_1', 'CAMERA_2']","{'CAMERA_1': ['preset_modes'], 'CAMERA_2': [], 'CAMERA_3': []}",C_ANYTHING_ELSE_AVAILABLE,CAMERA_1,NONE,ok do you have any other cameras,S_INTRODUCES_CAMERA,CAMERA_2,,Let me show you this. Here we have the Sony Alpha a6000.,39~55
492,6,CAMERA_2,"['CAMERA_1', 'CAMERA_2']","{'CAMERA_1': ['preset_modes'], 'CAMERA_2': ['resolution'], 'CAMERA_3': []}",C_QUESTION_ABOUT_FEATURE,CAMERA_2,resolution,what is the resolution,S_NOT_SURE,CAMERA_2,,I'm not really sure about that,
492,7,CAMERA_2,"['CAMERA_1', 'CAMERA_2']","{'CAMERA_1': ['preset_modes'], 'CAMERA_2': ['resolution', 'preset_modes'], 'CAMERA_3': []}",C_SILENT_OR_BACKCHANNEL,CAMERA_2,NONE,I see,S_INTRODUCES_FEATURE,CAMERA_2,preset_modes,"This one has 9 preset modes (e.g. beach, snow, night, portrait).",13~63
492,8,CAMERA_2,"['CAMERA_1', 'CAMERA_2']","{'CAMERA_1': ['preset_modes'], 'CAMERA_2': ['resolution', 'preset_modes', 'effects'], 'CAMERA_3': []}",C_QUESTION_ABOUT_FEATURE,CAMERA_2,effects,does it have any effect modes,S_ANSWERS_QUESTION_ABOUT_FEATURE,CAMERA_2,effects,"This one has 13 artistic effect modes (e.g. toy camera, soft focus).",13~67
492,9,CAMERA_2,"['CAMERA_1', 'CAMERA_2']","{'CAMERA_1': ['preset_modes'], 'CAMERA_2': ['resolution', 'preset_modes', 'effects', 'color'], 'CAMERA_3': []}",C_QUESTION_ABOUT_FEATURE,CAMERA_2,color,what colors does this one come in,S_ANSWERS_QUESTION_ABOUT_FEATURE,CAMERA_2,color,"This one comes in white, silver, black.",18~38
492,10,CAMERA_2,"['CAMERA_1', 'CAMERA_2']","{'CAMERA_1': ['preset_modes'], 'CAMERA_2': ['resolution', 'preset_modes', 'effects', 'color', 'camera_type'], 'CAMERA_3': []}",C_QUESTION_ABOUT_FEATURE,CAMERA_2,camera_type,what kind of camera is this,S_ANSWERS_QUESTION_ABOUT_FEATURE,CAMERA_2,camera_type,This is a mirrorless camera.,10~20
492,11,CAMERA_3,"['CAMERA_1', 'CAMERA_2', 'CAMERA_3']","{'CAMERA_1': ['preset_modes'], 'CAMERA_2': ['resolution', 'preset_modes', 'effects', 'color', 'camera_type'], 'CAMERA_3': []}",C_ANYTHING_ELSE_AVAILABLE,CAMERA_2,NONE,ok do you have any other cameras,S_INTRODUCES_CAMERA,CAMERA_3,,Let me show you this. Here we have the Canon EOS 5D Mark III.,39~60
492,12,CAMERA_3,"['CAMERA_1', 'CAMERA_2', 'CAMERA_3']","{'CAMERA_1': ['preset_modes'], 'CAMERA_2': ['resolution', 'preset_modes', 'effects', 'color', 'camera_type'], 'CAMERA_3': ['optical_zoom']}",C_QUESTION_ABOUT_FEATURE,CAMERA_3,optical_zoom,does it have optical zoom,S_NOT_SURE,CAMERA_3,,I'm not really sure about that,
492,13,NONE,"['CAMERA_1', 'CAMERA_2', 'CAMERA_3']","{'CAMERA_1': ['preset_modes'], 'CAMERA_2': ['resolution', 'preset_modes', 'effects', 'color', 'camera_type'], 'CAMERA_3': ['optical_zoom']}",C_THANK_YOU,CAMERA_3,NONE,thank you for your help,S_THANK_YOU,CAMERA_3,NONE,thank you very much,
492,14,NONE,"['CAMERA_1', 'CAMERA_2', 'CAMERA_3']","{'CAMERA_1': ['preset_modes'], 'CAMERA_2': ['resolution', 'preset_modes', 'effects', 'color', 'camera_type'], 'CAMERA_3': ['optical_zoom']}",C_LEAVES,DOOR,NONE,,S_RETURNS_TO_COUNTER,SERVICE_COUNTER,NONE,,
493,1,NONE,[],"{'CAMERA_1': [], 'CAMERA_2': [], 'CAMERA_3': []}",C_ENTERS,DOOR,NONE,,S_NONE,SERVICE_COUNTER,NONE,,
493,2,NONE,[],"{'CAMERA_1': [], 'CAMERA_2': [], 'CAMERA_3': []}",C_GREETS,MIDDLE,NONE,hello,S_GREETS,MIDDLE,NONE,can I help you?,
493,3,CAMERA_2,['CAMERA_2'],"{'CAMERA_1': [], 'CAMERA_2': [], 'CAMERA_3': []}",C_LOOKING_FOR_A_CAMERA,MIDDLE,NONE,I'm looking for a camera,S_INTRODUCES_CAMERA,CAMERA_2,,Let me show you this. Here we have the Sony Alpha a6000.,39~55
493,4,CAMERA_2,['CAMERA_2'],"{'CAMERA_1': [], 'CAMERA_2': ['sensor_size'], 'CAMERA_3': []}",C_QUESTION_ABOUT_FEATURE,CAMERA_2,sensor_size,what is the sensor size,S_ANSWERS_QUESTION_ABOUT_FEATURE,CAMERA_2,sensor_size,This one has a APS-C sensor (crop sensor).,15~41
493,5,CAMERA_2,['CAMERA_2'],"{'CAMERA_1': [], 'CAMERA_2': ['sensor_size', 'camera_type'], 'CAMERA_3': []}",C_SILENT_OR_BACKCHANNEL,CAMERA_2,NONE,I see,S_INTRODUCES_FEATURE,CAMERA_2,camera_type,This is a mirrorless camera.,10~20
493,6,CAMERA_2,['CAMERA_2'],"{'CAMERA_1': [], 'CAMERA_2': ['sensor_size', 'camera_type', 'preset_modes'], 'CAMERA_3': []}",C_QUESTION_ABOUT_FEATURE,CAMERA_2,preset_modes,does it have preset modes,S_ANSWERS_QUESTION_ABOUT_FEATURE,CAMERA_2,preset_modes,"This one has 9 preset modes (e.g. beach, snow, night, portrait).",13~63
493,7,CAMERA_2,['CAMERA_2'],"{'CAMERA_1': [], 'CAMERA_2': ['sensor_size', 'camera_type', 'preset_modes', 'color'], 'CAMERA_3': []}",C_SILENT_OR_BACKCHANNEL,CAMERA_2,NONE,alright,S_INTRODUCES_FEATURE,CAMERA_2,color,"This one comes in white, silver, black.",18~38
493,8,CAMERA_3,"['CAMERA_2', 'CAMERA_3']","{'CAMERA_1': [], 'CAMERA_2': ['sensor_size', 'camera_type', 'preset_modes', 'color'], 'CAMERA_3': []}",C_ANYTHING_ELSE_AVAILABLE,CAMERA_2,NONE,ok do you have any other cameras,S_INTRODUCES_CAMERA,CAMERA_3,,Let me show you this. Here we have the Canon EOS 5D Mark III.,39~60
493,9,CAMERA_3,"['CAMERA_2', 'CAMERA_3']","{'CAMERA_1': [], 'CAMERA_2': ['sensor_size', 'camera_type', 'preset_modes', 'color'], 'CAMERA_3': ['camera_type']}",C_QUESTION_ABOUT_FEATURE,CAMERA_3,camera_type,what kind of camera is this,S_ANSWERS_QUESTION_ABOUT_FEATURE,CAMERA_3,camera_type,This is a DSLR camera.,10~14
493,10,CAMERA_3,"['CAMERA_2', 'CAMERA_3']","{'CAMERA_1': [], 'CAMERA_2': ['sensor_size', 'camera_type', 'preset_modes', 'color'], 'CAMERA_3': ['camera_type', 'preset_modes']}",C_QUESTION_ABOUT_FEATURE,CAMERA_3,preset_modes,does it have preset modes,S_NOT_SURE,CAMERA_3,,I'm not really sure about that,
493,11,CAMERA_3,"['CAMERA_2', 'CAMERA_3']","{'CAMERA_1': [], 'CAMERA_2': ['sensor_size', 'camera_type', 'preset_modes', 'color'], 'CAMERA_3': ['camera_type', 'preset_modes', 'ISO']}",C_QUESTION_ABOUT_FEATURE,CAMERA_3,ISO,what is the ISO,S_ANSWERS_QUESTION_ABOUT_FEATURE,CAMERA_3,ISO,This one has up to 6400 ISO with little noise.,13~45
493,12,CAMERA_3,"['CAMERA_2', 'CAMERA_3']","{'CAMERA_1': [], 'CAMERA_2': ['sensor_size', 'camera_type', 'preset_modes', 'color'], 'CAMERA_3': ['camera_type', 'preset_modes', 'ISO', 'optical_zoom']}",C_QUESTION_ABOUT_FEATURE,CAMERA_3,optical_zoom,does it have optical zoom,S_NOT_SURE,CAMERA_3,,I'm not really sure about that,
493,13,CAMERA_3,"['CAMERA_2', 'CAMERA_3']","{'CAMERA_1': [], 'CAMERA_2': ['sensor_size', 'camera_type', 'preset_modes', 'color'], 'CAMERA_3': ['camera_type', 'preset_modes', 'ISO', 'optical_zoom', 'color']}",C_SILENT_OR_BACKCHANNEL,CAMERA_3,NONE,alright,S_INTRODUCES_FEATURE,CAMERA_3,color,This one comes in black.,18~23
493,14,CAMERA_3,"['CAMERA_2', 'CAMERA_3']","{'CAMERA_1': [], 'CAMERA_2': ['sensor_size', 'camera_type', 'preset_modes', 'color'], 'CAMERA_3': ['camera_type', 'preset_modes', 'ISO', 'optical_zoom', 'color', 'settings']}",C_QUESTION_ABOUT_FEATURE,CAMERA_3,settings,what kind of settings does it have,S_ANSWERS_QUESTION_ABOUT_FEATURE,CAMERA_3,settings,This one has full manual control.,13~32
493,15,CAMERA_3,"['CAMERA_2', 'CAMERA_3']","{'CAMERA_1': [], 'CAMERA_2': ['sensor_size', 'camera_type', 'preset_modes', 'color'], 'CAMERA_3': ['camera_type', 'preset_modes', 'ISO', 'optical_zoom', 'color', 'settings', 'resolution']}",C_QUESTION_ABOUT_FEATURE,CAMERA_3,resolution,what is the resolution,S_NOT_SURE,CAMERA_3,,I'm not really sure about that,
493,16,CAMERA_3,"['CAMERA_2', 'CAMERA_3']","{'CAMERA_1': [], 'CAMERA_2': ['sensor_size', 'camera_type', 'preset_modes', 'color'], 'CAMERA_3': ['camera_type', 'preset_modes', 'ISO', 'optical_zoom', 'color', 'settings', 'resolution', 'sensor_size']}",C_QUESTION_ABOUT_FEATURE,CAMERA_3,sensor_size,what is the sensor size,S_ANSWERS_QUESTION_ABOUT_FEATURE,CAMERA_3,sensor_size,This one has a full frame.,15~25
493,17,CAMERA_3,"['CAMERA_2', 'CAMERA_3']","{'CAMERA_1': [], 'CAMERA_2': ['sensor_size', 'camera_type', 'preset_modes', 'color'], 'CAMERA_3': ['camera_type', 'preset_modes', 'ISO', 'optical_zoom', 'color', 'settings', 'resolution', 'sensor_size', 'price']}",C_QUESTION_ABOUT_FEATURE,CAMERA_3,price,how much does it cost,S_ANSWERS_QUESTION_ABOUT_FEATURE,CAMERA_3,price,This one costs $3706.,15~20
493,18,CAMERA_3,"['CAMERA_2', 'CAMERA_3']","{'CAMERA_1': [], 'CAMERA_2': ['sensor_size', 'camera_type', 'preset_modes', 'color'], 'CAMERA_3': ['camera_type', 'preset_modes', 'ISO', 'optical_zoom', 'color', 'settings', 'resolution', 'sensor_size', 'price', 'weight']}",C_SILENT_OR_BACKCHANNEL,CAMERA_3,NONE,alright,S_INTRODUCES_FEATURE,CAMERA_3,weight,This one weighs 950 grams (only body).,16~37
493,19,CAMERA_3,"['CAMERA_2', 'CAMERA_3']","{'CAMERA_1': [], 'CAMERA_2': ['sensor_size', 'camera_type', 'preset_modes', 'color'], 'CAMERA_3': ['camera_type', 'preset_modes', 'ISO', 'optical_zoom', 'color', 'settings', 'resolution', 'sensor_size', 'price', 'weight', 'autofocus_points']}",C_QUESTION_ABOUT_FEATURE,CAMERA_3,autofocus_points,how many autofocus points does it have,S_ANSWERS_QUESTION_ABOUT_FEATURE,CAMERA_3,autofocus_points,This one has 61 autofocus points.,13~32
493,20,CAMERA_3,"['CAMERA_2', 'CAMERA_3']","{'CAMERA_1': [], 'CAMERA_2': ['sensor_size', 'camera_type', 'preset_modes', 'color'], 'CAMERA_3': ['camera_type', 'preset_modes', 'ISO', 'optical_zoom', 'color', 'settings', 'resolution', 'sensor_size', 'price', 'weight', 'autofocus_points', 'long_exposure']}",C_SILENT_OR_BACKCHANNEL,CAMERA_3,NONE,alright,S_INTRODUCES_FEATURE,CAMERA_3,long_exposure,"This one can take long exposures up to up to 30 seconds, bulb mode: expose as long as you want.",39~94
493,21,CAMERA_3,"['CAMERA_2', 'CAMERA_3']","{'CAMERA_1': [], 'CAMERA_2': ['sensor_size', 'camera_type', 'preset_modes', 'color'], 'CAMERA_3': ['camera_type', 'preset_modes', 'ISO', 'optical_zoom', 'color', 'settings', 'resolution', 'sensor_size', 'price', 'weight', 'autofocus_points', 'long_exposure', 'effects']}",C_QUESTION_ABOUT_FEATURE,CAMERA_3,effects,does it have any effect modes,S_NOT_SURE,CAMERA_3,,I'm not really sure about that,
493,22,CAMERA_1,"['CAMERA_2', 'CAMERA_3', 'CAMERA_1']","{'CAMERA_1': [], 'CAMERA_2': ['sensor_size', 'camera_type', 'preset_modes', 'color'], 'CAMERA_3': ['camera_type', 'preset_modes', 'ISO', 'optical_zoom', 'color', 'settings', 'resolution', 'sensor_size', 'price', 'weight', 'autofocus_points', 'long_exposure', 'effects']}",C_ANYTHING_ELSE_AVAILABLE,CAMERA_3,NONE,ok do you have any other cameras,S_INTRODUCES_CAMERA,CAMERA_1,,Let me show you this. Here we have the Nikon Coolpix S2800.,39~58
493,23,CAMERA_1,"['CAMERA_2', 'CAMERA_3', 'CAMERA_1']","{'CAMERA_1': ['color'], 'CAMERA_2': ['sensor_size', 'camera_type', 'preset_modes', 'color'], 'CAMERA_3': ['camera_type', 'preset_modes', 'ISO', 'optical_zoom', 'color', 'settings', 'resolution', 'sensor_size', 'price', 'weight', 'autofocus_points', 'long_exposure', 'effects']}",C_SILENT_OR_BACKCHANNEL,CAMERA_1,NONE,okay,S_INTRODUCES_FEATURE,CAMERA_1,color,"This one comes in purple, pink, black, silver, red.",18~50
493,24,NONE,"['CAMERA_2', 'CAMERA_3', 'CAMERA_1']","{'CAMERA_1': ['color'], 'CAMERA_2': ['sensor_size', 'camera_type', 'preset_modes', 'color'], 'CAMERA_3': ['camera_type', 'preset_modes', 'ISO', 'optical_zoom', 'color', 'settings', 'resolution', 'sensor_size', 'price', 'weight', 'autofocus_points', 'long_exposure', 'effects']}",C_THANK_YOU,CAMERA_1,NONE,thank you for your help,S_THANK_YOU,CAMERA_1,NONE,thank you very much,
493,25,NONE,"['CAMERA_2', 'CAMERA_3', 'CAMERA_1']","{'CAMERA_1': ['color'], 'CAMERA_2': ['sensor_size', 'camera_type', 'preset_modes', 'color'], 'CAMERA_3': ['camera_type', 'preset_modes', 'ISO', 'optical_zoom', 'color', 'settings', 'resolution', 'sensor_size', 'price', 'weight', 'autofocus_points', 'long_exposure', 'effects']}",C_LEAVES,DOOR,NONE,,S_RETURNS_TO_COUNTER,SERVICE_COUNTER,NONE,,
494,1,NONE,[],"{'CAMERA_1': [], 'CAMERA_2': [], 'CAMERA_3': []}",C_ENTERS,DOOR,NONE,,S_NONE,SERVICE_COUNTER,NONE,,
494,2,NONE,[],"{'CAMERA_1': [], 'CAMERA_2': [], 'CAMERA_3': []}",C_WALKS_TO_CAMERA,CAMERA_1,NONE,,S_GREETS,CAMERA_1,NONE,can I help you?,
494,3,CAMERA_1,['CAMERA_1'],"{'CAMERA_1': [], 'CAMERA_2': [], 'CAMERA_3': []}",C_LOOKING_FOR_A_CAMERA,CAMERA_1,NONE,I'm looking for a camera,S_INTRODUCES_CAMERA,CAMERA_1,,Let me show you this. Here we have the Nikon Coolpix S2800.,39~58
494,4,CAMERA_1,['CAMERA_1'],"{'CAMERA_1': ['optical_zoom'], 'CAMERA_2': [], 'CAMERA_3': []}",C_QUESTION_ABOUT_FEATURE,CAMERA_1,optical_zoom,does it have optical zoom,S_ANSWERS_QUESTION_ABOUT_FEATURE,CAMERA_1,optical_zoom,This one has 5x optical zoom.,13~28
494,5,CAMERA_1,['CAMERA_1'],"{'CAMERA_1': ['optical_zoom', 'ISO'], 'CAMERA_2': [], 'CAMERA_3': []}",C_QUESTION_ABOUT_FEATURE,CAMERA_1,ISO,what is the ISO,S_NOT_SURE,CAMERA_1,,I'm not really sure about that,
494,6,CAMERA_1,['CAMERA_1'],"{'CAMERA_1': ['optical_zoom', 'ISO', 'settings'], 'CAMERA_2': [], 'CAMERA_3': []}",C_SILENT_OR_BACKCHANNEL,CAMERA_1,NONE,I see,S_INTRODUCES_FEATURE,CAMERA_1,settings,This one has limited manual settings.,13~36
494,7,CAMERA_3,"['CAMERA_1', 'CAMERA_3']","{'CAMERA_1': ['optical_zoom', 'ISO', 'settings'], 'CAMERA_2': [], 'CAMERA_3': []}",C_ANYTHING_ELSE_AVAILABLE,CAMERA_1,NONE,ok do you have any other cameras,S_INTRODUCES_CAMERA,CAMERA_3,,Let me show you this. Here we have the Canon EOS 5D Mark III.,39~60
494,8,CAMERA_3,"['CAMERA_1', 'CAMERA_3']","{'CAMERA_1': ['optical_zoom', 'ISO', 'settings'], 'CAMERA_2': [], 'CAMERA_3': ['ISO']}",C_SILENT_OR_BACKCHANNEL,CAMERA_3,NONE,alright,S_INTRODUCES_FEATURE,CAMERA_3,ISO,This one has up to 6400 ISO with little noise.,13~45
494,9,NONE,"['CAMERA_1', 'CAMERA_3']","{'CAMERA_1': ['optical_zoom', 'ISO', 'settings'], 'CAMERA_2': [], 'CAMERA_3': ['ISO']}",C_THANK_YOU,CAMERA_3,NONE,thank you for your help,S_THANK_YOU,CAMERA_3,NONE,thank you very much,
494,10,NONE,"['CAMERA_1', 'CAMERA_3']","{'CAMERA_1': ['optical_zoom', 'ISO', 'settings'], 'CAMERA_2': [], 'CAMERA_3': ['ISO']}",C_LEAVES,DOOR,NONE,,S_RETURNS_TO_COUNTER,SERVICE_COUNTER,NONE,,
495,1,NONE,[],"{'CAMERA_1': [], 'CAMERA_2': [], 'CAMERA_3': []}",C_ENTERS,DOOR,NONE,,S_NONE,SERVICE_COUNTER,NONE,,
495,2,NONE,[],"{'CAMERA_1': [], 'CAMERA_2': [], 'CAMERA_3': []}",C_GREETS,MIDDLE,NONE,hello,S_GREETS,MIDDLE,NONE,can I help you?,
495,3,CAMERA_2,['CAMERA_2'],"{'CAMERA_1': [], 'CAMERA_2': [], 'CAMERA_3': []}",C_LOOKING_FOR_A_CAMERA,MIDDLE,NONE,I'm looking for a camera,S_INTRODUCES_CAMERA,CAMERA_2,,Let me show you this. Here we have the Sony Alpha a6000.,39~55
495,4,CAMERA_2,['CAMERA_2'],"{'CAMERA_1': [], 'CAMERA_2': ['ISO'], 'CAMERA_3': []}",C_QUESTION_ABOUT_FEATURE,CAMERA_2,ISO,what is the ISO,S_ANSWERS_QUESTION_ABOUT_FEATURE,CAMERA_2,ISO,This one has up to 3200 ISO with little noise.,13~45
495,5,CAMERA_3,"['CAMERA_2', 'CAMERA_3']","{'CAMERA_1': [], 'CAMERA_2': ['ISO'], 'CAMERA_3': []}",C_ANYTHING_ELSE_AVAILABLE,CAMERA_2,NONE,ok do you have any other cameras,S_INTRODUCES_CAMERA,CAMERA_3,,Let me show you this. Here we have the Canon EOS 5D Mark III.,39~60
495,6,CAMERA_3,"['CAMERA_2', 'CAMERA_3']","{'CAMERA_1': [], 'CAMERA_2': ['ISO'], 'CAMERA_3': ['preset_modes']}",C_QUESTION_ABOUT_FEATURE,CAMERA_3,preset_modes,does it have preset modes,S_NOT_SURE,CAMERA_3,,I'm not really sure about that,
495,7,CAMERA_3,"['CAMERA_2', 'CAMERA_3']","{'CAMERA_1': [], 'CAMERA_2': ['ISO'], 'CAMERA_3': ['preset_modes', 'resolution']}",C_QUESTION_ABOUT_FEATURE,CAMERA_3,resolution,what is the resolution,S_NOT_SURE,CAMERA_3,,I'm not really sure about that,
495,8,CAMERA_3,"['CAMERA_2', 'CAMERA_3']","{'CAMERA_1': [], 'CAMERA_2': ['ISO'], 'CAMERA_3': ['preset_modes', 'resolution', 'settings']}",C_SILENT_OR_BACKCHANNEL,CAMERA_3,NONE,okay,S_INTRODUCES_FEATURE,CAMERA_3,settings,This one has full manual control.,13~32
495,9,CAMERA_1,"['CAMERA_2', 'CAMERA_3', 'CAMERA_1']","{'CAMERA_1': [], 'CAMERA_2': ['ISO'], 'CAMERA_3': ['preset_modes', 'resolution', 'settings']}",C_ANYTHING_ELSE_AVAILABLE,CAMERA_3,NONE,ok do you have any other cameras,S_INTRODUCES_CAMERA,CAMERA_1,,Let me show you this. Here we have the Nikon Coolpix S2800.,39~58
495,10,CAMERA_1,"['CAMERA_2', 'CAMERA_3', 'CAMERA_1']","{'CAMERA_1': ['ISO'], 'CAMERA_2': ['ISO'], 'CAMERA_3': ['preset_modes', 'resolution', 'settings']}",C_QUESTION_ABOUT_FEATURE,CAMERA_1,ISO,what is the ISO,S_NOT_SURE,CAMERA_1,,I'm not really sure about that,
495,11,,"['CAMERA_2', 'CAMERA_3', 'CAMERA_1']","{'CAMERA_1': ['ISO'], 'CAMERA_2': ['ISO'], 'CAMERA_3': ['preset_modes', 'resolution', 'settings']}",C_ANYTHING_ELSE_AVAILABLE,CAMERA_1,NONE,ok do you have any other cameras,S_THATS_ALL_WE_HAVE_AVAILABLE,CAMERA_1,,That’s all we have available at the moment.,
495,12,NONE,"['CAMERA_2', 'CAMERA_3', 'CAMERA_1']","{'CAMERA_1': ['ISO'], 'CAMERA_2': ['ISO'], 'CAMERA_3': ['preset_modes', 'resolution', 'settings']}",C_THANK_YOU,CAMERA_1,NONE,thank you for your help,S_THANK_YOU,CAMERA_1,NONE,thank you very much,
495,13,NONE,"['CAMERA_2', 'CAMERA_3', 'CAMERA_1']","{'CAMERA_1': ['ISO'], 'CAMERA_2': ['ISO'], 'CAMERA_3': ['preset_modes', 'resolution', 'settings']}",C_LEAVES,DOOR,NONE,,S_RETURNS_TO_COUNTER,SERVICE_COUNTER,NONE,,
496,1,NONE,[],"{'CAMERA_1': [], 'CAMERA_2': [], 'CAMERA_3': []}",C_ENTERS,DOOR,NONE,,S_NONE,SERVICE_COUNTER,NONE,,
496,2,NONE,[],"{'CAMERA_1': [], 'CAMERA_2': [], 'CAMERA_3': []}",C_WALKS_TO_CAMERA,CAMERA_3,NONE,,S_GREETS,CAMERA_3,NONE,can I help you?,
496,3,CAMERA_3,['CAMERA_3'],"{'CAMERA_1': [], 'CAMERA_2': [], 'CAMERA_3': []}",C_LOOKING_FOR_A_CAMERA,CAMERA_3,NONE,I'm looking for a camera,S_INTRODUCES_CAMERA,CAMERA_3,,Let me show you this. Here we have the Canon EOS 5D Mark III.,39~60
496,4,CAMERA_3,['CAMERA_3'],"{'CAMERA_1': [], 'CAMERA_2': [], 'CAMERA_3': ['settings']}",C_SILENT_OR_BACKCHANNEL,CAMERA_3,NONE,okay,S_INTRODUCES_FEATURE,CAMERA_3,settings,This one has full manual control.,13~32
496,5,NONE,['CAMERA_3'],"{'CAMERA_1': [], 'CAMERA_2': [], 'CAMERA_3': ['settings']}",C_THANK_YOU,CAMERA_3,NONE,thank you for your help,S_THANK_YOU,CAMERA_3,NONE,thank you very much,
496,6,NONE,['CAMERA_3'],"{'CAMERA_1': [], 'CAMERA_2': [], 'CAMERA_3': ['settings']}",C_LEAVES,DOOR,NONE,,S_RETURNS_TO_COUNTER,SERVICE_COUNTER,NONE,,
497,1,NONE,[],"{'CAMERA_1': [], 'CAMERA_2': [], 'CAMERA_3': []}",C_ENTERS,DOOR,NONE,,S_NONE,SERVICE_COUNTER,NONE,,
497,2,NONE,[],"{'CAMERA_1': [], 'CAMERA_2': [], 'CAMERA_3': []}",C_WALKS_TO_CAMERA,CAMERA_3,NONE,,S_NONE,SERVICE_COUNTER,NONE,,
497,3,CAMERA_3,['CAMERA_3'],"{'CAMERA_1': [], 'CAMERA_2': [], 'CAMERA_3': ['price']}",C_QUESTION_ABOUT_FEATURE,CAMERA_3,price,how much does it cost,S_ANSWERS_QUESTION_ABOUT_FEATURE,CAMERA_3,price,This one costs $3706.,15~20
497,4,CAMERA_3,['CAMERA_3'],"{'CAMERA_1': [], 'CAMERA_2': [], 'CAMERA_3': ['price', 'color']}",C_QUESTION_ABOUT_FEATURE,CAMERA_3,color,what colors does this one come in,S_ANSWERS_QUESTION_ABOUT_FEATURE,CAMERA_3,color,This one comes in black.,18~23
497,5,CAMERA_3,['CAMERA_3'],"{'CAMERA_1': [], 'CAMERA_2': [], 'CAMERA_3': ['price', 'color', 'autofocus_points']}",C_QUESTION_ABOUT_FEATURE,CAMERA_3,autofocus_points,how many autofocus points does it have,S_ANSWERS_QUESTION_ABOUT_FEATURE,CAMERA_3,autofocus_points,This one has 61 autofocus points.,13~32
497,6,CAMERA_3,['CAMERA_3'],"{'CAMERA_1': [], 'CAMERA_2': [], 'CAMERA_3': ['price', 'color', 'autofocus_points', 'weight']}",C_QUESTION_ABOUT_FEATURE,CAMERA_3,weight,how much does this one weigh,S_ANSWERS_QUESTION_ABOUT_FEATURE,CAMERA_3,weight,This one weighs 950 grams (only body).,16~37
497,7,NONE,['CAMERA_3'],"{'CAMERA_1': [], 'CAMERA_2': [], 'CAMERA_3': ['price', 'color', 'autofocus_points', 'weight']}",C_THANK_YOU,CAMERA_3,NONE,thank you for your help,S_THANK_YOU,CAMERA_3,NONE,thank you very much,
497,8,NONE,['CAMERA_3'],"{'CAMERA_1': [], 'CAMERA_2': [], 'CAMERA_3': ['price', 'color', 'autofocus_points', 'weight']}",C_LEAVES,DOOR,NONE,,S_RETURNS_TO_COUNTER,SERVICE_COUNTER,NONE,,
498,1,NONE,[],"{'CAMERA_1': [], 'CAMERA_2': [], 'CAMERA_3': []}",C_ENTERS,DOOR,NONE,,S_NONE,SERVICE_COUNTER,NONE,,
498,2,NONE,[],"{'CAMERA_1': [], 'CAMERA_2': [], 'CAMERA_3': []}",C_WALKS_TO_CAMERA,CAMERA_1,NONE,,S_NONE,SERVICE_COUNTER,NONE,,
498,3,NONE,[],"{'CAMERA_1': [], 'CAMERA_2': [], 'CAMERA_3': []}",C_EXAMINES_CAMERA,CAMERA_1,NONE,,S_GREETS,CAMERA_1,NONE,can I help you?,
498,4,CAMERA_1,['CAMERA_1'],"{'CAMERA_1': [], 'CAMERA_2': [], 'CAMERA_3': []}",C_LOOKING_FOR_A_CAMERA,CAMERA_1,NONE,I'm looking for a camera,S_INTRODUCES_CAMERA,CAMERA_1,,Let me show you this. Here we have the Nikon Coolpix S2800.,39~58
498,5,CAMERA_1,['CAMERA_1'],"{'CAMERA_1': ['preset_modes'], 'CAMERA_2': [], 'CAMERA_3': []}",C_QUESTION_ABOUT_FEATURE,CAMERA_1,preset_modes,does it have preset modes,S_ANSWERS_QUESTION_ABOUT_FEATURE,CAMERA_1,preset_modes,"This one has 18 preset modes (e.g. beach, snow, night portrait).",13~63
498,6,CAMERA_1,['CAMERA_1'],"{'CAMERA_1': ['preset_modes', 'camera_type'], 'CAMERA_2': [], 'CAMERA_3': []}",C_QUESTION_ABOUT_FEATURE,CAMERA_1,camera_type,what kind of camera is this,S_ANSWERS_QUESTION_ABOUT_FEATURE,CAMERA_1,camera_type,This is a point and shoot camera.,10~25
498,7,CAMERA_3,"['CAMERA_1', 'CAMERA_3']","{'CAMERA_1': ['preset_modes', 'camera_type'], 'CAMERA_2': [], 'CAMERA_3': []}",C_ANYTHING_ELSE_AVAILABLE,CAMERA_1,NONE,ok do you have any other cameras,S_INTRODUCES_CAMERA,CAMERA_3,,Let me show you this. Here we have the Canon EOS 5D Mark III.,39~60
498,8,CAMERA_3,"['CAMERA_1', 'CAMERA_3']","{'CAMERA_1': ['preset_modes', 'camera_type'], 'CAMERA_2': [], 'CAMERA_3': ['optical_zoom']}",C_QUESTION_ABOUT_FEATURE,CAMERA_3,optical_zoom,does it have optical zoom,S_NOT_SURE,CAMERA_3,,I'm not really sure about that,
498,9,CAMERA_3,"['CAMERA_1', 'CAMERA_3']","{'CAMERA_1': ['preset_modes', 'camera_type'], 'CAMERA_2': [], 'CAMERA_3': ['optical_zoom', 'color']}",C_QUESTION_ABOUT_FEATURE,CAMERA_3,color,what colors does this one come in,S_ANSWERS_QUESTION_ABOUT_FEATURE,CAMERA_3,color,This one comes in black.,18~23
498,10,CAMERA_3,"['CAMERA_1', 'CAMERA_3']","{'CAMERA_1': ['preset_modes', 'camera_type'], 'CAMERA_2': [], 'CAMERA_3': ['optical_zoom', 'color', 'weight']}",C_QUESTION_ABOUT_FEATURE,CAMERA_3,weight,how much does this one weigh,S_ANSWERS_QUESTION_ABOUT_FEATURE,CAMERA_3,weight,This one weighs 950 grams (only body).,16~37
498,11,CAMERA_3,"['CAMERA_1', 'CAMERA_3']","{'CAMERA_1': ['preset_modes', 'camera_type'], 'CAMERA_2': [], 'CAMERA_3': ['optical_zoom', 'color', 'weight', 'preset_modes']}",C_QUESTION_ABOUT_FEATURE,CAMERA_3,preset_modes,does it have preset modes,S_NOT_SURE,CAMERA_3,,I'm not really sure about that,
498,12,CAMERA_3,"['CAMERA_1', 'CAMERA_3']","{'CAMERA_1': ['preset_modes', 'camera_type'], 'CAMERA_2': [], 'CAMERA_3': ['optical_zoom', 'color', 'weight', 'preset_modes', 'autofocus_points']}",C_QUESTION_ABOUT_FEATURE,CAMERA_3,autofocus_points,how many autofocus points does it have,S_ANSWERS_QUESTION_ABOUT_FEATURE,CAMERA_3,autofocus_points,This one has 61 autofocus points.,13~32
498,13,CAMERA_3,"['CAMERA_1', 'CAMERA_3']","{'CAMERA_1': ['preset_modes', 'camera_type'], 'CAMERA_2': [], 'CAMERA_3': ['optical_zoom', 'color', 'weight', 'preset_modes', 'autofocus_points', 'effects']}",C_QUESTION_ABOUT_FEATURE,CAMERA_3,effects,does it have any effect modes,S_NOT_SURE,CAMERA_3,,I'm not really sure about that,
498,14,CAMERA_3,"['CAMERA_1', 'CAMERA_3']","{'CAMERA_1': ['preset_modes', 'camera_type'], 'CAMERA_2': [], 'CAMERA_3': ['optical_zoom', 'color', 'weight', 'preset_modes', 'autofocus_points', 'effects', 'price']}",C_SILENT_OR_BACKCHANNEL,CAMERA_3,NONE,okay,S_INTRODUCES_FEATURE,CAMERA_3,price,This one costs $3706.,15~20
498,15,CAMERA_3,"['CAMERA_1', 'CAMERA_3']","{'CAMERA_1': ['preset_modes', 'camera_type'], 'CAMERA_2': [], 'CAMERA_3': ['optical_zoom', 'color', 'weight', 'preset_modes', 'autofocus_points', 'effects', 'price', 'resolution']}",C_QUESTION_ABOUT_FEATURE,CAMERA_3,resolution,what is the resolution,S_NOT_SURE,CAMERA_3,,I'm not really sure about that,
498,16,CAMERA_3,"['CAMERA_1', 'CAMERA_3']","{'CAMERA_1': ['preset_modes', 'camera_type'], 'CAMERA_2': [], 'CAMERA_3': ['optical_zoom', 'color', 'weight', 'preset_modes', 'autofocus_points', 'effects', 'price', 'resolution', 'settings']}",C_QUESTION_ABOUT_FEATURE,CAMERA_3,settings,what kind of settings does it have,S_ANSWERS_QUESTION_ABOUT_FEATURE,CAMERA_3,settings,This one has full manual control.,13~32
498,17,CAMERA_3,"['CAMERA_1', 'CAMERA_3']","{'CAMERA_1': ['preset_modes', 'camera_type'], 'CAMERA_2': [], 'CAMERA_3': ['optical_zoom', 'color', 'weight', 'preset_modes', 'autofocus_points', 'effects', 'price', 'resolution', 'settings', 'sensor_size']}",C_SILENT_OR_BACKCHANNEL,CAMERA_3,NONE,okay,S_INTRODUCES_FEATURE,CAMERA_3,sensor_size,This one has a full frame.,15~25
498,18,CAMERA_3,"['CAMERA_1', 'CAMERA_3']","{'CAMERA_1': ['preset_modes', 'camera_type'], 'CAMERA_2': [], 'CAMERA_3': ['optical_zoom', 'color', 'weight', 'preset_modes', 'autofocus_points', 'effects', 'price', 'resolution', 'settings', 'sensor_size', 'long_exposure']}",C_QUESTION_ABOUT_FEATURE,CAMERA_3,long_exposure,can it take long exposure shots,S_ANSWERS_QUESTION_ABOUT_FEATURE,CAMERA_3,long_exposure,"This one can take long exposures up to up to 30 seconds, bulb mode: expose as long as you want.",39~94
498,19,CAMERA_3,"['CAMERA_1', 'CAMERA_3']","{'CAMERA_1': ['preset_modes', 'camera_type'], 'CAMERA_2': [], 'CAMERA_3': ['optical_zoom', 'color', 'weight', 'preset_modes', 'autofocus_points', 'effects', 'price', 'resolution', 'settings', 'sensor_size', 'long_exposure', 'camera_type']}",C_QUESTION_ABOUT_FEATURE,CAMERA_3,camera_type,what kind of camera is this,S_ANSWERS_QUESTION_ABOUT_FEATURE,CAMERA_3,camera_type,This is a DSLR camera.,10~14
498,20,CAMERA_3,"['CAMERA_1', 'CAMERA_3']","{'CAMERA_1': ['preset_modes', 'camera_type'], 'CAMERA_2': [], 'CAMERA_3': ['optical_zoom', 'color', 'weight', 'preset_modes', 'autofocus_points', 'effects', 'price', 'resolution', 'settings', 'sensor_size', 'long_exposure', 'camera_type', 'ISO']}",C_SILENT_OR_BACKCHANNEL,CAMERA_3,NONE,I see,S_INTRODUCES_FEATURE,CAMERA_3,ISO,This one has up to 6400 ISO with little noise.,13~45
498,21,CAMERA_3,"['CAMERA_1', 'CAMERA_3']","{'CAMERA_1': ['preset_modes', 'camera_type'], 'CAMERA_2': [], 'CAMERA_3': ['optical_zoom', 'color', 'weight', 'preset_modes', 'autofocus_points', 'effects', 'price', 'resolution', 'settings', 'sensor_size', 'long_exposure', 'camera_type', 'ISO', 'preset_modes']}",C_QUESTION_ABOUT_FEATURE,CAMERA_3,preset_modes,does it have preset modes,S_NOT_SURE,CAMERA_3,,I'm not really sure about that,
498,22,CAMERA_3,"['CAMERA_1', 'CAMERA_3']","{'CAMERA_1': ['preset_modes', 'camera_type'], 'CAMERA_2': [], 'CAMERA_3': ['optical_zoom', 'color', 'weight', 'preset_modes', 'autofocus_points', 'effects', 'price', 'resolution', 'settings', 'sensor_size', 'long_exposure', 'camera_type', 'ISO', 'preset_modes', 'settings']}",C_SILENT_OR_BACKCHANNEL,CAMERA_3,NONE,alright,S_INTRODUCES_FEATURE,CAMERA_3,settings,This one has full manual control.,13~32
498,23,CAMERA_3,"['CAMERA_1', 'CAMERA_3']","{'CAMERA_1': ['preset_modes', 'camera_type'], 'CAMERA_2': [], 'CAMERA_3': ['optical_zoom', 'color', 'weight', 'preset_modes', 'autofocus_points', 'effects', 'price', 'resolution', 'settings', 'sensor_size', 'long_exposure', 'camera_type', 'ISO', 'preset_modes', 'settings', 'color']}",C_SILENT_OR_BACKCHANNEL,CAMERA_3,NONE,I see,S_INTRODUCES_FEATURE,CAMERA_3,color,This one comes in black.,18~23
498,24,CAMERA_3,"['CAMERA_1', 'CAMERA_3']","{'CAMERA_1': ['preset_modes', 'camera_type'], 'CAMERA_2': [], 'CAMERA_3': ['optical_zoom', 'color', 'weight', 'preset_modes', 'autofocus_points', 'effects', 'price', 'resolution', 'settings', 'sensor_size', 'long_exposure', 'camera_type', 'ISO', 'preset_modes', 'settings', 'color', 'price']}",C_SILENT_OR_BACKCHANNEL,CAMERA_3,NONE,okay,S_INTRODUCES_FEATURE,CAMERA_3,price,This one costs $3706.,15~20
498,25,CAMERA_3,"['CAMERA_1', 'CAMERA_3']","{'CAMERA_1': ['preset_modes', 'camera_type'], 'CAMERA_2': [], 'CAMERA_3': ['optical_zoom', 'color', 'weight', 'preset_modes', 'autofocus_points', 'effects', 'price', 'resolution', 'settings', 'sensor_size', 'long_exposure', 'camera_type', 'ISO', 'preset_modes', 'settings', 'color', 'price', 'effects']}",C_QUESTION_ABOUT_FEATURE,CAMERA_3,effects,does it have any effect modes,S_NOT_SURE,CAMERA_3,,I'm not really sure about that,
498,26,CAMERA_3,"['CAMERA_1', 'CAMERA_3']","{'CAMERA_1': ['preset_modes', 'camera_type'], 'CAMERA_2': [], 'CAMERA_3': ['optical_zoom', 'color', 'weight', 'preset_modes', 'autofocus_points', 'effects', 'price', 'resolution', 'settings', 'sensor_size', 'long_exposure', 'camera_type', 'ISO', 'preset_modes', 'settings', 'color', 'price', 'effects', 'camera_type']}",C_QUESTION_ABOUT_FEATURE,CAMERA_3,camera_type,what kind of camera is this,S_ANSWERS_QUESTION_ABOUT_FEATURE,CAMERA_3,camera_type,This is a DSLR camera.,10~14
498,27,CAMERA_3,"['CAMERA_1', 'CAMERA_3']","{'CAMERA_1': ['preset_modes', 'camera_type'], 'CAMERA_2': [], 'CAMERA_3': ['optical_zoom', 'color', 'weight', 'preset_modes', 'autofocus_points', 'effects', 'price', 'resolution', 'settings', 'sensor_size', 'long_exposure', 'camera_type', 'ISO', 'preset_modes', 'settings', 'color', 'price', 'effects', 'camera_type', 'optical_zoom']}",C_QUESTION_ABOUT_FEATURE,CAMERA_3,optical_zoom,does it have optical zoom,S_NOT_SURE,CAMERA_3,,I'm not really sure about that,
498,28,CAMERA_3,"['CAMERA_1', 'CAMERA_3']","{'CAMERA_1': ['preset_modes', 'camera_type'], 'CAMERA_2': [], 'CAMERA_3': ['optical_zoom', 'color', 'weight', 'preset_modes', 'autofocus_points', 'effects', 'price', 'resolution', 'settings', 'sensor_size', 'long_exposure', 'camera_type', 'ISO', 'preset_modes', 'settings', 'color', 'price', 'effects', 'camera_type', 'optical_zoom', 'price']}",C_QUESTION_ABOUT_FEATURE,CAMERA_3,price,how much does it cost,S_ANSWERS_QUESTION_ABOUT_FEATURE,CAMERA_3,price,This one costs $3706.,15~20
498,29,NONE,"['CAMERA_1', 'CAMERA_3']","{'CAMERA_1': ['preset_modes', 'camera_type'], 'CAMERA_2': [], 'CAMERA_3': ['optical_zoom', 'color', 'weight', 'preset_modes', 'autofocus_points', 'effects', 'price', 'resolution', 'settings', 'sensor_size', 'long_exposure', 'camera_type', 'ISO', 'preset_modes', 'settings', 'color', 'price', 'effects', 'camera_type', 'optical_zoom', 'price']}",C_THANK_YOU,CAMERA_3,NONE,thank you for your help,S_THANK_YOU,CAMERA_3,NONE,thank you very much,
498,30,NONE,"['CAMERA_1', 'CAMERA_3']","{'CAMERA_1': ['preset_modes', 'camera_type'], 'CAMERA_2': [], 'CAMERA_3': ['optical_zoom', 'color', 'weight', 'preset_modes', 'autofocus_points', 'effects', 'price', 'resolution', 'settings', 'sensor_size', 'long_exposure', 'camera_type', 'ISO', 'preset_modes', 'settings', 'color', 'price', 'effects', 'camera_type', 'optical_zoom', 'price']}",C_LEAVES,DOOR,NONE,,S_RETURNS_TO_COUNTER,SERVICE_COUNTER,NONE,,
499,1,NONE,[],"{'CAMERA_1': [], 'CAMERA_2': [], 'CAMERA_3': []}",C_ENTERS,DOOR,NONE,,S_NONE,SERVICE_COUNTER,NONE,,
499,2,NONE,[],"{'CAMERA_1': [], 'CAMERA_2': [], 'CAMERA_3': []}",C_WALKS_TO_CAMERA,CAMERA_3,NONE,,S_GREETS,CAMERA_3,NONE,can I help you?,
499,3,CAMERA_2,['CAMERA_2'],"{'CAMERA_1': [], 'CAMERA_2': [], 'CAMERA_3': []}",C_LOOKING_FOR_A_CAMERA,CAMERA_3,NONE,I'm looking for a camera,S_INTRODUCES_CAMERA,CAMERA_2,,Let me show you this. Here we have the Sony Alpha a6000.,39~55
499,4,CAMERA_2,['CAMERA_2'],"{'CAMERA_1': [], 'CAMERA_2': ['preset_modes'], 'CAMERA_3': []}",C_SILENT_OR_BACKCHANNEL,CAMERA_2,NONE,alright,S_INTRODUCES_FEATURE,CAMERA_2,preset_modes,"This one has 9 preset modes (e.g. beach, snow, night, portrait).",13~63
499,5,CAMERA_2,['CAMERA_2'],"{'CAMERA_1': [], 'CAMERA_2': ['preset_modes', 'settings'], 'CAMERA_3': []}",C_QUESTION_ABOUT_FEATURE,CAMERA_2,settings,what kind of settings does it have,S_ANSWERS_QUESTION_ABOUT_FEATURE,CAMERA_2,settings,This one has full manual control.,13~32
499,6,CAMERA_2,['CAMERA_2'],"{'CAMERA_1': [], 'CAMERA_2': ['preset_modes', 'settings', 'long_exposure'], 'CAMERA_3': []}",C_SILENT_OR_BACKCHANNEL,CAMERA_2,NONE,alright,S_INTRODUCES_FEATURE,CAMERA_2,long_exposure,This one can take long exposures up to up to 30 seconds.,39~55
499,7,CAMERA_1,"['CAMERA_2', 'CAMERA_1']","{'CAMERA_1': [], 'CAMERA_2': ['preset_modes', 'settings', 'long_exposure'], 'CAMERA_3': []}",C_ANYTHING_ELSE_AVAILABLE,CAMERA_2,NONE,ok do you have any other cameras,S_INTRODUCES_CAMERA,CAMERA_1,,Let me show you this. Here we have the Nikon Coolpix S2800.,39~58
499,8,CAMERA_1,"['CAMERA_2', 'CAMERA_1']","{'CAMERA_1': ['price'], 'CAMERA_2': ['preset_modes', 'settings', 'long_exposure'], 'CAMERA_3': []}",C_QUESTION_ABOUT_FEATURE,CAMERA_1,price,how much does it cost,S_ANSWERS_QUESTION_ABOUT_FEATURE,CAMERA_1,price,This one costs $2173.,15~20
499,9,CAMERA_1,"['CAMERA_2', 'CAMERA_1']","{'CAMERA_1': ['price', 'long_exposure'], 'CAMERA_2': ['preset_modes', 'settings', 'long_exposure'], 'CAMERA_3': []}",C_QUESTION_ABOUT_FEATURE,CAMERA_1,long_exposure,can it take long exposure shots,S_NOT_SURE,CAMERA_1,,I'm not really sure about that,
499,10,CAMERA_1,"['CAMERA_2', 'CAMERA_1']","{'CAMERA_1': ['price', 'long_exposure', 'autofocus_points'], 'CAMERA_2': ['preset_modes', 'settings', 'long_exposure'], 'CAMERA_3': []}",C_QUESTION_ABOUT_FEATURE,CAMERA_1,autofocus_points,how many autofocus points does it have,S_NOT_SURE,CAMERA_1,,I'm not really sure about that,
499,11,CAMERA_1,"['CAMERA_2', 'CAMERA_1']","{'CAMERA_1': ['price', 'long_exposure', 'autofocus_points', 'settings'], 'CAMERA_2': ['preset_modes', 'settings', 'long_exposure'], 'CAMERA_3': []}",C_QUESTION_ABOUT_FEATURE,CAMERA_1,settings,what kind of settings does it have,S_ANSWERS_QUESTION_ABOUT_FEATURE,CAMERA_1,settings,This one has limited manual settings.,13~36
499,12,CAMERA_1,"['CAMERA_2', 'CAMERA_1']","{'CAMERA_1': ['price', 'long_exposure', 'autofocus_points', 'settings', 'camera_type'], 'CAMERA_2': ['preset_modes', 'settings', 'long_exposure'], 'CAMERA_3': []}",C_SILENT_OR_BACKCHANNEL,CAMERA_1,NONE,I see,S_INTRODUCES_FEATURE,CAMERA_1,camera_type,This is a point and shoot camera.,10~25
499,13,CAMERA_1,"['CAMERA_2', 'CAMERA_1']","{'CAMERA_1': ['price', 'long_exposure', 'autofocus_points', 'settings', 'camera_type', 'weight'], 'CAMERA_2': ['preset_modes', 'settings', 'long_exposure'], 'CAMERA_3': []}",C_SILENT_OR_BACKCHANNEL,CAMERA_1,NONE,alright,S_INTRODUCES_FEATURE,CAMERA_1,weight,This one weighs 120 grams.,16~25
499,14,CAMERA_1,"['CAMERA_2', 'CAMERA_1']","{'CAMERA_1': ['price', 'long_exposure', 'autofocus_points', 'settings', 'camera_type', 'weight', 'color'], 'CAMERA_2': ['preset_modes', 'settings', 'long_exposure'], 'CAMERA_3': []}",C_QUESTION_ABOUT_FEATURE,CAMERA_1,color,what colors does this one come in,S_ANSWERS_QUESTION_ABOUT_FEATURE,CAMERA_1,color,"This one comes in purple, pink, black, silver, red.",18~50
499,15,CAMERA_1,"['CAMERA_2', 'CAMERA_1']","{'CAMERA_1': ['price', 'long_exposure', 'autofocus_points', 'settings', 'camera_type', 'weight', 'color', 'preset_modes'], 'CAMERA_2': ['preset_modes', 'settings', 'long_exposure'], 'CAMERA_3': []}",C_QUESTION_ABOUT_FEATURE,CAMERA_1,preset_modes,does it have preset modes,S_ANSWERS_QUESTION_ABOUT_FEATURE,CAMERA_1,preset_modes,"This one has 18 preset modes (e.g. beach, snow, night portrait).",13~63
499,16,CAMERA_1,"['CAMERA_2', 'CAMERA_1']","{'CAMERA_1': ['price', 'long_exposure', 'autofocus_points', 'settings', 'camera_type', 'weight', 'color', 'preset_modes', 'sensor_size'], 'CAMERA_2': ['preset_modes', 'settings', 'long_exposure'], 'CAMERA_3': []}",C_QUESTION_ABOUT_FEATURE,CAMERA_1,sensor_size,what is the sensor size,S_NOT_SURE,CAMERA_1,,I'm not really sure about that,
499,17,CAMERA_1,"['CAMERA_2', 'CAMERA_1']","{'CAMERA_1': ['price', 'long_exposure', 'autofocus_points', 'settings', 'camera_type', 'weight', 'color', 'preset_modes', 'sensor_size', 'resolution'], 'CAMERA_2': ['preset_modes', 'settings', 'long_exposure'], 'CAMERA_3': []}",C_QUESTION_ABOUT_FEATURE,CAMERA_1,resolution,what is the resolution,S_ANSWERS_QUESTION_ABOUT_FEATURE,CAMERA_1,resolution,This one has 20.1 megapixels resolution.,13~28
499,18,CAMERA_1,"['CAMERA_2', 'CAMERA_1']","{'CAMERA_1': ['price', 'long_exposure', 'autofocus_points', 'settings', 'camera_type', 'weight', 'color', 'preset_modes', 'sensor_size', 'resolution', 'optical_zoom'], 'CAMERA_2': ['preset_modes', 'settings', 'long_exposure'], 'CAMERA_3': []}",C_SILENT_OR_BACKCHANNEL,CAMERA_1,NONE,okay,S_INTRODUCES_FEATURE,CAMERA_1,optical_zoom,This one has 5x optical zoom.,13~28
499,19,CAMERA_1,"['CAMERA_2', 'CAMERA_1']","{'CAMERA_1': ['price', 'long_exposure', 'autofocus_points', 'settings', 'camera_type', 'weight', 'color', 'preset_modes', 'sensor_size', 'resolution', 'optical_zoom', 'effects'], 'CAMERA_2': ['preset_modes', 'settings', 'long_exposure'], 'CAMERA_3': []}",C_SILENT_OR_BACKCHANNEL,CAMERA_1,NONE,okay,S_INTRODUCES_FEATURE,CAMERA_1,effects,"This one has 12 glamor retouch effects (e.g. skin softening, small face, big eyes).",13~82
499,20,NONE,"['CAMERA_2', 'CAMERA_1']","{'CAMERA_1': ['price', 'long_exposure', 'autofocus_points', 'settings', 'camera_type', 'weight', 'color', 'preset_modes', 'sensor_size', 'resolution', 'optical_zoom', 'effects'], 'CAMERA_2': ['preset_modes', 'settings', 'long_exposure'], 'CAMERA_3': []}",C_THANK_YOU,CAMERA_1,NONE,thank you for your help,S_THANK_YOU,CAMERA_1,NONE,thank you very much,
499,21,NONE,"['CAMERA_2', 'CAMERA_1']","{'CAMERA_1': ['price', 'long_exposure', 'autofocus_points', 'settings', 'camera_type', 'weight', 'color', 'preset_modes', 'sensor_size', 'resolution', 'optical_zoom', 'effects'], 'CAMERA_2': ['preset_modes', 'settings', 'long_exposure'], 'CAMERA_3': []}",C_LEAVES,DOOR,NONE,,S_RETURNS_TO_COUNTER,SERVICE_COUNTER,NONE,,
500,1,NONE,[],"{'CAMERA_1': [], 'CAMERA_2': [], 'CAMERA_3': []}",C_ENTERS,DOOR,NONE,,S_NONE,SERVICE_COUNTER,NONE,,
500,2,NONE,[],"{'CAMERA_1': [], 'CAMERA_2': [], 'CAMERA_3': []}",C_WALKS_TO_CAMERA,CAMERA_2,NONE,,S_GREETS,CAMERA_2,NONE,can I help you?,
500,3,CAMERA_2,['CAMERA_2'],"{'CAMERA_1': [], 'CAMERA_2': [], 'CAMERA_3': []}",C_LOOKING_FOR_A_CAMERA,CAMERA_2,NONE,I'm looking for a camera,S_INTRODUCES_CAMERA,CAMERA_2,,Let me show you this. Here we have the Sony Alpha a6000.,39~55
500,4,CAMERA_2,['CAMERA_2'],"{'CAMERA_1': [], 'CAMERA_2': ['color'], 'CAMERA_3': []}",C_QUESTION_ABOUT_FEATURE,CAMERA_2,color,what colors does this one come in,S_ANSWERS_QUESTION_ABOUT_FEATURE,CAMERA_2,color,"This one comes in white, silver, black.",18~38
500,5,CAMERA_2,['CAMERA_2'],"{'CAMERA_1': [], 'CAMERA_2': ['color', 'optical_zoom'], 'CAMERA_3': []}",C_QUESTION_ABOUT_FEATURE,CAMERA_2,optical_zoom,does it have optical zoom,S_NOT_SURE,CAMERA_2,,I'm not really sure about that,
500,6,NONE,['CAMERA_2'],"{'CAMERA_1': [], 'CAMERA_2': ['color', 'optical_zoom'], 'CAMERA_3': []}",C_THANK_YOU,CAMERA_2,NONE,thank you for your help,S_THANK_YOU,CAMERA_2,NONE,thank you very much,
500,7,NONE,['CAMERA_2'],"{'CAMERA_1': [], 'CAMERA_2': ['color', 'optical_zoom'], 'CAMERA_3': []}",C_LEAVES,DOOR,NONE,,S_RETURNS_TO_COUNTER,SERVICE_COUNTER,NONE,,
501,1,NONE,[],"{'CAMERA_1': [], 'CAMERA_2': [], 'CAMERA_3': []}",C_ENTERS,DOOR,NONE,,S_NONE,SERVICE_COUNTER,NONE,,
501,2,NONE,[],"{'CAMERA_1': [], 'CAMERA_2': [], 'CAMERA_3': []}",C_GREETS,MIDDLE,NONE,hello,S_GREETS,MIDDLE,NONE,can I help you?,
501,3,CAMERA_3,['CAMERA_3'],"{'CAMERA_1': [], 'CAMERA_2': [], 'CAMERA_3': []}",C_LOOKING_FOR_A_CAMERA,MIDDLE,NONE,I'm looking for a camera,S_INTRODUCES_CAMERA,CAMERA_3,,Let me show you this. Here we have the Canon EOS 5D Mark III.,39~60
501,4,CAMERA_3,['CAMERA_3'],"{'CAMERA_1': [], 'CAMERA_2': [], 'CAMERA_3': ['long_exposure']}",C_SILENT_OR_BACKCHANNEL,CAMERA_3,NONE,alright,S_INTRODUCES_FEATURE,CAMERA_3,long_exposure,"This one can take long exposures up to up to 30 seconds, bulb mode: expose as long as you want.",39~94
501,5,CAMERA_3,['CAMERA_3'],"{'CAMERA_1': [], 'CAMERA_2': [], 'CAMERA_3': ['long_exposure', 'color']}",C_QUESTION_ABOUT_FEATURE,CAMERA_3,color,what colors does this one come in,S_ANSWERS_QUESTION_ABOUT_FEATURE,CAMERA_3,color,This one comes in black.,18~23
501,6,CAMERA_3,['CAMERA_3'],"{'CAMERA_1': [], 'CAMERA_2': [], 'CAMERA_3': ['long_exposure', 'color', 'settings']}",C_QUESTION_ABOUT_FEATURE,CAMERA_3,settings,what kind of settings does it have,S_ANSWERS_QUESTION_ABOUT_FEATURE,CAMERA_3,settings,This one has full manual control.,13~32
501,7,CAMERA_2,"['CAMERA_3', 'CAMERA_2']","{'CAMERA_1': [], 'CAMERA_2': [], 'CAMERA_3': ['long_exposure', 'color', 'settings']}",C_ANYTHING_ELSE_AVAILABLE,CAMERA_3,NONE,ok do you have any other cameras,S_INTRODUCES_CAMERA,CAMERA_2,,Let me show you this. Here we have the Sony Alpha a6000.,39~55
501,8,CAMERA_2,"['CAMERA_3', 'CAMERA_2']","{'CAMERA_1': [], 'CAMERA_2': ['ISO'], 'CAMERA_3': ['long_exposure', 'color', 'settings']}",C_SILENT_OR_BACKCHANNEL,CAMERA_2,NONE,alright,S_INTRODUCES_FEATURE,CAMERA_2,ISO,This one has up to 3200 ISO with little noise.,13~45
501,9,CAMERA_2,"['CAMERA_3', 'CAMERA_2']","{'CAMERA_1': [], 'CAMERA_2': ['ISO', 'sensor_size'], 'CAMERA_3': ['long_exposure', 'color', 'settings']}",C_QUESTION_ABOUT_FEATURE,CAMERA_2,sensor_size,what is the sensor size,S_ANSWERS_QUESTION_ABOUT_FEATURE,CAMERA_2,sensor_size,This one has a APS-C sensor (crop sensor).,15~41
501,10,CAMERA_2,"['CAMERA_3', 'CAMERA_2']","{'CAMERA_1': [], 'CAMERA_2': ['ISO', 'sensor_size', 'preset_modes'], 'CAMERA_3': ['long_exposure', 'color', 'settings']}",C_SILENT_OR_BACKCHANNEL,CAMERA_2,NONE,I see,S_INTRODUCES_FEATURE,CAMERA_2,preset_modes,"This one has 9 preset modes (e.g. beach, snow, night, portrait).",13~63
501,11,NONE,"['CAMERA_3', 'CAMERA_2']","{'CAMERA_1': [], 'CAMERA_2': ['ISO', 'sensor_size', 'preset_modes'], 'CAMERA_3': ['long_exposure', 'color', 'settings']}",C_THANK_YOU,CAMERA_2,NONE,thank you for your help,S_THANK_YOU,CAMERA_2,NONE,thank you very much,
501,12,NONE,"['CAMERA_3', 'CAMERA_2']","{'CAMERA_1': [], 'CAMERA_2': ['ISO', 'sensor_size', 'preset_modes'], 'CAMERA_3': ['long_exposure', 'color', 'settings']}",C_LEAVES,DOOR,NONE,,S_RETURNS_TO_COUNTER,SERVICE_COUNTER,NONE,,
502,1,NONE,[],"{'CAMERA_1': [], 'CAMERA_2': [], 'CAMERA_3': []}",C_ENTERS,DOOR,NONE,,S_NONE,SERVICE_COUNTER,NONE,,
502,2,NONE,[],"{'CAMERA_1': [], 'CAMERA_2': [], 'CAMERA_3': []}",C_WALKS_TO_CAMERA,CAMERA_1,NONE,,S_NONE,SERVICE_COUNTER,NONE,,
502,3,NONE,[],"{'CAMERA_1': [], 'CAMERA_2': [], 'CAMERA_3': []}",C_EXAMINES_CAMERA,CAMERA_1,NONE,,S_GREETS,CAMERA_1,NONE,can I help you?,
502,4,CAMERA_1,['CAMERA_1'],"{'CAMERA_1': [], 'CAMERA_2': [], 'CAMERA_3': []}",C_LOOKING_FOR_A_CAMERA,CAMERA_1,NONE,I'm looking for a camera,S_INTRODUCES_CAMERA,CAMERA_1,,Let me show you this. Here we have the Nikon Coolpix S2800.,39~58
502,5,CAMERA_1,['CAMERA_1'],"{'CAMERA_1': ['camera_type'], 'CAMERA_2': [], 'CAMERA_3': []}",C_SILENT_OR_BACKCHANNEL,CAMERA_1,NONE,I see,S_INTRODUCES_FEATURE,CAMERA_1,camera_type,This is a point and shoot camera.,10~25
502,6,CAMERA_1,['CAMERA_1'],"{'CAMERA_1': ['camera_type', 'sensor_size'], 'CAMERA_2': [], 'CAMERA_3': []}",C_QUESTION_ABOUT_FEATURE,CAMERA_1,sensor_size,what is the sensor size,S_NOT_SURE,CAMERA_1,,I'm not really sure about that,
502,7,CAMERA_1,['CAMERA_1'],"{'CAMERA_1': ['camera_type', 'sensor_size', 'preset_modes'], 'CAMERA_2': [], 'CAMERA_3': []}",C_SILENT_OR_BACKCHANNEL,CAMERA_1,NONE,I see,S_INTRODUCES_FEATURE,CAMERA_1,preset_modes,"This one has 18 preset modes (e.g. beach, snow, night portrait).",13~63
502,8,CAMERA_1,['CAMERA_1'],"{'CAMERA_1': ['camera_type', 'sensor_size', 'preset_modes', 'settings'], 'CAMERA_2': [], 'CAMERA_3': []}",C_SILENT_OR_BACKCHANNEL,CAMERA_1,NONE,I see,S_INTRODUCES_FEATURE,CAMERA_1,settings,This one has limited manual settings.,13~36
502,9,CAMERA_1,['CAMERA_1'],"{'CAMERA_1': ['camera_type', 'sensor_size', 'preset_modes', 'settings', 'ISO'], 'CAMERA_2': [], 'CAMERA_3': []}",C_QUESTION_ABOUT_FEATURE,CAMERA_1,ISO,what is the ISO,S_NOT_SURE,CAMERA_1,,I'm not really sure about that,
502,10,CAMERA_1,['CAMERA_1'],"{'CAMERA_1': ['camera_type', 'sensor_size', 'preset_modes', 'settings', 'ISO', 'long_exposure'], 'CAMERA_2': [], 'CAMERA_3': []}",C_QUESTION_ABOUT_FEATURE,CAMERA_1,long_exposure,can it take long exposure shots,S_NOT_SURE,CAMERA_1,,I'm not really sure about that,
502,11,CAMERA_1,['CAMERA_1'],"{'CAMERA_1': ['camera_type', 'sensor_size', 'preset_modes', 'settings', 'ISO', 'long_exposure', 'optical_zoom'], 'CAMERA_2': [], 'CAMERA_3': []}",C_SILENT_OR_BACKCHANNEL,CAMERA_1,NONE,alright,S_INTRODUCES_FEATURE,CAMERA_1,optical_zoom,This one has 5x optical zoom.,13~28
502,12,CAMERA_2,"['CAMERA_1', 'CAMERA_2']","{'CAMERA_1': ['camera_type', 'sensor_size', 'preset_modes', 'settings', 'ISO', 'long_exposure', 'optical_zoom'], 'CAMERA_2': [], 'CAMERA_3': []}",C_ANYTHING_ELSE_AVAILABLE,CAMERA_1,NONE,ok do you have any other cameras,S_INTRODUCES_CAMERA,CAMERA_2,,Let me show you this. Here we have the Sony Alpha a6000.,39~55
502,13,CAMERA_2,"['CAMERA_1', 'CAMERA_2']","{'CAMERA_1': ['camera_type', 'sensor_size', 'preset_modes', 'settings', 'ISO', 'long_exposure', 'optical_zoom'], 'CAMERA_2': ['weight'], 'CAMERA_3': []}",C_SILENT_OR_BACKCHANNEL,CAMERA_2,NONE,alright,S_INTRODUCES_FEATURE,CAMERA_2,weight,This one weighs 470 grams.,16~25
502,14,CAMERA_2,"['CAMERA_1', 'CAMERA_2']","{'CAMERA_1': ['camera_type', 'sensor_size', 'preset_modes', 'settings', 'ISO', 'long_exposure', 'optical_zoom'], 'CAMERA_2': ['weight', 'camera_type'], 'CAMERA_3': []}",C_SILENT_OR_BACKCHANNEL,CAMERA_2,NONE,alright,S_INTRODUCES_FEATURE,CAMERA_2,camera_type,This is a mirrorless camera.,10~20
502,15,CAMERA_2,"['CAMERA_1', 'CAMERA_2']","{'CAMERA_1': ['camera_type', 'sensor_size', 'preset_modes', 'settings', 'ISO', 'long_exposure', 'optical_zoom'], 'CAMERA_2': ['weight', 'camera_type', 'color'], 'CAMERA_3': []}",C_SILENT_OR_BACKCHANNEL,CAMERA_2,NONE,okay,S_INTRODUCES_FEATURE,CAMERA_2,color,"This one comes in white, silver, black.",18~38
502,16,CAMERA_2,"['CAMERA_1', 'CAMERA_2']","{'CAMERA_1': ['camera_type', 'sensor_size', 'preset_modes', 'settings', 'ISO', 'long_exposure', 'optical_zoom'], 'CAMERA_2': ['weight', 'camera_type', 'color', 'autofocus_points'], 'CAMERA_3': []}",C_SILENT_OR_BACKCHANNEL,CAMERA_2,NONE,I see,S_INTRODUCES_FEATURE,CAMERA_2,autofocus_points,This one has 179 autofocus points.,13~33
502,17,NONE,"['CAMERA_1', 'CAMERA_2']","{'CAMERA_1': ['camera_type', 'sensor_size', 'preset_modes', 'settings', 'ISO', 'long_exposure', 'optical_zoom'], 'CAMERA_2': ['weight', 'camera_type', 'color', 'autofocus_points'], 'CAMERA_3': []}",C_THANK_YOU,CAMERA_2,NONE,thank you for your help,S_THANK_YOU,CAMERA_2,NONE,thank you very much,
502,18,NONE,"['CAMERA_1', 'CAMERA_2']","{'CAMERA_1': ['camera_type', 'sensor_size', 'preset_modes', 'settings', 'ISO', 'long_exposure', 'optical_zoom'], 'CAMERA_2': ['weight', 'camera_type', 'color', 'autofocus_points'], 'CAMERA_3': []}",C_LEAVES,DOOR,NONE,,S_RETURNS_TO_COUNTER,SERVICE_COUNTER,NONE,,
503,1,NONE,[],"{'CAMERA_1': [], 'CAMERA_2': [], 'CAMERA_3': []}",C_ENTERS,DOOR,NONE,,S_NONE,SERVICE_COUNTER,NONE,,
503,2,NONE,[],"{'CAMERA_1': [], 'CAMERA_2': [], 'CAMERA_3': []}",C_GREETS,MIDDLE,NONE,hello,S_GREETS,MIDDLE,NONE,can I help you?,
503,3,CAMERA_2,['CAMERA_2'],"{'CAMERA_1': [], 'CAMERA_2': [], 'CAMERA_3': []}",C_LOOKING_FOR_A_CAMERA,MIDDLE,NONE,I'm looking for a camera,S_INTRODUCES_CAMERA,CAMERA_2,,Let me show you this. Here we have the Sony Alpha a6000.,39~55
503,4,CAMERA_2,['CAMERA_2'],"{'CAMERA_1': [], 'CAMERA_2': ['sensor_size'], 'CAMERA_3': []}",C_QUESTION_ABOUT_FEATURE,CAMERA_2,sensor_size,what is the sensor size,S_ANSWERS_QUESTION_ABOUT_FEATURE,CAMERA_2,sensor_size,This one has a APS-C sensor (crop sensor).,15~41
503,5,CAMERA_2,['CAMERA_2'],"{'CAMERA_1': [], 'CAMERA_2': ['sensor_size', 'ISO'], 'CAMERA_3': []}",C_SILENT_OR_BACKCHANNEL,CAMERA_2,NONE,okay,S_INTRODUCES_FEATURE,CAMERA_2,ISO,This one has up to 3200 ISO with little noise.,13~45
503,6,CAMERA_2,['CAMERA_2'],"{'CAMERA_1': [], 'CAMERA_2': ['sensor_size', 'ISO', 'optical_zoom'], 'CAMERA_3': []}",C_QUESTION_ABOUT_FEATURE,CAMERA_2,optical_zoom,does it have optical zoom,S_NOT_SURE,CAMERA_2,,I'm not really sure about that,
503,7,CAMERA_2,['CAMERA_2'],"{'CAMERA_1': [], 'CAMERA_2': ['sensor_size', 'ISO', 'optical_zoom', 'long_exposure'], 'CAMERA_3': []}",C_SILENT_OR_BACKCHANNEL,CAMERA_2,NONE,I see,S_INTRODUCES_FEATURE,CAMERA_2,long_exposure,This one can take long exposures up to up to 30 seconds.,39~55
503,8,CAMERA_2,['CAMERA_2'],"{'CAMERA_1': [], 'CAMERA_2': ['sensor_size', 'ISO', 'optical_zoom', 'long_exposure', 'price'], 'CAMERA_3': []}",C_SILENT_OR_BACKCHANNEL,CAMERA_2,NONE,I see,S_INTRODUCES_FEATURE,CAMERA_2,price,This one costs $1341.,15~20
503,9,CAMERA_2,['CAMERA_2'],"{'CAMERA_1': [], 'CAMERA_2': ['sensor_size', 'ISO', 'optical_zoom', 'long_exposure', 'price', 'preset_modes'], 'CAMERA_3': []}",C_SILENT_OR_BACKCHANNEL,CAMERA_2,NONE,I see,S_INTRODUCES_FEATURE,CAMERA_2,preset_modes,"This one has 9 preset modes (e.g. beach, snow, night, portrait).",13~63
503,10,CAMERA_2,['CAMERA_2'],"{'CAMERA_1': [], 'CAMERA_2': ['sensor_size', 'ISO', 'optical_zoom', 'long_exposure', 'price', 'preset_modes', 'camera_type'], 'CAMERA_3': []}",C_QUESTION_ABOUT_FEATURE,CAMERA_2,camera_type,what kind of camera is this,S_ANSWERS_QUESTION_ABOUT_FEATURE,CAMERA_2,camera_type,This is a mirrorless camera.,10~20
503,11,NONE,['CAMERA_2'],"{'CAMERA_1': [], 'CAMERA_2': ['sensor_size', 'ISO', 'optical_zoom', 'long_exposure', 'price', 'preset_modes', 'camera_type'], 'CAMERA_3': []}",C_THANK_YOU,CAMERA_2,NONE,thank you for your help,S_THANK_YOU,CAMERA_2,NONE,thank you very much,
503,12,NONE,['CAMERA_2'],"{'CAMERA_1': [], 'CAMERA_2': ['sensor_size', 'ISO', 'optical_zoom', 'long_exposure', 'price', 'preset_modes', 'camera_type'], 'CAMERA_3': []}",C_LEAVES,DOOR,NONE,,S_RETURNS_TO_COUNTER,SERVICE_COUNTER,NONE,,
504,1,NONE,[],"{'CAMERA_1': [], 'CAMERA_2': [], 'CAMERA_3': []}",C_ENTERS,DOOR,NONE,,S_NONE,SERVICE_COUNTER,NONE,,
504,2,NONE,[],"{'CAMERA_1': [], 'CAMERA_2': [], 'CAMERA_3': []}",C_WALKS_TO_CAMERA,CAMERA_1,NONE,,S_NONE,SERVICE_COUNTER,NONE,,
504,3,CAMERA_1,['CAMERA_1'],"{'CAMERA_1': ['price'], 'CAMERA_2': [], 'CAMERA_3': []}",C_QUESTION_ABOUT_FEATURE,CAMERA_1,price,how much does it cost,S_ANSWERS_QUESTION_ABOUT_FEATURE,CAMERA_1,price,This one costs $2173.,15~20
504,4,NONE,['CAMERA_1'],"{'CAMERA_1': ['price'], 'CAMERA_2': [], 'CAMERA_3': []}",C_THANK_YOU,CAMERA_1,NONE,thank you for your help,S_THANK_YOU,CAMERA_1,NONE,thank you very much,
504,5,NONE,['CAMERA_1'],"{'CAMERA_1': ['price'], 'CAMERA_2': [], 'CAMERA_3': []}",C_LEAVES,DOOR,NONE,,S_RETURNS_TO_COUNTER,SERVICE_COUNTER,NONE,,
505,1,NONE,[],"{'CAMERA_1': [], 'CAMERA_2': [], 'CAMERA_3': []}",C_ENTERS,DOOR,NONE,,S_NONE,SERVICE_COUNTER,NONE,,
505,2,NONE,[],"{'CAMERA_1': [], 'CAMERA_2': [], 'CAMERA_3': []}",C_GREETS,MIDDLE,NONE,hello,S_GREETS,MIDDLE,NONE,can I help you?,
505,3,CAMERA_2,['CAMERA_2'],"{'CAMERA_1': [], 'CAMERA_2': [], 'CAMERA_3': []}",C_LOOKING_FOR_A_CAMERA,MIDDLE,NONE,I'm looking for a camera,S_INTRODUCES_CAMERA,CAMERA_2,,Let me show you this. Here we have the Sony Alpha a6000.,39~55
505,4,CAMERA_2,['CAMERA_2'],"{'CAMERA_1': [], 'CAMERA_2': ['settings'], 'CAMERA_3': []}",C_QUESTION_ABOUT_FEATURE,CAMERA_2,settings,what kind of settings does it have,S_ANSWERS_QUESTION_ABOUT_FEATURE,CAMERA_2,settings,This one has full manual control.,13~32
505,5,CAMERA_2,['CAMERA_2'],"{'CAMERA_1': [], 'CAMERA_2': ['settings', 'preset_modes'], 'CAMERA_3': []}",C_QUESTION_ABOUT_FEATURE,CAMERA_2,preset_modes,does it have preset modes,S_ANSWERS_QUESTION_ABOUT_FEATURE,CAMERA_2,preset_modes,"This one has 9 preset modes (e.g. beach, snow, night, portrait).",13~63
505,6,CAMERA_2,['CAMERA_2'],"{'CAMERA_1': [], 'CAMERA_2': ['settings', 'preset_modes', 'weight'], 'CAMERA_3': []}",C_SILENT_OR_BACKCHANNEL,CAMERA_2,NONE,alright,S_INTRODUCES_FEATURE,CAMERA_2,weight,This one weighs 470 grams.,16~25
505,7,CAMERA_2,['CAMERA_2'],"{'CAMERA_1': [], 'CAMERA_2': ['settings', 'preset_modes', 'weight', 'sensor_size'], 'CAMERA_3': []}",C_QUESTION_ABOUT_FEATURE,CAMERA_2,sensor_size,what is the sensor size,S_ANSWERS_QUESTION_ABOUT_FEATURE,CAMERA_2,sensor_size,This one has a APS-C sensor (crop sensor).,15~41
505,8,CAMERA_2,['CAMERA_2'],"{'CAMERA_1': [], 'CAMERA_2': ['settings', 'preset_modes', 'weight', 'sensor_size', 'color'], 'CAMERA_3': []}",C_SILENT_OR_BACKCHANNEL,CAMERA_2,NONE,okay,S_INTRODUCES_FEATURE,CAMERA_2,color,"This one comes in white, silver, black.",18~38
505,9,CAMERA_2,['CAMERA_2'],"{'CAMERA_1': [], 'CAMERA_2': ['settings', 'preset_modes', 'weight', 'sensor_size', 'color', 'camera_type'], 'CAMERA_3': []}",C_QUESTION_ABOUT_FEATURE,CAMERA_2,camera_type,what kind of camera is this,S_ANSWERS_QUESTION_ABOUT_FEATURE,CAMERA_2,camera_type,This is a mirrorless camera.,10~20
505,10,CAMERA_2,['CAMERA_2'],"{'CAMERA_1': [], 'CAMERA_2': ['settings', 'preset_modes', 'weight', 'sensor_size', 'color', 'camera_type', 'price'], 'CAMERA_3': []}",C_SILENT_OR_BACKCHANNEL,CAMERA_2,NONE,okay,S_INTRODUCES_FEATURE,CAMERA_2,price,This one costs $1341.,15~20
505,11,CAMERA_2,['CAMERA_2'],"{'CAMERA_1': [], 'CAMERA_2': ['settings', 'preset_modes', 'weight', 'sensor_size', 'color', 'camera_type', 'price', 'effects'], 'CAMERA_3': []}",C_QUESTION_ABOUT_FEATURE,CAMERA_2,effects,does it have any effect modes,S_ANSWERS_QUESTION_ABOUT_FEATURE,CAMERA_2,effects,"This one has 13 artistic effect modes (e.g. toy camera, soft focus).",13~67
505,12,CAMERA_2,['CAMERA_2'],"{'CAMERA_1': [], 'CAMERA_2': ['settings', 'preset_modes', 'weight', 'sensor_size', 'color', 'camera_type', 'price', 'effects', 'resolution'], 'CAMERA_3': []}",C_QUESTION_ABOUT_FEATURE,CAMERA_2,resolution,what is the resolution,S_NOT_SURE,CAMERA_2,,I'm not really sure about that,
505,13,CAMERA_2,['CAMERA_2'],"{'CAMERA_1': [], 'CAMERA_2': ['settings', 'preset_modes', 'weight', 'sensor_size', 'color', 'camera_type', 'price', 'effects', 'resolution', 'long_exposure'], 'CAMERA_3': []}",C_SILENT_OR_BACKCHANNEL,CAMERA_2,NONE,alright,S_INTRODUCES_FEATURE,CAMERA_2,long_exposure,This one can take long exposures up to up to 30 seconds.,39~55
505,14,CAMERA_2,['CAMERA_2'],"{'CAMERA_1': [], 'CAMERA_2': ['settings', 'preset_modes', 'weight', 'sensor_size', 'color', 'camera_type', 'price', 'effects', 'resolution', 'long_exposure', 'ISO'], 'CAMERA_3': []}",C_QUESTION_ABOUT_FEATURE,CAMERA_2,ISO,what is the ISO,S_ANSWERS_QUESTION_ABOUT_FEATURE,CAMERA_2,ISO,This one has up to 3200 ISO with little noise.,13~45
505,15,CAMERA_2,['CAMERA_2'],"{'CAMERA_1': [], 'CAMERA_2': ['settings', 'preset_modes', 'weight', 'sensor_size', 'color', 'camera_type', 'price', 'effects', 'resolution', 'long_exposure', 'ISO', 'autofocus_points'], 'CAMERA_3': []}",C_SILENT_OR_BACKCHANNEL,CAMERA_2,NONE,alright,S_INTRODUCES_FEATURE,CAMERA_2,autofocus_points,This one has 179 autofocus points.,13~33
505,16,CAMERA_2,['CAMERA_2'],"{'CAMERA_1': [], 'CAMERA_2': ['settings', 'preset_modes', 'weight', 'sensor_size', 'color', 'camera_type', 'price', 'effects', 'resolution', 'long_exposure', 'ISO', 'autofocus_points', 'optical_zoom'], 'CAMERA_3': []}",C_QUESTION_ABOUT_FEATURE,CAMERA_2,optical_zoom,does it have optical zoom,S_NOT_SURE,CAMERA_2,,I'm not really sure about that,
505,17,CAMERA_2,['CAMERA_2'],"{'CAMERA_1': [], 'CAMERA_2': ['settings', 'preset_modes', 'weight', 'sensor_size', 'color', 'camera_type', 'price', 'effects', 'resolution', 'long_exposure', 'ISO', 'autofocus_points', 'optical_zoom', 'ISO'], 'CAMERA_3': []}",C_QUESTION_ABOUT_FEATURE,CAMERA_2,ISO,what is the ISO,S_ANSWERS_QUESTION_ABOUT_FEATURE,CAMERA_2,ISO,This one has up to 3200 ISO with little noise.,13~45
505,18,CAMERA_2,['CAMERA_2'],"{'CAMERA_1': [], 'CAMERA_2': ['settings', 'preset_modes', 'weight', 'sensor_size', 'color', 'camera_type', 'price', 'effects', 'resolution', 'long_exposure', 'ISO', 'autofocus_points', 'optical_zoom', 'ISO', 'weight'], 'CAMERA_3': []}",C_SILENT_OR_BACKCHANNEL,CAMERA_2,NONE,okay,S_INTRODUCES_FEATURE,CAMERA_2,weight,This one weighs 470 grams.,16~25
505,19,CAMERA_2,['CAMERA_2'],"{'CAMERA_1': [], 'CAMERA_2': ['settings', 'preset_modes', 'weight', 'sensor_size', 'color', 'camera_type', 'price', 'effects', 'resolution', 'long_exposure', 'ISO', 'autofocus_points', 'optical_zoom', 'ISO', 'weight', 'ISO'], 'CAMERA_3': []}",C_QUESTION_ABOUT_FEATURE,CAMERA_2,ISO,what is the ISO,S_ANSWERS_QUESTION_ABOUT_FEATURE,CAMERA_2,ISO,This one has up to 3200 ISO with little noise.,13~45
505,20,CAMERA_2,['CAMERA_2'],"{'CAMERA_1': [], 'CAMERA_2': ['settings', 'preset_modes', 'weight', 'sensor_size', 'color', 'camera_type', 'price', 'effects', 'resolution', 'long_exposure', 'ISO', 'autofocus_points', 'optical_zoom', 'ISO', 'weight', 'ISO', 'settings'], 'CAMERA_3': []}",C_QUESTION_ABOUT_FEATURE,CAMERA_2,settings,what kind of settings does it have,S_ANSWERS_QUESTION_ABOUT_FEATURE,CAMERA_2,settings,This one has full manual control.,13~32
505,21,CAMERA_2,['CAMERA_2'],"{'CAMERA_1': [], 'CAMERA_2': ['settings', 'preset_modes', 'weight', 'sensor_size', 'color', 'camera_type', 'price', 'effects', 'resolution', 'long_exposure', 'ISO', 'autofocus_points', 'optical_zoom', 'ISO', 'weight', 'ISO', 'settings', 'autofocus_points'], 'CAMERA_3': []}",C_SILENT_OR_BACKCHANNEL,CAMERA_2,NONE,I see,S_INTRODUCES_FEATURE,CAMERA_2,autofocus_points,This one has 179 autofocus points.,13~33
505,22,CAMERA_3,"['CAMERA_2', 'CAMERA_3']","{'CAMERA_1': [], 'CAMERA_2': ['settings', 'preset_modes', 'weight', 'sensor_size', 'color', 'camera_type', 'price', 'effects', 'resolution', 'long_exposure', 'ISO', 'autofocus_points', 'optical_zoom', 'ISO', 'weight', 'ISO', 'settings', 'autofocus_points'], 'CAMERA_3': []}",C_ANYTHING_ELSE_AVAILABLE,CAMERA_2,NONE,ok do you have any other cameras,S_INTRODUCES_CAMERA,CAMERA_3,,Let me show you this. Here we have the Canon EOS 5D Mark III.,39~60
505,23,CAMERA_3,"['CAMERA_2', 'CAMERA_3']","{'CAMERA_1': [], 'CAMERA_2': ['settings', 'preset_modes', 'weight', 'sensor_size', 'color', 'camera_type', 'price', 'effects', 'resolution', 'long_exposure', 'ISO', 'autofocus_points', 'optical_zoom', 'ISO', 'weight', 'ISO', 'settings', 'autofocus_points'], 'CAMERA_3': ['ISO']}",C_SILENT_OR_BACKCHANNEL,CAMERA_3,NONE,okay,S_INTRODUCES_FEATURE,CAMERA_3,ISO,This one has up to 6400 ISO with little noise.,13~45
505,24,CAMERA_3,"['CAMERA_2', 'CAMERA_3']","{'CAMERA_1': [], 'CAMERA_2': ['settings', 'preset_modes', 'weight', 'sensor_size', 'color', 'camera_type', 'price', 'effects', 'resolution', 'long_exposure', 'ISO', 'autofocus_points', 'optical_zoom', 'ISO', 'weight', 'ISO', 'settings', 'autofocus_points'], 'CAMERA_3': ['ISO', 'sensor_size']}",C_SILENT_OR_BACKCHANNEL,CAMERA_3,NONE,alright,S_INTRODUCES_FEATURE,CAMERA_3,sensor_size,This one has a full frame.,15~25
505,25,CAMERA_3,"['CAMERA_2', 'CAMERA_3']","{'CAMERA_1': [], 'CAMERA_2': ['settings', 'preset_modes', 'weight', 'sensor_size', 'color', 'camera_type', 'price', 'effects', 'resolution', 'long_exposure', 'ISO', 'autofocus_points', 'optical_zoom', 'ISO', 'weight', 'ISO', 'settings', 'autofocus_points'], 'CAMERA_3': ['ISO', 'sensor_size', 'resolution']}",C_QUESTION_ABOUT_FEATURE,CAMERA_3,resolution,what is the resolution,S_NOT_SURE,CAMERA_3,,I'm not really sure about that,
505,26,NONE,"['CAMERA_2', 'CAMERA_3']","{'CAMERA_1': [], 'CAMERA_2': ['settings', 'preset_modes', 'weight', 'sensor_size', 'color', 'camera_type', 'price', 'effects', 'resolution', 'long_exposure', 'ISO', 'autofocus_points', 'optical_zoom', 'ISO', 'weight', 'ISO', 'settings', 'autofocus_points'], 'CAMERA_3': ['ISO', 'sensor_size', 'resolution']}",C_THANK_YOU,CAMERA_3,NONE,thank you for your help,S_THANK_YOU,CAMERA_3,NONE,thank you very much,
505,27,NONE,"['CAMERA_2', 'CAMERA_3']","{'CAMERA_1': [], 'CAMERA_2': ['settings', 'preset_modes', 'weight', 'sensor_size', 'color', 'camera_type', 'price', 'effects', 'resolution', 'long_exposure', 'ISO', 'autofocus_points', 'optical_zoom', 'ISO', 'weight', 'ISO', 'settings', 'autofocus_points'], 'CAMERA_3': ['ISO', 'sensor_size', 'resolution']}",C_LEAVES,DOOR,NONE,,S_RETURNS_TO_COUNTER,SERVICE_COUNTER,NONE,,
506,1,NONE,[],"{'CAMERA_1': [], 'CAMERA_2': [], 'CAMERA_3': []}",C_ENTERS,DOOR,NONE,,S_NONE,SERVICE_COUNTER,NONE,,
506,2,NONE,[],"{'CAMERA_1': [], 'CAMERA_2': [], 'CAMERA_3': []}",C_GREETS,MIDDLE,NONE,hello,S_GREETS,MIDDLE,NONE,can I help you?,
506,3,CAMERA_3,['CAMERA_3'],"{'CAMERA_1': [], 'CAMERA_2': [], 'CAMERA_3': []}",C_LOOKING_FOR_A_CAMERA,MIDDLE,NONE,I'm looking for a camera,S_INTRODUCES_CAMERA,CAMERA_3,,Let me show you this. Here we have the Canon EOS 5D Mark III.,39~60
506,4,CAMERA_3,['CAMERA_3'],"{'CAMERA_1': [], 'CAMERA_2': [], 'CAMERA_3': ['optical_zoom']}",C_QUESTION_ABOUT_FEATURE,CAMERA_3,optical_zoom,does it have optical zoom,S_NOT_SURE,CAMERA_3,,I'm not really sure about that,
506,5,CAMERA_3,['CAMERA_3'],"{'CAMERA_1': [], 'CAMERA_2': [], 'CAMERA_3': ['optical_zoom', 'settings']}",C_QUESTION_ABOUT_FEATURE,CAMERA_3,settings,what kind of settings does it have,S_ANSWERS_QUESTION_ABOUT_FEATURE,CAMERA_3,settings,This one has full manual control.,13~32
506,6,NONE,['CAMERA_3'],"{'CAMERA_1': [], 'CAMERA_2': [], 'CAMERA_3': ['optical_zoom', 'settings']}",C_THANK_YOU,CAMERA_3,NONE,thank you for your help,S_THANK_YOU,CAMERA_3,NONE,thank you very much,
506,7,NONE,['CAMERA_3'],"{'CAMERA_1': [], 'CAMERA_2': [], 'CAMERA_3': ['optical_zoom', 'settings']}",C_LEAVES,DOOR,NONE,,S_RETURNS_TO_COUNTER,SERVICE_COUNTER,NONE,,
507,1,NONE,[],"{'CAMERA_1': [], 'CAMERA_2': [], 'CAMERA_3': []}",C_ENTERS,DOOR,NONE,,S_NONE,SERVICE_COUNTER,NONE,,
507,2,NONE,[],"{'CAMERA_1': [], 'CAMERA_2': [], 'CAMERA_3': []}",C_GREETS,MIDDLE,NONE,hello,S_GREETS,MIDDLE,NONE,can I help you?,
507,3,CAMERA_2,['CAMERA_2'],"{'CAMERA_1': [], 'CAMERA_2': [], 'CAMERA_3': []}",C_LOOKING_FOR_A_CAMERA,MIDDLE,NONE,I'm looking for a camera,S_INTRODUCES_CAMERA,CAMERA_2,,Let me show you this. Here we have the Sony Alpha a6000.,39~55
507,4,CAMERA_2,['CAMERA_2'],"{'CAMERA_1': [], 'CAMERA_2': ['settings'], 'CAMERA_3': []}",C_QUESTION_ABOUT_FEATURE,CAMERA_2,settings,what kind of settings does it have,S_ANSWERS_QUESTION_ABOUT_FEATURE,CAMERA_2,settings,This one has full manual control.,13~32
507,5,CAMERA_2,['CAMERA_2'],"{'CAMERA_1': [], 'CAMERA_2': ['settings', 'autofocus_points'], 'CAMERA_3': []}",C_QUESTION_ABOUT_FEATURE,CAMERA_2,autofocus_points,how many autofocus points does it have,S_ANSWERS_QUESTION_ABOUT_FEATURE,CAMERA_2,autofocus_points,This one has 179 autofocus points.,13~33
507,6,CAMERA_3,"['CAMERA_2', 'CAMERA_3']","{'CAMERA_1': [], 'CAMERA_2': ['settings', 'autofocus_points'], 'CAMERA_3': []}",C_ANYTHING_ELSE_AVAILABLE,CAMERA_2,NONE,ok do you have any other cameras,S_INTRODUCES_CAMERA,CAMERA_3,,Let me show you this. Here we have the Canon EOS 5D Mark III.,39~60
507,7,CAMERA_3,"['CAMERA_2', 'CAMERA_3']","{'CAMERA_1': [], 'CAMERA_2': ['settings', 'autofocus_points'], 'CAMERA_3': ['effects']}",C_QUESTION_ABOUT_FEATURE,CAMERA_3,effects,does it have any effect modes,S_NOT_SURE,CAMERA_3,,I'm not really sure about that,
507,8,CAMERA_3,"['CAMERA_2', 'CAMERA_3']","{'CAMERA_1': [], 'CAMERA_2': ['settings', 'autofocus_points'], 'CAMERA_3': ['effects', 'autofocus_points']}",C_QUESTION_ABOUT_FEATURE,CAMERA_3,autofocus_points,how many autofocus points does it have,S_ANSWERS_QUESTION_ABOUT_FEATURE,CAMERA_3,autofocus_points,This one has 61 autofocus points.,13~32
507,9,CAMERA_3,"['CAMERA_2', 'CAMERA_3']","{'CAMERA_1': [], 'CAMERA_2': ['settings', 'autofocus_points'], 'CAMERA_3': ['effects', 'autofocus_points', 'weight']}",C_QUESTION_ABOUT_FEATURE,CAMERA_3,weight,how much does this one weigh,S_ANSWERS_QUESTION_ABOUT_FEATURE,CAMERA_3,weight,This one weighs 950 grams (only body).,16~37
507,10,NONE,"['CAMERA_2', 'CAMERA_3']","{'CAMERA_1': [], 'CAMERA_2': ['settings', 'autofocus_points'], 'CAMERA_3': ['effects', 'autofocus_points', 'weight']}",C_THANK_YOU,CAMERA_3,NONE,thank you for your help,S_THANK_YOU,CAMERA_3,NONE,thank you very much,
507,11,NONE,"['CAMERA_2', 'CAMERA_3']","{'CAMERA_1': [], 'CAMERA_2': ['settings', 'autofocus_points'], 'CAMERA_3': ['effects', 'autofocus_points', 'weight']}",C_LEAVES,DOOR,NONE,,S_RETURNS_TO_COUNTER,SERVICE_COUNTER,NONE,,
508,1,NONE,[],"{'CAMERA_1': [], 'CAMERA_2': [], 'CAMERA_3': []}",C_ENTERS,DOOR,NONE,,S_NONE,SERVICE_COUNTER,NONE,,
508,2,NONE,[],"{'CAMERA_1': [], 'CAMERA_2': [], 'CAMERA_3': []}",C_GREETS,MIDDLE,NONE,hello,S_GREETS,MIDDLE,NONE,can I help you?,
508,3,CAMERA_1,['CAMERA_1'],"{'CAMERA_1': [], 'CAMERA_2': [], 'CAMERA_3': []}",C_LOOKING_FOR_A_CAMERA,MIDDLE,NONE,I'm looking for a camera,S_INTRODUCES_CAMERA,CAMERA_1,,Let me show you this. Here we have the Nikon Coolpix S2800.,39~58
508,4,CAMERA_1,['CAMERA_1'],"{'CAMERA_1': ['settings'], 'CAMERA_2': [], 'CAMERA_3': []}",C_QUESTION_ABOUT_FEATURE,CAMERA_1,settings,what kind of settings does it have,S_ANSWERS_QUESTION_ABOUT_FEATURE,CAMERA_1,settings,This one has limited manual settings.,13~36
508,5,CAMERA_1,['CAMERA_1'],"{'CAMERA_1': ['settings', 'weight'], 'CAMERA_2': [], 'CAMERA_3': []}",C_QUESTION_ABOUT_FEATURE,CAMERA_1,weight,how much does this one weigh,S_ANSWERS_QUESTION_ABOUT_FEATURE,CAMERA_1,weight,This one weighs 120 grams.,16~25
508,6,CAMERA_1,['CAMERA_1'],"{'CAMERA_1': ['settings', 'weight', 'camera_type'], 'CAMERA_2': [], 'CAMERA_3': []}",C_QUESTION_ABOUT_FEATURE,CAMERA_1,camera_type,what kind of camera is this,S_ANSWERS_QUESTION_ABOUT_FEATURE,CAMERA_1,camera_type,This is a point and shoot camera.,10~25
508,7,CAMERA_1,['CAMERA_1'],"{'CAMERA_1': ['settings', 'weight', 'camera_type', 'color'], 'CAMERA_2': [], 'CAMERA_3': []}",C_SILENT_OR_BACKCHANNEL,CAMERA_1,NONE,okay,S_INTRODUCES_FEATURE,CAMERA_1,color,"This one comes in purple, pink, black, silver, red.",18~50
508,8,CAMERA_1,['CAMERA_1'],"{'CAMERA_1': ['settings', 'weight', 'camera_type', 'color', 'effects'], 'CAMERA_2': [], 'CAMERA_3': []}",C_SILENT_OR_BACKCHANNEL,CAMERA_1,NONE,okay,S_INTRODUCES_FEATURE,CAMERA_1,effects,"This one has 12 glamor retouch effects (e.g. skin softening, small face, big eyes).",13~82
508,9,CAMERA_1,['CAMERA_1'],"{'CAMERA_1': ['settings', 'weight', 'camera_type', 'color', 'effects', 'optical_zoom'], 'CAMERA_2': [], 'CAMERA_3': []}",C_SILENT_OR_BACKCHANNEL,CAMERA_1,NONE,okay,S_INTRODUCES_FEATURE,CAMERA_1,optical_zoom,This one has 5x optical zoom.,13~28
508,10,CAMERA_1,['CAMERA_1'],"{'CAMERA_1': ['settings', 'weight', 'camera_type', 'color', 'effects', 'optical_zoom', 'price'], 'CAMERA_2': [], 'CAMERA_3': []}",C_SILENT_OR_BACKCHANNEL,CAMERA_1,NONE,alright,S_INTRODUCES_FEATURE,CAMERA_1,price,This one costs $2173.,15~20
508,11,CAMERA_1,['CAMERA_1'],"{'CAMERA_1': ['settings', 'weight', 'camera_type', 'color', 'effects', 'optical_zoom', 'price', 'preset_modes'], 'CAMERA_2': [], 'CAMERA_3': []}",C_SILENT_OR_BACKCHANNEL,CAMERA_1,NONE,okay,S_INTRODUCES_FEATURE,CAMERA_1,preset_modes,"This one has 18 preset modes (e.g. beach, snow, night portrait).",13~63
508,12,NONE,['CAMERA_1'],"{'CAMERA_1': ['settings', 'weight', 'camera_type', 'color', 'effects', 'optical_zoom', 'price', 'preset_modes'], 'CAMERA_2': [], 'CAMERA_3': []}",C_THANK_YOU,CAMERA_1,NONE,thank you for your help,S_THANK_YOU,CAMERA_1,NONE,thank you very much,
508,13,NONE,['CAMERA_1'],"{'CAMERA_1': ['settings', 'weight', 'camera_type', 'color', 'effects', 'optical_zoom', 'price', 'preset_modes'], 'CAMERA_2': [], 'CAMERA_3': []}",C_LEAVES,DOOR,NONE,,S_RETURNS_TO_COUNTER,SERVICE_COUNTER,NONE,,
509,1,NONE,[],"{'CAMERA_1': [], 'CAMERA_2': [], 'CAMERA_3': []}",C_ENTERS,DOOR,NONE,,S_NONE,SERVICE_COUNTER,NONE,,
509,2,NONE,[],"{'CAMERA_1': [], 'CAMERA_2': [], 'CAMERA_3': []}",C_GREETS,MIDDLE,NONE,hello,S_GREETS,MIDDLE,NONE,can I help you?,
509,3,CAMERA_1,['CAMERA_1'],"{'CAMERA_1': [], 'CAMERA_2': [], 'CAMERA_3': []}",C_LOOKING_FOR_A_CAMERA,MIDDLE,NONE,I'm looking for a camera,S_INTRODUCES_CAMERA,CAMERA_1,,Let me show you this. Here we have the Nikon Coolpix S2800.,39~58
509,4,CAMERA_1,['CAMERA_1'],"{'CAMERA_1': ['effects'], 'CAMERA_2': [], 'CAMERA_3': []}",C_QUESTION_ABOUT_FEATURE,CAMERA_1,effects,does it have any effect modes,S_ANSWERS_QUESTION_ABOUT_FEATURE,CAMERA_1,effects,"This one has 12 glamor retouch effects (e.g. skin softening, small face, big eyes).",13~82
509,5,CAMERA_1,['CAMERA_1'],"{'CAMERA_1': ['effects', 'color'], 'CAMERA_2': [], 'CAMERA_3': []}",C_SILENT_OR_BACKCHANNEL,CAMERA_1,NONE,okay,S_INTRODUCES_FEATURE,CAMERA_1,color,"This one comes in purple, pink, black, silver, red.",18~50
509,6,CAMERA_1,['CAMERA_1'],"{'CAMERA_1': ['effects', 'color', 'long_exposure'], 'CAMERA_2': [], 'CAMERA_3': []}",C_QUESTION_ABOUT_FEATURE,CAMERA_1,long_exposure,can it take long exposure shots,S_NOT_SURE,CAMERA_1,,I'm not really sure about that,
509,7,CAMERA_1,['CAMERA_1'],"{'CAMERA_1': ['effects', 'color', 'long_exposure', 'camera_type'], 'CAMERA_2': [], 'CAMERA_3': []}",C_QUESTION_ABOUT_FEATURE,CAMERA_1,camera_type,what kind of camera is this,S_ANSWERS_QUESTION_ABOUT_FEATURE,CAMERA_1,camera_type,This is a point and shoot camera.,10~25
509,8,CAMERA_1,['CAMERA_1'],"{'CAMERA_1': ['effects', 'color', 'long_exposure', 'camera_type', 'optical_zoom'], 'CAMERA_2': [], 'CAMERA_3': []}",C_QUESTION_ABOUT_FEATURE,CAMERA_1,optical_zoom,does it have optical zoom,S_ANSWERS_QUESTION_ABOUT_FEATURE,CAMERA_1,optical_zoom,This one has 5x optical zoom.,13~28
509,9,CAMERA_3,"['CAMERA_1', 'CAMERA_3']","{'CAMERA_1': ['effects', 'color', 'long_exposure', 'camera_type', 'optical_zoom'], 'CAMERA_2': [], 'CAMERA_3': []}",C_ANYTHING_ELSE_AVAILABLE,CAMERA_1,NONE,ok do you have any other cameras,S_INTRODUCES_CAMERA,CAMERA_3,,Let me show you this. Here we have the Canon EOS 5D Mark III.,39~60
509,10,CAMERA_3,"['CAMERA_1', 'CAMERA_3']","{'CAMERA_1': ['effects', 'color', 'long_exposure', 'camera_type', 'optical_zoom'], 'CAMERA_2': [], 'CAMERA_3': ['sensor_size']}",C_QUESTION_ABOUT_FEATURE,CAMERA_3,sensor_size,what is the sensor size,S_ANSWERS_QUESTION_ABOUT_FEATURE,CAMERA_3,sensor_size,This one has a full frame.,15~25
509,11,NONE,"['CAMERA_1', 'CAMERA_3']","{'CAMERA_1': ['effects', 'color', 'long_exposure', 'camera_type', 'optical_zoom'], 'CAMERA_2': [], 'CAMERA_3': ['sensor_size']}",C_THANK_YOU,CAMERA_3,NONE,thank you for your help,S_THANK_YOU,CAMERA_3,NONE,thank you very much,
509,12,NONE,"['CAMERA_1', 'CAMERA_3']","{'CAMERA_1': ['effects', 'color', 'long_exposure', 'camera_type', 'optical_zoom'], 'CAMERA_2': [], 'CAMERA_3': ['sensor_size']}",C_LEAVES,DOOR,NONE,,S_RETURNS_TO_COUNTER,SERVICE_COUNTER,NONE,,
510,1,NONE,[],"{'CAMERA_1': [], 'CAMERA_2': [], 'CAMERA_3': []}",C_ENTERS,DOOR,NONE,,S_NONE,SERVICE_COUNTER,NONE,,
510,2,NONE,[],"{'CAMERA_1': [], 'CAMERA_2': [], 'CAMERA_3': []}",C_GREETS,MIDDLE,NONE,hello,S_GREETS,MIDDLE,NONE,can I help you?,
510,3,CAMERA_3,['CAMERA_3'],"{'CAMERA_1': [], 'CAMERA_2': [], 'CAMERA_3': []}",C_LOOKING_FOR_A_CAMERA,MIDDLE,NONE,I'm looking for a camera,S_INTRODUCES_CAMERA,CAMERA_3,,Let me show you this. Here we have the Canon EOS 5D Mark III.,39~60
510,4,CAMERA_3,['CAMERA_3'],"{'CAMERA_1': [], 'CAMERA_2': [], 'CAMERA_3': ['price']}",C_SILENT_OR_BACKCHANNEL,CAMERA_3,NONE,I see,S_INTRODUCES_FEATURE,CAMERA_3,price,This one costs $3706.,15~20
510,5,NONE,['CAMERA_3'],"{'CAMERA_1': [], 'CAMERA_2': [], 'CAMERA_3': ['price']}",C_THANK_YOU,CAMERA_3,NONE,thank you for your help,S_THANK_YOU,CAMERA_3,NONE,thank you very much,
510,6,NONE,['CAMERA_3'],"{'CAMERA_1': [], 'CAMERA_2': [], 'CAMERA_3': ['price']}",C_LEAVES,DOOR,NONE,,S_RETURNS_TO_COUNTER,SERVICE_COUNTER,NONE,,
511,1,NONE,[],"{'CAMERA_1': [], 'CAMERA_2': [], 'CAMERA_3': []}",C_ENTERS,DOOR,NONE,,S_NONE,SERVICE_COUNTER,NONE,,
511,2,NONE,[],"{'CAMERA_1': [], 'CAMERA_2': [], 'CAMERA_3': []}",C_GREETS,MIDDLE,NONE,hello,S_GREETS,MIDDLE,NONE,can I help you?,
511,3,CAMERA_3,['CAMERA_3'],"{'CAMERA_1': [], 'CAMERA_2': [], 'CAMERA_3': []}",C_LOOKING_FOR_A_CAMERA,MIDDLE,NONE,I'm looking for a camera,S_INTRODUCES_CAMERA,CAMERA_3,,Let me show you this. Here we have the Canon EOS 5D Mark III.,39~60
511,4,CAMERA_3,['CAMERA_3'],"{'CAMERA_1': [], 'CAMERA_2': [], 'CAMERA_3': ['sensor_size']}",C_QUESTION_ABOUT_FEATURE,CAMERA_3,sensor_size,what is the sensor size,S_ANSWERS_QUESTION_ABOUT_FEATURE,CAMERA_3,sensor_size,This one has a full frame.,15~25
511,5,CAMERA_3,['CAMERA_3'],"{'CAMERA_1': [], 'CAMERA_2': [], 'CAMERA_3': ['sensor_size', 'camera_type']}",C_SILENT_OR_BACKCHANNEL,CAMERA_3,NONE,alright,S_INTRODUCES_FEATURE,CAMERA_3,camera_type,This is a DSLR camera.,10~14
511,6,CAMERA_3,['CAMERA_3'],"{'CAMERA_1': [], 'CAMERA_2': [], 'CAMERA_3': ['sensor_size', 'camera_type', 'settings']}",C_SILENT_OR_BACKCHANNEL,CAMERA_3,NONE,I see,S_INTRODUCES_FEATURE,CAMERA_3,settings,This one has full manual control.,13~32
511,7,NONE,['CAMERA_3'],"{'CAMERA_1': [], 'CAMERA_2': [], 'CAMERA_3': ['sensor_size', 'camera_type', 'settings']}",C_THANK_YOU,CAMERA_3,NONE,thank you for your help,S_THANK_YOU,CAMERA_3,NONE,thank you very much,
511,8,NONE,['CAMERA_3'],"{'CAMERA_1': [], 'CAMERA_2': [], 'CAMERA_3': ['sensor_size', 'camera_type', 'settings']}",C_LEAVES,DOOR,NONE,,S_RETURNS_TO_COUNTER,SERVICE_COUNTER,NONE,,
512,1,NONE,[],"{'CAMERA_1': [], 'CAMERA_2': [], 'CAMERA_3': []}",C_ENTERS,DOOR,NONE,,S_NONE,SERVICE_COUNTER,NONE,,
512,2,NONE,[],"{'CAMERA_1': [], 'CAMERA_2': [], 'CAMERA_3': []}",C_WALKS_TO_CAMERA,CAMERA_1,NONE,,S_GREETS,CAMERA_1,NONE,can I help you?,
512,3,CAMERA_2,['CAMERA_2'],"{'CAMERA_1': [], 'CAMERA_2': [], 'CAMERA_3': []}",C_LOOKING_FOR_A_CAMERA,CAMERA_1,NONE,I'm looking for a camera,S_INTRODUCES_CAMERA,CAMERA_2,,Let me show you this. Here we have the Sony Alpha a6000.,39~55
512,4,CAMERA_2,['CAMERA_2'],"{'CAMERA_1': [], 'CAMERA_2': ['resolution'], 'CAMERA_3': []}",C_QUESTION_ABOUT_FEATURE,CAMERA_2,resolution,what is the resolution,S_NOT_SURE,CAMERA_2,,I'm not really sure about that,
512,5,NONE,['CAMERA_2'],"{'CAMERA_1': [], 'CAMERA_2': ['resolution'], 'CAMERA_3': []}",C_THANK_YOU,CAMERA_2,NONE,thank you for your help,S_THANK_YOU,CAMERA_2,NONE,thank you very much,
512,6,NONE,['CAMERA_2'],"{'CAMERA_1': [], 'CAMERA_2': ['resolution'], 'CAMERA_3': []}",C_LEAVES,DOOR,NONE,,S_RETURNS_TO_COUNTER,SERVICE_COUNTER,NONE,,
513,1,NONE,[],"{'CAMERA_1': [], 'CAMERA_2': [], 'CAMERA_3': []}",C_ENTERS,DOOR,NONE,,S_NONE,SERVICE_COUNTER,NONE,,
513,2,NONE,[],"{'CAMERA_1': [], 'CAMERA_2': [], 'CAMERA_3': []}",C_WALKS_TO_CAMERA,CAMERA_2,NONE,,S_NONE,SERVICE_COUNTER,NONE,,
513,3,CAMERA_2,['CAMERA_2'],"{'CAMERA_1': [], 'CAMERA_2': ['effects'], 'CAMERA_3': []}",C_QUESTION_ABOUT_FEATURE,CAMERA_2,effects,does it have any effect modes,S_ANSWERS_QUESTION_ABOUT_FEATURE,CAMERA_2,effects,"This one has 13 artistic effect modes (e.g. toy camera, soft focus).",13~67
513,4,CAMERA_2,['CAMERA_2'],"{'CAMERA_1': [], 'CAMERA_2': ['effects', 'price'], 'CAMERA_3': []}",C_QUESTION_ABOUT_FEATURE,CAMERA_2,price,how much does it cost,S_ANSWERS_QUESTION_ABOUT_FEATURE,CAMERA_2,price,This one costs $1341.,15~20
513,5,CAMERA_2,['CAMERA_2'],"{'CAMERA_1': [], 'CAMERA_2': ['effects', 'price', 'preset_modes'], 'CAMERA_3': []}",C_QUESTION_ABOUT_FEATURE,CAMERA_2,preset_modes,does it have preset modes,S_ANSWERS_QUESTION_ABOUT_FEATURE,CAMERA_2,preset_modes,"This one has 9 preset modes (e.g. beach, snow, night, portrait).",13~63
513,6,CAMERA_2,['CAMERA_2'],"{'CAMERA_1': [], 'CAMERA_2': ['effects', 'price', 'preset_modes', 'resolution'], 'CAMERA_3': []}",C_QUESTION_ABOUT_FEATURE,CAMERA_2,resolution,what is the resolution,S_NOT_SURE,CAMERA_2,,I'm not really sure about that,
513,7,CAMERA_2,['CAMERA_2'],"{'CAMERA_1': [], 'CAMERA_2': ['effects', 'price', 'preset_modes', 'resolution', 'weight'], 'CAMERA_3': []}",C_QUESTION_ABOUT_FEATURE,CAMERA_2,weight,how much does this one weigh,S_ANSWERS_QUESTION_ABOUT_FEATURE,CAMERA_2,weight,This one weighs 470 grams.,16~25
513,8,CAMERA_2,['CAMERA_2'],"{'CAMERA_1': [], 'CAMERA_2': ['effects', 'price', 'preset_modes', 'resolution', 'weight', 'optical_zoom'], 'CAMERA_3': []}",C_QUESTION_ABOUT_FEATURE,CAMERA_2,optical_zoom,does it have optical zoom,S_NOT_SURE,CAMERA_2,,I'm not really sure about that,
513,9,CAMERA_2,['CAMERA_2'],"{'CAMERA_1': [], 'CAMERA_2': ['effects', 'price', 'preset_modes', 'resolution', 'weight', 'optical_zoom', 'ISO'], 'CAMERA_3': []}",C_QUESTION_ABOUT_FEATURE,CAMERA_2,ISO,what is the ISO,S_ANSWERS_QUESTION_ABOUT_FEATURE,CAMERA_2,ISO,This one has up to 3200 ISO with little noise.,13~45
513,10,CAMERA_3,"['CAMERA_2', 'CAMERA_3']","{'CAMERA_1': [], 'CAMERA_2': ['effects', 'price', 'preset_modes', 'resolution', 'weight', 'optical_zoom', 'ISO'], 'CAMERA_3': []}",C_ANYTHING_ELSE_AVAILABLE,CAMERA_2,NONE,ok do you have any other cameras,S_INTRODUCES_CAMERA,CAMERA_3,,Let me show you this. Here we have the Canon EOS 5D Mark III.,39~60
513,11,CAMERA_3,"['CAMERA_2', 'CAMERA_3']","{'CAMERA_1': [], 'CAMERA_2': ['effects', 'price', 'preset_modes', 'resolution', 'weight', 'optical_zoom', 'ISO'], 'CAMERA_3': ['settings']}",C_QUESTION_ABOUT_FEATURE,CAMERA_3,settings,what kind of settings does it have,S_ANSWERS_QUESTION_ABOUT_FEATURE,CAMERA_3,settings,This one has full manual control.,13~32
513,12,CAMERA_3,"['CAMERA_2', 'CAMERA_3']","{'CAMERA_1': [], 'CAMERA_2': ['effects', 'price', 'preset_modes', 'resolution', 'weight', 'optical_zoom', 'ISO'], 'CAMERA_3': ['settings', 'effects']}",C_QUESTION_ABOUT_FEATURE,CAMERA_3,effects,does it have any effect modes,S_NOT_SURE,CAMERA_3,,I'm not really sure about that,
513,13,CAMERA_3,"['CAMERA_2', 'CAMERA_3']","{'CAMERA_1': [], 'CAMERA_2': ['effects', 'price', 'preset_modes', 'resolution', 'weight', 'optical_zoom', 'ISO'], 'CAMERA_3': ['settings', 'effects', 'long_exposure']}",C_QUESTION_ABOUT_FEATURE,CAMERA_3,long_exposure,can it take long exposure shots,S_ANSWERS_QUESTION_ABOUT_FEATURE,CAMERA_3,long_exposure,"This one can take long exposures up to up to 30 seconds, bulb mode: expose as long as you want.",39~94
513,14,CAMERA_3,"['CAMERA_2', 'CAMERA_3']","{'CAMERA_1': [], 'CAMERA_2': ['effects', 'price', 'preset_modes', 'resolution', 'weight', 'optical_zoom', 'ISO'], 'CAMERA_3': ['settings', 'effects', 'long_exposure', 'weight']}",C_SILENT_OR_BACKCHANNEL,CAMERA_3,NONE,I see,S_INTRODUCES_FEATURE,CAMERA_3,weight,This one weighs 950 grams (only body).,16~37
513,15,CAMERA_3,"['CAMERA_2', 'CAMERA_3']","{'CAMERA_1': [], 'CAMERA_2': ['effects', 'price', 'preset_modes', 'resolution', 'weight', 'optical_zoom', 'ISO'], 'CAMERA_3': ['settings', 'effects', 'long_exposure', 'weight', 'color']}",C_QUESTION_ABOUT_FEATURE,CAMERA_3,color,what colors does this one come in,S_ANSWERS_QUESTION_ABOUT_FEATURE,CAMERA_3,color,This one comes in black.,18~23
513,16,CAMERA_3,"['CAMERA_2', 'CAMERA_3']","{'CAMERA_1': [], 'CAMERA_2': ['effects', 'price', 'preset_modes', 'resolution', 'weight', 'optical_zoom', 'ISO'], 'CAMERA_3': ['settings', 'effects', 'long_exposure', 'weight', 'color', 'autofocus_points']}",C_SILENT_OR_BACKCHANNEL,CAMERA_3,NONE,alright,S_INTRODUCES_FEATURE,CAMERA_3,autofocus_points,This one has 61 autofocus points.,13~32
513,17,CAMERA_3,"['CAMERA_2', 'CAMERA_3']","{'CAMERA_1': [], 'CAMERA_2': ['effects', 'price', 'preset_modes', 'resolution', 'weight', 'optical_zoom', 'ISO'], 'CAMERA_3': ['settings', 'effects', 'long_exposure', 'weight', 'color', 'autofocus_points', 'ISO']}",C_SILENT_OR_BACKCHANNEL,CAMERA_3,NONE,okay,S_INTRODUCES_FEATURE,CAMERA_3,ISO,This one has up to 6400 ISO with little noise.,13~45
513,18,CAMERA_3,"['CAMERA_2', 'CAMERA_3']","{'CAMERA_1': [], 'CAMERA_2': ['effects', 'price', 'preset_modes', 'resolution', 'weight', 'optical_zoom', 'ISO'], 'CAMERA_3': ['settings', 'effects', 'long_exposure', 'weight', 'color', 'autofocus_points', 'ISO', 'price']}",C_SILENT_OR_BACKCHANNEL,CAMERA_3,NONE,I see,S_INTRODUCES_FEATURE,CAMERA_3,price,This one costs $3706.,15~20
513,19,CAMERA_3,"['CAMERA_2', 'CAMERA_3']","{'CAMERA_1': [], 'CAMERA_2': ['effects', 'price', 'preset_modes', 'resolution', 'weight', 'optical_zoom', 'ISO'], 'CAMERA_3': ['settings', 'effects', 'long_exposure', 'weight', 'color', 'autofocus_points', 'ISO', 'price', 'optical_zoom']}",C_QUESTION_ABOUT_FEATURE,CAMERA_3,optical_zoom,does it have optical zoom,S_NOT_SURE,CAMERA_3,,I'm not really sure about that,
513,20,CAMERA_3,"['CAMERA_2', 'CAMERA_3']","{'CAMERA_1': [], 'CAMERA_2': ['effects', 'price', 'preset_modes', 'resolution', 'weight', 'optical_zoom', 'ISO'], 'CAMERA_3': ['settings', 'effects', 'long_exposure', 'weight', 'color', 'autofocus_points', 'ISO', 'price', 'optical_zoom', 'camera_type']}",C_SILENT_OR_BACKCHANNEL,CAMERA_3,NONE,okay,S_INTRODUCES_FEATURE,CAMERA_3,camera_type,This is a DSLR camera.,10~14
513,21,CAMERA_3,"['CAMERA_2', 'CAMERA_3']","{'CAMERA_1': [], 'CAMERA_2': ['effects', 'price', 'preset_modes', 'resolution', 'weight', 'optical_zoom', 'ISO'], 'CAMERA_3': ['settings', 'effects', 'long_exposure', 'weight', 'color', 'autofocus_points', 'ISO', 'price', 'optical_zoom', 'camera_type', 'sensor_size']}",C_SILENT_OR_BACKCHANNEL,CAMERA_3,NONE,okay,S_INTRODUCES_FEATURE,CAMERA_3,sensor_size,This one has a full frame.,15~25
513,22,NONE,"['CAMERA_2', 'CAMERA_3']","{'CAMERA_1': [], 'CAMERA_2': ['effects', 'price', 'preset_modes', 'resolution', 'weight', 'optical_zoom', 'ISO'], 'CAMERA_3': ['settings', 'effects', 'long_exposure', 'weight', 'color', 'autofocus_points', 'ISO', 'price', 'optical_zoom', 'camera_type', 'sensor_size']}",C_THANK_YOU,CAMERA_3,NONE,thank you for your help,S_THANK_YOU,CAMERA_3,NONE,thank you very much,
513,23,NONE,"['CAMERA_2', 'CAMERA_3']","{'CAMERA_1': [], 'CAMERA_2': ['effects', 'price', 'preset_modes', 'resolution', 'weight', 'optical_zoom', 'ISO'], 'CAMERA_3': ['settings', 'effects', 'long_exposure', 'weight', 'color', 'autofocus_points', 'ISO', 'price', 'optical_zoom', 'camera_type', 'sensor_size']}",C_LEAVES,DOOR,NONE,,S_RETURNS_TO_COUNTER,SERVICE_COUNTER,NONE,,
514,1,NONE,[],"{'CAMERA_1': [], 'CAMERA_2': [], 'CAMERA_3': []}",C_ENTERS,DOOR,NONE,,S_NONE,SERVICE_COUNTER,NONE,,
514,2,NONE,[],"{'CAMERA_1': [], 'CAMERA_2': [], 'CAMERA_3': []}",C_GREETS,MIDDLE,NONE,hello,S_GREETS,MIDDLE,NONE,can I help you?,
514,3,CAMERA_3,['CAMERA_3'],"{'CAMERA_1': [], 'CAMERA_2': [], 'CAMERA_3': []}",C_LOOKING_FOR_A_CAMERA,MIDDLE,NONE,I'm looking for a camera,S_INTRODUCES_CAMERA,CAMERA_3,,Let me show you this. Here we have the Canon EOS 5D Mark III.,39~60
514,4,CAMERA_3,['CAMERA_3'],"{'CAMERA_1': [], 'CAMERA_2': [], 'CAMERA_3': ['ISO']}",C_QUESTION_ABOUT_FEATURE,CAMERA_3,ISO,what is the ISO,S_ANSWERS_QUESTION_ABOUT_FEATURE,CAMERA_3,ISO,This one has up to 6400 ISO with little noise.,13~45
514,5,CAMERA_3,['CAMERA_3'],"{'CAMERA_1': [], 'CAMERA_2': [], 'CAMERA_3': ['ISO', 'price']}",C_QUESTION_ABOUT_FEATURE,CAMERA_3,price,how much does it cost,S_ANSWERS_QUESTION_ABOUT_FEATURE,CAMERA_3,price,This one costs $3706.,15~20
514,6,CAMERA_3,['CAMERA_3'],"{'CAMERA_1': [], 'CAMERA_2': [], 'CAMERA_3': ['ISO', 'price', 'optical_zoom']}",C_QUESTION_ABOUT_FEATURE,CAMERA_3,optical_zoom,does it have optical zoom,S_NOT_SURE,CAMERA_3,,I'm not really sure about that,
514,7,CAMERA_2,"['CAMERA_3', 'CAMERA_2']","{'CAMERA_1': [], 'CAMERA_2': [], 'CAMERA_3': ['ISO', 'price', 'optical_zoom']}",C_ANYTHING_ELSE_AVAILABLE,CAMERA_3,NONE,ok do you have any other cameras,S_INTRODUCES_CAMERA,CAMERA_2,,Let me show you this. Here we have the Sony Alpha a6000.,39~55
514,8,CAMERA_2,"['CAMERA_3', 'CAMERA_2']","{'CAMERA_1': [], 'CAMERA_2': ['weight'], 'CAMERA_3': ['ISO', 'price', 'optical_zoom']}",C_SILENT_OR_BACKCHANNEL,CAMERA_2,NONE,alright,S_INTRODUCES_FEATURE,CAMERA_2,weight,This one weighs 470 grams.,16~25
514,9,NONE,"['CAMERA_3', 'CAMERA_2']","{'CAMERA_1': [], 'CAMERA_2': ['weight'], 'CAMERA_3': ['ISO', 'price', 'optical_zoom']}",C_THANK_YOU,CAMERA_2,NONE,thank you for your help,S_THANK_YOU,CAMERA_2,NONE,thank you very much,
514,10,NONE,"['CAMERA_3', 'CAMERA_2']","{'CAMERA_1': [], 'CAMERA_2': ['weight'], 'CAMERA_3': ['ISO', 'price', 'optical_zoom']}",C_LEAVES,DOOR,NONE,,S_RETURNS_TO_COUNTER,SERVICE_COUNTER,NONE,,
515,1,NONE,[],"{'CAMERA_1': [], 'CAMERA_2': [], 'CAMERA_3': []}",C_ENTERS,DOOR,NONE,,S_NONE,SERVICE_COUNTER,NONE,,
515,2,NONE,[],"{'CAMERA_1': [], 'CAMERA_2': [], 'CAMERA_3': []}",C_GREETS,MIDDLE,NONE,hello,S_GREETS,MIDDLE,NONE,can I help you?,
515,3,CAMERA_3,['CAMERA_3'],"{'CAMERA_1': [], 'CAMERA_2': [], 'CAMERA_3': []}",C_LOOKING_FOR_A_CAMERA,MIDDLE,NONE,I'm looking for a camera,S_INTRODUCES_CAMERA,CAMERA_3,,Let me show you this. Here we have the Canon EOS 5D Mark III.,39~60
515,4,CAMERA_3,['CAMERA_3'],"{'CAMERA_1': [], 'CAMERA_2': [], 'CAMERA_3': ['sensor_size']}",C_QUESTION_ABOUT_FEATURE,CAMERA_3,sensor_size,what is the sensor size,S_ANSWERS_QUESTION_ABOUT_FEATURE,CAMERA_3,sensor_size,This one has a full frame.,15~25
515,5,CAMERA_3,['CAMERA_3'],"{'CAMERA_1': [], 'CAMERA_2': [], 'CAMERA_3': ['sensor_size', 'camera_type']}",C_SILENT_OR_BACKCHANNEL,CAMERA_3,NONE,I see,S_INTRODUCES_FEATURE,CAMERA_3,camera_type,This is a DSLR camera.,10~14
515,6,CAMERA_3,['CAMERA_3'],"{'CAMERA_1': [], 'CAMERA_2': [], 'CAMERA_3': ['sensor_size', 'camera_type', 'settings']}",C_QUESTION_ABOUT_FEATURE,CAMERA_3,settings,what kind of settings does it have,S_ANSWERS_QUESTION_ABOUT_FEATURE,CAMERA_3,settings,This one has full manual control.,13~32
515,7,CAMERA_3,['CAMERA_3'],"{'CAMERA_1': [], 'CAMERA_2': [], 'CAMERA_3': ['sensor_size', 'camera_type', 'settings', 'ISO']}",C_SILENT_OR_BACKCHANNEL,CAMERA_3,NONE,I see,S_INTRODUCES_FEATURE,CAMERA_3,ISO,This one has up to 6400 ISO with little noise.,13~45
515,8,NONE,['CAMERA_3'],"{'CAMERA_1': [], 'CAMERA_2': [], 'CAMERA_3': ['sensor_size', 'camera_type', 'settings', 'ISO']}",C_THANK_YOU,CAMERA_3,NONE,thank you for your help,S_THANK_YOU,CAMERA_3,NONE,thank you very much,
515,9,NONE,['CAMERA_3'],"{'CAMERA_1': [], 'CAMERA_2': [], 'CAMERA_3': ['sensor_size', 'camera_type', 'settings', 'ISO']}",C_LEAVES,DOOR,NONE,,S_RETURNS_TO_COUNTER,SERVICE_COUNTER,NONE,,
516,1,NONE,[],"{'CAMERA_1': [], 'CAMERA_2': [], 'CAMERA_3': []}",C_ENTERS,DOOR,NONE,,S_NONE,SERVICE_COUNTER,NONE,,
516,2,NONE,[],"{'CAMERA_1': [], 'CAMERA_2': [], 'CAMERA_3': []}",C_GREETS,MIDDLE,NONE,hello,S_GREETS,MIDDLE,NONE,can I help you?,
516,3,CAMERA_1,['CAMERA_1'],"{'CAMERA_1': [], 'CAMERA_2': [], 'CAMERA_3': []}",C_LOOKING_FOR_A_CAMERA,MIDDLE,NONE,I'm looking for a camera,S_INTRODUCES_CAMERA,CAMERA_1,,Let me show you this. Here we have the Nikon Coolpix S2800.,39~58
516,4,CAMERA_1,['CAMERA_1'],"{'CAMERA_1': ['price'], 'CAMERA_2': [], 'CAMERA_3': []}",C_QUESTION_ABOUT_FEATURE,CAMERA_1,price,how much does it cost,S_ANSWERS_QUESTION_ABOUT_FEATURE,CAMERA_1,price,This one costs $2173.,15~20
516,5,NONE,['CAMERA_1'],"{'CAMERA_1': ['price'], 'CAMERA_2': [], 'CAMERA_3': []}",C_THANK_YOU,CAMERA_1,NONE,thank you for your help,S_THANK_YOU,CAMERA_1,NONE,thank you very much,
516,6,NONE,['CAMERA_1'],"{'CAMERA_1': ['price'], 'CAMERA_2': [], 'CAMERA_3': []}",C_LEAVES,DOOR,NONE,,S_RETURNS_TO_COUNTER,SERVICE_COUNTER,NONE,,
517,1,NONE,[],"{'CAMERA_1': [], 'CAMERA_2': [], 'CAMERA_3': []}",C_ENTERS,DOOR,NONE,,S_NONE,SERVICE_COUNTER,NONE,,
517,2,NONE,[],"{'CAMERA_1': [], 'CAMERA_2': [], 'CAMERA_3': []}",C_WALKS_TO_CAMERA,CAMERA_3,NONE,,S_GREETS,CAMERA_3,NONE,can I help you?,
517,3,CAMERA_1,['CAMERA_1'],"{'CAMERA_1': [], 'CAMERA_2': [], 'CAMERA_3': []}",C_LOOKING_FOR_A_CAMERA,CAMERA_3,NONE,I'm looking for a camera,S_INTRODUCES_CAMERA,CAMERA_1,,Let me show you this. Here we have the Nikon Coolpix S2800.,39~58
517,4,CAMERA_1,['CAMERA_1'],"{'CAMERA_1': ['resolution'], 'CAMERA_2': [], 'CAMERA_3': []}",C_QUESTION_ABOUT_FEATURE,CAMERA_1,resolution,what is the resolution,S_ANSWERS_QUESTION_ABOUT_FEATURE,CAMERA_1,resolution,This one has 20.1 megapixels resolution.,13~28
517,5,CAMERA_1,['CAMERA_1'],"{'CAMERA_1': ['resolution', 'settings'], 'CAMERA_2': [], 'CAMERA_3': []}",C_QUESTION_ABOUT_FEATURE,CAMERA_1,settings,what kind of settings does it have,S_ANSWERS_QUESTION_ABOUT_FEATURE,CAMERA_1,settings,This one has limited manual settings.,13~36
517,6,CAMERA_1,['CAMERA_1'],"{'CAMERA_1': ['resolution', 'settings', 'effects'], 'CAMERA_2': [], 'CAMERA_3': []}",C_QUESTION_ABOUT_FEATURE,CAMERA_1,effects,does it have any effect modes,S_ANSWERS_QUESTION_ABOUT_FEATURE,CAMERA_1,effects,"This one has 12 glamor retouch effects (e.g. skin softening, small face, big eyes).",13~82
517,7,CAMERA_1,['CAMERA_1'],"{'CAMERA_1': ['resolution', 'settings', 'effects', 'weight'], 'CAMERA_2': [], 'CAMERA_3': []}",C_QUESTION_ABOUT_FEATURE,CAMERA_1,weight,how much does this one weigh,S_ANSWERS_QUESTION_ABOUT_FEATURE,CAMERA_1,weight,This one weighs 120 grams.,16~25
517,8,CAMERA_1,['CAMERA_1'],"{'CAMERA_1': ['resolution', 'settings', 'effects', 'weight', 'optical_zoom'], 'CAMERA_2': [], 'CAMERA_3': []}",C_SILENT_OR_BACKCHANNEL,CAMERA_1,NONE,okay,S_INTRODUCES_FEATURE,CAMERA_1,optical_zoom,This one has 5x optical zoom.,13~28
517,9,CAMERA_1,['CAMERA_1'],"{'CAMERA_1': ['resolution', 'settings', 'effects', 'weight', 'optical_zoom', 'price'], 'CAMERA_2': [], 'CAMERA_3': []}",C_SILENT_OR_BACKCHANNEL,CAMERA_1,NONE,alright,S_INTRODUCES_FEATURE,CAMERA_1,price,This one costs $2173.,15~20
517,10,CAMERA_1,['CAMERA_1'],"{'CAMERA_1': ['resolution', 'settings', 'effects', 'weight', 'optical_zoom', 'price', 'ISO'], 'CAMERA_2': [], 'CAMERA_3': []}",C_QUESTION_ABOUT_FEATURE,CAMERA_1,ISO,what is the ISO,S_NOT_SURE,CAMERA_1,,I'm not really sure about that,
517,11,CAMERA_1,['CAMERA_1'],"{'CAMERA_1': ['resolution', 'settings', 'effects', 'weight', 'optical_zoom', 'price', 'ISO', 'camera_type'], 'CAMERA_2': [], 'CAMERA_3': []}",C_QUESTION_ABOUT_FEATURE,CAMERA_1,camera_type,what kind of camera is this,S_ANSWERS_QUESTION_ABOUT_FEATURE,CAMERA_1,camera_type,This is a point and shoot camera.,10~25
517,12,CAMERA_1,['CAMERA_1'],"{'CAMERA_1': ['resolution', 'settings', 'effects', 'weight', 'optical_zoom', 'price', 'ISO', 'camera_type', 'color'], 'CAMERA_2': [], 'CAMERA_3': []}",C_SILENT_OR_BACKCHANNEL,CAMERA_1,NONE,okay,S_INTRODUCES_FEATURE,CAMERA_1,color,"This one comes in purple, pink, black, silver, red.",18~50
517,13,NONE,['CAMERA_1'],"{'CAMERA_1': ['resolution', 'settings', 'effects', 'weight', 'optical_zoom', 'price', 'ISO', 'camera_type', 'color'], 'CAMERA_2': [], 'CAMERA_3': []}",C_THANK_YOU,CAMERA_1,NONE,thank you for your help,S_THANK_YOU,CAMERA_1,NONE,thank you very much,
517,14,NONE,['CAMERA_1'],"{'CAMERA_1': ['resolution', 'settings', 'effects', 'weight', 'optical_zoom', 'price', 'ISO', 'camera_type', 'color'], 'CAMERA_2': [], 'CAMERA_3': []}",C_LEAVES,DOOR,NONE,,S_RETURNS_TO_COUNTER,SERVICE_COUNTER,NONE,,
518,1,NONE,[],"{'CAMERA_1': [], 'CAMERA_2': [], 'CAMERA_3': []}",C_ENTERS,DOOR,NONE,,S_NONE,SERVICE_COUNTER,NONE,,
518,2,NONE,[],"{'CAMERA_1': [], 'CAMERA_2': [], 'CAMERA_3': []}",C_GREETS,MIDDLE,NONE,hello,S_GREETS,MIDDLE,NONE,can I help you?,
518,3,CAMERA_1,['CAMERA_1'],"{'CAMERA_1': [], 'CAMERA_2': [], 'CAMERA_3': []}",C_LOOKING_FOR_A_CAMERA,MIDDLE,NONE,I'm looking for a camera,S_INTRODUCES_CAMERA,CAMERA_1,,Let me show you this. Here we have the Nikon Coolpix S2800.,39~58
518,4,CAMERA_1,['CAMERA_1'],"{'CAMERA_1': ['settings'], 'CAMERA_2': [], 'CAMERA_3': []}",C_QUESTION_ABOUT_FEATURE,CAMERA_1,settings,what kind of settings does it have,S_ANSWERS_QUESTION_ABOUT_FEATURE,CAMERA_1,settings,This one has limited manual settings.,13~36
518,5,CAMERA_1,['CAMERA_1'],"{'CAMERA_1': ['settings', 'optical_zoom'], 'CAMERA_2': [], 'CAMERA_3': []}",C_QUESTION_ABOUT_FEATURE,CAMERA_1,optical_zoom,does it have optical zoom,S_ANSWERS_QUESTION_ABOUT_FEATURE,CAMERA_1,optical_zoom,This one has 5x optical zoom.,13~28
518,6,NONE,['CAMERA_1'],"{'CAMERA_1': ['settings', 'optical_zoom'], 'CAMERA_2': [], 'CAMERA_3': []}",C_THANK_YOU,CAMERA_1,NONE,thank you for your help,S_THANK_YOU,CAMERA_1,NONE,thank you very much,
518,7,NONE,['CAMERA_1'],"{'CAMERA_1': ['settings', 'optical_zoom'], 'CAMERA_2': [], 'CAMERA_3': []}",C_LEAVES,DOOR,NONE,,S_RETURNS_TO_COUNTER,SERVICE_COUNTER,NONE,,
519,1,NONE,[],"{'CAMERA_1': [], 'CAMERA_2': [], 'CAMERA_3': []}",C_ENTERS,DOOR,NONE,,S_NONE,SERVICE_COUNTER,NONE,,
519,2,NONE,[],"{'CAMERA_1': [], 'CAMERA_2': [], 'CAMERA_3': []}",C_WALKS_TO_CAMERA,CAMERA_3,NONE,,S_GREETS,CAMERA_3,NONE,can I help you?,
519,3,CAMERA_3,['CAMERA_3'],"{'CAMERA_1': [], 'CAMERA_2': [], 'CAMERA_3': []}",C_LOOKING_FOR_A_CAMERA,CAMERA_3,NONE,I'm looking for a camera,S_INTRODUCES_CAMERA,CAMERA_3,,Let me show you this. Here we have the Canon EOS 5D Mark III.,39~60
519,4,CAMERA_3,['CAMERA_3'],"{'CAMERA_1': [], 'CAMERA_2': [], 'CAMERA_3': ['camera_type']}",C_SILENT_OR_BACKCHANNEL,CAMERA_3,NONE,I see,S_INTRODUCES_FEATURE,CAMERA_3,camera_type,This is a DSLR camera.,10~14
519,5,CAMERA_3,['CAMERA_3'],"{'CAMERA_1': [], 'CAMERA_2': [], 'CAMERA_3': ['camera_type', 'settings']}",C_QUESTION_ABOUT_FEATURE,CAMERA_3,settings,what kind of settings does it have,S_ANSWERS_QUESTION_ABOUT_FEATURE,CAMERA_3,settings,This one has full manual control.,13~32
519,6,CAMERA_3,['CAMERA_3'],"{'CAMERA_1': [], 'CAMERA_2': [], 'CAMERA_3': ['camera_type', 'settings', 'color']}",C_QUESTION_ABOUT_FEATURE,CAMERA_3,color,what colors does this one come in,S_ANSWERS_QUESTION_ABOUT_FEATURE,CAMERA_3,color,This one comes in black.,18~23
519,7,CAMERA_3,['CAMERA_3'],"{'CAMERA_1': [], 'CAMERA_2': [], 'CAMERA_3': ['camera_type', 'settings', 'color', 'effects']}",C_QUESTION_ABOUT_FEATURE,CAMERA_3,effects,does it have any effect modes,S_NOT_SURE,CAMERA_3,,I'm not really sure about that,
519,8,CAMERA_3,['CAMERA_3'],"{'CAMERA_1': [], 'CAMERA_2': [], 'CAMERA_3': ['camera_type', 'settings', 'color', 'effects', 'sensor_size']}",C_QUESTION_ABOUT_FEATURE,CAMERA_3,sensor_size,what is the sensor size,S_ANSWERS_QUESTION_ABOUT_FEATURE,CAMERA_3,sensor_size,This one has a full frame.,15~25
519,9,CAMERA_2,"['CAMERA_3', 'CAMERA_2']","{'CAMERA_1': [], 'CAMERA_2': [], 'CAMERA_3': ['camera_type', 'settings', 'color', 'effects', 'sensor_size']}",C_ANYTHING_ELSE_AVAILABLE,CAMERA_3,NONE,ok do you have any other cameras,S_INTRODUCES_CAMERA,CAMERA_2,,Let me show you this. Here we have the Sony Alpha a6000.,39~55
519,10,CAMERA_2,"['CAMERA_3', 'CAMERA_2']","{'CAMERA_1': [], 'CAMERA_2': ['weight'], 'CAMERA_3': ['camera_type', 'settings', 'color', 'effects', 'sensor_size']}",C_QUESTION_ABOUT_FEATURE,CAMERA_2,weight,how much does this one weigh,S_ANSWERS_QUESTION_ABOUT_FEATURE,CAMERA_2,weight,This one weighs 470 grams.,16~25
519,11,CAMERA_2,"['CAMERA_3', 'CAMERA_2']","{'CAMERA_1': [], 'CAMERA_2': ['weight', 'settings'], 'CAMERA_3': ['camera_type', 'settings', 'color', 'effects', 'sensor_size']}",C_SILENT_OR_BACKCHANNEL,CAMERA_2,NONE,okay,S_INTRODUCES_FEATURE,CAMERA_2,settings,This one has full manual control.,13~32
519,12,CAMERA_2,"['CAMERA_3', 'CAMERA_2']","{'CAMERA_1': [], 'CAMERA_2': ['weight', 'settings', 'long_exposure'], 'CAMERA_3': ['camera_type', 'settings', 'color', 'effects', 'sensor_size']}",C_QUESTION_ABOUT_FEATURE,CAMERA_2,long_exposure,can it take long exposure shots,S_ANSWERS_QUESTION_ABOUT_FEATURE,CAMERA_2,long_exposure,This one can take long exposures up to up to 30 seconds.,39~55
519,13,CAMERA_2,"['CAMERA_3', 'CAMERA_2']","{'CAMERA_1': [], 'CAMERA_2': ['weight', 'settings', 'long_exposure', 'sensor_size'], 'CAMERA_3': ['camera_type', 'settings', 'color', 'effects', 'sensor_size']}",C_QUESTION_ABOUT_FEATURE,CAMERA_2,sensor_size,what is the sensor size,S_ANSWERS_QUESTION_ABOUT_FEATURE,CAMERA_2,sensor_size,This one has a APS-C sensor (crop sensor).,15~41
519,14,CAMERA_2,"['CAMERA_3', 'CAMERA_2']","{'CAMERA_1': [], 'CAMERA_2': ['weight', 'settings', 'long_exposure', 'sensor_size', 'resolution'], 'CAMERA_3': ['camera_type', 'settings', 'color', 'effects', 'sensor_size']}",C_QUESTION_ABOUT_FEATURE,CAMERA_2,resolution,what is the resolution,S_NOT_SURE,CAMERA_2,,I'm not really sure about that,
519,15,NONE,"['CAMERA_3', 'CAMERA_2']","{'CAMERA_1': [], 'CAMERA_2': ['weight', 'settings', 'long_exposure', 'sensor_size', 'resolution'], 'CAMERA_3': ['camera_type', 'settings', 'color', 'effects', 'sensor_size']}",C_THANK_YOU,CAMERA_2,NONE,thank you for your help,S_THANK_YOU,CAMERA_2,NONE,thank you very much,
519,16,NONE,"['CAMERA_3', 'CAMERA_2']","{'CAMERA_1': [], 'CAMERA_2': ['weight', 'settings', 'long_exposure', 'sensor_size', 'resolution'], 'CAMERA_3': ['camera_type', 'settings', 'color', 'effects', 'sensor_size']}",C_LEAVES,DOOR,NONE,,S_RETURNS_TO_COUNTER,SERVICE_COUNTER,NONE,,
520,1,NONE,[],"{'CAMERA_1': [], 'CAMERA_2': [], 'CAMERA_3': []}",C_ENTERS,DOOR,NONE,,S_NONE,SERVICE_COUNTER,NONE,,
520,2,NONE,[],"{'CAMERA_1': [], 'CAMERA_2': [], 'CAMERA_3': []}",C_WALKS_TO_CAMERA,CAMERA_3,NONE,,S_GREETS,CAMERA_3,NONE,can I help you?,
520,3,CAMERA_1,['CAMERA_1'],"{'CAMERA_1': [], 'CAMERA_2': [], 'CAMERA_3': []}",C_LOOKING_FOR_A_CAMERA,CAMERA_3,NONE,I'm looking for a camera,S_INTRODUCES_CAMERA,CAMERA_1,,Let me show you this. Here we have the Nikon Coolpix S2800.,39~58
520,4,CAMERA_1,['CAMERA_1'],"{'CAMERA_1': ['optical_zoom'], 'CAMERA_2': [], 'CAMERA_3': []}",C_QUESTION_ABOUT_FEATURE,CAMERA_1,optical_zoom,does it have optical zoom,S_ANSWERS_QUESTION_ABOUT_FEATURE,CAMERA_1,optical_zoom,This one has 5x optical zoom.,13~28
520,5,NONE,['CAMERA_1'],"{'CAMERA_1': ['optical_zoom'], 'CAMERA_2': [], 'CAMERA_3': []}",C_THANK_YOU,CAMERA_1,NONE,thank you for your help,S_THANK_YOU,CAMERA_1,NONE,thank you very much,
520,6,NONE,['CAMERA_1'],"{'CAMERA_1': ['optical_zoom'], 'CAMERA_2': [], 'CAMERA_3': []}",C_LEAVES,DOOR,NONE,,S_RETURNS_TO_COUNTER,SERVICE_COUNTER,NONE,,
521,1,NONE,[],"{'CAMERA_1': [], 'CAMERA_2': [], 'CAMERA_3': []}",C_ENTERS,DOOR,NONE,,S_NONE,SERVICE_COUNTER,NONE,,
521,2,NONE,[],"{'CAMERA_1': [], 'CAMERA_2': [], 'CAMERA_3': []}",C_WALKS_TO_CAMERA,CAMERA_2,NONE,,S_GREETS,CAMERA_2,NONE,can I help you?,
521,3,CAMERA_3,['CAMERA_3'],"{'CAMERA_1': [], 'CAMERA_2': [], 'CAMERA_3': []}",C_LOOKING_FOR_A_CAMERA,CAMERA_2,NONE,I'm looking for a camera,S_INTRODUCES_CAMERA,CAMERA_3,,Let me show you this. Here we have the Canon EOS 5D Mark III.,39~60
521,4,CAMERA_3,['CAMERA_3'],"{'CAMERA_1': [], 'CAMERA_2': [], 'CAMERA_3': ['settings']}",C_QUESTION_ABOUT_FEATURE,CAMERA_3,settings,what kind of settings does it have,S_ANSWERS_QUESTION_ABOUT_FEATURE,CAMERA_3,settings,This one has full manual control.,13~32
521,5,CAMERA_3,['CAMERA_3'],"{'CAMERA_1': [], 'CAMERA_2': [], 'CAMERA_3': ['settings', 'sensor_size']}",C_QUESTION_ABOUT_FEATURE,CAMERA_3,sensor_size,what is the sensor size,S_ANSWERS_QUESTION_ABOUT_FEATURE,CAMERA_3,sensor_size,This one has a full frame.,15~25
521,6,CAMERA_3,['CAMERA_3'],"{'CAMERA_1': [], 'CAMERA_2': [], 'CAMERA_3': ['settings', 'sensor_size', 'autofocus_points']}",C_SILENT_OR_BACKCHANNEL,CAMERA_3,NONE,okay,S_INTRODUCES_FEATURE,CAMERA_3,autofocus_points,This one has 61 autofocus points.,13~32
521,7,CAMERA_3,['CAMERA_3'],"{'CAMERA_1': [], 'CAMERA_2': [], 'CAMERA_3': ['settings', 'sensor_size', 'autofocus_points', 'color']}",C_QUESTION_ABOUT_FEATURE,CAMERA_3,color,what colors does this one come in,S_ANSWERS_QUESTION_ABOUT_FEATURE,CAMERA_3,color,This one comes in black.,18~23
521,8,CAMERA_3,['CAMERA_3'],"{'CAMERA_1': [], 'CAMERA_2': [], 'CAMERA_3': ['settings', 'sensor_size', 'autofocus_points', 'color', 'resolution']}",C_QUESTION_ABOUT_FEATURE,CAMERA_3,resolution,what is the resolution,S_NOT_SURE,CAMERA_3,,I'm not really sure about that,
521,9,CAMERA_3,['CAMERA_3'],"{'CAMERA_1': [], 'CAMERA_2': [], 'CAMERA_3': ['settings', 'sensor_size', 'autofocus_points', 'color', 'resolution', 'long_exposure']}",C_QUESTION_ABOUT_FEATURE,CAMERA_3,long_exposure,can it take long exposure shots,S_ANSWERS_QUESTION_ABOUT_FEATURE,CAMERA_3,long_exposure,"This one can take long exposures up to up to 30 seconds, bulb mode: expose as long as you want.",39~94
521,10,CAMERA_3,['CAMERA_3'],"{'CAMERA_1': [], 'CAMERA_2': [], 'CAMERA_3': ['settings', 'sensor_size', 'autofocus_points', 'color', 'resolution', 'long_exposure', 'price']}",C_QUESTION_ABOUT_FEATURE,CAMERA_3,price,how much does it cost,S_ANSWERS_QUESTION_ABOUT_FEATURE,CAMERA_3,price,This one costs $3706.,15~20
521,11,CAMERA_3,['CAMERA_3'],"{'CAMERA_1': [], 'CAMERA_2': [], 'CAMERA_3': ['settings', 'sensor_size', 'autofocus_points', 'color', 'resolution', 'long_exposure', 'price', 'camera_type']}",C_SILENT_OR_BACKCHANNEL,CAMERA_3,NONE,okay,S_INTRODUCES_FEATURE,CAMERA_3,camera_type,This is a DSLR camera.,10~14
521,12,CAMERA_3,['CAMERA_3'],"{'CAMERA_1': [], 'CAMERA_2': [], 'CAMERA_3': ['settings', 'sensor_size', 'autofocus_points', 'color', 'resolution', 'long_exposure', 'price', 'camera_type', 'effects']}",C_QUESTION_ABOUT_FEATURE,CAMERA_3,effects,does it have any effect modes,S_NOT_SURE,CAMERA_3,,I'm not really sure about that,
521,13,CAMERA_3,['CAMERA_3'],"{'CAMERA_1': [], 'CAMERA_2': [], 'CAMERA_3': ['settings', 'sensor_size', 'autofocus_points', 'color', 'resolution', 'long_exposure', 'price', 'camera_type', 'effects', 'weight']}",C_QUESTION_ABOUT_FEATURE,CAMERA_3,weight,how much does this one weigh,S_ANSWERS_QUESTION_ABOUT_FEATURE,CAMERA_3,weight,This one weighs 950 grams (only body).,16~37
521,14,CAMERA_3,['CAMERA_3'],"{'CAMERA_1': [], 'CAMERA_2': [], 'CAMERA_3': ['settings', 'sensor_size', 'autofocus_points', 'color', 'resolution', 'long_exposure', 'price', 'camera_type', 'effects', 'weight', 'optical_zoom']}",C_QUESTION_ABOUT_FEATURE,CAMERA_3,optical_zoom,does it have optical zoom,S_NOT_SURE,CAMERA_3,,I'm not really sure about that,
521,15,CAMERA_3,['CAMERA_3'],"{'CAMERA_1': [], 'CAMERA_2': [], 'CAMERA_3': ['settings', 'sensor_size', 'autofocus_points', 'color', 'resolution', 'long_exposure', 'price', 'camera_type', 'effects', 'weight', 'optical_zoom', 'preset_modes']}",C_QUESTION_ABOUT_FEATURE,CAMERA_3,preset_modes,does it have preset modes,S_NOT_SURE,CAMERA_3,,I'm not really sure about that,
521,16,CAMERA_3,['CAMERA_3'],"{'CAMERA_1': [], 'CAMERA_2': [], 'CAMERA_3': ['settings', 'sensor_size', 'autofocus_points', 'color', 'resolution', 'long_exposure', 'price', 'camera_type', 'effects', 'weight', 'optical_zoom', 'preset_modes', 'ISO']}",C_QUESTION_ABOUT_FEATURE,CAMERA_3,ISO,what is the ISO,S_ANSWERS_QUESTION_ABOUT_FEATURE,CAMERA_3,ISO,This one has up to 6400 ISO with little noise.,13~45
521,17,CAMERA_3,['CAMERA_3'],"{'CAMERA_1': [], 'CAMERA_2': [], 'CAMERA_3': ['settings', 'sensor_size', 'autofocus_points', 'color', 'resolution', 'long_exposure', 'price', 'camera_type', 'effects', 'weight', 'optical_zoom', 'preset_modes', 'ISO', 'resolution']}",C_QUESTION_ABOUT_FEATURE,CAMERA_3,resolution,what is the resolution,S_NOT_SURE,CAMERA_3,,I'm not really sure about that,
521,18,CAMERA_3,['CAMERA_3'],"{'CAMERA_1': [], 'CAMERA_2': [], 'CAMERA_3': ['settings', 'sensor_size', 'autofocus_points', 'color', 'resolution', 'long_exposure', 'price', 'camera_type', 'effects', 'weight', 'optical_zoom', 'preset_modes', 'ISO', 'resolution', 'settings']}",C_SILENT_OR_BACKCHANNEL,CAMERA_3,NONE,I see,S_INTRODUCES_FEATURE,CAMERA_3,settings,This one has full manual control.,13~32
521,19,CAMERA_3,['CAMERA_3'],"{'CAMERA_1': [], 'CAMERA_2': [], 'CAMERA_3': ['settings', 'sensor_size', 'autofocus_points', 'color', 'resolution', 'long_exposure', 'price', 'camera_type', 'effects', 'weight', 'optical_zoom', 'preset_modes', 'ISO', 'resolution', 'settings', 'color']}",C_SILENT_OR_BACKCHANNEL,CAMERA_3,NONE,I see,S_INTRODUCES_FEATURE,CAMERA_3,color,This one comes in black.,18~23
521,20,CAMERA_3,['CAMERA_3'],"{'CAMERA_1': [], 'CAMERA_2': [], 'CAMERA_3': ['settings', 'sensor_size', 'autofocus_points', 'color', 'resolution', 'long_exposure', 'price', 'camera_type', 'effects', 'weight', 'optical_zoom', 'preset_modes', 'ISO', 'resolution', 'settings', 'color', 'camera_type']}",C_QUESTION_ABOUT_FEATURE,CAMERA_3,camera_type,what kind of camera is this,S_ANSWERS_QUESTION_ABOUT_FEATURE,CAMERA_3,camera_type,This is a DSLR camera.,10~14
521,21,CAMERA_3,['CAMERA_3'],"{'CAMERA_1': [], 'CAMERA_2': [], 'CAMERA_3': ['settings', 'sensor_size', 'autofocus_points', 'color', 'resolution', 'long_exposure', 'price', 'camera_type', 'effects', 'weight', 'optical_zoom', 'preset_modes', 'ISO', 'resolution', 'settings', 'color', 'camera_type', 'autofocus_points']}",C_QUESTION_ABOUT_FEATURE,CAMERA_3,autofocus_points,how many autofocus points does it have,S_ANSWERS_QUESTION_ABOUT_FEATURE,CAMERA_3,autofocus_points,This one has 61 autofocus points.,13~32
521,22,CAMERA_2,"['CAMERA_3', 'CAMERA_2']","{'CAMERA_1': [], 'CAMERA_2': [], 'CAMERA_3': ['settings', 'sensor_size', 'autofocus_points', 'color', 'resolution', 'long_exposure', 'price', 'camera_type', 'effects', 'weight', 'optical_zoom', 'preset_modes', 'ISO', 'resolution', 'settings', 'color', 'camera_type', 'autofocus_points']}",C_ANYTHING_ELSE_AVAILABLE,CAMERA_3,NONE,ok do you have any other cameras,S_INTRODUCES_CAMERA,CAMERA_2,,Let me show you this. Here we have the Sony Alpha a6000.,39~55
521,23,CAMERA_2,"['CAMERA_3', 'CAMERA_2']","{'CAMERA_1': [], 'CAMERA_2': ['camera_type'], 'CAMERA_3': ['settings', 'sensor_size', 'autofocus_points', 'color', 'resolution', 'long_exposure', 'price', 'camera_type', 'effects', 'weight', 'optical_zoom', 'preset_modes', 'ISO', 'resolution', 'settings', 'color', 'camera_type', 'autofocus_points']}",C_QUESTION_ABOUT_FEATURE,CAMERA_2,camera_type,what kind of camera is this,S_ANSWERS_QUESTION_ABOUT_FEATURE,CAMERA_2,camera_type,This is a mirrorless camera.,10~20
521,24,CAMERA_1,"['CAMERA_3', 'CAMERA_2', 'CAMERA_1']","{'CAMERA_1': [], 'CAMERA_2': ['camera_type'], 'CAMERA_3': ['settings', 'sensor_size', 'autofocus_points', 'color', 'resolution', 'long_exposure', 'price', 'camera_type', 'effects', 'weight', 'optical_zoom', 'preset_modes', 'ISO', 'resolution', 'settings', 'color', 'camera_type', 'autofocus_points']}",C_ANYTHING_ELSE_AVAILABLE,CAMERA_2,NONE,ok do you have any other cameras,S_INTRODUCES_CAMERA,CAMERA_1,,Let me show you this. Here we have the Nikon Coolpix S2800.,39~58
521,25,CAMERA_1,"['CAMERA_3', 'CAMERA_2', 'CAMERA_1']","{'CAMERA_1': ['autofocus_points'], 'CAMERA_2': ['camera_type'], 'CAMERA_3': ['settings', 'sensor_size', 'autofocus_points', 'color', 'resolution', 'long_exposure', 'price', 'camera_type', 'effects', 'weight', 'optical_zoom', 'preset_modes', 'ISO', 'resolution', 'settings', 'color', 'camera_type', 'autofocus_points']}",C_QUESTION_ABOUT_FEATURE,CAMERA_1,autofocus_points,how many autofocus points does it have,S_NOT_SURE,CAMERA_1,,I'm not really sure about that,
521,26,CAMERA_1,"['CAMERA_3', 'CAMERA_2', 'CAMERA_1']","{'CAMERA_1': ['autofocus_points', 'weight'], 'CAMERA_2': ['camera_type'], 'CAMERA_3': ['settings', 'sensor_size', 'autofocus_points', 'color', 'resolution', 'long_exposure', 'price', 'camera_type', 'effects', 'weight', 'optical_zoom', 'preset_modes', 'ISO', 'resolution', 'settings', 'color', 'camera_type', 'autofocus_points']}",C_QUESTION_ABOUT_FEATURE,CAMERA_1,weight,how much does this one weigh,S_ANSWERS_QUESTION_ABOUT_FEATURE,CAMERA_1,weight,This one weighs 120 grams.,16~25
521,27,NONE,"['CAMERA_3', 'CAMERA_2', 'CAMERA_1']","{'CAMERA_1': ['autofocus_points', 'weight'], 'CAMERA_2': ['camera_type'], 'CAMERA_3': ['settings', 'sensor_size', 'autofocus_points', 'color', 'resolution', 'long_exposure', 'price', 'camera_type', 'effects', 'weight', 'optical_zoom', 'preset_modes', 'ISO', 'resolution', 'settings', 'color', 'camera_type', 'autofocus_points']}",C_THANK_YOU,CAMERA_1,NONE,thank you for your help,S_THANK_YOU,CAMERA_1,NONE,thank you very much,
521,28,NONE,"['CAMERA_3', 'CAMERA_2', 'CAMERA_1']","{'CAMERA_1': ['autofocus_points', 'weight'], 'CAMERA_2': ['camera_type'], 'CAMERA_3': ['settings', 'sensor_size', 'autofocus_points', 'color', 'resolution', 'long_exposure', 'price', 'camera_type', 'effects', 'weight', 'optical_zoom', 'preset_modes', 'ISO', 'resolution', 'settings', 'color', 'camera_type', 'autofocus_points']}",C_LEAVES,DOOR,NONE,,S_RETURNS_TO_COUNTER,SERVICE_COUNTER,NONE,,
522,1,NONE,[],"{'CAMERA_1': [], 'CAMERA_2': [], 'CAMERA_3': []}",C_ENTERS,DOOR,NONE,,S_NONE,SERVICE_COUNTER,NONE,,
522,2,NONE,[],"{'CAMERA_1': [], 'CAMERA_2': [], 'CAMERA_3': []}",C_GREETS,MIDDLE,NONE,hello,S_GREETS,MIDDLE,NONE,can I help you?,
522,3,CAMERA_3,['CAMERA_3'],"{'CAMERA_1': [], 'CAMERA_2': [], 'CAMERA_3': []}",C_LOOKING_FOR_A_CAMERA,MIDDLE,NONE,I'm looking for a camera,S_INTRODUCES_CAMERA,CAMERA_3,,Let me show you this. Here we have the Canon EOS 5D Mark III.,39~60
522,4,CAMERA_3,['CAMERA_3'],"{'CAMERA_1': [], 'CAMERA_2': [], 'CAMERA_3': ['settings']}",C_SILENT_OR_BACKCHANNEL,CAMERA_3,NONE,I see,S_INTRODUCES_FEATURE,CAMERA_3,settings,This one has full manual control.,13~32
522,5,CAMERA_3,['CAMERA_3'],"{'CAMERA_1': [], 'CAMERA_2': [], 'CAMERA_3': ['settings', 'price']}",C_QUESTION_ABOUT_FEATURE,CAMERA_3,price,how much does it cost,S_ANSWERS_QUESTION_ABOUT_FEATURE,CAMERA_3,price,This one costs $3706.,15~20
522,6,NONE,['CAMERA_3'],"{'CAMERA_1': [], 'CAMERA_2': [], 'CAMERA_3': ['settings', 'price']}",C_THANK_YOU,CAMERA_3,NONE,thank you for your help,S_THANK_YOU,CAMERA_3,NONE,thank you very much,
522,7,NONE,['CAMERA_3'],"{'CAMERA_1': [], 'CAMERA_2': [], 'CAMERA_3': ['settings', 'price']}",C_LEAVES,DOOR,NONE,,S_RETURNS_TO_COUNTER,SERVICE_COUNTER,NONE,,
523,1,NONE,[],"{'CAMERA_1': [], 'CAMERA_2': [], 'CAMERA_3': []}",C_ENTERS,DOOR,NONE,,S_NONE,SERVICE_COUNTER,NONE,,
523,2,NONE,[],"{'CAMERA_1': [], 'CAMERA_2': [], 'CAMERA_3': []}",C_GREETS,MIDDLE,NONE,hello,S_GREETS,MIDDLE,NONE,can I help you?,
523,3,CAMERA_3,['CAMERA_3'],"{'CAMERA_1': [], 'CAMERA_2': [], 'CAMERA_3': []}",C_LOOKING_FOR_A_CAMERA,MIDDLE,NONE,I'm looking for a camera,S_INTRODUCES_CAMERA,CAMERA_3,,Let me show you this. Here we have the Canon EOS 5D Mark III.,39~60
523,4,CAMERA_3,['CAMERA_3'],"{'CAMERA_1': [], 'CAMERA_2': [], 'CAMERA_3': ['autofocus_points']}",C_SILENT_OR_BACKCHANNEL,CAMERA_3,NONE,alright,S_INTRODUCES_FEATURE,CAMERA_3,autofocus_points,This one has 61 autofocus points.,13~32
523,5,NONE,['CAMERA_3'],"{'CAMERA_1': [], 'CAMERA_2': [], 'CAMERA_3': ['autofocus_points']}",C_THANK_YOU,CAMERA_3,NONE,thank you for your help,S_THANK_YOU,CAMERA_3,NONE,thank you very much,
523,6,NONE,['CAMERA_3'],"{'CAMERA_1': [], 'CAMERA_2': [], 'CAMERA_3': ['autofocus_points']}",C_LEAVES,DOOR,NONE,,S_RETURNS_TO_COUNTER,SERVICE_COUNTER,NONE,,
524,1,NONE,[],"{'CAMERA_1': [], 'CAMERA_2': [], 'CAMERA_3': []}",C_ENTERS,DOOR,NONE,,S_NONE,SERVICE_COUNTER,NONE,,
524,2,NONE,[],"{'CAMERA_1': [], 'CAMERA_2': [], 'CAMERA_3': []}",C_GREETS,MIDDLE,NONE,hello,S_GREETS,MIDDLE,NONE,can I help you?,
524,3,CAMERA_1,['CAMERA_1'],"{'CAMERA_1': [], 'CAMERA_2': [], 'CAMERA_3': []}",C_LOOKING_FOR_A_CAMERA,MIDDLE,NONE,I'm looking for a camera,S_INTRODUCES_CAMERA,CAMERA_1,,Let me show you this. Here we have the Nikon Coolpix S2800.,39~58
524,4,CAMERA_1,['CAMERA_1'],"{'CAMERA_1': ['resolution'], 'CAMERA_2': [], 'CAMERA_3': []}",C_SILENT_OR_BACKCHANNEL,CAMERA_1,NONE,I see,S_INTRODUCES_FEATURE,CAMERA_1,resolution,This one has 20.1 megapixels resolution.,13~28
524,5,CAMERA_1,['CAMERA_1'],"{'CAMERA_1': ['resolution', 'weight'], 'CAMERA_2': [], 'CAMERA_3': []}",C_SILENT_OR_BACKCHANNEL,CAMERA_1,NONE,alright,S_INTRODUCES_FEATURE,CAMERA_1,weight,This one weighs 120 grams.,16~25
524,6,CAMERA_1,['CAMERA_1'],"{'CAMERA_1': ['resolution', 'weight', 'preset_modes'], 'CAMERA_2': [], 'CAMERA_3': []}",C_SILENT_OR_BACKCHANNEL,CAMERA_1,NONE,I see,S_INTRODUCES_FEATURE,CAMERA_1,preset_modes,"This one has 18 preset modes (e.g. beach, snow, night portrait).",13~63
524,7,CAMERA_1,['CAMERA_1'],"{'CAMERA_1': ['resolution', 'weight', 'preset_modes', 'camera_type'], 'CAMERA_2': [], 'CAMERA_3': []}",C_SILENT_OR_BACKCHANNEL,CAMERA_1,NONE,I see,S_INTRODUCES_FEATURE,CAMERA_1,camera_type,This is a point and shoot camera.,10~25
524,8,CAMERA_1,['CAMERA_1'],"{'CAMERA_1': ['resolution', 'weight', 'preset_modes', 'camera_type', 'effects'], 'CAMERA_2': [], 'CAMERA_3': []}",C_QUESTION_ABOUT_FEATURE,CAMERA_1,effects,does it have any effect modes,S_ANSWERS_QUESTION_ABOUT_FEATURE,CAMERA_1,effects,"This one has 12 glamor retouch effects (e.g. skin softening, small face, big eyes).",13~82
524,9,CAMERA_1,['CAMERA_1'],"{'CAMERA_1': ['resolution', 'weight', 'preset_modes', 'camera_type', 'effects', 'settings'], 'CAMERA_2': [], 'CAMERA_3': []}",C_QUESTION_ABOUT_FEATURE,CAMERA_1,settings,what kind of settings does it have,S_ANSWERS_QUESTION_ABOUT_FEATURE,CAMERA_1,settings,This one has limited manual settings.,13~36
524,10,CAMERA_1,['CAMERA_1'],"{'CAMERA_1': ['resolution', 'weight', 'preset_modes', 'camera_type', 'effects', 'settings', 'sensor_size'], 'CAMERA_2': [], 'CAMERA_3': []}",C_QUESTION_ABOUT_FEATURE,CAMERA_1,sensor_size,what is the sensor size,S_NOT_SURE,CAMERA_1,,I'm not really sure about that,
524,11,CAMERA_1,['CAMERA_1'],"{'CAMERA_1': ['resolution', 'weight', 'preset_modes', 'camera_type', 'effects', 'settings', 'sensor_size', 'price'], 'CAMERA_2': [], 'CAMERA_3': []}",C_QUESTION_ABOUT_FEATURE,CAMERA_1,price,how much does it cost,S_ANSWERS_QUESTION_ABOUT_FEATURE,CAMERA_1,price,This one costs $2173.,15~20
524,12,CAMERA_1,['CAMERA_1'],"{'CAMERA_1': ['resolution', 'weight', 'preset_modes', 'camera_type', 'effects', 'settings', 'sensor_size', 'price', 'long_exposure'], 'CAMERA_2': [], 'CAMERA_3': []}",C_QUESTION_ABOUT_FEATURE,CAMERA_1,long_exposure,can it take long exposure shots,S_NOT_SURE,CAMERA_1,,I'm not really sure about that,
524,13,CAMERA_1,['CAMERA_1'],"{'CAMERA_1': ['resolution', 'weight', 'preset_modes', 'camera_type', 'effects', 'settings', 'sensor_size', 'price', 'long_exposure', 'autofocus_points'], 'CAMERA_2': [], 'CAMERA_3': []}",C_QUESTION_ABOUT_FEATURE,CAMERA_1,autofocus_points,how many autofocus points does it have,S_NOT_SURE,CAMERA_1,,I'm not really sure about that,
524,14,CAMERA_1,['CAMERA_1'],"{'CAMERA_1': ['resolution', 'weight', 'preset_modes', 'camera_type', 'effects', 'settings', 'sensor_size', 'price', 'long_exposure', 'autofocus_points', 'ISO'], 'CAMERA_2': [], 'CAMERA_3': []}",C_QUESTION_ABOUT_FEATURE,CAMERA_1,ISO,what is the ISO,S_NOT_SURE,CAMERA_1,,I'm not really sure about that,
524,15,CAMERA_1,['CAMERA_1'],"{'CAMERA_1': ['resolution', 'weight', 'preset_modes', 'camera_type', 'effects', 'settings', 'sensor_size', 'price', 'long_exposure', 'autofocus_points', 'ISO', 'color'], 'CAMERA_2': [], 'CAMERA_3': []}",C_QUESTION_ABOUT_FEATURE,CAMERA_1,color,what colors does this one come in,S_ANSWERS_QUESTION_ABOUT_FEATURE,CAMERA_1,color,"This one comes in purple, pink, black, silver, red.",18~50
524,16,CAMERA_1,['CAMERA_1'],"{'CAMERA_1': ['resolution', 'weight', 'preset_modes', 'camera_type', 'effects', 'settings', 'sensor_size', 'price', 'long_exposure', 'autofocus_points', 'ISO', 'color', 'optical_zoom'], 'CAMERA_2': [], 'CAMERA_3': []}",C_QUESTION_ABOUT_FEATURE,CAMERA_1,optical_zoom,does it have optical zoom,S_ANSWERS_QUESTION_ABOUT_FEATURE,CAMERA_1,optical_zoom,This one has 5x optical zoom.,13~28
524,17,CAMERA_1,['CAMERA_1'],"{'CAMERA_1': ['resolution', 'weight', 'preset_modes', 'camera_type', 'effects', 'settings', 'sensor_size', 'price', 'long_exposure', 'autofocus_points', 'ISO', 'color', 'optical_zoom', 'optical_zoom'], 'CAMERA_2': [], 'CAMERA_3': []}",C_SILENT_OR_BACKCHANNEL,CAMERA_1,NONE,I see,S_INTRODUCES_FEATURE,CAMERA_1,optical_zoom,This one has 5x optical zoom.,13~28
524,18,CAMERA_1,['CAMERA_1'],"{'CAMERA_1': ['resolution', 'weight', 'preset_modes', 'camera_type', 'effects', 'settings', 'sensor_size', 'price', 'long_exposure', 'autofocus_points', 'ISO', 'color', 'optical_zoom', 'optical_zoom', 'sensor_size'], 'CAMERA_2': [], 'CAMERA_3': []}",C_QUESTION_ABOUT_FEATURE,CAMERA_1,sensor_size,what is the sensor size,S_NOT_SURE,CAMERA_1,,I'm not really sure about that,
524,19,NONE,['CAMERA_1'],"{'CAMERA_1': ['resolution', 'weight', 'preset_modes', 'camera_type', 'effects', 'settings', 'sensor_size', 'price', 'long_exposure', 'autofocus_points', 'ISO', 'color', 'optical_zoom', 'optical_zoom', 'sensor_size'], 'CAMERA_2': [], 'CAMERA_3': []}",C_THANK_YOU,CAMERA_1,NONE,thank you for your help,S_THANK_YOU,CAMERA_1,NONE,thank you very much,
524,20,NONE,['CAMERA_1'],"{'CAMERA_1': ['resolution', 'weight', 'preset_modes', 'camera_type', 'effects', 'settings', 'sensor_size', 'price', 'long_exposure', 'autofocus_points', 'ISO', 'color', 'optical_zoom', 'optical_zoom', 'sensor_size'], 'CAMERA_2': [], 'CAMERA_3': []}",C_LEAVES,DOOR,NONE,,S_RETURNS_TO_COUNTER,SERVICE_COUNTER,NONE,,
525,1,NONE,[],"{'CAMERA_1': [], 'CAMERA_2': [], 'CAMERA_3': []}",C_ENTERS,DOOR,NONE,,S_NONE,SERVICE_COUNTER,NONE,,
525,2,NONE,[],"{'CAMERA_1': [], 'CAMERA_2': [], 'CAMERA_3': []}",C_GREETS,MIDDLE,NONE,hello,S_GREETS,MIDDLE,NONE,can I help you?,
525,3,CAMERA_3,['CAMERA_3'],"{'CAMERA_1': [], 'CAMERA_2': [], 'CAMERA_3': []}",C_LOOKING_FOR_A_CAMERA,MIDDLE,NONE,I'm looking for a camera,S_INTRODUCES_CAMERA,CAMERA_3,,Let me show you this. Here we have the Canon EOS 5D Mark III.,39~60
525,4,CAMERA_3,['CAMERA_3'],"{'CAMERA_1': [], 'CAMERA_2': [], 'CAMERA_3': ['settings']}",C_QUESTION_ABOUT_FEATURE,CAMERA_3,settings,what kind of settings does it have,S_ANSWERS_QUESTION_ABOUT_FEATURE,CAMERA_3,settings,This one has full manual control.,13~32
525,5,CAMERA_3,['CAMERA_3'],"{'CAMERA_1': [], 'CAMERA_2': [], 'CAMERA_3': ['settings', 'preset_modes']}",C_QUESTION_ABOUT_FEATURE,CAMERA_3,preset_modes,does it have preset modes,S_NOT_SURE,CAMERA_3,,I'm not really sure about that,
525,6,CAMERA_1,"['CAMERA_3', 'CAMERA_1']","{'CAMERA_1': [], 'CAMERA_2': [], 'CAMERA_3': ['settings', 'preset_modes']}",C_ANYTHING_ELSE_AVAILABLE,CAMERA_3,NONE,ok do you have any other cameras,S_INTRODUCES_CAMERA,CAMERA_1,,Let me show you this. Here we have the Nikon Coolpix S2800.,39~58
525,7,CAMERA_1,"['CAMERA_3', 'CAMERA_1']","{'CAMERA_1': ['resolution'], 'CAMERA_2': [], 'CAMERA_3': ['settings', 'preset_modes']}",C_SILENT_OR_BACKCHANNEL,CAMERA_1,NONE,okay,S_INTRODUCES_FEATURE,CAMERA_1,resolution,This one has 20.1 megapixels resolution.,13~28
525,8,CAMERA_1,"['CAMERA_3', 'CAMERA_1']","{'CAMERA_1': ['resolution', 'camera_type'], 'CAMERA_2': [], 'CAMERA_3': ['settings', 'preset_modes']}",C_QUESTION_ABOUT_FEATURE,CAMERA_1,camera_type,what kind of camera is this,S_ANSWERS_QUESTION_ABOUT_FEATURE,CAMERA_1,camera_type,This is a point and shoot camera.,10~25
525,9,CAMERA_1,"['CAMERA_3', 'CAMERA_1']","{'CAMERA_1': ['resolution', 'camera_type', 'price'], 'CAMERA_2': [], 'CAMERA_3': ['settings', 'preset_modes']}",C_QUESTION_ABOUT_FEATURE,CAMERA_1,price,how much does it cost,S_ANSWERS_QUESTION_ABOUT_FEATURE,CAMERA_1,price,This one costs $2173.,15~20
525,10,NONE,"['CAMERA_3', 'CAMERA_1']","{'CAMERA_1': ['resolution', 'camera_type', 'price'], 'CAMERA_2': [], 'CAMERA_3': ['settings', 'preset_modes']}",C_THANK_YOU,CAMERA_1,NONE,thank you for your help,S_THANK_YOU,CAMERA_1,NONE,thank you very much,
525,11,NONE,"['CAMERA_3', 'CAMERA_1']","{'CAMERA_1': ['resolution', 'camera_type', 'price'], 'CAMERA_2': [], 'CAMERA_3': ['settings', 'preset_modes']}",C_LEAVES,DOOR,NONE,,S_RETURNS_TO_COUNTER,SERVICE_COUNTER,NONE,,
526,1,NONE,[],"{'CAMERA_1': [], 'CAMERA_2': [], 'CAMERA_3': []}",C_ENTERS,DOOR,NONE,,S_NONE,SERVICE_COUNTER,NONE,,
526,2,NONE,[],"{'CAMERA_1': [], 'CAMERA_2': [], 'CAMERA_3': []}",C_GREETS,MIDDLE,NONE,hello,S_GREETS,MIDDLE,NONE,can I help you?,
526,3,CAMERA_2,['CAMERA_2'],"{'CAMERA_1': [], 'CAMERA_2': [], 'CAMERA_3': []}",C_LOOKING_FOR_A_CAMERA,MIDDLE,NONE,I'm looking for a camera,S_INTRODUCES_CAMERA,CAMERA_2,,Let me show you this. Here we have the Sony Alpha a6000.,39~55
526,4,CAMERA_2,['CAMERA_2'],"{'CAMERA_1': [], 'CAMERA_2': ['price'], 'CAMERA_3': []}",C_QUESTION_ABOUT_FEATURE,CAMERA_2,price,how much does it cost,S_ANSWERS_QUESTION_ABOUT_FEATURE,CAMERA_2,price,This one costs $1341.,15~20
526,5,CAMERA_2,['CAMERA_2'],"{'CAMERA_1': [], 'CAMERA_2': ['price', 'autofocus_points'], 'CAMERA_3': []}",C_QUESTION_ABOUT_FEATURE,CAMERA_2,autofocus_points,how many autofocus points does it have,S_ANSWERS_QUESTION_ABOUT_FEATURE,CAMERA_2,autofocus_points,This one has 179 autofocus points.,13~33
526,6,CAMERA_2,['CAMERA_2'],"{'CAMERA_1': [], 'CAMERA_2': ['price', 'autofocus_points', 'color'], 'CAMERA_3': []}",C_SILENT_OR_BACKCHANNEL,CAMERA_2,NONE,okay,S_INTRODUCES_FEATURE,CAMERA_2,color,"This one comes in white, silver, black.",18~38
526,7,CAMERA_2,['CAMERA_2'],"{'CAMERA_1': [], 'CAMERA_2': ['price', 'autofocus_points', 'color', 'weight'], 'CAMERA_3': []}",C_SILENT_OR_BACKCHANNEL,CAMERA_2,NONE,I see,S_INTRODUCES_FEATURE,CAMERA_2,weight,This one weighs 470 grams.,16~25
526,8,CAMERA_2,['CAMERA_2'],"{'CAMERA_1': [], 'CAMERA_2': ['price', 'autofocus_points', 'color', 'weight', 'ISO'], 'CAMERA_3': []}",C_SILENT_OR_BACKCHANNEL,CAMERA_2,NONE,I see,S_INTRODUCES_FEATURE,CAMERA_2,ISO,This one has up to 3200 ISO with little noise.,13~45
526,9,CAMERA_2,['CAMERA_2'],"{'CAMERA_1': [], 'CAMERA_2': ['price', 'autofocus_points', 'color', 'weight', 'ISO', 'preset_modes'], 'CAMERA_3': []}",C_QUESTION_ABOUT_FEATURE,CAMERA_2,preset_modes,does it have preset modes,S_ANSWERS_QUESTION_ABOUT_FEATURE,CAMERA_2,preset_modes,"This one has 9 preset modes (e.g. beach, snow, night, portrait).",13~63
526,10,CAMERA_2,['CAMERA_2'],"{'CAMERA_1': [], 'CAMERA_2': ['price', 'autofocus_points', 'color', 'weight', 'ISO', 'preset_modes', 'settings'], 'CAMERA_3': []}",C_SILENT_OR_BACKCHANNEL,CAMERA_2,NONE,okay,S_INTRODUCES_FEATURE,CAMERA_2,settings,This one has full manual control.,13~32
526,11,CAMERA_2,['CAMERA_2'],"{'CAMERA_1': [], 'CAMERA_2': ['price', 'autofocus_points', 'color', 'weight', 'ISO', 'preset_modes', 'settings', 'sensor_size'], 'CAMERA_3': []}",C_SILENT_OR_BACKCHANNEL,CAMERA_2,NONE,alright,S_INTRODUCES_FEATURE,CAMERA_2,sensor_size,This one has a APS-C sensor (crop sensor).,15~41
526,12,CAMERA_2,['CAMERA_2'],"{'CAMERA_1': [], 'CAMERA_2': ['price', 'autofocus_points', 'color', 'weight', 'ISO', 'preset_modes', 'settings', 'sensor_size', 'long_exposure'], 'CAMERA_3': []}",C_QUESTION_ABOUT_FEATURE,CAMERA_2,long_exposure,can it take long exposure shots,S_ANSWERS_QUESTION_ABOUT_FEATURE,CAMERA_2,long_exposure,This one can take long exposures up to up to 30 seconds.,39~55
526,13,CAMERA_2,['CAMERA_2'],"{'CAMERA_1': [], 'CAMERA_2': ['price', 'autofocus_points', 'color', 'weight', 'ISO', 'preset_modes', 'settings', 'sensor_size', 'long_exposure', 'effects'], 'CAMERA_3': []}",C_SILENT_OR_BACKCHANNEL,CAMERA_2,NONE,okay,S_INTRODUCES_FEATURE,CAMERA_2,effects,"This one has 13 artistic effect modes (e.g. toy camera, soft focus).",13~67
526,14,CAMERA_3,"['CAMERA_2', 'CAMERA_3']","{'CAMERA_1': [], 'CAMERA_2': ['price', 'autofocus_points', 'color', 'weight', 'ISO', 'preset_modes', 'settings', 'sensor_size', 'long_exposure', 'effects'], 'CAMERA_3': []}",C_ANYTHING_ELSE_AVAILABLE,CAMERA_2,NONE,ok do you have any other cameras,S_INTRODUCES_CAMERA,CAMERA_3,,Let me show you this. Here we have the Canon EOS 5D Mark III.,39~60
526,15,CAMERA_3,"['CAMERA_2', 'CAMERA_3']","{'CAMERA_1': [], 'CAMERA_2': ['price', 'autofocus_points', 'color', 'weight', 'ISO', 'preset_modes', 'settings', 'sensor_size', 'long_exposure', 'effects'], 'CAMERA_3': ['ISO']}",C_QUESTION_ABOUT_FEATURE,CAMERA_3,ISO,what is the ISO,S_ANSWERS_QUESTION_ABOUT_FEATURE,CAMERA_3,ISO,This one has up to 6400 ISO with little noise.,13~45
526,16,NONE,"['CAMERA_2', 'CAMERA_3']","{'CAMERA_1': [], 'CAMERA_2': ['price', 'autofocus_points', 'color', 'weight', 'ISO', 'preset_modes', 'settings', 'sensor_size', 'long_exposure', 'effects'], 'CAMERA_3': ['ISO']}",C_THANK_YOU,CAMERA_3,NONE,thank you for your help,S_THANK_YOU,CAMERA_3,NONE,thank you very much,
526,17,NONE,"['CAMERA_2', 'CAMERA_3']","{'CAMERA_1': [], 'CAMERA_2': ['price', 'autofocus_points', 'color', 'weight', 'ISO', 'preset_modes', 'settings', 'sensor_size', 'long_exposure', 'effects'], 'CAMERA_3': ['ISO']}",C_LEAVES,DOOR,NONE,,S_RETURNS_TO_COUNTER,SERVICE_COUNTER,NONE,,
527,1,NONE,[],"{'CAMERA_1': [], 'CAMERA_2': [], 'CAMERA_3': []}",C_ENTERS,DOOR,NONE,,S_NONE,SERVICE_COUNTER,NONE,,
527,2,NONE,[],"{'CAMERA_1': [], 'CAMERA_2': [], 'CAMERA_3': []}",C_GREETS,MIDDLE,NONE,hello,S_GREETS,MIDDLE,NONE,can I help you?,
527,3,CAMERA_1,['CAMERA_1'],"{'CAMERA_1': [], 'CAMERA_2': [], 'CAMERA_3': []}",C_LOOKING_FOR_A_CAMERA,MIDDLE,NONE,I'm looking for a camera,S_INTRODUCES_CAMERA,CAMERA_1,,Let me show you this. Here we have the Nikon Coolpix S2800.,39~58
527,4,CAMERA_1,['CAMERA_1'],"{'CAMERA_1': ['effects'], 'CAMERA_2': [], 'CAMERA_3': []}",C_SILENT_OR_BACKCHANNEL,CAMERA_1,NONE,I see,S_INTRODUCES_FEATURE,CAMERA_1,effects,"This one has 12 glamor retouch effects (e.g. skin softening, small face, big eyes).",13~82
527,5,CAMERA_1,['CAMERA_1'],"{'CAMERA_1': ['effects', 'resolution'], 'CAMERA_2': [], 'CAMERA_3': []}",C_QUESTION_ABOUT_FEATURE,CAMERA_1,resolution,what is the resolution,S_ANSWERS_QUESTION_ABOUT_FEATURE,CAMERA_1,resolution,This one has 20.1 megapixels resolution.,13~28
527,6,CAMERA_1,['CAMERA_1'],"{'CAMERA_1': ['effects', 'resolution', 'color'], 'CAMERA_2': [], 'CAMERA_3': []}",C_QUESTION_ABOUT_FEATURE,CAMERA_1,color,what colors does this one come in,S_ANSWERS_QUESTION_ABOUT_FEATURE,CAMERA_1,color,"This one comes in purple, pink, black, silver, red.",18~50
527,7,CAMERA_1,['CAMERA_1'],"{'CAMERA_1': ['effects', 'resolution', 'color', 'preset_modes'], 'CAMERA_2': [], 'CAMERA_3': []}",C_SILENT_OR_BACKCHANNEL,CAMERA_1,NONE,alright,S_INTRODUCES_FEATURE,CAMERA_1,preset_modes,"This one has 18 preset modes (e.g. beach, snow, night portrait).",13~63
527,8,CAMERA_1,['CAMERA_1'],"{'CAMERA_1': ['effects', 'resolution', 'color', 'preset_modes', 'weight'], 'CAMERA_2': [], 'CAMERA_3': []}",C_QUESTION_ABOUT_FEATURE,CAMERA_1,weight,how much does this one weigh,S_ANSWERS_QUESTION_ABOUT_FEATURE,CAMERA_1,weight,This one weighs 120 grams.,16~25
527,9,CAMERA_1,['CAMERA_1'],"{'CAMERA_1': ['effects', 'resolution', 'color', 'preset_modes', 'weight', 'sensor_size'], 'CAMERA_2': [], 'CAMERA_3': []}",C_QUESTION_ABOUT_FEATURE,CAMERA_1,sensor_size,what is the sensor size,S_NOT_SURE,CAMERA_1,,I'm not really sure about that,
527,10,CAMERA_1,['CAMERA_1'],"{'CAMERA_1': ['effects', 'resolution', 'color', 'preset_modes', 'weight', 'sensor_size', 'camera_type'], 'CAMERA_2': [], 'CAMERA_3': []}",C_SILENT_OR_BACKCHANNEL,CAMERA_1,NONE,okay,S_INTRODUCES_FEATURE,CAMERA_1,camera_type,This is a point and shoot camera.,10~25
527,11,CAMERA_1,['CAMERA_1'],"{'CAMERA_1': ['effects', 'resolution', 'color', 'preset_modes', 'weight', 'sensor_size', 'camera_type', 'settings'], 'CAMERA_2': [], 'CAMERA_3': []}",C_QUESTION_ABOUT_FEATURE,CAMERA_1,settings,what kind of settings does it have,S_ANSWERS_QUESTION_ABOUT_FEATURE,CAMERA_1,settings,This one has limited manual settings.,13~36
527,12,CAMERA_1,['CAMERA_1'],"{'CAMERA_1': ['effects', 'resolution', 'color', 'preset_modes', 'weight', 'sensor_size', 'camera_type', 'settings', 'price'], 'CAMERA_2': [], 'CAMERA_3': []}",C_SILENT_OR_BACKCHANNEL,CAMERA_1,NONE,alright,S_INTRODUCES_FEATURE,CAMERA_1,price,This one costs $2173.,15~20
527,13,CAMERA_3,"['CAMERA_1', 'CAMERA_3']","{'CAMERA_1': ['effects', 'resolution', 'color', 'preset_modes', 'weight', 'sensor_size', 'camera_type', 'settings', 'price'], 'CAMERA_2': [], 'CAMERA_3': []}",C_ANYTHING_ELSE_AVAILABLE,CAMERA_1,NONE,ok do you have any other cameras,S_INTRODUCES_CAMERA,CAMERA_3,,Let me show you this. Here we have the Canon EOS 5D Mark III.,39~60
527,14,CAMERA_3,"['CAMERA_1', 'CAMERA_3']","{'CAMERA_1': ['effects', 'resolution', 'color', 'preset_modes', 'weight', 'sensor_size', 'camera_type', 'settings', 'price'], 'CAMERA_2': [], 'CAMERA_3': ['price']}",C_QUESTION_ABOUT_FEATURE,CAMERA_3,price,how much does it cost,S_ANSWERS_QUESTION_ABOUT_FEATURE,CAMERA_3,price,This one costs $3706.,15~20
527,15,NONE,"['CAMERA_1', 'CAMERA_3']","{'CAMERA_1': ['effects', 'resolution', 'color', 'preset_modes', 'weight', 'sensor_size', 'camera_type', 'settings', 'price'], 'CAMERA_2': [], 'CAMERA_3': ['price']}",C_THANK_YOU,CAMERA_3,NONE,thank you for your help,S_THANK_YOU,CAMERA_3,NONE,thank you very much,
527,16,NONE,"['CAMERA_1', 'CAMERA_3']","{'CAMERA_1': ['effects', 'resolution', 'color', 'preset_modes', 'weight', 'sensor_size', 'camera_type', 'settings', 'price'], 'CAMERA_2': [], 'CAMERA_3': ['price']}",C_LEAVES,DOOR,NONE,,S_RETURNS_TO_COUNTER,SERVICE_COUNTER,NONE,,
528,1,NONE,[],"{'CAMERA_1': [], 'CAMERA_2': [], 'CAMERA_3': []}",C_ENTERS,DOOR,NONE,,S_NONE,SERVICE_COUNTER,NONE,,
528,2,NONE,[],"{'CAMERA_1': [], 'CAMERA_2': [], 'CAMERA_3': []}",C_GREETS,MIDDLE,NONE,hello,S_GREETS,MIDDLE,NONE,can I help you?,
528,3,CAMERA_2,['CAMERA_2'],"{'CAMERA_1': [], 'CAMERA_2': [], 'CAMERA_3': []}",C_LOOKING_FOR_A_CAMERA,MIDDLE,NONE,I'm looking for a camera,S_INTRODUCES_CAMERA,CAMERA_2,,Let me show you this. Here we have the Sony Alpha a6000.,39~55
528,4,CAMERA_2,['CAMERA_2'],"{'CAMERA_1': [], 'CAMERA_2': ['long_exposure'], 'CAMERA_3': []}",C_QUESTION_ABOUT_FEATURE,CAMERA_2,long_exposure,can it take long exposure shots,S_ANSWERS_QUESTION_ABOUT_FEATURE,CAMERA_2,long_exposure,This one can take long exposures up to up to 30 seconds.,39~55
528,5,CAMERA_2,['CAMERA_2'],"{'CAMERA_1': [], 'CAMERA_2': ['long_exposure', 'preset_modes'], 'CAMERA_3': []}",C_SILENT_OR_BACKCHANNEL,CAMERA_2,NONE,alright,S_INTRODUCES_FEATURE,CAMERA_2,preset_modes,"This one has 9 preset modes (e.g. beach, snow, night, portrait).",13~63
528,6,CAMERA_2,['CAMERA_2'],"{'CAMERA_1': [], 'CAMERA_2': ['long_exposure', 'preset_modes', 'ISO'], 'CAMERA_3': []}",C_QUESTION_ABOUT_FEATURE,CAMERA_2,ISO,what is the ISO,S_ANSWERS_QUESTION_ABOUT_FEATURE,CAMERA_2,ISO,This one has up to 3200 ISO with little noise.,13~45
528,7,CAMERA_2,['CAMERA_2'],"{'CAMERA_1': [], 'CAMERA_2': ['long_exposure', 'preset_modes', 'ISO', 'camera_type'], 'CAMERA_3': []}",C_QUESTION_ABOUT_FEATURE,CAMERA_2,camera_type,what kind of camera is this,S_ANSWERS_QUESTION_ABOUT_FEATURE,CAMERA_2,camera_type,This is a mirrorless camera.,10~20
528,8,CAMERA_2,['CAMERA_2'],"{'CAMERA_1': [], 'CAMERA_2': ['long_exposure', 'preset_modes', 'ISO', 'camera_type', 'weight'], 'CAMERA_3': []}",C_QUESTION_ABOUT_FEATURE,CAMERA_2,weight,how much does this one weigh,S_ANSWERS_QUESTION_ABOUT_FEATURE,CAMERA_2,weight,This one weighs 470 grams.,16~25
528,9,CAMERA_1,"['CAMERA_2', 'CAMERA_1']","{'CAMERA_1': [], 'CAMERA_2': ['long_exposure', 'preset_modes', 'ISO', 'camera_type', 'weight'], 'CAMERA_3': []}",C_ANYTHING_ELSE_AVAILABLE,CAMERA_2,NONE,ok do you have any other cameras,S_INTRODUCES_CAMERA,CAMERA_1,,Let me show you this. Here we have the Nikon Coolpix S2800.,39~58
528,10,CAMERA_1,"['CAMERA_2', 'CAMERA_1']","{'CAMERA_1': ['resolution'], 'CAMERA_2': ['long_exposure', 'preset_modes', 'ISO', 'camera_type', 'weight'], 'CAMERA_3': []}",C_QUESTION_ABOUT_FEATURE,CAMERA_1,resolution,what is the resolution,S_ANSWERS_QUESTION_ABOUT_FEATURE,CAMERA_1,resolution,This one has 20.1 megapixels resolution.,13~28
528,11,CAMERA_1,"['CAMERA_2', 'CAMERA_1']","{'CAMERA_1': ['resolution', 'optical_zoom'], 'CAMERA_2': ['long_exposure', 'preset_modes', 'ISO', 'camera_type', 'weight'], 'CAMERA_3': []}",C_QUESTION_ABOUT_FEATURE,CAMERA_1,optical_zoom,does it have optical zoom,S_ANSWERS_QUESTION_ABOUT_FEATURE,CAMERA_1,optical_zoom,This one has 5x optical zoom.,13~28
528,12,CAMERA_1,"['CAMERA_2', 'CAMERA_1']","{'CAMERA_1': ['resolution', 'optical_zoom', 'weight'], 'CAMERA_2': ['long_exposure', 'preset_modes', 'ISO', 'camera_type', 'weight'], 'CAMERA_3': []}",C_QUESTION_ABOUT_FEATURE,CAMERA_1,weight,how much does this one weigh,S_ANSWERS_QUESTION_ABOUT_FEATURE,CAMERA_1,weight,This one weighs 120 grams.,16~25
528,13,CAMERA_1,"['CAMERA_2', 'CAMERA_1']","{'CAMERA_1': ['resolution', 'optical_zoom', 'weight', 'sensor_size'], 'CAMERA_2': ['long_exposure', 'preset_modes', 'ISO', 'camera_type', 'weight'], 'CAMERA_3': []}",C_QUESTION_ABOUT_FEATURE,CAMERA_1,sensor_size,what is the sensor size,S_NOT_SURE,CAMERA_1,,I'm not really sure about that,
528,14,CAMERA_1,"['CAMERA_2', 'CAMERA_1']","{'CAMERA_1': ['resolution', 'optical_zoom', 'weight', 'sensor_size', 'camera_type'], 'CAMERA_2': ['long_exposure', 'preset_modes', 'ISO', 'camera_type', 'weight'], 'CAMERA_3': []}",C_SILENT_OR_BACKCHANNEL,CAMERA_1,NONE,okay,S_INTRODUCES_FEATURE,CAMERA_1,camera_type,This is a point and shoot camera.,10~25
528,15,CAMERA_3,"['CAMERA_2', 'CAMERA_1', 'CAMERA_3']","{'CAMERA_1': ['resolution', 'optical_zoom', 'weight', 'sensor_size', 'camera_type'], 'CAMERA_2': ['long_exposure', 'preset_modes', 'ISO', 'camera_type', 'weight'], 'CAMERA_3': []}",C_ANYTHING_ELSE_AVAILABLE,CAMERA_1,NONE,ok do you have any other cameras,S_INTRODUCES_CAMERA,CAMERA_3,,Let me show you this. Here we have the Canon EOS 5D Mark III.,39~60
528,16,CAMERA_3,"['CAMERA_2', 'CAMERA_1', 'CAMERA_3']","{'CAMERA_1': ['resolution', 'optical_zoom', 'weight', 'sensor_size', 'camera_type'], 'CAMERA_2': ['long_exposure', 'preset_modes', 'ISO', 'camera_type', 'weight'], 'CAMERA_3': ['color']}",C_QUESTION_ABOUT_FEATURE,CAMERA_3,color,what colors does this one come in,S_ANSWERS_QUESTION_ABOUT_FEATURE,CAMERA_3,color,This one comes in black.,18~23
528,17,,"['CAMERA_2', 'CAMERA_1', 'CAMERA_3']","{'CAMERA_1': ['resolution', 'optical_zoom', 'weight', 'sensor_size', 'camera_type'], 'CAMERA_2': ['long_exposure', 'preset_modes', 'ISO', 'camera_type', 'weight'], 'CAMERA_3': ['color']}",C_ANYTHING_ELSE_AVAILABLE,CAMERA_3,NONE,ok do you have any other cameras,S_THATS_ALL_WE_HAVE_AVAILABLE,CAMERA_3,,That’s all we have available at the moment.,
528,18,NONE,"['CAMERA_2', 'CAMERA_1', 'CAMERA_3']","{'CAMERA_1': ['resolution', 'optical_zoom', 'weight', 'sensor_size', 'camera_type'], 'CAMERA_2': ['long_exposure', 'preset_modes', 'ISO', 'camera_type', 'weight'], 'CAMERA_3': ['color']}",C_THANK_YOU,CAMERA_3,NONE,thank you for your help,S_THANK_YOU,CAMERA_3,NONE,thank you very much,
528,19,NONE,"['CAMERA_2', 'CAMERA_1', 'CAMERA_3']","{'CAMERA_1': ['resolution', 'optical_zoom', 'weight', 'sensor_size', 'camera_type'], 'CAMERA_2': ['long_exposure', 'preset_modes', 'ISO', 'camera_type', 'weight'], 'CAMERA_3': ['color']}",C_LEAVES,DOOR,NONE,,S_RETURNS_TO_COUNTER,SERVICE_COUNTER,NONE,,
529,1,NONE,[],"{'CAMERA_1': [], 'CAMERA_2': [], 'CAMERA_3': []}",C_ENTERS,DOOR,NONE,,S_NONE,SERVICE_COUNTER,NONE,,
529,2,NONE,[],"{'CAMERA_1': [], 'CAMERA_2': [], 'CAMERA_3': []}",C_WALKS_TO_CAMERA,CAMERA_2,NONE,,S_NONE,SERVICE_COUNTER,NONE,,
529,3,NONE,[],"{'CAMERA_1': [], 'CAMERA_2': [], 'CAMERA_3': []}",C_EXAMINES_CAMERA,CAMERA_2,NONE,,S_NONE,SERVICE_COUNTER,NONE,,
529,4,NONE,[],"{'CAMERA_1': [], 'CAMERA_2': [], 'CAMERA_3': []}",C_EXAMINES_CAMERA,CAMERA_2,NONE,,S_NONE,SERVICE_COUNTER,NONE,,
529,5,NONE,[],"{'CAMERA_1': [], 'CAMERA_2': [], 'CAMERA_3': []}",C_EXAMINES_CAMERA,CAMERA_2,NONE,,S_GREETS,CAMERA_2,NONE,can I help you?,
529,6,CAMERA_3,['CAMERA_3'],"{'CAMERA_1': [], 'CAMERA_2': [], 'CAMERA_3': []}",C_LOOKING_FOR_A_CAMERA,CAMERA_2,NONE,I'm looking for a camera,S_INTRODUCES_CAMERA,CAMERA_3,,Let me show you this. Here we have the Canon EOS 5D Mark III.,39~60
529,7,CAMERA_3,['CAMERA_3'],"{'CAMERA_1': [], 'CAMERA_2': [], 'CAMERA_3': ['ISO']}",C_QUESTION_ABOUT_FEATURE,CAMERA_3,ISO,what is the ISO,S_ANSWERS_QUESTION_ABOUT_FEATURE,CAMERA_3,ISO,This one has up to 6400 ISO with little noise.,13~45
529,8,CAMERA_3,['CAMERA_3'],"{'CAMERA_1': [], 'CAMERA_2': [], 'CAMERA_3': ['ISO', 'sensor_size']}",C_SILENT_OR_BACKCHANNEL,CAMERA_3,NONE,I see,S_INTRODUCES_FEATURE,CAMERA_3,sensor_size,This one has a full frame.,15~25
529,9,CAMERA_3,['CAMERA_3'],"{'CAMERA_1': [], 'CAMERA_2': [], 'CAMERA_3': ['ISO', 'sensor_size', 'price']}",C_QUESTION_ABOUT_FEATURE,CAMERA_3,price,how much does it cost,S_ANSWERS_QUESTION_ABOUT_FEATURE,CAMERA_3,price,This one costs $3706.,15~20
529,10,CAMERA_3,['CAMERA_3'],"{'CAMERA_1': [], 'CAMERA_2': [], 'CAMERA_3': ['ISO', 'sensor_size', 'price', 'long_exposure']}",C_QUESTION_ABOUT_FEATURE,CAMERA_3,long_exposure,can it take long exposure shots,S_ANSWERS_QUESTION_ABOUT_FEATURE,CAMERA_3,long_exposure,"This one can take long exposures up to up to 30 seconds, bulb mode: expose as long as you want.",39~94
529,11,CAMERA_3,['CAMERA_3'],"{'CAMERA_1': [], 'CAMERA_2': [], 'CAMERA_3': ['ISO', 'sensor_size', 'price', 'long_exposure', 'color']}",C_QUESTION_ABOUT_FEATURE,CAMERA_3,color,what colors does this one come in,S_ANSWERS_QUESTION_ABOUT_FEATURE,CAMERA_3,color,This one comes in black.,18~23
529,12,CAMERA_3,['CAMERA_3'],"{'CAMERA_1': [], 'CAMERA_2': [], 'CAMERA_3': ['ISO', 'sensor_size', 'price', 'long_exposure', 'color', 'camera_type']}",C_SILENT_OR_BACKCHANNEL,CAMERA_3,NONE,I see,S_INTRODUCES_FEATURE,CAMERA_3,camera_type,This is a DSLR camera.,10~14
529,13,NONE,['CAMERA_3'],"{'CAMERA_1': [], 'CAMERA_2': [], 'CAMERA_3': ['ISO', 'sensor_size', 'price', 'long_exposure', 'color', 'camera_type']}",C_THANK_YOU,CAMERA_3,NONE,thank you for your help,S_THANK_YOU,CAMERA_3,NONE,thank you very much,
529,14,NONE,['CAMERA_3'],"{'CAMERA_1': [], 'CAMERA_2': [], 'CAMERA_3': ['ISO', 'sensor_size', 'price', 'long_exposure', 'color', 'camera_type']}",C_LEAVES,DOOR,NONE,,S_RETURNS_TO_COUNTER,SERVICE_COUNTER,NONE,,
530,1,NONE,[],"{'CAMERA_1': [], 'CAMERA_2': [], 'CAMERA_3': []}",C_ENTERS,DOOR,NONE,,S_NONE,SERVICE_COUNTER,NONE,,
530,2,NONE,[],"{'CAMERA_1': [], 'CAMERA_2': [], 'CAMERA_3': []}",C_WALKS_TO_CAMERA,CAMERA_1,NONE,,S_GREETS,CAMERA_1,NONE,can I help you?,
530,3,CAMERA_2,['CAMERA_2'],"{'CAMERA_1': [], 'CAMERA_2': [], 'CAMERA_3': []}",C_LOOKING_FOR_A_CAMERA,CAMERA_1,NONE,I'm looking for a camera,S_INTRODUCES_CAMERA,CAMERA_2,,Let me show you this. Here we have the Sony Alpha a6000.,39~55
530,4,CAMERA_2,['CAMERA_2'],"{'CAMERA_1': [], 'CAMERA_2': ['sensor_size'], 'CAMERA_3': []}",C_QUESTION_ABOUT_FEATURE,CAMERA_2,sensor_size,what is the sensor size,S_ANSWERS_QUESTION_ABOUT_FEATURE,CAMERA_2,sensor_size,This one has a APS-C sensor (crop sensor).,15~41
530,5,CAMERA_2,['CAMERA_2'],"{'CAMERA_1': [], 'CAMERA_2': ['sensor_size', 'color'], 'CAMERA_3': []}",C_QUESTION_ABOUT_FEATURE,CAMERA_2,color,what colors does this one come in,S_ANSWERS_QUESTION_ABOUT_FEATURE,CAMERA_2,color,"This one comes in white, silver, black.",18~38
530,6,CAMERA_2,['CAMERA_2'],"{'CAMERA_1': [], 'CAMERA_2': ['sensor_size', 'color', 'preset_modes'], 'CAMERA_3': []}",C_SILENT_OR_BACKCHANNEL,CAMERA_2,NONE,I see,S_INTRODUCES_FEATURE,CAMERA_2,preset_modes,"This one has 9 preset modes (e.g. beach, snow, night, portrait).",13~63
530,7,CAMERA_2,['CAMERA_2'],"{'CAMERA_1': [], 'CAMERA_2': ['sensor_size', 'color', 'preset_modes', 'camera_type'], 'CAMERA_3': []}",C_SILENT_OR_BACKCHANNEL,CAMERA_2,NONE,okay,S_INTRODUCES_FEATURE,CAMERA_2,camera_type,This is a mirrorless camera.,10~20
530,8,CAMERA_2,['CAMERA_2'],"{'CAMERA_1': [], 'CAMERA_2': ['sensor_size', 'color', 'preset_modes', 'camera_type', 'effects'], 'CAMERA_3': []}",C_SILENT_OR_BACKCHANNEL,CAMERA_2,NONE,okay,S_INTRODUCES_FEATURE,CAMERA_2,effects,"This one has 13 artistic effect modes (e.g. toy camera, soft focus).",13~67
530,9,CAMERA_2,['CAMERA_2'],"{'CAMERA_1': [], 'CAMERA_2': ['sensor_size', 'color', 'preset_modes', 'camera_type', 'effects', 'ISO'], 'CAMERA_3': []}",C_QUESTION_ABOUT_FEATURE,CAMERA_2,ISO,what is the ISO,S_ANSWERS_QUESTION_ABOUT_FEATURE,CAMERA_2,ISO,This one has up to 3200 ISO with little noise.,13~45
530,10,CAMERA_2,['CAMERA_2'],"{'CAMERA_1': [], 'CAMERA_2': ['sensor_size', 'color', 'preset_modes', 'camera_type', 'effects', 'ISO', 'settings'], 'CAMERA_3': []}",C_QUESTION_ABOUT_FEATURE,CAMERA_2,settings,what kind of settings does it have,S_ANSWERS_QUESTION_ABOUT_FEATURE,CAMERA_2,settings,This one has full manual control.,13~32
530,11,NONE,['CAMERA_2'],"{'CAMERA_1': [], 'CAMERA_2': ['sensor_size', 'color', 'preset_modes', 'camera_type', 'effects', 'ISO', 'settings'], 'CAMERA_3': []}",C_THANK_YOU,CAMERA_2,NONE,thank you for your help,S_THANK_YOU,CAMERA_2,NONE,thank you very much,
530,12,NONE,['CAMERA_2'],"{'CAMERA_1': [], 'CAMERA_2': ['sensor_size', 'color', 'preset_modes', 'camera_type', 'effects', 'ISO', 'settings'], 'CAMERA_3': []}",C_LEAVES,DOOR,NONE,,S_RETURNS_TO_COUNTER,SERVICE_COUNTER,NONE,,
531,1,NONE,[],"{'CAMERA_1': [], 'CAMERA_2': [], 'CAMERA_3': []}",C_ENTERS,DOOR,NONE,,S_NONE,SERVICE_COUNTER,NONE,,
531,2,NONE,[],"{'CAMERA_1': [], 'CAMERA_2': [], 'CAMERA_3': []}",C_WALKS_TO_CAMERA,CAMERA_1,NONE,,S_GREETS,CAMERA_1,NONE,can I help you?,
531,3,CAMERA_2,['CAMERA_2'],"{'CAMERA_1': [], 'CAMERA_2': [], 'CAMERA_3': []}",C_LOOKING_FOR_A_CAMERA,CAMERA_1,NONE,I'm looking for a camera,S_INTRODUCES_CAMERA,CAMERA_2,,Let me show you this. Here we have the Sony Alpha a6000.,39~55
531,4,CAMERA_2,['CAMERA_2'],"{'CAMERA_1': [], 'CAMERA_2': ['color'], 'CAMERA_3': []}",C_SILENT_OR_BACKCHANNEL,CAMERA_2,NONE,okay,S_INTRODUCES_FEATURE,CAMERA_2,color,"This one comes in white, silver, black.",18~38
531,5,NONE,['CAMERA_2'],"{'CAMERA_1': [], 'CAMERA_2': ['color'], 'CAMERA_3': []}",C_THANK_YOU,CAMERA_2,NONE,thank you for your help,S_THANK_YOU,CAMERA_2,NONE,thank you very much,
531,6,NONE,['CAMERA_2'],"{'CAMERA_1': [], 'CAMERA_2': ['color'], 'CAMERA_3': []}",C_LEAVES,DOOR,NONE,,S_RETURNS_TO_COUNTER,SERVICE_COUNTER,NONE,,
532,1,NONE,[],"{'CAMERA_1': [], 'CAMERA_2': [], 'CAMERA_3': []}",C_ENTERS,DOOR,NONE,,S_NONE,SERVICE_COUNTER,NONE,,
532,2,NONE,[],"{'CAMERA_1': [], 'CAMERA_2': [], 'CAMERA_3': []}",C_GREETS,MIDDLE,NONE,hello,S_GREETS,MIDDLE,NONE,can I help you?,
532,3,CAMERA_1,['CAMERA_1'],"{'CAMERA_1': [], 'CAMERA_2': [], 'CAMERA_3': []}",C_LOOKING_FOR_A_CAMERA,MIDDLE,NONE,I'm looking for a camera,S_INTRODUCES_CAMERA,CAMERA_1,,Let me show you this. Here we have the Nikon Coolpix S2800.,39~58
532,4,CAMERA_1,['CAMERA_1'],"{'CAMERA_1': ['autofocus_points'], 'CAMERA_2': [], 'CAMERA_3': []}",C_QUESTION_ABOUT_FEATURE,CAMERA_1,autofocus_points,how many autofocus points does it have,S_NOT_SURE,CAMERA_1,,I'm not really sure about that,
532,5,CAMERA_1,['CAMERA_1'],"{'CAMERA_1': ['autofocus_points', 'color'], 'CAMERA_2': [], 'CAMERA_3': []}",C_SILENT_OR_BACKCHANNEL,CAMERA_1,NONE,okay,S_INTRODUCES_FEATURE,CAMERA_1,color,"This one comes in purple, pink, black, silver, red.",18~50
532,6,CAMERA_2,"['CAMERA_1', 'CAMERA_2']","{'CAMERA_1': ['autofocus_points', 'color'], 'CAMERA_2': [], 'CAMERA_3': []}",C_ANYTHING_ELSE_AVAILABLE,CAMERA_1,NONE,ok do you have any other cameras,S_INTRODUCES_CAMERA,CAMERA_2,,Let me show you this. Here we have the Sony Alpha a6000.,39~55
532,7,CAMERA_2,"['CAMERA_1', 'CAMERA_2']","{'CAMERA_1': ['autofocus_points', 'color'], 'CAMERA_2': ['price'], 'CAMERA_3': []}",C_QUESTION_ABOUT_FEATURE,CAMERA_2,price,how much does it cost,S_ANSWERS_QUESTION_ABOUT_FEATURE,CAMERA_2,price,This one costs $1341.,15~20
532,8,CAMERA_2,"['CAMERA_1', 'CAMERA_2']","{'CAMERA_1': ['autofocus_points', 'color'], 'CAMERA_2': ['price', 'color'], 'CAMERA_3': []}",C_QUESTION_ABOUT_FEATURE,CAMERA_2,color,what colors does this one come in,S_ANSWERS_QUESTION_ABOUT_FEATURE,CAMERA_2,color,"This one comes in white, silver, black.",18~38
532,9,CAMERA_2,"['CAMERA_1', 'CAMERA_2']","{'CAMERA_1': ['autofocus_points', 'color'], 'CAMERA_2': ['price', 'color', 'sensor_size'], 'CAMERA_3': []}",C_QUESTION_ABOUT_FEATURE,CAMERA_2,sensor_size,what is the sensor size,S_ANSWERS_QUESTION_ABOUT_FEATURE,CAMERA_2,sensor_size,This one has a APS-C sensor (crop sensor).,15~41
532,10,CAMERA_3,"['CAMERA_1', 'CAMERA_2', 'CAMERA_3']","{'CAMERA_1': ['autofocus_points', 'color'], 'CAMERA_2': ['price', 'color', 'sensor_size'], 'CAMERA_3': []}",C_ANYTHING_ELSE_AVAILABLE,CAMERA_2,NONE,ok do you have any other cameras,S_INTRODUCES_CAMERA,CAMERA_3,,Let me show you this. Here we have the Canon EOS 5D Mark III.,39~60
532,11,CAMERA_3,"['CAMERA_1', 'CAMERA_2', 'CAMERA_3']","{'CAMERA_1': ['autofocus_points', 'color'], 'CAMERA_2': ['price', 'color', 'sensor_size'], 'CAMERA_3': ['optical_zoom']}",C_QUESTION_ABOUT_FEATURE,CAMERA_3,optical_zoom,does it have optical zoom,S_NOT_SURE,CAMERA_3,,I'm not really sure about that,
532,12,CAMERA_3,"['CAMERA_1', 'CAMERA_2', 'CAMERA_3']","{'CAMERA_1': ['autofocus_points', 'color'], 'CAMERA_2': ['price', 'color', 'sensor_size'], 'CAMERA_3': ['optical_zoom', 'long_exposure']}",C_QUESTION_ABOUT_FEATURE,CAMERA_3,long_exposure,can it take long exposure shots,S_ANSWERS_QUESTION_ABOUT_FEATURE,CAMERA_3,long_exposure,"This one can take long exposures up to up to 30 seconds, bulb mode: expose as long as you want.",39~94
532,13,,"['CAMERA_1', 'CAMERA_2', 'CAMERA_3']","{'CAMERA_1': ['autofocus_points', 'color'], 'CAMERA_2': ['price', 'color', 'sensor_size'], 'CAMERA_3': ['optical_zoom', 'long_exposure']}",C_ANYTHING_ELSE_AVAILABLE,CAMERA_3,NONE,ok do you have any other cameras,S_THATS_ALL_WE_HAVE_AVAILABLE,CAMERA_3,,That’s all we have available at the moment.,
532,14,NONE,"['CAMERA_1', 'CAMERA_2', 'CAMERA_3']","{'CAMERA_1': ['autofocus_points', 'color'], 'CAMERA_2': ['price', 'color', 'sensor_size'], 'CAMERA_3': ['optical_zoom', 'long_exposure']}",C_THANK_YOU,CAMERA_3,NONE,thank you for your help,S_THANK_YOU,CAMERA_3,NONE,thank you very much,
532,15,NONE,"['CAMERA_1', 'CAMERA_2', 'CAMERA_3']","{'CAMERA_1': ['autofocus_points', 'color'], 'CAMERA_2': ['price', 'color', 'sensor_size'], 'CAMERA_3': ['optical_zoom', 'long_exposure']}",C_LEAVES,DOOR,NONE,,S_RETURNS_TO_COUNTER,SERVICE_COUNTER,NONE,,
533,1,NONE,[],"{'CAMERA_1': [], 'CAMERA_2': [], 'CAMERA_3': []}",C_ENTERS,DOOR,NONE,,S_NONE,SERVICE_COUNTER,NONE,,
533,2,NONE,[],"{'CAMERA_1': [], 'CAMERA_2': [], 'CAMERA_3': []}",C_GREETS,MIDDLE,NONE,hello,S_GREETS,MIDDLE,NONE,can I help you?,
533,3,CAMERA_2,['CAMERA_2'],"{'CAMERA_1': [], 'CAMERA_2': [], 'CAMERA_3': []}",C_LOOKING_FOR_A_CAMERA,MIDDLE,NONE,I'm looking for a camera,S_INTRODUCES_CAMERA,CAMERA_2,,Let me show you this. Here we have the Sony Alpha a6000.,39~55
533,4,CAMERA_2,['CAMERA_2'],"{'CAMERA_1': [], 'CAMERA_2': ['weight'], 'CAMERA_3': []}",C_QUESTION_ABOUT_FEATURE,CAMERA_2,weight,how much does this one weigh,S_ANSWERS_QUESTION_ABOUT_FEATURE,CAMERA_2,weight,This one weighs 470 grams.,16~25
533,5,CAMERA_2,['CAMERA_2'],"{'CAMERA_1': [], 'CAMERA_2': ['weight', 'ISO'], 'CAMERA_3': []}",C_SILENT_OR_BACKCHANNEL,CAMERA_2,NONE,alright,S_INTRODUCES_FEATURE,CAMERA_2,ISO,This one has up to 3200 ISO with little noise.,13~45
533,6,CAMERA_2,['CAMERA_2'],"{'CAMERA_1': [], 'CAMERA_2': ['weight', 'ISO', 'effects'], 'CAMERA_3': []}",C_SILENT_OR_BACKCHANNEL,CAMERA_2,NONE,I see,S_INTRODUCES_FEATURE,CAMERA_2,effects,"This one has 13 artistic effect modes (e.g. toy camera, soft focus).",13~67
533,7,NONE,['CAMERA_2'],"{'CAMERA_1': [], 'CAMERA_2': ['weight', 'ISO', 'effects'], 'CAMERA_3': []}",C_THANK_YOU,CAMERA_2,NONE,thank you for your help,S_THANK_YOU,CAMERA_2,NONE,thank you very much,
533,8,NONE,['CAMERA_2'],"{'CAMERA_1': [], 'CAMERA_2': ['weight', 'ISO', 'effects'], 'CAMERA_3': []}",C_LEAVES,DOOR,NONE,,S_RETURNS_TO_COUNTER,SERVICE_COUNTER,NONE,,
534,1,NONE,[],"{'CAMERA_1': [], 'CAMERA_2': [], 'CAMERA_3': []}",C_ENTERS,DOOR,NONE,,S_NONE,SERVICE_COUNTER,NONE,,
534,2,NONE,[],"{'CAMERA_1': [], 'CAMERA_2': [], 'CAMERA_3': []}",C_GREETS,MIDDLE,NONE,hello,S_GREETS,MIDDLE,NONE,can I help you?,
534,3,CAMERA_3,['CAMERA_3'],"{'CAMERA_1': [], 'CAMERA_2': [], 'CAMERA_3': []}",C_LOOKING_FOR_A_CAMERA,MIDDLE,NONE,I'm looking for a camera,S_INTRODUCES_CAMERA,CAMERA_3,,Let me show you this. Here we have the Canon EOS 5D Mark III.,39~60
534,4,CAMERA_3,['CAMERA_3'],"{'CAMERA_1': [], 'CAMERA_2': [], 'CAMERA_3': ['price']}",C_QUESTION_ABOUT_FEATURE,CAMERA_3,price,how much does it cost,S_ANSWERS_QUESTION_ABOUT_FEATURE,CAMERA_3,price,This one costs $3706.,15~20
534,5,CAMERA_3,['CAMERA_3'],"{'CAMERA_1': [], 'CAMERA_2': [], 'CAMERA_3': ['price', 'optical_zoom']}",C_QUESTION_ABOUT_FEATURE,CAMERA_3,optical_zoom,does it have optical zoom,S_NOT_SURE,CAMERA_3,,I'm not really sure about that,
534,6,CAMERA_3,['CAMERA_3'],"{'CAMERA_1': [], 'CAMERA_2': [], 'CAMERA_3': ['price', 'optical_zoom', 'autofocus_points']}",C_SILENT_OR_BACKCHANNEL,CAMERA_3,NONE,alright,S_INTRODUCES_FEATURE,CAMERA_3,autofocus_points,This one has 61 autofocus points.,13~32
534,7,CAMERA_3,['CAMERA_3'],"{'CAMERA_1': [], 'CAMERA_2': [], 'CAMERA_3': ['price', 'optical_zoom', 'autofocus_points', 'effects']}",C_QUESTION_ABOUT_FEATURE,CAMERA_3,effects,does it have any effect modes,S_NOT_SURE,CAMERA_3,,I'm not really sure about that,
534,8,CAMERA_3,['CAMERA_3'],"{'CAMERA_1': [], 'CAMERA_2': [], 'CAMERA_3': ['price', 'optical_zoom', 'autofocus_points', 'effects', 'color']}",C_QUESTION_ABOUT_FEATURE,CAMERA_3,color,what colors does this one come in,S_ANSWERS_QUESTION_ABOUT_FEATURE,CAMERA_3,color,This one comes in black.,18~23
534,9,NONE,['CAMERA_3'],"{'CAMERA_1': [], 'CAMERA_2': [], 'CAMERA_3': ['price', 'optical_zoom', 'autofocus_points', 'effects', 'color']}",C_THANK_YOU,CAMERA_3,NONE,thank you for your help,S_THANK_YOU,CAMERA_3,NONE,thank you very much,
534,10,NONE,['CAMERA_3'],"{'CAMERA_1': [], 'CAMERA_2': [], 'CAMERA_3': ['price', 'optical_zoom', 'autofocus_points', 'effects', 'color']}",C_LEAVES,DOOR,NONE,,S_RETURNS_TO_COUNTER,SERVICE_COUNTER,NONE,,
535,1,NONE,[],"{'CAMERA_1': [], 'CAMERA_2': [], 'CAMERA_3': []}",C_ENTERS,DOOR,NONE,,S_NONE,SERVICE_COUNTER,NONE,,
535,2,NONE,[],"{'CAMERA_1': [], 'CAMERA_2': [], 'CAMERA_3': []}",C_WALKS_TO_CAMERA,CAMERA_1,NONE,,S_GREETS,CAMERA_1,NONE,can I help you?,
535,3,CAMERA_3,['CAMERA_3'],"{'CAMERA_1': [], 'CAMERA_2': [], 'CAMERA_3': []}",C_LOOKING_FOR_A_CAMERA,CAMERA_1,NONE,I'm looking for a camera,S_INTRODUCES_CAMERA,CAMERA_3,,Let me show you this. Here we have the Canon EOS 5D Mark III.,39~60
535,4,CAMERA_3,['CAMERA_3'],"{'CAMERA_1': [], 'CAMERA_2': [], 'CAMERA_3': ['ISO']}",C_SILENT_OR_BACKCHANNEL,CAMERA_3,NONE,alright,S_INTRODUCES_FEATURE,CAMERA_3,ISO,This one has up to 6400 ISO with little noise.,13~45
535,5,CAMERA_3,['CAMERA_3'],"{'CAMERA_1': [], 'CAMERA_2': [], 'CAMERA_3': ['ISO', 'weight']}",C_QUESTION_ABOUT_FEATURE,CAMERA_3,weight,how much does this one weigh,S_ANSWERS_QUESTION_ABOUT_FEATURE,CAMERA_3,weight,This one weighs 950 grams (only body).,16~37
535,6,CAMERA_2,"['CAMERA_3', 'CAMERA_2']","{'CAMERA_1': [], 'CAMERA_2': [], 'CAMERA_3': ['ISO', 'weight']}",C_ANYTHING_ELSE_AVAILABLE,CAMERA_3,NONE,ok do you have any other cameras,S_INTRODUCES_CAMERA,CAMERA_2,,Let me show you this. Here we have the Sony Alpha a6000.,39~55
535,7,CAMERA_2,"['CAMERA_3', 'CAMERA_2']","{'CAMERA_1': [], 'CAMERA_2': ['sensor_size'], 'CAMERA_3': ['ISO', 'weight']}",C_QUESTION_ABOUT_FEATURE,CAMERA_2,sensor_size,what is the sensor size,S_ANSWERS_QUESTION_ABOUT_FEATURE,CAMERA_2,sensor_size,This one has a APS-C sensor (crop sensor).,15~41
535,8,CAMERA_2,"['CAMERA_3', 'CAMERA_2']","{'CAMERA_1': [], 'CAMERA_2': ['sensor_size', 'optical_zoom'], 'CAMERA_3': ['ISO', 'weight']}",C_QUESTION_ABOUT_FEATURE,CAMERA_2,optical_zoom,does it have optical zoom,S_NOT_SURE,CAMERA_2,,I'm not really sure about that,
535,9,CAMERA_2,"['CAMERA_3', 'CAMERA_2']","{'CAMERA_1': [], 'CAMERA_2': ['sensor_size', 'optical_zoom', 'camera_type'], 'CAMERA_3': ['ISO', 'weight']}",C_SILENT_OR_BACKCHANNEL,CAMERA_2,NONE,I see,S_INTRODUCES_FEATURE,CAMERA_2,camera_type,This is a mirrorless camera.,10~20
535,10,CAMERA_2,"['CAMERA_3', 'CAMERA_2']","{'CAMERA_1': [], 'CAMERA_2': ['sensor_size', 'optical_zoom', 'camera_type', 'color'], 'CAMERA_3': ['ISO', 'weight']}",C_QUESTION_ABOUT_FEATURE,CAMERA_2,color,what colors does this one come in,S_ANSWERS_QUESTION_ABOUT_FEATURE,CAMERA_2,color,"This one comes in white, silver, black.",18~38
535,11,CAMERA_2,"['CAMERA_3', 'CAMERA_2']","{'CAMERA_1': [], 'CAMERA_2': ['sensor_size', 'optical_zoom', 'camera_type', 'color', 'autofocus_points'], 'CAMERA_3': ['ISO', 'weight']}",C_SILENT_OR_BACKCHANNEL,CAMERA_2,NONE,alright,S_INTRODUCES_FEATURE,CAMERA_2,autofocus_points,This one has 179 autofocus points.,13~33
535,12,CAMERA_2,"['CAMERA_3', 'CAMERA_2']","{'CAMERA_1': [], 'CAMERA_2': ['sensor_size', 'optical_zoom', 'camera_type', 'color', 'autofocus_points', 'weight'], 'CAMERA_3': ['ISO', 'weight']}",C_SILENT_OR_BACKCHANNEL,CAMERA_2,NONE,alright,S_INTRODUCES_FEATURE,CAMERA_2,weight,This one weighs 470 grams.,16~25
535,13,CAMERA_2,"['CAMERA_3', 'CAMERA_2']","{'CAMERA_1': [], 'CAMERA_2': ['sensor_size', 'optical_zoom', 'camera_type', 'color', 'autofocus_points', 'weight', 'price'], 'CAMERA_3': ['ISO', 'weight']}",C_SILENT_OR_BACKCHANNEL,CAMERA_2,NONE,alright,S_INTRODUCES_FEATURE,CAMERA_2,price,This one costs $1341.,15~20
535,14,CAMERA_2,"['CAMERA_3', 'CAMERA_2']","{'CAMERA_1': [], 'CAMERA_2': ['sensor_size', 'optical_zoom', 'camera_type', 'color', 'autofocus_points', 'weight', 'price', 'settings'], 'CAMERA_3': ['ISO', 'weight']}",C_SILENT_OR_BACKCHANNEL,CAMERA_2,NONE,I see,S_INTRODUCES_FEATURE,CAMERA_2,settings,This one has full manual control.,13~32
535,15,CAMERA_1,"['CAMERA_3', 'CAMERA_2', 'CAMERA_1']","{'CAMERA_1': [], 'CAMERA_2': ['sensor_size', 'optical_zoom', 'camera_type', 'color', 'autofocus_points', 'weight', 'price', 'settings'], 'CAMERA_3': ['ISO', 'weight']}",C_ANYTHING_ELSE_AVAILABLE,CAMERA_2,NONE,ok do you have any other cameras,S_INTRODUCES_CAMERA,CAMERA_1,,Let me show you this. Here we have the Nikon Coolpix S2800.,39~58
535,16,CAMERA_1,"['CAMERA_3', 'CAMERA_2', 'CAMERA_1']","{'CAMERA_1': ['long_exposure'], 'CAMERA_2': ['sensor_size', 'optical_zoom', 'camera_type', 'color', 'autofocus_points', 'weight', 'price', 'settings'], 'CAMERA_3': ['ISO', 'weight']}",C_QUESTION_ABOUT_FEATURE,CAMERA_1,long_exposure,can it take long exposure shots,S_NOT_SURE,CAMERA_1,,I'm not really sure about that,
535,17,CAMERA_1,"['CAMERA_3', 'CAMERA_2', 'CAMERA_1']","{'CAMERA_1': ['long_exposure', 'camera_type'], 'CAMERA_2': ['sensor_size', 'optical_zoom', 'camera_type', 'color', 'autofocus_points', 'weight', 'price', 'settings'], 'CAMERA_3': ['ISO', 'weight']}",C_QUESTION_ABOUT_FEATURE,CAMERA_1,camera_type,what kind of camera is this,S_ANSWERS_QUESTION_ABOUT_FEATURE,CAMERA_1,camera_type,This is a point and shoot camera.,10~25
535,18,CAMERA_1,"['CAMERA_3', 'CAMERA_2', 'CAMERA_1']","{'CAMERA_1': ['long_exposure', 'camera_type', 'weight'], 'CAMERA_2': ['sensor_size', 'optical_zoom', 'camera_type', 'color', 'autofocus_points', 'weight', 'price', 'settings'], 'CAMERA_3': ['ISO', 'weight']}",C_QUESTION_ABOUT_FEATURE,CAMERA_1,weight,how much does this one weigh,S_ANSWERS_QUESTION_ABOUT_FEATURE,CAMERA_1,weight,This one weighs 120 grams.,16~25
535,19,CAMERA_1,"['CAMERA_3', 'CAMERA_2', 'CAMERA_1']","{'CAMERA_1': ['long_exposure', 'camera_type', 'weight', 'preset_modes'], 'CAMERA_2': ['sensor_size', 'optical_zoom', 'camera_type', 'color', 'autofocus_points', 'weight', 'price', 'settings'], 'CAMERA_3': ['ISO', 'weight']}",C_QUESTION_ABOUT_FEATURE,CAMERA_1,preset_modes,does it have preset modes,S_ANSWERS_QUESTION_ABOUT_FEATURE,CAMERA_1,preset_modes,"This one has 18 preset modes (e.g. beach, snow, night portrait).",13~63
535,20,CAMERA_1,"['CAMERA_3', 'CAMERA_2', 'CAMERA_1']","{'CAMERA_1': ['long_exposure', 'camera_type', 'weight', 'preset_modes', 'resolution'], 'CAMERA_2': ['sensor_size', 'optical_zoom', 'camera_type', 'color', 'autofocus_points', 'weight', 'price', 'settings'], 'CAMERA_3': ['ISO', 'weight']}",C_QUESTION_ABOUT_FEATURE,CAMERA_1,resolution,what is the resolution,S_ANSWERS_QUESTION_ABOUT_FEATURE,CAMERA_1,resolution,This one has 20.1 megapixels resolution.,13~28
535,21,CAMERA_1,"['CAMERA_3', 'CAMERA_2', 'CAMERA_1']","{'CAMERA_1': ['long_exposure', 'camera_type', 'weight', 'preset_modes', 'resolution', 'color'], 'CAMERA_2': ['sensor_size', 'optical_zoom', 'camera_type', 'color', 'autofocus_points', 'weight', 'price', 'settings'], 'CAMERA_3': ['ISO', 'weight']}",C_SILENT_OR_BACKCHANNEL,CAMERA_1,NONE,okay,S_INTRODUCES_FEATURE,CAMERA_1,color,"This one comes in purple, pink, black, silver, red.",18~50
535,22,CAMERA_1,"['CAMERA_3', 'CAMERA_2', 'CAMERA_1']","{'CAMERA_1': ['long_exposure', 'camera_type', 'weight', 'preset_modes', 'resolution', 'color', 'effects'], 'CAMERA_2': ['sensor_size', 'optical_zoom', 'camera_type', 'color', 'autofocus_points', 'weight', 'price', 'settings'], 'CAMERA_3': ['ISO', 'weight']}",C_SILENT_OR_BACKCHANNEL,CAMERA_1,NONE,okay,S_INTRODUCES_FEATURE,CAMERA_1,effects,"This one has 12 glamor retouch effects (e.g. skin softening, small face, big eyes).",13~82
535,23,NONE,"['CAMERA_3', 'CAMERA_2', 'CAMERA_1']","{'CAMERA_1': ['long_exposure', 'camera_type', 'weight', 'preset_modes', 'resolution', 'color', 'effects'], 'CAMERA_2': ['sensor_size', 'optical_zoom', 'camera_type', 'color', 'autofocus_points', 'weight', 'price', 'settings'], 'CAMERA_3': ['ISO', 'weight']}",C_THANK_YOU,CAMERA_1,NONE,thank you for your help,S_THANK_YOU,CAMERA_1,NONE,thank you very much,
535,24,NONE,"['CAMERA_3', 'CAMERA_2', 'CAMERA_1']","{'CAMERA_1': ['long_exposure', 'camera_type', 'weight', 'preset_modes', 'resolution', 'color', 'effects'], 'CAMERA_2': ['sensor_size', 'optical_zoom', 'camera_type', 'color', 'autofocus_points', 'weight', 'price', 'settings'], 'CAMERA_3': ['ISO', 'weight']}",C_LEAVES,DOOR,NONE,,S_RETURNS_TO_COUNTER,SERVICE_COUNTER,NONE,,
536,1,NONE,[],"{'CAMERA_1': [], 'CAMERA_2': [], 'CAMERA_3': []}",C_ENTERS,DOOR,NONE,,S_NONE,SERVICE_COUNTER,NONE,,
536,2,NONE,[],"{'CAMERA_1': [], 'CAMERA_2': [], 'CAMERA_3': []}",C_WALKS_TO_CAMERA,CAMERA_1,NONE,,S_NONE,SERVICE_COUNTER,NONE,,
536,3,CAMERA_1,['CAMERA_1'],"{'CAMERA_1': ['ISO'], 'CAMERA_2': [], 'CAMERA_3': []}",C_QUESTION_ABOUT_FEATURE,CAMERA_1,ISO,what is the ISO,S_NOT_SURE,CAMERA_1,,I'm not really sure about that,
536,4,CAMERA_1,['CAMERA_1'],"{'CAMERA_1': ['ISO', 'settings'], 'CAMERA_2': [], 'CAMERA_3': []}",C_SILENT_OR_BACKCHANNEL,CAMERA_1,NONE,okay,S_INTRODUCES_FEATURE,CAMERA_1,settings,This one has limited manual settings.,13~36
536,5,NONE,['CAMERA_1'],"{'CAMERA_1': ['ISO', 'settings'], 'CAMERA_2': [], 'CAMERA_3': []}",C_THANK_YOU,CAMERA_1,NONE,thank you for your help,S_THANK_YOU,CAMERA_1,NONE,thank you very much,
536,6,NONE,['CAMERA_1'],"{'CAMERA_1': ['ISO', 'settings'], 'CAMERA_2': [], 'CAMERA_3': []}",C_LEAVES,DOOR,NONE,,S_RETURNS_TO_COUNTER,SERVICE_COUNTER,NONE,,
537,1,NONE,[],"{'CAMERA_1': [], 'CAMERA_2': [], 'CAMERA_3': []}",C_ENTERS,DOOR,NONE,,S_NONE,SERVICE_COUNTER,NONE,,
537,2,NONE,[],"{'CAMERA_1': [], 'CAMERA_2': [], 'CAMERA_3': []}",C_WALKS_TO_CAMERA,CAMERA_1,NONE,,S_NONE,SERVICE_COUNTER,NONE,,
537,3,CAMERA_1,['CAMERA_1'],"{'CAMERA_1': ['autofocus_points'], 'CAMERA_2': [], 'CAMERA_3': []}",C_QUESTION_ABOUT_FEATURE,CAMERA_1,autofocus_points,how many autofocus points does it have,S_NOT_SURE,CAMERA_1,,I'm not really sure about that,
537,4,NONE,['CAMERA_1'],"{'CAMERA_1': ['autofocus_points'], 'CAMERA_2': [], 'CAMERA_3': []}",C_THANK_YOU,CAMERA_1,NONE,thank you for your help,S_THANK_YOU,CAMERA_1,NONE,thank you very much,
537,5,NONE,['CAMERA_1'],"{'CAMERA_1': ['autofocus_points'], 'CAMERA_2': [], 'CAMERA_3': []}",C_LEAVES,DOOR,NONE,,S_RETURNS_TO_COUNTER,SERVICE_COUNTER,NONE,,
538,1,NONE,[],"{'CAMERA_1': [], 'CAMERA_2': [], 'CAMERA_3': []}",C_ENTERS,DOOR,NONE,,S_NONE,SERVICE_COUNTER,NONE,,
538,2,NONE,[],"{'CAMERA_1': [], 'CAMERA_2': [], 'CAMERA_3': []}",C_WALKS_TO_CAMERA,CAMERA_2,NONE,,S_GREETS,CAMERA_2,NONE,can I help you?,
538,3,CAMERA_3,['CAMERA_3'],"{'CAMERA_1': [], 'CAMERA_2': [], 'CAMERA_3': []}",C_LOOKING_FOR_A_CAMERA,CAMERA_2,NONE,I'm looking for a camera,S_INTRODUCES_CAMERA,CAMERA_3,,Let me show you this. Here we have the Canon EOS 5D Mark III.,39~60
538,4,CAMERA_3,['CAMERA_3'],"{'CAMERA_1': [], 'CAMERA_2': [], 'CAMERA_3': ['preset_modes']}",C_QUESTION_ABOUT_FEATURE,CAMERA_3,preset_modes,does it have preset modes,S_NOT_SURE,CAMERA_3,,I'm not really sure about that,
538,5,CAMERA_3,['CAMERA_3'],"{'CAMERA_1': [], 'CAMERA_2': [], 'CAMERA_3': ['preset_modes', 'resolution']}",C_QUESTION_ABOUT_FEATURE,CAMERA_3,resolution,what is the resolution,S_NOT_SURE,CAMERA_3,,I'm not really sure about that,
538,6,CAMERA_1,"['CAMERA_3', 'CAMERA_1']","{'CAMERA_1': [], 'CAMERA_2': [], 'CAMERA_3': ['preset_modes', 'resolution']}",C_ANYTHING_ELSE_AVAILABLE,CAMERA_3,NONE,ok do you have any other cameras,S_INTRODUCES_CAMERA,CAMERA_1,,Let me show you this. Here we have the Nikon Coolpix S2800.,39~58
538,7,CAMERA_1,"['CAMERA_3', 'CAMERA_1']","{'CAMERA_1': ['preset_modes'], 'CAMERA_2': [], 'CAMERA_3': ['preset_modes', 'resolution']}",C_QUESTION_ABOUT_FEATURE,CAMERA_1,preset_modes,does it have preset modes,S_ANSWERS_QUESTION_ABOUT_FEATURE,CAMERA_1,preset_modes,"This one has 18 preset modes (e.g. beach, snow, night portrait).",13~63
538,8,CAMERA_1,"['CAMERA_3', 'CAMERA_1']","{'CAMERA_1': ['preset_modes', 'ISO'], 'CAMERA_2': [], 'CAMERA_3': ['preset_modes', 'resolution']}",C_QUESTION_ABOUT_FEATURE,CAMERA_1,ISO,what is the ISO,S_NOT_SURE,CAMERA_1,,I'm not really sure about that,
538,9,CAMERA_1,"['CAMERA_3', 'CAMERA_1']","{'CAMERA_1': ['preset_modes', 'ISO', 'camera_type'], 'CAMERA_2': [], 'CAMERA_3': ['preset_modes', 'resolution']}",C_QUESTION_ABOUT_FEATURE,CAMERA_1,camera_type,what kind of camera is this,S_ANSWERS_QUESTION_ABOUT_FEATURE,CAMERA_1,camera_type,This is a point and shoot camera.,10~25
538,10,CAMERA_1,"['CAMERA_3', 'CAMERA_1']","{'CAMERA_1': ['preset_modes', 'ISO', 'camera_type', 'color'], 'CAMERA_2': [], 'CAMERA_3': ['preset_modes', 'resolution']}",C_SILENT_OR_BACKCHANNEL,CAMERA_1,NONE,okay,S_INTRODUCES_FEATURE,CAMERA_1,color,"This one comes in purple, pink, black, silver, red.",18~50
538,11,CAMERA_2,"['CAMERA_3', 'CAMERA_1', 'CAMERA_2']","{'CAMERA_1': ['preset_modes', 'ISO', 'camera_type', 'color'], 'CAMERA_2': [], 'CAMERA_3': ['preset_modes', 'resolution']}",C_ANYTHING_ELSE_AVAILABLE,CAMERA_1,NONE,ok do you have any other cameras,S_INTRODUCES_CAMERA,CAMERA_2,,Let me show you this. Here we have the Sony Alpha a6000.,39~55
538,12,CAMERA_2,"['CAMERA_3', 'CAMERA_1', 'CAMERA_2']","{'CAMERA_1': ['preset_modes', 'ISO', 'camera_type', 'color'], 'CAMERA_2': ['weight'], 'CAMERA_3': ['preset_modes', 'resolution']}",C_QUESTION_ABOUT_FEATURE,CAMERA_2,weight,how much does this one weigh,S_ANSWERS_QUESTION_ABOUT_FEATURE,CAMERA_2,weight,This one weighs 470 grams.,16~25
538,13,CAMERA_2,"['CAMERA_3', 'CAMERA_1', 'CAMERA_2']","{'CAMERA_1': ['preset_modes', 'ISO', 'camera_type', 'color'], 'CAMERA_2': ['weight', 'effects'], 'CAMERA_3': ['preset_modes', 'resolution']}",C_QUESTION_ABOUT_FEATURE,CAMERA_2,effects,does it have any effect modes,S_ANSWERS_QUESTION_ABOUT_FEATURE,CAMERA_2,effects,"This one has 13 artistic effect modes (e.g. toy camera, soft focus).",13~67
538,14,,"['CAMERA_3', 'CAMERA_1', 'CAMERA_2']","{'CAMERA_1': ['preset_modes', 'ISO', 'camera_type', 'color'], 'CAMERA_2': ['weight', 'effects'], 'CAMERA_3': ['preset_modes', 'resolution']}",C_ANYTHING_ELSE_AVAILABLE,CAMERA_2,NONE,ok do you have any other cameras,S_THATS_ALL_WE_HAVE_AVAILABLE,CAMERA_2,,That’s all we have available at the moment.,
538,15,NONE,"['CAMERA_3', 'CAMERA_1', 'CAMERA_2']","{'CAMERA_1': ['preset_modes', 'ISO', 'camera_type', 'color'], 'CAMERA_2': ['weight', 'effects'], 'CAMERA_3': ['preset_modes', 'resolution']}",C_THANK_YOU,CAMERA_2,NONE,thank you for your help,S_THANK_YOU,CAMERA_2,NONE,thank you very much,
538,16,NONE,"['CAMERA_3', 'CAMERA_1', 'CAMERA_2']","{'CAMERA_1': ['preset_modes', 'ISO', 'camera_type', 'color'], 'CAMERA_2': ['weight', 'effects'], 'CAMERA_3': ['preset_modes', 'resolution']}",C_LEAVES,DOOR,NONE,,S_RETURNS_TO_COUNTER,SERVICE_COUNTER,NONE,,
539,1,NONE,[],"{'CAMERA_1': [], 'CAMERA_2': [], 'CAMERA_3': []}",C_ENTERS,DOOR,NONE,,S_NONE,SERVICE_COUNTER,NONE,,
539,2,NONE,[],"{'CAMERA_1': [], 'CAMERA_2': [], 'CAMERA_3': []}",C_WALKS_TO_CAMERA,CAMERA_3,NONE,,S_GREETS,CAMERA_3,NONE,can I help you?,
539,3,CAMERA_1,['CAMERA_1'],"{'CAMERA_1': [], 'CAMERA_2': [], 'CAMERA_3': []}",C_LOOKING_FOR_A_CAMERA,CAMERA_3,NONE,I'm looking for a camera,S_INTRODUCES_CAMERA,CAMERA_1,,Let me show you this. Here we have the Nikon Coolpix S2800.,39~58
539,4,CAMERA_1,['CAMERA_1'],"{'CAMERA_1': ['price'], 'CAMERA_2': [], 'CAMERA_3': []}",C_SILENT_OR_BACKCHANNEL,CAMERA_1,NONE,I see,S_INTRODUCES_FEATURE,CAMERA_1,price,This one costs $2173.,15~20
539,5,NONE,['CAMERA_1'],"{'CAMERA_1': ['price'], 'CAMERA_2': [], 'CAMERA_3': []}",C_THANK_YOU,CAMERA_1,NONE,thank you for your help,S_THANK_YOU,CAMERA_1,NONE,thank you very much,
539,6,NONE,['CAMERA_1'],"{'CAMERA_1': ['price'], 'CAMERA_2': [], 'CAMERA_3': []}",C_LEAVES,DOOR,NONE,,S_RETURNS_TO_COUNTER,SERVICE_COUNTER,NONE,,
540,1,NONE,[],"{'CAMERA_1': [], 'CAMERA_2': [], 'CAMERA_3': []}",C_ENTERS,DOOR,NONE,,S_NONE,SERVICE_COUNTER,NONE,,
540,2,NONE,[],"{'CAMERA_1': [], 'CAMERA_2': [], 'CAMERA_3': []}",C_GREETS,MIDDLE,NONE,hello,S_GREETS,MIDDLE,NONE,can I help you?,
540,3,CAMERA_1,['CAMERA_1'],"{'CAMERA_1': [], 'CAMERA_2': [], 'CAMERA_3': []}",C_LOOKING_FOR_A_CAMERA,MIDDLE,NONE,I'm looking for a camera,S_INTRODUCES_CAMERA,CAMERA_1,,Let me show you this. Here we have the Nikon Coolpix S2800.,39~58
540,4,CAMERA_1,['CAMERA_1'],"{'CAMERA_1': ['sensor_size'], 'CAMERA_2': [], 'CAMERA_3': []}",C_QUESTION_ABOUT_FEATURE,CAMERA_1,sensor_size,what is the sensor size,S_NOT_SURE,CAMERA_1,,I'm not really sure about that,
540,5,NONE,['CAMERA_1'],"{'CAMERA_1': ['sensor_size'], 'CAMERA_2': [], 'CAMERA_3': []}",C_THANK_YOU,CAMERA_1,NONE,thank you for your help,S_THANK_YOU,CAMERA_1,NONE,thank you very much,
540,6,NONE,['CAMERA_1'],"{'CAMERA_1': ['sensor_size'], 'CAMERA_2': [], 'CAMERA_3': []}",C_LEAVES,DOOR,NONE,,S_RETURNS_TO_COUNTER,SERVICE_COUNTER,NONE,,
541,1,NONE,[],"{'CAMERA_1': [], 'CAMERA_2': [], 'CAMERA_3': []}",C_ENTERS,DOOR,NONE,,S_NONE,SERVICE_COUNTER,NONE,,
541,2,NONE,[],"{'CAMERA_1': [], 'CAMERA_2': [], 'CAMERA_3': []}",C_GREETS,MIDDLE,NONE,hello,S_GREETS,MIDDLE,NONE,can I help you?,
541,3,CAMERA_3,['CAMERA_3'],"{'CAMERA_1': [], 'CAMERA_2': [], 'CAMERA_3': []}",C_LOOKING_FOR_A_CAMERA,MIDDLE,NONE,I'm looking for a camera,S_INTRODUCES_CAMERA,CAMERA_3,,Let me show you this. Here we have the Canon EOS 5D Mark III.,39~60
541,4,CAMERA_3,['CAMERA_3'],"{'CAMERA_1': [], 'CAMERA_2': [], 'CAMERA_3': ['ISO']}",C_SILENT_OR_BACKCHANNEL,CAMERA_3,NONE,okay,S_INTRODUCES_FEATURE,CAMERA_3,ISO,This one has up to 6400 ISO with little noise.,13~45
541,5,CAMERA_1,"['CAMERA_3', 'CAMERA_1']","{'CAMERA_1': [], 'CAMERA_2': [], 'CAMERA_3': ['ISO']}",C_ANYTHING_ELSE_AVAILABLE,CAMERA_3,NONE,ok do you have any other cameras,S_INTRODUCES_CAMERA,CAMERA_1,,Let me show you this. Here we have the Nikon Coolpix S2800.,39~58
541,6,CAMERA_1,"['CAMERA_3', 'CAMERA_1']","{'CAMERA_1': ['color'], 'CAMERA_2': [], 'CAMERA_3': ['ISO']}",C_SILENT_OR_BACKCHANNEL,CAMERA_1,NONE,okay,S_INTRODUCES_FEATURE,CAMERA_1,color,"This one comes in purple, pink, black, silver, red.",18~50
541,7,CAMERA_1,"['CAMERA_3', 'CAMERA_1']","{'CAMERA_1': ['color', 'effects'], 'CAMERA_2': [], 'CAMERA_3': ['ISO']}",C_SILENT_OR_BACKCHANNEL,CAMERA_1,NONE,alright,S_INTRODUCES_FEATURE,CAMERA_1,effects,"This one has 12 glamor retouch effects (e.g. skin softening, small face, big eyes).",13~82
541,8,CAMERA_2,"['CAMERA_3', 'CAMERA_1', 'CAMERA_2']","{'CAMERA_1': ['color', 'effects'], 'CAMERA_2': [], 'CAMERA_3': ['ISO']}",C_ANYTHING_ELSE_AVAILABLE,CAMERA_1,NONE,ok do you have any other cameras,S_INTRODUCES_CAMERA,CAMERA_2,,Let me show you this. Here we have the Sony Alpha a6000.,39~55
541,9,CAMERA_2,"['CAMERA_3', 'CAMERA_1', 'CAMERA_2']","{'CAMERA_1': ['color', 'effects'], 'CAMERA_2': ['long_exposure'], 'CAMERA_3': ['ISO']}",C_SILENT_OR_BACKCHANNEL,CAMERA_2,NONE,okay,S_INTRODUCES_FEATURE,CAMERA_2,long_exposure,This one can take long exposures up to up to 30 seconds.,39~55
541,10,CAMERA_2,"['CAMERA_3', 'CAMERA_1', 'CAMERA_2']","{'CAMERA_1': ['color', 'effects'], 'CAMERA_2': ['long_exposure', 'ISO'], 'CAMERA_3': ['ISO']}",C_QUESTION_ABOUT_FEATURE,CAMERA_2,ISO,what is the ISO,S_ANSWERS_QUESTION_ABOUT_FEATURE,CAMERA_2,ISO,This one has up to 3200 ISO with little noise.,13~45
541,11,CAMERA_2,"['CAMERA_3', 'CAMERA_1', 'CAMERA_2']","{'CAMERA_1': ['color', 'effects'], 'CAMERA_2': ['long_exposure', 'ISO', 'autofocus_points'], 'CAMERA_3': ['ISO']}",C_QUESTION_ABOUT_FEATURE,CAMERA_2,autofocus_points,how many autofocus points does it have,S_ANSWERS_QUESTION_ABOUT_FEATURE,CAMERA_2,autofocus_points,This one has 179 autofocus points.,13~33
541,12,CAMERA_2,"['CAMERA_3', 'CAMERA_1', 'CAMERA_2']","{'CAMERA_1': ['color', 'effects'], 'CAMERA_2': ['long_exposure', 'ISO', 'autofocus_points', 'effects'], 'CAMERA_3': ['ISO']}",C_SILENT_OR_BACKCHANNEL,CAMERA_2,NONE,I see,S_INTRODUCES_FEATURE,CAMERA_2,effects,"This one has 13 artistic effect modes (e.g. toy camera, soft focus).",13~67
541,13,NONE,"['CAMERA_3', 'CAMERA_1', 'CAMERA_2']","{'CAMERA_1': ['color', 'effects'], 'CAMERA_2': ['long_exposure', 'ISO', 'autofocus_points', 'effects'], 'CAMERA_3': ['ISO']}",C_THANK_YOU,CAMERA_2,NONE,thank you for your help,S_THANK_YOU,CAMERA_2,NONE,thank you very much,
541,14,NONE,"['CAMERA_3', 'CAMERA_1', 'CAMERA_2']","{'CAMERA_1': ['color', 'effects'], 'CAMERA_2': ['long_exposure', 'ISO', 'autofocus_points', 'effects'], 'CAMERA_3': ['ISO']}",C_LEAVES,DOOR,NONE,,S_RETURNS_TO_COUNTER,SERVICE_COUNTER,NONE,,
542,1,NONE,[],"{'CAMERA_1': [], 'CAMERA_2': [], 'CAMERA_3': []}",C_ENTERS,DOOR,NONE,,S_NONE,SERVICE_COUNTER,NONE,,
542,2,NONE,[],"{'CAMERA_1': [], 'CAMERA_2': [], 'CAMERA_3': []}",C_WALKS_TO_CAMERA,CAMERA_1,NONE,,S_NONE,SERVICE_COUNTER,NONE,,
542,3,NONE,[],"{'CAMERA_1': [], 'CAMERA_2': [], 'CAMERA_3': []}",C_EXAMINES_CAMERA,CAMERA_1,NONE,,S_GREETS,CAMERA_1,NONE,can I help you?,
542,4,CAMERA_2,['CAMERA_2'],"{'CAMERA_1': [], 'CAMERA_2': [], 'CAMERA_3': []}",C_LOOKING_FOR_A_CAMERA,CAMERA_1,NONE,I'm looking for a camera,S_INTRODUCES_CAMERA,CAMERA_2,,Let me show you this. Here we have the Sony Alpha a6000.,39~55
542,5,CAMERA_2,['CAMERA_2'],"{'CAMERA_1': [], 'CAMERA_2': ['effects'], 'CAMERA_3': []}",C_SILENT_OR_BACKCHANNEL,CAMERA_2,NONE,alright,S_INTRODUCES_FEATURE,CAMERA_2,effects,"This one has 13 artistic effect modes (e.g. toy camera, soft focus).",13~67
542,6,CAMERA_1,"['CAMERA_2', 'CAMERA_1']","{'CAMERA_1': [], 'CAMERA_2': ['effects'], 'CAMERA_3': []}",C_ANYTHING_ELSE_AVAILABLE,CAMERA_2,NONE,ok do you have any other cameras,S_INTRODUCES_CAMERA,CAMERA_1,,Let me show you this. Here we have the Nikon Coolpix S2800.,39~58
542,7,CAMERA_1,"['CAMERA_2', 'CAMERA_1']","{'CAMERA_1': ['effects'], 'CAMERA_2': ['effects'], 'CAMERA_3': []}",C_QUESTION_ABOUT_FEATURE,CAMERA_1,effects,does it have any effect modes,S_ANSWERS_QUESTION_ABOUT_FEATURE,CAMERA_1,effects,"This one has 12 glamor retouch effects (e.g. skin softening, small face, big eyes).",13~82
542,8,CAMERA_1,"['CAMERA_2', 'CAMERA_1']","{'CAMERA_1': ['effects', 'ISO'], 'CAMERA_2': ['effects'], 'CAMERA_3': []}",C_QUESTION_ABOUT_FEATURE,CAMERA_1,ISO,what is the ISO,S_NOT_SURE,CAMERA_1,,I'm not really sure about that,
542,9,CAMERA_1,"['CAMERA_2', 'CAMERA_1']","{'CAMERA_1': ['effects', 'ISO', 'optical_zoom'], 'CAMERA_2': ['effects'], 'CAMERA_3': []}",C_SILENT_OR_BACKCHANNEL,CAMERA_1,NONE,alright,S_INTRODUCES_FEATURE,CAMERA_1,optical_zoom,This one has 5x optical zoom.,13~28
542,10,NONE,"['CAMERA_2', 'CAMERA_1']","{'CAMERA_1': ['effects', 'ISO', 'optical_zoom'], 'CAMERA_2': ['effects'], 'CAMERA_3': []}",C_THANK_YOU,CAMERA_1,NONE,thank you for your help,S_THANK_YOU,CAMERA_1,NONE,thank you very much,
542,11,NONE,"['CAMERA_2', 'CAMERA_1']","{'CAMERA_1': ['effects', 'ISO', 'optical_zoom'], 'CAMERA_2': ['effects'], 'CAMERA_3': []}",C_LEAVES,DOOR,NONE,,S_RETURNS_TO_COUNTER,SERVICE_COUNTER,NONE,,
543,1,NONE,[],"{'CAMERA_1': [], 'CAMERA_2': [], 'CAMERA_3': []}",C_ENTERS,DOOR,NONE,,S_NONE,SERVICE_COUNTER,NONE,,
543,2,NONE,[],"{'CAMERA_1': [], 'CAMERA_2': [], 'CAMERA_3': []}",C_GREETS,MIDDLE,NONE,hello,S_GREETS,MIDDLE,NONE,can I help you?,
543,3,CAMERA_3,['CAMERA_3'],"{'CAMERA_1': [], 'CAMERA_2': [], 'CAMERA_3': []}",C_LOOKING_FOR_A_CAMERA,MIDDLE,NONE,I'm looking for a camera,S_INTRODUCES_CAMERA,CAMERA_3,,Let me show you this. Here we have the Canon EOS 5D Mark III.,39~60
543,4,CAMERA_3,['CAMERA_3'],"{'CAMERA_1': [], 'CAMERA_2': [], 'CAMERA_3': ['autofocus_points']}",C_QUESTION_ABOUT_FEATURE,CAMERA_3,autofocus_points,how many autofocus points does it have,S_ANSWERS_QUESTION_ABOUT_FEATURE,CAMERA_3,autofocus_points,This one has 61 autofocus points.,13~32
543,5,CAMERA_3,['CAMERA_3'],"{'CAMERA_1': [], 'CAMERA_2': [], 'CAMERA_3': ['autofocus_points', 'sensor_size']}",C_SILENT_OR_BACKCHANNEL,CAMERA_3,NONE,alright,S_INTRODUCES_FEATURE,CAMERA_3,sensor_size,This one has a full frame.,15~25
543,6,CAMERA_2,"['CAMERA_3', 'CAMERA_2']","{'CAMERA_1': [], 'CAMERA_2': [], 'CAMERA_3': ['autofocus_points', 'sensor_size']}",C_ANYTHING_ELSE_AVAILABLE,CAMERA_3,NONE,ok do you have any other cameras,S_INTRODUCES_CAMERA,CAMERA_2,,Let me show you this. Here we have the Sony Alpha a6000.,39~55
543,7,CAMERA_2,"['CAMERA_3', 'CAMERA_2']","{'CAMERA_1': [], 'CAMERA_2': ['autofocus_points'], 'CAMERA_3': ['autofocus_points', 'sensor_size']}",C_SILENT_OR_BACKCHANNEL,CAMERA_2,NONE,I see,S_INTRODUCES_FEATURE,CAMERA_2,autofocus_points,This one has 179 autofocus points.,13~33
543,8,NONE,"['CAMERA_3', 'CAMERA_2']","{'CAMERA_1': [], 'CAMERA_2': ['autofocus_points'], 'CAMERA_3': ['autofocus_points', 'sensor_size']}",C_THANK_YOU,CAMERA_2,NONE,thank you for your help,S_THANK_YOU,CAMERA_2,NONE,thank you very much,
543,9,NONE,"['CAMERA_3', 'CAMERA_2']","{'CAMERA_1': [], 'CAMERA_2': ['autofocus_points'], 'CAMERA_3': ['autofocus_points', 'sensor_size']}",C_LEAVES,DOOR,NONE,,S_RETURNS_TO_COUNTER,SERVICE_COUNTER,NONE,,
544,1,NONE,[],"{'CAMERA_1': [], 'CAMERA_2': [], 'CAMERA_3': []}",C_ENTERS,DOOR,NONE,,S_NONE,SERVICE_COUNTER,NONE,,
544,2,NONE,[],"{'CAMERA_1': [], 'CAMERA_2': [], 'CAMERA_3': []}",C_WALKS_TO_CAMERA,CAMERA_2,NONE,,S_GREETS,CAMERA_2,NONE,can I help you?,
544,3,CAMERA_3,['CAMERA_3'],"{'CAMERA_1': [], 'CAMERA_2': [], 'CAMERA_3': []}",C_LOOKING_FOR_A_CAMERA,CAMERA_2,NONE,I'm looking for a camera,S_INTRODUCES_CAMERA,CAMERA_3,,Let me show you this. Here we have the Canon EOS 5D Mark III.,39~60
544,4,CAMERA_3,['CAMERA_3'],"{'CAMERA_1': [], 'CAMERA_2': [], 'CAMERA_3': ['resolution']}",C_QUESTION_ABOUT_FEATURE,CAMERA_3,resolution,what is the resolution,S_NOT_SURE,CAMERA_3,,I'm not really sure about that,
544,5,CAMERA_3,['CAMERA_3'],"{'CAMERA_1': [], 'CAMERA_2': [], 'CAMERA_3': ['resolution', 'weight']}",C_QUESTION_ABOUT_FEATURE,CAMERA_3,weight,how much does this one weigh,S_ANSWERS_QUESTION_ABOUT_FEATURE,CAMERA_3,weight,This one weighs 950 grams (only body).,16~37
544,6,CAMERA_3,['CAMERA_3'],"{'CAMERA_1': [], 'CAMERA_2': [], 'CAMERA_3': ['resolution', 'weight', 'preset_modes']}",C_QUESTION_ABOUT_FEATURE,CAMERA_3,preset_modes,does it have preset modes,S_NOT_SURE,CAMERA_3,,I'm not really sure about that,
544,7,CAMERA_3,['CAMERA_3'],"{'CAMERA_1': [], 'CAMERA_2': [], 'CAMERA_3': ['resolution', 'weight', 'preset_modes', 'sensor_size']}",C_QUESTION_ABOUT_FEATURE,CAMERA_3,sensor_size,what is the sensor size,S_ANSWERS_QUESTION_ABOUT_FEATURE,CAMERA_3,sensor_size,This one has a full frame.,15~25
544,8,CAMERA_3,['CAMERA_3'],"{'CAMERA_1': [], 'CAMERA_2': [], 'CAMERA_3': ['resolution', 'weight', 'preset_modes', 'sensor_size', 'settings']}",C_QUESTION_ABOUT_FEATURE,CAMERA_3,settings,what kind of settings does it have,S_ANSWERS_QUESTION_ABOUT_FEATURE,CAMERA_3,settings,This one has full manual control.,13~32
544,9,CAMERA_3,['CAMERA_3'],"{'CAMERA_1': [], 'CAMERA_2': [], 'CAMERA_3': ['resolution', 'weight', 'preset_modes', 'sensor_size', 'settings', 'color']}",C_QUESTION_ABOUT_FEATURE,CAMERA_3,color,what colors does this one come in,S_ANSWERS_QUESTION_ABOUT_FEATURE,CAMERA_3,color,This one comes in black.,18~23
544,10,CAMERA_3,['CAMERA_3'],"{'CAMERA_1': [], 'CAMERA_2': [], 'CAMERA_3': ['resolution', 'weight', 'preset_modes', 'sensor_size', 'settings', 'color', 'optical_zoom']}",C_QUESTION_ABOUT_FEATURE,CAMERA_3,optical_zoom,does it have optical zoom,S_NOT_SURE,CAMERA_3,,I'm not really sure about that,
544,11,CAMERA_1,"['CAMERA_3', 'CAMERA_1']","{'CAMERA_1': [], 'CAMERA_2': [], 'CAMERA_3': ['resolution', 'weight', 'preset_modes', 'sensor_size', 'settings', 'color', 'optical_zoom']}",C_ANYTHING_ELSE_AVAILABLE,CAMERA_3,NONE,ok do you have any other cameras,S_INTRODUCES_CAMERA,CAMERA_1,,Let me show you this. Here we have the Nikon Coolpix S2800.,39~58
544,12,CAMERA_1,"['CAMERA_3', 'CAMERA_1']","{'CAMERA_1': ['price'], 'CAMERA_2': [], 'CAMERA_3': ['resolution', 'weight', 'preset_modes', 'sensor_size', 'settings', 'color', 'optical_zoom']}",C_SILENT_OR_BACKCHANNEL,CAMERA_1,NONE,alright,S_INTRODUCES_FEATURE,CAMERA_1,price,This one costs $2173.,15~20
544,13,CAMERA_1,"['CAMERA_3', 'CAMERA_1']","{'CAMERA_1': ['price', 'effects'], 'CAMERA_2': [], 'CAMERA_3': ['resolution', 'weight', 'preset_modes', 'sensor_size', 'settings', 'color', 'optical_zoom']}",C_SILENT_OR_BACKCHANNEL,CAMERA_1,NONE,alright,S_INTRODUCES_FEATURE,CAMERA_1,effects,"This one has 12 glamor retouch effects (e.g. skin softening, small face, big eyes).",13~82
544,14,CAMERA_1,"['CAMERA_3', 'CAMERA_1']","{'CAMERA_1': ['price', 'effects', 'preset_modes'], 'CAMERA_2': [], 'CAMERA_3': ['resolution', 'weight', 'preset_modes', 'sensor_size', 'settings', 'color', 'optical_zoom']}",C_SILENT_OR_BACKCHANNEL,CAMERA_1,NONE,okay,S_INTRODUCES_FEATURE,CAMERA_1,preset_modes,"This one has 18 preset modes (e.g. beach, snow, night portrait).",13~63
544,15,CAMERA_1,"['CAMERA_3', 'CAMERA_1']","{'CAMERA_1': ['price', 'effects', 'preset_modes', 'ISO'], 'CAMERA_2': [], 'CAMERA_3': ['resolution', 'weight', 'preset_modes', 'sensor_size', 'settings', 'color', 'optical_zoom']}",C_QUESTION_ABOUT_FEATURE,CAMERA_1,ISO,what is the ISO,S_NOT_SURE,CAMERA_1,,I'm not really sure about that,
544,16,CAMERA_2,"['CAMERA_3', 'CAMERA_1', 'CAMERA_2']","{'CAMERA_1': ['price', 'effects', 'preset_modes', 'ISO'], 'CAMERA_2': [], 'CAMERA_3': ['resolution', 'weight', 'preset_modes', 'sensor_size', 'settings', 'color', 'optical_zoom']}",C_ANYTHING_ELSE_AVAILABLE,CAMERA_1,NONE,ok do you have any other cameras,S_INTRODUCES_CAMERA,CAMERA_2,,Let me show you this. Here we have the Sony Alpha a6000.,39~55
544,17,CAMERA_2,"['CAMERA_3', 'CAMERA_1', 'CAMERA_2']","{'CAMERA_1': ['price', 'effects', 'preset_modes', 'ISO'], 'CAMERA_2': ['effects'], 'CAMERA_3': ['resolution', 'weight', 'preset_modes', 'sensor_size', 'settings', 'color', 'optical_zoom']}",C_SILENT_OR_BACKCHANNEL,CAMERA_2,NONE,I see,S_INTRODUCES_FEATURE,CAMERA_2,effects,"This one has 13 artistic effect modes (e.g. toy camera, soft focus).",13~67
544,18,CAMERA_2,"['CAMERA_3', 'CAMERA_1', 'CAMERA_2']","{'CAMERA_1': ['price', 'effects', 'preset_modes', 'ISO'], 'CAMERA_2': ['effects', 'price'], 'CAMERA_3': ['resolution', 'weight', 'preset_modes', 'sensor_size', 'settings', 'color', 'optical_zoom']}",C_SILENT_OR_BACKCHANNEL,CAMERA_2,NONE,okay,S_INTRODUCES_FEATURE,CAMERA_2,price,This one costs $1341.,15~20
544,19,CAMERA_2,"['CAMERA_3', 'CAMERA_1', 'CAMERA_2']","{'CAMERA_1': ['price', 'effects', 'preset_modes', 'ISO'], 'CAMERA_2': ['effects', 'price', 'camera_type'], 'CAMERA_3': ['resolution', 'weight', 'preset_modes', 'sensor_size', 'settings', 'color', 'optical_zoom']}",C_QUESTION_ABOUT_FEATURE,CAMERA_2,camera_type,what kind of camera is this,S_ANSWERS_QUESTION_ABOUT_FEATURE,CAMERA_2,camera_type,This is a mirrorless camera.,10~20
544,20,CAMERA_2,"['CAMERA_3', 'CAMERA_1', 'CAMERA_2']","{'CAMERA_1': ['price', 'effects', 'preset_modes', 'ISO'], 'CAMERA_2': ['effects', 'price', 'camera_type', 'sensor_size'], 'CAMERA_3': ['resolution', 'weight', 'preset_modes', 'sensor_size', 'settings', 'color', 'optical_zoom']}",C_QUESTION_ABOUT_FEATURE,CAMERA_2,sensor_size,what is the sensor size,S_ANSWERS_QUESTION_ABOUT_FEATURE,CAMERA_2,sensor_size,This one has a APS-C sensor (crop sensor).,15~41
544,21,CAMERA_2,"['CAMERA_3', 'CAMERA_1', 'CAMERA_2']","{'CAMERA_1': ['price', 'effects', 'preset_modes', 'ISO'], 'CAMERA_2': ['effects', 'price', 'camera_type', 'sensor_size', 'long_exposure'], 'CAMERA_3': ['resolution', 'weight', 'preset_modes', 'sensor_size', 'settings', 'color', 'optical_zoom']}",C_SILENT_OR_BACKCHANNEL,CAMERA_2,NONE,okay,S_INTRODUCES_FEATURE,CAMERA_2,long_exposure,This one can take long exposures up to up to 30 seconds.,39~55
544,22,CAMERA_2,"['CAMERA_3', 'CAMERA_1', 'CAMERA_2']","{'CAMERA_1': ['price', 'effects', 'preset_modes', 'ISO'], 'CAMERA_2': ['effects', 'price', 'camera_type', 'sensor_size', 'long_exposure', 'settings'], 'CAMERA_3': ['resolution', 'weight', 'preset_modes', 'sensor_size', 'settings', 'color', 'optical_zoom']}",C_QUESTION_ABOUT_FEATURE,CAMERA_2,settings,what kind of settings does it have,S_ANSWERS_QUESTION_ABOUT_FEATURE,CAMERA_2,settings,This one has full manual control.,13~32
544,23,CAMERA_2,"['CAMERA_3', 'CAMERA_1', 'CAMERA_2']","{'CAMERA_1': ['price', 'effects', 'preset_modes', 'ISO'], 'CAMERA_2': ['effects', 'price', 'camera_type', 'sensor_size', 'long_exposure', 'settings', 'ISO'], 'CAMERA_3': ['resolution', 'weight', 'preset_modes', 'sensor_size', 'settings', 'color', 'optical_zoom']}",C_SILENT_OR_BACKCHANNEL,CAMERA_2,NONE,alright,S_INTRODUCES_FEATURE,CAMERA_2,ISO,This one has up to 3200 ISO with little noise.,13~45
544,24,,"['CAMERA_3', 'CAMERA_1', 'CAMERA_2']","{'CAMERA_1': ['price', 'effects', 'preset_modes', 'ISO'], 'CAMERA_2': ['effects', 'price', 'camera_type', 'sensor_size', 'long_exposure', 'settings', 'ISO'], 'CAMERA_3': ['resolution', 'weight', 'preset_modes', 'sensor_size', 'settings', 'color', 'optical_zoom']}",C_ANYTHING_ELSE_AVAILABLE,CAMERA_2,NONE,ok do you have any other cameras,S_THATS_ALL_WE_HAVE_AVAILABLE,CAMERA_2,,That’s all we have available at the moment.,
544,25,NONE,"['CAMERA_3', 'CAMERA_1', 'CAMERA_2']","{'CAMERA_1': ['price', 'effects', 'preset_modes', 'ISO'], 'CAMERA_2': ['effects', 'price', 'camera_type', 'sensor_size', 'long_exposure', 'settings', 'ISO'], 'CAMERA_3': ['resolution', 'weight', 'preset_modes', 'sensor_size', 'settings', 'color', 'optical_zoom']}",C_THANK_YOU,CAMERA_2,NONE,thank you for your help,S_THANK_YOU,CAMERA_2,NONE,thank you very much,
544,26,NONE,"['CAMERA_3', 'CAMERA_1', 'CAMERA_2']","{'CAMERA_1': ['price', 'effects', 'preset_modes', 'ISO'], 'CAMERA_2': ['effects', 'price', 'camera_type', 'sensor_size', 'long_exposure', 'settings', 'ISO'], 'CAMERA_3': ['resolution', 'weight', 'preset_modes', 'sensor_size', 'settings', 'color', 'optical_zoom']}",C_LEAVES,DOOR,NONE,,S_RETURNS_TO_COUNTER,SERVICE_COUNTER,NONE,,
545,1,NONE,[],"{'CAMERA_1': [], 'CAMERA_2': [], 'CAMERA_3': []}",C_ENTERS,DOOR,NONE,,S_NONE,SERVICE_COUNTER,NONE,,
545,2,NONE,[],"{'CAMERA_1': [], 'CAMERA_2': [], 'CAMERA_3': []}",C_WALKS_TO_CAMERA,CAMERA_2,NONE,,S_GREETS,CAMERA_2,NONE,can I help you?,
545,3,CAMERA_1,['CAMERA_1'],"{'CAMERA_1': [], 'CAMERA_2': [], 'CAMERA_3': []}",C_LOOKING_FOR_A_CAMERA,CAMERA_2,NONE,I'm looking for a camera,S_INTRODUCES_CAMERA,CAMERA_1,,Let me show you this. Here we have the Nikon Coolpix S2800.,39~58
545,4,CAMERA_1,['CAMERA_1'],"{'CAMERA_1': ['resolution'], 'CAMERA_2': [], 'CAMERA_3': []}",C_SILENT_OR_BACKCHANNEL,CAMERA_1,NONE,I see,S_INTRODUCES_FEATURE,CAMERA_1,resolution,This one has 20.1 megapixels resolution.,13~28
545,5,NONE,['CAMERA_1'],"{'CAMERA_1': ['resolution'], 'CAMERA_2': [], 'CAMERA_3': []}",C_THANK_YOU,CAMERA_1,NONE,thank you for your help,S_THANK_YOU,CAMERA_1,NONE,thank you very much,
545,6,NONE,['CAMERA_1'],"{'CAMERA_1': ['resolution'], 'CAMERA_2': [], 'CAMERA_3': []}",C_LEAVES,DOOR,NONE,,S_RETURNS_TO_COUNTER,SERVICE_COUNTER,NONE,,
546,1,NONE,[],"{'CAMERA_1': [], 'CAMERA_2': [], 'CAMERA_3': []}",C_ENTERS,DOOR,NONE,,S_NONE,SERVICE_COUNTER,NONE,,
546,2,NONE,[],"{'CAMERA_1': [], 'CAMERA_2': [], 'CAMERA_3': []}",C_GREETS,MIDDLE,NONE,hello,S_GREETS,MIDDLE,NONE,can I help you?,
546,3,CAMERA_1,['CAMERA_1'],"{'CAMERA_1': [], 'CAMERA_2': [], 'CAMERA_3': []}",C_LOOKING_FOR_A_CAMERA,MIDDLE,NONE,I'm looking for a camera,S_INTRODUCES_CAMERA,CAMERA_1,,Let me show you this. Here we have the Nikon Coolpix S2800.,39~58
546,4,CAMERA_1,['CAMERA_1'],"{'CAMERA_1': ['long_exposure'], 'CAMERA_2': [], 'CAMERA_3': []}",C_QUESTION_ABOUT_FEATURE,CAMERA_1,long_exposure,can it take long exposure shots,S_NOT_SURE,CAMERA_1,,I'm not really sure about that,
546,5,CAMERA_1,['CAMERA_1'],"{'CAMERA_1': ['long_exposure', 'optical_zoom'], 'CAMERA_2': [], 'CAMERA_3': []}",C_QUESTION_ABOUT_FEATURE,CAMERA_1,optical_zoom,does it have optical zoom,S_ANSWERS_QUESTION_ABOUT_FEATURE,CAMERA_1,optical_zoom,This one has 5x optical zoom.,13~28
546,6,CAMERA_1,['CAMERA_1'],"{'CAMERA_1': ['long_exposure', 'optical_zoom', 'weight'], 'CAMERA_2': [], 'CAMERA_3': []}",C_QUESTION_ABOUT_FEATURE,CAMERA_1,weight,how much does this one weigh,S_ANSWERS_QUESTION_ABOUT_FEATURE,CAMERA_1,weight,This one weighs 120 grams.,16~25
546,7,CAMERA_1,['CAMERA_1'],"{'CAMERA_1': ['long_exposure', 'optical_zoom', 'weight', 'ISO'], 'CAMERA_2': [], 'CAMERA_3': []}",C_QUESTION_ABOUT_FEATURE,CAMERA_1,ISO,what is the ISO,S_NOT_SURE,CAMERA_1,,I'm not really sure about that,
546,8,CAMERA_1,['CAMERA_1'],"{'CAMERA_1': ['long_exposure', 'optical_zoom', 'weight', 'ISO', 'sensor_size'], 'CAMERA_2': [], 'CAMERA_3': []}",C_QUESTION_ABOUT_FEATURE,CAMERA_1,sensor_size,what is the sensor size,S_NOT_SURE,CAMERA_1,,I'm not really sure about that,
546,9,CAMERA_1,['CAMERA_1'],"{'CAMERA_1': ['long_exposure', 'optical_zoom', 'weight', 'ISO', 'sensor_size', 'color'], 'CAMERA_2': [], 'CAMERA_3': []}",C_SILENT_OR_BACKCHANNEL,CAMERA_1,NONE,okay,S_INTRODUCES_FEATURE,CAMERA_1,color,"This one comes in purple, pink, black, silver, red.",18~50
546,10,CAMERA_2,"['CAMERA_1', 'CAMERA_2']","{'CAMERA_1': ['long_exposure', 'optical_zoom', 'weight', 'ISO', 'sensor_size', 'color'], 'CAMERA_2': [], 'CAMERA_3': []}",C_ANYTHING_ELSE_AVAILABLE,CAMERA_1,NONE,ok do you have any other cameras,S_INTRODUCES_CAMERA,CAMERA_2,,Let me show you this. Here we have the Sony Alpha a6000.,39~55
546,11,CAMERA_2,"['CAMERA_1', 'CAMERA_2']","{'CAMERA_1': ['long_exposure', 'optical_zoom', 'weight', 'ISO', 'sensor_size', 'color'], 'CAMERA_2': ['weight'], 'CAMERA_3': []}",C_QUESTION_ABOUT_FEATURE,CAMERA_2,weight,how much does this one weigh,S_ANSWERS_QUESTION_ABOUT_FEATURE,CAMERA_2,weight,This one weighs 470 grams.,16~25
546,12,CAMERA_2,"['CAMERA_1', 'CAMERA_2']","{'CAMERA_1': ['long_exposure', 'optical_zoom', 'weight', 'ISO', 'sensor_size', 'color'], 'CAMERA_2': ['weight', 'price'], 'CAMERA_3': []}",C_SILENT_OR_BACKCHANNEL,CAMERA_2,NONE,okay,S_INTRODUCES_FEATURE,CAMERA_2,price,This one costs $1341.,15~20
546,13,CAMERA_2,"['CAMERA_1', 'CAMERA_2']","{'CAMERA_1': ['long_exposure', 'optical_zoom', 'weight', 'ISO', 'sensor_size', 'color'], 'CAMERA_2': ['weight', 'price', 'ISO'], 'CAMERA_3': []}",C_QUESTION_ABOUT_FEATURE,CAMERA_2,ISO,what is the ISO,S_ANSWERS_QUESTION_ABOUT_FEATURE,CAMERA_2,ISO,This one has up to 3200 ISO with little noise.,13~45
546,14,NONE,"['CAMERA_1', 'CAMERA_2']","{'CAMERA_1': ['long_exposure', 'optical_zoom', 'weight', 'ISO', 'sensor_size', 'color'], 'CAMERA_2': ['weight', 'price', 'ISO'], 'CAMERA_3': []}",C_THANK_YOU,CAMERA_2,NONE,thank you for your help,S_THANK_YOU,CAMERA_2,NONE,thank you very much,
546,15,NONE,"['CAMERA_1', 'CAMERA_2']","{'CAMERA_1': ['long_exposure', 'optical_zoom', 'weight', 'ISO', 'sensor_size', 'color'], 'CAMERA_2': ['weight', 'price', 'ISO'], 'CAMERA_3': []}",C_LEAVES,DOOR,NONE,,S_RETURNS_TO_COUNTER,SERVICE_COUNTER,NONE,,
547,1,NONE,[],"{'CAMERA_1': [], 'CAMERA_2': [], 'CAMERA_3': []}",C_ENTERS,DOOR,NONE,,S_NONE,SERVICE_COUNTER,NONE,,
547,2,NONE,[],"{'CAMERA_1': [], 'CAMERA_2': [], 'CAMERA_3': []}",C_GREETS,MIDDLE,NONE,hello,S_GREETS,MIDDLE,NONE,can I help you?,
547,3,CAMERA_1,['CAMERA_1'],"{'CAMERA_1': [], 'CAMERA_2': [], 'CAMERA_3': []}",C_LOOKING_FOR_A_CAMERA,MIDDLE,NONE,I'm looking for a camera,S_INTRODUCES_CAMERA,CAMERA_1,,Let me show you this. Here we have the Nikon Coolpix S2800.,39~58
547,4,CAMERA_1,['CAMERA_1'],"{'CAMERA_1': ['settings'], 'CAMERA_2': [], 'CAMERA_3': []}",C_QUESTION_ABOUT_FEATURE,CAMERA_1,settings,what kind of settings does it have,S_ANSWERS_QUESTION_ABOUT_FEATURE,CAMERA_1,settings,This one has limited manual settings.,13~36
547,5,CAMERA_1,['CAMERA_1'],"{'CAMERA_1': ['settings', 'resolution'], 'CAMERA_2': [], 'CAMERA_3': []}",C_QUESTION_ABOUT_FEATURE,CAMERA_1,resolution,what is the resolution,S_ANSWERS_QUESTION_ABOUT_FEATURE,CAMERA_1,resolution,This one has 20.1 megapixels resolution.,13~28
547,6,CAMERA_1,['CAMERA_1'],"{'CAMERA_1': ['settings', 'resolution', 'preset_modes'], 'CAMERA_2': [], 'CAMERA_3': []}",C_SILENT_OR_BACKCHANNEL,CAMERA_1,NONE,I see,S_INTRODUCES_FEATURE,CAMERA_1,preset_modes,"This one has 18 preset modes (e.g. beach, snow, night portrait).",13~63
547,7,CAMERA_1,['CAMERA_1'],"{'CAMERA_1': ['settings', 'resolution', 'preset_modes', 'price'], 'CAMERA_2': [], 'CAMERA_3': []}",C_QUESTION_ABOUT_FEATURE,CAMERA_1,price,how much does it cost,S_ANSWERS_QUESTION_ABOUT_FEATURE,CAMERA_1,price,This one costs $2173.,15~20
547,8,CAMERA_1,['CAMERA_1'],"{'CAMERA_1': ['settings', 'resolution', 'preset_modes', 'price', 'color'], 'CAMERA_2': [], 'CAMERA_3': []}",C_QUESTION_ABOUT_FEATURE,CAMERA_1,color,what colors does this one come in,S_ANSWERS_QUESTION_ABOUT_FEATURE,CAMERA_1,color,"This one comes in purple, pink, black, silver, red.",18~50
547,9,CAMERA_1,['CAMERA_1'],"{'CAMERA_1': ['settings', 'resolution', 'preset_modes', 'price', 'color', 'effects'], 'CAMERA_2': [], 'CAMERA_3': []}",C_QUESTION_ABOUT_FEATURE,CAMERA_1,effects,does it have any effect modes,S_ANSWERS_QUESTION_ABOUT_FEATURE,CAMERA_1,effects,"This one has 12 glamor retouch effects (e.g. skin softening, small face, big eyes).",13~82
547,10,CAMERA_1,['CAMERA_1'],"{'CAMERA_1': ['settings', 'resolution', 'preset_modes', 'price', 'color', 'effects', 'optical_zoom'], 'CAMERA_2': [], 'CAMERA_3': []}",C_SILENT_OR_BACKCHANNEL,CAMERA_1,NONE,I see,S_INTRODUCES_FEATURE,CAMERA_1,optical_zoom,This one has 5x optical zoom.,13~28
547,11,CAMERA_1,['CAMERA_1'],"{'CAMERA_1': ['settings', 'resolution', 'preset_modes', 'price', 'color', 'effects', 'optical_zoom', 'camera_type'], 'CAMERA_2': [], 'CAMERA_3': []}",C_SILENT_OR_BACKCHANNEL,CAMERA_1,NONE,I see,S_INTRODUCES_FEATURE,CAMERA_1,camera_type,This is a point and shoot camera.,10~25
547,12,CAMERA_1,['CAMERA_1'],"{'CAMERA_1': ['settings', 'resolution', 'preset_modes', 'price', 'color', 'effects', 'optical_zoom', 'camera_type', 'weight'], 'CAMERA_2': [], 'CAMERA_3': []}",C_SILENT_OR_BACKCHANNEL,CAMERA_1,NONE,alright,S_INTRODUCES_FEATURE,CAMERA_1,weight,This one weighs 120 grams.,16~25
547,13,CAMERA_1,['CAMERA_1'],"{'CAMERA_1': ['settings', 'resolution', 'preset_modes', 'price', 'color', 'effects', 'optical_zoom', 'camera_type', 'weight', 'sensor_size'], 'CAMERA_2': [], 'CAMERA_3': []}",C_QUESTION_ABOUT_FEATURE,CAMERA_1,sensor_size,what is the sensor size,S_NOT_SURE,CAMERA_1,,I'm not really sure about that,
547,14,CAMERA_1,['CAMERA_1'],"{'CAMERA_1': ['settings', 'resolution', 'preset_modes', 'price', 'color', 'effects', 'optical_zoom', 'camera_type', 'weight', 'sensor_size', 'ISO'], 'CAMERA_2': [], 'CAMERA_3': []}",C_QUESTION_ABOUT_FEATURE,CAMERA_1,ISO,what is the ISO,S_NOT_SURE,CAMERA_1,,I'm not really sure about that,
547,15,CAMERA_1,['CAMERA_1'],"{'CAMERA_1': ['settings', 'resolution', 'preset_modes', 'price', 'color', 'effects', 'optical_zoom', 'camera_type', 'weight', 'sensor_size', 'ISO', 'autofocus_points'], 'CAMERA_2': [], 'CAMERA_3': []}",C_QUESTION_ABOUT_FEATURE,CAMERA_1,autofocus_points,how many autofocus points does it have,S_NOT_SURE,CAMERA_1,,I'm not really sure about that,
547,16,NONE,['CAMERA_1'],"{'CAMERA_1': ['settings', 'resolution', 'preset_modes', 'price', 'color', 'effects', 'optical_zoom', 'camera_type', 'weight', 'sensor_size', 'ISO', 'autofocus_points'], 'CAMERA_2': [], 'CAMERA_3': []}",C_THANK_YOU,CAMERA_1,NONE,thank you for your help,S_THANK_YOU,CAMERA_1,NONE,thank you very much,
547,17,NONE,['CAMERA_1'],"{'CAMERA_1': ['settings', 'resolution', 'preset_modes', 'price', 'color', 'effects', 'optical_zoom', 'camera_type', 'weight', 'sensor_size', 'ISO', 'autofocus_points'], 'CAMERA_2': [], 'CAMERA_3': []}",C_LEAVES,DOOR,NONE,,S_RETURNS_TO_COUNTER,SERVICE_COUNTER,NONE,,
548,1,NONE,[],"{'CAMERA_1': [], 'CAMERA_2': [], 'CAMERA_3': []}",C_ENTERS,DOOR,NONE,,S_NONE,SERVICE_COUNTER,NONE,,
548,2,NONE,[],"{'CAMERA_1': [], 'CAMERA_2': [], 'CAMERA_3': []}",C_GREETS,MIDDLE,NONE,hello,S_GREETS,MIDDLE,NONE,can I help you?,
548,3,CAMERA_1,['CAMERA_1'],"{'CAMERA_1': [], 'CAMERA_2': [], 'CAMERA_3': []}",C_LOOKING_FOR_A_CAMERA,MIDDLE,NONE,I'm looking for a camera,S_INTRODUCES_CAMERA,CAMERA_1,,Let me show you this. Here we have the Nikon Coolpix S2800.,39~58
548,4,CAMERA_1,['CAMERA_1'],"{'CAMERA_1': ['effects'], 'CAMERA_2': [], 'CAMERA_3': []}",C_SILENT_OR_BACKCHANNEL,CAMERA_1,NONE,I see,S_INTRODUCES_FEATURE,CAMERA_1,effects,"This one has 12 glamor retouch effects (e.g. skin softening, small face, big eyes).",13~82
548,5,CAMERA_1,['CAMERA_1'],"{'CAMERA_1': ['effects', 'camera_type'], 'CAMERA_2': [], 'CAMERA_3': []}",C_QUESTION_ABOUT_FEATURE,CAMERA_1,camera_type,what kind of camera is this,S_ANSWERS_QUESTION_ABOUT_FEATURE,CAMERA_1,camera_type,This is a point and shoot camera.,10~25
548,6,CAMERA_1,['CAMERA_1'],"{'CAMERA_1': ['effects', 'camera_type', 'preset_modes'], 'CAMERA_2': [], 'CAMERA_3': []}",C_SILENT_OR_BACKCHANNEL,CAMERA_1,NONE,alright,S_INTRODUCES_FEATURE,CAMERA_1,preset_modes,"This one has 18 preset modes (e.g. beach, snow, night portrait).",13~63
548,7,CAMERA_1,['CAMERA_1'],"{'CAMERA_1': ['effects', 'camera_type', 'preset_modes', 'price'], 'CAMERA_2': [], 'CAMERA_3': []}",C_SILENT_OR_BACKCHANNEL,CAMERA_1,NONE,I see,S_INTRODUCES_FEATURE,CAMERA_1,price,This one costs $2173.,15~20
548,8,CAMERA_3,"['CAMERA_1', 'CAMERA_3']","{'CAMERA_1': ['effects', 'camera_type', 'preset_modes', 'price'], 'CAMERA_2': [], 'CAMERA_3': []}",C_ANYTHING_ELSE_AVAILABLE,CAMERA_1,NONE,ok do you have any other cameras,S_INTRODUCES_CAMERA,CAMERA_3,,Let me show you this. Here we have the Canon EOS 5D Mark III.,39~60
548,9,CAMERA_3,"['CAMERA_1', 'CAMERA_3']","{'CAMERA_1': ['effects', 'camera_type', 'preset_modes', 'price'], 'CAMERA_2': [], 'CAMERA_3': ['effects']}",C_QUESTION_ABOUT_FEATURE,CAMERA_3,effects,does it have any effect modes,S_NOT_SURE,CAMERA_3,,I'm not really sure about that,
548,10,CAMERA_2,"['CAMERA_1', 'CAMERA_3', 'CAMERA_2']","{'CAMERA_1': ['effects', 'camera_type', 'preset_modes', 'price'], 'CAMERA_2': [], 'CAMERA_3': ['effects']}",C_ANYTHING_ELSE_AVAILABLE,CAMERA_3,NONE,ok do you have any other cameras,S_INTRODUCES_CAMERA,CAMERA_2,,Let me show you this. Here we have the Sony Alpha a6000.,39~55
548,11,CAMERA_2,"['CAMERA_1', 'CAMERA_3', 'CAMERA_2']","{'CAMERA_1': ['effects', 'camera_type', 'preset_modes', 'price'], 'CAMERA_2': ['camera_type'], 'CAMERA_3': ['effects']}",C_QUESTION_ABOUT_FEATURE,CAMERA_2,camera_type,what kind of camera is this,S_ANSWERS_QUESTION_ABOUT_FEATURE,CAMERA_2,camera_type,This is a mirrorless camera.,10~20
548,12,CAMERA_2,"['CAMERA_1', 'CAMERA_3', 'CAMERA_2']","{'CAMERA_1': ['effects', 'camera_type', 'preset_modes', 'price'], 'CAMERA_2': ['camera_type', 'weight'], 'CAMERA_3': ['effects']}",C_QUESTION_ABOUT_FEATURE,CAMERA_2,weight,how much does this one weigh,S_ANSWERS_QUESTION_ABOUT_FEATURE,CAMERA_2,weight,This one weighs 470 grams.,16~25
548,13,CAMERA_2,"['CAMERA_1', 'CAMERA_3', 'CAMERA_2']","{'CAMERA_1': ['effects', 'camera_type', 'preset_modes', 'price'], 'CAMERA_2': ['camera_type', 'weight', 'color'], 'CAMERA_3': ['effects']}",C_SILENT_OR_BACKCHANNEL,CAMERA_2,NONE,alright,S_INTRODUCES_FEATURE,CAMERA_2,color,"This one comes in white, silver, black.",18~38
548,14,CAMERA_2,"['CAMERA_1', 'CAMERA_3', 'CAMERA_2']","{'CAMERA_1': ['effects', 'camera_type', 'preset_modes', 'price'], 'CAMERA_2': ['camera_type', 'weight', 'color', 'effects'], 'CAMERA_3': ['effects']}",C_SILENT_OR_BACKCHANNEL,CAMERA_2,NONE,I see,S_INTRODUCES_FEATURE,CAMERA_2,effects,"This one has 13 artistic effect modes (e.g. toy camera, soft focus).",13~67
548,15,CAMERA_2,"['CAMERA_1', 'CAMERA_3', 'CAMERA_2']","{'CAMERA_1': ['effects', 'camera_type', 'preset_modes', 'price'], 'CAMERA_2': ['camera_type', 'weight', 'color', 'effects', 'sensor_size'], 'CAMERA_3': ['effects']}",C_QUESTION_ABOUT_FEATURE,CAMERA_2,sensor_size,what is the sensor size,S_ANSWERS_QUESTION_ABOUT_FEATURE,CAMERA_2,sensor_size,This one has a APS-C sensor (crop sensor).,15~41
548,16,CAMERA_2,"['CAMERA_1', 'CAMERA_3', 'CAMERA_2']","{'CAMERA_1': ['effects', 'camera_type', 'preset_modes', 'price'], 'CAMERA_2': ['camera_type', 'weight', 'color', 'effects', 'sensor_size', 'preset_modes'], 'CAMERA_3': ['effects']}",C_SILENT_OR_BACKCHANNEL,CAMERA_2,NONE,alright,S_INTRODUCES_FEATURE,CAMERA_2,preset_modes,"This one has 9 preset modes (e.g. beach, snow, night, portrait).",13~63
548,17,CAMERA_2,"['CAMERA_1', 'CAMERA_3', 'CAMERA_2']","{'CAMERA_1': ['effects', 'camera_type', 'preset_modes', 'price'], 'CAMERA_2': ['camera_type', 'weight', 'color', 'effects', 'sensor_size', 'preset_modes', 'long_exposure'], 'CAMERA_3': ['effects']}",C_SILENT_OR_BACKCHANNEL,CAMERA_2,NONE,okay,S_INTRODUCES_FEATURE,CAMERA_2,long_exposure,This one can take long exposures up to up to 30 seconds.,39~55
548,18,CAMERA_2,"['CAMERA_1', 'CAMERA_3', 'CAMERA_2']","{'CAMERA_1': ['effects', 'camera_type', 'preset_modes', 'price'], 'CAMERA_2': ['camera_type', 'weight', 'color', 'effects', 'sensor_size', 'preset_modes', 'long_exposure', 'price'], 'CAMERA_3': ['effects']}",C_QUESTION_ABOUT_FEATURE,CAMERA_2,price,how much does it cost,S_ANSWERS_QUESTION_ABOUT_FEATURE,CAMERA_2,price,This one costs $1341.,15~20
548,19,CAMERA_2,"['CAMERA_1', 'CAMERA_3', 'CAMERA_2']","{'CAMERA_1': ['effects', 'camera_type', 'preset_modes', 'price'], 'CAMERA_2': ['camera_type', 'weight', 'color', 'effects', 'sensor_size', 'preset_modes', 'long_exposure', 'price', 'settings'], 'CAMERA_3': ['effects']}",C_SILENT_OR_BACKCHANNEL,CAMERA_2,NONE,I see,S_INTRODUCES_FEATURE,CAMERA_2,settings,This one has full manual control.,13~32
548,20,NONE,"['CAMERA_1', 'CAMERA_3', 'CAMERA_2']","{'CAMERA_1': ['effects', 'camera_type', 'preset_modes', 'price'], 'CAMERA_2': ['camera_type', 'weight', 'color', 'effects', 'sensor_size', 'preset_modes', 'long_exposure', 'price', 'settings'], 'CAMERA_3': ['effects']}",C_THANK_YOU,CAMERA_2,NONE,thank you for your help,S_THANK_YOU,CAMERA_2,NONE,thank you very much,
548,21,NONE,"['CAMERA_1', 'CAMERA_3', 'CAMERA_2']","{'CAMERA_1': ['effects', 'camera_type', 'preset_modes', 'price'], 'CAMERA_2': ['camera_type', 'weight', 'color', 'effects', 'sensor_size', 'preset_modes', 'long_exposure', 'price', 'settings'], 'CAMERA_3': ['effects']}",C_LEAVES,DOOR,NONE,,S_RETURNS_TO_COUNTER,SERVICE_COUNTER,NONE,,
549,1,NONE,[],"{'CAMERA_1': [], 'CAMERA_2': [], 'CAMERA_3': []}",C_ENTERS,DOOR,NONE,,S_NONE,SERVICE_COUNTER,NONE,,
549,2,NONE,[],"{'CAMERA_1': [], 'CAMERA_2': [], 'CAMERA_3': []}",C_GREETS,MIDDLE,NONE,hello,S_GREETS,MIDDLE,NONE,can I help you?,
549,3,CAMERA_3,['CAMERA_3'],"{'CAMERA_1': [], 'CAMERA_2': [], 'CAMERA_3': []}",C_LOOKING_FOR_A_CAMERA,MIDDLE,NONE,I'm looking for a camera,S_INTRODUCES_CAMERA,CAMERA_3,,Let me show you this. Here we have the Canon EOS 5D Mark III.,39~60
549,4,CAMERA_3,['CAMERA_3'],"{'CAMERA_1': [], 'CAMERA_2': [], 'CAMERA_3': ['price']}",C_SILENT_OR_BACKCHANNEL,CAMERA_3,NONE,I see,S_INTRODUCES_FEATURE,CAMERA_3,price,This one costs $3706.,15~20
549,5,NONE,['CAMERA_3'],"{'CAMERA_1': [], 'CAMERA_2': [], 'CAMERA_3': ['price']}",C_THANK_YOU,CAMERA_3,NONE,thank you for your help,S_THANK_YOU,CAMERA_3,NONE,thank you very much,
549,6,NONE,['CAMERA_3'],"{'CAMERA_1': [], 'CAMERA_2': [], 'CAMERA_3': ['price']}",C_LEAVES,DOOR,NONE,,S_RETURNS_TO_COUNTER,SERVICE_COUNTER,NONE,,
550,1,NONE,[],"{'CAMERA_1': [], 'CAMERA_2': [], 'CAMERA_3': []}",C_ENTERS,DOOR,NONE,,S_NONE,SERVICE_COUNTER,NONE,,
550,2,NONE,[],"{'CAMERA_1': [], 'CAMERA_2': [], 'CAMERA_3': []}",C_GREETS,MIDDLE,NONE,hello,S_GREETS,MIDDLE,NONE,can I help you?,
550,3,CAMERA_3,['CAMERA_3'],"{'CAMERA_1': [], 'CAMERA_2': [], 'CAMERA_3': []}",C_LOOKING_FOR_A_CAMERA,MIDDLE,NONE,I'm looking for a camera,S_INTRODUCES_CAMERA,CAMERA_3,,Let me show you this. Here we have the Canon EOS 5D Mark III.,39~60
550,4,CAMERA_3,['CAMERA_3'],"{'CAMERA_1': [], 'CAMERA_2': [], 'CAMERA_3': ['weight']}",C_QUESTION_ABOUT_FEATURE,CAMERA_3,weight,how much does this one weigh,S_ANSWERS_QUESTION_ABOUT_FEATURE,CAMERA_3,weight,This one weighs 950 grams (only body).,16~37
550,5,NONE,['CAMERA_3'],"{'CAMERA_1': [], 'CAMERA_2': [], 'CAMERA_3': ['weight']}",C_THANK_YOU,CAMERA_3,NONE,thank you for your help,S_THANK_YOU,CAMERA_3,NONE,thank you very much,
550,6,NONE,['CAMERA_3'],"{'CAMERA_1': [], 'CAMERA_2': [], 'CAMERA_3': ['weight']}",C_LEAVES,DOOR,NONE,,S_RETURNS_TO_COUNTER,SERVICE_COUNTER,NONE,,
551,1,NONE,[],"{'CAMERA_1': [], 'CAMERA_2': [], 'CAMERA_3': []}",C_ENTERS,DOOR,NONE,,S_NONE,SERVICE_COUNTER,NONE,,
551,2,NONE,[],"{'CAMERA_1': [], 'CAMERA_2': [], 'CAMERA_3': []}",C_WALKS_TO_CAMERA,CAMERA_2,NONE,,S_GREETS,CAMERA_2,NONE,can I help you?,
551,3,CAMERA_3,['CAMERA_3'],"{'CAMERA_1': [], 'CAMERA_2': [], 'CAMERA_3': []}",C_LOOKING_FOR_A_CAMERA,CAMERA_2,NONE,I'm looking for a camera,S_INTRODUCES_CAMERA,CAMERA_3,,Let me show you this. Here we have the Canon EOS 5D Mark III.,39~60
551,4,CAMERA_3,['CAMERA_3'],"{'CAMERA_1': [], 'CAMERA_2': [], 'CAMERA_3': ['optical_zoom']}",C_QUESTION_ABOUT_FEATURE,CAMERA_3,optical_zoom,does it have optical zoom,S_NOT_SURE,CAMERA_3,,I'm not really sure about that,
551,5,CAMERA_3,['CAMERA_3'],"{'CAMERA_1': [], 'CAMERA_2': [], 'CAMERA_3': ['optical_zoom', 'camera_type']}",C_SILENT_OR_BACKCHANNEL,CAMERA_3,NONE,alright,S_INTRODUCES_FEATURE,CAMERA_3,camera_type,This is a DSLR camera.,10~14
551,6,NONE,['CAMERA_3'],"{'CAMERA_1': [], 'CAMERA_2': [], 'CAMERA_3': ['optical_zoom', 'camera_type']}",C_THANK_YOU,CAMERA_3,NONE,thank you for your help,S_THANK_YOU,CAMERA_3,NONE,thank you very much,
551,7,NONE,['CAMERA_3'],"{'CAMERA_1': [], 'CAMERA_2': [], 'CAMERA_3': ['optical_zoom', 'camera_type']}",C_LEAVES,DOOR,NONE,,S_RETURNS_TO_COUNTER,SERVICE_COUNTER,NONE,,
552,1,NONE,[],"{'CAMERA_1': [], 'CAMERA_2': [], 'CAMERA_3': []}",C_ENTERS,DOOR,NONE,,S_NONE,SERVICE_COUNTER,NONE,,
552,2,NONE,[],"{'CAMERA_1': [], 'CAMERA_2': [], 'CAMERA_3': []}",C_GREETS,MIDDLE,NONE,hello,S_GREETS,MIDDLE,NONE,can I help you?,
552,3,CAMERA_2,['CAMERA_2'],"{'CAMERA_1': [], 'CAMERA_2': [], 'CAMERA_3': []}",C_LOOKING_FOR_A_CAMERA,MIDDLE,NONE,I'm looking for a camera,S_INTRODUCES_CAMERA,CAMERA_2,,Let me show you this. Here we have the Sony Alpha a6000.,39~55
552,4,CAMERA_2,['CAMERA_2'],"{'CAMERA_1': [], 'CAMERA_2': ['resolution'], 'CAMERA_3': []}",C_QUESTION_ABOUT_FEATURE,CAMERA_2,resolution,what is the resolution,S_NOT_SURE,CAMERA_2,,I'm not really sure about that,
552,5,CAMERA_2,['CAMERA_2'],"{'CAMERA_1': [], 'CAMERA_2': ['resolution', 'preset_modes'], 'CAMERA_3': []}",C_QUESTION_ABOUT_FEATURE,CAMERA_2,preset_modes,does it have preset modes,S_ANSWERS_QUESTION_ABOUT_FEATURE,CAMERA_2,preset_modes,"This one has 9 preset modes (e.g. beach, snow, night, portrait).",13~63
552,6,CAMERA_2,['CAMERA_2'],"{'CAMERA_1': [], 'CAMERA_2': ['resolution', 'preset_modes', 'autofocus_points'], 'CAMERA_3': []}",C_QUESTION_ABOUT_FEATURE,CAMERA_2,autofocus_points,how many autofocus points does it have,S_ANSWERS_QUESTION_ABOUT_FEATURE,CAMERA_2,autofocus_points,This one has 179 autofocus points.,13~33
552,7,NONE,['CAMERA_2'],"{'CAMERA_1': [], 'CAMERA_2': ['resolution', 'preset_modes', 'autofocus_points'], 'CAMERA_3': []}",C_THANK_YOU,CAMERA_2,NONE,thank you for your help,S_THANK_YOU,CAMERA_2,NONE,thank you very much,
552,8,NONE,['CAMERA_2'],"{'CAMERA_1': [], 'CAMERA_2': ['resolution', 'preset_modes', 'autofocus_points'], 'CAMERA_3': []}",C_LEAVES,DOOR,NONE,,S_RETURNS_TO_COUNTER,SERVICE_COUNTER,NONE,,
553,1,NONE,[],"{'CAMERA_1': [], 'CAMERA_2': [], 'CAMERA_3': []}",C_ENTERS,DOOR,NONE,,S_NONE,SERVICE_COUNTER,NONE,,
553,2,NONE,[],"{'CAMERA_1': [], 'CAMERA_2': [], 'CAMERA_3': []}",C_WALKS_TO_CAMERA,CAMERA_2,NONE,,S_NONE,SERVICE_COUNTER,NONE,,
553,3,CAMERA_2,['CAMERA_2'],"{'CAMERA_1': [], 'CAMERA_2': ['weight'], 'CAMERA_3': []}",C_QUESTION_ABOUT_FEATURE,CAMERA_2,weight,how much does this one weigh,S_ANSWERS_QUESTION_ABOUT_FEATURE,CAMERA_2,weight,This one weighs 470 grams.,16~25
553,4,CAMERA_2,['CAMERA_2'],"{'CAMERA_1': [], 'CAMERA_2': ['weight', 'price'], 'CAMERA_3': []}",C_QUESTION_ABOUT_FEATURE,CAMERA_2,price,how much does it cost,S_ANSWERS_QUESTION_ABOUT_FEATURE,CAMERA_2,price,This one costs $1341.,15~20
553,5,CAMERA_2,['CAMERA_2'],"{'CAMERA_1': [], 'CAMERA_2': ['weight', 'price', 'sensor_size'], 'CAMERA_3': []}",C_SILENT_OR_BACKCHANNEL,CAMERA_2,NONE,I see,S_INTRODUCES_FEATURE,CAMERA_2,sensor_size,This one has a APS-C sensor (crop sensor).,15~41
553,6,CAMERA_2,['CAMERA_2'],"{'CAMERA_1': [], 'CAMERA_2': ['weight', 'price', 'sensor_size', 'preset_modes'], 'CAMERA_3': []}",C_SILENT_OR_BACKCHANNEL,CAMERA_2,NONE,alright,S_INTRODUCES_FEATURE,CAMERA_2,preset_modes,"This one has 9 preset modes (e.g. beach, snow, night, portrait).",13~63
553,7,CAMERA_3,"['CAMERA_2', 'CAMERA_3']","{'CAMERA_1': [], 'CAMERA_2': ['weight', 'price', 'sensor_size', 'preset_modes'], 'CAMERA_3': []}",C_ANYTHING_ELSE_AVAILABLE,CAMERA_2,NONE,ok do you have any other cameras,S_INTRODUCES_CAMERA,CAMERA_3,,Let me show you this. Here we have the Canon EOS 5D Mark III.,39~60
553,8,CAMERA_3,"['CAMERA_2', 'CAMERA_3']","{'CAMERA_1': [], 'CAMERA_2': ['weight', 'price', 'sensor_size', 'preset_modes'], 'CAMERA_3': ['settings']}",C_QUESTION_ABOUT_FEATURE,CAMERA_3,settings,what kind of settings does it have,S_ANSWERS_QUESTION_ABOUT_FEATURE,CAMERA_3,settings,This one has full manual control.,13~32
553,9,CAMERA_3,"['CAMERA_2', 'CAMERA_3']","{'CAMERA_1': [], 'CAMERA_2': ['weight', 'price', 'sensor_size', 'preset_modes'], 'CAMERA_3': ['settings', 'color']}",C_QUESTION_ABOUT_FEATURE,CAMERA_3,color,what colors does this one come in,S_ANSWERS_QUESTION_ABOUT_FEATURE,CAMERA_3,color,This one comes in black.,18~23
553,10,CAMERA_3,"['CAMERA_2', 'CAMERA_3']","{'CAMERA_1': [], 'CAMERA_2': ['weight', 'price', 'sensor_size', 'preset_modes'], 'CAMERA_3': ['settings', 'color', 'price']}",C_SILENT_OR_BACKCHANNEL,CAMERA_3,NONE,I see,S_INTRODUCES_FEATURE,CAMERA_3,price,This one costs $3706.,15~20
553,11,NONE,"['CAMERA_2', 'CAMERA_3']","{'CAMERA_1': [], 'CAMERA_2': ['weight', 'price', 'sensor_size', 'preset_modes'], 'CAMERA_3': ['settings', 'color', 'price']}",C_THANK_YOU,CAMERA_3,NONE,thank you for your help,S_THANK_YOU,CAMERA_3,NONE,thank you very much,
553,12,NONE,"['CAMERA_2', 'CAMERA_3']","{'CAMERA_1': [], 'CAMERA_2': ['weight', 'price', 'sensor_size', 'preset_modes'], 'CAMERA_3': ['settings', 'color', 'price']}",C_LEAVES,DOOR,NONE,,S_RETURNS_TO_COUNTER,SERVICE_COUNTER,NONE,,
554,1,NONE,[],"{'CAMERA_1': [], 'CAMERA_2': [], 'CAMERA_3': []}",C_ENTERS,DOOR,NONE,,S_NONE,SERVICE_COUNTER,NONE,,
554,2,NONE,[],"{'CAMERA_1': [], 'CAMERA_2': [], 'CAMERA_3': []}",C_WALKS_TO_CAMERA,CAMERA_1,NONE,,S_GREETS,CAMERA_1,NONE,can I help you?,
554,3,CAMERA_2,['CAMERA_2'],"{'CAMERA_1': [], 'CAMERA_2': [], 'CAMERA_3': []}",C_LOOKING_FOR_A_CAMERA,CAMERA_1,NONE,I'm looking for a camera,S_INTRODUCES_CAMERA,CAMERA_2,,Let me show you this. Here we have the Sony Alpha a6000.,39~55
554,4,CAMERA_2,['CAMERA_2'],"{'CAMERA_1': [], 'CAMERA_2': ['sensor_size'], 'CAMERA_3': []}",C_SILENT_OR_BACKCHANNEL,CAMERA_2,NONE,okay,S_INTRODUCES_FEATURE,CAMERA_2,sensor_size,This one has a APS-C sensor (crop sensor).,15~41
554,5,CAMERA_2,['CAMERA_2'],"{'CAMERA_1': [], 'CAMERA_2': ['sensor_size', 'settings'], 'CAMERA_3': []}",C_QUESTION_ABOUT_FEATURE,CAMERA_2,settings,what kind of settings does it have,S_ANSWERS_QUESTION_ABOUT_FEATURE,CAMERA_2,settings,This one has full manual control.,13~32
554,6,CAMERA_2,['CAMERA_2'],"{'CAMERA_1': [], 'CAMERA_2': ['sensor_size', 'settings', 'color'], 'CAMERA_3': []}",C_QUESTION_ABOUT_FEATURE,CAMERA_2,color,what colors does this one come in,S_ANSWERS_QUESTION_ABOUT_FEATURE,CAMERA_2,color,"This one comes in white, silver, black.",18~38
554,7,CAMERA_2,['CAMERA_2'],"{'CAMERA_1': [], 'CAMERA_2': ['sensor_size', 'settings', 'color', 'ISO'], 'CAMERA_3': []}",C_QUESTION_ABOUT_FEATURE,CAMERA_2,ISO,what is the ISO,S_ANSWERS_QUESTION_ABOUT_FEATURE,CAMERA_2,ISO,This one has up to 3200 ISO with little noise.,13~45
554,8,CAMERA_2,['CAMERA_2'],"{'CAMERA_1': [], 'CAMERA_2': ['sensor_size', 'settings', 'color', 'ISO', 'weight'], 'CAMERA_3': []}",C_SILENT_OR_BACKCHANNEL,CAMERA_2,NONE,alright,S_INTRODUCES_FEATURE,CAMERA_2,weight,This one weighs 470 grams.,16~25
554,9,CAMERA_2,['CAMERA_2'],"{'CAMERA_1': [], 'CAMERA_2': ['sensor_size', 'settings', 'color', 'ISO', 'weight', 'resolution'], 'CAMERA_3': []}",C_QUESTION_ABOUT_FEATURE,CAMERA_2,resolution,what is the resolution,S_NOT_SURE,CAMERA_2,,I'm not really sure about that,
554,10,CAMERA_2,['CAMERA_2'],"{'CAMERA_1': [], 'CAMERA_2': ['sensor_size', 'settings', 'color', 'ISO', 'weight', 'resolution', 'long_exposure'], 'CAMERA_3': []}",C_SILENT_OR_BACKCHANNEL,CAMERA_2,NONE,I see,S_INTRODUCES_FEATURE,CAMERA_2,long_exposure,This one can take long exposures up to up to 30 seconds.,39~55
554,11,CAMERA_2,['CAMERA_2'],"{'CAMERA_1': [], 'CAMERA_2': ['sensor_size', 'settings', 'color', 'ISO', 'weight', 'resolution', 'long_exposure', 'effects'], 'CAMERA_3': []}",C_QUESTION_ABOUT_FEATURE,CAMERA_2,effects,does it have any effect modes,S_ANSWERS_QUESTION_ABOUT_FEATURE,CAMERA_2,effects,"This one has 13 artistic effect modes (e.g. toy camera, soft focus).",13~67
554,12,CAMERA_2,['CAMERA_2'],"{'CAMERA_1': [], 'CAMERA_2': ['sensor_size', 'settings', 'color', 'ISO', 'weight', 'resolution', 'long_exposure', 'effects', 'autofocus_points'], 'CAMERA_3': []}",C_QUESTION_ABOUT_FEATURE,CAMERA_2,autofocus_points,how many autofocus points does it have,S_ANSWERS_QUESTION_ABOUT_FEATURE,CAMERA_2,autofocus_points,This one has 179 autofocus points.,13~33
554,13,CAMERA_2,['CAMERA_2'],"{'CAMERA_1': [], 'CAMERA_2': ['sensor_size', 'settings', 'color', 'ISO', 'weight', 'resolution', 'long_exposure', 'effects', 'autofocus_points', 'optical_zoom'], 'CAMERA_3': []}",C_QUESTION_ABOUT_FEATURE,CAMERA_2,optical_zoom,does it have optical zoom,S_NOT_SURE,CAMERA_2,,I'm not really sure about that,
554,14,CAMERA_2,['CAMERA_2'],"{'CAMERA_1': [], 'CAMERA_2': ['sensor_size', 'settings', 'color', 'ISO', 'weight', 'resolution', 'long_exposure', 'effects', 'autofocus_points', 'optical_zoom', 'camera_type'], 'CAMERA_3': []}",C_SILENT_OR_BACKCHANNEL,CAMERA_2,NONE,alright,S_INTRODUCES_FEATURE,CAMERA_2,camera_type,This is a mirrorless camera.,10~20
554,15,CAMERA_2,['CAMERA_2'],"{'CAMERA_1': [], 'CAMERA_2': ['sensor_size', 'settings', 'color', 'ISO', 'weight', 'resolution', 'long_exposure', 'effects', 'autofocus_points', 'optical_zoom', 'camera_type', 'preset_modes'], 'CAMERA_3': []}",C_SILENT_OR_BACKCHANNEL,CAMERA_2,NONE,okay,S_INTRODUCES_FEATURE,CAMERA_2,preset_modes,"This one has 9 preset modes (e.g. beach, snow, night, portrait).",13~63
554,16,NONE,['CAMERA_2'],"{'CAMERA_1': [], 'CAMERA_2': ['sensor_size', 'settings', 'color', 'ISO', 'weight', 'resolution', 'long_exposure', 'effects', 'autofocus_points', 'optical_zoom', 'camera_type', 'preset_modes'], 'CAMERA_3': []}",C_THANK_YOU,CAMERA_2,NONE,thank you for your help,S_THANK_YOU,CAMERA_2,NONE,thank you very much,
554,17,NONE,['CAMERA_2'],"{'CAMERA_1': [], 'CAMERA_2': ['sensor_size', 'settings', 'color', 'ISO', 'weight', 'resolution', 'long_exposure', 'effects', 'autofocus_points', 'optical_zoom', 'camera_type', 'preset_modes'], 'CAMERA_3': []}",C_LEAVES,DOOR,NONE,,S_RETURNS_TO_COUNTER,SERVICE_COUNTER,NONE,,
555,1,NONE,[],"{'CAMERA_1': [], 'CAMERA_2': [], 'CAMERA_3': []}",C_ENTERS,DOOR,NONE,,S_NONE,SERVICE_COUNTER,NONE,,
555,2,NONE,[],"{'CAMERA_1': [], 'CAMERA_2': [], 'CAMERA_3': []}",C_GREETS,MIDDLE,NONE,hello,S_GREETS,MIDDLE,NONE,can I help you?,
555,3,CAMERA_3,['CAMERA_3'],"{'CAMERA_1': [], 'CAMERA_2': [], 'CAMERA_3': []}",C_LOOKING_FOR_A_CAMERA,MIDDLE,NONE,I'm looking for a camera,S_INTRODUCES_CAMERA,CAMERA_3,,Let me show you this. Here we have the Canon EOS 5D Mark III.,39~60
555,4,CAMERA_3,['CAMERA_3'],"{'CAMERA_1': [], 'CAMERA_2': [], 'CAMERA_3': ['optical_zoom']}",C_QUESTION_ABOUT_FEATURE,CAMERA_3,optical_zoom,does it have optical zoom,S_NOT_SURE,CAMERA_3,,I'm not really sure about that,
555,5,NONE,['CAMERA_3'],"{'CAMERA_1': [], 'CAMERA_2': [], 'CAMERA_3': ['optical_zoom']}",C_THANK_YOU,CAMERA_3,NONE,thank you for your help,S_THANK_YOU,CAMERA_3,NONE,thank you very much,
555,6,NONE,['CAMERA_3'],"{'CAMERA_1': [], 'CAMERA_2': [], 'CAMERA_3': ['optical_zoom']}",C_LEAVES,DOOR,NONE,,S_RETURNS_TO_COUNTER,SERVICE_COUNTER,NONE,,
556,1,NONE,[],"{'CAMERA_1': [], 'CAMERA_2': [], 'CAMERA_3': []}",C_ENTERS,DOOR,NONE,,S_NONE,SERVICE_COUNTER,NONE,,
556,2,NONE,[],"{'CAMERA_1': [], 'CAMERA_2': [], 'CAMERA_3': []}",C_WALKS_TO_CAMERA,CAMERA_3,NONE,,S_GREETS,CAMERA_3,NONE,can I help you?,
556,3,CAMERA_1,['CAMERA_1'],"{'CAMERA_1': [], 'CAMERA_2': [], 'CAMERA_3': []}",C_LOOKING_FOR_A_CAMERA,CAMERA_3,NONE,I'm looking for a camera,S_INTRODUCES_CAMERA,CAMERA_1,,Let me show you this. Here we have the Nikon Coolpix S2800.,39~58
556,4,CAMERA_1,['CAMERA_1'],"{'CAMERA_1': ['price'], 'CAMERA_2': [], 'CAMERA_3': []}",C_QUESTION_ABOUT_FEATURE,CAMERA_1,price,how much does it cost,S_ANSWERS_QUESTION_ABOUT_FEATURE,CAMERA_1,price,This one costs $2173.,15~20
556,5,CAMERA_1,['CAMERA_1'],"{'CAMERA_1': ['price', 'preset_modes'], 'CAMERA_2': [], 'CAMERA_3': []}",C_SILENT_OR_BACKCHANNEL,CAMERA_1,NONE,alright,S_INTRODUCES_FEATURE,CAMERA_1,preset_modes,"This one has 18 preset modes (e.g. beach, snow, night portrait).",13~63
556,6,NONE,['CAMERA_1'],"{'CAMERA_1': ['price', 'preset_modes'], 'CAMERA_2': [], 'CAMERA_3': []}",C_THANK_YOU,CAMERA_1,NONE,thank you for your help,S_THANK_YOU,CAMERA_1,NONE,thank you very much,
556,7,NONE,['CAMERA_1'],"{'CAMERA_1': ['price', 'preset_modes'], 'CAMERA_2': [], 'CAMERA_3': []}",C_LEAVES,DOOR,NONE,,S_RETURNS_TO_COUNTER,SERVICE_COUNTER,NONE,,
557,1,NONE,[],"{'CAMERA_1': [], 'CAMERA_2': [], 'CAMERA_3': []}",C_ENTERS,DOOR,NONE,,S_NONE,SERVICE_COUNTER,NONE,,
557,2,NONE,[],"{'CAMERA_1': [], 'CAMERA_2': [], 'CAMERA_3': []}",C_WALKS_TO_CAMERA,CAMERA_2,NONE,,S_GREETS,CAMERA_2,NONE,can I help you?,
557,3,CAMERA_1,['CAMERA_1'],"{'CAMERA_1': [], 'CAMERA_2': [], 'CAMERA_3': []}",C_LOOKING_FOR_A_CAMERA,CAMERA_2,NONE,I'm looking for a camera,S_INTRODUCES_CAMERA,CAMERA_1,,Let me show you this. Here we have the Nikon Coolpix S2800.,39~58
557,4,CAMERA_1,['CAMERA_1'],"{'CAMERA_1': ['sensor_size'], 'CAMERA_2': [], 'CAMERA_3': []}",C_QUESTION_ABOUT_FEATURE,CAMERA_1,sensor_size,what is the sensor size,S_NOT_SURE,CAMERA_1,,I'm not really sure about that,
557,5,CAMERA_1,['CAMERA_1'],"{'CAMERA_1': ['sensor_size', 'optical_zoom'], 'CAMERA_2': [], 'CAMERA_3': []}",C_QUESTION_ABOUT_FEATURE,CAMERA_1,optical_zoom,does it have optical zoom,S_ANSWERS_QUESTION_ABOUT_FEATURE,CAMERA_1,optical_zoom,This one has 5x optical zoom.,13~28
557,6,CAMERA_1,['CAMERA_1'],"{'CAMERA_1': ['sensor_size', 'optical_zoom', 'weight'], 'CAMERA_2': [], 'CAMERA_3': []}",C_QUESTION_ABOUT_FEATURE,CAMERA_1,weight,how much does this one weigh,S_ANSWERS_QUESTION_ABOUT_FEATURE,CAMERA_1,weight,This one weighs 120 grams.,16~25
557,7,NONE,['CAMERA_1'],"{'CAMERA_1': ['sensor_size', 'optical_zoom', 'weight'], 'CAMERA_2': [], 'CAMERA_3': []}",C_THANK_YOU,CAMERA_1,NONE,thank you for your help,S_THANK_YOU,CAMERA_1,NONE,thank you very much,
557,8,NONE,['CAMERA_1'],"{'CAMERA_1': ['sensor_size', 'optical_zoom', 'weight'], 'CAMERA_2': [], 'CAMERA_3': []}",C_LEAVES,DOOR,NONE,,S_RETURNS_TO_COUNTER,SERVICE_COUNTER,NONE,,
558,1,NONE,[],"{'CAMERA_1': [], 'CAMERA_2': [], 'CAMERA_3': []}",C_ENTERS,DOOR,NONE,,S_NONE,SERVICE_COUNTER,NONE,,
558,2,NONE,[],"{'CAMERA_1': [], 'CAMERA_2': [], 'CAMERA_3': []}",C_GREETS,MIDDLE,NONE,hello,S_GREETS,MIDDLE,NONE,can I help you?,
558,3,CAMERA_2,['CAMERA_2'],"{'CAMERA_1': [], 'CAMERA_2': [], 'CAMERA_3': []}",C_LOOKING_FOR_A_CAMERA,MIDDLE,NONE,I'm looking for a camera,S_INTRODUCES_CAMERA,CAMERA_2,,Let me show you this. Here we have the Sony Alpha a6000.,39~55
558,4,CAMERA_2,['CAMERA_2'],"{'CAMERA_1': [], 'CAMERA_2': ['sensor_size'], 'CAMERA_3': []}",C_SILENT_OR_BACKCHANNEL,CAMERA_2,NONE,alright,S_INTRODUCES_FEATURE,CAMERA_2,sensor_size,This one has a APS-C sensor (crop sensor).,15~41
558,5,CAMERA_2,['CAMERA_2'],"{'CAMERA_1': [], 'CAMERA_2': ['sensor_size', 'optical_zoom'], 'CAMERA_3': []}",C_QUESTION_ABOUT_FEATURE,CAMERA_2,optical_zoom,does it have optical zoom,S_NOT_SURE,CAMERA_2,,I'm not really sure about that,
558,6,CAMERA_2,['CAMERA_2'],"{'CAMERA_1': [], 'CAMERA_2': ['sensor_size', 'optical_zoom', 'settings'], 'CAMERA_3': []}",C_SILENT_OR_BACKCHANNEL,CAMERA_2,NONE,I see,S_INTRODUCES_FEATURE,CAMERA_2,settings,This one has full manual control.,13~32
558,7,CAMERA_2,['CAMERA_2'],"{'CAMERA_1': [], 'CAMERA_2': ['sensor_size', 'optical_zoom', 'settings', 'camera_type'], 'CAMERA_3': []}",C_SILENT_OR_BACKCHANNEL,CAMERA_2,NONE,okay,S_INTRODUCES_FEATURE,CAMERA_2,camera_type,This is a mirrorless camera.,10~20
558,8,CAMERA_1,"['CAMERA_2', 'CAMERA_1']","{'CAMERA_1': [], 'CAMERA_2': ['sensor_size', 'optical_zoom', 'settings', 'camera_type'], 'CAMERA_3': []}",C_ANYTHING_ELSE_AVAILABLE,CAMERA_2,NONE,ok do you have any other cameras,S_INTRODUCES_CAMERA,CAMERA_1,,Let me show you this. Here we have the Nikon Coolpix S2800.,39~58
558,9,CAMERA_1,"['CAMERA_2', 'CAMERA_1']","{'CAMERA_1': ['price'], 'CAMERA_2': ['sensor_size', 'optical_zoom', 'settings', 'camera_type'], 'CAMERA_3': []}",C_QUESTION_ABOUT_FEATURE,CAMERA_1,price,how much does it cost,S_ANSWERS_QUESTION_ABOUT_FEATURE,CAMERA_1,price,This one costs $2173.,15~20
558,10,CAMERA_1,"['CAMERA_2', 'CAMERA_1']","{'CAMERA_1': ['price', 'camera_type'], 'CAMERA_2': ['sensor_size', 'optical_zoom', 'settings', 'camera_type'], 'CAMERA_3': []}",C_QUESTION_ABOUT_FEATURE,CAMERA_1,camera_type,what kind of camera is this,S_ANSWERS_QUESTION_ABOUT_FEATURE,CAMERA_1,camera_type,This is a point and shoot camera.,10~25
558,11,CAMERA_1,"['CAMERA_2', 'CAMERA_1']","{'CAMERA_1': ['price', 'camera_type', 'preset_modes'], 'CAMERA_2': ['sensor_size', 'optical_zoom', 'settings', 'camera_type'], 'CAMERA_3': []}",C_QUESTION_ABOUT_FEATURE,CAMERA_1,preset_modes,does it have preset modes,S_ANSWERS_QUESTION_ABOUT_FEATURE,CAMERA_1,preset_modes,"This one has 18 preset modes (e.g. beach, snow, night portrait).",13~63
558,12,CAMERA_1,"['CAMERA_2', 'CAMERA_1']","{'CAMERA_1': ['price', 'camera_type', 'preset_modes', 'weight'], 'CAMERA_2': ['sensor_size', 'optical_zoom', 'settings', 'camera_type'], 'CAMERA_3': []}",C_QUESTION_ABOUT_FEATURE,CAMERA_1,weight,how much does this one weigh,S_ANSWERS_QUESTION_ABOUT_FEATURE,CAMERA_1,weight,This one weighs 120 grams.,16~25
558,13,NONE,"['CAMERA_2', 'CAMERA_1']","{'CAMERA_1': ['price', 'camera_type', 'preset_modes', 'weight'], 'CAMERA_2': ['sensor_size', 'optical_zoom', 'settings', 'camera_type'], 'CAMERA_3': []}",C_THANK_YOU,CAMERA_1,NONE,thank you for your help,S_THANK_YOU,CAMERA_1,NONE,thank you very much,
558,14,NONE,"['CAMERA_2', 'CAMERA_1']","{'CAMERA_1': ['price', 'camera_type', 'preset_modes', 'weight'], 'CAMERA_2': ['sensor_size', 'optical_zoom', 'settings', 'camera_type'], 'CAMERA_3': []}",C_LEAVES,DOOR,NONE,,S_RETURNS_TO_COUNTER,SERVICE_COUNTER,NONE,,
559,1,NONE,[],"{'CAMERA_1': [], 'CAMERA_2': [], 'CAMERA_3': []}",C_ENTERS,DOOR,NONE,,S_NONE,SERVICE_COUNTER,NONE,,
559,2,NONE,[],"{'CAMERA_1': [], 'CAMERA_2': [], 'CAMERA_3': []}",C_GREETS,MIDDLE,NONE,hello,S_GREETS,MIDDLE,NONE,can I help you?,
559,3,CAMERA_3,['CAMERA_3'],"{'CAMERA_1': [], 'CAMERA_2': [], 'CAMERA_3': []}",C_LOOKING_FOR_A_CAMERA,MIDDLE,NONE,I'm looking for a camera,S_INTRODUCES_CAMERA,CAMERA_3,,Let me show you this. Here we have the Canon EOS 5D Mark III.,39~60
559,4,CAMERA_3,['CAMERA_3'],"{'CAMERA_1': [], 'CAMERA_2': [], 'CAMERA_3': ['price']}",C_QUESTION_ABOUT_FEATURE,CAMERA_3,price,how much does it cost,S_ANSWERS_QUESTION_ABOUT_FEATURE,CAMERA_3,price,This one costs $3706.,15~20
559,5,NONE,['CAMERA_3'],"{'CAMERA_1': [], 'CAMERA_2': [], 'CAMERA_3': ['price']}",C_THANK_YOU,CAMERA_3,NONE,thank you for your help,S_THANK_YOU,CAMERA_3,NONE,thank you very much,
559,6,NONE,['CAMERA_3'],"{'CAMERA_1': [], 'CAMERA_2': [], 'CAMERA_3': ['price']}",C_LEAVES,DOOR,NONE,,S_RETURNS_TO_COUNTER,SERVICE_COUNTER,NONE,,
560,1,NONE,[],"{'CAMERA_1': [], 'CAMERA_2': [], 'CAMERA_3': []}",C_ENTERS,DOOR,NONE,,S_NONE,SERVICE_COUNTER,NONE,,
560,2,NONE,[],"{'CAMERA_1': [], 'CAMERA_2': [], 'CAMERA_3': []}",C_GREETS,MIDDLE,NONE,hello,S_GREETS,MIDDLE,NONE,can I help you?,
560,3,CAMERA_3,['CAMERA_3'],"{'CAMERA_1': [], 'CAMERA_2': [], 'CAMERA_3': []}",C_LOOKING_FOR_A_CAMERA,MIDDLE,NONE,I'm looking for a camera,S_INTRODUCES_CAMERA,CAMERA_3,,Let me show you this. Here we have the Canon EOS 5D Mark III.,39~60
560,4,CAMERA_3,['CAMERA_3'],"{'CAMERA_1': [], 'CAMERA_2': [], 'CAMERA_3': ['price']}",C_QUESTION_ABOUT_FEATURE,CAMERA_3,price,how much does it cost,S_ANSWERS_QUESTION_ABOUT_FEATURE,CAMERA_3,price,This one costs $3706.,15~20
560,5,CAMERA_2,"['CAMERA_3', 'CAMERA_2']","{'CAMERA_1': [], 'CAMERA_2': [], 'CAMERA_3': ['price']}",C_ANYTHING_ELSE_AVAILABLE,CAMERA_3,NONE,ok do you have any other cameras,S_INTRODUCES_CAMERA,CAMERA_2,,Let me show you this. Here we have the Sony Alpha a6000.,39~55
560,6,CAMERA_2,"['CAMERA_3', 'CAMERA_2']","{'CAMERA_1': [], 'CAMERA_2': ['preset_modes'], 'CAMERA_3': ['price']}",C_SILENT_OR_BACKCHANNEL,CAMERA_2,NONE,okay,S_INTRODUCES_FEATURE,CAMERA_2,preset_modes,"This one has 9 preset modes (e.g. beach, snow, night, portrait).",13~63
560,7,CAMERA_2,"['CAMERA_3', 'CAMERA_2']","{'CAMERA_1': [], 'CAMERA_2': ['preset_modes', 'sensor_size'], 'CAMERA_3': ['price']}",C_SILENT_OR_BACKCHANNEL,CAMERA_2,NONE,okay,S_INTRODUCES_FEATURE,CAMERA_2,sensor_size,This one has a APS-C sensor (crop sensor).,15~41
560,8,CAMERA_2,"['CAMERA_3', 'CAMERA_2']","{'CAMERA_1': [], 'CAMERA_2': ['preset_modes', 'sensor_size', 'color'], 'CAMERA_3': ['price']}",C_QUESTION_ABOUT_FEATURE,CAMERA_2,color,what colors does this one come in,S_ANSWERS_QUESTION_ABOUT_FEATURE,CAMERA_2,color,"This one comes in white, silver, black.",18~38
560,9,CAMERA_2,"['CAMERA_3', 'CAMERA_2']","{'CAMERA_1': [], 'CAMERA_2': ['preset_modes', 'sensor_size', 'color', 'settings'], 'CAMERA_3': ['price']}",C_SILENT_OR_BACKCHANNEL,CAMERA_2,NONE,alright,S_INTRODUCES_FEATURE,CAMERA_2,settings,This one has full manual control.,13~32
560,10,CAMERA_2,"['CAMERA_3', 'CAMERA_2']","{'CAMERA_1': [], 'CAMERA_2': ['preset_modes', 'sensor_size', 'color', 'settings', 'ISO'], 'CAMERA_3': ['price']}",C_SILENT_OR_BACKCHANNEL,CAMERA_2,NONE,alright,S_INTRODUCES_FEATURE,CAMERA_2,ISO,This one has up to 3200 ISO with little noise.,13~45
560,11,CAMERA_2,"['CAMERA_3', 'CAMERA_2']","{'CAMERA_1': [], 'CAMERA_2': ['preset_modes', 'sensor_size', 'color', 'settings', 'ISO', 'optical_zoom'], 'CAMERA_3': ['price']}",C_QUESTION_ABOUT_FEATURE,CAMERA_2,optical_zoom,does it have optical zoom,S_NOT_SURE,CAMERA_2,,I'm not really sure about that,
560,12,CAMERA_1,"['CAMERA_3', 'CAMERA_2', 'CAMERA_1']","{'CAMERA_1': [], 'CAMERA_2': ['preset_modes', 'sensor_size', 'color', 'settings', 'ISO', 'optical_zoom'], 'CAMERA_3': ['price']}",C_ANYTHING_ELSE_AVAILABLE,CAMERA_2,NONE,ok do you have any other cameras,S_INTRODUCES_CAMERA,CAMERA_1,,Let me show you this. Here we have the Nikon Coolpix S2800.,39~58
560,13,CAMERA_1,"['CAMERA_3', 'CAMERA_2', 'CAMERA_1']","{'CAMERA_1': ['preset_modes'], 'CAMERA_2': ['preset_modes', 'sensor_size', 'color', 'settings', 'ISO', 'optical_zoom'], 'CAMERA_3': ['price']}",C_QUESTION_ABOUT_FEATURE,CAMERA_1,preset_modes,does it have preset modes,S_ANSWERS_QUESTION_ABOUT_FEATURE,CAMERA_1,preset_modes,"This one has 18 preset modes (e.g. beach, snow, night portrait).",13~63
560,14,CAMERA_1,"['CAMERA_3', 'CAMERA_2', 'CAMERA_1']","{'CAMERA_1': ['preset_modes', 'weight'], 'CAMERA_2': ['preset_modes', 'sensor_size', 'color', 'settings', 'ISO', 'optical_zoom'], 'CAMERA_3': ['price']}",C_QUESTION_ABOUT_FEATURE,CAMERA_1,weight,how much does this one weigh,S_ANSWERS_QUESTION_ABOUT_FEATURE,CAMERA_1,weight,This one weighs 120 grams.,16~25
560,15,CAMERA_1,"['CAMERA_3', 'CAMERA_2', 'CAMERA_1']","{'CAMERA_1': ['preset_modes', 'weight', 'optical_zoom'], 'CAMERA_2': ['preset_modes', 'sensor_size', 'color', 'settings', 'ISO', 'optical_zoom'], 'CAMERA_3': ['price']}",C_SILENT_OR_BACKCHANNEL,CAMERA_1,NONE,okay,S_INTRODUCES_FEATURE,CAMERA_1,optical_zoom,This one has 5x optical zoom.,13~28
560,16,CAMERA_1,"['CAMERA_3', 'CAMERA_2', 'CAMERA_1']","{'CAMERA_1': ['preset_modes', 'weight', 'optical_zoom', 'color'], 'CAMERA_2': ['preset_modes', 'sensor_size', 'color', 'settings', 'ISO', 'optical_zoom'], 'CAMERA_3': ['price']}",C_SILENT_OR_BACKCHANNEL,CAMERA_1,NONE,okay,S_INTRODUCES_FEATURE,CAMERA_1,color,"This one comes in purple, pink, black, silver, red.",18~50
560,17,CAMERA_1,"['CAMERA_3', 'CAMERA_2', 'CAMERA_1']","{'CAMERA_1': ['preset_modes', 'weight', 'optical_zoom', 'color', 'resolution'], 'CAMERA_2': ['preset_modes', 'sensor_size', 'color', 'settings', 'ISO', 'optical_zoom'], 'CAMERA_3': ['price']}",C_QUESTION_ABOUT_FEATURE,CAMERA_1,resolution,what is the resolution,S_ANSWERS_QUESTION_ABOUT_FEATURE,CAMERA_1,resolution,This one has 20.1 megapixels resolution.,13~28
560,18,,"['CAMERA_3', 'CAMERA_2', 'CAMERA_1']","{'CAMERA_1': ['preset_modes', 'weight', 'optical_zoom', 'color', 'resolution'], 'CAMERA_2': ['preset_modes', 'sensor_size', 'color', 'settings', 'ISO', 'optical_zoom'], 'CAMERA_3': ['price']}",C_ANYTHING_ELSE_AVAILABLE,CAMERA_1,NONE,ok do you have any other cameras,S_THATS_ALL_WE_HAVE_AVAILABLE,CAMERA_1,,That’s all we have available at the moment.,
560,19,NONE,"['CAMERA_3', 'CAMERA_2', 'CAMERA_1']","{'CAMERA_1': ['preset_modes', 'weight', 'optical_zoom', 'color', 'resolution'], 'CAMERA_2': ['preset_modes', 'sensor_size', 'color', 'settings', 'ISO', 'optical_zoom'], 'CAMERA_3': ['price']}",C_THANK_YOU,CAMERA_1,NONE,thank you for your help,S_THANK_YOU,CAMERA_1,NONE,thank you very much,
560,20,NONE,"['CAMERA_3', 'CAMERA_2', 'CAMERA_1']","{'CAMERA_1': ['preset_modes', 'weight', 'optical_zoom', 'color', 'resolution'], 'CAMERA_2': ['preset_modes', 'sensor_size', 'color', 'settings', 'ISO', 'optical_zoom'], 'CAMERA_3': ['price']}",C_LEAVES,DOOR,NONE,,S_RETURNS_TO_COUNTER,SERVICE_COUNTER,NONE,,
561,1,NONE,[],"{'CAMERA_1': [], 'CAMERA_2': [], 'CAMERA_3': []}",C_ENTERS,DOOR,NONE,,S_NONE,SERVICE_COUNTER,NONE,,
561,2,NONE,[],"{'CAMERA_1': [], 'CAMERA_2': [], 'CAMERA_3': []}",C_GREETS,MIDDLE,NONE,hello,S_GREETS,MIDDLE,NONE,can I help you?,
561,3,CAMERA_2,['CAMERA_2'],"{'CAMERA_1': [], 'CAMERA_2': [], 'CAMERA_3': []}",C_LOOKING_FOR_A_CAMERA,MIDDLE,NONE,I'm looking for a camera,S_INTRODUCES_CAMERA,CAMERA_2,,Let me show you this. Here we have the Sony Alpha a6000.,39~55
561,4,CAMERA_2,['CAMERA_2'],"{'CAMERA_1': [], 'CAMERA_2': ['autofocus_points'], 'CAMERA_3': []}",C_QUESTION_ABOUT_FEATURE,CAMERA_2,autofocus_points,how many autofocus points does it have,S_ANSWERS_QUESTION_ABOUT_FEATURE,CAMERA_2,autofocus_points,This one has 179 autofocus points.,13~33
561,5,CAMERA_3,"['CAMERA_2', 'CAMERA_3']","{'CAMERA_1': [], 'CAMERA_2': ['autofocus_points'], 'CAMERA_3': []}",C_ANYTHING_ELSE_AVAILABLE,CAMERA_2,NONE,ok do you have any other cameras,S_INTRODUCES_CAMERA,CAMERA_3,,Let me show you this. Here we have the Canon EOS 5D Mark III.,39~60
561,6,CAMERA_3,"['CAMERA_2', 'CAMERA_3']","{'CAMERA_1': [], 'CAMERA_2': ['autofocus_points'], 'CAMERA_3': ['autofocus_points']}",C_QUESTION_ABOUT_FEATURE,CAMERA_3,autofocus_points,how many autofocus points does it have,S_ANSWERS_QUESTION_ABOUT_FEATURE,CAMERA_3,autofocus_points,This one has 61 autofocus points.,13~32
561,7,CAMERA_3,"['CAMERA_2', 'CAMERA_3']","{'CAMERA_1': [], 'CAMERA_2': ['autofocus_points'], 'CAMERA_3': ['autofocus_points', 'settings']}",C_SILENT_OR_BACKCHANNEL,CAMERA_3,NONE,I see,S_INTRODUCES_FEATURE,CAMERA_3,settings,This one has full manual control.,13~32
561,8,CAMERA_3,"['CAMERA_2', 'CAMERA_3']","{'CAMERA_1': [], 'CAMERA_2': ['autofocus_points'], 'CAMERA_3': ['autofocus_points', 'settings', 'preset_modes']}",C_QUESTION_ABOUT_FEATURE,CAMERA_3,preset_modes,does it have preset modes,S_NOT_SURE,CAMERA_3,,I'm not really sure about that,
561,9,CAMERA_3,"['CAMERA_2', 'CAMERA_3']","{'CAMERA_1': [], 'CAMERA_2': ['autofocus_points'], 'CAMERA_3': ['autofocus_points', 'settings', 'preset_modes', 'effects']}",C_QUESTION_ABOUT_FEATURE,CAMERA_3,effects,does it have any effect modes,S_NOT_SURE,CAMERA_3,,I'm not really sure about that,
561,10,NONE,"['CAMERA_2', 'CAMERA_3']","{'CAMERA_1': [], 'CAMERA_2': ['autofocus_points'], 'CAMERA_3': ['autofocus_points', 'settings', 'preset_modes', 'effects']}",C_THANK_YOU,CAMERA_3,NONE,thank you for your help,S_THANK_YOU,CAMERA_3,NONE,thank you very much,
561,11,NONE,"['CAMERA_2', 'CAMERA_3']","{'CAMERA_1': [], 'CAMERA_2': ['autofocus_points'], 'CAMERA_3': ['autofocus_points', 'settings', 'preset_modes', 'effects']}",C_LEAVES,DOOR,NONE,,S_RETURNS_TO_COUNTER,SERVICE_COUNTER,NONE,,
562,1,NONE,[],"{'CAMERA_1': [], 'CAMERA_2': [], 'CAMERA_3': []}",C_ENTERS,DOOR,NONE,,S_NONE,SERVICE_COUNTER,NONE,,
562,2,NONE,[],"{'CAMERA_1': [], 'CAMERA_2': [], 'CAMERA_3': []}",C_GREETS,MIDDLE,NONE,hello,S_GREETS,MIDDLE,NONE,can I help you?,
562,3,CAMERA_3,['CAMERA_3'],"{'CAMERA_1': [], 'CAMERA_2': [], 'CAMERA_3': []}",C_LOOKING_FOR_A_CAMERA,MIDDLE,NONE,I'm looking for a camera,S_INTRODUCES_CAMERA,CAMERA_3,,Let me show you this. Here we have the Canon EOS 5D Mark III.,39~60
562,4,CAMERA_3,['CAMERA_3'],"{'CAMERA_1': [], 'CAMERA_2': [], 'CAMERA_3': ['autofocus_points']}",C_QUESTION_ABOUT_FEATURE,CAMERA_3,autofocus_points,how many autofocus points does it have,S_ANSWERS_QUESTION_ABOUT_FEATURE,CAMERA_3,autofocus_points,This one has 61 autofocus points.,13~32
562,5,CAMERA_3,['CAMERA_3'],"{'CAMERA_1': [], 'CAMERA_2': [], 'CAMERA_3': ['autofocus_points', 'preset_modes']}",C_QUESTION_ABOUT_FEATURE,CAMERA_3,preset_modes,does it have preset modes,S_NOT_SURE,CAMERA_3,,I'm not really sure about that,
562,6,CAMERA_3,['CAMERA_3'],"{'CAMERA_1': [], 'CAMERA_2': [], 'CAMERA_3': ['autofocus_points', 'preset_modes', 'camera_type']}",C_SILENT_OR_BACKCHANNEL,CAMERA_3,NONE,alright,S_INTRODUCES_FEATURE,CAMERA_3,camera_type,This is a DSLR camera.,10~14
562,7,CAMERA_3,['CAMERA_3'],"{'CAMERA_1': [], 'CAMERA_2': [], 'CAMERA_3': ['autofocus_points', 'preset_modes', 'camera_type', 'long_exposure']}",C_SILENT_OR_BACKCHANNEL,CAMERA_3,NONE,okay,S_INTRODUCES_FEATURE,CAMERA_3,long_exposure,"This one can take long exposures up to up to 30 seconds, bulb mode: expose as long as you want.",39~94
562,8,CAMERA_3,['CAMERA_3'],"{'CAMERA_1': [], 'CAMERA_2': [], 'CAMERA_3': ['autofocus_points', 'preset_modes', 'camera_type', 'long_exposure', 'sensor_size']}",C_SILENT_OR_BACKCHANNEL,CAMERA_3,NONE,okay,S_INTRODUCES_FEATURE,CAMERA_3,sensor_size,This one has a full frame.,15~25
562,9,NONE,['CAMERA_3'],"{'CAMERA_1': [], 'CAMERA_2': [], 'CAMERA_3': ['autofocus_points', 'preset_modes', 'camera_type', 'long_exposure', 'sensor_size']}",C_THANK_YOU,CAMERA_3,NONE,thank you for your help,S_THANK_YOU,CAMERA_3,NONE,thank you very much,
562,10,NONE,['CAMERA_3'],"{'CAMERA_1': [], 'CAMERA_2': [], 'CAMERA_3': ['autofocus_points', 'preset_modes', 'camera_type', 'long_exposure', 'sensor_size']}",C_LEAVES,DOOR,NONE,,S_RETURNS_TO_COUNTER,SERVICE_COUNTER,NONE,,
563,1,NONE,[],"{'CAMERA_1': [], 'CAMERA_2': [], 'CAMERA_3': []}",C_ENTERS,DOOR,NONE,,S_NONE,SERVICE_COUNTER,NONE,,
563,2,NONE,[],"{'CAMERA_1': [], 'CAMERA_2': [], 'CAMERA_3': []}",C_GREETS,MIDDLE,NONE,hello,S_GREETS,MIDDLE,NONE,can I help you?,
563,3,CAMERA_3,['CAMERA_3'],"{'CAMERA_1': [], 'CAMERA_2': [], 'CAMERA_3': []}",C_LOOKING_FOR_A_CAMERA,MIDDLE,NONE,I'm looking for a camera,S_INTRODUCES_CAMERA,CAMERA_3,,Let me show you this. Here we have the Canon EOS 5D Mark III.,39~60
563,4,CAMERA_3,['CAMERA_3'],"{'CAMERA_1': [], 'CAMERA_2': [], 'CAMERA_3': ['long_exposure']}",C_SILENT_OR_BACKCHANNEL,CAMERA_3,NONE,I see,S_INTRODUCES_FEATURE,CAMERA_3,long_exposure,"This one can take long exposures up to up to 30 seconds, bulb mode: expose as long as you want.",39~94
563,5,NONE,['CAMERA_3'],"{'CAMERA_1': [], 'CAMERA_2': [], 'CAMERA_3': ['long_exposure']}",C_THANK_YOU,CAMERA_3,NONE,thank you for your help,S_THANK_YOU,CAMERA_3,NONE,thank you very much,
563,6,NONE,['CAMERA_3'],"{'CAMERA_1': [], 'CAMERA_2': [], 'CAMERA_3': ['long_exposure']}",C_LEAVES,DOOR,NONE,,S_RETURNS_TO_COUNTER,SERVICE_COUNTER,NONE,,
564,1,NONE,[],"{'CAMERA_1': [], 'CAMERA_2': [], 'CAMERA_3': []}",C_ENTERS,DOOR,NONE,,S_NONE,SERVICE_COUNTER,NONE,,
564,2,NONE,[],"{'CAMERA_1': [], 'CAMERA_2': [], 'CAMERA_3': []}",C_WALKS_TO_CAMERA,CAMERA_3,NONE,,S_NONE,SERVICE_COUNTER,NONE,,
564,3,NONE,[],"{'CAMERA_1': [], 'CAMERA_2': [], 'CAMERA_3': []}",C_EXAMINES_CAMERA,CAMERA_3,NONE,,S_GREETS,CAMERA_3,NONE,can I help you?,
564,4,CAMERA_1,['CAMERA_1'],"{'CAMERA_1': [], 'CAMERA_2': [], 'CAMERA_3': []}",C_LOOKING_FOR_A_CAMERA,CAMERA_3,NONE,I'm looking for a camera,S_INTRODUCES_CAMERA,CAMERA_1,,Let me show you this. Here we have the Nikon Coolpix S2800.,39~58
564,5,CAMERA_1,['CAMERA_1'],"{'CAMERA_1': ['price'], 'CAMERA_2': [], 'CAMERA_3': []}",C_SILENT_OR_BACKCHANNEL,CAMERA_1,NONE,I see,S_INTRODUCES_FEATURE,CAMERA_1,price,This one costs $2173.,15~20
564,6,CAMERA_1,['CAMERA_1'],"{'CAMERA_1': ['price', 'autofocus_points'], 'CAMERA_2': [], 'CAMERA_3': []}",C_QUESTION_ABOUT_FEATURE,CAMERA_1,autofocus_points,how many autofocus points does it have,S_NOT_SURE,CAMERA_1,,I'm not really sure about that,
564,7,CAMERA_1,['CAMERA_1'],"{'CAMERA_1': ['price', 'autofocus_points', 'preset_modes'], 'CAMERA_2': [], 'CAMERA_3': []}",C_SILENT_OR_BACKCHANNEL,CAMERA_1,NONE,okay,S_INTRODUCES_FEATURE,CAMERA_1,preset_modes,"This one has 18 preset modes (e.g. beach, snow, night portrait).",13~63
564,8,CAMERA_1,['CAMERA_1'],"{'CAMERA_1': ['price', 'autofocus_points', 'preset_modes', 'settings'], 'CAMERA_2': [], 'CAMERA_3': []}",C_SILENT_OR_BACKCHANNEL,CAMERA_1,NONE,okay,S_INTRODUCES_FEATURE,CAMERA_1,settings,This one has limited manual settings.,13~36
564,9,CAMERA_1,['CAMERA_1'],"{'CAMERA_1': ['price', 'autofocus_points', 'preset_modes', 'settings', 'camera_type'], 'CAMERA_2': [], 'CAMERA_3': []}",C_SILENT_OR_BACKCHANNEL,CAMERA_1,NONE,I see,S_INTRODUCES_FEATURE,CAMERA_1,camera_type,This is a point and shoot camera.,10~25
564,10,CAMERA_1,['CAMERA_1'],"{'CAMERA_1': ['price', 'autofocus_points', 'preset_modes', 'settings', 'camera_type', 'effects'], 'CAMERA_2': [], 'CAMERA_3': []}",C_QUESTION_ABOUT_FEATURE,CAMERA_1,effects,does it have any effect modes,S_ANSWERS_QUESTION_ABOUT_FEATURE,CAMERA_1,effects,"This one has 12 glamor retouch effects (e.g. skin softening, small face, big eyes).",13~82
564,11,CAMERA_1,['CAMERA_1'],"{'CAMERA_1': ['price', 'autofocus_points', 'preset_modes', 'settings', 'camera_type', 'effects', 'ISO'], 'CAMERA_2': [], 'CAMERA_3': []}",C_QUESTION_ABOUT_FEATURE,CAMERA_1,ISO,what is the ISO,S_NOT_SURE,CAMERA_1,,I'm not really sure about that,
564,12,CAMERA_1,['CAMERA_1'],"{'CAMERA_1': ['price', 'autofocus_points', 'preset_modes', 'settings', 'camera_type', 'effects', 'ISO', 'weight'], 'CAMERA_2': [], 'CAMERA_3': []}",C_QUESTION_ABOUT_FEATURE,CAMERA_1,weight,how much does this one weigh,S_ANSWERS_QUESTION_ABOUT_FEATURE,CAMERA_1,weight,This one weighs 120 grams.,16~25
564,13,NONE,['CAMERA_1'],"{'CAMERA_1': ['price', 'autofocus_points', 'preset_modes', 'settings', 'camera_type', 'effects', 'ISO', 'weight'], 'CAMERA_2': [], 'CAMERA_3': []}",C_THANK_YOU,CAMERA_1,NONE,thank you for your help,S_THANK_YOU,CAMERA_1,NONE,thank you very much,
564,14,NONE,['CAMERA_1'],"{'CAMERA_1': ['price', 'autofocus_points', 'preset_modes', 'settings', 'camera_type', 'effects', 'ISO', 'weight'], 'CAMERA_2': [], 'CAMERA_3': []}",C_LEAVES,DOOR,NONE,,S_RETURNS_TO_COUNTER,SERVICE_COUNTER,NONE,,
565,1,NONE,[],"{'CAMERA_1': [], 'CAMERA_2': [], 'CAMERA_3': []}",C_ENTERS,DOOR,NONE,,S_NONE,SERVICE_COUNTER,NONE,,
565,2,NONE,[],"{'CAMERA_1': [], 'CAMERA_2': [], 'CAMERA_3': []}",C_WALKS_TO_CAMERA,CAMERA_3,NONE,,S_GREETS,CAMERA_3,NONE,can I help you?,
565,3,CAMERA_1,['CAMERA_1'],"{'CAMERA_1': [], 'CAMERA_2': [], 'CAMERA_3': []}",C_LOOKING_FOR_A_CAMERA,CAMERA_3,NONE,I'm looking for a camera,S_INTRODUCES_CAMERA,CAMERA_1,,Let me show you this. Here we have the Nikon Coolpix S2800.,39~58
565,4,CAMERA_1,['CAMERA_1'],"{'CAMERA_1': ['resolution'], 'CAMERA_2': [], 'CAMERA_3': []}",C_QUESTION_ABOUT_FEATURE,CAMERA_1,resolution,what is the resolution,S_ANSWERS_QUESTION_ABOUT_FEATURE,CAMERA_1,resolution,This one has 20.1 megapixels resolution.,13~28
565,5,CAMERA_1,['CAMERA_1'],"{'CAMERA_1': ['resolution', 'color'], 'CAMERA_2': [], 'CAMERA_3': []}",C_QUESTION_ABOUT_FEATURE,CAMERA_1,color,what colors does this one come in,S_ANSWERS_QUESTION_ABOUT_FEATURE,CAMERA_1,color,"This one comes in purple, pink, black, silver, red.",18~50
565,6,NONE,['CAMERA_1'],"{'CAMERA_1': ['resolution', 'color'], 'CAMERA_2': [], 'CAMERA_3': []}",C_THANK_YOU,CAMERA_1,NONE,thank you for your help,S_THANK_YOU,CAMERA_1,NONE,thank you very much,
565,7,NONE,['CAMERA_1'],"{'CAMERA_1': ['resolution', 'color'], 'CAMERA_2': [], 'CAMERA_3': []}",C_LEAVES,DOOR,NONE,,S_RETURNS_TO_COUNTER,SERVICE_COUNTER,NONE,,
566,1,NONE,[],"{'CAMERA_1': [], 'CAMERA_2': [], 'CAMERA_3': []}",C_ENTERS,DOOR,NONE,,S_NONE,SERVICE_COUNTER,NONE,,
566,2,NONE,[],"{'CAMERA_1': [], 'CAMERA_2': [], 'CAMERA_3': []}",C_WALKS_TO_CAMERA,CAMERA_3,NONE,,S_GREETS,CAMERA_3,NONE,can I help you?,
566,3,CAMERA_2,['CAMERA_2'],"{'CAMERA_1': [], 'CAMERA_2': [], 'CAMERA_3': []}",C_LOOKING_FOR_A_CAMERA,CAMERA_3,NONE,I'm looking for a camera,S_INTRODUCES_CAMERA,CAMERA_2,,Let me show you this. Here we have the Sony Alpha a6000.,39~55
566,4,CAMERA_2,['CAMERA_2'],"{'CAMERA_1': [], 'CAMERA_2': ['long_exposure'], 'CAMERA_3': []}",C_SILENT_OR_BACKCHANNEL,CAMERA_2,NONE,alright,S_INTRODUCES_FEATURE,CAMERA_2,long_exposure,This one can take long exposures up to up to 30 seconds.,39~55
566,5,CAMERA_2,['CAMERA_2'],"{'CAMERA_1': [], 'CAMERA_2': ['long_exposure', 'weight'], 'CAMERA_3': []}",C_QUESTION_ABOUT_FEATURE,CAMERA_2,weight,how much does this one weigh,S_ANSWERS_QUESTION_ABOUT_FEATURE,CAMERA_2,weight,This one weighs 470 grams.,16~25
566,6,CAMERA_2,['CAMERA_2'],"{'CAMERA_1': [], 'CAMERA_2': ['long_exposure', 'weight', 'ISO'], 'CAMERA_3': []}",C_QUESTION_ABOUT_FEATURE,CAMERA_2,ISO,what is the ISO,S_ANSWERS_QUESTION_ABOUT_FEATURE,CAMERA_2,ISO,This one has up to 3200 ISO with little noise.,13~45
566,7,CAMERA_1,"['CAMERA_2', 'CAMERA_1']","{'CAMERA_1': [], 'CAMERA_2': ['long_exposure', 'weight', 'ISO'], 'CAMERA_3': []}",C_ANYTHING_ELSE_AVAILABLE,CAMERA_2,NONE,ok do you have any other cameras,S_INTRODUCES_CAMERA,CAMERA_1,,Let me show you this. Here we have the Nikon Coolpix S2800.,39~58
566,8,CAMERA_1,"['CAMERA_2', 'CAMERA_1']","{'CAMERA_1': ['camera_type'], 'CAMERA_2': ['long_exposure', 'weight', 'ISO'], 'CAMERA_3': []}",C_QUESTION_ABOUT_FEATURE,CAMERA_1,camera_type,what kind of camera is this,S_ANSWERS_QUESTION_ABOUT_FEATURE,CAMERA_1,camera_type,This is a point and shoot camera.,10~25
566,9,CAMERA_1,"['CAMERA_2', 'CAMERA_1']","{'CAMERA_1': ['camera_type', 'settings'], 'CAMERA_2': ['long_exposure', 'weight', 'ISO'], 'CAMERA_3': []}",C_SILENT_OR_BACKCHANNEL,CAMERA_1,NONE,alright,S_INTRODUCES_FEATURE,CAMERA_1,settings,This one has limited manual settings.,13~36
566,10,CAMERA_3,"['CAMERA_2', 'CAMERA_1', 'CAMERA_3']","{'CAMERA_1': ['camera_type', 'settings'], 'CAMERA_2': ['long_exposure', 'weight', 'ISO'], 'CAMERA_3': []}",C_ANYTHING_ELSE_AVAILABLE,CAMERA_1,NONE,ok do you have any other cameras,S_INTRODUCES_CAMERA,CAMERA_3,,Let me show you this. Here we have the Canon EOS 5D Mark III.,39~60
566,11,CAMERA_3,"['CAMERA_2', 'CAMERA_1', 'CAMERA_3']","{'CAMERA_1': ['camera_type', 'settings'], 'CAMERA_2': ['long_exposure', 'weight', 'ISO'], 'CAMERA_3': ['sensor_size']}",C_QUESTION_ABOUT_FEATURE,CAMERA_3,sensor_size,what is the sensor size,S_ANSWERS_QUESTION_ABOUT_FEATURE,CAMERA_3,sensor_size,This one has a full frame.,15~25
566,12,CAMERA_3,"['CAMERA_2', 'CAMERA_1', 'CAMERA_3']","{'CAMERA_1': ['camera_type', 'settings'], 'CAMERA_2': ['long_exposure', 'weight', 'ISO'], 'CAMERA_3': ['sensor_size', 'ISO']}",C_QUESTION_ABOUT_FEATURE,CAMERA_3,ISO,what is the ISO,S_ANSWERS_QUESTION_ABOUT_FEATURE,CAMERA_3,ISO,This one has up to 6400 ISO with little noise.,13~45
566,13,,"['CAMERA_2', 'CAMERA_1', 'CAMERA_3']","{'CAMERA_1': ['camera_type', 'settings'], 'CAMERA_2': ['long_exposure', 'weight', 'ISO'], 'CAMERA_3': ['sensor_size', 'ISO']}",C_ANYTHING_ELSE_AVAILABLE,CAMERA_3,NONE,ok do you have any other cameras,S_THATS_ALL_WE_HAVE_AVAILABLE,CAMERA_3,,That’s all we have available at the moment.,
566,14,NONE,"['CAMERA_2', 'CAMERA_1', 'CAMERA_3']","{'CAMERA_1': ['camera_type', 'settings'], 'CAMERA_2': ['long_exposure', 'weight', 'ISO'], 'CAMERA_3': ['sensor_size', 'ISO']}",C_THANK_YOU,CAMERA_3,NONE,thank you for your help,S_THANK_YOU,CAMERA_3,NONE,thank you very much,
566,15,NONE,"['CAMERA_2', 'CAMERA_1', 'CAMERA_3']","{'CAMERA_1': ['camera_type', 'settings'], 'CAMERA_2': ['long_exposure', 'weight', 'ISO'], 'CAMERA_3': ['sensor_size', 'ISO']}",C_LEAVES,DOOR,NONE,,S_RETURNS_TO_COUNTER,SERVICE_COUNTER,NONE,,
567,1,NONE,[],"{'CAMERA_1': [], 'CAMERA_2': [], 'CAMERA_3': []}",C_ENTERS,DOOR,NONE,,S_NONE,SERVICE_COUNTER,NONE,,
567,2,NONE,[],"{'CAMERA_1': [], 'CAMERA_2': [], 'CAMERA_3': []}",C_WALKS_TO_CAMERA,CAMERA_1,NONE,,S_GREETS,CAMERA_1,NONE,can I help you?,
567,3,CAMERA_3,['CAMERA_3'],"{'CAMERA_1': [], 'CAMERA_2': [], 'CAMERA_3': []}",C_LOOKING_FOR_A_CAMERA,CAMERA_1,NONE,I'm looking for a camera,S_INTRODUCES_CAMERA,CAMERA_3,,Let me show you this. Here we have the Canon EOS 5D Mark III.,39~60
567,4,CAMERA_3,['CAMERA_3'],"{'CAMERA_1': [], 'CAMERA_2': [], 'CAMERA_3': ['effects']}",C_QUESTION_ABOUT_FEATURE,CAMERA_3,effects,does it have any effect modes,S_NOT_SURE,CAMERA_3,,I'm not really sure about that,
567,5,CAMERA_3,['CAMERA_3'],"{'CAMERA_1': [], 'CAMERA_2': [], 'CAMERA_3': ['effects', 'long_exposure']}",C_QUESTION_ABOUT_FEATURE,CAMERA_3,long_exposure,can it take long exposure shots,S_ANSWERS_QUESTION_ABOUT_FEATURE,CAMERA_3,long_exposure,"This one can take long exposures up to up to 30 seconds, bulb mode: expose as long as you want.",39~94
567,6,CAMERA_3,['CAMERA_3'],"{'CAMERA_1': [], 'CAMERA_2': [], 'CAMERA_3': ['effects', 'long_exposure', 'price']}",C_QUESTION_ABOUT_FEATURE,CAMERA_3,price,how much does it cost,S_ANSWERS_QUESTION_ABOUT_FEATURE,CAMERA_3,price,This one costs $3706.,15~20
567,7,CAMERA_3,['CAMERA_3'],"{'CAMERA_1': [], 'CAMERA_2': [], 'CAMERA_3': ['effects', 'long_exposure', 'price', 'camera_type']}",C_QUESTION_ABOUT_FEATURE,CAMERA_3,camera_type,what kind of camera is this,S_ANSWERS_QUESTION_ABOUT_FEATURE,CAMERA_3,camera_type,This is a DSLR camera.,10~14
567,8,CAMERA_3,['CAMERA_3'],"{'CAMERA_1': [], 'CAMERA_2': [], 'CAMERA_3': ['effects', 'long_exposure', 'price', 'camera_type', 'color']}",C_QUESTION_ABOUT_FEATURE,CAMERA_3,color,what colors does this one come in,S_ANSWERS_QUESTION_ABOUT_FEATURE,CAMERA_3,color,This one comes in black.,18~23
567,9,CAMERA_3,['CAMERA_3'],"{'CAMERA_1': [], 'CAMERA_2': [], 'CAMERA_3': ['effects', 'long_exposure', 'price', 'camera_type', 'color', 'settings']}",C_SILENT_OR_BACKCHANNEL,CAMERA_3,NONE,I see,S_INTRODUCES_FEATURE,CAMERA_3,settings,This one has full manual control.,13~32
567,10,CAMERA_3,['CAMERA_3'],"{'CAMERA_1': [], 'CAMERA_2': [], 'CAMERA_3': ['effects', 'long_exposure', 'price', 'camera_type', 'color', 'settings', 'optical_zoom']}",C_QUESTION_ABOUT_FEATURE,CAMERA_3,optical_zoom,does it have optical zoom,S_NOT_SURE,CAMERA_3,,I'm not really sure about that,
567,11,CAMERA_3,['CAMERA_3'],"{'CAMERA_1': [], 'CAMERA_2': [], 'CAMERA_3': ['effects', 'long_exposure', 'price', 'camera_type', 'color', 'settings', 'optical_zoom', 'resolution']}",C_QUESTION_ABOUT_FEATURE,CAMERA_3,resolution,what is the resolution,S_NOT_SURE,CAMERA_3,,I'm not really sure about that,
567,12,CAMERA_3,['CAMERA_3'],"{'CAMERA_1': [], 'CAMERA_2': [], 'CAMERA_3': ['effects', 'long_exposure', 'price', 'camera_type', 'color', 'settings', 'optical_zoom', 'resolution', 'preset_modes']}",C_QUESTION_ABOUT_FEATURE,CAMERA_3,preset_modes,does it have preset modes,S_NOT_SURE,CAMERA_3,,I'm not really sure about that,
567,13,CAMERA_3,['CAMERA_3'],"{'CAMERA_1': [], 'CAMERA_2': [], 'CAMERA_3': ['effects', 'long_exposure', 'price', 'camera_type', 'color', 'settings', 'optical_zoom', 'resolution', 'preset_modes', 'autofocus_points']}",C_QUESTION_ABOUT_FEATURE,CAMERA_3,autofocus_points,how many autofocus points does it have,S_ANSWERS_QUESTION_ABOUT_FEATURE,CAMERA_3,autofocus_points,This one has 61 autofocus points.,13~32
567,14,CAMERA_3,['CAMERA_3'],"{'CAMERA_1': [], 'CAMERA_2': [], 'CAMERA_3': ['effects', 'long_exposure', 'price', 'camera_type', 'color', 'settings', 'optical_zoom', 'resolution', 'preset_modes', 'autofocus_points', 'ISO']}",C_SILENT_OR_BACKCHANNEL,CAMERA_3,NONE,alright,S_INTRODUCES_FEATURE,CAMERA_3,ISO,This one has up to 6400 ISO with little noise.,13~45
567,15,CAMERA_3,['CAMERA_3'],"{'CAMERA_1': [], 'CAMERA_2': [], 'CAMERA_3': ['effects', 'long_exposure', 'price', 'camera_type', 'color', 'settings', 'optical_zoom', 'resolution', 'preset_modes', 'autofocus_points', 'ISO', 'sensor_size']}",C_SILENT_OR_BACKCHANNEL,CAMERA_3,NONE,I see,S_INTRODUCES_FEATURE,CAMERA_3,sensor_size,This one has a full frame.,15~25
567,16,CAMERA_3,['CAMERA_3'],"{'CAMERA_1': [], 'CAMERA_2': [], 'CAMERA_3': ['effects', 'long_exposure', 'price', 'camera_type', 'color', 'settings', 'optical_zoom', 'resolution', 'preset_modes', 'autofocus_points', 'ISO', 'sensor_size', 'weight']}",C_QUESTION_ABOUT_FEATURE,CAMERA_3,weight,how much does this one weigh,S_ANSWERS_QUESTION_ABOUT_FEATURE,CAMERA_3,weight,This one weighs 950 grams (only body).,16~37
567,17,CAMERA_3,['CAMERA_3'],"{'CAMERA_1': [], 'CAMERA_2': [], 'CAMERA_3': ['effects', 'long_exposure', 'price', 'camera_type', 'color', 'settings', 'optical_zoom', 'resolution', 'preset_modes', 'autofocus_points', 'ISO', 'sensor_size', 'weight', 'resolution']}",C_QUESTION_ABOUT_FEATURE,CAMERA_3,resolution,what is the resolution,S_NOT_SURE,CAMERA_3,,I'm not really sure about that,
567,18,CAMERA_3,['CAMERA_3'],"{'CAMERA_1': [], 'CAMERA_2': [], 'CAMERA_3': ['effects', 'long_exposure', 'price', 'camera_type', 'color', 'settings', 'optical_zoom', 'resolution', 'preset_modes', 'autofocus_points', 'ISO', 'sensor_size', 'weight', 'resolution', 'settings']}",C_QUESTION_ABOUT_FEATURE,CAMERA_3,settings,what kind of settings does it have,S_ANSWERS_QUESTION_ABOUT_FEATURE,CAMERA_3,settings,This one has full manual control.,13~32
567,19,CAMERA_3,['CAMERA_3'],"{'CAMERA_1': [], 'CAMERA_2': [], 'CAMERA_3': ['effects', 'long_exposure', 'price', 'camera_type', 'color', 'settings', 'optical_zoom', 'resolution', 'preset_modes', 'autofocus_points', 'ISO', 'sensor_size', 'weight', 'resolution', 'settings', 'weight']}",C_QUESTION_ABOUT_FEATURE,CAMERA_3,weight,how much does this one weigh,S_ANSWERS_QUESTION_ABOUT_FEATURE,CAMERA_3,weight,This one weighs 950 grams (only body).,16~37
567,20,CAMERA_3,['CAMERA_3'],"{'CAMERA_1': [], 'CAMERA_2': [], 'CAMERA_3': ['effects', 'long_exposure', 'price', 'camera_type', 'color', 'settings', 'optical_zoom', 'resolution', 'preset_modes', 'autofocus_points', 'ISO', 'sensor_size', 'weight', 'resolution', 'settings', 'weight', 'color']}",C_SILENT_OR_BACKCHANNEL,CAMERA_3,NONE,alright,S_INTRODUCES_FEATURE,CAMERA_3,color,This one comes in black.,18~23
567,21,CAMERA_3,['CAMERA_3'],"{'CAMERA_1': [], 'CAMERA_2': [], 'CAMERA_3': ['effects', 'long_exposure', 'price', 'camera_type', 'color', 'settings', 'optical_zoom', 'resolution', 'preset_modes', 'autofocus_points', 'ISO', 'sensor_size', 'weight', 'resolution', 'settings', 'weight', 'color', 'ISO']}",C_SILENT_OR_BACKCHANNEL,CAMERA_3,NONE,okay,S_INTRODUCES_FEATURE,CAMERA_3,ISO,This one has up to 6400 ISO with little noise.,13~45
567,22,CAMERA_3,['CAMERA_3'],"{'CAMERA_1': [], 'CAMERA_2': [], 'CAMERA_3': ['effects', 'long_exposure', 'price', 'camera_type', 'color', 'settings', 'optical_zoom', 'resolution', 'preset_modes', 'autofocus_points', 'ISO', 'sensor_size', 'weight', 'resolution', 'settings', 'weight', 'color', 'ISO', 'price']}",C_QUESTION_ABOUT_FEATURE,CAMERA_3,price,how much does it cost,S_ANSWERS_QUESTION_ABOUT_FEATURE,CAMERA_3,price,This one costs $3706.,15~20
567,23,CAMERA_3,['CAMERA_3'],"{'CAMERA_1': [], 'CAMERA_2': [], 'CAMERA_3': ['effects', 'long_exposure', 'price', 'camera_type', 'color', 'settings', 'optical_zoom', 'resolution', 'preset_modes', 'autofocus_points', 'ISO', 'sensor_size', 'weight', 'resolution', 'settings', 'weight', 'color', 'ISO', 'price', 'color']}",C_QUESTION_ABOUT_FEATURE,CAMERA_3,color,what colors does this one come in,S_ANSWERS_QUESTION_ABOUT_FEATURE,CAMERA_3,color,This one comes in black.,18~23
567,24,CAMERA_3,['CAMERA_3'],"{'CAMERA_1': [], 'CAMERA_2': [], 'CAMERA_3': ['effects', 'long_exposure', 'price', 'camera_type', 'color', 'settings', 'optical_zoom', 'resolution', 'preset_modes', 'autofocus_points', 'ISO', 'sensor_size', 'weight', 'resolution', 'settings', 'weight', 'color', 'ISO', 'price', 'color', 'price']}",C_SILENT_OR_BACKCHANNEL,CAMERA_3,NONE,alright,S_INTRODUCES_FEATURE,CAMERA_3,price,This one costs $3706.,15~20
567,25,NONE,['CAMERA_3'],"{'CAMERA_1': [], 'CAMERA_2': [], 'CAMERA_3': ['effects', 'long_exposure', 'price', 'camera_type', 'color', 'settings', 'optical_zoom', 'resolution', 'preset_modes', 'autofocus_points', 'ISO', 'sensor_size', 'weight', 'resolution', 'settings', 'weight', 'color', 'ISO', 'price', 'color', 'price']}",C_THANK_YOU,CAMERA_3,NONE,thank you for your help,S_THANK_YOU,CAMERA_3,NONE,thank you very much,
567,26,NONE,['CAMERA_3'],"{'CAMERA_1': [], 'CAMERA_2': [], 'CAMERA_3': ['effects', 'long_exposure', 'price', 'camera_type', 'color', 'settings', 'optical_zoom', 'resolution', 'preset_modes', 'autofocus_points', 'ISO', 'sensor_size', 'weight', 'resolution', 'settings', 'weight', 'color', 'ISO', 'price', 'color', 'price']}",C_LEAVES,DOOR,NONE,,S_RETURNS_TO_COUNTER,SERVICE_COUNTER,NONE,,
568,1,NONE,[],"{'CAMERA_1': [], 'CAMERA_2': [], 'CAMERA_3': []}",C_ENTERS,DOOR,NONE,,S_NONE,SERVICE_COUNTER,NONE,,
568,2,NONE,[],"{'CAMERA_1': [], 'CAMERA_2': [], 'CAMERA_3': []}",C_WALKS_TO_CAMERA,CAMERA_1,NONE,,S_NONE,SERVICE_COUNTER,NONE,,
568,3,NONE,[],"{'CAMERA_1': [], 'CAMERA_2': [], 'CAMERA_3': []}",C_EXAMINES_CAMERA,CAMERA_1,NONE,,S_GREETS,CAMERA_1,NONE,can I help you?,
568,4,CAMERA_2,['CAMERA_2'],"{'CAMERA_1': [], 'CAMERA_2': [], 'CAMERA_3': []}",C_LOOKING_FOR_A_CAMERA,CAMERA_1,NONE,I'm looking for a camera,S_INTRODUCES_CAMERA,CAMERA_2,,Let me show you this. Here we have the Sony Alpha a6000.,39~55
568,5,CAMERA_2,['CAMERA_2'],"{'CAMERA_1': [], 'CAMERA_2': ['weight'], 'CAMERA_3': []}",C_QUESTION_ABOUT_FEATURE,CAMERA_2,weight,how much does this one weigh,S_ANSWERS_QUESTION_ABOUT_FEATURE,CAMERA_2,weight,This one weighs 470 grams.,16~25
568,6,CAMERA_2,['CAMERA_2'],"{'CAMERA_1': [], 'CAMERA_2': ['weight', 'camera_type'], 'CAMERA_3': []}",C_SILENT_OR_BACKCHANNEL,CAMERA_2,NONE,alright,S_INTRODUCES_FEATURE,CAMERA_2,camera_type,This is a mirrorless camera.,10~20
568,7,CAMERA_2,['CAMERA_2'],"{'CAMERA_1': [], 'CAMERA_2': ['weight', 'camera_type', 'resolution'], 'CAMERA_3': []}",C_QUESTION_ABOUT_FEATURE,CAMERA_2,resolution,what is the resolution,S_NOT_SURE,CAMERA_2,,I'm not really sure about that,
568,8,CAMERA_2,['CAMERA_2'],"{'CAMERA_1': [], 'CAMERA_2': ['weight', 'camera_type', 'resolution', 'sensor_size'], 'CAMERA_3': []}",C_QUESTION_ABOUT_FEATURE,CAMERA_2,sensor_size,what is the sensor size,S_ANSWERS_QUESTION_ABOUT_FEATURE,CAMERA_2,sensor_size,This one has a APS-C sensor (crop sensor).,15~41
568,9,CAMERA_2,['CAMERA_2'],"{'CAMERA_1': [], 'CAMERA_2': ['weight', 'camera_type', 'resolution', 'sensor_size', 'price'], 'CAMERA_3': []}",C_QUESTION_ABOUT_FEATURE,CAMERA_2,price,how much does it cost,S_ANSWERS_QUESTION_ABOUT_FEATURE,CAMERA_2,price,This one costs $1341.,15~20
568,10,CAMERA_2,['CAMERA_2'],"{'CAMERA_1': [], 'CAMERA_2': ['weight', 'camera_type', 'resolution', 'sensor_size', 'price', 'settings'], 'CAMERA_3': []}",C_QUESTION_ABOUT_FEATURE,CAMERA_2,settings,what kind of settings does it have,S_ANSWERS_QUESTION_ABOUT_FEATURE,CAMERA_2,settings,This one has full manual control.,13~32
568,11,NONE,['CAMERA_2'],"{'CAMERA_1': [], 'CAMERA_2': ['weight', 'camera_type', 'resolution', 'sensor_size', 'price', 'settings'], 'CAMERA_3': []}",C_THANK_YOU,CAMERA_2,NONE,thank you for your help,S_THANK_YOU,CAMERA_2,NONE,thank you very much,
568,12,NONE,['CAMERA_2'],"{'CAMERA_1': [], 'CAMERA_2': ['weight', 'camera_type', 'resolution', 'sensor_size', 'price', 'settings'], 'CAMERA_3': []}",C_LEAVES,DOOR,NONE,,S_RETURNS_TO_COUNTER,SERVICE_COUNTER,NONE,,
569,1,NONE,[],"{'CAMERA_1': [], 'CAMERA_2': [], 'CAMERA_3': []}",C_ENTERS,DOOR,NONE,,S_NONE,SERVICE_COUNTER,NONE,,
569,2,NONE,[],"{'CAMERA_1': [], 'CAMERA_2': [], 'CAMERA_3': []}",C_GREETS,MIDDLE,NONE,hello,S_GREETS,MIDDLE,NONE,can I help you?,
569,3,CAMERA_3,['CAMERA_3'],"{'CAMERA_1': [], 'CAMERA_2': [], 'CAMERA_3': []}",C_LOOKING_FOR_A_CAMERA,MIDDLE,NONE,I'm looking for a camera,S_INTRODUCES_CAMERA,CAMERA_3,,Let me show you this. Here we have the Canon EOS 5D Mark III.,39~60
569,4,CAMERA_3,['CAMERA_3'],"{'CAMERA_1': [], 'CAMERA_2': [], 'CAMERA_3': ['long_exposure']}",C_QUESTION_ABOUT_FEATURE,CAMERA_3,long_exposure,can it take long exposure shots,S_ANSWERS_QUESTION_ABOUT_FEATURE,CAMERA_3,long_exposure,"This one can take long exposures up to up to 30 seconds, bulb mode: expose as long as you want.",39~94
569,5,CAMERA_3,['CAMERA_3'],"{'CAMERA_1': [], 'CAMERA_2': [], 'CAMERA_3': ['long_exposure', 'settings']}",C_QUESTION_ABOUT_FEATURE,CAMERA_3,settings,what kind of settings does it have,S_ANSWERS_QUESTION_ABOUT_FEATURE,CAMERA_3,settings,This one has full manual control.,13~32
569,6,CAMERA_3,['CAMERA_3'],"{'CAMERA_1': [], 'CAMERA_2': [], 'CAMERA_3': ['long_exposure', 'settings', 'color']}",C_QUESTION_ABOUT_FEATURE,CAMERA_3,color,what colors does this one come in,S_ANSWERS_QUESTION_ABOUT_FEATURE,CAMERA_3,color,This one comes in black.,18~23
569,7,CAMERA_3,['CAMERA_3'],"{'CAMERA_1': [], 'CAMERA_2': [], 'CAMERA_3': ['long_exposure', 'settings', 'color', 'effects']}",C_QUESTION_ABOUT_FEATURE,CAMERA_3,effects,does it have any effect modes,S_NOT_SURE,CAMERA_3,,I'm not really sure about that,
569,8,CAMERA_3,['CAMERA_3'],"{'CAMERA_1': [], 'CAMERA_2': [], 'CAMERA_3': ['long_exposure', 'settings', 'color', 'effects', 'camera_type']}",C_QUESTION_ABOUT_FEATURE,CAMERA_3,camera_type,what kind of camera is this,S_ANSWERS_QUESTION_ABOUT_FEATURE,CAMERA_3,camera_type,This is a DSLR camera.,10~14
569,9,CAMERA_3,['CAMERA_3'],"{'CAMERA_1': [], 'CAMERA_2': [], 'CAMERA_3': ['long_exposure', 'settings', 'color', 'effects', 'camera_type', 'autofocus_points']}",C_QUESTION_ABOUT_FEATURE,CAMERA_3,autofocus_points,how many autofocus points does it have,S_ANSWERS_QUESTION_ABOUT_FEATURE,CAMERA_3,autofocus_points,This one has 61 autofocus points.,13~32
569,10,CAMERA_3,['CAMERA_3'],"{'CAMERA_1': [], 'CAMERA_2': [], 'CAMERA_3': ['long_exposure', 'settings', 'color', 'effects', 'camera_type', 'autofocus_points', 'price']}",C_SILENT_OR_BACKCHANNEL,CAMERA_3,NONE,I see,S_INTRODUCES_FEATURE,CAMERA_3,price,This one costs $3706.,15~20
569,11,CAMERA_3,['CAMERA_3'],"{'CAMERA_1': [], 'CAMERA_2': [], 'CAMERA_3': ['long_exposure', 'settings', 'color', 'effects', 'camera_type', 'autofocus_points', 'price', 'sensor_size']}",C_QUESTION_ABOUT_FEATURE,CAMERA_3,sensor_size,what is the sensor size,S_ANSWERS_QUESTION_ABOUT_FEATURE,CAMERA_3,sensor_size,This one has a full frame.,15~25
569,12,CAMERA_3,['CAMERA_3'],"{'CAMERA_1': [], 'CAMERA_2': [], 'CAMERA_3': ['long_exposure', 'settings', 'color', 'effects', 'camera_type', 'autofocus_points', 'price', 'sensor_size', 'weight']}",C_QUESTION_ABOUT_FEATURE,CAMERA_3,weight,how much does this one weigh,S_ANSWERS_QUESTION_ABOUT_FEATURE,CAMERA_3,weight,This one weighs 950 grams (only body).,16~37
569,13,CAMERA_3,['CAMERA_3'],"{'CAMERA_1': [], 'CAMERA_2': [], 'CAMERA_3': ['long_exposure', 'settings', 'color', 'effects', 'camera_type', 'autofocus_points', 'price', 'sensor_size', 'weight', 'preset_modes']}",C_QUESTION_ABOUT_FEATURE,CAMERA_3,preset_modes,does it have preset modes,S_NOT_SURE,CAMERA_3,,I'm not really sure about that,
569,14,CAMERA_3,['CAMERA_3'],"{'CAMERA_1': [], 'CAMERA_2': [], 'CAMERA_3': ['long_exposure', 'settings', 'color', 'effects', 'camera_type', 'autofocus_points', 'price', 'sensor_size', 'weight', 'preset_modes', 'ISO']}",C_QUESTION_ABOUT_FEATURE,CAMERA_3,ISO,what is the ISO,S_ANSWERS_QUESTION_ABOUT_FEATURE,CAMERA_3,ISO,This one has up to 6400 ISO with little noise.,13~45
569,15,CAMERA_3,['CAMERA_3'],"{'CAMERA_1': [], 'CAMERA_2': [], 'CAMERA_3': ['long_exposure', 'settings', 'color', 'effects', 'camera_type', 'autofocus_points', 'price', 'sensor_size', 'weight', 'preset_modes', 'ISO', 'ISO']}",C_SILENT_OR_BACKCHANNEL,CAMERA_3,NONE,okay,S_INTRODUCES_FEATURE,CAMERA_3,ISO,This one has up to 6400 ISO with little noise.,13~45
569,16,CAMERA_3,['CAMERA_3'],"{'CAMERA_1': [], 'CAMERA_2': [], 'CAMERA_3': ['long_exposure', 'settings', 'color', 'effects', 'camera_type', 'autofocus_points', 'price', 'sensor_size', 'weight', 'preset_modes', 'ISO', 'ISO', 'settings']}",C_SILENT_OR_BACKCHANNEL,CAMERA_3,NONE,I see,S_INTRODUCES_FEATURE,CAMERA_3,settings,This one has full manual control.,13~32
569,17,NONE,['CAMERA_3'],"{'CAMERA_1': [], 'CAMERA_2': [], 'CAMERA_3': ['long_exposure', 'settings', 'color', 'effects', 'camera_type', 'autofocus_points', 'price', 'sensor_size', 'weight', 'preset_modes', 'ISO', 'ISO', 'settings']}",C_THANK_YOU,CAMERA_3,NONE,thank you for your help,S_THANK_YOU,CAMERA_3,NONE,thank you very much,
569,18,NONE,['CAMERA_3'],"{'CAMERA_1': [], 'CAMERA_2': [], 'CAMERA_3': ['long_exposure', 'settings', 'color', 'effects', 'camera_type', 'autofocus_points', 'price', 'sensor_size', 'weight', 'preset_modes', 'ISO', 'ISO', 'settings']}",C_LEAVES,DOOR,NONE,,S_RETURNS_TO_COUNTER,SERVICE_COUNTER,NONE,,
570,1,NONE,[],"{'CAMERA_1': [], 'CAMERA_2': [], 'CAMERA_3': []}",C_ENTERS,DOOR,NONE,,S_NONE,SERVICE_COUNTER,NONE,,
570,2,NONE,[],"{'CAMERA_1': [], 'CAMERA_2': [], 'CAMERA_3': []}",C_GREETS,MIDDLE,NONE,hello,S_GREETS,MIDDLE,NONE,can I help you?,
570,3,CAMERA_3,['CAMERA_3'],"{'CAMERA_1': [], 'CAMERA_2': [], 'CAMERA_3': []}",C_LOOKING_FOR_A_CAMERA,MIDDLE,NONE,I'm looking for a camera,S_INTRODUCES_CAMERA,CAMERA_3,,Let me show you this. Here we have the Canon EOS 5D Mark III.,39~60
570,4,CAMERA_3,['CAMERA_3'],"{'CAMERA_1': [], 'CAMERA_2': [], 'CAMERA_3': ['ISO']}",C_SILENT_OR_BACKCHANNEL,CAMERA_3,NONE,okay,S_INTRODUCES_FEATURE,CAMERA_3,ISO,This one has up to 6400 ISO with little noise.,13~45
570,5,CAMERA_3,['CAMERA_3'],"{'CAMERA_1': [], 'CAMERA_2': [], 'CAMERA_3': ['ISO', 'camera_type']}",C_SILENT_OR_BACKCHANNEL,CAMERA_3,NONE,I see,S_INTRODUCES_FEATURE,CAMERA_3,camera_type,This is a DSLR camera.,10~14
570,6,CAMERA_3,['CAMERA_3'],"{'CAMERA_1': [], 'CAMERA_2': [], 'CAMERA_3': ['ISO', 'camera_type', 'autofocus_points']}",C_QUESTION_ABOUT_FEATURE,CAMERA_3,autofocus_points,how many autofocus points does it have,S_ANSWERS_QUESTION_ABOUT_FEATURE,CAMERA_3,autofocus_points,This one has 61 autofocus points.,13~32
570,7,CAMERA_3,['CAMERA_3'],"{'CAMERA_1': [], 'CAMERA_2': [], 'CAMERA_3': ['ISO', 'camera_type', 'autofocus_points', 'price']}",C_QUESTION_ABOUT_FEATURE,CAMERA_3,price,how much does it cost,S_ANSWERS_QUESTION_ABOUT_FEATURE,CAMERA_3,price,This one costs $3706.,15~20
570,8,NONE,['CAMERA_3'],"{'CAMERA_1': [], 'CAMERA_2': [], 'CAMERA_3': ['ISO', 'camera_type', 'autofocus_points', 'price']}",C_THANK_YOU,CAMERA_3,NONE,thank you for your help,S_THANK_YOU,CAMERA_3,NONE,thank you very much,
570,9,NONE,['CAMERA_3'],"{'CAMERA_1': [], 'CAMERA_2': [], 'CAMERA_3': ['ISO', 'camera_type', 'autofocus_points', 'price']}",C_LEAVES,DOOR,NONE,,S_RETURNS_TO_COUNTER,SERVICE_COUNTER,NONE,,
571,1,NONE,[],"{'CAMERA_1': [], 'CAMERA_2': [], 'CAMERA_3': []}",C_ENTERS,DOOR,NONE,,S_NONE,SERVICE_COUNTER,NONE,,
571,2,NONE,[],"{'CAMERA_1': [], 'CAMERA_2': [], 'CAMERA_3': []}",C_GREETS,MIDDLE,NONE,hello,S_GREETS,MIDDLE,NONE,can I help you?,
571,3,CAMERA_1,['CAMERA_1'],"{'CAMERA_1': [], 'CAMERA_2': [], 'CAMERA_3': []}",C_LOOKING_FOR_A_CAMERA,MIDDLE,NONE,I'm looking for a camera,S_INTRODUCES_CAMERA,CAMERA_1,,Let me show you this. Here we have the Nikon Coolpix S2800.,39~58
571,4,CAMERA_1,['CAMERA_1'],"{'CAMERA_1': ['price'], 'CAMERA_2': [], 'CAMERA_3': []}",C_QUESTION_ABOUT_FEATURE,CAMERA_1,price,how much does it cost,S_ANSWERS_QUESTION_ABOUT_FEATURE,CAMERA_1,price,This one costs $2173.,15~20
571,5,CAMERA_1,['CAMERA_1'],"{'CAMERA_1': ['price', 'weight'], 'CAMERA_2': [], 'CAMERA_3': []}",C_QUESTION_ABOUT_FEATURE,CAMERA_1,weight,how much does this one weigh,S_ANSWERS_QUESTION_ABOUT_FEATURE,CAMERA_1,weight,This one weighs 120 grams.,16~25
571,6,CAMERA_1,['CAMERA_1'],"{'CAMERA_1': ['price', 'weight', 'optical_zoom'], 'CAMERA_2': [], 'CAMERA_3': []}",C_SILENT_OR_BACKCHANNEL,CAMERA_1,NONE,I see,S_INTRODUCES_FEATURE,CAMERA_1,optical_zoom,This one has 5x optical zoom.,13~28
571,7,NONE,['CAMERA_1'],"{'CAMERA_1': ['price', 'weight', 'optical_zoom'], 'CAMERA_2': [], 'CAMERA_3': []}",C_THANK_YOU,CAMERA_1,NONE,thank you for your help,S_THANK_YOU,CAMERA_1,NONE,thank you very much,
571,8,NONE,['CAMERA_1'],"{'CAMERA_1': ['price', 'weight', 'optical_zoom'], 'CAMERA_2': [], 'CAMERA_3': []}",C_LEAVES,DOOR,NONE,,S_RETURNS_TO_COUNTER,SERVICE_COUNTER,NONE,,
572,1,NONE,[],"{'CAMERA_1': [], 'CAMERA_2': [], 'CAMERA_3': []}",C_ENTERS,DOOR,NONE,,S_NONE,SERVICE_COUNTER,NONE,,
572,2,NONE,[],"{'CAMERA_1': [], 'CAMERA_2': [], 'CAMERA_3': []}",C_WALKS_TO_CAMERA,CAMERA_2,NONE,,S_GREETS,CAMERA_2,NONE,can I help you?,
572,3,CAMERA_3,['CAMERA_3'],"{'CAMERA_1': [], 'CAMERA_2': [], 'CAMERA_3': []}",C_LOOKING_FOR_A_CAMERA,CAMERA_2,NONE,I'm looking for a camera,S_INTRODUCES_CAMERA,CAMERA_3,,Let me show you this. Here we have the Canon EOS 5D Mark III.,39~60
572,4,CAMERA_3,['CAMERA_3'],"{'CAMERA_1': [], 'CAMERA_2': [], 'CAMERA_3': ['effects']}",C_QUESTION_ABOUT_FEATURE,CAMERA_3,effects,does it have any effect modes,S_NOT_SURE,CAMERA_3,,I'm not really sure about that,
572,5,CAMERA_3,['CAMERA_3'],"{'CAMERA_1': [], 'CAMERA_2': [], 'CAMERA_3': ['effects', 'color']}",C_SILENT_OR_BACKCHANNEL,CAMERA_3,NONE,I see,S_INTRODUCES_FEATURE,CAMERA_3,color,This one comes in black.,18~23
572,6,NONE,['CAMERA_3'],"{'CAMERA_1': [], 'CAMERA_2': [], 'CAMERA_3': ['effects', 'color']}",C_THANK_YOU,CAMERA_3,NONE,thank you for your help,S_THANK_YOU,CAMERA_3,NONE,thank you very much,
572,7,NONE,['CAMERA_3'],"{'CAMERA_1': [], 'CAMERA_2': [], 'CAMERA_3': ['effects', 'color']}",C_LEAVES,DOOR,NONE,,S_RETURNS_TO_COUNTER,SERVICE_COUNTER,NONE,,
573,1,NONE,[],"{'CAMERA_1': [], 'CAMERA_2': [], 'CAMERA_3': []}",C_ENTERS,DOOR,NONE,,S_NONE,SERVICE_COUNTER,NONE,,
573,2,NONE,[],"{'CAMERA_1': [], 'CAMERA_2': [], 'CAMERA_3': []}",C_GREETS,MIDDLE,NONE,hello,S_GREETS,MIDDLE,NONE,can I help you?,
573,3,CAMERA_3,['CAMERA_3'],"{'CAMERA_1': [], 'CAMERA_2': [], 'CAMERA_3': []}",C_LOOKING_FOR_A_CAMERA,MIDDLE,NONE,I'm looking for a camera,S_INTRODUCES_CAMERA,CAMERA_3,,Let me show you this. Here we have the Canon EOS 5D Mark III.,39~60
573,4,CAMERA_3,['CAMERA_3'],"{'CAMERA_1': [], 'CAMERA_2': [], 'CAMERA_3': ['settings']}",C_SILENT_OR_BACKCHANNEL,CAMERA_3,NONE,okay,S_INTRODUCES_FEATURE,CAMERA_3,settings,This one has full manual control.,13~32
573,5,CAMERA_3,['CAMERA_3'],"{'CAMERA_1': [], 'CAMERA_2': [], 'CAMERA_3': ['settings', 'price']}",C_SILENT_OR_BACKCHANNEL,CAMERA_3,NONE,I see,S_INTRODUCES_FEATURE,CAMERA_3,price,This one costs $3706.,15~20
573,6,CAMERA_3,['CAMERA_3'],"{'CAMERA_1': [], 'CAMERA_2': [], 'CAMERA_3': ['settings', 'price', 'sensor_size']}",C_SILENT_OR_BACKCHANNEL,CAMERA_3,NONE,I see,S_INTRODUCES_FEATURE,CAMERA_3,sensor_size,This one has a full frame.,15~25
573,7,CAMERA_3,['CAMERA_3'],"{'CAMERA_1': [], 'CAMERA_2': [], 'CAMERA_3': ['settings', 'price', 'sensor_size', 'camera_type']}",C_QUESTION_ABOUT_FEATURE,CAMERA_3,camera_type,what kind of camera is this,S_ANSWERS_QUESTION_ABOUT_FEATURE,CAMERA_3,camera_type,This is a DSLR camera.,10~14
573,8,CAMERA_3,['CAMERA_3'],"{'CAMERA_1': [], 'CAMERA_2': [], 'CAMERA_3': ['settings', 'price', 'sensor_size', 'camera_type', 'ISO']}",C_SILENT_OR_BACKCHANNEL,CAMERA_3,NONE,alright,S_INTRODUCES_FEATURE,CAMERA_3,ISO,This one has up to 6400 ISO with little noise.,13~45
573,9,CAMERA_3,['CAMERA_3'],"{'CAMERA_1': [], 'CAMERA_2': [], 'CAMERA_3': ['settings', 'price', 'sensor_size', 'camera_type', 'ISO', 'weight']}",C_SILENT_OR_BACKCHANNEL,CAMERA_3,NONE,I see,S_INTRODUCES_FEATURE,CAMERA_3,weight,This one weighs 950 grams (only body).,16~37
573,10,CAMERA_3,['CAMERA_3'],"{'CAMERA_1': [], 'CAMERA_2': [], 'CAMERA_3': ['settings', 'price', 'sensor_size', 'camera_type', 'ISO', 'weight', 'long_exposure']}",C_SILENT_OR_BACKCHANNEL,CAMERA_3,NONE,okay,S_INTRODUCES_FEATURE,CAMERA_3,long_exposure,"This one can take long exposures up to up to 30 seconds, bulb mode: expose as long as you want.",39~94
573,11,CAMERA_3,['CAMERA_3'],"{'CAMERA_1': [], 'CAMERA_2': [], 'CAMERA_3': ['settings', 'price', 'sensor_size', 'camera_type', 'ISO', 'weight', 'long_exposure', 'optical_zoom']}",C_QUESTION_ABOUT_FEATURE,CAMERA_3,optical_zoom,does it have optical zoom,S_NOT_SURE,CAMERA_3,,I'm not really sure about that,
573,12,CAMERA_3,['CAMERA_3'],"{'CAMERA_1': [], 'CAMERA_2': [], 'CAMERA_3': ['settings', 'price', 'sensor_size', 'camera_type', 'ISO', 'weight', 'long_exposure', 'optical_zoom', 'preset_modes']}",C_QUESTION_ABOUT_FEATURE,CAMERA_3,preset_modes,does it have preset modes,S_NOT_SURE,CAMERA_3,,I'm not really sure about that,
573,13,CAMERA_3,['CAMERA_3'],"{'CAMERA_1': [], 'CAMERA_2': [], 'CAMERA_3': ['settings', 'price', 'sensor_size', 'camera_type', 'ISO', 'weight', 'long_exposure', 'optical_zoom', 'preset_modes', 'effects']}",C_QUESTION_ABOUT_FEATURE,CAMERA_3,effects,does it have any effect modes,S_NOT_SURE,CAMERA_3,,I'm not really sure about that,
573,14,CAMERA_3,['CAMERA_3'],"{'CAMERA_1': [], 'CAMERA_2': [], 'CAMERA_3': ['settings', 'price', 'sensor_size', 'camera_type', 'ISO', 'weight', 'long_exposure', 'optical_zoom', 'preset_modes', 'effects', 'color']}",C_SILENT_OR_BACKCHANNEL,CAMERA_3,NONE,okay,S_INTRODUCES_FEATURE,CAMERA_3,color,This one comes in black.,18~23
573,15,CAMERA_3,['CAMERA_3'],"{'CAMERA_1': [], 'CAMERA_2': [], 'CAMERA_3': ['settings', 'price', 'sensor_size', 'camera_type', 'ISO', 'weight', 'long_exposure', 'optical_zoom', 'preset_modes', 'effects', 'color', 'autofocus_points']}",C_SILENT_OR_BACKCHANNEL,CAMERA_3,NONE,alright,S_INTRODUCES_FEATURE,CAMERA_3,autofocus_points,This one has 61 autofocus points.,13~32
573,16,CAMERA_3,['CAMERA_3'],"{'CAMERA_1': [], 'CAMERA_2': [], 'CAMERA_3': ['settings', 'price', 'sensor_size', 'camera_type', 'ISO', 'weight', 'long_exposure', 'optical_zoom', 'preset_modes', 'effects', 'color', 'autofocus_points', 'camera_type']}",C_SILENT_OR_BACKCHANNEL,CAMERA_3,NONE,okay,S_INTRODUCES_FEATURE,CAMERA_3,camera_type,This is a DSLR camera.,10~14
573,17,CAMERA_3,['CAMERA_3'],"{'CAMERA_1': [], 'CAMERA_2': [], 'CAMERA_3': ['settings', 'price', 'sensor_size', 'camera_type', 'ISO', 'weight', 'long_exposure', 'optical_zoom', 'preset_modes', 'effects', 'color', 'autofocus_points', 'camera_type', 'resolution']}",C_QUESTION_ABOUT_FEATURE,CAMERA_3,resolution,what is the resolution,S_NOT_SURE,CAMERA_3,,I'm not really sure about that,
573,18,CAMERA_3,['CAMERA_3'],"{'CAMERA_1': [], 'CAMERA_2': [], 'CAMERA_3': ['settings', 'price', 'sensor_size', 'camera_type', 'ISO', 'weight', 'long_exposure', 'optical_zoom', 'preset_modes', 'effects', 'color', 'autofocus_points', 'camera_type', 'resolution', 'long_exposure']}",C_QUESTION_ABOUT_FEATURE,CAMERA_3,long_exposure,can it take long exposure shots,S_ANSWERS_QUESTION_ABOUT_FEATURE,CAMERA_3,long_exposure,"This one can take long exposures up to up to 30 seconds, bulb mode: expose as long as you want.",39~94
573,19,CAMERA_3,['CAMERA_3'],"{'CAMERA_1': [], 'CAMERA_2': [], 'CAMERA_3': ['settings', 'price', 'sensor_size', 'camera_type', 'ISO', 'weight', 'long_exposure', 'optical_zoom', 'preset_modes', 'effects', 'color', 'autofocus_points', 'camera_type', 'resolution', 'long_exposure', 'color']}",C_QUESTION_ABOUT_FEATURE,CAMERA_3,color,what colors does this one come in,S_ANSWERS_QUESTION_ABOUT_FEATURE,CAMERA_3,color,This one comes in black.,18~23
573,20,CAMERA_3,['CAMERA_3'],"{'CAMERA_1': [], 'CAMERA_2': [], 'CAMERA_3': ['settings', 'price', 'sensor_size', 'camera_type', 'ISO', 'weight', 'long_exposure', 'optical_zoom', 'preset_modes', 'effects', 'color', 'autofocus_points', 'camera_type', 'resolution', 'long_exposure', 'color', 'ISO']}",C_QUESTION_ABOUT_FEATURE,CAMERA_3,ISO,what is the ISO,S_ANSWERS_QUESTION_ABOUT_FEATURE,CAMERA_3,ISO,This one has up to 6400 ISO with little noise.,13~45
573,21,CAMERA_3,['CAMERA_3'],"{'CAMERA_1': [], 'CAMERA_2': [], 'CAMERA_3': ['settings', 'price', 'sensor_size', 'camera_type', 'ISO', 'weight', 'long_exposure', 'optical_zoom', 'preset_modes', 'effects', 'color', 'autofocus_points', 'camera_type', 'resolution', 'long_exposure', 'color', 'ISO', 'resolution']}",C_QUESTION_ABOUT_FEATURE,CAMERA_3,resolution,what is the resolution,S_NOT_SURE,CAMERA_3,,I'm not really sure about that,
573,22,CAMERA_3,['CAMERA_3'],"{'CAMERA_1': [], 'CAMERA_2': [], 'CAMERA_3': ['settings', 'price', 'sensor_size', 'camera_type', 'ISO', 'weight', 'long_exposure', 'optical_zoom', 'preset_modes', 'effects', 'color', 'autofocus_points', 'camera_type', 'resolution', 'long_exposure', 'color', 'ISO', 'resolution', 'settings']}",C_SILENT_OR_BACKCHANNEL,CAMERA_3,NONE,alright,S_INTRODUCES_FEATURE,CAMERA_3,settings,This one has full manual control.,13~32
573,23,CAMERA_2,"['CAMERA_3', 'CAMERA_2']","{'CAMERA_1': [], 'CAMERA_2': [], 'CAMERA_3': ['settings', 'price', 'sensor_size', 'camera_type', 'ISO', 'weight', 'long_exposure', 'optical_zoom', 'preset_modes', 'effects', 'color', 'autofocus_points', 'camera_type', 'resolution', 'long_exposure', 'color', 'ISO', 'resolution', 'settings']}",C_ANYTHING_ELSE_AVAILABLE,CAMERA_3,NONE,ok do you have any other cameras,S_INTRODUCES_CAMERA,CAMERA_2,,Let me show you this. Here we have the Sony Alpha a6000.,39~55
573,24,CAMERA_2,"['CAMERA_3', 'CAMERA_2']","{'CAMERA_1': [], 'CAMERA_2': ['autofocus_points'], 'CAMERA_3': ['settings', 'price', 'sensor_size', 'camera_type', 'ISO', 'weight', 'long_exposure', 'optical_zoom', 'preset_modes', 'effects', 'color', 'autofocus_points', 'camera_type', 'resolution', 'long_exposure', 'color', 'ISO', 'resolution', 'settings']}",C_QUESTION_ABOUT_FEATURE,CAMERA_2,autofocus_points,how many autofocus points does it have,S_ANSWERS_QUESTION_ABOUT_FEATURE,CAMERA_2,autofocus_points,This one has 179 autofocus points.,13~33
573,25,CAMERA_2,"['CAMERA_3', 'CAMERA_2']","{'CAMERA_1': [], 'CAMERA_2': ['autofocus_points', 'color'], 'CAMERA_3': ['settings', 'price', 'sensor_size', 'camera_type', 'ISO', 'weight', 'long_exposure', 'optical_zoom', 'preset_modes', 'effects', 'color', 'autofocus_points', 'camera_type', 'resolution', 'long_exposure', 'color', 'ISO', 'resolution', 'settings']}",C_SILENT_OR_BACKCHANNEL,CAMERA_2,NONE,alright,S_INTRODUCES_FEATURE,CAMERA_2,color,"This one comes in white, silver, black.",18~38
573,26,CAMERA_2,"['CAMERA_3', 'CAMERA_2']","{'CAMERA_1': [], 'CAMERA_2': ['autofocus_points', 'color', 'camera_type'], 'CAMERA_3': ['settings', 'price', 'sensor_size', 'camera_type', 'ISO', 'weight', 'long_exposure', 'optical_zoom', 'preset_modes', 'effects', 'color', 'autofocus_points', 'camera_type', 'resolution', 'long_exposure', 'color', 'ISO', 'resolution', 'settings']}",C_QUESTION_ABOUT_FEATURE,CAMERA_2,camera_type,what kind of camera is this,S_ANSWERS_QUESTION_ABOUT_FEATURE,CAMERA_2,camera_type,This is a mirrorless camera.,10~20
573,27,CAMERA_2,"['CAMERA_3', 'CAMERA_2']","{'CAMERA_1': [], 'CAMERA_2': ['autofocus_points', 'color', 'camera_type', 'resolution'], 'CAMERA_3': ['settings', 'price', 'sensor_size', 'camera_type', 'ISO', 'weight', 'long_exposure', 'optical_zoom', 'preset_modes', 'effects', 'color', 'autofocus_points', 'camera_type', 'resolution', 'long_exposure', 'color', 'ISO', 'resolution', 'settings']}",C_QUESTION_ABOUT_FEATURE,CAMERA_2,resolution,what is the resolution,S_NOT_SURE,CAMERA_2,,I'm not really sure about that,
573,28,CAMERA_2,"['CAMERA_3', 'CAMERA_2']","{'CAMERA_1': [], 'CAMERA_2': ['autofocus_points', 'color', 'camera_type', 'resolution', 'long_exposure'], 'CAMERA_3': ['settings', 'price', 'sensor_size', 'camera_type', 'ISO', 'weight', 'long_exposure', 'optical_zoom', 'preset_modes', 'effects', 'color', 'autofocus_points', 'camera_type', 'resolution', 'long_exposure', 'color', 'ISO', 'resolution', 'settings']}",C_QUESTION_ABOUT_FEATURE,CAMERA_2,long_exposure,can it take long exposure shots,S_ANSWERS_QUESTION_ABOUT_FEATURE,CAMERA_2,long_exposure,This one can take long exposures up to up to 30 seconds.,39~55
573,29,CAMERA_2,"['CAMERA_3', 'CAMERA_2']","{'CAMERA_1': [], 'CAMERA_2': ['autofocus_points', 'color', 'camera_type', 'resolution', 'long_exposure', 'settings'], 'CAMERA_3': ['settings', 'price', 'sensor_size', 'camera_type', 'ISO', 'weight', 'long_exposure', 'optical_zoom', 'preset_modes', 'effects', 'color', 'autofocus_points', 'camera_type', 'resolution', 'long_exposure', 'color', 'ISO', 'resolution', 'settings']}",C_QUESTION_ABOUT_FEATURE,CAMERA_2,settings,what kind of settings does it have,S_ANSWERS_QUESTION_ABOUT_FEATURE,CAMERA_2,settings,This one has full manual control.,13~32
573,30,NONE,"['CAMERA_3', 'CAMERA_2']","{'CAMERA_1': [], 'CAMERA_2': ['autofocus_points', 'color', 'camera_type', 'resolution', 'long_exposure', 'settings'], 'CAMERA_3': ['settings', 'price', 'sensor_size', 'camera_type', 'ISO', 'weight', 'long_exposure', 'optical_zoom', 'preset_modes', 'effects', 'color', 'autofocus_points', 'camera_type', 'resolution', 'long_exposure', 'color', 'ISO', 'resolution', 'settings']}",C_THANK_YOU,CAMERA_2,NONE,thank you for your help,S_THANK_YOU,CAMERA_2,NONE,thank you very much,
573,31,NONE,"['CAMERA_3', 'CAMERA_2']","{'CAMERA_1': [], 'CAMERA_2': ['autofocus_points', 'color', 'camera_type', 'resolution', 'long_exposure', 'settings'], 'CAMERA_3': ['settings', 'price', 'sensor_size', 'camera_type', 'ISO', 'weight', 'long_exposure', 'optical_zoom', 'preset_modes', 'effects', 'color', 'autofocus_points', 'camera_type', 'resolution', 'long_exposure', 'color', 'ISO', 'resolution', 'settings']}",C_LEAVES,DOOR,NONE,,S_RETURNS_TO_COUNTER,SERVICE_COUNTER,NONE,,
574,1,NONE,[],"{'CAMERA_1': [], 'CAMERA_2': [], 'CAMERA_3': []}",C_ENTERS,DOOR,NONE,,S_NONE,SERVICE_COUNTER,NONE,,
574,2,NONE,[],"{'CAMERA_1': [], 'CAMERA_2': [], 'CAMERA_3': []}",C_GREETS,MIDDLE,NONE,hello,S_GREETS,MIDDLE,NONE,can I help you?,
574,3,CAMERA_1,['CAMERA_1'],"{'CAMERA_1': [], 'CAMERA_2': [], 'CAMERA_3': []}",C_LOOKING_FOR_A_CAMERA,MIDDLE,NONE,I'm looking for a camera,S_INTRODUCES_CAMERA,CAMERA_1,,Let me show you this. Here we have the Nikon Coolpix S2800.,39~58
574,4,CAMERA_1,['CAMERA_1'],"{'CAMERA_1': ['resolution'], 'CAMERA_2': [], 'CAMERA_3': []}",C_QUESTION_ABOUT_FEATURE,CAMERA_1,resolution,what is the resolution,S_ANSWERS_QUESTION_ABOUT_FEATURE,CAMERA_1,resolution,This one has 20.1 megapixels resolution.,13~28
574,5,CAMERA_2,"['CAMERA_1', 'CAMERA_2']","{'CAMERA_1': ['resolution'], 'CAMERA_2': [], 'CAMERA_3': []}",C_ANYTHING_ELSE_AVAILABLE,CAMERA_1,NONE,ok do you have any other cameras,S_INTRODUCES_CAMERA,CAMERA_2,,Let me show you this. Here we have the Sony Alpha a6000.,39~55
574,6,CAMERA_2,"['CAMERA_1', 'CAMERA_2']","{'CAMERA_1': ['resolution'], 'CAMERA_2': ['sensor_size'], 'CAMERA_3': []}",C_QUESTION_ABOUT_FEATURE,CAMERA_2,sensor_size,what is the sensor size,S_ANSWERS_QUESTION_ABOUT_FEATURE,CAMERA_2,sensor_size,This one has a APS-C sensor (crop sensor).,15~41
574,7,CAMERA_2,"['CAMERA_1', 'CAMERA_2']","{'CAMERA_1': ['resolution'], 'CAMERA_2': ['sensor_size', 'settings'], 'CAMERA_3': []}",C_SILENT_OR_BACKCHANNEL,CAMERA_2,NONE,okay,S_INTRODUCES_FEATURE,CAMERA_2,settings,This one has full manual control.,13~32
574,8,NONE,"['CAMERA_1', 'CAMERA_2']","{'CAMERA_1': ['resolution'], 'CAMERA_2': ['sensor_size', 'settings'], 'CAMERA_3': []}",C_THANK_YOU,CAMERA_2,NONE,thank you for your help,S_THANK_YOU,CAMERA_2,NONE,thank you very much,
574,9,NONE,"['CAMERA_1', 'CAMERA_2']","{'CAMERA_1': ['resolution'], 'CAMERA_2': ['sensor_size', 'settings'], 'CAMERA_3': []}",C_LEAVES,DOOR,NONE,,S_RETURNS_TO_COUNTER,SERVICE_COUNTER,NONE,,
575,1,NONE,[],"{'CAMERA_1': [], 'CAMERA_2': [], 'CAMERA_3': []}",C_ENTERS,DOOR,NONE,,S_NONE,SERVICE_COUNTER,NONE,,
575,2,NONE,[],"{'CAMERA_1': [], 'CAMERA_2': [], 'CAMERA_3': []}",C_GREETS,MIDDLE,NONE,hello,S_GREETS,MIDDLE,NONE,can I help you?,
575,3,CAMERA_3,['CAMERA_3'],"{'CAMERA_1': [], 'CAMERA_2': [], 'CAMERA_3': []}",C_LOOKING_FOR_A_CAMERA,MIDDLE,NONE,I'm looking for a camera,S_INTRODUCES_CAMERA,CAMERA_3,,Let me show you this. Here we have the Canon EOS 5D Mark III.,39~60
575,4,CAMERA_3,['CAMERA_3'],"{'CAMERA_1': [], 'CAMERA_2': [], 'CAMERA_3': ['price']}",C_QUESTION_ABOUT_FEATURE,CAMERA_3,price,how much does it cost,S_ANSWERS_QUESTION_ABOUT_FEATURE,CAMERA_3,price,This one costs $3706.,15~20
575,5,NONE,['CAMERA_3'],"{'CAMERA_1': [], 'CAMERA_2': [], 'CAMERA_3': ['price']}",C_THANK_YOU,CAMERA_3,NONE,thank you for your help,S_THANK_YOU,CAMERA_3,NONE,thank you very much,
575,6,NONE,['CAMERA_3'],"{'CAMERA_1': [], 'CAMERA_2': [], 'CAMERA_3': ['price']}",C_LEAVES,DOOR,NONE,,S_RETURNS_TO_COUNTER,SERVICE_COUNTER,NONE,,
576,1,NONE,[],"{'CAMERA_1': [], 'CAMERA_2': [], 'CAMERA_3': []}",C_ENTERS,DOOR,NONE,,S_NONE,SERVICE_COUNTER,NONE,,
576,2,NONE,[],"{'CAMERA_1': [], 'CAMERA_2': [], 'CAMERA_3': []}",C_GREETS,MIDDLE,NONE,hello,S_GREETS,MIDDLE,NONE,can I help you?,
576,3,CAMERA_1,['CAMERA_1'],"{'CAMERA_1': [], 'CAMERA_2': [], 'CAMERA_3': []}",C_LOOKING_FOR_A_CAMERA,MIDDLE,NONE,I'm looking for a camera,S_INTRODUCES_CAMERA,CAMERA_1,,Let me show you this. Here we have the Nikon Coolpix S2800.,39~58
576,4,CAMERA_1,['CAMERA_1'],"{'CAMERA_1': ['color'], 'CAMERA_2': [], 'CAMERA_3': []}",C_SILENT_OR_BACKCHANNEL,CAMERA_1,NONE,okay,S_INTRODUCES_FEATURE,CAMERA_1,color,"This one comes in purple, pink, black, silver, red.",18~50
576,5,NONE,['CAMERA_1'],"{'CAMERA_1': ['color'], 'CAMERA_2': [], 'CAMERA_3': []}",C_THANK_YOU,CAMERA_1,NONE,thank you for your help,S_THANK_YOU,CAMERA_1,NONE,thank you very much,
576,6,NONE,['CAMERA_1'],"{'CAMERA_1': ['color'], 'CAMERA_2': [], 'CAMERA_3': []}",C_LEAVES,DOOR,NONE,,S_RETURNS_TO_COUNTER,SERVICE_COUNTER,NONE,,
577,1,NONE,[],"{'CAMERA_1': [], 'CAMERA_2': [], 'CAMERA_3': []}",C_ENTERS,DOOR,NONE,,S_NONE,SERVICE_COUNTER,NONE,,
577,2,NONE,[],"{'CAMERA_1': [], 'CAMERA_2': [], 'CAMERA_3': []}",C_GREETS,MIDDLE,NONE,hello,S_GREETS,MIDDLE,NONE,can I help you?,
577,3,CAMERA_2,['CAMERA_2'],"{'CAMERA_1': [], 'CAMERA_2': [], 'CAMERA_3': []}",C_LOOKING_FOR_A_CAMERA,MIDDLE,NONE,I'm looking for a camera,S_INTRODUCES_CAMERA,CAMERA_2,,Let me show you this. Here we have the Sony Alpha a6000.,39~55
577,4,CAMERA_2,['CAMERA_2'],"{'CAMERA_1': [], 'CAMERA_2': ['long_exposure'], 'CAMERA_3': []}",C_SILENT_OR_BACKCHANNEL,CAMERA_2,NONE,alright,S_INTRODUCES_FEATURE,CAMERA_2,long_exposure,This one can take long exposures up to up to 30 seconds.,39~55
577,5,CAMERA_2,['CAMERA_2'],"{'CAMERA_1': [], 'CAMERA_2': ['long_exposure', 'price'], 'CAMERA_3': []}",C_SILENT_OR_BACKCHANNEL,CAMERA_2,NONE,alright,S_INTRODUCES_FEATURE,CAMERA_2,price,This one costs $1341.,15~20
577,6,CAMERA_3,"['CAMERA_2', 'CAMERA_3']","{'CAMERA_1': [], 'CAMERA_2': ['long_exposure', 'price'], 'CAMERA_3': []}",C_ANYTHING_ELSE_AVAILABLE,CAMERA_2,NONE,ok do you have any other cameras,S_INTRODUCES_CAMERA,CAMERA_3,,Let me show you this. Here we have the Canon EOS 5D Mark III.,39~60
577,7,CAMERA_3,"['CAMERA_2', 'CAMERA_3']","{'CAMERA_1': [], 'CAMERA_2': ['long_exposure', 'price'], 'CAMERA_3': ['resolution']}",C_QUESTION_ABOUT_FEATURE,CAMERA_3,resolution,what is the resolution,S_NOT_SURE,CAMERA_3,,I'm not really sure about that,
577,8,CAMERA_3,"['CAMERA_2', 'CAMERA_3']","{'CAMERA_1': [], 'CAMERA_2': ['long_exposure', 'price'], 'CAMERA_3': ['resolution', 'preset_modes']}",C_QUESTION_ABOUT_FEATURE,CAMERA_3,preset_modes,does it have preset modes,S_NOT_SURE,CAMERA_3,,I'm not really sure about that,
577,9,CAMERA_1,"['CAMERA_2', 'CAMERA_3', 'CAMERA_1']","{'CAMERA_1': [], 'CAMERA_2': ['long_exposure', 'price'], 'CAMERA_3': ['resolution', 'preset_modes']}",C_ANYTHING_ELSE_AVAILABLE,CAMERA_3,NONE,ok do you have any other cameras,S_INTRODUCES_CAMERA,CAMERA_1,,Let me show you this. Here we have the Nikon Coolpix S2800.,39~58
577,10,CAMERA_1,"['CAMERA_2', 'CAMERA_3', 'CAMERA_1']","{'CAMERA_1': ['optical_zoom'], 'CAMERA_2': ['long_exposure', 'price'], 'CAMERA_3': ['resolution', 'preset_modes']}",C_QUESTION_ABOUT_FEATURE,CAMERA_1,optical_zoom,does it have optical zoom,S_ANSWERS_QUESTION_ABOUT_FEATURE,CAMERA_1,optical_zoom,This one has 5x optical zoom.,13~28
577,11,CAMERA_1,"['CAMERA_2', 'CAMERA_3', 'CAMERA_1']","{'CAMERA_1': ['optical_zoom', 'effects'], 'CAMERA_2': ['long_exposure', 'price'], 'CAMERA_3': ['resolution', 'preset_modes']}",C_QUESTION_ABOUT_FEATURE,CAMERA_1,effects,does it have any effect modes,S_ANSWERS_QUESTION_ABOUT_FEATURE,CAMERA_1,effects,"This one has 12 glamor retouch effects (e.g. skin softening, small face, big eyes).",13~82
577,12,CAMERA_1,"['CAMERA_2', 'CAMERA_3', 'CAMERA_1']","{'CAMERA_1': ['optical_zoom', 'effects', 'weight'], 'CAMERA_2': ['long_exposure', 'price'], 'CAMERA_3': ['resolution', 'preset_modes']}",C_QUESTION_ABOUT_FEATURE,CAMERA_1,weight,how much does this one weigh,S_ANSWERS_QUESTION_ABOUT_FEATURE,CAMERA_1,weight,This one weighs 120 grams.,16~25
577,13,CAMERA_1,"['CAMERA_2', 'CAMERA_3', 'CAMERA_1']","{'CAMERA_1': ['optical_zoom', 'effects', 'weight', 'autofocus_points'], 'CAMERA_2': ['long_exposure', 'price'], 'CAMERA_3': ['resolution', 'preset_modes']}",C_QUESTION_ABOUT_FEATURE,CAMERA_1,autofocus_points,how many autofocus points does it have,S_NOT_SURE,CAMERA_1,,I'm not really sure about that,
577,14,CAMERA_1,"['CAMERA_2', 'CAMERA_3', 'CAMERA_1']","{'CAMERA_1': ['optical_zoom', 'effects', 'weight', 'autofocus_points', 'camera_type'], 'CAMERA_2': ['long_exposure', 'price'], 'CAMERA_3': ['resolution', 'preset_modes']}",C_QUESTION_ABOUT_FEATURE,CAMERA_1,camera_type,what kind of camera is this,S_ANSWERS_QUESTION_ABOUT_FEATURE,CAMERA_1,camera_type,This is a point and shoot camera.,10~25
577,15,,"['CAMERA_2', 'CAMERA_3', 'CAMERA_1']","{'CAMERA_1': ['optical_zoom', 'effects', 'weight', 'autofocus_points', 'camera_type'], 'CAMERA_2': ['long_exposure', 'price'], 'CAMERA_3': ['resolution', 'preset_modes']}",C_ANYTHING_ELSE_AVAILABLE,CAMERA_1,NONE,ok do you have any other cameras,S_THATS_ALL_WE_HAVE_AVAILABLE,CAMERA_1,,That’s all we have available at the moment.,
577,16,NONE,"['CAMERA_2', 'CAMERA_3', 'CAMERA_1']","{'CAMERA_1': ['optical_zoom', 'effects', 'weight', 'autofocus_points', 'camera_type'], 'CAMERA_2': ['long_exposure', 'price'], 'CAMERA_3': ['resolution', 'preset_modes']}",C_THANK_YOU,CAMERA_1,NONE,thank you for your help,S_THANK_YOU,CAMERA_1,NONE,thank you very much,
577,17,NONE,"['CAMERA_2', 'CAMERA_3', 'CAMERA_1']","{'CAMERA_1': ['optical_zoom', 'effects', 'weight', 'autofocus_points', 'camera_type'], 'CAMERA_2': ['long_exposure', 'price'], 'CAMERA_3': ['resolution', 'preset_modes']}",C_LEAVES,DOOR,NONE,,S_RETURNS_TO_COUNTER,SERVICE_COUNTER,NONE,,
578,1,NONE,[],"{'CAMERA_1': [], 'CAMERA_2': [], 'CAMERA_3': []}",C_ENTERS,DOOR,NONE,,S_NONE,SERVICE_COUNTER,NONE,,
578,2,NONE,[],"{'CAMERA_1': [], 'CAMERA_2': [], 'CAMERA_3': []}",C_GREETS,MIDDLE,NONE,hello,S_GREETS,MIDDLE,NONE,can I help you?,
578,3,CAMERA_1,['CAMERA_1'],"{'CAMERA_1': [], 'CAMERA_2': [], 'CAMERA_3': []}",C_LOOKING_FOR_A_CAMERA,MIDDLE,NONE,I'm looking for a camera,S_INTRODUCES_CAMERA,CAMERA_1,,Let me show you this. Here we have the Nikon Coolpix S2800.,39~58
578,4,CAMERA_1,['CAMERA_1'],"{'CAMERA_1': ['preset_modes'], 'CAMERA_2': [], 'CAMERA_3': []}",C_QUESTION_ABOUT_FEATURE,CAMERA_1,preset_modes,does it have preset modes,S_ANSWERS_QUESTION_ABOUT_FEATURE,CAMERA_1,preset_modes,"This one has 18 preset modes (e.g. beach, snow, night portrait).",13~63
578,5,CAMERA_1,['CAMERA_1'],"{'CAMERA_1': ['preset_modes', 'optical_zoom'], 'CAMERA_2': [], 'CAMERA_3': []}",C_QUESTION_ABOUT_FEATURE,CAMERA_1,optical_zoom,does it have optical zoom,S_ANSWERS_QUESTION_ABOUT_FEATURE,CAMERA_1,optical_zoom,This one has 5x optical zoom.,13~28
578,6,CAMERA_1,['CAMERA_1'],"{'CAMERA_1': ['preset_modes', 'optical_zoom', 'weight'], 'CAMERA_2': [], 'CAMERA_3': []}",C_SILENT_OR_BACKCHANNEL,CAMERA_1,NONE,okay,S_INTRODUCES_FEATURE,CAMERA_1,weight,This one weighs 120 grams.,16~25
578,7,CAMERA_1,['CAMERA_1'],"{'CAMERA_1': ['preset_modes', 'optical_zoom', 'weight', 'effects'], 'CAMERA_2': [], 'CAMERA_3': []}",C_QUESTION_ABOUT_FEATURE,CAMERA_1,effects,does it have any effect modes,S_ANSWERS_QUESTION_ABOUT_FEATURE,CAMERA_1,effects,"This one has 12 glamor retouch effects (e.g. skin softening, small face, big eyes).",13~82
578,8,CAMERA_1,['CAMERA_1'],"{'CAMERA_1': ['preset_modes', 'optical_zoom', 'weight', 'effects', 'resolution'], 'CAMERA_2': [], 'CAMERA_3': []}",C_SILENT_OR_BACKCHANNEL,CAMERA_1,NONE,alright,S_INTRODUCES_FEATURE,CAMERA_1,resolution,This one has 20.1 megapixels resolution.,13~28
578,9,CAMERA_1,['CAMERA_1'],"{'CAMERA_1': ['preset_modes', 'optical_zoom', 'weight', 'effects', 'resolution', 'price'], 'CAMERA_2': [], 'CAMERA_3': []}",C_QUESTION_ABOUT_FEATURE,CAMERA_1,price,how much does it cost,S_ANSWERS_QUESTION_ABOUT_FEATURE,CAMERA_1,price,This one costs $2173.,15~20
578,10,CAMERA_1,['CAMERA_1'],"{'CAMERA_1': ['preset_modes', 'optical_zoom', 'weight', 'effects', 'resolution', 'price', 'sensor_size'], 'CAMERA_2': [], 'CAMERA_3': []}",C_QUESTION_ABOUT_FEATURE,CAMERA_1,sensor_size,what is the sensor size,S_NOT_SURE,CAMERA_1,,I'm not really sure about that,
578,11,NONE,['CAMERA_1'],"{'CAMERA_1': ['preset_modes', 'optical_zoom', 'weight', 'effects', 'resolution', 'price', 'sensor_size'], 'CAMERA_2': [], 'CAMERA_3': []}",C_THANK_YOU,CAMERA_1,NONE,thank you for your help,S_THANK_YOU,CAMERA_1,NONE,thank you very much,
578,12,NONE,['CAMERA_1'],"{'CAMERA_1': ['preset_modes', 'optical_zoom', 'weight', 'effects', 'resolution', 'price', 'sensor_size'], 'CAMERA_2': [], 'CAMERA_3': []}",C_LEAVES,DOOR,NONE,,S_RETURNS_TO_COUNTER,SERVICE_COUNTER,NONE,,
579,1,NONE,[],"{'CAMERA_1': [], 'CAMERA_2': [], 'CAMERA_3': []}",C_ENTERS,DOOR,NONE,,S_NONE,SERVICE_COUNTER,NONE,,
579,2,NONE,[],"{'CAMERA_1': [], 'CAMERA_2': [], 'CAMERA_3': []}",C_GREETS,MIDDLE,NONE,hello,S_GREETS,MIDDLE,NONE,can I help you?,
579,3,CAMERA_3,['CAMERA_3'],"{'CAMERA_1': [], 'CAMERA_2': [], 'CAMERA_3': []}",C_LOOKING_FOR_A_CAMERA,MIDDLE,NONE,I'm looking for a camera,S_INTRODUCES_CAMERA,CAMERA_3,,Let me show you this. Here we have the Canon EOS 5D Mark III.,39~60
579,4,CAMERA_3,['CAMERA_3'],"{'CAMERA_1': [], 'CAMERA_2': [], 'CAMERA_3': ['settings']}",C_QUESTION_ABOUT_FEATURE,CAMERA_3,settings,what kind of settings does it have,S_ANSWERS_QUESTION_ABOUT_FEATURE,CAMERA_3,settings,This one has full manual control.,13~32
579,5,CAMERA_3,['CAMERA_3'],"{'CAMERA_1': [], 'CAMERA_2': [], 'CAMERA_3': ['settings', 'sensor_size']}",C_QUESTION_ABOUT_FEATURE,CAMERA_3,sensor_size,what is the sensor size,S_ANSWERS_QUESTION_ABOUT_FEATURE,CAMERA_3,sensor_size,This one has a full frame.,15~25
579,6,CAMERA_3,['CAMERA_3'],"{'CAMERA_1': [], 'CAMERA_2': [], 'CAMERA_3': ['settings', 'sensor_size', 'autofocus_points']}",C_QUESTION_ABOUT_FEATURE,CAMERA_3,autofocus_points,how many autofocus points does it have,S_ANSWERS_QUESTION_ABOUT_FEATURE,CAMERA_3,autofocus_points,This one has 61 autofocus points.,13~32
579,7,CAMERA_1,"['CAMERA_3', 'CAMERA_1']","{'CAMERA_1': [], 'CAMERA_2': [], 'CAMERA_3': ['settings', 'sensor_size', 'autofocus_points']}",C_ANYTHING_ELSE_AVAILABLE,CAMERA_3,NONE,ok do you have any other cameras,S_INTRODUCES_CAMERA,CAMERA_1,,Let me show you this. Here we have the Nikon Coolpix S2800.,39~58
579,8,CAMERA_1,"['CAMERA_3', 'CAMERA_1']","{'CAMERA_1': ['color'], 'CAMERA_2': [], 'CAMERA_3': ['settings', 'sensor_size', 'autofocus_points']}",C_QUESTION_ABOUT_FEATURE,CAMERA_1,color,what colors does this one come in,S_ANSWERS_QUESTION_ABOUT_FEATURE,CAMERA_1,color,"This one comes in purple, pink, black, silver, red.",18~50
579,9,NONE,"['CAMERA_3', 'CAMERA_1']","{'CAMERA_1': ['color'], 'CAMERA_2': [], 'CAMERA_3': ['settings', 'sensor_size', 'autofocus_points']}",C_THANK_YOU,CAMERA_1,NONE,thank you for your help,S_THANK_YOU,CAMERA_1,NONE,thank you very much,
579,10,NONE,"['CAMERA_3', 'CAMERA_1']","{'CAMERA_1': ['color'], 'CAMERA_2': [], 'CAMERA_3': ['settings', 'sensor_size', 'autofocus_points']}",C_LEAVES,DOOR,NONE,,S_RETURNS_TO_COUNTER,SERVICE_COUNTER,NONE,,
580,1,NONE,[],"{'CAMERA_1': [], 'CAMERA_2': [], 'CAMERA_3': []}",C_ENTERS,DOOR,NONE,,S_NONE,SERVICE_COUNTER,NONE,,
580,2,NONE,[],"{'CAMERA_1': [], 'CAMERA_2': [], 'CAMERA_3': []}",C_WALKS_TO_CAMERA,CAMERA_2,NONE,,S_NONE,SERVICE_COUNTER,NONE,,
580,3,CAMERA_2,['CAMERA_2'],"{'CAMERA_1': [], 'CAMERA_2': ['autofocus_points'], 'CAMERA_3': []}",C_QUESTION_ABOUT_FEATURE,CAMERA_2,autofocus_points,how many autofocus points does it have,S_ANSWERS_QUESTION_ABOUT_FEATURE,CAMERA_2,autofocus_points,This one has 179 autofocus points.,13~33
580,4,CAMERA_2,['CAMERA_2'],"{'CAMERA_1': [], 'CAMERA_2': ['autofocus_points', 'color'], 'CAMERA_3': []}",C_QUESTION_ABOUT_FEATURE,CAMERA_2,color,what colors does this one come in,S_ANSWERS_QUESTION_ABOUT_FEATURE,CAMERA_2,color,"This one comes in white, silver, black.",18~38
580,5,CAMERA_2,['CAMERA_2'],"{'CAMERA_1': [], 'CAMERA_2': ['autofocus_points', 'color', 'camera_type'], 'CAMERA_3': []}",C_SILENT_OR_BACKCHANNEL,CAMERA_2,NONE,alright,S_INTRODUCES_FEATURE,CAMERA_2,camera_type,This is a mirrorless camera.,10~20
580,6,NONE,['CAMERA_2'],"{'CAMERA_1': [], 'CAMERA_2': ['autofocus_points', 'color', 'camera_type'], 'CAMERA_3': []}",C_THANK_YOU,CAMERA_2,NONE,thank you for your help,S_THANK_YOU,CAMERA_2,NONE,thank you very much,
580,7,NONE,['CAMERA_2'],"{'CAMERA_1': [], 'CAMERA_2': ['autofocus_points', 'color', 'camera_type'], 'CAMERA_3': []}",C_LEAVES,DOOR,NONE,,S_RETURNS_TO_COUNTER,SERVICE_COUNTER,NONE,,
581,1,NONE,[],"{'CAMERA_1': [], 'CAMERA_2': [], 'CAMERA_3': []}",C_ENTERS,DOOR,NONE,,S_NONE,SERVICE_COUNTER,NONE,,
581,2,NONE,[],"{'CAMERA_1': [], 'CAMERA_2': [], 'CAMERA_3': []}",C_WALKS_TO_CAMERA,CAMERA_1,NONE,,S_GREETS,CAMERA_1,NONE,can I help you?,
581,3,CAMERA_1,['CAMERA_1'],"{'CAMERA_1': [], 'CAMERA_2': [], 'CAMERA_3': []}",C_LOOKING_FOR_A_CAMERA,CAMERA_1,NONE,I'm looking for a camera,S_INTRODUCES_CAMERA,CAMERA_1,,Let me show you this. Here we have the Nikon Coolpix S2800.,39~58
581,4,CAMERA_1,['CAMERA_1'],"{'CAMERA_1': ['optical_zoom'], 'CAMERA_2': [], 'CAMERA_3': []}",C_QUESTION_ABOUT_FEATURE,CAMERA_1,optical_zoom,does it have optical zoom,S_ANSWERS_QUESTION_ABOUT_FEATURE,CAMERA_1,optical_zoom,This one has 5x optical zoom.,13~28
581,5,CAMERA_1,['CAMERA_1'],"{'CAMERA_1': ['optical_zoom', 'settings'], 'CAMERA_2': [], 'CAMERA_3': []}",C_SILENT_OR_BACKCHANNEL,CAMERA_1,NONE,I see,S_INTRODUCES_FEATURE,CAMERA_1,settings,This one has limited manual settings.,13~36
581,6,CAMERA_1,['CAMERA_1'],"{'CAMERA_1': ['optical_zoom', 'settings', 'preset_modes'], 'CAMERA_2': [], 'CAMERA_3': []}",C_QUESTION_ABOUT_FEATURE,CAMERA_1,preset_modes,does it have preset modes,S_ANSWERS_QUESTION_ABOUT_FEATURE,CAMERA_1,preset_modes,"This one has 18 preset modes (e.g. beach, snow, night portrait).",13~63
581,7,NONE,['CAMERA_1'],"{'CAMERA_1': ['optical_zoom', 'settings', 'preset_modes'], 'CAMERA_2': [], 'CAMERA_3': []}",C_THANK_YOU,CAMERA_1,NONE,thank you for your help,S_THANK_YOU,CAMERA_1,NONE,thank you very much,
581,8,NONE,['CAMERA_1'],"{'CAMERA_1': ['optical_zoom', 'settings', 'preset_modes'], 'CAMERA_2': [], 'CAMERA_3': []}",C_LEAVES,DOOR,NONE,,S_RETURNS_TO_COUNTER,SERVICE_COUNTER,NONE,,
582,1,NONE,[],"{'CAMERA_1': [], 'CAMERA_2': [], 'CAMERA_3': []}",C_ENTERS,DOOR,NONE,,S_NONE,SERVICE_COUNTER,NONE,,
582,2,NONE,[],"{'CAMERA_1': [], 'CAMERA_2': [], 'CAMERA_3': []}",C_WALKS_TO_CAMERA,CAMERA_1,NONE,,S_GREETS,CAMERA_1,NONE,can I help you?,
582,3,CAMERA_1,['CAMERA_1'],"{'CAMERA_1': [], 'CAMERA_2': [], 'CAMERA_3': []}",C_LOOKING_FOR_A_CAMERA,CAMERA_1,NONE,I'm looking for a camera,S_INTRODUCES_CAMERA,CAMERA_1,,Let me show you this. Here we have the Nikon Coolpix S2800.,39~58
582,4,CAMERA_1,['CAMERA_1'],"{'CAMERA_1': ['color'], 'CAMERA_2': [], 'CAMERA_3': []}",C_SILENT_OR_BACKCHANNEL,CAMERA_1,NONE,alright,S_INTRODUCES_FEATURE,CAMERA_1,color,"This one comes in purple, pink, black, silver, red.",18~50
582,5,CAMERA_1,['CAMERA_1'],"{'CAMERA_1': ['color', 'settings'], 'CAMERA_2': [], 'CAMERA_3': []}",C_QUESTION_ABOUT_FEATURE,CAMERA_1,settings,what kind of settings does it have,S_ANSWERS_QUESTION_ABOUT_FEATURE,CAMERA_1,settings,This one has limited manual settings.,13~36
582,6,CAMERA_1,['CAMERA_1'],"{'CAMERA_1': ['color', 'settings', 'price'], 'CAMERA_2': [], 'CAMERA_3': []}",C_QUESTION_ABOUT_FEATURE,CAMERA_1,price,how much does it cost,S_ANSWERS_QUESTION_ABOUT_FEATURE,CAMERA_1,price,This one costs $2173.,15~20
582,7,CAMERA_1,['CAMERA_1'],"{'CAMERA_1': ['color', 'settings', 'price', 'preset_modes'], 'CAMERA_2': [], 'CAMERA_3': []}",C_SILENT_OR_BACKCHANNEL,CAMERA_1,NONE,I see,S_INTRODUCES_FEATURE,CAMERA_1,preset_modes,"This one has 18 preset modes (e.g. beach, snow, night portrait).",13~63
582,8,CAMERA_2,"['CAMERA_1', 'CAMERA_2']","{'CAMERA_1': ['color', 'settings', 'price', 'preset_modes'], 'CAMERA_2': [], 'CAMERA_3': []}",C_ANYTHING_ELSE_AVAILABLE,CAMERA_1,NONE,ok do you have any other cameras,S_INTRODUCES_CAMERA,CAMERA_2,,Let me show you this. Here we have the Sony Alpha a6000.,39~55
582,9,CAMERA_2,"['CAMERA_1', 'CAMERA_2']","{'CAMERA_1': ['color', 'settings', 'price', 'preset_modes'], 'CAMERA_2': ['settings'], 'CAMERA_3': []}",C_SILENT_OR_BACKCHANNEL,CAMERA_2,NONE,okay,S_INTRODUCES_FEATURE,CAMERA_2,settings,This one has full manual control.,13~32
582,10,NONE,"['CAMERA_1', 'CAMERA_2']","{'CAMERA_1': ['color', 'settings', 'price', 'preset_modes'], 'CAMERA_2': ['settings'], 'CAMERA_3': []}",C_THANK_YOU,CAMERA_2,NONE,thank you for your help,S_THANK_YOU,CAMERA_2,NONE,thank you very much,
582,11,NONE,"['CAMERA_1', 'CAMERA_2']","{'CAMERA_1': ['color', 'settings', 'price', 'preset_modes'], 'CAMERA_2': ['settings'], 'CAMERA_3': []}",C_LEAVES,DOOR,NONE,,S_RETURNS_TO_COUNTER,SERVICE_COUNTER,NONE,,
583,1,NONE,[],"{'CAMERA_1': [], 'CAMERA_2': [], 'CAMERA_3': []}",C_ENTERS,DOOR,NONE,,S_NONE,SERVICE_COUNTER,NONE,,
583,2,NONE,[],"{'CAMERA_1': [], 'CAMERA_2': [], 'CAMERA_3': []}",C_GREETS,MIDDLE,NONE,hello,S_GREETS,MIDDLE,NONE,can I help you?,
583,3,CAMERA_1,['CAMERA_1'],"{'CAMERA_1': [], 'CAMERA_2': [], 'CAMERA_3': []}",C_LOOKING_FOR_A_CAMERA,MIDDLE,NONE,I'm looking for a camera,S_INTRODUCES_CAMERA,CAMERA_1,,Let me show you this. Here we have the Nikon Coolpix S2800.,39~58
583,4,CAMERA_1,['CAMERA_1'],"{'CAMERA_1': ['preset_modes'], 'CAMERA_2': [], 'CAMERA_3': []}",C_QUESTION_ABOUT_FEATURE,CAMERA_1,preset_modes,does it have preset modes,S_ANSWERS_QUESTION_ABOUT_FEATURE,CAMERA_1,preset_modes,"This one has 18 preset modes (e.g. beach, snow, night portrait).",13~63
583,5,CAMERA_1,['CAMERA_1'],"{'CAMERA_1': ['preset_modes', 'weight'], 'CAMERA_2': [], 'CAMERA_3': []}",C_SILENT_OR_BACKCHANNEL,CAMERA_1,NONE,I see,S_INTRODUCES_FEATURE,CAMERA_1,weight,This one weighs 120 grams.,16~25
583,6,NONE,['CAMERA_1'],"{'CAMERA_1': ['preset_modes', 'weight'], 'CAMERA_2': [], 'CAMERA_3': []}",C_THANK_YOU,CAMERA_1,NONE,thank you for your help,S_THANK_YOU,CAMERA_1,NONE,thank you very much,
583,7,NONE,['CAMERA_1'],"{'CAMERA_1': ['preset_modes', 'weight'], 'CAMERA_2': [], 'CAMERA_3': []}",C_LEAVES,DOOR,NONE,,S_RETURNS_TO_COUNTER,SERVICE_COUNTER,NONE,,
584,1,NONE,[],"{'CAMERA_1': [], 'CAMERA_2': [], 'CAMERA_3': []}",C_ENTERS,DOOR,NONE,,S_NONE,SERVICE_COUNTER,NONE,,
584,2,NONE,[],"{'CAMERA_1': [], 'CAMERA_2': [], 'CAMERA_3': []}",C_GREETS,MIDDLE,NONE,hello,S_GREETS,MIDDLE,NONE,can I help you?,
584,3,CAMERA_3,['CAMERA_3'],"{'CAMERA_1': [], 'CAMERA_2': [], 'CAMERA_3': []}",C_LOOKING_FOR_A_CAMERA,MIDDLE,NONE,I'm looking for a camera,S_INTRODUCES_CAMERA,CAMERA_3,,Let me show you this. Here we have the Canon EOS 5D Mark III.,39~60
584,4,CAMERA_3,['CAMERA_3'],"{'CAMERA_1': [], 'CAMERA_2': [], 'CAMERA_3': ['camera_type']}",C_QUESTION_ABOUT_FEATURE,CAMERA_3,camera_type,what kind of camera is this,S_ANSWERS_QUESTION_ABOUT_FEATURE,CAMERA_3,camera_type,This is a DSLR camera.,10~14
584,5,CAMERA_3,['CAMERA_3'],"{'CAMERA_1': [], 'CAMERA_2': [], 'CAMERA_3': ['camera_type', 'autofocus_points']}",C_SILENT_OR_BACKCHANNEL,CAMERA_3,NONE,I see,S_INTRODUCES_FEATURE,CAMERA_3,autofocus_points,This one has 61 autofocus points.,13~32
584,6,NONE,['CAMERA_3'],"{'CAMERA_1': [], 'CAMERA_2': [], 'CAMERA_3': ['camera_type', 'autofocus_points']}",C_THANK_YOU,CAMERA_3,NONE,thank you for your help,S_THANK_YOU,CAMERA_3,NONE,thank you very much,
584,7,NONE,['CAMERA_3'],"{'CAMERA_1': [], 'CAMERA_2': [], 'CAMERA_3': ['camera_type', 'autofocus_points']}",C_LEAVES,DOOR,NONE,,S_RETURNS_TO_COUNTER,SERVICE_COUNTER,NONE,,
585,1,NONE,[],"{'CAMERA_1': [], 'CAMERA_2': [], 'CAMERA_3': []}",C_ENTERS,DOOR,NONE,,S_NONE,SERVICE_COUNTER,NONE,,
585,2,NONE,[],"{'CAMERA_1': [], 'CAMERA_2': [], 'CAMERA_3': []}",C_WALKS_TO_CAMERA,CAMERA_3,NONE,,S_NONE,SERVICE_COUNTER,NONE,,
585,3,NONE,[],"{'CAMERA_1': [], 'CAMERA_2': [], 'CAMERA_3': []}",C_EXAMINES_CAMERA,CAMERA_3,NONE,,S_NONE,SERVICE_COUNTER,NONE,,
585,4,CAMERA_3,['CAMERA_3'],"{'CAMERA_1': [], 'CAMERA_2': [], 'CAMERA_3': ['weight']}",C_QUESTION_ABOUT_FEATURE,CAMERA_3,weight,how much does this one weigh,S_ANSWERS_QUESTION_ABOUT_FEATURE,CAMERA_3,weight,This one weighs 950 grams (only body).,16~37
585,5,CAMERA_3,['CAMERA_3'],"{'CAMERA_1': [], 'CAMERA_2': [], 'CAMERA_3': ['weight', 'camera_type']}",C_QUESTION_ABOUT_FEATURE,CAMERA_3,camera_type,what kind of camera is this,S_ANSWERS_QUESTION_ABOUT_FEATURE,CAMERA_3,camera_type,This is a DSLR camera.,10~14
585,6,CAMERA_1,"['CAMERA_3', 'CAMERA_1']","{'CAMERA_1': [], 'CAMERA_2': [], 'CAMERA_3': ['weight', 'camera_type']}",C_ANYTHING_ELSE_AVAILABLE,CAMERA_3,NONE,ok do you have any other cameras,S_INTRODUCES_CAMERA,CAMERA_1,,Let me show you this. Here we have the Nikon Coolpix S2800.,39~58
585,7,CAMERA_1,"['CAMERA_3', 'CAMERA_1']","{'CAMERA_1': ['autofocus_points'], 'CAMERA_2': [], 'CAMERA_3': ['weight', 'camera_type']}",C_QUESTION_ABOUT_FEATURE,CAMERA_1,autofocus_points,how many autofocus points does it have,S_NOT_SURE,CAMERA_1,,I'm not really sure about that,
585,8,CAMERA_1,"['CAMERA_3', 'CAMERA_1']","{'CAMERA_1': ['autofocus_points', 'sensor_size'], 'CAMERA_2': [], 'CAMERA_3': ['weight', 'camera_type']}",C_QUESTION_ABOUT_FEATURE,CAMERA_1,sensor_size,what is the sensor size,S_NOT_SURE,CAMERA_1,,I'm not really sure about that,
585,9,CAMERA_1,"['CAMERA_3', 'CAMERA_1']","{'CAMERA_1': ['autofocus_points', 'sensor_size', 'ISO'], 'CAMERA_2': [], 'CAMERA_3': ['weight', 'camera_type']}",C_QUESTION_ABOUT_FEATURE,CAMERA_1,ISO,what is the ISO,S_NOT_SURE,CAMERA_1,,I'm not really sure about that,
585,10,CAMERA_1,"['CAMERA_3', 'CAMERA_1']","{'CAMERA_1': ['autofocus_points', 'sensor_size', 'ISO', 'price'], 'CAMERA_2': [], 'CAMERA_3': ['weight', 'camera_type']}",C_QUESTION_ABOUT_FEATURE,CAMERA_1,price,how much does it cost,S_ANSWERS_QUESTION_ABOUT_FEATURE,CAMERA_1,price,This one costs $2173.,15~20
585,11,NONE,"['CAMERA_3', 'CAMERA_1']","{'CAMERA_1': ['autofocus_points', 'sensor_size', 'ISO', 'price'], 'CAMERA_2': [], 'CAMERA_3': ['weight', 'camera_type']}",C_THANK_YOU,CAMERA_1,NONE,thank you for your help,S_THANK_YOU,CAMERA_1,NONE,thank you very much,
585,12,NONE,"['CAMERA_3', 'CAMERA_1']","{'CAMERA_1': ['autofocus_points', 'sensor_size', 'ISO', 'price'], 'CAMERA_2': [], 'CAMERA_3': ['weight', 'camera_type']}",C_LEAVES,DOOR,NONE,,S_RETURNS_TO_COUNTER,SERVICE_COUNTER,NONE,,
586,1,NONE,[],"{'CAMERA_1': [], 'CAMERA_2': [], 'CAMERA_3': []}",C_ENTERS,DOOR,NONE,,S_NONE,SERVICE_COUNTER,NONE,,
586,2,NONE,[],"{'CAMERA_1': [], 'CAMERA_2': [], 'CAMERA_3': []}",C_GREETS,MIDDLE,NONE,hello,S_GREETS,MIDDLE,NONE,can I help you?,
586,3,CAMERA_1,['CAMERA_1'],"{'CAMERA_1': [], 'CAMERA_2': [], 'CAMERA_3': []}",C_LOOKING_FOR_A_CAMERA,MIDDLE,NONE,I'm looking for a camera,S_INTRODUCES_CAMERA,CAMERA_1,,Let me show you this. Here we have the Nikon Coolpix S2800.,39~58
586,4,CAMERA_1,['CAMERA_1'],"{'CAMERA_1': ['preset_modes'], 'CAMERA_2': [], 'CAMERA_3': []}",C_QUESTION_ABOUT_FEATURE,CAMERA_1,preset_modes,does it have preset modes,S_ANSWERS_QUESTION_ABOUT_FEATURE,CAMERA_1,preset_modes,"This one has 18 preset modes (e.g. beach, snow, night portrait).",13~63
586,5,CAMERA_3,"['CAMERA_1', 'CAMERA_3']","{'CAMERA_1': ['preset_modes'], 'CAMERA_2': [], 'CAMERA_3': []}",C_ANYTHING_ELSE_AVAILABLE,CAMERA_1,NONE,ok do you have any other cameras,S_INTRODUCES_CAMERA,CAMERA_3,,Let me show you this. Here we have the Canon EOS 5D Mark III.,39~60
586,6,CAMERA_3,"['CAMERA_1', 'CAMERA_3']","{'CAMERA_1': ['preset_modes'], 'CAMERA_2': [], 'CAMERA_3': ['settings']}",C_QUESTION_ABOUT_FEATURE,CAMERA_3,settings,what kind of settings does it have,S_ANSWERS_QUESTION_ABOUT_FEATURE,CAMERA_3,settings,This one has full manual control.,13~32
586,7,CAMERA_2,"['CAMERA_1', 'CAMERA_3', 'CAMERA_2']","{'CAMERA_1': ['preset_modes'], 'CAMERA_2': [], 'CAMERA_3': ['settings']}",C_ANYTHING_ELSE_AVAILABLE,CAMERA_3,NONE,ok do you have any other cameras,S_INTRODUCES_CAMERA,CAMERA_2,,Let me show you this. Here we have the Sony Alpha a6000.,39~55
586,8,CAMERA_2,"['CAMERA_1', 'CAMERA_3', 'CAMERA_2']","{'CAMERA_1': ['preset_modes'], 'CAMERA_2': ['sensor_size'], 'CAMERA_3': ['settings']}",C_SILENT_OR_BACKCHANNEL,CAMERA_2,NONE,I see,S_INTRODUCES_FEATURE,CAMERA_2,sensor_size,This one has a APS-C sensor (crop sensor).,15~41
586,9,CAMERA_2,"['CAMERA_1', 'CAMERA_3', 'CAMERA_2']","{'CAMERA_1': ['preset_modes'], 'CAMERA_2': ['sensor_size', 'weight'], 'CAMERA_3': ['settings']}",C_QUESTION_ABOUT_FEATURE,CAMERA_2,weight,how much does this one weigh,S_ANSWERS_QUESTION_ABOUT_FEATURE,CAMERA_2,weight,This one weighs 470 grams.,16~25
586,10,CAMERA_2,"['CAMERA_1', 'CAMERA_3', 'CAMERA_2']","{'CAMERA_1': ['preset_modes'], 'CAMERA_2': ['sensor_size', 'weight', 'autofocus_points'], 'CAMERA_3': ['settings']}",C_QUESTION_ABOUT_FEATURE,CAMERA_2,autofocus_points,how many autofocus points does it have,S_ANSWERS_QUESTION_ABOUT_FEATURE,CAMERA_2,autofocus_points,This one has 179 autofocus points.,13~33
586,11,CAMERA_2,"['CAMERA_1', 'CAMERA_3', 'CAMERA_2']","{'CAMERA_1': ['preset_modes'], 'CAMERA_2': ['sensor_size', 'weight', 'autofocus_points', 'preset_modes'], 'CAMERA_3': ['settings']}",C_SILENT_OR_BACKCHANNEL,CAMERA_2,NONE,I see,S_INTRODUCES_FEATURE,CAMERA_2,preset_modes,"This one has 9 preset modes (e.g. beach, snow, night, portrait).",13~63
586,12,CAMERA_2,"['CAMERA_1', 'CAMERA_3', 'CAMERA_2']","{'CAMERA_1': ['preset_modes'], 'CAMERA_2': ['sensor_size', 'weight', 'autofocus_points', 'preset_modes', 'ISO'], 'CAMERA_3': ['settings']}",C_SILENT_OR_BACKCHANNEL,CAMERA_2,NONE,alright,S_INTRODUCES_FEATURE,CAMERA_2,ISO,This one has up to 3200 ISO with little noise.,13~45
586,13,CAMERA_2,"['CAMERA_1', 'CAMERA_3', 'CAMERA_2']","{'CAMERA_1': ['preset_modes'], 'CAMERA_2': ['sensor_size', 'weight', 'autofocus_points', 'preset_modes', 'ISO', 'effects'], 'CAMERA_3': ['settings']}",C_QUESTION_ABOUT_FEATURE,CAMERA_2,effects,does it have any effect modes,S_ANSWERS_QUESTION_ABOUT_FEATURE,CAMERA_2,effects,"This one has 13 artistic effect modes (e.g. toy camera, soft focus).",13~67
586,14,CAMERA_2,"['CAMERA_1', 'CAMERA_3', 'CAMERA_2']","{'CAMERA_1': ['preset_modes'], 'CAMERA_2': ['sensor_size', 'weight', 'autofocus_points', 'preset_modes', 'ISO', 'effects', 'settings'], 'CAMERA_3': ['settings']}",C_QUESTION_ABOUT_FEATURE,CAMERA_2,settings,what kind of settings does it have,S_ANSWERS_QUESTION_ABOUT_FEATURE,CAMERA_2,settings,This one has full manual control.,13~32
586,15,CAMERA_2,"['CAMERA_1', 'CAMERA_3', 'CAMERA_2']","{'CAMERA_1': ['preset_modes'], 'CAMERA_2': ['sensor_size', 'weight', 'autofocus_points', 'preset_modes', 'ISO', 'effects', 'settings', 'camera_type'], 'CAMERA_3': ['settings']}",C_SILENT_OR_BACKCHANNEL,CAMERA_2,NONE,okay,S_INTRODUCES_FEATURE,CAMERA_2,camera_type,This is a mirrorless camera.,10~20
586,16,CAMERA_2,"['CAMERA_1', 'CAMERA_3', 'CAMERA_2']","{'CAMERA_1': ['preset_modes'], 'CAMERA_2': ['sensor_size', 'weight', 'autofocus_points', 'preset_modes', 'ISO', 'effects', 'settings', 'camera_type', 'price'], 'CAMERA_3': ['settings']}",C_SILENT_OR_BACKCHANNEL,CAMERA_2,NONE,alright,S_INTRODUCES_FEATURE,CAMERA_2,price,This one costs $1341.,15~20
586,17,CAMERA_2,"['CAMERA_1', 'CAMERA_3', 'CAMERA_2']","{'CAMERA_1': ['preset_modes'], 'CAMERA_2': ['sensor_size', 'weight', 'autofocus_points', 'preset_modes', 'ISO', 'effects', 'settings', 'camera_type', 'price', 'long_exposure'], 'CAMERA_3': ['settings']}",C_QUESTION_ABOUT_FEATURE,CAMERA_2,long_exposure,can it take long exposure shots,S_ANSWERS_QUESTION_ABOUT_FEATURE,CAMERA_2,long_exposure,This one can take long exposures up to up to 30 seconds.,39~55
586,18,CAMERA_2,"['CAMERA_1', 'CAMERA_3', 'CAMERA_2']","{'CAMERA_1': ['preset_modes'], 'CAMERA_2': ['sensor_size', 'weight', 'autofocus_points', 'preset_modes', 'ISO', 'effects', 'settings', 'camera_type', 'price', 'long_exposure', 'color'], 'CAMERA_3': ['settings']}",C_QUESTION_ABOUT_FEATURE,CAMERA_2,color,what colors does this one come in,S_ANSWERS_QUESTION_ABOUT_FEATURE,CAMERA_2,color,"This one comes in white, silver, black.",18~38
586,19,NONE,"['CAMERA_1', 'CAMERA_3', 'CAMERA_2']","{'CAMERA_1': ['preset_modes'], 'CAMERA_2': ['sensor_size', 'weight', 'autofocus_points', 'preset_modes', 'ISO', 'effects', 'settings', 'camera_type', 'price', 'long_exposure', 'color'], 'CAMERA_3': ['settings']}",C_THANK_YOU,CAMERA_2,NONE,thank you for your help,S_THANK_YOU,CAMERA_2,NONE,thank you very much,
586,20,NONE,"['CAMERA_1', 'CAMERA_3', 'CAMERA_2']","{'CAMERA_1': ['preset_modes'], 'CAMERA_2': ['sensor_size', 'weight', 'autofocus_points', 'preset_modes', 'ISO', 'effects', 'settings', 'camera_type', 'price', 'long_exposure', 'color'], 'CAMERA_3': ['settings']}",C_LEAVES,DOOR,NONE,,S_RETURNS_TO_COUNTER,SERVICE_COUNTER,NONE,,
587,1,NONE,[],"{'CAMERA_1': [], 'CAMERA_2': [], 'CAMERA_3': []}",C_ENTERS,DOOR,NONE,,S_NONE,SERVICE_COUNTER,NONE,,
587,2,NONE,[],"{'CAMERA_1': [], 'CAMERA_2': [], 'CAMERA_3': []}",C_WALKS_TO_CAMERA,CAMERA_1,NONE,,S_GREETS,CAMERA_1,NONE,can I help you?,
587,3,CAMERA_1,['CAMERA_1'],"{'CAMERA_1': [], 'CAMERA_2': [], 'CAMERA_3': []}",C_LOOKING_FOR_A_CAMERA,CAMERA_1,NONE,I'm looking for a camera,S_INTRODUCES_CAMERA,CAMERA_1,,Let me show you this. Here we have the Nikon Coolpix S2800.,39~58
587,4,CAMERA_1,['CAMERA_1'],"{'CAMERA_1': ['color'], 'CAMERA_2': [], 'CAMERA_3': []}",C_SILENT_OR_BACKCHANNEL,CAMERA_1,NONE,I see,S_INTRODUCES_FEATURE,CAMERA_1,color,"This one comes in purple, pink, black, silver, red.",18~50
587,5,NONE,['CAMERA_1'],"{'CAMERA_1': ['color'], 'CAMERA_2': [], 'CAMERA_3': []}",C_THANK_YOU,CAMERA_1,NONE,thank you for your help,S_THANK_YOU,CAMERA_1,NONE,thank you very much,
587,6,NONE,['CAMERA_1'],"{'CAMERA_1': ['color'], 'CAMERA_2': [], 'CAMERA_3': []}",C_LEAVES,DOOR,NONE,,S_RETURNS_TO_COUNTER,SERVICE_COUNTER,NONE,,
588,1,NONE,[],"{'CAMERA_1': [], 'CAMERA_2': [], 'CAMERA_3': []}",C_ENTERS,DOOR,NONE,,S_NONE,SERVICE_COUNTER,NONE,,
588,2,NONE,[],"{'CAMERA_1': [], 'CAMERA_2': [], 'CAMERA_3': []}",C_WALKS_TO_CAMERA,CAMERA_2,NONE,,S_NONE,SERVICE_COUNTER,NONE,,
588,3,NONE,[],"{'CAMERA_1': [], 'CAMERA_2': [], 'CAMERA_3': []}",C_EXAMINES_CAMERA,CAMERA_2,NONE,,S_GREETS,CAMERA_2,NONE,can I help you?,
588,4,CAMERA_2,['CAMERA_2'],"{'CAMERA_1': [], 'CAMERA_2': [], 'CAMERA_3': []}",C_LOOKING_FOR_A_CAMERA,CAMERA_2,NONE,I'm looking for a camera,S_INTRODUCES_CAMERA,CAMERA_2,,Let me show you this. Here we have the Sony Alpha a6000.,39~55
588,5,CAMERA_2,['CAMERA_2'],"{'CAMERA_1': [], 'CAMERA_2': ['preset_modes'], 'CAMERA_3': []}",C_QUESTION_ABOUT_FEATURE,CAMERA_2,preset_modes,does it have preset modes,S_ANSWERS_QUESTION_ABOUT_FEATURE,CAMERA_2,preset_modes,"This one has 9 preset modes (e.g. beach, snow, night, portrait).",13~63
588,6,CAMERA_2,['CAMERA_2'],"{'CAMERA_1': [], 'CAMERA_2': ['preset_modes', 'color'], 'CAMERA_3': []}",C_QUESTION_ABOUT_FEATURE,CAMERA_2,color,what colors does this one come in,S_ANSWERS_QUESTION_ABOUT_FEATURE,CAMERA_2,color,"This one comes in white, silver, black.",18~38
588,7,CAMERA_2,['CAMERA_2'],"{'CAMERA_1': [], 'CAMERA_2': ['preset_modes', 'color', 'long_exposure'], 'CAMERA_3': []}",C_SILENT_OR_BACKCHANNEL,CAMERA_2,NONE,I see,S_INTRODUCES_FEATURE,CAMERA_2,long_exposure,This one can take long exposures up to up to 30 seconds.,39~55
588,8,NONE,['CAMERA_2'],"{'CAMERA_1': [], 'CAMERA_2': ['preset_modes', 'color', 'long_exposure'], 'CAMERA_3': []}",C_THANK_YOU,CAMERA_2,NONE,thank you for your help,S_THANK_YOU,CAMERA_2,NONE,thank you very much,
588,9,NONE,['CAMERA_2'],"{'CAMERA_1': [], 'CAMERA_2': ['preset_modes', 'color', 'long_exposure'], 'CAMERA_3': []}",C_LEAVES,DOOR,NONE,,S_RETURNS_TO_COUNTER,SERVICE_COUNTER,NONE,,
589,1,NONE,[],"{'CAMERA_1': [], 'CAMERA_2': [], 'CAMERA_3': []}",C_ENTERS,DOOR,NONE,,S_NONE,SERVICE_COUNTER,NONE,,
589,2,NONE,[],"{'CAMERA_1': [], 'CAMERA_2': [], 'CAMERA_3': []}",C_GREETS,MIDDLE,NONE,hello,S_GREETS,MIDDLE,NONE,can I help you?,
589,3,CAMERA_2,['CAMERA_2'],"{'CAMERA_1': [], 'CAMERA_2': [], 'CAMERA_3': []}",C_LOOKING_FOR_A_CAMERA,MIDDLE,NONE,I'm looking for a camera,S_INTRODUCES_CAMERA,CAMERA_2,,Let me show you this. Here we have the Sony Alpha a6000.,39~55
589,4,CAMERA_2,['CAMERA_2'],"{'CAMERA_1': [], 'CAMERA_2': ['sensor_size'], 'CAMERA_3': []}",C_SILENT_OR_BACKCHANNEL,CAMERA_2,NONE,I see,S_INTRODUCES_FEATURE,CAMERA_2,sensor_size,This one has a APS-C sensor (crop sensor).,15~41
589,5,NONE,['CAMERA_2'],"{'CAMERA_1': [], 'CAMERA_2': ['sensor_size'], 'CAMERA_3': []}",C_THANK_YOU,CAMERA_2,NONE,thank you for your help,S_THANK_YOU,CAMERA_2,NONE,thank you very much,
589,6,NONE,['CAMERA_2'],"{'CAMERA_1': [], 'CAMERA_2': ['sensor_size'], 'CAMERA_3': []}",C_LEAVES,DOOR,NONE,,S_RETURNS_TO_COUNTER,SERVICE_COUNTER,NONE,,
590,1,NONE,[],"{'CAMERA_1': [], 'CAMERA_2': [], 'CAMERA_3': []}",C_ENTERS,DOOR,NONE,,S_NONE,SERVICE_COUNTER,NONE,,
590,2,NONE,[],"{'CAMERA_1': [], 'CAMERA_2': [], 'CAMERA_3': []}",C_WALKS_TO_CAMERA,CAMERA_3,NONE,,S_GREETS,CAMERA_3,NONE,can I help you?,
590,3,CAMERA_1,['CAMERA_1'],"{'CAMERA_1': [], 'CAMERA_2': [], 'CAMERA_3': []}",C_LOOKING_FOR_A_CAMERA,CAMERA_3,NONE,I'm looking for a camera,S_INTRODUCES_CAMERA,CAMERA_1,,Let me show you this. Here we have the Nikon Coolpix S2800.,39~58
590,4,CAMERA_1,['CAMERA_1'],"{'CAMERA_1': ['preset_modes'], 'CAMERA_2': [], 'CAMERA_3': []}",C_QUESTION_ABOUT_FEATURE,CAMERA_1,preset_modes,does it have preset modes,S_ANSWERS_QUESTION_ABOUT_FEATURE,CAMERA_1,preset_modes,"This one has 18 preset modes (e.g. beach, snow, night portrait).",13~63
590,5,CAMERA_1,['CAMERA_1'],"{'CAMERA_1': ['preset_modes', 'weight'], 'CAMERA_2': [], 'CAMERA_3': []}",C_QUESTION_ABOUT_FEATURE,CAMERA_1,weight,how much does this one weigh,S_ANSWERS_QUESTION_ABOUT_FEATURE,CAMERA_1,weight,This one weighs 120 grams.,16~25
590,6,CAMERA_1,['CAMERA_1'],"{'CAMERA_1': ['preset_modes', 'weight', 'long_exposure'], 'CAMERA_2': [], 'CAMERA_3': []}",C_QUESTION_ABOUT_FEATURE,CAMERA_1,long_exposure,can it take long exposure shots,S_NOT_SURE,CAMERA_1,,I'm not really sure about that,
590,7,CAMERA_1,['CAMERA_1'],"{'CAMERA_1': ['preset_modes', 'weight', 'long_exposure', 'sensor_size'], 'CAMERA_2': [], 'CAMERA_3': []}",C_QUESTION_ABOUT_FEATURE,CAMERA_1,sensor_size,what is the sensor size,S_NOT_SURE,CAMERA_1,,I'm not really sure about that,
590,8,CAMERA_1,['CAMERA_1'],"{'CAMERA_1': ['preset_modes', 'weight', 'long_exposure', 'sensor_size', 'price'], 'CAMERA_2': [], 'CAMERA_3': []}",C_SILENT_OR_BACKCHANNEL,CAMERA_1,NONE,okay,S_INTRODUCES_FEATURE,CAMERA_1,price,This one costs $2173.,15~20
590,9,NONE,['CAMERA_1'],"{'CAMERA_1': ['preset_modes', 'weight', 'long_exposure', 'sensor_size', 'price'], 'CAMERA_2': [], 'CAMERA_3': []}",C_THANK_YOU,CAMERA_1,NONE,thank you for your help,S_THANK_YOU,CAMERA_1,NONE,thank you very much,
590,10,NONE,['CAMERA_1'],"{'CAMERA_1': ['preset_modes', 'weight', 'long_exposure', 'sensor_size', 'price'], 'CAMERA_2': [], 'CAMERA_3': []}",C_LEAVES,DOOR,NONE,,S_RETURNS_TO_COUNTER,SERVICE_COUNTER,NONE,,
591,1,NONE,[],"{'CAMERA_1': [], 'CAMERA_2': [], 'CAMERA_3': []}",C_ENTERS,DOOR,NONE,,S_NONE,SERVICE_COUNTER,NONE,,
591,2,NONE,[],"{'CAMERA_1': [], 'CAMERA_2': [], 'CAMERA_3': []}",C_WALKS_TO_CAMERA,CAMERA_1,NONE,,S_GREETS,CAMERA_1,NONE,can I help you?,
591,3,CAMERA_2,['CAMERA_2'],"{'CAMERA_1': [], 'CAMERA_2': [], 'CAMERA_3': []}",C_LOOKING_FOR_A_CAMERA,CAMERA_1,NONE,I'm looking for a camera,S_INTRODUCES_CAMERA,CAMERA_2,,Let me show you this. Here we have the Sony Alpha a6000.,39~55
591,4,CAMERA_2,['CAMERA_2'],"{'CAMERA_1': [], 'CAMERA_2': ['weight'], 'CAMERA_3': []}",C_QUESTION_ABOUT_FEATURE,CAMERA_2,weight,how much does this one weigh,S_ANSWERS_QUESTION_ABOUT_FEATURE,CAMERA_2,weight,This one weighs 470 grams.,16~25
591,5,CAMERA_2,['CAMERA_2'],"{'CAMERA_1': [], 'CAMERA_2': ['weight', 'optical_zoom'], 'CAMERA_3': []}",C_QUESTION_ABOUT_FEATURE,CAMERA_2,optical_zoom,does it have optical zoom,S_NOT_SURE,CAMERA_2,,I'm not really sure about that,
591,6,CAMERA_2,['CAMERA_2'],"{'CAMERA_1': [], 'CAMERA_2': ['weight', 'optical_zoom', 'resolution'], 'CAMERA_3': []}",C_QUESTION_ABOUT_FEATURE,CAMERA_2,resolution,what is the resolution,S_NOT_SURE,CAMERA_2,,I'm not really sure about that,
591,7,CAMERA_3,"['CAMERA_2', 'CAMERA_3']","{'CAMERA_1': [], 'CAMERA_2': ['weight', 'optical_zoom', 'resolution'], 'CAMERA_3': []}",C_ANYTHING_ELSE_AVAILABLE,CAMERA_2,NONE,ok do you have any other cameras,S_INTRODUCES_CAMERA,CAMERA_3,,Let me show you this. Here we have the Canon EOS 5D Mark III.,39~60
591,8,CAMERA_3,"['CAMERA_2', 'CAMERA_3']","{'CAMERA_1': [], 'CAMERA_2': ['weight', 'optical_zoom', 'resolution'], 'CAMERA_3': ['sensor_size']}",C_QUESTION_ABOUT_FEATURE,CAMERA_3,sensor_size,what is the sensor size,S_ANSWERS_QUESTION_ABOUT_FEATURE,CAMERA_3,sensor_size,This one has a full frame.,15~25
591,9,NONE,"['CAMERA_2', 'CAMERA_3']","{'CAMERA_1': [], 'CAMERA_2': ['weight', 'optical_zoom', 'resolution'], 'CAMERA_3': ['sensor_size']}",C_THANK_YOU,CAMERA_3,NONE,thank you for your help,S_THANK_YOU,CAMERA_3,NONE,thank you very much,
591,10,NONE,"['CAMERA_2', 'CAMERA_3']","{'CAMERA_1': [], 'CAMERA_2': ['weight', 'optical_zoom', 'resolution'], 'CAMERA_3': ['sensor_size']}",C_LEAVES,DOOR,NONE,,S_RETURNS_TO_COUNTER,SERVICE_COUNTER,NONE,,
592,1,NONE,[],"{'CAMERA_1': [], 'CAMERA_2': [], 'CAMERA_3': []}",C_ENTERS,DOOR,NONE,,S_NONE,SERVICE_COUNTER,NONE,,
592,2,NONE,[],"{'CAMERA_1': [], 'CAMERA_2': [], 'CAMERA_3': []}",C_GREETS,MIDDLE,NONE,hello,S_GREETS,MIDDLE,NONE,can I help you?,
592,3,CAMERA_2,['CAMERA_2'],"{'CAMERA_1': [], 'CAMERA_2': [], 'CAMERA_3': []}",C_LOOKING_FOR_A_CAMERA,MIDDLE,NONE,I'm looking for a camera,S_INTRODUCES_CAMERA,CAMERA_2,,Let me show you this. Here we have the Sony Alpha a6000.,39~55
592,4,CAMERA_2,['CAMERA_2'],"{'CAMERA_1': [], 'CAMERA_2': ['optical_zoom'], 'CAMERA_3': []}",C_QUESTION_ABOUT_FEATURE,CAMERA_2,optical_zoom,does it have optical zoom,S_NOT_SURE,CAMERA_2,,I'm not really sure about that,
592,5,CAMERA_2,['CAMERA_2'],"{'CAMERA_1': [], 'CAMERA_2': ['optical_zoom', 'color'], 'CAMERA_3': []}",C_QUESTION_ABOUT_FEATURE,CAMERA_2,color,what colors does this one come in,S_ANSWERS_QUESTION_ABOUT_FEATURE,CAMERA_2,color,"This one comes in white, silver, black.",18~38
592,6,CAMERA_2,['CAMERA_2'],"{'CAMERA_1': [], 'CAMERA_2': ['optical_zoom', 'color', 'autofocus_points'], 'CAMERA_3': []}",C_QUESTION_ABOUT_FEATURE,CAMERA_2,autofocus_points,how many autofocus points does it have,S_ANSWERS_QUESTION_ABOUT_FEATURE,CAMERA_2,autofocus_points,This one has 179 autofocus points.,13~33
592,7,CAMERA_2,['CAMERA_2'],"{'CAMERA_1': [], 'CAMERA_2': ['optical_zoom', 'color', 'autofocus_points', 'camera_type'], 'CAMERA_3': []}",C_QUESTION_ABOUT_FEATURE,CAMERA_2,camera_type,what kind of camera is this,S_ANSWERS_QUESTION_ABOUT_FEATURE,CAMERA_2,camera_type,This is a mirrorless camera.,10~20
592,8,CAMERA_2,['CAMERA_2'],"{'CAMERA_1': [], 'CAMERA_2': ['optical_zoom', 'color', 'autofocus_points', 'camera_type', 'long_exposure'], 'CAMERA_3': []}",C_QUESTION_ABOUT_FEATURE,CAMERA_2,long_exposure,can it take long exposure shots,S_ANSWERS_QUESTION_ABOUT_FEATURE,CAMERA_2,long_exposure,This one can take long exposures up to up to 30 seconds.,39~55
592,9,CAMERA_3,"['CAMERA_2', 'CAMERA_3']","{'CAMERA_1': [], 'CAMERA_2': ['optical_zoom', 'color', 'autofocus_points', 'camera_type', 'long_exposure'], 'CAMERA_3': []}",C_ANYTHING_ELSE_AVAILABLE,CAMERA_2,NONE,ok do you have any other cameras,S_INTRODUCES_CAMERA,CAMERA_3,,Let me show you this. Here we have the Canon EOS 5D Mark III.,39~60
592,10,CAMERA_3,"['CAMERA_2', 'CAMERA_3']","{'CAMERA_1': [], 'CAMERA_2': ['optical_zoom', 'color', 'autofocus_points', 'camera_type', 'long_exposure'], 'CAMERA_3': ['long_exposure']}",C_QUESTION_ABOUT_FEATURE,CAMERA_3,long_exposure,can it take long exposure shots,S_ANSWERS_QUESTION_ABOUT_FEATURE,CAMERA_3,long_exposure,"This one can take long exposures up to up to 30 seconds, bulb mode: expose as long as you want.",39~94
592,11,CAMERA_3,"['CAMERA_2', 'CAMERA_3']","{'CAMERA_1': [], 'CAMERA_2': ['optical_zoom', 'color', 'autofocus_points', 'camera_type', 'long_exposure'], 'CAMERA_3': ['long_exposure', 'ISO']}",C_QUESTION_ABOUT_FEATURE,CAMERA_3,ISO,what is the ISO,S_ANSWERS_QUESTION_ABOUT_FEATURE,CAMERA_3,ISO,This one has up to 6400 ISO with little noise.,13~45
592,12,CAMERA_3,"['CAMERA_2', 'CAMERA_3']","{'CAMERA_1': [], 'CAMERA_2': ['optical_zoom', 'color', 'autofocus_points', 'camera_type', 'long_exposure'], 'CAMERA_3': ['long_exposure', 'ISO', 'price']}",C_SILENT_OR_BACKCHANNEL,CAMERA_3,NONE,alright,S_INTRODUCES_FEATURE,CAMERA_3,price,This one costs $3706.,15~20
592,13,CAMERA_3,"['CAMERA_2', 'CAMERA_3']","{'CAMERA_1': [], 'CAMERA_2': ['optical_zoom', 'color', 'autofocus_points', 'camera_type', 'long_exposure'], 'CAMERA_3': ['long_exposure', 'ISO', 'price', 'settings']}",C_SILENT_OR_BACKCHANNEL,CAMERA_3,NONE,okay,S_INTRODUCES_FEATURE,CAMERA_3,settings,This one has full manual control.,13~32
592,14,CAMERA_3,"['CAMERA_2', 'CAMERA_3']","{'CAMERA_1': [], 'CAMERA_2': ['optical_zoom', 'color', 'autofocus_points', 'camera_type', 'long_exposure'], 'CAMERA_3': ['long_exposure', 'ISO', 'price', 'settings', 'preset_modes']}",C_QUESTION_ABOUT_FEATURE,CAMERA_3,preset_modes,does it have preset modes,S_NOT_SURE,CAMERA_3,,I'm not really sure about that,
592,15,CAMERA_3,"['CAMERA_2', 'CAMERA_3']","{'CAMERA_1': [], 'CAMERA_2': ['optical_zoom', 'color', 'autofocus_points', 'camera_type', 'long_exposure'], 'CAMERA_3': ['long_exposure', 'ISO', 'price', 'settings', 'preset_modes', 'weight']}",C_QUESTION_ABOUT_FEATURE,CAMERA_3,weight,how much does this one weigh,S_ANSWERS_QUESTION_ABOUT_FEATURE,CAMERA_3,weight,This one weighs 950 grams (only body).,16~37
592,16,CAMERA_3,"['CAMERA_2', 'CAMERA_3']","{'CAMERA_1': [], 'CAMERA_2': ['optical_zoom', 'color', 'autofocus_points', 'camera_type', 'long_exposure'], 'CAMERA_3': ['long_exposure', 'ISO', 'price', 'settings', 'preset_modes', 'weight', 'camera_type']}",C_QUESTION_ABOUT_FEATURE,CAMERA_3,camera_type,what kind of camera is this,S_ANSWERS_QUESTION_ABOUT_FEATURE,CAMERA_3,camera_type,This is a DSLR camera.,10~14
592,17,CAMERA_3,"['CAMERA_2', 'CAMERA_3']","{'CAMERA_1': [], 'CAMERA_2': ['optical_zoom', 'color', 'autofocus_points', 'camera_type', 'long_exposure'], 'CAMERA_3': ['long_exposure', 'ISO', 'price', 'settings', 'preset_modes', 'weight', 'camera_type', 'color']}",C_SILENT_OR_BACKCHANNEL,CAMERA_3,NONE,alright,S_INTRODUCES_FEATURE,CAMERA_3,color,This one comes in black.,18~23
592,18,NONE,"['CAMERA_2', 'CAMERA_3']","{'CAMERA_1': [], 'CAMERA_2': ['optical_zoom', 'color', 'autofocus_points', 'camera_type', 'long_exposure'], 'CAMERA_3': ['long_exposure', 'ISO', 'price', 'settings', 'preset_modes', 'weight', 'camera_type', 'color']}",C_THANK_YOU,CAMERA_3,NONE,thank you for your help,S_THANK_YOU,CAMERA_3,NONE,thank you very much,
592,19,NONE,"['CAMERA_2', 'CAMERA_3']","{'CAMERA_1': [], 'CAMERA_2': ['optical_zoom', 'color', 'autofocus_points', 'camera_type', 'long_exposure'], 'CAMERA_3': ['long_exposure', 'ISO', 'price', 'settings', 'preset_modes', 'weight', 'camera_type', 'color']}",C_LEAVES,DOOR,NONE,,S_RETURNS_TO_COUNTER,SERVICE_COUNTER,NONE,,
593,1,NONE,[],"{'CAMERA_1': [], 'CAMERA_2': [], 'CAMERA_3': []}",C_ENTERS,DOOR,NONE,,S_NONE,SERVICE_COUNTER,NONE,,
593,2,NONE,[],"{'CAMERA_1': [], 'CAMERA_2': [], 'CAMERA_3': []}",C_WALKS_TO_CAMERA,CAMERA_1,NONE,,S_NONE,SERVICE_COUNTER,NONE,,
593,3,NONE,[],"{'CAMERA_1': [], 'CAMERA_2': [], 'CAMERA_3': []}",C_EXAMINES_CAMERA,CAMERA_1,NONE,,S_GREETS,CAMERA_1,NONE,can I help you?,
593,4,CAMERA_2,['CAMERA_2'],"{'CAMERA_1': [], 'CAMERA_2': [], 'CAMERA_3': []}",C_LOOKING_FOR_A_CAMERA,CAMERA_1,NONE,I'm looking for a camera,S_INTRODUCES_CAMERA,CAMERA_2,,Let me show you this. Here we have the Sony Alpha a6000.,39~55
593,5,CAMERA_2,['CAMERA_2'],"{'CAMERA_1': [], 'CAMERA_2': ['ISO'], 'CAMERA_3': []}",C_QUESTION_ABOUT_FEATURE,CAMERA_2,ISO,what is the ISO,S_ANSWERS_QUESTION_ABOUT_FEATURE,CAMERA_2,ISO,This one has up to 3200 ISO with little noise.,13~45
593,6,CAMERA_2,['CAMERA_2'],"{'CAMERA_1': [], 'CAMERA_2': ['ISO', 'preset_modes'], 'CAMERA_3': []}",C_SILENT_OR_BACKCHANNEL,CAMERA_2,NONE,alright,S_INTRODUCES_FEATURE,CAMERA_2,preset_modes,"This one has 9 preset modes (e.g. beach, snow, night, portrait).",13~63
593,7,CAMERA_2,['CAMERA_2'],"{'CAMERA_1': [], 'CAMERA_2': ['ISO', 'preset_modes', 'settings'], 'CAMERA_3': []}",C_SILENT_OR_BACKCHANNEL,CAMERA_2,NONE,I see,S_INTRODUCES_FEATURE,CAMERA_2,settings,This one has full manual control.,13~32
593,8,CAMERA_2,['CAMERA_2'],"{'CAMERA_1': [], 'CAMERA_2': ['ISO', 'preset_modes', 'settings', 'camera_type'], 'CAMERA_3': []}",C_SILENT_OR_BACKCHANNEL,CAMERA_2,NONE,okay,S_INTRODUCES_FEATURE,CAMERA_2,camera_type,This is a mirrorless camera.,10~20
593,9,CAMERA_2,['CAMERA_2'],"{'CAMERA_1': [], 'CAMERA_2': ['ISO', 'preset_modes', 'settings', 'camera_type', 'sensor_size'], 'CAMERA_3': []}",C_QUESTION_ABOUT_FEATURE,CAMERA_2,sensor_size,what is the sensor size,S_ANSWERS_QUESTION_ABOUT_FEATURE,CAMERA_2,sensor_size,This one has a APS-C sensor (crop sensor).,15~41
593,10,CAMERA_2,['CAMERA_2'],"{'CAMERA_1': [], 'CAMERA_2': ['ISO', 'preset_modes', 'settings', 'camera_type', 'sensor_size', 'effects'], 'CAMERA_3': []}",C_QUESTION_ABOUT_FEATURE,CAMERA_2,effects,does it have any effect modes,S_ANSWERS_QUESTION_ABOUT_FEATURE,CAMERA_2,effects,"This one has 13 artistic effect modes (e.g. toy camera, soft focus).",13~67
593,11,CAMERA_2,['CAMERA_2'],"{'CAMERA_1': [], 'CAMERA_2': ['ISO', 'preset_modes', 'settings', 'camera_type', 'sensor_size', 'effects', 'long_exposure'], 'CAMERA_3': []}",C_QUESTION_ABOUT_FEATURE,CAMERA_2,long_exposure,can it take long exposure shots,S_ANSWERS_QUESTION_ABOUT_FEATURE,CAMERA_2,long_exposure,This one can take long exposures up to up to 30 seconds.,39~55
593,12,CAMERA_2,['CAMERA_2'],"{'CAMERA_1': [], 'CAMERA_2': ['ISO', 'preset_modes', 'settings', 'camera_type', 'sensor_size', 'effects', 'long_exposure', 'weight'], 'CAMERA_3': []}",C_QUESTION_ABOUT_FEATURE,CAMERA_2,weight,how much does this one weigh,S_ANSWERS_QUESTION_ABOUT_FEATURE,CAMERA_2,weight,This one weighs 470 grams.,16~25
593,13,CAMERA_2,['CAMERA_2'],"{'CAMERA_1': [], 'CAMERA_2': ['ISO', 'preset_modes', 'settings', 'camera_type', 'sensor_size', 'effects', 'long_exposure', 'weight', 'color'], 'CAMERA_3': []}",C_SILENT_OR_BACKCHANNEL,CAMERA_2,NONE,I see,S_INTRODUCES_FEATURE,CAMERA_2,color,"This one comes in white, silver, black.",18~38
593,14,CAMERA_2,['CAMERA_2'],"{'CAMERA_1': [], 'CAMERA_2': ['ISO', 'preset_modes', 'settings', 'camera_type', 'sensor_size', 'effects', 'long_exposure', 'weight', 'color', 'resolution'], 'CAMERA_3': []}",C_QUESTION_ABOUT_FEATURE,CAMERA_2,resolution,what is the resolution,S_NOT_SURE,CAMERA_2,,I'm not really sure about that,
593,15,CAMERA_2,['CAMERA_2'],"{'CAMERA_1': [], 'CAMERA_2': ['ISO', 'preset_modes', 'settings', 'camera_type', 'sensor_size', 'effects', 'long_exposure', 'weight', 'color', 'resolution', 'autofocus_points'], 'CAMERA_3': []}",C_SILENT_OR_BACKCHANNEL,CAMERA_2,NONE,I see,S_INTRODUCES_FEATURE,CAMERA_2,autofocus_points,This one has 179 autofocus points.,13~33
593,16,NONE,['CAMERA_2'],"{'CAMERA_1': [], 'CAMERA_2': ['ISO', 'preset_modes', 'settings', 'camera_type', 'sensor_size', 'effects', 'long_exposure', 'weight', 'color', 'resolution', 'autofocus_points'], 'CAMERA_3': []}",C_THANK_YOU,CAMERA_2,NONE,thank you for your help,S_THANK_YOU,CAMERA_2,NONE,thank you very much,
593,17,NONE,['CAMERA_2'],"{'CAMERA_1': [], 'CAMERA_2': ['ISO', 'preset_modes', 'settings', 'camera_type', 'sensor_size', 'effects', 'long_exposure', 'weight', 'color', 'resolution', 'autofocus_points'], 'CAMERA_3': []}",C_LEAVES,DOOR,NONE,,S_RETURNS_TO_COUNTER,SERVICE_COUNTER,NONE,,
594,1,NONE,[],"{'CAMERA_1': [], 'CAMERA_2': [], 'CAMERA_3': []}",C_ENTERS,DOOR,NONE,,S_NONE,SERVICE_COUNTER,NONE,,
594,2,NONE,[],"{'CAMERA_1': [], 'CAMERA_2': [], 'CAMERA_3': []}",C_WALKS_TO_CAMERA,CAMERA_1,NONE,,S_GREETS,CAMERA_1,NONE,can I help you?,
594,3,CAMERA_1,['CAMERA_1'],"{'CAMERA_1': [], 'CAMERA_2': [], 'CAMERA_3': []}",C_LOOKING_FOR_A_CAMERA,CAMERA_1,NONE,I'm looking for a camera,S_INTRODUCES_CAMERA,CAMERA_1,,Let me show you this. Here we have the Nikon Coolpix S2800.,39~58
594,4,CAMERA_1,['CAMERA_1'],"{'CAMERA_1': ['resolution'], 'CAMERA_2': [], 'CAMERA_3': []}",C_QUESTION_ABOUT_FEATURE,CAMERA_1,resolution,what is the resolution,S_ANSWERS_QUESTION_ABOUT_FEATURE,CAMERA_1,resolution,This one has 20.1 megapixels resolution.,13~28
594,5,CAMERA_1,['CAMERA_1'],"{'CAMERA_1': ['resolution', 'optical_zoom'], 'CAMERA_2': [], 'CAMERA_3': []}",C_QUESTION_ABOUT_FEATURE,CAMERA_1,optical_zoom,does it have optical zoom,S_ANSWERS_QUESTION_ABOUT_FEATURE,CAMERA_1,optical_zoom,This one has 5x optical zoom.,13~28
594,6,CAMERA_1,['CAMERA_1'],"{'CAMERA_1': ['resolution', 'optical_zoom', 'preset_modes'], 'CAMERA_2': [], 'CAMERA_3': []}",C_SILENT_OR_BACKCHANNEL,CAMERA_1,NONE,I see,S_INTRODUCES_FEATURE,CAMERA_1,preset_modes,"This one has 18 preset modes (e.g. beach, snow, night portrait).",13~63
594,7,CAMERA_1,['CAMERA_1'],"{'CAMERA_1': ['resolution', 'optical_zoom', 'preset_modes', 'price'], 'CAMERA_2': [], 'CAMERA_3': []}",C_SILENT_OR_BACKCHANNEL,CAMERA_1,NONE,alright,S_INTRODUCES_FEATURE,CAMERA_1,price,This one costs $2173.,15~20
594,8,CAMERA_1,['CAMERA_1'],"{'CAMERA_1': ['resolution', 'optical_zoom', 'preset_modes', 'price', 'camera_type'], 'CAMERA_2': [], 'CAMERA_3': []}",C_QUESTION_ABOUT_FEATURE,CAMERA_1,camera_type,what kind of camera is this,S_ANSWERS_QUESTION_ABOUT_FEATURE,CAMERA_1,camera_type,This is a point and shoot camera.,10~25
594,9,CAMERA_1,['CAMERA_1'],"{'CAMERA_1': ['resolution', 'optical_zoom', 'preset_modes', 'price', 'camera_type', 'autofocus_points'], 'CAMERA_2': [], 'CAMERA_3': []}",C_QUESTION_ABOUT_FEATURE,CAMERA_1,autofocus_points,how many autofocus points does it have,S_NOT_SURE,CAMERA_1,,I'm not really sure about that,
594,10,CAMERA_1,['CAMERA_1'],"{'CAMERA_1': ['resolution', 'optical_zoom', 'preset_modes', 'price', 'camera_type', 'autofocus_points', 'settings'], 'CAMERA_2': [], 'CAMERA_3': []}",C_SILENT_OR_BACKCHANNEL,CAMERA_1,NONE,okay,S_INTRODUCES_FEATURE,CAMERA_1,settings,This one has limited manual settings.,13~36
594,11,CAMERA_1,['CAMERA_1'],"{'CAMERA_1': ['resolution', 'optical_zoom', 'preset_modes', 'price', 'camera_type', 'autofocus_points', 'settings', 'effects'], 'CAMERA_2': [], 'CAMERA_3': []}",C_SILENT_OR_BACKCHANNEL,CAMERA_1,NONE,okay,S_INTRODUCES_FEATURE,CAMERA_1,effects,"This one has 12 glamor retouch effects (e.g. skin softening, small face, big eyes).",13~82
594,12,NONE,['CAMERA_1'],"{'CAMERA_1': ['resolution', 'optical_zoom', 'preset_modes', 'price', 'camera_type', 'autofocus_points', 'settings', 'effects'], 'CAMERA_2': [], 'CAMERA_3': []}",C_THANK_YOU,CAMERA_1,NONE,thank you for your help,S_THANK_YOU,CAMERA_1,NONE,thank you very much,
594,13,NONE,['CAMERA_1'],"{'CAMERA_1': ['resolution', 'optical_zoom', 'preset_modes', 'price', 'camera_type', 'autofocus_points', 'settings', 'effects'], 'CAMERA_2': [], 'CAMERA_3': []}",C_LEAVES,DOOR,NONE,,S_RETURNS_TO_COUNTER,SERVICE_COUNTER,NONE,,
595,1,NONE,[],"{'CAMERA_1': [], 'CAMERA_2': [], 'CAMERA_3': []}",C_ENTERS,DOOR,NONE,,S_NONE,SERVICE_COUNTER,NONE,,
595,2,NONE,[],"{'CAMERA_1': [], 'CAMERA_2': [], 'CAMERA_3': []}",C_GREETS,MIDDLE,NONE,hello,S_GREETS,MIDDLE,NONE,can I help you?,
595,3,CAMERA_2,['CAMERA_2'],"{'CAMERA_1': [], 'CAMERA_2': [], 'CAMERA_3': []}",C_LOOKING_FOR_A_CAMERA,MIDDLE,NONE,I'm looking for a camera,S_INTRODUCES_CAMERA,CAMERA_2,,Let me show you this. Here we have the Sony Alpha a6000.,39~55
595,4,CAMERA_2,['CAMERA_2'],"{'CAMERA_1': [], 'CAMERA_2': ['long_exposure'], 'CAMERA_3': []}",C_QUESTION_ABOUT_FEATURE,CAMERA_2,long_exposure,can it take long exposure shots,S_ANSWERS_QUESTION_ABOUT_FEATURE,CAMERA_2,long_exposure,This one can take long exposures up to up to 30 seconds.,39~55
595,5,CAMERA_2,['CAMERA_2'],"{'CAMERA_1': [], 'CAMERA_2': ['long_exposure', 'sensor_size'], 'CAMERA_3': []}",C_SILENT_OR_BACKCHANNEL,CAMERA_2,NONE,I see,S_INTRODUCES_FEATURE,CAMERA_2,sensor_size,This one has a APS-C sensor (crop sensor).,15~41
595,6,CAMERA_3,"['CAMERA_2', 'CAMERA_3']","{'CAMERA_1': [], 'CAMERA_2': ['long_exposure', 'sensor_size'], 'CAMERA_3': []}",C_ANYTHING_ELSE_AVAILABLE,CAMERA_2,NONE,ok do you have any other cameras,S_INTRODUCES_CAMERA,CAMERA_3,,Let me show you this. Here we have the Canon EOS 5D Mark III.,39~60
595,7,CAMERA_3,"['CAMERA_2', 'CAMERA_3']","{'CAMERA_1': [], 'CAMERA_2': ['long_exposure', 'sensor_size'], 'CAMERA_3': ['sensor_size']}",C_QUESTION_ABOUT_FEATURE,CAMERA_3,sensor_size,what is the sensor size,S_ANSWERS_QUESTION_ABOUT_FEATURE,CAMERA_3,sensor_size,This one has a full frame.,15~25
595,8,CAMERA_3,"['CAMERA_2', 'CAMERA_3']","{'CAMERA_1': [], 'CAMERA_2': ['long_exposure', 'sensor_size'], 'CAMERA_3': ['sensor_size', 'settings']}",C_SILENT_OR_BACKCHANNEL,CAMERA_3,NONE,alright,S_INTRODUCES_FEATURE,CAMERA_3,settings,This one has full manual control.,13~32
595,9,NONE,"['CAMERA_2', 'CAMERA_3']","{'CAMERA_1': [], 'CAMERA_2': ['long_exposure', 'sensor_size'], 'CAMERA_3': ['sensor_size', 'settings']}",C_THANK_YOU,CAMERA_3,NONE,thank you for your help,S_THANK_YOU,CAMERA_3,NONE,thank you very much,
595,10,NONE,"['CAMERA_2', 'CAMERA_3']","{'CAMERA_1': [], 'CAMERA_2': ['long_exposure', 'sensor_size'], 'CAMERA_3': ['sensor_size', 'settings']}",C_LEAVES,DOOR,NONE,,S_RETURNS_TO_COUNTER,SERVICE_COUNTER,NONE,,
596,1,NONE,[],"{'CAMERA_1': [], 'CAMERA_2': [], 'CAMERA_3': []}",C_ENTERS,DOOR,NONE,,S_NONE,SERVICE_COUNTER,NONE,,
596,2,NONE,[],"{'CAMERA_1': [], 'CAMERA_2': [], 'CAMERA_3': []}",C_GREETS,MIDDLE,NONE,hello,S_GREETS,MIDDLE,NONE,can I help you?,
596,3,CAMERA_2,['CAMERA_2'],"{'CAMERA_1': [], 'CAMERA_2': [], 'CAMERA_3': []}",C_LOOKING_FOR_A_CAMERA,MIDDLE,NONE,I'm looking for a camera,S_INTRODUCES_CAMERA,CAMERA_2,,Let me show you this. Here we have the Sony Alpha a6000.,39~55
596,4,CAMERA_2,['CAMERA_2'],"{'CAMERA_1': [], 'CAMERA_2': ['settings'], 'CAMERA_3': []}",C_SILENT_OR_BACKCHANNEL,CAMERA_2,NONE,okay,S_INTRODUCES_FEATURE,CAMERA_2,settings,This one has full manual control.,13~32
596,5,CAMERA_2,['CAMERA_2'],"{'CAMERA_1': [], 'CAMERA_2': ['settings', 'autofocus_points'], 'CAMERA_3': []}",C_SILENT_OR_BACKCHANNEL,CAMERA_2,NONE,okay,S_INTRODUCES_FEATURE,CAMERA_2,autofocus_points,This one has 179 autofocus points.,13~33
596,6,CAMERA_2,['CAMERA_2'],"{'CAMERA_1': [], 'CAMERA_2': ['settings', 'autofocus_points', 'ISO'], 'CAMERA_3': []}",C_QUESTION_ABOUT_FEATURE,CAMERA_2,ISO,what is the ISO,S_ANSWERS_QUESTION_ABOUT_FEATURE,CAMERA_2,ISO,This one has up to 3200 ISO with little noise.,13~45
596,7,CAMERA_2,['CAMERA_2'],"{'CAMERA_1': [], 'CAMERA_2': ['settings', 'autofocus_points', 'ISO', 'long_exposure'], 'CAMERA_3': []}",C_QUESTION_ABOUT_FEATURE,CAMERA_2,long_exposure,can it take long exposure shots,S_ANSWERS_QUESTION_ABOUT_FEATURE,CAMERA_2,long_exposure,This one can take long exposures up to up to 30 seconds.,39~55
596,8,CAMERA_2,['CAMERA_2'],"{'CAMERA_1': [], 'CAMERA_2': ['settings', 'autofocus_points', 'ISO', 'long_exposure', 'resolution'], 'CAMERA_3': []}",C_QUESTION_ABOUT_FEATURE,CAMERA_2,resolution,what is the resolution,S_NOT_SURE,CAMERA_2,,I'm not really sure about that,
596,9,NONE,['CAMERA_2'],"{'CAMERA_1': [], 'CAMERA_2': ['settings', 'autofocus_points', 'ISO', 'long_exposure', 'resolution'], 'CAMERA_3': []}",C_THANK_YOU,CAMERA_2,NONE,thank you for your help,S_THANK_YOU,CAMERA_2,NONE,thank you very much,
596,10,NONE,['CAMERA_2'],"{'CAMERA_1': [], 'CAMERA_2': ['settings', 'autofocus_points', 'ISO', 'long_exposure', 'resolution'], 'CAMERA_3': []}",C_LEAVES,DOOR,NONE,,S_RETURNS_TO_COUNTER,SERVICE_COUNTER,NONE,,
597,1,NONE,[],"{'CAMERA_1': [], 'CAMERA_2': [], 'CAMERA_3': []}",C_ENTERS,DOOR,NONE,,S_NONE,SERVICE_COUNTER,NONE,,
597,2,NONE,[],"{'CAMERA_1': [], 'CAMERA_2': [], 'CAMERA_3': []}",C_WALKS_TO_CAMERA,CAMERA_3,NONE,,S_GREETS,CAMERA_3,NONE,can I help you?,
597,3,CAMERA_1,['CAMERA_1'],"{'CAMERA_1': [], 'CAMERA_2': [], 'CAMERA_3': []}",C_LOOKING_FOR_A_CAMERA,CAMERA_3,NONE,I'm looking for a camera,S_INTRODUCES_CAMERA,CAMERA_1,,Let me show you this. Here we have the Nikon Coolpix S2800.,39~58
597,4,CAMERA_1,['CAMERA_1'],"{'CAMERA_1': ['settings'], 'CAMERA_2': [], 'CAMERA_3': []}",C_QUESTION_ABOUT_FEATURE,CAMERA_1,settings,what kind of settings does it have,S_ANSWERS_QUESTION_ABOUT_FEATURE,CAMERA_1,settings,This one has limited manual settings.,13~36
597,5,CAMERA_1,['CAMERA_1'],"{'CAMERA_1': ['settings', 'camera_type'], 'CAMERA_2': [], 'CAMERA_3': []}",C_SILENT_OR_BACKCHANNEL,CAMERA_1,NONE,alright,S_INTRODUCES_FEATURE,CAMERA_1,camera_type,This is a point and shoot camera.,10~25
597,6,CAMERA_1,['CAMERA_1'],"{'CAMERA_1': ['settings', 'camera_type', 'price'], 'CAMERA_2': [], 'CAMERA_3': []}",C_QUESTION_ABOUT_FEATURE,CAMERA_1,price,how much does it cost,S_ANSWERS_QUESTION_ABOUT_FEATURE,CAMERA_1,price,This one costs $2173.,15~20
597,7,CAMERA_1,['CAMERA_1'],"{'CAMERA_1': ['settings', 'camera_type', 'price', 'resolution'], 'CAMERA_2': [], 'CAMERA_3': []}",C_QUESTION_ABOUT_FEATURE,CAMERA_1,resolution,what is the resolution,S_ANSWERS_QUESTION_ABOUT_FEATURE,CAMERA_1,resolution,This one has 20.1 megapixels resolution.,13~28
597,8,CAMERA_1,['CAMERA_1'],"{'CAMERA_1': ['settings', 'camera_type', 'price', 'resolution', 'preset_modes'], 'CAMERA_2': [], 'CAMERA_3': []}",C_QUESTION_ABOUT_FEATURE,CAMERA_1,preset_modes,does it have preset modes,S_ANSWERS_QUESTION_ABOUT_FEATURE,CAMERA_1,preset_modes,"This one has 18 preset modes (e.g. beach, snow, night portrait).",13~63
597,9,CAMERA_3,"['CAMERA_1', 'CAMERA_3']","{'CAMERA_1': ['settings', 'camera_type', 'price', 'resolution', 'preset_modes'], 'CAMERA_2': [], 'CAMERA_3': []}",C_ANYTHING_ELSE_AVAILABLE,CAMERA_1,NONE,ok do you have any other cameras,S_INTRODUCES_CAMERA,CAMERA_3,,Let me show you this. Here we have the Canon EOS 5D Mark III.,39~60
597,10,CAMERA_3,"['CAMERA_1', 'CAMERA_3']","{'CAMERA_1': ['settings', 'camera_type', 'price', 'resolution', 'preset_modes'], 'CAMERA_2': [], 'CAMERA_3': ['resolution']}",C_QUESTION_ABOUT_FEATURE,CAMERA_3,resolution,what is the resolution,S_NOT_SURE,CAMERA_3,,I'm not really sure about that,
597,11,CAMERA_3,"['CAMERA_1', 'CAMERA_3']","{'CAMERA_1': ['settings', 'camera_type', 'price', 'resolution', 'preset_modes'], 'CAMERA_2': [], 'CAMERA_3': ['resolution', 'autofocus_points']}",C_SILENT_OR_BACKCHANNEL,CAMERA_3,NONE,alright,S_INTRODUCES_FEATURE,CAMERA_3,autofocus_points,This one has 61 autofocus points.,13~32
597,12,NONE,"['CAMERA_1', 'CAMERA_3']","{'CAMERA_1': ['settings', 'camera_type', 'price', 'resolution', 'preset_modes'], 'CAMERA_2': [], 'CAMERA_3': ['resolution', 'autofocus_points']}",C_THANK_YOU,CAMERA_3,NONE,thank you for your help,S_THANK_YOU,CAMERA_3,NONE,thank you very much,
597,13,NONE,"['CAMERA_1', 'CAMERA_3']","{'CAMERA_1': ['settings', 'camera_type', 'price', 'resolution', 'preset_modes'], 'CAMERA_2': [], 'CAMERA_3': ['resolution', 'autofocus_points']}",C_LEAVES,DOOR,NONE,,S_RETURNS_TO_COUNTER,SERVICE_COUNTER,NONE,,
598,1,NONE,[],"{'CAMERA_1': [], 'CAMERA_2': [], 'CAMERA_3': []}",C_ENTERS,DOOR,NONE,,S_NONE,SERVICE_COUNTER,NONE,,
598,2,NONE,[],"{'CAMERA_1': [], 'CAMERA_2': [], 'CAMERA_3': []}",C_WALKS_TO_CAMERA,CAMERA_1,NONE,,S_NONE,SERVICE_COUNTER,NONE,,
598,3,NONE,[],"{'CAMERA_1': [], 'CAMERA_2': [], 'CAMERA_3': []}",C_EXAMINES_CAMERA,CAMERA_1,NONE,,S_GREETS,CAMERA_1,NONE,can I help you?,
598,4,CAMERA_1,['CAMERA_1'],"{'CAMERA_1': [], 'CAMERA_2': [], 'CAMERA_3': []}",C_LOOKING_FOR_A_CAMERA,CAMERA_1,NONE,I'm looking for a camera,S_INTRODUCES_CAMERA,CAMERA_1,,Let me show you this. Here we have the Nikon Coolpix S2800.,39~58
598,5,CAMERA_1,['CAMERA_1'],"{'CAMERA_1': ['color'], 'CAMERA_2': [], 'CAMERA_3': []}",C_SILENT_OR_BACKCHANNEL,CAMERA_1,NONE,okay,S_INTRODUCES_FEATURE,CAMERA_1,color,"This one comes in purple, pink, black, silver, red.",18~50
598,6,CAMERA_1,['CAMERA_1'],"{'CAMERA_1': ['color', 'weight'], 'CAMERA_2': [], 'CAMERA_3': []}",C_SILENT_OR_BACKCHANNEL,CAMERA_1,NONE,I see,S_INTRODUCES_FEATURE,CAMERA_1,weight,This one weighs 120 grams.,16~25
598,7,CAMERA_1,['CAMERA_1'],"{'CAMERA_1': ['color', 'weight', 'sensor_size'], 'CAMERA_2': [], 'CAMERA_3': []}",C_QUESTION_ABOUT_FEATURE,CAMERA_1,sensor_size,what is the sensor size,S_NOT_SURE,CAMERA_1,,I'm not really sure about that,
598,8,CAMERA_1,['CAMERA_1'],"{'CAMERA_1': ['color', 'weight', 'sensor_size', 'settings'], 'CAMERA_2': [], 'CAMERA_3': []}",C_QUESTION_ABOUT_FEATURE,CAMERA_1,settings,what kind of settings does it have,S_ANSWERS_QUESTION_ABOUT_FEATURE,CAMERA_1,settings,This one has limited manual settings.,13~36
598,9,CAMERA_1,['CAMERA_1'],"{'CAMERA_1': ['color', 'weight', 'sensor_size', 'settings', 'camera_type'], 'CAMERA_2': [], 'CAMERA_3': []}",C_SILENT_OR_BACKCHANNEL,CAMERA_1,NONE,I see,S_INTRODUCES_FEATURE,CAMERA_1,camera_type,This is a point and shoot camera.,10~25
598,10,CAMERA_1,['CAMERA_1'],"{'CAMERA_1': ['color', 'weight', 'sensor_size', 'settings', 'camera_type', 'optical_zoom'], 'CAMERA_2': [], 'CAMERA_3': []}",C_SILENT_OR_BACKCHANNEL,CAMERA_1,NONE,alright,S_INTRODUCES_FEATURE,CAMERA_1,optical_zoom,This one has 5x optical zoom.,13~28
598,11,CAMERA_1,['CAMERA_1'],"{'CAMERA_1': ['color', 'weight', 'sensor_size', 'settings', 'camera_type', 'optical_zoom', 'long_exposure'], 'CAMERA_2': [], 'CAMERA_3': []}",C_QUESTION_ABOUT_FEATURE,CAMERA_1,long_exposure,can it take long exposure shots,S_NOT_SURE,CAMERA_1,,I'm not really sure about that,
598,12,CAMERA_1,['CAMERA_1'],"{'CAMERA_1': ['color', 'weight', 'sensor_size', 'settings', 'camera_type', 'optical_zoom', 'long_exposure', 'autofocus_points'], 'CAMERA_2': [], 'CAMERA_3': []}",C_QUESTION_ABOUT_FEATURE,CAMERA_1,autofocus_points,how many autofocus points does it have,S_NOT_SURE,CAMERA_1,,I'm not really sure about that,
598,13,CAMERA_1,['CAMERA_1'],"{'CAMERA_1': ['color', 'weight', 'sensor_size', 'settings', 'camera_type', 'optical_zoom', 'long_exposure', 'autofocus_points', 'resolution'], 'CAMERA_2': [], 'CAMERA_3': []}",C_SILENT_OR_BACKCHANNEL,CAMERA_1,NONE,alright,S_INTRODUCES_FEATURE,CAMERA_1,resolution,This one has 20.1 megapixels resolution.,13~28
598,14,NONE,['CAMERA_1'],"{'CAMERA_1': ['color', 'weight', 'sensor_size', 'settings', 'camera_type', 'optical_zoom', 'long_exposure', 'autofocus_points', 'resolution'], 'CAMERA_2': [], 'CAMERA_3': []}",C_THANK_YOU,CAMERA_1,NONE,thank you for your help,S_THANK_YOU,CAMERA_1,NONE,thank you very much,
598,15,NONE,['CAMERA_1'],"{'CAMERA_1': ['color', 'weight', 'sensor_size', 'settings', 'camera_type', 'optical_zoom', 'long_exposure', 'autofocus_points', 'resolution'], 'CAMERA_2': [], 'CAMERA_3': []}",C_LEAVES,DOOR,NONE,,S_RETURNS_TO_COUNTER,SERVICE_COUNTER,NONE,,
599,1,NONE,[],"{'CAMERA_1': [], 'CAMERA_2': [], 'CAMERA_3': []}",C_ENTERS,DOOR,NONE,,S_NONE,SERVICE_COUNTER,NONE,,
599,2,NONE,[],"{'CAMERA_1': [], 'CAMERA_2': [], 'CAMERA_3': []}",C_GREETS,MIDDLE,NONE,hello,S_GREETS,MIDDLE,NONE,can I help you?,
599,3,CAMERA_1,['CAMERA_1'],"{'CAMERA_1': [], 'CAMERA_2': [], 'CAMERA_3': []}",C_LOOKING_FOR_A_CAMERA,MIDDLE,NONE,I'm looking for a camera,S_INTRODUCES_CAMERA,CAMERA_1,,Let me show you this. Here we have the Nikon Coolpix S2800.,39~58
599,4,CAMERA_1,['CAMERA_1'],"{'CAMERA_1': ['price'], 'CAMERA_2': [], 'CAMERA_3': []}",C_QUESTION_ABOUT_FEATURE,CAMERA_1,price,how much does it cost,S_ANSWERS_QUESTION_ABOUT_FEATURE,CAMERA_1,price,This one costs $2173.,15~20
599,5,CAMERA_1,['CAMERA_1'],"{'CAMERA_1': ['price', 'settings'], 'CAMERA_2': [], 'CAMERA_3': []}",C_SILENT_OR_BACKCHANNEL,CAMERA_1,NONE,I see,S_INTRODUCES_FEATURE,CAMERA_1,settings,This one has limited manual settings.,13~36
599,6,CAMERA_1,['CAMERA_1'],"{'CAMERA_1': ['price', 'settings', 'optical_zoom'], 'CAMERA_2': [], 'CAMERA_3': []}",C_SILENT_OR_BACKCHANNEL,CAMERA_1,NONE,okay,S_INTRODUCES_FEATURE,CAMERA_1,optical_zoom,This one has 5x optical zoom.,13~28
599,7,CAMERA_1,['CAMERA_1'],"{'CAMERA_1': ['price', 'settings', 'optical_zoom', 'color'], 'CAMERA_2': [], 'CAMERA_3': []}",C_QUESTION_ABOUT_FEATURE,CAMERA_1,color,what colors does this one come in,S_ANSWERS_QUESTION_ABOUT_FEATURE,CAMERA_1,color,"This one comes in purple, pink, black, silver, red.",18~50
599,8,CAMERA_1,['CAMERA_1'],"{'CAMERA_1': ['price', 'settings', 'optical_zoom', 'color', 'effects'], 'CAMERA_2': [], 'CAMERA_3': []}",C_SILENT_OR_BACKCHANNEL,CAMERA_1,NONE,alright,S_INTRODUCES_FEATURE,CAMERA_1,effects,"This one has 12 glamor retouch effects (e.g. skin softening, small face, big eyes).",13~82
599,9,CAMERA_1,['CAMERA_1'],"{'CAMERA_1': ['price', 'settings', 'optical_zoom', 'color', 'effects', 'weight'], 'CAMERA_2': [], 'CAMERA_3': []}",C_SILENT_OR_BACKCHANNEL,CAMERA_1,NONE,I see,S_INTRODUCES_FEATURE,CAMERA_1,weight,This one weighs 120 grams.,16~25
599,10,NONE,['CAMERA_1'],"{'CAMERA_1': ['price', 'settings', 'optical_zoom', 'color', 'effects', 'weight'], 'CAMERA_2': [], 'CAMERA_3': []}",C_THANK_YOU,CAMERA_1,NONE,thank you for your help,S_THANK_YOU,CAMERA_1,NONE,thank you very much,
599,11,NONE,['CAMERA_1'],"{'CAMERA_1': ['price', 'settings', 'optical_zoom', 'color', 'effects', 'weight'], 'CAMERA_2': [], 'CAMERA_3': []}",C_LEAVES,DOOR,NONE,,S_RETURNS_TO_COUNTER,SERVICE_COUNTER,NONE,,
600,1,NONE,[],"{'CAMERA_1': [], 'CAMERA_2': [], 'CAMERA_3': []}",C_ENTERS,DOOR,NONE,,S_NONE,SERVICE_COUNTER,NONE,,
600,2,NONE,[],"{'CAMERA_1': [], 'CAMERA_2': [], 'CAMERA_3': []}",C_WALKS_TO_CAMERA,CAMERA_3,NONE,,S_GREETS,CAMERA_3,NONE,can I help you?,
600,3,CAMERA_3,['CAMERA_3'],"{'CAMERA_1': [], 'CAMERA_2': [], 'CAMERA_3': []}",C_LOOKING_FOR_A_CAMERA,CAMERA_3,NONE,I'm looking for a camera,S_INTRODUCES_CAMERA,CAMERA_3,,Let me show you this. Here we have the Canon EOS 5D Mark III.,39~60
600,4,CAMERA_3,['CAMERA_3'],"{'CAMERA_1': [], 'CAMERA_2': [], 'CAMERA_3': ['price']}",C_QUESTION_ABOUT_FEATURE,CAMERA_3,price,how much does it cost,S_ANSWERS_QUESTION_ABOUT_FEATURE,CAMERA_3,price,This one costs $3706.,15~20
600,5,CAMERA_3,['CAMERA_3'],"{'CAMERA_1': [], 'CAMERA_2': [], 'CAMERA_3': ['price', 'autofocus_points']}",C_SILENT_OR_BACKCHANNEL,CAMERA_3,NONE,alright,S_INTRODUCES_FEATURE,CAMERA_3,autofocus_points,This one has 61 autofocus points.,13~32
600,6,CAMERA_3,['CAMERA_3'],"{'CAMERA_1': [], 'CAMERA_2': [], 'CAMERA_3': ['price', 'autofocus_points', 'optical_zoom']}",C_QUESTION_ABOUT_FEATURE,CAMERA_3,optical_zoom,does it have optical zoom,S_NOT_SURE,CAMERA_3,,I'm not really sure about that,
600,7,CAMERA_3,['CAMERA_3'],"{'CAMERA_1': [], 'CAMERA_2': [], 'CAMERA_3': ['price', 'autofocus_points', 'optical_zoom', 'weight']}",C_QUESTION_ABOUT_FEATURE,CAMERA_3,weight,how much does this one weigh,S_ANSWERS_QUESTION_ABOUT_FEATURE,CAMERA_3,weight,This one weighs 950 grams (only body).,16~37
600,8,CAMERA_3,['CAMERA_3'],"{'CAMERA_1': [], 'CAMERA_2': [], 'CAMERA_3': ['price', 'autofocus_points', 'optical_zoom', 'weight', 'settings']}",C_QUESTION_ABOUT_FEATURE,CAMERA_3,settings,what kind of settings does it have,S_ANSWERS_QUESTION_ABOUT_FEATURE,CAMERA_3,settings,This one has full manual control.,13~32
600,9,CAMERA_3,['CAMERA_3'],"{'CAMERA_1': [], 'CAMERA_2': [], 'CAMERA_3': ['price', 'autofocus_points', 'optical_zoom', 'weight', 'settings', 'ISO']}",C_SILENT_OR_BACKCHANNEL,CAMERA_3,NONE,alright,S_INTRODUCES_FEATURE,CAMERA_3,ISO,This one has up to 6400 ISO with little noise.,13~45
600,10,CAMERA_3,['CAMERA_3'],"{'CAMERA_1': [], 'CAMERA_2': [], 'CAMERA_3': ['price', 'autofocus_points', 'optical_zoom', 'weight', 'settings', 'ISO', 'color']}",C_SILENT_OR_BACKCHANNEL,CAMERA_3,NONE,okay,S_INTRODUCES_FEATURE,CAMERA_3,color,This one comes in black.,18~23
600,11,CAMERA_3,['CAMERA_3'],"{'CAMERA_1': [], 'CAMERA_2': [], 'CAMERA_3': ['price', 'autofocus_points', 'optical_zoom', 'weight', 'settings', 'ISO', 'color', 'sensor_size']}",C_QUESTION_ABOUT_FEATURE,CAMERA_3,sensor_size,what is the sensor size,S_ANSWERS_QUESTION_ABOUT_FEATURE,CAMERA_3,sensor_size,This one has a full frame.,15~25
600,12,CAMERA_3,['CAMERA_3'],"{'CAMERA_1': [], 'CAMERA_2': [], 'CAMERA_3': ['price', 'autofocus_points', 'optical_zoom', 'weight', 'settings', 'ISO', 'color', 'sensor_size', 'resolution']}",C_QUESTION_ABOUT_FEATURE,CAMERA_3,resolution,what is the resolution,S_NOT_SURE,CAMERA_3,,I'm not really sure about that,
600,13,CAMERA_3,['CAMERA_3'],"{'CAMERA_1': [], 'CAMERA_2': [], 'CAMERA_3': ['price', 'autofocus_points', 'optical_zoom', 'weight', 'settings', 'ISO', 'color', 'sensor_size', 'resolution', 'long_exposure']}",C_QUESTION_ABOUT_FEATURE,CAMERA_3,long_exposure,can it take long exposure shots,S_ANSWERS_QUESTION_ABOUT_FEATURE,CAMERA_3,long_exposure,"This one can take long exposures up to up to 30 seconds, bulb mode: expose as long as you want.",39~94
600,14,CAMERA_3,['CAMERA_3'],"{'CAMERA_1': [], 'CAMERA_2': [], 'CAMERA_3': ['price', 'autofocus_points', 'optical_zoom', 'weight', 'settings', 'ISO', 'color', 'sensor_size', 'resolution', 'long_exposure', 'camera_type']}",C_SILENT_OR_BACKCHANNEL,CAMERA_3,NONE,okay,S_INTRODUCES_FEATURE,CAMERA_3,camera_type,This is a DSLR camera.,10~14
600,15,NONE,['CAMERA_3'],"{'CAMERA_1': [], 'CAMERA_2': [], 'CAMERA_3': ['price', 'autofocus_points', 'optical_zoom', 'weight', 'settings', 'ISO', 'color', 'sensor_size', 'resolution', 'long_exposure', 'camera_type']}",C_THANK_YOU,CAMERA_3,NONE,thank you for your help,S_THANK_YOU,CAMERA_3,NONE,thank you very much,
600,16,NONE,['CAMERA_3'],"{'CAMERA_1': [], 'CAMERA_2': [], 'CAMERA_3': ['price', 'autofocus_points', 'optical_zoom', 'weight', 'settings', 'ISO', 'color', 'sensor_size', 'resolution', 'long_exposure', 'camera_type']}",C_LEAVES,DOOR,NONE,,S_RETURNS_TO_COUNTER,SERVICE_COUNTER,NONE,,
601,1,NONE,[],"{'CAMERA_1': [], 'CAMERA_2': [], 'CAMERA_3': []}",C_ENTERS,DOOR,NONE,,S_NONE,SERVICE_COUNTER,NONE,,
601,2,NONE,[],"{'CAMERA_1': [], 'CAMERA_2': [], 'CAMERA_3': []}",C_WALKS_TO_CAMERA,CAMERA_3,NONE,,S_GREETS,CAMERA_3,NONE,can I help you?,
601,3,CAMERA_1,['CAMERA_1'],"{'CAMERA_1': [], 'CAMERA_2': [], 'CAMERA_3': []}",C_LOOKING_FOR_A_CAMERA,CAMERA_3,NONE,I'm looking for a camera,S_INTRODUCES_CAMERA,CAMERA_1,,Let me show you this. Here we have the Nikon Coolpix S2800.,39~58
601,4,CAMERA_1,['CAMERA_1'],"{'CAMERA_1': ['long_exposure'], 'CAMERA_2': [], 'CAMERA_3': []}",C_QUESTION_ABOUT_FEATURE,CAMERA_1,long_exposure,can it take long exposure shots,S_NOT_SURE,CAMERA_1,,I'm not really sure about that,
601,5,CAMERA_1,['CAMERA_1'],"{'CAMERA_1': ['long_exposure', 'autofocus_points'], 'CAMERA_2': [], 'CAMERA_3': []}",C_QUESTION_ABOUT_FEATURE,CAMERA_1,autofocus_points,how many autofocus points does it have,S_NOT_SURE,CAMERA_1,,I'm not really sure about that,
601,6,CAMERA_1,['CAMERA_1'],"{'CAMERA_1': ['long_exposure', 'autofocus_points', 'sensor_size'], 'CAMERA_2': [], 'CAMERA_3': []}",C_QUESTION_ABOUT_FEATURE,CAMERA_1,sensor_size,what is the sensor size,S_NOT_SURE,CAMERA_1,,I'm not really sure about that,
601,7,CAMERA_1,['CAMERA_1'],"{'CAMERA_1': ['long_exposure', 'autofocus_points', 'sensor_size', 'effects'], 'CAMERA_2': [], 'CAMERA_3': []}",C_QUESTION_ABOUT_FEATURE,CAMERA_1,effects,does it have any effect modes,S_ANSWERS_QUESTION_ABOUT_FEATURE,CAMERA_1,effects,"This one has 12 glamor retouch effects (e.g. skin softening, small face, big eyes).",13~82
601,8,CAMERA_1,['CAMERA_1'],"{'CAMERA_1': ['long_exposure', 'autofocus_points', 'sensor_size', 'effects', 'color'], 'CAMERA_2': [], 'CAMERA_3': []}",C_QUESTION_ABOUT_FEATURE,CAMERA_1,color,what colors does this one come in,S_ANSWERS_QUESTION_ABOUT_FEATURE,CAMERA_1,color,"This one comes in purple, pink, black, silver, red.",18~50
601,9,NONE,['CAMERA_1'],"{'CAMERA_1': ['long_exposure', 'autofocus_points', 'sensor_size', 'effects', 'color'], 'CAMERA_2': [], 'CAMERA_3': []}",C_THANK_YOU,CAMERA_1,NONE,thank you for your help,S_THANK_YOU,CAMERA_1,NONE,thank you very much,
601,10,NONE,['CAMERA_1'],"{'CAMERA_1': ['long_exposure', 'autofocus_points', 'sensor_size', 'effects', 'color'], 'CAMERA_2': [], 'CAMERA_3': []}",C_LEAVES,DOOR,NONE,,S_RETURNS_TO_COUNTER,SERVICE_COUNTER,NONE,,
602,1,NONE,[],"{'CAMERA_1': [], 'CAMERA_2': [], 'CAMERA_3': []}",C_ENTERS,DOOR,NONE,,S_NONE,SERVICE_COUNTER,NONE,,
602,2,NONE,[],"{'CAMERA_1': [], 'CAMERA_2': [], 'CAMERA_3': []}",C_GREETS,MIDDLE,NONE,hello,S_GREETS,MIDDLE,NONE,can I help you?,
602,3,CAMERA_2,['CAMERA_2'],"{'CAMERA_1': [], 'CAMERA_2': [], 'CAMERA_3': []}",C_LOOKING_FOR_A_CAMERA,MIDDLE,NONE,I'm looking for a camera,S_INTRODUCES_CAMERA,CAMERA_2,,Let me show you this. Here we have the Sony Alpha a6000.,39~55
602,4,CAMERA_2,['CAMERA_2'],"{'CAMERA_1': [], 'CAMERA_2': ['ISO'], 'CAMERA_3': []}",C_SILENT_OR_BACKCHANNEL,CAMERA_2,NONE,I see,S_INTRODUCES_FEATURE,CAMERA_2,ISO,This one has up to 3200 ISO with little noise.,13~45
602,5,CAMERA_2,['CAMERA_2'],"{'CAMERA_1': [], 'CAMERA_2': ['ISO', 'autofocus_points'], 'CAMERA_3': []}",C_QUESTION_ABOUT_FEATURE,CAMERA_2,autofocus_points,how many autofocus points does it have,S_ANSWERS_QUESTION_ABOUT_FEATURE,CAMERA_2,autofocus_points,This one has 179 autofocus points.,13~33
602,6,CAMERA_2,['CAMERA_2'],"{'CAMERA_1': [], 'CAMERA_2': ['ISO', 'autofocus_points', 'weight'], 'CAMERA_3': []}",C_QUESTION_ABOUT_FEATURE,CAMERA_2,weight,how much does this one weigh,S_ANSWERS_QUESTION_ABOUT_FEATURE,CAMERA_2,weight,This one weighs 470 grams.,16~25
602,7,CAMERA_2,['CAMERA_2'],"{'CAMERA_1': [], 'CAMERA_2': ['ISO', 'autofocus_points', 'weight', 'price'], 'CAMERA_3': []}",C_SILENT_OR_BACKCHANNEL,CAMERA_2,NONE,okay,S_INTRODUCES_FEATURE,CAMERA_2,price,This one costs $1341.,15~20
602,8,CAMERA_2,['CAMERA_2'],"{'CAMERA_1': [], 'CAMERA_2': ['ISO', 'autofocus_points', 'weight', 'price', 'settings'], 'CAMERA_3': []}",C_QUESTION_ABOUT_FEATURE,CAMERA_2,settings,what kind of settings does it have,S_ANSWERS_QUESTION_ABOUT_FEATURE,CAMERA_2,settings,This one has full manual control.,13~32
602,9,CAMERA_2,['CAMERA_2'],"{'CAMERA_1': [], 'CAMERA_2': ['ISO', 'autofocus_points', 'weight', 'price', 'settings', 'camera_type'], 'CAMERA_3': []}",C_SILENT_OR_BACKCHANNEL,CAMERA_2,NONE,alright,S_INTRODUCES_FEATURE,CAMERA_2,camera_type,This is a mirrorless camera.,10~20
602,10,CAMERA_2,['CAMERA_2'],"{'CAMERA_1': [], 'CAMERA_2': ['ISO', 'autofocus_points', 'weight', 'price', 'settings', 'camera_type', 'optical_zoom'], 'CAMERA_3': []}",C_QUESTION_ABOUT_FEATURE,CAMERA_2,optical_zoom,does it have optical zoom,S_NOT_SURE,CAMERA_2,,I'm not really sure about that,
602,11,CAMERA_2,['CAMERA_2'],"{'CAMERA_1': [], 'CAMERA_2': ['ISO', 'autofocus_points', 'weight', 'price', 'settings', 'camera_type', 'optical_zoom', 'color'], 'CAMERA_3': []}",C_QUESTION_ABOUT_FEATURE,CAMERA_2,color,what colors does this one come in,S_ANSWERS_QUESTION_ABOUT_FEATURE,CAMERA_2,color,"This one comes in white, silver, black.",18~38
602,12,CAMERA_3,"['CAMERA_2', 'CAMERA_3']","{'CAMERA_1': [], 'CAMERA_2': ['ISO', 'autofocus_points', 'weight', 'price', 'settings', 'camera_type', 'optical_zoom', 'color'], 'CAMERA_3': []}",C_ANYTHING_ELSE_AVAILABLE,CAMERA_2,NONE,ok do you have any other cameras,S_INTRODUCES_CAMERA,CAMERA_3,,Let me show you this. Here we have the Canon EOS 5D Mark III.,39~60
602,13,CAMERA_3,"['CAMERA_2', 'CAMERA_3']","{'CAMERA_1': [], 'CAMERA_2': ['ISO', 'autofocus_points', 'weight', 'price', 'settings', 'camera_type', 'optical_zoom', 'color'], 'CAMERA_3': ['long_exposure']}",C_SILENT_OR_BACKCHANNEL,CAMERA_3,NONE,alright,S_INTRODUCES_FEATURE,CAMERA_3,long_exposure,"This one can take long exposures up to up to 30 seconds, bulb mode: expose as long as you want.",39~94
602,14,NONE,"['CAMERA_2', 'CAMERA_3']","{'CAMERA_1': [], 'CAMERA_2': ['ISO', 'autofocus_points', 'weight', 'price', 'settings', 'camera_type', 'optical_zoom', 'color'], 'CAMERA_3': ['long_exposure']}",C_THANK_YOU,CAMERA_3,NONE,thank you for your help,S_THANK_YOU,CAMERA_3,NONE,thank you very much,
602,15,NONE,"['CAMERA_2', 'CAMERA_3']","{'CAMERA_1': [], 'CAMERA_2': ['ISO', 'autofocus_points', 'weight', 'price', 'settings', 'camera_type', 'optical_zoom', 'color'], 'CAMERA_3': ['long_exposure']}",C_LEAVES,DOOR,NONE,,S_RETURNS_TO_COUNTER,SERVICE_COUNTER,NONE,,
603,1,NONE,[],"{'CAMERA_1': [], 'CAMERA_2': [], 'CAMERA_3': []}",C_ENTERS,DOOR,NONE,,S_NONE,SERVICE_COUNTER,NONE,,
603,2,NONE,[],"{'CAMERA_1': [], 'CAMERA_2': [], 'CAMERA_3': []}",C_GREETS,MIDDLE,NONE,hello,S_GREETS,MIDDLE,NONE,can I help you?,
603,3,CAMERA_2,['CAMERA_2'],"{'CAMERA_1': [], 'CAMERA_2': [], 'CAMERA_3': []}",C_LOOKING_FOR_A_CAMERA,MIDDLE,NONE,I'm looking for a camera,S_INTRODUCES_CAMERA,CAMERA_2,,Let me show you this. Here we have the Sony Alpha a6000.,39~55
603,4,CAMERA_2,['CAMERA_2'],"{'CAMERA_1': [], 'CAMERA_2': ['ISO'], 'CAMERA_3': []}",C_SILENT_OR_BACKCHANNEL,CAMERA_2,NONE,okay,S_INTRODUCES_FEATURE,CAMERA_2,ISO,This one has up to 3200 ISO with little noise.,13~45
603,5,NONE,['CAMERA_2'],"{'CAMERA_1': [], 'CAMERA_2': ['ISO'], 'CAMERA_3': []}",C_THANK_YOU,CAMERA_2,NONE,thank you for your help,S_THANK_YOU,CAMERA_2,NONE,thank you very much,
603,6,NONE,['CAMERA_2'],"{'CAMERA_1': [], 'CAMERA_2': ['ISO'], 'CAMERA_3': []}",C_LEAVES,DOOR,NONE,,S_RETURNS_TO_COUNTER,SERVICE_COUNTER,NONE,,
604,1,NONE,[],"{'CAMERA_1': [], 'CAMERA_2': [], 'CAMERA_3': []}",C_ENTERS,DOOR,NONE,,S_NONE,SERVICE_COUNTER,NONE,,
604,2,NONE,[],"{'CAMERA_1': [], 'CAMERA_2': [], 'CAMERA_3': []}",C_GREETS,MIDDLE,NONE,hello,S_GREETS,MIDDLE,NONE,can I help you?,
604,3,CAMERA_3,['CAMERA_3'],"{'CAMERA_1': [], 'CAMERA_2': [], 'CAMERA_3': []}",C_LOOKING_FOR_A_CAMERA,MIDDLE,NONE,I'm looking for a camera,S_INTRODUCES_CAMERA,CAMERA_3,,Let me show you this. Here we have the Canon EOS 5D Mark III.,39~60
604,4,CAMERA_3,['CAMERA_3'],"{'CAMERA_1': [], 'CAMERA_2': [], 'CAMERA_3': ['autofocus_points']}",C_QUESTION_ABOUT_FEATURE,CAMERA_3,autofocus_points,how many autofocus points does it have,S_ANSWERS_QUESTION_ABOUT_FEATURE,CAMERA_3,autofocus_points,This one has 61 autofocus points.,13~32
604,5,CAMERA_3,['CAMERA_3'],"{'CAMERA_1': [], 'CAMERA_2': [], 'CAMERA_3': ['autofocus_points', 'ISO']}",C_SILENT_OR_BACKCHANNEL,CAMERA_3,NONE,alright,S_INTRODUCES_FEATURE,CAMERA_3,ISO,This one has up to 6400 ISO with little noise.,13~45
604,6,CAMERA_2,"['CAMERA_3', 'CAMERA_2']","{'CAMERA_1': [], 'CAMERA_2': [], 'CAMERA_3': ['autofocus_points', 'ISO']}",C_ANYTHING_ELSE_AVAILABLE,CAMERA_3,NONE,ok do you have any other cameras,S_INTRODUCES_CAMERA,CAMERA_2,,Let me show you this. Here we have the Sony Alpha a6000.,39~55
604,7,CAMERA_2,"['CAMERA_3', 'CAMERA_2']","{'CAMERA_1': [], 'CAMERA_2': ['price'], 'CAMERA_3': ['autofocus_points', 'ISO']}",C_SILENT_OR_BACKCHANNEL,CAMERA_2,NONE,I see,S_INTRODUCES_FEATURE,CAMERA_2,price,This one costs $1341.,15~20
604,8,CAMERA_2,"['CAMERA_3', 'CAMERA_2']","{'CAMERA_1': [], 'CAMERA_2': ['price', 'optical_zoom'], 'CAMERA_3': ['autofocus_points', 'ISO']}",C_QUESTION_ABOUT_FEATURE,CAMERA_2,optical_zoom,does it have optical zoom,S_NOT_SURE,CAMERA_2,,I'm not really sure about that,
604,9,CAMERA_2,"['CAMERA_3', 'CAMERA_2']","{'CAMERA_1': [], 'CAMERA_2': ['price', 'optical_zoom', 'preset_modes'], 'CAMERA_3': ['autofocus_points', 'ISO']}",C_SILENT_OR_BACKCHANNEL,CAMERA_2,NONE,I see,S_INTRODUCES_FEATURE,CAMERA_2,preset_modes,"This one has 9 preset modes (e.g. beach, snow, night, portrait).",13~63
604,10,NONE,"['CAMERA_3', 'CAMERA_2']","{'CAMERA_1': [], 'CAMERA_2': ['price', 'optical_zoom', 'preset_modes'], 'CAMERA_3': ['autofocus_points', 'ISO']}",C_THANK_YOU,CAMERA_2,NONE,thank you for your help,S_THANK_YOU,CAMERA_2,NONE,thank you very much,
604,11,NONE,"['CAMERA_3', 'CAMERA_2']","{'CAMERA_1': [], 'CAMERA_2': ['price', 'optical_zoom', 'preset_modes'], 'CAMERA_3': ['autofocus_points', 'ISO']}",C_LEAVES,DOOR,NONE,,S_RETURNS_TO_COUNTER,SERVICE_COUNTER,NONE,,
605,1,NONE,[],"{'CAMERA_1': [], 'CAMERA_2': [], 'CAMERA_3': []}",C_ENTERS,DOOR,NONE,,S_NONE,SERVICE_COUNTER,NONE,,
605,2,NONE,[],"{'CAMERA_1': [], 'CAMERA_2': [], 'CAMERA_3': []}",C_GREETS,MIDDLE,NONE,hello,S_GREETS,MIDDLE,NONE,can I help you?,
605,3,CAMERA_3,['CAMERA_3'],"{'CAMERA_1': [], 'CAMERA_2': [], 'CAMERA_3': []}",C_LOOKING_FOR_A_CAMERA,MIDDLE,NONE,I'm looking for a camera,S_INTRODUCES_CAMERA,CAMERA_3,,Let me show you this. Here we have the Canon EOS 5D Mark III.,39~60
605,4,CAMERA_3,['CAMERA_3'],"{'CAMERA_1': [], 'CAMERA_2': [], 'CAMERA_3': ['color']}",C_QUESTION_ABOUT_FEATURE,CAMERA_3,color,what colors does this one come in,S_ANSWERS_QUESTION_ABOUT_FEATURE,CAMERA_3,color,This one comes in black.,18~23
605,5,CAMERA_3,['CAMERA_3'],"{'CAMERA_1': [], 'CAMERA_2': [], 'CAMERA_3': ['color', 'price']}",C_SILENT_OR_BACKCHANNEL,CAMERA_3,NONE,okay,S_INTRODUCES_FEATURE,CAMERA_3,price,This one costs $3706.,15~20
605,6,CAMERA_3,['CAMERA_3'],"{'CAMERA_1': [], 'CAMERA_2': [], 'CAMERA_3': ['color', 'price', 'long_exposure']}",C_SILENT_OR_BACKCHANNEL,CAMERA_3,NONE,okay,S_INTRODUCES_FEATURE,CAMERA_3,long_exposure,"This one can take long exposures up to up to 30 seconds, bulb mode: expose as long as you want.",39~94
605,7,NONE,['CAMERA_3'],"{'CAMERA_1': [], 'CAMERA_2': [], 'CAMERA_3': ['color', 'price', 'long_exposure']}",C_THANK_YOU,CAMERA_3,NONE,thank you for your help,S_THANK_YOU,CAMERA_3,NONE,thank you very much,
605,8,NONE,['CAMERA_3'],"{'CAMERA_1': [], 'CAMERA_2': [], 'CAMERA_3': ['color', 'price', 'long_exposure']}",C_LEAVES,DOOR,NONE,,S_RETURNS_TO_COUNTER,SERVICE_COUNTER,NONE,,
606,1,NONE,[],"{'CAMERA_1': [], 'CAMERA_2': [], 'CAMERA_3': []}",C_ENTERS,DOOR,NONE,,S_NONE,SERVICE_COUNTER,NONE,,
606,2,NONE,[],"{'CAMERA_1': [], 'CAMERA_2': [], 'CAMERA_3': []}",C_WALKS_TO_CAMERA,CAMERA_2,NONE,,S_GREETS,CAMERA_2,NONE,can I help you?,
606,3,CAMERA_1,['CAMERA_1'],"{'CAMERA_1': [], 'CAMERA_2': [], 'CAMERA_3': []}",C_LOOKING_FOR_A_CAMERA,CAMERA_2,NONE,I'm looking for a camera,S_INTRODUCES_CAMERA,CAMERA_1,,Let me show you this. Here we have the Nikon Coolpix S2800.,39~58
606,4,CAMERA_1,['CAMERA_1'],"{'CAMERA_1': ['price'], 'CAMERA_2': [], 'CAMERA_3': []}",C_SILENT_OR_BACKCHANNEL,CAMERA_1,NONE,I see,S_INTRODUCES_FEATURE,CAMERA_1,price,This one costs $2173.,15~20
606,5,CAMERA_1,['CAMERA_1'],"{'CAMERA_1': ['price', 'long_exposure'], 'CAMERA_2': [], 'CAMERA_3': []}",C_QUESTION_ABOUT_FEATURE,CAMERA_1,long_exposure,can it take long exposure shots,S_NOT_SURE,CAMERA_1,,I'm not really sure about that,
606,6,CAMERA_1,['CAMERA_1'],"{'CAMERA_1': ['price', 'long_exposure', 'ISO'], 'CAMERA_2': [], 'CAMERA_3': []}",C_QUESTION_ABOUT_FEATURE,CAMERA_1,ISO,what is the ISO,S_NOT_SURE,CAMERA_1,,I'm not really sure about that,
606,7,CAMERA_1,['CAMERA_1'],"{'CAMERA_1': ['price', 'long_exposure', 'ISO', 'settings'], 'CAMERA_2': [], 'CAMERA_3': []}",C_QUESTION_ABOUT_FEATURE,CAMERA_1,settings,what kind of settings does it have,S_ANSWERS_QUESTION_ABOUT_FEATURE,CAMERA_1,settings,This one has limited manual settings.,13~36
606,8,CAMERA_1,['CAMERA_1'],"{'CAMERA_1': ['price', 'long_exposure', 'ISO', 'settings', 'sensor_size'], 'CAMERA_2': [], 'CAMERA_3': []}",C_QUESTION_ABOUT_FEATURE,CAMERA_1,sensor_size,what is the sensor size,S_NOT_SURE,CAMERA_1,,I'm not really sure about that,
606,9,CAMERA_1,['CAMERA_1'],"{'CAMERA_1': ['price', 'long_exposure', 'ISO', 'settings', 'sensor_size', 'optical_zoom'], 'CAMERA_2': [], 'CAMERA_3': []}",C_SILENT_OR_BACKCHANNEL,CAMERA_1,NONE,okay,S_INTRODUCES_FEATURE,CAMERA_1,optical_zoom,This one has 5x optical zoom.,13~28
606,10,NONE,['CAMERA_1'],"{'CAMERA_1': ['price', 'long_exposure', 'ISO', 'settings', 'sensor_size', 'optical_zoom'], 'CAMERA_2': [], 'CAMERA_3': []}",C_THANK_YOU,CAMERA_1,NONE,thank you for your help,S_THANK_YOU,CAMERA_1,NONE,thank you very much,
606,11,NONE,['CAMERA_1'],"{'CAMERA_1': ['price', 'long_exposure', 'ISO', 'settings', 'sensor_size', 'optical_zoom'], 'CAMERA_2': [], 'CAMERA_3': []}",C_LEAVES,DOOR,NONE,,S_RETURNS_TO_COUNTER,SERVICE_COUNTER,NONE,,
607,1,NONE,[],"{'CAMERA_1': [], 'CAMERA_2': [], 'CAMERA_3': []}",C_ENTERS,DOOR,NONE,,S_NONE,SERVICE_COUNTER,NONE,,
607,2,NONE,[],"{'CAMERA_1': [], 'CAMERA_2': [], 'CAMERA_3': []}",C_WALKS_TO_CAMERA,CAMERA_1,NONE,,S_GREETS,CAMERA_1,NONE,can I help you?,
607,3,CAMERA_3,['CAMERA_3'],"{'CAMERA_1': [], 'CAMERA_2': [], 'CAMERA_3': []}",C_LOOKING_FOR_A_CAMERA,CAMERA_1,NONE,I'm looking for a camera,S_INTRODUCES_CAMERA,CAMERA_3,,Let me show you this. Here we have the Canon EOS 5D Mark III.,39~60
607,4,CAMERA_3,['CAMERA_3'],"{'CAMERA_1': [], 'CAMERA_2': [], 'CAMERA_3': ['sensor_size']}",C_SILENT_OR_BACKCHANNEL,CAMERA_3,NONE,alright,S_INTRODUCES_FEATURE,CAMERA_3,sensor_size,This one has a full frame.,15~25
607,5,NONE,['CAMERA_3'],"{'CAMERA_1': [], 'CAMERA_2': [], 'CAMERA_3': ['sensor_size']}",C_THANK_YOU,CAMERA_3,NONE,thank you for your help,S_THANK_YOU,CAMERA_3,NONE,thank you very much,
607,6,NONE,['CAMERA_3'],"{'CAMERA_1': [], 'CAMERA_2': [], 'CAMERA_3': ['sensor_size']}",C_LEAVES,DOOR,NONE,,S_RETURNS_TO_COUNTER,SERVICE_COUNTER,NONE,,
608,1,NONE,[],"{'CAMERA_1': [], 'CAMERA_2': [], 'CAMERA_3': []}",C_ENTERS,DOOR,NONE,,S_NONE,SERVICE_COUNTER,NONE,,
608,2,NONE,[],"{'CAMERA_1': [], 'CAMERA_2': [], 'CAMERA_3': []}",C_GREETS,MIDDLE,NONE,hello,S_GREETS,MIDDLE,NONE,can I help you?,
608,3,CAMERA_3,['CAMERA_3'],"{'CAMERA_1': [], 'CAMERA_2': [], 'CAMERA_3': []}",C_LOOKING_FOR_A_CAMERA,MIDDLE,NONE,I'm looking for a camera,S_INTRODUCES_CAMERA,CAMERA_3,,Let me show you this. Here we have the Canon EOS 5D Mark III.,39~60
608,4,CAMERA_3,['CAMERA_3'],"{'CAMERA_1': [], 'CAMERA_2': [], 'CAMERA_3': ['camera_type']}",C_SILENT_OR_BACKCHANNEL,CAMERA_3,NONE,I see,S_INTRODUCES_FEATURE,CAMERA_3,camera_type,This is a DSLR camera.,10~14
608,5,NONE,['CAMERA_3'],"{'CAMERA_1': [], 'CAMERA_2': [], 'CAMERA_3': ['camera_type']}",C_THANK_YOU,CAMERA_3,NONE,thank you for your help,S_THANK_YOU,CAMERA_3,NONE,thank you very much,
608,6,NONE,['CAMERA_3'],"{'CAMERA_1': [], 'CAMERA_2': [], 'CAMERA_3': ['camera_type']}",C_LEAVES,DOOR,NONE,,S_RETURNS_TO_COUNTER,SERVICE_COUNTER,NONE,,
609,1,NONE,[],"{'CAMERA_1': [], 'CAMERA_2': [], 'CAMERA_3': []}",C_ENTERS,DOOR,NONE,,S_NONE,SERVICE_COUNTER,NONE,,
609,2,NONE,[],"{'CAMERA_1': [], 'CAMERA_2': [], 'CAMERA_3': []}",C_GREETS,MIDDLE,NONE,hello,S_GREETS,MIDDLE,NONE,can I help you?,
609,3,CAMERA_2,['CAMERA_2'],"{'CAMERA_1': [], 'CAMERA_2': [], 'CAMERA_3': []}",C_LOOKING_FOR_A_CAMERA,MIDDLE,NONE,I'm looking for a camera,S_INTRODUCES_CAMERA,CAMERA_2,,Let me show you this. Here we have the Sony Alpha a6000.,39~55
609,4,CAMERA_2,['CAMERA_2'],"{'CAMERA_1': [], 'CAMERA_2': ['camera_type'], 'CAMERA_3': []}",C_QUESTION_ABOUT_FEATURE,CAMERA_2,camera_type,what kind of camera is this,S_ANSWERS_QUESTION_ABOUT_FEATURE,CAMERA_2,camera_type,This is a mirrorless camera.,10~20
609,5,NONE,['CAMERA_2'],"{'CAMERA_1': [], 'CAMERA_2': ['camera_type'], 'CAMERA_3': []}",C_THANK_YOU,CAMERA_2,NONE,thank you for your help,S_THANK_YOU,CAMERA_2,NONE,thank you very much,
609,6,NONE,['CAMERA_2'],"{'CAMERA_1': [], 'CAMERA_2': ['camera_type'], 'CAMERA_3': []}",C_LEAVES,DOOR,NONE,,S_RETURNS_TO_COUNTER,SERVICE_COUNTER,NONE,,
610,1,NONE,[],"{'CAMERA_1': [], 'CAMERA_2': [], 'CAMERA_3': []}",C_ENTERS,DOOR,NONE,,S_NONE,SERVICE_COUNTER,NONE,,
610,2,NONE,[],"{'CAMERA_1': [], 'CAMERA_2': [], 'CAMERA_3': []}",C_WALKS_TO_CAMERA,CAMERA_2,NONE,,S_GREETS,CAMERA_2,NONE,can I help you?,
610,3,CAMERA_3,['CAMERA_3'],"{'CAMERA_1': [], 'CAMERA_2': [], 'CAMERA_3': []}",C_LOOKING_FOR_A_CAMERA,CAMERA_2,NONE,I'm looking for a camera,S_INTRODUCES_CAMERA,CAMERA_3,,Let me show you this. Here we have the Canon EOS 5D Mark III.,39~60
610,4,CAMERA_3,['CAMERA_3'],"{'CAMERA_1': [], 'CAMERA_2': [], 'CAMERA_3': ['camera_type']}",C_QUESTION_ABOUT_FEATURE,CAMERA_3,camera_type,what kind of camera is this,S_ANSWERS_QUESTION_ABOUT_FEATURE,CAMERA_3,camera_type,This is a DSLR camera.,10~14
610,5,CAMERA_2,"['CAMERA_3', 'CAMERA_2']","{'CAMERA_1': [], 'CAMERA_2': [], 'CAMERA_3': ['camera_type']}",C_ANYTHING_ELSE_AVAILABLE,CAMERA_3,NONE,ok do you have any other cameras,S_INTRODUCES_CAMERA,CAMERA_2,,Let me show you this. Here we have the Sony Alpha a6000.,39~55
610,6,CAMERA_2,"['CAMERA_3', 'CAMERA_2']","{'CAMERA_1': [], 'CAMERA_2': ['long_exposure'], 'CAMERA_3': ['camera_type']}",C_SILENT_OR_BACKCHANNEL,CAMERA_2,NONE,I see,S_INTRODUCES_FEATURE,CAMERA_2,long_exposure,This one can take long exposures up to up to 30 seconds.,39~55
610,7,CAMERA_2,"['CAMERA_3', 'CAMERA_2']","{'CAMERA_1': [], 'CAMERA_2': ['long_exposure', 'ISO'], 'CAMERA_3': ['camera_type']}",C_QUESTION_ABOUT_FEATURE,CAMERA_2,ISO,what is the ISO,S_ANSWERS_QUESTION_ABOUT_FEATURE,CAMERA_2,ISO,This one has up to 3200 ISO with little noise.,13~45
610,8,CAMERA_2,"['CAMERA_3', 'CAMERA_2']","{'CAMERA_1': [], 'CAMERA_2': ['long_exposure', 'ISO', 'weight'], 'CAMERA_3': ['camera_type']}",C_SILENT_OR_BACKCHANNEL,CAMERA_2,NONE,I see,S_INTRODUCES_FEATURE,CAMERA_2,weight,This one weighs 470 grams.,16~25
610,9,CAMERA_2,"['CAMERA_3', 'CAMERA_2']","{'CAMERA_1': [], 'CAMERA_2': ['long_exposure', 'ISO', 'weight', 'autofocus_points'], 'CAMERA_3': ['camera_type']}",C_QUESTION_ABOUT_FEATURE,CAMERA_2,autofocus_points,how many autofocus points does it have,S_ANSWERS_QUESTION_ABOUT_FEATURE,CAMERA_2,autofocus_points,This one has 179 autofocus points.,13~33
610,10,CAMERA_2,"['CAMERA_3', 'CAMERA_2']","{'CAMERA_1': [], 'CAMERA_2': ['long_exposure', 'ISO', 'weight', 'autofocus_points', 'price'], 'CAMERA_3': ['camera_type']}",C_SILENT_OR_BACKCHANNEL,CAMERA_2,NONE,okay,S_INTRODUCES_FEATURE,CAMERA_2,price,This one costs $1341.,15~20
610,11,NONE,"['CAMERA_3', 'CAMERA_2']","{'CAMERA_1': [], 'CAMERA_2': ['long_exposure', 'ISO', 'weight', 'autofocus_points', 'price'], 'CAMERA_3': ['camera_type']}",C_THANK_YOU,CAMERA_2,NONE,thank you for your help,S_THANK_YOU,CAMERA_2,NONE,thank you very much,
610,12,NONE,"['CAMERA_3', 'CAMERA_2']","{'CAMERA_1': [], 'CAMERA_2': ['long_exposure', 'ISO', 'weight', 'autofocus_points', 'price'], 'CAMERA_3': ['camera_type']}",C_LEAVES,DOOR,NONE,,S_RETURNS_TO_COUNTER,SERVICE_COUNTER,NONE,,
611,1,NONE,[],"{'CAMERA_1': [], 'CAMERA_2': [], 'CAMERA_3': []}",C_ENTERS,DOOR,NONE,,S_NONE,SERVICE_COUNTER,NONE,,
611,2,NONE,[],"{'CAMERA_1': [], 'CAMERA_2': [], 'CAMERA_3': []}",C_GREETS,MIDDLE,NONE,hello,S_GREETS,MIDDLE,NONE,can I help you?,
611,3,CAMERA_2,['CAMERA_2'],"{'CAMERA_1': [], 'CAMERA_2': [], 'CAMERA_3': []}",C_LOOKING_FOR_A_CAMERA,MIDDLE,NONE,I'm looking for a camera,S_INTRODUCES_CAMERA,CAMERA_2,,Let me show you this. Here we have the Sony Alpha a6000.,39~55
611,4,CAMERA_2,['CAMERA_2'],"{'CAMERA_1': [], 'CAMERA_2': ['autofocus_points'], 'CAMERA_3': []}",C_QUESTION_ABOUT_FEATURE,CAMERA_2,autofocus_points,how many autofocus points does it have,S_ANSWERS_QUESTION_ABOUT_FEATURE,CAMERA_2,autofocus_points,This one has 179 autofocus points.,13~33
611,5,NONE,['CAMERA_2'],"{'CAMERA_1': [], 'CAMERA_2': ['autofocus_points'], 'CAMERA_3': []}",C_THANK_YOU,CAMERA_2,NONE,thank you for your help,S_THANK_YOU,CAMERA_2,NONE,thank you very much,
611,6,NONE,['CAMERA_2'],"{'CAMERA_1': [], 'CAMERA_2': ['autofocus_points'], 'CAMERA_3': []}",C_LEAVES,DOOR,NONE,,S_RETURNS_TO_COUNTER,SERVICE_COUNTER,NONE,,
612,1,NONE,[],"{'CAMERA_1': [], 'CAMERA_2': [], 'CAMERA_3': []}",C_ENTERS,DOOR,NONE,,S_NONE,SERVICE_COUNTER,NONE,,
612,2,NONE,[],"{'CAMERA_1': [], 'CAMERA_2': [], 'CAMERA_3': []}",C_WALKS_TO_CAMERA,CAMERA_2,NONE,,S_GREETS,CAMERA_2,NONE,can I help you?,
612,3,CAMERA_3,['CAMERA_3'],"{'CAMERA_1': [], 'CAMERA_2': [], 'CAMERA_3': []}",C_LOOKING_FOR_A_CAMERA,CAMERA_2,NONE,I'm looking for a camera,S_INTRODUCES_CAMERA,CAMERA_3,,Let me show you this. Here we have the Canon EOS 5D Mark III.,39~60
612,4,CAMERA_3,['CAMERA_3'],"{'CAMERA_1': [], 'CAMERA_2': [], 'CAMERA_3': ['autofocus_points']}",C_QUESTION_ABOUT_FEATURE,CAMERA_3,autofocus_points,how many autofocus points does it have,S_ANSWERS_QUESTION_ABOUT_FEATURE,CAMERA_3,autofocus_points,This one has 61 autofocus points.,13~32
612,5,CAMERA_1,"['CAMERA_3', 'CAMERA_1']","{'CAMERA_1': [], 'CAMERA_2': [], 'CAMERA_3': ['autofocus_points']}",C_ANYTHING_ELSE_AVAILABLE,CAMERA_3,NONE,ok do you have any other cameras,S_INTRODUCES_CAMERA,CAMERA_1,,Let me show you this. Here we have the Nikon Coolpix S2800.,39~58
612,6,CAMERA_1,"['CAMERA_3', 'CAMERA_1']","{'CAMERA_1': ['preset_modes'], 'CAMERA_2': [], 'CAMERA_3': ['autofocus_points']}",C_SILENT_OR_BACKCHANNEL,CAMERA_1,NONE,okay,S_INTRODUCES_FEATURE,CAMERA_1,preset_modes,"This one has 18 preset modes (e.g. beach, snow, night portrait).",13~63
612,7,NONE,"['CAMERA_3', 'CAMERA_1']","{'CAMERA_1': ['preset_modes'], 'CAMERA_2': [], 'CAMERA_3': ['autofocus_points']}",C_THANK_YOU,CAMERA_1,NONE,thank you for your help,S_THANK_YOU,CAMERA_1,NONE,thank you very much,
612,8,NONE,"['CAMERA_3', 'CAMERA_1']","{'CAMERA_1': ['preset_modes'], 'CAMERA_2': [], 'CAMERA_3': ['autofocus_points']}",C_LEAVES,DOOR,NONE,,S_RETURNS_TO_COUNTER,SERVICE_COUNTER,NONE,,
613,1,NONE,[],"{'CAMERA_1': [], 'CAMERA_2': [], 'CAMERA_3': []}",C_ENTERS,DOOR,NONE,,S_NONE,SERVICE_COUNTER,NONE,,
613,2,NONE,[],"{'CAMERA_1': [], 'CAMERA_2': [], 'CAMERA_3': []}",C_GREETS,MIDDLE,NONE,hello,S_GREETS,MIDDLE,NONE,can I help you?,
613,3,CAMERA_3,['CAMERA_3'],"{'CAMERA_1': [], 'CAMERA_2': [], 'CAMERA_3': []}",C_LOOKING_FOR_A_CAMERA,MIDDLE,NONE,I'm looking for a camera,S_INTRODUCES_CAMERA,CAMERA_3,,Let me show you this. Here we have the Canon EOS 5D Mark III.,39~60
613,4,CAMERA_3,['CAMERA_3'],"{'CAMERA_1': [], 'CAMERA_2': [], 'CAMERA_3': ['color']}",C_SILENT_OR_BACKCHANNEL,CAMERA_3,NONE,okay,S_INTRODUCES_FEATURE,CAMERA_3,color,This one comes in black.,18~23
613,5,CAMERA_3,['CAMERA_3'],"{'CAMERA_1': [], 'CAMERA_2': [], 'CAMERA_3': ['color', 'autofocus_points']}",C_SILENT_OR_BACKCHANNEL,CAMERA_3,NONE,alright,S_INTRODUCES_FEATURE,CAMERA_3,autofocus_points,This one has 61 autofocus points.,13~32
613,6,NONE,['CAMERA_3'],"{'CAMERA_1': [], 'CAMERA_2': [], 'CAMERA_3': ['color', 'autofocus_points']}",C_THANK_YOU,CAMERA_3,NONE,thank you for your help,S_THANK_YOU,CAMERA_3,NONE,thank you very much,
613,7,NONE,['CAMERA_3'],"{'CAMERA_1': [], 'CAMERA_2': [], 'CAMERA_3': ['color', 'autofocus_points']}",C_LEAVES,DOOR,NONE,,S_RETURNS_TO_COUNTER,SERVICE_COUNTER,NONE,,
614,1,NONE,[],"{'CAMERA_1': [], 'CAMERA_2': [], 'CAMERA_3': []}",C_ENTERS,DOOR,NONE,,S_NONE,SERVICE_COUNTER,NONE,,
614,2,NONE,[],"{'CAMERA_1': [], 'CAMERA_2': [], 'CAMERA_3': []}",C_GREETS,MIDDLE,NONE,hello,S_GREETS,MIDDLE,NONE,can I help you?,
614,3,CAMERA_3,['CAMERA_3'],"{'CAMERA_1': [], 'CAMERA_2': [], 'CAMERA_3': []}",C_LOOKING_FOR_A_CAMERA,MIDDLE,NONE,I'm looking for a camera,S_INTRODUCES_CAMERA,CAMERA_3,,Let me show you this. Here we have the Canon EOS 5D Mark III.,39~60
614,4,CAMERA_3,['CAMERA_3'],"{'CAMERA_1': [], 'CAMERA_2': [], 'CAMERA_3': ['long_exposure']}",C_SILENT_OR_BACKCHANNEL,CAMERA_3,NONE,I see,S_INTRODUCES_FEATURE,CAMERA_3,long_exposure,"This one can take long exposures up to up to 30 seconds, bulb mode: expose as long as you want.",39~94
614,5,CAMERA_1,"['CAMERA_3', 'CAMERA_1']","{'CAMERA_1': [], 'CAMERA_2': [], 'CAMERA_3': ['long_exposure']}",C_ANYTHING_ELSE_AVAILABLE,CAMERA_3,NONE,ok do you have any other cameras,S_INTRODUCES_CAMERA,CAMERA_1,,Let me show you this. Here we have the Nikon Coolpix S2800.,39~58
614,6,CAMERA_1,"['CAMERA_3', 'CAMERA_1']","{'CAMERA_1': ['sensor_size'], 'CAMERA_2': [], 'CAMERA_3': ['long_exposure']}",C_QUESTION_ABOUT_FEATURE,CAMERA_1,sensor_size,what is the sensor size,S_NOT_SURE,CAMERA_1,,I'm not really sure about that,
614,7,CAMERA_1,"['CAMERA_3', 'CAMERA_1']","{'CAMERA_1': ['sensor_size', 'camera_type'], 'CAMERA_2': [], 'CAMERA_3': ['long_exposure']}",C_SILENT_OR_BACKCHANNEL,CAMERA_1,NONE,okay,S_INTRODUCES_FEATURE,CAMERA_1,camera_type,This is a point and shoot camera.,10~25
614,8,CAMERA_1,"['CAMERA_3', 'CAMERA_1']","{'CAMERA_1': ['sensor_size', 'camera_type', 'price'], 'CAMERA_2': [], 'CAMERA_3': ['long_exposure']}",C_QUESTION_ABOUT_FEATURE,CAMERA_1,price,how much does it cost,S_ANSWERS_QUESTION_ABOUT_FEATURE,CAMERA_1,price,This one costs $2173.,15~20
614,9,CAMERA_1,"['CAMERA_3', 'CAMERA_1']","{'CAMERA_1': ['sensor_size', 'camera_type', 'price', 'weight'], 'CAMERA_2': [], 'CAMERA_3': ['long_exposure']}",C_QUESTION_ABOUT_FEATURE,CAMERA_1,weight,how much does this one weigh,S_ANSWERS_QUESTION_ABOUT_FEATURE,CAMERA_1,weight,This one weighs 120 grams.,16~25
614,10,CAMERA_1,"['CAMERA_3', 'CAMERA_1']","{'CAMERA_1': ['sensor_size', 'camera_type', 'price', 'weight', 'settings'], 'CAMERA_2': [], 'CAMERA_3': ['long_exposure']}",C_SILENT_OR_BACKCHANNEL,CAMERA_1,NONE,alright,S_INTRODUCES_FEATURE,CAMERA_1,settings,This one has limited manual settings.,13~36
614,11,CAMERA_1,"['CAMERA_3', 'CAMERA_1']","{'CAMERA_1': ['sensor_size', 'camera_type', 'price', 'weight', 'settings', 'preset_modes'], 'CAMERA_2': [], 'CAMERA_3': ['long_exposure']}",C_SILENT_OR_BACKCHANNEL,CAMERA_1,NONE,okay,S_INTRODUCES_FEATURE,CAMERA_1,preset_modes,"This one has 18 preset modes (e.g. beach, snow, night portrait).",13~63
614,12,CAMERA_2,"['CAMERA_3', 'CAMERA_1', 'CAMERA_2']","{'CAMERA_1': ['sensor_size', 'camera_type', 'price', 'weight', 'settings', 'preset_modes'], 'CAMERA_2': [], 'CAMERA_3': ['long_exposure']}",C_ANYTHING_ELSE_AVAILABLE,CAMERA_1,NONE,ok do you have any other cameras,S_INTRODUCES_CAMERA,CAMERA_2,,Let me show you this. Here we have the Sony Alpha a6000.,39~55
614,13,CAMERA_2,"['CAMERA_3', 'CAMERA_1', 'CAMERA_2']","{'CAMERA_1': ['sensor_size', 'camera_type', 'price', 'weight', 'settings', 'preset_modes'], 'CAMERA_2': ['autofocus_points'], 'CAMERA_3': ['long_exposure']}",C_SILENT_OR_BACKCHANNEL,CAMERA_2,NONE,alright,S_INTRODUCES_FEATURE,CAMERA_2,autofocus_points,This one has 179 autofocus points.,13~33
614,14,,"['CAMERA_3', 'CAMERA_1', 'CAMERA_2']","{'CAMERA_1': ['sensor_size', 'camera_type', 'price', 'weight', 'settings', 'preset_modes'], 'CAMERA_2': ['autofocus_points'], 'CAMERA_3': ['long_exposure']}",C_ANYTHING_ELSE_AVAILABLE,CAMERA_2,NONE,ok do you have any other cameras,S_THATS_ALL_WE_HAVE_AVAILABLE,CAMERA_2,,That’s all we have available at the moment.,
614,15,NONE,"['CAMERA_3', 'CAMERA_1', 'CAMERA_2']","{'CAMERA_1': ['sensor_size', 'camera_type', 'price', 'weight', 'settings', 'preset_modes'], 'CAMERA_2': ['autofocus_points'], 'CAMERA_3': ['long_exposure']}",C_THANK_YOU,CAMERA_2,NONE,thank you for your help,S_THANK_YOU,CAMERA_2,NONE,thank you very much,
614,16,NONE,"['CAMERA_3', 'CAMERA_1', 'CAMERA_2']","{'CAMERA_1': ['sensor_size', 'camera_type', 'price', 'weight', 'settings', 'preset_modes'], 'CAMERA_2': ['autofocus_points'], 'CAMERA_3': ['long_exposure']}",C_LEAVES,DOOR,NONE,,S_RETURNS_TO_COUNTER,SERVICE_COUNTER,NONE,,
615,1,NONE,[],"{'CAMERA_1': [], 'CAMERA_2': [], 'CAMERA_3': []}",C_ENTERS,DOOR,NONE,,S_NONE,SERVICE_COUNTER,NONE,,
615,2,NONE,[],"{'CAMERA_1': [], 'CAMERA_2': [], 'CAMERA_3': []}",C_WALKS_TO_CAMERA,CAMERA_2,NONE,,S_GREETS,CAMERA_2,NONE,can I help you?,
615,3,CAMERA_2,['CAMERA_2'],"{'CAMERA_1': [], 'CAMERA_2': [], 'CAMERA_3': []}",C_LOOKING_FOR_A_CAMERA,CAMERA_2,NONE,I'm looking for a camera,S_INTRODUCES_CAMERA,CAMERA_2,,Let me show you this. Here we have the Sony Alpha a6000.,39~55
615,4,CAMERA_2,['CAMERA_2'],"{'CAMERA_1': [], 'CAMERA_2': ['effects'], 'CAMERA_3': []}",C_QUESTION_ABOUT_FEATURE,CAMERA_2,effects,does it have any effect modes,S_ANSWERS_QUESTION_ABOUT_FEATURE,CAMERA_2,effects,"This one has 13 artistic effect modes (e.g. toy camera, soft focus).",13~67
615,5,CAMERA_2,['CAMERA_2'],"{'CAMERA_1': [], 'CAMERA_2': ['effects', 'long_exposure'], 'CAMERA_3': []}",C_SILENT_OR_BACKCHANNEL,CAMERA_2,NONE,I see,S_INTRODUCES_FEATURE,CAMERA_2,long_exposure,This one can take long exposures up to up to 30 seconds.,39~55
615,6,CAMERA_2,['CAMERA_2'],"{'CAMERA_1': [], 'CAMERA_2': ['effects', 'long_exposure', 'sensor_size'], 'CAMERA_3': []}",C_QUESTION_ABOUT_FEATURE,CAMERA_2,sensor_size,what is the sensor size,S_ANSWERS_QUESTION_ABOUT_FEATURE,CAMERA_2,sensor_size,This one has a APS-C sensor (crop sensor).,15~41
615,7,CAMERA_2,['CAMERA_2'],"{'CAMERA_1': [], 'CAMERA_2': ['effects', 'long_exposure', 'sensor_size', 'ISO'], 'CAMERA_3': []}",C_SILENT_OR_BACKCHANNEL,CAMERA_2,NONE,okay,S_INTRODUCES_FEATURE,CAMERA_2,ISO,This one has up to 3200 ISO with little noise.,13~45
615,8,CAMERA_2,['CAMERA_2'],"{'CAMERA_1': [], 'CAMERA_2': ['effects', 'long_exposure', 'sensor_size', 'ISO', 'settings'], 'CAMERA_3': []}",C_QUESTION_ABOUT_FEATURE,CAMERA_2,settings,what kind of settings does it have,S_ANSWERS_QUESTION_ABOUT_FEATURE,CAMERA_2,settings,This one has full manual control.,13~32
615,9,CAMERA_2,['CAMERA_2'],"{'CAMERA_1': [], 'CAMERA_2': ['effects', 'long_exposure', 'sensor_size', 'ISO', 'settings', 'weight'], 'CAMERA_3': []}",C_QUESTION_ABOUT_FEATURE,CAMERA_2,weight,how much does this one weigh,S_ANSWERS_QUESTION_ABOUT_FEATURE,CAMERA_2,weight,This one weighs 470 grams.,16~25
615,10,NONE,['CAMERA_2'],"{'CAMERA_1': [], 'CAMERA_2': ['effects', 'long_exposure', 'sensor_size', 'ISO', 'settings', 'weight'], 'CAMERA_3': []}",C_THANK_YOU,CAMERA_2,NONE,thank you for your help,S_THANK_YOU,CAMERA_2,NONE,thank you very much,
615,11,NONE,['CAMERA_2'],"{'CAMERA_1': [], 'CAMERA_2': ['effects', 'long_exposure', 'sensor_size', 'ISO', 'settings', 'weight'], 'CAMERA_3': []}",C_LEAVES,DOOR,NONE,,S_RETURNS_TO_COUNTER,SERVICE_COUNTER,NONE,,
616,1,NONE,[],"{'CAMERA_1': [], 'CAMERA_2': [], 'CAMERA_3': []}",C_ENTERS,DOOR,NONE,,S_NONE,SERVICE_COUNTER,NONE,,
616,2,NONE,[],"{'CAMERA_1': [], 'CAMERA_2': [], 'CAMERA_3': []}",C_WALKS_TO_CAMERA,CAMERA_1,NONE,,S_GREETS,CAMERA_1,NONE,can I help you?,
616,3,CAMERA_2,['CAMERA_2'],"{'CAMERA_1': [], 'CAMERA_2': [], 'CAMERA_3': []}",C_LOOKING_FOR_A_CAMERA,CAMERA_1,NONE,I'm looking for a camera,S_INTRODUCES_CAMERA,CAMERA_2,,Let me show you this. Here we have the Sony Alpha a6000.,39~55
616,4,CAMERA_2,['CAMERA_2'],"{'CAMERA_1': [], 'CAMERA_2': ['weight'], 'CAMERA_3': []}",C_SILENT_OR_BACKCHANNEL,CAMERA_2,NONE,alright,S_INTRODUCES_FEATURE,CAMERA_2,weight,This one weighs 470 grams.,16~25
616,5,CAMERA_2,['CAMERA_2'],"{'CAMERA_1': [], 'CAMERA_2': ['weight', 'color'], 'CAMERA_3': []}",C_SILENT_OR_BACKCHANNEL,CAMERA_2,NONE,alright,S_INTRODUCES_FEATURE,CAMERA_2,color,"This one comes in white, silver, black.",18~38
616,6,CAMERA_2,['CAMERA_2'],"{'CAMERA_1': [], 'CAMERA_2': ['weight', 'color', 'camera_type'], 'CAMERA_3': []}",C_QUESTION_ABOUT_FEATURE,CAMERA_2,camera_type,what kind of camera is this,S_ANSWERS_QUESTION_ABOUT_FEATURE,CAMERA_2,camera_type,This is a mirrorless camera.,10~20
616,7,CAMERA_2,['CAMERA_2'],"{'CAMERA_1': [], 'CAMERA_2': ['weight', 'color', 'camera_type', 'settings'], 'CAMERA_3': []}",C_SILENT_OR_BACKCHANNEL,CAMERA_2,NONE,I see,S_INTRODUCES_FEATURE,CAMERA_2,settings,This one has full manual control.,13~32
616,8,CAMERA_2,['CAMERA_2'],"{'CAMERA_1': [], 'CAMERA_2': ['weight', 'color', 'camera_type', 'settings', 'effects'], 'CAMERA_3': []}",C_QUESTION_ABOUT_FEATURE,CAMERA_2,effects,does it have any effect modes,S_ANSWERS_QUESTION_ABOUT_FEATURE,CAMERA_2,effects,"This one has 13 artistic effect modes (e.g. toy camera, soft focus).",13~67
616,9,NONE,['CAMERA_2'],"{'CAMERA_1': [], 'CAMERA_2': ['weight', 'color', 'camera_type', 'settings', 'effects'], 'CAMERA_3': []}",C_THANK_YOU,CAMERA_2,NONE,thank you for your help,S_THANK_YOU,CAMERA_2,NONE,thank you very much,
616,10,NONE,['CAMERA_2'],"{'CAMERA_1': [], 'CAMERA_2': ['weight', 'color', 'camera_type', 'settings', 'effects'], 'CAMERA_3': []}",C_LEAVES,DOOR,NONE,,S_RETURNS_TO_COUNTER,SERVICE_COUNTER,NONE,,
617,1,NONE,[],"{'CAMERA_1': [], 'CAMERA_2': [], 'CAMERA_3': []}",C_ENTERS,DOOR,NONE,,S_NONE,SERVICE_COUNTER,NONE,,
617,2,NONE,[],"{'CAMERA_1': [], 'CAMERA_2': [], 'CAMERA_3': []}",C_WALKS_TO_CAMERA,CAMERA_2,NONE,,S_NONE,SERVICE_COUNTER,NONE,,
617,3,NONE,[],"{'CAMERA_1': [], 'CAMERA_2': [], 'CAMERA_3': []}",C_EXAMINES_CAMERA,CAMERA_2,NONE,,S_GREETS,CAMERA_2,NONE,can I help you?,
617,4,CAMERA_2,['CAMERA_2'],"{'CAMERA_1': [], 'CAMERA_2': [], 'CAMERA_3': []}",C_LOOKING_FOR_A_CAMERA,CAMERA_2,NONE,I'm looking for a camera,S_INTRODUCES_CAMERA,CAMERA_2,,Let me show you this. Here we have the Sony Alpha a6000.,39~55
617,5,CAMERA_2,['CAMERA_2'],"{'CAMERA_1': [], 'CAMERA_2': ['autofocus_points'], 'CAMERA_3': []}",C_QUESTION_ABOUT_FEATURE,CAMERA_2,autofocus_points,how many autofocus points does it have,S_ANSWERS_QUESTION_ABOUT_FEATURE,CAMERA_2,autofocus_points,This one has 179 autofocus points.,13~33
617,6,CAMERA_2,['CAMERA_2'],"{'CAMERA_1': [], 'CAMERA_2': ['autofocus_points', 'sensor_size'], 'CAMERA_3': []}",C_SILENT_OR_BACKCHANNEL,CAMERA_2,NONE,alright,S_INTRODUCES_FEATURE,CAMERA_2,sensor_size,This one has a APS-C sensor (crop sensor).,15~41
617,7,CAMERA_3,"['CAMERA_2', 'CAMERA_3']","{'CAMERA_1': [], 'CAMERA_2': ['autofocus_points', 'sensor_size'], 'CAMERA_3': []}",C_ANYTHING_ELSE_AVAILABLE,CAMERA_2,NONE,ok do you have any other cameras,S_INTRODUCES_CAMERA,CAMERA_3,,Let me show you this. Here we have the Canon EOS 5D Mark III.,39~60
617,8,CAMERA_3,"['CAMERA_2', 'CAMERA_3']","{'CAMERA_1': [], 'CAMERA_2': ['autofocus_points', 'sensor_size'], 'CAMERA_3': ['sensor_size']}",C_QUESTION_ABOUT_FEATURE,CAMERA_3,sensor_size,what is the sensor size,S_ANSWERS_QUESTION_ABOUT_FEATURE,CAMERA_3,sensor_size,This one has a full frame.,15~25
617,9,CAMERA_3,"['CAMERA_2', 'CAMERA_3']","{'CAMERA_1': [], 'CAMERA_2': ['autofocus_points', 'sensor_size'], 'CAMERA_3': ['sensor_size', 'weight']}",C_QUESTION_ABOUT_FEATURE,CAMERA_3,weight,how much does this one weigh,S_ANSWERS_QUESTION_ABOUT_FEATURE,CAMERA_3,weight,This one weighs 950 grams (only body).,16~37
617,10,CAMERA_3,"['CAMERA_2', 'CAMERA_3']","{'CAMERA_1': [], 'CAMERA_2': ['autofocus_points', 'sensor_size'], 'CAMERA_3': ['sensor_size', 'weight', 'ISO']}",C_SILENT_OR_BACKCHANNEL,CAMERA_3,NONE,I see,S_INTRODUCES_FEATURE,CAMERA_3,ISO,This one has up to 6400 ISO with little noise.,13~45
617,11,CAMERA_3,"['CAMERA_2', 'CAMERA_3']","{'CAMERA_1': [], 'CAMERA_2': ['autofocus_points', 'sensor_size'], 'CAMERA_3': ['sensor_size', 'weight', 'ISO', 'settings']}",C_SILENT_OR_BACKCHANNEL,CAMERA_3,NONE,okay,S_INTRODUCES_FEATURE,CAMERA_3,settings,This one has full manual control.,13~32
617,12,CAMERA_3,"['CAMERA_2', 'CAMERA_3']","{'CAMERA_1': [], 'CAMERA_2': ['autofocus_points', 'sensor_size'], 'CAMERA_3': ['sensor_size', 'weight', 'ISO', 'settings', 'color']}",C_SILENT_OR_BACKCHANNEL,CAMERA_3,NONE,alright,S_INTRODUCES_FEATURE,CAMERA_3,color,This one comes in black.,18~23
617,13,CAMERA_3,"['CAMERA_2', 'CAMERA_3']","{'CAMERA_1': [], 'CAMERA_2': ['autofocus_points', 'sensor_size'], 'CAMERA_3': ['sensor_size', 'weight', 'ISO', 'settings', 'color', 'price']}",C_QUESTION_ABOUT_FEATURE,CAMERA_3,price,how much does it cost,S_ANSWERS_QUESTION_ABOUT_FEATURE,CAMERA_3,price,This one costs $3706.,15~20
617,14,CAMERA_3,"['CAMERA_2', 'CAMERA_3']","{'CAMERA_1': [], 'CAMERA_2': ['autofocus_points', 'sensor_size'], 'CAMERA_3': ['sensor_size', 'weight', 'ISO', 'settings', 'color', 'price', 'camera_type']}",C_SILENT_OR_BACKCHANNEL,CAMERA_3,NONE,I see,S_INTRODUCES_FEATURE,CAMERA_3,camera_type,This is a DSLR camera.,10~14
617,15,CAMERA_3,"['CAMERA_2', 'CAMERA_3']","{'CAMERA_1': [], 'CAMERA_2': ['autofocus_points', 'sensor_size'], 'CAMERA_3': ['sensor_size', 'weight', 'ISO', 'settings', 'color', 'price', 'camera_type', 'autofocus_points']}",C_SILENT_OR_BACKCHANNEL,CAMERA_3,NONE,alright,S_INTRODUCES_FEATURE,CAMERA_3,autofocus_points,This one has 61 autofocus points.,13~32
617,16,NONE,"['CAMERA_2', 'CAMERA_3']","{'CAMERA_1': [], 'CAMERA_2': ['autofocus_points', 'sensor_size'], 'CAMERA_3': ['sensor_size', 'weight', 'ISO', 'settings', 'color', 'price', 'camera_type', 'autofocus_points']}",C_THANK_YOU,CAMERA_3,NONE,thank you for your help,S_THANK_YOU,CAMERA_3,NONE,thank you very much,
617,17,NONE,"['CAMERA_2', 'CAMERA_3']","{'CAMERA_1': [], 'CAMERA_2': ['autofocus_points', 'sensor_size'], 'CAMERA_3': ['sensor_size', 'weight', 'ISO', 'settings', 'color', 'price', 'camera_type', 'autofocus_points']}",C_LEAVES,DOOR,NONE,,S_RETURNS_TO_COUNTER,SERVICE_COUNTER,NONE,,
618,1,NONE,[],"{'CAMERA_1': [], 'CAMERA_2': [], 'CAMERA_3': []}",C_ENTERS,DOOR,NONE,,S_NONE,SERVICE_COUNTER,NONE,,
618,2,NONE,[],"{'CAMERA_1': [], 'CAMERA_2': [], 'CAMERA_3': []}",C_WALKS_TO_CAMERA,CAMERA_3,NONE,,S_NONE,SERVICE_COUNTER,NONE,,
618,3,NONE,[],"{'CAMERA_1': [], 'CAMERA_2': [], 'CAMERA_3': []}",C_EXAMINES_CAMERA,CAMERA_3,NONE,,S_GREETS,CAMERA_3,NONE,can I help you?,
618,4,CAMERA_3,['CAMERA_3'],"{'CAMERA_1': [], 'CAMERA_2': [], 'CAMERA_3': []}",C_LOOKING_FOR_A_CAMERA,CAMERA_3,NONE,I'm looking for a camera,S_INTRODUCES_CAMERA,CAMERA_3,,Let me show you this. Here we have the Canon EOS 5D Mark III.,39~60
618,5,CAMERA_3,['CAMERA_3'],"{'CAMERA_1': [], 'CAMERA_2': [], 'CAMERA_3': ['sensor_size']}",C_QUESTION_ABOUT_FEATURE,CAMERA_3,sensor_size,what is the sensor size,S_ANSWERS_QUESTION_ABOUT_FEATURE,CAMERA_3,sensor_size,This one has a full frame.,15~25
618,6,CAMERA_3,['CAMERA_3'],"{'CAMERA_1': [], 'CAMERA_2': [], 'CAMERA_3': ['sensor_size', 'preset_modes']}",C_QUESTION_ABOUT_FEATURE,CAMERA_3,preset_modes,does it have preset modes,S_NOT_SURE,CAMERA_3,,I'm not really sure about that,
618,7,CAMERA_3,['CAMERA_3'],"{'CAMERA_1': [], 'CAMERA_2': [], 'CAMERA_3': ['sensor_size', 'preset_modes', 'price']}",C_QUESTION_ABOUT_FEATURE,CAMERA_3,price,how much does it cost,S_ANSWERS_QUESTION_ABOUT_FEATURE,CAMERA_3,price,This one costs $3706.,15~20
618,8,CAMERA_3,['CAMERA_3'],"{'CAMERA_1': [], 'CAMERA_2': [], 'CAMERA_3': ['sensor_size', 'preset_modes', 'price', 'color']}",C_QUESTION_ABOUT_FEATURE,CAMERA_3,color,what colors does this one come in,S_ANSWERS_QUESTION_ABOUT_FEATURE,CAMERA_3,color,This one comes in black.,18~23
618,9,CAMERA_2,"['CAMERA_3', 'CAMERA_2']","{'CAMERA_1': [], 'CAMERA_2': [], 'CAMERA_3': ['sensor_size', 'preset_modes', 'price', 'color']}",C_ANYTHING_ELSE_AVAILABLE,CAMERA_3,NONE,ok do you have any other cameras,S_INTRODUCES_CAMERA,CAMERA_2,,Let me show you this. Here we have the Sony Alpha a6000.,39~55
618,10,CAMERA_2,"['CAMERA_3', 'CAMERA_2']","{'CAMERA_1': [], 'CAMERA_2': ['price'], 'CAMERA_3': ['sensor_size', 'preset_modes', 'price', 'color']}",C_QUESTION_ABOUT_FEATURE,CAMERA_2,price,how much does it cost,S_ANSWERS_QUESTION_ABOUT_FEATURE,CAMERA_2,price,This one costs $1341.,15~20
618,11,CAMERA_2,"['CAMERA_3', 'CAMERA_2']","{'CAMERA_1': [], 'CAMERA_2': ['price', 'weight'], 'CAMERA_3': ['sensor_size', 'preset_modes', 'price', 'color']}",C_QUESTION_ABOUT_FEATURE,CAMERA_2,weight,how much does this one weigh,S_ANSWERS_QUESTION_ABOUT_FEATURE,CAMERA_2,weight,This one weighs 470 grams.,16~25
618,12,CAMERA_2,"['CAMERA_3', 'CAMERA_2']","{'CAMERA_1': [], 'CAMERA_2': ['price', 'weight', 'long_exposure'], 'CAMERA_3': ['sensor_size', 'preset_modes', 'price', 'color']}",C_QUESTION_ABOUT_FEATURE,CAMERA_2,long_exposure,can it take long exposure shots,S_ANSWERS_QUESTION_ABOUT_FEATURE,CAMERA_2,long_exposure,This one can take long exposures up to up to 30 seconds.,39~55
618,13,CAMERA_2,"['CAMERA_3', 'CAMERA_2']","{'CAMERA_1': [], 'CAMERA_2': ['price', 'weight', 'long_exposure', 'sensor_size'], 'CAMERA_3': ['sensor_size', 'preset_modes', 'price', 'color']}",C_SILENT_OR_BACKCHANNEL,CAMERA_2,NONE,I see,S_INTRODUCES_FEATURE,CAMERA_2,sensor_size,This one has a APS-C sensor (crop sensor).,15~41
618,14,CAMERA_2,"['CAMERA_3', 'CAMERA_2']","{'CAMERA_1': [], 'CAMERA_2': ['price', 'weight', 'long_exposure', 'sensor_size', 'ISO'], 'CAMERA_3': ['sensor_size', 'preset_modes', 'price', 'color']}",C_SILENT_OR_BACKCHANNEL,CAMERA_2,NONE,okay,S_INTRODUCES_FEATURE,CAMERA_2,ISO,This one has up to 3200 ISO with little noise.,13~45
618,15,NONE,"['CAMERA_3', 'CAMERA_2']","{'CAMERA_1': [], 'CAMERA_2': ['price', 'weight', 'long_exposure', 'sensor_size', 'ISO'], 'CAMERA_3': ['sensor_size', 'preset_modes', 'price', 'color']}",C_THANK_YOU,CAMERA_2,NONE,thank you for your help,S_THANK_YOU,CAMERA_2,NONE,thank you very much,
618,16,NONE,"['CAMERA_3', 'CAMERA_2']","{'CAMERA_1': [], 'CAMERA_2': ['price', 'weight', 'long_exposure', 'sensor_size', 'ISO'], 'CAMERA_3': ['sensor_size', 'preset_modes', 'price', 'color']}",C_LEAVES,DOOR,NONE,,S_RETURNS_TO_COUNTER,SERVICE_COUNTER,NONE,,
619,1,NONE,[],"{'CAMERA_1': [], 'CAMERA_2': [], 'CAMERA_3': []}",C_ENTERS,DOOR,NONE,,S_NONE,SERVICE_COUNTER,NONE,,
619,2,NONE,[],"{'CAMERA_1': [], 'CAMERA_2': [], 'CAMERA_3': []}",C_GREETS,MIDDLE,NONE,hello,S_GREETS,MIDDLE,NONE,can I help you?,
619,3,CAMERA_3,['CAMERA_3'],"{'CAMERA_1': [], 'CAMERA_2': [], 'CAMERA_3': []}",C_LOOKING_FOR_A_CAMERA,MIDDLE,NONE,I'm looking for a camera,S_INTRODUCES_CAMERA,CAMERA_3,,Let me show you this. Here we have the Canon EOS 5D Mark III.,39~60
619,4,CAMERA_3,['CAMERA_3'],"{'CAMERA_1': [], 'CAMERA_2': [], 'CAMERA_3': ['sensor_size']}",C_QUESTION_ABOUT_FEATURE,CAMERA_3,sensor_size,what is the sensor size,S_ANSWERS_QUESTION_ABOUT_FEATURE,CAMERA_3,sensor_size,This one has a full frame.,15~25
619,5,CAMERA_3,['CAMERA_3'],"{'CAMERA_1': [], 'CAMERA_2': [], 'CAMERA_3': ['sensor_size', 'price']}",C_QUESTION_ABOUT_FEATURE,CAMERA_3,price,how much does it cost,S_ANSWERS_QUESTION_ABOUT_FEATURE,CAMERA_3,price,This one costs $3706.,15~20
619,6,CAMERA_2,"['CAMERA_3', 'CAMERA_2']","{'CAMERA_1': [], 'CAMERA_2': [], 'CAMERA_3': ['sensor_size', 'price']}",C_ANYTHING_ELSE_AVAILABLE,CAMERA_3,NONE,ok do you have any other cameras,S_INTRODUCES_CAMERA,CAMERA_2,,Let me show you this. Here we have the Sony Alpha a6000.,39~55
619,7,CAMERA_2,"['CAMERA_3', 'CAMERA_2']","{'CAMERA_1': [], 'CAMERA_2': ['preset_modes'], 'CAMERA_3': ['sensor_size', 'price']}",C_QUESTION_ABOUT_FEATURE,CAMERA_2,preset_modes,does it have preset modes,S_ANSWERS_QUESTION_ABOUT_FEATURE,CAMERA_2,preset_modes,"This one has 9 preset modes (e.g. beach, snow, night, portrait).",13~63
619,8,CAMERA_2,"['CAMERA_3', 'CAMERA_2']","{'CAMERA_1': [], 'CAMERA_2': ['preset_modes', 'ISO'], 'CAMERA_3': ['sensor_size', 'price']}",C_SILENT_OR_BACKCHANNEL,CAMERA_2,NONE,okay,S_INTRODUCES_FEATURE,CAMERA_2,ISO,This one has up to 3200 ISO with little noise.,13~45
619,9,CAMERA_2,"['CAMERA_3', 'CAMERA_2']","{'CAMERA_1': [], 'CAMERA_2': ['preset_modes', 'ISO', 'sensor_size'], 'CAMERA_3': ['sensor_size', 'price']}",C_SILENT_OR_BACKCHANNEL,CAMERA_2,NONE,I see,S_INTRODUCES_FEATURE,CAMERA_2,sensor_size,This one has a APS-C sensor (crop sensor).,15~41
619,10,CAMERA_2,"['CAMERA_3', 'CAMERA_2']","{'CAMERA_1': [], 'CAMERA_2': ['preset_modes', 'ISO', 'sensor_size', 'color'], 'CAMERA_3': ['sensor_size', 'price']}",C_QUESTION_ABOUT_FEATURE,CAMERA_2,color,what colors does this one come in,S_ANSWERS_QUESTION_ABOUT_FEATURE,CAMERA_2,color,"This one comes in white, silver, black.",18~38
619,11,CAMERA_2,"['CAMERA_3', 'CAMERA_2']","{'CAMERA_1': [], 'CAMERA_2': ['preset_modes', 'ISO', 'sensor_size', 'color', 'long_exposure'], 'CAMERA_3': ['sensor_size', 'price']}",C_SILENT_OR_BACKCHANNEL,CAMERA_2,NONE,okay,S_INTRODUCES_FEATURE,CAMERA_2,long_exposure,This one can take long exposures up to up to 30 seconds.,39~55
619,12,CAMERA_2,"['CAMERA_3', 'CAMERA_2']","{'CAMERA_1': [], 'CAMERA_2': ['preset_modes', 'ISO', 'sensor_size', 'color', 'long_exposure', 'weight'], 'CAMERA_3': ['sensor_size', 'price']}",C_SILENT_OR_BACKCHANNEL,CAMERA_2,NONE,I see,S_INTRODUCES_FEATURE,CAMERA_2,weight,This one weighs 470 grams.,16~25
619,13,CAMERA_2,"['CAMERA_3', 'CAMERA_2']","{'CAMERA_1': [], 'CAMERA_2': ['preset_modes', 'ISO', 'sensor_size', 'color', 'long_exposure', 'weight', 'camera_type'], 'CAMERA_3': ['sensor_size', 'price']}",C_QUESTION_ABOUT_FEATURE,CAMERA_2,camera_type,what kind of camera is this,S_ANSWERS_QUESTION_ABOUT_FEATURE,CAMERA_2,camera_type,This is a mirrorless camera.,10~20
619,14,NONE,"['CAMERA_3', 'CAMERA_2']","{'CAMERA_1': [], 'CAMERA_2': ['preset_modes', 'ISO', 'sensor_size', 'color', 'long_exposure', 'weight', 'camera_type'], 'CAMERA_3': ['sensor_size', 'price']}",C_THANK_YOU,CAMERA_2,NONE,thank you for your help,S_THANK_YOU,CAMERA_2,NONE,thank you very much,
619,15,NONE,"['CAMERA_3', 'CAMERA_2']","{'CAMERA_1': [], 'CAMERA_2': ['preset_modes', 'ISO', 'sensor_size', 'color', 'long_exposure', 'weight', 'camera_type'], 'CAMERA_3': ['sensor_size', 'price']}",C_LEAVES,DOOR,NONE,,S_RETURNS_TO_COUNTER,SERVICE_COUNTER,NONE,,
620,1,NONE,[],"{'CAMERA_1': [], 'CAMERA_2': [], 'CAMERA_3': []}",C_ENTERS,DOOR,NONE,,S_NONE,SERVICE_COUNTER,NONE,,
620,2,NONE,[],"{'CAMERA_1': [], 'CAMERA_2': [], 'CAMERA_3': []}",C_GREETS,MIDDLE,NONE,hello,S_GREETS,MIDDLE,NONE,can I help you?,
620,3,CAMERA_3,['CAMERA_3'],"{'CAMERA_1': [], 'CAMERA_2': [], 'CAMERA_3': []}",C_LOOKING_FOR_A_CAMERA,MIDDLE,NONE,I'm looking for a camera,S_INTRODUCES_CAMERA,CAMERA_3,,Let me show you this. Here we have the Canon EOS 5D Mark III.,39~60
620,4,CAMERA_3,['CAMERA_3'],"{'CAMERA_1': [], 'CAMERA_2': [], 'CAMERA_3': ['long_exposure']}",C_QUESTION_ABOUT_FEATURE,CAMERA_3,long_exposure,can it take long exposure shots,S_ANSWERS_QUESTION_ABOUT_FEATURE,CAMERA_3,long_exposure,"This one can take long exposures up to up to 30 seconds, bulb mode: expose as long as you want.",39~94
620,5,CAMERA_3,['CAMERA_3'],"{'CAMERA_1': [], 'CAMERA_2': [], 'CAMERA_3': ['long_exposure', 'ISO']}",C_QUESTION_ABOUT_FEATURE,CAMERA_3,ISO,what is the ISO,S_ANSWERS_QUESTION_ABOUT_FEATURE,CAMERA_3,ISO,This one has up to 6400 ISO with little noise.,13~45
620,6,NONE,['CAMERA_3'],"{'CAMERA_1': [], 'CAMERA_2': [], 'CAMERA_3': ['long_exposure', 'ISO']}",C_THANK_YOU,CAMERA_3,NONE,thank you for your help,S_THANK_YOU,CAMERA_3,NONE,thank you very much,
620,7,NONE,['CAMERA_3'],"{'CAMERA_1': [], 'CAMERA_2': [], 'CAMERA_3': ['long_exposure', 'ISO']}",C_LEAVES,DOOR,NONE,,S_RETURNS_TO_COUNTER,SERVICE_COUNTER,NONE,,
621,1,NONE,[],"{'CAMERA_1': [], 'CAMERA_2': [], 'CAMERA_3': []}",C_ENTERS,DOOR,NONE,,S_NONE,SERVICE_COUNTER,NONE,,
621,2,NONE,[],"{'CAMERA_1': [], 'CAMERA_2': [], 'CAMERA_3': []}",C_GREETS,MIDDLE,NONE,hello,S_GREETS,MIDDLE,NONE,can I help you?,
621,3,CAMERA_2,['CAMERA_2'],"{'CAMERA_1': [], 'CAMERA_2': [], 'CAMERA_3': []}",C_LOOKING_FOR_A_CAMERA,MIDDLE,NONE,I'm looking for a camera,S_INTRODUCES_CAMERA,CAMERA_2,,Let me show you this. Here we have the Sony Alpha a6000.,39~55
621,4,CAMERA_2,['CAMERA_2'],"{'CAMERA_1': [], 'CAMERA_2': ['preset_modes'], 'CAMERA_3': []}",C_SILENT_OR_BACKCHANNEL,CAMERA_2,NONE,okay,S_INTRODUCES_FEATURE,CAMERA_2,preset_modes,"This one has 9 preset modes (e.g. beach, snow, night, portrait).",13~63
621,5,CAMERA_3,"['CAMERA_2', 'CAMERA_3']","{'CAMERA_1': [], 'CAMERA_2': ['preset_modes'], 'CAMERA_3': []}",C_ANYTHING_ELSE_AVAILABLE,CAMERA_2,NONE,ok do you have any other cameras,S_INTRODUCES_CAMERA,CAMERA_3,,Let me show you this. Here we have the Canon EOS 5D Mark III.,39~60
621,6,CAMERA_3,"['CAMERA_2', 'CAMERA_3']","{'CAMERA_1': [], 'CAMERA_2': ['preset_modes'], 'CAMERA_3': ['color']}",C_QUESTION_ABOUT_FEATURE,CAMERA_3,color,what colors does this one come in,S_ANSWERS_QUESTION_ABOUT_FEATURE,CAMERA_3,color,This one comes in black.,18~23
621,7,CAMERA_3,"['CAMERA_2', 'CAMERA_3']","{'CAMERA_1': [], 'CAMERA_2': ['preset_modes'], 'CAMERA_3': ['color', 'settings']}",C_SILENT_OR_BACKCHANNEL,CAMERA_3,NONE,I see,S_INTRODUCES_FEATURE,CAMERA_3,settings,This one has full manual control.,13~32
621,8,CAMERA_3,"['CAMERA_2', 'CAMERA_3']","{'CAMERA_1': [], 'CAMERA_2': ['preset_modes'], 'CAMERA_3': ['color', 'settings', 'ISO']}",C_SILENT_OR_BACKCHANNEL,CAMERA_3,NONE,alright,S_INTRODUCES_FEATURE,CAMERA_3,ISO,This one has up to 6400 ISO with little noise.,13~45
621,9,CAMERA_3,"['CAMERA_2', 'CAMERA_3']","{'CAMERA_1': [], 'CAMERA_2': ['preset_modes'], 'CAMERA_3': ['color', 'settings', 'ISO', 'camera_type']}",C_QUESTION_ABOUT_FEATURE,CAMERA_3,camera_type,what kind of camera is this,S_ANSWERS_QUESTION_ABOUT_FEATURE,CAMERA_3,camera_type,This is a DSLR camera.,10~14
621,10,NONE,"['CAMERA_2', 'CAMERA_3']","{'CAMERA_1': [], 'CAMERA_2': ['preset_modes'], 'CAMERA_3': ['color', 'settings', 'ISO', 'camera_type']}",C_THANK_YOU,CAMERA_3,NONE,thank you for your help,S_THANK_YOU,CAMERA_3,NONE,thank you very much,
621,11,NONE,"['CAMERA_2', 'CAMERA_3']","{'CAMERA_1': [], 'CAMERA_2': ['preset_modes'], 'CAMERA_3': ['color', 'settings', 'ISO', 'camera_type']}",C_LEAVES,DOOR,NONE,,S_RETURNS_TO_COUNTER,SERVICE_COUNTER,NONE,,
622,1,NONE,[],"{'CAMERA_1': [], 'CAMERA_2': [], 'CAMERA_3': []}",C_ENTERS,DOOR,NONE,,S_NONE,SERVICE_COUNTER,NONE,,
622,2,NONE,[],"{'CAMERA_1': [], 'CAMERA_2': [], 'CAMERA_3': []}",C_GREETS,MIDDLE,NONE,hello,S_GREETS,MIDDLE,NONE,can I help you?,
622,3,CAMERA_3,['CAMERA_3'],"{'CAMERA_1': [], 'CAMERA_2': [], 'CAMERA_3': []}",C_LOOKING_FOR_A_CAMERA,MIDDLE,NONE,I'm looking for a camera,S_INTRODUCES_CAMERA,CAMERA_3,,Let me show you this. Here we have the Canon EOS 5D Mark III.,39~60
622,4,CAMERA_3,['CAMERA_3'],"{'CAMERA_1': [], 'CAMERA_2': [], 'CAMERA_3': ['weight']}",C_QUESTION_ABOUT_FEATURE,CAMERA_3,weight,how much does this one weigh,S_ANSWERS_QUESTION_ABOUT_FEATURE,CAMERA_3,weight,This one weighs 950 grams (only body).,16~37
622,5,CAMERA_3,['CAMERA_3'],"{'CAMERA_1': [], 'CAMERA_2': [], 'CAMERA_3': ['weight', 'autofocus_points']}",C_QUESTION_ABOUT_FEATURE,CAMERA_3,autofocus_points,how many autofocus points does it have,S_ANSWERS_QUESTION_ABOUT_FEATURE,CAMERA_3,autofocus_points,This one has 61 autofocus points.,13~32
622,6,CAMERA_3,['CAMERA_3'],"{'CAMERA_1': [], 'CAMERA_2': [], 'CAMERA_3': ['weight', 'autofocus_points', 'camera_type']}",C_QUESTION_ABOUT_FEATURE,CAMERA_3,camera_type,what kind of camera is this,S_ANSWERS_QUESTION_ABOUT_FEATURE,CAMERA_3,camera_type,This is a DSLR camera.,10~14
622,7,CAMERA_1,"['CAMERA_3', 'CAMERA_1']","{'CAMERA_1': [], 'CAMERA_2': [], 'CAMERA_3': ['weight', 'autofocus_points', 'camera_type']}",C_ANYTHING_ELSE_AVAILABLE,CAMERA_3,NONE,ok do you have any other cameras,S_INTRODUCES_CAMERA,CAMERA_1,,Let me show you this. Here we have the Nikon Coolpix S2800.,39~58
622,8,CAMERA_1,"['CAMERA_3', 'CAMERA_1']","{'CAMERA_1': ['effects'], 'CAMERA_2': [], 'CAMERA_3': ['weight', 'autofocus_points', 'camera_type']}",C_QUESTION_ABOUT_FEATURE,CAMERA_1,effects,does it have any effect modes,S_ANSWERS_QUESTION_ABOUT_FEATURE,CAMERA_1,effects,"This one has 12 glamor retouch effects (e.g. skin softening, small face, big eyes).",13~82
622,9,CAMERA_1,"['CAMERA_3', 'CAMERA_1']","{'CAMERA_1': ['effects', 'price'], 'CAMERA_2': [], 'CAMERA_3': ['weight', 'autofocus_points', 'camera_type']}",C_SILENT_OR_BACKCHANNEL,CAMERA_1,NONE,okay,S_INTRODUCES_FEATURE,CAMERA_1,price,This one costs $2173.,15~20
622,10,CAMERA_1,"['CAMERA_3', 'CAMERA_1']","{'CAMERA_1': ['effects', 'price', 'preset_modes'], 'CAMERA_2': [], 'CAMERA_3': ['weight', 'autofocus_points', 'camera_type']}",C_QUESTION_ABOUT_FEATURE,CAMERA_1,preset_modes,does it have preset modes,S_ANSWERS_QUESTION_ABOUT_FEATURE,CAMERA_1,preset_modes,"This one has 18 preset modes (e.g. beach, snow, night portrait).",13~63
622,11,CAMERA_1,"['CAMERA_3', 'CAMERA_1']","{'CAMERA_1': ['effects', 'price', 'preset_modes', 'weight'], 'CAMERA_2': [], 'CAMERA_3': ['weight', 'autofocus_points', 'camera_type']}",C_SILENT_OR_BACKCHANNEL,CAMERA_1,NONE,okay,S_INTRODUCES_FEATURE,CAMERA_1,weight,This one weighs 120 grams.,16~25
622,12,CAMERA_1,"['CAMERA_3', 'CAMERA_1']","{'CAMERA_1': ['effects', 'price', 'preset_modes', 'weight', 'sensor_size'], 'CAMERA_2': [], 'CAMERA_3': ['weight', 'autofocus_points', 'camera_type']}",C_QUESTION_ABOUT_FEATURE,CAMERA_1,sensor_size,what is the sensor size,S_NOT_SURE,CAMERA_1,,I'm not really sure about that,
622,13,CAMERA_1,"['CAMERA_3', 'CAMERA_1']","{'CAMERA_1': ['effects', 'price', 'preset_modes', 'weight', 'sensor_size', 'settings'], 'CAMERA_2': [], 'CAMERA_3': ['weight', 'autofocus_points', 'camera_type']}",C_SILENT_OR_BACKCHANNEL,CAMERA_1,NONE,alright,S_INTRODUCES_FEATURE,CAMERA_1,settings,This one has limited manual settings.,13~36
622,14,CAMERA_1,"['CAMERA_3', 'CAMERA_1']","{'CAMERA_1': ['effects', 'price', 'preset_modes', 'weight', 'sensor_size', 'settings', 'camera_type'], 'CAMERA_2': [], 'CAMERA_3': ['weight', 'autofocus_points', 'camera_type']}",C_SILENT_OR_BACKCHANNEL,CAMERA_1,NONE,I see,S_INTRODUCES_FEATURE,CAMERA_1,camera_type,This is a point and shoot camera.,10~25
622,15,NONE,"['CAMERA_3', 'CAMERA_1']","{'CAMERA_1': ['effects', 'price', 'preset_modes', 'weight', 'sensor_size', 'settings', 'camera_type'], 'CAMERA_2': [], 'CAMERA_3': ['weight', 'autofocus_points', 'camera_type']}",C_THANK_YOU,CAMERA_1,NONE,thank you for your help,S_THANK_YOU,CAMERA_1,NONE,thank you very much,
622,16,NONE,"['CAMERA_3', 'CAMERA_1']","{'CAMERA_1': ['effects', 'price', 'preset_modes', 'weight', 'sensor_size', 'settings', 'camera_type'], 'CAMERA_2': [], 'CAMERA_3': ['weight', 'autofocus_points', 'camera_type']}",C_LEAVES,DOOR,NONE,,S_RETURNS_TO_COUNTER,SERVICE_COUNTER,NONE,,
623,1,NONE,[],"{'CAMERA_1': [], 'CAMERA_2': [], 'CAMERA_3': []}",C_ENTERS,DOOR,NONE,,S_NONE,SERVICE_COUNTER,NONE,,
623,2,NONE,[],"{'CAMERA_1': [], 'CAMERA_2': [], 'CAMERA_3': []}",C_GREETS,MIDDLE,NONE,hello,S_GREETS,MIDDLE,NONE,can I help you?,
623,3,CAMERA_1,['CAMERA_1'],"{'CAMERA_1': [], 'CAMERA_2': [], 'CAMERA_3': []}",C_LOOKING_FOR_A_CAMERA,MIDDLE,NONE,I'm looking for a camera,S_INTRODUCES_CAMERA,CAMERA_1,,Let me show you this. Here we have the Nikon Coolpix S2800.,39~58
623,4,CAMERA_1,['CAMERA_1'],"{'CAMERA_1': ['resolution'], 'CAMERA_2': [], 'CAMERA_3': []}",C_QUESTION_ABOUT_FEATURE,CAMERA_1,resolution,what is the resolution,S_ANSWERS_QUESTION_ABOUT_FEATURE,CAMERA_1,resolution,This one has 20.1 megapixels resolution.,13~28
623,5,CAMERA_1,['CAMERA_1'],"{'CAMERA_1': ['resolution', 'color'], 'CAMERA_2': [], 'CAMERA_3': []}",C_SILENT_OR_BACKCHANNEL,CAMERA_1,NONE,okay,S_INTRODUCES_FEATURE,CAMERA_1,color,"This one comes in purple, pink, black, silver, red.",18~50
623,6,CAMERA_2,"['CAMERA_1', 'CAMERA_2']","{'CAMERA_1': ['resolution', 'color'], 'CAMERA_2': [], 'CAMERA_3': []}",C_ANYTHING_ELSE_AVAILABLE,CAMERA_1,NONE,ok do you have any other cameras,S_INTRODUCES_CAMERA,CAMERA_2,,Let me show you this. Here we have the Sony Alpha a6000.,39~55
623,7,CAMERA_2,"['CAMERA_1', 'CAMERA_2']","{'CAMERA_1': ['resolution', 'color'], 'CAMERA_2': ['optical_zoom'], 'CAMERA_3': []}",C_QUESTION_ABOUT_FEATURE,CAMERA_2,optical_zoom,does it have optical zoom,S_NOT_SURE,CAMERA_2,,I'm not really sure about that,
623,8,CAMERA_2,"['CAMERA_1', 'CAMERA_2']","{'CAMERA_1': ['resolution', 'color'], 'CAMERA_2': ['optical_zoom', 'ISO'], 'CAMERA_3': []}",C_QUESTION_ABOUT_FEATURE,CAMERA_2,ISO,what is the ISO,S_ANSWERS_QUESTION_ABOUT_FEATURE,CAMERA_2,ISO,This one has up to 3200 ISO with little noise.,13~45
623,9,CAMERA_2,"['CAMERA_1', 'CAMERA_2']","{'CAMERA_1': ['resolution', 'color'], 'CAMERA_2': ['optical_zoom', 'ISO', 'preset_modes'], 'CAMERA_3': []}",C_SILENT_OR_BACKCHANNEL,CAMERA_2,NONE,okay,S_INTRODUCES_FEATURE,CAMERA_2,preset_modes,"This one has 9 preset modes (e.g. beach, snow, night, portrait).",13~63
623,10,CAMERA_2,"['CAMERA_1', 'CAMERA_2']","{'CAMERA_1': ['resolution', 'color'], 'CAMERA_2': ['optical_zoom', 'ISO', 'preset_modes', 'settings'], 'CAMERA_3': []}",C_QUESTION_ABOUT_FEATURE,CAMERA_2,settings,what kind of settings does it have,S_ANSWERS_QUESTION_ABOUT_FEATURE,CAMERA_2,settings,This one has full manual control.,13~32
623,11,CAMERA_2,"['CAMERA_1', 'CAMERA_2']","{'CAMERA_1': ['resolution', 'color'], 'CAMERA_2': ['optical_zoom', 'ISO', 'preset_modes', 'settings', 'sensor_size'], 'CAMERA_3': []}",C_QUESTION_ABOUT_FEATURE,CAMERA_2,sensor_size,what is the sensor size,S_ANSWERS_QUESTION_ABOUT_FEATURE,CAMERA_2,sensor_size,This one has a APS-C sensor (crop sensor).,15~41
623,12,CAMERA_2,"['CAMERA_1', 'CAMERA_2']","{'CAMERA_1': ['resolution', 'color'], 'CAMERA_2': ['optical_zoom', 'ISO', 'preset_modes', 'settings', 'sensor_size', 'long_exposure'], 'CAMERA_3': []}",C_QUESTION_ABOUT_FEATURE,CAMERA_2,long_exposure,can it take long exposure shots,S_ANSWERS_QUESTION_ABOUT_FEATURE,CAMERA_2,long_exposure,This one can take long exposures up to up to 30 seconds.,39~55
623,13,NONE,"['CAMERA_1', 'CAMERA_2']","{'CAMERA_1': ['resolution', 'color'], 'CAMERA_2': ['optical_zoom', 'ISO', 'preset_modes', 'settings', 'sensor_size', 'long_exposure'], 'CAMERA_3': []}",C_THANK_YOU,CAMERA_2,NONE,thank you for your help,S_THANK_YOU,CAMERA_2,NONE,thank you very much,
623,14,NONE,"['CAMERA_1', 'CAMERA_2']","{'CAMERA_1': ['resolution', 'color'], 'CAMERA_2': ['optical_zoom', 'ISO', 'preset_modes', 'settings', 'sensor_size', 'long_exposure'], 'CAMERA_3': []}",C_LEAVES,DOOR,NONE,,S_RETURNS_TO_COUNTER,SERVICE_COUNTER,NONE,,
624,1,NONE,[],"{'CAMERA_1': [], 'CAMERA_2': [], 'CAMERA_3': []}",C_ENTERS,DOOR,NONE,,S_NONE,SERVICE_COUNTER,NONE,,
624,2,NONE,[],"{'CAMERA_1': [], 'CAMERA_2': [], 'CAMERA_3': []}",C_GREETS,MIDDLE,NONE,hello,S_GREETS,MIDDLE,NONE,can I help you?,
624,3,CAMERA_3,['CAMERA_3'],"{'CAMERA_1': [], 'CAMERA_2': [], 'CAMERA_3': []}",C_LOOKING_FOR_A_CAMERA,MIDDLE,NONE,I'm looking for a camera,S_INTRODUCES_CAMERA,CAMERA_3,,Let me show you this. Here we have the Canon EOS 5D Mark III.,39~60
624,4,CAMERA_3,['CAMERA_3'],"{'CAMERA_1': [], 'CAMERA_2': [], 'CAMERA_3': ['weight']}",C_SILENT_OR_BACKCHANNEL,CAMERA_3,NONE,I see,S_INTRODUCES_FEATURE,CAMERA_3,weight,This one weighs 950 grams (only body).,16~37
624,5,CAMERA_3,['CAMERA_3'],"{'CAMERA_1': [], 'CAMERA_2': [], 'CAMERA_3': ['weight', 'sensor_size']}",C_SILENT_OR_BACKCHANNEL,CAMERA_3,NONE,I see,S_INTRODUCES_FEATURE,CAMERA_3,sensor_size,This one has a full frame.,15~25
624,6,CAMERA_1,"['CAMERA_3', 'CAMERA_1']","{'CAMERA_1': [], 'CAMERA_2': [], 'CAMERA_3': ['weight', 'sensor_size']}",C_ANYTHING_ELSE_AVAILABLE,CAMERA_3,NONE,ok do you have any other cameras,S_INTRODUCES_CAMERA,CAMERA_1,,Let me show you this. Here we have the Nikon Coolpix S2800.,39~58
624,7,CAMERA_1,"['CAMERA_3', 'CAMERA_1']","{'CAMERA_1': ['optical_zoom'], 'CAMERA_2': [], 'CAMERA_3': ['weight', 'sensor_size']}",C_QUESTION_ABOUT_FEATURE,CAMERA_1,optical_zoom,does it have optical zoom,S_ANSWERS_QUESTION_ABOUT_FEATURE,CAMERA_1,optical_zoom,This one has 5x optical zoom.,13~28
624,8,CAMERA_1,"['CAMERA_3', 'CAMERA_1']","{'CAMERA_1': ['optical_zoom', 'preset_modes'], 'CAMERA_2': [], 'CAMERA_3': ['weight', 'sensor_size']}",C_QUESTION_ABOUT_FEATURE,CAMERA_1,preset_modes,does it have preset modes,S_ANSWERS_QUESTION_ABOUT_FEATURE,CAMERA_1,preset_modes,"This one has 18 preset modes (e.g. beach, snow, night portrait).",13~63
624,9,NONE,"['CAMERA_3', 'CAMERA_1']","{'CAMERA_1': ['optical_zoom', 'preset_modes'], 'CAMERA_2': [], 'CAMERA_3': ['weight', 'sensor_size']}",C_THANK_YOU,CAMERA_1,NONE,thank you for your help,S_THANK_YOU,CAMERA_1,NONE,thank you very much,
624,10,NONE,"['CAMERA_3', 'CAMERA_1']","{'CAMERA_1': ['optical_zoom', 'preset_modes'], 'CAMERA_2': [], 'CAMERA_3': ['weight', 'sensor_size']}",C_LEAVES,DOOR,NONE,,S_RETURNS_TO_COUNTER,SERVICE_COUNTER,NONE,,
625,1,NONE,[],"{'CAMERA_1': [], 'CAMERA_2': [], 'CAMERA_3': []}",C_ENTERS,DOOR,NONE,,S_NONE,SERVICE_COUNTER,NONE,,
625,2,NONE,[],"{'CAMERA_1': [], 'CAMERA_2': [], 'CAMERA_3': []}",C_WALKS_TO_CAMERA,CAMERA_1,NONE,,S_GREETS,CAMERA_1,NONE,can I help you?,
625,3,CAMERA_2,['CAMERA_2'],"{'CAMERA_1': [], 'CAMERA_2': [], 'CAMERA_3': []}",C_LOOKING_FOR_A_CAMERA,CAMERA_1,NONE,I'm looking for a camera,S_INTRODUCES_CAMERA,CAMERA_2,,Let me show you this. Here we have the Sony Alpha a6000.,39~55
625,4,CAMERA_2,['CAMERA_2'],"{'CAMERA_1': [], 'CAMERA_2': ['settings'], 'CAMERA_3': []}",C_SILENT_OR_BACKCHANNEL,CAMERA_2,NONE,alright,S_INTRODUCES_FEATURE,CAMERA_2,settings,This one has full manual control.,13~32
625,5,CAMERA_2,['CAMERA_2'],"{'CAMERA_1': [], 'CAMERA_2': ['settings', 'effects'], 'CAMERA_3': []}",C_SILENT_OR_BACKCHANNEL,CAMERA_2,NONE,okay,S_INTRODUCES_FEATURE,CAMERA_2,effects,"This one has 13 artistic effect modes (e.g. toy camera, soft focus).",13~67
625,6,CAMERA_2,['CAMERA_2'],"{'CAMERA_1': [], 'CAMERA_2': ['settings', 'effects', 'sensor_size'], 'CAMERA_3': []}",C_SILENT_OR_BACKCHANNEL,CAMERA_2,NONE,alright,S_INTRODUCES_FEATURE,CAMERA_2,sensor_size,This one has a APS-C sensor (crop sensor).,15~41
625,7,CAMERA_2,['CAMERA_2'],"{'CAMERA_1': [], 'CAMERA_2': ['settings', 'effects', 'sensor_size', 'camera_type'], 'CAMERA_3': []}",C_QUESTION_ABOUT_FEATURE,CAMERA_2,camera_type,what kind of camera is this,S_ANSWERS_QUESTION_ABOUT_FEATURE,CAMERA_2,camera_type,This is a mirrorless camera.,10~20
625,8,CAMERA_1,"['CAMERA_2', 'CAMERA_1']","{'CAMERA_1': [], 'CAMERA_2': ['settings', 'effects', 'sensor_size', 'camera_type'], 'CAMERA_3': []}",C_ANYTHING_ELSE_AVAILABLE,CAMERA_2,NONE,ok do you have any other cameras,S_INTRODUCES_CAMERA,CAMERA_1,,Let me show you this. Here we have the Nikon Coolpix S2800.,39~58
625,9,CAMERA_1,"['CAMERA_2', 'CAMERA_1']","{'CAMERA_1': ['weight'], 'CAMERA_2': ['settings', 'effects', 'sensor_size', 'camera_type'], 'CAMERA_3': []}",C_SILENT_OR_BACKCHANNEL,CAMERA_1,NONE,alright,S_INTRODUCES_FEATURE,CAMERA_1,weight,This one weighs 120 grams.,16~25
625,10,CAMERA_3,"['CAMERA_2', 'CAMERA_1', 'CAMERA_3']","{'CAMERA_1': ['weight'], 'CAMERA_2': ['settings', 'effects', 'sensor_size', 'camera_type'], 'CAMERA_3': []}",C_ANYTHING_ELSE_AVAILABLE,CAMERA_1,NONE,ok do you have any other cameras,S_INTRODUCES_CAMERA,CAMERA_3,,Let me show you this. Here we have the Canon EOS 5D Mark III.,39~60
625,11,CAMERA_3,"['CAMERA_2', 'CAMERA_1', 'CAMERA_3']","{'CAMERA_1': ['weight'], 'CAMERA_2': ['settings', 'effects', 'sensor_size', 'camera_type'], 'CAMERA_3': ['autofocus_points']}",C_QUESTION_ABOUT_FEATURE,CAMERA_3,autofocus_points,how many autofocus points does it have,S_ANSWERS_QUESTION_ABOUT_FEATURE,CAMERA_3,autofocus_points,This one has 61 autofocus points.,13~32
625,12,NONE,"['CAMERA_2', 'CAMERA_1', 'CAMERA_3']","{'CAMERA_1': ['weight'], 'CAMERA_2': ['settings', 'effects', 'sensor_size', 'camera_type'], 'CAMERA_3': ['autofocus_points']}",C_THANK_YOU,CAMERA_3,NONE,thank you for your help,S_THANK_YOU,CAMERA_3,NONE,thank you very much,
625,13,NONE,"['CAMERA_2', 'CAMERA_1', 'CAMERA_3']","{'CAMERA_1': ['weight'], 'CAMERA_2': ['settings', 'effects', 'sensor_size', 'camera_type'], 'CAMERA_3': ['autofocus_points']}",C_LEAVES,DOOR,NONE,,S_RETURNS_TO_COUNTER,SERVICE_COUNTER,NONE,,
626,1,NONE,[],"{'CAMERA_1': [], 'CAMERA_2': [], 'CAMERA_3': []}",C_ENTERS,DOOR,NONE,,S_NONE,SERVICE_COUNTER,NONE,,
626,2,NONE,[],"{'CAMERA_1': [], 'CAMERA_2': [], 'CAMERA_3': []}",C_GREETS,MIDDLE,NONE,hello,S_GREETS,MIDDLE,NONE,can I help you?,
626,3,CAMERA_2,['CAMERA_2'],"{'CAMERA_1': [], 'CAMERA_2': [], 'CAMERA_3': []}",C_LOOKING_FOR_A_CAMERA,MIDDLE,NONE,I'm looking for a camera,S_INTRODUCES_CAMERA,CAMERA_2,,Let me show you this. Here we have the Sony Alpha a6000.,39~55
626,4,CAMERA_2,['CAMERA_2'],"{'CAMERA_1': [], 'CAMERA_2': ['price'], 'CAMERA_3': []}",C_QUESTION_ABOUT_FEATURE,CAMERA_2,price,how much does it cost,S_ANSWERS_QUESTION_ABOUT_FEATURE,CAMERA_2,price,This one costs $1341.,15~20
626,5,CAMERA_2,['CAMERA_2'],"{'CAMERA_1': [], 'CAMERA_2': ['price', 'optical_zoom'], 'CAMERA_3': []}",C_QUESTION_ABOUT_FEATURE,CAMERA_2,optical_zoom,does it have optical zoom,S_NOT_SURE,CAMERA_2,,I'm not really sure about that,
626,6,CAMERA_2,['CAMERA_2'],"{'CAMERA_1': [], 'CAMERA_2': ['price', 'optical_zoom', 'autofocus_points'], 'CAMERA_3': []}",C_QUESTION_ABOUT_FEATURE,CAMERA_2,autofocus_points,how many autofocus points does it have,S_ANSWERS_QUESTION_ABOUT_FEATURE,CAMERA_2,autofocus_points,This one has 179 autofocus points.,13~33
626,7,CAMERA_2,['CAMERA_2'],"{'CAMERA_1': [], 'CAMERA_2': ['price', 'optical_zoom', 'autofocus_points', 'resolution'], 'CAMERA_3': []}",C_QUESTION_ABOUT_FEATURE,CAMERA_2,resolution,what is the resolution,S_NOT_SURE,CAMERA_2,,I'm not really sure about that,
626,8,CAMERA_2,['CAMERA_2'],"{'CAMERA_1': [], 'CAMERA_2': ['price', 'optical_zoom', 'autofocus_points', 'resolution', 'camera_type'], 'CAMERA_3': []}",C_SILENT_OR_BACKCHANNEL,CAMERA_2,NONE,I see,S_INTRODUCES_FEATURE,CAMERA_2,camera_type,This is a mirrorless camera.,10~20
626,9,CAMERA_1,"['CAMERA_2', 'CAMERA_1']","{'CAMERA_1': [], 'CAMERA_2': ['price', 'optical_zoom', 'autofocus_points', 'resolution', 'camera_type'], 'CAMERA_3': []}",C_ANYTHING_ELSE_AVAILABLE,CAMERA_2,NONE,ok do you have any other cameras,S_INTRODUCES_CAMERA,CAMERA_1,,Let me show you this. Here we have the Nikon Coolpix S2800.,39~58
626,10,CAMERA_1,"['CAMERA_2', 'CAMERA_1']","{'CAMERA_1': ['effects'], 'CAMERA_2': ['price', 'optical_zoom', 'autofocus_points', 'resolution', 'camera_type'], 'CAMERA_3': []}",C_SILENT_OR_BACKCHANNEL,CAMERA_1,NONE,I see,S_INTRODUCES_FEATURE,CAMERA_1,effects,"This one has 12 glamor retouch effects (e.g. skin softening, small face, big eyes).",13~82
626,11,CAMERA_1,"['CAMERA_2', 'CAMERA_1']","{'CAMERA_1': ['effects', 'long_exposure'], 'CAMERA_2': ['price', 'optical_zoom', 'autofocus_points', 'resolution', 'camera_type'], 'CAMERA_3': []}",C_QUESTION_ABOUT_FEATURE,CAMERA_1,long_exposure,can it take long exposure shots,S_NOT_SURE,CAMERA_1,,I'm not really sure about that,
626,12,CAMERA_3,"['CAMERA_2', 'CAMERA_1', 'CAMERA_3']","{'CAMERA_1': ['effects', 'long_exposure'], 'CAMERA_2': ['price', 'optical_zoom', 'autofocus_points', 'resolution', 'camera_type'], 'CAMERA_3': []}",C_ANYTHING_ELSE_AVAILABLE,CAMERA_1,NONE,ok do you have any other cameras,S_INTRODUCES_CAMERA,CAMERA_3,,Let me show you this. Here we have the Canon EOS 5D Mark III.,39~60
626,13,CAMERA_3,"['CAMERA_2', 'CAMERA_1', 'CAMERA_3']","{'CAMERA_1': ['effects', 'long_exposure'], 'CAMERA_2': ['price', 'optical_zoom', 'autofocus_points', 'resolution', 'camera_type'], 'CAMERA_3': ['weight']}",C_QUESTION_ABOUT_FEATURE,CAMERA_3,weight,how much does this one weigh,S_ANSWERS_QUESTION_ABOUT_FEATURE,CAMERA_3,weight,This one weighs 950 grams (only body).,16~37
626,14,CAMERA_3,"['CAMERA_2', 'CAMERA_1', 'CAMERA_3']","{'CAMERA_1': ['effects', 'long_exposure'], 'CAMERA_2': ['price', 'optical_zoom', 'autofocus_points', 'resolution', 'camera_type'], 'CAMERA_3': ['weight', 'preset_modes']}",C_QUESTION_ABOUT_FEATURE,CAMERA_3,preset_modes,does it have preset modes,S_NOT_SURE,CAMERA_3,,I'm not really sure about that,
626,15,CAMERA_3,"['CAMERA_2', 'CAMERA_1', 'CAMERA_3']","{'CAMERA_1': ['effects', 'long_exposure'], 'CAMERA_2': ['price', 'optical_zoom', 'autofocus_points', 'resolution', 'camera_type'], 'CAMERA_3': ['weight', 'preset_modes', 'sensor_size']}",C_SILENT_OR_BACKCHANNEL,CAMERA_3,NONE,I see,S_INTRODUCES_FEATURE,CAMERA_3,sensor_size,This one has a full frame.,15~25
626,16,CAMERA_3,"['CAMERA_2', 'CAMERA_1', 'CAMERA_3']","{'CAMERA_1': ['effects', 'long_exposure'], 'CAMERA_2': ['price', 'optical_zoom', 'autofocus_points', 'resolution', 'camera_type'], 'CAMERA_3': ['weight', 'preset_modes', 'sensor_size', 'camera_type']}",C_QUESTION_ABOUT_FEATURE,CAMERA_3,camera_type,what kind of camera is this,S_ANSWERS_QUESTION_ABOUT_FEATURE,CAMERA_3,camera_type,This is a DSLR camera.,10~14
626,17,CAMERA_3,"['CAMERA_2', 'CAMERA_1', 'CAMERA_3']","{'CAMERA_1': ['effects', 'long_exposure'], 'CAMERA_2': ['price', 'optical_zoom', 'autofocus_points', 'resolution', 'camera_type'], 'CAMERA_3': ['weight', 'preset_modes', 'sensor_size', 'camera_type', 'optical_zoom']}",C_QUESTION_ABOUT_FEATURE,CAMERA_3,optical_zoom,does it have optical zoom,S_NOT_SURE,CAMERA_3,,I'm not really sure about that,
626,18,CAMERA_3,"['CAMERA_2', 'CAMERA_1', 'CAMERA_3']","{'CAMERA_1': ['effects', 'long_exposure'], 'CAMERA_2': ['price', 'optical_zoom', 'autofocus_points', 'resolution', 'camera_type'], 'CAMERA_3': ['weight', 'preset_modes', 'sensor_size', 'camera_type', 'optical_zoom', 'color']}",C_QUESTION_ABOUT_FEATURE,CAMERA_3,color,what colors does this one come in,S_ANSWERS_QUESTION_ABOUT_FEATURE,CAMERA_3,color,This one comes in black.,18~23
626,19,CAMERA_3,"['CAMERA_2', 'CAMERA_1', 'CAMERA_3']","{'CAMERA_1': ['effects', 'long_exposure'], 'CAMERA_2': ['price', 'optical_zoom', 'autofocus_points', 'resolution', 'camera_type'], 'CAMERA_3': ['weight', 'preset_modes', 'sensor_size', 'camera_type', 'optical_zoom', 'color', 'price']}",C_QUESTION_ABOUT_FEATURE,CAMERA_3,price,how much does it cost,S_ANSWERS_QUESTION_ABOUT_FEATURE,CAMERA_3,price,This one costs $3706.,15~20
626,20,NONE,"['CAMERA_2', 'CAMERA_1', 'CAMERA_3']","{'CAMERA_1': ['effects', 'long_exposure'], 'CAMERA_2': ['price', 'optical_zoom', 'autofocus_points', 'resolution', 'camera_type'], 'CAMERA_3': ['weight', 'preset_modes', 'sensor_size', 'camera_type', 'optical_zoom', 'color', 'price']}",C_THANK_YOU,CAMERA_3,NONE,thank you for your help,S_THANK_YOU,CAMERA_3,NONE,thank you very much,
626,21,NONE,"['CAMERA_2', 'CAMERA_1', 'CAMERA_3']","{'CAMERA_1': ['effects', 'long_exposure'], 'CAMERA_2': ['price', 'optical_zoom', 'autofocus_points', 'resolution', 'camera_type'], 'CAMERA_3': ['weight', 'preset_modes', 'sensor_size', 'camera_type', 'optical_zoom', 'color', 'price']}",C_LEAVES,DOOR,NONE,,S_RETURNS_TO_COUNTER,SERVICE_COUNTER,NONE,,
627,1,NONE,[],"{'CAMERA_1': [], 'CAMERA_2': [], 'CAMERA_3': []}",C_ENTERS,DOOR,NONE,,S_NONE,SERVICE_COUNTER,NONE,,
627,2,NONE,[],"{'CAMERA_1': [], 'CAMERA_2': [], 'CAMERA_3': []}",C_WALKS_TO_CAMERA,CAMERA_2,NONE,,S_GREETS,CAMERA_2,NONE,can I help you?,
627,3,CAMERA_2,['CAMERA_2'],"{'CAMERA_1': [], 'CAMERA_2': [], 'CAMERA_3': []}",C_LOOKING_FOR_A_CAMERA,CAMERA_2,NONE,I'm looking for a camera,S_INTRODUCES_CAMERA,CAMERA_2,,Let me show you this. Here we have the Sony Alpha a6000.,39~55
627,4,CAMERA_2,['CAMERA_2'],"{'CAMERA_1': [], 'CAMERA_2': ['price'], 'CAMERA_3': []}",C_QUESTION_ABOUT_FEATURE,CAMERA_2,price,how much does it cost,S_ANSWERS_QUESTION_ABOUT_FEATURE,CAMERA_2,price,This one costs $1341.,15~20
627,5,CAMERA_2,['CAMERA_2'],"{'CAMERA_1': [], 'CAMERA_2': ['price', 'weight'], 'CAMERA_3': []}",C_SILENT_OR_BACKCHANNEL,CAMERA_2,NONE,alright,S_INTRODUCES_FEATURE,CAMERA_2,weight,This one weighs 470 grams.,16~25
627,6,CAMERA_2,['CAMERA_2'],"{'CAMERA_1': [], 'CAMERA_2': ['price', 'weight', 'long_exposure'], 'CAMERA_3': []}",C_SILENT_OR_BACKCHANNEL,CAMERA_2,NONE,alright,S_INTRODUCES_FEATURE,CAMERA_2,long_exposure,This one can take long exposures up to up to 30 seconds.,39~55
627,7,CAMERA_2,['CAMERA_2'],"{'CAMERA_1': [], 'CAMERA_2': ['price', 'weight', 'long_exposure', 'settings'], 'CAMERA_3': []}",C_SILENT_OR_BACKCHANNEL,CAMERA_2,NONE,alright,S_INTRODUCES_FEATURE,CAMERA_2,settings,This one has full manual control.,13~32
627,8,CAMERA_2,['CAMERA_2'],"{'CAMERA_1': [], 'CAMERA_2': ['price', 'weight', 'long_exposure', 'settings', 'effects'], 'CAMERA_3': []}",C_QUESTION_ABOUT_FEATURE,CAMERA_2,effects,does it have any effect modes,S_ANSWERS_QUESTION_ABOUT_FEATURE,CAMERA_2,effects,"This one has 13 artistic effect modes (e.g. toy camera, soft focus).",13~67
627,9,CAMERA_2,['CAMERA_2'],"{'CAMERA_1': [], 'CAMERA_2': ['price', 'weight', 'long_exposure', 'settings', 'effects', 'autofocus_points'], 'CAMERA_3': []}",C_QUESTION_ABOUT_FEATURE,CAMERA_2,autofocus_points,how many autofocus points does it have,S_ANSWERS_QUESTION_ABOUT_FEATURE,CAMERA_2,autofocus_points,This one has 179 autofocus points.,13~33
627,10,CAMERA_2,['CAMERA_2'],"{'CAMERA_1': [], 'CAMERA_2': ['price', 'weight', 'long_exposure', 'settings', 'effects', 'autofocus_points', 'preset_modes'], 'CAMERA_3': []}",C_SILENT_OR_BACKCHANNEL,CAMERA_2,NONE,I see,S_INTRODUCES_FEATURE,CAMERA_2,preset_modes,"This one has 9 preset modes (e.g. beach, snow, night, portrait).",13~63
627,11,CAMERA_2,['CAMERA_2'],"{'CAMERA_1': [], 'CAMERA_2': ['price', 'weight', 'long_exposure', 'settings', 'effects', 'autofocus_points', 'preset_modes', 'color'], 'CAMERA_3': []}",C_SILENT_OR_BACKCHANNEL,CAMERA_2,NONE,okay,S_INTRODUCES_FEATURE,CAMERA_2,color,"This one comes in white, silver, black.",18~38
627,12,NONE,['CAMERA_2'],"{'CAMERA_1': [], 'CAMERA_2': ['price', 'weight', 'long_exposure', 'settings', 'effects', 'autofocus_points', 'preset_modes', 'color'], 'CAMERA_3': []}",C_THANK_YOU,CAMERA_2,NONE,thank you for your help,S_THANK_YOU,CAMERA_2,NONE,thank you very much,
627,13,NONE,['CAMERA_2'],"{'CAMERA_1': [], 'CAMERA_2': ['price', 'weight', 'long_exposure', 'settings', 'effects', 'autofocus_points', 'preset_modes', 'color'], 'CAMERA_3': []}",C_LEAVES,DOOR,NONE,,S_RETURNS_TO_COUNTER,SERVICE_COUNTER,NONE,,
628,1,NONE,[],"{'CAMERA_1': [], 'CAMERA_2': [], 'CAMERA_3': []}",C_ENTERS,DOOR,NONE,,S_NONE,SERVICE_COUNTER,NONE,,
628,2,NONE,[],"{'CAMERA_1': [], 'CAMERA_2': [], 'CAMERA_3': []}",C_GREETS,MIDDLE,NONE,hello,S_GREETS,MIDDLE,NONE,can I help you?,
628,3,CAMERA_2,['CAMERA_2'],"{'CAMERA_1': [], 'CAMERA_2': [], 'CAMERA_3': []}",C_LOOKING_FOR_A_CAMERA,MIDDLE,NONE,I'm looking for a camera,S_INTRODUCES_CAMERA,CAMERA_2,,Let me show you this. Here we have the Sony Alpha a6000.,39~55
628,4,CAMERA_2,['CAMERA_2'],"{'CAMERA_1': [], 'CAMERA_2': ['effects'], 'CAMERA_3': []}",C_QUESTION_ABOUT_FEATURE,CAMERA_2,effects,does it have any effect modes,S_ANSWERS_QUESTION_ABOUT_FEATURE,CAMERA_2,effects,"This one has 13 artistic effect modes (e.g. toy camera, soft focus).",13~67
628,5,CAMERA_2,['CAMERA_2'],"{'CAMERA_1': [], 'CAMERA_2': ['effects', 'sensor_size'], 'CAMERA_3': []}",C_SILENT_OR_BACKCHANNEL,CAMERA_2,NONE,okay,S_INTRODUCES_FEATURE,CAMERA_2,sensor_size,This one has a APS-C sensor (crop sensor).,15~41
628,6,CAMERA_2,['CAMERA_2'],"{'CAMERA_1': [], 'CAMERA_2': ['effects', 'sensor_size', 'settings'], 'CAMERA_3': []}",C_SILENT_OR_BACKCHANNEL,CAMERA_2,NONE,okay,S_INTRODUCES_FEATURE,CAMERA_2,settings,This one has full manual control.,13~32
628,7,CAMERA_2,['CAMERA_2'],"{'CAMERA_1': [], 'CAMERA_2': ['effects', 'sensor_size', 'settings', 'autofocus_points'], 'CAMERA_3': []}",C_SILENT_OR_BACKCHANNEL,CAMERA_2,NONE,I see,S_INTRODUCES_FEATURE,CAMERA_2,autofocus_points,This one has 179 autofocus points.,13~33
628,8,CAMERA_2,['CAMERA_2'],"{'CAMERA_1': [], 'CAMERA_2': ['effects', 'sensor_size', 'settings', 'autofocus_points', 'color'], 'CAMERA_3': []}",C_QUESTION_ABOUT_FEATURE,CAMERA_2,color,what colors does this one come in,S_ANSWERS_QUESTION_ABOUT_FEATURE,CAMERA_2,color,"This one comes in white, silver, black.",18~38
628,9,CAMERA_2,['CAMERA_2'],"{'CAMERA_1': [], 'CAMERA_2': ['effects', 'sensor_size', 'settings', 'autofocus_points', 'color', 'camera_type'], 'CAMERA_3': []}",C_SILENT_OR_BACKCHANNEL,CAMERA_2,NONE,alright,S_INTRODUCES_FEATURE,CAMERA_2,camera_type,This is a mirrorless camera.,10~20
628,10,NONE,['CAMERA_2'],"{'CAMERA_1': [], 'CAMERA_2': ['effects', 'sensor_size', 'settings', 'autofocus_points', 'color', 'camera_type'], 'CAMERA_3': []}",C_THANK_YOU,CAMERA_2,NONE,thank you for your help,S_THANK_YOU,CAMERA_2,NONE,thank you very much,
628,11,NONE,['CAMERA_2'],"{'CAMERA_1': [], 'CAMERA_2': ['effects', 'sensor_size', 'settings', 'autofocus_points', 'color', 'camera_type'], 'CAMERA_3': []}",C_LEAVES,DOOR,NONE,,S_RETURNS_TO_COUNTER,SERVICE_COUNTER,NONE,,
629,1,NONE,[],"{'CAMERA_1': [], 'CAMERA_2': [], 'CAMERA_3': []}",C_ENTERS,DOOR,NONE,,S_NONE,SERVICE_COUNTER,NONE,,
629,2,NONE,[],"{'CAMERA_1': [], 'CAMERA_2': [], 'CAMERA_3': []}",C_GREETS,MIDDLE,NONE,hello,S_GREETS,MIDDLE,NONE,can I help you?,
629,3,CAMERA_2,['CAMERA_2'],"{'CAMERA_1': [], 'CAMERA_2': [], 'CAMERA_3': []}",C_LOOKING_FOR_A_CAMERA,MIDDLE,NONE,I'm looking for a camera,S_INTRODUCES_CAMERA,CAMERA_2,,Let me show you this. Here we have the Sony Alpha a6000.,39~55
629,4,CAMERA_2,['CAMERA_2'],"{'CAMERA_1': [], 'CAMERA_2': ['sensor_size'], 'CAMERA_3': []}",C_QUESTION_ABOUT_FEATURE,CAMERA_2,sensor_size,what is the sensor size,S_ANSWERS_QUESTION_ABOUT_FEATURE,CAMERA_2,sensor_size,This one has a APS-C sensor (crop sensor).,15~41
629,5,CAMERA_2,['CAMERA_2'],"{'CAMERA_1': [], 'CAMERA_2': ['sensor_size', 'preset_modes'], 'CAMERA_3': []}",C_SILENT_OR_BACKCHANNEL,CAMERA_2,NONE,I see,S_INTRODUCES_FEATURE,CAMERA_2,preset_modes,"This one has 9 preset modes (e.g. beach, snow, night, portrait).",13~63
629,6,CAMERA_2,['CAMERA_2'],"{'CAMERA_1': [], 'CAMERA_2': ['sensor_size', 'preset_modes', 'long_exposure'], 'CAMERA_3': []}",C_QUESTION_ABOUT_FEATURE,CAMERA_2,long_exposure,can it take long exposure shots,S_ANSWERS_QUESTION_ABOUT_FEATURE,CAMERA_2,long_exposure,This one can take long exposures up to up to 30 seconds.,39~55
629,7,CAMERA_2,['CAMERA_2'],"{'CAMERA_1': [], 'CAMERA_2': ['sensor_size', 'preset_modes', 'long_exposure', 'camera_type'], 'CAMERA_3': []}",C_QUESTION_ABOUT_FEATURE,CAMERA_2,camera_type,what kind of camera is this,S_ANSWERS_QUESTION_ABOUT_FEATURE,CAMERA_2,camera_type,This is a mirrorless camera.,10~20
629,8,CAMERA_2,['CAMERA_2'],"{'CAMERA_1': [], 'CAMERA_2': ['sensor_size', 'preset_modes', 'long_exposure', 'camera_type', 'optical_zoom'], 'CAMERA_3': []}",C_QUESTION_ABOUT_FEATURE,CAMERA_2,optical_zoom,does it have optical zoom,S_NOT_SURE,CAMERA_2,,I'm not really sure about that,
629,9,CAMERA_2,['CAMERA_2'],"{'CAMERA_1': [], 'CAMERA_2': ['sensor_size', 'preset_modes', 'long_exposure', 'camera_type', 'optical_zoom', 'settings'], 'CAMERA_3': []}",C_SILENT_OR_BACKCHANNEL,CAMERA_2,NONE,I see,S_INTRODUCES_FEATURE,CAMERA_2,settings,This one has full manual control.,13~32
629,10,NONE,['CAMERA_2'],"{'CAMERA_1': [], 'CAMERA_2': ['sensor_size', 'preset_modes', 'long_exposure', 'camera_type', 'optical_zoom', 'settings'], 'CAMERA_3': []}",C_THANK_YOU,CAMERA_2,NONE,thank you for your help,S_THANK_YOU,CAMERA_2,NONE,thank you very much,
629,11,NONE,['CAMERA_2'],"{'CAMERA_1': [], 'CAMERA_2': ['sensor_size', 'preset_modes', 'long_exposure', 'camera_type', 'optical_zoom', 'settings'], 'CAMERA_3': []}",C_LEAVES,DOOR,NONE,,S_RETURNS_TO_COUNTER,SERVICE_COUNTER,NONE,,
630,1,NONE,[],"{'CAMERA_1': [], 'CAMERA_2': [], 'CAMERA_3': []}",C_ENTERS,DOOR,NONE,,S_NONE,SERVICE_COUNTER,NONE,,
630,2,NONE,[],"{'CAMERA_1': [], 'CAMERA_2': [], 'CAMERA_3': []}",C_GREETS,MIDDLE,NONE,hello,S_GREETS,MIDDLE,NONE,can I help you?,
630,3,CAMERA_2,['CAMERA_2'],"{'CAMERA_1': [], 'CAMERA_2': [], 'CAMERA_3': []}",C_LOOKING_FOR_A_CAMERA,MIDDLE,NONE,I'm looking for a camera,S_INTRODUCES_CAMERA,CAMERA_2,,Let me show you this. Here we have the Sony Alpha a6000.,39~55
630,4,CAMERA_2,['CAMERA_2'],"{'CAMERA_1': [], 'CAMERA_2': ['price'], 'CAMERA_3': []}",C_SILENT_OR_BACKCHANNEL,CAMERA_2,NONE,I see,S_INTRODUCES_FEATURE,CAMERA_2,price,This one costs $1341.,15~20
630,5,CAMERA_2,['CAMERA_2'],"{'CAMERA_1': [], 'CAMERA_2': ['price', 'ISO'], 'CAMERA_3': []}",C_QUESTION_ABOUT_FEATURE,CAMERA_2,ISO,what is the ISO,S_ANSWERS_QUESTION_ABOUT_FEATURE,CAMERA_2,ISO,This one has up to 3200 ISO with little noise.,13~45
630,6,CAMERA_3,"['CAMERA_2', 'CAMERA_3']","{'CAMERA_1': [], 'CAMERA_2': ['price', 'ISO'], 'CAMERA_3': []}",C_ANYTHING_ELSE_AVAILABLE,CAMERA_2,NONE,ok do you have any other cameras,S_INTRODUCES_CAMERA,CAMERA_3,,Let me show you this. Here we have the Canon EOS 5D Mark III.,39~60
630,7,CAMERA_3,"['CAMERA_2', 'CAMERA_3']","{'CAMERA_1': [], 'CAMERA_2': ['price', 'ISO'], 'CAMERA_3': ['sensor_size']}",C_SILENT_OR_BACKCHANNEL,CAMERA_3,NONE,alright,S_INTRODUCES_FEATURE,CAMERA_3,sensor_size,This one has a full frame.,15~25
630,8,CAMERA_3,"['CAMERA_2', 'CAMERA_3']","{'CAMERA_1': [], 'CAMERA_2': ['price', 'ISO'], 'CAMERA_3': ['sensor_size', 'color']}",C_QUESTION_ABOUT_FEATURE,CAMERA_3,color,what colors does this one come in,S_ANSWERS_QUESTION_ABOUT_FEATURE,CAMERA_3,color,This one comes in black.,18~23
630,9,CAMERA_3,"['CAMERA_2', 'CAMERA_3']","{'CAMERA_1': [], 'CAMERA_2': ['price', 'ISO'], 'CAMERA_3': ['sensor_size', 'color', 'price']}",C_QUESTION_ABOUT_FEATURE,CAMERA_3,price,how much does it cost,S_ANSWERS_QUESTION_ABOUT_FEATURE,CAMERA_3,price,This one costs $3706.,15~20
630,10,CAMERA_3,"['CAMERA_2', 'CAMERA_3']","{'CAMERA_1': [], 'CAMERA_2': ['price', 'ISO'], 'CAMERA_3': ['sensor_size', 'color', 'price', 'settings']}",C_QUESTION_ABOUT_FEATURE,CAMERA_3,settings,what kind of settings does it have,S_ANSWERS_QUESTION_ABOUT_FEATURE,CAMERA_3,settings,This one has full manual control.,13~32
630,11,CAMERA_3,"['CAMERA_2', 'CAMERA_3']","{'CAMERA_1': [], 'CAMERA_2': ['price', 'ISO'], 'CAMERA_3': ['sensor_size', 'color', 'price', 'settings', 'ISO']}",C_QUESTION_ABOUT_FEATURE,CAMERA_3,ISO,what is the ISO,S_ANSWERS_QUESTION_ABOUT_FEATURE,CAMERA_3,ISO,This one has up to 6400 ISO with little noise.,13~45
630,12,CAMERA_3,"['CAMERA_2', 'CAMERA_3']","{'CAMERA_1': [], 'CAMERA_2': ['price', 'ISO'], 'CAMERA_3': ['sensor_size', 'color', 'price', 'settings', 'ISO', 'long_exposure']}",C_QUESTION_ABOUT_FEATURE,CAMERA_3,long_exposure,can it take long exposure shots,S_ANSWERS_QUESTION_ABOUT_FEATURE,CAMERA_3,long_exposure,"This one can take long exposures up to up to 30 seconds, bulb mode: expose as long as you want.",39~94
630,13,NONE,"['CAMERA_2', 'CAMERA_3']","{'CAMERA_1': [], 'CAMERA_2': ['price', 'ISO'], 'CAMERA_3': ['sensor_size', 'color', 'price', 'settings', 'ISO', 'long_exposure']}",C_THANK_YOU,CAMERA_3,NONE,thank you for your help,S_THANK_YOU,CAMERA_3,NONE,thank you very much,
630,14,NONE,"['CAMERA_2', 'CAMERA_3']","{'CAMERA_1': [], 'CAMERA_2': ['price', 'ISO'], 'CAMERA_3': ['sensor_size', 'color', 'price', 'settings', 'ISO', 'long_exposure']}",C_LEAVES,DOOR,NONE,,S_RETURNS_TO_COUNTER,SERVICE_COUNTER,NONE,,
631,1,NONE,[],"{'CAMERA_1': [], 'CAMERA_2': [], 'CAMERA_3': []}",C_ENTERS,DOOR,NONE,,S_NONE,SERVICE_COUNTER,NONE,,
631,2,NONE,[],"{'CAMERA_1': [], 'CAMERA_2': [], 'CAMERA_3': []}",C_WALKS_TO_CAMERA,CAMERA_2,NONE,,S_GREETS,CAMERA_2,NONE,can I help you?,
631,3,CAMERA_1,['CAMERA_1'],"{'CAMERA_1': [], 'CAMERA_2': [], 'CAMERA_3': []}",C_LOOKING_FOR_A_CAMERA,CAMERA_2,NONE,I'm looking for a camera,S_INTRODUCES_CAMERA,CAMERA_1,,Let me show you this. Here we have the Nikon Coolpix S2800.,39~58
631,4,CAMERA_1,['CAMERA_1'],"{'CAMERA_1': ['effects'], 'CAMERA_2': [], 'CAMERA_3': []}",C_QUESTION_ABOUT_FEATURE,CAMERA_1,effects,does it have any effect modes,S_ANSWERS_QUESTION_ABOUT_FEATURE,CAMERA_1,effects,"This one has 12 glamor retouch effects (e.g. skin softening, small face, big eyes).",13~82
631,5,CAMERA_1,['CAMERA_1'],"{'CAMERA_1': ['effects', 'camera_type'], 'CAMERA_2': [], 'CAMERA_3': []}",C_QUESTION_ABOUT_FEATURE,CAMERA_1,camera_type,what kind of camera is this,S_ANSWERS_QUESTION_ABOUT_FEATURE,CAMERA_1,camera_type,This is a point and shoot camera.,10~25
631,6,CAMERA_1,['CAMERA_1'],"{'CAMERA_1': ['effects', 'camera_type', 'weight'], 'CAMERA_2': [], 'CAMERA_3': []}",C_QUESTION_ABOUT_FEATURE,CAMERA_1,weight,how much does this one weigh,S_ANSWERS_QUESTION_ABOUT_FEATURE,CAMERA_1,weight,This one weighs 120 grams.,16~25
631,7,CAMERA_1,['CAMERA_1'],"{'CAMERA_1': ['effects', 'camera_type', 'weight', 'price'], 'CAMERA_2': [], 'CAMERA_3': []}",C_SILENT_OR_BACKCHANNEL,CAMERA_1,NONE,okay,S_INTRODUCES_FEATURE,CAMERA_1,price,This one costs $2173.,15~20
631,8,NONE,['CAMERA_1'],"{'CAMERA_1': ['effects', 'camera_type', 'weight', 'price'], 'CAMERA_2': [], 'CAMERA_3': []}",C_THANK_YOU,CAMERA_1,NONE,thank you for your help,S_THANK_YOU,CAMERA_1,NONE,thank you very much,
631,9,NONE,['CAMERA_1'],"{'CAMERA_1': ['effects', 'camera_type', 'weight', 'price'], 'CAMERA_2': [], 'CAMERA_3': []}",C_LEAVES,DOOR,NONE,,S_RETURNS_TO_COUNTER,SERVICE_COUNTER,NONE,,
632,1,NONE,[],"{'CAMERA_1': [], 'CAMERA_2': [], 'CAMERA_3': []}",C_ENTERS,DOOR,NONE,,S_NONE,SERVICE_COUNTER,NONE,,
632,2,NONE,[],"{'CAMERA_1': [], 'CAMERA_2': [], 'CAMERA_3': []}",C_WALKS_TO_CAMERA,CAMERA_2,NONE,,S_GREETS,CAMERA_2,NONE,can I help you?,
632,3,CAMERA_3,['CAMERA_3'],"{'CAMERA_1': [], 'CAMERA_2': [], 'CAMERA_3': []}",C_LOOKING_FOR_A_CAMERA,CAMERA_2,NONE,I'm looking for a camera,S_INTRODUCES_CAMERA,CAMERA_3,,Let me show you this. Here we have the Canon EOS 5D Mark III.,39~60
632,4,CAMERA_3,['CAMERA_3'],"{'CAMERA_1': [], 'CAMERA_2': [], 'CAMERA_3': ['color']}",C_QUESTION_ABOUT_FEATURE,CAMERA_3,color,what colors does this one come in,S_ANSWERS_QUESTION_ABOUT_FEATURE,CAMERA_3,color,This one comes in black.,18~23
632,5,CAMERA_3,['CAMERA_3'],"{'CAMERA_1': [], 'CAMERA_2': [], 'CAMERA_3': ['color', 'ISO']}",C_QUESTION_ABOUT_FEATURE,CAMERA_3,ISO,what is the ISO,S_ANSWERS_QUESTION_ABOUT_FEATURE,CAMERA_3,ISO,This one has up to 6400 ISO with little noise.,13~45
632,6,CAMERA_2,"['CAMERA_3', 'CAMERA_2']","{'CAMERA_1': [], 'CAMERA_2': [], 'CAMERA_3': ['color', 'ISO']}",C_ANYTHING_ELSE_AVAILABLE,CAMERA_3,NONE,ok do you have any other cameras,S_INTRODUCES_CAMERA,CAMERA_2,,Let me show you this. Here we have the Sony Alpha a6000.,39~55
632,7,CAMERA_2,"['CAMERA_3', 'CAMERA_2']","{'CAMERA_1': [], 'CAMERA_2': ['preset_modes'], 'CAMERA_3': ['color', 'ISO']}",C_QUESTION_ABOUT_FEATURE,CAMERA_2,preset_modes,does it have preset modes,S_ANSWERS_QUESTION_ABOUT_FEATURE,CAMERA_2,preset_modes,"This one has 9 preset modes (e.g. beach, snow, night, portrait).",13~63
632,8,CAMERA_2,"['CAMERA_3', 'CAMERA_2']","{'CAMERA_1': [], 'CAMERA_2': ['preset_modes', 'camera_type'], 'CAMERA_3': ['color', 'ISO']}",C_SILENT_OR_BACKCHANNEL,CAMERA_2,NONE,alright,S_INTRODUCES_FEATURE,CAMERA_2,camera_type,This is a mirrorless camera.,10~20
632,9,NONE,"['CAMERA_3', 'CAMERA_2']","{'CAMERA_1': [], 'CAMERA_2': ['preset_modes', 'camera_type'], 'CAMERA_3': ['color', 'ISO']}",C_THANK_YOU,CAMERA_2,NONE,thank you for your help,S_THANK_YOU,CAMERA_2,NONE,thank you very much,
632,10,NONE,"['CAMERA_3', 'CAMERA_2']","{'CAMERA_1': [], 'CAMERA_2': ['preset_modes', 'camera_type'], 'CAMERA_3': ['color', 'ISO']}",C_LEAVES,DOOR,NONE,,S_RETURNS_TO_COUNTER,SERVICE_COUNTER,NONE,,
633,1,NONE,[],"{'CAMERA_1': [], 'CAMERA_2': [], 'CAMERA_3': []}",C_ENTERS,DOOR,NONE,,S_NONE,SERVICE_COUNTER,NONE,,
633,2,NONE,[],"{'CAMERA_1': [], 'CAMERA_2': [], 'CAMERA_3': []}",C_WALKS_TO_CAMERA,CAMERA_3,NONE,,S_GREETS,CAMERA_3,NONE,can I help you?,
633,3,CAMERA_2,['CAMERA_2'],"{'CAMERA_1': [], 'CAMERA_2': [], 'CAMERA_3': []}",C_LOOKING_FOR_A_CAMERA,CAMERA_3,NONE,I'm looking for a camera,S_INTRODUCES_CAMERA,CAMERA_2,,Let me show you this. Here we have the Sony Alpha a6000.,39~55
633,4,CAMERA_2,['CAMERA_2'],"{'CAMERA_1': [], 'CAMERA_2': ['autofocus_points'], 'CAMERA_3': []}",C_QUESTION_ABOUT_FEATURE,CAMERA_2,autofocus_points,how many autofocus points does it have,S_ANSWERS_QUESTION_ABOUT_FEATURE,CAMERA_2,autofocus_points,This one has 179 autofocus points.,13~33
633,5,CAMERA_2,['CAMERA_2'],"{'CAMERA_1': [], 'CAMERA_2': ['autofocus_points', 'color'], 'CAMERA_3': []}",C_QUESTION_ABOUT_FEATURE,CAMERA_2,color,what colors does this one come in,S_ANSWERS_QUESTION_ABOUT_FEATURE,CAMERA_2,color,"This one comes in white, silver, black.",18~38
633,6,CAMERA_2,['CAMERA_2'],"{'CAMERA_1': [], 'CAMERA_2': ['autofocus_points', 'color', 'resolution'], 'CAMERA_3': []}",C_QUESTION_ABOUT_FEATURE,CAMERA_2,resolution,what is the resolution,S_NOT_SURE,CAMERA_2,,I'm not really sure about that,
633,7,CAMERA_3,"['CAMERA_2', 'CAMERA_3']","{'CAMERA_1': [], 'CAMERA_2': ['autofocus_points', 'color', 'resolution'], 'CAMERA_3': []}",C_ANYTHING_ELSE_AVAILABLE,CAMERA_2,NONE,ok do you have any other cameras,S_INTRODUCES_CAMERA,CAMERA_3,,Let me show you this. Here we have the Canon EOS 5D Mark III.,39~60
633,8,CAMERA_3,"['CAMERA_2', 'CAMERA_3']","{'CAMERA_1': [], 'CAMERA_2': ['autofocus_points', 'color', 'resolution'], 'CAMERA_3': ['long_exposure']}",C_QUESTION_ABOUT_FEATURE,CAMERA_3,long_exposure,can it take long exposure shots,S_ANSWERS_QUESTION_ABOUT_FEATURE,CAMERA_3,long_exposure,"This one can take long exposures up to up to 30 seconds, bulb mode: expose as long as you want.",39~94
633,9,CAMERA_1,"['CAMERA_2', 'CAMERA_3', 'CAMERA_1']","{'CAMERA_1': [], 'CAMERA_2': ['autofocus_points', 'color', 'resolution'], 'CAMERA_3': ['long_exposure']}",C_ANYTHING_ELSE_AVAILABLE,CAMERA_3,NONE,ok do you have any other cameras,S_INTRODUCES_CAMERA,CAMERA_1,,Let me show you this. Here we have the Nikon Coolpix S2800.,39~58
633,10,CAMERA_1,"['CAMERA_2', 'CAMERA_3', 'CAMERA_1']","{'CAMERA_1': ['sensor_size'], 'CAMERA_2': ['autofocus_points', 'color', 'resolution'], 'CAMERA_3': ['long_exposure']}",C_QUESTION_ABOUT_FEATURE,CAMERA_1,sensor_size,what is the sensor size,S_NOT_SURE,CAMERA_1,,I'm not really sure about that,
633,11,CAMERA_1,"['CAMERA_2', 'CAMERA_3', 'CAMERA_1']","{'CAMERA_1': ['sensor_size', 'optical_zoom'], 'CAMERA_2': ['autofocus_points', 'color', 'resolution'], 'CAMERA_3': ['long_exposure']}",C_QUESTION_ABOUT_FEATURE,CAMERA_1,optical_zoom,does it have optical zoom,S_ANSWERS_QUESTION_ABOUT_FEATURE,CAMERA_1,optical_zoom,This one has 5x optical zoom.,13~28
633,12,NONE,"['CAMERA_2', 'CAMERA_3', 'CAMERA_1']","{'CAMERA_1': ['sensor_size', 'optical_zoom'], 'CAMERA_2': ['autofocus_points', 'color', 'resolution'], 'CAMERA_3': ['long_exposure']}",C_THANK_YOU,CAMERA_1,NONE,thank you for your help,S_THANK_YOU,CAMERA_1,NONE,thank you very much,
633,13,NONE,"['CAMERA_2', 'CAMERA_3', 'CAMERA_1']","{'CAMERA_1': ['sensor_size', 'optical_zoom'], 'CAMERA_2': ['autofocus_points', 'color', 'resolution'], 'CAMERA_3': ['long_exposure']}",C_LEAVES,DOOR,NONE,,S_RETURNS_TO_COUNTER,SERVICE_COUNTER,NONE,,
634,1,NONE,[],"{'CAMERA_1': [], 'CAMERA_2': [], 'CAMERA_3': []}",C_ENTERS,DOOR,NONE,,S_NONE,SERVICE_COUNTER,NONE,,
634,2,NONE,[],"{'CAMERA_1': [], 'CAMERA_2': [], 'CAMERA_3': []}",C_WALKS_TO_CAMERA,CAMERA_2,NONE,,S_GREETS,CAMERA_2,NONE,can I help you?,
634,3,CAMERA_3,['CAMERA_3'],"{'CAMERA_1': [], 'CAMERA_2': [], 'CAMERA_3': []}",C_LOOKING_FOR_A_CAMERA,CAMERA_2,NONE,I'm looking for a camera,S_INTRODUCES_CAMERA,CAMERA_3,,Let me show you this. Here we have the Canon EOS 5D Mark III.,39~60
634,4,CAMERA_3,['CAMERA_3'],"{'CAMERA_1': [], 'CAMERA_2': [], 'CAMERA_3': ['sensor_size']}",C_QUESTION_ABOUT_FEATURE,CAMERA_3,sensor_size,what is the sensor size,S_ANSWERS_QUESTION_ABOUT_FEATURE,CAMERA_3,sensor_size,This one has a full frame.,15~25
634,5,NONE,['CAMERA_3'],"{'CAMERA_1': [], 'CAMERA_2': [], 'CAMERA_3': ['sensor_size']}",C_THANK_YOU,CAMERA_3,NONE,thank you for your help,S_THANK_YOU,CAMERA_3,NONE,thank you very much,
634,6,NONE,['CAMERA_3'],"{'CAMERA_1': [], 'CAMERA_2': [], 'CAMERA_3': ['sensor_size']}",C_LEAVES,DOOR,NONE,,S_RETURNS_TO_COUNTER,SERVICE_COUNTER,NONE,,
635,1,NONE,[],"{'CAMERA_1': [], 'CAMERA_2': [], 'CAMERA_3': []}",C_ENTERS,DOOR,NONE,,S_NONE,SERVICE_COUNTER,NONE,,
635,2,NONE,[],"{'CAMERA_1': [], 'CAMERA_2': [], 'CAMERA_3': []}",C_WALKS_TO_CAMERA,CAMERA_3,NONE,,S_GREETS,CAMERA_3,NONE,can I help you?,
635,3,CAMERA_3,['CAMERA_3'],"{'CAMERA_1': [], 'CAMERA_2': [], 'CAMERA_3': []}",C_LOOKING_FOR_A_CAMERA,CAMERA_3,NONE,I'm looking for a camera,S_INTRODUCES_CAMERA,CAMERA_3,,Let me show you this. Here we have the Canon EOS 5D Mark III.,39~60
635,4,CAMERA_3,['CAMERA_3'],"{'CAMERA_1': [], 'CAMERA_2': [], 'CAMERA_3': ['settings']}",C_SILENT_OR_BACKCHANNEL,CAMERA_3,NONE,I see,S_INTRODUCES_FEATURE,CAMERA_3,settings,This one has full manual control.,13~32
635,5,NONE,['CAMERA_3'],"{'CAMERA_1': [], 'CAMERA_2': [], 'CAMERA_3': ['settings']}",C_THANK_YOU,CAMERA_3,NONE,thank you for your help,S_THANK_YOU,CAMERA_3,NONE,thank you very much,
635,6,NONE,['CAMERA_3'],"{'CAMERA_1': [], 'CAMERA_2': [], 'CAMERA_3': ['settings']}",C_LEAVES,DOOR,NONE,,S_RETURNS_TO_COUNTER,SERVICE_COUNTER,NONE,,
636,1,NONE,[],"{'CAMERA_1': [], 'CAMERA_2': [], 'CAMERA_3': []}",C_ENTERS,DOOR,NONE,,S_NONE,SERVICE_COUNTER,NONE,,
636,2,NONE,[],"{'CAMERA_1': [], 'CAMERA_2': [], 'CAMERA_3': []}",C_WALKS_TO_CAMERA,CAMERA_1,NONE,,S_NONE,SERVICE_COUNTER,NONE,,
636,3,NONE,[],"{'CAMERA_1': [], 'CAMERA_2': [], 'CAMERA_3': []}",C_EXAMINES_CAMERA,CAMERA_1,NONE,,S_NONE,SERVICE_COUNTER,NONE,,
636,4,NONE,[],"{'CAMERA_1': [], 'CAMERA_2': [], 'CAMERA_3': []}",C_WALKS_TO_CAMERA,CAMERA_3,NONE,,S_GREETS,CAMERA_3,NONE,can I help you?,
636,5,CAMERA_2,['CAMERA_2'],"{'CAMERA_1': [], 'CAMERA_2': [], 'CAMERA_3': []}",C_LOOKING_FOR_A_CAMERA,CAMERA_3,NONE,I'm looking for a camera,S_INTRODUCES_CAMERA,CAMERA_2,,Let me show you this. Here we have the Sony Alpha a6000.,39~55
636,6,CAMERA_2,['CAMERA_2'],"{'CAMERA_1': [], 'CAMERA_2': ['sensor_size'], 'CAMERA_3': []}",C_QUESTION_ABOUT_FEATURE,CAMERA_2,sensor_size,what is the sensor size,S_ANSWERS_QUESTION_ABOUT_FEATURE,CAMERA_2,sensor_size,This one has a APS-C sensor (crop sensor).,15~41
636,7,NONE,['CAMERA_2'],"{'CAMERA_1': [], 'CAMERA_2': ['sensor_size'], 'CAMERA_3': []}",C_THANK_YOU,CAMERA_2,NONE,thank you for your help,S_THANK_YOU,CAMERA_2,NONE,thank you very much,
636,8,NONE,['CAMERA_2'],"{'CAMERA_1': [], 'CAMERA_2': ['sensor_size'], 'CAMERA_3': []}",C_LEAVES,DOOR,NONE,,S_RETURNS_TO_COUNTER,SERVICE_COUNTER,NONE,,
637,1,NONE,[],"{'CAMERA_1': [], 'CAMERA_2': [], 'CAMERA_3': []}",C_ENTERS,DOOR,NONE,,S_NONE,SERVICE_COUNTER,NONE,,
637,2,NONE,[],"{'CAMERA_1': [], 'CAMERA_2': [], 'CAMERA_3': []}",C_GREETS,MIDDLE,NONE,hello,S_GREETS,MIDDLE,NONE,can I help you?,
637,3,CAMERA_1,['CAMERA_1'],"{'CAMERA_1': [], 'CAMERA_2': [], 'CAMERA_3': []}",C_LOOKING_FOR_A_CAMERA,MIDDLE,NONE,I'm looking for a camera,S_INTRODUCES_CAMERA,CAMERA_1,,Let me show you this. Here we have the Nikon Coolpix S2800.,39~58
637,4,CAMERA_1,['CAMERA_1'],"{'CAMERA_1': ['optical_zoom'], 'CAMERA_2': [], 'CAMERA_3': []}",C_QUESTION_ABOUT_FEATURE,CAMERA_1,optical_zoom,does it have optical zoom,S_ANSWERS_QUESTION_ABOUT_FEATURE,CAMERA_1,optical_zoom,This one has 5x optical zoom.,13~28
637,5,CAMERA_1,['CAMERA_1'],"{'CAMERA_1': ['optical_zoom', 'weight'], 'CAMERA_2': [], 'CAMERA_3': []}",C_SILENT_OR_BACKCHANNEL,CAMERA_1,NONE,I see,S_INTRODUCES_FEATURE,CAMERA_1,weight,This one weighs 120 grams.,16~25
637,6,CAMERA_1,['CAMERA_1'],"{'CAMERA_1': ['optical_zoom', 'weight', 'price'], 'CAMERA_2': [], 'CAMERA_3': []}",C_SILENT_OR_BACKCHANNEL,CAMERA_1,NONE,okay,S_INTRODUCES_FEATURE,CAMERA_1,price,This one costs $2173.,15~20
637,7,NONE,['CAMERA_1'],"{'CAMERA_1': ['optical_zoom', 'weight', 'price'], 'CAMERA_2': [], 'CAMERA_3': []}",C_THANK_YOU,CAMERA_1,NONE,thank you for your help,S_THANK_YOU,CAMERA_1,NONE,thank you very much,
637,8,NONE,['CAMERA_1'],"{'CAMERA_1': ['optical_zoom', 'weight', 'price'], 'CAMERA_2': [], 'CAMERA_3': []}",C_LEAVES,DOOR,NONE,,S_RETURNS_TO_COUNTER,SERVICE_COUNTER,NONE,,
638,1,NONE,[],"{'CAMERA_1': [], 'CAMERA_2': [], 'CAMERA_3': []}",C_ENTERS,DOOR,NONE,,S_NONE,SERVICE_COUNTER,NONE,,
638,2,NONE,[],"{'CAMERA_1': [], 'CAMERA_2': [], 'CAMERA_3': []}",C_GREETS,MIDDLE,NONE,hello,S_GREETS,MIDDLE,NONE,can I help you?,
638,3,CAMERA_1,['CAMERA_1'],"{'CAMERA_1': [], 'CAMERA_2': [], 'CAMERA_3': []}",C_LOOKING_FOR_A_CAMERA,MIDDLE,NONE,I'm looking for a camera,S_INTRODUCES_CAMERA,CAMERA_1,,Let me show you this. Here we have the Nikon Coolpix S2800.,39~58
638,4,CAMERA_1,['CAMERA_1'],"{'CAMERA_1': ['preset_modes'], 'CAMERA_2': [], 'CAMERA_3': []}",C_SILENT_OR_BACKCHANNEL,CAMERA_1,NONE,okay,S_INTRODUCES_FEATURE,CAMERA_1,preset_modes,"This one has 18 preset modes (e.g. beach, snow, night portrait).",13~63
638,5,NONE,['CAMERA_1'],"{'CAMERA_1': ['preset_modes'], 'CAMERA_2': [], 'CAMERA_3': []}",C_THANK_YOU,CAMERA_1,NONE,thank you for your help,S_THANK_YOU,CAMERA_1,NONE,thank you very much,
638,6,NONE,['CAMERA_1'],"{'CAMERA_1': ['preset_modes'], 'CAMERA_2': [], 'CAMERA_3': []}",C_LEAVES,DOOR,NONE,,S_RETURNS_TO_COUNTER,SERVICE_COUNTER,NONE,,
639,1,NONE,[],"{'CAMERA_1': [], 'CAMERA_2': [], 'CAMERA_3': []}",C_ENTERS,DOOR,NONE,,S_NONE,SERVICE_COUNTER,NONE,,
639,2,NONE,[],"{'CAMERA_1': [], 'CAMERA_2': [], 'CAMERA_3': []}",C_WALKS_TO_CAMERA,CAMERA_2,NONE,,S_NONE,SERVICE_COUNTER,NONE,,
639,3,NONE,[],"{'CAMERA_1': [], 'CAMERA_2': [], 'CAMERA_3': []}",C_EXAMINES_CAMERA,CAMERA_2,NONE,,S_NONE,SERVICE_COUNTER,NONE,,
639,4,NONE,[],"{'CAMERA_1': [], 'CAMERA_2': [], 'CAMERA_3': []}",C_WALKS_TO_CAMERA,CAMERA_1,NONE,,S_GREETS,CAMERA_1,NONE,can I help you?,
639,5,CAMERA_2,['CAMERA_2'],"{'CAMERA_1': [], 'CAMERA_2': [], 'CAMERA_3': []}",C_LOOKING_FOR_A_CAMERA,CAMERA_1,NONE,I'm looking for a camera,S_INTRODUCES_CAMERA,CAMERA_2,,Let me show you this. Here we have the Sony Alpha a6000.,39~55
639,6,CAMERA_2,['CAMERA_2'],"{'CAMERA_1': [], 'CAMERA_2': ['price'], 'CAMERA_3': []}",C_QUESTION_ABOUT_FEATURE,CAMERA_2,price,how much does it cost,S_ANSWERS_QUESTION_ABOUT_FEATURE,CAMERA_2,price,This one costs $1341.,15~20
639,7,CAMERA_2,['CAMERA_2'],"{'CAMERA_1': [], 'CAMERA_2': ['price', 'preset_modes'], 'CAMERA_3': []}",C_QUESTION_ABOUT_FEATURE,CAMERA_2,preset_modes,does it have preset modes,S_ANSWERS_QUESTION_ABOUT_FEATURE,CAMERA_2,preset_modes,"This one has 9 preset modes (e.g. beach, snow, night, portrait).",13~63
639,8,CAMERA_2,['CAMERA_2'],"{'CAMERA_1': [], 'CAMERA_2': ['price', 'preset_modes', 'sensor_size'], 'CAMERA_3': []}",C_SILENT_OR_BACKCHANNEL,CAMERA_2,NONE,okay,S_INTRODUCES_FEATURE,CAMERA_2,sensor_size,This one has a APS-C sensor (crop sensor).,15~41
639,9,CAMERA_2,['CAMERA_2'],"{'CAMERA_1': [], 'CAMERA_2': ['price', 'preset_modes', 'sensor_size', 'color'], 'CAMERA_3': []}",C_QUESTION_ABOUT_FEATURE,CAMERA_2,color,what colors does this one come in,S_ANSWERS_QUESTION_ABOUT_FEATURE,CAMERA_2,color,"This one comes in white, silver, black.",18~38
639,10,CAMERA_2,['CAMERA_2'],"{'CAMERA_1': [], 'CAMERA_2': ['price', 'preset_modes', 'sensor_size', 'color', 'weight'], 'CAMERA_3': []}",C_SILENT_OR_BACKCHANNEL,CAMERA_2,NONE,okay,S_INTRODUCES_FEATURE,CAMERA_2,weight,This one weighs 470 grams.,16~25
639,11,NONE,['CAMERA_2'],"{'CAMERA_1': [], 'CAMERA_2': ['price', 'preset_modes', 'sensor_size', 'color', 'weight'], 'CAMERA_3': []}",C_THANK_YOU,CAMERA_2,NONE,thank you for your help,S_THANK_YOU,CAMERA_2,NONE,thank you very much,
639,12,NONE,['CAMERA_2'],"{'CAMERA_1': [], 'CAMERA_2': ['price', 'preset_modes', 'sensor_size', 'color', 'weight'], 'CAMERA_3': []}",C_LEAVES,DOOR,NONE,,S_RETURNS_TO_COUNTER,SERVICE_COUNTER,NONE,,
640,1,NONE,[],"{'CAMERA_1': [], 'CAMERA_2': [], 'CAMERA_3': []}",C_ENTERS,DOOR,NONE,,S_NONE,SERVICE_COUNTER,NONE,,
640,2,NONE,[],"{'CAMERA_1': [], 'CAMERA_2': [], 'CAMERA_3': []}",C_GREETS,MIDDLE,NONE,hello,S_GREETS,MIDDLE,NONE,can I help you?,
640,3,CAMERA_3,['CAMERA_3'],"{'CAMERA_1': [], 'CAMERA_2': [], 'CAMERA_3': []}",C_LOOKING_FOR_A_CAMERA,MIDDLE,NONE,I'm looking for a camera,S_INTRODUCES_CAMERA,CAMERA_3,,Let me show you this. Here we have the Canon EOS 5D Mark III.,39~60
640,4,CAMERA_3,['CAMERA_3'],"{'CAMERA_1': [], 'CAMERA_2': [], 'CAMERA_3': ['price']}",C_QUESTION_ABOUT_FEATURE,CAMERA_3,price,how much does it cost,S_ANSWERS_QUESTION_ABOUT_FEATURE,CAMERA_3,price,This one costs $3706.,15~20
640,5,NONE,['CAMERA_3'],"{'CAMERA_1': [], 'CAMERA_2': [], 'CAMERA_3': ['price']}",C_THANK_YOU,CAMERA_3,NONE,thank you for your help,S_THANK_YOU,CAMERA_3,NONE,thank you very much,
640,6,NONE,['CAMERA_3'],"{'CAMERA_1': [], 'CAMERA_2': [], 'CAMERA_3': ['price']}",C_LEAVES,DOOR,NONE,,S_RETURNS_TO_COUNTER,SERVICE_COUNTER,NONE,,
641,1,NONE,[],"{'CAMERA_1': [], 'CAMERA_2': [], 'CAMERA_3': []}",C_ENTERS,DOOR,NONE,,S_NONE,SERVICE_COUNTER,NONE,,
641,2,NONE,[],"{'CAMERA_1': [], 'CAMERA_2': [], 'CAMERA_3': []}",C_WALKS_TO_CAMERA,CAMERA_2,NONE,,S_GREETS,CAMERA_2,NONE,can I help you?,
641,3,CAMERA_2,['CAMERA_2'],"{'CAMERA_1': [], 'CAMERA_2': [], 'CAMERA_3': []}",C_LOOKING_FOR_A_CAMERA,CAMERA_2,NONE,I'm looking for a camera,S_INTRODUCES_CAMERA,CAMERA_2,,Let me show you this. Here we have the Sony Alpha a6000.,39~55
641,4,CAMERA_2,['CAMERA_2'],"{'CAMERA_1': [], 'CAMERA_2': ['price'], 'CAMERA_3': []}",C_SILENT_OR_BACKCHANNEL,CAMERA_2,NONE,okay,S_INTRODUCES_FEATURE,CAMERA_2,price,This one costs $1341.,15~20
641,5,CAMERA_2,['CAMERA_2'],"{'CAMERA_1': [], 'CAMERA_2': ['price', 'ISO'], 'CAMERA_3': []}",C_QUESTION_ABOUT_FEATURE,CAMERA_2,ISO,what is the ISO,S_ANSWERS_QUESTION_ABOUT_FEATURE,CAMERA_2,ISO,This one has up to 3200 ISO with little noise.,13~45
641,6,CAMERA_1,"['CAMERA_2', 'CAMERA_1']","{'CAMERA_1': [], 'CAMERA_2': ['price', 'ISO'], 'CAMERA_3': []}",C_ANYTHING_ELSE_AVAILABLE,CAMERA_2,NONE,ok do you have any other cameras,S_INTRODUCES_CAMERA,CAMERA_1,,Let me show you this. Here we have the Nikon Coolpix S2800.,39~58
641,7,CAMERA_1,"['CAMERA_2', 'CAMERA_1']","{'CAMERA_1': ['camera_type'], 'CAMERA_2': ['price', 'ISO'], 'CAMERA_3': []}",C_QUESTION_ABOUT_FEATURE,CAMERA_1,camera_type,what kind of camera is this,S_ANSWERS_QUESTION_ABOUT_FEATURE,CAMERA_1,camera_type,This is a point and shoot camera.,10~25
641,8,CAMERA_1,"['CAMERA_2', 'CAMERA_1']","{'CAMERA_1': ['camera_type', 'price'], 'CAMERA_2': ['price', 'ISO'], 'CAMERA_3': []}",C_SILENT_OR_BACKCHANNEL,CAMERA_1,NONE,I see,S_INTRODUCES_FEATURE,CAMERA_1,price,This one costs $2173.,15~20
641,9,CAMERA_1,"['CAMERA_2', 'CAMERA_1']","{'CAMERA_1': ['camera_type', 'price', 'settings'], 'CAMERA_2': ['price', 'ISO'], 'CAMERA_3': []}",C_SILENT_OR_BACKCHANNEL,CAMERA_1,NONE,okay,S_INTRODUCES_FEATURE,CAMERA_1,settings,This one has limited manual settings.,13~36
641,10,NONE,"['CAMERA_2', 'CAMERA_1']","{'CAMERA_1': ['camera_type', 'price', 'settings'], 'CAMERA_2': ['price', 'ISO'], 'CAMERA_3': []}",C_THANK_YOU,CAMERA_1,NONE,thank you for your help,S_THANK_YOU,CAMERA_1,NONE,thank you very much,
641,11,NONE,"['CAMERA_2', 'CAMERA_1']","{'CAMERA_1': ['camera_type', 'price', 'settings'], 'CAMERA_2': ['price', 'ISO'], 'CAMERA_3': []}",C_LEAVES,DOOR,NONE,,S_RETURNS_TO_COUNTER,SERVICE_COUNTER,NONE,,
642,1,NONE,[],"{'CAMERA_1': [], 'CAMERA_2': [], 'CAMERA_3': []}",C_ENTERS,DOOR,NONE,,S_NONE,SERVICE_COUNTER,NONE,,
642,2,NONE,[],"{'CAMERA_1': [], 'CAMERA_2': [], 'CAMERA_3': []}",C_WALKS_TO_CAMERA,CAMERA_1,NONE,,S_NONE,SERVICE_COUNTER,NONE,,
642,3,NONE,[],"{'CAMERA_1': [], 'CAMERA_2': [], 'CAMERA_3': []}",C_EXAMINES_CAMERA,CAMERA_1,NONE,,S_GREETS,CAMERA_1,NONE,can I help you?,
642,4,CAMERA_3,['CAMERA_3'],"{'CAMERA_1': [], 'CAMERA_2': [], 'CAMERA_3': []}",C_LOOKING_FOR_A_CAMERA,CAMERA_1,NONE,I'm looking for a camera,S_INTRODUCES_CAMERA,CAMERA_3,,Let me show you this. Here we have the Canon EOS 5D Mark III.,39~60
642,5,CAMERA_3,['CAMERA_3'],"{'CAMERA_1': [], 'CAMERA_2': [], 'CAMERA_3': ['effects']}",C_QUESTION_ABOUT_FEATURE,CAMERA_3,effects,does it have any effect modes,S_NOT_SURE,CAMERA_3,,I'm not really sure about that,
642,6,CAMERA_3,['CAMERA_3'],"{'CAMERA_1': [], 'CAMERA_2': [], 'CAMERA_3': ['effects', 'optical_zoom']}",C_QUESTION_ABOUT_FEATURE,CAMERA_3,optical_zoom,does it have optical zoom,S_NOT_SURE,CAMERA_3,,I'm not really sure about that,
642,7,NONE,['CAMERA_3'],"{'CAMERA_1': [], 'CAMERA_2': [], 'CAMERA_3': ['effects', 'optical_zoom']}",C_THANK_YOU,CAMERA_3,NONE,thank you for your help,S_THANK_YOU,CAMERA_3,NONE,thank you very much,
642,8,NONE,['CAMERA_3'],"{'CAMERA_1': [], 'CAMERA_2': [], 'CAMERA_3': ['effects', 'optical_zoom']}",C_LEAVES,DOOR,NONE,,S_RETURNS_TO_COUNTER,SERVICE_COUNTER,NONE,,
643,1,NONE,[],"{'CAMERA_1': [], 'CAMERA_2': [], 'CAMERA_3': []}",C_ENTERS,DOOR,NONE,,S_NONE,SERVICE_COUNTER,NONE,,
643,2,NONE,[],"{'CAMERA_1': [], 'CAMERA_2': [], 'CAMERA_3': []}",C_GREETS,MIDDLE,NONE,hello,S_GREETS,MIDDLE,NONE,can I help you?,
643,3,CAMERA_1,['CAMERA_1'],"{'CAMERA_1': [], 'CAMERA_2': [], 'CAMERA_3': []}",C_LOOKING_FOR_A_CAMERA,MIDDLE,NONE,I'm looking for a camera,S_INTRODUCES_CAMERA,CAMERA_1,,Let me show you this. Here we have the Nikon Coolpix S2800.,39~58
643,4,CAMERA_1,['CAMERA_1'],"{'CAMERA_1': ['long_exposure'], 'CAMERA_2': [], 'CAMERA_3': []}",C_QUESTION_ABOUT_FEATURE,CAMERA_1,long_exposure,can it take long exposure shots,S_NOT_SURE,CAMERA_1,,I'm not really sure about that,
643,5,NONE,['CAMERA_1'],"{'CAMERA_1': ['long_exposure'], 'CAMERA_2': [], 'CAMERA_3': []}",C_THANK_YOU,CAMERA_1,NONE,thank you for your help,S_THANK_YOU,CAMERA_1,NONE,thank you very much,
643,6,NONE,['CAMERA_1'],"{'CAMERA_1': ['long_exposure'], 'CAMERA_2': [], 'CAMERA_3': []}",C_LEAVES,DOOR,NONE,,S_RETURNS_TO_COUNTER,SERVICE_COUNTER,NONE,,
644,1,NONE,[],"{'CAMERA_1': [], 'CAMERA_2': [], 'CAMERA_3': []}",C_ENTERS,DOOR,NONE,,S_NONE,SERVICE_COUNTER,NONE,,
644,2,NONE,[],"{'CAMERA_1': [], 'CAMERA_2': [], 'CAMERA_3': []}",C_GREETS,MIDDLE,NONE,hello,S_GREETS,MIDDLE,NONE,can I help you?,
644,3,CAMERA_1,['CAMERA_1'],"{'CAMERA_1': [], 'CAMERA_2': [], 'CAMERA_3': []}",C_LOOKING_FOR_A_CAMERA,MIDDLE,NONE,I'm looking for a camera,S_INTRODUCES_CAMERA,CAMERA_1,,Let me show you this. Here we have the Nikon Coolpix S2800.,39~58
644,4,CAMERA_1,['CAMERA_1'],"{'CAMERA_1': ['camera_type'], 'CAMERA_2': [], 'CAMERA_3': []}",C_QUESTION_ABOUT_FEATURE,CAMERA_1,camera_type,what kind of camera is this,S_ANSWERS_QUESTION_ABOUT_FEATURE,CAMERA_1,camera_type,This is a point and shoot camera.,10~25
644,5,CAMERA_1,['CAMERA_1'],"{'CAMERA_1': ['camera_type', 'optical_zoom'], 'CAMERA_2': [], 'CAMERA_3': []}",C_QUESTION_ABOUT_FEATURE,CAMERA_1,optical_zoom,does it have optical zoom,S_ANSWERS_QUESTION_ABOUT_FEATURE,CAMERA_1,optical_zoom,This one has 5x optical zoom.,13~28
644,6,CAMERA_1,['CAMERA_1'],"{'CAMERA_1': ['camera_type', 'optical_zoom', 'weight'], 'CAMERA_2': [], 'CAMERA_3': []}",C_QUESTION_ABOUT_FEATURE,CAMERA_1,weight,how much does this one weigh,S_ANSWERS_QUESTION_ABOUT_FEATURE,CAMERA_1,weight,This one weighs 120 grams.,16~25
644,7,CAMERA_1,['CAMERA_1'],"{'CAMERA_1': ['camera_type', 'optical_zoom', 'weight', 'settings'], 'CAMERA_2': [], 'CAMERA_3': []}",C_SILENT_OR_BACKCHANNEL,CAMERA_1,NONE,I see,S_INTRODUCES_FEATURE,CAMERA_1,settings,This one has limited manual settings.,13~36
644,8,CAMERA_1,['CAMERA_1'],"{'CAMERA_1': ['camera_type', 'optical_zoom', 'weight', 'settings', 'effects'], 'CAMERA_2': [], 'CAMERA_3': []}",C_QUESTION_ABOUT_FEATURE,CAMERA_1,effects,does it have any effect modes,S_ANSWERS_QUESTION_ABOUT_FEATURE,CAMERA_1,effects,"This one has 12 glamor retouch effects (e.g. skin softening, small face, big eyes).",13~82
644,9,CAMERA_1,['CAMERA_1'],"{'CAMERA_1': ['camera_type', 'optical_zoom', 'weight', 'settings', 'effects', 'long_exposure'], 'CAMERA_2': [], 'CAMERA_3': []}",C_QUESTION_ABOUT_FEATURE,CAMERA_1,long_exposure,can it take long exposure shots,S_NOT_SURE,CAMERA_1,,I'm not really sure about that,
644,10,NONE,['CAMERA_1'],"{'CAMERA_1': ['camera_type', 'optical_zoom', 'weight', 'settings', 'effects', 'long_exposure'], 'CAMERA_2': [], 'CAMERA_3': []}",C_THANK_YOU,CAMERA_1,NONE,thank you for your help,S_THANK_YOU,CAMERA_1,NONE,thank you very much,
644,11,NONE,['CAMERA_1'],"{'CAMERA_1': ['camera_type', 'optical_zoom', 'weight', 'settings', 'effects', 'long_exposure'], 'CAMERA_2': [], 'CAMERA_3': []}",C_LEAVES,DOOR,NONE,,S_RETURNS_TO_COUNTER,SERVICE_COUNTER,NONE,,
645,1,NONE,[],"{'CAMERA_1': [], 'CAMERA_2': [], 'CAMERA_3': []}",C_ENTERS,DOOR,NONE,,S_NONE,SERVICE_COUNTER,NONE,,
645,2,NONE,[],"{'CAMERA_1': [], 'CAMERA_2': [], 'CAMERA_3': []}",C_GREETS,MIDDLE,NONE,hello,S_GREETS,MIDDLE,NONE,can I help you?,
645,3,CAMERA_1,['CAMERA_1'],"{'CAMERA_1': [], 'CAMERA_2': [], 'CAMERA_3': []}",C_LOOKING_FOR_A_CAMERA,MIDDLE,NONE,I'm looking for a camera,S_INTRODUCES_CAMERA,CAMERA_1,,Let me show you this. Here we have the Nikon Coolpix S2800.,39~58
645,4,CAMERA_1,['CAMERA_1'],"{'CAMERA_1': ['ISO'], 'CAMERA_2': [], 'CAMERA_3': []}",C_QUESTION_ABOUT_FEATURE,CAMERA_1,ISO,what is the ISO,S_NOT_SURE,CAMERA_1,,I'm not really sure about that,
645,5,CAMERA_3,"['CAMERA_1', 'CAMERA_3']","{'CAMERA_1': ['ISO'], 'CAMERA_2': [], 'CAMERA_3': []}",C_ANYTHING_ELSE_AVAILABLE,CAMERA_1,NONE,ok do you have any other cameras,S_INTRODUCES_CAMERA,CAMERA_3,,Let me show you this. Here we have the Canon EOS 5D Mark III.,39~60
645,6,CAMERA_3,"['CAMERA_1', 'CAMERA_3']","{'CAMERA_1': ['ISO'], 'CAMERA_2': [], 'CAMERA_3': ['ISO']}",C_SILENT_OR_BACKCHANNEL,CAMERA_3,NONE,I see,S_INTRODUCES_FEATURE,CAMERA_3,ISO,This one has up to 6400 ISO with little noise.,13~45
645,7,CAMERA_2,"['CAMERA_1', 'CAMERA_3', 'CAMERA_2']","{'CAMERA_1': ['ISO'], 'CAMERA_2': [], 'CAMERA_3': ['ISO']}",C_ANYTHING_ELSE_AVAILABLE,CAMERA_3,NONE,ok do you have any other cameras,S_INTRODUCES_CAMERA,CAMERA_2,,Let me show you this. Here we have the Sony Alpha a6000.,39~55
645,8,CAMERA_2,"['CAMERA_1', 'CAMERA_3', 'CAMERA_2']","{'CAMERA_1': ['ISO'], 'CAMERA_2': ['long_exposure'], 'CAMERA_3': ['ISO']}",C_QUESTION_ABOUT_FEATURE,CAMERA_2,long_exposure,can it take long exposure shots,S_ANSWERS_QUESTION_ABOUT_FEATURE,CAMERA_2,long_exposure,This one can take long exposures up to up to 30 seconds.,39~55
645,9,CAMERA_2,"['CAMERA_1', 'CAMERA_3', 'CAMERA_2']","{'CAMERA_1': ['ISO'], 'CAMERA_2': ['long_exposure', 'weight'], 'CAMERA_3': ['ISO']}",C_QUESTION_ABOUT_FEATURE,CAMERA_2,weight,how much does this one weigh,S_ANSWERS_QUESTION_ABOUT_FEATURE,CAMERA_2,weight,This one weighs 470 grams.,16~25
645,10,CAMERA_2,"['CAMERA_1', 'CAMERA_3', 'CAMERA_2']","{'CAMERA_1': ['ISO'], 'CAMERA_2': ['long_exposure', 'weight', 'ISO'], 'CAMERA_3': ['ISO']}",C_QUESTION_ABOUT_FEATURE,CAMERA_2,ISO,what is the ISO,S_ANSWERS_QUESTION_ABOUT_FEATURE,CAMERA_2,ISO,This one has up to 3200 ISO with little noise.,13~45
645,11,CAMERA_2,"['CAMERA_1', 'CAMERA_3', 'CAMERA_2']","{'CAMERA_1': ['ISO'], 'CAMERA_2': ['long_exposure', 'weight', 'ISO', 'preset_modes'], 'CAMERA_3': ['ISO']}",C_SILENT_OR_BACKCHANNEL,CAMERA_2,NONE,I see,S_INTRODUCES_FEATURE,CAMERA_2,preset_modes,"This one has 9 preset modes (e.g. beach, snow, night, portrait).",13~63
645,12,CAMERA_2,"['CAMERA_1', 'CAMERA_3', 'CAMERA_2']","{'CAMERA_1': ['ISO'], 'CAMERA_2': ['long_exposure', 'weight', 'ISO', 'preset_modes', 'settings'], 'CAMERA_3': ['ISO']}",C_SILENT_OR_BACKCHANNEL,CAMERA_2,NONE,I see,S_INTRODUCES_FEATURE,CAMERA_2,settings,This one has full manual control.,13~32
645,13,CAMERA_2,"['CAMERA_1', 'CAMERA_3', 'CAMERA_2']","{'CAMERA_1': ['ISO'], 'CAMERA_2': ['long_exposure', 'weight', 'ISO', 'preset_modes', 'settings', 'color'], 'CAMERA_3': ['ISO']}",C_QUESTION_ABOUT_FEATURE,CAMERA_2,color,what colors does this one come in,S_ANSWERS_QUESTION_ABOUT_FEATURE,CAMERA_2,color,"This one comes in white, silver, black.",18~38
645,14,CAMERA_2,"['CAMERA_1', 'CAMERA_3', 'CAMERA_2']","{'CAMERA_1': ['ISO'], 'CAMERA_2': ['long_exposure', 'weight', 'ISO', 'preset_modes', 'settings', 'color', 'sensor_size'], 'CAMERA_3': ['ISO']}",C_SILENT_OR_BACKCHANNEL,CAMERA_2,NONE,okay,S_INTRODUCES_FEATURE,CAMERA_2,sensor_size,This one has a APS-C sensor (crop sensor).,15~41
645,15,CAMERA_2,"['CAMERA_1', 'CAMERA_3', 'CAMERA_2']","{'CAMERA_1': ['ISO'], 'CAMERA_2': ['long_exposure', 'weight', 'ISO', 'preset_modes', 'settings', 'color', 'sensor_size', 'effects'], 'CAMERA_3': ['ISO']}",C_QUESTION_ABOUT_FEATURE,CAMERA_2,effects,does it have any effect modes,S_ANSWERS_QUESTION_ABOUT_FEATURE,CAMERA_2,effects,"This one has 13 artistic effect modes (e.g. toy camera, soft focus).",13~67
645,16,CAMERA_2,"['CAMERA_1', 'CAMERA_3', 'CAMERA_2']","{'CAMERA_1': ['ISO'], 'CAMERA_2': ['long_exposure', 'weight', 'ISO', 'preset_modes', 'settings', 'color', 'sensor_size', 'effects', 'camera_type'], 'CAMERA_3': ['ISO']}",C_SILENT_OR_BACKCHANNEL,CAMERA_2,NONE,I see,S_INTRODUCES_FEATURE,CAMERA_2,camera_type,This is a mirrorless camera.,10~20
645,17,CAMERA_2,"['CAMERA_1', 'CAMERA_3', 'CAMERA_2']","{'CAMERA_1': ['ISO'], 'CAMERA_2': ['long_exposure', 'weight', 'ISO', 'preset_modes', 'settings', 'color', 'sensor_size', 'effects', 'camera_type', 'autofocus_points'], 'CAMERA_3': ['ISO']}",C_QUESTION_ABOUT_FEATURE,CAMERA_2,autofocus_points,how many autofocus points does it have,S_ANSWERS_QUESTION_ABOUT_FEATURE,CAMERA_2,autofocus_points,This one has 179 autofocus points.,13~33
645,18,CAMERA_2,"['CAMERA_1', 'CAMERA_3', 'CAMERA_2']","{'CAMERA_1': ['ISO'], 'CAMERA_2': ['long_exposure', 'weight', 'ISO', 'preset_modes', 'settings', 'color', 'sensor_size', 'effects', 'camera_type', 'autofocus_points', 'price'], 'CAMERA_3': ['ISO']}",C_SILENT_OR_BACKCHANNEL,CAMERA_2,NONE,okay,S_INTRODUCES_FEATURE,CAMERA_2,price,This one costs $1341.,15~20
645,19,,"['CAMERA_1', 'CAMERA_3', 'CAMERA_2']","{'CAMERA_1': ['ISO'], 'CAMERA_2': ['long_exposure', 'weight', 'ISO', 'preset_modes', 'settings', 'color', 'sensor_size', 'effects', 'camera_type', 'autofocus_points', 'price'], 'CAMERA_3': ['ISO']}",C_ANYTHING_ELSE_AVAILABLE,CAMERA_2,NONE,ok do you have any other cameras,S_THATS_ALL_WE_HAVE_AVAILABLE,CAMERA_2,,That’s all we have available at the moment.,
645,20,NONE,"['CAMERA_1', 'CAMERA_3', 'CAMERA_2']","{'CAMERA_1': ['ISO'], 'CAMERA_2': ['long_exposure', 'weight', 'ISO', 'preset_modes', 'settings', 'color', 'sensor_size', 'effects', 'camera_type', 'autofocus_points', 'price'], 'CAMERA_3': ['ISO']}",C_THANK_YOU,CAMERA_2,NONE,thank you for your help,S_THANK_YOU,CAMERA_2,NONE,thank you very much,
645,21,NONE,"['CAMERA_1', 'CAMERA_3', 'CAMERA_2']","{'CAMERA_1': ['ISO'], 'CAMERA_2': ['long_exposure', 'weight', 'ISO', 'preset_modes', 'settings', 'color', 'sensor_size', 'effects', 'camera_type', 'autofocus_points', 'price'], 'CAMERA_3': ['ISO']}",C_LEAVES,DOOR,NONE,,S_RETURNS_TO_COUNTER,SERVICE_COUNTER,NONE,,
646,1,NONE,[],"{'CAMERA_1': [], 'CAMERA_2': [], 'CAMERA_3': []}",C_ENTERS,DOOR,NONE,,S_NONE,SERVICE_COUNTER,NONE,,
646,2,NONE,[],"{'CAMERA_1': [], 'CAMERA_2': [], 'CAMERA_3': []}",C_WALKS_TO_CAMERA,CAMERA_2,NONE,,S_GREETS,CAMERA_2,NONE,can I help you?,
646,3,CAMERA_1,['CAMERA_1'],"{'CAMERA_1': [], 'CAMERA_2': [], 'CAMERA_3': []}",C_LOOKING_FOR_A_CAMERA,CAMERA_2,NONE,I'm looking for a camera,S_INTRODUCES_CAMERA,CAMERA_1,,Let me show you this. Here we have the Nikon Coolpix S2800.,39~58
646,4,CAMERA_1,['CAMERA_1'],"{'CAMERA_1': ['optical_zoom'], 'CAMERA_2': [], 'CAMERA_3': []}",C_QUESTION_ABOUT_FEATURE,CAMERA_1,optical_zoom,does it have optical zoom,S_ANSWERS_QUESTION_ABOUT_FEATURE,CAMERA_1,optical_zoom,This one has 5x optical zoom.,13~28
646,5,CAMERA_1,['CAMERA_1'],"{'CAMERA_1': ['optical_zoom', 'effects'], 'CAMERA_2': [], 'CAMERA_3': []}",C_QUESTION_ABOUT_FEATURE,CAMERA_1,effects,does it have any effect modes,S_ANSWERS_QUESTION_ABOUT_FEATURE,CAMERA_1,effects,"This one has 12 glamor retouch effects (e.g. skin softening, small face, big eyes).",13~82
646,6,NONE,['CAMERA_1'],"{'CAMERA_1': ['optical_zoom', 'effects'], 'CAMERA_2': [], 'CAMERA_3': []}",C_THANK_YOU,CAMERA_1,NONE,thank you for your help,S_THANK_YOU,CAMERA_1,NONE,thank you very much,
646,7,NONE,['CAMERA_1'],"{'CAMERA_1': ['optical_zoom', 'effects'], 'CAMERA_2': [], 'CAMERA_3': []}",C_LEAVES,DOOR,NONE,,S_RETURNS_TO_COUNTER,SERVICE_COUNTER,NONE,,
647,1,NONE,[],"{'CAMERA_1': [], 'CAMERA_2': [], 'CAMERA_3': []}",C_ENTERS,DOOR,NONE,,S_NONE,SERVICE_COUNTER,NONE,,
647,2,NONE,[],"{'CAMERA_1': [], 'CAMERA_2': [], 'CAMERA_3': []}",C_GREETS,MIDDLE,NONE,hello,S_GREETS,MIDDLE,NONE,can I help you?,
647,3,CAMERA_3,['CAMERA_3'],"{'CAMERA_1': [], 'CAMERA_2': [], 'CAMERA_3': []}",C_LOOKING_FOR_A_CAMERA,MIDDLE,NONE,I'm looking for a camera,S_INTRODUCES_CAMERA,CAMERA_3,,Let me show you this. Here we have the Canon EOS 5D Mark III.,39~60
647,4,CAMERA_3,['CAMERA_3'],"{'CAMERA_1': [], 'CAMERA_2': [], 'CAMERA_3': ['weight']}",C_QUESTION_ABOUT_FEATURE,CAMERA_3,weight,how much does this one weigh,S_ANSWERS_QUESTION_ABOUT_FEATURE,CAMERA_3,weight,This one weighs 950 grams (only body).,16~37
647,5,CAMERA_3,['CAMERA_3'],"{'CAMERA_1': [], 'CAMERA_2': [], 'CAMERA_3': ['weight', 'ISO']}",C_SILENT_OR_BACKCHANNEL,CAMERA_3,NONE,okay,S_INTRODUCES_FEATURE,CAMERA_3,ISO,This one has up to 6400 ISO with little noise.,13~45
647,6,CAMERA_3,['CAMERA_3'],"{'CAMERA_1': [], 'CAMERA_2': [], 'CAMERA_3': ['weight', 'ISO', 'color']}",C_QUESTION_ABOUT_FEATURE,CAMERA_3,color,what colors does this one come in,S_ANSWERS_QUESTION_ABOUT_FEATURE,CAMERA_3,color,This one comes in black.,18~23
647,7,CAMERA_3,['CAMERA_3'],"{'CAMERA_1': [], 'CAMERA_2': [], 'CAMERA_3': ['weight', 'ISO', 'color', 'autofocus_points']}",C_SILENT_OR_BACKCHANNEL,CAMERA_3,NONE,I see,S_INTRODUCES_FEATURE,CAMERA_3,autofocus_points,This one has 61 autofocus points.,13~32
647,8,CAMERA_1,"['CAMERA_3', 'CAMERA_1']","{'CAMERA_1': [], 'CAMERA_2': [], 'CAMERA_3': ['weight', 'ISO', 'color', 'autofocus_points']}",C_ANYTHING_ELSE_AVAILABLE,CAMERA_3,NONE,ok do you have any other cameras,S_INTRODUCES_CAMERA,CAMERA_1,,Let me show you this. Here we have the Nikon Coolpix S2800.,39~58
647,9,CAMERA_1,"['CAMERA_3', 'CAMERA_1']","{'CAMERA_1': ['settings'], 'CAMERA_2': [], 'CAMERA_3': ['weight', 'ISO', 'color', 'autofocus_points']}",C_SILENT_OR_BACKCHANNEL,CAMERA_1,NONE,okay,S_INTRODUCES_FEATURE,CAMERA_1,settings,This one has limited manual settings.,13~36
647,10,NONE,"['CAMERA_3', 'CAMERA_1']","{'CAMERA_1': ['settings'], 'CAMERA_2': [], 'CAMERA_3': ['weight', 'ISO', 'color', 'autofocus_points']}",C_THANK_YOU,CAMERA_1,NONE,thank you for your help,S_THANK_YOU,CAMERA_1,NONE,thank you very much,
647,11,NONE,"['CAMERA_3', 'CAMERA_1']","{'CAMERA_1': ['settings'], 'CAMERA_2': [], 'CAMERA_3': ['weight', 'ISO', 'color', 'autofocus_points']}",C_LEAVES,DOOR,NONE,,S_RETURNS_TO_COUNTER,SERVICE_COUNTER,NONE,,
648,1,NONE,[],"{'CAMERA_1': [], 'CAMERA_2': [], 'CAMERA_3': []}",C_ENTERS,DOOR,NONE,,S_NONE,SERVICE_COUNTER,NONE,,
648,2,NONE,[],"{'CAMERA_1': [], 'CAMERA_2': [], 'CAMERA_3': []}",C_WALKS_TO_CAMERA,CAMERA_3,NONE,,S_GREETS,CAMERA_3,NONE,can I help you?,
648,3,CAMERA_1,['CAMERA_1'],"{'CAMERA_1': [], 'CAMERA_2': [], 'CAMERA_3': []}",C_LOOKING_FOR_A_CAMERA,CAMERA_3,NONE,I'm looking for a camera,S_INTRODUCES_CAMERA,CAMERA_1,,Let me show you this. Here we have the Nikon Coolpix S2800.,39~58
648,4,CAMERA_1,['CAMERA_1'],"{'CAMERA_1': ['price'], 'CAMERA_2': [], 'CAMERA_3': []}",C_SILENT_OR_BACKCHANNEL,CAMERA_1,NONE,alright,S_INTRODUCES_FEATURE,CAMERA_1,price,This one costs $2173.,15~20
648,5,CAMERA_1,['CAMERA_1'],"{'CAMERA_1': ['price', 'preset_modes'], 'CAMERA_2': [], 'CAMERA_3': []}",C_QUESTION_ABOUT_FEATURE,CAMERA_1,preset_modes,does it have preset modes,S_ANSWERS_QUESTION_ABOUT_FEATURE,CAMERA_1,preset_modes,"This one has 18 preset modes (e.g. beach, snow, night portrait).",13~63
648,6,CAMERA_1,['CAMERA_1'],"{'CAMERA_1': ['price', 'preset_modes', 'camera_type'], 'CAMERA_2': [], 'CAMERA_3': []}",C_QUESTION_ABOUT_FEATURE,CAMERA_1,camera_type,what kind of camera is this,S_ANSWERS_QUESTION_ABOUT_FEATURE,CAMERA_1,camera_type,This is a point and shoot camera.,10~25
648,7,CAMERA_1,['CAMERA_1'],"{'CAMERA_1': ['price', 'preset_modes', 'camera_type', 'resolution'], 'CAMERA_2': [], 'CAMERA_3': []}",C_SILENT_OR_BACKCHANNEL,CAMERA_1,NONE,I see,S_INTRODUCES_FEATURE,CAMERA_1,resolution,This one has 20.1 megapixels resolution.,13~28
648,8,NONE,['CAMERA_1'],"{'CAMERA_1': ['price', 'preset_modes', 'camera_type', 'resolution'], 'CAMERA_2': [], 'CAMERA_3': []}",C_THANK_YOU,CAMERA_1,NONE,thank you for your help,S_THANK_YOU,CAMERA_1,NONE,thank you very much,
648,9,NONE,['CAMERA_1'],"{'CAMERA_1': ['price', 'preset_modes', 'camera_type', 'resolution'], 'CAMERA_2': [], 'CAMERA_3': []}",C_LEAVES,DOOR,NONE,,S_RETURNS_TO_COUNTER,SERVICE_COUNTER,NONE,,
649,1,NONE,[],"{'CAMERA_1': [], 'CAMERA_2': [], 'CAMERA_3': []}",C_ENTERS,DOOR,NONE,,S_NONE,SERVICE_COUNTER,NONE,,
649,2,NONE,[],"{'CAMERA_1': [], 'CAMERA_2': [], 'CAMERA_3': []}",C_GREETS,MIDDLE,NONE,hello,S_GREETS,MIDDLE,NONE,can I help you?,
649,3,CAMERA_1,['CAMERA_1'],"{'CAMERA_1': [], 'CAMERA_2': [], 'CAMERA_3': []}",C_LOOKING_FOR_A_CAMERA,MIDDLE,NONE,I'm looking for a camera,S_INTRODUCES_CAMERA,CAMERA_1,,Let me show you this. Here we have the Nikon Coolpix S2800.,39~58
649,4,CAMERA_1,['CAMERA_1'],"{'CAMERA_1': ['camera_type'], 'CAMERA_2': [], 'CAMERA_3': []}",C_SILENT_OR_BACKCHANNEL,CAMERA_1,NONE,okay,S_INTRODUCES_FEATURE,CAMERA_1,camera_type,This is a point and shoot camera.,10~25
649,5,CAMERA_1,['CAMERA_1'],"{'CAMERA_1': ['camera_type', 'color'], 'CAMERA_2': [], 'CAMERA_3': []}",C_QUESTION_ABOUT_FEATURE,CAMERA_1,color,what colors does this one come in,S_ANSWERS_QUESTION_ABOUT_FEATURE,CAMERA_1,color,"This one comes in purple, pink, black, silver, red.",18~50
649,6,CAMERA_1,['CAMERA_1'],"{'CAMERA_1': ['camera_type', 'color', 'price'], 'CAMERA_2': [], 'CAMERA_3': []}",C_QUESTION_ABOUT_FEATURE,CAMERA_1,price,how much does it cost,S_ANSWERS_QUESTION_ABOUT_FEATURE,CAMERA_1,price,This one costs $2173.,15~20
649,7,CAMERA_1,['CAMERA_1'],"{'CAMERA_1': ['camera_type', 'color', 'price', 'settings'], 'CAMERA_2': [], 'CAMERA_3': []}",C_QUESTION_ABOUT_FEATURE,CAMERA_1,settings,what kind of settings does it have,S_ANSWERS_QUESTION_ABOUT_FEATURE,CAMERA_1,settings,This one has limited manual settings.,13~36
649,8,CAMERA_1,['CAMERA_1'],"{'CAMERA_1': ['camera_type', 'color', 'price', 'settings', 'resolution'], 'CAMERA_2': [], 'CAMERA_3': []}",C_QUESTION_ABOUT_FEATURE,CAMERA_1,resolution,what is the resolution,S_ANSWERS_QUESTION_ABOUT_FEATURE,CAMERA_1,resolution,This one has 20.1 megapixels resolution.,13~28
649,9,CAMERA_1,['CAMERA_1'],"{'CAMERA_1': ['camera_type', 'color', 'price', 'settings', 'resolution', 'weight'], 'CAMERA_2': [], 'CAMERA_3': []}",C_QUESTION_ABOUT_FEATURE,CAMERA_1,weight,how much does this one weigh,S_ANSWERS_QUESTION_ABOUT_FEATURE,CAMERA_1,weight,This one weighs 120 grams.,16~25
649,10,CAMERA_1,['CAMERA_1'],"{'CAMERA_1': ['camera_type', 'color', 'price', 'settings', 'resolution', 'weight', 'sensor_size'], 'CAMERA_2': [], 'CAMERA_3': []}",C_QUESTION_ABOUT_FEATURE,CAMERA_1,sensor_size,what is the sensor size,S_NOT_SURE,CAMERA_1,,I'm not really sure about that,
649,11,NONE,['CAMERA_1'],"{'CAMERA_1': ['camera_type', 'color', 'price', 'settings', 'resolution', 'weight', 'sensor_size'], 'CAMERA_2': [], 'CAMERA_3': []}",C_THANK_YOU,CAMERA_1,NONE,thank you for your help,S_THANK_YOU,CAMERA_1,NONE,thank you very much,
649,12,NONE,['CAMERA_1'],"{'CAMERA_1': ['camera_type', 'color', 'price', 'settings', 'resolution', 'weight', 'sensor_size'], 'CAMERA_2': [], 'CAMERA_3': []}",C_LEAVES,DOOR,NONE,,S_RETURNS_TO_COUNTER,SERVICE_COUNTER,NONE,,
650,1,NONE,[],"{'CAMERA_1': [], 'CAMERA_2': [], 'CAMERA_3': []}",C_ENTERS,DOOR,NONE,,S_NONE,SERVICE_COUNTER,NONE,,
650,2,NONE,[],"{'CAMERA_1': [], 'CAMERA_2': [], 'CAMERA_3': []}",C_GREETS,MIDDLE,NONE,hello,S_GREETS,MIDDLE,NONE,can I help you?,
650,3,CAMERA_1,['CAMERA_1'],"{'CAMERA_1': [], 'CAMERA_2': [], 'CAMERA_3': []}",C_LOOKING_FOR_A_CAMERA,MIDDLE,NONE,I'm looking for a camera,S_INTRODUCES_CAMERA,CAMERA_1,,Let me show you this. Here we have the Nikon Coolpix S2800.,39~58
650,4,CAMERA_1,['CAMERA_1'],"{'CAMERA_1': ['price'], 'CAMERA_2': [], 'CAMERA_3': []}",C_QUESTION_ABOUT_FEATURE,CAMERA_1,price,how much does it cost,S_ANSWERS_QUESTION_ABOUT_FEATURE,CAMERA_1,price,This one costs $2173.,15~20
650,5,NONE,['CAMERA_1'],"{'CAMERA_1': ['price'], 'CAMERA_2': [], 'CAMERA_3': []}",C_THANK_YOU,CAMERA_1,NONE,thank you for your help,S_THANK_YOU,CAMERA_1,NONE,thank you very much,
650,6,NONE,['CAMERA_1'],"{'CAMERA_1': ['price'], 'CAMERA_2': [], 'CAMERA_3': []}",C_LEAVES,DOOR,NONE,,S_RETURNS_TO_COUNTER,SERVICE_COUNTER,NONE,,
651,1,NONE,[],"{'CAMERA_1': [], 'CAMERA_2': [], 'CAMERA_3': []}",C_ENTERS,DOOR,NONE,,S_NONE,SERVICE_COUNTER,NONE,,
651,2,NONE,[],"{'CAMERA_1': [], 'CAMERA_2': [], 'CAMERA_3': []}",C_GREETS,MIDDLE,NONE,hello,S_GREETS,MIDDLE,NONE,can I help you?,
651,3,CAMERA_3,['CAMERA_3'],"{'CAMERA_1': [], 'CAMERA_2': [], 'CAMERA_3': []}",C_LOOKING_FOR_A_CAMERA,MIDDLE,NONE,I'm looking for a camera,S_INTRODUCES_CAMERA,CAMERA_3,,Let me show you this. Here we have the Canon EOS 5D Mark III.,39~60
651,4,CAMERA_3,['CAMERA_3'],"{'CAMERA_1': [], 'CAMERA_2': [], 'CAMERA_3': ['price']}",C_QUESTION_ABOUT_FEATURE,CAMERA_3,price,how much does it cost,S_ANSWERS_QUESTION_ABOUT_FEATURE,CAMERA_3,price,This one costs $3706.,15~20
651,5,CAMERA_3,['CAMERA_3'],"{'CAMERA_1': [], 'CAMERA_2': [], 'CAMERA_3': ['price', 'settings']}",C_QUESTION_ABOUT_FEATURE,CAMERA_3,settings,what kind of settings does it have,S_ANSWERS_QUESTION_ABOUT_FEATURE,CAMERA_3,settings,This one has full manual control.,13~32
651,6,CAMERA_3,['CAMERA_3'],"{'CAMERA_1': [], 'CAMERA_2': [], 'CAMERA_3': ['price', 'settings', 'autofocus_points']}",C_SILENT_OR_BACKCHANNEL,CAMERA_3,NONE,alright,S_INTRODUCES_FEATURE,CAMERA_3,autofocus_points,This one has 61 autofocus points.,13~32
651,7,CAMERA_3,['CAMERA_3'],"{'CAMERA_1': [], 'CAMERA_2': [], 'CAMERA_3': ['price', 'settings', 'autofocus_points', 'weight']}",C_SILENT_OR_BACKCHANNEL,CAMERA_3,NONE,okay,S_INTRODUCES_FEATURE,CAMERA_3,weight,This one weighs 950 grams (only body).,16~37
651,8,CAMERA_3,['CAMERA_3'],"{'CAMERA_1': [], 'CAMERA_2': [], 'CAMERA_3': ['price', 'settings', 'autofocus_points', 'weight', 'optical_zoom']}",C_QUESTION_ABOUT_FEATURE,CAMERA_3,optical_zoom,does it have optical zoom,S_NOT_SURE,CAMERA_3,,I'm not really sure about that,
651,9,CAMERA_3,['CAMERA_3'],"{'CAMERA_1': [], 'CAMERA_2': [], 'CAMERA_3': ['price', 'settings', 'autofocus_points', 'weight', 'optical_zoom', 'ISO']}",C_QUESTION_ABOUT_FEATURE,CAMERA_3,ISO,what is the ISO,S_ANSWERS_QUESTION_ABOUT_FEATURE,CAMERA_3,ISO,This one has up to 6400 ISO with little noise.,13~45
651,10,CAMERA_3,['CAMERA_3'],"{'CAMERA_1': [], 'CAMERA_2': [], 'CAMERA_3': ['price', 'settings', 'autofocus_points', 'weight', 'optical_zoom', 'ISO', 'long_exposure']}",C_SILENT_OR_BACKCHANNEL,CAMERA_3,NONE,I see,S_INTRODUCES_FEATURE,CAMERA_3,long_exposure,"This one can take long exposures up to up to 30 seconds, bulb mode: expose as long as you want.",39~94
651,11,CAMERA_3,['CAMERA_3'],"{'CAMERA_1': [], 'CAMERA_2': [], 'CAMERA_3': ['price', 'settings', 'autofocus_points', 'weight', 'optical_zoom', 'ISO', 'long_exposure', 'color']}",C_SILENT_OR_BACKCHANNEL,CAMERA_3,NONE,alright,S_INTRODUCES_FEATURE,CAMERA_3,color,This one comes in black.,18~23
651,12,CAMERA_3,['CAMERA_3'],"{'CAMERA_1': [], 'CAMERA_2': [], 'CAMERA_3': ['price', 'settings', 'autofocus_points', 'weight', 'optical_zoom', 'ISO', 'long_exposure', 'color', 'sensor_size']}",C_SILENT_OR_BACKCHANNEL,CAMERA_3,NONE,I see,S_INTRODUCES_FEATURE,CAMERA_3,sensor_size,This one has a full frame.,15~25
651,13,CAMERA_3,['CAMERA_3'],"{'CAMERA_1': [], 'CAMERA_2': [], 'CAMERA_3': ['price', 'settings', 'autofocus_points', 'weight', 'optical_zoom', 'ISO', 'long_exposure', 'color', 'sensor_size', 'resolution']}",C_QUESTION_ABOUT_FEATURE,CAMERA_3,resolution,what is the resolution,S_NOT_SURE,CAMERA_3,,I'm not really sure about that,
651,14,CAMERA_3,['CAMERA_3'],"{'CAMERA_1': [], 'CAMERA_2': [], 'CAMERA_3': ['price', 'settings', 'autofocus_points', 'weight', 'optical_zoom', 'ISO', 'long_exposure', 'color', 'sensor_size', 'resolution', 'camera_type']}",C_SILENT_OR_BACKCHANNEL,CAMERA_3,NONE,alright,S_INTRODUCES_FEATURE,CAMERA_3,camera_type,This is a DSLR camera.,10~14
651,15,CAMERA_3,['CAMERA_3'],"{'CAMERA_1': [], 'CAMERA_2': [], 'CAMERA_3': ['price', 'settings', 'autofocus_points', 'weight', 'optical_zoom', 'ISO', 'long_exposure', 'color', 'sensor_size', 'resolution', 'camera_type', 'effects']}",C_QUESTION_ABOUT_FEATURE,CAMERA_3,effects,does it have any effect modes,S_NOT_SURE,CAMERA_3,,I'm not really sure about that,
651,16,CAMERA_3,['CAMERA_3'],"{'CAMERA_1': [], 'CAMERA_2': [], 'CAMERA_3': ['price', 'settings', 'autofocus_points', 'weight', 'optical_zoom', 'ISO', 'long_exposure', 'color', 'sensor_size', 'resolution', 'camera_type', 'effects', 'preset_modes']}",C_QUESTION_ABOUT_FEATURE,CAMERA_3,preset_modes,does it have preset modes,S_NOT_SURE,CAMERA_3,,I'm not really sure about that,
651,17,CAMERA_3,['CAMERA_3'],"{'CAMERA_1': [], 'CAMERA_2': [], 'CAMERA_3': ['price', 'settings', 'autofocus_points', 'weight', 'optical_zoom', 'ISO', 'long_exposure', 'color', 'sensor_size', 'resolution', 'camera_type', 'effects', 'preset_modes', 'settings']}",C_SILENT_OR_BACKCHANNEL,CAMERA_3,NONE,okay,S_INTRODUCES_FEATURE,CAMERA_3,settings,This one has full manual control.,13~32
651,18,CAMERA_2,"['CAMERA_3', 'CAMERA_2']","{'CAMERA_1': [], 'CAMERA_2': [], 'CAMERA_3': ['price', 'settings', 'autofocus_points', 'weight', 'optical_zoom', 'ISO', 'long_exposure', 'color', 'sensor_size', 'resolution', 'camera_type', 'effects', 'preset_modes', 'settings']}",C_ANYTHING_ELSE_AVAILABLE,CAMERA_3,NONE,ok do you have any other cameras,S_INTRODUCES_CAMERA,CAMERA_2,,Let me show you this. Here we have the Sony Alpha a6000.,39~55
651,19,CAMERA_2,"['CAMERA_3', 'CAMERA_2']","{'CAMERA_1': [], 'CAMERA_2': ['ISO'], 'CAMERA_3': ['price', 'settings', 'autofocus_points', 'weight', 'optical_zoom', 'ISO', 'long_exposure', 'color', 'sensor_size', 'resolution', 'camera_type', 'effects', 'preset_modes', 'settings']}",C_SILENT_OR_BACKCHANNEL,CAMERA_2,NONE,okay,S_INTRODUCES_FEATURE,CAMERA_2,ISO,This one has up to 3200 ISO with little noise.,13~45
651,20,CAMERA_2,"['CAMERA_3', 'CAMERA_2']","{'CAMERA_1': [], 'CAMERA_2': ['ISO', 'sensor_size'], 'CAMERA_3': ['price', 'settings', 'autofocus_points', 'weight', 'optical_zoom', 'ISO', 'long_exposure', 'color', 'sensor_size', 'resolution', 'camera_type', 'effects', 'preset_modes', 'settings']}",C_SILENT_OR_BACKCHANNEL,CAMERA_2,NONE,I see,S_INTRODUCES_FEATURE,CAMERA_2,sensor_size,This one has a APS-C sensor (crop sensor).,15~41
651,21,CAMERA_2,"['CAMERA_3', 'CAMERA_2']","{'CAMERA_1': [], 'CAMERA_2': ['ISO', 'sensor_size', 'settings'], 'CAMERA_3': ['price', 'settings', 'autofocus_points', 'weight', 'optical_zoom', 'ISO', 'long_exposure', 'color', 'sensor_size', 'resolution', 'camera_type', 'effects', 'preset_modes', 'settings']}",C_QUESTION_ABOUT_FEATURE,CAMERA_2,settings,what kind of settings does it have,S_ANSWERS_QUESTION_ABOUT_FEATURE,CAMERA_2,settings,This one has full manual control.,13~32
651,22,CAMERA_2,"['CAMERA_3', 'CAMERA_2']","{'CAMERA_1': [], 'CAMERA_2': ['ISO', 'sensor_size', 'settings', 'optical_zoom'], 'CAMERA_3': ['price', 'settings', 'autofocus_points', 'weight', 'optical_zoom', 'ISO', 'long_exposure', 'color', 'sensor_size', 'resolution', 'camera_type', 'effects', 'preset_modes', 'settings']}",C_QUESTION_ABOUT_FEATURE,CAMERA_2,optical_zoom,does it have optical zoom,S_NOT_SURE,CAMERA_2,,I'm not really sure about that,
651,23,CAMERA_2,"['CAMERA_3', 'CAMERA_2']","{'CAMERA_1': [], 'CAMERA_2': ['ISO', 'sensor_size', 'settings', 'optical_zoom', 'color'], 'CAMERA_3': ['price', 'settings', 'autofocus_points', 'weight', 'optical_zoom', 'ISO', 'long_exposure', 'color', 'sensor_size', 'resolution', 'camera_type', 'effects', 'preset_modes', 'settings']}",C_QUESTION_ABOUT_FEATURE,CAMERA_2,color,what colors does this one come in,S_ANSWERS_QUESTION_ABOUT_FEATURE,CAMERA_2,color,"This one comes in white, silver, black.",18~38
651,24,CAMERA_2,"['CAMERA_3', 'CAMERA_2']","{'CAMERA_1': [], 'CAMERA_2': ['ISO', 'sensor_size', 'settings', 'optical_zoom', 'color', 'price'], 'CAMERA_3': ['price', 'settings', 'autofocus_points', 'weight', 'optical_zoom', 'ISO', 'long_exposure', 'color', 'sensor_size', 'resolution', 'camera_type', 'effects', 'preset_modes', 'settings']}",C_QUESTION_ABOUT_FEATURE,CAMERA_2,price,how much does it cost,S_ANSWERS_QUESTION_ABOUT_FEATURE,CAMERA_2,price,This one costs $1341.,15~20
651,25,CAMERA_2,"['CAMERA_3', 'CAMERA_2']","{'CAMERA_1': [], 'CAMERA_2': ['ISO', 'sensor_size', 'settings', 'optical_zoom', 'color', 'price', 'long_exposure'], 'CAMERA_3': ['price', 'settings', 'autofocus_points', 'weight', 'optical_zoom', 'ISO', 'long_exposure', 'color', 'sensor_size', 'resolution', 'camera_type', 'effects', 'preset_modes', 'settings']}",C_QUESTION_ABOUT_FEATURE,CAMERA_2,long_exposure,can it take long exposure shots,S_ANSWERS_QUESTION_ABOUT_FEATURE,CAMERA_2,long_exposure,This one can take long exposures up to up to 30 seconds.,39~55
651,26,CAMERA_2,"['CAMERA_3', 'CAMERA_2']","{'CAMERA_1': [], 'CAMERA_2': ['ISO', 'sensor_size', 'settings', 'optical_zoom', 'color', 'price', 'long_exposure', 'camera_type'], 'CAMERA_3': ['price', 'settings', 'autofocus_points', 'weight', 'optical_zoom', 'ISO', 'long_exposure', 'color', 'sensor_size', 'resolution', 'camera_type', 'effects', 'preset_modes', 'settings']}",C_QUESTION_ABOUT_FEATURE,CAMERA_2,camera_type,what kind of camera is this,S_ANSWERS_QUESTION_ABOUT_FEATURE,CAMERA_2,camera_type,This is a mirrorless camera.,10~20
651,27,CAMERA_1,"['CAMERA_3', 'CAMERA_2', 'CAMERA_1']","{'CAMERA_1': [], 'CAMERA_2': ['ISO', 'sensor_size', 'settings', 'optical_zoom', 'color', 'price', 'long_exposure', 'camera_type'], 'CAMERA_3': ['price', 'settings', 'autofocus_points', 'weight', 'optical_zoom', 'ISO', 'long_exposure', 'color', 'sensor_size', 'resolution', 'camera_type', 'effects', 'preset_modes', 'settings']}",C_ANYTHING_ELSE_AVAILABLE,CAMERA_2,NONE,ok do you have any other cameras,S_INTRODUCES_CAMERA,CAMERA_1,,Let me show you this. Here we have the Nikon Coolpix S2800.,39~58
651,28,CAMERA_1,"['CAMERA_3', 'CAMERA_2', 'CAMERA_1']","{'CAMERA_1': ['price'], 'CAMERA_2': ['ISO', 'sensor_size', 'settings', 'optical_zoom', 'color', 'price', 'long_exposure', 'camera_type'], 'CAMERA_3': ['price', 'settings', 'autofocus_points', 'weight', 'optical_zoom', 'ISO', 'long_exposure', 'color', 'sensor_size', 'resolution', 'camera_type', 'effects', 'preset_modes', 'settings']}",C_QUESTION_ABOUT_FEATURE,CAMERA_1,price,how much does it cost,S_ANSWERS_QUESTION_ABOUT_FEATURE,CAMERA_1,price,This one costs $2173.,15~20
651,29,CAMERA_1,"['CAMERA_3', 'CAMERA_2', 'CAMERA_1']","{'CAMERA_1': ['price', 'settings'], 'CAMERA_2': ['ISO', 'sensor_size', 'settings', 'optical_zoom', 'color', 'price', 'long_exposure', 'camera_type'], 'CAMERA_3': ['price', 'settings', 'autofocus_points', 'weight', 'optical_zoom', 'ISO', 'long_exposure', 'color', 'sensor_size', 'resolution', 'camera_type', 'effects', 'preset_modes', 'settings']}",C_SILENT_OR_BACKCHANNEL,CAMERA_1,NONE,okay,S_INTRODUCES_FEATURE,CAMERA_1,settings,This one has limited manual settings.,13~36
651,30,CAMERA_1,"['CAMERA_3', 'CAMERA_2', 'CAMERA_1']","{'CAMERA_1': ['price', 'settings', 'autofocus_points'], 'CAMERA_2': ['ISO', 'sensor_size', 'settings', 'optical_zoom', 'color', 'price', 'long_exposure', 'camera_type'], 'CAMERA_3': ['price', 'settings', 'autofocus_points', 'weight', 'optical_zoom', 'ISO', 'long_exposure', 'color', 'sensor_size', 'resolution', 'camera_type', 'effects', 'preset_modes', 'settings']}",C_QUESTION_ABOUT_FEATURE,CAMERA_1,autofocus_points,how many autofocus points does it have,S_NOT_SURE,CAMERA_1,,I'm not really sure about that,
651,31,CAMERA_1,"['CAMERA_3', 'CAMERA_2', 'CAMERA_1']","{'CAMERA_1': ['price', 'settings', 'autofocus_points', 'preset_modes'], 'CAMERA_2': ['ISO', 'sensor_size', 'settings', 'optical_zoom', 'color', 'price', 'long_exposure', 'camera_type'], 'CAMERA_3': ['price', 'settings', 'autofocus_points', 'weight', 'optical_zoom', 'ISO', 'long_exposure', 'color', 'sensor_size', 'resolution', 'camera_type', 'effects', 'preset_modes', 'settings']}",C_SILENT_OR_BACKCHANNEL,CAMERA_1,NONE,okay,S_INTRODUCES_FEATURE,CAMERA_1,preset_modes,"This one has 18 preset modes (e.g. beach, snow, night portrait).",13~63
651,32,,"['CAMERA_3', 'CAMERA_2', 'CAMERA_1']","{'CAMERA_1': ['price', 'settings', 'autofocus_points', 'preset_modes'], 'CAMERA_2': ['ISO', 'sensor_size', 'settings', 'optical_zoom', 'color', 'price', 'long_exposure', 'camera_type'], 'CAMERA_3': ['price', 'settings', 'autofocus_points', 'weight', 'optical_zoom', 'ISO', 'long_exposure', 'color', 'sensor_size', 'resolution', 'camera_type', 'effects', 'preset_modes', 'settings']}",C_ANYTHING_ELSE_AVAILABLE,CAMERA_1,NONE,ok do you have any other cameras,S_THATS_ALL_WE_HAVE_AVAILABLE,CAMERA_1,,That’s all we have available at the moment.,
651,33,NONE,"['CAMERA_3', 'CAMERA_2', 'CAMERA_1']","{'CAMERA_1': ['price', 'settings', 'autofocus_points', 'preset_modes'], 'CAMERA_2': ['ISO', 'sensor_size', 'settings', 'optical_zoom', 'color', 'price', 'long_exposure', 'camera_type'], 'CAMERA_3': ['price', 'settings', 'autofocus_points', 'weight', 'optical_zoom', 'ISO', 'long_exposure', 'color', 'sensor_size', 'resolution', 'camera_type', 'effects', 'preset_modes', 'settings']}",C_THANK_YOU,CAMERA_1,NONE,thank you for your help,S_THANK_YOU,CAMERA_1,NONE,thank you very much,
651,34,NONE,"['CAMERA_3', 'CAMERA_2', 'CAMERA_1']","{'CAMERA_1': ['price', 'settings', 'autofocus_points', 'preset_modes'], 'CAMERA_2': ['ISO', 'sensor_size', 'settings', 'optical_zoom', 'color', 'price', 'long_exposure', 'camera_type'], 'CAMERA_3': ['price', 'settings', 'autofocus_points', 'weight', 'optical_zoom', 'ISO', 'long_exposure', 'color', 'sensor_size', 'resolution', 'camera_type', 'effects', 'preset_modes', 'settings']}",C_LEAVES,DOOR,NONE,,S_RETURNS_TO_COUNTER,SERVICE_COUNTER,NONE,,
652,1,NONE,[],"{'CAMERA_1': [], 'CAMERA_2': [], 'CAMERA_3': []}",C_ENTERS,DOOR,NONE,,S_NONE,SERVICE_COUNTER,NONE,,
652,2,NONE,[],"{'CAMERA_1': [], 'CAMERA_2': [], 'CAMERA_3': []}",C_GREETS,MIDDLE,NONE,hello,S_GREETS,MIDDLE,NONE,can I help you?,
652,3,CAMERA_3,['CAMERA_3'],"{'CAMERA_1': [], 'CAMERA_2': [], 'CAMERA_3': []}",C_LOOKING_FOR_A_CAMERA,MIDDLE,NONE,I'm looking for a camera,S_INTRODUCES_CAMERA,CAMERA_3,,Let me show you this. Here we have the Canon EOS 5D Mark III.,39~60
652,4,CAMERA_3,['CAMERA_3'],"{'CAMERA_1': [], 'CAMERA_2': [], 'CAMERA_3': ['resolution']}",C_QUESTION_ABOUT_FEATURE,CAMERA_3,resolution,what is the resolution,S_NOT_SURE,CAMERA_3,,I'm not really sure about that,
652,5,NONE,['CAMERA_3'],"{'CAMERA_1': [], 'CAMERA_2': [], 'CAMERA_3': ['resolution']}",C_THANK_YOU,CAMERA_3,NONE,thank you for your help,S_THANK_YOU,CAMERA_3,NONE,thank you very much,
652,6,NONE,['CAMERA_3'],"{'CAMERA_1': [], 'CAMERA_2': [], 'CAMERA_3': ['resolution']}",C_LEAVES,DOOR,NONE,,S_RETURNS_TO_COUNTER,SERVICE_COUNTER,NONE,,
653,1,NONE,[],"{'CAMERA_1': [], 'CAMERA_2': [], 'CAMERA_3': []}",C_ENTERS,DOOR,NONE,,S_NONE,SERVICE_COUNTER,NONE,,
653,2,NONE,[],"{'CAMERA_1': [], 'CAMERA_2': [], 'CAMERA_3': []}",C_GREETS,MIDDLE,NONE,hello,S_GREETS,MIDDLE,NONE,can I help you?,
653,3,CAMERA_2,['CAMERA_2'],"{'CAMERA_1': [], 'CAMERA_2': [], 'CAMERA_3': []}",C_LOOKING_FOR_A_CAMERA,MIDDLE,NONE,I'm looking for a camera,S_INTRODUCES_CAMERA,CAMERA_2,,Let me show you this. Here we have the Sony Alpha a6000.,39~55
653,4,CAMERA_2,['CAMERA_2'],"{'CAMERA_1': [], 'CAMERA_2': ['optical_zoom'], 'CAMERA_3': []}",C_QUESTION_ABOUT_FEATURE,CAMERA_2,optical_zoom,does it have optical zoom,S_NOT_SURE,CAMERA_2,,I'm not really sure about that,
653,5,CAMERA_2,['CAMERA_2'],"{'CAMERA_1': [], 'CAMERA_2': ['optical_zoom', 'autofocus_points'], 'CAMERA_3': []}",C_QUESTION_ABOUT_FEATURE,CAMERA_2,autofocus_points,how many autofocus points does it have,S_ANSWERS_QUESTION_ABOUT_FEATURE,CAMERA_2,autofocus_points,This one has 179 autofocus points.,13~33
653,6,CAMERA_2,['CAMERA_2'],"{'CAMERA_1': [], 'CAMERA_2': ['optical_zoom', 'autofocus_points', 'price'], 'CAMERA_3': []}",C_QUESTION_ABOUT_FEATURE,CAMERA_2,price,how much does it cost,S_ANSWERS_QUESTION_ABOUT_FEATURE,CAMERA_2,price,This one costs $1341.,15~20
653,7,CAMERA_2,['CAMERA_2'],"{'CAMERA_1': [], 'CAMERA_2': ['optical_zoom', 'autofocus_points', 'price', 'camera_type'], 'CAMERA_3': []}",C_QUESTION_ABOUT_FEATURE,CAMERA_2,camera_type,what kind of camera is this,S_ANSWERS_QUESTION_ABOUT_FEATURE,CAMERA_2,camera_type,This is a mirrorless camera.,10~20
653,8,CAMERA_3,"['CAMERA_2', 'CAMERA_3']","{'CAMERA_1': [], 'CAMERA_2': ['optical_zoom', 'autofocus_points', 'price', 'camera_type'], 'CAMERA_3': []}",C_ANYTHING_ELSE_AVAILABLE,CAMERA_2,NONE,ok do you have any other cameras,S_INTRODUCES_CAMERA,CAMERA_3,,Let me show you this. Here we have the Canon EOS 5D Mark III.,39~60
653,9,CAMERA_3,"['CAMERA_2', 'CAMERA_3']","{'CAMERA_1': [], 'CAMERA_2': ['optical_zoom', 'autofocus_points', 'price', 'camera_type'], 'CAMERA_3': ['color']}",C_SILENT_OR_BACKCHANNEL,CAMERA_3,NONE,okay,S_INTRODUCES_FEATURE,CAMERA_3,color,This one comes in black.,18~23
653,10,CAMERA_1,"['CAMERA_2', 'CAMERA_3', 'CAMERA_1']","{'CAMERA_1': [], 'CAMERA_2': ['optical_zoom', 'autofocus_points', 'price', 'camera_type'], 'CAMERA_3': ['color']}",C_ANYTHING_ELSE_AVAILABLE,CAMERA_3,NONE,ok do you have any other cameras,S_INTRODUCES_CAMERA,CAMERA_1,,Let me show you this. Here we have the Nikon Coolpix S2800.,39~58
653,11,CAMERA_1,"['CAMERA_2', 'CAMERA_3', 'CAMERA_1']","{'CAMERA_1': ['resolution'], 'CAMERA_2': ['optical_zoom', 'autofocus_points', 'price', 'camera_type'], 'CAMERA_3': ['color']}",C_SILENT_OR_BACKCHANNEL,CAMERA_1,NONE,I see,S_INTRODUCES_FEATURE,CAMERA_1,resolution,This one has 20.1 megapixels resolution.,13~28
653,12,,"['CAMERA_2', 'CAMERA_3', 'CAMERA_1']","{'CAMERA_1': ['resolution'], 'CAMERA_2': ['optical_zoom', 'autofocus_points', 'price', 'camera_type'], 'CAMERA_3': ['color']}",C_ANYTHING_ELSE_AVAILABLE,CAMERA_1,NONE,ok do you have any other cameras,S_THATS_ALL_WE_HAVE_AVAILABLE,CAMERA_1,,That’s all we have available at the moment.,
653,13,NONE,"['CAMERA_2', 'CAMERA_3', 'CAMERA_1']","{'CAMERA_1': ['resolution'], 'CAMERA_2': ['optical_zoom', 'autofocus_points', 'price', 'camera_type'], 'CAMERA_3': ['color']}",C_THANK_YOU,CAMERA_1,NONE,thank you for your help,S_THANK_YOU,CAMERA_1,NONE,thank you very much,
653,14,NONE,"['CAMERA_2', 'CAMERA_3', 'CAMERA_1']","{'CAMERA_1': ['resolution'], 'CAMERA_2': ['optical_zoom', 'autofocus_points', 'price', 'camera_type'], 'CAMERA_3': ['color']}",C_LEAVES,DOOR,NONE,,S_RETURNS_TO_COUNTER,SERVICE_COUNTER,NONE,,
654,1,NONE,[],"{'CAMERA_1': [], 'CAMERA_2': [], 'CAMERA_3': []}",C_ENTERS,DOOR,NONE,,S_NONE,SERVICE_COUNTER,NONE,,
654,2,NONE,[],"{'CAMERA_1': [], 'CAMERA_2': [], 'CAMERA_3': []}",C_WALKS_TO_CAMERA,CAMERA_1,NONE,,S_GREETS,CAMERA_1,NONE,can I help you?,
654,3,CAMERA_1,['CAMERA_1'],"{'CAMERA_1': [], 'CAMERA_2': [], 'CAMERA_3': []}",C_LOOKING_FOR_A_CAMERA,CAMERA_1,NONE,I'm looking for a camera,S_INTRODUCES_CAMERA,CAMERA_1,,Let me show you this. Here we have the Nikon Coolpix S2800.,39~58
654,4,CAMERA_1,['CAMERA_1'],"{'CAMERA_1': ['settings'], 'CAMERA_2': [], 'CAMERA_3': []}",C_QUESTION_ABOUT_FEATURE,CAMERA_1,settings,what kind of settings does it have,S_ANSWERS_QUESTION_ABOUT_FEATURE,CAMERA_1,settings,This one has limited manual settings.,13~36
654,5,CAMERA_1,['CAMERA_1'],"{'CAMERA_1': ['settings', 'preset_modes'], 'CAMERA_2': [], 'CAMERA_3': []}",C_SILENT_OR_BACKCHANNEL,CAMERA_1,NONE,okay,S_INTRODUCES_FEATURE,CAMERA_1,preset_modes,"This one has 18 preset modes (e.g. beach, snow, night portrait).",13~63
654,6,CAMERA_2,"['CAMERA_1', 'CAMERA_2']","{'CAMERA_1': ['settings', 'preset_modes'], 'CAMERA_2': [], 'CAMERA_3': []}",C_ANYTHING_ELSE_AVAILABLE,CAMERA_1,NONE,ok do you have any other cameras,S_INTRODUCES_CAMERA,CAMERA_2,,Let me show you this. Here we have the Sony Alpha a6000.,39~55
654,7,CAMERA_2,"['CAMERA_1', 'CAMERA_2']","{'CAMERA_1': ['settings', 'preset_modes'], 'CAMERA_2': ['price'], 'CAMERA_3': []}",C_QUESTION_ABOUT_FEATURE,CAMERA_2,price,how much does it cost,S_ANSWERS_QUESTION_ABOUT_FEATURE,CAMERA_2,price,This one costs $1341.,15~20
654,8,NONE,"['CAMERA_1', 'CAMERA_2']","{'CAMERA_1': ['settings', 'preset_modes'], 'CAMERA_2': ['price'], 'CAMERA_3': []}",C_THANK_YOU,CAMERA_2,NONE,thank you for your help,S_THANK_YOU,CAMERA_2,NONE,thank you very much,
654,9,NONE,"['CAMERA_1', 'CAMERA_2']","{'CAMERA_1': ['settings', 'preset_modes'], 'CAMERA_2': ['price'], 'CAMERA_3': []}",C_LEAVES,DOOR,NONE,,S_RETURNS_TO_COUNTER,SERVICE_COUNTER,NONE,,
655,1,NONE,[],"{'CAMERA_1': [], 'CAMERA_2': [], 'CAMERA_3': []}",C_ENTERS,DOOR,NONE,,S_NONE,SERVICE_COUNTER,NONE,,
655,2,NONE,[],"{'CAMERA_1': [], 'CAMERA_2': [], 'CAMERA_3': []}",C_WALKS_TO_CAMERA,CAMERA_1,NONE,,S_GREETS,CAMERA_1,NONE,can I help you?,
655,3,CAMERA_3,['CAMERA_3'],"{'CAMERA_1': [], 'CAMERA_2': [], 'CAMERA_3': []}",C_LOOKING_FOR_A_CAMERA,CAMERA_1,NONE,I'm looking for a camera,S_INTRODUCES_CAMERA,CAMERA_3,,Let me show you this. Here we have the Canon EOS 5D Mark III.,39~60
655,4,CAMERA_3,['CAMERA_3'],"{'CAMERA_1': [], 'CAMERA_2': [], 'CAMERA_3': ['resolution']}",C_QUESTION_ABOUT_FEATURE,CAMERA_3,resolution,what is the resolution,S_NOT_SURE,CAMERA_3,,I'm not really sure about that,
655,5,CAMERA_2,"['CAMERA_3', 'CAMERA_2']","{'CAMERA_1': [], 'CAMERA_2': [], 'CAMERA_3': ['resolution']}",C_ANYTHING_ELSE_AVAILABLE,CAMERA_3,NONE,ok do you have any other cameras,S_INTRODUCES_CAMERA,CAMERA_2,,Let me show you this. Here we have the Sony Alpha a6000.,39~55
655,6,CAMERA_2,"['CAMERA_3', 'CAMERA_2']","{'CAMERA_1': [], 'CAMERA_2': ['long_exposure'], 'CAMERA_3': ['resolution']}",C_SILENT_OR_BACKCHANNEL,CAMERA_2,NONE,okay,S_INTRODUCES_FEATURE,CAMERA_2,long_exposure,This one can take long exposures up to up to 30 seconds.,39~55
655,7,CAMERA_2,"['CAMERA_3', 'CAMERA_2']","{'CAMERA_1': [], 'CAMERA_2': ['long_exposure', 'sensor_size'], 'CAMERA_3': ['resolution']}",C_QUESTION_ABOUT_FEATURE,CAMERA_2,sensor_size,what is the sensor size,S_ANSWERS_QUESTION_ABOUT_FEATURE,CAMERA_2,sensor_size,This one has a APS-C sensor (crop sensor).,15~41
655,8,CAMERA_2,"['CAMERA_3', 'CAMERA_2']","{'CAMERA_1': [], 'CAMERA_2': ['long_exposure', 'sensor_size', 'preset_modes'], 'CAMERA_3': ['resolution']}",C_QUESTION_ABOUT_FEATURE,CAMERA_2,preset_modes,does it have preset modes,S_ANSWERS_QUESTION_ABOUT_FEATURE,CAMERA_2,preset_modes,"This one has 9 preset modes (e.g. beach, snow, night, portrait).",13~63
655,9,CAMERA_2,"['CAMERA_3', 'CAMERA_2']","{'CAMERA_1': [], 'CAMERA_2': ['long_exposure', 'sensor_size', 'preset_modes', 'autofocus_points'], 'CAMERA_3': ['resolution']}",C_SILENT_OR_BACKCHANNEL,CAMERA_2,NONE,okay,S_INTRODUCES_FEATURE,CAMERA_2,autofocus_points,This one has 179 autofocus points.,13~33
655,10,CAMERA_2,"['CAMERA_3', 'CAMERA_2']","{'CAMERA_1': [], 'CAMERA_2': ['long_exposure', 'sensor_size', 'preset_modes', 'autofocus_points', 'color'], 'CAMERA_3': ['resolution']}",C_QUESTION_ABOUT_FEATURE,CAMERA_2,color,what colors does this one come in,S_ANSWERS_QUESTION_ABOUT_FEATURE,CAMERA_2,color,"This one comes in white, silver, black.",18~38
655,11,CAMERA_2,"['CAMERA_3', 'CAMERA_2']","{'CAMERA_1': [], 'CAMERA_2': ['long_exposure', 'sensor_size', 'preset_modes', 'autofocus_points', 'color', 'ISO'], 'CAMERA_3': ['resolution']}",C_SILENT_OR_BACKCHANNEL,CAMERA_2,NONE,I see,S_INTRODUCES_FEATURE,CAMERA_2,ISO,This one has up to 3200 ISO with little noise.,13~45
655,12,CAMERA_2,"['CAMERA_3', 'CAMERA_2']","{'CAMERA_1': [], 'CAMERA_2': ['long_exposure', 'sensor_size', 'preset_modes', 'autofocus_points', 'color', 'ISO', 'effects'], 'CAMERA_3': ['resolution']}",C_SILENT_OR_BACKCHANNEL,CAMERA_2,NONE,okay,S_INTRODUCES_FEATURE,CAMERA_2,effects,"This one has 13 artistic effect modes (e.g. toy camera, soft focus).",13~67
655,13,CAMERA_2,"['CAMERA_3', 'CAMERA_2']","{'CAMERA_1': [], 'CAMERA_2': ['long_exposure', 'sensor_size', 'preset_modes', 'autofocus_points', 'color', 'ISO', 'effects', 'settings'], 'CAMERA_3': ['resolution']}",C_SILENT_OR_BACKCHANNEL,CAMERA_2,NONE,okay,S_INTRODUCES_FEATURE,CAMERA_2,settings,This one has full manual control.,13~32
655,14,CAMERA_2,"['CAMERA_3', 'CAMERA_2']","{'CAMERA_1': [], 'CAMERA_2': ['long_exposure', 'sensor_size', 'preset_modes', 'autofocus_points', 'color', 'ISO', 'effects', 'settings', 'camera_type'], 'CAMERA_3': ['resolution']}",C_SILENT_OR_BACKCHANNEL,CAMERA_2,NONE,I see,S_INTRODUCES_FEATURE,CAMERA_2,camera_type,This is a mirrorless camera.,10~20
655,15,CAMERA_2,"['CAMERA_3', 'CAMERA_2']","{'CAMERA_1': [], 'CAMERA_2': ['long_exposure', 'sensor_size', 'preset_modes', 'autofocus_points', 'color', 'ISO', 'effects', 'settings', 'camera_type', 'price'], 'CAMERA_3': ['resolution']}",C_SILENT_OR_BACKCHANNEL,CAMERA_2,NONE,I see,S_INTRODUCES_FEATURE,CAMERA_2,price,This one costs $1341.,15~20
655,16,CAMERA_1,"['CAMERA_3', 'CAMERA_2', 'CAMERA_1']","{'CAMERA_1': [], 'CAMERA_2': ['long_exposure', 'sensor_size', 'preset_modes', 'autofocus_points', 'color', 'ISO', 'effects', 'settings', 'camera_type', 'price'], 'CAMERA_3': ['resolution']}",C_ANYTHING_ELSE_AVAILABLE,CAMERA_2,NONE,ok do you have any other cameras,S_INTRODUCES_CAMERA,CAMERA_1,,Let me show you this. Here we have the Nikon Coolpix S2800.,39~58
655,17,CAMERA_1,"['CAMERA_3', 'CAMERA_2', 'CAMERA_1']","{'CAMERA_1': ['preset_modes'], 'CAMERA_2': ['long_exposure', 'sensor_size', 'preset_modes', 'autofocus_points', 'color', 'ISO', 'effects', 'settings', 'camera_type', 'price'], 'CAMERA_3': ['resolution']}",C_SILENT_OR_BACKCHANNEL,CAMERA_1,NONE,alright,S_INTRODUCES_FEATURE,CAMERA_1,preset_modes,"This one has 18 preset modes (e.g. beach, snow, night portrait).",13~63
655,18,NONE,"['CAMERA_3', 'CAMERA_2', 'CAMERA_1']","{'CAMERA_1': ['preset_modes'], 'CAMERA_2': ['long_exposure', 'sensor_size', 'preset_modes', 'autofocus_points', 'color', 'ISO', 'effects', 'settings', 'camera_type', 'price'], 'CAMERA_3': ['resolution']}",C_THANK_YOU,CAMERA_1,NONE,thank you for your help,S_THANK_YOU,CAMERA_1,NONE,thank you very much,
655,19,NONE,"['CAMERA_3', 'CAMERA_2', 'CAMERA_1']","{'CAMERA_1': ['preset_modes'], 'CAMERA_2': ['long_exposure', 'sensor_size', 'preset_modes', 'autofocus_points', 'color', 'ISO', 'effects', 'settings', 'camera_type', 'price'], 'CAMERA_3': ['resolution']}",C_LEAVES,DOOR,NONE,,S_RETURNS_TO_COUNTER,SERVICE_COUNTER,NONE,,
656,1,NONE,[],"{'CAMERA_1': [], 'CAMERA_2': [], 'CAMERA_3': []}",C_ENTERS,DOOR,NONE,,S_NONE,SERVICE_COUNTER,NONE,,
656,2,NONE,[],"{'CAMERA_1': [], 'CAMERA_2': [], 'CAMERA_3': []}",C_WALKS_TO_CAMERA,CAMERA_1,NONE,,S_GREETS,CAMERA_1,NONE,can I help you?,
656,3,CAMERA_2,['CAMERA_2'],"{'CAMERA_1': [], 'CAMERA_2': [], 'CAMERA_3': []}",C_LOOKING_FOR_A_CAMERA,CAMERA_1,NONE,I'm looking for a camera,S_INTRODUCES_CAMERA,CAMERA_2,,Let me show you this. Here we have the Sony Alpha a6000.,39~55
656,4,CAMERA_2,['CAMERA_2'],"{'CAMERA_1': [], 'CAMERA_2': ['effects'], 'CAMERA_3': []}",C_QUESTION_ABOUT_FEATURE,CAMERA_2,effects,does it have any effect modes,S_ANSWERS_QUESTION_ABOUT_FEATURE,CAMERA_2,effects,"This one has 13 artistic effect modes (e.g. toy camera, soft focus).",13~67
656,5,CAMERA_2,['CAMERA_2'],"{'CAMERA_1': [], 'CAMERA_2': ['effects', 'color'], 'CAMERA_3': []}",C_QUESTION_ABOUT_FEATURE,CAMERA_2,color,what colors does this one come in,S_ANSWERS_QUESTION_ABOUT_FEATURE,CAMERA_2,color,"This one comes in white, silver, black.",18~38
656,6,CAMERA_3,"['CAMERA_2', 'CAMERA_3']","{'CAMERA_1': [], 'CAMERA_2': ['effects', 'color'], 'CAMERA_3': []}",C_ANYTHING_ELSE_AVAILABLE,CAMERA_2,NONE,ok do you have any other cameras,S_INTRODUCES_CAMERA,CAMERA_3,,Let me show you this. Here we have the Canon EOS 5D Mark III.,39~60
656,7,CAMERA_3,"['CAMERA_2', 'CAMERA_3']","{'CAMERA_1': [], 'CAMERA_2': ['effects', 'color'], 'CAMERA_3': ['long_exposure']}",C_SILENT_OR_BACKCHANNEL,CAMERA_3,NONE,okay,S_INTRODUCES_FEATURE,CAMERA_3,long_exposure,"This one can take long exposures up to up to 30 seconds, bulb mode: expose as long as you want.",39~94
656,8,CAMERA_3,"['CAMERA_2', 'CAMERA_3']","{'CAMERA_1': [], 'CAMERA_2': ['effects', 'color'], 'CAMERA_3': ['long_exposure', 'sensor_size']}",C_QUESTION_ABOUT_FEATURE,CAMERA_3,sensor_size,what is the sensor size,S_ANSWERS_QUESTION_ABOUT_FEATURE,CAMERA_3,sensor_size,This one has a full frame.,15~25
656,9,CAMERA_1,"['CAMERA_2', 'CAMERA_3', 'CAMERA_1']","{'CAMERA_1': [], 'CAMERA_2': ['effects', 'color'], 'CAMERA_3': ['long_exposure', 'sensor_size']}",C_ANYTHING_ELSE_AVAILABLE,CAMERA_3,NONE,ok do you have any other cameras,S_INTRODUCES_CAMERA,CAMERA_1,,Let me show you this. Here we have the Nikon Coolpix S2800.,39~58
656,10,CAMERA_1,"['CAMERA_2', 'CAMERA_3', 'CAMERA_1']","{'CAMERA_1': ['weight'], 'CAMERA_2': ['effects', 'color'], 'CAMERA_3': ['long_exposure', 'sensor_size']}",C_QUESTION_ABOUT_FEATURE,CAMERA_1,weight,how much does this one weigh,S_ANSWERS_QUESTION_ABOUT_FEATURE,CAMERA_1,weight,This one weighs 120 grams.,16~25
656,11,,"['CAMERA_2', 'CAMERA_3', 'CAMERA_1']","{'CAMERA_1': ['weight'], 'CAMERA_2': ['effects', 'color'], 'CAMERA_3': ['long_exposure', 'sensor_size']}",C_ANYTHING_ELSE_AVAILABLE,CAMERA_1,NONE,ok do you have any other cameras,S_THATS_ALL_WE_HAVE_AVAILABLE,CAMERA_1,,That’s all we have available at the moment.,
656,12,NONE,"['CAMERA_2', 'CAMERA_3', 'CAMERA_1']","{'CAMERA_1': ['weight'], 'CAMERA_2': ['effects', 'color'], 'CAMERA_3': ['long_exposure', 'sensor_size']}",C_THANK_YOU,CAMERA_1,NONE,thank you for your help,S_THANK_YOU,CAMERA_1,NONE,thank you very much,
656,13,NONE,"['CAMERA_2', 'CAMERA_3', 'CAMERA_1']","{'CAMERA_1': ['weight'], 'CAMERA_2': ['effects', 'color'], 'CAMERA_3': ['long_exposure', 'sensor_size']}",C_LEAVES,DOOR,NONE,,S_RETURNS_TO_COUNTER,SERVICE_COUNTER,NONE,,
657,1,NONE,[],"{'CAMERA_1': [], 'CAMERA_2': [], 'CAMERA_3': []}",C_ENTERS,DOOR,NONE,,S_NONE,SERVICE_COUNTER,NONE,,
657,2,NONE,[],"{'CAMERA_1': [], 'CAMERA_2': [], 'CAMERA_3': []}",C_WALKS_TO_CAMERA,CAMERA_2,NONE,,S_GREETS,CAMERA_2,NONE,can I help you?,
657,3,CAMERA_2,['CAMERA_2'],"{'CAMERA_1': [], 'CAMERA_2': [], 'CAMERA_3': []}",C_LOOKING_FOR_A_CAMERA,CAMERA_2,NONE,I'm looking for a camera,S_INTRODUCES_CAMERA,CAMERA_2,,Let me show you this. Here we have the Sony Alpha a6000.,39~55
657,4,CAMERA_2,['CAMERA_2'],"{'CAMERA_1': [], 'CAMERA_2': ['ISO'], 'CAMERA_3': []}",C_SILENT_OR_BACKCHANNEL,CAMERA_2,NONE,I see,S_INTRODUCES_FEATURE,CAMERA_2,ISO,This one has up to 3200 ISO with little noise.,13~45
657,5,CAMERA_2,['CAMERA_2'],"{'CAMERA_1': [], 'CAMERA_2': ['ISO', 'optical_zoom'], 'CAMERA_3': []}",C_QUESTION_ABOUT_FEATURE,CAMERA_2,optical_zoom,does it have optical zoom,S_NOT_SURE,CAMERA_2,,I'm not really sure about that,
657,6,CAMERA_2,['CAMERA_2'],"{'CAMERA_1': [], 'CAMERA_2': ['ISO', 'optical_zoom', 'sensor_size'], 'CAMERA_3': []}",C_SILENT_OR_BACKCHANNEL,CAMERA_2,NONE,I see,S_INTRODUCES_FEATURE,CAMERA_2,sensor_size,This one has a APS-C sensor (crop sensor).,15~41
657,7,CAMERA_2,['CAMERA_2'],"{'CAMERA_1': [], 'CAMERA_2': ['ISO', 'optical_zoom', 'sensor_size', 'color'], 'CAMERA_3': []}",C_SILENT_OR_BACKCHANNEL,CAMERA_2,NONE,I see,S_INTRODUCES_FEATURE,CAMERA_2,color,"This one comes in white, silver, black.",18~38
657,8,CAMERA_2,['CAMERA_2'],"{'CAMERA_1': [], 'CAMERA_2': ['ISO', 'optical_zoom', 'sensor_size', 'color', 'preset_modes'], 'CAMERA_3': []}",C_QUESTION_ABOUT_FEATURE,CAMERA_2,preset_modes,does it have preset modes,S_ANSWERS_QUESTION_ABOUT_FEATURE,CAMERA_2,preset_modes,"This one has 9 preset modes (e.g. beach, snow, night, portrait).",13~63
657,9,CAMERA_2,['CAMERA_2'],"{'CAMERA_1': [], 'CAMERA_2': ['ISO', 'optical_zoom', 'sensor_size', 'color', 'preset_modes', 'weight'], 'CAMERA_3': []}",C_QUESTION_ABOUT_FEATURE,CAMERA_2,weight,how much does this one weigh,S_ANSWERS_QUESTION_ABOUT_FEATURE,CAMERA_2,weight,This one weighs 470 grams.,16~25
657,10,CAMERA_2,['CAMERA_2'],"{'CAMERA_1': [], 'CAMERA_2': ['ISO', 'optical_zoom', 'sensor_size', 'color', 'preset_modes', 'weight', 'settings'], 'CAMERA_3': []}",C_SILENT_OR_BACKCHANNEL,CAMERA_2,NONE,I see,S_INTRODUCES_FEATURE,CAMERA_2,settings,This one has full manual control.,13~32
657,11,CAMERA_2,['CAMERA_2'],"{'CAMERA_1': [], 'CAMERA_2': ['ISO', 'optical_zoom', 'sensor_size', 'color', 'preset_modes', 'weight', 'settings', 'price'], 'CAMERA_3': []}",C_QUESTION_ABOUT_FEATURE,CAMERA_2,price,how much does it cost,S_ANSWERS_QUESTION_ABOUT_FEATURE,CAMERA_2,price,This one costs $1341.,15~20
657,12,CAMERA_2,['CAMERA_2'],"{'CAMERA_1': [], 'CAMERA_2': ['ISO', 'optical_zoom', 'sensor_size', 'color', 'preset_modes', 'weight', 'settings', 'price', 'effects'], 'CAMERA_3': []}",C_SILENT_OR_BACKCHANNEL,CAMERA_2,NONE,okay,S_INTRODUCES_FEATURE,CAMERA_2,effects,"This one has 13 artistic effect modes (e.g. toy camera, soft focus).",13~67
657,13,CAMERA_2,['CAMERA_2'],"{'CAMERA_1': [], 'CAMERA_2': ['ISO', 'optical_zoom', 'sensor_size', 'color', 'preset_modes', 'weight', 'settings', 'price', 'effects', 'autofocus_points'], 'CAMERA_3': []}",C_QUESTION_ABOUT_FEATURE,CAMERA_2,autofocus_points,how many autofocus points does it have,S_ANSWERS_QUESTION_ABOUT_FEATURE,CAMERA_2,autofocus_points,This one has 179 autofocus points.,13~33
657,14,CAMERA_1,"['CAMERA_2', 'CAMERA_1']","{'CAMERA_1': [], 'CAMERA_2': ['ISO', 'optical_zoom', 'sensor_size', 'color', 'preset_modes', 'weight', 'settings', 'price', 'effects', 'autofocus_points'], 'CAMERA_3': []}",C_ANYTHING_ELSE_AVAILABLE,CAMERA_2,NONE,ok do you have any other cameras,S_INTRODUCES_CAMERA,CAMERA_1,,Let me show you this. Here we have the Nikon Coolpix S2800.,39~58
657,15,CAMERA_1,"['CAMERA_2', 'CAMERA_1']","{'CAMERA_1': ['camera_type'], 'CAMERA_2': ['ISO', 'optical_zoom', 'sensor_size', 'color', 'preset_modes', 'weight', 'settings', 'price', 'effects', 'autofocus_points'], 'CAMERA_3': []}",C_SILENT_OR_BACKCHANNEL,CAMERA_1,NONE,I see,S_INTRODUCES_FEATURE,CAMERA_1,camera_type,This is a point and shoot camera.,10~25
657,16,CAMERA_1,"['CAMERA_2', 'CAMERA_1']","{'CAMERA_1': ['camera_type', 'ISO'], 'CAMERA_2': ['ISO', 'optical_zoom', 'sensor_size', 'color', 'preset_modes', 'weight', 'settings', 'price', 'effects', 'autofocus_points'], 'CAMERA_3': []}",C_QUESTION_ABOUT_FEATURE,CAMERA_1,ISO,what is the ISO,S_NOT_SURE,CAMERA_1,,I'm not really sure about that,
657,17,CAMERA_1,"['CAMERA_2', 'CAMERA_1']","{'CAMERA_1': ['camera_type', 'ISO', 'effects'], 'CAMERA_2': ['ISO', 'optical_zoom', 'sensor_size', 'color', 'preset_modes', 'weight', 'settings', 'price', 'effects', 'autofocus_points'], 'CAMERA_3': []}",C_QUESTION_ABOUT_FEATURE,CAMERA_1,effects,does it have any effect modes,S_ANSWERS_QUESTION_ABOUT_FEATURE,CAMERA_1,effects,"This one has 12 glamor retouch effects (e.g. skin softening, small face, big eyes).",13~82
657,18,CAMERA_1,"['CAMERA_2', 'CAMERA_1']","{'CAMERA_1': ['camera_type', 'ISO', 'effects', 'optical_zoom'], 'CAMERA_2': ['ISO', 'optical_zoom', 'sensor_size', 'color', 'preset_modes', 'weight', 'settings', 'price', 'effects', 'autofocus_points'], 'CAMERA_3': []}",C_QUESTION_ABOUT_FEATURE,CAMERA_1,optical_zoom,does it have optical zoom,S_ANSWERS_QUESTION_ABOUT_FEATURE,CAMERA_1,optical_zoom,This one has 5x optical zoom.,13~28
657,19,CAMERA_1,"['CAMERA_2', 'CAMERA_1']","{'CAMERA_1': ['camera_type', 'ISO', 'effects', 'optical_zoom', 'weight'], 'CAMERA_2': ['ISO', 'optical_zoom', 'sensor_size', 'color', 'preset_modes', 'weight', 'settings', 'price', 'effects', 'autofocus_points'], 'CAMERA_3': []}",C_QUESTION_ABOUT_FEATURE,CAMERA_1,weight,how much does this one weigh,S_ANSWERS_QUESTION_ABOUT_FEATURE,CAMERA_1,weight,This one weighs 120 grams.,16~25
657,20,CAMERA_1,"['CAMERA_2', 'CAMERA_1']","{'CAMERA_1': ['camera_type', 'ISO', 'effects', 'optical_zoom', 'weight', 'color'], 'CAMERA_2': ['ISO', 'optical_zoom', 'sensor_size', 'color', 'preset_modes', 'weight', 'settings', 'price', 'effects', 'autofocus_points'], 'CAMERA_3': []}",C_QUESTION_ABOUT_FEATURE,CAMERA_1,color,what colors does this one come in,S_ANSWERS_QUESTION_ABOUT_FEATURE,CAMERA_1,color,"This one comes in purple, pink, black, silver, red.",18~50
657,21,CAMERA_1,"['CAMERA_2', 'CAMERA_1']","{'CAMERA_1': ['camera_type', 'ISO', 'effects', 'optical_zoom', 'weight', 'color', 'settings'], 'CAMERA_2': ['ISO', 'optical_zoom', 'sensor_size', 'color', 'preset_modes', 'weight', 'settings', 'price', 'effects', 'autofocus_points'], 'CAMERA_3': []}",C_SILENT_OR_BACKCHANNEL,CAMERA_1,NONE,alright,S_INTRODUCES_FEATURE,CAMERA_1,settings,This one has limited manual settings.,13~36
657,22,CAMERA_1,"['CAMERA_2', 'CAMERA_1']","{'CAMERA_1': ['camera_type', 'ISO', 'effects', 'optical_zoom', 'weight', 'color', 'settings', 'long_exposure'], 'CAMERA_2': ['ISO', 'optical_zoom', 'sensor_size', 'color', 'preset_modes', 'weight', 'settings', 'price', 'effects', 'autofocus_points'], 'CAMERA_3': []}",C_QUESTION_ABOUT_FEATURE,CAMERA_1,long_exposure,can it take long exposure shots,S_NOT_SURE,CAMERA_1,,I'm not really sure about that,
657,23,CAMERA_1,"['CAMERA_2', 'CAMERA_1']","{'CAMERA_1': ['camera_type', 'ISO', 'effects', 'optical_zoom', 'weight', 'color', 'settings', 'long_exposure', 'resolution'], 'CAMERA_2': ['ISO', 'optical_zoom', 'sensor_size', 'color', 'preset_modes', 'weight', 'settings', 'price', 'effects', 'autofocus_points'], 'CAMERA_3': []}",C_SILENT_OR_BACKCHANNEL,CAMERA_1,NONE,okay,S_INTRODUCES_FEATURE,CAMERA_1,resolution,This one has 20.1 megapixels resolution.,13~28
657,24,CAMERA_1,"['CAMERA_2', 'CAMERA_1']","{'CAMERA_1': ['camera_type', 'ISO', 'effects', 'optical_zoom', 'weight', 'color', 'settings', 'long_exposure', 'resolution', 'preset_modes'], 'CAMERA_2': ['ISO', 'optical_zoom', 'sensor_size', 'color', 'preset_modes', 'weight', 'settings', 'price', 'effects', 'autofocus_points'], 'CAMERA_3': []}",C_SILENT_OR_BACKCHANNEL,CAMERA_1,NONE,alright,S_INTRODUCES_FEATURE,CAMERA_1,preset_modes,"This one has 18 preset modes (e.g. beach, snow, night portrait).",13~63
657,25,CAMERA_1,"['CAMERA_2', 'CAMERA_1']","{'CAMERA_1': ['camera_type', 'ISO', 'effects', 'optical_zoom', 'weight', 'color', 'settings', 'long_exposure', 'resolution', 'preset_modes', 'price'], 'CAMERA_2': ['ISO', 'optical_zoom', 'sensor_size', 'color', 'preset_modes', 'weight', 'settings', 'price', 'effects', 'autofocus_points'], 'CAMERA_3': []}",C_SILENT_OR_BACKCHANNEL,CAMERA_1,NONE,alright,S_INTRODUCES_FEATURE,CAMERA_1,price,This one costs $2173.,15~20
657,26,CAMERA_1,"['CAMERA_2', 'CAMERA_1']","{'CAMERA_1': ['camera_type', 'ISO', 'effects', 'optical_zoom', 'weight', 'color', 'settings', 'long_exposure', 'resolution', 'preset_modes', 'price', 'sensor_size'], 'CAMERA_2': ['ISO', 'optical_zoom', 'sensor_size', 'color', 'preset_modes', 'weight', 'settings', 'price', 'effects', 'autofocus_points'], 'CAMERA_3': []}",C_QUESTION_ABOUT_FEATURE,CAMERA_1,sensor_size,what is the sensor size,S_NOT_SURE,CAMERA_1,,I'm not really sure about that,
657,27,CAMERA_3,"['CAMERA_2', 'CAMERA_1', 'CAMERA_3']","{'CAMERA_1': ['camera_type', 'ISO', 'effects', 'optical_zoom', 'weight', 'color', 'settings', 'long_exposure', 'resolution', 'preset_modes', 'price', 'sensor_size'], 'CAMERA_2': ['ISO', 'optical_zoom', 'sensor_size', 'color', 'preset_modes', 'weight', 'settings', 'price', 'effects', 'autofocus_points'], 'CAMERA_3': []}",C_ANYTHING_ELSE_AVAILABLE,CAMERA_1,NONE,ok do you have any other cameras,S_INTRODUCES_CAMERA,CAMERA_3,,Let me show you this. Here we have the Canon EOS 5D Mark III.,39~60
657,28,CAMERA_3,"['CAMERA_2', 'CAMERA_1', 'CAMERA_3']","{'CAMERA_1': ['camera_type', 'ISO', 'effects', 'optical_zoom', 'weight', 'color', 'settings', 'long_exposure', 'resolution', 'preset_modes', 'price', 'sensor_size'], 'CAMERA_2': ['ISO', 'optical_zoom', 'sensor_size', 'color', 'preset_modes', 'weight', 'settings', 'price', 'effects', 'autofocus_points'], 'CAMERA_3': ['settings']}",C_SILENT_OR_BACKCHANNEL,CAMERA_3,NONE,alright,S_INTRODUCES_FEATURE,CAMERA_3,settings,This one has full manual control.,13~32
657,29,NONE,"['CAMERA_2', 'CAMERA_1', 'CAMERA_3']","{'CAMERA_1': ['camera_type', 'ISO', 'effects', 'optical_zoom', 'weight', 'color', 'settings', 'long_exposure', 'resolution', 'preset_modes', 'price', 'sensor_size'], 'CAMERA_2': ['ISO', 'optical_zoom', 'sensor_size', 'color', 'preset_modes', 'weight', 'settings', 'price', 'effects', 'autofocus_points'], 'CAMERA_3': ['settings']}",C_THANK_YOU,CAMERA_3,NONE,thank you for your help,S_THANK_YOU,CAMERA_3,NONE,thank you very much,
657,30,NONE,"['CAMERA_2', 'CAMERA_1', 'CAMERA_3']","{'CAMERA_1': ['camera_type', 'ISO', 'effects', 'optical_zoom', 'weight', 'color', 'settings', 'long_exposure', 'resolution', 'preset_modes', 'price', 'sensor_size'], 'CAMERA_2': ['ISO', 'optical_zoom', 'sensor_size', 'color', 'preset_modes', 'weight', 'settings', 'price', 'effects', 'autofocus_points'], 'CAMERA_3': ['settings']}",C_LEAVES,DOOR,NONE,,S_RETURNS_TO_COUNTER,SERVICE_COUNTER,NONE,,
658,1,NONE,[],"{'CAMERA_1': [], 'CAMERA_2': [], 'CAMERA_3': []}",C_ENTERS,DOOR,NONE,,S_NONE,SERVICE_COUNTER,NONE,,
658,2,NONE,[],"{'CAMERA_1': [], 'CAMERA_2': [], 'CAMERA_3': []}",C_GREETS,MIDDLE,NONE,hello,S_GREETS,MIDDLE,NONE,can I help you?,
658,3,CAMERA_2,['CAMERA_2'],"{'CAMERA_1': [], 'CAMERA_2': [], 'CAMERA_3': []}",C_LOOKING_FOR_A_CAMERA,MIDDLE,NONE,I'm looking for a camera,S_INTRODUCES_CAMERA,CAMERA_2,,Let me show you this. Here we have the Sony Alpha a6000.,39~55
658,4,CAMERA_2,['CAMERA_2'],"{'CAMERA_1': [], 'CAMERA_2': ['ISO'], 'CAMERA_3': []}",C_QUESTION_ABOUT_FEATURE,CAMERA_2,ISO,what is the ISO,S_ANSWERS_QUESTION_ABOUT_FEATURE,CAMERA_2,ISO,This one has up to 3200 ISO with little noise.,13~45
658,5,NONE,['CAMERA_2'],"{'CAMERA_1': [], 'CAMERA_2': ['ISO'], 'CAMERA_3': []}",C_THANK_YOU,CAMERA_2,NONE,thank you for your help,S_THANK_YOU,CAMERA_2,NONE,thank you very much,
658,6,NONE,['CAMERA_2'],"{'CAMERA_1': [], 'CAMERA_2': ['ISO'], 'CAMERA_3': []}",C_LEAVES,DOOR,NONE,,S_RETURNS_TO_COUNTER,SERVICE_COUNTER,NONE,,
659,1,NONE,[],"{'CAMERA_1': [], 'CAMERA_2': [], 'CAMERA_3': []}",C_ENTERS,DOOR,NONE,,S_NONE,SERVICE_COUNTER,NONE,,
659,2,NONE,[],"{'CAMERA_1': [], 'CAMERA_2': [], 'CAMERA_3': []}",C_GREETS,MIDDLE,NONE,hello,S_GREETS,MIDDLE,NONE,can I help you?,
659,3,CAMERA_2,['CAMERA_2'],"{'CAMERA_1': [], 'CAMERA_2': [], 'CAMERA_3': []}",C_LOOKING_FOR_A_CAMERA,MIDDLE,NONE,I'm looking for a camera,S_INTRODUCES_CAMERA,CAMERA_2,,Let me show you this. Here we have the Sony Alpha a6000.,39~55
659,4,CAMERA_2,['CAMERA_2'],"{'CAMERA_1': [], 'CAMERA_2': ['optical_zoom'], 'CAMERA_3': []}",C_QUESTION_ABOUT_FEATURE,CAMERA_2,optical_zoom,does it have optical zoom,S_NOT_SURE,CAMERA_2,,I'm not really sure about that,
659,5,CAMERA_2,['CAMERA_2'],"{'CAMERA_1': [], 'CAMERA_2': ['optical_zoom', 'ISO'], 'CAMERA_3': []}",C_SILENT_OR_BACKCHANNEL,CAMERA_2,NONE,alright,S_INTRODUCES_FEATURE,CAMERA_2,ISO,This one has up to 3200 ISO with little noise.,13~45
659,6,CAMERA_2,['CAMERA_2'],"{'CAMERA_1': [], 'CAMERA_2': ['optical_zoom', 'ISO', 'sensor_size'], 'CAMERA_3': []}",C_QUESTION_ABOUT_FEATURE,CAMERA_2,sensor_size,what is the sensor size,S_ANSWERS_QUESTION_ABOUT_FEATURE,CAMERA_2,sensor_size,This one has a APS-C sensor (crop sensor).,15~41
659,7,CAMERA_2,['CAMERA_2'],"{'CAMERA_1': [], 'CAMERA_2': ['optical_zoom', 'ISO', 'sensor_size', 'effects'], 'CAMERA_3': []}",C_QUESTION_ABOUT_FEATURE,CAMERA_2,effects,does it have any effect modes,S_ANSWERS_QUESTION_ABOUT_FEATURE,CAMERA_2,effects,"This one has 13 artistic effect modes (e.g. toy camera, soft focus).",13~67
659,8,CAMERA_2,['CAMERA_2'],"{'CAMERA_1': [], 'CAMERA_2': ['optical_zoom', 'ISO', 'sensor_size', 'effects', 'settings'], 'CAMERA_3': []}",C_QUESTION_ABOUT_FEATURE,CAMERA_2,settings,what kind of settings does it have,S_ANSWERS_QUESTION_ABOUT_FEATURE,CAMERA_2,settings,This one has full manual control.,13~32
659,9,CAMERA_2,['CAMERA_2'],"{'CAMERA_1': [], 'CAMERA_2': ['optical_zoom', 'ISO', 'sensor_size', 'effects', 'settings', 'price'], 'CAMERA_3': []}",C_QUESTION_ABOUT_FEATURE,CAMERA_2,price,how much does it cost,S_ANSWERS_QUESTION_ABOUT_FEATURE,CAMERA_2,price,This one costs $1341.,15~20
659,10,NONE,['CAMERA_2'],"{'CAMERA_1': [], 'CAMERA_2': ['optical_zoom', 'ISO', 'sensor_size', 'effects', 'settings', 'price'], 'CAMERA_3': []}",C_THANK_YOU,CAMERA_2,NONE,thank you for your help,S_THANK_YOU,CAMERA_2,NONE,thank you very much,
659,11,NONE,['CAMERA_2'],"{'CAMERA_1': [], 'CAMERA_2': ['optical_zoom', 'ISO', 'sensor_size', 'effects', 'settings', 'price'], 'CAMERA_3': []}",C_LEAVES,DOOR,NONE,,S_RETURNS_TO_COUNTER,SERVICE_COUNTER,NONE,,
660,1,NONE,[],"{'CAMERA_1': [], 'CAMERA_2': [], 'CAMERA_3': []}",C_ENTERS,DOOR,NONE,,S_NONE,SERVICE_COUNTER,NONE,,
660,2,NONE,[],"{'CAMERA_1': [], 'CAMERA_2': [], 'CAMERA_3': []}",C_GREETS,MIDDLE,NONE,hello,S_GREETS,MIDDLE,NONE,can I help you?,
660,3,CAMERA_3,['CAMERA_3'],"{'CAMERA_1': [], 'CAMERA_2': [], 'CAMERA_3': []}",C_LOOKING_FOR_A_CAMERA,MIDDLE,NONE,I'm looking for a camera,S_INTRODUCES_CAMERA,CAMERA_3,,Let me show you this. Here we have the Canon EOS 5D Mark III.,39~60
660,4,CAMERA_3,['CAMERA_3'],"{'CAMERA_1': [], 'CAMERA_2': [], 'CAMERA_3': ['weight']}",C_QUESTION_ABOUT_FEATURE,CAMERA_3,weight,how much does this one weigh,S_ANSWERS_QUESTION_ABOUT_FEATURE,CAMERA_3,weight,This one weighs 950 grams (only body).,16~37
660,5,CAMERA_2,"['CAMERA_3', 'CAMERA_2']","{'CAMERA_1': [], 'CAMERA_2': [], 'CAMERA_3': ['weight']}",C_ANYTHING_ELSE_AVAILABLE,CAMERA_3,NONE,ok do you have any other cameras,S_INTRODUCES_CAMERA,CAMERA_2,,Let me show you this. Here we have the Sony Alpha a6000.,39~55
660,6,CAMERA_2,"['CAMERA_3', 'CAMERA_2']","{'CAMERA_1': [], 'CAMERA_2': ['resolution'], 'CAMERA_3': ['weight']}",C_QUESTION_ABOUT_FEATURE,CAMERA_2,resolution,what is the resolution,S_NOT_SURE,CAMERA_2,,I'm not really sure about that,
660,7,NONE,"['CAMERA_3', 'CAMERA_2']","{'CAMERA_1': [], 'CAMERA_2': ['resolution'], 'CAMERA_3': ['weight']}",C_THANK_YOU,CAMERA_2,NONE,thank you for your help,S_THANK_YOU,CAMERA_2,NONE,thank you very much,
660,8,NONE,"['CAMERA_3', 'CAMERA_2']","{'CAMERA_1': [], 'CAMERA_2': ['resolution'], 'CAMERA_3': ['weight']}",C_LEAVES,DOOR,NONE,,S_RETURNS_TO_COUNTER,SERVICE_COUNTER,NONE,,
661,1,NONE,[],"{'CAMERA_1': [], 'CAMERA_2': [], 'CAMERA_3': []}",C_ENTERS,DOOR,NONE,,S_NONE,SERVICE_COUNTER,NONE,,
661,2,NONE,[],"{'CAMERA_1': [], 'CAMERA_2': [], 'CAMERA_3': []}",C_WALKS_TO_CAMERA,CAMERA_2,NONE,,S_GREETS,CAMERA_2,NONE,can I help you?,
661,3,CAMERA_3,['CAMERA_3'],"{'CAMERA_1': [], 'CAMERA_2': [], 'CAMERA_3': []}",C_LOOKING_FOR_A_CAMERA,CAMERA_2,NONE,I'm looking for a camera,S_INTRODUCES_CAMERA,CAMERA_3,,Let me show you this. Here we have the Canon EOS 5D Mark III.,39~60
661,4,CAMERA_3,['CAMERA_3'],"{'CAMERA_1': [], 'CAMERA_2': [], 'CAMERA_3': ['autofocus_points']}",C_QUESTION_ABOUT_FEATURE,CAMERA_3,autofocus_points,how many autofocus points does it have,S_ANSWERS_QUESTION_ABOUT_FEATURE,CAMERA_3,autofocus_points,This one has 61 autofocus points.,13~32
661,5,CAMERA_3,['CAMERA_3'],"{'CAMERA_1': [], 'CAMERA_2': [], 'CAMERA_3': ['autofocus_points', 'camera_type']}",C_SILENT_OR_BACKCHANNEL,CAMERA_3,NONE,alright,S_INTRODUCES_FEATURE,CAMERA_3,camera_type,This is a DSLR camera.,10~14
661,6,CAMERA_3,['CAMERA_3'],"{'CAMERA_1': [], 'CAMERA_2': [], 'CAMERA_3': ['autofocus_points', 'camera_type', 'optical_zoom']}",C_QUESTION_ABOUT_FEATURE,CAMERA_3,optical_zoom,does it have optical zoom,S_NOT_SURE,CAMERA_3,,I'm not really sure about that,
661,7,CAMERA_3,['CAMERA_3'],"{'CAMERA_1': [], 'CAMERA_2': [], 'CAMERA_3': ['autofocus_points', 'camera_type', 'optical_zoom', 'price']}",C_SILENT_OR_BACKCHANNEL,CAMERA_3,NONE,alright,S_INTRODUCES_FEATURE,CAMERA_3,price,This one costs $3706.,15~20
661,8,CAMERA_3,['CAMERA_3'],"{'CAMERA_1': [], 'CAMERA_2': [], 'CAMERA_3': ['autofocus_points', 'camera_type', 'optical_zoom', 'price', 'sensor_size']}",C_QUESTION_ABOUT_FEATURE,CAMERA_3,sensor_size,what is the sensor size,S_ANSWERS_QUESTION_ABOUT_FEATURE,CAMERA_3,sensor_size,This one has a full frame.,15~25
661,9,CAMERA_3,['CAMERA_3'],"{'CAMERA_1': [], 'CAMERA_2': [], 'CAMERA_3': ['autofocus_points', 'camera_type', 'optical_zoom', 'price', 'sensor_size', 'ISO']}",C_SILENT_OR_BACKCHANNEL,CAMERA_3,NONE,okay,S_INTRODUCES_FEATURE,CAMERA_3,ISO,This one has up to 6400 ISO with little noise.,13~45
661,10,CAMERA_3,['CAMERA_3'],"{'CAMERA_1': [], 'CAMERA_2': [], 'CAMERA_3': ['autofocus_points', 'camera_type', 'optical_zoom', 'price', 'sensor_size', 'ISO', 'long_exposure']}",C_QUESTION_ABOUT_FEATURE,CAMERA_3,long_exposure,can it take long exposure shots,S_ANSWERS_QUESTION_ABOUT_FEATURE,CAMERA_3,long_exposure,"This one can take long exposures up to up to 30 seconds, bulb mode: expose as long as you want.",39~94
661,11,NONE,['CAMERA_3'],"{'CAMERA_1': [], 'CAMERA_2': [], 'CAMERA_3': ['autofocus_points', 'camera_type', 'optical_zoom', 'price', 'sensor_size', 'ISO', 'long_exposure']}",C_THANK_YOU,CAMERA_3,NONE,thank you for your help,S_THANK_YOU,CAMERA_3,NONE,thank you very much,
661,12,NONE,['CAMERA_3'],"{'CAMERA_1': [], 'CAMERA_2': [], 'CAMERA_3': ['autofocus_points', 'camera_type', 'optical_zoom', 'price', 'sensor_size', 'ISO', 'long_exposure']}",C_LEAVES,DOOR,NONE,,S_RETURNS_TO_COUNTER,SERVICE_COUNTER,NONE,,
662,1,NONE,[],"{'CAMERA_1': [], 'CAMERA_2': [], 'CAMERA_3': []}",C_ENTERS,DOOR,NONE,,S_NONE,SERVICE_COUNTER,NONE,,
662,2,NONE,[],"{'CAMERA_1': [], 'CAMERA_2': [], 'CAMERA_3': []}",C_WALKS_TO_CAMERA,CAMERA_2,NONE,,S_GREETS,CAMERA_2,NONE,can I help you?,
662,3,CAMERA_1,['CAMERA_1'],"{'CAMERA_1': [], 'CAMERA_2': [], 'CAMERA_3': []}",C_LOOKING_FOR_A_CAMERA,CAMERA_2,NONE,I'm looking for a camera,S_INTRODUCES_CAMERA,CAMERA_1,,Let me show you this. Here we have the Nikon Coolpix S2800.,39~58
662,4,CAMERA_1,['CAMERA_1'],"{'CAMERA_1': ['color'], 'CAMERA_2': [], 'CAMERA_3': []}",C_QUESTION_ABOUT_FEATURE,CAMERA_1,color,what colors does this one come in,S_ANSWERS_QUESTION_ABOUT_FEATURE,CAMERA_1,color,"This one comes in purple, pink, black, silver, red.",18~50
662,5,NONE,['CAMERA_1'],"{'CAMERA_1': ['color'], 'CAMERA_2': [], 'CAMERA_3': []}",C_THANK_YOU,CAMERA_1,NONE,thank you for your help,S_THANK_YOU,CAMERA_1,NONE,thank you very much,
662,6,NONE,['CAMERA_1'],"{'CAMERA_1': ['color'], 'CAMERA_2': [], 'CAMERA_3': []}",C_LEAVES,DOOR,NONE,,S_RETURNS_TO_COUNTER,SERVICE_COUNTER,NONE,,
663,1,NONE,[],"{'CAMERA_1': [], 'CAMERA_2': [], 'CAMERA_3': []}",C_ENTERS,DOOR,NONE,,S_NONE,SERVICE_COUNTER,NONE,,
663,2,NONE,[],"{'CAMERA_1': [], 'CAMERA_2': [], 'CAMERA_3': []}",C_WALKS_TO_CAMERA,CAMERA_3,NONE,,S_GREETS,CAMERA_3,NONE,can I help you?,
663,3,CAMERA_3,['CAMERA_3'],"{'CAMERA_1': [], 'CAMERA_2': [], 'CAMERA_3': []}",C_LOOKING_FOR_A_CAMERA,CAMERA_3,NONE,I'm looking for a camera,S_INTRODUCES_CAMERA,CAMERA_3,,Let me show you this. Here we have the Canon EOS 5D Mark III.,39~60
663,4,CAMERA_3,['CAMERA_3'],"{'CAMERA_1': [], 'CAMERA_2': [], 'CAMERA_3': ['weight']}",C_SILENT_OR_BACKCHANNEL,CAMERA_3,NONE,okay,S_INTRODUCES_FEATURE,CAMERA_3,weight,This one weighs 950 grams (only body).,16~37
663,5,CAMERA_3,['CAMERA_3'],"{'CAMERA_1': [], 'CAMERA_2': [], 'CAMERA_3': ['weight', 'camera_type']}",C_QUESTION_ABOUT_FEATURE,CAMERA_3,camera_type,what kind of camera is this,S_ANSWERS_QUESTION_ABOUT_FEATURE,CAMERA_3,camera_type,This is a DSLR camera.,10~14
663,6,NONE,['CAMERA_3'],"{'CAMERA_1': [], 'CAMERA_2': [], 'CAMERA_3': ['weight', 'camera_type']}",C_THANK_YOU,CAMERA_3,NONE,thank you for your help,S_THANK_YOU,CAMERA_3,NONE,thank you very much,
663,7,NONE,['CAMERA_3'],"{'CAMERA_1': [], 'CAMERA_2': [], 'CAMERA_3': ['weight', 'camera_type']}",C_LEAVES,DOOR,NONE,,S_RETURNS_TO_COUNTER,SERVICE_COUNTER,NONE,,
664,1,NONE,[],"{'CAMERA_1': [], 'CAMERA_2': [], 'CAMERA_3': []}",C_ENTERS,DOOR,NONE,,S_NONE,SERVICE_COUNTER,NONE,,
664,2,NONE,[],"{'CAMERA_1': [], 'CAMERA_2': [], 'CAMERA_3': []}",C_GREETS,MIDDLE,NONE,hello,S_GREETS,MIDDLE,NONE,can I help you?,
664,3,CAMERA_2,['CAMERA_2'],"{'CAMERA_1': [], 'CAMERA_2': [], 'CAMERA_3': []}",C_LOOKING_FOR_A_CAMERA,MIDDLE,NONE,I'm looking for a camera,S_INTRODUCES_CAMERA,CAMERA_2,,Let me show you this. Here we have the Sony Alpha a6000.,39~55
664,4,CAMERA_2,['CAMERA_2'],"{'CAMERA_1': [], 'CAMERA_2': ['effects'], 'CAMERA_3': []}",C_QUESTION_ABOUT_FEATURE,CAMERA_2,effects,does it have any effect modes,S_ANSWERS_QUESTION_ABOUT_FEATURE,CAMERA_2,effects,"This one has 13 artistic effect modes (e.g. toy camera, soft focus).",13~67
664,5,CAMERA_2,['CAMERA_2'],"{'CAMERA_1': [], 'CAMERA_2': ['effects', 'long_exposure'], 'CAMERA_3': []}",C_QUESTION_ABOUT_FEATURE,CAMERA_2,long_exposure,can it take long exposure shots,S_ANSWERS_QUESTION_ABOUT_FEATURE,CAMERA_2,long_exposure,This one can take long exposures up to up to 30 seconds.,39~55
664,6,CAMERA_2,['CAMERA_2'],"{'CAMERA_1': [], 'CAMERA_2': ['effects', 'long_exposure', 'weight'], 'CAMERA_3': []}",C_QUESTION_ABOUT_FEATURE,CAMERA_2,weight,how much does this one weigh,S_ANSWERS_QUESTION_ABOUT_FEATURE,CAMERA_2,weight,This one weighs 470 grams.,16~25
664,7,CAMERA_2,['CAMERA_2'],"{'CAMERA_1': [], 'CAMERA_2': ['effects', 'long_exposure', 'weight', 'resolution'], 'CAMERA_3': []}",C_QUESTION_ABOUT_FEATURE,CAMERA_2,resolution,what is the resolution,S_NOT_SURE,CAMERA_2,,I'm not really sure about that,
664,8,CAMERA_2,['CAMERA_2'],"{'CAMERA_1': [], 'CAMERA_2': ['effects', 'long_exposure', 'weight', 'resolution', 'sensor_size'], 'CAMERA_3': []}",C_QUESTION_ABOUT_FEATURE,CAMERA_2,sensor_size,what is the sensor size,S_ANSWERS_QUESTION_ABOUT_FEATURE,CAMERA_2,sensor_size,This one has a APS-C sensor (crop sensor).,15~41
664,9,NONE,['CAMERA_2'],"{'CAMERA_1': [], 'CAMERA_2': ['effects', 'long_exposure', 'weight', 'resolution', 'sensor_size'], 'CAMERA_3': []}",C_THANK_YOU,CAMERA_2,NONE,thank you for your help,S_THANK_YOU,CAMERA_2,NONE,thank you very much,
664,10,NONE,['CAMERA_2'],"{'CAMERA_1': [], 'CAMERA_2': ['effects', 'long_exposure', 'weight', 'resolution', 'sensor_size'], 'CAMERA_3': []}",C_LEAVES,DOOR,NONE,,S_RETURNS_TO_COUNTER,SERVICE_COUNTER,NONE,,
665,1,NONE,[],"{'CAMERA_1': [], 'CAMERA_2': [], 'CAMERA_3': []}",C_ENTERS,DOOR,NONE,,S_NONE,SERVICE_COUNTER,NONE,,
665,2,NONE,[],"{'CAMERA_1': [], 'CAMERA_2': [], 'CAMERA_3': []}",C_WALKS_TO_CAMERA,CAMERA_1,NONE,,S_GREETS,CAMERA_1,NONE,can I help you?,
665,3,CAMERA_1,['CAMERA_1'],"{'CAMERA_1': [], 'CAMERA_2': [], 'CAMERA_3': []}",C_LOOKING_FOR_A_CAMERA,CAMERA_1,NONE,I'm looking for a camera,S_INTRODUCES_CAMERA,CAMERA_1,,Let me show you this. Here we have the Nikon Coolpix S2800.,39~58
665,4,CAMERA_1,['CAMERA_1'],"{'CAMERA_1': ['resolution'], 'CAMERA_2': [], 'CAMERA_3': []}",C_QUESTION_ABOUT_FEATURE,CAMERA_1,resolution,what is the resolution,S_ANSWERS_QUESTION_ABOUT_FEATURE,CAMERA_1,resolution,This one has 20.1 megapixels resolution.,13~28
665,5,CAMERA_1,['CAMERA_1'],"{'CAMERA_1': ['resolution', 'camera_type'], 'CAMERA_2': [], 'CAMERA_3': []}",C_QUESTION_ABOUT_FEATURE,CAMERA_1,camera_type,what kind of camera is this,S_ANSWERS_QUESTION_ABOUT_FEATURE,CAMERA_1,camera_type,This is a point and shoot camera.,10~25
665,6,CAMERA_1,['CAMERA_1'],"{'CAMERA_1': ['resolution', 'camera_type', 'effects'], 'CAMERA_2': [], 'CAMERA_3': []}",C_QUESTION_ABOUT_FEATURE,CAMERA_1,effects,does it have any effect modes,S_ANSWERS_QUESTION_ABOUT_FEATURE,CAMERA_1,effects,"This one has 12 glamor retouch effects (e.g. skin softening, small face, big eyes).",13~82
665,7,CAMERA_1,['CAMERA_1'],"{'CAMERA_1': ['resolution', 'camera_type', 'effects', 'sensor_size'], 'CAMERA_2': [], 'CAMERA_3': []}",C_QUESTION_ABOUT_FEATURE,CAMERA_1,sensor_size,what is the sensor size,S_NOT_SURE,CAMERA_1,,I'm not really sure about that,
665,8,CAMERA_1,['CAMERA_1'],"{'CAMERA_1': ['resolution', 'camera_type', 'effects', 'sensor_size', 'weight'], 'CAMERA_2': [], 'CAMERA_3': []}",C_SILENT_OR_BACKCHANNEL,CAMERA_1,NONE,okay,S_INTRODUCES_FEATURE,CAMERA_1,weight,This one weighs 120 grams.,16~25
665,9,CAMERA_1,['CAMERA_1'],"{'CAMERA_1': ['resolution', 'camera_type', 'effects', 'sensor_size', 'weight', 'optical_zoom'], 'CAMERA_2': [], 'CAMERA_3': []}",C_SILENT_OR_BACKCHANNEL,CAMERA_1,NONE,I see,S_INTRODUCES_FEATURE,CAMERA_1,optical_zoom,This one has 5x optical zoom.,13~28
665,10,CAMERA_1,['CAMERA_1'],"{'CAMERA_1': ['resolution', 'camera_type', 'effects', 'sensor_size', 'weight', 'optical_zoom', 'settings'], 'CAMERA_2': [], 'CAMERA_3': []}",C_SILENT_OR_BACKCHANNEL,CAMERA_1,NONE,I see,S_INTRODUCES_FEATURE,CAMERA_1,settings,This one has limited manual settings.,13~36
665,11,CAMERA_1,['CAMERA_1'],"{'CAMERA_1': ['resolution', 'camera_type', 'effects', 'sensor_size', 'weight', 'optical_zoom', 'settings', 'preset_modes'], 'CAMERA_2': [], 'CAMERA_3': []}",C_SILENT_OR_BACKCHANNEL,CAMERA_1,NONE,alright,S_INTRODUCES_FEATURE,CAMERA_1,preset_modes,"This one has 18 preset modes (e.g. beach, snow, night portrait).",13~63
665,12,CAMERA_3,"['CAMERA_1', 'CAMERA_3']","{'CAMERA_1': ['resolution', 'camera_type', 'effects', 'sensor_size', 'weight', 'optical_zoom', 'settings', 'preset_modes'], 'CAMERA_2': [], 'CAMERA_3': []}",C_ANYTHING_ELSE_AVAILABLE,CAMERA_1,NONE,ok do you have any other cameras,S_INTRODUCES_CAMERA,CAMERA_3,,Let me show you this. Here we have the Canon EOS 5D Mark III.,39~60
665,13,CAMERA_3,"['CAMERA_1', 'CAMERA_3']","{'CAMERA_1': ['resolution', 'camera_type', 'effects', 'sensor_size', 'weight', 'optical_zoom', 'settings', 'preset_modes'], 'CAMERA_2': [], 'CAMERA_3': ['preset_modes']}",C_QUESTION_ABOUT_FEATURE,CAMERA_3,preset_modes,does it have preset modes,S_NOT_SURE,CAMERA_3,,I'm not really sure about that,
665,14,CAMERA_3,"['CAMERA_1', 'CAMERA_3']","{'CAMERA_1': ['resolution', 'camera_type', 'effects', 'sensor_size', 'weight', 'optical_zoom', 'settings', 'preset_modes'], 'CAMERA_2': [], 'CAMERA_3': ['preset_modes', 'color']}",C_QUESTION_ABOUT_FEATURE,CAMERA_3,color,what colors does this one come in,S_ANSWERS_QUESTION_ABOUT_FEATURE,CAMERA_3,color,This one comes in black.,18~23
665,15,CAMERA_3,"['CAMERA_1', 'CAMERA_3']","{'CAMERA_1': ['resolution', 'camera_type', 'effects', 'sensor_size', 'weight', 'optical_zoom', 'settings', 'preset_modes'], 'CAMERA_2': [], 'CAMERA_3': ['preset_modes', 'color', 'effects']}",C_QUESTION_ABOUT_FEATURE,CAMERA_3,effects,does it have any effect modes,S_NOT_SURE,CAMERA_3,,I'm not really sure about that,
665,16,CAMERA_3,"['CAMERA_1', 'CAMERA_3']","{'CAMERA_1': ['resolution', 'camera_type', 'effects', 'sensor_size', 'weight', 'optical_zoom', 'settings', 'preset_modes'], 'CAMERA_2': [], 'CAMERA_3': ['preset_modes', 'color', 'effects', 'long_exposure']}",C_QUESTION_ABOUT_FEATURE,CAMERA_3,long_exposure,can it take long exposure shots,S_ANSWERS_QUESTION_ABOUT_FEATURE,CAMERA_3,long_exposure,"This one can take long exposures up to up to 30 seconds, bulb mode: expose as long as you want.",39~94
665,17,CAMERA_3,"['CAMERA_1', 'CAMERA_3']","{'CAMERA_1': ['resolution', 'camera_type', 'effects', 'sensor_size', 'weight', 'optical_zoom', 'settings', 'preset_modes'], 'CAMERA_2': [], 'CAMERA_3': ['preset_modes', 'color', 'effects', 'long_exposure', 'weight']}",C_SILENT_OR_BACKCHANNEL,CAMERA_3,NONE,okay,S_INTRODUCES_FEATURE,CAMERA_3,weight,This one weighs 950 grams (only body).,16~37
665,18,CAMERA_3,"['CAMERA_1', 'CAMERA_3']","{'CAMERA_1': ['resolution', 'camera_type', 'effects', 'sensor_size', 'weight', 'optical_zoom', 'settings', 'preset_modes'], 'CAMERA_2': [], 'CAMERA_3': ['preset_modes', 'color', 'effects', 'long_exposure', 'weight', 'price']}",C_QUESTION_ABOUT_FEATURE,CAMERA_3,price,how much does it cost,S_ANSWERS_QUESTION_ABOUT_FEATURE,CAMERA_3,price,This one costs $3706.,15~20
665,19,NONE,"['CAMERA_1', 'CAMERA_3']","{'CAMERA_1': ['resolution', 'camera_type', 'effects', 'sensor_size', 'weight', 'optical_zoom', 'settings', 'preset_modes'], 'CAMERA_2': [], 'CAMERA_3': ['preset_modes', 'color', 'effects', 'long_exposure', 'weight', 'price']}",C_THANK_YOU,CAMERA_3,NONE,thank you for your help,S_THANK_YOU,CAMERA_3,NONE,thank you very much,
665,20,NONE,"['CAMERA_1', 'CAMERA_3']","{'CAMERA_1': ['resolution', 'camera_type', 'effects', 'sensor_size', 'weight', 'optical_zoom', 'settings', 'preset_modes'], 'CAMERA_2': [], 'CAMERA_3': ['preset_modes', 'color', 'effects', 'long_exposure', 'weight', 'price']}",C_LEAVES,DOOR,NONE,,S_RETURNS_TO_COUNTER,SERVICE_COUNTER,NONE,,
666,1,NONE,[],"{'CAMERA_1': [], 'CAMERA_2': [], 'CAMERA_3': []}",C_ENTERS,DOOR,NONE,,S_NONE,SERVICE_COUNTER,NONE,,
666,2,NONE,[],"{'CAMERA_1': [], 'CAMERA_2': [], 'CAMERA_3': []}",C_GREETS,MIDDLE,NONE,hello,S_GREETS,MIDDLE,NONE,can I help you?,
666,3,CAMERA_1,['CAMERA_1'],"{'CAMERA_1': [], 'CAMERA_2': [], 'CAMERA_3': []}",C_LOOKING_FOR_A_CAMERA,MIDDLE,NONE,I'm looking for a camera,S_INTRODUCES_CAMERA,CAMERA_1,,Let me show you this. Here we have the Nikon Coolpix S2800.,39~58
666,4,CAMERA_1,['CAMERA_1'],"{'CAMERA_1': ['autofocus_points'], 'CAMERA_2': [], 'CAMERA_3': []}",C_QUESTION_ABOUT_FEATURE,CAMERA_1,autofocus_points,how many autofocus points does it have,S_NOT_SURE,CAMERA_1,,I'm not really sure about that,
666,5,CAMERA_3,"['CAMERA_1', 'CAMERA_3']","{'CAMERA_1': ['autofocus_points'], 'CAMERA_2': [], 'CAMERA_3': []}",C_ANYTHING_ELSE_AVAILABLE,CAMERA_1,NONE,ok do you have any other cameras,S_INTRODUCES_CAMERA,CAMERA_3,,Let me show you this. Here we have the Canon EOS 5D Mark III.,39~60
666,6,CAMERA_3,"['CAMERA_1', 'CAMERA_3']","{'CAMERA_1': ['autofocus_points'], 'CAMERA_2': [], 'CAMERA_3': ['settings']}",C_SILENT_OR_BACKCHANNEL,CAMERA_3,NONE,I see,S_INTRODUCES_FEATURE,CAMERA_3,settings,This one has full manual control.,13~32
666,7,NONE,"['CAMERA_1', 'CAMERA_3']","{'CAMERA_1': ['autofocus_points'], 'CAMERA_2': [], 'CAMERA_3': ['settings']}",C_THANK_YOU,CAMERA_3,NONE,thank you for your help,S_THANK_YOU,CAMERA_3,NONE,thank you very much,
666,8,NONE,"['CAMERA_1', 'CAMERA_3']","{'CAMERA_1': ['autofocus_points'], 'CAMERA_2': [], 'CAMERA_3': ['settings']}",C_LEAVES,DOOR,NONE,,S_RETURNS_TO_COUNTER,SERVICE_COUNTER,NONE,,
667,1,NONE,[],"{'CAMERA_1': [], 'CAMERA_2': [], 'CAMERA_3': []}",C_ENTERS,DOOR,NONE,,S_NONE,SERVICE_COUNTER,NONE,,
667,2,NONE,[],"{'CAMERA_1': [], 'CAMERA_2': [], 'CAMERA_3': []}",C_WALKS_TO_CAMERA,CAMERA_2,NONE,,S_GREETS,CAMERA_2,NONE,can I help you?,
667,3,CAMERA_1,['CAMERA_1'],"{'CAMERA_1': [], 'CAMERA_2': [], 'CAMERA_3': []}",C_LOOKING_FOR_A_CAMERA,CAMERA_2,NONE,I'm looking for a camera,S_INTRODUCES_CAMERA,CAMERA_1,,Let me show you this. Here we have the Nikon Coolpix S2800.,39~58
667,4,CAMERA_1,['CAMERA_1'],"{'CAMERA_1': ['preset_modes'], 'CAMERA_2': [], 'CAMERA_3': []}",C_QUESTION_ABOUT_FEATURE,CAMERA_1,preset_modes,does it have preset modes,S_ANSWERS_QUESTION_ABOUT_FEATURE,CAMERA_1,preset_modes,"This one has 18 preset modes (e.g. beach, snow, night portrait).",13~63
667,5,CAMERA_1,['CAMERA_1'],"{'CAMERA_1': ['preset_modes', 'long_exposure'], 'CAMERA_2': [], 'CAMERA_3': []}",C_QUESTION_ABOUT_FEATURE,CAMERA_1,long_exposure,can it take long exposure shots,S_NOT_SURE,CAMERA_1,,I'm not really sure about that,
667,6,NONE,['CAMERA_1'],"{'CAMERA_1': ['preset_modes', 'long_exposure'], 'CAMERA_2': [], 'CAMERA_3': []}",C_THANK_YOU,CAMERA_1,NONE,thank you for your help,S_THANK_YOU,CAMERA_1,NONE,thank you very much,
667,7,NONE,['CAMERA_1'],"{'CAMERA_1': ['preset_modes', 'long_exposure'], 'CAMERA_2': [], 'CAMERA_3': []}",C_LEAVES,DOOR,NONE,,S_RETURNS_TO_COUNTER,SERVICE_COUNTER,NONE,,
668,1,NONE,[],"{'CAMERA_1': [], 'CAMERA_2': [], 'CAMERA_3': []}",C_ENTERS,DOOR,NONE,,S_NONE,SERVICE_COUNTER,NONE,,
668,2,NONE,[],"{'CAMERA_1': [], 'CAMERA_2': [], 'CAMERA_3': []}",C_WALKS_TO_CAMERA,CAMERA_1,NONE,,S_NONE,SERVICE_COUNTER,NONE,,
668,3,NONE,[],"{'CAMERA_1': [], 'CAMERA_2': [], 'CAMERA_3': []}",C_EXAMINES_CAMERA,CAMERA_1,NONE,,S_NONE,SERVICE_COUNTER,NONE,,
668,4,CAMERA_1,['CAMERA_1'],"{'CAMERA_1': ['settings'], 'CAMERA_2': [], 'CAMERA_3': []}",C_QUESTION_ABOUT_FEATURE,CAMERA_1,settings,what kind of settings does it have,S_ANSWERS_QUESTION_ABOUT_FEATURE,CAMERA_1,settings,This one has limited manual settings.,13~36
668,5,CAMERA_1,['CAMERA_1'],"{'CAMERA_1': ['settings', 'preset_modes'], 'CAMERA_2': [], 'CAMERA_3': []}",C_SILENT_OR_BACKCHANNEL,CAMERA_1,NONE,alright,S_INTRODUCES_FEATURE,CAMERA_1,preset_modes,"This one has 18 preset modes (e.g. beach, snow, night portrait).",13~63
668,6,NONE,['CAMERA_1'],"{'CAMERA_1': ['settings', 'preset_modes'], 'CAMERA_2': [], 'CAMERA_3': []}",C_THANK_YOU,CAMERA_1,NONE,thank you for your help,S_THANK_YOU,CAMERA_1,NONE,thank you very much,
668,7,NONE,['CAMERA_1'],"{'CAMERA_1': ['settings', 'preset_modes'], 'CAMERA_2': [], 'CAMERA_3': []}",C_LEAVES,DOOR,NONE,,S_RETURNS_TO_COUNTER,SERVICE_COUNTER,NONE,,
669,1,NONE,[],"{'CAMERA_1': [], 'CAMERA_2': [], 'CAMERA_3': []}",C_ENTERS,DOOR,NONE,,S_NONE,SERVICE_COUNTER,NONE,,
669,2,NONE,[],"{'CAMERA_1': [], 'CAMERA_2': [], 'CAMERA_3': []}",C_GREETS,MIDDLE,NONE,hello,S_GREETS,MIDDLE,NONE,can I help you?,
669,3,CAMERA_2,['CAMERA_2'],"{'CAMERA_1': [], 'CAMERA_2': [], 'CAMERA_3': []}",C_LOOKING_FOR_A_CAMERA,MIDDLE,NONE,I'm looking for a camera,S_INTRODUCES_CAMERA,CAMERA_2,,Let me show you this. Here we have the Sony Alpha a6000.,39~55
669,4,CAMERA_2,['CAMERA_2'],"{'CAMERA_1': [], 'CAMERA_2': ['price'], 'CAMERA_3': []}",C_QUESTION_ABOUT_FEATURE,CAMERA_2,price,how much does it cost,S_ANSWERS_QUESTION_ABOUT_FEATURE,CAMERA_2,price,This one costs $1341.,15~20
669,5,CAMERA_2,['CAMERA_2'],"{'CAMERA_1': [], 'CAMERA_2': ['price', 'camera_type'], 'CAMERA_3': []}",C_SILENT_OR_BACKCHANNEL,CAMERA_2,NONE,okay,S_INTRODUCES_FEATURE,CAMERA_2,camera_type,This is a mirrorless camera.,10~20
669,6,CAMERA_2,['CAMERA_2'],"{'CAMERA_1': [], 'CAMERA_2': ['price', 'camera_type', 'long_exposure'], 'CAMERA_3': []}",C_SILENT_OR_BACKCHANNEL,CAMERA_2,NONE,alright,S_INTRODUCES_FEATURE,CAMERA_2,long_exposure,This one can take long exposures up to up to 30 seconds.,39~55
669,7,CAMERA_2,['CAMERA_2'],"{'CAMERA_1': [], 'CAMERA_2': ['price', 'camera_type', 'long_exposure', 'color'], 'CAMERA_3': []}",C_QUESTION_ABOUT_FEATURE,CAMERA_2,color,what colors does this one come in,S_ANSWERS_QUESTION_ABOUT_FEATURE,CAMERA_2,color,"This one comes in white, silver, black.",18~38
669,8,CAMERA_2,['CAMERA_2'],"{'CAMERA_1': [], 'CAMERA_2': ['price', 'camera_type', 'long_exposure', 'color', 'weight'], 'CAMERA_3': []}",C_SILENT_OR_BACKCHANNEL,CAMERA_2,NONE,alright,S_INTRODUCES_FEATURE,CAMERA_2,weight,This one weighs 470 grams.,16~25
669,9,CAMERA_2,['CAMERA_2'],"{'CAMERA_1': [], 'CAMERA_2': ['price', 'camera_type', 'long_exposure', 'color', 'weight', 'settings'], 'CAMERA_3': []}",C_SILENT_OR_BACKCHANNEL,CAMERA_2,NONE,alright,S_INTRODUCES_FEATURE,CAMERA_2,settings,This one has full manual control.,13~32
669,10,CAMERA_2,['CAMERA_2'],"{'CAMERA_1': [], 'CAMERA_2': ['price', 'camera_type', 'long_exposure', 'color', 'weight', 'settings', 'optical_zoom'], 'CAMERA_3': []}",C_QUESTION_ABOUT_FEATURE,CAMERA_2,optical_zoom,does it have optical zoom,S_NOT_SURE,CAMERA_2,,I'm not really sure about that,
669,11,CAMERA_3,"['CAMERA_2', 'CAMERA_3']","{'CAMERA_1': [], 'CAMERA_2': ['price', 'camera_type', 'long_exposure', 'color', 'weight', 'settings', 'optical_zoom'], 'CAMERA_3': []}",C_ANYTHING_ELSE_AVAILABLE,CAMERA_2,NONE,ok do you have any other cameras,S_INTRODUCES_CAMERA,CAMERA_3,,Let me show you this. Here we have the Canon EOS 5D Mark III.,39~60
669,12,CAMERA_3,"['CAMERA_2', 'CAMERA_3']","{'CAMERA_1': [], 'CAMERA_2': ['price', 'camera_type', 'long_exposure', 'color', 'weight', 'settings', 'optical_zoom'], 'CAMERA_3': ['ISO']}",C_SILENT_OR_BACKCHANNEL,CAMERA_3,NONE,I see,S_INTRODUCES_FEATURE,CAMERA_3,ISO,This one has up to 6400 ISO with little noise.,13~45
669,13,CAMERA_3,"['CAMERA_2', 'CAMERA_3']","{'CAMERA_1': [], 'CAMERA_2': ['price', 'camera_type', 'long_exposure', 'color', 'weight', 'settings', 'optical_zoom'], 'CAMERA_3': ['ISO', 'weight']}",C_SILENT_OR_BACKCHANNEL,CAMERA_3,NONE,okay,S_INTRODUCES_FEATURE,CAMERA_3,weight,This one weighs 950 grams (only body).,16~37
669,14,CAMERA_1,"['CAMERA_2', 'CAMERA_3', 'CAMERA_1']","{'CAMERA_1': [], 'CAMERA_2': ['price', 'camera_type', 'long_exposure', 'color', 'weight', 'settings', 'optical_zoom'], 'CAMERA_3': ['ISO', 'weight']}",C_ANYTHING_ELSE_AVAILABLE,CAMERA_3,NONE,ok do you have any other cameras,S_INTRODUCES_CAMERA,CAMERA_1,,Let me show you this. Here we have the Nikon Coolpix S2800.,39~58
669,15,CAMERA_1,"['CAMERA_2', 'CAMERA_3', 'CAMERA_1']","{'CAMERA_1': ['settings'], 'CAMERA_2': ['price', 'camera_type', 'long_exposure', 'color', 'weight', 'settings', 'optical_zoom'], 'CAMERA_3': ['ISO', 'weight']}",C_QUESTION_ABOUT_FEATURE,CAMERA_1,settings,what kind of settings does it have,S_ANSWERS_QUESTION_ABOUT_FEATURE,CAMERA_1,settings,This one has limited manual settings.,13~36
669,16,CAMERA_1,"['CAMERA_2', 'CAMERA_3', 'CAMERA_1']","{'CAMERA_1': ['settings', 'long_exposure'], 'CAMERA_2': ['price', 'camera_type', 'long_exposure', 'color', 'weight', 'settings', 'optical_zoom'], 'CAMERA_3': ['ISO', 'weight']}",C_QUESTION_ABOUT_FEATURE,CAMERA_1,long_exposure,can it take long exposure shots,S_NOT_SURE,CAMERA_1,,I'm not really sure about that,
669,17,CAMERA_1,"['CAMERA_2', 'CAMERA_3', 'CAMERA_1']","{'CAMERA_1': ['settings', 'long_exposure', 'resolution'], 'CAMERA_2': ['price', 'camera_type', 'long_exposure', 'color', 'weight', 'settings', 'optical_zoom'], 'CAMERA_3': ['ISO', 'weight']}",C_QUESTION_ABOUT_FEATURE,CAMERA_1,resolution,what is the resolution,S_ANSWERS_QUESTION_ABOUT_FEATURE,CAMERA_1,resolution,This one has 20.1 megapixels resolution.,13~28
669,18,CAMERA_1,"['CAMERA_2', 'CAMERA_3', 'CAMERA_1']","{'CAMERA_1': ['settings', 'long_exposure', 'resolution', 'color'], 'CAMERA_2': ['price', 'camera_type', 'long_exposure', 'color', 'weight', 'settings', 'optical_zoom'], 'CAMERA_3': ['ISO', 'weight']}",C_SILENT_OR_BACKCHANNEL,CAMERA_1,NONE,okay,S_INTRODUCES_FEATURE,CAMERA_1,color,"This one comes in purple, pink, black, silver, red.",18~50
669,19,CAMERA_1,"['CAMERA_2', 'CAMERA_3', 'CAMERA_1']","{'CAMERA_1': ['settings', 'long_exposure', 'resolution', 'color', 'optical_zoom'], 'CAMERA_2': ['price', 'camera_type', 'long_exposure', 'color', 'weight', 'settings', 'optical_zoom'], 'CAMERA_3': ['ISO', 'weight']}",C_SILENT_OR_BACKCHANNEL,CAMERA_1,NONE,alright,S_INTRODUCES_FEATURE,CAMERA_1,optical_zoom,This one has 5x optical zoom.,13~28
669,20,NONE,"['CAMERA_2', 'CAMERA_3', 'CAMERA_1']","{'CAMERA_1': ['settings', 'long_exposure', 'resolution', 'color', 'optical_zoom'], 'CAMERA_2': ['price', 'camera_type', 'long_exposure', 'color', 'weight', 'settings', 'optical_zoom'], 'CAMERA_3': ['ISO', 'weight']}",C_THANK_YOU,CAMERA_1,NONE,thank you for your help,S_THANK_YOU,CAMERA_1,NONE,thank you very much,
669,21,NONE,"['CAMERA_2', 'CAMERA_3', 'CAMERA_1']","{'CAMERA_1': ['settings', 'long_exposure', 'resolution', 'color', 'optical_zoom'], 'CAMERA_2': ['price', 'camera_type', 'long_exposure', 'color', 'weight', 'settings', 'optical_zoom'], 'CAMERA_3': ['ISO', 'weight']}",C_LEAVES,DOOR,NONE,,S_RETURNS_TO_COUNTER,SERVICE_COUNTER,NONE,,
670,1,NONE,[],"{'CAMERA_1': [], 'CAMERA_2': [], 'CAMERA_3': []}",C_ENTERS,DOOR,NONE,,S_NONE,SERVICE_COUNTER,NONE,,
670,2,NONE,[],"{'CAMERA_1': [], 'CAMERA_2': [], 'CAMERA_3': []}",C_WALKS_TO_CAMERA,CAMERA_3,NONE,,S_GREETS,CAMERA_3,NONE,can I help you?,
670,3,CAMERA_2,['CAMERA_2'],"{'CAMERA_1': [], 'CAMERA_2': [], 'CAMERA_3': []}",C_LOOKING_FOR_A_CAMERA,CAMERA_3,NONE,I'm looking for a camera,S_INTRODUCES_CAMERA,CAMERA_2,,Let me show you this. Here we have the Sony Alpha a6000.,39~55
670,4,CAMERA_2,['CAMERA_2'],"{'CAMERA_1': [], 'CAMERA_2': ['ISO'], 'CAMERA_3': []}",C_QUESTION_ABOUT_FEATURE,CAMERA_2,ISO,what is the ISO,S_ANSWERS_QUESTION_ABOUT_FEATURE,CAMERA_2,ISO,This one has up to 3200 ISO with little noise.,13~45
670,5,CAMERA_3,"['CAMERA_2', 'CAMERA_3']","{'CAMERA_1': [], 'CAMERA_2': ['ISO'], 'CAMERA_3': []}",C_ANYTHING_ELSE_AVAILABLE,CAMERA_2,NONE,ok do you have any other cameras,S_INTRODUCES_CAMERA,CAMERA_3,,Let me show you this. Here we have the Canon EOS 5D Mark III.,39~60
670,6,CAMERA_3,"['CAMERA_2', 'CAMERA_3']","{'CAMERA_1': [], 'CAMERA_2': ['ISO'], 'CAMERA_3': ['long_exposure']}",C_QUESTION_ABOUT_FEATURE,CAMERA_3,long_exposure,can it take long exposure shots,S_ANSWERS_QUESTION_ABOUT_FEATURE,CAMERA_3,long_exposure,"This one can take long exposures up to up to 30 seconds, bulb mode: expose as long as you want.",39~94
670,7,CAMERA_3,"['CAMERA_2', 'CAMERA_3']","{'CAMERA_1': [], 'CAMERA_2': ['ISO'], 'CAMERA_3': ['long_exposure', 'autofocus_points']}",C_SILENT_OR_BACKCHANNEL,CAMERA_3,NONE,alright,S_INTRODUCES_FEATURE,CAMERA_3,autofocus_points,This one has 61 autofocus points.,13~32
670,8,CAMERA_3,"['CAMERA_2', 'CAMERA_3']","{'CAMERA_1': [], 'CAMERA_2': ['ISO'], 'CAMERA_3': ['long_exposure', 'autofocus_points', 'camera_type']}",C_QUESTION_ABOUT_FEATURE,CAMERA_3,camera_type,what kind of camera is this,S_ANSWERS_QUESTION_ABOUT_FEATURE,CAMERA_3,camera_type,This is a DSLR camera.,10~14
670,9,CAMERA_3,"['CAMERA_2', 'CAMERA_3']","{'CAMERA_1': [], 'CAMERA_2': ['ISO'], 'CAMERA_3': ['long_exposure', 'autofocus_points', 'camera_type', 'settings']}",C_SILENT_OR_BACKCHANNEL,CAMERA_3,NONE,I see,S_INTRODUCES_FEATURE,CAMERA_3,settings,This one has full manual control.,13~32
670,10,NONE,"['CAMERA_2', 'CAMERA_3']","{'CAMERA_1': [], 'CAMERA_2': ['ISO'], 'CAMERA_3': ['long_exposure', 'autofocus_points', 'camera_type', 'settings']}",C_THANK_YOU,CAMERA_3,NONE,thank you for your help,S_THANK_YOU,CAMERA_3,NONE,thank you very much,
670,11,NONE,"['CAMERA_2', 'CAMERA_3']","{'CAMERA_1': [], 'CAMERA_2': ['ISO'], 'CAMERA_3': ['long_exposure', 'autofocus_points', 'camera_type', 'settings']}",C_LEAVES,DOOR,NONE,,S_RETURNS_TO_COUNTER,SERVICE_COUNTER,NONE,,
671,1,NONE,[],"{'CAMERA_1': [], 'CAMERA_2': [], 'CAMERA_3': []}",C_ENTERS,DOOR,NONE,,S_NONE,SERVICE_COUNTER,NONE,,
671,2,NONE,[],"{'CAMERA_1': [], 'CAMERA_2': [], 'CAMERA_3': []}",C_WALKS_TO_CAMERA,CAMERA_3,NONE,,S_GREETS,CAMERA_3,NONE,can I help you?,
671,3,CAMERA_2,['CAMERA_2'],"{'CAMERA_1': [], 'CAMERA_2': [], 'CAMERA_3': []}",C_LOOKING_FOR_A_CAMERA,CAMERA_3,NONE,I'm looking for a camera,S_INTRODUCES_CAMERA,CAMERA_2,,Let me show you this. Here we have the Sony Alpha a6000.,39~55
671,4,CAMERA_2,['CAMERA_2'],"{'CAMERA_1': [], 'CAMERA_2': ['preset_modes'], 'CAMERA_3': []}",C_QUESTION_ABOUT_FEATURE,CAMERA_2,preset_modes,does it have preset modes,S_ANSWERS_QUESTION_ABOUT_FEATURE,CAMERA_2,preset_modes,"This one has 9 preset modes (e.g. beach, snow, night, portrait).",13~63
671,5,CAMERA_2,['CAMERA_2'],"{'CAMERA_1': [], 'CAMERA_2': ['preset_modes', 'ISO'], 'CAMERA_3': []}",C_SILENT_OR_BACKCHANNEL,CAMERA_2,NONE,I see,S_INTRODUCES_FEATURE,CAMERA_2,ISO,This one has up to 3200 ISO with little noise.,13~45
671,6,NONE,['CAMERA_2'],"{'CAMERA_1': [], 'CAMERA_2': ['preset_modes', 'ISO'], 'CAMERA_3': []}",C_THANK_YOU,CAMERA_2,NONE,thank you for your help,S_THANK_YOU,CAMERA_2,NONE,thank you very much,
671,7,NONE,['CAMERA_2'],"{'CAMERA_1': [], 'CAMERA_2': ['preset_modes', 'ISO'], 'CAMERA_3': []}",C_LEAVES,DOOR,NONE,,S_RETURNS_TO_COUNTER,SERVICE_COUNTER,NONE,,
672,1,NONE,[],"{'CAMERA_1': [], 'CAMERA_2': [], 'CAMERA_3': []}",C_ENTERS,DOOR,NONE,,S_NONE,SERVICE_COUNTER,NONE,,
672,2,NONE,[],"{'CAMERA_1': [], 'CAMERA_2': [], 'CAMERA_3': []}",C_WALKS_TO_CAMERA,CAMERA_1,NONE,,S_GREETS,CAMERA_1,NONE,can I help you?,
672,3,CAMERA_2,['CAMERA_2'],"{'CAMERA_1': [], 'CAMERA_2': [], 'CAMERA_3': []}",C_LOOKING_FOR_A_CAMERA,CAMERA_1,NONE,I'm looking for a camera,S_INTRODUCES_CAMERA,CAMERA_2,,Let me show you this. Here we have the Sony Alpha a6000.,39~55
672,4,CAMERA_2,['CAMERA_2'],"{'CAMERA_1': [], 'CAMERA_2': ['settings'], 'CAMERA_3': []}",C_SILENT_OR_BACKCHANNEL,CAMERA_2,NONE,alright,S_INTRODUCES_FEATURE,CAMERA_2,settings,This one has full manual control.,13~32
672,5,CAMERA_2,['CAMERA_2'],"{'CAMERA_1': [], 'CAMERA_2': ['settings', 'ISO'], 'CAMERA_3': []}",C_QUESTION_ABOUT_FEATURE,CAMERA_2,ISO,what is the ISO,S_ANSWERS_QUESTION_ABOUT_FEATURE,CAMERA_2,ISO,This one has up to 3200 ISO with little noise.,13~45
672,6,CAMERA_2,['CAMERA_2'],"{'CAMERA_1': [], 'CAMERA_2': ['settings', 'ISO', 'price'], 'CAMERA_3': []}",C_SILENT_OR_BACKCHANNEL,CAMERA_2,NONE,I see,S_INTRODUCES_FEATURE,CAMERA_2,price,This one costs $1341.,15~20
672,7,CAMERA_2,['CAMERA_2'],"{'CAMERA_1': [], 'CAMERA_2': ['settings', 'ISO', 'price', 'long_exposure'], 'CAMERA_3': []}",C_QUESTION_ABOUT_FEATURE,CAMERA_2,long_exposure,can it take long exposure shots,S_ANSWERS_QUESTION_ABOUT_FEATURE,CAMERA_2,long_exposure,This one can take long exposures up to up to 30 seconds.,39~55
672,8,CAMERA_2,['CAMERA_2'],"{'CAMERA_1': [], 'CAMERA_2': ['settings', 'ISO', 'price', 'long_exposure', 'optical_zoom'], 'CAMERA_3': []}",C_QUESTION_ABOUT_FEATURE,CAMERA_2,optical_zoom,does it have optical zoom,S_NOT_SURE,CAMERA_2,,I'm not really sure about that,
672,9,CAMERA_2,['CAMERA_2'],"{'CAMERA_1': [], 'CAMERA_2': ['settings', 'ISO', 'price', 'long_exposure', 'optical_zoom', 'weight'], 'CAMERA_3': []}",C_SILENT_OR_BACKCHANNEL,CAMERA_2,NONE,alright,S_INTRODUCES_FEATURE,CAMERA_2,weight,This one weighs 470 grams.,16~25
672,10,CAMERA_3,"['CAMERA_2', 'CAMERA_3']","{'CAMERA_1': [], 'CAMERA_2': ['settings', 'ISO', 'price', 'long_exposure', 'optical_zoom', 'weight'], 'CAMERA_3': []}",C_ANYTHING_ELSE_AVAILABLE,CAMERA_2,NONE,ok do you have any other cameras,S_INTRODUCES_CAMERA,CAMERA_3,,Let me show you this. Here we have the Canon EOS 5D Mark III.,39~60
672,11,CAMERA_3,"['CAMERA_2', 'CAMERA_3']","{'CAMERA_1': [], 'CAMERA_2': ['settings', 'ISO', 'price', 'long_exposure', 'optical_zoom', 'weight'], 'CAMERA_3': ['long_exposure']}",C_QUESTION_ABOUT_FEATURE,CAMERA_3,long_exposure,can it take long exposure shots,S_ANSWERS_QUESTION_ABOUT_FEATURE,CAMERA_3,long_exposure,"This one can take long exposures up to up to 30 seconds, bulb mode: expose as long as you want.",39~94
672,12,CAMERA_3,"['CAMERA_2', 'CAMERA_3']","{'CAMERA_1': [], 'CAMERA_2': ['settings', 'ISO', 'price', 'long_exposure', 'optical_zoom', 'weight'], 'CAMERA_3': ['long_exposure', 'sensor_size']}",C_SILENT_OR_BACKCHANNEL,CAMERA_3,NONE,I see,S_INTRODUCES_FEATURE,CAMERA_3,sensor_size,This one has a full frame.,15~25
672,13,CAMERA_3,"['CAMERA_2', 'CAMERA_3']","{'CAMERA_1': [], 'CAMERA_2': ['settings', 'ISO', 'price', 'long_exposure', 'optical_zoom', 'weight'], 'CAMERA_3': ['long_exposure', 'sensor_size', 'color']}",C_SILENT_OR_BACKCHANNEL,CAMERA_3,NONE,alright,S_INTRODUCES_FEATURE,CAMERA_3,color,This one comes in black.,18~23
672,14,CAMERA_3,"['CAMERA_2', 'CAMERA_3']","{'CAMERA_1': [], 'CAMERA_2': ['settings', 'ISO', 'price', 'long_exposure', 'optical_zoom', 'weight'], 'CAMERA_3': ['long_exposure', 'sensor_size', 'color', 'effects']}",C_QUESTION_ABOUT_FEATURE,CAMERA_3,effects,does it have any effect modes,S_NOT_SURE,CAMERA_3,,I'm not really sure about that,
672,15,CAMERA_3,"['CAMERA_2', 'CAMERA_3']","{'CAMERA_1': [], 'CAMERA_2': ['settings', 'ISO', 'price', 'long_exposure', 'optical_zoom', 'weight'], 'CAMERA_3': ['long_exposure', 'sensor_size', 'color', 'effects', 'ISO']}",C_SILENT_OR_BACKCHANNEL,CAMERA_3,NONE,alright,S_INTRODUCES_FEATURE,CAMERA_3,ISO,This one has up to 6400 ISO with little noise.,13~45
672,16,CAMERA_3,"['CAMERA_2', 'CAMERA_3']","{'CAMERA_1': [], 'CAMERA_2': ['settings', 'ISO', 'price', 'long_exposure', 'optical_zoom', 'weight'], 'CAMERA_3': ['long_exposure', 'sensor_size', 'color', 'effects', 'ISO', 'settings']}",C_SILENT_OR_BACKCHANNEL,CAMERA_3,NONE,I see,S_INTRODUCES_FEATURE,CAMERA_3,settings,This one has full manual control.,13~32
672,17,CAMERA_3,"['CAMERA_2', 'CAMERA_3']","{'CAMERA_1': [], 'CAMERA_2': ['settings', 'ISO', 'price', 'long_exposure', 'optical_zoom', 'weight'], 'CAMERA_3': ['long_exposure', 'sensor_size', 'color', 'effects', 'ISO', 'settings', 'resolution']}",C_QUESTION_ABOUT_FEATURE,CAMERA_3,resolution,what is the resolution,S_NOT_SURE,CAMERA_3,,I'm not really sure about that,
672,18,CAMERA_3,"['CAMERA_2', 'CAMERA_3']","{'CAMERA_1': [], 'CAMERA_2': ['settings', 'ISO', 'price', 'long_exposure', 'optical_zoom', 'weight'], 'CAMERA_3': ['long_exposure', 'sensor_size', 'color', 'effects', 'ISO', 'settings', 'resolution', 'price']}",C_SILENT_OR_BACKCHANNEL,CAMERA_3,NONE,okay,S_INTRODUCES_FEATURE,CAMERA_3,price,This one costs $3706.,15~20
672,19,CAMERA_3,"['CAMERA_2', 'CAMERA_3']","{'CAMERA_1': [], 'CAMERA_2': ['settings', 'ISO', 'price', 'long_exposure', 'optical_zoom', 'weight'], 'CAMERA_3': ['long_exposure', 'sensor_size', 'color', 'effects', 'ISO', 'settings', 'resolution', 'price', 'optical_zoom']}",C_QUESTION_ABOUT_FEATURE,CAMERA_3,optical_zoom,does it have optical zoom,S_NOT_SURE,CAMERA_3,,I'm not really sure about that,
672,20,NONE,"['CAMERA_2', 'CAMERA_3']","{'CAMERA_1': [], 'CAMERA_2': ['settings', 'ISO', 'price', 'long_exposure', 'optical_zoom', 'weight'], 'CAMERA_3': ['long_exposure', 'sensor_size', 'color', 'effects', 'ISO', 'settings', 'resolution', 'price', 'optical_zoom']}",C_THANK_YOU,CAMERA_3,NONE,thank you for your help,S_THANK_YOU,CAMERA_3,NONE,thank you very much,
672,21,NONE,"['CAMERA_2', 'CAMERA_3']","{'CAMERA_1': [], 'CAMERA_2': ['settings', 'ISO', 'price', 'long_exposure', 'optical_zoom', 'weight'], 'CAMERA_3': ['long_exposure', 'sensor_size', 'color', 'effects', 'ISO', 'settings', 'resolution', 'price', 'optical_zoom']}",C_LEAVES,DOOR,NONE,,S_RETURNS_TO_COUNTER,SERVICE_COUNTER,NONE,,
673,1,NONE,[],"{'CAMERA_1': [], 'CAMERA_2': [], 'CAMERA_3': []}",C_ENTERS,DOOR,NONE,,S_NONE,SERVICE_COUNTER,NONE,,
673,2,NONE,[],"{'CAMERA_1': [], 'CAMERA_2': [], 'CAMERA_3': []}",C_GREETS,MIDDLE,NONE,hello,S_GREETS,MIDDLE,NONE,can I help you?,
673,3,CAMERA_3,['CAMERA_3'],"{'CAMERA_1': [], 'CAMERA_2': [], 'CAMERA_3': []}",C_LOOKING_FOR_A_CAMERA,MIDDLE,NONE,I'm looking for a camera,S_INTRODUCES_CAMERA,CAMERA_3,,Let me show you this. Here we have the Canon EOS 5D Mark III.,39~60
673,4,CAMERA_3,['CAMERA_3'],"{'CAMERA_1': [], 'CAMERA_2': [], 'CAMERA_3': ['autofocus_points']}",C_QUESTION_ABOUT_FEATURE,CAMERA_3,autofocus_points,how many autofocus points does it have,S_ANSWERS_QUESTION_ABOUT_FEATURE,CAMERA_3,autofocus_points,This one has 61 autofocus points.,13~32
673,5,CAMERA_3,['CAMERA_3'],"{'CAMERA_1': [], 'CAMERA_2': [], 'CAMERA_3': ['autofocus_points', 'camera_type']}",C_QUESTION_ABOUT_FEATURE,CAMERA_3,camera_type,what kind of camera is this,S_ANSWERS_QUESTION_ABOUT_FEATURE,CAMERA_3,camera_type,This is a DSLR camera.,10~14
673,6,CAMERA_3,['CAMERA_3'],"{'CAMERA_1': [], 'CAMERA_2': [], 'CAMERA_3': ['autofocus_points', 'camera_type', 'settings']}",C_SILENT_OR_BACKCHANNEL,CAMERA_3,NONE,okay,S_INTRODUCES_FEATURE,CAMERA_3,settings,This one has full manual control.,13~32
673,7,NONE,['CAMERA_3'],"{'CAMERA_1': [], 'CAMERA_2': [], 'CAMERA_3': ['autofocus_points', 'camera_type', 'settings']}",C_THANK_YOU,CAMERA_3,NONE,thank you for your help,S_THANK_YOU,CAMERA_3,NONE,thank you very much,
673,8,NONE,['CAMERA_3'],"{'CAMERA_1': [], 'CAMERA_2': [], 'CAMERA_3': ['autofocus_points', 'camera_type', 'settings']}",C_LEAVES,DOOR,NONE,,S_RETURNS_TO_COUNTER,SERVICE_COUNTER,NONE,,
674,1,NONE,[],"{'CAMERA_1': [], 'CAMERA_2': [], 'CAMERA_3': []}",C_ENTERS,DOOR,NONE,,S_NONE,SERVICE_COUNTER,NONE,,
674,2,NONE,[],"{'CAMERA_1': [], 'CAMERA_2': [], 'CAMERA_3': []}",C_GREETS,MIDDLE,NONE,hello,S_GREETS,MIDDLE,NONE,can I help you?,
674,3,CAMERA_2,['CAMERA_2'],"{'CAMERA_1': [], 'CAMERA_2': [], 'CAMERA_3': []}",C_LOOKING_FOR_A_CAMERA,MIDDLE,NONE,I'm looking for a camera,S_INTRODUCES_CAMERA,CAMERA_2,,Let me show you this. Here we have the Sony Alpha a6000.,39~55
674,4,CAMERA_2,['CAMERA_2'],"{'CAMERA_1': [], 'CAMERA_2': ['weight'], 'CAMERA_3': []}",C_SILENT_OR_BACKCHANNEL,CAMERA_2,NONE,alright,S_INTRODUCES_FEATURE,CAMERA_2,weight,This one weighs 470 grams.,16~25
674,5,NONE,['CAMERA_2'],"{'CAMERA_1': [], 'CAMERA_2': ['weight'], 'CAMERA_3': []}",C_THANK_YOU,CAMERA_2,NONE,thank you for your help,S_THANK_YOU,CAMERA_2,NONE,thank you very much,
674,6,NONE,['CAMERA_2'],"{'CAMERA_1': [], 'CAMERA_2': ['weight'], 'CAMERA_3': []}",C_LEAVES,DOOR,NONE,,S_RETURNS_TO_COUNTER,SERVICE_COUNTER,NONE,,
675,1,NONE,[],"{'CAMERA_1': [], 'CAMERA_2': [], 'CAMERA_3': []}",C_ENTERS,DOOR,NONE,,S_NONE,SERVICE_COUNTER,NONE,,
675,2,NONE,[],"{'CAMERA_1': [], 'CAMERA_2': [], 'CAMERA_3': []}",C_GREETS,MIDDLE,NONE,hello,S_GREETS,MIDDLE,NONE,can I help you?,
675,3,CAMERA_2,['CAMERA_2'],"{'CAMERA_1': [], 'CAMERA_2': [], 'CAMERA_3': []}",C_LOOKING_FOR_A_CAMERA,MIDDLE,NONE,I'm looking for a camera,S_INTRODUCES_CAMERA,CAMERA_2,,Let me show you this. Here we have the Sony Alpha a6000.,39~55
675,4,CAMERA_2,['CAMERA_2'],"{'CAMERA_1': [], 'CAMERA_2': ['weight'], 'CAMERA_3': []}",C_QUESTION_ABOUT_FEATURE,CAMERA_2,weight,how much does this one weigh,S_ANSWERS_QUESTION_ABOUT_FEATURE,CAMERA_2,weight,This one weighs 470 grams.,16~25
675,5,CAMERA_2,['CAMERA_2'],"{'CAMERA_1': [], 'CAMERA_2': ['weight', 'long_exposure'], 'CAMERA_3': []}",C_QUESTION_ABOUT_FEATURE,CAMERA_2,long_exposure,can it take long exposure shots,S_ANSWERS_QUESTION_ABOUT_FEATURE,CAMERA_2,long_exposure,This one can take long exposures up to up to 30 seconds.,39~55
675,6,CAMERA_2,['CAMERA_2'],"{'CAMERA_1': [], 'CAMERA_2': ['weight', 'long_exposure', 'price'], 'CAMERA_3': []}",C_SILENT_OR_BACKCHANNEL,CAMERA_2,NONE,alright,S_INTRODUCES_FEATURE,CAMERA_2,price,This one costs $1341.,15~20
675,7,CAMERA_2,['CAMERA_2'],"{'CAMERA_1': [], 'CAMERA_2': ['weight', 'long_exposure', 'price', 'effects'], 'CAMERA_3': []}",C_QUESTION_ABOUT_FEATURE,CAMERA_2,effects,does it have any effect modes,S_ANSWERS_QUESTION_ABOUT_FEATURE,CAMERA_2,effects,"This one has 13 artistic effect modes (e.g. toy camera, soft focus).",13~67
675,8,CAMERA_2,['CAMERA_2'],"{'CAMERA_1': [], 'CAMERA_2': ['weight', 'long_exposure', 'price', 'effects', 'camera_type'], 'CAMERA_3': []}",C_QUESTION_ABOUT_FEATURE,CAMERA_2,camera_type,what kind of camera is this,S_ANSWERS_QUESTION_ABOUT_FEATURE,CAMERA_2,camera_type,This is a mirrorless camera.,10~20
675,9,CAMERA_2,['CAMERA_2'],"{'CAMERA_1': [], 'CAMERA_2': ['weight', 'long_exposure', 'price', 'effects', 'camera_type', 'sensor_size'], 'CAMERA_3': []}",C_SILENT_OR_BACKCHANNEL,CAMERA_2,NONE,alright,S_INTRODUCES_FEATURE,CAMERA_2,sensor_size,This one has a APS-C sensor (crop sensor).,15~41
675,10,CAMERA_2,['CAMERA_2'],"{'CAMERA_1': [], 'CAMERA_2': ['weight', 'long_exposure', 'price', 'effects', 'camera_type', 'sensor_size', 'preset_modes'], 'CAMERA_3': []}",C_SILENT_OR_BACKCHANNEL,CAMERA_2,NONE,okay,S_INTRODUCES_FEATURE,CAMERA_2,preset_modes,"This one has 9 preset modes (e.g. beach, snow, night, portrait).",13~63
675,11,CAMERA_3,"['CAMERA_2', 'CAMERA_3']","{'CAMERA_1': [], 'CAMERA_2': ['weight', 'long_exposure', 'price', 'effects', 'camera_type', 'sensor_size', 'preset_modes'], 'CAMERA_3': []}",C_ANYTHING_ELSE_AVAILABLE,CAMERA_2,NONE,ok do you have any other cameras,S_INTRODUCES_CAMERA,CAMERA_3,,Let me show you this. Here we have the Canon EOS 5D Mark III.,39~60
675,12,CAMERA_3,"['CAMERA_2', 'CAMERA_3']","{'CAMERA_1': [], 'CAMERA_2': ['weight', 'long_exposure', 'price', 'effects', 'camera_type', 'sensor_size', 'preset_modes'], 'CAMERA_3': ['ISO']}",C_SILENT_OR_BACKCHANNEL,CAMERA_3,NONE,I see,S_INTRODUCES_FEATURE,CAMERA_3,ISO,This one has up to 6400 ISO with little noise.,13~45
675,13,CAMERA_3,"['CAMERA_2', 'CAMERA_3']","{'CAMERA_1': [], 'CAMERA_2': ['weight', 'long_exposure', 'price', 'effects', 'camera_type', 'sensor_size', 'preset_modes'], 'CAMERA_3': ['ISO', 'resolution']}",C_QUESTION_ABOUT_FEATURE,CAMERA_3,resolution,what is the resolution,S_NOT_SURE,CAMERA_3,,I'm not really sure about that,
675,14,CAMERA_3,"['CAMERA_2', 'CAMERA_3']","{'CAMERA_1': [], 'CAMERA_2': ['weight', 'long_exposure', 'price', 'effects', 'camera_type', 'sensor_size', 'preset_modes'], 'CAMERA_3': ['ISO', 'resolution', 'color']}",C_QUESTION_ABOUT_FEATURE,CAMERA_3,color,what colors does this one come in,S_ANSWERS_QUESTION_ABOUT_FEATURE,CAMERA_3,color,This one comes in black.,18~23
675,15,NONE,"['CAMERA_2', 'CAMERA_3']","{'CAMERA_1': [], 'CAMERA_2': ['weight', 'long_exposure', 'price', 'effects', 'camera_type', 'sensor_size', 'preset_modes'], 'CAMERA_3': ['ISO', 'resolution', 'color']}",C_THANK_YOU,CAMERA_3,NONE,thank you for your help,S_THANK_YOU,CAMERA_3,NONE,thank you very much,
675,16,NONE,"['CAMERA_2', 'CAMERA_3']","{'CAMERA_1': [], 'CAMERA_2': ['weight', 'long_exposure', 'price', 'effects', 'camera_type', 'sensor_size', 'preset_modes'], 'CAMERA_3': ['ISO', 'resolution', 'color']}",C_LEAVES,DOOR,NONE,,S_RETURNS_TO_COUNTER,SERVICE_COUNTER,NONE,,
676,1,NONE,[],"{'CAMERA_1': [], 'CAMERA_2': [], 'CAMERA_3': []}",C_ENTERS,DOOR,NONE,,S_NONE,SERVICE_COUNTER,NONE,,
676,2,NONE,[],"{'CAMERA_1': [], 'CAMERA_2': [], 'CAMERA_3': []}",C_WALKS_TO_CAMERA,CAMERA_2,NONE,,S_NONE,SERVICE_COUNTER,NONE,,
676,3,CAMERA_2,['CAMERA_2'],"{'CAMERA_1': [], 'CAMERA_2': ['color'], 'CAMERA_3': []}",C_QUESTION_ABOUT_FEATURE,CAMERA_2,color,what colors does this one come in,S_ANSWERS_QUESTION_ABOUT_FEATURE,CAMERA_2,color,"This one comes in white, silver, black.",18~38
676,4,CAMERA_2,['CAMERA_2'],"{'CAMERA_1': [], 'CAMERA_2': ['color', 'preset_modes'], 'CAMERA_3': []}",C_QUESTION_ABOUT_FEATURE,CAMERA_2,preset_modes,does it have preset modes,S_ANSWERS_QUESTION_ABOUT_FEATURE,CAMERA_2,preset_modes,"This one has 9 preset modes (e.g. beach, snow, night, portrait).",13~63
676,5,CAMERA_2,['CAMERA_2'],"{'CAMERA_1': [], 'CAMERA_2': ['color', 'preset_modes', 'camera_type'], 'CAMERA_3': []}",C_SILENT_OR_BACKCHANNEL,CAMERA_2,NONE,alright,S_INTRODUCES_FEATURE,CAMERA_2,camera_type,This is a mirrorless camera.,10~20
676,6,CAMERA_2,['CAMERA_2'],"{'CAMERA_1': [], 'CAMERA_2': ['color', 'preset_modes', 'camera_type', 'weight'], 'CAMERA_3': []}",C_SILENT_OR_BACKCHANNEL,CAMERA_2,NONE,I see,S_INTRODUCES_FEATURE,CAMERA_2,weight,This one weighs 470 grams.,16~25
676,7,CAMERA_2,['CAMERA_2'],"{'CAMERA_1': [], 'CAMERA_2': ['color', 'preset_modes', 'camera_type', 'weight', 'autofocus_points'], 'CAMERA_3': []}",C_QUESTION_ABOUT_FEATURE,CAMERA_2,autofocus_points,how many autofocus points does it have,S_ANSWERS_QUESTION_ABOUT_FEATURE,CAMERA_2,autofocus_points,This one has 179 autofocus points.,13~33
676,8,CAMERA_1,"['CAMERA_2', 'CAMERA_1']","{'CAMERA_1': [], 'CAMERA_2': ['color', 'preset_modes', 'camera_type', 'weight', 'autofocus_points'], 'CAMERA_3': []}",C_ANYTHING_ELSE_AVAILABLE,CAMERA_2,NONE,ok do you have any other cameras,S_INTRODUCES_CAMERA,CAMERA_1,,Let me show you this. Here we have the Nikon Coolpix S2800.,39~58
676,9,CAMERA_1,"['CAMERA_2', 'CAMERA_1']","{'CAMERA_1': ['settings'], 'CAMERA_2': ['color', 'preset_modes', 'camera_type', 'weight', 'autofocus_points'], 'CAMERA_3': []}",C_QUESTION_ABOUT_FEATURE,CAMERA_1,settings,what kind of settings does it have,S_ANSWERS_QUESTION_ABOUT_FEATURE,CAMERA_1,settings,This one has limited manual settings.,13~36
676,10,CAMERA_1,"['CAMERA_2', 'CAMERA_1']","{'CAMERA_1': ['settings', 'color'], 'CAMERA_2': ['color', 'preset_modes', 'camera_type', 'weight', 'autofocus_points'], 'CAMERA_3': []}",C_QUESTION_ABOUT_FEATURE,CAMERA_1,color,what colors does this one come in,S_ANSWERS_QUESTION_ABOUT_FEATURE,CAMERA_1,color,"This one comes in purple, pink, black, silver, red.",18~50
676,11,CAMERA_1,"['CAMERA_2', 'CAMERA_1']","{'CAMERA_1': ['settings', 'color', 'camera_type'], 'CAMERA_2': ['color', 'preset_modes', 'camera_type', 'weight', 'autofocus_points'], 'CAMERA_3': []}",C_SILENT_OR_BACKCHANNEL,CAMERA_1,NONE,alright,S_INTRODUCES_FEATURE,CAMERA_1,camera_type,This is a point and shoot camera.,10~25
676,12,CAMERA_1,"['CAMERA_2', 'CAMERA_1']","{'CAMERA_1': ['settings', 'color', 'camera_type', 'optical_zoom'], 'CAMERA_2': ['color', 'preset_modes', 'camera_type', 'weight', 'autofocus_points'], 'CAMERA_3': []}",C_QUESTION_ABOUT_FEATURE,CAMERA_1,optical_zoom,does it have optical zoom,S_ANSWERS_QUESTION_ABOUT_FEATURE,CAMERA_1,optical_zoom,This one has 5x optical zoom.,13~28
676,13,CAMERA_1,"['CAMERA_2', 'CAMERA_1']","{'CAMERA_1': ['settings', 'color', 'camera_type', 'optical_zoom', 'autofocus_points'], 'CAMERA_2': ['color', 'preset_modes', 'camera_type', 'weight', 'autofocus_points'], 'CAMERA_3': []}",C_QUESTION_ABOUT_FEATURE,CAMERA_1,autofocus_points,how many autofocus points does it have,S_NOT_SURE,CAMERA_1,,I'm not really sure about that,
676,14,NONE,"['CAMERA_2', 'CAMERA_1']","{'CAMERA_1': ['settings', 'color', 'camera_type', 'optical_zoom', 'autofocus_points'], 'CAMERA_2': ['color', 'preset_modes', 'camera_type', 'weight', 'autofocus_points'], 'CAMERA_3': []}",C_THANK_YOU,CAMERA_1,NONE,thank you for your help,S_THANK_YOU,CAMERA_1,NONE,thank you very much,
676,15,NONE,"['CAMERA_2', 'CAMERA_1']","{'CAMERA_1': ['settings', 'color', 'camera_type', 'optical_zoom', 'autofocus_points'], 'CAMERA_2': ['color', 'preset_modes', 'camera_type', 'weight', 'autofocus_points'], 'CAMERA_3': []}",C_LEAVES,DOOR,NONE,,S_RETURNS_TO_COUNTER,SERVICE_COUNTER,NONE,,
677,1,NONE,[],"{'CAMERA_1': [], 'CAMERA_2': [], 'CAMERA_3': []}",C_ENTERS,DOOR,NONE,,S_NONE,SERVICE_COUNTER,NONE,,
677,2,NONE,[],"{'CAMERA_1': [], 'CAMERA_2': [], 'CAMERA_3': []}",C_WALKS_TO_CAMERA,CAMERA_3,NONE,,S_GREETS,CAMERA_3,NONE,can I help you?,
677,3,CAMERA_3,['CAMERA_3'],"{'CAMERA_1': [], 'CAMERA_2': [], 'CAMERA_3': []}",C_LOOKING_FOR_A_CAMERA,CAMERA_3,NONE,I'm looking for a camera,S_INTRODUCES_CAMERA,CAMERA_3,,Let me show you this. Here we have the Canon EOS 5D Mark III.,39~60
677,4,CAMERA_3,['CAMERA_3'],"{'CAMERA_1': [], 'CAMERA_2': [], 'CAMERA_3': ['color']}",C_QUESTION_ABOUT_FEATURE,CAMERA_3,color,what colors does this one come in,S_ANSWERS_QUESTION_ABOUT_FEATURE,CAMERA_3,color,This one comes in black.,18~23
677,5,CAMERA_3,['CAMERA_3'],"{'CAMERA_1': [], 'CAMERA_2': [], 'CAMERA_3': ['color', 'sensor_size']}",C_SILENT_OR_BACKCHANNEL,CAMERA_3,NONE,alright,S_INTRODUCES_FEATURE,CAMERA_3,sensor_size,This one has a full frame.,15~25
677,6,CAMERA_3,['CAMERA_3'],"{'CAMERA_1': [], 'CAMERA_2': [], 'CAMERA_3': ['color', 'sensor_size', 'optical_zoom']}",C_QUESTION_ABOUT_FEATURE,CAMERA_3,optical_zoom,does it have optical zoom,S_NOT_SURE,CAMERA_3,,I'm not really sure about that,
677,7,CAMERA_3,['CAMERA_3'],"{'CAMERA_1': [], 'CAMERA_2': [], 'CAMERA_3': ['color', 'sensor_size', 'optical_zoom', 'weight']}",C_QUESTION_ABOUT_FEATURE,CAMERA_3,weight,how much does this one weigh,S_ANSWERS_QUESTION_ABOUT_FEATURE,CAMERA_3,weight,This one weighs 950 grams (only body).,16~37
677,8,CAMERA_3,['CAMERA_3'],"{'CAMERA_1': [], 'CAMERA_2': [], 'CAMERA_3': ['color', 'sensor_size', 'optical_zoom', 'weight', 'camera_type']}",C_QUESTION_ABOUT_FEATURE,CAMERA_3,camera_type,what kind of camera is this,S_ANSWERS_QUESTION_ABOUT_FEATURE,CAMERA_3,camera_type,This is a DSLR camera.,10~14
677,9,CAMERA_3,['CAMERA_3'],"{'CAMERA_1': [], 'CAMERA_2': [], 'CAMERA_3': ['color', 'sensor_size', 'optical_zoom', 'weight', 'camera_type', 'price']}",C_SILENT_OR_BACKCHANNEL,CAMERA_3,NONE,alright,S_INTRODUCES_FEATURE,CAMERA_3,price,This one costs $3706.,15~20
677,10,CAMERA_3,['CAMERA_3'],"{'CAMERA_1': [], 'CAMERA_2': [], 'CAMERA_3': ['color', 'sensor_size', 'optical_zoom', 'weight', 'camera_type', 'price', 'preset_modes']}",C_QUESTION_ABOUT_FEATURE,CAMERA_3,preset_modes,does it have preset modes,S_NOT_SURE,CAMERA_3,,I'm not really sure about that,
677,11,CAMERA_3,['CAMERA_3'],"{'CAMERA_1': [], 'CAMERA_2': [], 'CAMERA_3': ['color', 'sensor_size', 'optical_zoom', 'weight', 'camera_type', 'price', 'preset_modes', 'ISO']}",C_QUESTION_ABOUT_FEATURE,CAMERA_3,ISO,what is the ISO,S_ANSWERS_QUESTION_ABOUT_FEATURE,CAMERA_3,ISO,This one has up to 6400 ISO with little noise.,13~45
677,12,CAMERA_3,['CAMERA_3'],"{'CAMERA_1': [], 'CAMERA_2': [], 'CAMERA_3': ['color', 'sensor_size', 'optical_zoom', 'weight', 'camera_type', 'price', 'preset_modes', 'ISO', 'long_exposure']}",C_SILENT_OR_BACKCHANNEL,CAMERA_3,NONE,I see,S_INTRODUCES_FEATURE,CAMERA_3,long_exposure,"This one can take long exposures up to up to 30 seconds, bulb mode: expose as long as you want.",39~94
677,13,CAMERA_3,['CAMERA_3'],"{'CAMERA_1': [], 'CAMERA_2': [], 'CAMERA_3': ['color', 'sensor_size', 'optical_zoom', 'weight', 'camera_type', 'price', 'preset_modes', 'ISO', 'long_exposure', 'settings']}",C_QUESTION_ABOUT_FEATURE,CAMERA_3,settings,what kind of settings does it have,S_ANSWERS_QUESTION_ABOUT_FEATURE,CAMERA_3,settings,This one has full manual control.,13~32
677,14,CAMERA_3,['CAMERA_3'],"{'CAMERA_1': [], 'CAMERA_2': [], 'CAMERA_3': ['color', 'sensor_size', 'optical_zoom', 'weight', 'camera_type', 'price', 'preset_modes', 'ISO', 'long_exposure', 'settings', 'autofocus_points']}",C_SILENT_OR_BACKCHANNEL,CAMERA_3,NONE,I see,S_INTRODUCES_FEATURE,CAMERA_3,autofocus_points,This one has 61 autofocus points.,13~32
677,15,CAMERA_1,"['CAMERA_3', 'CAMERA_1']","{'CAMERA_1': [], 'CAMERA_2': [], 'CAMERA_3': ['color', 'sensor_size', 'optical_zoom', 'weight', 'camera_type', 'price', 'preset_modes', 'ISO', 'long_exposure', 'settings', 'autofocus_points']}",C_ANYTHING_ELSE_AVAILABLE,CAMERA_3,NONE,ok do you have any other cameras,S_INTRODUCES_CAMERA,CAMERA_1,,Let me show you this. Here we have the Nikon Coolpix S2800.,39~58
677,16,CAMERA_1,"['CAMERA_3', 'CAMERA_1']","{'CAMERA_1': ['resolution'], 'CAMERA_2': [], 'CAMERA_3': ['color', 'sensor_size', 'optical_zoom', 'weight', 'camera_type', 'price', 'preset_modes', 'ISO', 'long_exposure', 'settings', 'autofocus_points']}",C_SILENT_OR_BACKCHANNEL,CAMERA_1,NONE,okay,S_INTRODUCES_FEATURE,CAMERA_1,resolution,This one has 20.1 megapixels resolution.,13~28
677,17,CAMERA_1,"['CAMERA_3', 'CAMERA_1']","{'CAMERA_1': ['resolution', 'color'], 'CAMERA_2': [], 'CAMERA_3': ['color', 'sensor_size', 'optical_zoom', 'weight', 'camera_type', 'price', 'preset_modes', 'ISO', 'long_exposure', 'settings', 'autofocus_points']}",C_SILENT_OR_BACKCHANNEL,CAMERA_1,NONE,I see,S_INTRODUCES_FEATURE,CAMERA_1,color,"This one comes in purple, pink, black, silver, red.",18~50
677,18,CAMERA_1,"['CAMERA_3', 'CAMERA_1']","{'CAMERA_1': ['resolution', 'color', 'effects'], 'CAMERA_2': [], 'CAMERA_3': ['color', 'sensor_size', 'optical_zoom', 'weight', 'camera_type', 'price', 'preset_modes', 'ISO', 'long_exposure', 'settings', 'autofocus_points']}",C_QUESTION_ABOUT_FEATURE,CAMERA_1,effects,does it have any effect modes,S_ANSWERS_QUESTION_ABOUT_FEATURE,CAMERA_1,effects,"This one has 12 glamor retouch effects (e.g. skin softening, small face, big eyes).",13~82
677,19,NONE,"['CAMERA_3', 'CAMERA_1']","{'CAMERA_1': ['resolution', 'color', 'effects'], 'CAMERA_2': [], 'CAMERA_3': ['color', 'sensor_size', 'optical_zoom', 'weight', 'camera_type', 'price', 'preset_modes', 'ISO', 'long_exposure', 'settings', 'autofocus_points']}",C_THANK_YOU,CAMERA_1,NONE,thank you for your help,S_THANK_YOU,CAMERA_1,NONE,thank you very much,
677,20,NONE,"['CAMERA_3', 'CAMERA_1']","{'CAMERA_1': ['resolution', 'color', 'effects'], 'CAMERA_2': [], 'CAMERA_3': ['color', 'sensor_size', 'optical_zoom', 'weight', 'camera_type', 'price', 'preset_modes', 'ISO', 'long_exposure', 'settings', 'autofocus_points']}",C_LEAVES,DOOR,NONE,,S_RETURNS_TO_COUNTER,SERVICE_COUNTER,NONE,,
678,1,NONE,[],"{'CAMERA_1': [], 'CAMERA_2': [], 'CAMERA_3': []}",C_ENTERS,DOOR,NONE,,S_NONE,SERVICE_COUNTER,NONE,,
678,2,NONE,[],"{'CAMERA_1': [], 'CAMERA_2': [], 'CAMERA_3': []}",C_WALKS_TO_CAMERA,CAMERA_1,NONE,,S_GREETS,CAMERA_1,NONE,can I help you?,
678,3,CAMERA_1,['CAMERA_1'],"{'CAMERA_1': [], 'CAMERA_2': [], 'CAMERA_3': []}",C_LOOKING_FOR_A_CAMERA,CAMERA_1,NONE,I'm looking for a camera,S_INTRODUCES_CAMERA,CAMERA_1,,Let me show you this. Here we have the Nikon Coolpix S2800.,39~58
678,4,CAMERA_1,['CAMERA_1'],"{'CAMERA_1': ['weight'], 'CAMERA_2': [], 'CAMERA_3': []}",C_SILENT_OR_BACKCHANNEL,CAMERA_1,NONE,I see,S_INTRODUCES_FEATURE,CAMERA_1,weight,This one weighs 120 grams.,16~25
678,5,CAMERA_1,['CAMERA_1'],"{'CAMERA_1': ['weight', 'resolution'], 'CAMERA_2': [], 'CAMERA_3': []}",C_QUESTION_ABOUT_FEATURE,CAMERA_1,resolution,what is the resolution,S_ANSWERS_QUESTION_ABOUT_FEATURE,CAMERA_1,resolution,This one has 20.1 megapixels resolution.,13~28
678,6,CAMERA_1,['CAMERA_1'],"{'CAMERA_1': ['weight', 'resolution', 'color'], 'CAMERA_2': [], 'CAMERA_3': []}",C_SILENT_OR_BACKCHANNEL,CAMERA_1,NONE,I see,S_INTRODUCES_FEATURE,CAMERA_1,color,"This one comes in purple, pink, black, silver, red.",18~50
678,7,CAMERA_1,['CAMERA_1'],"{'CAMERA_1': ['weight', 'resolution', 'color', 'settings'], 'CAMERA_2': [], 'CAMERA_3': []}",C_SILENT_OR_BACKCHANNEL,CAMERA_1,NONE,I see,S_INTRODUCES_FEATURE,CAMERA_1,settings,This one has limited manual settings.,13~36
678,8,CAMERA_1,['CAMERA_1'],"{'CAMERA_1': ['weight', 'resolution', 'color', 'settings', 'price'], 'CAMERA_2': [], 'CAMERA_3': []}",C_SILENT_OR_BACKCHANNEL,CAMERA_1,NONE,alright,S_INTRODUCES_FEATURE,CAMERA_1,price,This one costs $2173.,15~20
678,9,CAMERA_1,['CAMERA_1'],"{'CAMERA_1': ['weight', 'resolution', 'color', 'settings', 'price', 'sensor_size'], 'CAMERA_2': [], 'CAMERA_3': []}",C_QUESTION_ABOUT_FEATURE,CAMERA_1,sensor_size,what is the sensor size,S_NOT_SURE,CAMERA_1,,I'm not really sure about that,
678,10,CAMERA_1,['CAMERA_1'],"{'CAMERA_1': ['weight', 'resolution', 'color', 'settings', 'price', 'sensor_size', 'effects'], 'CAMERA_2': [], 'CAMERA_3': []}",C_QUESTION_ABOUT_FEATURE,CAMERA_1,effects,does it have any effect modes,S_ANSWERS_QUESTION_ABOUT_FEATURE,CAMERA_1,effects,"This one has 12 glamor retouch effects (e.g. skin softening, small face, big eyes).",13~82
678,11,CAMERA_1,['CAMERA_1'],"{'CAMERA_1': ['weight', 'resolution', 'color', 'settings', 'price', 'sensor_size', 'effects', 'preset_modes'], 'CAMERA_2': [], 'CAMERA_3': []}",C_QUESTION_ABOUT_FEATURE,CAMERA_1,preset_modes,does it have preset modes,S_ANSWERS_QUESTION_ABOUT_FEATURE,CAMERA_1,preset_modes,"This one has 18 preset modes (e.g. beach, snow, night portrait).",13~63
678,12,CAMERA_1,['CAMERA_1'],"{'CAMERA_1': ['weight', 'resolution', 'color', 'settings', 'price', 'sensor_size', 'effects', 'preset_modes', 'optical_zoom'], 'CAMERA_2': [], 'CAMERA_3': []}",C_QUESTION_ABOUT_FEATURE,CAMERA_1,optical_zoom,does it have optical zoom,S_ANSWERS_QUESTION_ABOUT_FEATURE,CAMERA_1,optical_zoom,This one has 5x optical zoom.,13~28
678,13,CAMERA_1,['CAMERA_1'],"{'CAMERA_1': ['weight', 'resolution', 'color', 'settings', 'price', 'sensor_size', 'effects', 'preset_modes', 'optical_zoom', 'camera_type'], 'CAMERA_2': [], 'CAMERA_3': []}",C_SILENT_OR_BACKCHANNEL,CAMERA_1,NONE,alright,S_INTRODUCES_FEATURE,CAMERA_1,camera_type,This is a point and shoot camera.,10~25
678,14,CAMERA_3,"['CAMERA_1', 'CAMERA_3']","{'CAMERA_1': ['weight', 'resolution', 'color', 'settings', 'price', 'sensor_size', 'effects', 'preset_modes', 'optical_zoom', 'camera_type'], 'CAMERA_2': [], 'CAMERA_3': []}",C_ANYTHING_ELSE_AVAILABLE,CAMERA_1,NONE,ok do you have any other cameras,S_INTRODUCES_CAMERA,CAMERA_3,,Let me show you this. Here we have the Canon EOS 5D Mark III.,39~60
678,15,CAMERA_3,"['CAMERA_1', 'CAMERA_3']","{'CAMERA_1': ['weight', 'resolution', 'color', 'settings', 'price', 'sensor_size', 'effects', 'preset_modes', 'optical_zoom', 'camera_type'], 'CAMERA_2': [], 'CAMERA_3': ['long_exposure']}",C_SILENT_OR_BACKCHANNEL,CAMERA_3,NONE,alright,S_INTRODUCES_FEATURE,CAMERA_3,long_exposure,"This one can take long exposures up to up to 30 seconds, bulb mode: expose as long as you want.",39~94
678,16,NONE,"['CAMERA_1', 'CAMERA_3']","{'CAMERA_1': ['weight', 'resolution', 'color', 'settings', 'price', 'sensor_size', 'effects', 'preset_modes', 'optical_zoom', 'camera_type'], 'CAMERA_2': [], 'CAMERA_3': ['long_exposure']}",C_THANK_YOU,CAMERA_3,NONE,thank you for your help,S_THANK_YOU,CAMERA_3,NONE,thank you very much,
678,17,NONE,"['CAMERA_1', 'CAMERA_3']","{'CAMERA_1': ['weight', 'resolution', 'color', 'settings', 'price', 'sensor_size', 'effects', 'preset_modes', 'optical_zoom', 'camera_type'], 'CAMERA_2': [], 'CAMERA_3': ['long_exposure']}",C_LEAVES,DOOR,NONE,,S_RETURNS_TO_COUNTER,SERVICE_COUNTER,NONE,,
679,1,NONE,[],"{'CAMERA_1': [], 'CAMERA_2': [], 'CAMERA_3': []}",C_ENTERS,DOOR,NONE,,S_NONE,SERVICE_COUNTER,NONE,,
679,2,NONE,[],"{'CAMERA_1': [], 'CAMERA_2': [], 'CAMERA_3': []}",C_WALKS_TO_CAMERA,CAMERA_3,NONE,,S_GREETS,CAMERA_3,NONE,can I help you?,
679,3,CAMERA_3,['CAMERA_3'],"{'CAMERA_1': [], 'CAMERA_2': [], 'CAMERA_3': []}",C_LOOKING_FOR_A_CAMERA,CAMERA_3,NONE,I'm looking for a camera,S_INTRODUCES_CAMERA,CAMERA_3,,Let me show you this. Here we have the Canon EOS 5D Mark III.,39~60
679,4,CAMERA_3,['CAMERA_3'],"{'CAMERA_1': [], 'CAMERA_2': [], 'CAMERA_3': ['long_exposure']}",C_SILENT_OR_BACKCHANNEL,CAMERA_3,NONE,okay,S_INTRODUCES_FEATURE,CAMERA_3,long_exposure,"This one can take long exposures up to up to 30 seconds, bulb mode: expose as long as you want.",39~94
679,5,CAMERA_3,['CAMERA_3'],"{'CAMERA_1': [], 'CAMERA_2': [], 'CAMERA_3': ['long_exposure', 'effects']}",C_QUESTION_ABOUT_FEATURE,CAMERA_3,effects,does it have any effect modes,S_NOT_SURE,CAMERA_3,,I'm not really sure about that,
679,6,CAMERA_2,"['CAMERA_3', 'CAMERA_2']","{'CAMERA_1': [], 'CAMERA_2': [], 'CAMERA_3': ['long_exposure', 'effects']}",C_ANYTHING_ELSE_AVAILABLE,CAMERA_3,NONE,ok do you have any other cameras,S_INTRODUCES_CAMERA,CAMERA_2,,Let me show you this. Here we have the Sony Alpha a6000.,39~55
679,7,CAMERA_2,"['CAMERA_3', 'CAMERA_2']","{'CAMERA_1': [], 'CAMERA_2': ['sensor_size'], 'CAMERA_3': ['long_exposure', 'effects']}",C_SILENT_OR_BACKCHANNEL,CAMERA_2,NONE,okay,S_INTRODUCES_FEATURE,CAMERA_2,sensor_size,This one has a APS-C sensor (crop sensor).,15~41
679,8,CAMERA_2,"['CAMERA_3', 'CAMERA_2']","{'CAMERA_1': [], 'CAMERA_2': ['sensor_size', 'optical_zoom'], 'CAMERA_3': ['long_exposure', 'effects']}",C_QUESTION_ABOUT_FEATURE,CAMERA_2,optical_zoom,does it have optical zoom,S_NOT_SURE,CAMERA_2,,I'm not really sure about that,
679,9,CAMERA_2,"['CAMERA_3', 'CAMERA_2']","{'CAMERA_1': [], 'CAMERA_2': ['sensor_size', 'optical_zoom', 'weight'], 'CAMERA_3': ['long_exposure', 'effects']}",C_SILENT_OR_BACKCHANNEL,CAMERA_2,NONE,I see,S_INTRODUCES_FEATURE,CAMERA_2,weight,This one weighs 470 grams.,16~25
679,10,CAMERA_2,"['CAMERA_3', 'CAMERA_2']","{'CAMERA_1': [], 'CAMERA_2': ['sensor_size', 'optical_zoom', 'weight', 'preset_modes'], 'CAMERA_3': ['long_exposure', 'effects']}",C_SILENT_OR_BACKCHANNEL,CAMERA_2,NONE,alright,S_INTRODUCES_FEATURE,CAMERA_2,preset_modes,"This one has 9 preset modes (e.g. beach, snow, night, portrait).",13~63
679,11,CAMERA_2,"['CAMERA_3', 'CAMERA_2']","{'CAMERA_1': [], 'CAMERA_2': ['sensor_size', 'optical_zoom', 'weight', 'preset_modes', 'camera_type'], 'CAMERA_3': ['long_exposure', 'effects']}",C_SILENT_OR_BACKCHANNEL,CAMERA_2,NONE,alright,S_INTRODUCES_FEATURE,CAMERA_2,camera_type,This is a mirrorless camera.,10~20
679,12,CAMERA_2,"['CAMERA_3', 'CAMERA_2']","{'CAMERA_1': [], 'CAMERA_2': ['sensor_size', 'optical_zoom', 'weight', 'preset_modes', 'camera_type', 'color'], 'CAMERA_3': ['long_exposure', 'effects']}",C_QUESTION_ABOUT_FEATURE,CAMERA_2,color,what colors does this one come in,S_ANSWERS_QUESTION_ABOUT_FEATURE,CAMERA_2,color,"This one comes in white, silver, black.",18~38
679,13,CAMERA_1,"['CAMERA_3', 'CAMERA_2', 'CAMERA_1']","{'CAMERA_1': [], 'CAMERA_2': ['sensor_size', 'optical_zoom', 'weight', 'preset_modes', 'camera_type', 'color'], 'CAMERA_3': ['long_exposure', 'effects']}",C_ANYTHING_ELSE_AVAILABLE,CAMERA_2,NONE,ok do you have any other cameras,S_INTRODUCES_CAMERA,CAMERA_1,,Let me show you this. Here we have the Nikon Coolpix S2800.,39~58
679,14,CAMERA_1,"['CAMERA_3', 'CAMERA_2', 'CAMERA_1']","{'CAMERA_1': ['color'], 'CAMERA_2': ['sensor_size', 'optical_zoom', 'weight', 'preset_modes', 'camera_type', 'color'], 'CAMERA_3': ['long_exposure', 'effects']}",C_SILENT_OR_BACKCHANNEL,CAMERA_1,NONE,alright,S_INTRODUCES_FEATURE,CAMERA_1,color,"This one comes in purple, pink, black, silver, red.",18~50
679,15,CAMERA_1,"['CAMERA_3', 'CAMERA_2', 'CAMERA_1']","{'CAMERA_1': ['color', 'weight'], 'CAMERA_2': ['sensor_size', 'optical_zoom', 'weight', 'preset_modes', 'camera_type', 'color'], 'CAMERA_3': ['long_exposure', 'effects']}",C_SILENT_OR_BACKCHANNEL,CAMERA_1,NONE,I see,S_INTRODUCES_FEATURE,CAMERA_1,weight,This one weighs 120 grams.,16~25
679,16,CAMERA_1,"['CAMERA_3', 'CAMERA_2', 'CAMERA_1']","{'CAMERA_1': ['color', 'weight', 'optical_zoom'], 'CAMERA_2': ['sensor_size', 'optical_zoom', 'weight', 'preset_modes', 'camera_type', 'color'], 'CAMERA_3': ['long_exposure', 'effects']}",C_SILENT_OR_BACKCHANNEL,CAMERA_1,NONE,I see,S_INTRODUCES_FEATURE,CAMERA_1,optical_zoom,This one has 5x optical zoom.,13~28
679,17,CAMERA_1,"['CAMERA_3', 'CAMERA_2', 'CAMERA_1']","{'CAMERA_1': ['color', 'weight', 'optical_zoom', 'resolution'], 'CAMERA_2': ['sensor_size', 'optical_zoom', 'weight', 'preset_modes', 'camera_type', 'color'], 'CAMERA_3': ['long_exposure', 'effects']}",C_SILENT_OR_BACKCHANNEL,CAMERA_1,NONE,okay,S_INTRODUCES_FEATURE,CAMERA_1,resolution,This one has 20.1 megapixels resolution.,13~28
679,18,CAMERA_1,"['CAMERA_3', 'CAMERA_2', 'CAMERA_1']","{'CAMERA_1': ['color', 'weight', 'optical_zoom', 'resolution', 'camera_type'], 'CAMERA_2': ['sensor_size', 'optical_zoom', 'weight', 'preset_modes', 'camera_type', 'color'], 'CAMERA_3': ['long_exposure', 'effects']}",C_SILENT_OR_BACKCHANNEL,CAMERA_1,NONE,alright,S_INTRODUCES_FEATURE,CAMERA_1,camera_type,This is a point and shoot camera.,10~25
679,19,CAMERA_1,"['CAMERA_3', 'CAMERA_2', 'CAMERA_1']","{'CAMERA_1': ['color', 'weight', 'optical_zoom', 'resolution', 'camera_type', 'preset_modes'], 'CAMERA_2': ['sensor_size', 'optical_zoom', 'weight', 'preset_modes', 'camera_type', 'color'], 'CAMERA_3': ['long_exposure', 'effects']}",C_QUESTION_ABOUT_FEATURE,CAMERA_1,preset_modes,does it have preset modes,S_ANSWERS_QUESTION_ABOUT_FEATURE,CAMERA_1,preset_modes,"This one has 18 preset modes (e.g. beach, snow, night portrait).",13~63
679,20,CAMERA_1,"['CAMERA_3', 'CAMERA_2', 'CAMERA_1']","{'CAMERA_1': ['color', 'weight', 'optical_zoom', 'resolution', 'camera_type', 'preset_modes', 'sensor_size'], 'CAMERA_2': ['sensor_size', 'optical_zoom', 'weight', 'preset_modes', 'camera_type', 'color'], 'CAMERA_3': ['long_exposure', 'effects']}",C_QUESTION_ABOUT_FEATURE,CAMERA_1,sensor_size,what is the sensor size,S_NOT_SURE,CAMERA_1,,I'm not really sure about that,
679,21,CAMERA_1,"['CAMERA_3', 'CAMERA_2', 'CAMERA_1']","{'CAMERA_1': ['color', 'weight', 'optical_zoom', 'resolution', 'camera_type', 'preset_modes', 'sensor_size', 'autofocus_points'], 'CAMERA_2': ['sensor_size', 'optical_zoom', 'weight', 'preset_modes', 'camera_type', 'color'], 'CAMERA_3': ['long_exposure', 'effects']}",C_QUESTION_ABOUT_FEATURE,CAMERA_1,autofocus_points,how many autofocus points does it have,S_NOT_SURE,CAMERA_1,,I'm not really sure about that,
679,22,CAMERA_1,"['CAMERA_3', 'CAMERA_2', 'CAMERA_1']","{'CAMERA_1': ['color', 'weight', 'optical_zoom', 'resolution', 'camera_type', 'preset_modes', 'sensor_size', 'autofocus_points', 'ISO'], 'CAMERA_2': ['sensor_size', 'optical_zoom', 'weight', 'preset_modes', 'camera_type', 'color'], 'CAMERA_3': ['long_exposure', 'effects']}",C_QUESTION_ABOUT_FEATURE,CAMERA_1,ISO,what is the ISO,S_NOT_SURE,CAMERA_1,,I'm not really sure about that,
679,23,CAMERA_1,"['CAMERA_3', 'CAMERA_2', 'CAMERA_1']","{'CAMERA_1': ['color', 'weight', 'optical_zoom', 'resolution', 'camera_type', 'preset_modes', 'sensor_size', 'autofocus_points', 'ISO', 'price'], 'CAMERA_2': ['sensor_size', 'optical_zoom', 'weight', 'preset_modes', 'camera_type', 'color'], 'CAMERA_3': ['long_exposure', 'effects']}",C_QUESTION_ABOUT_FEATURE,CAMERA_1,price,how much does it cost,S_ANSWERS_QUESTION_ABOUT_FEATURE,CAMERA_1,price,This one costs $2173.,15~20
679,24,CAMERA_1,"['CAMERA_3', 'CAMERA_2', 'CAMERA_1']","{'CAMERA_1': ['color', 'weight', 'optical_zoom', 'resolution', 'camera_type', 'preset_modes', 'sensor_size', 'autofocus_points', 'ISO', 'price', 'settings'], 'CAMERA_2': ['sensor_size', 'optical_zoom', 'weight', 'preset_modes', 'camera_type', 'color'], 'CAMERA_3': ['long_exposure', 'effects']}",C_QUESTION_ABOUT_FEATURE,CAMERA_1,settings,what kind of settings does it have,S_ANSWERS_QUESTION_ABOUT_FEATURE,CAMERA_1,settings,This one has limited manual settings.,13~36
679,25,CAMERA_1,"['CAMERA_3', 'CAMERA_2', 'CAMERA_1']","{'CAMERA_1': ['color', 'weight', 'optical_zoom', 'resolution', 'camera_type', 'preset_modes', 'sensor_size', 'autofocus_points', 'ISO', 'price', 'settings', 'effects'], 'CAMERA_2': ['sensor_size', 'optical_zoom', 'weight', 'preset_modes', 'camera_type', 'color'], 'CAMERA_3': ['long_exposure', 'effects']}",C_SILENT_OR_BACKCHANNEL,CAMERA_1,NONE,I see,S_INTRODUCES_FEATURE,CAMERA_1,effects,"This one has 12 glamor retouch effects (e.g. skin softening, small face, big eyes).",13~82
679,26,CAMERA_1,"['CAMERA_3', 'CAMERA_2', 'CAMERA_1']","{'CAMERA_1': ['color', 'weight', 'optical_zoom', 'resolution', 'camera_type', 'preset_modes', 'sensor_size', 'autofocus_points', 'ISO', 'price', 'settings', 'effects', 'long_exposure'], 'CAMERA_2': ['sensor_size', 'optical_zoom', 'weight', 'preset_modes', 'camera_type', 'color'], 'CAMERA_3': ['long_exposure', 'effects']}",C_QUESTION_ABOUT_FEATURE,CAMERA_1,long_exposure,can it take long exposure shots,S_NOT_SURE,CAMERA_1,,I'm not really sure about that,
679,27,CAMERA_1,"['CAMERA_3', 'CAMERA_2', 'CAMERA_1']","{'CAMERA_1': ['color', 'weight', 'optical_zoom', 'resolution', 'camera_type', 'preset_modes', 'sensor_size', 'autofocus_points', 'ISO', 'price', 'settings', 'effects', 'long_exposure', 'optical_zoom'], 'CAMERA_2': ['sensor_size', 'optical_zoom', 'weight', 'preset_modes', 'camera_type', 'color'], 'CAMERA_3': ['long_exposure', 'effects']}",C_QUESTION_ABOUT_FEATURE,CAMERA_1,optical_zoom,does it have optical zoom,S_ANSWERS_QUESTION_ABOUT_FEATURE,CAMERA_1,optical_zoom,This one has 5x optical zoom.,13~28
679,28,,"['CAMERA_3', 'CAMERA_2', 'CAMERA_1']","{'CAMERA_1': ['color', 'weight', 'optical_zoom', 'resolution', 'camera_type', 'preset_modes', 'sensor_size', 'autofocus_points', 'ISO', 'price', 'settings', 'effects', 'long_exposure', 'optical_zoom'], 'CAMERA_2': ['sensor_size', 'optical_zoom', 'weight', 'preset_modes', 'camera_type', 'color'], 'CAMERA_3': ['long_exposure', 'effects']}",C_ANYTHING_ELSE_AVAILABLE,CAMERA_1,NONE,ok do you have any other cameras,S_THATS_ALL_WE_HAVE_AVAILABLE,CAMERA_1,,That’s all we have available at the moment.,
679,29,NONE,"['CAMERA_3', 'CAMERA_2', 'CAMERA_1']","{'CAMERA_1': ['color', 'weight', 'optical_zoom', 'resolution', 'camera_type', 'preset_modes', 'sensor_size', 'autofocus_points', 'ISO', 'price', 'settings', 'effects', 'long_exposure', 'optical_zoom'], 'CAMERA_2': ['sensor_size', 'optical_zoom', 'weight', 'preset_modes', 'camera_type', 'color'], 'CAMERA_3': ['long_exposure', 'effects']}",C_THANK_YOU,CAMERA_1,NONE,thank you for your help,S_THANK_YOU,CAMERA_1,NONE,thank you very much,
679,30,NONE,"['CAMERA_3', 'CAMERA_2', 'CAMERA_1']","{'CAMERA_1': ['color', 'weight', 'optical_zoom', 'resolution', 'camera_type', 'preset_modes', 'sensor_size', 'autofocus_points', 'ISO', 'price', 'settings', 'effects', 'long_exposure', 'optical_zoom'], 'CAMERA_2': ['sensor_size', 'optical_zoom', 'weight', 'preset_modes', 'camera_type', 'color'], 'CAMERA_3': ['long_exposure', 'effects']}",C_LEAVES,DOOR,NONE,,S_RETURNS_TO_COUNTER,SERVICE_COUNTER,NONE,,
680,1,NONE,[],"{'CAMERA_1': [], 'CAMERA_2': [], 'CAMERA_3': []}",C_ENTERS,DOOR,NONE,,S_NONE,SERVICE_COUNTER,NONE,,
680,2,NONE,[],"{'CAMERA_1': [], 'CAMERA_2': [], 'CAMERA_3': []}",C_GREETS,MIDDLE,NONE,hello,S_GREETS,MIDDLE,NONE,can I help you?,
680,3,CAMERA_1,['CAMERA_1'],"{'CAMERA_1': [], 'CAMERA_2': [], 'CAMERA_3': []}",C_LOOKING_FOR_A_CAMERA,MIDDLE,NONE,I'm looking for a camera,S_INTRODUCES_CAMERA,CAMERA_1,,Let me show you this. Here we have the Nikon Coolpix S2800.,39~58
680,4,CAMERA_1,['CAMERA_1'],"{'CAMERA_1': ['preset_modes'], 'CAMERA_2': [], 'CAMERA_3': []}",C_QUESTION_ABOUT_FEATURE,CAMERA_1,preset_modes,does it have preset modes,S_ANSWERS_QUESTION_ABOUT_FEATURE,CAMERA_1,preset_modes,"This one has 18 preset modes (e.g. beach, snow, night portrait).",13~63
680,5,CAMERA_1,['CAMERA_1'],"{'CAMERA_1': ['preset_modes', 'sensor_size'], 'CAMERA_2': [], 'CAMERA_3': []}",C_QUESTION_ABOUT_FEATURE,CAMERA_1,sensor_size,what is the sensor size,S_NOT_SURE,CAMERA_1,,I'm not really sure about that,
680,6,NONE,['CAMERA_1'],"{'CAMERA_1': ['preset_modes', 'sensor_size'], 'CAMERA_2': [], 'CAMERA_3': []}",C_THANK_YOU,CAMERA_1,NONE,thank you for your help,S_THANK_YOU,CAMERA_1,NONE,thank you very much,
680,7,NONE,['CAMERA_1'],"{'CAMERA_1': ['preset_modes', 'sensor_size'], 'CAMERA_2': [], 'CAMERA_3': []}",C_LEAVES,DOOR,NONE,,S_RETURNS_TO_COUNTER,SERVICE_COUNTER,NONE,,
681,1,NONE,[],"{'CAMERA_1': [], 'CAMERA_2': [], 'CAMERA_3': []}",C_ENTERS,DOOR,NONE,,S_NONE,SERVICE_COUNTER,NONE,,
681,2,NONE,[],"{'CAMERA_1': [], 'CAMERA_2': [], 'CAMERA_3': []}",C_GREETS,MIDDLE,NONE,hello,S_GREETS,MIDDLE,NONE,can I help you?,
681,3,CAMERA_2,['CAMERA_2'],"{'CAMERA_1': [], 'CAMERA_2': [], 'CAMERA_3': []}",C_LOOKING_FOR_A_CAMERA,MIDDLE,NONE,I'm looking for a camera,S_INTRODUCES_CAMERA,CAMERA_2,,Let me show you this. Here we have the Sony Alpha a6000.,39~55
681,4,CAMERA_2,['CAMERA_2'],"{'CAMERA_1': [], 'CAMERA_2': ['camera_type'], 'CAMERA_3': []}",C_SILENT_OR_BACKCHANNEL,CAMERA_2,NONE,okay,S_INTRODUCES_FEATURE,CAMERA_2,camera_type,This is a mirrorless camera.,10~20
681,5,NONE,['CAMERA_2'],"{'CAMERA_1': [], 'CAMERA_2': ['camera_type'], 'CAMERA_3': []}",C_THANK_YOU,CAMERA_2,NONE,thank you for your help,S_THANK_YOU,CAMERA_2,NONE,thank you very much,
681,6,NONE,['CAMERA_2'],"{'CAMERA_1': [], 'CAMERA_2': ['camera_type'], 'CAMERA_3': []}",C_LEAVES,DOOR,NONE,,S_RETURNS_TO_COUNTER,SERVICE_COUNTER,NONE,,
682,1,NONE,[],"{'CAMERA_1': [], 'CAMERA_2': [], 'CAMERA_3': []}",C_ENTERS,DOOR,NONE,,S_NONE,SERVICE_COUNTER,NONE,,
682,2,NONE,[],"{'CAMERA_1': [], 'CAMERA_2': [], 'CAMERA_3': []}",C_GREETS,MIDDLE,NONE,hello,S_GREETS,MIDDLE,NONE,can I help you?,
682,3,CAMERA_2,['CAMERA_2'],"{'CAMERA_1': [], 'CAMERA_2': [], 'CAMERA_3': []}",C_LOOKING_FOR_A_CAMERA,MIDDLE,NONE,I'm looking for a camera,S_INTRODUCES_CAMERA,CAMERA_2,,Let me show you this. Here we have the Sony Alpha a6000.,39~55
682,4,CAMERA_2,['CAMERA_2'],"{'CAMERA_1': [], 'CAMERA_2': ['color'], 'CAMERA_3': []}",C_SILENT_OR_BACKCHANNEL,CAMERA_2,NONE,I see,S_INTRODUCES_FEATURE,CAMERA_2,color,"This one comes in white, silver, black.",18~38
682,5,CAMERA_2,['CAMERA_2'],"{'CAMERA_1': [], 'CAMERA_2': ['color', 'weight'], 'CAMERA_3': []}",C_QUESTION_ABOUT_FEATURE,CAMERA_2,weight,how much does this one weigh,S_ANSWERS_QUESTION_ABOUT_FEATURE,CAMERA_2,weight,This one weighs 470 grams.,16~25
682,6,CAMERA_2,['CAMERA_2'],"{'CAMERA_1': [], 'CAMERA_2': ['color', 'weight', 'sensor_size'], 'CAMERA_3': []}",C_QUESTION_ABOUT_FEATURE,CAMERA_2,sensor_size,what is the sensor size,S_ANSWERS_QUESTION_ABOUT_FEATURE,CAMERA_2,sensor_size,This one has a APS-C sensor (crop sensor).,15~41
682,7,CAMERA_3,"['CAMERA_2', 'CAMERA_3']","{'CAMERA_1': [], 'CAMERA_2': ['color', 'weight', 'sensor_size'], 'CAMERA_3': []}",C_ANYTHING_ELSE_AVAILABLE,CAMERA_2,NONE,ok do you have any other cameras,S_INTRODUCES_CAMERA,CAMERA_3,,Let me show you this. Here we have the Canon EOS 5D Mark III.,39~60
682,8,CAMERA_3,"['CAMERA_2', 'CAMERA_3']","{'CAMERA_1': [], 'CAMERA_2': ['color', 'weight', 'sensor_size'], 'CAMERA_3': ['resolution']}",C_QUESTION_ABOUT_FEATURE,CAMERA_3,resolution,what is the resolution,S_NOT_SURE,CAMERA_3,,I'm not really sure about that,
682,9,CAMERA_3,"['CAMERA_2', 'CAMERA_3']","{'CAMERA_1': [], 'CAMERA_2': ['color', 'weight', 'sensor_size'], 'CAMERA_3': ['resolution', 'preset_modes']}",C_QUESTION_ABOUT_FEATURE,CAMERA_3,preset_modes,does it have preset modes,S_NOT_SURE,CAMERA_3,,I'm not really sure about that,
682,10,NONE,"['CAMERA_2', 'CAMERA_3']","{'CAMERA_1': [], 'CAMERA_2': ['color', 'weight', 'sensor_size'], 'CAMERA_3': ['resolution', 'preset_modes']}",C_THANK_YOU,CAMERA_3,NONE,thank you for your help,S_THANK_YOU,CAMERA_3,NONE,thank you very much,
682,11,NONE,"['CAMERA_2', 'CAMERA_3']","{'CAMERA_1': [], 'CAMERA_2': ['color', 'weight', 'sensor_size'], 'CAMERA_3': ['resolution', 'preset_modes']}",C_LEAVES,DOOR,NONE,,S_RETURNS_TO_COUNTER,SERVICE_COUNTER,NONE,,
683,1,NONE,[],"{'CAMERA_1': [], 'CAMERA_2': [], 'CAMERA_3': []}",C_ENTERS,DOOR,NONE,,S_NONE,SERVICE_COUNTER,NONE,,
683,2,NONE,[],"{'CAMERA_1': [], 'CAMERA_2': [], 'CAMERA_3': []}",C_GREETS,MIDDLE,NONE,hello,S_GREETS,MIDDLE,NONE,can I help you?,
683,3,CAMERA_1,['CAMERA_1'],"{'CAMERA_1': [], 'CAMERA_2': [], 'CAMERA_3': []}",C_LOOKING_FOR_A_CAMERA,MIDDLE,NONE,I'm looking for a camera,S_INTRODUCES_CAMERA,CAMERA_1,,Let me show you this. Here we have the Nikon Coolpix S2800.,39~58
683,4,CAMERA_1,['CAMERA_1'],"{'CAMERA_1': ['price'], 'CAMERA_2': [], 'CAMERA_3': []}",C_SILENT_OR_BACKCHANNEL,CAMERA_1,NONE,okay,S_INTRODUCES_FEATURE,CAMERA_1,price,This one costs $2173.,15~20
683,5,CAMERA_1,['CAMERA_1'],"{'CAMERA_1': ['price', 'settings'], 'CAMERA_2': [], 'CAMERA_3': []}",C_SILENT_OR_BACKCHANNEL,CAMERA_1,NONE,okay,S_INTRODUCES_FEATURE,CAMERA_1,settings,This one has limited manual settings.,13~36
683,6,CAMERA_1,['CAMERA_1'],"{'CAMERA_1': ['price', 'settings', 'weight'], 'CAMERA_2': [], 'CAMERA_3': []}",C_SILENT_OR_BACKCHANNEL,CAMERA_1,NONE,okay,S_INTRODUCES_FEATURE,CAMERA_1,weight,This one weighs 120 grams.,16~25
683,7,CAMERA_1,['CAMERA_1'],"{'CAMERA_1': ['price', 'settings', 'weight', 'preset_modes'], 'CAMERA_2': [], 'CAMERA_3': []}",C_SILENT_OR_BACKCHANNEL,CAMERA_1,NONE,I see,S_INTRODUCES_FEATURE,CAMERA_1,preset_modes,"This one has 18 preset modes (e.g. beach, snow, night portrait).",13~63
683,8,CAMERA_1,['CAMERA_1'],"{'CAMERA_1': ['price', 'settings', 'weight', 'preset_modes', 'optical_zoom'], 'CAMERA_2': [], 'CAMERA_3': []}",C_SILENT_OR_BACKCHANNEL,CAMERA_1,NONE,alright,S_INTRODUCES_FEATURE,CAMERA_1,optical_zoom,This one has 5x optical zoom.,13~28
683,9,NONE,['CAMERA_1'],"{'CAMERA_1': ['price', 'settings', 'weight', 'preset_modes', 'optical_zoom'], 'CAMERA_2': [], 'CAMERA_3': []}",C_THANK_YOU,CAMERA_1,NONE,thank you for your help,S_THANK_YOU,CAMERA_1,NONE,thank you very much,
683,10,NONE,['CAMERA_1'],"{'CAMERA_1': ['price', 'settings', 'weight', 'preset_modes', 'optical_zoom'], 'CAMERA_2': [], 'CAMERA_3': []}",C_LEAVES,DOOR,NONE,,S_RETURNS_TO_COUNTER,SERVICE_COUNTER,NONE,,
684,1,NONE,[],"{'CAMERA_1': [], 'CAMERA_2': [], 'CAMERA_3': []}",C_ENTERS,DOOR,NONE,,S_NONE,SERVICE_COUNTER,NONE,,
684,2,NONE,[],"{'CAMERA_1': [], 'CAMERA_2': [], 'CAMERA_3': []}",C_WALKS_TO_CAMERA,CAMERA_2,NONE,,S_GREETS,CAMERA_2,NONE,can I help you?,
684,3,CAMERA_1,['CAMERA_1'],"{'CAMERA_1': [], 'CAMERA_2': [], 'CAMERA_3': []}",C_LOOKING_FOR_A_CAMERA,CAMERA_2,NONE,I'm looking for a camera,S_INTRODUCES_CAMERA,CAMERA_1,,Let me show you this. Here we have the Nikon Coolpix S2800.,39~58
684,4,CAMERA_1,['CAMERA_1'],"{'CAMERA_1': ['camera_type'], 'CAMERA_2': [], 'CAMERA_3': []}",C_QUESTION_ABOUT_FEATURE,CAMERA_1,camera_type,what kind of camera is this,S_ANSWERS_QUESTION_ABOUT_FEATURE,CAMERA_1,camera_type,This is a point and shoot camera.,10~25
684,5,CAMERA_1,['CAMERA_1'],"{'CAMERA_1': ['camera_type', 'price'], 'CAMERA_2': [], 'CAMERA_3': []}",C_QUESTION_ABOUT_FEATURE,CAMERA_1,price,how much does it cost,S_ANSWERS_QUESTION_ABOUT_FEATURE,CAMERA_1,price,This one costs $2173.,15~20
684,6,CAMERA_1,['CAMERA_1'],"{'CAMERA_1': ['camera_type', 'price', 'resolution'], 'CAMERA_2': [], 'CAMERA_3': []}",C_SILENT_OR_BACKCHANNEL,CAMERA_1,NONE,alright,S_INTRODUCES_FEATURE,CAMERA_1,resolution,This one has 20.1 megapixels resolution.,13~28
684,7,CAMERA_1,['CAMERA_1'],"{'CAMERA_1': ['camera_type', 'price', 'resolution', 'optical_zoom'], 'CAMERA_2': [], 'CAMERA_3': []}",C_QUESTION_ABOUT_FEATURE,CAMERA_1,optical_zoom,does it have optical zoom,S_ANSWERS_QUESTION_ABOUT_FEATURE,CAMERA_1,optical_zoom,This one has 5x optical zoom.,13~28
684,8,CAMERA_1,['CAMERA_1'],"{'CAMERA_1': ['camera_type', 'price', 'resolution', 'optical_zoom', 'long_exposure'], 'CAMERA_2': [], 'CAMERA_3': []}",C_QUESTION_ABOUT_FEATURE,CAMERA_1,long_exposure,can it take long exposure shots,S_NOT_SURE,CAMERA_1,,I'm not really sure about that,
684,9,CAMERA_1,['CAMERA_1'],"{'CAMERA_1': ['camera_type', 'price', 'resolution', 'optical_zoom', 'long_exposure', 'weight'], 'CAMERA_2': [], 'CAMERA_3': []}",C_SILENT_OR_BACKCHANNEL,CAMERA_1,NONE,I see,S_INTRODUCES_FEATURE,CAMERA_1,weight,This one weighs 120 grams.,16~25
684,10,NONE,['CAMERA_1'],"{'CAMERA_1': ['camera_type', 'price', 'resolution', 'optical_zoom', 'long_exposure', 'weight'], 'CAMERA_2': [], 'CAMERA_3': []}",C_THANK_YOU,CAMERA_1,NONE,thank you for your help,S_THANK_YOU,CAMERA_1,NONE,thank you very much,
684,11,NONE,['CAMERA_1'],"{'CAMERA_1': ['camera_type', 'price', 'resolution', 'optical_zoom', 'long_exposure', 'weight'], 'CAMERA_2': [], 'CAMERA_3': []}",C_LEAVES,DOOR,NONE,,S_RETURNS_TO_COUNTER,SERVICE_COUNTER,NONE,,
685,1,NONE,[],"{'CAMERA_1': [], 'CAMERA_2': [], 'CAMERA_3': []}",C_ENTERS,DOOR,NONE,,S_NONE,SERVICE_COUNTER,NONE,,
685,2,NONE,[],"{'CAMERA_1': [], 'CAMERA_2': [], 'CAMERA_3': []}",C_GREETS,MIDDLE,NONE,hello,S_GREETS,MIDDLE,NONE,can I help you?,
685,3,CAMERA_2,['CAMERA_2'],"{'CAMERA_1': [], 'CAMERA_2': [], 'CAMERA_3': []}",C_LOOKING_FOR_A_CAMERA,MIDDLE,NONE,I'm looking for a camera,S_INTRODUCES_CAMERA,CAMERA_2,,Let me show you this. Here we have the Sony Alpha a6000.,39~55
685,4,CAMERA_2,['CAMERA_2'],"{'CAMERA_1': [], 'CAMERA_2': ['weight'], 'CAMERA_3': []}",C_SILENT_OR_BACKCHANNEL,CAMERA_2,NONE,I see,S_INTRODUCES_FEATURE,CAMERA_2,weight,This one weighs 470 grams.,16~25
685,5,NONE,['CAMERA_2'],"{'CAMERA_1': [], 'CAMERA_2': ['weight'], 'CAMERA_3': []}",C_THANK_YOU,CAMERA_2,NONE,thank you for your help,S_THANK_YOU,CAMERA_2,NONE,thank you very much,
685,6,NONE,['CAMERA_2'],"{'CAMERA_1': [], 'CAMERA_2': ['weight'], 'CAMERA_3': []}",C_LEAVES,DOOR,NONE,,S_RETURNS_TO_COUNTER,SERVICE_COUNTER,NONE,,
686,1,NONE,[],"{'CAMERA_1': [], 'CAMERA_2': [], 'CAMERA_3': []}",C_ENTERS,DOOR,NONE,,S_NONE,SERVICE_COUNTER,NONE,,
686,2,NONE,[],"{'CAMERA_1': [], 'CAMERA_2': [], 'CAMERA_3': []}",C_GREETS,MIDDLE,NONE,hello,S_GREETS,MIDDLE,NONE,can I help you?,
686,3,CAMERA_1,['CAMERA_1'],"{'CAMERA_1': [], 'CAMERA_2': [], 'CAMERA_3': []}",C_LOOKING_FOR_A_CAMERA,MIDDLE,NONE,I'm looking for a camera,S_INTRODUCES_CAMERA,CAMERA_1,,Let me show you this. Here we have the Nikon Coolpix S2800.,39~58
686,4,CAMERA_1,['CAMERA_1'],"{'CAMERA_1': ['preset_modes'], 'CAMERA_2': [], 'CAMERA_3': []}",C_SILENT_OR_BACKCHANNEL,CAMERA_1,NONE,okay,S_INTRODUCES_FEATURE,CAMERA_1,preset_modes,"This one has 18 preset modes (e.g. beach, snow, night portrait).",13~63
686,5,NONE,['CAMERA_1'],"{'CAMERA_1': ['preset_modes'], 'CAMERA_2': [], 'CAMERA_3': []}",C_THANK_YOU,CAMERA_1,NONE,thank you for your help,S_THANK_YOU,CAMERA_1,NONE,thank you very much,
686,6,NONE,['CAMERA_1'],"{'CAMERA_1': ['preset_modes'], 'CAMERA_2': [], 'CAMERA_3': []}",C_LEAVES,DOOR,NONE,,S_RETURNS_TO_COUNTER,SERVICE_COUNTER,NONE,,
687,1,NONE,[],"{'CAMERA_1': [], 'CAMERA_2': [], 'CAMERA_3': []}",C_ENTERS,DOOR,NONE,,S_NONE,SERVICE_COUNTER,NONE,,
687,2,NONE,[],"{'CAMERA_1': [], 'CAMERA_2': [], 'CAMERA_3': []}",C_GREETS,MIDDLE,NONE,hello,S_GREETS,MIDDLE,NONE,can I help you?,
687,3,CAMERA_1,['CAMERA_1'],"{'CAMERA_1': [], 'CAMERA_2': [], 'CAMERA_3': []}",C_LOOKING_FOR_A_CAMERA,MIDDLE,NONE,I'm looking for a camera,S_INTRODUCES_CAMERA,CAMERA_1,,Let me show you this. Here we have the Nikon Coolpix S2800.,39~58
687,4,CAMERA_1,['CAMERA_1'],"{'CAMERA_1': ['color'], 'CAMERA_2': [], 'CAMERA_3': []}",C_QUESTION_ABOUT_FEATURE,CAMERA_1,color,what colors does this one come in,S_ANSWERS_QUESTION_ABOUT_FEATURE,CAMERA_1,color,"This one comes in purple, pink, black, silver, red.",18~50
687,5,CAMERA_1,['CAMERA_1'],"{'CAMERA_1': ['color', 'effects'], 'CAMERA_2': [], 'CAMERA_3': []}",C_QUESTION_ABOUT_FEATURE,CAMERA_1,effects,does it have any effect modes,S_ANSWERS_QUESTION_ABOUT_FEATURE,CAMERA_1,effects,"This one has 12 glamor retouch effects (e.g. skin softening, small face, big eyes).",13~82
687,6,CAMERA_1,['CAMERA_1'],"{'CAMERA_1': ['color', 'effects', 'weight'], 'CAMERA_2': [], 'CAMERA_3': []}",C_SILENT_OR_BACKCHANNEL,CAMERA_1,NONE,I see,S_INTRODUCES_FEATURE,CAMERA_1,weight,This one weighs 120 grams.,16~25
687,7,CAMERA_1,['CAMERA_1'],"{'CAMERA_1': ['color', 'effects', 'weight', 'optical_zoom'], 'CAMERA_2': [], 'CAMERA_3': []}",C_QUESTION_ABOUT_FEATURE,CAMERA_1,optical_zoom,does it have optical zoom,S_ANSWERS_QUESTION_ABOUT_FEATURE,CAMERA_1,optical_zoom,This one has 5x optical zoom.,13~28
687,8,CAMERA_1,['CAMERA_1'],"{'CAMERA_1': ['color', 'effects', 'weight', 'optical_zoom', 'camera_type'], 'CAMERA_2': [], 'CAMERA_3': []}",C_SILENT_OR_BACKCHANNEL,CAMERA_1,NONE,okay,S_INTRODUCES_FEATURE,CAMERA_1,camera_type,This is a point and shoot camera.,10~25
687,9,CAMERA_1,['CAMERA_1'],"{'CAMERA_1': ['color', 'effects', 'weight', 'optical_zoom', 'camera_type', 'settings'], 'CAMERA_2': [], 'CAMERA_3': []}",C_SILENT_OR_BACKCHANNEL,CAMERA_1,NONE,alright,S_INTRODUCES_FEATURE,CAMERA_1,settings,This one has limited manual settings.,13~36
687,10,NONE,['CAMERA_1'],"{'CAMERA_1': ['color', 'effects', 'weight', 'optical_zoom', 'camera_type', 'settings'], 'CAMERA_2': [], 'CAMERA_3': []}",C_THANK_YOU,CAMERA_1,NONE,thank you for your help,S_THANK_YOU,CAMERA_1,NONE,thank you very much,
687,11,NONE,['CAMERA_1'],"{'CAMERA_1': ['color', 'effects', 'weight', 'optical_zoom', 'camera_type', 'settings'], 'CAMERA_2': [], 'CAMERA_3': []}",C_LEAVES,DOOR,NONE,,S_RETURNS_TO_COUNTER,SERVICE_COUNTER,NONE,,
688,1,NONE,[],"{'CAMERA_1': [], 'CAMERA_2': [], 'CAMERA_3': []}",C_ENTERS,DOOR,NONE,,S_NONE,SERVICE_COUNTER,NONE,,
688,2,NONE,[],"{'CAMERA_1': [], 'CAMERA_2': [], 'CAMERA_3': []}",C_WALKS_TO_CAMERA,CAMERA_3,NONE,,S_GREETS,CAMERA_3,NONE,can I help you?,
688,3,CAMERA_3,['CAMERA_3'],"{'CAMERA_1': [], 'CAMERA_2': [], 'CAMERA_3': []}",C_LOOKING_FOR_A_CAMERA,CAMERA_3,NONE,I'm looking for a camera,S_INTRODUCES_CAMERA,CAMERA_3,,Let me show you this. Here we have the Canon EOS 5D Mark III.,39~60
688,4,CAMERA_3,['CAMERA_3'],"{'CAMERA_1': [], 'CAMERA_2': [], 'CAMERA_3': ['weight']}",C_QUESTION_ABOUT_FEATURE,CAMERA_3,weight,how much does this one weigh,S_ANSWERS_QUESTION_ABOUT_FEATURE,CAMERA_3,weight,This one weighs 950 grams (only body).,16~37
688,5,CAMERA_3,['CAMERA_3'],"{'CAMERA_1': [], 'CAMERA_2': [], 'CAMERA_3': ['weight', 'preset_modes']}",C_QUESTION_ABOUT_FEATURE,CAMERA_3,preset_modes,does it have preset modes,S_NOT_SURE,CAMERA_3,,I'm not really sure about that,
688,6,CAMERA_1,"['CAMERA_3', 'CAMERA_1']","{'CAMERA_1': [], 'CAMERA_2': [], 'CAMERA_3': ['weight', 'preset_modes']}",C_ANYTHING_ELSE_AVAILABLE,CAMERA_3,NONE,ok do you have any other cameras,S_INTRODUCES_CAMERA,CAMERA_1,,Let me show you this. Here we have the Nikon Coolpix S2800.,39~58
688,7,CAMERA_1,"['CAMERA_3', 'CAMERA_1']","{'CAMERA_1': ['ISO'], 'CAMERA_2': [], 'CAMERA_3': ['weight', 'preset_modes']}",C_QUESTION_ABOUT_FEATURE,CAMERA_1,ISO,what is the ISO,S_NOT_SURE,CAMERA_1,,I'm not really sure about that,
688,8,CAMERA_1,"['CAMERA_3', 'CAMERA_1']","{'CAMERA_1': ['ISO', 'optical_zoom'], 'CAMERA_2': [], 'CAMERA_3': ['weight', 'preset_modes']}",C_QUESTION_ABOUT_FEATURE,CAMERA_1,optical_zoom,does it have optical zoom,S_ANSWERS_QUESTION_ABOUT_FEATURE,CAMERA_1,optical_zoom,This one has 5x optical zoom.,13~28
688,9,NONE,"['CAMERA_3', 'CAMERA_1']","{'CAMERA_1': ['ISO', 'optical_zoom'], 'CAMERA_2': [], 'CAMERA_3': ['weight', 'preset_modes']}",C_THANK_YOU,CAMERA_1,NONE,thank you for your help,S_THANK_YOU,CAMERA_1,NONE,thank you very much,
688,10,NONE,"['CAMERA_3', 'CAMERA_1']","{'CAMERA_1': ['ISO', 'optical_zoom'], 'CAMERA_2': [], 'CAMERA_3': ['weight', 'preset_modes']}",C_LEAVES,DOOR,NONE,,S_RETURNS_TO_COUNTER,SERVICE_COUNTER,NONE,,
689,1,NONE,[],"{'CAMERA_1': [], 'CAMERA_2': [], 'CAMERA_3': []}",C_ENTERS,DOOR,NONE,,S_NONE,SERVICE_COUNTER,NONE,,
689,2,NONE,[],"{'CAMERA_1': [], 'CAMERA_2': [], 'CAMERA_3': []}",C_GREETS,MIDDLE,NONE,hello,S_GREETS,MIDDLE,NONE,can I help you?,
689,3,CAMERA_3,['CAMERA_3'],"{'CAMERA_1': [], 'CAMERA_2': [], 'CAMERA_3': []}",C_LOOKING_FOR_A_CAMERA,MIDDLE,NONE,I'm looking for a camera,S_INTRODUCES_CAMERA,CAMERA_3,,Let me show you this. Here we have the Canon EOS 5D Mark III.,39~60
689,4,CAMERA_3,['CAMERA_3'],"{'CAMERA_1': [], 'CAMERA_2': [], 'CAMERA_3': ['price']}",C_QUESTION_ABOUT_FEATURE,CAMERA_3,price,how much does it cost,S_ANSWERS_QUESTION_ABOUT_FEATURE,CAMERA_3,price,This one costs $3706.,15~20
689,5,CAMERA_3,['CAMERA_3'],"{'CAMERA_1': [], 'CAMERA_2': [], 'CAMERA_3': ['price', 'optical_zoom']}",C_QUESTION_ABOUT_FEATURE,CAMERA_3,optical_zoom,does it have optical zoom,S_NOT_SURE,CAMERA_3,,I'm not really sure about that,
689,6,CAMERA_3,['CAMERA_3'],"{'CAMERA_1': [], 'CAMERA_2': [], 'CAMERA_3': ['price', 'optical_zoom', 'color']}",C_SILENT_OR_BACKCHANNEL,CAMERA_3,NONE,I see,S_INTRODUCES_FEATURE,CAMERA_3,color,This one comes in black.,18~23
689,7,CAMERA_3,['CAMERA_3'],"{'CAMERA_1': [], 'CAMERA_2': [], 'CAMERA_3': ['price', 'optical_zoom', 'color', 'autofocus_points']}",C_SILENT_OR_BACKCHANNEL,CAMERA_3,NONE,I see,S_INTRODUCES_FEATURE,CAMERA_3,autofocus_points,This one has 61 autofocus points.,13~32
689,8,NONE,['CAMERA_3'],"{'CAMERA_1': [], 'CAMERA_2': [], 'CAMERA_3': ['price', 'optical_zoom', 'color', 'autofocus_points']}",C_THANK_YOU,CAMERA_3,NONE,thank you for your help,S_THANK_YOU,CAMERA_3,NONE,thank you very much,
689,9,NONE,['CAMERA_3'],"{'CAMERA_1': [], 'CAMERA_2': [], 'CAMERA_3': ['price', 'optical_zoom', 'color', 'autofocus_points']}",C_LEAVES,DOOR,NONE,,S_RETURNS_TO_COUNTER,SERVICE_COUNTER,NONE,,
690,1,NONE,[],"{'CAMERA_1': [], 'CAMERA_2': [], 'CAMERA_3': []}",C_ENTERS,DOOR,NONE,,S_NONE,SERVICE_COUNTER,NONE,,
690,2,NONE,[],"{'CAMERA_1': [], 'CAMERA_2': [], 'CAMERA_3': []}",C_WALKS_TO_CAMERA,CAMERA_1,NONE,,S_GREETS,CAMERA_1,NONE,can I help you?,
690,3,CAMERA_2,['CAMERA_2'],"{'CAMERA_1': [], 'CAMERA_2': [], 'CAMERA_3': []}",C_LOOKING_FOR_A_CAMERA,CAMERA_1,NONE,I'm looking for a camera,S_INTRODUCES_CAMERA,CAMERA_2,,Let me show you this. Here we have the Sony Alpha a6000.,39~55
690,4,CAMERA_2,['CAMERA_2'],"{'CAMERA_1': [], 'CAMERA_2': ['ISO'], 'CAMERA_3': []}",C_SILENT_OR_BACKCHANNEL,CAMERA_2,NONE,alright,S_INTRODUCES_FEATURE,CAMERA_2,ISO,This one has up to 3200 ISO with little noise.,13~45
690,5,CAMERA_2,['CAMERA_2'],"{'CAMERA_1': [], 'CAMERA_2': ['ISO', 'weight'], 'CAMERA_3': []}",C_QUESTION_ABOUT_FEATURE,CAMERA_2,weight,how much does this one weigh,S_ANSWERS_QUESTION_ABOUT_FEATURE,CAMERA_2,weight,This one weighs 470 grams.,16~25
690,6,CAMERA_2,['CAMERA_2'],"{'CAMERA_1': [], 'CAMERA_2': ['ISO', 'weight', 'color'], 'CAMERA_3': []}",C_SILENT_OR_BACKCHANNEL,CAMERA_2,NONE,okay,S_INTRODUCES_FEATURE,CAMERA_2,color,"This one comes in white, silver, black.",18~38
690,7,CAMERA_2,['CAMERA_2'],"{'CAMERA_1': [], 'CAMERA_2': ['ISO', 'weight', 'color', 'effects'], 'CAMERA_3': []}",C_QUESTION_ABOUT_FEATURE,CAMERA_2,effects,does it have any effect modes,S_ANSWERS_QUESTION_ABOUT_FEATURE,CAMERA_2,effects,"This one has 13 artistic effect modes (e.g. toy camera, soft focus).",13~67
690,8,CAMERA_2,['CAMERA_2'],"{'CAMERA_1': [], 'CAMERA_2': ['ISO', 'weight', 'color', 'effects', 'sensor_size'], 'CAMERA_3': []}",C_QUESTION_ABOUT_FEATURE,CAMERA_2,sensor_size,what is the sensor size,S_ANSWERS_QUESTION_ABOUT_FEATURE,CAMERA_2,sensor_size,This one has a APS-C sensor (crop sensor).,15~41
690,9,CAMERA_2,['CAMERA_2'],"{'CAMERA_1': [], 'CAMERA_2': ['ISO', 'weight', 'color', 'effects', 'sensor_size', 'long_exposure'], 'CAMERA_3': []}",C_SILENT_OR_BACKCHANNEL,CAMERA_2,NONE,alright,S_INTRODUCES_FEATURE,CAMERA_2,long_exposure,This one can take long exposures up to up to 30 seconds.,39~55
690,10,CAMERA_2,['CAMERA_2'],"{'CAMERA_1': [], 'CAMERA_2': ['ISO', 'weight', 'color', 'effects', 'sensor_size', 'long_exposure', 'price'], 'CAMERA_3': []}",C_QUESTION_ABOUT_FEATURE,CAMERA_2,price,how much does it cost,S_ANSWERS_QUESTION_ABOUT_FEATURE,CAMERA_2,price,This one costs $1341.,15~20
690,11,CAMERA_2,['CAMERA_2'],"{'CAMERA_1': [], 'CAMERA_2': ['ISO', 'weight', 'color', 'effects', 'sensor_size', 'long_exposure', 'price', 'settings'], 'CAMERA_3': []}",C_QUESTION_ABOUT_FEATURE,CAMERA_2,settings,what kind of settings does it have,S_ANSWERS_QUESTION_ABOUT_FEATURE,CAMERA_2,settings,This one has full manual control.,13~32
690,12,CAMERA_3,"['CAMERA_2', 'CAMERA_3']","{'CAMERA_1': [], 'CAMERA_2': ['ISO', 'weight', 'color', 'effects', 'sensor_size', 'long_exposure', 'price', 'settings'], 'CAMERA_3': []}",C_ANYTHING_ELSE_AVAILABLE,CAMERA_2,NONE,ok do you have any other cameras,S_INTRODUCES_CAMERA,CAMERA_3,,Let me show you this. Here we have the Canon EOS 5D Mark III.,39~60
690,13,CAMERA_3,"['CAMERA_2', 'CAMERA_3']","{'CAMERA_1': [], 'CAMERA_2': ['ISO', 'weight', 'color', 'effects', 'sensor_size', 'long_exposure', 'price', 'settings'], 'CAMERA_3': ['sensor_size']}",C_QUESTION_ABOUT_FEATURE,CAMERA_3,sensor_size,what is the sensor size,S_ANSWERS_QUESTION_ABOUT_FEATURE,CAMERA_3,sensor_size,This one has a full frame.,15~25
690,14,CAMERA_3,"['CAMERA_2', 'CAMERA_3']","{'CAMERA_1': [], 'CAMERA_2': ['ISO', 'weight', 'color', 'effects', 'sensor_size', 'long_exposure', 'price', 'settings'], 'CAMERA_3': ['sensor_size', 'price']}",C_QUESTION_ABOUT_FEATURE,CAMERA_3,price,how much does it cost,S_ANSWERS_QUESTION_ABOUT_FEATURE,CAMERA_3,price,This one costs $3706.,15~20
690,15,CAMERA_3,"['CAMERA_2', 'CAMERA_3']","{'CAMERA_1': [], 'CAMERA_2': ['ISO', 'weight', 'color', 'effects', 'sensor_size', 'long_exposure', 'price', 'settings'], 'CAMERA_3': ['sensor_size', 'price', 'settings']}",C_SILENT_OR_BACKCHANNEL,CAMERA_3,NONE,okay,S_INTRODUCES_FEATURE,CAMERA_3,settings,This one has full manual control.,13~32
690,16,CAMERA_3,"['CAMERA_2', 'CAMERA_3']","{'CAMERA_1': [], 'CAMERA_2': ['ISO', 'weight', 'color', 'effects', 'sensor_size', 'long_exposure', 'price', 'settings'], 'CAMERA_3': ['sensor_size', 'price', 'settings', 'long_exposure']}",C_SILENT_OR_BACKCHANNEL,CAMERA_3,NONE,okay,S_INTRODUCES_FEATURE,CAMERA_3,long_exposure,"This one can take long exposures up to up to 30 seconds, bulb mode: expose as long as you want.",39~94
690,17,CAMERA_3,"['CAMERA_2', 'CAMERA_3']","{'CAMERA_1': [], 'CAMERA_2': ['ISO', 'weight', 'color', 'effects', 'sensor_size', 'long_exposure', 'price', 'settings'], 'CAMERA_3': ['sensor_size', 'price', 'settings', 'long_exposure', 'weight']}",C_QUESTION_ABOUT_FEATURE,CAMERA_3,weight,how much does this one weigh,S_ANSWERS_QUESTION_ABOUT_FEATURE,CAMERA_3,weight,This one weighs 950 grams (only body).,16~37
690,18,CAMERA_3,"['CAMERA_2', 'CAMERA_3']","{'CAMERA_1': [], 'CAMERA_2': ['ISO', 'weight', 'color', 'effects', 'sensor_size', 'long_exposure', 'price', 'settings'], 'CAMERA_3': ['sensor_size', 'price', 'settings', 'long_exposure', 'weight', 'color']}",C_QUESTION_ABOUT_FEATURE,CAMERA_3,color,what colors does this one come in,S_ANSWERS_QUESTION_ABOUT_FEATURE,CAMERA_3,color,This one comes in black.,18~23
690,19,NONE,"['CAMERA_2', 'CAMERA_3']","{'CAMERA_1': [], 'CAMERA_2': ['ISO', 'weight', 'color', 'effects', 'sensor_size', 'long_exposure', 'price', 'settings'], 'CAMERA_3': ['sensor_size', 'price', 'settings', 'long_exposure', 'weight', 'color']}",C_THANK_YOU,CAMERA_3,NONE,thank you for your help,S_THANK_YOU,CAMERA_3,NONE,thank you very much,
690,20,NONE,"['CAMERA_2', 'CAMERA_3']","{'CAMERA_1': [], 'CAMERA_2': ['ISO', 'weight', 'color', 'effects', 'sensor_size', 'long_exposure', 'price', 'settings'], 'CAMERA_3': ['sensor_size', 'price', 'settings', 'long_exposure', 'weight', 'color']}",C_LEAVES,DOOR,NONE,,S_RETURNS_TO_COUNTER,SERVICE_COUNTER,NONE,,
691,1,NONE,[],"{'CAMERA_1': [], 'CAMERA_2': [], 'CAMERA_3': []}",C_ENTERS,DOOR,NONE,,S_NONE,SERVICE_COUNTER,NONE,,
691,2,NONE,[],"{'CAMERA_1': [], 'CAMERA_2': [], 'CAMERA_3': []}",C_GREETS,MIDDLE,NONE,hello,S_GREETS,MIDDLE,NONE,can I help you?,
691,3,CAMERA_1,['CAMERA_1'],"{'CAMERA_1': [], 'CAMERA_2': [], 'CAMERA_3': []}",C_LOOKING_FOR_A_CAMERA,MIDDLE,NONE,I'm looking for a camera,S_INTRODUCES_CAMERA,CAMERA_1,,Let me show you this. Here we have the Nikon Coolpix S2800.,39~58
691,4,CAMERA_1,['CAMERA_1'],"{'CAMERA_1': ['optical_zoom'], 'CAMERA_2': [], 'CAMERA_3': []}",C_SILENT_OR_BACKCHANNEL,CAMERA_1,NONE,okay,S_INTRODUCES_FEATURE,CAMERA_1,optical_zoom,This one has 5x optical zoom.,13~28
691,5,CAMERA_3,"['CAMERA_1', 'CAMERA_3']","{'CAMERA_1': ['optical_zoom'], 'CAMERA_2': [], 'CAMERA_3': []}",C_ANYTHING_ELSE_AVAILABLE,CAMERA_1,NONE,ok do you have any other cameras,S_INTRODUCES_CAMERA,CAMERA_3,,Let me show you this. Here we have the Canon EOS 5D Mark III.,39~60
691,6,CAMERA_3,"['CAMERA_1', 'CAMERA_3']","{'CAMERA_1': ['optical_zoom'], 'CAMERA_2': [], 'CAMERA_3': ['weight']}",C_SILENT_OR_BACKCHANNEL,CAMERA_3,NONE,okay,S_INTRODUCES_FEATURE,CAMERA_3,weight,This one weighs 950 grams (only body).,16~37
691,7,CAMERA_3,"['CAMERA_1', 'CAMERA_3']","{'CAMERA_1': ['optical_zoom'], 'CAMERA_2': [], 'CAMERA_3': ['weight', 'autofocus_points']}",C_QUESTION_ABOUT_FEATURE,CAMERA_3,autofocus_points,how many autofocus points does it have,S_ANSWERS_QUESTION_ABOUT_FEATURE,CAMERA_3,autofocus_points,This one has 61 autofocus points.,13~32
691,8,CAMERA_3,"['CAMERA_1', 'CAMERA_3']","{'CAMERA_1': ['optical_zoom'], 'CAMERA_2': [], 'CAMERA_3': ['weight', 'autofocus_points', 'sensor_size']}",C_SILENT_OR_BACKCHANNEL,CAMERA_3,NONE,alright,S_INTRODUCES_FEATURE,CAMERA_3,sensor_size,This one has a full frame.,15~25
691,9,CAMERA_3,"['CAMERA_1', 'CAMERA_3']","{'CAMERA_1': ['optical_zoom'], 'CAMERA_2': [], 'CAMERA_3': ['weight', 'autofocus_points', 'sensor_size', 'camera_type']}",C_QUESTION_ABOUT_FEATURE,CAMERA_3,camera_type,what kind of camera is this,S_ANSWERS_QUESTION_ABOUT_FEATURE,CAMERA_3,camera_type,This is a DSLR camera.,10~14
691,10,CAMERA_3,"['CAMERA_1', 'CAMERA_3']","{'CAMERA_1': ['optical_zoom'], 'CAMERA_2': [], 'CAMERA_3': ['weight', 'autofocus_points', 'sensor_size', 'camera_type', 'settings']}",C_QUESTION_ABOUT_FEATURE,CAMERA_3,settings,what kind of settings does it have,S_ANSWERS_QUESTION_ABOUT_FEATURE,CAMERA_3,settings,This one has full manual control.,13~32
691,11,CAMERA_3,"['CAMERA_1', 'CAMERA_3']","{'CAMERA_1': ['optical_zoom'], 'CAMERA_2': [], 'CAMERA_3': ['weight', 'autofocus_points', 'sensor_size', 'camera_type', 'settings', 'long_exposure']}",C_SILENT_OR_BACKCHANNEL,CAMERA_3,NONE,alright,S_INTRODUCES_FEATURE,CAMERA_3,long_exposure,"This one can take long exposures up to up to 30 seconds, bulb mode: expose as long as you want.",39~94
691,12,CAMERA_2,"['CAMERA_1', 'CAMERA_3', 'CAMERA_2']","{'CAMERA_1': ['optical_zoom'], 'CAMERA_2': [], 'CAMERA_3': ['weight', 'autofocus_points', 'sensor_size', 'camera_type', 'settings', 'long_exposure']}",C_ANYTHING_ELSE_AVAILABLE,CAMERA_3,NONE,ok do you have any other cameras,S_INTRODUCES_CAMERA,CAMERA_2,,Let me show you this. Here we have the Sony Alpha a6000.,39~55
691,13,CAMERA_2,"['CAMERA_1', 'CAMERA_3', 'CAMERA_2']","{'CAMERA_1': ['optical_zoom'], 'CAMERA_2': ['preset_modes'], 'CAMERA_3': ['weight', 'autofocus_points', 'sensor_size', 'camera_type', 'settings', 'long_exposure']}",C_QUESTION_ABOUT_FEATURE,CAMERA_2,preset_modes,does it have preset modes,S_ANSWERS_QUESTION_ABOUT_FEATURE,CAMERA_2,preset_modes,"This one has 9 preset modes (e.g. beach, snow, night, portrait).",13~63
691,14,CAMERA_2,"['CAMERA_1', 'CAMERA_3', 'CAMERA_2']","{'CAMERA_1': ['optical_zoom'], 'CAMERA_2': ['preset_modes', 'camera_type'], 'CAMERA_3': ['weight', 'autofocus_points', 'sensor_size', 'camera_type', 'settings', 'long_exposure']}",C_QUESTION_ABOUT_FEATURE,CAMERA_2,camera_type,what kind of camera is this,S_ANSWERS_QUESTION_ABOUT_FEATURE,CAMERA_2,camera_type,This is a mirrorless camera.,10~20
691,15,,"['CAMERA_1', 'CAMERA_3', 'CAMERA_2']","{'CAMERA_1': ['optical_zoom'], 'CAMERA_2': ['preset_modes', 'camera_type'], 'CAMERA_3': ['weight', 'autofocus_points', 'sensor_size', 'camera_type', 'settings', 'long_exposure']}",C_ANYTHING_ELSE_AVAILABLE,CAMERA_2,NONE,ok do you have any other cameras,S_THATS_ALL_WE_HAVE_AVAILABLE,CAMERA_2,,That’s all we have available at the moment.,
691,16,NONE,"['CAMERA_1', 'CAMERA_3', 'CAMERA_2']","{'CAMERA_1': ['optical_zoom'], 'CAMERA_2': ['preset_modes', 'camera_type'], 'CAMERA_3': ['weight', 'autofocus_points', 'sensor_size', 'camera_type', 'settings', 'long_exposure']}",C_THANK_YOU,CAMERA_2,NONE,thank you for your help,S_THANK_YOU,CAMERA_2,NONE,thank you very much,
691,17,NONE,"['CAMERA_1', 'CAMERA_3', 'CAMERA_2']","{'CAMERA_1': ['optical_zoom'], 'CAMERA_2': ['preset_modes', 'camera_type'], 'CAMERA_3': ['weight', 'autofocus_points', 'sensor_size', 'camera_type', 'settings', 'long_exposure']}",C_LEAVES,DOOR,NONE,,S_RETURNS_TO_COUNTER,SERVICE_COUNTER,NONE,,
692,1,NONE,[],"{'CAMERA_1': [], 'CAMERA_2': [], 'CAMERA_3': []}",C_ENTERS,DOOR,NONE,,S_NONE,SERVICE_COUNTER,NONE,,
692,2,NONE,[],"{'CAMERA_1': [], 'CAMERA_2': [], 'CAMERA_3': []}",C_WALKS_TO_CAMERA,CAMERA_2,NONE,,S_GREETS,CAMERA_2,NONE,can I help you?,
692,3,CAMERA_2,['CAMERA_2'],"{'CAMERA_1': [], 'CAMERA_2': [], 'CAMERA_3': []}",C_LOOKING_FOR_A_CAMERA,CAMERA_2,NONE,I'm looking for a camera,S_INTRODUCES_CAMERA,CAMERA_2,,Let me show you this. Here we have the Sony Alpha a6000.,39~55
692,4,CAMERA_2,['CAMERA_2'],"{'CAMERA_1': [], 'CAMERA_2': ['autofocus_points'], 'CAMERA_3': []}",C_SILENT_OR_BACKCHANNEL,CAMERA_2,NONE,alright,S_INTRODUCES_FEATURE,CAMERA_2,autofocus_points,This one has 179 autofocus points.,13~33
692,5,CAMERA_2,['CAMERA_2'],"{'CAMERA_1': [], 'CAMERA_2': ['autofocus_points', 'sensor_size'], 'CAMERA_3': []}",C_QUESTION_ABOUT_FEATURE,CAMERA_2,sensor_size,what is the sensor size,S_ANSWERS_QUESTION_ABOUT_FEATURE,CAMERA_2,sensor_size,This one has a APS-C sensor (crop sensor).,15~41
692,6,CAMERA_2,['CAMERA_2'],"{'CAMERA_1': [], 'CAMERA_2': ['autofocus_points', 'sensor_size', 'resolution'], 'CAMERA_3': []}",C_QUESTION_ABOUT_FEATURE,CAMERA_2,resolution,what is the resolution,S_NOT_SURE,CAMERA_2,,I'm not really sure about that,
692,7,CAMERA_2,['CAMERA_2'],"{'CAMERA_1': [], 'CAMERA_2': ['autofocus_points', 'sensor_size', 'resolution', 'preset_modes'], 'CAMERA_3': []}",C_QUESTION_ABOUT_FEATURE,CAMERA_2,preset_modes,does it have preset modes,S_ANSWERS_QUESTION_ABOUT_FEATURE,CAMERA_2,preset_modes,"This one has 9 preset modes (e.g. beach, snow, night, portrait).",13~63
692,8,CAMERA_2,['CAMERA_2'],"{'CAMERA_1': [], 'CAMERA_2': ['autofocus_points', 'sensor_size', 'resolution', 'preset_modes', 'effects'], 'CAMERA_3': []}",C_QUESTION_ABOUT_FEATURE,CAMERA_2,effects,does it have any effect modes,S_ANSWERS_QUESTION_ABOUT_FEATURE,CAMERA_2,effects,"This one has 13 artistic effect modes (e.g. toy camera, soft focus).",13~67
692,9,CAMERA_2,['CAMERA_2'],"{'CAMERA_1': [], 'CAMERA_2': ['autofocus_points', 'sensor_size', 'resolution', 'preset_modes', 'effects', 'long_exposure'], 'CAMERA_3': []}",C_QUESTION_ABOUT_FEATURE,CAMERA_2,long_exposure,can it take long exposure shots,S_ANSWERS_QUESTION_ABOUT_FEATURE,CAMERA_2,long_exposure,This one can take long exposures up to up to 30 seconds.,39~55
692,10,CAMERA_2,['CAMERA_2'],"{'CAMERA_1': [], 'CAMERA_2': ['autofocus_points', 'sensor_size', 'resolution', 'preset_modes', 'effects', 'long_exposure', 'optical_zoom'], 'CAMERA_3': []}",C_QUESTION_ABOUT_FEATURE,CAMERA_2,optical_zoom,does it have optical zoom,S_NOT_SURE,CAMERA_2,,I'm not really sure about that,
692,11,CAMERA_2,['CAMERA_2'],"{'CAMERA_1': [], 'CAMERA_2': ['autofocus_points', 'sensor_size', 'resolution', 'preset_modes', 'effects', 'long_exposure', 'optical_zoom', 'camera_type'], 'CAMERA_3': []}",C_QUESTION_ABOUT_FEATURE,CAMERA_2,camera_type,what kind of camera is this,S_ANSWERS_QUESTION_ABOUT_FEATURE,CAMERA_2,camera_type,This is a mirrorless camera.,10~20
692,12,CAMERA_3,"['CAMERA_2', 'CAMERA_3']","{'CAMERA_1': [], 'CAMERA_2': ['autofocus_points', 'sensor_size', 'resolution', 'preset_modes', 'effects', 'long_exposure', 'optical_zoom', 'camera_type'], 'CAMERA_3': []}",C_ANYTHING_ELSE_AVAILABLE,CAMERA_2,NONE,ok do you have any other cameras,S_INTRODUCES_CAMERA,CAMERA_3,,Let me show you this. Here we have the Canon EOS 5D Mark III.,39~60
692,13,CAMERA_3,"['CAMERA_2', 'CAMERA_3']","{'CAMERA_1': [], 'CAMERA_2': ['autofocus_points', 'sensor_size', 'resolution', 'preset_modes', 'effects', 'long_exposure', 'optical_zoom', 'camera_type'], 'CAMERA_3': ['long_exposure']}",C_SILENT_OR_BACKCHANNEL,CAMERA_3,NONE,alright,S_INTRODUCES_FEATURE,CAMERA_3,long_exposure,"This one can take long exposures up to up to 30 seconds, bulb mode: expose as long as you want.",39~94
692,14,CAMERA_3,"['CAMERA_2', 'CAMERA_3']","{'CAMERA_1': [], 'CAMERA_2': ['autofocus_points', 'sensor_size', 'resolution', 'preset_modes', 'effects', 'long_exposure', 'optical_zoom', 'camera_type'], 'CAMERA_3': ['long_exposure', 'preset_modes']}",C_QUESTION_ABOUT_FEATURE,CAMERA_3,preset_modes,does it have preset modes,S_NOT_SURE,CAMERA_3,,I'm not really sure about that,
692,15,CAMERA_3,"['CAMERA_2', 'CAMERA_3']","{'CAMERA_1': [], 'CAMERA_2': ['autofocus_points', 'sensor_size', 'resolution', 'preset_modes', 'effects', 'long_exposure', 'optical_zoom', 'camera_type'], 'CAMERA_3': ['long_exposure', 'preset_modes', 'settings']}",C_SILENT_OR_BACKCHANNEL,CAMERA_3,NONE,alright,S_INTRODUCES_FEATURE,CAMERA_3,settings,This one has full manual control.,13~32
692,16,NONE,"['CAMERA_2', 'CAMERA_3']","{'CAMERA_1': [], 'CAMERA_2': ['autofocus_points', 'sensor_size', 'resolution', 'preset_modes', 'effects', 'long_exposure', 'optical_zoom', 'camera_type'], 'CAMERA_3': ['long_exposure', 'preset_modes', 'settings']}",C_THANK_YOU,CAMERA_3,NONE,thank you for your help,S_THANK_YOU,CAMERA_3,NONE,thank you very much,
692,17,NONE,"['CAMERA_2', 'CAMERA_3']","{'CAMERA_1': [], 'CAMERA_2': ['autofocus_points', 'sensor_size', 'resolution', 'preset_modes', 'effects', 'long_exposure', 'optical_zoom', 'camera_type'], 'CAMERA_3': ['long_exposure', 'preset_modes', 'settings']}",C_LEAVES,DOOR,NONE,,S_RETURNS_TO_COUNTER,SERVICE_COUNTER,NONE,,
693,1,NONE,[],"{'CAMERA_1': [], 'CAMERA_2': [], 'CAMERA_3': []}",C_ENTERS,DOOR,NONE,,S_NONE,SERVICE_COUNTER,NONE,,
693,2,NONE,[],"{'CAMERA_1': [], 'CAMERA_2': [], 'CAMERA_3': []}",C_GREETS,MIDDLE,NONE,hello,S_GREETS,MIDDLE,NONE,can I help you?,
693,3,CAMERA_2,['CAMERA_2'],"{'CAMERA_1': [], 'CAMERA_2': [], 'CAMERA_3': []}",C_LOOKING_FOR_A_CAMERA,MIDDLE,NONE,I'm looking for a camera,S_INTRODUCES_CAMERA,CAMERA_2,,Let me show you this. Here we have the Sony Alpha a6000.,39~55
693,4,CAMERA_2,['CAMERA_2'],"{'CAMERA_1': [], 'CAMERA_2': ['preset_modes'], 'CAMERA_3': []}",C_QUESTION_ABOUT_FEATURE,CAMERA_2,preset_modes,does it have preset modes,S_ANSWERS_QUESTION_ABOUT_FEATURE,CAMERA_2,preset_modes,"This one has 9 preset modes (e.g. beach, snow, night, portrait).",13~63
693,5,CAMERA_2,['CAMERA_2'],"{'CAMERA_1': [], 'CAMERA_2': ['preset_modes', 'resolution'], 'CAMERA_3': []}",C_QUESTION_ABOUT_FEATURE,CAMERA_2,resolution,what is the resolution,S_NOT_SURE,CAMERA_2,,I'm not really sure about that,
693,6,CAMERA_2,['CAMERA_2'],"{'CAMERA_1': [], 'CAMERA_2': ['preset_modes', 'resolution', 'optical_zoom'], 'CAMERA_3': []}",C_QUESTION_ABOUT_FEATURE,CAMERA_2,optical_zoom,does it have optical zoom,S_NOT_SURE,CAMERA_2,,I'm not really sure about that,
693,7,CAMERA_2,['CAMERA_2'],"{'CAMERA_1': [], 'CAMERA_2': ['preset_modes', 'resolution', 'optical_zoom', 'camera_type'], 'CAMERA_3': []}",C_SILENT_OR_BACKCHANNEL,CAMERA_2,NONE,alright,S_INTRODUCES_FEATURE,CAMERA_2,camera_type,This is a mirrorless camera.,10~20
693,8,CAMERA_2,['CAMERA_2'],"{'CAMERA_1': [], 'CAMERA_2': ['preset_modes', 'resolution', 'optical_zoom', 'camera_type', 'ISO'], 'CAMERA_3': []}",C_SILENT_OR_BACKCHANNEL,CAMERA_2,NONE,alright,S_INTRODUCES_FEATURE,CAMERA_2,ISO,This one has up to 3200 ISO with little noise.,13~45
693,9,CAMERA_2,['CAMERA_2'],"{'CAMERA_1': [], 'CAMERA_2': ['preset_modes', 'resolution', 'optical_zoom', 'camera_type', 'ISO', 'long_exposure'], 'CAMERA_3': []}",C_QUESTION_ABOUT_FEATURE,CAMERA_2,long_exposure,can it take long exposure shots,S_ANSWERS_QUESTION_ABOUT_FEATURE,CAMERA_2,long_exposure,This one can take long exposures up to up to 30 seconds.,39~55
693,10,CAMERA_2,['CAMERA_2'],"{'CAMERA_1': [], 'CAMERA_2': ['preset_modes', 'resolution', 'optical_zoom', 'camera_type', 'ISO', 'long_exposure', 'price'], 'CAMERA_3': []}",C_SILENT_OR_BACKCHANNEL,CAMERA_2,NONE,alright,S_INTRODUCES_FEATURE,CAMERA_2,price,This one costs $1341.,15~20
693,11,CAMERA_2,['CAMERA_2'],"{'CAMERA_1': [], 'CAMERA_2': ['preset_modes', 'resolution', 'optical_zoom', 'camera_type', 'ISO', 'long_exposure', 'price', 'color'], 'CAMERA_3': []}",C_SILENT_OR_BACKCHANNEL,CAMERA_2,NONE,I see,S_INTRODUCES_FEATURE,CAMERA_2,color,"This one comes in white, silver, black.",18~38
693,12,CAMERA_1,"['CAMERA_2', 'CAMERA_1']","{'CAMERA_1': [], 'CAMERA_2': ['preset_modes', 'resolution', 'optical_zoom', 'camera_type', 'ISO', 'long_exposure', 'price', 'color'], 'CAMERA_3': []}",C_ANYTHING_ELSE_AVAILABLE,CAMERA_2,NONE,ok do you have any other cameras,S_INTRODUCES_CAMERA,CAMERA_1,,Let me show you this. Here we have the Nikon Coolpix S2800.,39~58
693,13,CAMERA_1,"['CAMERA_2', 'CAMERA_1']","{'CAMERA_1': ['autofocus_points'], 'CAMERA_2': ['preset_modes', 'resolution', 'optical_zoom', 'camera_type', 'ISO', 'long_exposure', 'price', 'color'], 'CAMERA_3': []}",C_QUESTION_ABOUT_FEATURE,CAMERA_1,autofocus_points,how many autofocus points does it have,S_NOT_SURE,CAMERA_1,,I'm not really sure about that,
693,14,CAMERA_1,"['CAMERA_2', 'CAMERA_1']","{'CAMERA_1': ['autofocus_points', 'ISO'], 'CAMERA_2': ['preset_modes', 'resolution', 'optical_zoom', 'camera_type', 'ISO', 'long_exposure', 'price', 'color'], 'CAMERA_3': []}",C_QUESTION_ABOUT_FEATURE,CAMERA_1,ISO,what is the ISO,S_NOT_SURE,CAMERA_1,,I'm not really sure about that,
693,15,CAMERA_1,"['CAMERA_2', 'CAMERA_1']","{'CAMERA_1': ['autofocus_points', 'ISO', 'settings'], 'CAMERA_2': ['preset_modes', 'resolution', 'optical_zoom', 'camera_type', 'ISO', 'long_exposure', 'price', 'color'], 'CAMERA_3': []}",C_SILENT_OR_BACKCHANNEL,CAMERA_1,NONE,alright,S_INTRODUCES_FEATURE,CAMERA_1,settings,This one has limited manual settings.,13~36
693,16,CAMERA_1,"['CAMERA_2', 'CAMERA_1']","{'CAMERA_1': ['autofocus_points', 'ISO', 'settings', 'effects'], 'CAMERA_2': ['preset_modes', 'resolution', 'optical_zoom', 'camera_type', 'ISO', 'long_exposure', 'price', 'color'], 'CAMERA_3': []}",C_SILENT_OR_BACKCHANNEL,CAMERA_1,NONE,alright,S_INTRODUCES_FEATURE,CAMERA_1,effects,"This one has 12 glamor retouch effects (e.g. skin softening, small face, big eyes).",13~82
693,17,CAMERA_1,"['CAMERA_2', 'CAMERA_1']","{'CAMERA_1': ['autofocus_points', 'ISO', 'settings', 'effects', 'resolution'], 'CAMERA_2': ['preset_modes', 'resolution', 'optical_zoom', 'camera_type', 'ISO', 'long_exposure', 'price', 'color'], 'CAMERA_3': []}",C_SILENT_OR_BACKCHANNEL,CAMERA_1,NONE,okay,S_INTRODUCES_FEATURE,CAMERA_1,resolution,This one has 20.1 megapixels resolution.,13~28
693,18,CAMERA_1,"['CAMERA_2', 'CAMERA_1']","{'CAMERA_1': ['autofocus_points', 'ISO', 'settings', 'effects', 'resolution', 'weight'], 'CAMERA_2': ['preset_modes', 'resolution', 'optical_zoom', 'camera_type', 'ISO', 'long_exposure', 'price', 'color'], 'CAMERA_3': []}",C_SILENT_OR_BACKCHANNEL,CAMERA_1,NONE,okay,S_INTRODUCES_FEATURE,CAMERA_1,weight,This one weighs 120 grams.,16~25
693,19,CAMERA_1,"['CAMERA_2', 'CAMERA_1']","{'CAMERA_1': ['autofocus_points', 'ISO', 'settings', 'effects', 'resolution', 'weight', 'preset_modes'], 'CAMERA_2': ['preset_modes', 'resolution', 'optical_zoom', 'camera_type', 'ISO', 'long_exposure', 'price', 'color'], 'CAMERA_3': []}",C_QUESTION_ABOUT_FEATURE,CAMERA_1,preset_modes,does it have preset modes,S_ANSWERS_QUESTION_ABOUT_FEATURE,CAMERA_1,preset_modes,"This one has 18 preset modes (e.g. beach, snow, night portrait).",13~63
693,20,CAMERA_1,"['CAMERA_2', 'CAMERA_1']","{'CAMERA_1': ['autofocus_points', 'ISO', 'settings', 'effects', 'resolution', 'weight', 'preset_modes', 'camera_type'], 'CAMERA_2': ['preset_modes', 'resolution', 'optical_zoom', 'camera_type', 'ISO', 'long_exposure', 'price', 'color'], 'CAMERA_3': []}",C_SILENT_OR_BACKCHANNEL,CAMERA_1,NONE,okay,S_INTRODUCES_FEATURE,CAMERA_1,camera_type,This is a point and shoot camera.,10~25
693,21,NONE,"['CAMERA_2', 'CAMERA_1']","{'CAMERA_1': ['autofocus_points', 'ISO', 'settings', 'effects', 'resolution', 'weight', 'preset_modes', 'camera_type'], 'CAMERA_2': ['preset_modes', 'resolution', 'optical_zoom', 'camera_type', 'ISO', 'long_exposure', 'price', 'color'], 'CAMERA_3': []}",C_THANK_YOU,CAMERA_1,NONE,thank you for your help,S_THANK_YOU,CAMERA_1,NONE,thank you very much,
693,22,NONE,"['CAMERA_2', 'CAMERA_1']","{'CAMERA_1': ['autofocus_points', 'ISO', 'settings', 'effects', 'resolution', 'weight', 'preset_modes', 'camera_type'], 'CAMERA_2': ['preset_modes', 'resolution', 'optical_zoom', 'camera_type', 'ISO', 'long_exposure', 'price', 'color'], 'CAMERA_3': []}",C_LEAVES,DOOR,NONE,,S_RETURNS_TO_COUNTER,SERVICE_COUNTER,NONE,,
694,1,NONE,[],"{'CAMERA_1': [], 'CAMERA_2': [], 'CAMERA_3': []}",C_ENTERS,DOOR,NONE,,S_NONE,SERVICE_COUNTER,NONE,,
694,2,NONE,[],"{'CAMERA_1': [], 'CAMERA_2': [], 'CAMERA_3': []}",C_GREETS,MIDDLE,NONE,hello,S_GREETS,MIDDLE,NONE,can I help you?,
694,3,CAMERA_1,['CAMERA_1'],"{'CAMERA_1': [], 'CAMERA_2': [], 'CAMERA_3': []}",C_LOOKING_FOR_A_CAMERA,MIDDLE,NONE,I'm looking for a camera,S_INTRODUCES_CAMERA,CAMERA_1,,Let me show you this. Here we have the Nikon Coolpix S2800.,39~58
694,4,CAMERA_1,['CAMERA_1'],"{'CAMERA_1': ['optical_zoom'], 'CAMERA_2': [], 'CAMERA_3': []}",C_SILENT_OR_BACKCHANNEL,CAMERA_1,NONE,I see,S_INTRODUCES_FEATURE,CAMERA_1,optical_zoom,This one has 5x optical zoom.,13~28
694,5,CAMERA_1,['CAMERA_1'],"{'CAMERA_1': ['optical_zoom', 'camera_type'], 'CAMERA_2': [], 'CAMERA_3': []}",C_SILENT_OR_BACKCHANNEL,CAMERA_1,NONE,alright,S_INTRODUCES_FEATURE,CAMERA_1,camera_type,This is a point and shoot camera.,10~25
694,6,CAMERA_1,['CAMERA_1'],"{'CAMERA_1': ['optical_zoom', 'camera_type', 'weight'], 'CAMERA_2': [], 'CAMERA_3': []}",C_QUESTION_ABOUT_FEATURE,CAMERA_1,weight,how much does this one weigh,S_ANSWERS_QUESTION_ABOUT_FEATURE,CAMERA_1,weight,This one weighs 120 grams.,16~25
694,7,CAMERA_1,['CAMERA_1'],"{'CAMERA_1': ['optical_zoom', 'camera_type', 'weight', 'price'], 'CAMERA_2': [], 'CAMERA_3': []}",C_QUESTION_ABOUT_FEATURE,CAMERA_1,price,how much does it cost,S_ANSWERS_QUESTION_ABOUT_FEATURE,CAMERA_1,price,This one costs $2173.,15~20
694,8,CAMERA_1,['CAMERA_1'],"{'CAMERA_1': ['optical_zoom', 'camera_type', 'weight', 'price', 'resolution'], 'CAMERA_2': [], 'CAMERA_3': []}",C_QUESTION_ABOUT_FEATURE,CAMERA_1,resolution,what is the resolution,S_ANSWERS_QUESTION_ABOUT_FEATURE,CAMERA_1,resolution,This one has 20.1 megapixels resolution.,13~28
694,9,CAMERA_1,['CAMERA_1'],"{'CAMERA_1': ['optical_zoom', 'camera_type', 'weight', 'price', 'resolution', 'color'], 'CAMERA_2': [], 'CAMERA_3': []}",C_SILENT_OR_BACKCHANNEL,CAMERA_1,NONE,alright,S_INTRODUCES_FEATURE,CAMERA_1,color,"This one comes in purple, pink, black, silver, red.",18~50
694,10,NONE,['CAMERA_1'],"{'CAMERA_1': ['optical_zoom', 'camera_type', 'weight', 'price', 'resolution', 'color'], 'CAMERA_2': [], 'CAMERA_3': []}",C_THANK_YOU,CAMERA_1,NONE,thank you for your help,S_THANK_YOU,CAMERA_1,NONE,thank you very much,
694,11,NONE,['CAMERA_1'],"{'CAMERA_1': ['optical_zoom', 'camera_type', 'weight', 'price', 'resolution', 'color'], 'CAMERA_2': [], 'CAMERA_3': []}",C_LEAVES,DOOR,NONE,,S_RETURNS_TO_COUNTER,SERVICE_COUNTER,NONE,,
695,1,NONE,[],"{'CAMERA_1': [], 'CAMERA_2': [], 'CAMERA_3': []}",C_ENTERS,DOOR,NONE,,S_NONE,SERVICE_COUNTER,NONE,,
695,2,NONE,[],"{'CAMERA_1': [], 'CAMERA_2': [], 'CAMERA_3': []}",C_WALKS_TO_CAMERA,CAMERA_1,NONE,,S_GREETS,CAMERA_1,NONE,can I help you?,
695,3,CAMERA_3,['CAMERA_3'],"{'CAMERA_1': [], 'CAMERA_2': [], 'CAMERA_3': []}",C_LOOKING_FOR_A_CAMERA,CAMERA_1,NONE,I'm looking for a camera,S_INTRODUCES_CAMERA,CAMERA_3,,Let me show you this. Here we have the Canon EOS 5D Mark III.,39~60
695,4,CAMERA_3,['CAMERA_3'],"{'CAMERA_1': [], 'CAMERA_2': [], 'CAMERA_3': ['preset_modes']}",C_QUESTION_ABOUT_FEATURE,CAMERA_3,preset_modes,does it have preset modes,S_NOT_SURE,CAMERA_3,,I'm not really sure about that,
695,5,CAMERA_3,['CAMERA_3'],"{'CAMERA_1': [], 'CAMERA_2': [], 'CAMERA_3': ['preset_modes', 'optical_zoom']}",C_QUESTION_ABOUT_FEATURE,CAMERA_3,optical_zoom,does it have optical zoom,S_NOT_SURE,CAMERA_3,,I'm not really sure about that,
695,6,CAMERA_3,['CAMERA_3'],"{'CAMERA_1': [], 'CAMERA_2': [], 'CAMERA_3': ['preset_modes', 'optical_zoom', 'settings']}",C_QUESTION_ABOUT_FEATURE,CAMERA_3,settings,what kind of settings does it have,S_ANSWERS_QUESTION_ABOUT_FEATURE,CAMERA_3,settings,This one has full manual control.,13~32
695,7,NONE,['CAMERA_3'],"{'CAMERA_1': [], 'CAMERA_2': [], 'CAMERA_3': ['preset_modes', 'optical_zoom', 'settings']}",C_THANK_YOU,CAMERA_3,NONE,thank you for your help,S_THANK_YOU,CAMERA_3,NONE,thank you very much,
695,8,NONE,['CAMERA_3'],"{'CAMERA_1': [], 'CAMERA_2': [], 'CAMERA_3': ['preset_modes', 'optical_zoom', 'settings']}",C_LEAVES,DOOR,NONE,,S_RETURNS_TO_COUNTER,SERVICE_COUNTER,NONE,,
696,1,NONE,[],"{'CAMERA_1': [], 'CAMERA_2': [], 'CAMERA_3': []}",C_ENTERS,DOOR,NONE,,S_NONE,SERVICE_COUNTER,NONE,,
696,2,NONE,[],"{'CAMERA_1': [], 'CAMERA_2': [], 'CAMERA_3': []}",C_WALKS_TO_CAMERA,CAMERA_1,NONE,,S_GREETS,CAMERA_1,NONE,can I help you?,
696,3,CAMERA_1,['CAMERA_1'],"{'CAMERA_1': [], 'CAMERA_2': [], 'CAMERA_3': []}",C_LOOKING_FOR_A_CAMERA,CAMERA_1,NONE,I'm looking for a camera,S_INTRODUCES_CAMERA,CAMERA_1,,Let me show you this. Here we have the Nikon Coolpix S2800.,39~58
696,4,CAMERA_1,['CAMERA_1'],"{'CAMERA_1': ['price'], 'CAMERA_2': [], 'CAMERA_3': []}",C_QUESTION_ABOUT_FEATURE,CAMERA_1,price,how much does it cost,S_ANSWERS_QUESTION_ABOUT_FEATURE,CAMERA_1,price,This one costs $2173.,15~20
696,5,CAMERA_1,['CAMERA_1'],"{'CAMERA_1': ['price', 'camera_type'], 'CAMERA_2': [], 'CAMERA_3': []}",C_QUESTION_ABOUT_FEATURE,CAMERA_1,camera_type,what kind of camera is this,S_ANSWERS_QUESTION_ABOUT_FEATURE,CAMERA_1,camera_type,This is a point and shoot camera.,10~25
696,6,NONE,['CAMERA_1'],"{'CAMERA_1': ['price', 'camera_type'], 'CAMERA_2': [], 'CAMERA_3': []}",C_THANK_YOU,CAMERA_1,NONE,thank you for your help,S_THANK_YOU,CAMERA_1,NONE,thank you very much,
696,7,NONE,['CAMERA_1'],"{'CAMERA_1': ['price', 'camera_type'], 'CAMERA_2': [], 'CAMERA_3': []}",C_LEAVES,DOOR,NONE,,S_RETURNS_TO_COUNTER,SERVICE_COUNTER,NONE,,
697,1,NONE,[],"{'CAMERA_1': [], 'CAMERA_2': [], 'CAMERA_3': []}",C_ENTERS,DOOR,NONE,,S_NONE,SERVICE_COUNTER,NONE,,
697,2,NONE,[],"{'CAMERA_1': [], 'CAMERA_2': [], 'CAMERA_3': []}",C_GREETS,MIDDLE,NONE,hello,S_GREETS,MIDDLE,NONE,can I help you?,
697,3,CAMERA_2,['CAMERA_2'],"{'CAMERA_1': [], 'CAMERA_2': [], 'CAMERA_3': []}",C_LOOKING_FOR_A_CAMERA,MIDDLE,NONE,I'm looking for a camera,S_INTRODUCES_CAMERA,CAMERA_2,,Let me show you this. Here we have the Sony Alpha a6000.,39~55
697,4,CAMERA_2,['CAMERA_2'],"{'CAMERA_1': [], 'CAMERA_2': ['ISO'], 'CAMERA_3': []}",C_QUESTION_ABOUT_FEATURE,CAMERA_2,ISO,what is the ISO,S_ANSWERS_QUESTION_ABOUT_FEATURE,CAMERA_2,ISO,This one has up to 3200 ISO with little noise.,13~45
697,5,CAMERA_2,['CAMERA_2'],"{'CAMERA_1': [], 'CAMERA_2': ['ISO', 'weight'], 'CAMERA_3': []}",C_QUESTION_ABOUT_FEATURE,CAMERA_2,weight,how much does this one weigh,S_ANSWERS_QUESTION_ABOUT_FEATURE,CAMERA_2,weight,This one weighs 470 grams.,16~25
697,6,NONE,['CAMERA_2'],"{'CAMERA_1': [], 'CAMERA_2': ['ISO', 'weight'], 'CAMERA_3': []}",C_THANK_YOU,CAMERA_2,NONE,thank you for your help,S_THANK_YOU,CAMERA_2,NONE,thank you very much,
697,7,NONE,['CAMERA_2'],"{'CAMERA_1': [], 'CAMERA_2': ['ISO', 'weight'], 'CAMERA_3': []}",C_LEAVES,DOOR,NONE,,S_RETURNS_TO_COUNTER,SERVICE_COUNTER,NONE,,
698,1,NONE,[],"{'CAMERA_1': [], 'CAMERA_2': [], 'CAMERA_3': []}",C_ENTERS,DOOR,NONE,,S_NONE,SERVICE_COUNTER,NONE,,
698,2,NONE,[],"{'CAMERA_1': [], 'CAMERA_2': [], 'CAMERA_3': []}",C_WALKS_TO_CAMERA,CAMERA_3,NONE,,S_GREETS,CAMERA_3,NONE,can I help you?,
698,3,CAMERA_3,['CAMERA_3'],"{'CAMERA_1': [], 'CAMERA_2': [], 'CAMERA_3': []}",C_LOOKING_FOR_A_CAMERA,CAMERA_3,NONE,I'm looking for a camera,S_INTRODUCES_CAMERA,CAMERA_3,,Let me show you this. Here we have the Canon EOS 5D Mark III.,39~60
698,4,CAMERA_3,['CAMERA_3'],"{'CAMERA_1': [], 'CAMERA_2': [], 'CAMERA_3': ['long_exposure']}",C_QUESTION_ABOUT_FEATURE,CAMERA_3,long_exposure,can it take long exposure shots,S_ANSWERS_QUESTION_ABOUT_FEATURE,CAMERA_3,long_exposure,"This one can take long exposures up to up to 30 seconds, bulb mode: expose as long as you want.",39~94
698,5,CAMERA_2,"['CAMERA_3', 'CAMERA_2']","{'CAMERA_1': [], 'CAMERA_2': [], 'CAMERA_3': ['long_exposure']}",C_ANYTHING_ELSE_AVAILABLE,CAMERA_3,NONE,ok do you have any other cameras,S_INTRODUCES_CAMERA,CAMERA_2,,Let me show you this. Here we have the Sony Alpha a6000.,39~55
698,6,CAMERA_2,"['CAMERA_3', 'CAMERA_2']","{'CAMERA_1': [], 'CAMERA_2': ['weight'], 'CAMERA_3': ['long_exposure']}",C_QUESTION_ABOUT_FEATURE,CAMERA_2,weight,how much does this one weigh,S_ANSWERS_QUESTION_ABOUT_FEATURE,CAMERA_2,weight,This one weighs 470 grams.,16~25
698,7,CAMERA_2,"['CAMERA_3', 'CAMERA_2']","{'CAMERA_1': [], 'CAMERA_2': ['weight', 'optical_zoom'], 'CAMERA_3': ['long_exposure']}",C_QUESTION_ABOUT_FEATURE,CAMERA_2,optical_zoom,does it have optical zoom,S_NOT_SURE,CAMERA_2,,I'm not really sure about that,
698,8,CAMERA_2,"['CAMERA_3', 'CAMERA_2']","{'CAMERA_1': [], 'CAMERA_2': ['weight', 'optical_zoom', 'autofocus_points'], 'CAMERA_3': ['long_exposure']}",C_SILENT_OR_BACKCHANNEL,CAMERA_2,NONE,alright,S_INTRODUCES_FEATURE,CAMERA_2,autofocus_points,This one has 179 autofocus points.,13~33
698,9,CAMERA_1,"['CAMERA_3', 'CAMERA_2', 'CAMERA_1']","{'CAMERA_1': [], 'CAMERA_2': ['weight', 'optical_zoom', 'autofocus_points'], 'CAMERA_3': ['long_exposure']}",C_ANYTHING_ELSE_AVAILABLE,CAMERA_2,NONE,ok do you have any other cameras,S_INTRODUCES_CAMERA,CAMERA_1,,Let me show you this. Here we have the Nikon Coolpix S2800.,39~58
698,10,CAMERA_1,"['CAMERA_3', 'CAMERA_2', 'CAMERA_1']","{'CAMERA_1': ['price'], 'CAMERA_2': ['weight', 'optical_zoom', 'autofocus_points'], 'CAMERA_3': ['long_exposure']}",C_SILENT_OR_BACKCHANNEL,CAMERA_1,NONE,okay,S_INTRODUCES_FEATURE,CAMERA_1,price,This one costs $2173.,15~20
698,11,NONE,"['CAMERA_3', 'CAMERA_2', 'CAMERA_1']","{'CAMERA_1': ['price'], 'CAMERA_2': ['weight', 'optical_zoom', 'autofocus_points'], 'CAMERA_3': ['long_exposure']}",C_THANK_YOU,CAMERA_1,NONE,thank you for your help,S_THANK_YOU,CAMERA_1,NONE,thank you very much,
698,12,NONE,"['CAMERA_3', 'CAMERA_2', 'CAMERA_1']","{'CAMERA_1': ['price'], 'CAMERA_2': ['weight', 'optical_zoom', 'autofocus_points'], 'CAMERA_3': ['long_exposure']}",C_LEAVES,DOOR,NONE,,S_RETURNS_TO_COUNTER,SERVICE_COUNTER,NONE,,
699,1,NONE,[],"{'CAMERA_1': [], 'CAMERA_2': [], 'CAMERA_3': []}",C_ENTERS,DOOR,NONE,,S_NONE,SERVICE_COUNTER,NONE,,
699,2,NONE,[],"{'CAMERA_1': [], 'CAMERA_2': [], 'CAMERA_3': []}",C_GREETS,MIDDLE,NONE,hello,S_GREETS,MIDDLE,NONE,can I help you?,
699,3,CAMERA_3,['CAMERA_3'],"{'CAMERA_1': [], 'CAMERA_2': [], 'CAMERA_3': []}",C_LOOKING_FOR_A_CAMERA,MIDDLE,NONE,I'm looking for a camera,S_INTRODUCES_CAMERA,CAMERA_3,,Let me show you this. Here we have the Canon EOS 5D Mark III.,39~60
699,4,CAMERA_3,['CAMERA_3'],"{'CAMERA_1': [], 'CAMERA_2': [], 'CAMERA_3': ['optical_zoom']}",C_QUESTION_ABOUT_FEATURE,CAMERA_3,optical_zoom,does it have optical zoom,S_NOT_SURE,CAMERA_3,,I'm not really sure about that,
699,5,CAMERA_3,['CAMERA_3'],"{'CAMERA_1': [], 'CAMERA_2': [], 'CAMERA_3': ['optical_zoom', 'effects']}",C_QUESTION_ABOUT_FEATURE,CAMERA_3,effects,does it have any effect modes,S_NOT_SURE,CAMERA_3,,I'm not really sure about that,
699,6,CAMERA_1,"['CAMERA_3', 'CAMERA_1']","{'CAMERA_1': [], 'CAMERA_2': [], 'CAMERA_3': ['optical_zoom', 'effects']}",C_ANYTHING_ELSE_AVAILABLE,CAMERA_3,NONE,ok do you have any other cameras,S_INTRODUCES_CAMERA,CAMERA_1,,Let me show you this. Here we have the Nikon Coolpix S2800.,39~58
699,7,CAMERA_1,"['CAMERA_3', 'CAMERA_1']","{'CAMERA_1': ['camera_type'], 'CAMERA_2': [], 'CAMERA_3': ['optical_zoom', 'effects']}",C_SILENT_OR_BACKCHANNEL,CAMERA_1,NONE,I see,S_INTRODUCES_FEATURE,CAMERA_1,camera_type,This is a point and shoot camera.,10~25
699,8,CAMERA_1,"['CAMERA_3', 'CAMERA_1']","{'CAMERA_1': ['camera_type', 'price'], 'CAMERA_2': [], 'CAMERA_3': ['optical_zoom', 'effects']}",C_SILENT_OR_BACKCHANNEL,CAMERA_1,NONE,I see,S_INTRODUCES_FEATURE,CAMERA_1,price,This one costs $2173.,15~20
699,9,CAMERA_1,"['CAMERA_3', 'CAMERA_1']","{'CAMERA_1': ['camera_type', 'price', 'weight'], 'CAMERA_2': [], 'CAMERA_3': ['optical_zoom', 'effects']}",C_QUESTION_ABOUT_FEATURE,CAMERA_1,weight,how much does this one weigh,S_ANSWERS_QUESTION_ABOUT_FEATURE,CAMERA_1,weight,This one weighs 120 grams.,16~25
699,10,CAMERA_2,"['CAMERA_3', 'CAMERA_1', 'CAMERA_2']","{'CAMERA_1': ['camera_type', 'price', 'weight'], 'CAMERA_2': [], 'CAMERA_3': ['optical_zoom', 'effects']}",C_ANYTHING_ELSE_AVAILABLE,CAMERA_1,NONE,ok do you have any other cameras,S_INTRODUCES_CAMERA,CAMERA_2,,Let me show you this. Here we have the Sony Alpha a6000.,39~55
699,11,CAMERA_2,"['CAMERA_3', 'CAMERA_1', 'CAMERA_2']","{'CAMERA_1': ['camera_type', 'price', 'weight'], 'CAMERA_2': ['weight'], 'CAMERA_3': ['optical_zoom', 'effects']}",C_SILENT_OR_BACKCHANNEL,CAMERA_2,NONE,I see,S_INTRODUCES_FEATURE,CAMERA_2,weight,This one weighs 470 grams.,16~25
699,12,,"['CAMERA_3', 'CAMERA_1', 'CAMERA_2']","{'CAMERA_1': ['camera_type', 'price', 'weight'], 'CAMERA_2': ['weight'], 'CAMERA_3': ['optical_zoom', 'effects']}",C_ANYTHING_ELSE_AVAILABLE,CAMERA_2,NONE,ok do you have any other cameras,S_THATS_ALL_WE_HAVE_AVAILABLE,CAMERA_2,,That’s all we have available at the moment.,
699,13,NONE,"['CAMERA_3', 'CAMERA_1', 'CAMERA_2']","{'CAMERA_1': ['camera_type', 'price', 'weight'], 'CAMERA_2': ['weight'], 'CAMERA_3': ['optical_zoom', 'effects']}",C_THANK_YOU,CAMERA_2,NONE,thank you for your help,S_THANK_YOU,CAMERA_2,NONE,thank you very much,
699,14,NONE,"['CAMERA_3', 'CAMERA_1', 'CAMERA_2']","{'CAMERA_1': ['camera_type', 'price', 'weight'], 'CAMERA_2': ['weight'], 'CAMERA_3': ['optical_zoom', 'effects']}",C_LEAVES,DOOR,NONE,,S_RETURNS_TO_COUNTER,SERVICE_COUNTER,NONE,,
700,1,NONE,[],"{'CAMERA_1': [], 'CAMERA_2': [], 'CAMERA_3': []}",C_ENTERS,DOOR,NONE,,S_NONE,SERVICE_COUNTER,NONE,,
700,2,NONE,[],"{'CAMERA_1': [], 'CAMERA_2': [], 'CAMERA_3': []}",C_WALKS_TO_CAMERA,CAMERA_1,NONE,,S_GREETS,CAMERA_1,NONE,can I help you?,
700,3,CAMERA_1,['CAMERA_1'],"{'CAMERA_1': [], 'CAMERA_2': [], 'CAMERA_3': []}",C_LOOKING_FOR_A_CAMERA,CAMERA_1,NONE,I'm looking for a camera,S_INTRODUCES_CAMERA,CAMERA_1,,Let me show you this. Here we have the Nikon Coolpix S2800.,39~58
700,4,CAMERA_1,['CAMERA_1'],"{'CAMERA_1': ['ISO'], 'CAMERA_2': [], 'CAMERA_3': []}",C_QUESTION_ABOUT_FEATURE,CAMERA_1,ISO,what is the ISO,S_NOT_SURE,CAMERA_1,,I'm not really sure about that,
700,5,CAMERA_1,['CAMERA_1'],"{'CAMERA_1': ['ISO', 'weight'], 'CAMERA_2': [], 'CAMERA_3': []}",C_QUESTION_ABOUT_FEATURE,CAMERA_1,weight,how much does this one weigh,S_ANSWERS_QUESTION_ABOUT_FEATURE,CAMERA_1,weight,This one weighs 120 grams.,16~25
700,6,CAMERA_1,['CAMERA_1'],"{'CAMERA_1': ['ISO', 'weight', 'long_exposure'], 'CAMERA_2': [], 'CAMERA_3': []}",C_QUESTION_ABOUT_FEATURE,CAMERA_1,long_exposure,can it take long exposure shots,S_NOT_SURE,CAMERA_1,,I'm not really sure about that,
700,7,NONE,['CAMERA_1'],"{'CAMERA_1': ['ISO', 'weight', 'long_exposure'], 'CAMERA_2': [], 'CAMERA_3': []}",C_THANK_YOU,CAMERA_1,NONE,thank you for your help,S_THANK_YOU,CAMERA_1,NONE,thank you very much,
700,8,NONE,['CAMERA_1'],"{'CAMERA_1': ['ISO', 'weight', 'long_exposure'], 'CAMERA_2': [], 'CAMERA_3': []}",C_LEAVES,DOOR,NONE,,S_RETURNS_TO_COUNTER,SERVICE_COUNTER,NONE,,
701,1,NONE,[],"{'CAMERA_1': [], 'CAMERA_2': [], 'CAMERA_3': []}",C_ENTERS,DOOR,NONE,,S_NONE,SERVICE_COUNTER,NONE,,
701,2,NONE,[],"{'CAMERA_1': [], 'CAMERA_2': [], 'CAMERA_3': []}",C_GREETS,MIDDLE,NONE,hello,S_GREETS,MIDDLE,NONE,can I help you?,
701,3,CAMERA_2,['CAMERA_2'],"{'CAMERA_1': [], 'CAMERA_2': [], 'CAMERA_3': []}",C_LOOKING_FOR_A_CAMERA,MIDDLE,NONE,I'm looking for a camera,S_INTRODUCES_CAMERA,CAMERA_2,,Let me show you this. Here we have the Sony Alpha a6000.,39~55
701,4,CAMERA_2,['CAMERA_2'],"{'CAMERA_1': [], 'CAMERA_2': ['color'], 'CAMERA_3': []}",C_SILENT_OR_BACKCHANNEL,CAMERA_2,NONE,alright,S_INTRODUCES_FEATURE,CAMERA_2,color,"This one comes in white, silver, black.",18~38
701,5,CAMERA_2,['CAMERA_2'],"{'CAMERA_1': [], 'CAMERA_2': ['color', 'effects'], 'CAMERA_3': []}",C_QUESTION_ABOUT_FEATURE,CAMERA_2,effects,does it have any effect modes,S_ANSWERS_QUESTION_ABOUT_FEATURE,CAMERA_2,effects,"This one has 13 artistic effect modes (e.g. toy camera, soft focus).",13~67
701,6,CAMERA_2,['CAMERA_2'],"{'CAMERA_1': [], 'CAMERA_2': ['color', 'effects', 'settings'], 'CAMERA_3': []}",C_SILENT_OR_BACKCHANNEL,CAMERA_2,NONE,okay,S_INTRODUCES_FEATURE,CAMERA_2,settings,This one has full manual control.,13~32
701,7,NONE,['CAMERA_2'],"{'CAMERA_1': [], 'CAMERA_2': ['color', 'effects', 'settings'], 'CAMERA_3': []}",C_THANK_YOU,CAMERA_2,NONE,thank you for your help,S_THANK_YOU,CAMERA_2,NONE,thank you very much,
701,8,NONE,['CAMERA_2'],"{'CAMERA_1': [], 'CAMERA_2': ['color', 'effects', 'settings'], 'CAMERA_3': []}",C_LEAVES,DOOR,NONE,,S_RETURNS_TO_COUNTER,SERVICE_COUNTER,NONE,,
702,1,NONE,[],"{'CAMERA_1': [], 'CAMERA_2': [], 'CAMERA_3': []}",C_ENTERS,DOOR,NONE,,S_NONE,SERVICE_COUNTER,NONE,,
702,2,NONE,[],"{'CAMERA_1': [], 'CAMERA_2': [], 'CAMERA_3': []}",C_WALKS_TO_CAMERA,CAMERA_3,NONE,,S_GREETS,CAMERA_3,NONE,can I help you?,
702,3,CAMERA_1,['CAMERA_1'],"{'CAMERA_1': [], 'CAMERA_2': [], 'CAMERA_3': []}",C_LOOKING_FOR_A_CAMERA,CAMERA_3,NONE,I'm looking for a camera,S_INTRODUCES_CAMERA,CAMERA_1,,Let me show you this. Here we have the Nikon Coolpix S2800.,39~58
702,4,CAMERA_1,['CAMERA_1'],"{'CAMERA_1': ['long_exposure'], 'CAMERA_2': [], 'CAMERA_3': []}",C_QUESTION_ABOUT_FEATURE,CAMERA_1,long_exposure,can it take long exposure shots,S_NOT_SURE,CAMERA_1,,I'm not really sure about that,
702,5,CAMERA_1,['CAMERA_1'],"{'CAMERA_1': ['long_exposure', 'settings'], 'CAMERA_2': [], 'CAMERA_3': []}",C_QUESTION_ABOUT_FEATURE,CAMERA_1,settings,what kind of settings does it have,S_ANSWERS_QUESTION_ABOUT_FEATURE,CAMERA_1,settings,This one has limited manual settings.,13~36
702,6,CAMERA_1,['CAMERA_1'],"{'CAMERA_1': ['long_exposure', 'settings', 'weight'], 'CAMERA_2': [], 'CAMERA_3': []}",C_SILENT_OR_BACKCHANNEL,CAMERA_1,NONE,I see,S_INTRODUCES_FEATURE,CAMERA_1,weight,This one weighs 120 grams.,16~25
702,7,CAMERA_1,['CAMERA_1'],"{'CAMERA_1': ['long_exposure', 'settings', 'weight', 'color'], 'CAMERA_2': [], 'CAMERA_3': []}",C_SILENT_OR_BACKCHANNEL,CAMERA_1,NONE,alright,S_INTRODUCES_FEATURE,CAMERA_1,color,"This one comes in purple, pink, black, silver, red.",18~50
702,8,CAMERA_3,"['CAMERA_1', 'CAMERA_3']","{'CAMERA_1': ['long_exposure', 'settings', 'weight', 'color'], 'CAMERA_2': [], 'CAMERA_3': []}",C_ANYTHING_ELSE_AVAILABLE,CAMERA_1,NONE,ok do you have any other cameras,S_INTRODUCES_CAMERA,CAMERA_3,,Let me show you this. Here we have the Canon EOS 5D Mark III.,39~60
702,9,CAMERA_3,"['CAMERA_1', 'CAMERA_3']","{'CAMERA_1': ['long_exposure', 'settings', 'weight', 'color'], 'CAMERA_2': [], 'CAMERA_3': ['price']}",C_SILENT_OR_BACKCHANNEL,CAMERA_3,NONE,alright,S_INTRODUCES_FEATURE,CAMERA_3,price,This one costs $3706.,15~20
702,10,CAMERA_2,"['CAMERA_1', 'CAMERA_3', 'CAMERA_2']","{'CAMERA_1': ['long_exposure', 'settings', 'weight', 'color'], 'CAMERA_2': [], 'CAMERA_3': ['price']}",C_ANYTHING_ELSE_AVAILABLE,CAMERA_3,NONE,ok do you have any other cameras,S_INTRODUCES_CAMERA,CAMERA_2,,Let me show you this. Here we have the Sony Alpha a6000.,39~55
702,11,CAMERA_2,"['CAMERA_1', 'CAMERA_3', 'CAMERA_2']","{'CAMERA_1': ['long_exposure', 'settings', 'weight', 'color'], 'CAMERA_2': ['settings'], 'CAMERA_3': ['price']}",C_QUESTION_ABOUT_FEATURE,CAMERA_2,settings,what kind of settings does it have,S_ANSWERS_QUESTION_ABOUT_FEATURE,CAMERA_2,settings,This one has full manual control.,13~32
702,12,,"['CAMERA_1', 'CAMERA_3', 'CAMERA_2']","{'CAMERA_1': ['long_exposure', 'settings', 'weight', 'color'], 'CAMERA_2': ['settings'], 'CAMERA_3': ['price']}",C_ANYTHING_ELSE_AVAILABLE,CAMERA_2,NONE,ok do you have any other cameras,S_THATS_ALL_WE_HAVE_AVAILABLE,CAMERA_2,,That’s all we have available at the moment.,
702,13,NONE,"['CAMERA_1', 'CAMERA_3', 'CAMERA_2']","{'CAMERA_1': ['long_exposure', 'settings', 'weight', 'color'], 'CAMERA_2': ['settings'], 'CAMERA_3': ['price']}",C_THANK_YOU,CAMERA_2,NONE,thank you for your help,S_THANK_YOU,CAMERA_2,NONE,thank you very much,
702,14,NONE,"['CAMERA_1', 'CAMERA_3', 'CAMERA_2']","{'CAMERA_1': ['long_exposure', 'settings', 'weight', 'color'], 'CAMERA_2': ['settings'], 'CAMERA_3': ['price']}",C_LEAVES,DOOR,NONE,,S_RETURNS_TO_COUNTER,SERVICE_COUNTER,NONE,,
703,1,NONE,[],"{'CAMERA_1': [], 'CAMERA_2': [], 'CAMERA_3': []}",C_ENTERS,DOOR,NONE,,S_NONE,SERVICE_COUNTER,NONE,,
703,2,NONE,[],"{'CAMERA_1': [], 'CAMERA_2': [], 'CAMERA_3': []}",C_WALKS_TO_CAMERA,CAMERA_3,NONE,,S_GREETS,CAMERA_3,NONE,can I help you?,
703,3,CAMERA_3,['CAMERA_3'],"{'CAMERA_1': [], 'CAMERA_2': [], 'CAMERA_3': []}",C_LOOKING_FOR_A_CAMERA,CAMERA_3,NONE,I'm looking for a camera,S_INTRODUCES_CAMERA,CAMERA_3,,Let me show you this. Here we have the Canon EOS 5D Mark III.,39~60
703,4,CAMERA_3,['CAMERA_3'],"{'CAMERA_1': [], 'CAMERA_2': [], 'CAMERA_3': ['camera_type']}",C_SILENT_OR_BACKCHANNEL,CAMERA_3,NONE,alright,S_INTRODUCES_FEATURE,CAMERA_3,camera_type,This is a DSLR camera.,10~14
703,5,CAMERA_2,"['CAMERA_3', 'CAMERA_2']","{'CAMERA_1': [], 'CAMERA_2': [], 'CAMERA_3': ['camera_type']}",C_ANYTHING_ELSE_AVAILABLE,CAMERA_3,NONE,ok do you have any other cameras,S_INTRODUCES_CAMERA,CAMERA_2,,Let me show you this. Here we have the Sony Alpha a6000.,39~55
703,6,CAMERA_2,"['CAMERA_3', 'CAMERA_2']","{'CAMERA_1': [], 'CAMERA_2': ['sensor_size'], 'CAMERA_3': ['camera_type']}",C_SILENT_OR_BACKCHANNEL,CAMERA_2,NONE,alright,S_INTRODUCES_FEATURE,CAMERA_2,sensor_size,This one has a APS-C sensor (crop sensor).,15~41
703,7,CAMERA_2,"['CAMERA_3', 'CAMERA_2']","{'CAMERA_1': [], 'CAMERA_2': ['sensor_size', 'preset_modes'], 'CAMERA_3': ['camera_type']}",C_QUESTION_ABOUT_FEATURE,CAMERA_2,preset_modes,does it have preset modes,S_ANSWERS_QUESTION_ABOUT_FEATURE,CAMERA_2,preset_modes,"This one has 9 preset modes (e.g. beach, snow, night, portrait).",13~63
703,8,CAMERA_2,"['CAMERA_3', 'CAMERA_2']","{'CAMERA_1': [], 'CAMERA_2': ['sensor_size', 'preset_modes', 'camera_type'], 'CAMERA_3': ['camera_type']}",C_SILENT_OR_BACKCHANNEL,CAMERA_2,NONE,I see,S_INTRODUCES_FEATURE,CAMERA_2,camera_type,This is a mirrorless camera.,10~20
703,9,CAMERA_2,"['CAMERA_3', 'CAMERA_2']","{'CAMERA_1': [], 'CAMERA_2': ['sensor_size', 'preset_modes', 'camera_type', 'ISO'], 'CAMERA_3': ['camera_type']}",C_SILENT_OR_BACKCHANNEL,CAMERA_2,NONE,alright,S_INTRODUCES_FEATURE,CAMERA_2,ISO,This one has up to 3200 ISO with little noise.,13~45
703,10,NONE,"['CAMERA_3', 'CAMERA_2']","{'CAMERA_1': [], 'CAMERA_2': ['sensor_size', 'preset_modes', 'camera_type', 'ISO'], 'CAMERA_3': ['camera_type']}",C_THANK_YOU,CAMERA_2,NONE,thank you for your help,S_THANK_YOU,CAMERA_2,NONE,thank you very much,
703,11,NONE,"['CAMERA_3', 'CAMERA_2']","{'CAMERA_1': [], 'CAMERA_2': ['sensor_size', 'preset_modes', 'camera_type', 'ISO'], 'CAMERA_3': ['camera_type']}",C_LEAVES,DOOR,NONE,,S_RETURNS_TO_COUNTER,SERVICE_COUNTER,NONE,,
704,1,NONE,[],"{'CAMERA_1': [], 'CAMERA_2': [], 'CAMERA_3': []}",C_ENTERS,DOOR,NONE,,S_NONE,SERVICE_COUNTER,NONE,,
704,2,NONE,[],"{'CAMERA_1': [], 'CAMERA_2': [], 'CAMERA_3': []}",C_WALKS_TO_CAMERA,CAMERA_3,NONE,,S_NONE,SERVICE_COUNTER,NONE,,
704,3,CAMERA_3,['CAMERA_3'],"{'CAMERA_1': [], 'CAMERA_2': [], 'CAMERA_3': ['preset_modes']}",C_QUESTION_ABOUT_FEATURE,CAMERA_3,preset_modes,does it have preset modes,S_NOT_SURE,CAMERA_3,,I'm not really sure about that,
704,4,CAMERA_3,['CAMERA_3'],"{'CAMERA_1': [], 'CAMERA_2': [], 'CAMERA_3': ['preset_modes', 'sensor_size']}",C_QUESTION_ABOUT_FEATURE,CAMERA_3,sensor_size,what is the sensor size,S_ANSWERS_QUESTION_ABOUT_FEATURE,CAMERA_3,sensor_size,This one has a full frame.,15~25
704,5,CAMERA_3,['CAMERA_3'],"{'CAMERA_1': [], 'CAMERA_2': [], 'CAMERA_3': ['preset_modes', 'sensor_size', 'ISO']}",C_SILENT_OR_BACKCHANNEL,CAMERA_3,NONE,okay,S_INTRODUCES_FEATURE,CAMERA_3,ISO,This one has up to 6400 ISO with little noise.,13~45
704,6,CAMERA_3,['CAMERA_3'],"{'CAMERA_1': [], 'CAMERA_2': [], 'CAMERA_3': ['preset_modes', 'sensor_size', 'ISO', 'price']}",C_QUESTION_ABOUT_FEATURE,CAMERA_3,price,how much does it cost,S_ANSWERS_QUESTION_ABOUT_FEATURE,CAMERA_3,price,This one costs $3706.,15~20
704,7,CAMERA_3,['CAMERA_3'],"{'CAMERA_1': [], 'CAMERA_2': [], 'CAMERA_3': ['preset_modes', 'sensor_size', 'ISO', 'price', 'color']}",C_QUESTION_ABOUT_FEATURE,CAMERA_3,color,what colors does this one come in,S_ANSWERS_QUESTION_ABOUT_FEATURE,CAMERA_3,color,This one comes in black.,18~23
704,8,CAMERA_3,['CAMERA_3'],"{'CAMERA_1': [], 'CAMERA_2': [], 'CAMERA_3': ['preset_modes', 'sensor_size', 'ISO', 'price', 'color', 'optical_zoom']}",C_QUESTION_ABOUT_FEATURE,CAMERA_3,optical_zoom,does it have optical zoom,S_NOT_SURE,CAMERA_3,,I'm not really sure about that,
704,9,CAMERA_3,['CAMERA_3'],"{'CAMERA_1': [], 'CAMERA_2': [], 'CAMERA_3': ['preset_modes', 'sensor_size', 'ISO', 'price', 'color', 'optical_zoom', 'camera_type']}",C_QUESTION_ABOUT_FEATURE,CAMERA_3,camera_type,what kind of camera is this,S_ANSWERS_QUESTION_ABOUT_FEATURE,CAMERA_3,camera_type,This is a DSLR camera.,10~14
704,10,CAMERA_3,['CAMERA_3'],"{'CAMERA_1': [], 'CAMERA_2': [], 'CAMERA_3': ['preset_modes', 'sensor_size', 'ISO', 'price', 'color', 'optical_zoom', 'camera_type', 'autofocus_points']}",C_QUESTION_ABOUT_FEATURE,CAMERA_3,autofocus_points,how many autofocus points does it have,S_ANSWERS_QUESTION_ABOUT_FEATURE,CAMERA_3,autofocus_points,This one has 61 autofocus points.,13~32
704,11,CAMERA_2,"['CAMERA_3', 'CAMERA_2']","{'CAMERA_1': [], 'CAMERA_2': [], 'CAMERA_3': ['preset_modes', 'sensor_size', 'ISO', 'price', 'color', 'optical_zoom', 'camera_type', 'autofocus_points']}",C_ANYTHING_ELSE_AVAILABLE,CAMERA_3,NONE,ok do you have any other cameras,S_INTRODUCES_CAMERA,CAMERA_2,,Let me show you this. Here we have the Sony Alpha a6000.,39~55
704,12,CAMERA_2,"['CAMERA_3', 'CAMERA_2']","{'CAMERA_1': [], 'CAMERA_2': ['effects'], 'CAMERA_3': ['preset_modes', 'sensor_size', 'ISO', 'price', 'color', 'optical_zoom', 'camera_type', 'autofocus_points']}",C_QUESTION_ABOUT_FEATURE,CAMERA_2,effects,does it have any effect modes,S_ANSWERS_QUESTION_ABOUT_FEATURE,CAMERA_2,effects,"This one has 13 artistic effect modes (e.g. toy camera, soft focus).",13~67
704,13,CAMERA_2,"['CAMERA_3', 'CAMERA_2']","{'CAMERA_1': [], 'CAMERA_2': ['effects', 'preset_modes'], 'CAMERA_3': ['preset_modes', 'sensor_size', 'ISO', 'price', 'color', 'optical_zoom', 'camera_type', 'autofocus_points']}",C_SILENT_OR_BACKCHANNEL,CAMERA_2,NONE,I see,S_INTRODUCES_FEATURE,CAMERA_2,preset_modes,"This one has 9 preset modes (e.g. beach, snow, night, portrait).",13~63
704,14,CAMERA_2,"['CAMERA_3', 'CAMERA_2']","{'CAMERA_1': [], 'CAMERA_2': ['effects', 'preset_modes', 'color'], 'CAMERA_3': ['preset_modes', 'sensor_size', 'ISO', 'price', 'color', 'optical_zoom', 'camera_type', 'autofocus_points']}",C_SILENT_OR_BACKCHANNEL,CAMERA_2,NONE,okay,S_INTRODUCES_FEATURE,CAMERA_2,color,"This one comes in white, silver, black.",18~38
704,15,CAMERA_2,"['CAMERA_3', 'CAMERA_2']","{'CAMERA_1': [], 'CAMERA_2': ['effects', 'preset_modes', 'color', 'long_exposure'], 'CAMERA_3': ['preset_modes', 'sensor_size', 'ISO', 'price', 'color', 'optical_zoom', 'camera_type', 'autofocus_points']}",C_QUESTION_ABOUT_FEATURE,CAMERA_2,long_exposure,can it take long exposure shots,S_ANSWERS_QUESTION_ABOUT_FEATURE,CAMERA_2,long_exposure,This one can take long exposures up to up to 30 seconds.,39~55
704,16,CAMERA_2,"['CAMERA_3', 'CAMERA_2']","{'CAMERA_1': [], 'CAMERA_2': ['effects', 'preset_modes', 'color', 'long_exposure', 'resolution'], 'CAMERA_3': ['preset_modes', 'sensor_size', 'ISO', 'price', 'color', 'optical_zoom', 'camera_type', 'autofocus_points']}",C_QUESTION_ABOUT_FEATURE,CAMERA_2,resolution,what is the resolution,S_NOT_SURE,CAMERA_2,,I'm not really sure about that,
704,17,CAMERA_2,"['CAMERA_3', 'CAMERA_2']","{'CAMERA_1': [], 'CAMERA_2': ['effects', 'preset_modes', 'color', 'long_exposure', 'resolution', 'autofocus_points'], 'CAMERA_3': ['preset_modes', 'sensor_size', 'ISO', 'price', 'color', 'optical_zoom', 'camera_type', 'autofocus_points']}",C_SILENT_OR_BACKCHANNEL,CAMERA_2,NONE,alright,S_INTRODUCES_FEATURE,CAMERA_2,autofocus_points,This one has 179 autofocus points.,13~33
704,18,CAMERA_2,"['CAMERA_3', 'CAMERA_2']","{'CAMERA_1': [], 'CAMERA_2': ['effects', 'preset_modes', 'color', 'long_exposure', 'resolution', 'autofocus_points', 'ISO'], 'CAMERA_3': ['preset_modes', 'sensor_size', 'ISO', 'price', 'color', 'optical_zoom', 'camera_type', 'autofocus_points']}",C_SILENT_OR_BACKCHANNEL,CAMERA_2,NONE,I see,S_INTRODUCES_FEATURE,CAMERA_2,ISO,This one has up to 3200 ISO with little noise.,13~45
704,19,CAMERA_2,"['CAMERA_3', 'CAMERA_2']","{'CAMERA_1': [], 'CAMERA_2': ['effects', 'preset_modes', 'color', 'long_exposure', 'resolution', 'autofocus_points', 'ISO', 'price'], 'CAMERA_3': ['preset_modes', 'sensor_size', 'ISO', 'price', 'color', 'optical_zoom', 'camera_type', 'autofocus_points']}",C_SILENT_OR_BACKCHANNEL,CAMERA_2,NONE,I see,S_INTRODUCES_FEATURE,CAMERA_2,price,This one costs $1341.,15~20
704,20,CAMERA_2,"['CAMERA_3', 'CAMERA_2']","{'CAMERA_1': [], 'CAMERA_2': ['effects', 'preset_modes', 'color', 'long_exposure', 'resolution', 'autofocus_points', 'ISO', 'price', 'weight'], 'CAMERA_3': ['preset_modes', 'sensor_size', 'ISO', 'price', 'color', 'optical_zoom', 'camera_type', 'autofocus_points']}",C_QUESTION_ABOUT_FEATURE,CAMERA_2,weight,how much does this one weigh,S_ANSWERS_QUESTION_ABOUT_FEATURE,CAMERA_2,weight,This one weighs 470 grams.,16~25
704,21,CAMERA_1,"['CAMERA_3', 'CAMERA_2', 'CAMERA_1']","{'CAMERA_1': [], 'CAMERA_2': ['effects', 'preset_modes', 'color', 'long_exposure', 'resolution', 'autofocus_points', 'ISO', 'price', 'weight'], 'CAMERA_3': ['preset_modes', 'sensor_size', 'ISO', 'price', 'color', 'optical_zoom', 'camera_type', 'autofocus_points']}",C_ANYTHING_ELSE_AVAILABLE,CAMERA_2,NONE,ok do you have any other cameras,S_INTRODUCES_CAMERA,CAMERA_1,,Let me show you this. Here we have the Nikon Coolpix S2800.,39~58
704,22,CAMERA_1,"['CAMERA_3', 'CAMERA_2', 'CAMERA_1']","{'CAMERA_1': ['color'], 'CAMERA_2': ['effects', 'preset_modes', 'color', 'long_exposure', 'resolution', 'autofocus_points', 'ISO', 'price', 'weight'], 'CAMERA_3': ['preset_modes', 'sensor_size', 'ISO', 'price', 'color', 'optical_zoom', 'camera_type', 'autofocus_points']}",C_SILENT_OR_BACKCHANNEL,CAMERA_1,NONE,alright,S_INTRODUCES_FEATURE,CAMERA_1,color,"This one comes in purple, pink, black, silver, red.",18~50
704,23,CAMERA_1,"['CAMERA_3', 'CAMERA_2', 'CAMERA_1']","{'CAMERA_1': ['color', 'long_exposure'], 'CAMERA_2': ['effects', 'preset_modes', 'color', 'long_exposure', 'resolution', 'autofocus_points', 'ISO', 'price', 'weight'], 'CAMERA_3': ['preset_modes', 'sensor_size', 'ISO', 'price', 'color', 'optical_zoom', 'camera_type', 'autofocus_points']}",C_QUESTION_ABOUT_FEATURE,CAMERA_1,long_exposure,can it take long exposure shots,S_NOT_SURE,CAMERA_1,,I'm not really sure about that,
704,24,CAMERA_1,"['CAMERA_3', 'CAMERA_2', 'CAMERA_1']","{'CAMERA_1': ['color', 'long_exposure', 'optical_zoom'], 'CAMERA_2': ['effects', 'preset_modes', 'color', 'long_exposure', 'resolution', 'autofocus_points', 'ISO', 'price', 'weight'], 'CAMERA_3': ['preset_modes', 'sensor_size', 'ISO', 'price', 'color', 'optical_zoom', 'camera_type', 'autofocus_points']}",C_SILENT_OR_BACKCHANNEL,CAMERA_1,NONE,okay,S_INTRODUCES_FEATURE,CAMERA_1,optical_zoom,This one has 5x optical zoom.,13~28
704,25,CAMERA_1,"['CAMERA_3', 'CAMERA_2', 'CAMERA_1']","{'CAMERA_1': ['color', 'long_exposure', 'optical_zoom', 'settings'], 'CAMERA_2': ['effects', 'preset_modes', 'color', 'long_exposure', 'resolution', 'autofocus_points', 'ISO', 'price', 'weight'], 'CAMERA_3': ['preset_modes', 'sensor_size', 'ISO', 'price', 'color', 'optical_zoom', 'camera_type', 'autofocus_points']}",C_SILENT_OR_BACKCHANNEL,CAMERA_1,NONE,okay,S_INTRODUCES_FEATURE,CAMERA_1,settings,This one has limited manual settings.,13~36
704,26,CAMERA_1,"['CAMERA_3', 'CAMERA_2', 'CAMERA_1']","{'CAMERA_1': ['color', 'long_exposure', 'optical_zoom', 'settings', 'weight'], 'CAMERA_2': ['effects', 'preset_modes', 'color', 'long_exposure', 'resolution', 'autofocus_points', 'ISO', 'price', 'weight'], 'CAMERA_3': ['preset_modes', 'sensor_size', 'ISO', 'price', 'color', 'optical_zoom', 'camera_type', 'autofocus_points']}",C_QUESTION_ABOUT_FEATURE,CAMERA_1,weight,how much does this one weigh,S_ANSWERS_QUESTION_ABOUT_FEATURE,CAMERA_1,weight,This one weighs 120 grams.,16~25
704,27,CAMERA_1,"['CAMERA_3', 'CAMERA_2', 'CAMERA_1']","{'CAMERA_1': ['color', 'long_exposure', 'optical_zoom', 'settings', 'weight', 'price'], 'CAMERA_2': ['effects', 'preset_modes', 'color', 'long_exposure', 'resolution', 'autofocus_points', 'ISO', 'price', 'weight'], 'CAMERA_3': ['preset_modes', 'sensor_size', 'ISO', 'price', 'color', 'optical_zoom', 'camera_type', 'autofocus_points']}",C_QUESTION_ABOUT_FEATURE,CAMERA_1,price,how much does it cost,S_ANSWERS_QUESTION_ABOUT_FEATURE,CAMERA_1,price,This one costs $2173.,15~20
704,28,CAMERA_1,"['CAMERA_3', 'CAMERA_2', 'CAMERA_1']","{'CAMERA_1': ['color', 'long_exposure', 'optical_zoom', 'settings', 'weight', 'price', 'sensor_size'], 'CAMERA_2': ['effects', 'preset_modes', 'color', 'long_exposure', 'resolution', 'autofocus_points', 'ISO', 'price', 'weight'], 'CAMERA_3': ['preset_modes', 'sensor_size', 'ISO', 'price', 'color', 'optical_zoom', 'camera_type', 'autofocus_points']}",C_QUESTION_ABOUT_FEATURE,CAMERA_1,sensor_size,what is the sensor size,S_NOT_SURE,CAMERA_1,,I'm not really sure about that,
704,29,CAMERA_1,"['CAMERA_3', 'CAMERA_2', 'CAMERA_1']","{'CAMERA_1': ['color', 'long_exposure', 'optical_zoom', 'settings', 'weight', 'price', 'sensor_size', 'resolution'], 'CAMERA_2': ['effects', 'preset_modes', 'color', 'long_exposure', 'resolution', 'autofocus_points', 'ISO', 'price', 'weight'], 'CAMERA_3': ['preset_modes', 'sensor_size', 'ISO', 'price', 'color', 'optical_zoom', 'camera_type', 'autofocus_points']}",C_SILENT_OR_BACKCHANNEL,CAMERA_1,NONE,okay,S_INTRODUCES_FEATURE,CAMERA_1,resolution,This one has 20.1 megapixels resolution.,13~28
704,30,CAMERA_1,"['CAMERA_3', 'CAMERA_2', 'CAMERA_1']","{'CAMERA_1': ['color', 'long_exposure', 'optical_zoom', 'settings', 'weight', 'price', 'sensor_size', 'resolution', 'camera_type'], 'CAMERA_2': ['effects', 'preset_modes', 'color', 'long_exposure', 'resolution', 'autofocus_points', 'ISO', 'price', 'weight'], 'CAMERA_3': ['preset_modes', 'sensor_size', 'ISO', 'price', 'color', 'optical_zoom', 'camera_type', 'autofocus_points']}",C_SILENT_OR_BACKCHANNEL,CAMERA_1,NONE,I see,S_INTRODUCES_FEATURE,CAMERA_1,camera_type,This is a point and shoot camera.,10~25
704,31,CAMERA_1,"['CAMERA_3', 'CAMERA_2', 'CAMERA_1']","{'CAMERA_1': ['color', 'long_exposure', 'optical_zoom', 'settings', 'weight', 'price', 'sensor_size', 'resolution', 'camera_type', 'preset_modes'], 'CAMERA_2': ['effects', 'preset_modes', 'color', 'long_exposure', 'resolution', 'autofocus_points', 'ISO', 'price', 'weight'], 'CAMERA_3': ['preset_modes', 'sensor_size', 'ISO', 'price', 'color', 'optical_zoom', 'camera_type', 'autofocus_points']}",C_SILENT_OR_BACKCHANNEL,CAMERA_1,NONE,alright,S_INTRODUCES_FEATURE,CAMERA_1,preset_modes,"This one has 18 preset modes (e.g. beach, snow, night portrait).",13~63
704,32,CAMERA_1,"['CAMERA_3', 'CAMERA_2', 'CAMERA_1']","{'CAMERA_1': ['color', 'long_exposure', 'optical_zoom', 'settings', 'weight', 'price', 'sensor_size', 'resolution', 'camera_type', 'preset_modes', 'autofocus_points'], 'CAMERA_2': ['effects', 'preset_modes', 'color', 'long_exposure', 'resolution', 'autofocus_points', 'ISO', 'price', 'weight'], 'CAMERA_3': ['preset_modes', 'sensor_size', 'ISO', 'price', 'color', 'optical_zoom', 'camera_type', 'autofocus_points']}",C_QUESTION_ABOUT_FEATURE,CAMERA_1,autofocus_points,how many autofocus points does it have,S_NOT_SURE,CAMERA_1,,I'm not really sure about that,
704,33,CAMERA_1,"['CAMERA_3', 'CAMERA_2', 'CAMERA_1']","{'CAMERA_1': ['color', 'long_exposure', 'optical_zoom', 'settings', 'weight', 'price', 'sensor_size', 'resolution', 'camera_type', 'preset_modes', 'autofocus_points', 'ISO'], 'CAMERA_2': ['effects', 'preset_modes', 'color', 'long_exposure', 'resolution', 'autofocus_points', 'ISO', 'price', 'weight'], 'CAMERA_3': ['preset_modes', 'sensor_size', 'ISO', 'price', 'color', 'optical_zoom', 'camera_type', 'autofocus_points']}",C_QUESTION_ABOUT_FEATURE,CAMERA_1,ISO,what is the ISO,S_NOT_SURE,CAMERA_1,,I'm not really sure about that,
704,34,CAMERA_1,"['CAMERA_3', 'CAMERA_2', 'CAMERA_1']","{'CAMERA_1': ['color', 'long_exposure', 'optical_zoom', 'settings', 'weight', 'price', 'sensor_size', 'resolution', 'camera_type', 'preset_modes', 'autofocus_points', 'ISO', 'effects'], 'CAMERA_2': ['effects', 'preset_modes', 'color', 'long_exposure', 'resolution', 'autofocus_points', 'ISO', 'price', 'weight'], 'CAMERA_3': ['preset_modes', 'sensor_size', 'ISO', 'price', 'color', 'optical_zoom', 'camera_type', 'autofocus_points']}",C_QUESTION_ABOUT_FEATURE,CAMERA_1,effects,does it have any effect modes,S_ANSWERS_QUESTION_ABOUT_FEATURE,CAMERA_1,effects,"This one has 12 glamor retouch effects (e.g. skin softening, small face, big eyes).",13~82
704,35,,"['CAMERA_3', 'CAMERA_2', 'CAMERA_1']","{'CAMERA_1': ['color', 'long_exposure', 'optical_zoom', 'settings', 'weight', 'price', 'sensor_size', 'resolution', 'camera_type', 'preset_modes', 'autofocus_points', 'ISO', 'effects'], 'CAMERA_2': ['effects', 'preset_modes', 'color', 'long_exposure', 'resolution', 'autofocus_points', 'ISO', 'price', 'weight'], 'CAMERA_3': ['preset_modes', 'sensor_size', 'ISO', 'price', 'color', 'optical_zoom', 'camera_type', 'autofocus_points']}",C_ANYTHING_ELSE_AVAILABLE,CAMERA_1,NONE,ok do you have any other cameras,S_THATS_ALL_WE_HAVE_AVAILABLE,CAMERA_1,,That’s all we have available at the moment.,
704,36,NONE,"['CAMERA_3', 'CAMERA_2', 'CAMERA_1']","{'CAMERA_1': ['color', 'long_exposure', 'optical_zoom', 'settings', 'weight', 'price', 'sensor_size', 'resolution', 'camera_type', 'preset_modes', 'autofocus_points', 'ISO', 'effects'], 'CAMERA_2': ['effects', 'preset_modes', 'color', 'long_exposure', 'resolution', 'autofocus_points', 'ISO', 'price', 'weight'], 'CAMERA_3': ['preset_modes', 'sensor_size', 'ISO', 'price', 'color', 'optical_zoom', 'camera_type', 'autofocus_points']}",C_THANK_YOU,CAMERA_1,NONE,thank you for your help,S_THANK_YOU,CAMERA_1,NONE,thank you very much,
704,37,NONE,"['CAMERA_3', 'CAMERA_2', 'CAMERA_1']","{'CAMERA_1': ['color', 'long_exposure', 'optical_zoom', 'settings', 'weight', 'price', 'sensor_size', 'resolution', 'camera_type', 'preset_modes', 'autofocus_points', 'ISO', 'effects'], 'CAMERA_2': ['effects', 'preset_modes', 'color', 'long_exposure', 'resolution', 'autofocus_points', 'ISO', 'price', 'weight'], 'CAMERA_3': ['preset_modes', 'sensor_size', 'ISO', 'price', 'color', 'optical_zoom', 'camera_type', 'autofocus_points']}",C_LEAVES,DOOR,NONE,,S_RETURNS_TO_COUNTER,SERVICE_COUNTER,NONE,,
705,1,NONE,[],"{'CAMERA_1': [], 'CAMERA_2': [], 'CAMERA_3': []}",C_ENTERS,DOOR,NONE,,S_NONE,SERVICE_COUNTER,NONE,,
705,2,NONE,[],"{'CAMERA_1': [], 'CAMERA_2': [], 'CAMERA_3': []}",C_GREETS,MIDDLE,NONE,hello,S_GREETS,MIDDLE,NONE,can I help you?,
705,3,CAMERA_1,['CAMERA_1'],"{'CAMERA_1': [], 'CAMERA_2': [], 'CAMERA_3': []}",C_LOOKING_FOR_A_CAMERA,MIDDLE,NONE,I'm looking for a camera,S_INTRODUCES_CAMERA,CAMERA_1,,Let me show you this. Here we have the Nikon Coolpix S2800.,39~58
705,4,CAMERA_1,['CAMERA_1'],"{'CAMERA_1': ['settings'], 'CAMERA_2': [], 'CAMERA_3': []}",C_SILENT_OR_BACKCHANNEL,CAMERA_1,NONE,I see,S_INTRODUCES_FEATURE,CAMERA_1,settings,This one has limited manual settings.,13~36
705,5,CAMERA_1,['CAMERA_1'],"{'CAMERA_1': ['settings', 'resolution'], 'CAMERA_2': [], 'CAMERA_3': []}",C_SILENT_OR_BACKCHANNEL,CAMERA_1,NONE,I see,S_INTRODUCES_FEATURE,CAMERA_1,resolution,This one has 20.1 megapixels resolution.,13~28
705,6,CAMERA_1,['CAMERA_1'],"{'CAMERA_1': ['settings', 'resolution', 'price'], 'CAMERA_2': [], 'CAMERA_3': []}",C_QUESTION_ABOUT_FEATURE,CAMERA_1,price,how much does it cost,S_ANSWERS_QUESTION_ABOUT_FEATURE,CAMERA_1,price,This one costs $2173.,15~20
705,7,CAMERA_1,['CAMERA_1'],"{'CAMERA_1': ['settings', 'resolution', 'price', 'ISO'], 'CAMERA_2': [], 'CAMERA_3': []}",C_QUESTION_ABOUT_FEATURE,CAMERA_1,ISO,what is the ISO,S_NOT_SURE,CAMERA_1,,I'm not really sure about that,
705,8,CAMERA_1,['CAMERA_1'],"{'CAMERA_1': ['settings', 'resolution', 'price', 'ISO', 'sensor_size'], 'CAMERA_2': [], 'CAMERA_3': []}",C_QUESTION_ABOUT_FEATURE,CAMERA_1,sensor_size,what is the sensor size,S_NOT_SURE,CAMERA_1,,I'm not really sure about that,
705,9,CAMERA_1,['CAMERA_1'],"{'CAMERA_1': ['settings', 'resolution', 'price', 'ISO', 'sensor_size', 'weight'], 'CAMERA_2': [], 'CAMERA_3': []}",C_QUESTION_ABOUT_FEATURE,CAMERA_1,weight,how much does this one weigh,S_ANSWERS_QUESTION_ABOUT_FEATURE,CAMERA_1,weight,This one weighs 120 grams.,16~25
705,10,CAMERA_1,['CAMERA_1'],"{'CAMERA_1': ['settings', 'resolution', 'price', 'ISO', 'sensor_size', 'weight', 'autofocus_points'], 'CAMERA_2': [], 'CAMERA_3': []}",C_QUESTION_ABOUT_FEATURE,CAMERA_1,autofocus_points,how many autofocus points does it have,S_NOT_SURE,CAMERA_1,,I'm not really sure about that,
705,11,CAMERA_2,"['CAMERA_1', 'CAMERA_2']","{'CAMERA_1': ['settings', 'resolution', 'price', 'ISO', 'sensor_size', 'weight', 'autofocus_points'], 'CAMERA_2': [], 'CAMERA_3': []}",C_ANYTHING_ELSE_AVAILABLE,CAMERA_1,NONE,ok do you have any other cameras,S_INTRODUCES_CAMERA,CAMERA_2,,Let me show you this. Here we have the Sony Alpha a6000.,39~55
705,12,CAMERA_2,"['CAMERA_1', 'CAMERA_2']","{'CAMERA_1': ['settings', 'resolution', 'price', 'ISO', 'sensor_size', 'weight', 'autofocus_points'], 'CAMERA_2': ['price'], 'CAMERA_3': []}",C_SILENT_OR_BACKCHANNEL,CAMERA_2,NONE,alright,S_INTRODUCES_FEATURE,CAMERA_2,price,This one costs $1341.,15~20
705,13,CAMERA_2,"['CAMERA_1', 'CAMERA_2']","{'CAMERA_1': ['settings', 'resolution', 'price', 'ISO', 'sensor_size', 'weight', 'autofocus_points'], 'CAMERA_2': ['price', 'optical_zoom'], 'CAMERA_3': []}",C_QUESTION_ABOUT_FEATURE,CAMERA_2,optical_zoom,does it have optical zoom,S_NOT_SURE,CAMERA_2,,I'm not really sure about that,
705,14,CAMERA_2,"['CAMERA_1', 'CAMERA_2']","{'CAMERA_1': ['settings', 'resolution', 'price', 'ISO', 'sensor_size', 'weight', 'autofocus_points'], 'CAMERA_2': ['price', 'optical_zoom', 'autofocus_points'], 'CAMERA_3': []}",C_QUESTION_ABOUT_FEATURE,CAMERA_2,autofocus_points,how many autofocus points does it have,S_ANSWERS_QUESTION_ABOUT_FEATURE,CAMERA_2,autofocus_points,This one has 179 autofocus points.,13~33
705,15,CAMERA_3,"['CAMERA_1', 'CAMERA_2', 'CAMERA_3']","{'CAMERA_1': ['settings', 'resolution', 'price', 'ISO', 'sensor_size', 'weight', 'autofocus_points'], 'CAMERA_2': ['price', 'optical_zoom', 'autofocus_points'], 'CAMERA_3': []}",C_ANYTHING_ELSE_AVAILABLE,CAMERA_2,NONE,ok do you have any other cameras,S_INTRODUCES_CAMERA,CAMERA_3,,Let me show you this. Here we have the Canon EOS 5D Mark III.,39~60
705,16,CAMERA_3,"['CAMERA_1', 'CAMERA_2', 'CAMERA_3']","{'CAMERA_1': ['settings', 'resolution', 'price', 'ISO', 'sensor_size', 'weight', 'autofocus_points'], 'CAMERA_2': ['price', 'optical_zoom', 'autofocus_points'], 'CAMERA_3': ['sensor_size']}",C_SILENT_OR_BACKCHANNEL,CAMERA_3,NONE,I see,S_INTRODUCES_FEATURE,CAMERA_3,sensor_size,This one has a full frame.,15~25
705,17,CAMERA_3,"['CAMERA_1', 'CAMERA_2', 'CAMERA_3']","{'CAMERA_1': ['settings', 'resolution', 'price', 'ISO', 'sensor_size', 'weight', 'autofocus_points'], 'CAMERA_2': ['price', 'optical_zoom', 'autofocus_points'], 'CAMERA_3': ['sensor_size', 'resolution']}",C_QUESTION_ABOUT_FEATURE,CAMERA_3,resolution,what is the resolution,S_NOT_SURE,CAMERA_3,,I'm not really sure about that,
705,18,CAMERA_3,"['CAMERA_1', 'CAMERA_2', 'CAMERA_3']","{'CAMERA_1': ['settings', 'resolution', 'price', 'ISO', 'sensor_size', 'weight', 'autofocus_points'], 'CAMERA_2': ['price', 'optical_zoom', 'autofocus_points'], 'CAMERA_3': ['sensor_size', 'resolution', 'preset_modes']}",C_QUESTION_ABOUT_FEATURE,CAMERA_3,preset_modes,does it have preset modes,S_NOT_SURE,CAMERA_3,,I'm not really sure about that,
705,19,CAMERA_3,"['CAMERA_1', 'CAMERA_2', 'CAMERA_3']","{'CAMERA_1': ['settings', 'resolution', 'price', 'ISO', 'sensor_size', 'weight', 'autofocus_points'], 'CAMERA_2': ['price', 'optical_zoom', 'autofocus_points'], 'CAMERA_3': ['sensor_size', 'resolution', 'preset_modes', 'price']}",C_QUESTION_ABOUT_FEATURE,CAMERA_3,price,how much does it cost,S_ANSWERS_QUESTION_ABOUT_FEATURE,CAMERA_3,price,This one costs $3706.,15~20
705,20,CAMERA_3,"['CAMERA_1', 'CAMERA_2', 'CAMERA_3']","{'CAMERA_1': ['settings', 'resolution', 'price', 'ISO', 'sensor_size', 'weight', 'autofocus_points'], 'CAMERA_2': ['price', 'optical_zoom', 'autofocus_points'], 'CAMERA_3': ['sensor_size', 'resolution', 'preset_modes', 'price', 'color']}",C_SILENT_OR_BACKCHANNEL,CAMERA_3,NONE,alright,S_INTRODUCES_FEATURE,CAMERA_3,color,This one comes in black.,18~23
705,21,CAMERA_3,"['CAMERA_1', 'CAMERA_2', 'CAMERA_3']","{'CAMERA_1': ['settings', 'resolution', 'price', 'ISO', 'sensor_size', 'weight', 'autofocus_points'], 'CAMERA_2': ['price', 'optical_zoom', 'autofocus_points'], 'CAMERA_3': ['sensor_size', 'resolution', 'preset_modes', 'price', 'color', 'optical_zoom']}",C_QUESTION_ABOUT_FEATURE,CAMERA_3,optical_zoom,does it have optical zoom,S_NOT_SURE,CAMERA_3,,I'm not really sure about that,
705,22,CAMERA_3,"['CAMERA_1', 'CAMERA_2', 'CAMERA_3']","{'CAMERA_1': ['settings', 'resolution', 'price', 'ISO', 'sensor_size', 'weight', 'autofocus_points'], 'CAMERA_2': ['price', 'optical_zoom', 'autofocus_points'], 'CAMERA_3': ['sensor_size', 'resolution', 'preset_modes', 'price', 'color', 'optical_zoom', 'autofocus_points']}",C_SILENT_OR_BACKCHANNEL,CAMERA_3,NONE,alright,S_INTRODUCES_FEATURE,CAMERA_3,autofocus_points,This one has 61 autofocus points.,13~32
705,23,NONE,"['CAMERA_1', 'CAMERA_2', 'CAMERA_3']","{'CAMERA_1': ['settings', 'resolution', 'price', 'ISO', 'sensor_size', 'weight', 'autofocus_points'], 'CAMERA_2': ['price', 'optical_zoom', 'autofocus_points'], 'CAMERA_3': ['sensor_size', 'resolution', 'preset_modes', 'price', 'color', 'optical_zoom', 'autofocus_points']}",C_THANK_YOU,CAMERA_3,NONE,thank you for your help,S_THANK_YOU,CAMERA_3,NONE,thank you very much,
705,24,NONE,"['CAMERA_1', 'CAMERA_2', 'CAMERA_3']","{'CAMERA_1': ['settings', 'resolution', 'price', 'ISO', 'sensor_size', 'weight', 'autofocus_points'], 'CAMERA_2': ['price', 'optical_zoom', 'autofocus_points'], 'CAMERA_3': ['sensor_size', 'resolution', 'preset_modes', 'price', 'color', 'optical_zoom', 'autofocus_points']}",C_LEAVES,DOOR,NONE,,S_RETURNS_TO_COUNTER,SERVICE_COUNTER,NONE,,
706,1,NONE,[],"{'CAMERA_1': [], 'CAMERA_2': [], 'CAMERA_3': []}",C_ENTERS,DOOR,NONE,,S_NONE,SERVICE_COUNTER,NONE,,
706,2,NONE,[],"{'CAMERA_1': [], 'CAMERA_2': [], 'CAMERA_3': []}",C_GREETS,MIDDLE,NONE,hello,S_GREETS,MIDDLE,NONE,can I help you?,
706,3,CAMERA_1,['CAMERA_1'],"{'CAMERA_1': [], 'CAMERA_2': [], 'CAMERA_3': []}",C_LOOKING_FOR_A_CAMERA,MIDDLE,NONE,I'm looking for a camera,S_INTRODUCES_CAMERA,CAMERA_1,,Let me show you this. Here we have the Nikon Coolpix S2800.,39~58
706,4,CAMERA_1,['CAMERA_1'],"{'CAMERA_1': ['price'], 'CAMERA_2': [], 'CAMERA_3': []}",C_QUESTION_ABOUT_FEATURE,CAMERA_1,price,how much does it cost,S_ANSWERS_QUESTION_ABOUT_FEATURE,CAMERA_1,price,This one costs $2173.,15~20
706,5,CAMERA_2,"['CAMERA_1', 'CAMERA_2']","{'CAMERA_1': ['price'], 'CAMERA_2': [], 'CAMERA_3': []}",C_ANYTHING_ELSE_AVAILABLE,CAMERA_1,NONE,ok do you have any other cameras,S_INTRODUCES_CAMERA,CAMERA_2,,Let me show you this. Here we have the Sony Alpha a6000.,39~55
706,6,CAMERA_2,"['CAMERA_1', 'CAMERA_2']","{'CAMERA_1': ['price'], 'CAMERA_2': ['settings'], 'CAMERA_3': []}",C_SILENT_OR_BACKCHANNEL,CAMERA_2,NONE,okay,S_INTRODUCES_FEATURE,CAMERA_2,settings,This one has full manual control.,13~32
706,7,NONE,"['CAMERA_1', 'CAMERA_2']","{'CAMERA_1': ['price'], 'CAMERA_2': ['settings'], 'CAMERA_3': []}",C_THANK_YOU,CAMERA_2,NONE,thank you for your help,S_THANK_YOU,CAMERA_2,NONE,thank you very much,
706,8,NONE,"['CAMERA_1', 'CAMERA_2']","{'CAMERA_1': ['price'], 'CAMERA_2': ['settings'], 'CAMERA_3': []}",C_LEAVES,DOOR,NONE,,S_RETURNS_TO_COUNTER,SERVICE_COUNTER,NONE,,
707,1,NONE,[],"{'CAMERA_1': [], 'CAMERA_2': [], 'CAMERA_3': []}",C_ENTERS,DOOR,NONE,,S_NONE,SERVICE_COUNTER,NONE,,
707,2,NONE,[],"{'CAMERA_1': [], 'CAMERA_2': [], 'CAMERA_3': []}",C_GREETS,MIDDLE,NONE,hello,S_GREETS,MIDDLE,NONE,can I help you?,
707,3,CAMERA_1,['CAMERA_1'],"{'CAMERA_1': [], 'CAMERA_2': [], 'CAMERA_3': []}",C_LOOKING_FOR_A_CAMERA,MIDDLE,NONE,I'm looking for a camera,S_INTRODUCES_CAMERA,CAMERA_1,,Let me show you this. Here we have the Nikon Coolpix S2800.,39~58
707,4,CAMERA_1,['CAMERA_1'],"{'CAMERA_1': ['weight'], 'CAMERA_2': [], 'CAMERA_3': []}",C_QUESTION_ABOUT_FEATURE,CAMERA_1,weight,how much does this one weigh,S_ANSWERS_QUESTION_ABOUT_FEATURE,CAMERA_1,weight,This one weighs 120 grams.,16~25
707,5,NONE,['CAMERA_1'],"{'CAMERA_1': ['weight'], 'CAMERA_2': [], 'CAMERA_3': []}",C_THANK_YOU,CAMERA_1,NONE,thank you for your help,S_THANK_YOU,CAMERA_1,NONE,thank you very much,
707,6,NONE,['CAMERA_1'],"{'CAMERA_1': ['weight'], 'CAMERA_2': [], 'CAMERA_3': []}",C_LEAVES,DOOR,NONE,,S_RETURNS_TO_COUNTER,SERVICE_COUNTER,NONE,,
708,1,NONE,[],"{'CAMERA_1': [], 'CAMERA_2': [], 'CAMERA_3': []}",C_ENTERS,DOOR,NONE,,S_NONE,SERVICE_COUNTER,NONE,,
708,2,NONE,[],"{'CAMERA_1': [], 'CAMERA_2': [], 'CAMERA_3': []}",C_WALKS_TO_CAMERA,CAMERA_3,NONE,,S_NONE,SERVICE_COUNTER,NONE,,
708,3,NONE,[],"{'CAMERA_1': [], 'CAMERA_2': [], 'CAMERA_3': []}",C_EXAMINES_CAMERA,CAMERA_3,NONE,,S_GREETS,CAMERA_3,NONE,can I help you?,
708,4,CAMERA_1,['CAMERA_1'],"{'CAMERA_1': [], 'CAMERA_2': [], 'CAMERA_3': []}",C_LOOKING_FOR_A_CAMERA,CAMERA_3,NONE,I'm looking for a camera,S_INTRODUCES_CAMERA,CAMERA_1,,Let me show you this. Here we have the Nikon Coolpix S2800.,39~58
708,5,CAMERA_1,['CAMERA_1'],"{'CAMERA_1': ['optical_zoom'], 'CAMERA_2': [], 'CAMERA_3': []}",C_QUESTION_ABOUT_FEATURE,CAMERA_1,optical_zoom,does it have optical zoom,S_ANSWERS_QUESTION_ABOUT_FEATURE,CAMERA_1,optical_zoom,This one has 5x optical zoom.,13~28
708,6,CAMERA_1,['CAMERA_1'],"{'CAMERA_1': ['optical_zoom', 'long_exposure'], 'CAMERA_2': [], 'CAMERA_3': []}",C_QUESTION_ABOUT_FEATURE,CAMERA_1,long_exposure,can it take long exposure shots,S_NOT_SURE,CAMERA_1,,I'm not really sure about that,
708,7,CAMERA_2,"['CAMERA_1', 'CAMERA_2']","{'CAMERA_1': ['optical_zoom', 'long_exposure'], 'CAMERA_2': [], 'CAMERA_3': []}",C_ANYTHING_ELSE_AVAILABLE,CAMERA_1,NONE,ok do you have any other cameras,S_INTRODUCES_CAMERA,CAMERA_2,,Let me show you this. Here we have the Sony Alpha a6000.,39~55
708,8,CAMERA_2,"['CAMERA_1', 'CAMERA_2']","{'CAMERA_1': ['optical_zoom', 'long_exposure'], 'CAMERA_2': ['autofocus_points'], 'CAMERA_3': []}",C_SILENT_OR_BACKCHANNEL,CAMERA_2,NONE,okay,S_INTRODUCES_FEATURE,CAMERA_2,autofocus_points,This one has 179 autofocus points.,13~33
708,9,CAMERA_2,"['CAMERA_1', 'CAMERA_2']","{'CAMERA_1': ['optical_zoom', 'long_exposure'], 'CAMERA_2': ['autofocus_points', 'long_exposure'], 'CAMERA_3': []}",C_SILENT_OR_BACKCHANNEL,CAMERA_2,NONE,alright,S_INTRODUCES_FEATURE,CAMERA_2,long_exposure,This one can take long exposures up to up to 30 seconds.,39~55
708,10,CAMERA_2,"['CAMERA_1', 'CAMERA_2']","{'CAMERA_1': ['optical_zoom', 'long_exposure'], 'CAMERA_2': ['autofocus_points', 'long_exposure', 'preset_modes'], 'CAMERA_3': []}",C_QUESTION_ABOUT_FEATURE,CAMERA_2,preset_modes,does it have preset modes,S_ANSWERS_QUESTION_ABOUT_FEATURE,CAMERA_2,preset_modes,"This one has 9 preset modes (e.g. beach, snow, night, portrait).",13~63
708,11,CAMERA_3,"['CAMERA_1', 'CAMERA_2', 'CAMERA_3']","{'CAMERA_1': ['optical_zoom', 'long_exposure'], 'CAMERA_2': ['autofocus_points', 'long_exposure', 'preset_modes'], 'CAMERA_3': []}",C_ANYTHING_ELSE_AVAILABLE,CAMERA_2,NONE,ok do you have any other cameras,S_INTRODUCES_CAMERA,CAMERA_3,,Let me show you this. Here we have the Canon EOS 5D Mark III.,39~60
708,12,CAMERA_3,"['CAMERA_1', 'CAMERA_2', 'CAMERA_3']","{'CAMERA_1': ['optical_zoom', 'long_exposure'], 'CAMERA_2': ['autofocus_points', 'long_exposure', 'preset_modes'], 'CAMERA_3': ['settings']}",C_QUESTION_ABOUT_FEATURE,CAMERA_3,settings,what kind of settings does it have,S_ANSWERS_QUESTION_ABOUT_FEATURE,CAMERA_3,settings,This one has full manual control.,13~32
708,13,CAMERA_3,"['CAMERA_1', 'CAMERA_2', 'CAMERA_3']","{'CAMERA_1': ['optical_zoom', 'long_exposure'], 'CAMERA_2': ['autofocus_points', 'long_exposure', 'preset_modes'], 'CAMERA_3': ['settings', 'camera_type']}",C_QUESTION_ABOUT_FEATURE,CAMERA_3,camera_type,what kind of camera is this,S_ANSWERS_QUESTION_ABOUT_FEATURE,CAMERA_3,camera_type,This is a DSLR camera.,10~14
708,14,CAMERA_3,"['CAMERA_1', 'CAMERA_2', 'CAMERA_3']","{'CAMERA_1': ['optical_zoom', 'long_exposure'], 'CAMERA_2': ['autofocus_points', 'long_exposure', 'preset_modes'], 'CAMERA_3': ['settings', 'camera_type', 'resolution']}",C_QUESTION_ABOUT_FEATURE,CAMERA_3,resolution,what is the resolution,S_NOT_SURE,CAMERA_3,,I'm not really sure about that,
708,15,,"['CAMERA_1', 'CAMERA_2', 'CAMERA_3']","{'CAMERA_1': ['optical_zoom', 'long_exposure'], 'CAMERA_2': ['autofocus_points', 'long_exposure', 'preset_modes'], 'CAMERA_3': ['settings', 'camera_type', 'resolution']}",C_ANYTHING_ELSE_AVAILABLE,CAMERA_3,NONE,ok do you have any other cameras,S_THATS_ALL_WE_HAVE_AVAILABLE,CAMERA_3,,That’s all we have available at the moment.,
708,16,NONE,"['CAMERA_1', 'CAMERA_2', 'CAMERA_3']","{'CAMERA_1': ['optical_zoom', 'long_exposure'], 'CAMERA_2': ['autofocus_points', 'long_exposure', 'preset_modes'], 'CAMERA_3': ['settings', 'camera_type', 'resolution']}",C_THANK_YOU,CAMERA_3,NONE,thank you for your help,S_THANK_YOU,CAMERA_3,NONE,thank you very much,
708,17,NONE,"['CAMERA_1', 'CAMERA_2', 'CAMERA_3']","{'CAMERA_1': ['optical_zoom', 'long_exposure'], 'CAMERA_2': ['autofocus_points', 'long_exposure', 'preset_modes'], 'CAMERA_3': ['settings', 'camera_type', 'resolution']}",C_LEAVES,DOOR,NONE,,S_RETURNS_TO_COUNTER,SERVICE_COUNTER,NONE,,
709,1,NONE,[],"{'CAMERA_1': [], 'CAMERA_2': [], 'CAMERA_3': []}",C_ENTERS,DOOR,NONE,,S_NONE,SERVICE_COUNTER,NONE,,
709,2,NONE,[],"{'CAMERA_1': [], 'CAMERA_2': [], 'CAMERA_3': []}",C_WALKS_TO_CAMERA,CAMERA_2,NONE,,S_NONE,SERVICE_COUNTER,NONE,,
709,3,CAMERA_2,['CAMERA_2'],"{'CAMERA_1': [], 'CAMERA_2': ['price'], 'CAMERA_3': []}",C_QUESTION_ABOUT_FEATURE,CAMERA_2,price,how much does it cost,S_ANSWERS_QUESTION_ABOUT_FEATURE,CAMERA_2,price,This one costs $1341.,15~20
709,4,NONE,['CAMERA_2'],"{'CAMERA_1': [], 'CAMERA_2': ['price'], 'CAMERA_3': []}",C_THANK_YOU,CAMERA_2,NONE,thank you for your help,S_THANK_YOU,CAMERA_2,NONE,thank you very much,
709,5,NONE,['CAMERA_2'],"{'CAMERA_1': [], 'CAMERA_2': ['price'], 'CAMERA_3': []}",C_LEAVES,DOOR,NONE,,S_RETURNS_TO_COUNTER,SERVICE_COUNTER,NONE,,
710,1,NONE,[],"{'CAMERA_1': [], 'CAMERA_2': [], 'CAMERA_3': []}",C_ENTERS,DOOR,NONE,,S_NONE,SERVICE_COUNTER,NONE,,
710,2,NONE,[],"{'CAMERA_1': [], 'CAMERA_2': [], 'CAMERA_3': []}",C_GREETS,MIDDLE,NONE,hello,S_GREETS,MIDDLE,NONE,can I help you?,
710,3,CAMERA_3,['CAMERA_3'],"{'CAMERA_1': [], 'CAMERA_2': [], 'CAMERA_3': []}",C_LOOKING_FOR_A_CAMERA,MIDDLE,NONE,I'm looking for a camera,S_INTRODUCES_CAMERA,CAMERA_3,,Let me show you this. Here we have the Canon EOS 5D Mark III.,39~60
710,4,CAMERA_3,['CAMERA_3'],"{'CAMERA_1': [], 'CAMERA_2': [], 'CAMERA_3': ['autofocus_points']}",C_QUESTION_ABOUT_FEATURE,CAMERA_3,autofocus_points,how many autofocus points does it have,S_ANSWERS_QUESTION_ABOUT_FEATURE,CAMERA_3,autofocus_points,This one has 61 autofocus points.,13~32
710,5,CAMERA_3,['CAMERA_3'],"{'CAMERA_1': [], 'CAMERA_2': [], 'CAMERA_3': ['autofocus_points', 'settings']}",C_SILENT_OR_BACKCHANNEL,CAMERA_3,NONE,okay,S_INTRODUCES_FEATURE,CAMERA_3,settings,This one has full manual control.,13~32
710,6,NONE,['CAMERA_3'],"{'CAMERA_1': [], 'CAMERA_2': [], 'CAMERA_3': ['autofocus_points', 'settings']}",C_THANK_YOU,CAMERA_3,NONE,thank you for your help,S_THANK_YOU,CAMERA_3,NONE,thank you very much,
710,7,NONE,['CAMERA_3'],"{'CAMERA_1': [], 'CAMERA_2': [], 'CAMERA_3': ['autofocus_points', 'settings']}",C_LEAVES,DOOR,NONE,,S_RETURNS_TO_COUNTER,SERVICE_COUNTER,NONE,,
711,1,NONE,[],"{'CAMERA_1': [], 'CAMERA_2': [], 'CAMERA_3': []}",C_ENTERS,DOOR,NONE,,S_NONE,SERVICE_COUNTER,NONE,,
711,2,NONE,[],"{'CAMERA_1': [], 'CAMERA_2': [], 'CAMERA_3': []}",C_GREETS,MIDDLE,NONE,hello,S_GREETS,MIDDLE,NONE,can I help you?,
711,3,CAMERA_3,['CAMERA_3'],"{'CAMERA_1': [], 'CAMERA_2': [], 'CAMERA_3': []}",C_LOOKING_FOR_A_CAMERA,MIDDLE,NONE,I'm looking for a camera,S_INTRODUCES_CAMERA,CAMERA_3,,Let me show you this. Here we have the Canon EOS 5D Mark III.,39~60
711,4,CAMERA_3,['CAMERA_3'],"{'CAMERA_1': [], 'CAMERA_2': [], 'CAMERA_3': ['long_exposure']}",C_QUESTION_ABOUT_FEATURE,CAMERA_3,long_exposure,can it take long exposure shots,S_ANSWERS_QUESTION_ABOUT_FEATURE,CAMERA_3,long_exposure,"This one can take long exposures up to up to 30 seconds, bulb mode: expose as long as you want.",39~94
711,5,CAMERA_3,['CAMERA_3'],"{'CAMERA_1': [], 'CAMERA_2': [], 'CAMERA_3': ['long_exposure', 'camera_type']}",C_SILENT_OR_BACKCHANNEL,CAMERA_3,NONE,alright,S_INTRODUCES_FEATURE,CAMERA_3,camera_type,This is a DSLR camera.,10~14
711,6,NONE,['CAMERA_3'],"{'CAMERA_1': [], 'CAMERA_2': [], 'CAMERA_3': ['long_exposure', 'camera_type']}",C_THANK_YOU,CAMERA_3,NONE,thank you for your help,S_THANK_YOU,CAMERA_3,NONE,thank you very much,
711,7,NONE,['CAMERA_3'],"{'CAMERA_1': [], 'CAMERA_2': [], 'CAMERA_3': ['long_exposure', 'camera_type']}",C_LEAVES,DOOR,NONE,,S_RETURNS_TO_COUNTER,SERVICE_COUNTER,NONE,,
712,1,NONE,[],"{'CAMERA_1': [], 'CAMERA_2': [], 'CAMERA_3': []}",C_ENTERS,DOOR,NONE,,S_NONE,SERVICE_COUNTER,NONE,,
712,2,NONE,[],"{'CAMERA_1': [], 'CAMERA_2': [], 'CAMERA_3': []}",C_WALKS_TO_CAMERA,CAMERA_1,NONE,,S_GREETS,CAMERA_1,NONE,can I help you?,
712,3,CAMERA_3,['CAMERA_3'],"{'CAMERA_1': [], 'CAMERA_2': [], 'CAMERA_3': []}",C_LOOKING_FOR_A_CAMERA,CAMERA_1,NONE,I'm looking for a camera,S_INTRODUCES_CAMERA,CAMERA_3,,Let me show you this. Here we have the Canon EOS 5D Mark III.,39~60
712,4,CAMERA_3,['CAMERA_3'],"{'CAMERA_1': [], 'CAMERA_2': [], 'CAMERA_3': ['long_exposure']}",C_QUESTION_ABOUT_FEATURE,CAMERA_3,long_exposure,can it take long exposure shots,S_ANSWERS_QUESTION_ABOUT_FEATURE,CAMERA_3,long_exposure,"This one can take long exposures up to up to 30 seconds, bulb mode: expose as long as you want.",39~94
712,5,CAMERA_3,['CAMERA_3'],"{'CAMERA_1': [], 'CAMERA_2': [], 'CAMERA_3': ['long_exposure', 'autofocus_points']}",C_QUESTION_ABOUT_FEATURE,CAMERA_3,autofocus_points,how many autofocus points does it have,S_ANSWERS_QUESTION_ABOUT_FEATURE,CAMERA_3,autofocus_points,This one has 61 autofocus points.,13~32
712,6,CAMERA_3,['CAMERA_3'],"{'CAMERA_1': [], 'CAMERA_2': [], 'CAMERA_3': ['long_exposure', 'autofocus_points', 'color']}",C_QUESTION_ABOUT_FEATURE,CAMERA_3,color,what colors does this one come in,S_ANSWERS_QUESTION_ABOUT_FEATURE,CAMERA_3,color,This one comes in black.,18~23
712,7,CAMERA_3,['CAMERA_3'],"{'CAMERA_1': [], 'CAMERA_2': [], 'CAMERA_3': ['long_exposure', 'autofocus_points', 'color', 'optical_zoom']}",C_QUESTION_ABOUT_FEATURE,CAMERA_3,optical_zoom,does it have optical zoom,S_NOT_SURE,CAMERA_3,,I'm not really sure about that,
712,8,CAMERA_3,['CAMERA_3'],"{'CAMERA_1': [], 'CAMERA_2': [], 'CAMERA_3': ['long_exposure', 'autofocus_points', 'color', 'optical_zoom', 'ISO']}",C_QUESTION_ABOUT_FEATURE,CAMERA_3,ISO,what is the ISO,S_ANSWERS_QUESTION_ABOUT_FEATURE,CAMERA_3,ISO,This one has up to 6400 ISO with little noise.,13~45
712,9,CAMERA_3,['CAMERA_3'],"{'CAMERA_1': [], 'CAMERA_2': [], 'CAMERA_3': ['long_exposure', 'autofocus_points', 'color', 'optical_zoom', 'ISO', 'sensor_size']}",C_QUESTION_ABOUT_FEATURE,CAMERA_3,sensor_size,what is the sensor size,S_ANSWERS_QUESTION_ABOUT_FEATURE,CAMERA_3,sensor_size,This one has a full frame.,15~25
712,10,CAMERA_3,['CAMERA_3'],"{'CAMERA_1': [], 'CAMERA_2': [], 'CAMERA_3': ['long_exposure', 'autofocus_points', 'color', 'optical_zoom', 'ISO', 'sensor_size', 'price']}",C_QUESTION_ABOUT_FEATURE,CAMERA_3,price,how much does it cost,S_ANSWERS_QUESTION_ABOUT_FEATURE,CAMERA_3,price,This one costs $3706.,15~20
712,11,CAMERA_3,['CAMERA_3'],"{'CAMERA_1': [], 'CAMERA_2': [], 'CAMERA_3': ['long_exposure', 'autofocus_points', 'color', 'optical_zoom', 'ISO', 'sensor_size', 'price', 'camera_type']}",C_SILENT_OR_BACKCHANNEL,CAMERA_3,NONE,I see,S_INTRODUCES_FEATURE,CAMERA_3,camera_type,This is a DSLR camera.,10~14
712,12,CAMERA_3,['CAMERA_3'],"{'CAMERA_1': [], 'CAMERA_2': [], 'CAMERA_3': ['long_exposure', 'autofocus_points', 'color', 'optical_zoom', 'ISO', 'sensor_size', 'price', 'camera_type', 'settings']}",C_QUESTION_ABOUT_FEATURE,CAMERA_3,settings,what kind of settings does it have,S_ANSWERS_QUESTION_ABOUT_FEATURE,CAMERA_3,settings,This one has full manual control.,13~32
712,13,CAMERA_3,['CAMERA_3'],"{'CAMERA_1': [], 'CAMERA_2': [], 'CAMERA_3': ['long_exposure', 'autofocus_points', 'color', 'optical_zoom', 'ISO', 'sensor_size', 'price', 'camera_type', 'settings', 'weight']}",C_SILENT_OR_BACKCHANNEL,CAMERA_3,NONE,okay,S_INTRODUCES_FEATURE,CAMERA_3,weight,This one weighs 950 grams (only body).,16~37
712,14,CAMERA_3,['CAMERA_3'],"{'CAMERA_1': [], 'CAMERA_2': [], 'CAMERA_3': ['long_exposure', 'autofocus_points', 'color', 'optical_zoom', 'ISO', 'sensor_size', 'price', 'camera_type', 'settings', 'weight', 'price']}",C_SILENT_OR_BACKCHANNEL,CAMERA_3,NONE,alright,S_INTRODUCES_FEATURE,CAMERA_3,price,This one costs $3706.,15~20
712,15,CAMERA_3,['CAMERA_3'],"{'CAMERA_1': [], 'CAMERA_2': [], 'CAMERA_3': ['long_exposure', 'autofocus_points', 'color', 'optical_zoom', 'ISO', 'sensor_size', 'price', 'camera_type', 'settings', 'weight', 'price', 'preset_modes']}",C_QUESTION_ABOUT_FEATURE,CAMERA_3,preset_modes,does it have preset modes,S_NOT_SURE,CAMERA_3,,I'm not really sure about that,
712,16,CAMERA_3,['CAMERA_3'],"{'CAMERA_1': [], 'CAMERA_2': [], 'CAMERA_3': ['long_exposure', 'autofocus_points', 'color', 'optical_zoom', 'ISO', 'sensor_size', 'price', 'camera_type', 'settings', 'weight', 'price', 'preset_modes', 'long_exposure']}",C_SILENT_OR_BACKCHANNEL,CAMERA_3,NONE,okay,S_INTRODUCES_FEATURE,CAMERA_3,long_exposure,"This one can take long exposures up to up to 30 seconds, bulb mode: expose as long as you want.",39~94
712,17,CAMERA_3,['CAMERA_3'],"{'CAMERA_1': [], 'CAMERA_2': [], 'CAMERA_3': ['long_exposure', 'autofocus_points', 'color', 'optical_zoom', 'ISO', 'sensor_size', 'price', 'camera_type', 'settings', 'weight', 'price', 'preset_modes', 'long_exposure', 'effects']}",C_QUESTION_ABOUT_FEATURE,CAMERA_3,effects,does it have any effect modes,S_NOT_SURE,CAMERA_3,,I'm not really sure about that,
712,18,NONE,['CAMERA_3'],"{'CAMERA_1': [], 'CAMERA_2': [], 'CAMERA_3': ['long_exposure', 'autofocus_points', 'color', 'optical_zoom', 'ISO', 'sensor_size', 'price', 'camera_type', 'settings', 'weight', 'price', 'preset_modes', 'long_exposure', 'effects']}",C_THANK_YOU,CAMERA_3,NONE,thank you for your help,S_THANK_YOU,CAMERA_3,NONE,thank you very much,
712,19,NONE,['CAMERA_3'],"{'CAMERA_1': [], 'CAMERA_2': [], 'CAMERA_3': ['long_exposure', 'autofocus_points', 'color', 'optical_zoom', 'ISO', 'sensor_size', 'price', 'camera_type', 'settings', 'weight', 'price', 'preset_modes', 'long_exposure', 'effects']}",C_LEAVES,DOOR,NONE,,S_RETURNS_TO_COUNTER,SERVICE_COUNTER,NONE,,
713,1,NONE,[],"{'CAMERA_1': [], 'CAMERA_2': [], 'CAMERA_3': []}",C_ENTERS,DOOR,NONE,,S_NONE,SERVICE_COUNTER,NONE,,
713,2,NONE,[],"{'CAMERA_1': [], 'CAMERA_2': [], 'CAMERA_3': []}",C_WALKS_TO_CAMERA,CAMERA_1,NONE,,S_GREETS,CAMERA_1,NONE,can I help you?,
713,3,CAMERA_3,['CAMERA_3'],"{'CAMERA_1': [], 'CAMERA_2': [], 'CAMERA_3': []}",C_LOOKING_FOR_A_CAMERA,CAMERA_1,NONE,I'm looking for a camera,S_INTRODUCES_CAMERA,CAMERA_3,,Let me show you this. Here we have the Canon EOS 5D Mark III.,39~60
713,4,CAMERA_3,['CAMERA_3'],"{'CAMERA_1': [], 'CAMERA_2': [], 'CAMERA_3': ['settings']}",C_QUESTION_ABOUT_FEATURE,CAMERA_3,settings,what kind of settings does it have,S_ANSWERS_QUESTION_ABOUT_FEATURE,CAMERA_3,settings,This one has full manual control.,13~32
713,5,CAMERA_3,['CAMERA_3'],"{'CAMERA_1': [], 'CAMERA_2': [], 'CAMERA_3': ['settings', 'long_exposure']}",C_SILENT_OR_BACKCHANNEL,CAMERA_3,NONE,alright,S_INTRODUCES_FEATURE,CAMERA_3,long_exposure,"This one can take long exposures up to up to 30 seconds, bulb mode: expose as long as you want.",39~94
713,6,CAMERA_1,"['CAMERA_3', 'CAMERA_1']","{'CAMERA_1': [], 'CAMERA_2': [], 'CAMERA_3': ['settings', 'long_exposure']}",C_ANYTHING_ELSE_AVAILABLE,CAMERA_3,NONE,ok do you have any other cameras,S_INTRODUCES_CAMERA,CAMERA_1,,Let me show you this. Here we have the Nikon Coolpix S2800.,39~58
713,7,CAMERA_1,"['CAMERA_3', 'CAMERA_1']","{'CAMERA_1': ['color'], 'CAMERA_2': [], 'CAMERA_3': ['settings', 'long_exposure']}",C_QUESTION_ABOUT_FEATURE,CAMERA_1,color,what colors does this one come in,S_ANSWERS_QUESTION_ABOUT_FEATURE,CAMERA_1,color,"This one comes in purple, pink, black, silver, red.",18~50
713,8,CAMERA_1,"['CAMERA_3', 'CAMERA_1']","{'CAMERA_1': ['color', 'weight'], 'CAMERA_2': [], 'CAMERA_3': ['settings', 'long_exposure']}",C_SILENT_OR_BACKCHANNEL,CAMERA_1,NONE,alright,S_INTRODUCES_FEATURE,CAMERA_1,weight,This one weighs 120 grams.,16~25
713,9,NONE,"['CAMERA_3', 'CAMERA_1']","{'CAMERA_1': ['color', 'weight'], 'CAMERA_2': [], 'CAMERA_3': ['settings', 'long_exposure']}",C_THANK_YOU,CAMERA_1,NONE,thank you for your help,S_THANK_YOU,CAMERA_1,NONE,thank you very much,
713,10,NONE,"['CAMERA_3', 'CAMERA_1']","{'CAMERA_1': ['color', 'weight'], 'CAMERA_2': [], 'CAMERA_3': ['settings', 'long_exposure']}",C_LEAVES,DOOR,NONE,,S_RETURNS_TO_COUNTER,SERVICE_COUNTER,NONE,,
714,1,NONE,[],"{'CAMERA_1': [], 'CAMERA_2': [], 'CAMERA_3': []}",C_ENTERS,DOOR,NONE,,S_NONE,SERVICE_COUNTER,NONE,,
714,2,NONE,[],"{'CAMERA_1': [], 'CAMERA_2': [], 'CAMERA_3': []}",C_WALKS_TO_CAMERA,CAMERA_1,NONE,,S_NONE,SERVICE_COUNTER,NONE,,
714,3,CAMERA_1,['CAMERA_1'],"{'CAMERA_1': ['resolution'], 'CAMERA_2': [], 'CAMERA_3': []}",C_QUESTION_ABOUT_FEATURE,CAMERA_1,resolution,what is the resolution,S_ANSWERS_QUESTION_ABOUT_FEATURE,CAMERA_1,resolution,This one has 20.1 megapixels resolution.,13~28
714,4,CAMERA_1,['CAMERA_1'],"{'CAMERA_1': ['resolution', 'price'], 'CAMERA_2': [], 'CAMERA_3': []}",C_SILENT_OR_BACKCHANNEL,CAMERA_1,NONE,I see,S_INTRODUCES_FEATURE,CAMERA_1,price,This one costs $2173.,15~20
714,5,CAMERA_1,['CAMERA_1'],"{'CAMERA_1': ['resolution', 'price', 'effects'], 'CAMERA_2': [], 'CAMERA_3': []}",C_SILENT_OR_BACKCHANNEL,CAMERA_1,NONE,okay,S_INTRODUCES_FEATURE,CAMERA_1,effects,"This one has 12 glamor retouch effects (e.g. skin softening, small face, big eyes).",13~82
714,6,CAMERA_1,['CAMERA_1'],"{'CAMERA_1': ['resolution', 'price', 'effects', 'weight'], 'CAMERA_2': [], 'CAMERA_3': []}",C_QUESTION_ABOUT_FEATURE,CAMERA_1,weight,how much does this one weigh,S_ANSWERS_QUESTION_ABOUT_FEATURE,CAMERA_1,weight,This one weighs 120 grams.,16~25
714,7,NONE,['CAMERA_1'],"{'CAMERA_1': ['resolution', 'price', 'effects', 'weight'], 'CAMERA_2': [], 'CAMERA_3': []}",C_THANK_YOU,CAMERA_1,NONE,thank you for your help,S_THANK_YOU,CAMERA_1,NONE,thank you very much,
714,8,NONE,['CAMERA_1'],"{'CAMERA_1': ['resolution', 'price', 'effects', 'weight'], 'CAMERA_2': [], 'CAMERA_3': []}",C_LEAVES,DOOR,NONE,,S_RETURNS_TO_COUNTER,SERVICE_COUNTER,NONE,,
715,1,NONE,[],"{'CAMERA_1': [], 'CAMERA_2': [], 'CAMERA_3': []}",C_ENTERS,DOOR,NONE,,S_NONE,SERVICE_COUNTER,NONE,,
715,2,NONE,[],"{'CAMERA_1': [], 'CAMERA_2': [], 'CAMERA_3': []}",C_WALKS_TO_CAMERA,CAMERA_3,NONE,,S_NONE,SERVICE_COUNTER,NONE,,
715,3,NONE,[],"{'CAMERA_1': [], 'CAMERA_2': [], 'CAMERA_3': []}",C_EXAMINES_CAMERA,CAMERA_3,NONE,,S_NONE,SERVICE_COUNTER,NONE,,
715,4,NONE,[],"{'CAMERA_1': [], 'CAMERA_2': [], 'CAMERA_3': []}",C_EXAMINES_CAMERA,CAMERA_3,NONE,,S_GREETS,CAMERA_3,NONE,can I help you?,
715,5,CAMERA_3,['CAMERA_3'],"{'CAMERA_1': [], 'CAMERA_2': [], 'CAMERA_3': []}",C_LOOKING_FOR_A_CAMERA,CAMERA_3,NONE,I'm looking for a camera,S_INTRODUCES_CAMERA,CAMERA_3,,Let me show you this. Here we have the Canon EOS 5D Mark III.,39~60
715,6,CAMERA_3,['CAMERA_3'],"{'CAMERA_1': [], 'CAMERA_2': [], 'CAMERA_3': ['optical_zoom']}",C_QUESTION_ABOUT_FEATURE,CAMERA_3,optical_zoom,does it have optical zoom,S_NOT_SURE,CAMERA_3,,I'm not really sure about that,
715,7,CAMERA_3,['CAMERA_3'],"{'CAMERA_1': [], 'CAMERA_2': [], 'CAMERA_3': ['optical_zoom', 'price']}",C_QUESTION_ABOUT_FEATURE,CAMERA_3,price,how much does it cost,S_ANSWERS_QUESTION_ABOUT_FEATURE,CAMERA_3,price,This one costs $3706.,15~20
715,8,CAMERA_3,['CAMERA_3'],"{'CAMERA_1': [], 'CAMERA_2': [], 'CAMERA_3': ['optical_zoom', 'price', 'ISO']}",C_QUESTION_ABOUT_FEATURE,CAMERA_3,ISO,what is the ISO,S_ANSWERS_QUESTION_ABOUT_FEATURE,CAMERA_3,ISO,This one has up to 6400 ISO with little noise.,13~45
715,9,NONE,['CAMERA_3'],"{'CAMERA_1': [], 'CAMERA_2': [], 'CAMERA_3': ['optical_zoom', 'price', 'ISO']}",C_THANK_YOU,CAMERA_3,NONE,thank you for your help,S_THANK_YOU,CAMERA_3,NONE,thank you very much,
715,10,NONE,['CAMERA_3'],"{'CAMERA_1': [], 'CAMERA_2': [], 'CAMERA_3': ['optical_zoom', 'price', 'ISO']}",C_LEAVES,DOOR,NONE,,S_RETURNS_TO_COUNTER,SERVICE_COUNTER,NONE,,
716,1,NONE,[],"{'CAMERA_1': [], 'CAMERA_2': [], 'CAMERA_3': []}",C_ENTERS,DOOR,NONE,,S_NONE,SERVICE_COUNTER,NONE,,
716,2,NONE,[],"{'CAMERA_1': [], 'CAMERA_2': [], 'CAMERA_3': []}",C_WALKS_TO_CAMERA,CAMERA_2,NONE,,S_GREETS,CAMERA_2,NONE,can I help you?,
716,3,CAMERA_1,['CAMERA_1'],"{'CAMERA_1': [], 'CAMERA_2': [], 'CAMERA_3': []}",C_LOOKING_FOR_A_CAMERA,CAMERA_2,NONE,I'm looking for a camera,S_INTRODUCES_CAMERA,CAMERA_1,,Let me show you this. Here we have the Nikon Coolpix S2800.,39~58
716,4,CAMERA_1,['CAMERA_1'],"{'CAMERA_1': ['preset_modes'], 'CAMERA_2': [], 'CAMERA_3': []}",C_SILENT_OR_BACKCHANNEL,CAMERA_1,NONE,I see,S_INTRODUCES_FEATURE,CAMERA_1,preset_modes,"This one has 18 preset modes (e.g. beach, snow, night portrait).",13~63
716,5,NONE,['CAMERA_1'],"{'CAMERA_1': ['preset_modes'], 'CAMERA_2': [], 'CAMERA_3': []}",C_THANK_YOU,CAMERA_1,NONE,thank you for your help,S_THANK_YOU,CAMERA_1,NONE,thank you very much,
716,6,NONE,['CAMERA_1'],"{'CAMERA_1': ['preset_modes'], 'CAMERA_2': [], 'CAMERA_3': []}",C_LEAVES,DOOR,NONE,,S_RETURNS_TO_COUNTER,SERVICE_COUNTER,NONE,,
717,1,NONE,[],"{'CAMERA_1': [], 'CAMERA_2': [], 'CAMERA_3': []}",C_ENTERS,DOOR,NONE,,S_NONE,SERVICE_COUNTER,NONE,,
717,2,NONE,[],"{'CAMERA_1': [], 'CAMERA_2': [], 'CAMERA_3': []}",C_WALKS_TO_CAMERA,CAMERA_3,NONE,,S_NONE,SERVICE_COUNTER,NONE,,
717,3,NONE,[],"{'CAMERA_1': [], 'CAMERA_2': [], 'CAMERA_3': []}",C_EXAMINES_CAMERA,CAMERA_3,NONE,,S_GREETS,CAMERA_3,NONE,can I help you?,
717,4,CAMERA_3,['CAMERA_3'],"{'CAMERA_1': [], 'CAMERA_2': [], 'CAMERA_3': []}",C_LOOKING_FOR_A_CAMERA,CAMERA_3,NONE,I'm looking for a camera,S_INTRODUCES_CAMERA,CAMERA_3,,Let me show you this. Here we have the Canon EOS 5D Mark III.,39~60
717,5,CAMERA_3,['CAMERA_3'],"{'CAMERA_1': [], 'CAMERA_2': [], 'CAMERA_3': ['preset_modes']}",C_QUESTION_ABOUT_FEATURE,CAMERA_3,preset_modes,does it have preset modes,S_NOT_SURE,CAMERA_3,,I'm not really sure about that,
717,6,CAMERA_3,['CAMERA_3'],"{'CAMERA_1': [], 'CAMERA_2': [], 'CAMERA_3': ['preset_modes', 'resolution']}",C_QUESTION_ABOUT_FEATURE,CAMERA_3,resolution,what is the resolution,S_NOT_SURE,CAMERA_3,,I'm not really sure about that,
717,7,CAMERA_3,['CAMERA_3'],"{'CAMERA_1': [], 'CAMERA_2': [], 'CAMERA_3': ['preset_modes', 'resolution', 'camera_type']}",C_QUESTION_ABOUT_FEATURE,CAMERA_3,camera_type,what kind of camera is this,S_ANSWERS_QUESTION_ABOUT_FEATURE,CAMERA_3,camera_type,This is a DSLR camera.,10~14
717,8,CAMERA_3,['CAMERA_3'],"{'CAMERA_1': [], 'CAMERA_2': [], 'CAMERA_3': ['preset_modes', 'resolution', 'camera_type', 'long_exposure']}",C_SILENT_OR_BACKCHANNEL,CAMERA_3,NONE,okay,S_INTRODUCES_FEATURE,CAMERA_3,long_exposure,"This one can take long exposures up to up to 30 seconds, bulb mode: expose as long as you want.",39~94
717,9,CAMERA_3,['CAMERA_3'],"{'CAMERA_1': [], 'CAMERA_2': [], 'CAMERA_3': ['preset_modes', 'resolution', 'camera_type', 'long_exposure', 'weight']}",C_QUESTION_ABOUT_FEATURE,CAMERA_3,weight,how much does this one weigh,S_ANSWERS_QUESTION_ABOUT_FEATURE,CAMERA_3,weight,This one weighs 950 grams (only body).,16~37
717,10,CAMERA_3,['CAMERA_3'],"{'CAMERA_1': [], 'CAMERA_2': [], 'CAMERA_3': ['preset_modes', 'resolution', 'camera_type', 'long_exposure', 'weight', 'optical_zoom']}",C_QUESTION_ABOUT_FEATURE,CAMERA_3,optical_zoom,does it have optical zoom,S_NOT_SURE,CAMERA_3,,I'm not really sure about that,
717,11,CAMERA_3,['CAMERA_3'],"{'CAMERA_1': [], 'CAMERA_2': [], 'CAMERA_3': ['preset_modes', 'resolution', 'camera_type', 'long_exposure', 'weight', 'optical_zoom', 'sensor_size']}",C_QUESTION_ABOUT_FEATURE,CAMERA_3,sensor_size,what is the sensor size,S_ANSWERS_QUESTION_ABOUT_FEATURE,CAMERA_3,sensor_size,This one has a full frame.,15~25
717,12,CAMERA_3,['CAMERA_3'],"{'CAMERA_1': [], 'CAMERA_2': [], 'CAMERA_3': ['preset_modes', 'resolution', 'camera_type', 'long_exposure', 'weight', 'optical_zoom', 'sensor_size', 'autofocus_points']}",C_SILENT_OR_BACKCHANNEL,CAMERA_3,NONE,I see,S_INTRODUCES_FEATURE,CAMERA_3,autofocus_points,This one has 61 autofocus points.,13~32
717,13,CAMERA_3,['CAMERA_3'],"{'CAMERA_1': [], 'CAMERA_2': [], 'CAMERA_3': ['preset_modes', 'resolution', 'camera_type', 'long_exposure', 'weight', 'optical_zoom', 'sensor_size', 'autofocus_points', 'settings']}",C_QUESTION_ABOUT_FEATURE,CAMERA_3,settings,what kind of settings does it have,S_ANSWERS_QUESTION_ABOUT_FEATURE,CAMERA_3,settings,This one has full manual control.,13~32
717,14,CAMERA_3,['CAMERA_3'],"{'CAMERA_1': [], 'CAMERA_2': [], 'CAMERA_3': ['preset_modes', 'resolution', 'camera_type', 'long_exposure', 'weight', 'optical_zoom', 'sensor_size', 'autofocus_points', 'settings', 'effects']}",C_QUESTION_ABOUT_FEATURE,CAMERA_3,effects,does it have any effect modes,S_NOT_SURE,CAMERA_3,,I'm not really sure about that,
717,15,CAMERA_3,['CAMERA_3'],"{'CAMERA_1': [], 'CAMERA_2': [], 'CAMERA_3': ['preset_modes', 'resolution', 'camera_type', 'long_exposure', 'weight', 'optical_zoom', 'sensor_size', 'autofocus_points', 'settings', 'effects', 'price']}",C_SILENT_OR_BACKCHANNEL,CAMERA_3,NONE,I see,S_INTRODUCES_FEATURE,CAMERA_3,price,This one costs $3706.,15~20
717,16,CAMERA_3,['CAMERA_3'],"{'CAMERA_1': [], 'CAMERA_2': [], 'CAMERA_3': ['preset_modes', 'resolution', 'camera_type', 'long_exposure', 'weight', 'optical_zoom', 'sensor_size', 'autofocus_points', 'settings', 'effects', 'price', 'color']}",C_SILENT_OR_BACKCHANNEL,CAMERA_3,NONE,I see,S_INTRODUCES_FEATURE,CAMERA_3,color,This one comes in black.,18~23
717,17,NONE,['CAMERA_3'],"{'CAMERA_1': [], 'CAMERA_2': [], 'CAMERA_3': ['preset_modes', 'resolution', 'camera_type', 'long_exposure', 'weight', 'optical_zoom', 'sensor_size', 'autofocus_points', 'settings', 'effects', 'price', 'color']}",C_THANK_YOU,CAMERA_3,NONE,thank you for your help,S_THANK_YOU,CAMERA_3,NONE,thank you very much,
717,18,NONE,['CAMERA_3'],"{'CAMERA_1': [], 'CAMERA_2': [], 'CAMERA_3': ['preset_modes', 'resolution', 'camera_type', 'long_exposure', 'weight', 'optical_zoom', 'sensor_size', 'autofocus_points', 'settings', 'effects', 'price', 'color']}",C_LEAVES,DOOR,NONE,,S_RETURNS_TO_COUNTER,SERVICE_COUNTER,NONE,,
718,1,NONE,[],"{'CAMERA_1': [], 'CAMERA_2': [], 'CAMERA_3': []}",C_ENTERS,DOOR,NONE,,S_NONE,SERVICE_COUNTER,NONE,,
718,2,NONE,[],"{'CAMERA_1': [], 'CAMERA_2': [], 'CAMERA_3': []}",C_GREETS,MIDDLE,NONE,hello,S_GREETS,MIDDLE,NONE,can I help you?,
718,3,CAMERA_3,['CAMERA_3'],"{'CAMERA_1': [], 'CAMERA_2': [], 'CAMERA_3': []}",C_LOOKING_FOR_A_CAMERA,MIDDLE,NONE,I'm looking for a camera,S_INTRODUCES_CAMERA,CAMERA_3,,Let me show you this. Here we have the Canon EOS 5D Mark III.,39~60
718,4,CAMERA_3,['CAMERA_3'],"{'CAMERA_1': [], 'CAMERA_2': [], 'CAMERA_3': ['weight']}",C_QUESTION_ABOUT_FEATURE,CAMERA_3,weight,how much does this one weigh,S_ANSWERS_QUESTION_ABOUT_FEATURE,CAMERA_3,weight,This one weighs 950 grams (only body).,16~37
718,5,CAMERA_3,['CAMERA_3'],"{'CAMERA_1': [], 'CAMERA_2': [], 'CAMERA_3': ['weight', 'settings']}",C_SILENT_OR_BACKCHANNEL,CAMERA_3,NONE,alright,S_INTRODUCES_FEATURE,CAMERA_3,settings,This one has full manual control.,13~32
718,6,CAMERA_3,['CAMERA_3'],"{'CAMERA_1': [], 'CAMERA_2': [], 'CAMERA_3': ['weight', 'settings', 'price']}",C_SILENT_OR_BACKCHANNEL,CAMERA_3,NONE,I see,S_INTRODUCES_FEATURE,CAMERA_3,price,This one costs $3706.,15~20
718,7,CAMERA_3,['CAMERA_3'],"{'CAMERA_1': [], 'CAMERA_2': [], 'CAMERA_3': ['weight', 'settings', 'price', 'autofocus_points']}",C_QUESTION_ABOUT_FEATURE,CAMERA_3,autofocus_points,how many autofocus points does it have,S_ANSWERS_QUESTION_ABOUT_FEATURE,CAMERA_3,autofocus_points,This one has 61 autofocus points.,13~32
718,8,CAMERA_3,['CAMERA_3'],"{'CAMERA_1': [], 'CAMERA_2': [], 'CAMERA_3': ['weight', 'settings', 'price', 'autofocus_points', 'color']}",C_QUESTION_ABOUT_FEATURE,CAMERA_3,color,what colors does this one come in,S_ANSWERS_QUESTION_ABOUT_FEATURE,CAMERA_3,color,This one comes in black.,18~23
718,9,CAMERA_3,['CAMERA_3'],"{'CAMERA_1': [], 'CAMERA_2': [], 'CAMERA_3': ['weight', 'settings', 'price', 'autofocus_points', 'color', 'resolution']}",C_QUESTION_ABOUT_FEATURE,CAMERA_3,resolution,what is the resolution,S_NOT_SURE,CAMERA_3,,I'm not really sure about that,
718,10,CAMERA_3,['CAMERA_3'],"{'CAMERA_1': [], 'CAMERA_2': [], 'CAMERA_3': ['weight', 'settings', 'price', 'autofocus_points', 'color', 'resolution', 'long_exposure']}",C_SILENT_OR_BACKCHANNEL,CAMERA_3,NONE,okay,S_INTRODUCES_FEATURE,CAMERA_3,long_exposure,"This one can take long exposures up to up to 30 seconds, bulb mode: expose as long as you want.",39~94
718,11,CAMERA_3,['CAMERA_3'],"{'CAMERA_1': [], 'CAMERA_2': [], 'CAMERA_3': ['weight', 'settings', 'price', 'autofocus_points', 'color', 'resolution', 'long_exposure', 'ISO']}",C_SILENT_OR_BACKCHANNEL,CAMERA_3,NONE,alright,S_INTRODUCES_FEATURE,CAMERA_3,ISO,This one has up to 6400 ISO with little noise.,13~45
718,12,CAMERA_3,['CAMERA_3'],"{'CAMERA_1': [], 'CAMERA_2': [], 'CAMERA_3': ['weight', 'settings', 'price', 'autofocus_points', 'color', 'resolution', 'long_exposure', 'ISO', 'sensor_size']}",C_QUESTION_ABOUT_FEATURE,CAMERA_3,sensor_size,what is the sensor size,S_ANSWERS_QUESTION_ABOUT_FEATURE,CAMERA_3,sensor_size,This one has a full frame.,15~25
718,13,CAMERA_3,['CAMERA_3'],"{'CAMERA_1': [], 'CAMERA_2': [], 'CAMERA_3': ['weight', 'settings', 'price', 'autofocus_points', 'color', 'resolution', 'long_exposure', 'ISO', 'sensor_size', 'camera_type']}",C_QUESTION_ABOUT_FEATURE,CAMERA_3,camera_type,what kind of camera is this,S_ANSWERS_QUESTION_ABOUT_FEATURE,CAMERA_3,camera_type,This is a DSLR camera.,10~14
718,14,CAMERA_3,['CAMERA_3'],"{'CAMERA_1': [], 'CAMERA_2': [], 'CAMERA_3': ['weight', 'settings', 'price', 'autofocus_points', 'color', 'resolution', 'long_exposure', 'ISO', 'sensor_size', 'camera_type', 'effects']}",C_QUESTION_ABOUT_FEATURE,CAMERA_3,effects,does it have any effect modes,S_NOT_SURE,CAMERA_3,,I'm not really sure about that,
718,15,CAMERA_2,"['CAMERA_3', 'CAMERA_2']","{'CAMERA_1': [], 'CAMERA_2': [], 'CAMERA_3': ['weight', 'settings', 'price', 'autofocus_points', 'color', 'resolution', 'long_exposure', 'ISO', 'sensor_size', 'camera_type', 'effects']}",C_ANYTHING_ELSE_AVAILABLE,CAMERA_3,NONE,ok do you have any other cameras,S_INTRODUCES_CAMERA,CAMERA_2,,Let me show you this. Here we have the Sony Alpha a6000.,39~55
718,16,CAMERA_2,"['CAMERA_3', 'CAMERA_2']","{'CAMERA_1': [], 'CAMERA_2': ['price'], 'CAMERA_3': ['weight', 'settings', 'price', 'autofocus_points', 'color', 'resolution', 'long_exposure', 'ISO', 'sensor_size', 'camera_type', 'effects']}",C_QUESTION_ABOUT_FEATURE,CAMERA_2,price,how much does it cost,S_ANSWERS_QUESTION_ABOUT_FEATURE,CAMERA_2,price,This one costs $1341.,15~20
718,17,CAMERA_2,"['CAMERA_3', 'CAMERA_2']","{'CAMERA_1': [], 'CAMERA_2': ['price', 'settings'], 'CAMERA_3': ['weight', 'settings', 'price', 'autofocus_points', 'color', 'resolution', 'long_exposure', 'ISO', 'sensor_size', 'camera_type', 'effects']}",C_SILENT_OR_BACKCHANNEL,CAMERA_2,NONE,okay,S_INTRODUCES_FEATURE,CAMERA_2,settings,This one has full manual control.,13~32
718,18,CAMERA_2,"['CAMERA_3', 'CAMERA_2']","{'CAMERA_1': [], 'CAMERA_2': ['price', 'settings', 'ISO'], 'CAMERA_3': ['weight', 'settings', 'price', 'autofocus_points', 'color', 'resolution', 'long_exposure', 'ISO', 'sensor_size', 'camera_type', 'effects']}",C_SILENT_OR_BACKCHANNEL,CAMERA_2,NONE,alright,S_INTRODUCES_FEATURE,CAMERA_2,ISO,This one has up to 3200 ISO with little noise.,13~45
718,19,CAMERA_2,"['CAMERA_3', 'CAMERA_2']","{'CAMERA_1': [], 'CAMERA_2': ['price', 'settings', 'ISO', 'camera_type'], 'CAMERA_3': ['weight', 'settings', 'price', 'autofocus_points', 'color', 'resolution', 'long_exposure', 'ISO', 'sensor_size', 'camera_type', 'effects']}",C_SILENT_OR_BACKCHANNEL,CAMERA_2,NONE,alright,S_INTRODUCES_FEATURE,CAMERA_2,camera_type,This is a mirrorless camera.,10~20
718,20,CAMERA_2,"['CAMERA_3', 'CAMERA_2']","{'CAMERA_1': [], 'CAMERA_2': ['price', 'settings', 'ISO', 'camera_type', 'autofocus_points'], 'CAMERA_3': ['weight', 'settings', 'price', 'autofocus_points', 'color', 'resolution', 'long_exposure', 'ISO', 'sensor_size', 'camera_type', 'effects']}",C_SILENT_OR_BACKCHANNEL,CAMERA_2,NONE,I see,S_INTRODUCES_FEATURE,CAMERA_2,autofocus_points,This one has 179 autofocus points.,13~33
718,21,CAMERA_2,"['CAMERA_3', 'CAMERA_2']","{'CAMERA_1': [], 'CAMERA_2': ['price', 'settings', 'ISO', 'camera_type', 'autofocus_points', 'optical_zoom'], 'CAMERA_3': ['weight', 'settings', 'price', 'autofocus_points', 'color', 'resolution', 'long_exposure', 'ISO', 'sensor_size', 'camera_type', 'effects']}",C_QUESTION_ABOUT_FEATURE,CAMERA_2,optical_zoom,does it have optical zoom,S_NOT_SURE,CAMERA_2,,I'm not really sure about that,
718,22,CAMERA_2,"['CAMERA_3', 'CAMERA_2']","{'CAMERA_1': [], 'CAMERA_2': ['price', 'settings', 'ISO', 'camera_type', 'autofocus_points', 'optical_zoom', 'preset_modes'], 'CAMERA_3': ['weight', 'settings', 'price', 'autofocus_points', 'color', 'resolution', 'long_exposure', 'ISO', 'sensor_size', 'camera_type', 'effects']}",C_QUESTION_ABOUT_FEATURE,CAMERA_2,preset_modes,does it have preset modes,S_ANSWERS_QUESTION_ABOUT_FEATURE,CAMERA_2,preset_modes,"This one has 9 preset modes (e.g. beach, snow, night, portrait).",13~63
718,23,CAMERA_2,"['CAMERA_3', 'CAMERA_2']","{'CAMERA_1': [], 'CAMERA_2': ['price', 'settings', 'ISO', 'camera_type', 'autofocus_points', 'optical_zoom', 'preset_modes', 'effects'], 'CAMERA_3': ['weight', 'settings', 'price', 'autofocus_points', 'color', 'resolution', 'long_exposure', 'ISO', 'sensor_size', 'camera_type', 'effects']}",C_QUESTION_ABOUT_FEATURE,CAMERA_2,effects,does it have any effect modes,S_ANSWERS_QUESTION_ABOUT_FEATURE,CAMERA_2,effects,"This one has 13 artistic effect modes (e.g. toy camera, soft focus).",13~67
718,24,CAMERA_1,"['CAMERA_3', 'CAMERA_2', 'CAMERA_1']","{'CAMERA_1': [], 'CAMERA_2': ['price', 'settings', 'ISO', 'camera_type', 'autofocus_points', 'optical_zoom', 'preset_modes', 'effects'], 'CAMERA_3': ['weight', 'settings', 'price', 'autofocus_points', 'color', 'resolution', 'long_exposure', 'ISO', 'sensor_size', 'camera_type', 'effects']}",C_ANYTHING_ELSE_AVAILABLE,CAMERA_2,NONE,ok do you have any other cameras,S_INTRODUCES_CAMERA,CAMERA_1,,Let me show you this. Here we have the Nikon Coolpix S2800.,39~58
718,25,CAMERA_1,"['CAMERA_3', 'CAMERA_2', 'CAMERA_1']","{'CAMERA_1': ['price'], 'CAMERA_2': ['price', 'settings', 'ISO', 'camera_type', 'autofocus_points', 'optical_zoom', 'preset_modes', 'effects'], 'CAMERA_3': ['weight', 'settings', 'price', 'autofocus_points', 'color', 'resolution', 'long_exposure', 'ISO', 'sensor_size', 'camera_type', 'effects']}",C_SILENT_OR_BACKCHANNEL,CAMERA_1,NONE,I see,S_INTRODUCES_FEATURE,CAMERA_1,price,This one costs $2173.,15~20
718,26,CAMERA_1,"['CAMERA_3', 'CAMERA_2', 'CAMERA_1']","{'CAMERA_1': ['price', 'color'], 'CAMERA_2': ['price', 'settings', 'ISO', 'camera_type', 'autofocus_points', 'optical_zoom', 'preset_modes', 'effects'], 'CAMERA_3': ['weight', 'settings', 'price', 'autofocus_points', 'color', 'resolution', 'long_exposure', 'ISO', 'sensor_size', 'camera_type', 'effects']}",C_QUESTION_ABOUT_FEATURE,CAMERA_1,color,what colors does this one come in,S_ANSWERS_QUESTION_ABOUT_FEATURE,CAMERA_1,color,"This one comes in purple, pink, black, silver, red.",18~50
718,27,CAMERA_1,"['CAMERA_3', 'CAMERA_2', 'CAMERA_1']","{'CAMERA_1': ['price', 'color', 'settings'], 'CAMERA_2': ['price', 'settings', 'ISO', 'camera_type', 'autofocus_points', 'optical_zoom', 'preset_modes', 'effects'], 'CAMERA_3': ['weight', 'settings', 'price', 'autofocus_points', 'color', 'resolution', 'long_exposure', 'ISO', 'sensor_size', 'camera_type', 'effects']}",C_QUESTION_ABOUT_FEATURE,CAMERA_1,settings,what kind of settings does it have,S_ANSWERS_QUESTION_ABOUT_FEATURE,CAMERA_1,settings,This one has limited manual settings.,13~36
718,28,CAMERA_1,"['CAMERA_3', 'CAMERA_2', 'CAMERA_1']","{'CAMERA_1': ['price', 'color', 'settings', 'camera_type'], 'CAMERA_2': ['price', 'settings', 'ISO', 'camera_type', 'autofocus_points', 'optical_zoom', 'preset_modes', 'effects'], 'CAMERA_3': ['weight', 'settings', 'price', 'autofocus_points', 'color', 'resolution', 'long_exposure', 'ISO', 'sensor_size', 'camera_type', 'effects']}",C_QUESTION_ABOUT_FEATURE,CAMERA_1,camera_type,what kind of camera is this,S_ANSWERS_QUESTION_ABOUT_FEATURE,CAMERA_1,camera_type,This is a point and shoot camera.,10~25
718,29,NONE,"['CAMERA_3', 'CAMERA_2', 'CAMERA_1']","{'CAMERA_1': ['price', 'color', 'settings', 'camera_type'], 'CAMERA_2': ['price', 'settings', 'ISO', 'camera_type', 'autofocus_points', 'optical_zoom', 'preset_modes', 'effects'], 'CAMERA_3': ['weight', 'settings', 'price', 'autofocus_points', 'color', 'resolution', 'long_exposure', 'ISO', 'sensor_size', 'camera_type', 'effects']}",C_THANK_YOU,CAMERA_1,NONE,thank you for your help,S_THANK_YOU,CAMERA_1,NONE,thank you very much,
718,30,NONE,"['CAMERA_3', 'CAMERA_2', 'CAMERA_1']","{'CAMERA_1': ['price', 'color', 'settings', 'camera_type'], 'CAMERA_2': ['price', 'settings', 'ISO', 'camera_type', 'autofocus_points', 'optical_zoom', 'preset_modes', 'effects'], 'CAMERA_3': ['weight', 'settings', 'price', 'autofocus_points', 'color', 'resolution', 'long_exposure', 'ISO', 'sensor_size', 'camera_type', 'effects']}",C_LEAVES,DOOR,NONE,,S_RETURNS_TO_COUNTER,SERVICE_COUNTER,NONE,,
719,1,NONE,[],"{'CAMERA_1': [], 'CAMERA_2': [], 'CAMERA_3': []}",C_ENTERS,DOOR,NONE,,S_NONE,SERVICE_COUNTER,NONE,,
719,2,NONE,[],"{'CAMERA_1': [], 'CAMERA_2': [], 'CAMERA_3': []}",C_GREETS,MIDDLE,NONE,hello,S_GREETS,MIDDLE,NONE,can I help you?,
719,3,CAMERA_3,['CAMERA_3'],"{'CAMERA_1': [], 'CAMERA_2': [], 'CAMERA_3': []}",C_LOOKING_FOR_A_CAMERA,MIDDLE,NONE,I'm looking for a camera,S_INTRODUCES_CAMERA,CAMERA_3,,Let me show you this. Here we have the Canon EOS 5D Mark III.,39~60
719,4,CAMERA_3,['CAMERA_3'],"{'CAMERA_1': [], 'CAMERA_2': [], 'CAMERA_3': ['autofocus_points']}",C_SILENT_OR_BACKCHANNEL,CAMERA_3,NONE,alright,S_INTRODUCES_FEATURE,CAMERA_3,autofocus_points,This one has 61 autofocus points.,13~32
719,5,CAMERA_2,"['CAMERA_3', 'CAMERA_2']","{'CAMERA_1': [], 'CAMERA_2': [], 'CAMERA_3': ['autofocus_points']}",C_ANYTHING_ELSE_AVAILABLE,CAMERA_3,NONE,ok do you have any other cameras,S_INTRODUCES_CAMERA,CAMERA_2,,Let me show you this. Here we have the Sony Alpha a6000.,39~55
719,6,CAMERA_2,"['CAMERA_3', 'CAMERA_2']","{'CAMERA_1': [], 'CAMERA_2': ['autofocus_points'], 'CAMERA_3': ['autofocus_points']}",C_QUESTION_ABOUT_FEATURE,CAMERA_2,autofocus_points,how many autofocus points does it have,S_ANSWERS_QUESTION_ABOUT_FEATURE,CAMERA_2,autofocus_points,This one has 179 autofocus points.,13~33
719,7,CAMERA_2,"['CAMERA_3', 'CAMERA_2']","{'CAMERA_1': [], 'CAMERA_2': ['autofocus_points', 'effects'], 'CAMERA_3': ['autofocus_points']}",C_QUESTION_ABOUT_FEATURE,CAMERA_2,effects,does it have any effect modes,S_ANSWERS_QUESTION_ABOUT_FEATURE,CAMERA_2,effects,"This one has 13 artistic effect modes (e.g. toy camera, soft focus).",13~67
719,8,CAMERA_2,"['CAMERA_3', 'CAMERA_2']","{'CAMERA_1': [], 'CAMERA_2': ['autofocus_points', 'effects', 'weight'], 'CAMERA_3': ['autofocus_points']}",C_QUESTION_ABOUT_FEATURE,CAMERA_2,weight,how much does this one weigh,S_ANSWERS_QUESTION_ABOUT_FEATURE,CAMERA_2,weight,This one weighs 470 grams.,16~25
719,9,CAMERA_2,"['CAMERA_3', 'CAMERA_2']","{'CAMERA_1': [], 'CAMERA_2': ['autofocus_points', 'effects', 'weight', 'ISO'], 'CAMERA_3': ['autofocus_points']}",C_SILENT_OR_BACKCHANNEL,CAMERA_2,NONE,alright,S_INTRODUCES_FEATURE,CAMERA_2,ISO,This one has up to 3200 ISO with little noise.,13~45
719,10,NONE,"['CAMERA_3', 'CAMERA_2']","{'CAMERA_1': [], 'CAMERA_2': ['autofocus_points', 'effects', 'weight', 'ISO'], 'CAMERA_3': ['autofocus_points']}",C_THANK_YOU,CAMERA_2,NONE,thank you for your help,S_THANK_YOU,CAMERA_2,NONE,thank you very much,
719,11,NONE,"['CAMERA_3', 'CAMERA_2']","{'CAMERA_1': [], 'CAMERA_2': ['autofocus_points', 'effects', 'weight', 'ISO'], 'CAMERA_3': ['autofocus_points']}",C_LEAVES,DOOR,NONE,,S_RETURNS_TO_COUNTER,SERVICE_COUNTER,NONE,,
720,1,NONE,[],"{'CAMERA_1': [], 'CAMERA_2': [], 'CAMERA_3': []}",C_ENTERS,DOOR,NONE,,S_NONE,SERVICE_COUNTER,NONE,,
720,2,NONE,[],"{'CAMERA_1': [], 'CAMERA_2': [], 'CAMERA_3': []}",C_WALKS_TO_CAMERA,CAMERA_1,NONE,,S_NONE,SERVICE_COUNTER,NONE,,
720,3,CAMERA_1,['CAMERA_1'],"{'CAMERA_1': ['ISO'], 'CAMERA_2': [], 'CAMERA_3': []}",C_QUESTION_ABOUT_FEATURE,CAMERA_1,ISO,what is the ISO,S_NOT_SURE,CAMERA_1,,I'm not really sure about that,
720,4,CAMERA_1,['CAMERA_1'],"{'CAMERA_1': ['ISO', 'price'], 'CAMERA_2': [], 'CAMERA_3': []}",C_QUESTION_ABOUT_FEATURE,CAMERA_1,price,how much does it cost,S_ANSWERS_QUESTION_ABOUT_FEATURE,CAMERA_1,price,This one costs $2173.,15~20
720,5,CAMERA_1,['CAMERA_1'],"{'CAMERA_1': ['ISO', 'price', 'weight'], 'CAMERA_2': [], 'CAMERA_3': []}",C_QUESTION_ABOUT_FEATURE,CAMERA_1,weight,how much does this one weigh,S_ANSWERS_QUESTION_ABOUT_FEATURE,CAMERA_1,weight,This one weighs 120 grams.,16~25
720,6,CAMERA_1,['CAMERA_1'],"{'CAMERA_1': ['ISO', 'price', 'weight', 'settings'], 'CAMERA_2': [], 'CAMERA_3': []}",C_QUESTION_ABOUT_FEATURE,CAMERA_1,settings,what kind of settings does it have,S_ANSWERS_QUESTION_ABOUT_FEATURE,CAMERA_1,settings,This one has limited manual settings.,13~36
720,7,CAMERA_1,['CAMERA_1'],"{'CAMERA_1': ['ISO', 'price', 'weight', 'settings', 'autofocus_points'], 'CAMERA_2': [], 'CAMERA_3': []}",C_QUESTION_ABOUT_FEATURE,CAMERA_1,autofocus_points,how many autofocus points does it have,S_NOT_SURE,CAMERA_1,,I'm not really sure about that,
720,8,CAMERA_1,['CAMERA_1'],"{'CAMERA_1': ['ISO', 'price', 'weight', 'settings', 'autofocus_points', 'color'], 'CAMERA_2': [], 'CAMERA_3': []}",C_SILENT_OR_BACKCHANNEL,CAMERA_1,NONE,okay,S_INTRODUCES_FEATURE,CAMERA_1,color,"This one comes in purple, pink, black, silver, red.",18~50
720,9,CAMERA_3,"['CAMERA_1', 'CAMERA_3']","{'CAMERA_1': ['ISO', 'price', 'weight', 'settings', 'autofocus_points', 'color'], 'CAMERA_2': [], 'CAMERA_3': []}",C_ANYTHING_ELSE_AVAILABLE,CAMERA_1,NONE,ok do you have any other cameras,S_INTRODUCES_CAMERA,CAMERA_3,,Let me show you this. Here we have the Canon EOS 5D Mark III.,39~60
720,10,CAMERA_3,"['CAMERA_1', 'CAMERA_3']","{'CAMERA_1': ['ISO', 'price', 'weight', 'settings', 'autofocus_points', 'color'], 'CAMERA_2': [], 'CAMERA_3': ['camera_type']}",C_QUESTION_ABOUT_FEATURE,CAMERA_3,camera_type,what kind of camera is this,S_ANSWERS_QUESTION_ABOUT_FEATURE,CAMERA_3,camera_type,This is a DSLR camera.,10~14
720,11,CAMERA_3,"['CAMERA_1', 'CAMERA_3']","{'CAMERA_1': ['ISO', 'price', 'weight', 'settings', 'autofocus_points', 'color'], 'CAMERA_2': [], 'CAMERA_3': ['camera_type', 'long_exposure']}",C_SILENT_OR_BACKCHANNEL,CAMERA_3,NONE,I see,S_INTRODUCES_FEATURE,CAMERA_3,long_exposure,"This one can take long exposures up to up to 30 seconds, bulb mode: expose as long as you want.",39~94
720,12,CAMERA_3,"['CAMERA_1', 'CAMERA_3']","{'CAMERA_1': ['ISO', 'price', 'weight', 'settings', 'autofocus_points', 'color'], 'CAMERA_2': [], 'CAMERA_3': ['camera_type', 'long_exposure', 'autofocus_points']}",C_SILENT_OR_BACKCHANNEL,CAMERA_3,NONE,I see,S_INTRODUCES_FEATURE,CAMERA_3,autofocus_points,This one has 61 autofocus points.,13~32
720,13,CAMERA_3,"['CAMERA_1', 'CAMERA_3']","{'CAMERA_1': ['ISO', 'price', 'weight', 'settings', 'autofocus_points', 'color'], 'CAMERA_2': [], 'CAMERA_3': ['camera_type', 'long_exposure', 'autofocus_points', 'price']}",C_SILENT_OR_BACKCHANNEL,CAMERA_3,NONE,okay,S_INTRODUCES_FEATURE,CAMERA_3,price,This one costs $3706.,15~20
720,14,CAMERA_3,"['CAMERA_1', 'CAMERA_3']","{'CAMERA_1': ['ISO', 'price', 'weight', 'settings', 'autofocus_points', 'color'], 'CAMERA_2': [], 'CAMERA_3': ['camera_type', 'long_exposure', 'autofocus_points', 'price', 'preset_modes']}",C_QUESTION_ABOUT_FEATURE,CAMERA_3,preset_modes,does it have preset modes,S_NOT_SURE,CAMERA_3,,I'm not really sure about that,
720,15,CAMERA_2,"['CAMERA_1', 'CAMERA_3', 'CAMERA_2']","{'CAMERA_1': ['ISO', 'price', 'weight', 'settings', 'autofocus_points', 'color'], 'CAMERA_2': [], 'CAMERA_3': ['camera_type', 'long_exposure', 'autofocus_points', 'price', 'preset_modes']}",C_ANYTHING_ELSE_AVAILABLE,CAMERA_3,NONE,ok do you have any other cameras,S_INTRODUCES_CAMERA,CAMERA_2,,Let me show you this. Here we have the Sony Alpha a6000.,39~55
720,16,CAMERA_2,"['CAMERA_1', 'CAMERA_3', 'CAMERA_2']","{'CAMERA_1': ['ISO', 'price', 'weight', 'settings', 'autofocus_points', 'color'], 'CAMERA_2': ['resolution'], 'CAMERA_3': ['camera_type', 'long_exposure', 'autofocus_points', 'price', 'preset_modes']}",C_QUESTION_ABOUT_FEATURE,CAMERA_2,resolution,what is the resolution,S_NOT_SURE,CAMERA_2,,I'm not really sure about that,
720,17,,"['CAMERA_1', 'CAMERA_3', 'CAMERA_2']","{'CAMERA_1': ['ISO', 'price', 'weight', 'settings', 'autofocus_points', 'color'], 'CAMERA_2': ['resolution'], 'CAMERA_3': ['camera_type', 'long_exposure', 'autofocus_points', 'price', 'preset_modes']}",C_ANYTHING_ELSE_AVAILABLE,CAMERA_2,NONE,ok do you have any other cameras,S_THATS_ALL_WE_HAVE_AVAILABLE,CAMERA_2,,That’s all we have available at the moment.,
720,18,NONE,"['CAMERA_1', 'CAMERA_3', 'CAMERA_2']","{'CAMERA_1': ['ISO', 'price', 'weight', 'settings', 'autofocus_points', 'color'], 'CAMERA_2': ['resolution'], 'CAMERA_3': ['camera_type', 'long_exposure', 'autofocus_points', 'price', 'preset_modes']}",C_THANK_YOU,CAMERA_2,NONE,thank you for your help,S_THANK_YOU,CAMERA_2,NONE,thank you very much,
720,19,NONE,"['CAMERA_1', 'CAMERA_3', 'CAMERA_2']","{'CAMERA_1': ['ISO', 'price', 'weight', 'settings', 'autofocus_points', 'color'], 'CAMERA_2': ['resolution'], 'CAMERA_3': ['camera_type', 'long_exposure', 'autofocus_points', 'price', 'preset_modes']}",C_LEAVES,DOOR,NONE,,S_RETURNS_TO_COUNTER,SERVICE_COUNTER,NONE,,
721,1,NONE,[],"{'CAMERA_1': [], 'CAMERA_2': [], 'CAMERA_3': []}",C_ENTERS,DOOR,NONE,,S_NONE,SERVICE_COUNTER,NONE,,
721,2,NONE,[],"{'CAMERA_1': [], 'CAMERA_2': [], 'CAMERA_3': []}",C_WALKS_TO_CAMERA,CAMERA_3,NONE,,S_GREETS,CAMERA_3,NONE,can I help you?,
721,3,CAMERA_3,['CAMERA_3'],"{'CAMERA_1': [], 'CAMERA_2': [], 'CAMERA_3': []}",C_LOOKING_FOR_A_CAMERA,CAMERA_3,NONE,I'm looking for a camera,S_INTRODUCES_CAMERA,CAMERA_3,,Let me show you this. Here we have the Canon EOS 5D Mark III.,39~60
721,4,CAMERA_3,['CAMERA_3'],"{'CAMERA_1': [], 'CAMERA_2': [], 'CAMERA_3': ['autofocus_points']}",C_SILENT_OR_BACKCHANNEL,CAMERA_3,NONE,I see,S_INTRODUCES_FEATURE,CAMERA_3,autofocus_points,This one has 61 autofocus points.,13~32
721,5,CAMERA_3,['CAMERA_3'],"{'CAMERA_1': [], 'CAMERA_2': [], 'CAMERA_3': ['autofocus_points', 'settings']}",C_SILENT_OR_BACKCHANNEL,CAMERA_3,NONE,okay,S_INTRODUCES_FEATURE,CAMERA_3,settings,This one has full manual control.,13~32
721,6,CAMERA_3,['CAMERA_3'],"{'CAMERA_1': [], 'CAMERA_2': [], 'CAMERA_3': ['autofocus_points', 'settings', 'resolution']}",C_QUESTION_ABOUT_FEATURE,CAMERA_3,resolution,what is the resolution,S_NOT_SURE,CAMERA_3,,I'm not really sure about that,
721,7,CAMERA_3,['CAMERA_3'],"{'CAMERA_1': [], 'CAMERA_2': [], 'CAMERA_3': ['autofocus_points', 'settings', 'resolution', 'sensor_size']}",C_QUESTION_ABOUT_FEATURE,CAMERA_3,sensor_size,what is the sensor size,S_ANSWERS_QUESTION_ABOUT_FEATURE,CAMERA_3,sensor_size,This one has a full frame.,15~25
721,8,CAMERA_3,['CAMERA_3'],"{'CAMERA_1': [], 'CAMERA_2': [], 'CAMERA_3': ['autofocus_points', 'settings', 'resolution', 'sensor_size', 'price']}",C_QUESTION_ABOUT_FEATURE,CAMERA_3,price,how much does it cost,S_ANSWERS_QUESTION_ABOUT_FEATURE,CAMERA_3,price,This one costs $3706.,15~20
721,9,NONE,['CAMERA_3'],"{'CAMERA_1': [], 'CAMERA_2': [], 'CAMERA_3': ['autofocus_points', 'settings', 'resolution', 'sensor_size', 'price']}",C_THANK_YOU,CAMERA_3,NONE,thank you for your help,S_THANK_YOU,CAMERA_3,NONE,thank you very much,
721,10,NONE,['CAMERA_3'],"{'CAMERA_1': [], 'CAMERA_2': [], 'CAMERA_3': ['autofocus_points', 'settings', 'resolution', 'sensor_size', 'price']}",C_LEAVES,DOOR,NONE,,S_RETURNS_TO_COUNTER,SERVICE_COUNTER,NONE,,
722,1,NONE,[],"{'CAMERA_1': [], 'CAMERA_2': [], 'CAMERA_3': []}",C_ENTERS,DOOR,NONE,,S_NONE,SERVICE_COUNTER,NONE,,
722,2,NONE,[],"{'CAMERA_1': [], 'CAMERA_2': [], 'CAMERA_3': []}",C_GREETS,MIDDLE,NONE,hello,S_GREETS,MIDDLE,NONE,can I help you?,
722,3,CAMERA_2,['CAMERA_2'],"{'CAMERA_1': [], 'CAMERA_2': [], 'CAMERA_3': []}",C_LOOKING_FOR_A_CAMERA,MIDDLE,NONE,I'm looking for a camera,S_INTRODUCES_CAMERA,CAMERA_2,,Let me show you this. Here we have the Sony Alpha a6000.,39~55
722,4,CAMERA_2,['CAMERA_2'],"{'CAMERA_1': [], 'CAMERA_2': ['long_exposure'], 'CAMERA_3': []}",C_QUESTION_ABOUT_FEATURE,CAMERA_2,long_exposure,can it take long exposure shots,S_ANSWERS_QUESTION_ABOUT_FEATURE,CAMERA_2,long_exposure,This one can take long exposures up to up to 30 seconds.,39~55
722,5,CAMERA_2,['CAMERA_2'],"{'CAMERA_1': [], 'CAMERA_2': ['long_exposure', 'weight'], 'CAMERA_3': []}",C_SILENT_OR_BACKCHANNEL,CAMERA_2,NONE,I see,S_INTRODUCES_FEATURE,CAMERA_2,weight,This one weighs 470 grams.,16~25
722,6,CAMERA_2,['CAMERA_2'],"{'CAMERA_1': [], 'CAMERA_2': ['long_exposure', 'weight', 'autofocus_points'], 'CAMERA_3': []}",C_SILENT_OR_BACKCHANNEL,CAMERA_2,NONE,alright,S_INTRODUCES_FEATURE,CAMERA_2,autofocus_points,This one has 179 autofocus points.,13~33
722,7,CAMERA_2,['CAMERA_2'],"{'CAMERA_1': [], 'CAMERA_2': ['long_exposure', 'weight', 'autofocus_points', 'settings'], 'CAMERA_3': []}",C_SILENT_OR_BACKCHANNEL,CAMERA_2,NONE,okay,S_INTRODUCES_FEATURE,CAMERA_2,settings,This one has full manual control.,13~32
722,8,CAMERA_2,['CAMERA_2'],"{'CAMERA_1': [], 'CAMERA_2': ['long_exposure', 'weight', 'autofocus_points', 'settings', 'resolution'], 'CAMERA_3': []}",C_QUESTION_ABOUT_FEATURE,CAMERA_2,resolution,what is the resolution,S_NOT_SURE,CAMERA_2,,I'm not really sure about that,
722,9,CAMERA_2,['CAMERA_2'],"{'CAMERA_1': [], 'CAMERA_2': ['long_exposure', 'weight', 'autofocus_points', 'settings', 'resolution', 'price'], 'CAMERA_3': []}",C_QUESTION_ABOUT_FEATURE,CAMERA_2,price,how much does it cost,S_ANSWERS_QUESTION_ABOUT_FEATURE,CAMERA_2,price,This one costs $1341.,15~20
722,10,CAMERA_2,['CAMERA_2'],"{'CAMERA_1': [], 'CAMERA_2': ['long_exposure', 'weight', 'autofocus_points', 'settings', 'resolution', 'price', 'camera_type'], 'CAMERA_3': []}",C_QUESTION_ABOUT_FEATURE,CAMERA_2,camera_type,what kind of camera is this,S_ANSWERS_QUESTION_ABOUT_FEATURE,CAMERA_2,camera_type,This is a mirrorless camera.,10~20
722,11,CAMERA_2,['CAMERA_2'],"{'CAMERA_1': [], 'CAMERA_2': ['long_exposure', 'weight', 'autofocus_points', 'settings', 'resolution', 'price', 'camera_type', 'effects'], 'CAMERA_3': []}",C_SILENT_OR_BACKCHANNEL,CAMERA_2,NONE,I see,S_INTRODUCES_FEATURE,CAMERA_2,effects,"This one has 13 artistic effect modes (e.g. toy camera, soft focus).",13~67
722,12,CAMERA_3,"['CAMERA_2', 'CAMERA_3']","{'CAMERA_1': [], 'CAMERA_2': ['long_exposure', 'weight', 'autofocus_points', 'settings', 'resolution', 'price', 'camera_type', 'effects'], 'CAMERA_3': []}",C_ANYTHING_ELSE_AVAILABLE,CAMERA_2,NONE,ok do you have any other cameras,S_INTRODUCES_CAMERA,CAMERA_3,,Let me show you this. Here we have the Canon EOS 5D Mark III.,39~60
722,13,CAMERA_3,"['CAMERA_2', 'CAMERA_3']","{'CAMERA_1': [], 'CAMERA_2': ['long_exposure', 'weight', 'autofocus_points', 'settings', 'resolution', 'price', 'camera_type', 'effects'], 'CAMERA_3': ['preset_modes']}",C_QUESTION_ABOUT_FEATURE,CAMERA_3,preset_modes,does it have preset modes,S_NOT_SURE,CAMERA_3,,I'm not really sure about that,
722,14,CAMERA_3,"['CAMERA_2', 'CAMERA_3']","{'CAMERA_1': [], 'CAMERA_2': ['long_exposure', 'weight', 'autofocus_points', 'settings', 'resolution', 'price', 'camera_type', 'effects'], 'CAMERA_3': ['preset_modes', 'optical_zoom']}",C_QUESTION_ABOUT_FEATURE,CAMERA_3,optical_zoom,does it have optical zoom,S_NOT_SURE,CAMERA_3,,I'm not really sure about that,
722,15,CAMERA_3,"['CAMERA_2', 'CAMERA_3']","{'CAMERA_1': [], 'CAMERA_2': ['long_exposure', 'weight', 'autofocus_points', 'settings', 'resolution', 'price', 'camera_type', 'effects'], 'CAMERA_3': ['preset_modes', 'optical_zoom', 'sensor_size']}",C_SILENT_OR_BACKCHANNEL,CAMERA_3,NONE,I see,S_INTRODUCES_FEATURE,CAMERA_3,sensor_size,This one has a full frame.,15~25
722,16,CAMERA_3,"['CAMERA_2', 'CAMERA_3']","{'CAMERA_1': [], 'CAMERA_2': ['long_exposure', 'weight', 'autofocus_points', 'settings', 'resolution', 'price', 'camera_type', 'effects'], 'CAMERA_3': ['preset_modes', 'optical_zoom', 'sensor_size', 'ISO']}",C_SILENT_OR_BACKCHANNEL,CAMERA_3,NONE,alright,S_INTRODUCES_FEATURE,CAMERA_3,ISO,This one has up to 6400 ISO with little noise.,13~45
722,17,CAMERA_3,"['CAMERA_2', 'CAMERA_3']","{'CAMERA_1': [], 'CAMERA_2': ['long_exposure', 'weight', 'autofocus_points', 'settings', 'resolution', 'price', 'camera_type', 'effects'], 'CAMERA_3': ['preset_modes', 'optical_zoom', 'sensor_size', 'ISO', 'price']}",C_QUESTION_ABOUT_FEATURE,CAMERA_3,price,how much does it cost,S_ANSWERS_QUESTION_ABOUT_FEATURE,CAMERA_3,price,This one costs $3706.,15~20
722,18,CAMERA_1,"['CAMERA_2', 'CAMERA_3', 'CAMERA_1']","{'CAMERA_1': [], 'CAMERA_2': ['long_exposure', 'weight', 'autofocus_points', 'settings', 'resolution', 'price', 'camera_type', 'effects'], 'CAMERA_3': ['preset_modes', 'optical_zoom', 'sensor_size', 'ISO', 'price']}",C_ANYTHING_ELSE_AVAILABLE,CAMERA_3,NONE,ok do you have any other cameras,S_INTRODUCES_CAMERA,CAMERA_1,,Let me show you this. Here we have the Nikon Coolpix S2800.,39~58
722,19,CAMERA_1,"['CAMERA_2', 'CAMERA_3', 'CAMERA_1']","{'CAMERA_1': ['camera_type'], 'CAMERA_2': ['long_exposure', 'weight', 'autofocus_points', 'settings', 'resolution', 'price', 'camera_type', 'effects'], 'CAMERA_3': ['preset_modes', 'optical_zoom', 'sensor_size', 'ISO', 'price']}",C_QUESTION_ABOUT_FEATURE,CAMERA_1,camera_type,what kind of camera is this,S_ANSWERS_QUESTION_ABOUT_FEATURE,CAMERA_1,camera_type,This is a point and shoot camera.,10~25
722,20,CAMERA_1,"['CAMERA_2', 'CAMERA_3', 'CAMERA_1']","{'CAMERA_1': ['camera_type', 'color'], 'CAMERA_2': ['long_exposure', 'weight', 'autofocus_points', 'settings', 'resolution', 'price', 'camera_type', 'effects'], 'CAMERA_3': ['preset_modes', 'optical_zoom', 'sensor_size', 'ISO', 'price']}",C_SILENT_OR_BACKCHANNEL,CAMERA_1,NONE,alright,S_INTRODUCES_FEATURE,CAMERA_1,color,"This one comes in purple, pink, black, silver, red.",18~50
722,21,NONE,"['CAMERA_2', 'CAMERA_3', 'CAMERA_1']","{'CAMERA_1': ['camera_type', 'color'], 'CAMERA_2': ['long_exposure', 'weight', 'autofocus_points', 'settings', 'resolution', 'price', 'camera_type', 'effects'], 'CAMERA_3': ['preset_modes', 'optical_zoom', 'sensor_size', 'ISO', 'price']}",C_THANK_YOU,CAMERA_1,NONE,thank you for your help,S_THANK_YOU,CAMERA_1,NONE,thank you very much,
722,22,NONE,"['CAMERA_2', 'CAMERA_3', 'CAMERA_1']","{'CAMERA_1': ['camera_type', 'color'], 'CAMERA_2': ['long_exposure', 'weight', 'autofocus_points', 'settings', 'resolution', 'price', 'camera_type', 'effects'], 'CAMERA_3': ['preset_modes', 'optical_zoom', 'sensor_size', 'ISO', 'price']}",C_LEAVES,DOOR,NONE,,S_RETURNS_TO_COUNTER,SERVICE_COUNTER,NONE,,
723,1,NONE,[],"{'CAMERA_1': [], 'CAMERA_2': [], 'CAMERA_3': []}",C_ENTERS,DOOR,NONE,,S_NONE,SERVICE_COUNTER,NONE,,
723,2,NONE,[],"{'CAMERA_1': [], 'CAMERA_2': [], 'CAMERA_3': []}",C_WALKS_TO_CAMERA,CAMERA_1,NONE,,S_NONE,SERVICE_COUNTER,NONE,,
723,3,NONE,[],"{'CAMERA_1': [], 'CAMERA_2': [], 'CAMERA_3': []}",C_EXAMINES_CAMERA,CAMERA_1,NONE,,S_GREETS,CAMERA_1,NONE,can I help you?,
723,4,CAMERA_1,['CAMERA_1'],"{'CAMERA_1': [], 'CAMERA_2': [], 'CAMERA_3': []}",C_LOOKING_FOR_A_CAMERA,CAMERA_1,NONE,I'm looking for a camera,S_INTRODUCES_CAMERA,CAMERA_1,,Let me show you this. Here we have the Nikon Coolpix S2800.,39~58
723,5,CAMERA_1,['CAMERA_1'],"{'CAMERA_1': ['weight'], 'CAMERA_2': [], 'CAMERA_3': []}",C_QUESTION_ABOUT_FEATURE,CAMERA_1,weight,how much does this one weigh,S_ANSWERS_QUESTION_ABOUT_FEATURE,CAMERA_1,weight,This one weighs 120 grams.,16~25
723,6,CAMERA_1,['CAMERA_1'],"{'CAMERA_1': ['weight', 'effects'], 'CAMERA_2': [], 'CAMERA_3': []}",C_SILENT_OR_BACKCHANNEL,CAMERA_1,NONE,okay,S_INTRODUCES_FEATURE,CAMERA_1,effects,"This one has 12 glamor retouch effects (e.g. skin softening, small face, big eyes).",13~82
723,7,CAMERA_3,"['CAMERA_1', 'CAMERA_3']","{'CAMERA_1': ['weight', 'effects'], 'CAMERA_2': [], 'CAMERA_3': []}",C_ANYTHING_ELSE_AVAILABLE,CAMERA_1,NONE,ok do you have any other cameras,S_INTRODUCES_CAMERA,CAMERA_3,,Let me show you this. Here we have the Canon EOS 5D Mark III.,39~60
723,8,CAMERA_3,"['CAMERA_1', 'CAMERA_3']","{'CAMERA_1': ['weight', 'effects'], 'CAMERA_2': [], 'CAMERA_3': ['price']}",C_QUESTION_ABOUT_FEATURE,CAMERA_3,price,how much does it cost,S_ANSWERS_QUESTION_ABOUT_FEATURE,CAMERA_3,price,This one costs $3706.,15~20
723,9,CAMERA_3,"['CAMERA_1', 'CAMERA_3']","{'CAMERA_1': ['weight', 'effects'], 'CAMERA_2': [], 'CAMERA_3': ['price', 'resolution']}",C_QUESTION_ABOUT_FEATURE,CAMERA_3,resolution,what is the resolution,S_NOT_SURE,CAMERA_3,,I'm not really sure about that,
723,10,CAMERA_3,"['CAMERA_1', 'CAMERA_3']","{'CAMERA_1': ['weight', 'effects'], 'CAMERA_2': [], 'CAMERA_3': ['price', 'resolution', 'ISO']}",C_QUESTION_ABOUT_FEATURE,CAMERA_3,ISO,what is the ISO,S_ANSWERS_QUESTION_ABOUT_FEATURE,CAMERA_3,ISO,This one has up to 6400 ISO with little noise.,13~45
723,11,CAMERA_3,"['CAMERA_1', 'CAMERA_3']","{'CAMERA_1': ['weight', 'effects'], 'CAMERA_2': [], 'CAMERA_3': ['price', 'resolution', 'ISO', 'autofocus_points']}",C_SILENT_OR_BACKCHANNEL,CAMERA_3,NONE,alright,S_INTRODUCES_FEATURE,CAMERA_3,autofocus_points,This one has 61 autofocus points.,13~32
723,12,CAMERA_3,"['CAMERA_1', 'CAMERA_3']","{'CAMERA_1': ['weight', 'effects'], 'CAMERA_2': [], 'CAMERA_3': ['price', 'resolution', 'ISO', 'autofocus_points', 'long_exposure']}",C_QUESTION_ABOUT_FEATURE,CAMERA_3,long_exposure,can it take long exposure shots,S_ANSWERS_QUESTION_ABOUT_FEATURE,CAMERA_3,long_exposure,"This one can take long exposures up to up to 30 seconds, bulb mode: expose as long as you want.",39~94
723,13,CAMERA_3,"['CAMERA_1', 'CAMERA_3']","{'CAMERA_1': ['weight', 'effects'], 'CAMERA_2': [], 'CAMERA_3': ['price', 'resolution', 'ISO', 'autofocus_points', 'long_exposure', 'camera_type']}",C_SILENT_OR_BACKCHANNEL,CAMERA_3,NONE,alright,S_INTRODUCES_FEATURE,CAMERA_3,camera_type,This is a DSLR camera.,10~14
723,14,CAMERA_2,"['CAMERA_1', 'CAMERA_3', 'CAMERA_2']","{'CAMERA_1': ['weight', 'effects'], 'CAMERA_2': [], 'CAMERA_3': ['price', 'resolution', 'ISO', 'autofocus_points', 'long_exposure', 'camera_type']}",C_ANYTHING_ELSE_AVAILABLE,CAMERA_3,NONE,ok do you have any other cameras,S_INTRODUCES_CAMERA,CAMERA_2,,Let me show you this. Here we have the Sony Alpha a6000.,39~55
723,15,CAMERA_2,"['CAMERA_1', 'CAMERA_3', 'CAMERA_2']","{'CAMERA_1': ['weight', 'effects'], 'CAMERA_2': ['camera_type'], 'CAMERA_3': ['price', 'resolution', 'ISO', 'autofocus_points', 'long_exposure', 'camera_type']}",C_QUESTION_ABOUT_FEATURE,CAMERA_2,camera_type,what kind of camera is this,S_ANSWERS_QUESTION_ABOUT_FEATURE,CAMERA_2,camera_type,This is a mirrorless camera.,10~20
723,16,CAMERA_2,"['CAMERA_1', 'CAMERA_3', 'CAMERA_2']","{'CAMERA_1': ['weight', 'effects'], 'CAMERA_2': ['camera_type', 'preset_modes'], 'CAMERA_3': ['price', 'resolution', 'ISO', 'autofocus_points', 'long_exposure', 'camera_type']}",C_SILENT_OR_BACKCHANNEL,CAMERA_2,NONE,alright,S_INTRODUCES_FEATURE,CAMERA_2,preset_modes,"This one has 9 preset modes (e.g. beach, snow, night, portrait).",13~63
723,17,CAMERA_2,"['CAMERA_1', 'CAMERA_3', 'CAMERA_2']","{'CAMERA_1': ['weight', 'effects'], 'CAMERA_2': ['camera_type', 'preset_modes', 'color'], 'CAMERA_3': ['price', 'resolution', 'ISO', 'autofocus_points', 'long_exposure', 'camera_type']}",C_SILENT_OR_BACKCHANNEL,CAMERA_2,NONE,okay,S_INTRODUCES_FEATURE,CAMERA_2,color,"This one comes in white, silver, black.",18~38
723,18,CAMERA_2,"['CAMERA_1', 'CAMERA_3', 'CAMERA_2']","{'CAMERA_1': ['weight', 'effects'], 'CAMERA_2': ['camera_type', 'preset_modes', 'color', 'long_exposure'], 'CAMERA_3': ['price', 'resolution', 'ISO', 'autofocus_points', 'long_exposure', 'camera_type']}",C_QUESTION_ABOUT_FEATURE,CAMERA_2,long_exposure,can it take long exposure shots,S_ANSWERS_QUESTION_ABOUT_FEATURE,CAMERA_2,long_exposure,This one can take long exposures up to up to 30 seconds.,39~55
723,19,CAMERA_2,"['CAMERA_1', 'CAMERA_3', 'CAMERA_2']","{'CAMERA_1': ['weight', 'effects'], 'CAMERA_2': ['camera_type', 'preset_modes', 'color', 'long_exposure', 'effects'], 'CAMERA_3': ['price', 'resolution', 'ISO', 'autofocus_points', 'long_exposure', 'camera_type']}",C_SILENT_OR_BACKCHANNEL,CAMERA_2,NONE,okay,S_INTRODUCES_FEATURE,CAMERA_2,effects,"This one has 13 artistic effect modes (e.g. toy camera, soft focus).",13~67
723,20,CAMERA_2,"['CAMERA_1', 'CAMERA_3', 'CAMERA_2']","{'CAMERA_1': ['weight', 'effects'], 'CAMERA_2': ['camera_type', 'preset_modes', 'color', 'long_exposure', 'effects', 'autofocus_points'], 'CAMERA_3': ['price', 'resolution', 'ISO', 'autofocus_points', 'long_exposure', 'camera_type']}",C_QUESTION_ABOUT_FEATURE,CAMERA_2,autofocus_points,how many autofocus points does it have,S_ANSWERS_QUESTION_ABOUT_FEATURE,CAMERA_2,autofocus_points,This one has 179 autofocus points.,13~33
723,21,CAMERA_2,"['CAMERA_1', 'CAMERA_3', 'CAMERA_2']","{'CAMERA_1': ['weight', 'effects'], 'CAMERA_2': ['camera_type', 'preset_modes', 'color', 'long_exposure', 'effects', 'autofocus_points', 'settings'], 'CAMERA_3': ['price', 'resolution', 'ISO', 'autofocus_points', 'long_exposure', 'camera_type']}",C_QUESTION_ABOUT_FEATURE,CAMERA_2,settings,what kind of settings does it have,S_ANSWERS_QUESTION_ABOUT_FEATURE,CAMERA_2,settings,This one has full manual control.,13~32
723,22,CAMERA_2,"['CAMERA_1', 'CAMERA_3', 'CAMERA_2']","{'CAMERA_1': ['weight', 'effects'], 'CAMERA_2': ['camera_type', 'preset_modes', 'color', 'long_exposure', 'effects', 'autofocus_points', 'settings', 'optical_zoom'], 'CAMERA_3': ['price', 'resolution', 'ISO', 'autofocus_points', 'long_exposure', 'camera_type']}",C_QUESTION_ABOUT_FEATURE,CAMERA_2,optical_zoom,does it have optical zoom,S_NOT_SURE,CAMERA_2,,I'm not really sure about that,
723,23,CAMERA_2,"['CAMERA_1', 'CAMERA_3', 'CAMERA_2']","{'CAMERA_1': ['weight', 'effects'], 'CAMERA_2': ['camera_type', 'preset_modes', 'color', 'long_exposure', 'effects', 'autofocus_points', 'settings', 'optical_zoom', 'sensor_size'], 'CAMERA_3': ['price', 'resolution', 'ISO', 'autofocus_points', 'long_exposure', 'camera_type']}",C_SILENT_OR_BACKCHANNEL,CAMERA_2,NONE,okay,S_INTRODUCES_FEATURE,CAMERA_2,sensor_size,This one has a APS-C sensor (crop sensor).,15~41
723,24,,"['CAMERA_1', 'CAMERA_3', 'CAMERA_2']","{'CAMERA_1': ['weight', 'effects'], 'CAMERA_2': ['camera_type', 'preset_modes', 'color', 'long_exposure', 'effects', 'autofocus_points', 'settings', 'optical_zoom', 'sensor_size'], 'CAMERA_3': ['price', 'resolution', 'ISO', 'autofocus_points', 'long_exposure', 'camera_type']}",C_ANYTHING_ELSE_AVAILABLE,CAMERA_2,NONE,ok do you have any other cameras,S_THATS_ALL_WE_HAVE_AVAILABLE,CAMERA_2,,That’s all we have available at the moment.,
723,25,NONE,"['CAMERA_1', 'CAMERA_3', 'CAMERA_2']","{'CAMERA_1': ['weight', 'effects'], 'CAMERA_2': ['camera_type', 'preset_modes', 'color', 'long_exposure', 'effects', 'autofocus_points', 'settings', 'optical_zoom', 'sensor_size'], 'CAMERA_3': ['price', 'resolution', 'ISO', 'autofocus_points', 'long_exposure', 'camera_type']}",C_THANK_YOU,CAMERA_2,NONE,thank you for your help,S_THANK_YOU,CAMERA_2,NONE,thank you very much,
723,26,NONE,"['CAMERA_1', 'CAMERA_3', 'CAMERA_2']","{'CAMERA_1': ['weight', 'effects'], 'CAMERA_2': ['camera_type', 'preset_modes', 'color', 'long_exposure', 'effects', 'autofocus_points', 'settings', 'optical_zoom', 'sensor_size'], 'CAMERA_3': ['price', 'resolution', 'ISO', 'autofocus_points', 'long_exposure', 'camera_type']}",C_LEAVES,DOOR,NONE,,S_RETURNS_TO_COUNTER,SERVICE_COUNTER,NONE,,
724,1,NONE,[],"{'CAMERA_1': [], 'CAMERA_2': [], 'CAMERA_3': []}",C_ENTERS,DOOR,NONE,,S_NONE,SERVICE_COUNTER,NONE,,
724,2,NONE,[],"{'CAMERA_1': [], 'CAMERA_2': [], 'CAMERA_3': []}",C_GREETS,MIDDLE,NONE,hello,S_GREETS,MIDDLE,NONE,can I help you?,
724,3,CAMERA_2,['CAMERA_2'],"{'CAMERA_1': [], 'CAMERA_2': [], 'CAMERA_3': []}",C_LOOKING_FOR_A_CAMERA,MIDDLE,NONE,I'm looking for a camera,S_INTRODUCES_CAMERA,CAMERA_2,,Let me show you this. Here we have the Sony Alpha a6000.,39~55
724,4,CAMERA_2,['CAMERA_2'],"{'CAMERA_1': [], 'CAMERA_2': ['autofocus_points'], 'CAMERA_3': []}",C_QUESTION_ABOUT_FEATURE,CAMERA_2,autofocus_points,how many autofocus points does it have,S_ANSWERS_QUESTION_ABOUT_FEATURE,CAMERA_2,autofocus_points,This one has 179 autofocus points.,13~33
724,5,NONE,['CAMERA_2'],"{'CAMERA_1': [], 'CAMERA_2': ['autofocus_points'], 'CAMERA_3': []}",C_THANK_YOU,CAMERA_2,NONE,thank you for your help,S_THANK_YOU,CAMERA_2,NONE,thank you very much,
724,6,NONE,['CAMERA_2'],"{'CAMERA_1': [], 'CAMERA_2': ['autofocus_points'], 'CAMERA_3': []}",C_LEAVES,DOOR,NONE,,S_RETURNS_TO_COUNTER,SERVICE_COUNTER,NONE,,
725,1,NONE,[],"{'CAMERA_1': [], 'CAMERA_2': [], 'CAMERA_3': []}",C_ENTERS,DOOR,NONE,,S_NONE,SERVICE_COUNTER,NONE,,
725,2,NONE,[],"{'CAMERA_1': [], 'CAMERA_2': [], 'CAMERA_3': []}",C_GREETS,MIDDLE,NONE,hello,S_GREETS,MIDDLE,NONE,can I help you?,
725,3,CAMERA_2,['CAMERA_2'],"{'CAMERA_1': [], 'CAMERA_2': [], 'CAMERA_3': []}",C_LOOKING_FOR_A_CAMERA,MIDDLE,NONE,I'm looking for a camera,S_INTRODUCES_CAMERA,CAMERA_2,,Let me show you this. Here we have the Sony Alpha a6000.,39~55
725,4,CAMERA_2,['CAMERA_2'],"{'CAMERA_1': [], 'CAMERA_2': ['weight'], 'CAMERA_3': []}",C_SILENT_OR_BACKCHANNEL,CAMERA_2,NONE,I see,S_INTRODUCES_FEATURE,CAMERA_2,weight,This one weighs 470 grams.,16~25
725,5,CAMERA_2,['CAMERA_2'],"{'CAMERA_1': [], 'CAMERA_2': ['weight', 'effects'], 'CAMERA_3': []}",C_QUESTION_ABOUT_FEATURE,CAMERA_2,effects,does it have any effect modes,S_ANSWERS_QUESTION_ABOUT_FEATURE,CAMERA_2,effects,"This one has 13 artistic effect modes (e.g. toy camera, soft focus).",13~67
725,6,CAMERA_2,['CAMERA_2'],"{'CAMERA_1': [], 'CAMERA_2': ['weight', 'effects', 'sensor_size'], 'CAMERA_3': []}",C_QUESTION_ABOUT_FEATURE,CAMERA_2,sensor_size,what is the sensor size,S_ANSWERS_QUESTION_ABOUT_FEATURE,CAMERA_2,sensor_size,This one has a APS-C sensor (crop sensor).,15~41
725,7,CAMERA_3,"['CAMERA_2', 'CAMERA_3']","{'CAMERA_1': [], 'CAMERA_2': ['weight', 'effects', 'sensor_size'], 'CAMERA_3': []}",C_ANYTHING_ELSE_AVAILABLE,CAMERA_2,NONE,ok do you have any other cameras,S_INTRODUCES_CAMERA,CAMERA_3,,Let me show you this. Here we have the Canon EOS 5D Mark III.,39~60
725,8,CAMERA_3,"['CAMERA_2', 'CAMERA_3']","{'CAMERA_1': [], 'CAMERA_2': ['weight', 'effects', 'sensor_size'], 'CAMERA_3': ['autofocus_points']}",C_QUESTION_ABOUT_FEATURE,CAMERA_3,autofocus_points,how many autofocus points does it have,S_ANSWERS_QUESTION_ABOUT_FEATURE,CAMERA_3,autofocus_points,This one has 61 autofocus points.,13~32
725,9,CAMERA_3,"['CAMERA_2', 'CAMERA_3']","{'CAMERA_1': [], 'CAMERA_2': ['weight', 'effects', 'sensor_size'], 'CAMERA_3': ['autofocus_points', 'weight']}",C_QUESTION_ABOUT_FEATURE,CAMERA_3,weight,how much does this one weigh,S_ANSWERS_QUESTION_ABOUT_FEATURE,CAMERA_3,weight,This one weighs 950 grams (only body).,16~37
725,10,CAMERA_3,"['CAMERA_2', 'CAMERA_3']","{'CAMERA_1': [], 'CAMERA_2': ['weight', 'effects', 'sensor_size'], 'CAMERA_3': ['autofocus_points', 'weight', 'color']}",C_SILENT_OR_BACKCHANNEL,CAMERA_3,NONE,alright,S_INTRODUCES_FEATURE,CAMERA_3,color,This one comes in black.,18~23
725,11,NONE,"['CAMERA_2', 'CAMERA_3']","{'CAMERA_1': [], 'CAMERA_2': ['weight', 'effects', 'sensor_size'], 'CAMERA_3': ['autofocus_points', 'weight', 'color']}",C_THANK_YOU,CAMERA_3,NONE,thank you for your help,S_THANK_YOU,CAMERA_3,NONE,thank you very much,
725,12,NONE,"['CAMERA_2', 'CAMERA_3']","{'CAMERA_1': [], 'CAMERA_2': ['weight', 'effects', 'sensor_size'], 'CAMERA_3': ['autofocus_points', 'weight', 'color']}",C_LEAVES,DOOR,NONE,,S_RETURNS_TO_COUNTER,SERVICE_COUNTER,NONE,,
726,1,NONE,[],"{'CAMERA_1': [], 'CAMERA_2': [], 'CAMERA_3': []}",C_ENTERS,DOOR,NONE,,S_NONE,SERVICE_COUNTER,NONE,,
726,2,NONE,[],"{'CAMERA_1': [], 'CAMERA_2': [], 'CAMERA_3': []}",C_GREETS,MIDDLE,NONE,hello,S_GREETS,MIDDLE,NONE,can I help you?,
726,3,CAMERA_3,['CAMERA_3'],"{'CAMERA_1': [], 'CAMERA_2': [], 'CAMERA_3': []}",C_LOOKING_FOR_A_CAMERA,MIDDLE,NONE,I'm looking for a camera,S_INTRODUCES_CAMERA,CAMERA_3,,Let me show you this. Here we have the Canon EOS 5D Mark III.,39~60
726,4,CAMERA_3,['CAMERA_3'],"{'CAMERA_1': [], 'CAMERA_2': [], 'CAMERA_3': ['price']}",C_QUESTION_ABOUT_FEATURE,CAMERA_3,price,how much does it cost,S_ANSWERS_QUESTION_ABOUT_FEATURE,CAMERA_3,price,This one costs $3706.,15~20
726,5,CAMERA_3,['CAMERA_3'],"{'CAMERA_1': [], 'CAMERA_2': [], 'CAMERA_3': ['price', 'effects']}",C_QUESTION_ABOUT_FEATURE,CAMERA_3,effects,does it have any effect modes,S_NOT_SURE,CAMERA_3,,I'm not really sure about that,
726,6,CAMERA_3,['CAMERA_3'],"{'CAMERA_1': [], 'CAMERA_2': [], 'CAMERA_3': ['price', 'effects', 'autofocus_points']}",C_QUESTION_ABOUT_FEATURE,CAMERA_3,autofocus_points,how many autofocus points does it have,S_ANSWERS_QUESTION_ABOUT_FEATURE,CAMERA_3,autofocus_points,This one has 61 autofocus points.,13~32
726,7,CAMERA_3,['CAMERA_3'],"{'CAMERA_1': [], 'CAMERA_2': [], 'CAMERA_3': ['price', 'effects', 'autofocus_points', 'color']}",C_QUESTION_ABOUT_FEATURE,CAMERA_3,color,what colors does this one come in,S_ANSWERS_QUESTION_ABOUT_FEATURE,CAMERA_3,color,This one comes in black.,18~23
726,8,NONE,['CAMERA_3'],"{'CAMERA_1': [], 'CAMERA_2': [], 'CAMERA_3': ['price', 'effects', 'autofocus_points', 'color']}",C_THANK_YOU,CAMERA_3,NONE,thank you for your help,S_THANK_YOU,CAMERA_3,NONE,thank you very much,
726,9,NONE,['CAMERA_3'],"{'CAMERA_1': [], 'CAMERA_2': [], 'CAMERA_3': ['price', 'effects', 'autofocus_points', 'color']}",C_LEAVES,DOOR,NONE,,S_RETURNS_TO_COUNTER,SERVICE_COUNTER,NONE,,
727,1,NONE,[],"{'CAMERA_1': [], 'CAMERA_2': [], 'CAMERA_3': []}",C_ENTERS,DOOR,NONE,,S_NONE,SERVICE_COUNTER,NONE,,
727,2,NONE,[],"{'CAMERA_1': [], 'CAMERA_2': [], 'CAMERA_3': []}",C_GREETS,MIDDLE,NONE,hello,S_GREETS,MIDDLE,NONE,can I help you?,
727,3,CAMERA_3,['CAMERA_3'],"{'CAMERA_1': [], 'CAMERA_2': [], 'CAMERA_3': []}",C_LOOKING_FOR_A_CAMERA,MIDDLE,NONE,I'm looking for a camera,S_INTRODUCES_CAMERA,CAMERA_3,,Let me show you this. Here we have the Canon EOS 5D Mark III.,39~60
727,4,CAMERA_3,['CAMERA_3'],"{'CAMERA_1': [], 'CAMERA_2': [], 'CAMERA_3': ['price']}",C_QUESTION_ABOUT_FEATURE,CAMERA_3,price,how much does it cost,S_ANSWERS_QUESTION_ABOUT_FEATURE,CAMERA_3,price,This one costs $3706.,15~20
727,5,CAMERA_3,['CAMERA_3'],"{'CAMERA_1': [], 'CAMERA_2': [], 'CAMERA_3': ['price', 'sensor_size']}",C_QUESTION_ABOUT_FEATURE,CAMERA_3,sensor_size,what is the sensor size,S_ANSWERS_QUESTION_ABOUT_FEATURE,CAMERA_3,sensor_size,This one has a full frame.,15~25
727,6,CAMERA_3,['CAMERA_3'],"{'CAMERA_1': [], 'CAMERA_2': [], 'CAMERA_3': ['price', 'sensor_size', 'ISO']}",C_QUESTION_ABOUT_FEATURE,CAMERA_3,ISO,what is the ISO,S_ANSWERS_QUESTION_ABOUT_FEATURE,CAMERA_3,ISO,This one has up to 6400 ISO with little noise.,13~45
727,7,CAMERA_3,['CAMERA_3'],"{'CAMERA_1': [], 'CAMERA_2': [], 'CAMERA_3': ['price', 'sensor_size', 'ISO', 'camera_type']}",C_SILENT_OR_BACKCHANNEL,CAMERA_3,NONE,okay,S_INTRODUCES_FEATURE,CAMERA_3,camera_type,This is a DSLR camera.,10~14
727,8,NONE,['CAMERA_3'],"{'CAMERA_1': [], 'CAMERA_2': [], 'CAMERA_3': ['price', 'sensor_size', 'ISO', 'camera_type']}",C_THANK_YOU,CAMERA_3,NONE,thank you for your help,S_THANK_YOU,CAMERA_3,NONE,thank you very much,
727,9,NONE,['CAMERA_3'],"{'CAMERA_1': [], 'CAMERA_2': [], 'CAMERA_3': ['price', 'sensor_size', 'ISO', 'camera_type']}",C_LEAVES,DOOR,NONE,,S_RETURNS_TO_COUNTER,SERVICE_COUNTER,NONE,,
728,1,NONE,[],"{'CAMERA_1': [], 'CAMERA_2': [], 'CAMERA_3': []}",C_ENTERS,DOOR,NONE,,S_NONE,SERVICE_COUNTER,NONE,,
728,2,NONE,[],"{'CAMERA_1': [], 'CAMERA_2': [], 'CAMERA_3': []}",C_GREETS,MIDDLE,NONE,hello,S_GREETS,MIDDLE,NONE,can I help you?,
728,3,CAMERA_1,['CAMERA_1'],"{'CAMERA_1': [], 'CAMERA_2': [], 'CAMERA_3': []}",C_LOOKING_FOR_A_CAMERA,MIDDLE,NONE,I'm looking for a camera,S_INTRODUCES_CAMERA,CAMERA_1,,Let me show you this. Here we have the Nikon Coolpix S2800.,39~58
728,4,CAMERA_1,['CAMERA_1'],"{'CAMERA_1': ['sensor_size'], 'CAMERA_2': [], 'CAMERA_3': []}",C_QUESTION_ABOUT_FEATURE,CAMERA_1,sensor_size,what is the sensor size,S_NOT_SURE,CAMERA_1,,I'm not really sure about that,
728,5,CAMERA_1,['CAMERA_1'],"{'CAMERA_1': ['sensor_size', 'long_exposure'], 'CAMERA_2': [], 'CAMERA_3': []}",C_QUESTION_ABOUT_FEATURE,CAMERA_1,long_exposure,can it take long exposure shots,S_NOT_SURE,CAMERA_1,,I'm not really sure about that,
728,6,CAMERA_1,['CAMERA_1'],"{'CAMERA_1': ['sensor_size', 'long_exposure', 'color'], 'CAMERA_2': [], 'CAMERA_3': []}",C_SILENT_OR_BACKCHANNEL,CAMERA_1,NONE,alright,S_INTRODUCES_FEATURE,CAMERA_1,color,"This one comes in purple, pink, black, silver, red.",18~50
728,7,NONE,['CAMERA_1'],"{'CAMERA_1': ['sensor_size', 'long_exposure', 'color'], 'CAMERA_2': [], 'CAMERA_3': []}",C_THANK_YOU,CAMERA_1,NONE,thank you for your help,S_THANK_YOU,CAMERA_1,NONE,thank you very much,
728,8,NONE,['CAMERA_1'],"{'CAMERA_1': ['sensor_size', 'long_exposure', 'color'], 'CAMERA_2': [], 'CAMERA_3': []}",C_LEAVES,DOOR,NONE,,S_RETURNS_TO_COUNTER,SERVICE_COUNTER,NONE,,
729,1,NONE,[],"{'CAMERA_1': [], 'CAMERA_2': [], 'CAMERA_3': []}",C_ENTERS,DOOR,NONE,,S_NONE,SERVICE_COUNTER,NONE,,
729,2,NONE,[],"{'CAMERA_1': [], 'CAMERA_2': [], 'CAMERA_3': []}",C_WALKS_TO_CAMERA,CAMERA_1,NONE,,S_GREETS,CAMERA_1,NONE,can I help you?,
729,3,CAMERA_3,['CAMERA_3'],"{'CAMERA_1': [], 'CAMERA_2': [], 'CAMERA_3': []}",C_LOOKING_FOR_A_CAMERA,CAMERA_1,NONE,I'm looking for a camera,S_INTRODUCES_CAMERA,CAMERA_3,,Let me show you this. Here we have the Canon EOS 5D Mark III.,39~60
729,4,CAMERA_3,['CAMERA_3'],"{'CAMERA_1': [], 'CAMERA_2': [], 'CAMERA_3': ['settings']}",C_QUESTION_ABOUT_FEATURE,CAMERA_3,settings,what kind of settings does it have,S_ANSWERS_QUESTION_ABOUT_FEATURE,CAMERA_3,settings,This one has full manual control.,13~32
729,5,CAMERA_1,"['CAMERA_3', 'CAMERA_1']","{'CAMERA_1': [], 'CAMERA_2': [], 'CAMERA_3': ['settings']}",C_ANYTHING_ELSE_AVAILABLE,CAMERA_3,NONE,ok do you have any other cameras,S_INTRODUCES_CAMERA,CAMERA_1,,Let me show you this. Here we have the Nikon Coolpix S2800.,39~58
729,6,CAMERA_1,"['CAMERA_3', 'CAMERA_1']","{'CAMERA_1': ['camera_type'], 'CAMERA_2': [], 'CAMERA_3': ['settings']}",C_QUESTION_ABOUT_FEATURE,CAMERA_1,camera_type,what kind of camera is this,S_ANSWERS_QUESTION_ABOUT_FEATURE,CAMERA_1,camera_type,This is a point and shoot camera.,10~25
729,7,CAMERA_1,"['CAMERA_3', 'CAMERA_1']","{'CAMERA_1': ['camera_type', 'price'], 'CAMERA_2': [], 'CAMERA_3': ['settings']}",C_QUESTION_ABOUT_FEATURE,CAMERA_1,price,how much does it cost,S_ANSWERS_QUESTION_ABOUT_FEATURE,CAMERA_1,price,This one costs $2173.,15~20
729,8,CAMERA_2,"['CAMERA_3', 'CAMERA_1', 'CAMERA_2']","{'CAMERA_1': ['camera_type', 'price'], 'CAMERA_2': [], 'CAMERA_3': ['settings']}",C_ANYTHING_ELSE_AVAILABLE,CAMERA_1,NONE,ok do you have any other cameras,S_INTRODUCES_CAMERA,CAMERA_2,,Let me show you this. Here we have the Sony Alpha a6000.,39~55
729,9,CAMERA_2,"['CAMERA_3', 'CAMERA_1', 'CAMERA_2']","{'CAMERA_1': ['camera_type', 'price'], 'CAMERA_2': ['long_exposure'], 'CAMERA_3': ['settings']}",C_QUESTION_ABOUT_FEATURE,CAMERA_2,long_exposure,can it take long exposure shots,S_ANSWERS_QUESTION_ABOUT_FEATURE,CAMERA_2,long_exposure,This one can take long exposures up to up to 30 seconds.,39~55
729,10,CAMERA_2,"['CAMERA_3', 'CAMERA_1', 'CAMERA_2']","{'CAMERA_1': ['camera_type', 'price'], 'CAMERA_2': ['long_exposure', 'effects'], 'CAMERA_3': ['settings']}",C_SILENT_OR_BACKCHANNEL,CAMERA_2,NONE,alright,S_INTRODUCES_FEATURE,CAMERA_2,effects,"This one has 13 artistic effect modes (e.g. toy camera, soft focus).",13~67
729,11,CAMERA_2,"['CAMERA_3', 'CAMERA_1', 'CAMERA_2']","{'CAMERA_1': ['camera_type', 'price'], 'CAMERA_2': ['long_exposure', 'effects', 'color'], 'CAMERA_3': ['settings']}",C_SILENT_OR_BACKCHANNEL,CAMERA_2,NONE,I see,S_INTRODUCES_FEATURE,CAMERA_2,color,"This one comes in white, silver, black.",18~38
729,12,CAMERA_2,"['CAMERA_3', 'CAMERA_1', 'CAMERA_2']","{'CAMERA_1': ['camera_type', 'price'], 'CAMERA_2': ['long_exposure', 'effects', 'color', 'weight'], 'CAMERA_3': ['settings']}",C_SILENT_OR_BACKCHANNEL,CAMERA_2,NONE,okay,S_INTRODUCES_FEATURE,CAMERA_2,weight,This one weighs 470 grams.,16~25
729,13,CAMERA_2,"['CAMERA_3', 'CAMERA_1', 'CAMERA_2']","{'CAMERA_1': ['camera_type', 'price'], 'CAMERA_2': ['long_exposure', 'effects', 'color', 'weight', 'camera_type'], 'CAMERA_3': ['settings']}",C_QUESTION_ABOUT_FEATURE,CAMERA_2,camera_type,what kind of camera is this,S_ANSWERS_QUESTION_ABOUT_FEATURE,CAMERA_2,camera_type,This is a mirrorless camera.,10~20
729,14,CAMERA_2,"['CAMERA_3', 'CAMERA_1', 'CAMERA_2']","{'CAMERA_1': ['camera_type', 'price'], 'CAMERA_2': ['long_exposure', 'effects', 'color', 'weight', 'camera_type', 'sensor_size'], 'CAMERA_3': ['settings']}",C_QUESTION_ABOUT_FEATURE,CAMERA_2,sensor_size,what is the sensor size,S_ANSWERS_QUESTION_ABOUT_FEATURE,CAMERA_2,sensor_size,This one has a APS-C sensor (crop sensor).,15~41
729,15,CAMERA_2,"['CAMERA_3', 'CAMERA_1', 'CAMERA_2']","{'CAMERA_1': ['camera_type', 'price'], 'CAMERA_2': ['long_exposure', 'effects', 'color', 'weight', 'camera_type', 'sensor_size', 'settings'], 'CAMERA_3': ['settings']}",C_QUESTION_ABOUT_FEATURE,CAMERA_2,settings,what kind of settings does it have,S_ANSWERS_QUESTION_ABOUT_FEATURE,CAMERA_2,settings,This one has full manual control.,13~32
729,16,NONE,"['CAMERA_3', 'CAMERA_1', 'CAMERA_2']","{'CAMERA_1': ['camera_type', 'price'], 'CAMERA_2': ['long_exposure', 'effects', 'color', 'weight', 'camera_type', 'sensor_size', 'settings'], 'CAMERA_3': ['settings']}",C_THANK_YOU,CAMERA_2,NONE,thank you for your help,S_THANK_YOU,CAMERA_2,NONE,thank you very much,
729,17,NONE,"['CAMERA_3', 'CAMERA_1', 'CAMERA_2']","{'CAMERA_1': ['camera_type', 'price'], 'CAMERA_2': ['long_exposure', 'effects', 'color', 'weight', 'camera_type', 'sensor_size', 'settings'], 'CAMERA_3': ['settings']}",C_LEAVES,DOOR,NONE,,S_RETURNS_TO_COUNTER,SERVICE_COUNTER,NONE,,
730,1,NONE,[],"{'CAMERA_1': [], 'CAMERA_2': [], 'CAMERA_3': []}",C_ENTERS,DOOR,NONE,,S_NONE,SERVICE_COUNTER,NONE,,
730,2,NONE,[],"{'CAMERA_1': [], 'CAMERA_2': [], 'CAMERA_3': []}",C_WALKS_TO_CAMERA,CAMERA_3,NONE,,S_GREETS,CAMERA_3,NONE,can I help you?,
730,3,CAMERA_1,['CAMERA_1'],"{'CAMERA_1': [], 'CAMERA_2': [], 'CAMERA_3': []}",C_LOOKING_FOR_A_CAMERA,CAMERA_3,NONE,I'm looking for a camera,S_INTRODUCES_CAMERA,CAMERA_1,,Let me show you this. Here we have the Nikon Coolpix S2800.,39~58
730,4,CAMERA_1,['CAMERA_1'],"{'CAMERA_1': ['ISO'], 'CAMERA_2': [], 'CAMERA_3': []}",C_QUESTION_ABOUT_FEATURE,CAMERA_1,ISO,what is the ISO,S_NOT_SURE,CAMERA_1,,I'm not really sure about that,
730,5,CAMERA_3,"['CAMERA_1', 'CAMERA_3']","{'CAMERA_1': ['ISO'], 'CAMERA_2': [], 'CAMERA_3': []}",C_ANYTHING_ELSE_AVAILABLE,CAMERA_1,NONE,ok do you have any other cameras,S_INTRODUCES_CAMERA,CAMERA_3,,Let me show you this. Here we have the Canon EOS 5D Mark III.,39~60
730,6,CAMERA_3,"['CAMERA_1', 'CAMERA_3']","{'CAMERA_1': ['ISO'], 'CAMERA_2': [], 'CAMERA_3': ['color']}",C_QUESTION_ABOUT_FEATURE,CAMERA_3,color,what colors does this one come in,S_ANSWERS_QUESTION_ABOUT_FEATURE,CAMERA_3,color,This one comes in black.,18~23
730,7,CAMERA_3,"['CAMERA_1', 'CAMERA_3']","{'CAMERA_1': ['ISO'], 'CAMERA_2': [], 'CAMERA_3': ['color', 'price']}",C_QUESTION_ABOUT_FEATURE,CAMERA_3,price,how much does it cost,S_ANSWERS_QUESTION_ABOUT_FEATURE,CAMERA_3,price,This one costs $3706.,15~20
730,8,CAMERA_3,"['CAMERA_1', 'CAMERA_3']","{'CAMERA_1': ['ISO'], 'CAMERA_2': [], 'CAMERA_3': ['color', 'price', 'ISO']}",C_SILENT_OR_BACKCHANNEL,CAMERA_3,NONE,okay,S_INTRODUCES_FEATURE,CAMERA_3,ISO,This one has up to 6400 ISO with little noise.,13~45
730,9,CAMERA_3,"['CAMERA_1', 'CAMERA_3']","{'CAMERA_1': ['ISO'], 'CAMERA_2': [], 'CAMERA_3': ['color', 'price', 'ISO', 'optical_zoom']}",C_QUESTION_ABOUT_FEATURE,CAMERA_3,optical_zoom,does it have optical zoom,S_NOT_SURE,CAMERA_3,,I'm not really sure about that,
730,10,CAMERA_3,"['CAMERA_1', 'CAMERA_3']","{'CAMERA_1': ['ISO'], 'CAMERA_2': [], 'CAMERA_3': ['color', 'price', 'ISO', 'optical_zoom', 'autofocus_points']}",C_QUESTION_ABOUT_FEATURE,CAMERA_3,autofocus_points,how many autofocus points does it have,S_ANSWERS_QUESTION_ABOUT_FEATURE,CAMERA_3,autofocus_points,This one has 61 autofocus points.,13~32
730,11,CAMERA_3,"['CAMERA_1', 'CAMERA_3']","{'CAMERA_1': ['ISO'], 'CAMERA_2': [], 'CAMERA_3': ['color', 'price', 'ISO', 'optical_zoom', 'autofocus_points', 'long_exposure']}",C_SILENT_OR_BACKCHANNEL,CAMERA_3,NONE,I see,S_INTRODUCES_FEATURE,CAMERA_3,long_exposure,"This one can take long exposures up to up to 30 seconds, bulb mode: expose as long as you want.",39~94
730,12,NONE,"['CAMERA_1', 'CAMERA_3']","{'CAMERA_1': ['ISO'], 'CAMERA_2': [], 'CAMERA_3': ['color', 'price', 'ISO', 'optical_zoom', 'autofocus_points', 'long_exposure']}",C_THANK_YOU,CAMERA_3,NONE,thank you for your help,S_THANK_YOU,CAMERA_3,NONE,thank you very much,
730,13,NONE,"['CAMERA_1', 'CAMERA_3']","{'CAMERA_1': ['ISO'], 'CAMERA_2': [], 'CAMERA_3': ['color', 'price', 'ISO', 'optical_zoom', 'autofocus_points', 'long_exposure']}",C_LEAVES,DOOR,NONE,,S_RETURNS_TO_COUNTER,SERVICE_COUNTER,NONE,,
731,1,NONE,[],"{'CAMERA_1': [], 'CAMERA_2': [], 'CAMERA_3': []}",C_ENTERS,DOOR,NONE,,S_NONE,SERVICE_COUNTER,NONE,,
731,2,NONE,[],"{'CAMERA_1': [], 'CAMERA_2': [], 'CAMERA_3': []}",C_GREETS,MIDDLE,NONE,hello,S_GREETS,MIDDLE,NONE,can I help you?,
731,3,CAMERA_2,['CAMERA_2'],"{'CAMERA_1': [], 'CAMERA_2': [], 'CAMERA_3': []}",C_LOOKING_FOR_A_CAMERA,MIDDLE,NONE,I'm looking for a camera,S_INTRODUCES_CAMERA,CAMERA_2,,Let me show you this. Here we have the Sony Alpha a6000.,39~55
731,4,CAMERA_2,['CAMERA_2'],"{'CAMERA_1': [], 'CAMERA_2': ['sensor_size'], 'CAMERA_3': []}",C_QUESTION_ABOUT_FEATURE,CAMERA_2,sensor_size,what is the sensor size,S_ANSWERS_QUESTION_ABOUT_FEATURE,CAMERA_2,sensor_size,This one has a APS-C sensor (crop sensor).,15~41
731,5,CAMERA_2,['CAMERA_2'],"{'CAMERA_1': [], 'CAMERA_2': ['sensor_size', 'autofocus_points'], 'CAMERA_3': []}",C_QUESTION_ABOUT_FEATURE,CAMERA_2,autofocus_points,how many autofocus points does it have,S_ANSWERS_QUESTION_ABOUT_FEATURE,CAMERA_2,autofocus_points,This one has 179 autofocus points.,13~33
731,6,CAMERA_2,['CAMERA_2'],"{'CAMERA_1': [], 'CAMERA_2': ['sensor_size', 'autofocus_points', 'preset_modes'], 'CAMERA_3': []}",C_QUESTION_ABOUT_FEATURE,CAMERA_2,preset_modes,does it have preset modes,S_ANSWERS_QUESTION_ABOUT_FEATURE,CAMERA_2,preset_modes,"This one has 9 preset modes (e.g. beach, snow, night, portrait).",13~63
731,7,CAMERA_2,['CAMERA_2'],"{'CAMERA_1': [], 'CAMERA_2': ['sensor_size', 'autofocus_points', 'preset_modes', 'effects'], 'CAMERA_3': []}",C_QUESTION_ABOUT_FEATURE,CAMERA_2,effects,does it have any effect modes,S_ANSWERS_QUESTION_ABOUT_FEATURE,CAMERA_2,effects,"This one has 13 artistic effect modes (e.g. toy camera, soft focus).",13~67
731,8,CAMERA_2,['CAMERA_2'],"{'CAMERA_1': [], 'CAMERA_2': ['sensor_size', 'autofocus_points', 'preset_modes', 'effects', 'long_exposure'], 'CAMERA_3': []}",C_QUESTION_ABOUT_FEATURE,CAMERA_2,long_exposure,can it take long exposure shots,S_ANSWERS_QUESTION_ABOUT_FEATURE,CAMERA_2,long_exposure,This one can take long exposures up to up to 30 seconds.,39~55
731,9,CAMERA_2,['CAMERA_2'],"{'CAMERA_1': [], 'CAMERA_2': ['sensor_size', 'autofocus_points', 'preset_modes', 'effects', 'long_exposure', 'ISO'], 'CAMERA_3': []}",C_QUESTION_ABOUT_FEATURE,CAMERA_2,ISO,what is the ISO,S_ANSWERS_QUESTION_ABOUT_FEATURE,CAMERA_2,ISO,This one has up to 3200 ISO with little noise.,13~45
731,10,CAMERA_3,"['CAMERA_2', 'CAMERA_3']","{'CAMERA_1': [], 'CAMERA_2': ['sensor_size', 'autofocus_points', 'preset_modes', 'effects', 'long_exposure', 'ISO'], 'CAMERA_3': []}",C_ANYTHING_ELSE_AVAILABLE,CAMERA_2,NONE,ok do you have any other cameras,S_INTRODUCES_CAMERA,CAMERA_3,,Let me show you this. Here we have the Canon EOS 5D Mark III.,39~60
731,11,CAMERA_3,"['CAMERA_2', 'CAMERA_3']","{'CAMERA_1': [], 'CAMERA_2': ['sensor_size', 'autofocus_points', 'preset_modes', 'effects', 'long_exposure', 'ISO'], 'CAMERA_3': ['camera_type']}",C_SILENT_OR_BACKCHANNEL,CAMERA_3,NONE,okay,S_INTRODUCES_FEATURE,CAMERA_3,camera_type,This is a DSLR camera.,10~14
731,12,CAMERA_3,"['CAMERA_2', 'CAMERA_3']","{'CAMERA_1': [], 'CAMERA_2': ['sensor_size', 'autofocus_points', 'preset_modes', 'effects', 'long_exposure', 'ISO'], 'CAMERA_3': ['camera_type', 'sensor_size']}",C_QUESTION_ABOUT_FEATURE,CAMERA_3,sensor_size,what is the sensor size,S_ANSWERS_QUESTION_ABOUT_FEATURE,CAMERA_3,sensor_size,This one has a full frame.,15~25
731,13,CAMERA_3,"['CAMERA_2', 'CAMERA_3']","{'CAMERA_1': [], 'CAMERA_2': ['sensor_size', 'autofocus_points', 'preset_modes', 'effects', 'long_exposure', 'ISO'], 'CAMERA_3': ['camera_type', 'sensor_size', 'settings']}",C_QUESTION_ABOUT_FEATURE,CAMERA_3,settings,what kind of settings does it have,S_ANSWERS_QUESTION_ABOUT_FEATURE,CAMERA_3,settings,This one has full manual control.,13~32
731,14,NONE,"['CAMERA_2', 'CAMERA_3']","{'CAMERA_1': [], 'CAMERA_2': ['sensor_size', 'autofocus_points', 'preset_modes', 'effects', 'long_exposure', 'ISO'], 'CAMERA_3': ['camera_type', 'sensor_size', 'settings']}",C_THANK_YOU,CAMERA_3,NONE,thank you for your help,S_THANK_YOU,CAMERA_3,NONE,thank you very much,
731,15,NONE,"['CAMERA_2', 'CAMERA_3']","{'CAMERA_1': [], 'CAMERA_2': ['sensor_size', 'autofocus_points', 'preset_modes', 'effects', 'long_exposure', 'ISO'], 'CAMERA_3': ['camera_type', 'sensor_size', 'settings']}",C_LEAVES,DOOR,NONE,,S_RETURNS_TO_COUNTER,SERVICE_COUNTER,NONE,,
732,1,NONE,[],"{'CAMERA_1': [], 'CAMERA_2': [], 'CAMERA_3': []}",C_ENTERS,DOOR,NONE,,S_NONE,SERVICE_COUNTER,NONE,,
732,2,NONE,[],"{'CAMERA_1': [], 'CAMERA_2': [], 'CAMERA_3': []}",C_GREETS,MIDDLE,NONE,hello,S_GREETS,MIDDLE,NONE,can I help you?,
732,3,CAMERA_2,['CAMERA_2'],"{'CAMERA_1': [], 'CAMERA_2': [], 'CAMERA_3': []}",C_LOOKING_FOR_A_CAMERA,MIDDLE,NONE,I'm looking for a camera,S_INTRODUCES_CAMERA,CAMERA_2,,Let me show you this. Here we have the Sony Alpha a6000.,39~55
732,4,CAMERA_2,['CAMERA_2'],"{'CAMERA_1': [], 'CAMERA_2': ['autofocus_points'], 'CAMERA_3': []}",C_SILENT_OR_BACKCHANNEL,CAMERA_2,NONE,I see,S_INTRODUCES_FEATURE,CAMERA_2,autofocus_points,This one has 179 autofocus points.,13~33
732,5,CAMERA_2,['CAMERA_2'],"{'CAMERA_1': [], 'CAMERA_2': ['autofocus_points', 'long_exposure'], 'CAMERA_3': []}",C_SILENT_OR_BACKCHANNEL,CAMERA_2,NONE,alright,S_INTRODUCES_FEATURE,CAMERA_2,long_exposure,This one can take long exposures up to up to 30 seconds.,39~55
732,6,NONE,['CAMERA_2'],"{'CAMERA_1': [], 'CAMERA_2': ['autofocus_points', 'long_exposure'], 'CAMERA_3': []}",C_THANK_YOU,CAMERA_2,NONE,thank you for your help,S_THANK_YOU,CAMERA_2,NONE,thank you very much,
732,7,NONE,['CAMERA_2'],"{'CAMERA_1': [], 'CAMERA_2': ['autofocus_points', 'long_exposure'], 'CAMERA_3': []}",C_LEAVES,DOOR,NONE,,S_RETURNS_TO_COUNTER,SERVICE_COUNTER,NONE,,
733,1,NONE,[],"{'CAMERA_1': [], 'CAMERA_2': [], 'CAMERA_3': []}",C_ENTERS,DOOR,NONE,,S_NONE,SERVICE_COUNTER,NONE,,
733,2,NONE,[],"{'CAMERA_1': [], 'CAMERA_2': [], 'CAMERA_3': []}",C_WALKS_TO_CAMERA,CAMERA_3,NONE,,S_NONE,SERVICE_COUNTER,NONE,,
733,3,CAMERA_3,['CAMERA_3'],"{'CAMERA_1': [], 'CAMERA_2': [], 'CAMERA_3': ['settings']}",C_QUESTION_ABOUT_FEATURE,CAMERA_3,settings,what kind of settings does it have,S_ANSWERS_QUESTION_ABOUT_FEATURE,CAMERA_3,settings,This one has full manual control.,13~32
733,4,CAMERA_3,['CAMERA_3'],"{'CAMERA_1': [], 'CAMERA_2': [], 'CAMERA_3': ['settings', 'preset_modes']}",C_QUESTION_ABOUT_FEATURE,CAMERA_3,preset_modes,does it have preset modes,S_NOT_SURE,CAMERA_3,,I'm not really sure about that,
733,5,CAMERA_3,['CAMERA_3'],"{'CAMERA_1': [], 'CAMERA_2': [], 'CAMERA_3': ['settings', 'preset_modes', 'effects']}",C_QUESTION_ABOUT_FEATURE,CAMERA_3,effects,does it have any effect modes,S_NOT_SURE,CAMERA_3,,I'm not really sure about that,
733,6,CAMERA_3,['CAMERA_3'],"{'CAMERA_1': [], 'CAMERA_2': [], 'CAMERA_3': ['settings', 'preset_modes', 'effects', 'price']}",C_QUESTION_ABOUT_FEATURE,CAMERA_3,price,how much does it cost,S_ANSWERS_QUESTION_ABOUT_FEATURE,CAMERA_3,price,This one costs $3706.,15~20
733,7,CAMERA_3,['CAMERA_3'],"{'CAMERA_1': [], 'CAMERA_2': [], 'CAMERA_3': ['settings', 'preset_modes', 'effects', 'price', 'resolution']}",C_QUESTION_ABOUT_FEATURE,CAMERA_3,resolution,what is the resolution,S_NOT_SURE,CAMERA_3,,I'm not really sure about that,
733,8,CAMERA_3,['CAMERA_3'],"{'CAMERA_1': [], 'CAMERA_2': [], 'CAMERA_3': ['settings', 'preset_modes', 'effects', 'price', 'resolution', 'optical_zoom']}",C_QUESTION_ABOUT_FEATURE,CAMERA_3,optical_zoom,does it have optical zoom,S_NOT_SURE,CAMERA_3,,I'm not really sure about that,
733,9,CAMERA_2,"['CAMERA_3', 'CAMERA_2']","{'CAMERA_1': [], 'CAMERA_2': [], 'CAMERA_3': ['settings', 'preset_modes', 'effects', 'price', 'resolution', 'optical_zoom']}",C_ANYTHING_ELSE_AVAILABLE,CAMERA_3,NONE,ok do you have any other cameras,S_INTRODUCES_CAMERA,CAMERA_2,,Let me show you this. Here we have the Sony Alpha a6000.,39~55
733,10,CAMERA_2,"['CAMERA_3', 'CAMERA_2']","{'CAMERA_1': [], 'CAMERA_2': ['color'], 'CAMERA_3': ['settings', 'preset_modes', 'effects', 'price', 'resolution', 'optical_zoom']}",C_QUESTION_ABOUT_FEATURE,CAMERA_2,color,what colors does this one come in,S_ANSWERS_QUESTION_ABOUT_FEATURE,CAMERA_2,color,"This one comes in white, silver, black.",18~38
733,11,CAMERA_1,"['CAMERA_3', 'CAMERA_2', 'CAMERA_1']","{'CAMERA_1': [], 'CAMERA_2': ['color'], 'CAMERA_3': ['settings', 'preset_modes', 'effects', 'price', 'resolution', 'optical_zoom']}",C_ANYTHING_ELSE_AVAILABLE,CAMERA_2,NONE,ok do you have any other cameras,S_INTRODUCES_CAMERA,CAMERA_1,,Let me show you this. Here we have the Nikon Coolpix S2800.,39~58
733,12,CAMERA_1,"['CAMERA_3', 'CAMERA_2', 'CAMERA_1']","{'CAMERA_1': ['weight'], 'CAMERA_2': ['color'], 'CAMERA_3': ['settings', 'preset_modes', 'effects', 'price', 'resolution', 'optical_zoom']}",C_SILENT_OR_BACKCHANNEL,CAMERA_1,NONE,okay,S_INTRODUCES_FEATURE,CAMERA_1,weight,This one weighs 120 grams.,16~25
733,13,CAMERA_1,"['CAMERA_3', 'CAMERA_2', 'CAMERA_1']","{'CAMERA_1': ['weight', 'optical_zoom'], 'CAMERA_2': ['color'], 'CAMERA_3': ['settings', 'preset_modes', 'effects', 'price', 'resolution', 'optical_zoom']}",C_QUESTION_ABOUT_FEATURE,CAMERA_1,optical_zoom,does it have optical zoom,S_ANSWERS_QUESTION_ABOUT_FEATURE,CAMERA_1,optical_zoom,This one has 5x optical zoom.,13~28
733,14,CAMERA_1,"['CAMERA_3', 'CAMERA_2', 'CAMERA_1']","{'CAMERA_1': ['weight', 'optical_zoom', 'preset_modes'], 'CAMERA_2': ['color'], 'CAMERA_3': ['settings', 'preset_modes', 'effects', 'price', 'resolution', 'optical_zoom']}",C_QUESTION_ABOUT_FEATURE,CAMERA_1,preset_modes,does it have preset modes,S_ANSWERS_QUESTION_ABOUT_FEATURE,CAMERA_1,preset_modes,"This one has 18 preset modes (e.g. beach, snow, night portrait).",13~63
733,15,CAMERA_1,"['CAMERA_3', 'CAMERA_2', 'CAMERA_1']","{'CAMERA_1': ['weight', 'optical_zoom', 'preset_modes', 'settings'], 'CAMERA_2': ['color'], 'CAMERA_3': ['settings', 'preset_modes', 'effects', 'price', 'resolution', 'optical_zoom']}",C_QUESTION_ABOUT_FEATURE,CAMERA_1,settings,what kind of settings does it have,S_ANSWERS_QUESTION_ABOUT_FEATURE,CAMERA_1,settings,This one has limited manual settings.,13~36
733,16,CAMERA_1,"['CAMERA_3', 'CAMERA_2', 'CAMERA_1']","{'CAMERA_1': ['weight', 'optical_zoom', 'preset_modes', 'settings', 'camera_type'], 'CAMERA_2': ['color'], 'CAMERA_3': ['settings', 'preset_modes', 'effects', 'price', 'resolution', 'optical_zoom']}",C_QUESTION_ABOUT_FEATURE,CAMERA_1,camera_type,what kind of camera is this,S_ANSWERS_QUESTION_ABOUT_FEATURE,CAMERA_1,camera_type,This is a point and shoot camera.,10~25
733,17,CAMERA_1,"['CAMERA_3', 'CAMERA_2', 'CAMERA_1']","{'CAMERA_1': ['weight', 'optical_zoom', 'preset_modes', 'settings', 'camera_type', 'ISO'], 'CAMERA_2': ['color'], 'CAMERA_3': ['settings', 'preset_modes', 'effects', 'price', 'resolution', 'optical_zoom']}",C_QUESTION_ABOUT_FEATURE,CAMERA_1,ISO,what is the ISO,S_NOT_SURE,CAMERA_1,,I'm not really sure about that,
733,18,CAMERA_1,"['CAMERA_3', 'CAMERA_2', 'CAMERA_1']","{'CAMERA_1': ['weight', 'optical_zoom', 'preset_modes', 'settings', 'camera_type', 'ISO', 'price'], 'CAMERA_2': ['color'], 'CAMERA_3': ['settings', 'preset_modes', 'effects', 'price', 'resolution', 'optical_zoom']}",C_QUESTION_ABOUT_FEATURE,CAMERA_1,price,how much does it cost,S_ANSWERS_QUESTION_ABOUT_FEATURE,CAMERA_1,price,This one costs $2173.,15~20
733,19,,"['CAMERA_3', 'CAMERA_2', 'CAMERA_1']","{'CAMERA_1': ['weight', 'optical_zoom', 'preset_modes', 'settings', 'camera_type', 'ISO', 'price'], 'CAMERA_2': ['color'], 'CAMERA_3': ['settings', 'preset_modes', 'effects', 'price', 'resolution', 'optical_zoom']}",C_ANYTHING_ELSE_AVAILABLE,CAMERA_1,NONE,ok do you have any other cameras,S_THATS_ALL_WE_HAVE_AVAILABLE,CAMERA_1,,That’s all we have available at the moment.,
733,20,NONE,"['CAMERA_3', 'CAMERA_2', 'CAMERA_1']","{'CAMERA_1': ['weight', 'optical_zoom', 'preset_modes', 'settings', 'camera_type', 'ISO', 'price'], 'CAMERA_2': ['color'], 'CAMERA_3': ['settings', 'preset_modes', 'effects', 'price', 'resolution', 'optical_zoom']}",C_THANK_YOU,CAMERA_1,NONE,thank you for your help,S_THANK_YOU,CAMERA_1,NONE,thank you very much,
733,21,NONE,"['CAMERA_3', 'CAMERA_2', 'CAMERA_1']","{'CAMERA_1': ['weight', 'optical_zoom', 'preset_modes', 'settings', 'camera_type', 'ISO', 'price'], 'CAMERA_2': ['color'], 'CAMERA_3': ['settings', 'preset_modes', 'effects', 'price', 'resolution', 'optical_zoom']}",C_LEAVES,DOOR,NONE,,S_RETURNS_TO_COUNTER,SERVICE_COUNTER,NONE,,
734,1,NONE,[],"{'CAMERA_1': [], 'CAMERA_2': [], 'CAMERA_3': []}",C_ENTERS,DOOR,NONE,,S_NONE,SERVICE_COUNTER,NONE,,
734,2,NONE,[],"{'CAMERA_1': [], 'CAMERA_2': [], 'CAMERA_3': []}",C_WALKS_TO_CAMERA,CAMERA_1,NONE,,S_GREETS,CAMERA_1,NONE,can I help you?,
734,3,CAMERA_3,['CAMERA_3'],"{'CAMERA_1': [], 'CAMERA_2': [], 'CAMERA_3': []}",C_LOOKING_FOR_A_CAMERA,CAMERA_1,NONE,I'm looking for a camera,S_INTRODUCES_CAMERA,CAMERA_3,,Let me show you this. Here we have the Canon EOS 5D Mark III.,39~60
734,4,CAMERA_3,['CAMERA_3'],"{'CAMERA_1': [], 'CAMERA_2': [], 'CAMERA_3': ['effects']}",C_QUESTION_ABOUT_FEATURE,CAMERA_3,effects,does it have any effect modes,S_NOT_SURE,CAMERA_3,,I'm not really sure about that,
734,5,CAMERA_3,['CAMERA_3'],"{'CAMERA_1': [], 'CAMERA_2': [], 'CAMERA_3': ['effects', 'price']}",C_QUESTION_ABOUT_FEATURE,CAMERA_3,price,how much does it cost,S_ANSWERS_QUESTION_ABOUT_FEATURE,CAMERA_3,price,This one costs $3706.,15~20
734,6,CAMERA_2,"['CAMERA_3', 'CAMERA_2']","{'CAMERA_1': [], 'CAMERA_2': [], 'CAMERA_3': ['effects', 'price']}",C_ANYTHING_ELSE_AVAILABLE,CAMERA_3,NONE,ok do you have any other cameras,S_INTRODUCES_CAMERA,CAMERA_2,,Let me show you this. Here we have the Sony Alpha a6000.,39~55
734,7,CAMERA_2,"['CAMERA_3', 'CAMERA_2']","{'CAMERA_1': [], 'CAMERA_2': ['settings'], 'CAMERA_3': ['effects', 'price']}",C_QUESTION_ABOUT_FEATURE,CAMERA_2,settings,what kind of settings does it have,S_ANSWERS_QUESTION_ABOUT_FEATURE,CAMERA_2,settings,This one has full manual control.,13~32
734,8,NONE,"['CAMERA_3', 'CAMERA_2']","{'CAMERA_1': [], 'CAMERA_2': ['settings'], 'CAMERA_3': ['effects', 'price']}",C_THANK_YOU,CAMERA_2,NONE,thank you for your help,S_THANK_YOU,CAMERA_2,NONE,thank you very much,
734,9,NONE,"['CAMERA_3', 'CAMERA_2']","{'CAMERA_1': [], 'CAMERA_2': ['settings'], 'CAMERA_3': ['effects', 'price']}",C_LEAVES,DOOR,NONE,,S_RETURNS_TO_COUNTER,SERVICE_COUNTER,NONE,,
735,1,NONE,[],"{'CAMERA_1': [], 'CAMERA_2': [], 'CAMERA_3': []}",C_ENTERS,DOOR,NONE,,S_NONE,SERVICE_COUNTER,NONE,,
735,2,NONE,[],"{'CAMERA_1': [], 'CAMERA_2': [], 'CAMERA_3': []}",C_WALKS_TO_CAMERA,CAMERA_2,NONE,,S_NONE,SERVICE_COUNTER,NONE,,
735,3,CAMERA_2,['CAMERA_2'],"{'CAMERA_1': [], 'CAMERA_2': ['sensor_size'], 'CAMERA_3': []}",C_QUESTION_ABOUT_FEATURE,CAMERA_2,sensor_size,what is the sensor size,S_ANSWERS_QUESTION_ABOUT_FEATURE,CAMERA_2,sensor_size,This one has a APS-C sensor (crop sensor).,15~41
735,4,CAMERA_2,['CAMERA_2'],"{'CAMERA_1': [], 'CAMERA_2': ['sensor_size', 'weight'], 'CAMERA_3': []}",C_SILENT_OR_BACKCHANNEL,CAMERA_2,NONE,okay,S_INTRODUCES_FEATURE,CAMERA_2,weight,This one weighs 470 grams.,16~25
735,5,CAMERA_2,['CAMERA_2'],"{'CAMERA_1': [], 'CAMERA_2': ['sensor_size', 'weight', 'long_exposure'], 'CAMERA_3': []}",C_QUESTION_ABOUT_FEATURE,CAMERA_2,long_exposure,can it take long exposure shots,S_ANSWERS_QUESTION_ABOUT_FEATURE,CAMERA_2,long_exposure,This one can take long exposures up to up to 30 seconds.,39~55
735,6,CAMERA_2,['CAMERA_2'],"{'CAMERA_1': [], 'CAMERA_2': ['sensor_size', 'weight', 'long_exposure', 'price'], 'CAMERA_3': []}",C_SILENT_OR_BACKCHANNEL,CAMERA_2,NONE,okay,S_INTRODUCES_FEATURE,CAMERA_2,price,This one costs $1341.,15~20
735,7,CAMERA_2,['CAMERA_2'],"{'CAMERA_1': [], 'CAMERA_2': ['sensor_size', 'weight', 'long_exposure', 'price', 'preset_modes'], 'CAMERA_3': []}",C_SILENT_OR_BACKCHANNEL,CAMERA_2,NONE,alright,S_INTRODUCES_FEATURE,CAMERA_2,preset_modes,"This one has 9 preset modes (e.g. beach, snow, night, portrait).",13~63
735,8,CAMERA_2,['CAMERA_2'],"{'CAMERA_1': [], 'CAMERA_2': ['sensor_size', 'weight', 'long_exposure', 'price', 'preset_modes', 'autofocus_points'], 'CAMERA_3': []}",C_SILENT_OR_BACKCHANNEL,CAMERA_2,NONE,alright,S_INTRODUCES_FEATURE,CAMERA_2,autofocus_points,This one has 179 autofocus points.,13~33
735,9,CAMERA_2,['CAMERA_2'],"{'CAMERA_1': [], 'CAMERA_2': ['sensor_size', 'weight', 'long_exposure', 'price', 'preset_modes', 'autofocus_points', 'color'], 'CAMERA_3': []}",C_QUESTION_ABOUT_FEATURE,CAMERA_2,color,what colors does this one come in,S_ANSWERS_QUESTION_ABOUT_FEATURE,CAMERA_2,color,"This one comes in white, silver, black.",18~38
735,10,CAMERA_2,['CAMERA_2'],"{'CAMERA_1': [], 'CAMERA_2': ['sensor_size', 'weight', 'long_exposure', 'price', 'preset_modes', 'autofocus_points', 'color', 'ISO'], 'CAMERA_3': []}",C_QUESTION_ABOUT_FEATURE,CAMERA_2,ISO,what is the ISO,S_ANSWERS_QUESTION_ABOUT_FEATURE,CAMERA_2,ISO,This one has up to 3200 ISO with little noise.,13~45
735,11,CAMERA_2,['CAMERA_2'],"{'CAMERA_1': [], 'CAMERA_2': ['sensor_size', 'weight', 'long_exposure', 'price', 'preset_modes', 'autofocus_points', 'color', 'ISO', 'camera_type'], 'CAMERA_3': []}",C_QUESTION_ABOUT_FEATURE,CAMERA_2,camera_type,what kind of camera is this,S_ANSWERS_QUESTION_ABOUT_FEATURE,CAMERA_2,camera_type,This is a mirrorless camera.,10~20
735,12,CAMERA_2,['CAMERA_2'],"{'CAMERA_1': [], 'CAMERA_2': ['sensor_size', 'weight', 'long_exposure', 'price', 'preset_modes', 'autofocus_points', 'color', 'ISO', 'camera_type', 'resolution'], 'CAMERA_3': []}",C_QUESTION_ABOUT_FEATURE,CAMERA_2,resolution,what is the resolution,S_NOT_SURE,CAMERA_2,,I'm not really sure about that,
735,13,CAMERA_2,['CAMERA_2'],"{'CAMERA_1': [], 'CAMERA_2': ['sensor_size', 'weight', 'long_exposure', 'price', 'preset_modes', 'autofocus_points', 'color', 'ISO', 'camera_type', 'resolution', 'effects'], 'CAMERA_3': []}",C_SILENT_OR_BACKCHANNEL,CAMERA_2,NONE,okay,S_INTRODUCES_FEATURE,CAMERA_2,effects,"This one has 13 artistic effect modes (e.g. toy camera, soft focus).",13~67
735,14,CAMERA_2,['CAMERA_2'],"{'CAMERA_1': [], 'CAMERA_2': ['sensor_size', 'weight', 'long_exposure', 'price', 'preset_modes', 'autofocus_points', 'color', 'ISO', 'camera_type', 'resolution', 'effects', 'settings'], 'CAMERA_3': []}",C_SILENT_OR_BACKCHANNEL,CAMERA_2,NONE,alright,S_INTRODUCES_FEATURE,CAMERA_2,settings,This one has full manual control.,13~32
735,15,CAMERA_2,['CAMERA_2'],"{'CAMERA_1': [], 'CAMERA_2': ['sensor_size', 'weight', 'long_exposure', 'price', 'preset_modes', 'autofocus_points', 'color', 'ISO', 'camera_type', 'resolution', 'effects', 'settings', 'optical_zoom'], 'CAMERA_3': []}",C_QUESTION_ABOUT_FEATURE,CAMERA_2,optical_zoom,does it have optical zoom,S_NOT_SURE,CAMERA_2,,I'm not really sure about that,
735,16,CAMERA_2,['CAMERA_2'],"{'CAMERA_1': [], 'CAMERA_2': ['sensor_size', 'weight', 'long_exposure', 'price', 'preset_modes', 'autofocus_points', 'color', 'ISO', 'camera_type', 'resolution', 'effects', 'settings', 'optical_zoom', 'weight'], 'CAMERA_3': []}",C_QUESTION_ABOUT_FEATURE,CAMERA_2,weight,how much does this one weigh,S_ANSWERS_QUESTION_ABOUT_FEATURE,CAMERA_2,weight,This one weighs 470 grams.,16~25
735,17,CAMERA_2,['CAMERA_2'],"{'CAMERA_1': [], 'CAMERA_2': ['sensor_size', 'weight', 'long_exposure', 'price', 'preset_modes', 'autofocus_points', 'color', 'ISO', 'camera_type', 'resolution', 'effects', 'settings', 'optical_zoom', 'weight', 'autofocus_points'], 'CAMERA_3': []}",C_QUESTION_ABOUT_FEATURE,CAMERA_2,autofocus_points,how many autofocus points does it have,S_ANSWERS_QUESTION_ABOUT_FEATURE,CAMERA_2,autofocus_points,This one has 179 autofocus points.,13~33
735,18,NONE,['CAMERA_2'],"{'CAMERA_1': [], 'CAMERA_2': ['sensor_size', 'weight', 'long_exposure', 'price', 'preset_modes', 'autofocus_points', 'color', 'ISO', 'camera_type', 'resolution', 'effects', 'settings', 'optical_zoom', 'weight', 'autofocus_points'], 'CAMERA_3': []}",C_THANK_YOU,CAMERA_2,NONE,thank you for your help,S_THANK_YOU,CAMERA_2,NONE,thank you very much,
735,19,NONE,['CAMERA_2'],"{'CAMERA_1': [], 'CAMERA_2': ['sensor_size', 'weight', 'long_exposure', 'price', 'preset_modes', 'autofocus_points', 'color', 'ISO', 'camera_type', 'resolution', 'effects', 'settings', 'optical_zoom', 'weight', 'autofocus_points'], 'CAMERA_3': []}",C_LEAVES,DOOR,NONE,,S_RETURNS_TO_COUNTER,SERVICE_COUNTER,NONE,,
736,1,NONE,[],"{'CAMERA_1': [], 'CAMERA_2': [], 'CAMERA_3': []}",C_ENTERS,DOOR,NONE,,S_NONE,SERVICE_COUNTER,NONE,,
736,2,NONE,[],"{'CAMERA_1': [], 'CAMERA_2': [], 'CAMERA_3': []}",C_GREETS,MIDDLE,NONE,hello,S_GREETS,MIDDLE,NONE,can I help you?,
736,3,CAMERA_3,['CAMERA_3'],"{'CAMERA_1': [], 'CAMERA_2': [], 'CAMERA_3': []}",C_LOOKING_FOR_A_CAMERA,MIDDLE,NONE,I'm looking for a camera,S_INTRODUCES_CAMERA,CAMERA_3,,Let me show you this. Here we have the Canon EOS 5D Mark III.,39~60
736,4,CAMERA_3,['CAMERA_3'],"{'CAMERA_1': [], 'CAMERA_2': [], 'CAMERA_3': ['long_exposure']}",C_QUESTION_ABOUT_FEATURE,CAMERA_3,long_exposure,can it take long exposure shots,S_ANSWERS_QUESTION_ABOUT_FEATURE,CAMERA_3,long_exposure,"This one can take long exposures up to up to 30 seconds, bulb mode: expose as long as you want.",39~94
736,5,CAMERA_3,['CAMERA_3'],"{'CAMERA_1': [], 'CAMERA_2': [], 'CAMERA_3': ['long_exposure', 'ISO']}",C_QUESTION_ABOUT_FEATURE,CAMERA_3,ISO,what is the ISO,S_ANSWERS_QUESTION_ABOUT_FEATURE,CAMERA_3,ISO,This one has up to 6400 ISO with little noise.,13~45
736,6,CAMERA_3,['CAMERA_3'],"{'CAMERA_1': [], 'CAMERA_2': [], 'CAMERA_3': ['long_exposure', 'ISO', 'optical_zoom']}",C_QUESTION_ABOUT_FEATURE,CAMERA_3,optical_zoom,does it have optical zoom,S_NOT_SURE,CAMERA_3,,I'm not really sure about that,
736,7,NONE,['CAMERA_3'],"{'CAMERA_1': [], 'CAMERA_2': [], 'CAMERA_3': ['long_exposure', 'ISO', 'optical_zoom']}",C_THANK_YOU,CAMERA_3,NONE,thank you for your help,S_THANK_YOU,CAMERA_3,NONE,thank you very much,
736,8,NONE,['CAMERA_3'],"{'CAMERA_1': [], 'CAMERA_2': [], 'CAMERA_3': ['long_exposure', 'ISO', 'optical_zoom']}",C_LEAVES,DOOR,NONE,,S_RETURNS_TO_COUNTER,SERVICE_COUNTER,NONE,,
737,1,NONE,[],"{'CAMERA_1': [], 'CAMERA_2': [], 'CAMERA_3': []}",C_ENTERS,DOOR,NONE,,S_NONE,SERVICE_COUNTER,NONE,,
737,2,NONE,[],"{'CAMERA_1': [], 'CAMERA_2': [], 'CAMERA_3': []}",C_WALKS_TO_CAMERA,CAMERA_1,NONE,,S_GREETS,CAMERA_1,NONE,can I help you?,
737,3,CAMERA_3,['CAMERA_3'],"{'CAMERA_1': [], 'CAMERA_2': [], 'CAMERA_3': []}",C_LOOKING_FOR_A_CAMERA,CAMERA_1,NONE,I'm looking for a camera,S_INTRODUCES_CAMERA,CAMERA_3,,Let me show you this. Here we have the Canon EOS 5D Mark III.,39~60
737,4,CAMERA_3,['CAMERA_3'],"{'CAMERA_1': [], 'CAMERA_2': [], 'CAMERA_3': ['autofocus_points']}",C_QUESTION_ABOUT_FEATURE,CAMERA_3,autofocus_points,how many autofocus points does it have,S_ANSWERS_QUESTION_ABOUT_FEATURE,CAMERA_3,autofocus_points,This one has 61 autofocus points.,13~32
737,5,CAMERA_3,['CAMERA_3'],"{'CAMERA_1': [], 'CAMERA_2': [], 'CAMERA_3': ['autofocus_points', 'long_exposure']}",C_QUESTION_ABOUT_FEATURE,CAMERA_3,long_exposure,can it take long exposure shots,S_ANSWERS_QUESTION_ABOUT_FEATURE,CAMERA_3,long_exposure,"This one can take long exposures up to up to 30 seconds, bulb mode: expose as long as you want.",39~94
737,6,NONE,['CAMERA_3'],"{'CAMERA_1': [], 'CAMERA_2': [], 'CAMERA_3': ['autofocus_points', 'long_exposure']}",C_THANK_YOU,CAMERA_3,NONE,thank you for your help,S_THANK_YOU,CAMERA_3,NONE,thank you very much,
737,7,NONE,['CAMERA_3'],"{'CAMERA_1': [], 'CAMERA_2': [], 'CAMERA_3': ['autofocus_points', 'long_exposure']}",C_LEAVES,DOOR,NONE,,S_RETURNS_TO_COUNTER,SERVICE_COUNTER,NONE,,
738,1,NONE,[],"{'CAMERA_1': [], 'CAMERA_2': [], 'CAMERA_3': []}",C_ENTERS,DOOR,NONE,,S_NONE,SERVICE_COUNTER,NONE,,
738,2,NONE,[],"{'CAMERA_1': [], 'CAMERA_2': [], 'CAMERA_3': []}",C_GREETS,MIDDLE,NONE,hello,S_GREETS,MIDDLE,NONE,can I help you?,
738,3,CAMERA_2,['CAMERA_2'],"{'CAMERA_1': [], 'CAMERA_2': [], 'CAMERA_3': []}",C_LOOKING_FOR_A_CAMERA,MIDDLE,NONE,I'm looking for a camera,S_INTRODUCES_CAMERA,CAMERA_2,,Let me show you this. Here we have the Sony Alpha a6000.,39~55
738,4,CAMERA_2,['CAMERA_2'],"{'CAMERA_1': [], 'CAMERA_2': ['long_exposure'], 'CAMERA_3': []}",C_SILENT_OR_BACKCHANNEL,CAMERA_2,NONE,okay,S_INTRODUCES_FEATURE,CAMERA_2,long_exposure,This one can take long exposures up to up to 30 seconds.,39~55
738,5,CAMERA_1,"['CAMERA_2', 'CAMERA_1']","{'CAMERA_1': [], 'CAMERA_2': ['long_exposure'], 'CAMERA_3': []}",C_ANYTHING_ELSE_AVAILABLE,CAMERA_2,NONE,ok do you have any other cameras,S_INTRODUCES_CAMERA,CAMERA_1,,Let me show you this. Here we have the Nikon Coolpix S2800.,39~58
738,6,CAMERA_1,"['CAMERA_2', 'CAMERA_1']","{'CAMERA_1': ['camera_type'], 'CAMERA_2': ['long_exposure'], 'CAMERA_3': []}",C_SILENT_OR_BACKCHANNEL,CAMERA_1,NONE,alright,S_INTRODUCES_FEATURE,CAMERA_1,camera_type,This is a point and shoot camera.,10~25
738,7,CAMERA_1,"['CAMERA_2', 'CAMERA_1']","{'CAMERA_1': ['camera_type', 'settings'], 'CAMERA_2': ['long_exposure'], 'CAMERA_3': []}",C_SILENT_OR_BACKCHANNEL,CAMERA_1,NONE,okay,S_INTRODUCES_FEATURE,CAMERA_1,settings,This one has limited manual settings.,13~36
738,8,CAMERA_1,"['CAMERA_2', 'CAMERA_1']","{'CAMERA_1': ['camera_type', 'settings', 'price'], 'CAMERA_2': ['long_exposure'], 'CAMERA_3': []}",C_QUESTION_ABOUT_FEATURE,CAMERA_1,price,how much does it cost,S_ANSWERS_QUESTION_ABOUT_FEATURE,CAMERA_1,price,This one costs $2173.,15~20
738,9,CAMERA_1,"['CAMERA_2', 'CAMERA_1']","{'CAMERA_1': ['camera_type', 'settings', 'price', 'color'], 'CAMERA_2': ['long_exposure'], 'CAMERA_3': []}",C_QUESTION_ABOUT_FEATURE,CAMERA_1,color,what colors does this one come in,S_ANSWERS_QUESTION_ABOUT_FEATURE,CAMERA_1,color,"This one comes in purple, pink, black, silver, red.",18~50
738,10,NONE,"['CAMERA_2', 'CAMERA_1']","{'CAMERA_1': ['camera_type', 'settings', 'price', 'color'], 'CAMERA_2': ['long_exposure'], 'CAMERA_3': []}",C_THANK_YOU,CAMERA_1,NONE,thank you for your help,S_THANK_YOU,CAMERA_1,NONE,thank you very much,
738,11,NONE,"['CAMERA_2', 'CAMERA_1']","{'CAMERA_1': ['camera_type', 'settings', 'price', 'color'], 'CAMERA_2': ['long_exposure'], 'CAMERA_3': []}",C_LEAVES,DOOR,NONE,,S_RETURNS_TO_COUNTER,SERVICE_COUNTER,NONE,,
739,1,NONE,[],"{'CAMERA_1': [], 'CAMERA_2': [], 'CAMERA_3': []}",C_ENTERS,DOOR,NONE,,S_NONE,SERVICE_COUNTER,NONE,,
739,2,NONE,[],"{'CAMERA_1': [], 'CAMERA_2': [], 'CAMERA_3': []}",C_GREETS,MIDDLE,NONE,hello,S_GREETS,MIDDLE,NONE,can I help you?,
739,3,CAMERA_3,['CAMERA_3'],"{'CAMERA_1': [], 'CAMERA_2': [], 'CAMERA_3': []}",C_LOOKING_FOR_A_CAMERA,MIDDLE,NONE,I'm looking for a camera,S_INTRODUCES_CAMERA,CAMERA_3,,Let me show you this. Here we have the Canon EOS 5D Mark III.,39~60
739,4,CAMERA_3,['CAMERA_3'],"{'CAMERA_1': [], 'CAMERA_2': [], 'CAMERA_3': ['settings']}",C_SILENT_OR_BACKCHANNEL,CAMERA_3,NONE,I see,S_INTRODUCES_FEATURE,CAMERA_3,settings,This one has full manual control.,13~32
739,5,CAMERA_3,['CAMERA_3'],"{'CAMERA_1': [], 'CAMERA_2': [], 'CAMERA_3': ['settings', 'weight']}",C_QUESTION_ABOUT_FEATURE,CAMERA_3,weight,how much does this one weigh,S_ANSWERS_QUESTION_ABOUT_FEATURE,CAMERA_3,weight,This one weighs 950 grams (only body).,16~37
739,6,CAMERA_3,['CAMERA_3'],"{'CAMERA_1': [], 'CAMERA_2': [], 'CAMERA_3': ['settings', 'weight', 'color']}",C_SILENT_OR_BACKCHANNEL,CAMERA_3,NONE,okay,S_INTRODUCES_FEATURE,CAMERA_3,color,This one comes in black.,18~23
739,7,CAMERA_3,['CAMERA_3'],"{'CAMERA_1': [], 'CAMERA_2': [], 'CAMERA_3': ['settings', 'weight', 'color', 'long_exposure']}",C_QUESTION_ABOUT_FEATURE,CAMERA_3,long_exposure,can it take long exposure shots,S_ANSWERS_QUESTION_ABOUT_FEATURE,CAMERA_3,long_exposure,"This one can take long exposures up to up to 30 seconds, bulb mode: expose as long as you want.",39~94
739,8,CAMERA_3,['CAMERA_3'],"{'CAMERA_1': [], 'CAMERA_2': [], 'CAMERA_3': ['settings', 'weight', 'color', 'long_exposure', 'ISO']}",C_QUESTION_ABOUT_FEATURE,CAMERA_3,ISO,what is the ISO,S_ANSWERS_QUESTION_ABOUT_FEATURE,CAMERA_3,ISO,This one has up to 6400 ISO with little noise.,13~45
739,9,NONE,['CAMERA_3'],"{'CAMERA_1': [], 'CAMERA_2': [], 'CAMERA_3': ['settings', 'weight', 'color', 'long_exposure', 'ISO']}",C_THANK_YOU,CAMERA_3,NONE,thank you for your help,S_THANK_YOU,CAMERA_3,NONE,thank you very much,
739,10,NONE,['CAMERA_3'],"{'CAMERA_1': [], 'CAMERA_2': [], 'CAMERA_3': ['settings', 'weight', 'color', 'long_exposure', 'ISO']}",C_LEAVES,DOOR,NONE,,S_RETURNS_TO_COUNTER,SERVICE_COUNTER,NONE,,
740,1,NONE,[],"{'CAMERA_1': [], 'CAMERA_2': [], 'CAMERA_3': []}",C_ENTERS,DOOR,NONE,,S_NONE,SERVICE_COUNTER,NONE,,
740,2,NONE,[],"{'CAMERA_1': [], 'CAMERA_2': [], 'CAMERA_3': []}",C_WALKS_TO_CAMERA,CAMERA_1,NONE,,S_NONE,SERVICE_COUNTER,NONE,,
740,3,CAMERA_1,['CAMERA_1'],"{'CAMERA_1': ['optical_zoom'], 'CAMERA_2': [], 'CAMERA_3': []}",C_QUESTION_ABOUT_FEATURE,CAMERA_1,optical_zoom,does it have optical zoom,S_ANSWERS_QUESTION_ABOUT_FEATURE,CAMERA_1,optical_zoom,This one has 5x optical zoom.,13~28
740,4,NONE,['CAMERA_1'],"{'CAMERA_1': ['optical_zoom'], 'CAMERA_2': [], 'CAMERA_3': []}",C_THANK_YOU,CAMERA_1,NONE,thank you for your help,S_THANK_YOU,CAMERA_1,NONE,thank you very much,
740,5,NONE,['CAMERA_1'],"{'CAMERA_1': ['optical_zoom'], 'CAMERA_2': [], 'CAMERA_3': []}",C_LEAVES,DOOR,NONE,,S_RETURNS_TO_COUNTER,SERVICE_COUNTER,NONE,,
741,1,NONE,[],"{'CAMERA_1': [], 'CAMERA_2': [], 'CAMERA_3': []}",C_ENTERS,DOOR,NONE,,S_NONE,SERVICE_COUNTER,NONE,,
741,2,NONE,[],"{'CAMERA_1': [], 'CAMERA_2': [], 'CAMERA_3': []}",C_GREETS,MIDDLE,NONE,hello,S_GREETS,MIDDLE,NONE,can I help you?,
741,3,CAMERA_2,['CAMERA_2'],"{'CAMERA_1': [], 'CAMERA_2': [], 'CAMERA_3': []}",C_LOOKING_FOR_A_CAMERA,MIDDLE,NONE,I'm looking for a camera,S_INTRODUCES_CAMERA,CAMERA_2,,Let me show you this. Here we have the Sony Alpha a6000.,39~55
741,4,CAMERA_2,['CAMERA_2'],"{'CAMERA_1': [], 'CAMERA_2': ['sensor_size'], 'CAMERA_3': []}",C_SILENT_OR_BACKCHANNEL,CAMERA_2,NONE,okay,S_INTRODUCES_FEATURE,CAMERA_2,sensor_size,This one has a APS-C sensor (crop sensor).,15~41
741,5,CAMERA_3,"['CAMERA_2', 'CAMERA_3']","{'CAMERA_1': [], 'CAMERA_2': ['sensor_size'], 'CAMERA_3': []}",C_ANYTHING_ELSE_AVAILABLE,CAMERA_2,NONE,ok do you have any other cameras,S_INTRODUCES_CAMERA,CAMERA_3,,Let me show you this. Here we have the Canon EOS 5D Mark III.,39~60
741,6,CAMERA_3,"['CAMERA_2', 'CAMERA_3']","{'CAMERA_1': [], 'CAMERA_2': ['sensor_size'], 'CAMERA_3': ['sensor_size']}",C_SILENT_OR_BACKCHANNEL,CAMERA_3,NONE,I see,S_INTRODUCES_FEATURE,CAMERA_3,sensor_size,This one has a full frame.,15~25
741,7,CAMERA_1,"['CAMERA_2', 'CAMERA_3', 'CAMERA_1']","{'CAMERA_1': [], 'CAMERA_2': ['sensor_size'], 'CAMERA_3': ['sensor_size']}",C_ANYTHING_ELSE_AVAILABLE,CAMERA_3,NONE,ok do you have any other cameras,S_INTRODUCES_CAMERA,CAMERA_1,,Let me show you this. Here we have the Nikon Coolpix S2800.,39~58
741,8,CAMERA_1,"['CAMERA_2', 'CAMERA_3', 'CAMERA_1']","{'CAMERA_1': ['price'], 'CAMERA_2': ['sensor_size'], 'CAMERA_3': ['sensor_size']}",C_QUESTION_ABOUT_FEATURE,CAMERA_1,price,how much does it cost,S_ANSWERS_QUESTION_ABOUT_FEATURE,CAMERA_1,price,This one costs $2173.,15~20
741,9,CAMERA_1,"['CAMERA_2', 'CAMERA_3', 'CAMERA_1']","{'CAMERA_1': ['price', 'autofocus_points'], 'CAMERA_2': ['sensor_size'], 'CAMERA_3': ['sensor_size']}",C_QUESTION_ABOUT_FEATURE,CAMERA_1,autofocus_points,how many autofocus points does it have,S_NOT_SURE,CAMERA_1,,I'm not really sure about that,
741,10,,"['CAMERA_2', 'CAMERA_3', 'CAMERA_1']","{'CAMERA_1': ['price', 'autofocus_points'], 'CAMERA_2': ['sensor_size'], 'CAMERA_3': ['sensor_size']}",C_ANYTHING_ELSE_AVAILABLE,CAMERA_1,NONE,ok do you have any other cameras,S_THATS_ALL_WE_HAVE_AVAILABLE,CAMERA_1,,That’s all we have available at the moment.,
741,11,NONE,"['CAMERA_2', 'CAMERA_3', 'CAMERA_1']","{'CAMERA_1': ['price', 'autofocus_points'], 'CAMERA_2': ['sensor_size'], 'CAMERA_3': ['sensor_size']}",C_THANK_YOU,CAMERA_1,NONE,thank you for your help,S_THANK_YOU,CAMERA_1,NONE,thank you very much,
741,12,NONE,"['CAMERA_2', 'CAMERA_3', 'CAMERA_1']","{'CAMERA_1': ['price', 'autofocus_points'], 'CAMERA_2': ['sensor_size'], 'CAMERA_3': ['sensor_size']}",C_LEAVES,DOOR,NONE,,S_RETURNS_TO_COUNTER,SERVICE_COUNTER,NONE,,
742,1,NONE,[],"{'CAMERA_1': [], 'CAMERA_2': [], 'CAMERA_3': []}",C_ENTERS,DOOR,NONE,,S_NONE,SERVICE_COUNTER,NONE,,
742,2,NONE,[],"{'CAMERA_1': [], 'CAMERA_2': [], 'CAMERA_3': []}",C_GREETS,MIDDLE,NONE,hello,S_GREETS,MIDDLE,NONE,can I help you?,
742,3,CAMERA_2,['CAMERA_2'],"{'CAMERA_1': [], 'CAMERA_2': [], 'CAMERA_3': []}",C_LOOKING_FOR_A_CAMERA,MIDDLE,NONE,I'm looking for a camera,S_INTRODUCES_CAMERA,CAMERA_2,,Let me show you this. Here we have the Sony Alpha a6000.,39~55
742,4,CAMERA_2,['CAMERA_2'],"{'CAMERA_1': [], 'CAMERA_2': ['color'], 'CAMERA_3': []}",C_QUESTION_ABOUT_FEATURE,CAMERA_2,color,what colors does this one come in,S_ANSWERS_QUESTION_ABOUT_FEATURE,CAMERA_2,color,"This one comes in white, silver, black.",18~38
742,5,CAMERA_2,['CAMERA_2'],"{'CAMERA_1': [], 'CAMERA_2': ['color', 'settings'], 'CAMERA_3': []}",C_SILENT_OR_BACKCHANNEL,CAMERA_2,NONE,I see,S_INTRODUCES_FEATURE,CAMERA_2,settings,This one has full manual control.,13~32
742,6,NONE,['CAMERA_2'],"{'CAMERA_1': [], 'CAMERA_2': ['color', 'settings'], 'CAMERA_3': []}",C_THANK_YOU,CAMERA_2,NONE,thank you for your help,S_THANK_YOU,CAMERA_2,NONE,thank you very much,
742,7,NONE,['CAMERA_2'],"{'CAMERA_1': [], 'CAMERA_2': ['color', 'settings'], 'CAMERA_3': []}",C_LEAVES,DOOR,NONE,,S_RETURNS_TO_COUNTER,SERVICE_COUNTER,NONE,,
743,1,NONE,[],"{'CAMERA_1': [], 'CAMERA_2': [], 'CAMERA_3': []}",C_ENTERS,DOOR,NONE,,S_NONE,SERVICE_COUNTER,NONE,,
743,2,NONE,[],"{'CAMERA_1': [], 'CAMERA_2': [], 'CAMERA_3': []}",C_WALKS_TO_CAMERA,CAMERA_1,NONE,,S_GREETS,CAMERA_1,NONE,can I help you?,
743,3,CAMERA_1,['CAMERA_1'],"{'CAMERA_1': [], 'CAMERA_2': [], 'CAMERA_3': []}",C_LOOKING_FOR_A_CAMERA,CAMERA_1,NONE,I'm looking for a camera,S_INTRODUCES_CAMERA,CAMERA_1,,Let me show you this. Here we have the Nikon Coolpix S2800.,39~58
743,4,CAMERA_1,['CAMERA_1'],"{'CAMERA_1': ['price'], 'CAMERA_2': [], 'CAMERA_3': []}",C_QUESTION_ABOUT_FEATURE,CAMERA_1,price,how much does it cost,S_ANSWERS_QUESTION_ABOUT_FEATURE,CAMERA_1,price,This one costs $2173.,15~20
743,5,CAMERA_1,['CAMERA_1'],"{'CAMERA_1': ['price', 'weight'], 'CAMERA_2': [], 'CAMERA_3': []}",C_QUESTION_ABOUT_FEATURE,CAMERA_1,weight,how much does this one weigh,S_ANSWERS_QUESTION_ABOUT_FEATURE,CAMERA_1,weight,This one weighs 120 grams.,16~25
743,6,CAMERA_1,['CAMERA_1'],"{'CAMERA_1': ['price', 'weight', 'optical_zoom'], 'CAMERA_2': [], 'CAMERA_3': []}",C_QUESTION_ABOUT_FEATURE,CAMERA_1,optical_zoom,does it have optical zoom,S_ANSWERS_QUESTION_ABOUT_FEATURE,CAMERA_1,optical_zoom,This one has 5x optical zoom.,13~28
743,7,CAMERA_1,['CAMERA_1'],"{'CAMERA_1': ['price', 'weight', 'optical_zoom', 'effects'], 'CAMERA_2': [], 'CAMERA_3': []}",C_SILENT_OR_BACKCHANNEL,CAMERA_1,NONE,alright,S_INTRODUCES_FEATURE,CAMERA_1,effects,"This one has 12 glamor retouch effects (e.g. skin softening, small face, big eyes).",13~82
743,8,NONE,['CAMERA_1'],"{'CAMERA_1': ['price', 'weight', 'optical_zoom', 'effects'], 'CAMERA_2': [], 'CAMERA_3': []}",C_THANK_YOU,CAMERA_1,NONE,thank you for your help,S_THANK_YOU,CAMERA_1,NONE,thank you very much,
743,9,NONE,['CAMERA_1'],"{'CAMERA_1': ['price', 'weight', 'optical_zoom', 'effects'], 'CAMERA_2': [], 'CAMERA_3': []}",C_LEAVES,DOOR,NONE,,S_RETURNS_TO_COUNTER,SERVICE_COUNTER,NONE,,
744,1,NONE,[],"{'CAMERA_1': [], 'CAMERA_2': [], 'CAMERA_3': []}",C_ENTERS,DOOR,NONE,,S_NONE,SERVICE_COUNTER,NONE,,
744,2,NONE,[],"{'CAMERA_1': [], 'CAMERA_2': [], 'CAMERA_3': []}",C_GREETS,MIDDLE,NONE,hello,S_GREETS,MIDDLE,NONE,can I help you?,
744,3,CAMERA_1,['CAMERA_1'],"{'CAMERA_1': [], 'CAMERA_2': [], 'CAMERA_3': []}",C_LOOKING_FOR_A_CAMERA,MIDDLE,NONE,I'm looking for a camera,S_INTRODUCES_CAMERA,CAMERA_1,,Let me show you this. Here we have the Nikon Coolpix S2800.,39~58
744,4,CAMERA_1,['CAMERA_1'],"{'CAMERA_1': ['resolution'], 'CAMERA_2': [], 'CAMERA_3': []}",C_QUESTION_ABOUT_FEATURE,CAMERA_1,resolution,what is the resolution,S_ANSWERS_QUESTION_ABOUT_FEATURE,CAMERA_1,resolution,This one has 20.1 megapixels resolution.,13~28
744,5,NONE,['CAMERA_1'],"{'CAMERA_1': ['resolution'], 'CAMERA_2': [], 'CAMERA_3': []}",C_THANK_YOU,CAMERA_1,NONE,thank you for your help,S_THANK_YOU,CAMERA_1,NONE,thank you very much,
744,6,NONE,['CAMERA_1'],"{'CAMERA_1': ['resolution'], 'CAMERA_2': [], 'CAMERA_3': []}",C_LEAVES,DOOR,NONE,,S_RETURNS_TO_COUNTER,SERVICE_COUNTER,NONE,,
745,1,NONE,[],"{'CAMERA_1': [], 'CAMERA_2': [], 'CAMERA_3': []}",C_ENTERS,DOOR,NONE,,S_NONE,SERVICE_COUNTER,NONE,,
745,2,NONE,[],"{'CAMERA_1': [], 'CAMERA_2': [], 'CAMERA_3': []}",C_GREETS,MIDDLE,NONE,hello,S_GREETS,MIDDLE,NONE,can I help you?,
745,3,CAMERA_3,['CAMERA_3'],"{'CAMERA_1': [], 'CAMERA_2': [], 'CAMERA_3': []}",C_LOOKING_FOR_A_CAMERA,MIDDLE,NONE,I'm looking for a camera,S_INTRODUCES_CAMERA,CAMERA_3,,Let me show you this. Here we have the Canon EOS 5D Mark III.,39~60
745,4,CAMERA_3,['CAMERA_3'],"{'CAMERA_1': [], 'CAMERA_2': [], 'CAMERA_3': ['settings']}",C_QUESTION_ABOUT_FEATURE,CAMERA_3,settings,what kind of settings does it have,S_ANSWERS_QUESTION_ABOUT_FEATURE,CAMERA_3,settings,This one has full manual control.,13~32
745,5,NONE,['CAMERA_3'],"{'CAMERA_1': [], 'CAMERA_2': [], 'CAMERA_3': ['settings']}",C_THANK_YOU,CAMERA_3,NONE,thank you for your help,S_THANK_YOU,CAMERA_3,NONE,thank you very much,
745,6,NONE,['CAMERA_3'],"{'CAMERA_1': [], 'CAMERA_2': [], 'CAMERA_3': ['settings']}",C_LEAVES,DOOR,NONE,,S_RETURNS_TO_COUNTER,SERVICE_COUNTER,NONE,,
746,1,NONE,[],"{'CAMERA_1': [], 'CAMERA_2': [], 'CAMERA_3': []}",C_ENTERS,DOOR,NONE,,S_NONE,SERVICE_COUNTER,NONE,,
746,2,NONE,[],"{'CAMERA_1': [], 'CAMERA_2': [], 'CAMERA_3': []}",C_GREETS,MIDDLE,NONE,hello,S_GREETS,MIDDLE,NONE,can I help you?,
746,3,CAMERA_1,['CAMERA_1'],"{'CAMERA_1': [], 'CAMERA_2': [], 'CAMERA_3': []}",C_LOOKING_FOR_A_CAMERA,MIDDLE,NONE,I'm looking for a camera,S_INTRODUCES_CAMERA,CAMERA_1,,Let me show you this. Here we have the Nikon Coolpix S2800.,39~58
746,4,CAMERA_1,['CAMERA_1'],"{'CAMERA_1': ['effects'], 'CAMERA_2': [], 'CAMERA_3': []}",C_SILENT_OR_BACKCHANNEL,CAMERA_1,NONE,okay,S_INTRODUCES_FEATURE,CAMERA_1,effects,"This one has 12 glamor retouch effects (e.g. skin softening, small face, big eyes).",13~82
746,5,CAMERA_1,['CAMERA_1'],"{'CAMERA_1': ['effects', 'preset_modes'], 'CAMERA_2': [], 'CAMERA_3': []}",C_SILENT_OR_BACKCHANNEL,CAMERA_1,NONE,okay,S_INTRODUCES_FEATURE,CAMERA_1,preset_modes,"This one has 18 preset modes (e.g. beach, snow, night portrait).",13~63
746,6,CAMERA_1,['CAMERA_1'],"{'CAMERA_1': ['effects', 'preset_modes', 'camera_type'], 'CAMERA_2': [], 'CAMERA_3': []}",C_SILENT_OR_BACKCHANNEL,CAMERA_1,NONE,I see,S_INTRODUCES_FEATURE,CAMERA_1,camera_type,This is a point and shoot camera.,10~25
746,7,CAMERA_1,['CAMERA_1'],"{'CAMERA_1': ['effects', 'preset_modes', 'camera_type', 'color'], 'CAMERA_2': [], 'CAMERA_3': []}",C_SILENT_OR_BACKCHANNEL,CAMERA_1,NONE,I see,S_INTRODUCES_FEATURE,CAMERA_1,color,"This one comes in purple, pink, black, silver, red.",18~50
746,8,CAMERA_1,['CAMERA_1'],"{'CAMERA_1': ['effects', 'preset_modes', 'camera_type', 'color', 'optical_zoom'], 'CAMERA_2': [], 'CAMERA_3': []}",C_QUESTION_ABOUT_FEATURE,CAMERA_1,optical_zoom,does it have optical zoom,S_ANSWERS_QUESTION_ABOUT_FEATURE,CAMERA_1,optical_zoom,This one has 5x optical zoom.,13~28
746,9,NONE,['CAMERA_1'],"{'CAMERA_1': ['effects', 'preset_modes', 'camera_type', 'color', 'optical_zoom'], 'CAMERA_2': [], 'CAMERA_3': []}",C_THANK_YOU,CAMERA_1,NONE,thank you for your help,S_THANK_YOU,CAMERA_1,NONE,thank you very much,
746,10,NONE,['CAMERA_1'],"{'CAMERA_1': ['effects', 'preset_modes', 'camera_type', 'color', 'optical_zoom'], 'CAMERA_2': [], 'CAMERA_3': []}",C_LEAVES,DOOR,NONE,,S_RETURNS_TO_COUNTER,SERVICE_COUNTER,NONE,,
747,1,NONE,[],"{'CAMERA_1': [], 'CAMERA_2': [], 'CAMERA_3': []}",C_ENTERS,DOOR,NONE,,S_NONE,SERVICE_COUNTER,NONE,,
747,2,NONE,[],"{'CAMERA_1': [], 'CAMERA_2': [], 'CAMERA_3': []}",C_WALKS_TO_CAMERA,CAMERA_1,NONE,,S_GREETS,CAMERA_1,NONE,can I help you?,
747,3,CAMERA_3,['CAMERA_3'],"{'CAMERA_1': [], 'CAMERA_2': [], 'CAMERA_3': []}",C_LOOKING_FOR_A_CAMERA,CAMERA_1,NONE,I'm looking for a camera,S_INTRODUCES_CAMERA,CAMERA_3,,Let me show you this. Here we have the Canon EOS 5D Mark III.,39~60
747,4,CAMERA_3,['CAMERA_3'],"{'CAMERA_1': [], 'CAMERA_2': [], 'CAMERA_3': ['long_exposure']}",C_SILENT_OR_BACKCHANNEL,CAMERA_3,NONE,I see,S_INTRODUCES_FEATURE,CAMERA_3,long_exposure,"This one can take long exposures up to up to 30 seconds, bulb mode: expose as long as you want.",39~94
747,5,CAMERA_3,['CAMERA_3'],"{'CAMERA_1': [], 'CAMERA_2': [], 'CAMERA_3': ['long_exposure', 'ISO']}",C_SILENT_OR_BACKCHANNEL,CAMERA_3,NONE,okay,S_INTRODUCES_FEATURE,CAMERA_3,ISO,This one has up to 6400 ISO with little noise.,13~45
747,6,CAMERA_3,['CAMERA_3'],"{'CAMERA_1': [], 'CAMERA_2': [], 'CAMERA_3': ['long_exposure', 'ISO', 'color']}",C_QUESTION_ABOUT_FEATURE,CAMERA_3,color,what colors does this one come in,S_ANSWERS_QUESTION_ABOUT_FEATURE,CAMERA_3,color,This one comes in black.,18~23
747,7,CAMERA_3,['CAMERA_3'],"{'CAMERA_1': [], 'CAMERA_2': [], 'CAMERA_3': ['long_exposure', 'ISO', 'color', 'sensor_size']}",C_SILENT_OR_BACKCHANNEL,CAMERA_3,NONE,alright,S_INTRODUCES_FEATURE,CAMERA_3,sensor_size,This one has a full frame.,15~25
747,8,CAMERA_3,['CAMERA_3'],"{'CAMERA_1': [], 'CAMERA_2': [], 'CAMERA_3': ['long_exposure', 'ISO', 'color', 'sensor_size', 'optical_zoom']}",C_QUESTION_ABOUT_FEATURE,CAMERA_3,optical_zoom,does it have optical zoom,S_NOT_SURE,CAMERA_3,,I'm not really sure about that,
747,9,CAMERA_3,['CAMERA_3'],"{'CAMERA_1': [], 'CAMERA_2': [], 'CAMERA_3': ['long_exposure', 'ISO', 'color', 'sensor_size', 'optical_zoom', 'autofocus_points']}",C_SILENT_OR_BACKCHANNEL,CAMERA_3,NONE,alright,S_INTRODUCES_FEATURE,CAMERA_3,autofocus_points,This one has 61 autofocus points.,13~32
747,10,CAMERA_3,['CAMERA_3'],"{'CAMERA_1': [], 'CAMERA_2': [], 'CAMERA_3': ['long_exposure', 'ISO', 'color', 'sensor_size', 'optical_zoom', 'autofocus_points', 'settings']}",C_QUESTION_ABOUT_FEATURE,CAMERA_3,settings,what kind of settings does it have,S_ANSWERS_QUESTION_ABOUT_FEATURE,CAMERA_3,settings,This one has full manual control.,13~32
747,11,CAMERA_3,['CAMERA_3'],"{'CAMERA_1': [], 'CAMERA_2': [], 'CAMERA_3': ['long_exposure', 'ISO', 'color', 'sensor_size', 'optical_zoom', 'autofocus_points', 'settings', 'resolution']}",C_QUESTION_ABOUT_FEATURE,CAMERA_3,resolution,what is the resolution,S_NOT_SURE,CAMERA_3,,I'm not really sure about that,
747,12,NONE,['CAMERA_3'],"{'CAMERA_1': [], 'CAMERA_2': [], 'CAMERA_3': ['long_exposure', 'ISO', 'color', 'sensor_size', 'optical_zoom', 'autofocus_points', 'settings', 'resolution']}",C_THANK_YOU,CAMERA_3,NONE,thank you for your help,S_THANK_YOU,CAMERA_3,NONE,thank you very much,
747,13,NONE,['CAMERA_3'],"{'CAMERA_1': [], 'CAMERA_2': [], 'CAMERA_3': ['long_exposure', 'ISO', 'color', 'sensor_size', 'optical_zoom', 'autofocus_points', 'settings', 'resolution']}",C_LEAVES,DOOR,NONE,,S_RETURNS_TO_COUNTER,SERVICE_COUNTER,NONE,,
748,1,NONE,[],"{'CAMERA_1': [], 'CAMERA_2': [], 'CAMERA_3': []}",C_ENTERS,DOOR,NONE,,S_NONE,SERVICE_COUNTER,NONE,,
748,2,NONE,[],"{'CAMERA_1': [], 'CAMERA_2': [], 'CAMERA_3': []}",C_WALKS_TO_CAMERA,CAMERA_3,NONE,,S_GREETS,CAMERA_3,NONE,can I help you?,
748,3,CAMERA_1,['CAMERA_1'],"{'CAMERA_1': [], 'CAMERA_2': [], 'CAMERA_3': []}",C_LOOKING_FOR_A_CAMERA,CAMERA_3,NONE,I'm looking for a camera,S_INTRODUCES_CAMERA,CAMERA_1,,Let me show you this. Here we have the Nikon Coolpix S2800.,39~58
748,4,CAMERA_1,['CAMERA_1'],"{'CAMERA_1': ['weight'], 'CAMERA_2': [], 'CAMERA_3': []}",C_SILENT_OR_BACKCHANNEL,CAMERA_1,NONE,I see,S_INTRODUCES_FEATURE,CAMERA_1,weight,This one weighs 120 grams.,16~25
748,5,NONE,['CAMERA_1'],"{'CAMERA_1': ['weight'], 'CAMERA_2': [], 'CAMERA_3': []}",C_THANK_YOU,CAMERA_1,NONE,thank you for your help,S_THANK_YOU,CAMERA_1,NONE,thank you very much,
748,6,NONE,['CAMERA_1'],"{'CAMERA_1': ['weight'], 'CAMERA_2': [], 'CAMERA_3': []}",C_LEAVES,DOOR,NONE,,S_RETURNS_TO_COUNTER,SERVICE_COUNTER,NONE,,
749,1,NONE,[],"{'CAMERA_1': [], 'CAMERA_2': [], 'CAMERA_3': []}",C_ENTERS,DOOR,NONE,,S_NONE,SERVICE_COUNTER,NONE,,
749,2,NONE,[],"{'CAMERA_1': [], 'CAMERA_2': [], 'CAMERA_3': []}",C_GREETS,MIDDLE,NONE,hello,S_GREETS,MIDDLE,NONE,can I help you?,
749,3,CAMERA_3,['CAMERA_3'],"{'CAMERA_1': [], 'CAMERA_2': [], 'CAMERA_3': []}",C_LOOKING_FOR_A_CAMERA,MIDDLE,NONE,I'm looking for a camera,S_INTRODUCES_CAMERA,CAMERA_3,,Let me show you this. Here we have the Canon EOS 5D Mark III.,39~60
749,4,CAMERA_3,['CAMERA_3'],"{'CAMERA_1': [], 'CAMERA_2': [], 'CAMERA_3': ['preset_modes']}",C_QUESTION_ABOUT_FEATURE,CAMERA_3,preset_modes,does it have preset modes,S_NOT_SURE,CAMERA_3,,I'm not really sure about that,
749,5,CAMERA_1,"['CAMERA_3', 'CAMERA_1']","{'CAMERA_1': [], 'CAMERA_2': [], 'CAMERA_3': ['preset_modes']}",C_ANYTHING_ELSE_AVAILABLE,CAMERA_3,NONE,ok do you have any other cameras,S_INTRODUCES_CAMERA,CAMERA_1,,Let me show you this. Here we have the Nikon Coolpix S2800.,39~58
749,6,CAMERA_1,"['CAMERA_3', 'CAMERA_1']","{'CAMERA_1': ['optical_zoom'], 'CAMERA_2': [], 'CAMERA_3': ['preset_modes']}",C_SILENT_OR_BACKCHANNEL,CAMERA_1,NONE,okay,S_INTRODUCES_FEATURE,CAMERA_1,optical_zoom,This one has 5x optical zoom.,13~28
749,7,CAMERA_1,"['CAMERA_3', 'CAMERA_1']","{'CAMERA_1': ['optical_zoom', 'color'], 'CAMERA_2': [], 'CAMERA_3': ['preset_modes']}",C_SILENT_OR_BACKCHANNEL,CAMERA_1,NONE,I see,S_INTRODUCES_FEATURE,CAMERA_1,color,"This one comes in purple, pink, black, silver, red.",18~50
749,8,CAMERA_1,"['CAMERA_3', 'CAMERA_1']","{'CAMERA_1': ['optical_zoom', 'color', 'autofocus_points'], 'CAMERA_2': [], 'CAMERA_3': ['preset_modes']}",C_QUESTION_ABOUT_FEATURE,CAMERA_1,autofocus_points,how many autofocus points does it have,S_NOT_SURE,CAMERA_1,,I'm not really sure about that,
749,9,NONE,"['CAMERA_3', 'CAMERA_1']","{'CAMERA_1': ['optical_zoom', 'color', 'autofocus_points'], 'CAMERA_2': [], 'CAMERA_3': ['preset_modes']}",C_THANK_YOU,CAMERA_1,NONE,thank you for your help,S_THANK_YOU,CAMERA_1,NONE,thank you very much,
749,10,NONE,"['CAMERA_3', 'CAMERA_1']","{'CAMERA_1': ['optical_zoom', 'color', 'autofocus_points'], 'CAMERA_2': [], 'CAMERA_3': ['preset_modes']}",C_LEAVES,DOOR,NONE,,S_RETURNS_TO_COUNTER,SERVICE_COUNTER,NONE,,
750,1,NONE,[],"{'CAMERA_1': [], 'CAMERA_2': [], 'CAMERA_3': []}",C_ENTERS,DOOR,NONE,,S_NONE,SERVICE_COUNTER,NONE,,
750,2,NONE,[],"{'CAMERA_1': [], 'CAMERA_2': [], 'CAMERA_3': []}",C_WALKS_TO_CAMERA,CAMERA_1,NONE,,S_NONE,SERVICE_COUNTER,NONE,,
750,3,CAMERA_1,['CAMERA_1'],"{'CAMERA_1': ['price'], 'CAMERA_2': [], 'CAMERA_3': []}",C_QUESTION_ABOUT_FEATURE,CAMERA_1,price,how much does it cost,S_ANSWERS_QUESTION_ABOUT_FEATURE,CAMERA_1,price,This one costs $2173.,15~20
750,4,CAMERA_1,['CAMERA_1'],"{'CAMERA_1': ['price', 'optical_zoom'], 'CAMERA_2': [], 'CAMERA_3': []}",C_SILENT_OR_BACKCHANNEL,CAMERA_1,NONE,I see,S_INTRODUCES_FEATURE,CAMERA_1,optical_zoom,This one has 5x optical zoom.,13~28
750,5,CAMERA_1,['CAMERA_1'],"{'CAMERA_1': ['price', 'optical_zoom', 'effects'], 'CAMERA_2': [], 'CAMERA_3': []}",C_QUESTION_ABOUT_FEATURE,CAMERA_1,effects,does it have any effect modes,S_ANSWERS_QUESTION_ABOUT_FEATURE,CAMERA_1,effects,"This one has 12 glamor retouch effects (e.g. skin softening, small face, big eyes).",13~82
750,6,CAMERA_1,['CAMERA_1'],"{'CAMERA_1': ['price', 'optical_zoom', 'effects', 'ISO'], 'CAMERA_2': [], 'CAMERA_3': []}",C_QUESTION_ABOUT_FEATURE,CAMERA_1,ISO,what is the ISO,S_NOT_SURE,CAMERA_1,,I'm not really sure about that,
750,7,CAMERA_1,['CAMERA_1'],"{'CAMERA_1': ['price', 'optical_zoom', 'effects', 'ISO', 'preset_modes'], 'CAMERA_2': [], 'CAMERA_3': []}",C_QUESTION_ABOUT_FEATURE,CAMERA_1,preset_modes,does it have preset modes,S_ANSWERS_QUESTION_ABOUT_FEATURE,CAMERA_1,preset_modes,"This one has 18 preset modes (e.g. beach, snow, night portrait).",13~63
750,8,CAMERA_1,['CAMERA_1'],"{'CAMERA_1': ['price', 'optical_zoom', 'effects', 'ISO', 'preset_modes', 'settings'], 'CAMERA_2': [], 'CAMERA_3': []}",C_QUESTION_ABOUT_FEATURE,CAMERA_1,settings,what kind of settings does it have,S_ANSWERS_QUESTION_ABOUT_FEATURE,CAMERA_1,settings,This one has limited manual settings.,13~36
750,9,CAMERA_1,['CAMERA_1'],"{'CAMERA_1': ['price', 'optical_zoom', 'effects', 'ISO', 'preset_modes', 'settings', 'sensor_size'], 'CAMERA_2': [], 'CAMERA_3': []}",C_QUESTION_ABOUT_FEATURE,CAMERA_1,sensor_size,what is the sensor size,S_NOT_SURE,CAMERA_1,,I'm not really sure about that,
750,10,CAMERA_1,['CAMERA_1'],"{'CAMERA_1': ['price', 'optical_zoom', 'effects', 'ISO', 'preset_modes', 'settings', 'sensor_size', 'resolution'], 'CAMERA_2': [], 'CAMERA_3': []}",C_QUESTION_ABOUT_FEATURE,CAMERA_1,resolution,what is the resolution,S_ANSWERS_QUESTION_ABOUT_FEATURE,CAMERA_1,resolution,This one has 20.1 megapixels resolution.,13~28
750,11,CAMERA_1,['CAMERA_1'],"{'CAMERA_1': ['price', 'optical_zoom', 'effects', 'ISO', 'preset_modes', 'settings', 'sensor_size', 'resolution', 'camera_type'], 'CAMERA_2': [], 'CAMERA_3': []}",C_SILENT_OR_BACKCHANNEL,CAMERA_1,NONE,alright,S_INTRODUCES_FEATURE,CAMERA_1,camera_type,This is a point and shoot camera.,10~25
750,12,CAMERA_1,['CAMERA_1'],"{'CAMERA_1': ['price', 'optical_zoom', 'effects', 'ISO', 'preset_modes', 'settings', 'sensor_size', 'resolution', 'camera_type', 'color'], 'CAMERA_2': [], 'CAMERA_3': []}",C_SILENT_OR_BACKCHANNEL,CAMERA_1,NONE,I see,S_INTRODUCES_FEATURE,CAMERA_1,color,"This one comes in purple, pink, black, silver, red.",18~50
750,13,CAMERA_1,['CAMERA_1'],"{'CAMERA_1': ['price', 'optical_zoom', 'effects', 'ISO', 'preset_modes', 'settings', 'sensor_size', 'resolution', 'camera_type', 'color', 'weight'], 'CAMERA_2': [], 'CAMERA_3': []}",C_SILENT_OR_BACKCHANNEL,CAMERA_1,NONE,I see,S_INTRODUCES_FEATURE,CAMERA_1,weight,This one weighs 120 grams.,16~25
750,14,CAMERA_1,['CAMERA_1'],"{'CAMERA_1': ['price', 'optical_zoom', 'effects', 'ISO', 'preset_modes', 'settings', 'sensor_size', 'resolution', 'camera_type', 'color', 'weight', 'long_exposure'], 'CAMERA_2': [], 'CAMERA_3': []}",C_QUESTION_ABOUT_FEATURE,CAMERA_1,long_exposure,can it take long exposure shots,S_NOT_SURE,CAMERA_1,,I'm not really sure about that,
750,15,CAMERA_3,"['CAMERA_1', 'CAMERA_3']","{'CAMERA_1': ['price', 'optical_zoom', 'effects', 'ISO', 'preset_modes', 'settings', 'sensor_size', 'resolution', 'camera_type', 'color', 'weight', 'long_exposure'], 'CAMERA_2': [], 'CAMERA_3': []}",C_ANYTHING_ELSE_AVAILABLE,CAMERA_1,NONE,ok do you have any other cameras,S_INTRODUCES_CAMERA,CAMERA_3,,Let me show you this. Here we have the Canon EOS 5D Mark III.,39~60
750,16,CAMERA_3,"['CAMERA_1', 'CAMERA_3']","{'CAMERA_1': ['price', 'optical_zoom', 'effects', 'ISO', 'preset_modes', 'settings', 'sensor_size', 'resolution', 'camera_type', 'color', 'weight', 'long_exposure'], 'CAMERA_2': [], 'CAMERA_3': ['effects']}",C_QUESTION_ABOUT_FEATURE,CAMERA_3,effects,does it have any effect modes,S_NOT_SURE,CAMERA_3,,I'm not really sure about that,
750,17,CAMERA_3,"['CAMERA_1', 'CAMERA_3']","{'CAMERA_1': ['price', 'optical_zoom', 'effects', 'ISO', 'preset_modes', 'settings', 'sensor_size', 'resolution', 'camera_type', 'color', 'weight', 'long_exposure'], 'CAMERA_2': [], 'CAMERA_3': ['effects', 'long_exposure']}",C_QUESTION_ABOUT_FEATURE,CAMERA_3,long_exposure,can it take long exposure shots,S_ANSWERS_QUESTION_ABOUT_FEATURE,CAMERA_3,long_exposure,"This one can take long exposures up to up to 30 seconds, bulb mode: expose as long as you want.",39~94
750,18,CAMERA_3,"['CAMERA_1', 'CAMERA_3']","{'CAMERA_1': ['price', 'optical_zoom', 'effects', 'ISO', 'preset_modes', 'settings', 'sensor_size', 'resolution', 'camera_type', 'color', 'weight', 'long_exposure'], 'CAMERA_2': [], 'CAMERA_3': ['effects', 'long_exposure', 'sensor_size']}",C_QUESTION_ABOUT_FEATURE,CAMERA_3,sensor_size,what is the sensor size,S_ANSWERS_QUESTION_ABOUT_FEATURE,CAMERA_3,sensor_size,This one has a full frame.,15~25
750,19,CAMERA_3,"['CAMERA_1', 'CAMERA_3']","{'CAMERA_1': ['price', 'optical_zoom', 'effects', 'ISO', 'preset_modes', 'settings', 'sensor_size', 'resolution', 'camera_type', 'color', 'weight', 'long_exposure'], 'CAMERA_2': [], 'CAMERA_3': ['effects', 'long_exposure', 'sensor_size', 'weight']}",C_QUESTION_ABOUT_FEATURE,CAMERA_3,weight,how much does this one weigh,S_ANSWERS_QUESTION_ABOUT_FEATURE,CAMERA_3,weight,This one weighs 950 grams (only body).,16~37
750,20,CAMERA_3,"['CAMERA_1', 'CAMERA_3']","{'CAMERA_1': ['price', 'optical_zoom', 'effects', 'ISO', 'preset_modes', 'settings', 'sensor_size', 'resolution', 'camera_type', 'color', 'weight', 'long_exposure'], 'CAMERA_2': [], 'CAMERA_3': ['effects', 'long_exposure', 'sensor_size', 'weight', 'price']}",C_QUESTION_ABOUT_FEATURE,CAMERA_3,price,how much does it cost,S_ANSWERS_QUESTION_ABOUT_FEATURE,CAMERA_3,price,This one costs $3706.,15~20
750,21,CAMERA_3,"['CAMERA_1', 'CAMERA_3']","{'CAMERA_1': ['price', 'optical_zoom', 'effects', 'ISO', 'preset_modes', 'settings', 'sensor_size', 'resolution', 'camera_type', 'color', 'weight', 'long_exposure'], 'CAMERA_2': [], 'CAMERA_3': ['effects', 'long_exposure', 'sensor_size', 'weight', 'price', 'ISO']}",C_SILENT_OR_BACKCHANNEL,CAMERA_3,NONE,okay,S_INTRODUCES_FEATURE,CAMERA_3,ISO,This one has up to 6400 ISO with little noise.,13~45
750,22,CAMERA_3,"['CAMERA_1', 'CAMERA_3']","{'CAMERA_1': ['price', 'optical_zoom', 'effects', 'ISO', 'preset_modes', 'settings', 'sensor_size', 'resolution', 'camera_type', 'color', 'weight', 'long_exposure'], 'CAMERA_2': [], 'CAMERA_3': ['effects', 'long_exposure', 'sensor_size', 'weight', 'price', 'ISO', 'autofocus_points']}",C_SILENT_OR_BACKCHANNEL,CAMERA_3,NONE,alright,S_INTRODUCES_FEATURE,CAMERA_3,autofocus_points,This one has 61 autofocus points.,13~32
750,23,CAMERA_3,"['CAMERA_1', 'CAMERA_3']","{'CAMERA_1': ['price', 'optical_zoom', 'effects', 'ISO', 'preset_modes', 'settings', 'sensor_size', 'resolution', 'camera_type', 'color', 'weight', 'long_exposure'], 'CAMERA_2': [], 'CAMERA_3': ['effects', 'long_exposure', 'sensor_size', 'weight', 'price', 'ISO', 'autofocus_points', 'color']}",C_QUESTION_ABOUT_FEATURE,CAMERA_3,color,what colors does this one come in,S_ANSWERS_QUESTION_ABOUT_FEATURE,CAMERA_3,color,This one comes in black.,18~23
750,24,CAMERA_3,"['CAMERA_1', 'CAMERA_3']","{'CAMERA_1': ['price', 'optical_zoom', 'effects', 'ISO', 'preset_modes', 'settings', 'sensor_size', 'resolution', 'camera_type', 'color', 'weight', 'long_exposure'], 'CAMERA_2': [], 'CAMERA_3': ['effects', 'long_exposure', 'sensor_size', 'weight', 'price', 'ISO', 'autofocus_points', 'color', 'camera_type']}",C_SILENT_OR_BACKCHANNEL,CAMERA_3,NONE,alright,S_INTRODUCES_FEATURE,CAMERA_3,camera_type,This is a DSLR camera.,10~14
750,25,NONE,"['CAMERA_1', 'CAMERA_3']","{'CAMERA_1': ['price', 'optical_zoom', 'effects', 'ISO', 'preset_modes', 'settings', 'sensor_size', 'resolution', 'camera_type', 'color', 'weight', 'long_exposure'], 'CAMERA_2': [], 'CAMERA_3': ['effects', 'long_exposure', 'sensor_size', 'weight', 'price', 'ISO', 'autofocus_points', 'color', 'camera_type']}",C_THANK_YOU,CAMERA_3,NONE,thank you for your help,S_THANK_YOU,CAMERA_3,NONE,thank you very much,
750,26,NONE,"['CAMERA_1', 'CAMERA_3']","{'CAMERA_1': ['price', 'optical_zoom', 'effects', 'ISO', 'preset_modes', 'settings', 'sensor_size', 'resolution', 'camera_type', 'color', 'weight', 'long_exposure'], 'CAMERA_2': [], 'CAMERA_3': ['effects', 'long_exposure', 'sensor_size', 'weight', 'price', 'ISO', 'autofocus_points', 'color', 'camera_type']}",C_LEAVES,DOOR,NONE,,S_RETURNS_TO_COUNTER,SERVICE_COUNTER,NONE,,
751,1,NONE,[],"{'CAMERA_1': [], 'CAMERA_2': [], 'CAMERA_3': []}",C_ENTERS,DOOR,NONE,,S_NONE,SERVICE_COUNTER,NONE,,
751,2,NONE,[],"{'CAMERA_1': [], 'CAMERA_2': [], 'CAMERA_3': []}",C_GREETS,MIDDLE,NONE,hello,S_GREETS,MIDDLE,NONE,can I help you?,
751,3,CAMERA_1,['CAMERA_1'],"{'CAMERA_1': [], 'CAMERA_2': [], 'CAMERA_3': []}",C_LOOKING_FOR_A_CAMERA,MIDDLE,NONE,I'm looking for a camera,S_INTRODUCES_CAMERA,CAMERA_1,,Let me show you this. Here we have the Nikon Coolpix S2800.,39~58
751,4,CAMERA_1,['CAMERA_1'],"{'CAMERA_1': ['sensor_size'], 'CAMERA_2': [], 'CAMERA_3': []}",C_QUESTION_ABOUT_FEATURE,CAMERA_1,sensor_size,what is the sensor size,S_NOT_SURE,CAMERA_1,,I'm not really sure about that,
751,5,CAMERA_1,['CAMERA_1'],"{'CAMERA_1': ['sensor_size', 'camera_type'], 'CAMERA_2': [], 'CAMERA_3': []}",C_QUESTION_ABOUT_FEATURE,CAMERA_1,camera_type,what kind of camera is this,S_ANSWERS_QUESTION_ABOUT_FEATURE,CAMERA_1,camera_type,This is a point and shoot camera.,10~25
751,6,CAMERA_1,['CAMERA_1'],"{'CAMERA_1': ['sensor_size', 'camera_type', 'settings'], 'CAMERA_2': [], 'CAMERA_3': []}",C_SILENT_OR_BACKCHANNEL,CAMERA_1,NONE,okay,S_INTRODUCES_FEATURE,CAMERA_1,settings,This one has limited manual settings.,13~36
751,7,CAMERA_1,['CAMERA_1'],"{'CAMERA_1': ['sensor_size', 'camera_type', 'settings', 'price'], 'CAMERA_2': [], 'CAMERA_3': []}",C_SILENT_OR_BACKCHANNEL,CAMERA_1,NONE,alright,S_INTRODUCES_FEATURE,CAMERA_1,price,This one costs $2173.,15~20
751,8,CAMERA_1,['CAMERA_1'],"{'CAMERA_1': ['sensor_size', 'camera_type', 'settings', 'price', 'preset_modes'], 'CAMERA_2': [], 'CAMERA_3': []}",C_SILENT_OR_BACKCHANNEL,CAMERA_1,NONE,I see,S_INTRODUCES_FEATURE,CAMERA_1,preset_modes,"This one has 18 preset modes (e.g. beach, snow, night portrait).",13~63
751,9,CAMERA_1,['CAMERA_1'],"{'CAMERA_1': ['sensor_size', 'camera_type', 'settings', 'price', 'preset_modes', 'effects'], 'CAMERA_2': [], 'CAMERA_3': []}",C_SILENT_OR_BACKCHANNEL,CAMERA_1,NONE,I see,S_INTRODUCES_FEATURE,CAMERA_1,effects,"This one has 12 glamor retouch effects (e.g. skin softening, small face, big eyes).",13~82
751,10,CAMERA_1,['CAMERA_1'],"{'CAMERA_1': ['sensor_size', 'camera_type', 'settings', 'price', 'preset_modes', 'effects', 'resolution'], 'CAMERA_2': [], 'CAMERA_3': []}",C_SILENT_OR_BACKCHANNEL,CAMERA_1,NONE,okay,S_INTRODUCES_FEATURE,CAMERA_1,resolution,This one has 20.1 megapixels resolution.,13~28
751,11,CAMERA_1,['CAMERA_1'],"{'CAMERA_1': ['sensor_size', 'camera_type', 'settings', 'price', 'preset_modes', 'effects', 'resolution', 'optical_zoom'], 'CAMERA_2': [], 'CAMERA_3': []}",C_SILENT_OR_BACKCHANNEL,CAMERA_1,NONE,I see,S_INTRODUCES_FEATURE,CAMERA_1,optical_zoom,This one has 5x optical zoom.,13~28
751,12,CAMERA_1,['CAMERA_1'],"{'CAMERA_1': ['sensor_size', 'camera_type', 'settings', 'price', 'preset_modes', 'effects', 'resolution', 'optical_zoom', 'ISO'], 'CAMERA_2': [], 'CAMERA_3': []}",C_QUESTION_ABOUT_FEATURE,CAMERA_1,ISO,what is the ISO,S_NOT_SURE,CAMERA_1,,I'm not really sure about that,
751,13,CAMERA_1,['CAMERA_1'],"{'CAMERA_1': ['sensor_size', 'camera_type', 'settings', 'price', 'preset_modes', 'effects', 'resolution', 'optical_zoom', 'ISO', 'weight'], 'CAMERA_2': [], 'CAMERA_3': []}",C_SILENT_OR_BACKCHANNEL,CAMERA_1,NONE,okay,S_INTRODUCES_FEATURE,CAMERA_1,weight,This one weighs 120 grams.,16~25
751,14,CAMERA_3,"['CAMERA_1', 'CAMERA_3']","{'CAMERA_1': ['sensor_size', 'camera_type', 'settings', 'price', 'preset_modes', 'effects', 'resolution', 'optical_zoom', 'ISO', 'weight'], 'CAMERA_2': [], 'CAMERA_3': []}",C_ANYTHING_ELSE_AVAILABLE,CAMERA_1,NONE,ok do you have any other cameras,S_INTRODUCES_CAMERA,CAMERA_3,,Let me show you this. Here we have the Canon EOS 5D Mark III.,39~60
751,15,CAMERA_3,"['CAMERA_1', 'CAMERA_3']","{'CAMERA_1': ['sensor_size', 'camera_type', 'settings', 'price', 'preset_modes', 'effects', 'resolution', 'optical_zoom', 'ISO', 'weight'], 'CAMERA_2': [], 'CAMERA_3': ['settings']}",C_SILENT_OR_BACKCHANNEL,CAMERA_3,NONE,I see,S_INTRODUCES_FEATURE,CAMERA_3,settings,This one has full manual control.,13~32
751,16,NONE,"['CAMERA_1', 'CAMERA_3']","{'CAMERA_1': ['sensor_size', 'camera_type', 'settings', 'price', 'preset_modes', 'effects', 'resolution', 'optical_zoom', 'ISO', 'weight'], 'CAMERA_2': [], 'CAMERA_3': ['settings']}",C_THANK_YOU,CAMERA_3,NONE,thank you for your help,S_THANK_YOU,CAMERA_3,NONE,thank you very much,
751,17,NONE,"['CAMERA_1', 'CAMERA_3']","{'CAMERA_1': ['sensor_size', 'camera_type', 'settings', 'price', 'preset_modes', 'effects', 'resolution', 'optical_zoom', 'ISO', 'weight'], 'CAMERA_2': [], 'CAMERA_3': ['settings']}",C_LEAVES,DOOR,NONE,,S_RETURNS_TO_COUNTER,SERVICE_COUNTER,NONE,,
752,1,NONE,[],"{'CAMERA_1': [], 'CAMERA_2': [], 'CAMERA_3': []}",C_ENTERS,DOOR,NONE,,S_NONE,SERVICE_COUNTER,NONE,,
752,2,NONE,[],"{'CAMERA_1': [], 'CAMERA_2': [], 'CAMERA_3': []}",C_GREETS,MIDDLE,NONE,hello,S_GREETS,MIDDLE,NONE,can I help you?,
752,3,CAMERA_1,['CAMERA_1'],"{'CAMERA_1': [], 'CAMERA_2': [], 'CAMERA_3': []}",C_LOOKING_FOR_A_CAMERA,MIDDLE,NONE,I'm looking for a camera,S_INTRODUCES_CAMERA,CAMERA_1,,Let me show you this. Here we have the Nikon Coolpix S2800.,39~58
752,4,CAMERA_1,['CAMERA_1'],"{'CAMERA_1': ['preset_modes'], 'CAMERA_2': [], 'CAMERA_3': []}",C_QUESTION_ABOUT_FEATURE,CAMERA_1,preset_modes,does it have preset modes,S_ANSWERS_QUESTION_ABOUT_FEATURE,CAMERA_1,preset_modes,"This one has 18 preset modes (e.g. beach, snow, night portrait).",13~63
752,5,CAMERA_2,"['CAMERA_1', 'CAMERA_2']","{'CAMERA_1': ['preset_modes'], 'CAMERA_2': [], 'CAMERA_3': []}",C_ANYTHING_ELSE_AVAILABLE,CAMERA_1,NONE,ok do you have any other cameras,S_INTRODUCES_CAMERA,CAMERA_2,,Let me show you this. Here we have the Sony Alpha a6000.,39~55
752,6,CAMERA_2,"['CAMERA_1', 'CAMERA_2']","{'CAMERA_1': ['preset_modes'], 'CAMERA_2': ['sensor_size'], 'CAMERA_3': []}",C_QUESTION_ABOUT_FEATURE,CAMERA_2,sensor_size,what is the sensor size,S_ANSWERS_QUESTION_ABOUT_FEATURE,CAMERA_2,sensor_size,This one has a APS-C sensor (crop sensor).,15~41
752,7,CAMERA_2,"['CAMERA_1', 'CAMERA_2']","{'CAMERA_1': ['preset_modes'], 'CAMERA_2': ['sensor_size', 'price'], 'CAMERA_3': []}",C_SILENT_OR_BACKCHANNEL,CAMERA_2,NONE,okay,S_INTRODUCES_FEATURE,CAMERA_2,price,This one costs $1341.,15~20
752,8,CAMERA_2,"['CAMERA_1', 'CAMERA_2']","{'CAMERA_1': ['preset_modes'], 'CAMERA_2': ['sensor_size', 'price', 'ISO'], 'CAMERA_3': []}",C_QUESTION_ABOUT_FEATURE,CAMERA_2,ISO,what is the ISO,S_ANSWERS_QUESTION_ABOUT_FEATURE,CAMERA_2,ISO,This one has up to 3200 ISO with little noise.,13~45
752,9,NONE,"['CAMERA_1', 'CAMERA_2']","{'CAMERA_1': ['preset_modes'], 'CAMERA_2': ['sensor_size', 'price', 'ISO'], 'CAMERA_3': []}",C_THANK_YOU,CAMERA_2,NONE,thank you for your help,S_THANK_YOU,CAMERA_2,NONE,thank you very much,
752,10,NONE,"['CAMERA_1', 'CAMERA_2']","{'CAMERA_1': ['preset_modes'], 'CAMERA_2': ['sensor_size', 'price', 'ISO'], 'CAMERA_3': []}",C_LEAVES,DOOR,NONE,,S_RETURNS_TO_COUNTER,SERVICE_COUNTER,NONE,,
753,1,NONE,[],"{'CAMERA_1': [], 'CAMERA_2': [], 'CAMERA_3': []}",C_ENTERS,DOOR,NONE,,S_NONE,SERVICE_COUNTER,NONE,,
753,2,NONE,[],"{'CAMERA_1': [], 'CAMERA_2': [], 'CAMERA_3': []}",C_WALKS_TO_CAMERA,CAMERA_2,NONE,,S_GREETS,CAMERA_2,NONE,can I help you?,
753,3,CAMERA_1,['CAMERA_1'],"{'CAMERA_1': [], 'CAMERA_2': [], 'CAMERA_3': []}",C_LOOKING_FOR_A_CAMERA,CAMERA_2,NONE,I'm looking for a camera,S_INTRODUCES_CAMERA,CAMERA_1,,Let me show you this. Here we have the Nikon Coolpix S2800.,39~58
753,4,CAMERA_1,['CAMERA_1'],"{'CAMERA_1': ['camera_type'], 'CAMERA_2': [], 'CAMERA_3': []}",C_QUESTION_ABOUT_FEATURE,CAMERA_1,camera_type,what kind of camera is this,S_ANSWERS_QUESTION_ABOUT_FEATURE,CAMERA_1,camera_type,This is a point and shoot camera.,10~25
753,5,CAMERA_3,"['CAMERA_1', 'CAMERA_3']","{'CAMERA_1': ['camera_type'], 'CAMERA_2': [], 'CAMERA_3': []}",C_ANYTHING_ELSE_AVAILABLE,CAMERA_1,NONE,ok do you have any other cameras,S_INTRODUCES_CAMERA,CAMERA_3,,Let me show you this. Here we have the Canon EOS 5D Mark III.,39~60
753,6,CAMERA_3,"['CAMERA_1', 'CAMERA_3']","{'CAMERA_1': ['camera_type'], 'CAMERA_2': [], 'CAMERA_3': ['effects']}",C_QUESTION_ABOUT_FEATURE,CAMERA_3,effects,does it have any effect modes,S_NOT_SURE,CAMERA_3,,I'm not really sure about that,
753,7,CAMERA_3,"['CAMERA_1', 'CAMERA_3']","{'CAMERA_1': ['camera_type'], 'CAMERA_2': [], 'CAMERA_3': ['effects', 'weight']}",C_QUESTION_ABOUT_FEATURE,CAMERA_3,weight,how much does this one weigh,S_ANSWERS_QUESTION_ABOUT_FEATURE,CAMERA_3,weight,This one weighs 950 grams (only body).,16~37
753,8,CAMERA_3,"['CAMERA_1', 'CAMERA_3']","{'CAMERA_1': ['camera_type'], 'CAMERA_2': [], 'CAMERA_3': ['effects', 'weight', 'sensor_size']}",C_QUESTION_ABOUT_FEATURE,CAMERA_3,sensor_size,what is the sensor size,S_ANSWERS_QUESTION_ABOUT_FEATURE,CAMERA_3,sensor_size,This one has a full frame.,15~25
753,9,CAMERA_3,"['CAMERA_1', 'CAMERA_3']","{'CAMERA_1': ['camera_type'], 'CAMERA_2': [], 'CAMERA_3': ['effects', 'weight', 'sensor_size', 'ISO']}",C_QUESTION_ABOUT_FEATURE,CAMERA_3,ISO,what is the ISO,S_ANSWERS_QUESTION_ABOUT_FEATURE,CAMERA_3,ISO,This one has up to 6400 ISO with little noise.,13~45
753,10,CAMERA_3,"['CAMERA_1', 'CAMERA_3']","{'CAMERA_1': ['camera_type'], 'CAMERA_2': [], 'CAMERA_3': ['effects', 'weight', 'sensor_size', 'ISO', 'preset_modes']}",C_QUESTION_ABOUT_FEATURE,CAMERA_3,preset_modes,does it have preset modes,S_NOT_SURE,CAMERA_3,,I'm not really sure about that,
753,11,CAMERA_3,"['CAMERA_1', 'CAMERA_3']","{'CAMERA_1': ['camera_type'], 'CAMERA_2': [], 'CAMERA_3': ['effects', 'weight', 'sensor_size', 'ISO', 'preset_modes', 'camera_type']}",C_QUESTION_ABOUT_FEATURE,CAMERA_3,camera_type,what kind of camera is this,S_ANSWERS_QUESTION_ABOUT_FEATURE,CAMERA_3,camera_type,This is a DSLR camera.,10~14
753,12,CAMERA_2,"['CAMERA_1', 'CAMERA_3', 'CAMERA_2']","{'CAMERA_1': ['camera_type'], 'CAMERA_2': [], 'CAMERA_3': ['effects', 'weight', 'sensor_size', 'ISO', 'preset_modes', 'camera_type']}",C_ANYTHING_ELSE_AVAILABLE,CAMERA_3,NONE,ok do you have any other cameras,S_INTRODUCES_CAMERA,CAMERA_2,,Let me show you this. Here we have the Sony Alpha a6000.,39~55
753,13,CAMERA_2,"['CAMERA_1', 'CAMERA_3', 'CAMERA_2']","{'CAMERA_1': ['camera_type'], 'CAMERA_2': ['camera_type'], 'CAMERA_3': ['effects', 'weight', 'sensor_size', 'ISO', 'preset_modes', 'camera_type']}",C_QUESTION_ABOUT_FEATURE,CAMERA_2,camera_type,what kind of camera is this,S_ANSWERS_QUESTION_ABOUT_FEATURE,CAMERA_2,camera_type,This is a mirrorless camera.,10~20
753,14,,"['CAMERA_1', 'CAMERA_3', 'CAMERA_2']","{'CAMERA_1': ['camera_type'], 'CAMERA_2': ['camera_type'], 'CAMERA_3': ['effects', 'weight', 'sensor_size', 'ISO', 'preset_modes', 'camera_type']}",C_ANYTHING_ELSE_AVAILABLE,CAMERA_2,NONE,ok do you have any other cameras,S_THATS_ALL_WE_HAVE_AVAILABLE,CAMERA_2,,That’s all we have available at the moment.,
753,15,NONE,"['CAMERA_1', 'CAMERA_3', 'CAMERA_2']","{'CAMERA_1': ['camera_type'], 'CAMERA_2': ['camera_type'], 'CAMERA_3': ['effects', 'weight', 'sensor_size', 'ISO', 'preset_modes', 'camera_type']}",C_THANK_YOU,CAMERA_2,NONE,thank you for your help,S_THANK_YOU,CAMERA_2,NONE,thank you very much,
753,16,NONE,"['CAMERA_1', 'CAMERA_3', 'CAMERA_2']","{'CAMERA_1': ['camera_type'], 'CAMERA_2': ['camera_type'], 'CAMERA_3': ['effects', 'weight', 'sensor_size', 'ISO', 'preset_modes', 'camera_type']}",C_LEAVES,DOOR,NONE,,S_RETURNS_TO_COUNTER,SERVICE_COUNTER,NONE,,
754,1,NONE,[],"{'CAMERA_1': [], 'CAMERA_2': [], 'CAMERA_3': []}",C_ENTERS,DOOR,NONE,,S_NONE,SERVICE_COUNTER,NONE,,
754,2,NONE,[],"{'CAMERA_1': [], 'CAMERA_2': [], 'CAMERA_3': []}",C_WALKS_TO_CAMERA,CAMERA_2,NONE,,S_NONE,SERVICE_COUNTER,NONE,,
754,3,CAMERA_2,['CAMERA_2'],"{'CAMERA_1': [], 'CAMERA_2': ['effects'], 'CAMERA_3': []}",C_QUESTION_ABOUT_FEATURE,CAMERA_2,effects,does it have any effect modes,S_ANSWERS_QUESTION_ABOUT_FEATURE,CAMERA_2,effects,"This one has 13 artistic effect modes (e.g. toy camera, soft focus).",13~67
754,4,CAMERA_2,['CAMERA_2'],"{'CAMERA_1': [], 'CAMERA_2': ['effects', 'camera_type'], 'CAMERA_3': []}",C_SILENT_OR_BACKCHANNEL,CAMERA_2,NONE,I see,S_INTRODUCES_FEATURE,CAMERA_2,camera_type,This is a mirrorless camera.,10~20
754,5,CAMERA_2,['CAMERA_2'],"{'CAMERA_1': [], 'CAMERA_2': ['effects', 'camera_type', 'weight'], 'CAMERA_3': []}",C_QUESTION_ABOUT_FEATURE,CAMERA_2,weight,how much does this one weigh,S_ANSWERS_QUESTION_ABOUT_FEATURE,CAMERA_2,weight,This one weighs 470 grams.,16~25
754,6,CAMERA_1,"['CAMERA_2', 'CAMERA_1']","{'CAMERA_1': [], 'CAMERA_2': ['effects', 'camera_type', 'weight'], 'CAMERA_3': []}",C_ANYTHING_ELSE_AVAILABLE,CAMERA_2,NONE,ok do you have any other cameras,S_INTRODUCES_CAMERA,CAMERA_1,,Let me show you this. Here we have the Nikon Coolpix S2800.,39~58
754,7,CAMERA_1,"['CAMERA_2', 'CAMERA_1']","{'CAMERA_1': ['price'], 'CAMERA_2': ['effects', 'camera_type', 'weight'], 'CAMERA_3': []}",C_QUESTION_ABOUT_FEATURE,CAMERA_1,price,how much does it cost,S_ANSWERS_QUESTION_ABOUT_FEATURE,CAMERA_1,price,This one costs $2173.,15~20
754,8,CAMERA_3,"['CAMERA_2', 'CAMERA_1', 'CAMERA_3']","{'CAMERA_1': ['price'], 'CAMERA_2': ['effects', 'camera_type', 'weight'], 'CAMERA_3': []}",C_ANYTHING_ELSE_AVAILABLE,CAMERA_1,NONE,ok do you have any other cameras,S_INTRODUCES_CAMERA,CAMERA_3,,Let me show you this. Here we have the Canon EOS 5D Mark III.,39~60
754,9,CAMERA_3,"['CAMERA_2', 'CAMERA_1', 'CAMERA_3']","{'CAMERA_1': ['price'], 'CAMERA_2': ['effects', 'camera_type', 'weight'], 'CAMERA_3': ['camera_type']}",C_QUESTION_ABOUT_FEATURE,CAMERA_3,camera_type,what kind of camera is this,S_ANSWERS_QUESTION_ABOUT_FEATURE,CAMERA_3,camera_type,This is a DSLR camera.,10~14
754,10,NONE,"['CAMERA_2', 'CAMERA_1', 'CAMERA_3']","{'CAMERA_1': ['price'], 'CAMERA_2': ['effects', 'camera_type', 'weight'], 'CAMERA_3': ['camera_type']}",C_THANK_YOU,CAMERA_3,NONE,thank you for your help,S_THANK_YOU,CAMERA_3,NONE,thank you very much,
754,11,NONE,"['CAMERA_2', 'CAMERA_1', 'CAMERA_3']","{'CAMERA_1': ['price'], 'CAMERA_2': ['effects', 'camera_type', 'weight'], 'CAMERA_3': ['camera_type']}",C_LEAVES,DOOR,NONE,,S_RETURNS_TO_COUNTER,SERVICE_COUNTER,NONE,,
755,1,NONE,[],"{'CAMERA_1': [], 'CAMERA_2': [], 'CAMERA_3': []}",C_ENTERS,DOOR,NONE,,S_NONE,SERVICE_COUNTER,NONE,,
755,2,NONE,[],"{'CAMERA_1': [], 'CAMERA_2': [], 'CAMERA_3': []}",C_WALKS_TO_CAMERA,CAMERA_2,NONE,,S_NONE,SERVICE_COUNTER,NONE,,
755,3,CAMERA_2,['CAMERA_2'],"{'CAMERA_1': [], 'CAMERA_2': ['weight'], 'CAMERA_3': []}",C_QUESTION_ABOUT_FEATURE,CAMERA_2,weight,how much does this one weigh,S_ANSWERS_QUESTION_ABOUT_FEATURE,CAMERA_2,weight,This one weighs 470 grams.,16~25
755,4,CAMERA_2,['CAMERA_2'],"{'CAMERA_1': [], 'CAMERA_2': ['weight', 'price'], 'CAMERA_3': []}",C_QUESTION_ABOUT_FEATURE,CAMERA_2,price,how much does it cost,S_ANSWERS_QUESTION_ABOUT_FEATURE,CAMERA_2,price,This one costs $1341.,15~20
755,5,CAMERA_2,['CAMERA_2'],"{'CAMERA_1': [], 'CAMERA_2': ['weight', 'price', 'resolution'], 'CAMERA_3': []}",C_QUESTION_ABOUT_FEATURE,CAMERA_2,resolution,what is the resolution,S_NOT_SURE,CAMERA_2,,I'm not really sure about that,
755,6,CAMERA_2,['CAMERA_2'],"{'CAMERA_1': [], 'CAMERA_2': ['weight', 'price', 'resolution', 'camera_type'], 'CAMERA_3': []}",C_QUESTION_ABOUT_FEATURE,CAMERA_2,camera_type,what kind of camera is this,S_ANSWERS_QUESTION_ABOUT_FEATURE,CAMERA_2,camera_type,This is a mirrorless camera.,10~20
755,7,CAMERA_2,['CAMERA_2'],"{'CAMERA_1': [], 'CAMERA_2': ['weight', 'price', 'resolution', 'camera_type', 'optical_zoom'], 'CAMERA_3': []}",C_QUESTION_ABOUT_FEATURE,CAMERA_2,optical_zoom,does it have optical zoom,S_NOT_SURE,CAMERA_2,,I'm not really sure about that,
755,8,CAMERA_2,['CAMERA_2'],"{'CAMERA_1': [], 'CAMERA_2': ['weight', 'price', 'resolution', 'camera_type', 'optical_zoom', 'ISO'], 'CAMERA_3': []}",C_SILENT_OR_BACKCHANNEL,CAMERA_2,NONE,I see,S_INTRODUCES_FEATURE,CAMERA_2,ISO,This one has up to 3200 ISO with little noise.,13~45
755,9,CAMERA_2,['CAMERA_2'],"{'CAMERA_1': [], 'CAMERA_2': ['weight', 'price', 'resolution', 'camera_type', 'optical_zoom', 'ISO', 'settings'], 'CAMERA_3': []}",C_SILENT_OR_BACKCHANNEL,CAMERA_2,NONE,I see,S_INTRODUCES_FEATURE,CAMERA_2,settings,This one has full manual control.,13~32
755,10,CAMERA_2,['CAMERA_2'],"{'CAMERA_1': [], 'CAMERA_2': ['weight', 'price', 'resolution', 'camera_type', 'optical_zoom', 'ISO', 'settings', 'preset_modes'], 'CAMERA_3': []}",C_SILENT_OR_BACKCHANNEL,CAMERA_2,NONE,I see,S_INTRODUCES_FEATURE,CAMERA_2,preset_modes,"This one has 9 preset modes (e.g. beach, snow, night, portrait).",13~63
755,11,CAMERA_2,['CAMERA_2'],"{'CAMERA_1': [], 'CAMERA_2': ['weight', 'price', 'resolution', 'camera_type', 'optical_zoom', 'ISO', 'settings', 'preset_modes', 'autofocus_points'], 'CAMERA_3': []}",C_QUESTION_ABOUT_FEATURE,CAMERA_2,autofocus_points,how many autofocus points does it have,S_ANSWERS_QUESTION_ABOUT_FEATURE,CAMERA_2,autofocus_points,This one has 179 autofocus points.,13~33
755,12,CAMERA_2,['CAMERA_2'],"{'CAMERA_1': [], 'CAMERA_2': ['weight', 'price', 'resolution', 'camera_type', 'optical_zoom', 'ISO', 'settings', 'preset_modes', 'autofocus_points', 'sensor_size'], 'CAMERA_3': []}",C_QUESTION_ABOUT_FEATURE,CAMERA_2,sensor_size,what is the sensor size,S_ANSWERS_QUESTION_ABOUT_FEATURE,CAMERA_2,sensor_size,This one has a APS-C sensor (crop sensor).,15~41
755,13,CAMERA_1,"['CAMERA_2', 'CAMERA_1']","{'CAMERA_1': [], 'CAMERA_2': ['weight', 'price', 'resolution', 'camera_type', 'optical_zoom', 'ISO', 'settings', 'preset_modes', 'autofocus_points', 'sensor_size'], 'CAMERA_3': []}",C_ANYTHING_ELSE_AVAILABLE,CAMERA_2,NONE,ok do you have any other cameras,S_INTRODUCES_CAMERA,CAMERA_1,,Let me show you this. Here we have the Nikon Coolpix S2800.,39~58
755,14,CAMERA_1,"['CAMERA_2', 'CAMERA_1']","{'CAMERA_1': ['ISO'], 'CAMERA_2': ['weight', 'price', 'resolution', 'camera_type', 'optical_zoom', 'ISO', 'settings', 'preset_modes', 'autofocus_points', 'sensor_size'], 'CAMERA_3': []}",C_QUESTION_ABOUT_FEATURE,CAMERA_1,ISO,what is the ISO,S_NOT_SURE,CAMERA_1,,I'm not really sure about that,
755,15,CAMERA_3,"['CAMERA_2', 'CAMERA_1', 'CAMERA_3']","{'CAMERA_1': ['ISO'], 'CAMERA_2': ['weight', 'price', 'resolution', 'camera_type', 'optical_zoom', 'ISO', 'settings', 'preset_modes', 'autofocus_points', 'sensor_size'], 'CAMERA_3': []}",C_ANYTHING_ELSE_AVAILABLE,CAMERA_1,NONE,ok do you have any other cameras,S_INTRODUCES_CAMERA,CAMERA_3,,Let me show you this. Here we have the Canon EOS 5D Mark III.,39~60
755,16,CAMERA_3,"['CAMERA_2', 'CAMERA_1', 'CAMERA_3']","{'CAMERA_1': ['ISO'], 'CAMERA_2': ['weight', 'price', 'resolution', 'camera_type', 'optical_zoom', 'ISO', 'settings', 'preset_modes', 'autofocus_points', 'sensor_size'], 'CAMERA_3': ['weight']}",C_QUESTION_ABOUT_FEATURE,CAMERA_3,weight,how much does this one weigh,S_ANSWERS_QUESTION_ABOUT_FEATURE,CAMERA_3,weight,This one weighs 950 grams (only body).,16~37
755,17,,"['CAMERA_2', 'CAMERA_1', 'CAMERA_3']","{'CAMERA_1': ['ISO'], 'CAMERA_2': ['weight', 'price', 'resolution', 'camera_type', 'optical_zoom', 'ISO', 'settings', 'preset_modes', 'autofocus_points', 'sensor_size'], 'CAMERA_3': ['weight']}",C_ANYTHING_ELSE_AVAILABLE,CAMERA_3,NONE,ok do you have any other cameras,S_THATS_ALL_WE_HAVE_AVAILABLE,CAMERA_3,,That’s all we have available at the moment.,
755,18,NONE,"['CAMERA_2', 'CAMERA_1', 'CAMERA_3']","{'CAMERA_1': ['ISO'], 'CAMERA_2': ['weight', 'price', 'resolution', 'camera_type', 'optical_zoom', 'ISO', 'settings', 'preset_modes', 'autofocus_points', 'sensor_size'], 'CAMERA_3': ['weight']}",C_THANK_YOU,CAMERA_3,NONE,thank you for your help,S_THANK_YOU,CAMERA_3,NONE,thank you very much,
755,19,NONE,"['CAMERA_2', 'CAMERA_1', 'CAMERA_3']","{'CAMERA_1': ['ISO'], 'CAMERA_2': ['weight', 'price', 'resolution', 'camera_type', 'optical_zoom', 'ISO', 'settings', 'preset_modes', 'autofocus_points', 'sensor_size'], 'CAMERA_3': ['weight']}",C_LEAVES,DOOR,NONE,,S_RETURNS_TO_COUNTER,SERVICE_COUNTER,NONE,,
756,1,NONE,[],"{'CAMERA_1': [], 'CAMERA_2': [], 'CAMERA_3': []}",C_ENTERS,DOOR,NONE,,S_NONE,SERVICE_COUNTER,NONE,,
756,2,NONE,[],"{'CAMERA_1': [], 'CAMERA_2': [], 'CAMERA_3': []}",C_WALKS_TO_CAMERA,CAMERA_3,NONE,,S_GREETS,CAMERA_3,NONE,can I help you?,
756,3,CAMERA_3,['CAMERA_3'],"{'CAMERA_1': [], 'CAMERA_2': [], 'CAMERA_3': []}",C_LOOKING_FOR_A_CAMERA,CAMERA_3,NONE,I'm looking for a camera,S_INTRODUCES_CAMERA,CAMERA_3,,Let me show you this. Here we have the Canon EOS 5D Mark III.,39~60
756,4,CAMERA_3,['CAMERA_3'],"{'CAMERA_1': [], 'CAMERA_2': [], 'CAMERA_3': ['sensor_size']}",C_QUESTION_ABOUT_FEATURE,CAMERA_3,sensor_size,what is the sensor size,S_ANSWERS_QUESTION_ABOUT_FEATURE,CAMERA_3,sensor_size,This one has a full frame.,15~25
756,5,CAMERA_3,['CAMERA_3'],"{'CAMERA_1': [], 'CAMERA_2': [], 'CAMERA_3': ['sensor_size', 'long_exposure']}",C_SILENT_OR_BACKCHANNEL,CAMERA_3,NONE,okay,S_INTRODUCES_FEATURE,CAMERA_3,long_exposure,"This one can take long exposures up to up to 30 seconds, bulb mode: expose as long as you want.",39~94
756,6,CAMERA_3,['CAMERA_3'],"{'CAMERA_1': [], 'CAMERA_2': [], 'CAMERA_3': ['sensor_size', 'long_exposure', 'settings']}",C_SILENT_OR_BACKCHANNEL,CAMERA_3,NONE,I see,S_INTRODUCES_FEATURE,CAMERA_3,settings,This one has full manual control.,13~32
756,7,CAMERA_3,['CAMERA_3'],"{'CAMERA_1': [], 'CAMERA_2': [], 'CAMERA_3': ['sensor_size', 'long_exposure', 'settings', 'weight']}",C_SILENT_OR_BACKCHANNEL,CAMERA_3,NONE,alright,S_INTRODUCES_FEATURE,CAMERA_3,weight,This one weighs 950 grams (only body).,16~37
756,8,CAMERA_3,['CAMERA_3'],"{'CAMERA_1': [], 'CAMERA_2': [], 'CAMERA_3': ['sensor_size', 'long_exposure', 'settings', 'weight', 'autofocus_points']}",C_QUESTION_ABOUT_FEATURE,CAMERA_3,autofocus_points,how many autofocus points does it have,S_ANSWERS_QUESTION_ABOUT_FEATURE,CAMERA_3,autofocus_points,This one has 61 autofocus points.,13~32
756,9,CAMERA_3,['CAMERA_3'],"{'CAMERA_1': [], 'CAMERA_2': [], 'CAMERA_3': ['sensor_size', 'long_exposure', 'settings', 'weight', 'autofocus_points', 'optical_zoom']}",C_QUESTION_ABOUT_FEATURE,CAMERA_3,optical_zoom,does it have optical zoom,S_NOT_SURE,CAMERA_3,,I'm not really sure about that,
756,10,CAMERA_3,['CAMERA_3'],"{'CAMERA_1': [], 'CAMERA_2': [], 'CAMERA_3': ['sensor_size', 'long_exposure', 'settings', 'weight', 'autofocus_points', 'optical_zoom', 'ISO']}",C_SILENT_OR_BACKCHANNEL,CAMERA_3,NONE,alright,S_INTRODUCES_FEATURE,CAMERA_3,ISO,This one has up to 6400 ISO with little noise.,13~45
756,11,NONE,['CAMERA_3'],"{'CAMERA_1': [], 'CAMERA_2': [], 'CAMERA_3': ['sensor_size', 'long_exposure', 'settings', 'weight', 'autofocus_points', 'optical_zoom', 'ISO']}",C_THANK_YOU,CAMERA_3,NONE,thank you for your help,S_THANK_YOU,CAMERA_3,NONE,thank you very much,
756,12,NONE,['CAMERA_3'],"{'CAMERA_1': [], 'CAMERA_2': [], 'CAMERA_3': ['sensor_size', 'long_exposure', 'settings', 'weight', 'autofocus_points', 'optical_zoom', 'ISO']}",C_LEAVES,DOOR,NONE,,S_RETURNS_TO_COUNTER,SERVICE_COUNTER,NONE,,
757,1,NONE,[],"{'CAMERA_1': [], 'CAMERA_2': [], 'CAMERA_3': []}",C_ENTERS,DOOR,NONE,,S_NONE,SERVICE_COUNTER,NONE,,
757,2,NONE,[],"{'CAMERA_1': [], 'CAMERA_2': [], 'CAMERA_3': []}",C_GREETS,MIDDLE,NONE,hello,S_GREETS,MIDDLE,NONE,can I help you?,
757,3,CAMERA_2,['CAMERA_2'],"{'CAMERA_1': [], 'CAMERA_2': [], 'CAMERA_3': []}",C_LOOKING_FOR_A_CAMERA,MIDDLE,NONE,I'm looking for a camera,S_INTRODUCES_CAMERA,CAMERA_2,,Let me show you this. Here we have the Sony Alpha a6000.,39~55
757,4,CAMERA_2,['CAMERA_2'],"{'CAMERA_1': [], 'CAMERA_2': ['ISO'], 'CAMERA_3': []}",C_QUESTION_ABOUT_FEATURE,CAMERA_2,ISO,what is the ISO,S_ANSWERS_QUESTION_ABOUT_FEATURE,CAMERA_2,ISO,This one has up to 3200 ISO with little noise.,13~45
757,5,CAMERA_2,['CAMERA_2'],"{'CAMERA_1': [], 'CAMERA_2': ['ISO', 'settings'], 'CAMERA_3': []}",C_SILENT_OR_BACKCHANNEL,CAMERA_2,NONE,I see,S_INTRODUCES_FEATURE,CAMERA_2,settings,This one has full manual control.,13~32
757,6,CAMERA_2,['CAMERA_2'],"{'CAMERA_1': [], 'CAMERA_2': ['ISO', 'settings', 'price'], 'CAMERA_3': []}",C_QUESTION_ABOUT_FEATURE,CAMERA_2,price,how much does it cost,S_ANSWERS_QUESTION_ABOUT_FEATURE,CAMERA_2,price,This one costs $1341.,15~20
757,7,CAMERA_2,['CAMERA_2'],"{'CAMERA_1': [], 'CAMERA_2': ['ISO', 'settings', 'price', 'effects'], 'CAMERA_3': []}",C_QUESTION_ABOUT_FEATURE,CAMERA_2,effects,does it have any effect modes,S_ANSWERS_QUESTION_ABOUT_FEATURE,CAMERA_2,effects,"This one has 13 artistic effect modes (e.g. toy camera, soft focus).",13~67
757,8,CAMERA_2,['CAMERA_2'],"{'CAMERA_1': [], 'CAMERA_2': ['ISO', 'settings', 'price', 'effects', 'preset_modes'], 'CAMERA_3': []}",C_SILENT_OR_BACKCHANNEL,CAMERA_2,NONE,okay,S_INTRODUCES_FEATURE,CAMERA_2,preset_modes,"This one has 9 preset modes (e.g. beach, snow, night, portrait).",13~63
757,9,CAMERA_2,['CAMERA_2'],"{'CAMERA_1': [], 'CAMERA_2': ['ISO', 'settings', 'price', 'effects', 'preset_modes', 'weight'], 'CAMERA_3': []}",C_SILENT_OR_BACKCHANNEL,CAMERA_2,NONE,I see,S_INTRODUCES_FEATURE,CAMERA_2,weight,This one weighs 470 grams.,16~25
757,10,CAMERA_2,['CAMERA_2'],"{'CAMERA_1': [], 'CAMERA_2': ['ISO', 'settings', 'price', 'effects', 'preset_modes', 'weight', 'long_exposure'], 'CAMERA_3': []}",C_QUESTION_ABOUT_FEATURE,CAMERA_2,long_exposure,can it take long exposure shots,S_ANSWERS_QUESTION_ABOUT_FEATURE,CAMERA_2,long_exposure,This one can take long exposures up to up to 30 seconds.,39~55
757,11,CAMERA_2,['CAMERA_2'],"{'CAMERA_1': [], 'CAMERA_2': ['ISO', 'settings', 'price', 'effects', 'preset_modes', 'weight', 'long_exposure', 'optical_zoom'], 'CAMERA_3': []}",C_QUESTION_ABOUT_FEATURE,CAMERA_2,optical_zoom,does it have optical zoom,S_NOT_SURE,CAMERA_2,,I'm not really sure about that,
757,12,CAMERA_2,['CAMERA_2'],"{'CAMERA_1': [], 'CAMERA_2': ['ISO', 'settings', 'price', 'effects', 'preset_modes', 'weight', 'long_exposure', 'optical_zoom', 'sensor_size'], 'CAMERA_3': []}",C_QUESTION_ABOUT_FEATURE,CAMERA_2,sensor_size,what is the sensor size,S_ANSWERS_QUESTION_ABOUT_FEATURE,CAMERA_2,sensor_size,This one has a APS-C sensor (crop sensor).,15~41
757,13,CAMERA_2,['CAMERA_2'],"{'CAMERA_1': [], 'CAMERA_2': ['ISO', 'settings', 'price', 'effects', 'preset_modes', 'weight', 'long_exposure', 'optical_zoom', 'sensor_size', 'resolution'], 'CAMERA_3': []}",C_QUESTION_ABOUT_FEATURE,CAMERA_2,resolution,what is the resolution,S_NOT_SURE,CAMERA_2,,I'm not really sure about that,
757,14,CAMERA_2,['CAMERA_2'],"{'CAMERA_1': [], 'CAMERA_2': ['ISO', 'settings', 'price', 'effects', 'preset_modes', 'weight', 'long_exposure', 'optical_zoom', 'sensor_size', 'resolution', 'color'], 'CAMERA_3': []}",C_QUESTION_ABOUT_FEATURE,CAMERA_2,color,what colors does this one come in,S_ANSWERS_QUESTION_ABOUT_FEATURE,CAMERA_2,color,"This one comes in white, silver, black.",18~38
757,15,NONE,['CAMERA_2'],"{'CAMERA_1': [], 'CAMERA_2': ['ISO', 'settings', 'price', 'effects', 'preset_modes', 'weight', 'long_exposure', 'optical_zoom', 'sensor_size', 'resolution', 'color'], 'CAMERA_3': []}",C_THANK_YOU,CAMERA_2,NONE,thank you for your help,S_THANK_YOU,CAMERA_2,NONE,thank you very much,
757,16,NONE,['CAMERA_2'],"{'CAMERA_1': [], 'CAMERA_2': ['ISO', 'settings', 'price', 'effects', 'preset_modes', 'weight', 'long_exposure', 'optical_zoom', 'sensor_size', 'resolution', 'color'], 'CAMERA_3': []}",C_LEAVES,DOOR,NONE,,S_RETURNS_TO_COUNTER,SERVICE_COUNTER,NONE,,
758,1,NONE,[],"{'CAMERA_1': [], 'CAMERA_2': [], 'CAMERA_3': []}",C_ENTERS,DOOR,NONE,,S_NONE,SERVICE_COUNTER,NONE,,
758,2,NONE,[],"{'CAMERA_1': [], 'CAMERA_2': [], 'CAMERA_3': []}",C_WALKS_TO_CAMERA,CAMERA_3,NONE,,S_GREETS,CAMERA_3,NONE,can I help you?,
758,3,CAMERA_3,['CAMERA_3'],"{'CAMERA_1': [], 'CAMERA_2': [], 'CAMERA_3': []}",C_LOOKING_FOR_A_CAMERA,CAMERA_3,NONE,I'm looking for a camera,S_INTRODUCES_CAMERA,CAMERA_3,,Let me show you this. Here we have the Canon EOS 5D Mark III.,39~60
758,4,CAMERA_3,['CAMERA_3'],"{'CAMERA_1': [], 'CAMERA_2': [], 'CAMERA_3': ['color']}",C_SILENT_OR_BACKCHANNEL,CAMERA_3,NONE,alright,S_INTRODUCES_FEATURE,CAMERA_3,color,This one comes in black.,18~23
758,5,CAMERA_3,['CAMERA_3'],"{'CAMERA_1': [], 'CAMERA_2': [], 'CAMERA_3': ['color', 'ISO']}",C_SILENT_OR_BACKCHANNEL,CAMERA_3,NONE,okay,S_INTRODUCES_FEATURE,CAMERA_3,ISO,This one has up to 6400 ISO with little noise.,13~45
758,6,CAMERA_3,['CAMERA_3'],"{'CAMERA_1': [], 'CAMERA_2': [], 'CAMERA_3': ['color', 'ISO', 'sensor_size']}",C_SILENT_OR_BACKCHANNEL,CAMERA_3,NONE,okay,S_INTRODUCES_FEATURE,CAMERA_3,sensor_size,This one has a full frame.,15~25
758,7,CAMERA_3,['CAMERA_3'],"{'CAMERA_1': [], 'CAMERA_2': [], 'CAMERA_3': ['color', 'ISO', 'sensor_size', 'effects']}",C_QUESTION_ABOUT_FEATURE,CAMERA_3,effects,does it have any effect modes,S_NOT_SURE,CAMERA_3,,I'm not really sure about that,
758,8,CAMERA_3,['CAMERA_3'],"{'CAMERA_1': [], 'CAMERA_2': [], 'CAMERA_3': ['color', 'ISO', 'sensor_size', 'effects', 'weight']}",C_QUESTION_ABOUT_FEATURE,CAMERA_3,weight,how much does this one weigh,S_ANSWERS_QUESTION_ABOUT_FEATURE,CAMERA_3,weight,This one weighs 950 grams (only body).,16~37
758,9,CAMERA_3,['CAMERA_3'],"{'CAMERA_1': [], 'CAMERA_2': [], 'CAMERA_3': ['color', 'ISO', 'sensor_size', 'effects', 'weight', 'autofocus_points']}",C_QUESTION_ABOUT_FEATURE,CAMERA_3,autofocus_points,how many autofocus points does it have,S_ANSWERS_QUESTION_ABOUT_FEATURE,CAMERA_3,autofocus_points,This one has 61 autofocus points.,13~32
758,10,CAMERA_3,['CAMERA_3'],"{'CAMERA_1': [], 'CAMERA_2': [], 'CAMERA_3': ['color', 'ISO', 'sensor_size', 'effects', 'weight', 'autofocus_points', 'price']}",C_SILENT_OR_BACKCHANNEL,CAMERA_3,NONE,alright,S_INTRODUCES_FEATURE,CAMERA_3,price,This one costs $3706.,15~20
758,11,CAMERA_3,['CAMERA_3'],"{'CAMERA_1': [], 'CAMERA_2': [], 'CAMERA_3': ['color', 'ISO', 'sensor_size', 'effects', 'weight', 'autofocus_points', 'price', 'resolution']}",C_QUESTION_ABOUT_FEATURE,CAMERA_3,resolution,what is the resolution,S_NOT_SURE,CAMERA_3,,I'm not really sure about that,
758,12,CAMERA_3,['CAMERA_3'],"{'CAMERA_1': [], 'CAMERA_2': [], 'CAMERA_3': ['color', 'ISO', 'sensor_size', 'effects', 'weight', 'autofocus_points', 'price', 'resolution', 'camera_type']}",C_QUESTION_ABOUT_FEATURE,CAMERA_3,camera_type,what kind of camera is this,S_ANSWERS_QUESTION_ABOUT_FEATURE,CAMERA_3,camera_type,This is a DSLR camera.,10~14
758,13,CAMERA_3,['CAMERA_3'],"{'CAMERA_1': [], 'CAMERA_2': [], 'CAMERA_3': ['color', 'ISO', 'sensor_size', 'effects', 'weight', 'autofocus_points', 'price', 'resolution', 'camera_type', 'settings']}",C_SILENT_OR_BACKCHANNEL,CAMERA_3,NONE,alright,S_INTRODUCES_FEATURE,CAMERA_3,settings,This one has full manual control.,13~32
758,14,CAMERA_1,"['CAMERA_3', 'CAMERA_1']","{'CAMERA_1': [], 'CAMERA_2': [], 'CAMERA_3': ['color', 'ISO', 'sensor_size', 'effects', 'weight', 'autofocus_points', 'price', 'resolution', 'camera_type', 'settings']}",C_ANYTHING_ELSE_AVAILABLE,CAMERA_3,NONE,ok do you have any other cameras,S_INTRODUCES_CAMERA,CAMERA_1,,Let me show you this. Here we have the Nikon Coolpix S2800.,39~58
758,15,CAMERA_1,"['CAMERA_3', 'CAMERA_1']","{'CAMERA_1': ['preset_modes'], 'CAMERA_2': [], 'CAMERA_3': ['color', 'ISO', 'sensor_size', 'effects', 'weight', 'autofocus_points', 'price', 'resolution', 'camera_type', 'settings']}",C_SILENT_OR_BACKCHANNEL,CAMERA_1,NONE,okay,S_INTRODUCES_FEATURE,CAMERA_1,preset_modes,"This one has 18 preset modes (e.g. beach, snow, night portrait).",13~63
758,16,CAMERA_2,"['CAMERA_3', 'CAMERA_1', 'CAMERA_2']","{'CAMERA_1': ['preset_modes'], 'CAMERA_2': [], 'CAMERA_3': ['color', 'ISO', 'sensor_size', 'effects', 'weight', 'autofocus_points', 'price', 'resolution', 'camera_type', 'settings']}",C_ANYTHING_ELSE_AVAILABLE,CAMERA_1,NONE,ok do you have any other cameras,S_INTRODUCES_CAMERA,CAMERA_2,,Let me show you this. Here we have the Sony Alpha a6000.,39~55
758,17,CAMERA_2,"['CAMERA_3', 'CAMERA_1', 'CAMERA_2']","{'CAMERA_1': ['preset_modes'], 'CAMERA_2': ['preset_modes'], 'CAMERA_3': ['color', 'ISO', 'sensor_size', 'effects', 'weight', 'autofocus_points', 'price', 'resolution', 'camera_type', 'settings']}",C_SILENT_OR_BACKCHANNEL,CAMERA_2,NONE,okay,S_INTRODUCES_FEATURE,CAMERA_2,preset_modes,"This one has 9 preset modes (e.g. beach, snow, night, portrait).",13~63
758,18,CAMERA_2,"['CAMERA_3', 'CAMERA_1', 'CAMERA_2']","{'CAMERA_1': ['preset_modes'], 'CAMERA_2': ['preset_modes', 'autofocus_points'], 'CAMERA_3': ['color', 'ISO', 'sensor_size', 'effects', 'weight', 'autofocus_points', 'price', 'resolution', 'camera_type', 'settings']}",C_QUESTION_ABOUT_FEATURE,CAMERA_2,autofocus_points,how many autofocus points does it have,S_ANSWERS_QUESTION_ABOUT_FEATURE,CAMERA_2,autofocus_points,This one has 179 autofocus points.,13~33
758,19,NONE,"['CAMERA_3', 'CAMERA_1', 'CAMERA_2']","{'CAMERA_1': ['preset_modes'], 'CAMERA_2': ['preset_modes', 'autofocus_points'], 'CAMERA_3': ['color', 'ISO', 'sensor_size', 'effects', 'weight', 'autofocus_points', 'price', 'resolution', 'camera_type', 'settings']}",C_THANK_YOU,CAMERA_2,NONE,thank you for your help,S_THANK_YOU,CAMERA_2,NONE,thank you very much,
758,20,NONE,"['CAMERA_3', 'CAMERA_1', 'CAMERA_2']","{'CAMERA_1': ['preset_modes'], 'CAMERA_2': ['preset_modes', 'autofocus_points'], 'CAMERA_3': ['color', 'ISO', 'sensor_size', 'effects', 'weight', 'autofocus_points', 'price', 'resolution', 'camera_type', 'settings']}",C_LEAVES,DOOR,NONE,,S_RETURNS_TO_COUNTER,SERVICE_COUNTER,NONE,,
759,1,NONE,[],"{'CAMERA_1': [], 'CAMERA_2': [], 'CAMERA_3': []}",C_ENTERS,DOOR,NONE,,S_NONE,SERVICE_COUNTER,NONE,,
759,2,NONE,[],"{'CAMERA_1': [], 'CAMERA_2': [], 'CAMERA_3': []}",C_WALKS_TO_CAMERA,CAMERA_3,NONE,,S_NONE,SERVICE_COUNTER,NONE,,
759,3,CAMERA_3,['CAMERA_3'],"{'CAMERA_1': [], 'CAMERA_2': [], 'CAMERA_3': ['autofocus_points']}",C_QUESTION_ABOUT_FEATURE,CAMERA_3,autofocus_points,how many autofocus points does it have,S_ANSWERS_QUESTION_ABOUT_FEATURE,CAMERA_3,autofocus_points,This one has 61 autofocus points.,13~32
759,4,CAMERA_3,['CAMERA_3'],"{'CAMERA_1': [], 'CAMERA_2': [], 'CAMERA_3': ['autofocus_points', 'color']}",C_QUESTION_ABOUT_FEATURE,CAMERA_3,color,what colors does this one come in,S_ANSWERS_QUESTION_ABOUT_FEATURE,CAMERA_3,color,This one comes in black.,18~23
759,5,CAMERA_3,['CAMERA_3'],"{'CAMERA_1': [], 'CAMERA_2': [], 'CAMERA_3': ['autofocus_points', 'color', 'price']}",C_QUESTION_ABOUT_FEATURE,CAMERA_3,price,how much does it cost,S_ANSWERS_QUESTION_ABOUT_FEATURE,CAMERA_3,price,This one costs $3706.,15~20
759,6,CAMERA_3,['CAMERA_3'],"{'CAMERA_1': [], 'CAMERA_2': [], 'CAMERA_3': ['autofocus_points', 'color', 'price', 'ISO']}",C_SILENT_OR_BACKCHANNEL,CAMERA_3,NONE,okay,S_INTRODUCES_FEATURE,CAMERA_3,ISO,This one has up to 6400 ISO with little noise.,13~45
759,7,CAMERA_3,['CAMERA_3'],"{'CAMERA_1': [], 'CAMERA_2': [], 'CAMERA_3': ['autofocus_points', 'color', 'price', 'ISO', 'long_exposure']}",C_SILENT_OR_BACKCHANNEL,CAMERA_3,NONE,alright,S_INTRODUCES_FEATURE,CAMERA_3,long_exposure,"This one can take long exposures up to up to 30 seconds, bulb mode: expose as long as you want.",39~94
759,8,NONE,['CAMERA_3'],"{'CAMERA_1': [], 'CAMERA_2': [], 'CAMERA_3': ['autofocus_points', 'color', 'price', 'ISO', 'long_exposure']}",C_THANK_YOU,CAMERA_3,NONE,thank you for your help,S_THANK_YOU,CAMERA_3,NONE,thank you very much,
759,9,NONE,['CAMERA_3'],"{'CAMERA_1': [], 'CAMERA_2': [], 'CAMERA_3': ['autofocus_points', 'color', 'price', 'ISO', 'long_exposure']}",C_LEAVES,DOOR,NONE,,S_RETURNS_TO_COUNTER,SERVICE_COUNTER,NONE,,
760,1,NONE,[],"{'CAMERA_1': [], 'CAMERA_2': [], 'CAMERA_3': []}",C_ENTERS,DOOR,NONE,,S_NONE,SERVICE_COUNTER,NONE,,
760,2,NONE,[],"{'CAMERA_1': [], 'CAMERA_2': [], 'CAMERA_3': []}",C_WALKS_TO_CAMERA,CAMERA_3,NONE,,S_GREETS,CAMERA_3,NONE,can I help you?,
760,3,CAMERA_2,['CAMERA_2'],"{'CAMERA_1': [], 'CAMERA_2': [], 'CAMERA_3': []}",C_LOOKING_FOR_A_CAMERA,CAMERA_3,NONE,I'm looking for a camera,S_INTRODUCES_CAMERA,CAMERA_2,,Let me show you this. Here we have the Sony Alpha a6000.,39~55
760,4,CAMERA_2,['CAMERA_2'],"{'CAMERA_1': [], 'CAMERA_2': ['effects'], 'CAMERA_3': []}",C_SILENT_OR_BACKCHANNEL,CAMERA_2,NONE,okay,S_INTRODUCES_FEATURE,CAMERA_2,effects,"This one has 13 artistic effect modes (e.g. toy camera, soft focus).",13~67
760,5,CAMERA_2,['CAMERA_2'],"{'CAMERA_1': [], 'CAMERA_2': ['effects', 'resolution'], 'CAMERA_3': []}",C_QUESTION_ABOUT_FEATURE,CAMERA_2,resolution,what is the resolution,S_NOT_SURE,CAMERA_2,,I'm not really sure about that,
760,6,NONE,['CAMERA_2'],"{'CAMERA_1': [], 'CAMERA_2': ['effects', 'resolution'], 'CAMERA_3': []}",C_THANK_YOU,CAMERA_2,NONE,thank you for your help,S_THANK_YOU,CAMERA_2,NONE,thank you very much,
760,7,NONE,['CAMERA_2'],"{'CAMERA_1': [], 'CAMERA_2': ['effects', 'resolution'], 'CAMERA_3': []}",C_LEAVES,DOOR,NONE,,S_RETURNS_TO_COUNTER,SERVICE_COUNTER,NONE,,
761,1,NONE,[],"{'CAMERA_1': [], 'CAMERA_2': [], 'CAMERA_3': []}",C_ENTERS,DOOR,NONE,,S_NONE,SERVICE_COUNTER,NONE,,
761,2,NONE,[],"{'CAMERA_1': [], 'CAMERA_2': [], 'CAMERA_3': []}",C_WALKS_TO_CAMERA,CAMERA_2,NONE,,S_GREETS,CAMERA_2,NONE,can I help you?,
761,3,CAMERA_3,['CAMERA_3'],"{'CAMERA_1': [], 'CAMERA_2': [], 'CAMERA_3': []}",C_LOOKING_FOR_A_CAMERA,CAMERA_2,NONE,I'm looking for a camera,S_INTRODUCES_CAMERA,CAMERA_3,,Let me show you this. Here we have the Canon EOS 5D Mark III.,39~60
761,4,CAMERA_3,['CAMERA_3'],"{'CAMERA_1': [], 'CAMERA_2': [], 'CAMERA_3': ['weight']}",C_QUESTION_ABOUT_FEATURE,CAMERA_3,weight,how much does this one weigh,S_ANSWERS_QUESTION_ABOUT_FEATURE,CAMERA_3,weight,This one weighs 950 grams (only body).,16~37
761,5,CAMERA_3,['CAMERA_3'],"{'CAMERA_1': [], 'CAMERA_2': [], 'CAMERA_3': ['weight', 'color']}",C_QUESTION_ABOUT_FEATURE,CAMERA_3,color,what colors does this one come in,S_ANSWERS_QUESTION_ABOUT_FEATURE,CAMERA_3,color,This one comes in black.,18~23
761,6,CAMERA_3,['CAMERA_3'],"{'CAMERA_1': [], 'CAMERA_2': [], 'CAMERA_3': ['weight', 'color', 'price']}",C_QUESTION_ABOUT_FEATURE,CAMERA_3,price,how much does it cost,S_ANSWERS_QUESTION_ABOUT_FEATURE,CAMERA_3,price,This one costs $3706.,15~20
761,7,NONE,['CAMERA_3'],"{'CAMERA_1': [], 'CAMERA_2': [], 'CAMERA_3': ['weight', 'color', 'price']}",C_THANK_YOU,CAMERA_3,NONE,thank you for your help,S_THANK_YOU,CAMERA_3,NONE,thank you very much,
761,8,NONE,['CAMERA_3'],"{'CAMERA_1': [], 'CAMERA_2': [], 'CAMERA_3': ['weight', 'color', 'price']}",C_LEAVES,DOOR,NONE,,S_RETURNS_TO_COUNTER,SERVICE_COUNTER,NONE,,
762,1,NONE,[],"{'CAMERA_1': [], 'CAMERA_2': [], 'CAMERA_3': []}",C_ENTERS,DOOR,NONE,,S_NONE,SERVICE_COUNTER,NONE,,
762,2,NONE,[],"{'CAMERA_1': [], 'CAMERA_2': [], 'CAMERA_3': []}",C_GREETS,MIDDLE,NONE,hello,S_GREETS,MIDDLE,NONE,can I help you?,
762,3,CAMERA_3,['CAMERA_3'],"{'CAMERA_1': [], 'CAMERA_2': [], 'CAMERA_3': []}",C_LOOKING_FOR_A_CAMERA,MIDDLE,NONE,I'm looking for a camera,S_INTRODUCES_CAMERA,CAMERA_3,,Let me show you this. Here we have the Canon EOS 5D Mark III.,39~60
762,4,CAMERA_3,['CAMERA_3'],"{'CAMERA_1': [], 'CAMERA_2': [], 'CAMERA_3': ['settings']}",C_SILENT_OR_BACKCHANNEL,CAMERA_3,NONE,okay,S_INTRODUCES_FEATURE,CAMERA_3,settings,This one has full manual control.,13~32
762,5,CAMERA_2,"['CAMERA_3', 'CAMERA_2']","{'CAMERA_1': [], 'CAMERA_2': [], 'CAMERA_3': ['settings']}",C_ANYTHING_ELSE_AVAILABLE,CAMERA_3,NONE,ok do you have any other cameras,S_INTRODUCES_CAMERA,CAMERA_2,,Let me show you this. Here we have the Sony Alpha a6000.,39~55
762,6,CAMERA_2,"['CAMERA_3', 'CAMERA_2']","{'CAMERA_1': [], 'CAMERA_2': ['preset_modes'], 'CAMERA_3': ['settings']}",C_SILENT_OR_BACKCHANNEL,CAMERA_2,NONE,I see,S_INTRODUCES_FEATURE,CAMERA_2,preset_modes,"This one has 9 preset modes (e.g. beach, snow, night, portrait).",13~63
762,7,CAMERA_2,"['CAMERA_3', 'CAMERA_2']","{'CAMERA_1': [], 'CAMERA_2': ['preset_modes', 'autofocus_points'], 'CAMERA_3': ['settings']}",C_SILENT_OR_BACKCHANNEL,CAMERA_2,NONE,alright,S_INTRODUCES_FEATURE,CAMERA_2,autofocus_points,This one has 179 autofocus points.,13~33
762,8,CAMERA_2,"['CAMERA_3', 'CAMERA_2']","{'CAMERA_1': [], 'CAMERA_2': ['preset_modes', 'autofocus_points', 'weight'], 'CAMERA_3': ['settings']}",C_QUESTION_ABOUT_FEATURE,CAMERA_2,weight,how much does this one weigh,S_ANSWERS_QUESTION_ABOUT_FEATURE,CAMERA_2,weight,This one weighs 470 grams.,16~25
762,9,CAMERA_2,"['CAMERA_3', 'CAMERA_2']","{'CAMERA_1': [], 'CAMERA_2': ['preset_modes', 'autofocus_points', 'weight', 'effects'], 'CAMERA_3': ['settings']}",C_QUESTION_ABOUT_FEATURE,CAMERA_2,effects,does it have any effect modes,S_ANSWERS_QUESTION_ABOUT_FEATURE,CAMERA_2,effects,"This one has 13 artistic effect modes (e.g. toy camera, soft focus).",13~67
762,10,CAMERA_2,"['CAMERA_3', 'CAMERA_2']","{'CAMERA_1': [], 'CAMERA_2': ['preset_modes', 'autofocus_points', 'weight', 'effects', 'settings'], 'CAMERA_3': ['settings']}",C_SILENT_OR_BACKCHANNEL,CAMERA_2,NONE,alright,S_INTRODUCES_FEATURE,CAMERA_2,settings,This one has full manual control.,13~32
762,11,CAMERA_2,"['CAMERA_3', 'CAMERA_2']","{'CAMERA_1': [], 'CAMERA_2': ['preset_modes', 'autofocus_points', 'weight', 'effects', 'settings', 'price'], 'CAMERA_3': ['settings']}",C_SILENT_OR_BACKCHANNEL,CAMERA_2,NONE,I see,S_INTRODUCES_FEATURE,CAMERA_2,price,This one costs $1341.,15~20
762,12,CAMERA_2,"['CAMERA_3', 'CAMERA_2']","{'CAMERA_1': [], 'CAMERA_2': ['preset_modes', 'autofocus_points', 'weight', 'effects', 'settings', 'price', 'sensor_size'], 'CAMERA_3': ['settings']}",C_SILENT_OR_BACKCHANNEL,CAMERA_2,NONE,okay,S_INTRODUCES_FEATURE,CAMERA_2,sensor_size,This one has a APS-C sensor (crop sensor).,15~41
762,13,CAMERA_2,"['CAMERA_3', 'CAMERA_2']","{'CAMERA_1': [], 'CAMERA_2': ['preset_modes', 'autofocus_points', 'weight', 'effects', 'settings', 'price', 'sensor_size', 'long_exposure'], 'CAMERA_3': ['settings']}",C_QUESTION_ABOUT_FEATURE,CAMERA_2,long_exposure,can it take long exposure shots,S_ANSWERS_QUESTION_ABOUT_FEATURE,CAMERA_2,long_exposure,This one can take long exposures up to up to 30 seconds.,39~55
762,14,CAMERA_1,"['CAMERA_3', 'CAMERA_2', 'CAMERA_1']","{'CAMERA_1': [], 'CAMERA_2': ['preset_modes', 'autofocus_points', 'weight', 'effects', 'settings', 'price', 'sensor_size', 'long_exposure'], 'CAMERA_3': ['settings']}",C_ANYTHING_ELSE_AVAILABLE,CAMERA_2,NONE,ok do you have any other cameras,S_INTRODUCES_CAMERA,CAMERA_1,,Let me show you this. Here we have the Nikon Coolpix S2800.,39~58
762,15,CAMERA_1,"['CAMERA_3', 'CAMERA_2', 'CAMERA_1']","{'CAMERA_1': ['settings'], 'CAMERA_2': ['preset_modes', 'autofocus_points', 'weight', 'effects', 'settings', 'price', 'sensor_size', 'long_exposure'], 'CAMERA_3': ['settings']}",C_SILENT_OR_BACKCHANNEL,CAMERA_1,NONE,I see,S_INTRODUCES_FEATURE,CAMERA_1,settings,This one has limited manual settings.,13~36
762,16,NONE,"['CAMERA_3', 'CAMERA_2', 'CAMERA_1']","{'CAMERA_1': ['settings'], 'CAMERA_2': ['preset_modes', 'autofocus_points', 'weight', 'effects', 'settings', 'price', 'sensor_size', 'long_exposure'], 'CAMERA_3': ['settings']}",C_THANK_YOU,CAMERA_1,NONE,thank you for your help,S_THANK_YOU,CAMERA_1,NONE,thank you very much,
762,17,NONE,"['CAMERA_3', 'CAMERA_2', 'CAMERA_1']","{'CAMERA_1': ['settings'], 'CAMERA_2': ['preset_modes', 'autofocus_points', 'weight', 'effects', 'settings', 'price', 'sensor_size', 'long_exposure'], 'CAMERA_3': ['settings']}",C_LEAVES,DOOR,NONE,,S_RETURNS_TO_COUNTER,SERVICE_COUNTER,NONE,,
763,1,NONE,[],"{'CAMERA_1': [], 'CAMERA_2': [], 'CAMERA_3': []}",C_ENTERS,DOOR,NONE,,S_NONE,SERVICE_COUNTER,NONE,,
763,2,NONE,[],"{'CAMERA_1': [], 'CAMERA_2': [], 'CAMERA_3': []}",C_GREETS,MIDDLE,NONE,hello,S_GREETS,MIDDLE,NONE,can I help you?,
763,3,CAMERA_2,['CAMERA_2'],"{'CAMERA_1': [], 'CAMERA_2': [], 'CAMERA_3': []}",C_LOOKING_FOR_A_CAMERA,MIDDLE,NONE,I'm looking for a camera,S_INTRODUCES_CAMERA,CAMERA_2,,Let me show you this. Here we have the Sony Alpha a6000.,39~55
763,4,CAMERA_2,['CAMERA_2'],"{'CAMERA_1': [], 'CAMERA_2': ['settings'], 'CAMERA_3': []}",C_SILENT_OR_BACKCHANNEL,CAMERA_2,NONE,okay,S_INTRODUCES_FEATURE,CAMERA_2,settings,This one has full manual control.,13~32
763,5,CAMERA_1,"['CAMERA_2', 'CAMERA_1']","{'CAMERA_1': [], 'CAMERA_2': ['settings'], 'CAMERA_3': []}",C_ANYTHING_ELSE_AVAILABLE,CAMERA_2,NONE,ok do you have any other cameras,S_INTRODUCES_CAMERA,CAMERA_1,,Let me show you this. Here we have the Nikon Coolpix S2800.,39~58
763,6,CAMERA_1,"['CAMERA_2', 'CAMERA_1']","{'CAMERA_1': ['preset_modes'], 'CAMERA_2': ['settings'], 'CAMERA_3': []}",C_QUESTION_ABOUT_FEATURE,CAMERA_1,preset_modes,does it have preset modes,S_ANSWERS_QUESTION_ABOUT_FEATURE,CAMERA_1,preset_modes,"This one has 18 preset modes (e.g. beach, snow, night portrait).",13~63
763,7,CAMERA_1,"['CAMERA_2', 'CAMERA_1']","{'CAMERA_1': ['preset_modes', 'price'], 'CAMERA_2': ['settings'], 'CAMERA_3': []}",C_SILENT_OR_BACKCHANNEL,CAMERA_1,NONE,okay,S_INTRODUCES_FEATURE,CAMERA_1,price,This one costs $2173.,15~20
763,8,CAMERA_1,"['CAMERA_2', 'CAMERA_1']","{'CAMERA_1': ['preset_modes', 'price', 'optical_zoom'], 'CAMERA_2': ['settings'], 'CAMERA_3': []}",C_QUESTION_ABOUT_FEATURE,CAMERA_1,optical_zoom,does it have optical zoom,S_ANSWERS_QUESTION_ABOUT_FEATURE,CAMERA_1,optical_zoom,This one has 5x optical zoom.,13~28
763,9,CAMERA_1,"['CAMERA_2', 'CAMERA_1']","{'CAMERA_1': ['preset_modes', 'price', 'optical_zoom', 'color'], 'CAMERA_2': ['settings'], 'CAMERA_3': []}",C_SILENT_OR_BACKCHANNEL,CAMERA_1,NONE,okay,S_INTRODUCES_FEATURE,CAMERA_1,color,"This one comes in purple, pink, black, silver, red.",18~50
763,10,CAMERA_1,"['CAMERA_2', 'CAMERA_1']","{'CAMERA_1': ['preset_modes', 'price', 'optical_zoom', 'color', 'effects'], 'CAMERA_2': ['settings'], 'CAMERA_3': []}",C_SILENT_OR_BACKCHANNEL,CAMERA_1,NONE,okay,S_INTRODUCES_FEATURE,CAMERA_1,effects,"This one has 12 glamor retouch effects (e.g. skin softening, small face, big eyes).",13~82
763,11,CAMERA_1,"['CAMERA_2', 'CAMERA_1']","{'CAMERA_1': ['preset_modes', 'price', 'optical_zoom', 'color', 'effects', 'camera_type'], 'CAMERA_2': ['settings'], 'CAMERA_3': []}",C_SILENT_OR_BACKCHANNEL,CAMERA_1,NONE,okay,S_INTRODUCES_FEATURE,CAMERA_1,camera_type,This is a point and shoot camera.,10~25
763,12,CAMERA_1,"['CAMERA_2', 'CAMERA_1']","{'CAMERA_1': ['preset_modes', 'price', 'optical_zoom', 'color', 'effects', 'camera_type', 'resolution'], 'CAMERA_2': ['settings'], 'CAMERA_3': []}",C_SILENT_OR_BACKCHANNEL,CAMERA_1,NONE,I see,S_INTRODUCES_FEATURE,CAMERA_1,resolution,This one has 20.1 megapixels resolution.,13~28
763,13,NONE,"['CAMERA_2', 'CAMERA_1']","{'CAMERA_1': ['preset_modes', 'price', 'optical_zoom', 'color', 'effects', 'camera_type', 'resolution'], 'CAMERA_2': ['settings'], 'CAMERA_3': []}",C_THANK_YOU,CAMERA_1,NONE,thank you for your help,S_THANK_YOU,CAMERA_1,NONE,thank you very much,
763,14,NONE,"['CAMERA_2', 'CAMERA_1']","{'CAMERA_1': ['preset_modes', 'price', 'optical_zoom', 'color', 'effects', 'camera_type', 'resolution'], 'CAMERA_2': ['settings'], 'CAMERA_3': []}",C_LEAVES,DOOR,NONE,,S_RETURNS_TO_COUNTER,SERVICE_COUNTER,NONE,,
764,1,NONE,[],"{'CAMERA_1': [], 'CAMERA_2': [], 'CAMERA_3': []}",C_ENTERS,DOOR,NONE,,S_NONE,SERVICE_COUNTER,NONE,,
764,2,NONE,[],"{'CAMERA_1': [], 'CAMERA_2': [], 'CAMERA_3': []}",C_WALKS_TO_CAMERA,CAMERA_1,NONE,,S_GREETS,CAMERA_1,NONE,can I help you?,
764,3,CAMERA_3,['CAMERA_3'],"{'CAMERA_1': [], 'CAMERA_2': [], 'CAMERA_3': []}",C_LOOKING_FOR_A_CAMERA,CAMERA_1,NONE,I'm looking for a camera,S_INTRODUCES_CAMERA,CAMERA_3,,Let me show you this. Here we have the Canon EOS 5D Mark III.,39~60
764,4,CAMERA_3,['CAMERA_3'],"{'CAMERA_1': [], 'CAMERA_2': [], 'CAMERA_3': ['sensor_size']}",C_QUESTION_ABOUT_FEATURE,CAMERA_3,sensor_size,what is the sensor size,S_ANSWERS_QUESTION_ABOUT_FEATURE,CAMERA_3,sensor_size,This one has a full frame.,15~25
764,5,CAMERA_3,['CAMERA_3'],"{'CAMERA_1': [], 'CAMERA_2': [], 'CAMERA_3': ['sensor_size', 'price']}",C_QUESTION_ABOUT_FEATURE,CAMERA_3,price,how much does it cost,S_ANSWERS_QUESTION_ABOUT_FEATURE,CAMERA_3,price,This one costs $3706.,15~20
764,6,CAMERA_3,['CAMERA_3'],"{'CAMERA_1': [], 'CAMERA_2': [], 'CAMERA_3': ['sensor_size', 'price', 'long_exposure']}",C_SILENT_OR_BACKCHANNEL,CAMERA_3,NONE,alright,S_INTRODUCES_FEATURE,CAMERA_3,long_exposure,"This one can take long exposures up to up to 30 seconds, bulb mode: expose as long as you want.",39~94
764,7,CAMERA_3,['CAMERA_3'],"{'CAMERA_1': [], 'CAMERA_2': [], 'CAMERA_3': ['sensor_size', 'price', 'long_exposure', 'settings']}",C_SILENT_OR_BACKCHANNEL,CAMERA_3,NONE,I see,S_INTRODUCES_FEATURE,CAMERA_3,settings,This one has full manual control.,13~32
764,8,NONE,['CAMERA_3'],"{'CAMERA_1': [], 'CAMERA_2': [], 'CAMERA_3': ['sensor_size', 'price', 'long_exposure', 'settings']}",C_THANK_YOU,CAMERA_3,NONE,thank you for your help,S_THANK_YOU,CAMERA_3,NONE,thank you very much,
764,9,NONE,['CAMERA_3'],"{'CAMERA_1': [], 'CAMERA_2': [], 'CAMERA_3': ['sensor_size', 'price', 'long_exposure', 'settings']}",C_LEAVES,DOOR,NONE,,S_RETURNS_TO_COUNTER,SERVICE_COUNTER,NONE,,
765,1,NONE,[],"{'CAMERA_1': [], 'CAMERA_2': [], 'CAMERA_3': []}",C_ENTERS,DOOR,NONE,,S_NONE,SERVICE_COUNTER,NONE,,
765,2,NONE,[],"{'CAMERA_1': [], 'CAMERA_2': [], 'CAMERA_3': []}",C_GREETS,MIDDLE,NONE,hello,S_GREETS,MIDDLE,NONE,can I help you?,
765,3,CAMERA_2,['CAMERA_2'],"{'CAMERA_1': [], 'CAMERA_2': [], 'CAMERA_3': []}",C_LOOKING_FOR_A_CAMERA,MIDDLE,NONE,I'm looking for a camera,S_INTRODUCES_CAMERA,CAMERA_2,,Let me show you this. Here we have the Sony Alpha a6000.,39~55
765,4,CAMERA_2,['CAMERA_2'],"{'CAMERA_1': [], 'CAMERA_2': ['autofocus_points'], 'CAMERA_3': []}",C_SILENT_OR_BACKCHANNEL,CAMERA_2,NONE,I see,S_INTRODUCES_FEATURE,CAMERA_2,autofocus_points,This one has 179 autofocus points.,13~33
765,5,NONE,['CAMERA_2'],"{'CAMERA_1': [], 'CAMERA_2': ['autofocus_points'], 'CAMERA_3': []}",C_THANK_YOU,CAMERA_2,NONE,thank you for your help,S_THANK_YOU,CAMERA_2,NONE,thank you very much,
765,6,NONE,['CAMERA_2'],"{'CAMERA_1': [], 'CAMERA_2': ['autofocus_points'], 'CAMERA_3': []}",C_LEAVES,DOOR,NONE,,S_RETURNS_TO_COUNTER,SERVICE_COUNTER,NONE,,
766,1,NONE,[],"{'CAMERA_1': [], 'CAMERA_2': [], 'CAMERA_3': []}",C_ENTERS,DOOR,NONE,,S_NONE,SERVICE_COUNTER,NONE,,
766,2,NONE,[],"{'CAMERA_1': [], 'CAMERA_2': [], 'CAMERA_3': []}",C_WALKS_TO_CAMERA,CAMERA_1,NONE,,S_GREETS,CAMERA_1,NONE,can I help you?,
766,3,CAMERA_1,['CAMERA_1'],"{'CAMERA_1': [], 'CAMERA_2': [], 'CAMERA_3': []}",C_LOOKING_FOR_A_CAMERA,CAMERA_1,NONE,I'm looking for a camera,S_INTRODUCES_CAMERA,CAMERA_1,,Let me show you this. Here we have the Nikon Coolpix S2800.,39~58
766,4,CAMERA_1,['CAMERA_1'],"{'CAMERA_1': ['preset_modes'], 'CAMERA_2': [], 'CAMERA_3': []}",C_SILENT_OR_BACKCHANNEL,CAMERA_1,NONE,alright,S_INTRODUCES_FEATURE,CAMERA_1,preset_modes,"This one has 18 preset modes (e.g. beach, snow, night portrait).",13~63
766,5,NONE,['CAMERA_1'],"{'CAMERA_1': ['preset_modes'], 'CAMERA_2': [], 'CAMERA_3': []}",C_THANK_YOU,CAMERA_1,NONE,thank you for your help,S_THANK_YOU,CAMERA_1,NONE,thank you very much,
766,6,NONE,['CAMERA_1'],"{'CAMERA_1': ['preset_modes'], 'CAMERA_2': [], 'CAMERA_3': []}",C_LEAVES,DOOR,NONE,,S_RETURNS_TO_COUNTER,SERVICE_COUNTER,NONE,,
767,1,NONE,[],"{'CAMERA_1': [], 'CAMERA_2': [], 'CAMERA_3': []}",C_ENTERS,DOOR,NONE,,S_NONE,SERVICE_COUNTER,NONE,,
767,2,NONE,[],"{'CAMERA_1': [], 'CAMERA_2': [], 'CAMERA_3': []}",C_GREETS,MIDDLE,NONE,hello,S_GREETS,MIDDLE,NONE,can I help you?,
767,3,CAMERA_3,['CAMERA_3'],"{'CAMERA_1': [], 'CAMERA_2': [], 'CAMERA_3': []}",C_LOOKING_FOR_A_CAMERA,MIDDLE,NONE,I'm looking for a camera,S_INTRODUCES_CAMERA,CAMERA_3,,Let me show you this. Here we have the Canon EOS 5D Mark III.,39~60
767,4,CAMERA_3,['CAMERA_3'],"{'CAMERA_1': [], 'CAMERA_2': [], 'CAMERA_3': ['color']}",C_QUESTION_ABOUT_FEATURE,CAMERA_3,color,what colors does this one come in,S_ANSWERS_QUESTION_ABOUT_FEATURE,CAMERA_3,color,This one comes in black.,18~23
767,5,CAMERA_1,"['CAMERA_3', 'CAMERA_1']","{'CAMERA_1': [], 'CAMERA_2': [], 'CAMERA_3': ['color']}",C_ANYTHING_ELSE_AVAILABLE,CAMERA_3,NONE,ok do you have any other cameras,S_INTRODUCES_CAMERA,CAMERA_1,,Let me show you this. Here we have the Nikon Coolpix S2800.,39~58
767,6,CAMERA_1,"['CAMERA_3', 'CAMERA_1']","{'CAMERA_1': ['price'], 'CAMERA_2': [], 'CAMERA_3': ['color']}",C_QUESTION_ABOUT_FEATURE,CAMERA_1,price,how much does it cost,S_ANSWERS_QUESTION_ABOUT_FEATURE,CAMERA_1,price,This one costs $2173.,15~20
767,7,NONE,"['CAMERA_3', 'CAMERA_1']","{'CAMERA_1': ['price'], 'CAMERA_2': [], 'CAMERA_3': ['color']}",C_THANK_YOU,CAMERA_1,NONE,thank you for your help,S_THANK_YOU,CAMERA_1,NONE,thank you very much,
767,8,NONE,"['CAMERA_3', 'CAMERA_1']","{'CAMERA_1': ['price'], 'CAMERA_2': [], 'CAMERA_3': ['color']}",C_LEAVES,DOOR,NONE,,S_RETURNS_TO_COUNTER,SERVICE_COUNTER,NONE,,
768,1,NONE,[],"{'CAMERA_1': [], 'CAMERA_2': [], 'CAMERA_3': []}",C_ENTERS,DOOR,NONE,,S_NONE,SERVICE_COUNTER,NONE,,
768,2,NONE,[],"{'CAMERA_1': [], 'CAMERA_2': [], 'CAMERA_3': []}",C_GREETS,MIDDLE,NONE,hello,S_GREETS,MIDDLE,NONE,can I help you?,
768,3,CAMERA_3,['CAMERA_3'],"{'CAMERA_1': [], 'CAMERA_2': [], 'CAMERA_3': []}",C_LOOKING_FOR_A_CAMERA,MIDDLE,NONE,I'm looking for a camera,S_INTRODUCES_CAMERA,CAMERA_3,,Let me show you this. Here we have the Canon EOS 5D Mark III.,39~60
768,4,CAMERA_3,['CAMERA_3'],"{'CAMERA_1': [], 'CAMERA_2': [], 'CAMERA_3': ['ISO']}",C_SILENT_OR_BACKCHANNEL,CAMERA_3,NONE,I see,S_INTRODUCES_FEATURE,CAMERA_3,ISO,This one has up to 6400 ISO with little noise.,13~45
768,5,NONE,['CAMERA_3'],"{'CAMERA_1': [], 'CAMERA_2': [], 'CAMERA_3': ['ISO']}",C_THANK_YOU,CAMERA_3,NONE,thank you for your help,S_THANK_YOU,CAMERA_3,NONE,thank you very much,
768,6,NONE,['CAMERA_3'],"{'CAMERA_1': [], 'CAMERA_2': [], 'CAMERA_3': ['ISO']}",C_LEAVES,DOOR,NONE,,S_RETURNS_TO_COUNTER,SERVICE_COUNTER,NONE,,
769,1,NONE,[],"{'CAMERA_1': [], 'CAMERA_2': [], 'CAMERA_3': []}",C_ENTERS,DOOR,NONE,,S_NONE,SERVICE_COUNTER,NONE,,
769,2,NONE,[],"{'CAMERA_1': [], 'CAMERA_2': [], 'CAMERA_3': []}",C_WALKS_TO_CAMERA,CAMERA_1,NONE,,S_GREETS,CAMERA_1,NONE,can I help you?,
769,3,CAMERA_1,['CAMERA_1'],"{'CAMERA_1': [], 'CAMERA_2': [], 'CAMERA_3': []}",C_LOOKING_FOR_A_CAMERA,CAMERA_1,NONE,I'm looking for a camera,S_INTRODUCES_CAMERA,CAMERA_1,,Let me show you this. Here we have the Nikon Coolpix S2800.,39~58
769,4,CAMERA_1,['CAMERA_1'],"{'CAMERA_1': ['optical_zoom'], 'CAMERA_2': [], 'CAMERA_3': []}",C_SILENT_OR_BACKCHANNEL,CAMERA_1,NONE,alright,S_INTRODUCES_FEATURE,CAMERA_1,optical_zoom,This one has 5x optical zoom.,13~28
769,5,NONE,['CAMERA_1'],"{'CAMERA_1': ['optical_zoom'], 'CAMERA_2': [], 'CAMERA_3': []}",C_THANK_YOU,CAMERA_1,NONE,thank you for your help,S_THANK_YOU,CAMERA_1,NONE,thank you very much,
769,6,NONE,['CAMERA_1'],"{'CAMERA_1': ['optical_zoom'], 'CAMERA_2': [], 'CAMERA_3': []}",C_LEAVES,DOOR,NONE,,S_RETURNS_TO_COUNTER,SERVICE_COUNTER,NONE,,
770,1,NONE,[],"{'CAMERA_1': [], 'CAMERA_2': [], 'CAMERA_3': []}",C_ENTERS,DOOR,NONE,,S_NONE,SERVICE_COUNTER,NONE,,
770,2,NONE,[],"{'CAMERA_1': [], 'CAMERA_2': [], 'CAMERA_3': []}",C_GREETS,MIDDLE,NONE,hello,S_GREETS,MIDDLE,NONE,can I help you?,
770,3,CAMERA_3,['CAMERA_3'],"{'CAMERA_1': [], 'CAMERA_2': [], 'CAMERA_3': []}",C_LOOKING_FOR_A_CAMERA,MIDDLE,NONE,I'm looking for a camera,S_INTRODUCES_CAMERA,CAMERA_3,,Let me show you this. Here we have the Canon EOS 5D Mark III.,39~60
770,4,CAMERA_3,['CAMERA_3'],"{'CAMERA_1': [], 'CAMERA_2': [], 'CAMERA_3': ['preset_modes']}",C_QUESTION_ABOUT_FEATURE,CAMERA_3,preset_modes,does it have preset modes,S_NOT_SURE,CAMERA_3,,I'm not really sure about that,
770,5,CAMERA_3,['CAMERA_3'],"{'CAMERA_1': [], 'CAMERA_2': [], 'CAMERA_3': ['preset_modes', 'long_exposure']}",C_QUESTION_ABOUT_FEATURE,CAMERA_3,long_exposure,can it take long exposure shots,S_ANSWERS_QUESTION_ABOUT_FEATURE,CAMERA_3,long_exposure,"This one can take long exposures up to up to 30 seconds, bulb mode: expose as long as you want.",39~94
770,6,CAMERA_3,['CAMERA_3'],"{'CAMERA_1': [], 'CAMERA_2': [], 'CAMERA_3': ['preset_modes', 'long_exposure', 'settings']}",C_QUESTION_ABOUT_FEATURE,CAMERA_3,settings,what kind of settings does it have,S_ANSWERS_QUESTION_ABOUT_FEATURE,CAMERA_3,settings,This one has full manual control.,13~32
770,7,NONE,['CAMERA_3'],"{'CAMERA_1': [], 'CAMERA_2': [], 'CAMERA_3': ['preset_modes', 'long_exposure', 'settings']}",C_THANK_YOU,CAMERA_3,NONE,thank you for your help,S_THANK_YOU,CAMERA_3,NONE,thank you very much,
770,8,NONE,['CAMERA_3'],"{'CAMERA_1': [], 'CAMERA_2': [], 'CAMERA_3': ['preset_modes', 'long_exposure', 'settings']}",C_LEAVES,DOOR,NONE,,S_RETURNS_TO_COUNTER,SERVICE_COUNTER,NONE,,
771,1,NONE,[],"{'CAMERA_1': [], 'CAMERA_2': [], 'CAMERA_3': []}",C_ENTERS,DOOR,NONE,,S_NONE,SERVICE_COUNTER,NONE,,
771,2,NONE,[],"{'CAMERA_1': [], 'CAMERA_2': [], 'CAMERA_3': []}",C_WALKS_TO_CAMERA,CAMERA_2,NONE,,S_NONE,SERVICE_COUNTER,NONE,,
771,3,NONE,[],"{'CAMERA_1': [], 'CAMERA_2': [], 'CAMERA_3': []}",C_EXAMINES_CAMERA,CAMERA_2,NONE,,S_GREETS,CAMERA_2,NONE,can I help you?,
771,4,CAMERA_3,['CAMERA_3'],"{'CAMERA_1': [], 'CAMERA_2': [], 'CAMERA_3': []}",C_LOOKING_FOR_A_CAMERA,CAMERA_2,NONE,I'm looking for a camera,S_INTRODUCES_CAMERA,CAMERA_3,,Let me show you this. Here we have the Canon EOS 5D Mark III.,39~60
771,5,CAMERA_3,['CAMERA_3'],"{'CAMERA_1': [], 'CAMERA_2': [], 'CAMERA_3': ['weight']}",C_SILENT_OR_BACKCHANNEL,CAMERA_3,NONE,okay,S_INTRODUCES_FEATURE,CAMERA_3,weight,This one weighs 950 grams (only body).,16~37
771,6,CAMERA_3,['CAMERA_3'],"{'CAMERA_1': [], 'CAMERA_2': [], 'CAMERA_3': ['weight', 'ISO']}",C_SILENT_OR_BACKCHANNEL,CAMERA_3,NONE,I see,S_INTRODUCES_FEATURE,CAMERA_3,ISO,This one has up to 6400 ISO with little noise.,13~45
771,7,CAMERA_2,"['CAMERA_3', 'CAMERA_2']","{'CAMERA_1': [], 'CAMERA_2': [], 'CAMERA_3': ['weight', 'ISO']}",C_ANYTHING_ELSE_AVAILABLE,CAMERA_3,NONE,ok do you have any other cameras,S_INTRODUCES_CAMERA,CAMERA_2,,Let me show you this. Here we have the Sony Alpha a6000.,39~55
771,8,CAMERA_2,"['CAMERA_3', 'CAMERA_2']","{'CAMERA_1': [], 'CAMERA_2': ['weight'], 'CAMERA_3': ['weight', 'ISO']}",C_QUESTION_ABOUT_FEATURE,CAMERA_2,weight,how much does this one weigh,S_ANSWERS_QUESTION_ABOUT_FEATURE,CAMERA_2,weight,This one weighs 470 grams.,16~25
771,9,NONE,"['CAMERA_3', 'CAMERA_2']","{'CAMERA_1': [], 'CAMERA_2': ['weight'], 'CAMERA_3': ['weight', 'ISO']}",C_THANK_YOU,CAMERA_2,NONE,thank you for your help,S_THANK_YOU,CAMERA_2,NONE,thank you very much,
771,10,NONE,"['CAMERA_3', 'CAMERA_2']","{'CAMERA_1': [], 'CAMERA_2': ['weight'], 'CAMERA_3': ['weight', 'ISO']}",C_LEAVES,DOOR,NONE,,S_RETURNS_TO_COUNTER,SERVICE_COUNTER,NONE,,
772,1,NONE,[],"{'CAMERA_1': [], 'CAMERA_2': [], 'CAMERA_3': []}",C_ENTERS,DOOR,NONE,,S_NONE,SERVICE_COUNTER,NONE,,
772,2,NONE,[],"{'CAMERA_1': [], 'CAMERA_2': [], 'CAMERA_3': []}",C_WALKS_TO_CAMERA,CAMERA_1,NONE,,S_NONE,SERVICE_COUNTER,NONE,,
772,3,NONE,[],"{'CAMERA_1': [], 'CAMERA_2': [], 'CAMERA_3': []}",C_EXAMINES_CAMERA,CAMERA_1,NONE,,S_GREETS,CAMERA_1,NONE,can I help you?,
772,4,CAMERA_2,['CAMERA_2'],"{'CAMERA_1': [], 'CAMERA_2': [], 'CAMERA_3': []}",C_LOOKING_FOR_A_CAMERA,CAMERA_1,NONE,I'm looking for a camera,S_INTRODUCES_CAMERA,CAMERA_2,,Let me show you this. Here we have the Sony Alpha a6000.,39~55
772,5,CAMERA_2,['CAMERA_2'],"{'CAMERA_1': [], 'CAMERA_2': ['ISO'], 'CAMERA_3': []}",C_QUESTION_ABOUT_FEATURE,CAMERA_2,ISO,what is the ISO,S_ANSWERS_QUESTION_ABOUT_FEATURE,CAMERA_2,ISO,This one has up to 3200 ISO with little noise.,13~45
772,6,CAMERA_2,['CAMERA_2'],"{'CAMERA_1': [], 'CAMERA_2': ['ISO', 'effects'], 'CAMERA_3': []}",C_QUESTION_ABOUT_FEATURE,CAMERA_2,effects,does it have any effect modes,S_ANSWERS_QUESTION_ABOUT_FEATURE,CAMERA_2,effects,"This one has 13 artistic effect modes (e.g. toy camera, soft focus).",13~67
772,7,CAMERA_2,['CAMERA_2'],"{'CAMERA_1': [], 'CAMERA_2': ['ISO', 'effects', 'autofocus_points'], 'CAMERA_3': []}",C_QUESTION_ABOUT_FEATURE,CAMERA_2,autofocus_points,how many autofocus points does it have,S_ANSWERS_QUESTION_ABOUT_FEATURE,CAMERA_2,autofocus_points,This one has 179 autofocus points.,13~33
772,8,CAMERA_2,['CAMERA_2'],"{'CAMERA_1': [], 'CAMERA_2': ['ISO', 'effects', 'autofocus_points', 'price'], 'CAMERA_3': []}",C_SILENT_OR_BACKCHANNEL,CAMERA_2,NONE,alright,S_INTRODUCES_FEATURE,CAMERA_2,price,This one costs $1341.,15~20
772,9,CAMERA_2,['CAMERA_2'],"{'CAMERA_1': [], 'CAMERA_2': ['ISO', 'effects', 'autofocus_points', 'price', 'settings'], 'CAMERA_3': []}",C_SILENT_OR_BACKCHANNEL,CAMERA_2,NONE,I see,S_INTRODUCES_FEATURE,CAMERA_2,settings,This one has full manual control.,13~32
772,10,CAMERA_2,['CAMERA_2'],"{'CAMERA_1': [], 'CAMERA_2': ['ISO', 'effects', 'autofocus_points', 'price', 'settings', 'weight'], 'CAMERA_3': []}",C_SILENT_OR_BACKCHANNEL,CAMERA_2,NONE,alright,S_INTRODUCES_FEATURE,CAMERA_2,weight,This one weighs 470 grams.,16~25
772,11,CAMERA_2,['CAMERA_2'],"{'CAMERA_1': [], 'CAMERA_2': ['ISO', 'effects', 'autofocus_points', 'price', 'settings', 'weight', 'preset_modes'], 'CAMERA_3': []}",C_SILENT_OR_BACKCHANNEL,CAMERA_2,NONE,I see,S_INTRODUCES_FEATURE,CAMERA_2,preset_modes,"This one has 9 preset modes (e.g. beach, snow, night, portrait).",13~63
772,12,CAMERA_2,['CAMERA_2'],"{'CAMERA_1': [], 'CAMERA_2': ['ISO', 'effects', 'autofocus_points', 'price', 'settings', 'weight', 'preset_modes', 'long_exposure'], 'CAMERA_3': []}",C_SILENT_OR_BACKCHANNEL,CAMERA_2,NONE,I see,S_INTRODUCES_FEATURE,CAMERA_2,long_exposure,This one can take long exposures up to up to 30 seconds.,39~55
772,13,NONE,['CAMERA_2'],"{'CAMERA_1': [], 'CAMERA_2': ['ISO', 'effects', 'autofocus_points', 'price', 'settings', 'weight', 'preset_modes', 'long_exposure'], 'CAMERA_3': []}",C_THANK_YOU,CAMERA_2,NONE,thank you for your help,S_THANK_YOU,CAMERA_2,NONE,thank you very much,
772,14,NONE,['CAMERA_2'],"{'CAMERA_1': [], 'CAMERA_2': ['ISO', 'effects', 'autofocus_points', 'price', 'settings', 'weight', 'preset_modes', 'long_exposure'], 'CAMERA_3': []}",C_LEAVES,DOOR,NONE,,S_RETURNS_TO_COUNTER,SERVICE_COUNTER,NONE,,
773,1,NONE,[],"{'CAMERA_1': [], 'CAMERA_2': [], 'CAMERA_3': []}",C_ENTERS,DOOR,NONE,,S_NONE,SERVICE_COUNTER,NONE,,
773,2,NONE,[],"{'CAMERA_1': [], 'CAMERA_2': [], 'CAMERA_3': []}",C_GREETS,MIDDLE,NONE,hello,S_GREETS,MIDDLE,NONE,can I help you?,
773,3,CAMERA_2,['CAMERA_2'],"{'CAMERA_1': [], 'CAMERA_2': [], 'CAMERA_3': []}",C_LOOKING_FOR_A_CAMERA,MIDDLE,NONE,I'm looking for a camera,S_INTRODUCES_CAMERA,CAMERA_2,,Let me show you this. Here we have the Sony Alpha a6000.,39~55
773,4,CAMERA_2,['CAMERA_2'],"{'CAMERA_1': [], 'CAMERA_2': ['optical_zoom'], 'CAMERA_3': []}",C_QUESTION_ABOUT_FEATURE,CAMERA_2,optical_zoom,does it have optical zoom,S_NOT_SURE,CAMERA_2,,I'm not really sure about that,
773,5,CAMERA_2,['CAMERA_2'],"{'CAMERA_1': [], 'CAMERA_2': ['optical_zoom', 'ISO'], 'CAMERA_3': []}",C_SILENT_OR_BACKCHANNEL,CAMERA_2,NONE,I see,S_INTRODUCES_FEATURE,CAMERA_2,ISO,This one has up to 3200 ISO with little noise.,13~45
773,6,CAMERA_2,['CAMERA_2'],"{'CAMERA_1': [], 'CAMERA_2': ['optical_zoom', 'ISO', 'price'], 'CAMERA_3': []}",C_QUESTION_ABOUT_FEATURE,CAMERA_2,price,how much does it cost,S_ANSWERS_QUESTION_ABOUT_FEATURE,CAMERA_2,price,This one costs $1341.,15~20
773,7,CAMERA_2,['CAMERA_2'],"{'CAMERA_1': [], 'CAMERA_2': ['optical_zoom', 'ISO', 'price', 'color'], 'CAMERA_3': []}",C_SILENT_OR_BACKCHANNEL,CAMERA_2,NONE,okay,S_INTRODUCES_FEATURE,CAMERA_2,color,"This one comes in white, silver, black.",18~38
773,8,CAMERA_2,['CAMERA_2'],"{'CAMERA_1': [], 'CAMERA_2': ['optical_zoom', 'ISO', 'price', 'color', 'camera_type'], 'CAMERA_3': []}",C_QUESTION_ABOUT_FEATURE,CAMERA_2,camera_type,what kind of camera is this,S_ANSWERS_QUESTION_ABOUT_FEATURE,CAMERA_2,camera_type,This is a mirrorless camera.,10~20
773,9,CAMERA_2,['CAMERA_2'],"{'CAMERA_1': [], 'CAMERA_2': ['optical_zoom', 'ISO', 'price', 'color', 'camera_type', 'resolution'], 'CAMERA_3': []}",C_QUESTION_ABOUT_FEATURE,CAMERA_2,resolution,what is the resolution,S_NOT_SURE,CAMERA_2,,I'm not really sure about that,
773,10,CAMERA_2,['CAMERA_2'],"{'CAMERA_1': [], 'CAMERA_2': ['optical_zoom', 'ISO', 'price', 'color', 'camera_type', 'resolution', 'weight'], 'CAMERA_3': []}",C_SILENT_OR_BACKCHANNEL,CAMERA_2,NONE,okay,S_INTRODUCES_FEATURE,CAMERA_2,weight,This one weighs 470 grams.,16~25
773,11,NONE,['CAMERA_2'],"{'CAMERA_1': [], 'CAMERA_2': ['optical_zoom', 'ISO', 'price', 'color', 'camera_type', 'resolution', 'weight'], 'CAMERA_3': []}",C_THANK_YOU,CAMERA_2,NONE,thank you for your help,S_THANK_YOU,CAMERA_2,NONE,thank you very much,
773,12,NONE,['CAMERA_2'],"{'CAMERA_1': [], 'CAMERA_2': ['optical_zoom', 'ISO', 'price', 'color', 'camera_type', 'resolution', 'weight'], 'CAMERA_3': []}",C_LEAVES,DOOR,NONE,,S_RETURNS_TO_COUNTER,SERVICE_COUNTER,NONE,,
774,1,NONE,[],"{'CAMERA_1': [], 'CAMERA_2': [], 'CAMERA_3': []}",C_ENTERS,DOOR,NONE,,S_NONE,SERVICE_COUNTER,NONE,,
774,2,NONE,[],"{'CAMERA_1': [], 'CAMERA_2': [], 'CAMERA_3': []}",C_GREETS,MIDDLE,NONE,hello,S_GREETS,MIDDLE,NONE,can I help you?,
774,3,CAMERA_3,['CAMERA_3'],"{'CAMERA_1': [], 'CAMERA_2': [], 'CAMERA_3': []}",C_LOOKING_FOR_A_CAMERA,MIDDLE,NONE,I'm looking for a camera,S_INTRODUCES_CAMERA,CAMERA_3,,Let me show you this. Here we have the Canon EOS 5D Mark III.,39~60
774,4,CAMERA_3,['CAMERA_3'],"{'CAMERA_1': [], 'CAMERA_2': [], 'CAMERA_3': ['optical_zoom']}",C_QUESTION_ABOUT_FEATURE,CAMERA_3,optical_zoom,does it have optical zoom,S_NOT_SURE,CAMERA_3,,I'm not really sure about that,
774,5,NONE,['CAMERA_3'],"{'CAMERA_1': [], 'CAMERA_2': [], 'CAMERA_3': ['optical_zoom']}",C_THANK_YOU,CAMERA_3,NONE,thank you for your help,S_THANK_YOU,CAMERA_3,NONE,thank you very much,
774,6,NONE,['CAMERA_3'],"{'CAMERA_1': [], 'CAMERA_2': [], 'CAMERA_3': ['optical_zoom']}",C_LEAVES,DOOR,NONE,,S_RETURNS_TO_COUNTER,SERVICE_COUNTER,NONE,,
775,1,NONE,[],"{'CAMERA_1': [], 'CAMERA_2': [], 'CAMERA_3': []}",C_ENTERS,DOOR,NONE,,S_NONE,SERVICE_COUNTER,NONE,,
775,2,NONE,[],"{'CAMERA_1': [], 'CAMERA_2': [], 'CAMERA_3': []}",C_GREETS,MIDDLE,NONE,hello,S_GREETS,MIDDLE,NONE,can I help you?,
775,3,CAMERA_3,['CAMERA_3'],"{'CAMERA_1': [], 'CAMERA_2': [], 'CAMERA_3': []}",C_LOOKING_FOR_A_CAMERA,MIDDLE,NONE,I'm looking for a camera,S_INTRODUCES_CAMERA,CAMERA_3,,Let me show you this. Here we have the Canon EOS 5D Mark III.,39~60
775,4,CAMERA_3,['CAMERA_3'],"{'CAMERA_1': [], 'CAMERA_2': [], 'CAMERA_3': ['long_exposure']}",C_SILENT_OR_BACKCHANNEL,CAMERA_3,NONE,I see,S_INTRODUCES_FEATURE,CAMERA_3,long_exposure,"This one can take long exposures up to up to 30 seconds, bulb mode: expose as long as you want.",39~94
775,5,CAMERA_3,['CAMERA_3'],"{'CAMERA_1': [], 'CAMERA_2': [], 'CAMERA_3': ['long_exposure', 'optical_zoom']}",C_QUESTION_ABOUT_FEATURE,CAMERA_3,optical_zoom,does it have optical zoom,S_NOT_SURE,CAMERA_3,,I'm not really sure about that,
775,6,CAMERA_3,['CAMERA_3'],"{'CAMERA_1': [], 'CAMERA_2': [], 'CAMERA_3': ['long_exposure', 'optical_zoom', 'price']}",C_QUESTION_ABOUT_FEATURE,CAMERA_3,price,how much does it cost,S_ANSWERS_QUESTION_ABOUT_FEATURE,CAMERA_3,price,This one costs $3706.,15~20
775,7,CAMERA_3,['CAMERA_3'],"{'CAMERA_1': [], 'CAMERA_2': [], 'CAMERA_3': ['long_exposure', 'optical_zoom', 'price', 'sensor_size']}",C_SILENT_OR_BACKCHANNEL,CAMERA_3,NONE,alright,S_INTRODUCES_FEATURE,CAMERA_3,sensor_size,This one has a full frame.,15~25
775,8,CAMERA_3,['CAMERA_3'],"{'CAMERA_1': [], 'CAMERA_2': [], 'CAMERA_3': ['long_exposure', 'optical_zoom', 'price', 'sensor_size', 'weight']}",C_QUESTION_ABOUT_FEATURE,CAMERA_3,weight,how much does this one weigh,S_ANSWERS_QUESTION_ABOUT_FEATURE,CAMERA_3,weight,This one weighs 950 grams (only body).,16~37
775,9,CAMERA_3,['CAMERA_3'],"{'CAMERA_1': [], 'CAMERA_2': [], 'CAMERA_3': ['long_exposure', 'optical_zoom', 'price', 'sensor_size', 'weight', 'autofocus_points']}",C_QUESTION_ABOUT_FEATURE,CAMERA_3,autofocus_points,how many autofocus points does it have,S_ANSWERS_QUESTION_ABOUT_FEATURE,CAMERA_3,autofocus_points,This one has 61 autofocus points.,13~32
775,10,CAMERA_1,"['CAMERA_3', 'CAMERA_1']","{'CAMERA_1': [], 'CAMERA_2': [], 'CAMERA_3': ['long_exposure', 'optical_zoom', 'price', 'sensor_size', 'weight', 'autofocus_points']}",C_ANYTHING_ELSE_AVAILABLE,CAMERA_3,NONE,ok do you have any other cameras,S_INTRODUCES_CAMERA,CAMERA_1,,Let me show you this. Here we have the Nikon Coolpix S2800.,39~58
775,11,CAMERA_1,"['CAMERA_3', 'CAMERA_1']","{'CAMERA_1': ['price'], 'CAMERA_2': [], 'CAMERA_3': ['long_exposure', 'optical_zoom', 'price', 'sensor_size', 'weight', 'autofocus_points']}",C_QUESTION_ABOUT_FEATURE,CAMERA_1,price,how much does it cost,S_ANSWERS_QUESTION_ABOUT_FEATURE,CAMERA_1,price,This one costs $2173.,15~20
775,12,CAMERA_1,"['CAMERA_3', 'CAMERA_1']","{'CAMERA_1': ['price', 'preset_modes'], 'CAMERA_2': [], 'CAMERA_3': ['long_exposure', 'optical_zoom', 'price', 'sensor_size', 'weight', 'autofocus_points']}",C_QUESTION_ABOUT_FEATURE,CAMERA_1,preset_modes,does it have preset modes,S_ANSWERS_QUESTION_ABOUT_FEATURE,CAMERA_1,preset_modes,"This one has 18 preset modes (e.g. beach, snow, night portrait).",13~63
775,13,CAMERA_1,"['CAMERA_3', 'CAMERA_1']","{'CAMERA_1': ['price', 'preset_modes', 'optical_zoom'], 'CAMERA_2': [], 'CAMERA_3': ['long_exposure', 'optical_zoom', 'price', 'sensor_size', 'weight', 'autofocus_points']}",C_SILENT_OR_BACKCHANNEL,CAMERA_1,NONE,okay,S_INTRODUCES_FEATURE,CAMERA_1,optical_zoom,This one has 5x optical zoom.,13~28
775,14,CAMERA_1,"['CAMERA_3', 'CAMERA_1']","{'CAMERA_1': ['price', 'preset_modes', 'optical_zoom', 'color'], 'CAMERA_2': [], 'CAMERA_3': ['long_exposure', 'optical_zoom', 'price', 'sensor_size', 'weight', 'autofocus_points']}",C_SILENT_OR_BACKCHANNEL,CAMERA_1,NONE,alright,S_INTRODUCES_FEATURE,CAMERA_1,color,"This one comes in purple, pink, black, silver, red.",18~50
775,15,CAMERA_2,"['CAMERA_3', 'CAMERA_1', 'CAMERA_2']","{'CAMERA_1': ['price', 'preset_modes', 'optical_zoom', 'color'], 'CAMERA_2': [], 'CAMERA_3': ['long_exposure', 'optical_zoom', 'price', 'sensor_size', 'weight', 'autofocus_points']}",C_ANYTHING_ELSE_AVAILABLE,CAMERA_1,NONE,ok do you have any other cameras,S_INTRODUCES_CAMERA,CAMERA_2,,Let me show you this. Here we have the Sony Alpha a6000.,39~55
775,16,CAMERA_2,"['CAMERA_3', 'CAMERA_1', 'CAMERA_2']","{'CAMERA_1': ['price', 'preset_modes', 'optical_zoom', 'color'], 'CAMERA_2': ['price'], 'CAMERA_3': ['long_exposure', 'optical_zoom', 'price', 'sensor_size', 'weight', 'autofocus_points']}",C_QUESTION_ABOUT_FEATURE,CAMERA_2,price,how much does it cost,S_ANSWERS_QUESTION_ABOUT_FEATURE,CAMERA_2,price,This one costs $1341.,15~20
775,17,CAMERA_2,"['CAMERA_3', 'CAMERA_1', 'CAMERA_2']","{'CAMERA_1': ['price', 'preset_modes', 'optical_zoom', 'color'], 'CAMERA_2': ['price', 'optical_zoom'], 'CAMERA_3': ['long_exposure', 'optical_zoom', 'price', 'sensor_size', 'weight', 'autofocus_points']}",C_QUESTION_ABOUT_FEATURE,CAMERA_2,optical_zoom,does it have optical zoom,S_NOT_SURE,CAMERA_2,,I'm not really sure about that,
775,18,CAMERA_2,"['CAMERA_3', 'CAMERA_1', 'CAMERA_2']","{'CAMERA_1': ['price', 'preset_modes', 'optical_zoom', 'color'], 'CAMERA_2': ['price', 'optical_zoom', 'camera_type'], 'CAMERA_3': ['long_exposure', 'optical_zoom', 'price', 'sensor_size', 'weight', 'autofocus_points']}",C_SILENT_OR_BACKCHANNEL,CAMERA_2,NONE,alright,S_INTRODUCES_FEATURE,CAMERA_2,camera_type,This is a mirrorless camera.,10~20
775,19,CAMERA_2,"['CAMERA_3', 'CAMERA_1', 'CAMERA_2']","{'CAMERA_1': ['price', 'preset_modes', 'optical_zoom', 'color'], 'CAMERA_2': ['price', 'optical_zoom', 'camera_type', 'ISO'], 'CAMERA_3': ['long_exposure', 'optical_zoom', 'price', 'sensor_size', 'weight', 'autofocus_points']}",C_QUESTION_ABOUT_FEATURE,CAMERA_2,ISO,what is the ISO,S_ANSWERS_QUESTION_ABOUT_FEATURE,CAMERA_2,ISO,This one has up to 3200 ISO with little noise.,13~45
775,20,CAMERA_2,"['CAMERA_3', 'CAMERA_1', 'CAMERA_2']","{'CAMERA_1': ['price', 'preset_modes', 'optical_zoom', 'color'], 'CAMERA_2': ['price', 'optical_zoom', 'camera_type', 'ISO', 'resolution'], 'CAMERA_3': ['long_exposure', 'optical_zoom', 'price', 'sensor_size', 'weight', 'autofocus_points']}",C_QUESTION_ABOUT_FEATURE,CAMERA_2,resolution,what is the resolution,S_NOT_SURE,CAMERA_2,,I'm not really sure about that,
775,21,CAMERA_2,"['CAMERA_3', 'CAMERA_1', 'CAMERA_2']","{'CAMERA_1': ['price', 'preset_modes', 'optical_zoom', 'color'], 'CAMERA_2': ['price', 'optical_zoom', 'camera_type', 'ISO', 'resolution', 'sensor_size'], 'CAMERA_3': ['long_exposure', 'optical_zoom', 'price', 'sensor_size', 'weight', 'autofocus_points']}",C_QUESTION_ABOUT_FEATURE,CAMERA_2,sensor_size,what is the sensor size,S_ANSWERS_QUESTION_ABOUT_FEATURE,CAMERA_2,sensor_size,This one has a APS-C sensor (crop sensor).,15~41
775,22,CAMERA_2,"['CAMERA_3', 'CAMERA_1', 'CAMERA_2']","{'CAMERA_1': ['price', 'preset_modes', 'optical_zoom', 'color'], 'CAMERA_2': ['price', 'optical_zoom', 'camera_type', 'ISO', 'resolution', 'sensor_size', 'long_exposure'], 'CAMERA_3': ['long_exposure', 'optical_zoom', 'price', 'sensor_size', 'weight', 'autofocus_points']}",C_SILENT_OR_BACKCHANNEL,CAMERA_2,NONE,okay,S_INTRODUCES_FEATURE,CAMERA_2,long_exposure,This one can take long exposures up to up to 30 seconds.,39~55
775,23,CAMERA_2,"['CAMERA_3', 'CAMERA_1', 'CAMERA_2']","{'CAMERA_1': ['price', 'preset_modes', 'optical_zoom', 'color'], 'CAMERA_2': ['price', 'optical_zoom', 'camera_type', 'ISO', 'resolution', 'sensor_size', 'long_exposure', 'settings'], 'CAMERA_3': ['long_exposure', 'optical_zoom', 'price', 'sensor_size', 'weight', 'autofocus_points']}",C_SILENT_OR_BACKCHANNEL,CAMERA_2,NONE,okay,S_INTRODUCES_FEATURE,CAMERA_2,settings,This one has full manual control.,13~32
775,24,NONE,"['CAMERA_3', 'CAMERA_1', 'CAMERA_2']","{'CAMERA_1': ['price', 'preset_modes', 'optical_zoom', 'color'], 'CAMERA_2': ['price', 'optical_zoom', 'camera_type', 'ISO', 'resolution', 'sensor_size', 'long_exposure', 'settings'], 'CAMERA_3': ['long_exposure', 'optical_zoom', 'price', 'sensor_size', 'weight', 'autofocus_points']}",C_THANK_YOU,CAMERA_2,NONE,thank you for your help,S_THANK_YOU,CAMERA_2,NONE,thank you very much,
775,25,NONE,"['CAMERA_3', 'CAMERA_1', 'CAMERA_2']","{'CAMERA_1': ['price', 'preset_modes', 'optical_zoom', 'color'], 'CAMERA_2': ['price', 'optical_zoom', 'camera_type', 'ISO', 'resolution', 'sensor_size', 'long_exposure', 'settings'], 'CAMERA_3': ['long_exposure', 'optical_zoom', 'price', 'sensor_size', 'weight', 'autofocus_points']}",C_LEAVES,DOOR,NONE,,S_RETURNS_TO_COUNTER,SERVICE_COUNTER,NONE,,
776,1,NONE,[],"{'CAMERA_1': [], 'CAMERA_2': [], 'CAMERA_3': []}",C_ENTERS,DOOR,NONE,,S_NONE,SERVICE_COUNTER,NONE,,
776,2,NONE,[],"{'CAMERA_1': [], 'CAMERA_2': [], 'CAMERA_3': []}",C_WALKS_TO_CAMERA,CAMERA_3,NONE,,S_GREETS,CAMERA_3,NONE,can I help you?,
776,3,CAMERA_3,['CAMERA_3'],"{'CAMERA_1': [], 'CAMERA_2': [], 'CAMERA_3': []}",C_LOOKING_FOR_A_CAMERA,CAMERA_3,NONE,I'm looking for a camera,S_INTRODUCES_CAMERA,CAMERA_3,,Let me show you this. Here we have the Canon EOS 5D Mark III.,39~60
776,4,CAMERA_3,['CAMERA_3'],"{'CAMERA_1': [], 'CAMERA_2': [], 'CAMERA_3': ['price']}",C_QUESTION_ABOUT_FEATURE,CAMERA_3,price,how much does it cost,S_ANSWERS_QUESTION_ABOUT_FEATURE,CAMERA_3,price,This one costs $3706.,15~20
776,5,CAMERA_3,['CAMERA_3'],"{'CAMERA_1': [], 'CAMERA_2': [], 'CAMERA_3': ['price', 'camera_type']}",C_SILENT_OR_BACKCHANNEL,CAMERA_3,NONE,okay,S_INTRODUCES_FEATURE,CAMERA_3,camera_type,This is a DSLR camera.,10~14
776,6,CAMERA_3,['CAMERA_3'],"{'CAMERA_1': [], 'CAMERA_2': [], 'CAMERA_3': ['price', 'camera_type', 'ISO']}",C_SILENT_OR_BACKCHANNEL,CAMERA_3,NONE,I see,S_INTRODUCES_FEATURE,CAMERA_3,ISO,This one has up to 6400 ISO with little noise.,13~45
776,7,CAMERA_3,['CAMERA_3'],"{'CAMERA_1': [], 'CAMERA_2': [], 'CAMERA_3': ['price', 'camera_type', 'ISO', 'long_exposure']}",C_SILENT_OR_BACKCHANNEL,CAMERA_3,NONE,alright,S_INTRODUCES_FEATURE,CAMERA_3,long_exposure,"This one can take long exposures up to up to 30 seconds, bulb mode: expose as long as you want.",39~94
776,8,CAMERA_3,['CAMERA_3'],"{'CAMERA_1': [], 'CAMERA_2': [], 'CAMERA_3': ['price', 'camera_type', 'ISO', 'long_exposure', 'resolution']}",C_QUESTION_ABOUT_FEATURE,CAMERA_3,resolution,what is the resolution,S_NOT_SURE,CAMERA_3,,I'm not really sure about that,
776,9,CAMERA_3,['CAMERA_3'],"{'CAMERA_1': [], 'CAMERA_2': [], 'CAMERA_3': ['price', 'camera_type', 'ISO', 'long_exposure', 'resolution', 'weight']}",C_SILENT_OR_BACKCHANNEL,CAMERA_3,NONE,okay,S_INTRODUCES_FEATURE,CAMERA_3,weight,This one weighs 950 grams (only body).,16~37
776,10,CAMERA_3,['CAMERA_3'],"{'CAMERA_1': [], 'CAMERA_2': [], 'CAMERA_3': ['price', 'camera_type', 'ISO', 'long_exposure', 'resolution', 'weight', 'optical_zoom']}",C_QUESTION_ABOUT_FEATURE,CAMERA_3,optical_zoom,does it have optical zoom,S_NOT_SURE,CAMERA_3,,I'm not really sure about that,
776,11,CAMERA_3,['CAMERA_3'],"{'CAMERA_1': [], 'CAMERA_2': [], 'CAMERA_3': ['price', 'camera_type', 'ISO', 'long_exposure', 'resolution', 'weight', 'optical_zoom', 'preset_modes']}",C_QUESTION_ABOUT_FEATURE,CAMERA_3,preset_modes,does it have preset modes,S_NOT_SURE,CAMERA_3,,I'm not really sure about that,
776,12,CAMERA_3,['CAMERA_3'],"{'CAMERA_1': [], 'CAMERA_2': [], 'CAMERA_3': ['price', 'camera_type', 'ISO', 'long_exposure', 'resolution', 'weight', 'optical_zoom', 'preset_modes', 'autofocus_points']}",C_QUESTION_ABOUT_FEATURE,CAMERA_3,autofocus_points,how many autofocus points does it have,S_ANSWERS_QUESTION_ABOUT_FEATURE,CAMERA_3,autofocus_points,This one has 61 autofocus points.,13~32
776,13,NONE,['CAMERA_3'],"{'CAMERA_1': [], 'CAMERA_2': [], 'CAMERA_3': ['price', 'camera_type', 'ISO', 'long_exposure', 'resolution', 'weight', 'optical_zoom', 'preset_modes', 'autofocus_points']}",C_THANK_YOU,CAMERA_3,NONE,thank you for your help,S_THANK_YOU,CAMERA_3,NONE,thank you very much,
776,14,NONE,['CAMERA_3'],"{'CAMERA_1': [], 'CAMERA_2': [], 'CAMERA_3': ['price', 'camera_type', 'ISO', 'long_exposure', 'resolution', 'weight', 'optical_zoom', 'preset_modes', 'autofocus_points']}",C_LEAVES,DOOR,NONE,,S_RETURNS_TO_COUNTER,SERVICE_COUNTER,NONE,,
777,1,NONE,[],"{'CAMERA_1': [], 'CAMERA_2': [], 'CAMERA_3': []}",C_ENTERS,DOOR,NONE,,S_NONE,SERVICE_COUNTER,NONE,,
777,2,NONE,[],"{'CAMERA_1': [], 'CAMERA_2': [], 'CAMERA_3': []}",C_GREETS,MIDDLE,NONE,hello,S_GREETS,MIDDLE,NONE,can I help you?,
777,3,CAMERA_2,['CAMERA_2'],"{'CAMERA_1': [], 'CAMERA_2': [], 'CAMERA_3': []}",C_LOOKING_FOR_A_CAMERA,MIDDLE,NONE,I'm looking for a camera,S_INTRODUCES_CAMERA,CAMERA_2,,Let me show you this. Here we have the Sony Alpha a6000.,39~55
777,4,CAMERA_2,['CAMERA_2'],"{'CAMERA_1': [], 'CAMERA_2': ['autofocus_points'], 'CAMERA_3': []}",C_SILENT_OR_BACKCHANNEL,CAMERA_2,NONE,I see,S_INTRODUCES_FEATURE,CAMERA_2,autofocus_points,This one has 179 autofocus points.,13~33
777,5,CAMERA_2,['CAMERA_2'],"{'CAMERA_1': [], 'CAMERA_2': ['autofocus_points', 'settings'], 'CAMERA_3': []}",C_QUESTION_ABOUT_FEATURE,CAMERA_2,settings,what kind of settings does it have,S_ANSWERS_QUESTION_ABOUT_FEATURE,CAMERA_2,settings,This one has full manual control.,13~32
777,6,CAMERA_2,['CAMERA_2'],"{'CAMERA_1': [], 'CAMERA_2': ['autofocus_points', 'settings', 'camera_type'], 'CAMERA_3': []}",C_SILENT_OR_BACKCHANNEL,CAMERA_2,NONE,I see,S_INTRODUCES_FEATURE,CAMERA_2,camera_type,This is a mirrorless camera.,10~20
777,7,NONE,['CAMERA_2'],"{'CAMERA_1': [], 'CAMERA_2': ['autofocus_points', 'settings', 'camera_type'], 'CAMERA_3': []}",C_THANK_YOU,CAMERA_2,NONE,thank you for your help,S_THANK_YOU,CAMERA_2,NONE,thank you very much,
777,8,NONE,['CAMERA_2'],"{'CAMERA_1': [], 'CAMERA_2': ['autofocus_points', 'settings', 'camera_type'], 'CAMERA_3': []}",C_LEAVES,DOOR,NONE,,S_RETURNS_TO_COUNTER,SERVICE_COUNTER,NONE,,
778,1,NONE,[],"{'CAMERA_1': [], 'CAMERA_2': [], 'CAMERA_3': []}",C_ENTERS,DOOR,NONE,,S_NONE,SERVICE_COUNTER,NONE,,
778,2,NONE,[],"{'CAMERA_1': [], 'CAMERA_2': [], 'CAMERA_3': []}",C_GREETS,MIDDLE,NONE,hello,S_GREETS,MIDDLE,NONE,can I help you?,
778,3,CAMERA_1,['CAMERA_1'],"{'CAMERA_1': [], 'CAMERA_2': [], 'CAMERA_3': []}",C_LOOKING_FOR_A_CAMERA,MIDDLE,NONE,I'm looking for a camera,S_INTRODUCES_CAMERA,CAMERA_1,,Let me show you this. Here we have the Nikon Coolpix S2800.,39~58
778,4,CAMERA_1,['CAMERA_1'],"{'CAMERA_1': ['ISO'], 'CAMERA_2': [], 'CAMERA_3': []}",C_QUESTION_ABOUT_FEATURE,CAMERA_1,ISO,what is the ISO,S_NOT_SURE,CAMERA_1,,I'm not really sure about that,
778,5,CAMERA_1,['CAMERA_1'],"{'CAMERA_1': ['ISO', 'long_exposure'], 'CAMERA_2': [], 'CAMERA_3': []}",C_QUESTION_ABOUT_FEATURE,CAMERA_1,long_exposure,can it take long exposure shots,S_NOT_SURE,CAMERA_1,,I'm not really sure about that,
778,6,CAMERA_1,['CAMERA_1'],"{'CAMERA_1': ['ISO', 'long_exposure', 'color'], 'CAMERA_2': [], 'CAMERA_3': []}",C_SILENT_OR_BACKCHANNEL,CAMERA_1,NONE,okay,S_INTRODUCES_FEATURE,CAMERA_1,color,"This one comes in purple, pink, black, silver, red.",18~50
778,7,CAMERA_1,['CAMERA_1'],"{'CAMERA_1': ['ISO', 'long_exposure', 'color', 'optical_zoom'], 'CAMERA_2': [], 'CAMERA_3': []}",C_SILENT_OR_BACKCHANNEL,CAMERA_1,NONE,okay,S_INTRODUCES_FEATURE,CAMERA_1,optical_zoom,This one has 5x optical zoom.,13~28
778,8,CAMERA_1,['CAMERA_1'],"{'CAMERA_1': ['ISO', 'long_exposure', 'color', 'optical_zoom', 'weight'], 'CAMERA_2': [], 'CAMERA_3': []}",C_SILENT_OR_BACKCHANNEL,CAMERA_1,NONE,alright,S_INTRODUCES_FEATURE,CAMERA_1,weight,This one weighs 120 grams.,16~25
778,9,NONE,['CAMERA_1'],"{'CAMERA_1': ['ISO', 'long_exposure', 'color', 'optical_zoom', 'weight'], 'CAMERA_2': [], 'CAMERA_3': []}",C_THANK_YOU,CAMERA_1,NONE,thank you for your help,S_THANK_YOU,CAMERA_1,NONE,thank you very much,
778,10,NONE,['CAMERA_1'],"{'CAMERA_1': ['ISO', 'long_exposure', 'color', 'optical_zoom', 'weight'], 'CAMERA_2': [], 'CAMERA_3': []}",C_LEAVES,DOOR,NONE,,S_RETURNS_TO_COUNTER,SERVICE_COUNTER,NONE,,
779,1,NONE,[],"{'CAMERA_1': [], 'CAMERA_2': [], 'CAMERA_3': []}",C_ENTERS,DOOR,NONE,,S_NONE,SERVICE_COUNTER,NONE,,
779,2,NONE,[],"{'CAMERA_1': [], 'CAMERA_2': [], 'CAMERA_3': []}",C_GREETS,MIDDLE,NONE,hello,S_GREETS,MIDDLE,NONE,can I help you?,
779,3,CAMERA_1,['CAMERA_1'],"{'CAMERA_1': [], 'CAMERA_2': [], 'CAMERA_3': []}",C_LOOKING_FOR_A_CAMERA,MIDDLE,NONE,I'm looking for a camera,S_INTRODUCES_CAMERA,CAMERA_1,,Let me show you this. Here we have the Nikon Coolpix S2800.,39~58
779,4,CAMERA_1,['CAMERA_1'],"{'CAMERA_1': ['price'], 'CAMERA_2': [], 'CAMERA_3': []}",C_QUESTION_ABOUT_FEATURE,CAMERA_1,price,how much does it cost,S_ANSWERS_QUESTION_ABOUT_FEATURE,CAMERA_1,price,This one costs $2173.,15~20
779,5,CAMERA_1,['CAMERA_1'],"{'CAMERA_1': ['price', 'effects'], 'CAMERA_2': [], 'CAMERA_3': []}",C_SILENT_OR_BACKCHANNEL,CAMERA_1,NONE,I see,S_INTRODUCES_FEATURE,CAMERA_1,effects,"This one has 12 glamor retouch effects (e.g. skin softening, small face, big eyes).",13~82
779,6,CAMERA_1,['CAMERA_1'],"{'CAMERA_1': ['price', 'effects', 'settings'], 'CAMERA_2': [], 'CAMERA_3': []}",C_SILENT_OR_BACKCHANNEL,CAMERA_1,NONE,okay,S_INTRODUCES_FEATURE,CAMERA_1,settings,This one has limited manual settings.,13~36
779,7,CAMERA_1,['CAMERA_1'],"{'CAMERA_1': ['price', 'effects', 'settings', 'camera_type'], 'CAMERA_2': [], 'CAMERA_3': []}",C_SILENT_OR_BACKCHANNEL,CAMERA_1,NONE,okay,S_INTRODUCES_FEATURE,CAMERA_1,camera_type,This is a point and shoot camera.,10~25
779,8,CAMERA_1,['CAMERA_1'],"{'CAMERA_1': ['price', 'effects', 'settings', 'camera_type', 'preset_modes'], 'CAMERA_2': [], 'CAMERA_3': []}",C_SILENT_OR_BACKCHANNEL,CAMERA_1,NONE,okay,S_INTRODUCES_FEATURE,CAMERA_1,preset_modes,"This one has 18 preset modes (e.g. beach, snow, night portrait).",13~63
779,9,CAMERA_1,['CAMERA_1'],"{'CAMERA_1': ['price', 'effects', 'settings', 'camera_type', 'preset_modes', 'autofocus_points'], 'CAMERA_2': [], 'CAMERA_3': []}",C_QUESTION_ABOUT_FEATURE,CAMERA_1,autofocus_points,how many autofocus points does it have,S_NOT_SURE,CAMERA_1,,I'm not really sure about that,
779,10,CAMERA_1,['CAMERA_1'],"{'CAMERA_1': ['price', 'effects', 'settings', 'camera_type', 'preset_modes', 'autofocus_points', 'weight'], 'CAMERA_2': [], 'CAMERA_3': []}",C_SILENT_OR_BACKCHANNEL,CAMERA_1,NONE,I see,S_INTRODUCES_FEATURE,CAMERA_1,weight,This one weighs 120 grams.,16~25
779,11,CAMERA_1,['CAMERA_1'],"{'CAMERA_1': ['price', 'effects', 'settings', 'camera_type', 'preset_modes', 'autofocus_points', 'weight', 'long_exposure'], 'CAMERA_2': [], 'CAMERA_3': []}",C_QUESTION_ABOUT_FEATURE,CAMERA_1,long_exposure,can it take long exposure shots,S_NOT_SURE,CAMERA_1,,I'm not really sure about that,
779,12,CAMERA_1,['CAMERA_1'],"{'CAMERA_1': ['price', 'effects', 'settings', 'camera_type', 'preset_modes', 'autofocus_points', 'weight', 'long_exposure', 'resolution'], 'CAMERA_2': [], 'CAMERA_3': []}",C_QUESTION_ABOUT_FEATURE,CAMERA_1,resolution,what is the resolution,S_ANSWERS_QUESTION_ABOUT_FEATURE,CAMERA_1,resolution,This one has 20.1 megapixels resolution.,13~28
779,13,CAMERA_2,"['CAMERA_1', 'CAMERA_2']","{'CAMERA_1': ['price', 'effects', 'settings', 'camera_type', 'preset_modes', 'autofocus_points', 'weight', 'long_exposure', 'resolution'], 'CAMERA_2': [], 'CAMERA_3': []}",C_ANYTHING_ELSE_AVAILABLE,CAMERA_1,NONE,ok do you have any other cameras,S_INTRODUCES_CAMERA,CAMERA_2,,Let me show you this. Here we have the Sony Alpha a6000.,39~55
779,14,CAMERA_2,"['CAMERA_1', 'CAMERA_2']","{'CAMERA_1': ['price', 'effects', 'settings', 'camera_type', 'preset_modes', 'autofocus_points', 'weight', 'long_exposure', 'resolution'], 'CAMERA_2': ['camera_type'], 'CAMERA_3': []}",C_QUESTION_ABOUT_FEATURE,CAMERA_2,camera_type,what kind of camera is this,S_ANSWERS_QUESTION_ABOUT_FEATURE,CAMERA_2,camera_type,This is a mirrorless camera.,10~20
779,15,NONE,"['CAMERA_1', 'CAMERA_2']","{'CAMERA_1': ['price', 'effects', 'settings', 'camera_type', 'preset_modes', 'autofocus_points', 'weight', 'long_exposure', 'resolution'], 'CAMERA_2': ['camera_type'], 'CAMERA_3': []}",C_THANK_YOU,CAMERA_2,NONE,thank you for your help,S_THANK_YOU,CAMERA_2,NONE,thank you very much,
779,16,NONE,"['CAMERA_1', 'CAMERA_2']","{'CAMERA_1': ['price', 'effects', 'settings', 'camera_type', 'preset_modes', 'autofocus_points', 'weight', 'long_exposure', 'resolution'], 'CAMERA_2': ['camera_type'], 'CAMERA_3': []}",C_LEAVES,DOOR,NONE,,S_RETURNS_TO_COUNTER,SERVICE_COUNTER,NONE,,
780,1,NONE,[],"{'CAMERA_1': [], 'CAMERA_2': [], 'CAMERA_3': []}",C_ENTERS,DOOR,NONE,,S_NONE,SERVICE_COUNTER,NONE,,
780,2,NONE,[],"{'CAMERA_1': [], 'CAMERA_2': [], 'CAMERA_3': []}",C_WALKS_TO_CAMERA,CAMERA_3,NONE,,S_GREETS,CAMERA_3,NONE,can I help you?,
780,3,CAMERA_2,['CAMERA_2'],"{'CAMERA_1': [], 'CAMERA_2': [], 'CAMERA_3': []}",C_LOOKING_FOR_A_CAMERA,CAMERA_3,NONE,I'm looking for a camera,S_INTRODUCES_CAMERA,CAMERA_2,,Let me show you this. Here we have the Sony Alpha a6000.,39~55
780,4,CAMERA_2,['CAMERA_2'],"{'CAMERA_1': [], 'CAMERA_2': ['autofocus_points'], 'CAMERA_3': []}",C_QUESTION_ABOUT_FEATURE,CAMERA_2,autofocus_points,how many autofocus points does it have,S_ANSWERS_QUESTION_ABOUT_FEATURE,CAMERA_2,autofocus_points,This one has 179 autofocus points.,13~33
780,5,CAMERA_2,['CAMERA_2'],"{'CAMERA_1': [], 'CAMERA_2': ['autofocus_points', 'color'], 'CAMERA_3': []}",C_QUESTION_ABOUT_FEATURE,CAMERA_2,color,what colors does this one come in,S_ANSWERS_QUESTION_ABOUT_FEATURE,CAMERA_2,color,"This one comes in white, silver, black.",18~38
780,6,CAMERA_3,"['CAMERA_2', 'CAMERA_3']","{'CAMERA_1': [], 'CAMERA_2': ['autofocus_points', 'color'], 'CAMERA_3': []}",C_ANYTHING_ELSE_AVAILABLE,CAMERA_2,NONE,ok do you have any other cameras,S_INTRODUCES_CAMERA,CAMERA_3,,Let me show you this. Here we have the Canon EOS 5D Mark III.,39~60
780,7,CAMERA_3,"['CAMERA_2', 'CAMERA_3']","{'CAMERA_1': [], 'CAMERA_2': ['autofocus_points', 'color'], 'CAMERA_3': ['color']}",C_SILENT_OR_BACKCHANNEL,CAMERA_3,NONE,I see,S_INTRODUCES_FEATURE,CAMERA_3,color,This one comes in black.,18~23
780,8,CAMERA_1,"['CAMERA_2', 'CAMERA_3', 'CAMERA_1']","{'CAMERA_1': [], 'CAMERA_2': ['autofocus_points', 'color'], 'CAMERA_3': ['color']}",C_ANYTHING_ELSE_AVAILABLE,CAMERA_3,NONE,ok do you have any other cameras,S_INTRODUCES_CAMERA,CAMERA_1,,Let me show you this. Here we have the Nikon Coolpix S2800.,39~58
780,9,CAMERA_1,"['CAMERA_2', 'CAMERA_3', 'CAMERA_1']","{'CAMERA_1': ['settings'], 'CAMERA_2': ['autofocus_points', 'color'], 'CAMERA_3': ['color']}",C_SILENT_OR_BACKCHANNEL,CAMERA_1,NONE,okay,S_INTRODUCES_FEATURE,CAMERA_1,settings,This one has limited manual settings.,13~36
780,10,CAMERA_1,"['CAMERA_2', 'CAMERA_3', 'CAMERA_1']","{'CAMERA_1': ['settings', 'preset_modes'], 'CAMERA_2': ['autofocus_points', 'color'], 'CAMERA_3': ['color']}",C_SILENT_OR_BACKCHANNEL,CAMERA_1,NONE,I see,S_INTRODUCES_FEATURE,CAMERA_1,preset_modes,"This one has 18 preset modes (e.g. beach, snow, night portrait).",13~63
780,11,CAMERA_1,"['CAMERA_2', 'CAMERA_3', 'CAMERA_1']","{'CAMERA_1': ['settings', 'preset_modes', 'effects'], 'CAMERA_2': ['autofocus_points', 'color'], 'CAMERA_3': ['color']}",C_SILENT_OR_BACKCHANNEL,CAMERA_1,NONE,alright,S_INTRODUCES_FEATURE,CAMERA_1,effects,"This one has 12 glamor retouch effects (e.g. skin softening, small face, big eyes).",13~82
780,12,CAMERA_1,"['CAMERA_2', 'CAMERA_3', 'CAMERA_1']","{'CAMERA_1': ['settings', 'preset_modes', 'effects', 'color'], 'CAMERA_2': ['autofocus_points', 'color'], 'CAMERA_3': ['color']}",C_QUESTION_ABOUT_FEATURE,CAMERA_1,color,what colors does this one come in,S_ANSWERS_QUESTION_ABOUT_FEATURE,CAMERA_1,color,"This one comes in purple, pink, black, silver, red.",18~50
780,13,CAMERA_1,"['CAMERA_2', 'CAMERA_3', 'CAMERA_1']","{'CAMERA_1': ['settings', 'preset_modes', 'effects', 'color', 'weight'], 'CAMERA_2': ['autofocus_points', 'color'], 'CAMERA_3': ['color']}",C_QUESTION_ABOUT_FEATURE,CAMERA_1,weight,how much does this one weigh,S_ANSWERS_QUESTION_ABOUT_FEATURE,CAMERA_1,weight,This one weighs 120 grams.,16~25
780,14,CAMERA_1,"['CAMERA_2', 'CAMERA_3', 'CAMERA_1']","{'CAMERA_1': ['settings', 'preset_modes', 'effects', 'color', 'weight', 'ISO'], 'CAMERA_2': ['autofocus_points', 'color'], 'CAMERA_3': ['color']}",C_QUESTION_ABOUT_FEATURE,CAMERA_1,ISO,what is the ISO,S_NOT_SURE,CAMERA_1,,I'm not really sure about that,
780,15,CAMERA_1,"['CAMERA_2', 'CAMERA_3', 'CAMERA_1']","{'CAMERA_1': ['settings', 'preset_modes', 'effects', 'color', 'weight', 'ISO', 'price'], 'CAMERA_2': ['autofocus_points', 'color'], 'CAMERA_3': ['color']}",C_SILENT_OR_BACKCHANNEL,CAMERA_1,NONE,alright,S_INTRODUCES_FEATURE,CAMERA_1,price,This one costs $2173.,15~20
780,16,CAMERA_1,"['CAMERA_2', 'CAMERA_3', 'CAMERA_1']","{'CAMERA_1': ['settings', 'preset_modes', 'effects', 'color', 'weight', 'ISO', 'price', 'camera_type'], 'CAMERA_2': ['autofocus_points', 'color'], 'CAMERA_3': ['color']}",C_SILENT_OR_BACKCHANNEL,CAMERA_1,NONE,okay,S_INTRODUCES_FEATURE,CAMERA_1,camera_type,This is a point and shoot camera.,10~25
780,17,CAMERA_1,"['CAMERA_2', 'CAMERA_3', 'CAMERA_1']","{'CAMERA_1': ['settings', 'preset_modes', 'effects', 'color', 'weight', 'ISO', 'price', 'camera_type', 'optical_zoom'], 'CAMERA_2': ['autofocus_points', 'color'], 'CAMERA_3': ['color']}",C_SILENT_OR_BACKCHANNEL,CAMERA_1,NONE,I see,S_INTRODUCES_FEATURE,CAMERA_1,optical_zoom,This one has 5x optical zoom.,13~28
780,18,CAMERA_1,"['CAMERA_2', 'CAMERA_3', 'CAMERA_1']","{'CAMERA_1': ['settings', 'preset_modes', 'effects', 'color', 'weight', 'ISO', 'price', 'camera_type', 'optical_zoom', 'resolution'], 'CAMERA_2': ['autofocus_points', 'color'], 'CAMERA_3': ['color']}",C_SILENT_OR_BACKCHANNEL,CAMERA_1,NONE,I see,S_INTRODUCES_FEATURE,CAMERA_1,resolution,This one has 20.1 megapixels resolution.,13~28
780,19,CAMERA_1,"['CAMERA_2', 'CAMERA_3', 'CAMERA_1']","{'CAMERA_1': ['settings', 'preset_modes', 'effects', 'color', 'weight', 'ISO', 'price', 'camera_type', 'optical_zoom', 'resolution', 'price'], 'CAMERA_2': ['autofocus_points', 'color'], 'CAMERA_3': ['color']}",C_SILENT_OR_BACKCHANNEL,CAMERA_1,NONE,alright,S_INTRODUCES_FEATURE,CAMERA_1,price,This one costs $2173.,15~20
780,20,,"['CAMERA_2', 'CAMERA_3', 'CAMERA_1']","{'CAMERA_1': ['settings', 'preset_modes', 'effects', 'color', 'weight', 'ISO', 'price', 'camera_type', 'optical_zoom', 'resolution', 'price'], 'CAMERA_2': ['autofocus_points', 'color'], 'CAMERA_3': ['color']}",C_ANYTHING_ELSE_AVAILABLE,CAMERA_1,NONE,ok do you have any other cameras,S_THATS_ALL_WE_HAVE_AVAILABLE,CAMERA_1,,That’s all we have available at the moment.,
780,21,NONE,"['CAMERA_2', 'CAMERA_3', 'CAMERA_1']","{'CAMERA_1': ['settings', 'preset_modes', 'effects', 'color', 'weight', 'ISO', 'price', 'camera_type', 'optical_zoom', 'resolution', 'price'], 'CAMERA_2': ['autofocus_points', 'color'], 'CAMERA_3': ['color']}",C_THANK_YOU,CAMERA_1,NONE,thank you for your help,S_THANK_YOU,CAMERA_1,NONE,thank you very much,
780,22,NONE,"['CAMERA_2', 'CAMERA_3', 'CAMERA_1']","{'CAMERA_1': ['settings', 'preset_modes', 'effects', 'color', 'weight', 'ISO', 'price', 'camera_type', 'optical_zoom', 'resolution', 'price'], 'CAMERA_2': ['autofocus_points', 'color'], 'CAMERA_3': ['color']}",C_LEAVES,DOOR,NONE,,S_RETURNS_TO_COUNTER,SERVICE_COUNTER,NONE,,
781,1,NONE,[],"{'CAMERA_1': [], 'CAMERA_2': [], 'CAMERA_3': []}",C_ENTERS,DOOR,NONE,,S_NONE,SERVICE_COUNTER,NONE,,
781,2,NONE,[],"{'CAMERA_1': [], 'CAMERA_2': [], 'CAMERA_3': []}",C_GREETS,MIDDLE,NONE,hello,S_GREETS,MIDDLE,NONE,can I help you?,
781,3,CAMERA_1,['CAMERA_1'],"{'CAMERA_1': [], 'CAMERA_2': [], 'CAMERA_3': []}",C_LOOKING_FOR_A_CAMERA,MIDDLE,NONE,I'm looking for a camera,S_INTRODUCES_CAMERA,CAMERA_1,,Let me show you this. Here we have the Nikon Coolpix S2800.,39~58
781,4,CAMERA_1,['CAMERA_1'],"{'CAMERA_1': ['resolution'], 'CAMERA_2': [], 'CAMERA_3': []}",C_QUESTION_ABOUT_FEATURE,CAMERA_1,resolution,what is the resolution,S_ANSWERS_QUESTION_ABOUT_FEATURE,CAMERA_1,resolution,This one has 20.1 megapixels resolution.,13~28
781,5,CAMERA_1,['CAMERA_1'],"{'CAMERA_1': ['resolution', 'settings'], 'CAMERA_2': [], 'CAMERA_3': []}",C_QUESTION_ABOUT_FEATURE,CAMERA_1,settings,what kind of settings does it have,S_ANSWERS_QUESTION_ABOUT_FEATURE,CAMERA_1,settings,This one has limited manual settings.,13~36
781,6,CAMERA_1,['CAMERA_1'],"{'CAMERA_1': ['resolution', 'settings', 'preset_modes'], 'CAMERA_2': [], 'CAMERA_3': []}",C_QUESTION_ABOUT_FEATURE,CAMERA_1,preset_modes,does it have preset modes,S_ANSWERS_QUESTION_ABOUT_FEATURE,CAMERA_1,preset_modes,"This one has 18 preset modes (e.g. beach, snow, night portrait).",13~63
781,7,CAMERA_1,['CAMERA_1'],"{'CAMERA_1': ['resolution', 'settings', 'preset_modes', 'weight'], 'CAMERA_2': [], 'CAMERA_3': []}",C_SILENT_OR_BACKCHANNEL,CAMERA_1,NONE,I see,S_INTRODUCES_FEATURE,CAMERA_1,weight,This one weighs 120 grams.,16~25
781,8,CAMERA_1,['CAMERA_1'],"{'CAMERA_1': ['resolution', 'settings', 'preset_modes', 'weight', 'effects'], 'CAMERA_2': [], 'CAMERA_3': []}",C_SILENT_OR_BACKCHANNEL,CAMERA_1,NONE,okay,S_INTRODUCES_FEATURE,CAMERA_1,effects,"This one has 12 glamor retouch effects (e.g. skin softening, small face, big eyes).",13~82
781,9,CAMERA_2,"['CAMERA_1', 'CAMERA_2']","{'CAMERA_1': ['resolution', 'settings', 'preset_modes', 'weight', 'effects'], 'CAMERA_2': [], 'CAMERA_3': []}",C_ANYTHING_ELSE_AVAILABLE,CAMERA_1,NONE,ok do you have any other cameras,S_INTRODUCES_CAMERA,CAMERA_2,,Let me show you this. Here we have the Sony Alpha a6000.,39~55
781,10,CAMERA_2,"['CAMERA_1', 'CAMERA_2']","{'CAMERA_1': ['resolution', 'settings', 'preset_modes', 'weight', 'effects'], 'CAMERA_2': ['color'], 'CAMERA_3': []}",C_SILENT_OR_BACKCHANNEL,CAMERA_2,NONE,okay,S_INTRODUCES_FEATURE,CAMERA_2,color,"This one comes in white, silver, black.",18~38
781,11,CAMERA_2,"['CAMERA_1', 'CAMERA_2']","{'CAMERA_1': ['resolution', 'settings', 'preset_modes', 'weight', 'effects'], 'CAMERA_2': ['color', 'autofocus_points'], 'CAMERA_3': []}",C_QUESTION_ABOUT_FEATURE,CAMERA_2,autofocus_points,how many autofocus points does it have,S_ANSWERS_QUESTION_ABOUT_FEATURE,CAMERA_2,autofocus_points,This one has 179 autofocus points.,13~33
781,12,CAMERA_2,"['CAMERA_1', 'CAMERA_2']","{'CAMERA_1': ['resolution', 'settings', 'preset_modes', 'weight', 'effects'], 'CAMERA_2': ['color', 'autofocus_points', 'camera_type'], 'CAMERA_3': []}",C_QUESTION_ABOUT_FEATURE,CAMERA_2,camera_type,what kind of camera is this,S_ANSWERS_QUESTION_ABOUT_FEATURE,CAMERA_2,camera_type,This is a mirrorless camera.,10~20
781,13,CAMERA_2,"['CAMERA_1', 'CAMERA_2']","{'CAMERA_1': ['resolution', 'settings', 'preset_modes', 'weight', 'effects'], 'CAMERA_2': ['color', 'autofocus_points', 'camera_type', 'preset_modes'], 'CAMERA_3': []}",C_QUESTION_ABOUT_FEATURE,CAMERA_2,preset_modes,does it have preset modes,S_ANSWERS_QUESTION_ABOUT_FEATURE,CAMERA_2,preset_modes,"This one has 9 preset modes (e.g. beach, snow, night, portrait).",13~63
781,14,CAMERA_2,"['CAMERA_1', 'CAMERA_2']","{'CAMERA_1': ['resolution', 'settings', 'preset_modes', 'weight', 'effects'], 'CAMERA_2': ['color', 'autofocus_points', 'camera_type', 'preset_modes', 'sensor_size'], 'CAMERA_3': []}",C_SILENT_OR_BACKCHANNEL,CAMERA_2,NONE,alright,S_INTRODUCES_FEATURE,CAMERA_2,sensor_size,This one has a APS-C sensor (crop sensor).,15~41
781,15,CAMERA_2,"['CAMERA_1', 'CAMERA_2']","{'CAMERA_1': ['resolution', 'settings', 'preset_modes', 'weight', 'effects'], 'CAMERA_2': ['color', 'autofocus_points', 'camera_type', 'preset_modes', 'sensor_size', 'price'], 'CAMERA_3': []}",C_SILENT_OR_BACKCHANNEL,CAMERA_2,NONE,okay,S_INTRODUCES_FEATURE,CAMERA_2,price,This one costs $1341.,15~20
781,16,CAMERA_2,"['CAMERA_1', 'CAMERA_2']","{'CAMERA_1': ['resolution', 'settings', 'preset_modes', 'weight', 'effects'], 'CAMERA_2': ['color', 'autofocus_points', 'camera_type', 'preset_modes', 'sensor_size', 'price', 'settings'], 'CAMERA_3': []}",C_SILENT_OR_BACKCHANNEL,CAMERA_2,NONE,alright,S_INTRODUCES_FEATURE,CAMERA_2,settings,This one has full manual control.,13~32
781,17,CAMERA_2,"['CAMERA_1', 'CAMERA_2']","{'CAMERA_1': ['resolution', 'settings', 'preset_modes', 'weight', 'effects'], 'CAMERA_2': ['color', 'autofocus_points', 'camera_type', 'preset_modes', 'sensor_size', 'price', 'settings', 'effects'], 'CAMERA_3': []}",C_SILENT_OR_BACKCHANNEL,CAMERA_2,NONE,okay,S_INTRODUCES_FEATURE,CAMERA_2,effects,"This one has 13 artistic effect modes (e.g. toy camera, soft focus).",13~67
781,18,CAMERA_2,"['CAMERA_1', 'CAMERA_2']","{'CAMERA_1': ['resolution', 'settings', 'preset_modes', 'weight', 'effects'], 'CAMERA_2': ['color', 'autofocus_points', 'camera_type', 'preset_modes', 'sensor_size', 'price', 'settings', 'effects', 'optical_zoom'], 'CAMERA_3': []}",C_QUESTION_ABOUT_FEATURE,CAMERA_2,optical_zoom,does it have optical zoom,S_NOT_SURE,CAMERA_2,,I'm not really sure about that,
781,19,CAMERA_2,"['CAMERA_1', 'CAMERA_2']","{'CAMERA_1': ['resolution', 'settings', 'preset_modes', 'weight', 'effects'], 'CAMERA_2': ['color', 'autofocus_points', 'camera_type', 'preset_modes', 'sensor_size', 'price', 'settings', 'effects', 'optical_zoom', 'long_exposure'], 'CAMERA_3': []}",C_QUESTION_ABOUT_FEATURE,CAMERA_2,long_exposure,can it take long exposure shots,S_ANSWERS_QUESTION_ABOUT_FEATURE,CAMERA_2,long_exposure,This one can take long exposures up to up to 30 seconds.,39~55
781,20,CAMERA_2,"['CAMERA_1', 'CAMERA_2']","{'CAMERA_1': ['resolution', 'settings', 'preset_modes', 'weight', 'effects'], 'CAMERA_2': ['color', 'autofocus_points', 'camera_type', 'preset_modes', 'sensor_size', 'price', 'settings', 'effects', 'optical_zoom', 'long_exposure', 'resolution'], 'CAMERA_3': []}",C_QUESTION_ABOUT_FEATURE,CAMERA_2,resolution,what is the resolution,S_NOT_SURE,CAMERA_2,,I'm not really sure about that,
781,21,CAMERA_2,"['CAMERA_1', 'CAMERA_2']","{'CAMERA_1': ['resolution', 'settings', 'preset_modes', 'weight', 'effects'], 'CAMERA_2': ['color', 'autofocus_points', 'camera_type', 'preset_modes', 'sensor_size', 'price', 'settings', 'effects', 'optical_zoom', 'long_exposure', 'resolution', 'ISO'], 'CAMERA_3': []}",C_QUESTION_ABOUT_FEATURE,CAMERA_2,ISO,what is the ISO,S_ANSWERS_QUESTION_ABOUT_FEATURE,CAMERA_2,ISO,This one has up to 3200 ISO with little noise.,13~45
781,22,CAMERA_2,"['CAMERA_1', 'CAMERA_2']","{'CAMERA_1': ['resolution', 'settings', 'preset_modes', 'weight', 'effects'], 'CAMERA_2': ['color', 'autofocus_points', 'camera_type', 'preset_modes', 'sensor_size', 'price', 'settings', 'effects', 'optical_zoom', 'long_exposure', 'resolution', 'ISO', 'weight'], 'CAMERA_3': []}",C_QUESTION_ABOUT_FEATURE,CAMERA_2,weight,how much does this one weigh,S_ANSWERS_QUESTION_ABOUT_FEATURE,CAMERA_2,weight,This one weighs 470 grams.,16~25
781,23,CAMERA_2,"['CAMERA_1', 'CAMERA_2']","{'CAMERA_1': ['resolution', 'settings', 'preset_modes', 'weight', 'effects'], 'CAMERA_2': ['color', 'autofocus_points', 'camera_type', 'preset_modes', 'sensor_size', 'price', 'settings', 'effects', 'optical_zoom', 'long_exposure', 'resolution', 'ISO', 'weight', 'autofocus_points'], 'CAMERA_3': []}",C_QUESTION_ABOUT_FEATURE,CAMERA_2,autofocus_points,how many autofocus points does it have,S_ANSWERS_QUESTION_ABOUT_FEATURE,CAMERA_2,autofocus_points,This one has 179 autofocus points.,13~33
781,24,CAMERA_2,"['CAMERA_1', 'CAMERA_2']","{'CAMERA_1': ['resolution', 'settings', 'preset_modes', 'weight', 'effects'], 'CAMERA_2': ['color', 'autofocus_points', 'camera_type', 'preset_modes', 'sensor_size', 'price', 'settings', 'effects', 'optical_zoom', 'long_exposure', 'resolution', 'ISO', 'weight', 'autofocus_points', 'sensor_size'], 'CAMERA_3': []}",C_QUESTION_ABOUT_FEATURE,CAMERA_2,sensor_size,what is the sensor size,S_ANSWERS_QUESTION_ABOUT_FEATURE,CAMERA_2,sensor_size,This one has a APS-C sensor (crop sensor).,15~41
781,25,NONE,"['CAMERA_1', 'CAMERA_2']","{'CAMERA_1': ['resolution', 'settings', 'preset_modes', 'weight', 'effects'], 'CAMERA_2': ['color', 'autofocus_points', 'camera_type', 'preset_modes', 'sensor_size', 'price', 'settings', 'effects', 'optical_zoom', 'long_exposure', 'resolution', 'ISO', 'weight', 'autofocus_points', 'sensor_size'], 'CAMERA_3': []}",C_THANK_YOU,CAMERA_2,NONE,thank you for your help,S_THANK_YOU,CAMERA_2,NONE,thank you very much,
781,26,NONE,"['CAMERA_1', 'CAMERA_2']","{'CAMERA_1': ['resolution', 'settings', 'preset_modes', 'weight', 'effects'], 'CAMERA_2': ['color', 'autofocus_points', 'camera_type', 'preset_modes', 'sensor_size', 'price', 'settings', 'effects', 'optical_zoom', 'long_exposure', 'resolution', 'ISO', 'weight', 'autofocus_points', 'sensor_size'], 'CAMERA_3': []}",C_LEAVES,DOOR,NONE,,S_RETURNS_TO_COUNTER,SERVICE_COUNTER,NONE,,
782,1,NONE,[],"{'CAMERA_1': [], 'CAMERA_2': [], 'CAMERA_3': []}",C_ENTERS,DOOR,NONE,,S_NONE,SERVICE_COUNTER,NONE,,
782,2,NONE,[],"{'CAMERA_1': [], 'CAMERA_2': [], 'CAMERA_3': []}",C_GREETS,MIDDLE,NONE,hello,S_GREETS,MIDDLE,NONE,can I help you?,
782,3,CAMERA_1,['CAMERA_1'],"{'CAMERA_1': [], 'CAMERA_2': [], 'CAMERA_3': []}",C_LOOKING_FOR_A_CAMERA,MIDDLE,NONE,I'm looking for a camera,S_INTRODUCES_CAMERA,CAMERA_1,,Let me show you this. Here we have the Nikon Coolpix S2800.,39~58
782,4,CAMERA_1,['CAMERA_1'],"{'CAMERA_1': ['preset_modes'], 'CAMERA_2': [], 'CAMERA_3': []}",C_SILENT_OR_BACKCHANNEL,CAMERA_1,NONE,okay,S_INTRODUCES_FEATURE,CAMERA_1,preset_modes,"This one has 18 preset modes (e.g. beach, snow, night portrait).",13~63
782,5,CAMERA_1,['CAMERA_1'],"{'CAMERA_1': ['preset_modes', 'sensor_size'], 'CAMERA_2': [], 'CAMERA_3': []}",C_QUESTION_ABOUT_FEATURE,CAMERA_1,sensor_size,what is the sensor size,S_NOT_SURE,CAMERA_1,,I'm not really sure about that,
782,6,CAMERA_1,['CAMERA_1'],"{'CAMERA_1': ['preset_modes', 'sensor_size', 'weight'], 'CAMERA_2': [], 'CAMERA_3': []}",C_QUESTION_ABOUT_FEATURE,CAMERA_1,weight,how much does this one weigh,S_ANSWERS_QUESTION_ABOUT_FEATURE,CAMERA_1,weight,This one weighs 120 grams.,16~25
782,7,CAMERA_1,['CAMERA_1'],"{'CAMERA_1': ['preset_modes', 'sensor_size', 'weight', 'resolution'], 'CAMERA_2': [], 'CAMERA_3': []}",C_SILENT_OR_BACKCHANNEL,CAMERA_1,NONE,I see,S_INTRODUCES_FEATURE,CAMERA_1,resolution,This one has 20.1 megapixels resolution.,13~28
782,8,CAMERA_3,"['CAMERA_1', 'CAMERA_3']","{'CAMERA_1': ['preset_modes', 'sensor_size', 'weight', 'resolution'], 'CAMERA_2': [], 'CAMERA_3': []}",C_ANYTHING_ELSE_AVAILABLE,CAMERA_1,NONE,ok do you have any other cameras,S_INTRODUCES_CAMERA,CAMERA_3,,Let me show you this. Here we have the Canon EOS 5D Mark III.,39~60
782,9,CAMERA_3,"['CAMERA_1', 'CAMERA_3']","{'CAMERA_1': ['preset_modes', 'sensor_size', 'weight', 'resolution'], 'CAMERA_2': [], 'CAMERA_3': ['color']}",C_SILENT_OR_BACKCHANNEL,CAMERA_3,NONE,okay,S_INTRODUCES_FEATURE,CAMERA_3,color,This one comes in black.,18~23
782,10,NONE,"['CAMERA_1', 'CAMERA_3']","{'CAMERA_1': ['preset_modes', 'sensor_size', 'weight', 'resolution'], 'CAMERA_2': [], 'CAMERA_3': ['color']}",C_THANK_YOU,CAMERA_3,NONE,thank you for your help,S_THANK_YOU,CAMERA_3,NONE,thank you very much,
782,11,NONE,"['CAMERA_1', 'CAMERA_3']","{'CAMERA_1': ['preset_modes', 'sensor_size', 'weight', 'resolution'], 'CAMERA_2': [], 'CAMERA_3': ['color']}",C_LEAVES,DOOR,NONE,,S_RETURNS_TO_COUNTER,SERVICE_COUNTER,NONE,,
783,1,NONE,[],"{'CAMERA_1': [], 'CAMERA_2': [], 'CAMERA_3': []}",C_ENTERS,DOOR,NONE,,S_NONE,SERVICE_COUNTER,NONE,,
783,2,NONE,[],"{'CAMERA_1': [], 'CAMERA_2': [], 'CAMERA_3': []}",C_WALKS_TO_CAMERA,CAMERA_2,NONE,,S_NONE,SERVICE_COUNTER,NONE,,
783,3,NONE,[],"{'CAMERA_1': [], 'CAMERA_2': [], 'CAMERA_3': []}",C_EXAMINES_CAMERA,CAMERA_2,NONE,,S_NONE,SERVICE_COUNTER,NONE,,
783,4,CAMERA_2,['CAMERA_2'],"{'CAMERA_1': [], 'CAMERA_2': ['settings'], 'CAMERA_3': []}",C_QUESTION_ABOUT_FEATURE,CAMERA_2,settings,what kind of settings does it have,S_ANSWERS_QUESTION_ABOUT_FEATURE,CAMERA_2,settings,This one has full manual control.,13~32
783,5,CAMERA_2,['CAMERA_2'],"{'CAMERA_1': [], 'CAMERA_2': ['settings', 'ISO'], 'CAMERA_3': []}",C_QUESTION_ABOUT_FEATURE,CAMERA_2,ISO,what is the ISO,S_ANSWERS_QUESTION_ABOUT_FEATURE,CAMERA_2,ISO,This one has up to 3200 ISO with little noise.,13~45
783,6,CAMERA_2,['CAMERA_2'],"{'CAMERA_1': [], 'CAMERA_2': ['settings', 'ISO', 'price'], 'CAMERA_3': []}",C_QUESTION_ABOUT_FEATURE,CAMERA_2,price,how much does it cost,S_ANSWERS_QUESTION_ABOUT_FEATURE,CAMERA_2,price,This one costs $1341.,15~20
783,7,CAMERA_2,['CAMERA_2'],"{'CAMERA_1': [], 'CAMERA_2': ['settings', 'ISO', 'price', 'camera_type'], 'CAMERA_3': []}",C_QUESTION_ABOUT_FEATURE,CAMERA_2,camera_type,what kind of camera is this,S_ANSWERS_QUESTION_ABOUT_FEATURE,CAMERA_2,camera_type,This is a mirrorless camera.,10~20
783,8,CAMERA_2,['CAMERA_2'],"{'CAMERA_1': [], 'CAMERA_2': ['settings', 'ISO', 'price', 'camera_type', 'long_exposure'], 'CAMERA_3': []}",C_QUESTION_ABOUT_FEATURE,CAMERA_2,long_exposure,can it take long exposure shots,S_ANSWERS_QUESTION_ABOUT_FEATURE,CAMERA_2,long_exposure,This one can take long exposures up to up to 30 seconds.,39~55
783,9,CAMERA_2,['CAMERA_2'],"{'CAMERA_1': [], 'CAMERA_2': ['settings', 'ISO', 'price', 'camera_type', 'long_exposure', 'autofocus_points'], 'CAMERA_3': []}",C_SILENT_OR_BACKCHANNEL,CAMERA_2,NONE,alright,S_INTRODUCES_FEATURE,CAMERA_2,autofocus_points,This one has 179 autofocus points.,13~33
783,10,CAMERA_2,['CAMERA_2'],"{'CAMERA_1': [], 'CAMERA_2': ['settings', 'ISO', 'price', 'camera_type', 'long_exposure', 'autofocus_points', 'sensor_size'], 'CAMERA_3': []}",C_QUESTION_ABOUT_FEATURE,CAMERA_2,sensor_size,what is the sensor size,S_ANSWERS_QUESTION_ABOUT_FEATURE,CAMERA_2,sensor_size,This one has a APS-C sensor (crop sensor).,15~41
783,11,CAMERA_2,['CAMERA_2'],"{'CAMERA_1': [], 'CAMERA_2': ['settings', 'ISO', 'price', 'camera_type', 'long_exposure', 'autofocus_points', 'sensor_size', 'resolution'], 'CAMERA_3': []}",C_QUESTION_ABOUT_FEATURE,CAMERA_2,resolution,what is the resolution,S_NOT_SURE,CAMERA_2,,I'm not really sure about that,
783,12,CAMERA_2,['CAMERA_2'],"{'CAMERA_1': [], 'CAMERA_2': ['settings', 'ISO', 'price', 'camera_type', 'long_exposure', 'autofocus_points', 'sensor_size', 'resolution', 'optical_zoom'], 'CAMERA_3': []}",C_QUESTION_ABOUT_FEATURE,CAMERA_2,optical_zoom,does it have optical zoom,S_NOT_SURE,CAMERA_2,,I'm not really sure about that,
783,13,CAMERA_2,['CAMERA_2'],"{'CAMERA_1': [], 'CAMERA_2': ['settings', 'ISO', 'price', 'camera_type', 'long_exposure', 'autofocus_points', 'sensor_size', 'resolution', 'optical_zoom', 'effects'], 'CAMERA_3': []}",C_QUESTION_ABOUT_FEATURE,CAMERA_2,effects,does it have any effect modes,S_ANSWERS_QUESTION_ABOUT_FEATURE,CAMERA_2,effects,"This one has 13 artistic effect modes (e.g. toy camera, soft focus).",13~67
783,14,CAMERA_2,['CAMERA_2'],"{'CAMERA_1': [], 'CAMERA_2': ['settings', 'ISO', 'price', 'camera_type', 'long_exposure', 'autofocus_points', 'sensor_size', 'resolution', 'optical_zoom', 'effects', 'preset_modes'], 'CAMERA_3': []}",C_SILENT_OR_BACKCHANNEL,CAMERA_2,NONE,okay,S_INTRODUCES_FEATURE,CAMERA_2,preset_modes,"This one has 9 preset modes (e.g. beach, snow, night, portrait).",13~63
783,15,CAMERA_3,"['CAMERA_2', 'CAMERA_3']","{'CAMERA_1': [], 'CAMERA_2': ['settings', 'ISO', 'price', 'camera_type', 'long_exposure', 'autofocus_points', 'sensor_size', 'resolution', 'optical_zoom', 'effects', 'preset_modes'], 'CAMERA_3': []}",C_ANYTHING_ELSE_AVAILABLE,CAMERA_2,NONE,ok do you have any other cameras,S_INTRODUCES_CAMERA,CAMERA_3,,Let me show you this. Here we have the Canon EOS 5D Mark III.,39~60
783,16,CAMERA_3,"['CAMERA_2', 'CAMERA_3']","{'CAMERA_1': [], 'CAMERA_2': ['settings', 'ISO', 'price', 'camera_type', 'long_exposure', 'autofocus_points', 'sensor_size', 'resolution', 'optical_zoom', 'effects', 'preset_modes'], 'CAMERA_3': ['camera_type']}",C_SILENT_OR_BACKCHANNEL,CAMERA_3,NONE,alright,S_INTRODUCES_FEATURE,CAMERA_3,camera_type,This is a DSLR camera.,10~14
783,17,CAMERA_3,"['CAMERA_2', 'CAMERA_3']","{'CAMERA_1': [], 'CAMERA_2': ['settings', 'ISO', 'price', 'camera_type', 'long_exposure', 'autofocus_points', 'sensor_size', 'resolution', 'optical_zoom', 'effects', 'preset_modes'], 'CAMERA_3': ['camera_type', 'price']}",C_SILENT_OR_BACKCHANNEL,CAMERA_3,NONE,I see,S_INTRODUCES_FEATURE,CAMERA_3,price,This one costs $3706.,15~20
783,18,CAMERA_3,"['CAMERA_2', 'CAMERA_3']","{'CAMERA_1': [], 'CAMERA_2': ['settings', 'ISO', 'price', 'camera_type', 'long_exposure', 'autofocus_points', 'sensor_size', 'resolution', 'optical_zoom', 'effects', 'preset_modes'], 'CAMERA_3': ['camera_type', 'price', 'sensor_size']}",C_QUESTION_ABOUT_FEATURE,CAMERA_3,sensor_size,what is the sensor size,S_ANSWERS_QUESTION_ABOUT_FEATURE,CAMERA_3,sensor_size,This one has a full frame.,15~25
783,19,CAMERA_3,"['CAMERA_2', 'CAMERA_3']","{'CAMERA_1': [], 'CAMERA_2': ['settings', 'ISO', 'price', 'camera_type', 'long_exposure', 'autofocus_points', 'sensor_size', 'resolution', 'optical_zoom', 'effects', 'preset_modes'], 'CAMERA_3': ['camera_type', 'price', 'sensor_size', 'settings']}",C_QUESTION_ABOUT_FEATURE,CAMERA_3,settings,what kind of settings does it have,S_ANSWERS_QUESTION_ABOUT_FEATURE,CAMERA_3,settings,This one has full manual control.,13~32
783,20,CAMERA_3,"['CAMERA_2', 'CAMERA_3']","{'CAMERA_1': [], 'CAMERA_2': ['settings', 'ISO', 'price', 'camera_type', 'long_exposure', 'autofocus_points', 'sensor_size', 'resolution', 'optical_zoom', 'effects', 'preset_modes'], 'CAMERA_3': ['camera_type', 'price', 'sensor_size', 'settings', 'autofocus_points']}",C_SILENT_OR_BACKCHANNEL,CAMERA_3,NONE,okay,S_INTRODUCES_FEATURE,CAMERA_3,autofocus_points,This one has 61 autofocus points.,13~32
783,21,NONE,"['CAMERA_2', 'CAMERA_3']","{'CAMERA_1': [], 'CAMERA_2': ['settings', 'ISO', 'price', 'camera_type', 'long_exposure', 'autofocus_points', 'sensor_size', 'resolution', 'optical_zoom', 'effects', 'preset_modes'], 'CAMERA_3': ['camera_type', 'price', 'sensor_size', 'settings', 'autofocus_points']}",C_THANK_YOU,CAMERA_3,NONE,thank you for your help,S_THANK_YOU,CAMERA_3,NONE,thank you very much,
783,22,NONE,"['CAMERA_2', 'CAMERA_3']","{'CAMERA_1': [], 'CAMERA_2': ['settings', 'ISO', 'price', 'camera_type', 'long_exposure', 'autofocus_points', 'sensor_size', 'resolution', 'optical_zoom', 'effects', 'preset_modes'], 'CAMERA_3': ['camera_type', 'price', 'sensor_size', 'settings', 'autofocus_points']}",C_LEAVES,DOOR,NONE,,S_RETURNS_TO_COUNTER,SERVICE_COUNTER,NONE,,
784,1,NONE,[],"{'CAMERA_1': [], 'CAMERA_2': [], 'CAMERA_3': []}",C_ENTERS,DOOR,NONE,,S_NONE,SERVICE_COUNTER,NONE,,
784,2,NONE,[],"{'CAMERA_1': [], 'CAMERA_2': [], 'CAMERA_3': []}",C_WALKS_TO_CAMERA,CAMERA_3,NONE,,S_NONE,SERVICE_COUNTER,NONE,,
784,3,CAMERA_3,['CAMERA_3'],"{'CAMERA_1': [], 'CAMERA_2': [], 'CAMERA_3': ['autofocus_points']}",C_QUESTION_ABOUT_FEATURE,CAMERA_3,autofocus_points,how many autofocus points does it have,S_ANSWERS_QUESTION_ABOUT_FEATURE,CAMERA_3,autofocus_points,This one has 61 autofocus points.,13~32
784,4,CAMERA_3,['CAMERA_3'],"{'CAMERA_1': [], 'CAMERA_2': [], 'CAMERA_3': ['autofocus_points', 'effects']}",C_QUESTION_ABOUT_FEATURE,CAMERA_3,effects,does it have any effect modes,S_NOT_SURE,CAMERA_3,,I'm not really sure about that,
784,5,CAMERA_3,['CAMERA_3'],"{'CAMERA_1': [], 'CAMERA_2': [], 'CAMERA_3': ['autofocus_points', 'effects', 'color']}",C_SILENT_OR_BACKCHANNEL,CAMERA_3,NONE,okay,S_INTRODUCES_FEATURE,CAMERA_3,color,This one comes in black.,18~23
784,6,CAMERA_3,['CAMERA_3'],"{'CAMERA_1': [], 'CAMERA_2': [], 'CAMERA_3': ['autofocus_points', 'effects', 'color', 'camera_type']}",C_QUESTION_ABOUT_FEATURE,CAMERA_3,camera_type,what kind of camera is this,S_ANSWERS_QUESTION_ABOUT_FEATURE,CAMERA_3,camera_type,This is a DSLR camera.,10~14
784,7,CAMERA_3,['CAMERA_3'],"{'CAMERA_1': [], 'CAMERA_2': [], 'CAMERA_3': ['autofocus_points', 'effects', 'color', 'camera_type', 'long_exposure']}",C_SILENT_OR_BACKCHANNEL,CAMERA_3,NONE,I see,S_INTRODUCES_FEATURE,CAMERA_3,long_exposure,"This one can take long exposures up to up to 30 seconds, bulb mode: expose as long as you want.",39~94
784,8,CAMERA_3,['CAMERA_3'],"{'CAMERA_1': [], 'CAMERA_2': [], 'CAMERA_3': ['autofocus_points', 'effects', 'color', 'camera_type', 'long_exposure', 'preset_modes']}",C_QUESTION_ABOUT_FEATURE,CAMERA_3,preset_modes,does it have preset modes,S_NOT_SURE,CAMERA_3,,I'm not really sure about that,
784,9,CAMERA_1,"['CAMERA_3', 'CAMERA_1']","{'CAMERA_1': [], 'CAMERA_2': [], 'CAMERA_3': ['autofocus_points', 'effects', 'color', 'camera_type', 'long_exposure', 'preset_modes']}",C_ANYTHING_ELSE_AVAILABLE,CAMERA_3,NONE,ok do you have any other cameras,S_INTRODUCES_CAMERA,CAMERA_1,,Let me show you this. Here we have the Nikon Coolpix S2800.,39~58
784,10,CAMERA_1,"['CAMERA_3', 'CAMERA_1']","{'CAMERA_1': ['preset_modes'], 'CAMERA_2': [], 'CAMERA_3': ['autofocus_points', 'effects', 'color', 'camera_type', 'long_exposure', 'preset_modes']}",C_QUESTION_ABOUT_FEATURE,CAMERA_1,preset_modes,does it have preset modes,S_ANSWERS_QUESTION_ABOUT_FEATURE,CAMERA_1,preset_modes,"This one has 18 preset modes (e.g. beach, snow, night portrait).",13~63
784,11,CAMERA_1,"['CAMERA_3', 'CAMERA_1']","{'CAMERA_1': ['preset_modes', 'weight'], 'CAMERA_2': [], 'CAMERA_3': ['autofocus_points', 'effects', 'color', 'camera_type', 'long_exposure', 'preset_modes']}",C_QUESTION_ABOUT_FEATURE,CAMERA_1,weight,how much does this one weigh,S_ANSWERS_QUESTION_ABOUT_FEATURE,CAMERA_1,weight,This one weighs 120 grams.,16~25
784,12,CAMERA_1,"['CAMERA_3', 'CAMERA_1']","{'CAMERA_1': ['preset_modes', 'weight', 'price'], 'CAMERA_2': [], 'CAMERA_3': ['autofocus_points', 'effects', 'color', 'camera_type', 'long_exposure', 'preset_modes']}",C_SILENT_OR_BACKCHANNEL,CAMERA_1,NONE,alright,S_INTRODUCES_FEATURE,CAMERA_1,price,This one costs $2173.,15~20
784,13,NONE,"['CAMERA_3', 'CAMERA_1']","{'CAMERA_1': ['preset_modes', 'weight', 'price'], 'CAMERA_2': [], 'CAMERA_3': ['autofocus_points', 'effects', 'color', 'camera_type', 'long_exposure', 'preset_modes']}",C_THANK_YOU,CAMERA_1,NONE,thank you for your help,S_THANK_YOU,CAMERA_1,NONE,thank you very much,
784,14,NONE,"['CAMERA_3', 'CAMERA_1']","{'CAMERA_1': ['preset_modes', 'weight', 'price'], 'CAMERA_2': [], 'CAMERA_3': ['autofocus_points', 'effects', 'color', 'camera_type', 'long_exposure', 'preset_modes']}",C_LEAVES,DOOR,NONE,,S_RETURNS_TO_COUNTER,SERVICE_COUNTER,NONE,,
785,1,NONE,[],"{'CAMERA_1': [], 'CAMERA_2': [], 'CAMERA_3': []}",C_ENTERS,DOOR,NONE,,S_NONE,SERVICE_COUNTER,NONE,,
785,2,NONE,[],"{'CAMERA_1': [], 'CAMERA_2': [], 'CAMERA_3': []}",C_WALKS_TO_CAMERA,CAMERA_1,NONE,,S_NONE,SERVICE_COUNTER,NONE,,
785,3,CAMERA_1,['CAMERA_1'],"{'CAMERA_1': ['long_exposure'], 'CAMERA_2': [], 'CAMERA_3': []}",C_QUESTION_ABOUT_FEATURE,CAMERA_1,long_exposure,can it take long exposure shots,S_NOT_SURE,CAMERA_1,,I'm not really sure about that,
785,4,CAMERA_2,"['CAMERA_1', 'CAMERA_2']","{'CAMERA_1': ['long_exposure'], 'CAMERA_2': [], 'CAMERA_3': []}",C_ANYTHING_ELSE_AVAILABLE,CAMERA_1,NONE,ok do you have any other cameras,S_INTRODUCES_CAMERA,CAMERA_2,,Let me show you this. Here we have the Sony Alpha a6000.,39~55
785,5,CAMERA_2,"['CAMERA_1', 'CAMERA_2']","{'CAMERA_1': ['long_exposure'], 'CAMERA_2': ['settings'], 'CAMERA_3': []}",C_SILENT_OR_BACKCHANNEL,CAMERA_2,NONE,alright,S_INTRODUCES_FEATURE,CAMERA_2,settings,This one has full manual control.,13~32
785,6,CAMERA_2,"['CAMERA_1', 'CAMERA_2']","{'CAMERA_1': ['long_exposure'], 'CAMERA_2': ['settings', 'ISO'], 'CAMERA_3': []}",C_SILENT_OR_BACKCHANNEL,CAMERA_2,NONE,alright,S_INTRODUCES_FEATURE,CAMERA_2,ISO,This one has up to 3200 ISO with little noise.,13~45
785,7,CAMERA_2,"['CAMERA_1', 'CAMERA_2']","{'CAMERA_1': ['long_exposure'], 'CAMERA_2': ['settings', 'ISO', 'long_exposure'], 'CAMERA_3': []}",C_SILENT_OR_BACKCHANNEL,CAMERA_2,NONE,okay,S_INTRODUCES_FEATURE,CAMERA_2,long_exposure,This one can take long exposures up to up to 30 seconds.,39~55
785,8,CAMERA_2,"['CAMERA_1', 'CAMERA_2']","{'CAMERA_1': ['long_exposure'], 'CAMERA_2': ['settings', 'ISO', 'long_exposure', 'camera_type'], 'CAMERA_3': []}",C_QUESTION_ABOUT_FEATURE,CAMERA_2,camera_type,what kind of camera is this,S_ANSWERS_QUESTION_ABOUT_FEATURE,CAMERA_2,camera_type,This is a mirrorless camera.,10~20
785,9,CAMERA_2,"['CAMERA_1', 'CAMERA_2']","{'CAMERA_1': ['long_exposure'], 'CAMERA_2': ['settings', 'ISO', 'long_exposure', 'camera_type', 'weight'], 'CAMERA_3': []}",C_QUESTION_ABOUT_FEATURE,CAMERA_2,weight,how much does this one weigh,S_ANSWERS_QUESTION_ABOUT_FEATURE,CAMERA_2,weight,This one weighs 470 grams.,16~25
785,10,CAMERA_2,"['CAMERA_1', 'CAMERA_2']","{'CAMERA_1': ['long_exposure'], 'CAMERA_2': ['settings', 'ISO', 'long_exposure', 'camera_type', 'weight', 'autofocus_points'], 'CAMERA_3': []}",C_SILENT_OR_BACKCHANNEL,CAMERA_2,NONE,okay,S_INTRODUCES_FEATURE,CAMERA_2,autofocus_points,This one has 179 autofocus points.,13~33
785,11,CAMERA_2,"['CAMERA_1', 'CAMERA_2']","{'CAMERA_1': ['long_exposure'], 'CAMERA_2': ['settings', 'ISO', 'long_exposure', 'camera_type', 'weight', 'autofocus_points', 'effects'], 'CAMERA_3': []}",C_SILENT_OR_BACKCHANNEL,CAMERA_2,NONE,okay,S_INTRODUCES_FEATURE,CAMERA_2,effects,"This one has 13 artistic effect modes (e.g. toy camera, soft focus).",13~67
785,12,NONE,"['CAMERA_1', 'CAMERA_2']","{'CAMERA_1': ['long_exposure'], 'CAMERA_2': ['settings', 'ISO', 'long_exposure', 'camera_type', 'weight', 'autofocus_points', 'effects'], 'CAMERA_3': []}",C_THANK_YOU,CAMERA_2,NONE,thank you for your help,S_THANK_YOU,CAMERA_2,NONE,thank you very much,
785,13,NONE,"['CAMERA_1', 'CAMERA_2']","{'CAMERA_1': ['long_exposure'], 'CAMERA_2': ['settings', 'ISO', 'long_exposure', 'camera_type', 'weight', 'autofocus_points', 'effects'], 'CAMERA_3': []}",C_LEAVES,DOOR,NONE,,S_RETURNS_TO_COUNTER,SERVICE_COUNTER,NONE,,
786,1,NONE,[],"{'CAMERA_1': [], 'CAMERA_2': [], 'CAMERA_3': []}",C_ENTERS,DOOR,NONE,,S_NONE,SERVICE_COUNTER,NONE,,
786,2,NONE,[],"{'CAMERA_1': [], 'CAMERA_2': [], 'CAMERA_3': []}",C_WALKS_TO_CAMERA,CAMERA_3,NONE,,S_GREETS,CAMERA_3,NONE,can I help you?,
786,3,CAMERA_1,['CAMERA_1'],"{'CAMERA_1': [], 'CAMERA_2': [], 'CAMERA_3': []}",C_LOOKING_FOR_A_CAMERA,CAMERA_3,NONE,I'm looking for a camera,S_INTRODUCES_CAMERA,CAMERA_1,,Let me show you this. Here we have the Nikon Coolpix S2800.,39~58
786,4,CAMERA_1,['CAMERA_1'],"{'CAMERA_1': ['camera_type'], 'CAMERA_2': [], 'CAMERA_3': []}",C_QUESTION_ABOUT_FEATURE,CAMERA_1,camera_type,what kind of camera is this,S_ANSWERS_QUESTION_ABOUT_FEATURE,CAMERA_1,camera_type,This is a point and shoot camera.,10~25
786,5,CAMERA_1,['CAMERA_1'],"{'CAMERA_1': ['camera_type', 'resolution'], 'CAMERA_2': [], 'CAMERA_3': []}",C_SILENT_OR_BACKCHANNEL,CAMERA_1,NONE,okay,S_INTRODUCES_FEATURE,CAMERA_1,resolution,This one has 20.1 megapixels resolution.,13~28
786,6,CAMERA_1,['CAMERA_1'],"{'CAMERA_1': ['camera_type', 'resolution', 'long_exposure'], 'CAMERA_2': [], 'CAMERA_3': []}",C_QUESTION_ABOUT_FEATURE,CAMERA_1,long_exposure,can it take long exposure shots,S_NOT_SURE,CAMERA_1,,I'm not really sure about that,
786,7,CAMERA_1,['CAMERA_1'],"{'CAMERA_1': ['camera_type', 'resolution', 'long_exposure', 'settings'], 'CAMERA_2': [], 'CAMERA_3': []}",C_QUESTION_ABOUT_FEATURE,CAMERA_1,settings,what kind of settings does it have,S_ANSWERS_QUESTION_ABOUT_FEATURE,CAMERA_1,settings,This one has limited manual settings.,13~36
786,8,CAMERA_1,['CAMERA_1'],"{'CAMERA_1': ['camera_type', 'resolution', 'long_exposure', 'settings', 'ISO'], 'CAMERA_2': [], 'CAMERA_3': []}",C_QUESTION_ABOUT_FEATURE,CAMERA_1,ISO,what is the ISO,S_NOT_SURE,CAMERA_1,,I'm not really sure about that,
786,9,CAMERA_1,['CAMERA_1'],"{'CAMERA_1': ['camera_type', 'resolution', 'long_exposure', 'settings', 'ISO', 'preset_modes'], 'CAMERA_2': [], 'CAMERA_3': []}",C_QUESTION_ABOUT_FEATURE,CAMERA_1,preset_modes,does it have preset modes,S_ANSWERS_QUESTION_ABOUT_FEATURE,CAMERA_1,preset_modes,"This one has 18 preset modes (e.g. beach, snow, night portrait).",13~63
786,10,CAMERA_1,['CAMERA_1'],"{'CAMERA_1': ['camera_type', 'resolution', 'long_exposure', 'settings', 'ISO', 'preset_modes', 'weight'], 'CAMERA_2': [], 'CAMERA_3': []}",C_QUESTION_ABOUT_FEATURE,CAMERA_1,weight,how much does this one weigh,S_ANSWERS_QUESTION_ABOUT_FEATURE,CAMERA_1,weight,This one weighs 120 grams.,16~25
786,11,NONE,['CAMERA_1'],"{'CAMERA_1': ['camera_type', 'resolution', 'long_exposure', 'settings', 'ISO', 'preset_modes', 'weight'], 'CAMERA_2': [], 'CAMERA_3': []}",C_THANK_YOU,CAMERA_1,NONE,thank you for your help,S_THANK_YOU,CAMERA_1,NONE,thank you very much,
786,12,NONE,['CAMERA_1'],"{'CAMERA_1': ['camera_type', 'resolution', 'long_exposure', 'settings', 'ISO', 'preset_modes', 'weight'], 'CAMERA_2': [], 'CAMERA_3': []}",C_LEAVES,DOOR,NONE,,S_RETURNS_TO_COUNTER,SERVICE_COUNTER,NONE,,
787,1,NONE,[],"{'CAMERA_1': [], 'CAMERA_2': [], 'CAMERA_3': []}",C_ENTERS,DOOR,NONE,,S_NONE,SERVICE_COUNTER,NONE,,
787,2,NONE,[],"{'CAMERA_1': [], 'CAMERA_2': [], 'CAMERA_3': []}",C_GREETS,MIDDLE,NONE,hello,S_GREETS,MIDDLE,NONE,can I help you?,
787,3,CAMERA_1,['CAMERA_1'],"{'CAMERA_1': [], 'CAMERA_2': [], 'CAMERA_3': []}",C_LOOKING_FOR_A_CAMERA,MIDDLE,NONE,I'm looking for a camera,S_INTRODUCES_CAMERA,CAMERA_1,,Let me show you this. Here we have the Nikon Coolpix S2800.,39~58
787,4,CAMERA_1,['CAMERA_1'],"{'CAMERA_1': ['effects'], 'CAMERA_2': [], 'CAMERA_3': []}",C_QUESTION_ABOUT_FEATURE,CAMERA_1,effects,does it have any effect modes,S_ANSWERS_QUESTION_ABOUT_FEATURE,CAMERA_1,effects,"This one has 12 glamor retouch effects (e.g. skin softening, small face, big eyes).",13~82
787,5,CAMERA_1,['CAMERA_1'],"{'CAMERA_1': ['effects', 'preset_modes'], 'CAMERA_2': [], 'CAMERA_3': []}",C_SILENT_OR_BACKCHANNEL,CAMERA_1,NONE,alright,S_INTRODUCES_FEATURE,CAMERA_1,preset_modes,"This one has 18 preset modes (e.g. beach, snow, night portrait).",13~63
787,6,CAMERA_1,['CAMERA_1'],"{'CAMERA_1': ['effects', 'preset_modes', 'weight'], 'CAMERA_2': [], 'CAMERA_3': []}",C_SILENT_OR_BACKCHANNEL,CAMERA_1,NONE,I see,S_INTRODUCES_FEATURE,CAMERA_1,weight,This one weighs 120 grams.,16~25
787,7,CAMERA_1,['CAMERA_1'],"{'CAMERA_1': ['effects', 'preset_modes', 'weight', 'resolution'], 'CAMERA_2': [], 'CAMERA_3': []}",C_SILENT_OR_BACKCHANNEL,CAMERA_1,NONE,okay,S_INTRODUCES_FEATURE,CAMERA_1,resolution,This one has 20.1 megapixels resolution.,13~28
787,8,CAMERA_1,['CAMERA_1'],"{'CAMERA_1': ['effects', 'preset_modes', 'weight', 'resolution', 'price'], 'CAMERA_2': [], 'CAMERA_3': []}",C_SILENT_OR_BACKCHANNEL,CAMERA_1,NONE,alright,S_INTRODUCES_FEATURE,CAMERA_1,price,This one costs $2173.,15~20
787,9,CAMERA_1,['CAMERA_1'],"{'CAMERA_1': ['effects', 'preset_modes', 'weight', 'resolution', 'price', 'optical_zoom'], 'CAMERA_2': [], 'CAMERA_3': []}",C_QUESTION_ABOUT_FEATURE,CAMERA_1,optical_zoom,does it have optical zoom,S_ANSWERS_QUESTION_ABOUT_FEATURE,CAMERA_1,optical_zoom,This one has 5x optical zoom.,13~28
787,10,CAMERA_1,['CAMERA_1'],"{'CAMERA_1': ['effects', 'preset_modes', 'weight', 'resolution', 'price', 'optical_zoom', 'camera_type'], 'CAMERA_2': [], 'CAMERA_3': []}",C_SILENT_OR_BACKCHANNEL,CAMERA_1,NONE,okay,S_INTRODUCES_FEATURE,CAMERA_1,camera_type,This is a point and shoot camera.,10~25
787,11,CAMERA_1,['CAMERA_1'],"{'CAMERA_1': ['effects', 'preset_modes', 'weight', 'resolution', 'price', 'optical_zoom', 'camera_type', 'ISO'], 'CAMERA_2': [], 'CAMERA_3': []}",C_QUESTION_ABOUT_FEATURE,CAMERA_1,ISO,what is the ISO,S_NOT_SURE,CAMERA_1,,I'm not really sure about that,
787,12,CAMERA_1,['CAMERA_1'],"{'CAMERA_1': ['effects', 'preset_modes', 'weight', 'resolution', 'price', 'optical_zoom', 'camera_type', 'ISO', 'color'], 'CAMERA_2': [], 'CAMERA_3': []}",C_QUESTION_ABOUT_FEATURE,CAMERA_1,color,what colors does this one come in,S_ANSWERS_QUESTION_ABOUT_FEATURE,CAMERA_1,color,"This one comes in purple, pink, black, silver, red.",18~50
787,13,CAMERA_1,['CAMERA_1'],"{'CAMERA_1': ['effects', 'preset_modes', 'weight', 'resolution', 'price', 'optical_zoom', 'camera_type', 'ISO', 'color', 'settings'], 'CAMERA_2': [], 'CAMERA_3': []}",C_SILENT_OR_BACKCHANNEL,CAMERA_1,NONE,alright,S_INTRODUCES_FEATURE,CAMERA_1,settings,This one has limited manual settings.,13~36
787,14,CAMERA_1,['CAMERA_1'],"{'CAMERA_1': ['effects', 'preset_modes', 'weight', 'resolution', 'price', 'optical_zoom', 'camera_type', 'ISO', 'color', 'settings', 'sensor_size'], 'CAMERA_2': [], 'CAMERA_3': []}",C_QUESTION_ABOUT_FEATURE,CAMERA_1,sensor_size,what is the sensor size,S_NOT_SURE,CAMERA_1,,I'm not really sure about that,
787,15,CAMERA_1,['CAMERA_1'],"{'CAMERA_1': ['effects', 'preset_modes', 'weight', 'resolution', 'price', 'optical_zoom', 'camera_type', 'ISO', 'color', 'settings', 'sensor_size', 'long_exposure'], 'CAMERA_2': [], 'CAMERA_3': []}",C_QUESTION_ABOUT_FEATURE,CAMERA_1,long_exposure,can it take long exposure shots,S_NOT_SURE,CAMERA_1,,I'm not really sure about that,
787,16,NONE,['CAMERA_1'],"{'CAMERA_1': ['effects', 'preset_modes', 'weight', 'resolution', 'price', 'optical_zoom', 'camera_type', 'ISO', 'color', 'settings', 'sensor_size', 'long_exposure'], 'CAMERA_2': [], 'CAMERA_3': []}",C_THANK_YOU,CAMERA_1,NONE,thank you for your help,S_THANK_YOU,CAMERA_1,NONE,thank you very much,
787,17,NONE,['CAMERA_1'],"{'CAMERA_1': ['effects', 'preset_modes', 'weight', 'resolution', 'price', 'optical_zoom', 'camera_type', 'ISO', 'color', 'settings', 'sensor_size', 'long_exposure'], 'CAMERA_2': [], 'CAMERA_3': []}",C_LEAVES,DOOR,NONE,,S_RETURNS_TO_COUNTER,SERVICE_COUNTER,NONE,,
788,1,NONE,[],"{'CAMERA_1': [], 'CAMERA_2': [], 'CAMERA_3': []}",C_ENTERS,DOOR,NONE,,S_NONE,SERVICE_COUNTER,NONE,,
788,2,NONE,[],"{'CAMERA_1': [], 'CAMERA_2': [], 'CAMERA_3': []}",C_WALKS_TO_CAMERA,CAMERA_1,NONE,,S_GREETS,CAMERA_1,NONE,can I help you?,
788,3,CAMERA_3,['CAMERA_3'],"{'CAMERA_1': [], 'CAMERA_2': [], 'CAMERA_3': []}",C_LOOKING_FOR_A_CAMERA,CAMERA_1,NONE,I'm looking for a camera,S_INTRODUCES_CAMERA,CAMERA_3,,Let me show you this. Here we have the Canon EOS 5D Mark III.,39~60
788,4,CAMERA_3,['CAMERA_3'],"{'CAMERA_1': [], 'CAMERA_2': [], 'CAMERA_3': ['optical_zoom']}",C_QUESTION_ABOUT_FEATURE,CAMERA_3,optical_zoom,does it have optical zoom,S_NOT_SURE,CAMERA_3,,I'm not really sure about that,
788,5,CAMERA_3,['CAMERA_3'],"{'CAMERA_1': [], 'CAMERA_2': [], 'CAMERA_3': ['optical_zoom', 'price']}",C_QUESTION_ABOUT_FEATURE,CAMERA_3,price,how much does it cost,S_ANSWERS_QUESTION_ABOUT_FEATURE,CAMERA_3,price,This one costs $3706.,15~20
788,6,CAMERA_3,['CAMERA_3'],"{'CAMERA_1': [], 'CAMERA_2': [], 'CAMERA_3': ['optical_zoom', 'price', 'color']}",C_SILENT_OR_BACKCHANNEL,CAMERA_3,NONE,alright,S_INTRODUCES_FEATURE,CAMERA_3,color,This one comes in black.,18~23
788,7,CAMERA_1,"['CAMERA_3', 'CAMERA_1']","{'CAMERA_1': [], 'CAMERA_2': [], 'CAMERA_3': ['optical_zoom', 'price', 'color']}",C_ANYTHING_ELSE_AVAILABLE,CAMERA_3,NONE,ok do you have any other cameras,S_INTRODUCES_CAMERA,CAMERA_1,,Let me show you this. Here we have the Nikon Coolpix S2800.,39~58
788,8,CAMERA_1,"['CAMERA_3', 'CAMERA_1']","{'CAMERA_1': ['sensor_size'], 'CAMERA_2': [], 'CAMERA_3': ['optical_zoom', 'price', 'color']}",C_QUESTION_ABOUT_FEATURE,CAMERA_1,sensor_size,what is the sensor size,S_NOT_SURE,CAMERA_1,,I'm not really sure about that,
788,9,CAMERA_1,"['CAMERA_3', 'CAMERA_1']","{'CAMERA_1': ['sensor_size', 'ISO'], 'CAMERA_2': [], 'CAMERA_3': ['optical_zoom', 'price', 'color']}",C_QUESTION_ABOUT_FEATURE,CAMERA_1,ISO,what is the ISO,S_NOT_SURE,CAMERA_1,,I'm not really sure about that,
788,10,CAMERA_1,"['CAMERA_3', 'CAMERA_1']","{'CAMERA_1': ['sensor_size', 'ISO', 'preset_modes'], 'CAMERA_2': [], 'CAMERA_3': ['optical_zoom', 'price', 'color']}",C_QUESTION_ABOUT_FEATURE,CAMERA_1,preset_modes,does it have preset modes,S_ANSWERS_QUESTION_ABOUT_FEATURE,CAMERA_1,preset_modes,"This one has 18 preset modes (e.g. beach, snow, night portrait).",13~63
788,11,CAMERA_1,"['CAMERA_3', 'CAMERA_1']","{'CAMERA_1': ['sensor_size', 'ISO', 'preset_modes', 'effects'], 'CAMERA_2': [], 'CAMERA_3': ['optical_zoom', 'price', 'color']}",C_QUESTION_ABOUT_FEATURE,CAMERA_1,effects,does it have any effect modes,S_ANSWERS_QUESTION_ABOUT_FEATURE,CAMERA_1,effects,"This one has 12 glamor retouch effects (e.g. skin softening, small face, big eyes).",13~82
788,12,CAMERA_1,"['CAMERA_3', 'CAMERA_1']","{'CAMERA_1': ['sensor_size', 'ISO', 'preset_modes', 'effects', 'color'], 'CAMERA_2': [], 'CAMERA_3': ['optical_zoom', 'price', 'color']}",C_QUESTION_ABOUT_FEATURE,CAMERA_1,color,what colors does this one come in,S_ANSWERS_QUESTION_ABOUT_FEATURE,CAMERA_1,color,"This one comes in purple, pink, black, silver, red.",18~50
788,13,CAMERA_1,"['CAMERA_3', 'CAMERA_1']","{'CAMERA_1': ['sensor_size', 'ISO', 'preset_modes', 'effects', 'color', 'resolution'], 'CAMERA_2': [], 'CAMERA_3': ['optical_zoom', 'price', 'color']}",C_QUESTION_ABOUT_FEATURE,CAMERA_1,resolution,what is the resolution,S_ANSWERS_QUESTION_ABOUT_FEATURE,CAMERA_1,resolution,This one has 20.1 megapixels resolution.,13~28
788,14,CAMERA_1,"['CAMERA_3', 'CAMERA_1']","{'CAMERA_1': ['sensor_size', 'ISO', 'preset_modes', 'effects', 'color', 'resolution', 'long_exposure'], 'CAMERA_2': [], 'CAMERA_3': ['optical_zoom', 'price', 'color']}",C_QUESTION_ABOUT_FEATURE,CAMERA_1,long_exposure,can it take long exposure shots,S_NOT_SURE,CAMERA_1,,I'm not really sure about that,
788,15,CAMERA_1,"['CAMERA_3', 'CAMERA_1']","{'CAMERA_1': ['sensor_size', 'ISO', 'preset_modes', 'effects', 'color', 'resolution', 'long_exposure', 'settings'], 'CAMERA_2': [], 'CAMERA_3': ['optical_zoom', 'price', 'color']}",C_SILENT_OR_BACKCHANNEL,CAMERA_1,NONE,I see,S_INTRODUCES_FEATURE,CAMERA_1,settings,This one has limited manual settings.,13~36
788,16,CAMERA_1,"['CAMERA_3', 'CAMERA_1']","{'CAMERA_1': ['sensor_size', 'ISO', 'preset_modes', 'effects', 'color', 'resolution', 'long_exposure', 'settings', 'optical_zoom'], 'CAMERA_2': [], 'CAMERA_3': ['optical_zoom', 'price', 'color']}",C_QUESTION_ABOUT_FEATURE,CAMERA_1,optical_zoom,does it have optical zoom,S_ANSWERS_QUESTION_ABOUT_FEATURE,CAMERA_1,optical_zoom,This one has 5x optical zoom.,13~28
788,17,CAMERA_1,"['CAMERA_3', 'CAMERA_1']","{'CAMERA_1': ['sensor_size', 'ISO', 'preset_modes', 'effects', 'color', 'resolution', 'long_exposure', 'settings', 'optical_zoom', 'price'], 'CAMERA_2': [], 'CAMERA_3': ['optical_zoom', 'price', 'color']}",C_QUESTION_ABOUT_FEATURE,CAMERA_1,price,how much does it cost,S_ANSWERS_QUESTION_ABOUT_FEATURE,CAMERA_1,price,This one costs $2173.,15~20
788,18,CAMERA_1,"['CAMERA_3', 'CAMERA_1']","{'CAMERA_1': ['sensor_size', 'ISO', 'preset_modes', 'effects', 'color', 'resolution', 'long_exposure', 'settings', 'optical_zoom', 'price', 'weight'], 'CAMERA_2': [], 'CAMERA_3': ['optical_zoom', 'price', 'color']}",C_SILENT_OR_BACKCHANNEL,CAMERA_1,NONE,I see,S_INTRODUCES_FEATURE,CAMERA_1,weight,This one weighs 120 grams.,16~25
788,19,CAMERA_1,"['CAMERA_3', 'CAMERA_1']","{'CAMERA_1': ['sensor_size', 'ISO', 'preset_modes', 'effects', 'color', 'resolution', 'long_exposure', 'settings', 'optical_zoom', 'price', 'weight', 'camera_type'], 'CAMERA_2': [], 'CAMERA_3': ['optical_zoom', 'price', 'color']}",C_SILENT_OR_BACKCHANNEL,CAMERA_1,NONE,alright,S_INTRODUCES_FEATURE,CAMERA_1,camera_type,This is a point and shoot camera.,10~25
788,20,CAMERA_1,"['CAMERA_3', 'CAMERA_1']","{'CAMERA_1': ['sensor_size', 'ISO', 'preset_modes', 'effects', 'color', 'resolution', 'long_exposure', 'settings', 'optical_zoom', 'price', 'weight', 'camera_type', 'settings'], 'CAMERA_2': [], 'CAMERA_3': ['optical_zoom', 'price', 'color']}",C_SILENT_OR_BACKCHANNEL,CAMERA_1,NONE,alright,S_INTRODUCES_FEATURE,CAMERA_1,settings,This one has limited manual settings.,13~36
788,21,CAMERA_1,"['CAMERA_3', 'CAMERA_1']","{'CAMERA_1': ['sensor_size', 'ISO', 'preset_modes', 'effects', 'color', 'resolution', 'long_exposure', 'settings', 'optical_zoom', 'price', 'weight', 'camera_type', 'settings', 'price'], 'CAMERA_2': [], 'CAMERA_3': ['optical_zoom', 'price', 'color']}",C_SILENT_OR_BACKCHANNEL,CAMERA_1,NONE,okay,S_INTRODUCES_FEATURE,CAMERA_1,price,This one costs $2173.,15~20
788,22,CAMERA_1,"['CAMERA_3', 'CAMERA_1']","{'CAMERA_1': ['sensor_size', 'ISO', 'preset_modes', 'effects', 'color', 'resolution', 'long_exposure', 'settings', 'optical_zoom', 'price', 'weight', 'camera_type', 'settings', 'price', 'optical_zoom'], 'CAMERA_2': [], 'CAMERA_3': ['optical_zoom', 'price', 'color']}",C_SILENT_OR_BACKCHANNEL,CAMERA_1,NONE,okay,S_INTRODUCES_FEATURE,CAMERA_1,optical_zoom,This one has 5x optical zoom.,13~28
788,23,NONE,"['CAMERA_3', 'CAMERA_1']","{'CAMERA_1': ['sensor_size', 'ISO', 'preset_modes', 'effects', 'color', 'resolution', 'long_exposure', 'settings', 'optical_zoom', 'price', 'weight', 'camera_type', 'settings', 'price', 'optical_zoom'], 'CAMERA_2': [], 'CAMERA_3': ['optical_zoom', 'price', 'color']}",C_THANK_YOU,CAMERA_1,NONE,thank you for your help,S_THANK_YOU,CAMERA_1,NONE,thank you very much,
788,24,NONE,"['CAMERA_3', 'CAMERA_1']","{'CAMERA_1': ['sensor_size', 'ISO', 'preset_modes', 'effects', 'color', 'resolution', 'long_exposure', 'settings', 'optical_zoom', 'price', 'weight', 'camera_type', 'settings', 'price', 'optical_zoom'], 'CAMERA_2': [], 'CAMERA_3': ['optical_zoom', 'price', 'color']}",C_LEAVES,DOOR,NONE,,S_RETURNS_TO_COUNTER,SERVICE_COUNTER,NONE,,
789,1,NONE,[],"{'CAMERA_1': [], 'CAMERA_2': [], 'CAMERA_3': []}",C_ENTERS,DOOR,NONE,,S_NONE,SERVICE_COUNTER,NONE,,
789,2,NONE,[],"{'CAMERA_1': [], 'CAMERA_2': [], 'CAMERA_3': []}",C_GREETS,MIDDLE,NONE,hello,S_GREETS,MIDDLE,NONE,can I help you?,
789,3,CAMERA_1,['CAMERA_1'],"{'CAMERA_1': [], 'CAMERA_2': [], 'CAMERA_3': []}",C_LOOKING_FOR_A_CAMERA,MIDDLE,NONE,I'm looking for a camera,S_INTRODUCES_CAMERA,CAMERA_1,,Let me show you this. Here we have the Nikon Coolpix S2800.,39~58
789,4,CAMERA_1,['CAMERA_1'],"{'CAMERA_1': ['camera_type'], 'CAMERA_2': [], 'CAMERA_3': []}",C_SILENT_OR_BACKCHANNEL,CAMERA_1,NONE,I see,S_INTRODUCES_FEATURE,CAMERA_1,camera_type,This is a point and shoot camera.,10~25
789,5,CAMERA_1,['CAMERA_1'],"{'CAMERA_1': ['camera_type', 'preset_modes'], 'CAMERA_2': [], 'CAMERA_3': []}",C_QUESTION_ABOUT_FEATURE,CAMERA_1,preset_modes,does it have preset modes,S_ANSWERS_QUESTION_ABOUT_FEATURE,CAMERA_1,preset_modes,"This one has 18 preset modes (e.g. beach, snow, night portrait).",13~63
789,6,CAMERA_1,['CAMERA_1'],"{'CAMERA_1': ['camera_type', 'preset_modes', 'ISO'], 'CAMERA_2': [], 'CAMERA_3': []}",C_QUESTION_ABOUT_FEATURE,CAMERA_1,ISO,what is the ISO,S_NOT_SURE,CAMERA_1,,I'm not really sure about that,
789,7,CAMERA_1,['CAMERA_1'],"{'CAMERA_1': ['camera_type', 'preset_modes', 'ISO', 'effects'], 'CAMERA_2': [], 'CAMERA_3': []}",C_QUESTION_ABOUT_FEATURE,CAMERA_1,effects,does it have any effect modes,S_ANSWERS_QUESTION_ABOUT_FEATURE,CAMERA_1,effects,"This one has 12 glamor retouch effects (e.g. skin softening, small face, big eyes).",13~82
789,8,CAMERA_1,['CAMERA_1'],"{'CAMERA_1': ['camera_type', 'preset_modes', 'ISO', 'effects', 'resolution'], 'CAMERA_2': [], 'CAMERA_3': []}",C_QUESTION_ABOUT_FEATURE,CAMERA_1,resolution,what is the resolution,S_ANSWERS_QUESTION_ABOUT_FEATURE,CAMERA_1,resolution,This one has 20.1 megapixels resolution.,13~28
789,9,CAMERA_1,['CAMERA_1'],"{'CAMERA_1': ['camera_type', 'preset_modes', 'ISO', 'effects', 'resolution', 'weight'], 'CAMERA_2': [], 'CAMERA_3': []}",C_QUESTION_ABOUT_FEATURE,CAMERA_1,weight,how much does this one weigh,S_ANSWERS_QUESTION_ABOUT_FEATURE,CAMERA_1,weight,This one weighs 120 grams.,16~25
789,10,NONE,['CAMERA_1'],"{'CAMERA_1': ['camera_type', 'preset_modes', 'ISO', 'effects', 'resolution', 'weight'], 'CAMERA_2': [], 'CAMERA_3': []}",C_THANK_YOU,CAMERA_1,NONE,thank you for your help,S_THANK_YOU,CAMERA_1,NONE,thank you very much,
789,11,NONE,['CAMERA_1'],"{'CAMERA_1': ['camera_type', 'preset_modes', 'ISO', 'effects', 'resolution', 'weight'], 'CAMERA_2': [], 'CAMERA_3': []}",C_LEAVES,DOOR,NONE,,S_RETURNS_TO_COUNTER,SERVICE_COUNTER,NONE,,
790,1,NONE,[],"{'CAMERA_1': [], 'CAMERA_2': [], 'CAMERA_3': []}",C_ENTERS,DOOR,NONE,,S_NONE,SERVICE_COUNTER,NONE,,
790,2,NONE,[],"{'CAMERA_1': [], 'CAMERA_2': [], 'CAMERA_3': []}",C_GREETS,MIDDLE,NONE,hello,S_GREETS,MIDDLE,NONE,can I help you?,
790,3,CAMERA_2,['CAMERA_2'],"{'CAMERA_1': [], 'CAMERA_2': [], 'CAMERA_3': []}",C_LOOKING_FOR_A_CAMERA,MIDDLE,NONE,I'm looking for a camera,S_INTRODUCES_CAMERA,CAMERA_2,,Let me show you this. Here we have the Sony Alpha a6000.,39~55
790,4,CAMERA_2,['CAMERA_2'],"{'CAMERA_1': [], 'CAMERA_2': ['autofocus_points'], 'CAMERA_3': []}",C_QUESTION_ABOUT_FEATURE,CAMERA_2,autofocus_points,how many autofocus points does it have,S_ANSWERS_QUESTION_ABOUT_FEATURE,CAMERA_2,autofocus_points,This one has 179 autofocus points.,13~33
790,5,CAMERA_2,['CAMERA_2'],"{'CAMERA_1': [], 'CAMERA_2': ['autofocus_points', 'optical_zoom'], 'CAMERA_3': []}",C_QUESTION_ABOUT_FEATURE,CAMERA_2,optical_zoom,does it have optical zoom,S_NOT_SURE,CAMERA_2,,I'm not really sure about that,
790,6,CAMERA_2,['CAMERA_2'],"{'CAMERA_1': [], 'CAMERA_2': ['autofocus_points', 'optical_zoom', 'resolution'], 'CAMERA_3': []}",C_QUESTION_ABOUT_FEATURE,CAMERA_2,resolution,what is the resolution,S_NOT_SURE,CAMERA_2,,I'm not really sure about that,
790,7,CAMERA_2,['CAMERA_2'],"{'CAMERA_1': [], 'CAMERA_2': ['autofocus_points', 'optical_zoom', 'resolution', 'camera_type'], 'CAMERA_3': []}",C_QUESTION_ABOUT_FEATURE,CAMERA_2,camera_type,what kind of camera is this,S_ANSWERS_QUESTION_ABOUT_FEATURE,CAMERA_2,camera_type,This is a mirrorless camera.,10~20
790,8,CAMERA_2,['CAMERA_2'],"{'CAMERA_1': [], 'CAMERA_2': ['autofocus_points', 'optical_zoom', 'resolution', 'camera_type', 'sensor_size'], 'CAMERA_3': []}",C_SILENT_OR_BACKCHANNEL,CAMERA_2,NONE,okay,S_INTRODUCES_FEATURE,CAMERA_2,sensor_size,This one has a APS-C sensor (crop sensor).,15~41
790,9,CAMERA_2,['CAMERA_2'],"{'CAMERA_1': [], 'CAMERA_2': ['autofocus_points', 'optical_zoom', 'resolution', 'camera_type', 'sensor_size', 'ISO'], 'CAMERA_3': []}",C_SILENT_OR_BACKCHANNEL,CAMERA_2,NONE,alright,S_INTRODUCES_FEATURE,CAMERA_2,ISO,This one has up to 3200 ISO with little noise.,13~45
790,10,CAMERA_2,['CAMERA_2'],"{'CAMERA_1': [], 'CAMERA_2': ['autofocus_points', 'optical_zoom', 'resolution', 'camera_type', 'sensor_size', 'ISO', 'long_exposure'], 'CAMERA_3': []}",C_QUESTION_ABOUT_FEATURE,CAMERA_2,long_exposure,can it take long exposure shots,S_ANSWERS_QUESTION_ABOUT_FEATURE,CAMERA_2,long_exposure,This one can take long exposures up to up to 30 seconds.,39~55
790,11,CAMERA_2,['CAMERA_2'],"{'CAMERA_1': [], 'CAMERA_2': ['autofocus_points', 'optical_zoom', 'resolution', 'camera_type', 'sensor_size', 'ISO', 'long_exposure', 'preset_modes'], 'CAMERA_3': []}",C_QUESTION_ABOUT_FEATURE,CAMERA_2,preset_modes,does it have preset modes,S_ANSWERS_QUESTION_ABOUT_FEATURE,CAMERA_2,preset_modes,"This one has 9 preset modes (e.g. beach, snow, night, portrait).",13~63
790,12,CAMERA_2,['CAMERA_2'],"{'CAMERA_1': [], 'CAMERA_2': ['autofocus_points', 'optical_zoom', 'resolution', 'camera_type', 'sensor_size', 'ISO', 'long_exposure', 'preset_modes', 'price'], 'CAMERA_3': []}",C_SILENT_OR_BACKCHANNEL,CAMERA_2,NONE,okay,S_INTRODUCES_FEATURE,CAMERA_2,price,This one costs $1341.,15~20
790,13,CAMERA_2,['CAMERA_2'],"{'CAMERA_1': [], 'CAMERA_2': ['autofocus_points', 'optical_zoom', 'resolution', 'camera_type', 'sensor_size', 'ISO', 'long_exposure', 'preset_modes', 'price', 'weight'], 'CAMERA_3': []}",C_SILENT_OR_BACKCHANNEL,CAMERA_2,NONE,alright,S_INTRODUCES_FEATURE,CAMERA_2,weight,This one weighs 470 grams.,16~25
790,14,CAMERA_2,['CAMERA_2'],"{'CAMERA_1': [], 'CAMERA_2': ['autofocus_points', 'optical_zoom', 'resolution', 'camera_type', 'sensor_size', 'ISO', 'long_exposure', 'preset_modes', 'price', 'weight', 'color'], 'CAMERA_3': []}",C_SILENT_OR_BACKCHANNEL,CAMERA_2,NONE,alright,S_INTRODUCES_FEATURE,CAMERA_2,color,"This one comes in white, silver, black.",18~38
790,15,CAMERA_2,['CAMERA_2'],"{'CAMERA_1': [], 'CAMERA_2': ['autofocus_points', 'optical_zoom', 'resolution', 'camera_type', 'sensor_size', 'ISO', 'long_exposure', 'preset_modes', 'price', 'weight', 'color', 'settings'], 'CAMERA_3': []}",C_QUESTION_ABOUT_FEATURE,CAMERA_2,settings,what kind of settings does it have,S_ANSWERS_QUESTION_ABOUT_FEATURE,CAMERA_2,settings,This one has full manual control.,13~32
790,16,CAMERA_2,['CAMERA_2'],"{'CAMERA_1': [], 'CAMERA_2': ['autofocus_points', 'optical_zoom', 'resolution', 'camera_type', 'sensor_size', 'ISO', 'long_exposure', 'preset_modes', 'price', 'weight', 'color', 'settings', 'effects'], 'CAMERA_3': []}",C_SILENT_OR_BACKCHANNEL,CAMERA_2,NONE,I see,S_INTRODUCES_FEATURE,CAMERA_2,effects,"This one has 13 artistic effect modes (e.g. toy camera, soft focus).",13~67
790,17,CAMERA_2,['CAMERA_2'],"{'CAMERA_1': [], 'CAMERA_2': ['autofocus_points', 'optical_zoom', 'resolution', 'camera_type', 'sensor_size', 'ISO', 'long_exposure', 'preset_modes', 'price', 'weight', 'color', 'settings', 'effects', 'weight'], 'CAMERA_3': []}",C_SILENT_OR_BACKCHANNEL,CAMERA_2,NONE,okay,S_INTRODUCES_FEATURE,CAMERA_2,weight,This one weighs 470 grams.,16~25
790,18,CAMERA_2,['CAMERA_2'],"{'CAMERA_1': [], 'CAMERA_2': ['autofocus_points', 'optical_zoom', 'resolution', 'camera_type', 'sensor_size', 'ISO', 'long_exposure', 'preset_modes', 'price', 'weight', 'color', 'settings', 'effects', 'weight', 'price'], 'CAMERA_3': []}",C_SILENT_OR_BACKCHANNEL,CAMERA_2,NONE,okay,S_INTRODUCES_FEATURE,CAMERA_2,price,This one costs $1341.,15~20
790,19,CAMERA_2,['CAMERA_2'],"{'CAMERA_1': [], 'CAMERA_2': ['autofocus_points', 'optical_zoom', 'resolution', 'camera_type', 'sensor_size', 'ISO', 'long_exposure', 'preset_modes', 'price', 'weight', 'color', 'settings', 'effects', 'weight', 'price', 'sensor_size'], 'CAMERA_3': []}",C_SILENT_OR_BACKCHANNEL,CAMERA_2,NONE,I see,S_INTRODUCES_FEATURE,CAMERA_2,sensor_size,This one has a APS-C sensor (crop sensor).,15~41
790,20,CAMERA_2,['CAMERA_2'],"{'CAMERA_1': [], 'CAMERA_2': ['autofocus_points', 'optical_zoom', 'resolution', 'camera_type', 'sensor_size', 'ISO', 'long_exposure', 'preset_modes', 'price', 'weight', 'color', 'settings', 'effects', 'weight', 'price', 'sensor_size', 'weight'], 'CAMERA_3': []}",C_SILENT_OR_BACKCHANNEL,CAMERA_2,NONE,okay,S_INTRODUCES_FEATURE,CAMERA_2,weight,This one weighs 470 grams.,16~25
790,21,NONE,['CAMERA_2'],"{'CAMERA_1': [], 'CAMERA_2': ['autofocus_points', 'optical_zoom', 'resolution', 'camera_type', 'sensor_size', 'ISO', 'long_exposure', 'preset_modes', 'price', 'weight', 'color', 'settings', 'effects', 'weight', 'price', 'sensor_size', 'weight'], 'CAMERA_3': []}",C_THANK_YOU,CAMERA_2,NONE,thank you for your help,S_THANK_YOU,CAMERA_2,NONE,thank you very much,
790,22,NONE,['CAMERA_2'],"{'CAMERA_1': [], 'CAMERA_2': ['autofocus_points', 'optical_zoom', 'resolution', 'camera_type', 'sensor_size', 'ISO', 'long_exposure', 'preset_modes', 'price', 'weight', 'color', 'settings', 'effects', 'weight', 'price', 'sensor_size', 'weight'], 'CAMERA_3': []}",C_LEAVES,DOOR,NONE,,S_RETURNS_TO_COUNTER,SERVICE_COUNTER,NONE,,
791,1,NONE,[],"{'CAMERA_1': [], 'CAMERA_2': [], 'CAMERA_3': []}",C_ENTERS,DOOR,NONE,,S_NONE,SERVICE_COUNTER,NONE,,
791,2,NONE,[],"{'CAMERA_1': [], 'CAMERA_2': [], 'CAMERA_3': []}",C_GREETS,MIDDLE,NONE,hello,S_GREETS,MIDDLE,NONE,can I help you?,
791,3,CAMERA_2,['CAMERA_2'],"{'CAMERA_1': [], 'CAMERA_2': [], 'CAMERA_3': []}",C_LOOKING_FOR_A_CAMERA,MIDDLE,NONE,I'm looking for a camera,S_INTRODUCES_CAMERA,CAMERA_2,,Let me show you this. Here we have the Sony Alpha a6000.,39~55
791,4,CAMERA_2,['CAMERA_2'],"{'CAMERA_1': [], 'CAMERA_2': ['ISO'], 'CAMERA_3': []}",C_QUESTION_ABOUT_FEATURE,CAMERA_2,ISO,what is the ISO,S_ANSWERS_QUESTION_ABOUT_FEATURE,CAMERA_2,ISO,This one has up to 3200 ISO with little noise.,13~45
791,5,CAMERA_1,"['CAMERA_2', 'CAMERA_1']","{'CAMERA_1': [], 'CAMERA_2': ['ISO'], 'CAMERA_3': []}",C_ANYTHING_ELSE_AVAILABLE,CAMERA_2,NONE,ok do you have any other cameras,S_INTRODUCES_CAMERA,CAMERA_1,,Let me show you this. Here we have the Nikon Coolpix S2800.,39~58
791,6,CAMERA_1,"['CAMERA_2', 'CAMERA_1']","{'CAMERA_1': ['camera_type'], 'CAMERA_2': ['ISO'], 'CAMERA_3': []}",C_QUESTION_ABOUT_FEATURE,CAMERA_1,camera_type,what kind of camera is this,S_ANSWERS_QUESTION_ABOUT_FEATURE,CAMERA_1,camera_type,This is a point and shoot camera.,10~25
791,7,CAMERA_1,"['CAMERA_2', 'CAMERA_1']","{'CAMERA_1': ['camera_type', 'resolution'], 'CAMERA_2': ['ISO'], 'CAMERA_3': []}",C_SILENT_OR_BACKCHANNEL,CAMERA_1,NONE,I see,S_INTRODUCES_FEATURE,CAMERA_1,resolution,This one has 20.1 megapixels resolution.,13~28
791,8,NONE,"['CAMERA_2', 'CAMERA_1']","{'CAMERA_1': ['camera_type', 'resolution'], 'CAMERA_2': ['ISO'], 'CAMERA_3': []}",C_THANK_YOU,CAMERA_1,NONE,thank you for your help,S_THANK_YOU,CAMERA_1,NONE,thank you very much,
791,9,NONE,"['CAMERA_2', 'CAMERA_1']","{'CAMERA_1': ['camera_type', 'resolution'], 'CAMERA_2': ['ISO'], 'CAMERA_3': []}",C_LEAVES,DOOR,NONE,,S_RETURNS_TO_COUNTER,SERVICE_COUNTER,NONE,,
792,1,NONE,[],"{'CAMERA_1': [], 'CAMERA_2': [], 'CAMERA_3': []}",C_ENTERS,DOOR,NONE,,S_NONE,SERVICE_COUNTER,NONE,,
792,2,NONE,[],"{'CAMERA_1': [], 'CAMERA_2': [], 'CAMERA_3': []}",C_GREETS,MIDDLE,NONE,hello,S_GREETS,MIDDLE,NONE,can I help you?,
792,3,CAMERA_1,['CAMERA_1'],"{'CAMERA_1': [], 'CAMERA_2': [], 'CAMERA_3': []}",C_LOOKING_FOR_A_CAMERA,MIDDLE,NONE,I'm looking for a camera,S_INTRODUCES_CAMERA,CAMERA_1,,Let me show you this. Here we have the Nikon Coolpix S2800.,39~58
792,4,CAMERA_1,['CAMERA_1'],"{'CAMERA_1': ['ISO'], 'CAMERA_2': [], 'CAMERA_3': []}",C_QUESTION_ABOUT_FEATURE,CAMERA_1,ISO,what is the ISO,S_NOT_SURE,CAMERA_1,,I'm not really sure about that,
792,5,CAMERA_1,['CAMERA_1'],"{'CAMERA_1': ['ISO', 'optical_zoom'], 'CAMERA_2': [], 'CAMERA_3': []}",C_SILENT_OR_BACKCHANNEL,CAMERA_1,NONE,I see,S_INTRODUCES_FEATURE,CAMERA_1,optical_zoom,This one has 5x optical zoom.,13~28
792,6,CAMERA_1,['CAMERA_1'],"{'CAMERA_1': ['ISO', 'optical_zoom', 'settings'], 'CAMERA_2': [], 'CAMERA_3': []}",C_SILENT_OR_BACKCHANNEL,CAMERA_1,NONE,okay,S_INTRODUCES_FEATURE,CAMERA_1,settings,This one has limited manual settings.,13~36
792,7,NONE,['CAMERA_1'],"{'CAMERA_1': ['ISO', 'optical_zoom', 'settings'], 'CAMERA_2': [], 'CAMERA_3': []}",C_THANK_YOU,CAMERA_1,NONE,thank you for your help,S_THANK_YOU,CAMERA_1,NONE,thank you very much,
792,8,NONE,['CAMERA_1'],"{'CAMERA_1': ['ISO', 'optical_zoom', 'settings'], 'CAMERA_2': [], 'CAMERA_3': []}",C_LEAVES,DOOR,NONE,,S_RETURNS_TO_COUNTER,SERVICE_COUNTER,NONE,,
793,1,NONE,[],"{'CAMERA_1': [], 'CAMERA_2': [], 'CAMERA_3': []}",C_ENTERS,DOOR,NONE,,S_NONE,SERVICE_COUNTER,NONE,,
793,2,NONE,[],"{'CAMERA_1': [], 'CAMERA_2': [], 'CAMERA_3': []}",C_WALKS_TO_CAMERA,CAMERA_1,NONE,,S_GREETS,CAMERA_1,NONE,can I help you?,
793,3,CAMERA_3,['CAMERA_3'],"{'CAMERA_1': [], 'CAMERA_2': [], 'CAMERA_3': []}",C_LOOKING_FOR_A_CAMERA,CAMERA_1,NONE,I'm looking for a camera,S_INTRODUCES_CAMERA,CAMERA_3,,Let me show you this. Here we have the Canon EOS 5D Mark III.,39~60
793,4,CAMERA_3,['CAMERA_3'],"{'CAMERA_1': [], 'CAMERA_2': [], 'CAMERA_3': ['sensor_size']}",C_QUESTION_ABOUT_FEATURE,CAMERA_3,sensor_size,what is the sensor size,S_ANSWERS_QUESTION_ABOUT_FEATURE,CAMERA_3,sensor_size,This one has a full frame.,15~25
793,5,CAMERA_3,['CAMERA_3'],"{'CAMERA_1': [], 'CAMERA_2': [], 'CAMERA_3': ['sensor_size', 'settings']}",C_QUESTION_ABOUT_FEATURE,CAMERA_3,settings,what kind of settings does it have,S_ANSWERS_QUESTION_ABOUT_FEATURE,CAMERA_3,settings,This one has full manual control.,13~32
793,6,CAMERA_3,['CAMERA_3'],"{'CAMERA_1': [], 'CAMERA_2': [], 'CAMERA_3': ['sensor_size', 'settings', 'price']}",C_QUESTION_ABOUT_FEATURE,CAMERA_3,price,how much does it cost,S_ANSWERS_QUESTION_ABOUT_FEATURE,CAMERA_3,price,This one costs $3706.,15~20
793,7,CAMERA_3,['CAMERA_3'],"{'CAMERA_1': [], 'CAMERA_2': [], 'CAMERA_3': ['sensor_size', 'settings', 'price', 'color']}",C_QUESTION_ABOUT_FEATURE,CAMERA_3,color,what colors does this one come in,S_ANSWERS_QUESTION_ABOUT_FEATURE,CAMERA_3,color,This one comes in black.,18~23
793,8,CAMERA_3,['CAMERA_3'],"{'CAMERA_1': [], 'CAMERA_2': [], 'CAMERA_3': ['sensor_size', 'settings', 'price', 'color', 'ISO']}",C_SILENT_OR_BACKCHANNEL,CAMERA_3,NONE,I see,S_INTRODUCES_FEATURE,CAMERA_3,ISO,This one has up to 6400 ISO with little noise.,13~45
793,9,NONE,['CAMERA_3'],"{'CAMERA_1': [], 'CAMERA_2': [], 'CAMERA_3': ['sensor_size', 'settings', 'price', 'color', 'ISO']}",C_THANK_YOU,CAMERA_3,NONE,thank you for your help,S_THANK_YOU,CAMERA_3,NONE,thank you very much,
793,10,NONE,['CAMERA_3'],"{'CAMERA_1': [], 'CAMERA_2': [], 'CAMERA_3': ['sensor_size', 'settings', 'price', 'color', 'ISO']}",C_LEAVES,DOOR,NONE,,S_RETURNS_TO_COUNTER,SERVICE_COUNTER,NONE,,
794,1,NONE,[],"{'CAMERA_1': [], 'CAMERA_2': [], 'CAMERA_3': []}",C_ENTERS,DOOR,NONE,,S_NONE,SERVICE_COUNTER,NONE,,
794,2,NONE,[],"{'CAMERA_1': [], 'CAMERA_2': [], 'CAMERA_3': []}",C_GREETS,MIDDLE,NONE,hello,S_GREETS,MIDDLE,NONE,can I help you?,
794,3,CAMERA_1,['CAMERA_1'],"{'CAMERA_1': [], 'CAMERA_2': [], 'CAMERA_3': []}",C_LOOKING_FOR_A_CAMERA,MIDDLE,NONE,I'm looking for a camera,S_INTRODUCES_CAMERA,CAMERA_1,,Let me show you this. Here we have the Nikon Coolpix S2800.,39~58
794,4,CAMERA_1,['CAMERA_1'],"{'CAMERA_1': ['color'], 'CAMERA_2': [], 'CAMERA_3': []}",C_QUESTION_ABOUT_FEATURE,CAMERA_1,color,what colors does this one come in,S_ANSWERS_QUESTION_ABOUT_FEATURE,CAMERA_1,color,"This one comes in purple, pink, black, silver, red.",18~50
794,5,CAMERA_2,"['CAMERA_1', 'CAMERA_2']","{'CAMERA_1': ['color'], 'CAMERA_2': [], 'CAMERA_3': []}",C_ANYTHING_ELSE_AVAILABLE,CAMERA_1,NONE,ok do you have any other cameras,S_INTRODUCES_CAMERA,CAMERA_2,,Let me show you this. Here we have the Sony Alpha a6000.,39~55
794,6,CAMERA_2,"['CAMERA_1', 'CAMERA_2']","{'CAMERA_1': ['color'], 'CAMERA_2': ['autofocus_points'], 'CAMERA_3': []}",C_QUESTION_ABOUT_FEATURE,CAMERA_2,autofocus_points,how many autofocus points does it have,S_ANSWERS_QUESTION_ABOUT_FEATURE,CAMERA_2,autofocus_points,This one has 179 autofocus points.,13~33
794,7,NONE,"['CAMERA_1', 'CAMERA_2']","{'CAMERA_1': ['color'], 'CAMERA_2': ['autofocus_points'], 'CAMERA_3': []}",C_THANK_YOU,CAMERA_2,NONE,thank you for your help,S_THANK_YOU,CAMERA_2,NONE,thank you very much,
794,8,NONE,"['CAMERA_1', 'CAMERA_2']","{'CAMERA_1': ['color'], 'CAMERA_2': ['autofocus_points'], 'CAMERA_3': []}",C_LEAVES,DOOR,NONE,,S_RETURNS_TO_COUNTER,SERVICE_COUNTER,NONE,,
795,1,NONE,[],"{'CAMERA_1': [], 'CAMERA_2': [], 'CAMERA_3': []}",C_ENTERS,DOOR,NONE,,S_NONE,SERVICE_COUNTER,NONE,,
795,2,NONE,[],"{'CAMERA_1': [], 'CAMERA_2': [], 'CAMERA_3': []}",C_GREETS,MIDDLE,NONE,hello,S_GREETS,MIDDLE,NONE,can I help you?,
795,3,CAMERA_2,['CAMERA_2'],"{'CAMERA_1': [], 'CAMERA_2': [], 'CAMERA_3': []}",C_LOOKING_FOR_A_CAMERA,MIDDLE,NONE,I'm looking for a camera,S_INTRODUCES_CAMERA,CAMERA_2,,Let me show you this. Here we have the Sony Alpha a6000.,39~55
795,4,CAMERA_2,['CAMERA_2'],"{'CAMERA_1': [], 'CAMERA_2': ['price'], 'CAMERA_3': []}",C_QUESTION_ABOUT_FEATURE,CAMERA_2,price,how much does it cost,S_ANSWERS_QUESTION_ABOUT_FEATURE,CAMERA_2,price,This one costs $1341.,15~20
795,5,CAMERA_1,"['CAMERA_2', 'CAMERA_1']","{'CAMERA_1': [], 'CAMERA_2': ['price'], 'CAMERA_3': []}",C_ANYTHING_ELSE_AVAILABLE,CAMERA_2,NONE,ok do you have any other cameras,S_INTRODUCES_CAMERA,CAMERA_1,,Let me show you this. Here we have the Nikon Coolpix S2800.,39~58
795,6,CAMERA_1,"['CAMERA_2', 'CAMERA_1']","{'CAMERA_1': ['price'], 'CAMERA_2': ['price'], 'CAMERA_3': []}",C_QUESTION_ABOUT_FEATURE,CAMERA_1,price,how much does it cost,S_ANSWERS_QUESTION_ABOUT_FEATURE,CAMERA_1,price,This one costs $2173.,15~20
795,7,NONE,"['CAMERA_2', 'CAMERA_1']","{'CAMERA_1': ['price'], 'CAMERA_2': ['price'], 'CAMERA_3': []}",C_THANK_YOU,CAMERA_1,NONE,thank you for your help,S_THANK_YOU,CAMERA_1,NONE,thank you very much,
795,8,NONE,"['CAMERA_2', 'CAMERA_1']","{'CAMERA_1': ['price'], 'CAMERA_2': ['price'], 'CAMERA_3': []}",C_LEAVES,DOOR,NONE,,S_RETURNS_TO_COUNTER,SERVICE_COUNTER,NONE,,
796,1,NONE,[],"{'CAMERA_1': [], 'CAMERA_2': [], 'CAMERA_3': []}",C_ENTERS,DOOR,NONE,,S_NONE,SERVICE_COUNTER,NONE,,
796,2,NONE,[],"{'CAMERA_1': [], 'CAMERA_2': [], 'CAMERA_3': []}",C_WALKS_TO_CAMERA,CAMERA_2,NONE,,S_GREETS,CAMERA_2,NONE,can I help you?,
796,3,CAMERA_1,['CAMERA_1'],"{'CAMERA_1': [], 'CAMERA_2': [], 'CAMERA_3': []}",C_LOOKING_FOR_A_CAMERA,CAMERA_2,NONE,I'm looking for a camera,S_INTRODUCES_CAMERA,CAMERA_1,,Let me show you this. Here we have the Nikon Coolpix S2800.,39~58
796,4,CAMERA_1,['CAMERA_1'],"{'CAMERA_1': ['preset_modes'], 'CAMERA_2': [], 'CAMERA_3': []}",C_QUESTION_ABOUT_FEATURE,CAMERA_1,preset_modes,does it have preset modes,S_ANSWERS_QUESTION_ABOUT_FEATURE,CAMERA_1,preset_modes,"This one has 18 preset modes (e.g. beach, snow, night portrait).",13~63
796,5,CAMERA_1,['CAMERA_1'],"{'CAMERA_1': ['preset_modes', 'camera_type'], 'CAMERA_2': [], 'CAMERA_3': []}",C_SILENT_OR_BACKCHANNEL,CAMERA_1,NONE,alright,S_INTRODUCES_FEATURE,CAMERA_1,camera_type,This is a point and shoot camera.,10~25
796,6,CAMERA_1,['CAMERA_1'],"{'CAMERA_1': ['preset_modes', 'camera_type', 'price'], 'CAMERA_2': [], 'CAMERA_3': []}",C_SILENT_OR_BACKCHANNEL,CAMERA_1,NONE,okay,S_INTRODUCES_FEATURE,CAMERA_1,price,This one costs $2173.,15~20
796,7,CAMERA_1,['CAMERA_1'],"{'CAMERA_1': ['preset_modes', 'camera_type', 'price', 'optical_zoom'], 'CAMERA_2': [], 'CAMERA_3': []}",C_SILENT_OR_BACKCHANNEL,CAMERA_1,NONE,okay,S_INTRODUCES_FEATURE,CAMERA_1,optical_zoom,This one has 5x optical zoom.,13~28
796,8,CAMERA_1,['CAMERA_1'],"{'CAMERA_1': ['preset_modes', 'camera_type', 'price', 'optical_zoom', 'color'], 'CAMERA_2': [], 'CAMERA_3': []}",C_SILENT_OR_BACKCHANNEL,CAMERA_1,NONE,okay,S_INTRODUCES_FEATURE,CAMERA_1,color,"This one comes in purple, pink, black, silver, red.",18~50
796,9,NONE,['CAMERA_1'],"{'CAMERA_1': ['preset_modes', 'camera_type', 'price', 'optical_zoom', 'color'], 'CAMERA_2': [], 'CAMERA_3': []}",C_THANK_YOU,CAMERA_1,NONE,thank you for your help,S_THANK_YOU,CAMERA_1,NONE,thank you very much,
796,10,NONE,['CAMERA_1'],"{'CAMERA_1': ['preset_modes', 'camera_type', 'price', 'optical_zoom', 'color'], 'CAMERA_2': [], 'CAMERA_3': []}",C_LEAVES,DOOR,NONE,,S_RETURNS_TO_COUNTER,SERVICE_COUNTER,NONE,,
797,1,NONE,[],"{'CAMERA_1': [], 'CAMERA_2': [], 'CAMERA_3': []}",C_ENTERS,DOOR,NONE,,S_NONE,SERVICE_COUNTER,NONE,,
797,2,NONE,[],"{'CAMERA_1': [], 'CAMERA_2': [], 'CAMERA_3': []}",C_WALKS_TO_CAMERA,CAMERA_3,NONE,,S_GREETS,CAMERA_3,NONE,can I help you?,
797,3,CAMERA_1,['CAMERA_1'],"{'CAMERA_1': [], 'CAMERA_2': [], 'CAMERA_3': []}",C_LOOKING_FOR_A_CAMERA,CAMERA_3,NONE,I'm looking for a camera,S_INTRODUCES_CAMERA,CAMERA_1,,Let me show you this. Here we have the Nikon Coolpix S2800.,39~58
797,4,CAMERA_1,['CAMERA_1'],"{'CAMERA_1': ['long_exposure'], 'CAMERA_2': [], 'CAMERA_3': []}",C_QUESTION_ABOUT_FEATURE,CAMERA_1,long_exposure,can it take long exposure shots,S_NOT_SURE,CAMERA_1,,I'm not really sure about that,
797,5,CAMERA_1,['CAMERA_1'],"{'CAMERA_1': ['long_exposure', 'effects'], 'CAMERA_2': [], 'CAMERA_3': []}",C_SILENT_OR_BACKCHANNEL,CAMERA_1,NONE,okay,S_INTRODUCES_FEATURE,CAMERA_1,effects,"This one has 12 glamor retouch effects (e.g. skin softening, small face, big eyes).",13~82
797,6,CAMERA_1,['CAMERA_1'],"{'CAMERA_1': ['long_exposure', 'effects', 'color'], 'CAMERA_2': [], 'CAMERA_3': []}",C_QUESTION_ABOUT_FEATURE,CAMERA_1,color,what colors does this one come in,S_ANSWERS_QUESTION_ABOUT_FEATURE,CAMERA_1,color,"This one comes in purple, pink, black, silver, red.",18~50
797,7,CAMERA_1,['CAMERA_1'],"{'CAMERA_1': ['long_exposure', 'effects', 'color', 'ISO'], 'CAMERA_2': [], 'CAMERA_3': []}",C_QUESTION_ABOUT_FEATURE,CAMERA_1,ISO,what is the ISO,S_NOT_SURE,CAMERA_1,,I'm not really sure about that,
797,8,CAMERA_1,['CAMERA_1'],"{'CAMERA_1': ['long_exposure', 'effects', 'color', 'ISO', 'settings'], 'CAMERA_2': [], 'CAMERA_3': []}",C_QUESTION_ABOUT_FEATURE,CAMERA_1,settings,what kind of settings does it have,S_ANSWERS_QUESTION_ABOUT_FEATURE,CAMERA_1,settings,This one has limited manual settings.,13~36
797,9,CAMERA_1,['CAMERA_1'],"{'CAMERA_1': ['long_exposure', 'effects', 'color', 'ISO', 'settings', 'resolution'], 'CAMERA_2': [], 'CAMERA_3': []}",C_QUESTION_ABOUT_FEATURE,CAMERA_1,resolution,what is the resolution,S_ANSWERS_QUESTION_ABOUT_FEATURE,CAMERA_1,resolution,This one has 20.1 megapixels resolution.,13~28
797,10,CAMERA_1,['CAMERA_1'],"{'CAMERA_1': ['long_exposure', 'effects', 'color', 'ISO', 'settings', 'resolution', 'price'], 'CAMERA_2': [], 'CAMERA_3': []}",C_SILENT_OR_BACKCHANNEL,CAMERA_1,NONE,okay,S_INTRODUCES_FEATURE,CAMERA_1,price,This one costs $2173.,15~20
797,11,CAMERA_1,['CAMERA_1'],"{'CAMERA_1': ['long_exposure', 'effects', 'color', 'ISO', 'settings', 'resolution', 'price', 'preset_modes'], 'CAMERA_2': [], 'CAMERA_3': []}",C_QUESTION_ABOUT_FEATURE,CAMERA_1,preset_modes,does it have preset modes,S_ANSWERS_QUESTION_ABOUT_FEATURE,CAMERA_1,preset_modes,"This one has 18 preset modes (e.g. beach, snow, night portrait).",13~63
797,12,CAMERA_1,['CAMERA_1'],"{'CAMERA_1': ['long_exposure', 'effects', 'color', 'ISO', 'settings', 'resolution', 'price', 'preset_modes', 'autofocus_points'], 'CAMERA_2': [], 'CAMERA_3': []}",C_QUESTION_ABOUT_FEATURE,CAMERA_1,autofocus_points,how many autofocus points does it have,S_NOT_SURE,CAMERA_1,,I'm not really sure about that,
797,13,CAMERA_1,['CAMERA_1'],"{'CAMERA_1': ['long_exposure', 'effects', 'color', 'ISO', 'settings', 'resolution', 'price', 'preset_modes', 'autofocus_points', 'optical_zoom'], 'CAMERA_2': [], 'CAMERA_3': []}",C_SILENT_OR_BACKCHANNEL,CAMERA_1,NONE,alright,S_INTRODUCES_FEATURE,CAMERA_1,optical_zoom,This one has 5x optical zoom.,13~28
797,14,CAMERA_1,['CAMERA_1'],"{'CAMERA_1': ['long_exposure', 'effects', 'color', 'ISO', 'settings', 'resolution', 'price', 'preset_modes', 'autofocus_points', 'optical_zoom', 'weight'], 'CAMERA_2': [], 'CAMERA_3': []}",C_SILENT_OR_BACKCHANNEL,CAMERA_1,NONE,alright,S_INTRODUCES_FEATURE,CAMERA_1,weight,This one weighs 120 grams.,16~25
797,15,CAMERA_1,['CAMERA_1'],"{'CAMERA_1': ['long_exposure', 'effects', 'color', 'ISO', 'settings', 'resolution', 'price', 'preset_modes', 'autofocus_points', 'optical_zoom', 'weight', 'sensor_size'], 'CAMERA_2': [], 'CAMERA_3': []}",C_QUESTION_ABOUT_FEATURE,CAMERA_1,sensor_size,what is the sensor size,S_NOT_SURE,CAMERA_1,,I'm not really sure about that,
797,16,CAMERA_1,['CAMERA_1'],"{'CAMERA_1': ['long_exposure', 'effects', 'color', 'ISO', 'settings', 'resolution', 'price', 'preset_modes', 'autofocus_points', 'optical_zoom', 'weight', 'sensor_size', 'camera_type'], 'CAMERA_2': [], 'CAMERA_3': []}",C_SILENT_OR_BACKCHANNEL,CAMERA_1,NONE,okay,S_INTRODUCES_FEATURE,CAMERA_1,camera_type,This is a point and shoot camera.,10~25
797,17,CAMERA_1,['CAMERA_1'],"{'CAMERA_1': ['long_exposure', 'effects', 'color', 'ISO', 'settings', 'resolution', 'price', 'preset_modes', 'autofocus_points', 'optical_zoom', 'weight', 'sensor_size', 'camera_type', 'color'], 'CAMERA_2': [], 'CAMERA_3': []}",C_SILENT_OR_BACKCHANNEL,CAMERA_1,NONE,alright,S_INTRODUCES_FEATURE,CAMERA_1,color,"This one comes in purple, pink, black, silver, red.",18~50
797,18,CAMERA_3,"['CAMERA_1', 'CAMERA_3']","{'CAMERA_1': ['long_exposure', 'effects', 'color', 'ISO', 'settings', 'resolution', 'price', 'preset_modes', 'autofocus_points', 'optical_zoom', 'weight', 'sensor_size', 'camera_type', 'color'], 'CAMERA_2': [], 'CAMERA_3': []}",C_ANYTHING_ELSE_AVAILABLE,CAMERA_1,NONE,ok do you have any other cameras,S_INTRODUCES_CAMERA,CAMERA_3,,Let me show you this. Here we have the Canon EOS 5D Mark III.,39~60
797,19,CAMERA_3,"['CAMERA_1', 'CAMERA_3']","{'CAMERA_1': ['long_exposure', 'effects', 'color', 'ISO', 'settings', 'resolution', 'price', 'preset_modes', 'autofocus_points', 'optical_zoom', 'weight', 'sensor_size', 'camera_type', 'color'], 'CAMERA_2': [], 'CAMERA_3': ['sensor_size']}",C_QUESTION_ABOUT_FEATURE,CAMERA_3,sensor_size,what is the sensor size,S_ANSWERS_QUESTION_ABOUT_FEATURE,CAMERA_3,sensor_size,This one has a full frame.,15~25
797,20,NONE,"['CAMERA_1', 'CAMERA_3']","{'CAMERA_1': ['long_exposure', 'effects', 'color', 'ISO', 'settings', 'resolution', 'price', 'preset_modes', 'autofocus_points', 'optical_zoom', 'weight', 'sensor_size', 'camera_type', 'color'], 'CAMERA_2': [], 'CAMERA_3': ['sensor_size']}",C_THANK_YOU,CAMERA_3,NONE,thank you for your help,S_THANK_YOU,CAMERA_3,NONE,thank you very much,
797,21,NONE,"['CAMERA_1', 'CAMERA_3']","{'CAMERA_1': ['long_exposure', 'effects', 'color', 'ISO', 'settings', 'resolution', 'price', 'preset_modes', 'autofocus_points', 'optical_zoom', 'weight', 'sensor_size', 'camera_type', 'color'], 'CAMERA_2': [], 'CAMERA_3': ['sensor_size']}",C_LEAVES,DOOR,NONE,,S_RETURNS_TO_COUNTER,SERVICE_COUNTER,NONE,,
798,1,NONE,[],"{'CAMERA_1': [], 'CAMERA_2': [], 'CAMERA_3': []}",C_ENTERS,DOOR,NONE,,S_NONE,SERVICE_COUNTER,NONE,,
798,2,NONE,[],"{'CAMERA_1': [], 'CAMERA_2': [], 'CAMERA_3': []}",C_WALKS_TO_CAMERA,CAMERA_2,NONE,,S_GREETS,CAMERA_2,NONE,can I help you?,
798,3,CAMERA_2,['CAMERA_2'],"{'CAMERA_1': [], 'CAMERA_2': [], 'CAMERA_3': []}",C_LOOKING_FOR_A_CAMERA,CAMERA_2,NONE,I'm looking for a camera,S_INTRODUCES_CAMERA,CAMERA_2,,Let me show you this. Here we have the Sony Alpha a6000.,39~55
798,4,CAMERA_2,['CAMERA_2'],"{'CAMERA_1': [], 'CAMERA_2': ['effects'], 'CAMERA_3': []}",C_QUESTION_ABOUT_FEATURE,CAMERA_2,effects,does it have any effect modes,S_ANSWERS_QUESTION_ABOUT_FEATURE,CAMERA_2,effects,"This one has 13 artistic effect modes (e.g. toy camera, soft focus).",13~67
798,5,CAMERA_2,['CAMERA_2'],"{'CAMERA_1': [], 'CAMERA_2': ['effects', 'optical_zoom'], 'CAMERA_3': []}",C_QUESTION_ABOUT_FEATURE,CAMERA_2,optical_zoom,does it have optical zoom,S_NOT_SURE,CAMERA_2,,I'm not really sure about that,
798,6,CAMERA_2,['CAMERA_2'],"{'CAMERA_1': [], 'CAMERA_2': ['effects', 'optical_zoom', 'camera_type'], 'CAMERA_3': []}",C_SILENT_OR_BACKCHANNEL,CAMERA_2,NONE,I see,S_INTRODUCES_FEATURE,CAMERA_2,camera_type,This is a mirrorless camera.,10~20
798,7,CAMERA_2,['CAMERA_2'],"{'CAMERA_1': [], 'CAMERA_2': ['effects', 'optical_zoom', 'camera_type', 'color'], 'CAMERA_3': []}",C_SILENT_OR_BACKCHANNEL,CAMERA_2,NONE,alright,S_INTRODUCES_FEATURE,CAMERA_2,color,"This one comes in white, silver, black.",18~38
798,8,CAMERA_2,['CAMERA_2'],"{'CAMERA_1': [], 'CAMERA_2': ['effects', 'optical_zoom', 'camera_type', 'color', 'sensor_size'], 'CAMERA_3': []}",C_QUESTION_ABOUT_FEATURE,CAMERA_2,sensor_size,what is the sensor size,S_ANSWERS_QUESTION_ABOUT_FEATURE,CAMERA_2,sensor_size,This one has a APS-C sensor (crop sensor).,15~41
798,9,CAMERA_2,['CAMERA_2'],"{'CAMERA_1': [], 'CAMERA_2': ['effects', 'optical_zoom', 'camera_type', 'color', 'sensor_size', 'weight'], 'CAMERA_3': []}",C_SILENT_OR_BACKCHANNEL,CAMERA_2,NONE,alright,S_INTRODUCES_FEATURE,CAMERA_2,weight,This one weighs 470 grams.,16~25
798,10,CAMERA_1,"['CAMERA_2', 'CAMERA_1']","{'CAMERA_1': [], 'CAMERA_2': ['effects', 'optical_zoom', 'camera_type', 'color', 'sensor_size', 'weight'], 'CAMERA_3': []}",C_ANYTHING_ELSE_AVAILABLE,CAMERA_2,NONE,ok do you have any other cameras,S_INTRODUCES_CAMERA,CAMERA_1,,Let me show you this. Here we have the Nikon Coolpix S2800.,39~58
798,11,CAMERA_1,"['CAMERA_2', 'CAMERA_1']","{'CAMERA_1': ['effects'], 'CAMERA_2': ['effects', 'optical_zoom', 'camera_type', 'color', 'sensor_size', 'weight'], 'CAMERA_3': []}",C_SILENT_OR_BACKCHANNEL,CAMERA_1,NONE,okay,S_INTRODUCES_FEATURE,CAMERA_1,effects,"This one has 12 glamor retouch effects (e.g. skin softening, small face, big eyes).",13~82
798,12,CAMERA_1,"['CAMERA_2', 'CAMERA_1']","{'CAMERA_1': ['effects', 'preset_modes'], 'CAMERA_2': ['effects', 'optical_zoom', 'camera_type', 'color', 'sensor_size', 'weight'], 'CAMERA_3': []}",C_SILENT_OR_BACKCHANNEL,CAMERA_1,NONE,I see,S_INTRODUCES_FEATURE,CAMERA_1,preset_modes,"This one has 18 preset modes (e.g. beach, snow, night portrait).",13~63
798,13,CAMERA_1,"['CAMERA_2', 'CAMERA_1']","{'CAMERA_1': ['effects', 'preset_modes', 'weight'], 'CAMERA_2': ['effects', 'optical_zoom', 'camera_type', 'color', 'sensor_size', 'weight'], 'CAMERA_3': []}",C_SILENT_OR_BACKCHANNEL,CAMERA_1,NONE,I see,S_INTRODUCES_FEATURE,CAMERA_1,weight,This one weighs 120 grams.,16~25
798,14,CAMERA_1,"['CAMERA_2', 'CAMERA_1']","{'CAMERA_1': ['effects', 'preset_modes', 'weight', 'optical_zoom'], 'CAMERA_2': ['effects', 'optical_zoom', 'camera_type', 'color', 'sensor_size', 'weight'], 'CAMERA_3': []}",C_SILENT_OR_BACKCHANNEL,CAMERA_1,NONE,okay,S_INTRODUCES_FEATURE,CAMERA_1,optical_zoom,This one has 5x optical zoom.,13~28
798,15,CAMERA_1,"['CAMERA_2', 'CAMERA_1']","{'CAMERA_1': ['effects', 'preset_modes', 'weight', 'optical_zoom', 'long_exposure'], 'CAMERA_2': ['effects', 'optical_zoom', 'camera_type', 'color', 'sensor_size', 'weight'], 'CAMERA_3': []}",C_QUESTION_ABOUT_FEATURE,CAMERA_1,long_exposure,can it take long exposure shots,S_NOT_SURE,CAMERA_1,,I'm not really sure about that,
798,16,NONE,"['CAMERA_2', 'CAMERA_1']","{'CAMERA_1': ['effects', 'preset_modes', 'weight', 'optical_zoom', 'long_exposure'], 'CAMERA_2': ['effects', 'optical_zoom', 'camera_type', 'color', 'sensor_size', 'weight'], 'CAMERA_3': []}",C_THANK_YOU,CAMERA_1,NONE,thank you for your help,S_THANK_YOU,CAMERA_1,NONE,thank you very much,
798,17,NONE,"['CAMERA_2', 'CAMERA_1']","{'CAMERA_1': ['effects', 'preset_modes', 'weight', 'optical_zoom', 'long_exposure'], 'CAMERA_2': ['effects', 'optical_zoom', 'camera_type', 'color', 'sensor_size', 'weight'], 'CAMERA_3': []}",C_LEAVES,DOOR,NONE,,S_RETURNS_TO_COUNTER,SERVICE_COUNTER,NONE,,
799,1,NONE,[],"{'CAMERA_1': [], 'CAMERA_2': [], 'CAMERA_3': []}",C_ENTERS,DOOR,NONE,,S_NONE,SERVICE_COUNTER,NONE,,
799,2,NONE,[],"{'CAMERA_1': [], 'CAMERA_2': [], 'CAMERA_3': []}",C_GREETS,MIDDLE,NONE,hello,S_GREETS,MIDDLE,NONE,can I help you?,
799,3,CAMERA_1,['CAMERA_1'],"{'CAMERA_1': [], 'CAMERA_2': [], 'CAMERA_3': []}",C_LOOKING_FOR_A_CAMERA,MIDDLE,NONE,I'm looking for a camera,S_INTRODUCES_CAMERA,CAMERA_1,,Let me show you this. Here we have the Nikon Coolpix S2800.,39~58
799,4,CAMERA_1,['CAMERA_1'],"{'CAMERA_1': ['camera_type'], 'CAMERA_2': [], 'CAMERA_3': []}",C_SILENT_OR_BACKCHANNEL,CAMERA_1,NONE,okay,S_INTRODUCES_FEATURE,CAMERA_1,camera_type,This is a point and shoot camera.,10~25
799,5,CAMERA_1,['CAMERA_1'],"{'CAMERA_1': ['camera_type', 'color'], 'CAMERA_2': [], 'CAMERA_3': []}",C_SILENT_OR_BACKCHANNEL,CAMERA_1,NONE,okay,S_INTRODUCES_FEATURE,CAMERA_1,color,"This one comes in purple, pink, black, silver, red.",18~50
799,6,CAMERA_1,['CAMERA_1'],"{'CAMERA_1': ['camera_type', 'color', 'autofocus_points'], 'CAMERA_2': [], 'CAMERA_3': []}",C_QUESTION_ABOUT_FEATURE,CAMERA_1,autofocus_points,how many autofocus points does it have,S_NOT_SURE,CAMERA_1,,I'm not really sure about that,
799,7,CAMERA_1,['CAMERA_1'],"{'CAMERA_1': ['camera_type', 'color', 'autofocus_points', 'settings'], 'CAMERA_2': [], 'CAMERA_3': []}",C_QUESTION_ABOUT_FEATURE,CAMERA_1,settings,what kind of settings does it have,S_ANSWERS_QUESTION_ABOUT_FEATURE,CAMERA_1,settings,This one has limited manual settings.,13~36
799,8,CAMERA_2,"['CAMERA_1', 'CAMERA_2']","{'CAMERA_1': ['camera_type', 'color', 'autofocus_points', 'settings'], 'CAMERA_2': [], 'CAMERA_3': []}",C_ANYTHING_ELSE_AVAILABLE,CAMERA_1,NONE,ok do you have any other cameras,S_INTRODUCES_CAMERA,CAMERA_2,,Let me show you this. Here we have the Sony Alpha a6000.,39~55
799,9,CAMERA_2,"['CAMERA_1', 'CAMERA_2']","{'CAMERA_1': ['camera_type', 'color', 'autofocus_points', 'settings'], 'CAMERA_2': ['long_exposure'], 'CAMERA_3': []}",C_SILENT_OR_BACKCHANNEL,CAMERA_2,NONE,alright,S_INTRODUCES_FEATURE,CAMERA_2,long_exposure,This one can take long exposures up to up to 30 seconds.,39~55
799,10,NONE,"['CAMERA_1', 'CAMERA_2']","{'CAMERA_1': ['camera_type', 'color', 'autofocus_points', 'settings'], 'CAMERA_2': ['long_exposure'], 'CAMERA_3': []}",C_THANK_YOU,CAMERA_2,NONE,thank you for your help,S_THANK_YOU,CAMERA_2,NONE,thank you very much,
799,11,NONE,"['CAMERA_1', 'CAMERA_2']","{'CAMERA_1': ['camera_type', 'color', 'autofocus_points', 'settings'], 'CAMERA_2': ['long_exposure'], 'CAMERA_3': []}",C_LEAVES,DOOR,NONE,,S_RETURNS_TO_COUNTER,SERVICE_COUNTER,NONE,,
800,1,NONE,[],"{'CAMERA_1': [], 'CAMERA_2': [], 'CAMERA_3': []}",C_ENTERS,DOOR,NONE,,S_NONE,SERVICE_COUNTER,NONE,,
800,2,NONE,[],"{'CAMERA_1': [], 'CAMERA_2': [], 'CAMERA_3': []}",C_GREETS,MIDDLE,NONE,hello,S_GREETS,MIDDLE,NONE,can I help you?,
800,3,CAMERA_1,['CAMERA_1'],"{'CAMERA_1': [], 'CAMERA_2': [], 'CAMERA_3': []}",C_LOOKING_FOR_A_CAMERA,MIDDLE,NONE,I'm looking for a camera,S_INTRODUCES_CAMERA,CAMERA_1,,Let me show you this. Here we have the Nikon Coolpix S2800.,39~58
800,4,CAMERA_1,['CAMERA_1'],"{'CAMERA_1': ['weight'], 'CAMERA_2': [], 'CAMERA_3': []}",C_SILENT_OR_BACKCHANNEL,CAMERA_1,NONE,I see,S_INTRODUCES_FEATURE,CAMERA_1,weight,This one weighs 120 grams.,16~25
800,5,NONE,['CAMERA_1'],"{'CAMERA_1': ['weight'], 'CAMERA_2': [], 'CAMERA_3': []}",C_THANK_YOU,CAMERA_1,NONE,thank you for your help,S_THANK_YOU,CAMERA_1,NONE,thank you very much,
800,6,NONE,['CAMERA_1'],"{'CAMERA_1': ['weight'], 'CAMERA_2': [], 'CAMERA_3': []}",C_LEAVES,DOOR,NONE,,S_RETURNS_TO_COUNTER,SERVICE_COUNTER,NONE,,
801,1,NONE,[],"{'CAMERA_1': [], 'CAMERA_2': [], 'CAMERA_3': []}",C_ENTERS,DOOR,NONE,,S_NONE,SERVICE_COUNTER,NONE,,
801,2,NONE,[],"{'CAMERA_1': [], 'CAMERA_2': [], 'CAMERA_3': []}",C_GREETS,MIDDLE,NONE,hello,S_GREETS,MIDDLE,NONE,can I help you?,
801,3,CAMERA_1,['CAMERA_1'],"{'CAMERA_1': [], 'CAMERA_2': [], 'CAMERA_3': []}",C_LOOKING_FOR_A_CAMERA,MIDDLE,NONE,I'm looking for a camera,S_INTRODUCES_CAMERA,CAMERA_1,,Let me show you this. Here we have the Nikon Coolpix S2800.,39~58
801,4,CAMERA_1,['CAMERA_1'],"{'CAMERA_1': ['resolution'], 'CAMERA_2': [], 'CAMERA_3': []}",C_QUESTION_ABOUT_FEATURE,CAMERA_1,resolution,what is the resolution,S_ANSWERS_QUESTION_ABOUT_FEATURE,CAMERA_1,resolution,This one has 20.1 megapixels resolution.,13~28
801,5,CAMERA_1,['CAMERA_1'],"{'CAMERA_1': ['resolution', 'ISO'], 'CAMERA_2': [], 'CAMERA_3': []}",C_QUESTION_ABOUT_FEATURE,CAMERA_1,ISO,what is the ISO,S_NOT_SURE,CAMERA_1,,I'm not really sure about that,
801,6,CAMERA_1,['CAMERA_1'],"{'CAMERA_1': ['resolution', 'ISO', 'color'], 'CAMERA_2': [], 'CAMERA_3': []}",C_QUESTION_ABOUT_FEATURE,CAMERA_1,color,what colors does this one come in,S_ANSWERS_QUESTION_ABOUT_FEATURE,CAMERA_1,color,"This one comes in purple, pink, black, silver, red.",18~50
801,7,CAMERA_1,['CAMERA_1'],"{'CAMERA_1': ['resolution', 'ISO', 'color', 'preset_modes'], 'CAMERA_2': [], 'CAMERA_3': []}",C_QUESTION_ABOUT_FEATURE,CAMERA_1,preset_modes,does it have preset modes,S_ANSWERS_QUESTION_ABOUT_FEATURE,CAMERA_1,preset_modes,"This one has 18 preset modes (e.g. beach, snow, night portrait).",13~63
801,8,CAMERA_1,['CAMERA_1'],"{'CAMERA_1': ['resolution', 'ISO', 'color', 'preset_modes', 'optical_zoom'], 'CAMERA_2': [], 'CAMERA_3': []}",C_QUESTION_ABOUT_FEATURE,CAMERA_1,optical_zoom,does it have optical zoom,S_ANSWERS_QUESTION_ABOUT_FEATURE,CAMERA_1,optical_zoom,This one has 5x optical zoom.,13~28
801,9,CAMERA_1,['CAMERA_1'],"{'CAMERA_1': ['resolution', 'ISO', 'color', 'preset_modes', 'optical_zoom', 'long_exposure'], 'CAMERA_2': [], 'CAMERA_3': []}",C_QUESTION_ABOUT_FEATURE,CAMERA_1,long_exposure,can it take long exposure shots,S_NOT_SURE,CAMERA_1,,I'm not really sure about that,
801,10,CAMERA_1,['CAMERA_1'],"{'CAMERA_1': ['resolution', 'ISO', 'color', 'preset_modes', 'optical_zoom', 'long_exposure', 'sensor_size'], 'CAMERA_2': [], 'CAMERA_3': []}",C_QUESTION_ABOUT_FEATURE,CAMERA_1,sensor_size,what is the sensor size,S_NOT_SURE,CAMERA_1,,I'm not really sure about that,
801,11,NONE,['CAMERA_1'],"{'CAMERA_1': ['resolution', 'ISO', 'color', 'preset_modes', 'optical_zoom', 'long_exposure', 'sensor_size'], 'CAMERA_2': [], 'CAMERA_3': []}",C_THANK_YOU,CAMERA_1,NONE,thank you for your help,S_THANK_YOU,CAMERA_1,NONE,thank you very much,
801,12,NONE,['CAMERA_1'],"{'CAMERA_1': ['resolution', 'ISO', 'color', 'preset_modes', 'optical_zoom', 'long_exposure', 'sensor_size'], 'CAMERA_2': [], 'CAMERA_3': []}",C_LEAVES,DOOR,NONE,,S_RETURNS_TO_COUNTER,SERVICE_COUNTER,NONE,,
802,1,NONE,[],"{'CAMERA_1': [], 'CAMERA_2': [], 'CAMERA_3': []}",C_ENTERS,DOOR,NONE,,S_NONE,SERVICE_COUNTER,NONE,,
802,2,NONE,[],"{'CAMERA_1': [], 'CAMERA_2': [], 'CAMERA_3': []}",C_GREETS,MIDDLE,NONE,hello,S_GREETS,MIDDLE,NONE,can I help you?,
802,3,CAMERA_1,['CAMERA_1'],"{'CAMERA_1': [], 'CAMERA_2': [], 'CAMERA_3': []}",C_LOOKING_FOR_A_CAMERA,MIDDLE,NONE,I'm looking for a camera,S_INTRODUCES_CAMERA,CAMERA_1,,Let me show you this. Here we have the Nikon Coolpix S2800.,39~58
802,4,CAMERA_1,['CAMERA_1'],"{'CAMERA_1': ['optical_zoom'], 'CAMERA_2': [], 'CAMERA_3': []}",C_QUESTION_ABOUT_FEATURE,CAMERA_1,optical_zoom,does it have optical zoom,S_ANSWERS_QUESTION_ABOUT_FEATURE,CAMERA_1,optical_zoom,This one has 5x optical zoom.,13~28
802,5,CAMERA_1,['CAMERA_1'],"{'CAMERA_1': ['optical_zoom', 'settings'], 'CAMERA_2': [], 'CAMERA_3': []}",C_QUESTION_ABOUT_FEATURE,CAMERA_1,settings,what kind of settings does it have,S_ANSWERS_QUESTION_ABOUT_FEATURE,CAMERA_1,settings,This one has limited manual settings.,13~36
802,6,CAMERA_1,['CAMERA_1'],"{'CAMERA_1': ['optical_zoom', 'settings', 'price'], 'CAMERA_2': [], 'CAMERA_3': []}",C_QUESTION_ABOUT_FEATURE,CAMERA_1,price,how much does it cost,S_ANSWERS_QUESTION_ABOUT_FEATURE,CAMERA_1,price,This one costs $2173.,15~20
802,7,NONE,['CAMERA_1'],"{'CAMERA_1': ['optical_zoom', 'settings', 'price'], 'CAMERA_2': [], 'CAMERA_3': []}",C_THANK_YOU,CAMERA_1,NONE,thank you for your help,S_THANK_YOU,CAMERA_1,NONE,thank you very much,
802,8,NONE,['CAMERA_1'],"{'CAMERA_1': ['optical_zoom', 'settings', 'price'], 'CAMERA_2': [], 'CAMERA_3': []}",C_LEAVES,DOOR,NONE,,S_RETURNS_TO_COUNTER,SERVICE_COUNTER,NONE,,
803,1,NONE,[],"{'CAMERA_1': [], 'CAMERA_2': [], 'CAMERA_3': []}",C_ENTERS,DOOR,NONE,,S_NONE,SERVICE_COUNTER,NONE,,
803,2,NONE,[],"{'CAMERA_1': [], 'CAMERA_2': [], 'CAMERA_3': []}",C_GREETS,MIDDLE,NONE,hello,S_GREETS,MIDDLE,NONE,can I help you?,
803,3,CAMERA_1,['CAMERA_1'],"{'CAMERA_1': [], 'CAMERA_2': [], 'CAMERA_3': []}",C_LOOKING_FOR_A_CAMERA,MIDDLE,NONE,I'm looking for a camera,S_INTRODUCES_CAMERA,CAMERA_1,,Let me show you this. Here we have the Nikon Coolpix S2800.,39~58
803,4,CAMERA_1,['CAMERA_1'],"{'CAMERA_1': ['resolution'], 'CAMERA_2': [], 'CAMERA_3': []}",C_QUESTION_ABOUT_FEATURE,CAMERA_1,resolution,what is the resolution,S_ANSWERS_QUESTION_ABOUT_FEATURE,CAMERA_1,resolution,This one has 20.1 megapixels resolution.,13~28
803,5,CAMERA_1,['CAMERA_1'],"{'CAMERA_1': ['resolution', 'long_exposure'], 'CAMERA_2': [], 'CAMERA_3': []}",C_QUESTION_ABOUT_FEATURE,CAMERA_1,long_exposure,can it take long exposure shots,S_NOT_SURE,CAMERA_1,,I'm not really sure about that,
803,6,CAMERA_1,['CAMERA_1'],"{'CAMERA_1': ['resolution', 'long_exposure', 'optical_zoom'], 'CAMERA_2': [], 'CAMERA_3': []}",C_SILENT_OR_BACKCHANNEL,CAMERA_1,NONE,I see,S_INTRODUCES_FEATURE,CAMERA_1,optical_zoom,This one has 5x optical zoom.,13~28
803,7,CAMERA_1,['CAMERA_1'],"{'CAMERA_1': ['resolution', 'long_exposure', 'optical_zoom', 'preset_modes'], 'CAMERA_2': [], 'CAMERA_3': []}",C_SILENT_OR_BACKCHANNEL,CAMERA_1,NONE,okay,S_INTRODUCES_FEATURE,CAMERA_1,preset_modes,"This one has 18 preset modes (e.g. beach, snow, night portrait).",13~63
803,8,CAMERA_1,['CAMERA_1'],"{'CAMERA_1': ['resolution', 'long_exposure', 'optical_zoom', 'preset_modes', 'camera_type'], 'CAMERA_2': [], 'CAMERA_3': []}",C_SILENT_OR_BACKCHANNEL,CAMERA_1,NONE,I see,S_INTRODUCES_FEATURE,CAMERA_1,camera_type,This is a point and shoot camera.,10~25
803,9,CAMERA_1,['CAMERA_1'],"{'CAMERA_1': ['resolution', 'long_exposure', 'optical_zoom', 'preset_modes', 'camera_type', 'settings'], 'CAMERA_2': [], 'CAMERA_3': []}",C_SILENT_OR_BACKCHANNEL,CAMERA_1,NONE,okay,S_INTRODUCES_FEATURE,CAMERA_1,settings,This one has limited manual settings.,13~36
803,10,CAMERA_1,['CAMERA_1'],"{'CAMERA_1': ['resolution', 'long_exposure', 'optical_zoom', 'preset_modes', 'camera_type', 'settings', 'weight'], 'CAMERA_2': [], 'CAMERA_3': []}",C_SILENT_OR_BACKCHANNEL,CAMERA_1,NONE,I see,S_INTRODUCES_FEATURE,CAMERA_1,weight,This one weighs 120 grams.,16~25
803,11,CAMERA_1,['CAMERA_1'],"{'CAMERA_1': ['resolution', 'long_exposure', 'optical_zoom', 'preset_modes', 'camera_type', 'settings', 'weight', 'color'], 'CAMERA_2': [], 'CAMERA_3': []}",C_SILENT_OR_BACKCHANNEL,CAMERA_1,NONE,okay,S_INTRODUCES_FEATURE,CAMERA_1,color,"This one comes in purple, pink, black, silver, red.",18~50
803,12,CAMERA_1,['CAMERA_1'],"{'CAMERA_1': ['resolution', 'long_exposure', 'optical_zoom', 'preset_modes', 'camera_type', 'settings', 'weight', 'color', 'price'], 'CAMERA_2': [], 'CAMERA_3': []}",C_SILENT_OR_BACKCHANNEL,CAMERA_1,NONE,I see,S_INTRODUCES_FEATURE,CAMERA_1,price,This one costs $2173.,15~20
803,13,CAMERA_1,['CAMERA_1'],"{'CAMERA_1': ['resolution', 'long_exposure', 'optical_zoom', 'preset_modes', 'camera_type', 'settings', 'weight', 'color', 'price', 'sensor_size'], 'CAMERA_2': [], 'CAMERA_3': []}",C_QUESTION_ABOUT_FEATURE,CAMERA_1,sensor_size,what is the sensor size,S_NOT_SURE,CAMERA_1,,I'm not really sure about that,
803,14,CAMERA_1,['CAMERA_1'],"{'CAMERA_1': ['resolution', 'long_exposure', 'optical_zoom', 'preset_modes', 'camera_type', 'settings', 'weight', 'color', 'price', 'sensor_size', 'effects'], 'CAMERA_2': [], 'CAMERA_3': []}",C_SILENT_OR_BACKCHANNEL,CAMERA_1,NONE,alright,S_INTRODUCES_FEATURE,CAMERA_1,effects,"This one has 12 glamor retouch effects (e.g. skin softening, small face, big eyes).",13~82
803,15,CAMERA_3,"['CAMERA_1', 'CAMERA_3']","{'CAMERA_1': ['resolution', 'long_exposure', 'optical_zoom', 'preset_modes', 'camera_type', 'settings', 'weight', 'color', 'price', 'sensor_size', 'effects'], 'CAMERA_2': [], 'CAMERA_3': []}",C_ANYTHING_ELSE_AVAILABLE,CAMERA_1,NONE,ok do you have any other cameras,S_INTRODUCES_CAMERA,CAMERA_3,,Let me show you this. Here we have the Canon EOS 5D Mark III.,39~60
803,16,CAMERA_3,"['CAMERA_1', 'CAMERA_3']","{'CAMERA_1': ['resolution', 'long_exposure', 'optical_zoom', 'preset_modes', 'camera_type', 'settings', 'weight', 'color', 'price', 'sensor_size', 'effects'], 'CAMERA_2': [], 'CAMERA_3': ['autofocus_points']}",C_QUESTION_ABOUT_FEATURE,CAMERA_3,autofocus_points,how many autofocus points does it have,S_ANSWERS_QUESTION_ABOUT_FEATURE,CAMERA_3,autofocus_points,This one has 61 autofocus points.,13~32
803,17,CAMERA_3,"['CAMERA_1', 'CAMERA_3']","{'CAMERA_1': ['resolution', 'long_exposure', 'optical_zoom', 'preset_modes', 'camera_type', 'settings', 'weight', 'color', 'price', 'sensor_size', 'effects'], 'CAMERA_2': [], 'CAMERA_3': ['autofocus_points', 'optical_zoom']}",C_QUESTION_ABOUT_FEATURE,CAMERA_3,optical_zoom,does it have optical zoom,S_NOT_SURE,CAMERA_3,,I'm not really sure about that,
803,18,CAMERA_2,"['CAMERA_1', 'CAMERA_3', 'CAMERA_2']","{'CAMERA_1': ['resolution', 'long_exposure', 'optical_zoom', 'preset_modes', 'camera_type', 'settings', 'weight', 'color', 'price', 'sensor_size', 'effects'], 'CAMERA_2': [], 'CAMERA_3': ['autofocus_points', 'optical_zoom']}",C_ANYTHING_ELSE_AVAILABLE,CAMERA_3,NONE,ok do you have any other cameras,S_INTRODUCES_CAMERA,CAMERA_2,,Let me show you this. Here we have the Sony Alpha a6000.,39~55
803,19,CAMERA_2,"['CAMERA_1', 'CAMERA_3', 'CAMERA_2']","{'CAMERA_1': ['resolution', 'long_exposure', 'optical_zoom', 'preset_modes', 'camera_type', 'settings', 'weight', 'color', 'price', 'sensor_size', 'effects'], 'CAMERA_2': ['optical_zoom'], 'CAMERA_3': ['autofocus_points', 'optical_zoom']}",C_QUESTION_ABOUT_FEATURE,CAMERA_2,optical_zoom,does it have optical zoom,S_NOT_SURE,CAMERA_2,,I'm not really sure about that,
803,20,CAMERA_2,"['CAMERA_1', 'CAMERA_3', 'CAMERA_2']","{'CAMERA_1': ['resolution', 'long_exposure', 'optical_zoom', 'preset_modes', 'camera_type', 'settings', 'weight', 'color', 'price', 'sensor_size', 'effects'], 'CAMERA_2': ['optical_zoom', 'ISO'], 'CAMERA_3': ['autofocus_points', 'optical_zoom']}",C_SILENT_OR_BACKCHANNEL,CAMERA_2,NONE,I see,S_INTRODUCES_FEATURE,CAMERA_2,ISO,This one has up to 3200 ISO with little noise.,13~45
803,21,CAMERA_2,"['CAMERA_1', 'CAMERA_3', 'CAMERA_2']","{'CAMERA_1': ['resolution', 'long_exposure', 'optical_zoom', 'preset_modes', 'camera_type', 'settings', 'weight', 'color', 'price', 'sensor_size', 'effects'], 'CAMERA_2': ['optical_zoom', 'ISO', 'autofocus_points'], 'CAMERA_3': ['autofocus_points', 'optical_zoom']}",C_SILENT_OR_BACKCHANNEL,CAMERA_2,NONE,okay,S_INTRODUCES_FEATURE,CAMERA_2,autofocus_points,This one has 179 autofocus points.,13~33
803,22,CAMERA_2,"['CAMERA_1', 'CAMERA_3', 'CAMERA_2']","{'CAMERA_1': ['resolution', 'long_exposure', 'optical_zoom', 'preset_modes', 'camera_type', 'settings', 'weight', 'color', 'price', 'sensor_size', 'effects'], 'CAMERA_2': ['optical_zoom', 'ISO', 'autofocus_points', 'long_exposure'], 'CAMERA_3': ['autofocus_points', 'optical_zoom']}",C_QUESTION_ABOUT_FEATURE,CAMERA_2,long_exposure,can it take long exposure shots,S_ANSWERS_QUESTION_ABOUT_FEATURE,CAMERA_2,long_exposure,This one can take long exposures up to up to 30 seconds.,39~55
803,23,,"['CAMERA_1', 'CAMERA_3', 'CAMERA_2']","{'CAMERA_1': ['resolution', 'long_exposure', 'optical_zoom', 'preset_modes', 'camera_type', 'settings', 'weight', 'color', 'price', 'sensor_size', 'effects'], 'CAMERA_2': ['optical_zoom', 'ISO', 'autofocus_points', 'long_exposure'], 'CAMERA_3': ['autofocus_points', 'optical_zoom']}",C_ANYTHING_ELSE_AVAILABLE,CAMERA_2,NONE,ok do you have any other cameras,S_THATS_ALL_WE_HAVE_AVAILABLE,CAMERA_2,,That’s all we have available at the moment.,
803,24,NONE,"['CAMERA_1', 'CAMERA_3', 'CAMERA_2']","{'CAMERA_1': ['resolution', 'long_exposure', 'optical_zoom', 'preset_modes', 'camera_type', 'settings', 'weight', 'color', 'price', 'sensor_size', 'effects'], 'CAMERA_2': ['optical_zoom', 'ISO', 'autofocus_points', 'long_exposure'], 'CAMERA_3': ['autofocus_points', 'optical_zoom']}",C_THANK_YOU,CAMERA_2,NONE,thank you for your help,S_THANK_YOU,CAMERA_2,NONE,thank you very much,
803,25,NONE,"['CAMERA_1', 'CAMERA_3', 'CAMERA_2']","{'CAMERA_1': ['resolution', 'long_exposure', 'optical_zoom', 'preset_modes', 'camera_type', 'settings', 'weight', 'color', 'price', 'sensor_size', 'effects'], 'CAMERA_2': ['optical_zoom', 'ISO', 'autofocus_points', 'long_exposure'], 'CAMERA_3': ['autofocus_points', 'optical_zoom']}",C_LEAVES,DOOR,NONE,,S_RETURNS_TO_COUNTER,SERVICE_COUNTER,NONE,,
804,1,NONE,[],"{'CAMERA_1': [], 'CAMERA_2': [], 'CAMERA_3': []}",C_ENTERS,DOOR,NONE,,S_NONE,SERVICE_COUNTER,NONE,,
804,2,NONE,[],"{'CAMERA_1': [], 'CAMERA_2': [], 'CAMERA_3': []}",C_WALKS_TO_CAMERA,CAMERA_1,NONE,,S_NONE,SERVICE_COUNTER,NONE,,
804,3,NONE,[],"{'CAMERA_1': [], 'CAMERA_2': [], 'CAMERA_3': []}",C_EXAMINES_CAMERA,CAMERA_1,NONE,,S_GREETS,CAMERA_1,NONE,can I help you?,
804,4,CAMERA_2,['CAMERA_2'],"{'CAMERA_1': [], 'CAMERA_2': [], 'CAMERA_3': []}",C_LOOKING_FOR_A_CAMERA,CAMERA_1,NONE,I'm looking for a camera,S_INTRODUCES_CAMERA,CAMERA_2,,Let me show you this. Here we have the Sony Alpha a6000.,39~55
804,5,CAMERA_2,['CAMERA_2'],"{'CAMERA_1': [], 'CAMERA_2': ['weight'], 'CAMERA_3': []}",C_SILENT_OR_BACKCHANNEL,CAMERA_2,NONE,I see,S_INTRODUCES_FEATURE,CAMERA_2,weight,This one weighs 470 grams.,16~25
804,6,NONE,['CAMERA_2'],"{'CAMERA_1': [], 'CAMERA_2': ['weight'], 'CAMERA_3': []}",C_THANK_YOU,CAMERA_2,NONE,thank you for your help,S_THANK_YOU,CAMERA_2,NONE,thank you very much,
804,7,NONE,['CAMERA_2'],"{'CAMERA_1': [], 'CAMERA_2': ['weight'], 'CAMERA_3': []}",C_LEAVES,DOOR,NONE,,S_RETURNS_TO_COUNTER,SERVICE_COUNTER,NONE,,
805,1,NONE,[],"{'CAMERA_1': [], 'CAMERA_2': [], 'CAMERA_3': []}",C_ENTERS,DOOR,NONE,,S_NONE,SERVICE_COUNTER,NONE,,
805,2,NONE,[],"{'CAMERA_1': [], 'CAMERA_2': [], 'CAMERA_3': []}",C_GREETS,MIDDLE,NONE,hello,S_GREETS,MIDDLE,NONE,can I help you?,
805,3,CAMERA_1,['CAMERA_1'],"{'CAMERA_1': [], 'CAMERA_2': [], 'CAMERA_3': []}",C_LOOKING_FOR_A_CAMERA,MIDDLE,NONE,I'm looking for a camera,S_INTRODUCES_CAMERA,CAMERA_1,,Let me show you this. Here we have the Nikon Coolpix S2800.,39~58
805,4,CAMERA_1,['CAMERA_1'],"{'CAMERA_1': ['settings'], 'CAMERA_2': [], 'CAMERA_3': []}",C_SILENT_OR_BACKCHANNEL,CAMERA_1,NONE,alright,S_INTRODUCES_FEATURE,CAMERA_1,settings,This one has limited manual settings.,13~36
805,5,CAMERA_1,['CAMERA_1'],"{'CAMERA_1': ['settings', 'price'], 'CAMERA_2': [], 'CAMERA_3': []}",C_SILENT_OR_BACKCHANNEL,CAMERA_1,NONE,okay,S_INTRODUCES_FEATURE,CAMERA_1,price,This one costs $2173.,15~20
805,6,CAMERA_1,['CAMERA_1'],"{'CAMERA_1': ['settings', 'price', 'optical_zoom'], 'CAMERA_2': [], 'CAMERA_3': []}",C_SILENT_OR_BACKCHANNEL,CAMERA_1,NONE,alright,S_INTRODUCES_FEATURE,CAMERA_1,optical_zoom,This one has 5x optical zoom.,13~28
805,7,NONE,['CAMERA_1'],"{'CAMERA_1': ['settings', 'price', 'optical_zoom'], 'CAMERA_2': [], 'CAMERA_3': []}",C_THANK_YOU,CAMERA_1,NONE,thank you for your help,S_THANK_YOU,CAMERA_1,NONE,thank you very much,
805,8,NONE,['CAMERA_1'],"{'CAMERA_1': ['settings', 'price', 'optical_zoom'], 'CAMERA_2': [], 'CAMERA_3': []}",C_LEAVES,DOOR,NONE,,S_RETURNS_TO_COUNTER,SERVICE_COUNTER,NONE,,
806,1,NONE,[],"{'CAMERA_1': [], 'CAMERA_2': [], 'CAMERA_3': []}",C_ENTERS,DOOR,NONE,,S_NONE,SERVICE_COUNTER,NONE,,
806,2,NONE,[],"{'CAMERA_1': [], 'CAMERA_2': [], 'CAMERA_3': []}",C_WALKS_TO_CAMERA,CAMERA_2,NONE,,S_GREETS,CAMERA_2,NONE,can I help you?,
806,3,CAMERA_1,['CAMERA_1'],"{'CAMERA_1': [], 'CAMERA_2': [], 'CAMERA_3': []}",C_LOOKING_FOR_A_CAMERA,CAMERA_2,NONE,I'm looking for a camera,S_INTRODUCES_CAMERA,CAMERA_1,,Let me show you this. Here we have the Nikon Coolpix S2800.,39~58
806,4,CAMERA_1,['CAMERA_1'],"{'CAMERA_1': ['weight'], 'CAMERA_2': [], 'CAMERA_3': []}",C_QUESTION_ABOUT_FEATURE,CAMERA_1,weight,how much does this one weigh,S_ANSWERS_QUESTION_ABOUT_FEATURE,CAMERA_1,weight,This one weighs 120 grams.,16~25
806,5,CAMERA_1,['CAMERA_1'],"{'CAMERA_1': ['weight', 'resolution'], 'CAMERA_2': [], 'CAMERA_3': []}",C_QUESTION_ABOUT_FEATURE,CAMERA_1,resolution,what is the resolution,S_ANSWERS_QUESTION_ABOUT_FEATURE,CAMERA_1,resolution,This one has 20.1 megapixels resolution.,13~28
806,6,CAMERA_1,['CAMERA_1'],"{'CAMERA_1': ['weight', 'resolution', 'optical_zoom'], 'CAMERA_2': [], 'CAMERA_3': []}",C_QUESTION_ABOUT_FEATURE,CAMERA_1,optical_zoom,does it have optical zoom,S_ANSWERS_QUESTION_ABOUT_FEATURE,CAMERA_1,optical_zoom,This one has 5x optical zoom.,13~28
806,7,CAMERA_1,['CAMERA_1'],"{'CAMERA_1': ['weight', 'resolution', 'optical_zoom', 'effects'], 'CAMERA_2': [], 'CAMERA_3': []}",C_QUESTION_ABOUT_FEATURE,CAMERA_1,effects,does it have any effect modes,S_ANSWERS_QUESTION_ABOUT_FEATURE,CAMERA_1,effects,"This one has 12 glamor retouch effects (e.g. skin softening, small face, big eyes).",13~82
806,8,CAMERA_1,['CAMERA_1'],"{'CAMERA_1': ['weight', 'resolution', 'optical_zoom', 'effects', 'price'], 'CAMERA_2': [], 'CAMERA_3': []}",C_SILENT_OR_BACKCHANNEL,CAMERA_1,NONE,I see,S_INTRODUCES_FEATURE,CAMERA_1,price,This one costs $2173.,15~20
806,9,CAMERA_1,['CAMERA_1'],"{'CAMERA_1': ['weight', 'resolution', 'optical_zoom', 'effects', 'price', 'settings'], 'CAMERA_2': [], 'CAMERA_3': []}",C_SILENT_OR_BACKCHANNEL,CAMERA_1,NONE,okay,S_INTRODUCES_FEATURE,CAMERA_1,settings,This one has limited manual settings.,13~36
806,10,CAMERA_1,['CAMERA_1'],"{'CAMERA_1': ['weight', 'resolution', 'optical_zoom', 'effects', 'price', 'settings', 'autofocus_points'], 'CAMERA_2': [], 'CAMERA_3': []}",C_QUESTION_ABOUT_FEATURE,CAMERA_1,autofocus_points,how many autofocus points does it have,S_NOT_SURE,CAMERA_1,,I'm not really sure about that,
806,11,CAMERA_3,"['CAMERA_1', 'CAMERA_3']","{'CAMERA_1': ['weight', 'resolution', 'optical_zoom', 'effects', 'price', 'settings', 'autofocus_points'], 'CAMERA_2': [], 'CAMERA_3': []}",C_ANYTHING_ELSE_AVAILABLE,CAMERA_1,NONE,ok do you have any other cameras,S_INTRODUCES_CAMERA,CAMERA_3,,Let me show you this. Here we have the Canon EOS 5D Mark III.,39~60
806,12,CAMERA_3,"['CAMERA_1', 'CAMERA_3']","{'CAMERA_1': ['weight', 'resolution', 'optical_zoom', 'effects', 'price', 'settings', 'autofocus_points'], 'CAMERA_2': [], 'CAMERA_3': ['camera_type']}",C_SILENT_OR_BACKCHANNEL,CAMERA_3,NONE,alright,S_INTRODUCES_FEATURE,CAMERA_3,camera_type,This is a DSLR camera.,10~14
806,13,NONE,"['CAMERA_1', 'CAMERA_3']","{'CAMERA_1': ['weight', 'resolution', 'optical_zoom', 'effects', 'price', 'settings', 'autofocus_points'], 'CAMERA_2': [], 'CAMERA_3': ['camera_type']}",C_THANK_YOU,CAMERA_3,NONE,thank you for your help,S_THANK_YOU,CAMERA_3,NONE,thank you very much,
806,14,NONE,"['CAMERA_1', 'CAMERA_3']","{'CAMERA_1': ['weight', 'resolution', 'optical_zoom', 'effects', 'price', 'settings', 'autofocus_points'], 'CAMERA_2': [], 'CAMERA_3': ['camera_type']}",C_LEAVES,DOOR,NONE,,S_RETURNS_TO_COUNTER,SERVICE_COUNTER,NONE,,
807,1,NONE,[],"{'CAMERA_1': [], 'CAMERA_2': [], 'CAMERA_3': []}",C_ENTERS,DOOR,NONE,,S_NONE,SERVICE_COUNTER,NONE,,
807,2,NONE,[],"{'CAMERA_1': [], 'CAMERA_2': [], 'CAMERA_3': []}",C_GREETS,MIDDLE,NONE,hello,S_GREETS,MIDDLE,NONE,can I help you?,
807,3,CAMERA_3,['CAMERA_3'],"{'CAMERA_1': [], 'CAMERA_2': [], 'CAMERA_3': []}",C_LOOKING_FOR_A_CAMERA,MIDDLE,NONE,I'm looking for a camera,S_INTRODUCES_CAMERA,CAMERA_3,,Let me show you this. Here we have the Canon EOS 5D Mark III.,39~60
807,4,CAMERA_3,['CAMERA_3'],"{'CAMERA_1': [], 'CAMERA_2': [], 'CAMERA_3': ['color']}",C_QUESTION_ABOUT_FEATURE,CAMERA_3,color,what colors does this one come in,S_ANSWERS_QUESTION_ABOUT_FEATURE,CAMERA_3,color,This one comes in black.,18~23
807,5,CAMERA_3,['CAMERA_3'],"{'CAMERA_1': [], 'CAMERA_2': [], 'CAMERA_3': ['color', 'long_exposure']}",C_QUESTION_ABOUT_FEATURE,CAMERA_3,long_exposure,can it take long exposure shots,S_ANSWERS_QUESTION_ABOUT_FEATURE,CAMERA_3,long_exposure,"This one can take long exposures up to up to 30 seconds, bulb mode: expose as long as you want.",39~94
807,6,CAMERA_3,['CAMERA_3'],"{'CAMERA_1': [], 'CAMERA_2': [], 'CAMERA_3': ['color', 'long_exposure', 'preset_modes']}",C_QUESTION_ABOUT_FEATURE,CAMERA_3,preset_modes,does it have preset modes,S_NOT_SURE,CAMERA_3,,I'm not really sure about that,
807,7,CAMERA_3,['CAMERA_3'],"{'CAMERA_1': [], 'CAMERA_2': [], 'CAMERA_3': ['color', 'long_exposure', 'preset_modes', 'ISO']}",C_SILENT_OR_BACKCHANNEL,CAMERA_3,NONE,alright,S_INTRODUCES_FEATURE,CAMERA_3,ISO,This one has up to 6400 ISO with little noise.,13~45
807,8,CAMERA_3,['CAMERA_3'],"{'CAMERA_1': [], 'CAMERA_2': [], 'CAMERA_3': ['color', 'long_exposure', 'preset_modes', 'ISO', 'autofocus_points']}",C_QUESTION_ABOUT_FEATURE,CAMERA_3,autofocus_points,how many autofocus points does it have,S_ANSWERS_QUESTION_ABOUT_FEATURE,CAMERA_3,autofocus_points,This one has 61 autofocus points.,13~32
807,9,CAMERA_3,['CAMERA_3'],"{'CAMERA_1': [], 'CAMERA_2': [], 'CAMERA_3': ['color', 'long_exposure', 'preset_modes', 'ISO', 'autofocus_points', 'camera_type']}",C_QUESTION_ABOUT_FEATURE,CAMERA_3,camera_type,what kind of camera is this,S_ANSWERS_QUESTION_ABOUT_FEATURE,CAMERA_3,camera_type,This is a DSLR camera.,10~14
807,10,CAMERA_2,"['CAMERA_3', 'CAMERA_2']","{'CAMERA_1': [], 'CAMERA_2': [], 'CAMERA_3': ['color', 'long_exposure', 'preset_modes', 'ISO', 'autofocus_points', 'camera_type']}",C_ANYTHING_ELSE_AVAILABLE,CAMERA_3,NONE,ok do you have any other cameras,S_INTRODUCES_CAMERA,CAMERA_2,,Let me show you this. Here we have the Sony Alpha a6000.,39~55
807,11,CAMERA_2,"['CAMERA_3', 'CAMERA_2']","{'CAMERA_1': [], 'CAMERA_2': ['preset_modes'], 'CAMERA_3': ['color', 'long_exposure', 'preset_modes', 'ISO', 'autofocus_points', 'camera_type']}",C_QUESTION_ABOUT_FEATURE,CAMERA_2,preset_modes,does it have preset modes,S_ANSWERS_QUESTION_ABOUT_FEATURE,CAMERA_2,preset_modes,"This one has 9 preset modes (e.g. beach, snow, night, portrait).",13~63
807,12,CAMERA_2,"['CAMERA_3', 'CAMERA_2']","{'CAMERA_1': [], 'CAMERA_2': ['preset_modes', 'long_exposure'], 'CAMERA_3': ['color', 'long_exposure', 'preset_modes', 'ISO', 'autofocus_points', 'camera_type']}",C_QUESTION_ABOUT_FEATURE,CAMERA_2,long_exposure,can it take long exposure shots,S_ANSWERS_QUESTION_ABOUT_FEATURE,CAMERA_2,long_exposure,This one can take long exposures up to up to 30 seconds.,39~55
807,13,CAMERA_2,"['CAMERA_3', 'CAMERA_2']","{'CAMERA_1': [], 'CAMERA_2': ['preset_modes', 'long_exposure', 'color'], 'CAMERA_3': ['color', 'long_exposure', 'preset_modes', 'ISO', 'autofocus_points', 'camera_type']}",C_QUESTION_ABOUT_FEATURE,CAMERA_2,color,what colors does this one come in,S_ANSWERS_QUESTION_ABOUT_FEATURE,CAMERA_2,color,"This one comes in white, silver, black.",18~38
807,14,CAMERA_1,"['CAMERA_3', 'CAMERA_2', 'CAMERA_1']","{'CAMERA_1': [], 'CAMERA_2': ['preset_modes', 'long_exposure', 'color'], 'CAMERA_3': ['color', 'long_exposure', 'preset_modes', 'ISO', 'autofocus_points', 'camera_type']}",C_ANYTHING_ELSE_AVAILABLE,CAMERA_2,NONE,ok do you have any other cameras,S_INTRODUCES_CAMERA,CAMERA_1,,Let me show you this. Here we have the Nikon Coolpix S2800.,39~58
807,15,CAMERA_1,"['CAMERA_3', 'CAMERA_2', 'CAMERA_1']","{'CAMERA_1': ['camera_type'], 'CAMERA_2': ['preset_modes', 'long_exposure', 'color'], 'CAMERA_3': ['color', 'long_exposure', 'preset_modes', 'ISO', 'autofocus_points', 'camera_type']}",C_QUESTION_ABOUT_FEATURE,CAMERA_1,camera_type,what kind of camera is this,S_ANSWERS_QUESTION_ABOUT_FEATURE,CAMERA_1,camera_type,This is a point and shoot camera.,10~25
807,16,CAMERA_1,"['CAMERA_3', 'CAMERA_2', 'CAMERA_1']","{'CAMERA_1': ['camera_type', 'resolution'], 'CAMERA_2': ['preset_modes', 'long_exposure', 'color'], 'CAMERA_3': ['color', 'long_exposure', 'preset_modes', 'ISO', 'autofocus_points', 'camera_type']}",C_QUESTION_ABOUT_FEATURE,CAMERA_1,resolution,what is the resolution,S_ANSWERS_QUESTION_ABOUT_FEATURE,CAMERA_1,resolution,This one has 20.1 megapixels resolution.,13~28
807,17,CAMERA_1,"['CAMERA_3', 'CAMERA_2', 'CAMERA_1']","{'CAMERA_1': ['camera_type', 'resolution', 'color'], 'CAMERA_2': ['preset_modes', 'long_exposure', 'color'], 'CAMERA_3': ['color', 'long_exposure', 'preset_modes', 'ISO', 'autofocus_points', 'camera_type']}",C_QUESTION_ABOUT_FEATURE,CAMERA_1,color,what colors does this one come in,S_ANSWERS_QUESTION_ABOUT_FEATURE,CAMERA_1,color,"This one comes in purple, pink, black, silver, red.",18~50
807,18,CAMERA_1,"['CAMERA_3', 'CAMERA_2', 'CAMERA_1']","{'CAMERA_1': ['camera_type', 'resolution', 'color', 'settings'], 'CAMERA_2': ['preset_modes', 'long_exposure', 'color'], 'CAMERA_3': ['color', 'long_exposure', 'preset_modes', 'ISO', 'autofocus_points', 'camera_type']}",C_QUESTION_ABOUT_FEATURE,CAMERA_1,settings,what kind of settings does it have,S_ANSWERS_QUESTION_ABOUT_FEATURE,CAMERA_1,settings,This one has limited manual settings.,13~36
807,19,CAMERA_1,"['CAMERA_3', 'CAMERA_2', 'CAMERA_1']","{'CAMERA_1': ['camera_type', 'resolution', 'color', 'settings', 'sensor_size'], 'CAMERA_2': ['preset_modes', 'long_exposure', 'color'], 'CAMERA_3': ['color', 'long_exposure', 'preset_modes', 'ISO', 'autofocus_points', 'camera_type']}",C_QUESTION_ABOUT_FEATURE,CAMERA_1,sensor_size,what is the sensor size,S_NOT_SURE,CAMERA_1,,I'm not really sure about that,
807,20,CAMERA_1,"['CAMERA_3', 'CAMERA_2', 'CAMERA_1']","{'CAMERA_1': ['camera_type', 'resolution', 'color', 'settings', 'sensor_size', 'effects'], 'CAMERA_2': ['preset_modes', 'long_exposure', 'color'], 'CAMERA_3': ['color', 'long_exposure', 'preset_modes', 'ISO', 'autofocus_points', 'camera_type']}",C_SILENT_OR_BACKCHANNEL,CAMERA_1,NONE,okay,S_INTRODUCES_FEATURE,CAMERA_1,effects,"This one has 12 glamor retouch effects (e.g. skin softening, small face, big eyes).",13~82
807,21,NONE,"['CAMERA_3', 'CAMERA_2', 'CAMERA_1']","{'CAMERA_1': ['camera_type', 'resolution', 'color', 'settings', 'sensor_size', 'effects'], 'CAMERA_2': ['preset_modes', 'long_exposure', 'color'], 'CAMERA_3': ['color', 'long_exposure', 'preset_modes', 'ISO', 'autofocus_points', 'camera_type']}",C_THANK_YOU,CAMERA_1,NONE,thank you for your help,S_THANK_YOU,CAMERA_1,NONE,thank you very much,
807,22,NONE,"['CAMERA_3', 'CAMERA_2', 'CAMERA_1']","{'CAMERA_1': ['camera_type', 'resolution', 'color', 'settings', 'sensor_size', 'effects'], 'CAMERA_2': ['preset_modes', 'long_exposure', 'color'], 'CAMERA_3': ['color', 'long_exposure', 'preset_modes', 'ISO', 'autofocus_points', 'camera_type']}",C_LEAVES,DOOR,NONE,,S_RETURNS_TO_COUNTER,SERVICE_COUNTER,NONE,,
808,1,NONE,[],"{'CAMERA_1': [], 'CAMERA_2': [], 'CAMERA_3': []}",C_ENTERS,DOOR,NONE,,S_NONE,SERVICE_COUNTER,NONE,,
808,2,NONE,[],"{'CAMERA_1': [], 'CAMERA_2': [], 'CAMERA_3': []}",C_GREETS,MIDDLE,NONE,hello,S_GREETS,MIDDLE,NONE,can I help you?,
808,3,CAMERA_1,['CAMERA_1'],"{'CAMERA_1': [], 'CAMERA_2': [], 'CAMERA_3': []}",C_LOOKING_FOR_A_CAMERA,MIDDLE,NONE,I'm looking for a camera,S_INTRODUCES_CAMERA,CAMERA_1,,Let me show you this. Here we have the Nikon Coolpix S2800.,39~58
808,4,CAMERA_1,['CAMERA_1'],"{'CAMERA_1': ['color'], 'CAMERA_2': [], 'CAMERA_3': []}",C_SILENT_OR_BACKCHANNEL,CAMERA_1,NONE,alright,S_INTRODUCES_FEATURE,CAMERA_1,color,"This one comes in purple, pink, black, silver, red.",18~50
808,5,NONE,['CAMERA_1'],"{'CAMERA_1': ['color'], 'CAMERA_2': [], 'CAMERA_3': []}",C_THANK_YOU,CAMERA_1,NONE,thank you for your help,S_THANK_YOU,CAMERA_1,NONE,thank you very much,
808,6,NONE,['CAMERA_1'],"{'CAMERA_1': ['color'], 'CAMERA_2': [], 'CAMERA_3': []}",C_LEAVES,DOOR,NONE,,S_RETURNS_TO_COUNTER,SERVICE_COUNTER,NONE,,
809,1,NONE,[],"{'CAMERA_1': [], 'CAMERA_2': [], 'CAMERA_3': []}",C_ENTERS,DOOR,NONE,,S_NONE,SERVICE_COUNTER,NONE,,
809,2,NONE,[],"{'CAMERA_1': [], 'CAMERA_2': [], 'CAMERA_3': []}",C_GREETS,MIDDLE,NONE,hello,S_GREETS,MIDDLE,NONE,can I help you?,
809,3,CAMERA_1,['CAMERA_1'],"{'CAMERA_1': [], 'CAMERA_2': [], 'CAMERA_3': []}",C_LOOKING_FOR_A_CAMERA,MIDDLE,NONE,I'm looking for a camera,S_INTRODUCES_CAMERA,CAMERA_1,,Let me show you this. Here we have the Nikon Coolpix S2800.,39~58
809,4,CAMERA_1,['CAMERA_1'],"{'CAMERA_1': ['settings'], 'CAMERA_2': [], 'CAMERA_3': []}",C_QUESTION_ABOUT_FEATURE,CAMERA_1,settings,what kind of settings does it have,S_ANSWERS_QUESTION_ABOUT_FEATURE,CAMERA_1,settings,This one has limited manual settings.,13~36
809,5,CAMERA_1,['CAMERA_1'],"{'CAMERA_1': ['settings', 'preset_modes'], 'CAMERA_2': [], 'CAMERA_3': []}",C_SILENT_OR_BACKCHANNEL,CAMERA_1,NONE,okay,S_INTRODUCES_FEATURE,CAMERA_1,preset_modes,"This one has 18 preset modes (e.g. beach, snow, night portrait).",13~63
809,6,CAMERA_2,"['CAMERA_1', 'CAMERA_2']","{'CAMERA_1': ['settings', 'preset_modes'], 'CAMERA_2': [], 'CAMERA_3': []}",C_ANYTHING_ELSE_AVAILABLE,CAMERA_1,NONE,ok do you have any other cameras,S_INTRODUCES_CAMERA,CAMERA_2,,Let me show you this. Here we have the Sony Alpha a6000.,39~55
809,7,CAMERA_2,"['CAMERA_1', 'CAMERA_2']","{'CAMERA_1': ['settings', 'preset_modes'], 'CAMERA_2': ['weight'], 'CAMERA_3': []}",C_QUESTION_ABOUT_FEATURE,CAMERA_2,weight,how much does this one weigh,S_ANSWERS_QUESTION_ABOUT_FEATURE,CAMERA_2,weight,This one weighs 470 grams.,16~25
809,8,CAMERA_2,"['CAMERA_1', 'CAMERA_2']","{'CAMERA_1': ['settings', 'preset_modes'], 'CAMERA_2': ['weight', 'resolution'], 'CAMERA_3': []}",C_QUESTION_ABOUT_FEATURE,CAMERA_2,resolution,what is the resolution,S_NOT_SURE,CAMERA_2,,I'm not really sure about that,
809,9,CAMERA_2,"['CAMERA_1', 'CAMERA_2']","{'CAMERA_1': ['settings', 'preset_modes'], 'CAMERA_2': ['weight', 'resolution', 'preset_modes'], 'CAMERA_3': []}",C_SILENT_OR_BACKCHANNEL,CAMERA_2,NONE,okay,S_INTRODUCES_FEATURE,CAMERA_2,preset_modes,"This one has 9 preset modes (e.g. beach, snow, night, portrait).",13~63
809,10,CAMERA_2,"['CAMERA_1', 'CAMERA_2']","{'CAMERA_1': ['settings', 'preset_modes'], 'CAMERA_2': ['weight', 'resolution', 'preset_modes', 'sensor_size'], 'CAMERA_3': []}",C_SILENT_OR_BACKCHANNEL,CAMERA_2,NONE,okay,S_INTRODUCES_FEATURE,CAMERA_2,sensor_size,This one has a APS-C sensor (crop sensor).,15~41
809,11,CAMERA_2,"['CAMERA_1', 'CAMERA_2']","{'CAMERA_1': ['settings', 'preset_modes'], 'CAMERA_2': ['weight', 'resolution', 'preset_modes', 'sensor_size', 'optical_zoom'], 'CAMERA_3': []}",C_QUESTION_ABOUT_FEATURE,CAMERA_2,optical_zoom,does it have optical zoom,S_NOT_SURE,CAMERA_2,,I'm not really sure about that,
809,12,NONE,"['CAMERA_1', 'CAMERA_2']","{'CAMERA_1': ['settings', 'preset_modes'], 'CAMERA_2': ['weight', 'resolution', 'preset_modes', 'sensor_size', 'optical_zoom'], 'CAMERA_3': []}",C_THANK_YOU,CAMERA_2,NONE,thank you for your help,S_THANK_YOU,CAMERA_2,NONE,thank you very much,
809,13,NONE,"['CAMERA_1', 'CAMERA_2']","{'CAMERA_1': ['settings', 'preset_modes'], 'CAMERA_2': ['weight', 'resolution', 'preset_modes', 'sensor_size', 'optical_zoom'], 'CAMERA_3': []}",C_LEAVES,DOOR,NONE,,S_RETURNS_TO_COUNTER,SERVICE_COUNTER,NONE,,
810,1,NONE,[],"{'CAMERA_1': [], 'CAMERA_2': [], 'CAMERA_3': []}",C_ENTERS,DOOR,NONE,,S_NONE,SERVICE_COUNTER,NONE,,
810,2,NONE,[],"{'CAMERA_1': [], 'CAMERA_2': [], 'CAMERA_3': []}",C_WALKS_TO_CAMERA,CAMERA_2,NONE,,S_GREETS,CAMERA_2,NONE,can I help you?,
810,3,CAMERA_3,['CAMERA_3'],"{'CAMERA_1': [], 'CAMERA_2': [], 'CAMERA_3': []}",C_LOOKING_FOR_A_CAMERA,CAMERA_2,NONE,I'm looking for a camera,S_INTRODUCES_CAMERA,CAMERA_3,,Let me show you this. Here we have the Canon EOS 5D Mark III.,39~60
810,4,CAMERA_3,['CAMERA_3'],"{'CAMERA_1': [], 'CAMERA_2': [], 'CAMERA_3': ['color']}",C_QUESTION_ABOUT_FEATURE,CAMERA_3,color,what colors does this one come in,S_ANSWERS_QUESTION_ABOUT_FEATURE,CAMERA_3,color,This one comes in black.,18~23
810,5,CAMERA_1,"['CAMERA_3', 'CAMERA_1']","{'CAMERA_1': [], 'CAMERA_2': [], 'CAMERA_3': ['color']}",C_ANYTHING_ELSE_AVAILABLE,CAMERA_3,NONE,ok do you have any other cameras,S_INTRODUCES_CAMERA,CAMERA_1,,Let me show you this. Here we have the Nikon Coolpix S2800.,39~58
810,6,CAMERA_1,"['CAMERA_3', 'CAMERA_1']","{'CAMERA_1': ['preset_modes'], 'CAMERA_2': [], 'CAMERA_3': ['color']}",C_QUESTION_ABOUT_FEATURE,CAMERA_1,preset_modes,does it have preset modes,S_ANSWERS_QUESTION_ABOUT_FEATURE,CAMERA_1,preset_modes,"This one has 18 preset modes (e.g. beach, snow, night portrait).",13~63
810,7,CAMERA_1,"['CAMERA_3', 'CAMERA_1']","{'CAMERA_1': ['preset_modes', 'effects'], 'CAMERA_2': [], 'CAMERA_3': ['color']}",C_SILENT_OR_BACKCHANNEL,CAMERA_1,NONE,I see,S_INTRODUCES_FEATURE,CAMERA_1,effects,"This one has 12 glamor retouch effects (e.g. skin softening, small face, big eyes).",13~82
810,8,CAMERA_1,"['CAMERA_3', 'CAMERA_1']","{'CAMERA_1': ['preset_modes', 'effects', 'settings'], 'CAMERA_2': [], 'CAMERA_3': ['color']}",C_SILENT_OR_BACKCHANNEL,CAMERA_1,NONE,I see,S_INTRODUCES_FEATURE,CAMERA_1,settings,This one has limited manual settings.,13~36
810,9,CAMERA_1,"['CAMERA_3', 'CAMERA_1']","{'CAMERA_1': ['preset_modes', 'effects', 'settings', 'weight'], 'CAMERA_2': [], 'CAMERA_3': ['color']}",C_SILENT_OR_BACKCHANNEL,CAMERA_1,NONE,okay,S_INTRODUCES_FEATURE,CAMERA_1,weight,This one weighs 120 grams.,16~25
810,10,CAMERA_2,"['CAMERA_3', 'CAMERA_1', 'CAMERA_2']","{'CAMERA_1': ['preset_modes', 'effects', 'settings', 'weight'], 'CAMERA_2': [], 'CAMERA_3': ['color']}",C_ANYTHING_ELSE_AVAILABLE,CAMERA_1,NONE,ok do you have any other cameras,S_INTRODUCES_CAMERA,CAMERA_2,,Let me show you this. Here we have the Sony Alpha a6000.,39~55
810,11,CAMERA_2,"['CAMERA_3', 'CAMERA_1', 'CAMERA_2']","{'CAMERA_1': ['preset_modes', 'effects', 'settings', 'weight'], 'CAMERA_2': ['settings'], 'CAMERA_3': ['color']}",C_QUESTION_ABOUT_FEATURE,CAMERA_2,settings,what kind of settings does it have,S_ANSWERS_QUESTION_ABOUT_FEATURE,CAMERA_2,settings,This one has full manual control.,13~32
810,12,CAMERA_2,"['CAMERA_3', 'CAMERA_1', 'CAMERA_2']","{'CAMERA_1': ['preset_modes', 'effects', 'settings', 'weight'], 'CAMERA_2': ['settings', 'ISO'], 'CAMERA_3': ['color']}",C_QUESTION_ABOUT_FEATURE,CAMERA_2,ISO,what is the ISO,S_ANSWERS_QUESTION_ABOUT_FEATURE,CAMERA_2,ISO,This one has up to 3200 ISO with little noise.,13~45
810,13,CAMERA_2,"['CAMERA_3', 'CAMERA_1', 'CAMERA_2']","{'CAMERA_1': ['preset_modes', 'effects', 'settings', 'weight'], 'CAMERA_2': ['settings', 'ISO', 'resolution'], 'CAMERA_3': ['color']}",C_QUESTION_ABOUT_FEATURE,CAMERA_2,resolution,what is the resolution,S_NOT_SURE,CAMERA_2,,I'm not really sure about that,
810,14,CAMERA_2,"['CAMERA_3', 'CAMERA_1', 'CAMERA_2']","{'CAMERA_1': ['preset_modes', 'effects', 'settings', 'weight'], 'CAMERA_2': ['settings', 'ISO', 'resolution', 'long_exposure'], 'CAMERA_3': ['color']}",C_QUESTION_ABOUT_FEATURE,CAMERA_2,long_exposure,can it take long exposure shots,S_ANSWERS_QUESTION_ABOUT_FEATURE,CAMERA_2,long_exposure,This one can take long exposures up to up to 30 seconds.,39~55
810,15,CAMERA_2,"['CAMERA_3', 'CAMERA_1', 'CAMERA_2']","{'CAMERA_1': ['preset_modes', 'effects', 'settings', 'weight'], 'CAMERA_2': ['settings', 'ISO', 'resolution', 'long_exposure', 'color'], 'CAMERA_3': ['color']}",C_QUESTION_ABOUT_FEATURE,CAMERA_2,color,what colors does this one come in,S_ANSWERS_QUESTION_ABOUT_FEATURE,CAMERA_2,color,"This one comes in white, silver, black.",18~38
810,16,CAMERA_2,"['CAMERA_3', 'CAMERA_1', 'CAMERA_2']","{'CAMERA_1': ['preset_modes', 'effects', 'settings', 'weight'], 'CAMERA_2': ['settings', 'ISO', 'resolution', 'long_exposure', 'color', 'autofocus_points'], 'CAMERA_3': ['color']}",C_QUESTION_ABOUT_FEATURE,CAMERA_2,autofocus_points,how many autofocus points does it have,S_ANSWERS_QUESTION_ABOUT_FEATURE,CAMERA_2,autofocus_points,This one has 179 autofocus points.,13~33
810,17,CAMERA_2,"['CAMERA_3', 'CAMERA_1', 'CAMERA_2']","{'CAMERA_1': ['preset_modes', 'effects', 'settings', 'weight'], 'CAMERA_2': ['settings', 'ISO', 'resolution', 'long_exposure', 'color', 'autofocus_points', 'price'], 'CAMERA_3': ['color']}",C_QUESTION_ABOUT_FEATURE,CAMERA_2,price,how much does it cost,S_ANSWERS_QUESTION_ABOUT_FEATURE,CAMERA_2,price,This one costs $1341.,15~20
810,18,CAMERA_2,"['CAMERA_3', 'CAMERA_1', 'CAMERA_2']","{'CAMERA_1': ['preset_modes', 'effects', 'settings', 'weight'], 'CAMERA_2': ['settings', 'ISO', 'resolution', 'long_exposure', 'color', 'autofocus_points', 'price', 'preset_modes'], 'CAMERA_3': ['color']}",C_QUESTION_ABOUT_FEATURE,CAMERA_2,preset_modes,does it have preset modes,S_ANSWERS_QUESTION_ABOUT_FEATURE,CAMERA_2,preset_modes,"This one has 9 preset modes (e.g. beach, snow, night, portrait).",13~63
810,19,CAMERA_2,"['CAMERA_3', 'CAMERA_1', 'CAMERA_2']","{'CAMERA_1': ['preset_modes', 'effects', 'settings', 'weight'], 'CAMERA_2': ['settings', 'ISO', 'resolution', 'long_exposure', 'color', 'autofocus_points', 'price', 'preset_modes', 'effects'], 'CAMERA_3': ['color']}",C_QUESTION_ABOUT_FEATURE,CAMERA_2,effects,does it have any effect modes,S_ANSWERS_QUESTION_ABOUT_FEATURE,CAMERA_2,effects,"This one has 13 artistic effect modes (e.g. toy camera, soft focus).",13~67
810,20,CAMERA_2,"['CAMERA_3', 'CAMERA_1', 'CAMERA_2']","{'CAMERA_1': ['preset_modes', 'effects', 'settings', 'weight'], 'CAMERA_2': ['settings', 'ISO', 'resolution', 'long_exposure', 'color', 'autofocus_points', 'price', 'preset_modes', 'effects', 'camera_type'], 'CAMERA_3': ['color']}",C_QUESTION_ABOUT_FEATURE,CAMERA_2,camera_type,what kind of camera is this,S_ANSWERS_QUESTION_ABOUT_FEATURE,CAMERA_2,camera_type,This is a mirrorless camera.,10~20
810,21,,"['CAMERA_3', 'CAMERA_1', 'CAMERA_2']","{'CAMERA_1': ['preset_modes', 'effects', 'settings', 'weight'], 'CAMERA_2': ['settings', 'ISO', 'resolution', 'long_exposure', 'color', 'autofocus_points', 'price', 'preset_modes', 'effects', 'camera_type'], 'CAMERA_3': ['color']}",C_ANYTHING_ELSE_AVAILABLE,CAMERA_2,NONE,ok do you have any other cameras,S_THATS_ALL_WE_HAVE_AVAILABLE,CAMERA_2,,That’s all we have available at the moment.,
810,22,NONE,"['CAMERA_3', 'CAMERA_1', 'CAMERA_2']","{'CAMERA_1': ['preset_modes', 'effects', 'settings', 'weight'], 'CAMERA_2': ['settings', 'ISO', 'resolution', 'long_exposure', 'color', 'autofocus_points', 'price', 'preset_modes', 'effects', 'camera_type'], 'CAMERA_3': ['color']}",C_THANK_YOU,CAMERA_2,NONE,thank you for your help,S_THANK_YOU,CAMERA_2,NONE,thank you very much,
810,23,NONE,"['CAMERA_3', 'CAMERA_1', 'CAMERA_2']","{'CAMERA_1': ['preset_modes', 'effects', 'settings', 'weight'], 'CAMERA_2': ['settings', 'ISO', 'resolution', 'long_exposure', 'color', 'autofocus_points', 'price', 'preset_modes', 'effects', 'camera_type'], 'CAMERA_3': ['color']}",C_LEAVES,DOOR,NONE,,S_RETURNS_TO_COUNTER,SERVICE_COUNTER,NONE,,
811,1,NONE,[],"{'CAMERA_1': [], 'CAMERA_2': [], 'CAMERA_3': []}",C_ENTERS,DOOR,NONE,,S_NONE,SERVICE_COUNTER,NONE,,
811,2,NONE,[],"{'CAMERA_1': [], 'CAMERA_2': [], 'CAMERA_3': []}",C_GREETS,MIDDLE,NONE,hello,S_GREETS,MIDDLE,NONE,can I help you?,
811,3,CAMERA_2,['CAMERA_2'],"{'CAMERA_1': [], 'CAMERA_2': [], 'CAMERA_3': []}",C_LOOKING_FOR_A_CAMERA,MIDDLE,NONE,I'm looking for a camera,S_INTRODUCES_CAMERA,CAMERA_2,,Let me show you this. Here we have the Sony Alpha a6000.,39~55
811,4,CAMERA_2,['CAMERA_2'],"{'CAMERA_1': [], 'CAMERA_2': ['color'], 'CAMERA_3': []}",C_SILENT_OR_BACKCHANNEL,CAMERA_2,NONE,alright,S_INTRODUCES_FEATURE,CAMERA_2,color,"This one comes in white, silver, black.",18~38
811,5,CAMERA_2,['CAMERA_2'],"{'CAMERA_1': [], 'CAMERA_2': ['color', 'weight'], 'CAMERA_3': []}",C_SILENT_OR_BACKCHANNEL,CAMERA_2,NONE,I see,S_INTRODUCES_FEATURE,CAMERA_2,weight,This one weighs 470 grams.,16~25
811,6,CAMERA_2,['CAMERA_2'],"{'CAMERA_1': [], 'CAMERA_2': ['color', 'weight', 'optical_zoom'], 'CAMERA_3': []}",C_QUESTION_ABOUT_FEATURE,CAMERA_2,optical_zoom,does it have optical zoom,S_NOT_SURE,CAMERA_2,,I'm not really sure about that,
811,7,CAMERA_2,['CAMERA_2'],"{'CAMERA_1': [], 'CAMERA_2': ['color', 'weight', 'optical_zoom', 'settings'], 'CAMERA_3': []}",C_SILENT_OR_BACKCHANNEL,CAMERA_2,NONE,I see,S_INTRODUCES_FEATURE,CAMERA_2,settings,This one has full manual control.,13~32
811,8,CAMERA_2,['CAMERA_2'],"{'CAMERA_1': [], 'CAMERA_2': ['color', 'weight', 'optical_zoom', 'settings', 'price'], 'CAMERA_3': []}",C_SILENT_OR_BACKCHANNEL,CAMERA_2,NONE,okay,S_INTRODUCES_FEATURE,CAMERA_2,price,This one costs $1341.,15~20
811,9,CAMERA_2,['CAMERA_2'],"{'CAMERA_1': [], 'CAMERA_2': ['color', 'weight', 'optical_zoom', 'settings', 'price', 'ISO'], 'CAMERA_3': []}",C_SILENT_OR_BACKCHANNEL,CAMERA_2,NONE,alright,S_INTRODUCES_FEATURE,CAMERA_2,ISO,This one has up to 3200 ISO with little noise.,13~45
811,10,CAMERA_2,['CAMERA_2'],"{'CAMERA_1': [], 'CAMERA_2': ['color', 'weight', 'optical_zoom', 'settings', 'price', 'ISO', 'autofocus_points'], 'CAMERA_3': []}",C_QUESTION_ABOUT_FEATURE,CAMERA_2,autofocus_points,how many autofocus points does it have,S_ANSWERS_QUESTION_ABOUT_FEATURE,CAMERA_2,autofocus_points,This one has 179 autofocus points.,13~33
811,11,CAMERA_1,"['CAMERA_2', 'CAMERA_1']","{'CAMERA_1': [], 'CAMERA_2': ['color', 'weight', 'optical_zoom', 'settings', 'price', 'ISO', 'autofocus_points'], 'CAMERA_3': []}",C_ANYTHING_ELSE_AVAILABLE,CAMERA_2,NONE,ok do you have any other cameras,S_INTRODUCES_CAMERA,CAMERA_1,,Let me show you this. Here we have the Nikon Coolpix S2800.,39~58
811,12,CAMERA_1,"['CAMERA_2', 'CAMERA_1']","{'CAMERA_1': ['weight'], 'CAMERA_2': ['color', 'weight', 'optical_zoom', 'settings', 'price', 'ISO', 'autofocus_points'], 'CAMERA_3': []}",C_QUESTION_ABOUT_FEATURE,CAMERA_1,weight,how much does this one weigh,S_ANSWERS_QUESTION_ABOUT_FEATURE,CAMERA_1,weight,This one weighs 120 grams.,16~25
811,13,CAMERA_1,"['CAMERA_2', 'CAMERA_1']","{'CAMERA_1': ['weight', 'effects'], 'CAMERA_2': ['color', 'weight', 'optical_zoom', 'settings', 'price', 'ISO', 'autofocus_points'], 'CAMERA_3': []}",C_QUESTION_ABOUT_FEATURE,CAMERA_1,effects,does it have any effect modes,S_ANSWERS_QUESTION_ABOUT_FEATURE,CAMERA_1,effects,"This one has 12 glamor retouch effects (e.g. skin softening, small face, big eyes).",13~82
811,14,CAMERA_3,"['CAMERA_2', 'CAMERA_1', 'CAMERA_3']","{'CAMERA_1': ['weight', 'effects'], 'CAMERA_2': ['color', 'weight', 'optical_zoom', 'settings', 'price', 'ISO', 'autofocus_points'], 'CAMERA_3': []}",C_ANYTHING_ELSE_AVAILABLE,CAMERA_1,NONE,ok do you have any other cameras,S_INTRODUCES_CAMERA,CAMERA_3,,Let me show you this. Here we have the Canon EOS 5D Mark III.,39~60
811,15,CAMERA_3,"['CAMERA_2', 'CAMERA_1', 'CAMERA_3']","{'CAMERA_1': ['weight', 'effects'], 'CAMERA_2': ['color', 'weight', 'optical_zoom', 'settings', 'price', 'ISO', 'autofocus_points'], 'CAMERA_3': ['autofocus_points']}",C_QUESTION_ABOUT_FEATURE,CAMERA_3,autofocus_points,how many autofocus points does it have,S_ANSWERS_QUESTION_ABOUT_FEATURE,CAMERA_3,autofocus_points,This one has 61 autofocus points.,13~32
811,16,CAMERA_3,"['CAMERA_2', 'CAMERA_1', 'CAMERA_3']","{'CAMERA_1': ['weight', 'effects'], 'CAMERA_2': ['color', 'weight', 'optical_zoom', 'settings', 'price', 'ISO', 'autofocus_points'], 'CAMERA_3': ['autofocus_points', 'color']}",C_QUESTION_ABOUT_FEATURE,CAMERA_3,color,what colors does this one come in,S_ANSWERS_QUESTION_ABOUT_FEATURE,CAMERA_3,color,This one comes in black.,18~23
811,17,CAMERA_3,"['CAMERA_2', 'CAMERA_1', 'CAMERA_3']","{'CAMERA_1': ['weight', 'effects'], 'CAMERA_2': ['color', 'weight', 'optical_zoom', 'settings', 'price', 'ISO', 'autofocus_points'], 'CAMERA_3': ['autofocus_points', 'color', 'ISO']}",C_QUESTION_ABOUT_FEATURE,CAMERA_3,ISO,what is the ISO,S_ANSWERS_QUESTION_ABOUT_FEATURE,CAMERA_3,ISO,This one has up to 6400 ISO with little noise.,13~45
811,18,CAMERA_3,"['CAMERA_2', 'CAMERA_1', 'CAMERA_3']","{'CAMERA_1': ['weight', 'effects'], 'CAMERA_2': ['color', 'weight', 'optical_zoom', 'settings', 'price', 'ISO', 'autofocus_points'], 'CAMERA_3': ['autofocus_points', 'color', 'ISO', 'preset_modes']}",C_QUESTION_ABOUT_FEATURE,CAMERA_3,preset_modes,does it have preset modes,S_NOT_SURE,CAMERA_3,,I'm not really sure about that,
811,19,NONE,"['CAMERA_2', 'CAMERA_1', 'CAMERA_3']","{'CAMERA_1': ['weight', 'effects'], 'CAMERA_2': ['color', 'weight', 'optical_zoom', 'settings', 'price', 'ISO', 'autofocus_points'], 'CAMERA_3': ['autofocus_points', 'color', 'ISO', 'preset_modes']}",C_THANK_YOU,CAMERA_3,NONE,thank you for your help,S_THANK_YOU,CAMERA_3,NONE,thank you very much,
811,20,NONE,"['CAMERA_2', 'CAMERA_1', 'CAMERA_3']","{'CAMERA_1': ['weight', 'effects'], 'CAMERA_2': ['color', 'weight', 'optical_zoom', 'settings', 'price', 'ISO', 'autofocus_points'], 'CAMERA_3': ['autofocus_points', 'color', 'ISO', 'preset_modes']}",C_LEAVES,DOOR,NONE,,S_RETURNS_TO_COUNTER,SERVICE_COUNTER,NONE,,
812,1,NONE,[],"{'CAMERA_1': [], 'CAMERA_2': [], 'CAMERA_3': []}",C_ENTERS,DOOR,NONE,,S_NONE,SERVICE_COUNTER,NONE,,
812,2,NONE,[],"{'CAMERA_1': [], 'CAMERA_2': [], 'CAMERA_3': []}",C_WALKS_TO_CAMERA,CAMERA_3,NONE,,S_NONE,SERVICE_COUNTER,NONE,,
812,3,NONE,[],"{'CAMERA_1': [], 'CAMERA_2': [], 'CAMERA_3': []}",C_EXAMINES_CAMERA,CAMERA_3,NONE,,S_NONE,SERVICE_COUNTER,NONE,,
812,4,CAMERA_3,['CAMERA_3'],"{'CAMERA_1': [], 'CAMERA_2': [], 'CAMERA_3': ['long_exposure']}",C_QUESTION_ABOUT_FEATURE,CAMERA_3,long_exposure,can it take long exposure shots,S_ANSWERS_QUESTION_ABOUT_FEATURE,CAMERA_3,long_exposure,"This one can take long exposures up to up to 30 seconds, bulb mode: expose as long as you want.",39~94
812,5,CAMERA_3,['CAMERA_3'],"{'CAMERA_1': [], 'CAMERA_2': [], 'CAMERA_3': ['long_exposure', 'color']}",C_SILENT_OR_BACKCHANNEL,CAMERA_3,NONE,I see,S_INTRODUCES_FEATURE,CAMERA_3,color,This one comes in black.,18~23
812,6,CAMERA_3,['CAMERA_3'],"{'CAMERA_1': [], 'CAMERA_2': [], 'CAMERA_3': ['long_exposure', 'color', 'optical_zoom']}",C_QUESTION_ABOUT_FEATURE,CAMERA_3,optical_zoom,does it have optical zoom,S_NOT_SURE,CAMERA_3,,I'm not really sure about that,
812,7,CAMERA_3,['CAMERA_3'],"{'CAMERA_1': [], 'CAMERA_2': [], 'CAMERA_3': ['long_exposure', 'color', 'optical_zoom', 'camera_type']}",C_QUESTION_ABOUT_FEATURE,CAMERA_3,camera_type,what kind of camera is this,S_ANSWERS_QUESTION_ABOUT_FEATURE,CAMERA_3,camera_type,This is a DSLR camera.,10~14
812,8,CAMERA_3,['CAMERA_3'],"{'CAMERA_1': [], 'CAMERA_2': [], 'CAMERA_3': ['long_exposure', 'color', 'optical_zoom', 'camera_type', 'ISO']}",C_QUESTION_ABOUT_FEATURE,CAMERA_3,ISO,what is the ISO,S_ANSWERS_QUESTION_ABOUT_FEATURE,CAMERA_3,ISO,This one has up to 6400 ISO with little noise.,13~45
812,9,CAMERA_3,['CAMERA_3'],"{'CAMERA_1': [], 'CAMERA_2': [], 'CAMERA_3': ['long_exposure', 'color', 'optical_zoom', 'camera_type', 'ISO', 'preset_modes']}",C_QUESTION_ABOUT_FEATURE,CAMERA_3,preset_modes,does it have preset modes,S_NOT_SURE,CAMERA_3,,I'm not really sure about that,
812,10,NONE,['CAMERA_3'],"{'CAMERA_1': [], 'CAMERA_2': [], 'CAMERA_3': ['long_exposure', 'color', 'optical_zoom', 'camera_type', 'ISO', 'preset_modes']}",C_THANK_YOU,CAMERA_3,NONE,thank you for your help,S_THANK_YOU,CAMERA_3,NONE,thank you very much,
812,11,NONE,['CAMERA_3'],"{'CAMERA_1': [], 'CAMERA_2': [], 'CAMERA_3': ['long_exposure', 'color', 'optical_zoom', 'camera_type', 'ISO', 'preset_modes']}",C_LEAVES,DOOR,NONE,,S_RETURNS_TO_COUNTER,SERVICE_COUNTER,NONE,,
813,1,NONE,[],"{'CAMERA_1': [], 'CAMERA_2': [], 'CAMERA_3': []}",C_ENTERS,DOOR,NONE,,S_NONE,SERVICE_COUNTER,NONE,,
813,2,NONE,[],"{'CAMERA_1': [], 'CAMERA_2': [], 'CAMERA_3': []}",C_GREETS,MIDDLE,NONE,hello,S_GREETS,MIDDLE,NONE,can I help you?,
813,3,CAMERA_3,['CAMERA_3'],"{'CAMERA_1': [], 'CAMERA_2': [], 'CAMERA_3': []}",C_LOOKING_FOR_A_CAMERA,MIDDLE,NONE,I'm looking for a camera,S_INTRODUCES_CAMERA,CAMERA_3,,Let me show you this. Here we have the Canon EOS 5D Mark III.,39~60
813,4,CAMERA_3,['CAMERA_3'],"{'CAMERA_1': [], 'CAMERA_2': [], 'CAMERA_3': ['weight']}",C_QUESTION_ABOUT_FEATURE,CAMERA_3,weight,how much does this one weigh,S_ANSWERS_QUESTION_ABOUT_FEATURE,CAMERA_3,weight,This one weighs 950 grams (only body).,16~37
813,5,CAMERA_1,"['CAMERA_3', 'CAMERA_1']","{'CAMERA_1': [], 'CAMERA_2': [], 'CAMERA_3': ['weight']}",C_ANYTHING_ELSE_AVAILABLE,CAMERA_3,NONE,ok do you have any other cameras,S_INTRODUCES_CAMERA,CAMERA_1,,Let me show you this. Here we have the Nikon Coolpix S2800.,39~58
813,6,CAMERA_1,"['CAMERA_3', 'CAMERA_1']","{'CAMERA_1': ['color'], 'CAMERA_2': [], 'CAMERA_3': ['weight']}",C_QUESTION_ABOUT_FEATURE,CAMERA_1,color,what colors does this one come in,S_ANSWERS_QUESTION_ABOUT_FEATURE,CAMERA_1,color,"This one comes in purple, pink, black, silver, red.",18~50
813,7,CAMERA_1,"['CAMERA_3', 'CAMERA_1']","{'CAMERA_1': ['color', 'long_exposure'], 'CAMERA_2': [], 'CAMERA_3': ['weight']}",C_QUESTION_ABOUT_FEATURE,CAMERA_1,long_exposure,can it take long exposure shots,S_NOT_SURE,CAMERA_1,,I'm not really sure about that,
813,8,CAMERA_1,"['CAMERA_3', 'CAMERA_1']","{'CAMERA_1': ['color', 'long_exposure', 'sensor_size'], 'CAMERA_2': [], 'CAMERA_3': ['weight']}",C_QUESTION_ABOUT_FEATURE,CAMERA_1,sensor_size,what is the sensor size,S_NOT_SURE,CAMERA_1,,I'm not really sure about that,
813,9,CAMERA_2,"['CAMERA_3', 'CAMERA_1', 'CAMERA_2']","{'CAMERA_1': ['color', 'long_exposure', 'sensor_size'], 'CAMERA_2': [], 'CAMERA_3': ['weight']}",C_ANYTHING_ELSE_AVAILABLE,CAMERA_1,NONE,ok do you have any other cameras,S_INTRODUCES_CAMERA,CAMERA_2,,Let me show you this. Here we have the Sony Alpha a6000.,39~55
813,10,CAMERA_2,"['CAMERA_3', 'CAMERA_1', 'CAMERA_2']","{'CAMERA_1': ['color', 'long_exposure', 'sensor_size'], 'CAMERA_2': ['resolution'], 'CAMERA_3': ['weight']}",C_QUESTION_ABOUT_FEATURE,CAMERA_2,resolution,what is the resolution,S_NOT_SURE,CAMERA_2,,I'm not really sure about that,
813,11,CAMERA_2,"['CAMERA_3', 'CAMERA_1', 'CAMERA_2']","{'CAMERA_1': ['color', 'long_exposure', 'sensor_size'], 'CAMERA_2': ['resolution', 'color'], 'CAMERA_3': ['weight']}",C_SILENT_OR_BACKCHANNEL,CAMERA_2,NONE,okay,S_INTRODUCES_FEATURE,CAMERA_2,color,"This one comes in white, silver, black.",18~38
813,12,CAMERA_2,"['CAMERA_3', 'CAMERA_1', 'CAMERA_2']","{'CAMERA_1': ['color', 'long_exposure', 'sensor_size'], 'CAMERA_2': ['resolution', 'color', 'preset_modes'], 'CAMERA_3': ['weight']}",C_QUESTION_ABOUT_FEATURE,CAMERA_2,preset_modes,does it have preset modes,S_ANSWERS_QUESTION_ABOUT_FEATURE,CAMERA_2,preset_modes,"This one has 9 preset modes (e.g. beach, snow, night, portrait).",13~63
813,13,CAMERA_2,"['CAMERA_3', 'CAMERA_1', 'CAMERA_2']","{'CAMERA_1': ['color', 'long_exposure', 'sensor_size'], 'CAMERA_2': ['resolution', 'color', 'preset_modes', 'long_exposure'], 'CAMERA_3': ['weight']}",C_QUESTION_ABOUT_FEATURE,CAMERA_2,long_exposure,can it take long exposure shots,S_ANSWERS_QUESTION_ABOUT_FEATURE,CAMERA_2,long_exposure,This one can take long exposures up to up to 30 seconds.,39~55
813,14,CAMERA_2,"['CAMERA_3', 'CAMERA_1', 'CAMERA_2']","{'CAMERA_1': ['color', 'long_exposure', 'sensor_size'], 'CAMERA_2': ['resolution', 'color', 'preset_modes', 'long_exposure', 'autofocus_points'], 'CAMERA_3': ['weight']}",C_QUESTION_ABOUT_FEATURE,CAMERA_2,autofocus_points,how many autofocus points does it have,S_ANSWERS_QUESTION_ABOUT_FEATURE,CAMERA_2,autofocus_points,This one has 179 autofocus points.,13~33
813,15,CAMERA_2,"['CAMERA_3', 'CAMERA_1', 'CAMERA_2']","{'CAMERA_1': ['color', 'long_exposure', 'sensor_size'], 'CAMERA_2': ['resolution', 'color', 'preset_modes', 'long_exposure', 'autofocus_points', 'sensor_size'], 'CAMERA_3': ['weight']}",C_QUESTION_ABOUT_FEATURE,CAMERA_2,sensor_size,what is the sensor size,S_ANSWERS_QUESTION_ABOUT_FEATURE,CAMERA_2,sensor_size,This one has a APS-C sensor (crop sensor).,15~41
813,16,,"['CAMERA_3', 'CAMERA_1', 'CAMERA_2']","{'CAMERA_1': ['color', 'long_exposure', 'sensor_size'], 'CAMERA_2': ['resolution', 'color', 'preset_modes', 'long_exposure', 'autofocus_points', 'sensor_size'], 'CAMERA_3': ['weight']}",C_ANYTHING_ELSE_AVAILABLE,CAMERA_2,NONE,ok do you have any other cameras,S_THATS_ALL_WE_HAVE_AVAILABLE,CAMERA_2,,That’s all we have available at the moment.,
813,17,NONE,"['CAMERA_3', 'CAMERA_1', 'CAMERA_2']","{'CAMERA_1': ['color', 'long_exposure', 'sensor_size'], 'CAMERA_2': ['resolution', 'color', 'preset_modes', 'long_exposure', 'autofocus_points', 'sensor_size'], 'CAMERA_3': ['weight']}",C_THANK_YOU,CAMERA_2,NONE,thank you for your help,S_THANK_YOU,CAMERA_2,NONE,thank you very much,
813,18,NONE,"['CAMERA_3', 'CAMERA_1', 'CAMERA_2']","{'CAMERA_1': ['color', 'long_exposure', 'sensor_size'], 'CAMERA_2': ['resolution', 'color', 'preset_modes', 'long_exposure', 'autofocus_points', 'sensor_size'], 'CAMERA_3': ['weight']}",C_LEAVES,DOOR,NONE,,S_RETURNS_TO_COUNTER,SERVICE_COUNTER,NONE,,
814,1,NONE,[],"{'CAMERA_1': [], 'CAMERA_2': [], 'CAMERA_3': []}",C_ENTERS,DOOR,NONE,,S_NONE,SERVICE_COUNTER,NONE,,
814,2,NONE,[],"{'CAMERA_1': [], 'CAMERA_2': [], 'CAMERA_3': []}",C_WALKS_TO_CAMERA,CAMERA_1,NONE,,S_GREETS,CAMERA_1,NONE,can I help you?,
814,3,CAMERA_1,['CAMERA_1'],"{'CAMERA_1': [], 'CAMERA_2': [], 'CAMERA_3': []}",C_LOOKING_FOR_A_CAMERA,CAMERA_1,NONE,I'm looking for a camera,S_INTRODUCES_CAMERA,CAMERA_1,,Let me show you this. Here we have the Nikon Coolpix S2800.,39~58
814,4,CAMERA_1,['CAMERA_1'],"{'CAMERA_1': ['long_exposure'], 'CAMERA_2': [], 'CAMERA_3': []}",C_QUESTION_ABOUT_FEATURE,CAMERA_1,long_exposure,can it take long exposure shots,S_NOT_SURE,CAMERA_1,,I'm not really sure about that,
814,5,CAMERA_1,['CAMERA_1'],"{'CAMERA_1': ['long_exposure', 'optical_zoom'], 'CAMERA_2': [], 'CAMERA_3': []}",C_QUESTION_ABOUT_FEATURE,CAMERA_1,optical_zoom,does it have optical zoom,S_ANSWERS_QUESTION_ABOUT_FEATURE,CAMERA_1,optical_zoom,This one has 5x optical zoom.,13~28
814,6,CAMERA_2,"['CAMERA_1', 'CAMERA_2']","{'CAMERA_1': ['long_exposure', 'optical_zoom'], 'CAMERA_2': [], 'CAMERA_3': []}",C_ANYTHING_ELSE_AVAILABLE,CAMERA_1,NONE,ok do you have any other cameras,S_INTRODUCES_CAMERA,CAMERA_2,,Let me show you this. Here we have the Sony Alpha a6000.,39~55
814,7,CAMERA_2,"['CAMERA_1', 'CAMERA_2']","{'CAMERA_1': ['long_exposure', 'optical_zoom'], 'CAMERA_2': ['price'], 'CAMERA_3': []}",C_QUESTION_ABOUT_FEATURE,CAMERA_2,price,how much does it cost,S_ANSWERS_QUESTION_ABOUT_FEATURE,CAMERA_2,price,This one costs $1341.,15~20
814,8,CAMERA_2,"['CAMERA_1', 'CAMERA_2']","{'CAMERA_1': ['long_exposure', 'optical_zoom'], 'CAMERA_2': ['price', 'preset_modes'], 'CAMERA_3': []}",C_SILENT_OR_BACKCHANNEL,CAMERA_2,NONE,I see,S_INTRODUCES_FEATURE,CAMERA_2,preset_modes,"This one has 9 preset modes (e.g. beach, snow, night, portrait).",13~63
814,9,CAMERA_2,"['CAMERA_1', 'CAMERA_2']","{'CAMERA_1': ['long_exposure', 'optical_zoom'], 'CAMERA_2': ['price', 'preset_modes', 'autofocus_points'], 'CAMERA_3': []}",C_SILENT_OR_BACKCHANNEL,CAMERA_2,NONE,I see,S_INTRODUCES_FEATURE,CAMERA_2,autofocus_points,This one has 179 autofocus points.,13~33
814,10,NONE,"['CAMERA_1', 'CAMERA_2']","{'CAMERA_1': ['long_exposure', 'optical_zoom'], 'CAMERA_2': ['price', 'preset_modes', 'autofocus_points'], 'CAMERA_3': []}",C_THANK_YOU,CAMERA_2,NONE,thank you for your help,S_THANK_YOU,CAMERA_2,NONE,thank you very much,
814,11,NONE,"['CAMERA_1', 'CAMERA_2']","{'CAMERA_1': ['long_exposure', 'optical_zoom'], 'CAMERA_2': ['price', 'preset_modes', 'autofocus_points'], 'CAMERA_3': []}",C_LEAVES,DOOR,NONE,,S_RETURNS_TO_COUNTER,SERVICE_COUNTER,NONE,,
815,1,NONE,[],"{'CAMERA_1': [], 'CAMERA_2': [], 'CAMERA_3': []}",C_ENTERS,DOOR,NONE,,S_NONE,SERVICE_COUNTER,NONE,,
815,2,NONE,[],"{'CAMERA_1': [], 'CAMERA_2': [], 'CAMERA_3': []}",C_WALKS_TO_CAMERA,CAMERA_1,NONE,,S_NONE,SERVICE_COUNTER,NONE,,
815,3,NONE,[],"{'CAMERA_1': [], 'CAMERA_2': [], 'CAMERA_3': []}",C_EXAMINES_CAMERA,CAMERA_1,NONE,,S_GREETS,CAMERA_1,NONE,can I help you?,
815,4,CAMERA_2,['CAMERA_2'],"{'CAMERA_1': [], 'CAMERA_2': [], 'CAMERA_3': []}",C_LOOKING_FOR_A_CAMERA,CAMERA_1,NONE,I'm looking for a camera,S_INTRODUCES_CAMERA,CAMERA_2,,Let me show you this. Here we have the Sony Alpha a6000.,39~55
815,5,CAMERA_2,['CAMERA_2'],"{'CAMERA_1': [], 'CAMERA_2': ['color'], 'CAMERA_3': []}",C_QUESTION_ABOUT_FEATURE,CAMERA_2,color,what colors does this one come in,S_ANSWERS_QUESTION_ABOUT_FEATURE,CAMERA_2,color,"This one comes in white, silver, black.",18~38
815,6,CAMERA_2,['CAMERA_2'],"{'CAMERA_1': [], 'CAMERA_2': ['color', 'sensor_size'], 'CAMERA_3': []}",C_QUESTION_ABOUT_FEATURE,CAMERA_2,sensor_size,what is the sensor size,S_ANSWERS_QUESTION_ABOUT_FEATURE,CAMERA_2,sensor_size,This one has a APS-C sensor (crop sensor).,15~41
815,7,NONE,['CAMERA_2'],"{'CAMERA_1': [], 'CAMERA_2': ['color', 'sensor_size'], 'CAMERA_3': []}",C_THANK_YOU,CAMERA_2,NONE,thank you for your help,S_THANK_YOU,CAMERA_2,NONE,thank you very much,
815,8,NONE,['CAMERA_2'],"{'CAMERA_1': [], 'CAMERA_2': ['color', 'sensor_size'], 'CAMERA_3': []}",C_LEAVES,DOOR,NONE,,S_RETURNS_TO_COUNTER,SERVICE_COUNTER,NONE,,
816,1,NONE,[],"{'CAMERA_1': [], 'CAMERA_2': [], 'CAMERA_3': []}",C_ENTERS,DOOR,NONE,,S_NONE,SERVICE_COUNTER,NONE,,
816,2,NONE,[],"{'CAMERA_1': [], 'CAMERA_2': [], 'CAMERA_3': []}",C_WALKS_TO_CAMERA,CAMERA_1,NONE,,S_GREETS,CAMERA_1,NONE,can I help you?,
816,3,CAMERA_1,['CAMERA_1'],"{'CAMERA_1': [], 'CAMERA_2': [], 'CAMERA_3': []}",C_LOOKING_FOR_A_CAMERA,CAMERA_1,NONE,I'm looking for a camera,S_INTRODUCES_CAMERA,CAMERA_1,,Let me show you this. Here we have the Nikon Coolpix S2800.,39~58
816,4,CAMERA_1,['CAMERA_1'],"{'CAMERA_1': ['preset_modes'], 'CAMERA_2': [], 'CAMERA_3': []}",C_SILENT_OR_BACKCHANNEL,CAMERA_1,NONE,alright,S_INTRODUCES_FEATURE,CAMERA_1,preset_modes,"This one has 18 preset modes (e.g. beach, snow, night portrait).",13~63
816,5,CAMERA_1,['CAMERA_1'],"{'CAMERA_1': ['preset_modes', 'settings'], 'CAMERA_2': [], 'CAMERA_3': []}",C_QUESTION_ABOUT_FEATURE,CAMERA_1,settings,what kind of settings does it have,S_ANSWERS_QUESTION_ABOUT_FEATURE,CAMERA_1,settings,This one has limited manual settings.,13~36
816,6,NONE,['CAMERA_1'],"{'CAMERA_1': ['preset_modes', 'settings'], 'CAMERA_2': [], 'CAMERA_3': []}",C_THANK_YOU,CAMERA_1,NONE,thank you for your help,S_THANK_YOU,CAMERA_1,NONE,thank you very much,
816,7,NONE,['CAMERA_1'],"{'CAMERA_1': ['preset_modes', 'settings'], 'CAMERA_2': [], 'CAMERA_3': []}",C_LEAVES,DOOR,NONE,,S_RETURNS_TO_COUNTER,SERVICE_COUNTER,NONE,,
817,1,NONE,[],"{'CAMERA_1': [], 'CAMERA_2': [], 'CAMERA_3': []}",C_ENTERS,DOOR,NONE,,S_NONE,SERVICE_COUNTER,NONE,,
817,2,NONE,[],"{'CAMERA_1': [], 'CAMERA_2': [], 'CAMERA_3': []}",C_WALKS_TO_CAMERA,CAMERA_2,NONE,,S_GREETS,CAMERA_2,NONE,can I help you?,
817,3,CAMERA_2,['CAMERA_2'],"{'CAMERA_1': [], 'CAMERA_2': [], 'CAMERA_3': []}",C_LOOKING_FOR_A_CAMERA,CAMERA_2,NONE,I'm looking for a camera,S_INTRODUCES_CAMERA,CAMERA_2,,Let me show you this. Here we have the Sony Alpha a6000.,39~55
817,4,CAMERA_2,['CAMERA_2'],"{'CAMERA_1': [], 'CAMERA_2': ['settings'], 'CAMERA_3': []}",C_SILENT_OR_BACKCHANNEL,CAMERA_2,NONE,alright,S_INTRODUCES_FEATURE,CAMERA_2,settings,This one has full manual control.,13~32
817,5,CAMERA_2,['CAMERA_2'],"{'CAMERA_1': [], 'CAMERA_2': ['settings', 'autofocus_points'], 'CAMERA_3': []}",C_SILENT_OR_BACKCHANNEL,CAMERA_2,NONE,I see,S_INTRODUCES_FEATURE,CAMERA_2,autofocus_points,This one has 179 autofocus points.,13~33
817,6,CAMERA_2,['CAMERA_2'],"{'CAMERA_1': [], 'CAMERA_2': ['settings', 'autofocus_points', 'ISO'], 'CAMERA_3': []}",C_QUESTION_ABOUT_FEATURE,CAMERA_2,ISO,what is the ISO,S_ANSWERS_QUESTION_ABOUT_FEATURE,CAMERA_2,ISO,This one has up to 3200 ISO with little noise.,13~45
817,7,CAMERA_2,['CAMERA_2'],"{'CAMERA_1': [], 'CAMERA_2': ['settings', 'autofocus_points', 'ISO', 'sensor_size'], 'CAMERA_3': []}",C_QUESTION_ABOUT_FEATURE,CAMERA_2,sensor_size,what is the sensor size,S_ANSWERS_QUESTION_ABOUT_FEATURE,CAMERA_2,sensor_size,This one has a APS-C sensor (crop sensor).,15~41
817,8,CAMERA_2,['CAMERA_2'],"{'CAMERA_1': [], 'CAMERA_2': ['settings', 'autofocus_points', 'ISO', 'sensor_size', 'color'], 'CAMERA_3': []}",C_SILENT_OR_BACKCHANNEL,CAMERA_2,NONE,I see,S_INTRODUCES_FEATURE,CAMERA_2,color,"This one comes in white, silver, black.",18~38
817,9,CAMERA_2,['CAMERA_2'],"{'CAMERA_1': [], 'CAMERA_2': ['settings', 'autofocus_points', 'ISO', 'sensor_size', 'color', 'optical_zoom'], 'CAMERA_3': []}",C_QUESTION_ABOUT_FEATURE,CAMERA_2,optical_zoom,does it have optical zoom,S_NOT_SURE,CAMERA_2,,I'm not really sure about that,
817,10,CAMERA_2,['CAMERA_2'],"{'CAMERA_1': [], 'CAMERA_2': ['settings', 'autofocus_points', 'ISO', 'sensor_size', 'color', 'optical_zoom', 'camera_type'], 'CAMERA_3': []}",C_QUESTION_ABOUT_FEATURE,CAMERA_2,camera_type,what kind of camera is this,S_ANSWERS_QUESTION_ABOUT_FEATURE,CAMERA_2,camera_type,This is a mirrorless camera.,10~20
817,11,CAMERA_2,['CAMERA_2'],"{'CAMERA_1': [], 'CAMERA_2': ['settings', 'autofocus_points', 'ISO', 'sensor_size', 'color', 'optical_zoom', 'camera_type', 'resolution'], 'CAMERA_3': []}",C_QUESTION_ABOUT_FEATURE,CAMERA_2,resolution,what is the resolution,S_NOT_SURE,CAMERA_2,,I'm not really sure about that,
817,12,CAMERA_2,['CAMERA_2'],"{'CAMERA_1': [], 'CAMERA_2': ['settings', 'autofocus_points', 'ISO', 'sensor_size', 'color', 'optical_zoom', 'camera_type', 'resolution', 'price'], 'CAMERA_3': []}",C_SILENT_OR_BACKCHANNEL,CAMERA_2,NONE,okay,S_INTRODUCES_FEATURE,CAMERA_2,price,This one costs $1341.,15~20
817,13,CAMERA_3,"['CAMERA_2', 'CAMERA_3']","{'CAMERA_1': [], 'CAMERA_2': ['settings', 'autofocus_points', 'ISO', 'sensor_size', 'color', 'optical_zoom', 'camera_type', 'resolution', 'price'], 'CAMERA_3': []}",C_ANYTHING_ELSE_AVAILABLE,CAMERA_2,NONE,ok do you have any other cameras,S_INTRODUCES_CAMERA,CAMERA_3,,Let me show you this. Here we have the Canon EOS 5D Mark III.,39~60
817,14,CAMERA_3,"['CAMERA_2', 'CAMERA_3']","{'CAMERA_1': [], 'CAMERA_2': ['settings', 'autofocus_points', 'ISO', 'sensor_size', 'color', 'optical_zoom', 'camera_type', 'resolution', 'price'], 'CAMERA_3': ['sensor_size']}",C_SILENT_OR_BACKCHANNEL,CAMERA_3,NONE,alright,S_INTRODUCES_FEATURE,CAMERA_3,sensor_size,This one has a full frame.,15~25
817,15,CAMERA_3,"['CAMERA_2', 'CAMERA_3']","{'CAMERA_1': [], 'CAMERA_2': ['settings', 'autofocus_points', 'ISO', 'sensor_size', 'color', 'optical_zoom', 'camera_type', 'resolution', 'price'], 'CAMERA_3': ['sensor_size', 'weight']}",C_SILENT_OR_BACKCHANNEL,CAMERA_3,NONE,alright,S_INTRODUCES_FEATURE,CAMERA_3,weight,This one weighs 950 grams (only body).,16~37
817,16,CAMERA_1,"['CAMERA_2', 'CAMERA_3', 'CAMERA_1']","{'CAMERA_1': [], 'CAMERA_2': ['settings', 'autofocus_points', 'ISO', 'sensor_size', 'color', 'optical_zoom', 'camera_type', 'resolution', 'price'], 'CAMERA_3': ['sensor_size', 'weight']}",C_ANYTHING_ELSE_AVAILABLE,CAMERA_3,NONE,ok do you have any other cameras,S_INTRODUCES_CAMERA,CAMERA_1,,Let me show you this. Here we have the Nikon Coolpix S2800.,39~58
817,17,CAMERA_1,"['CAMERA_2', 'CAMERA_3', 'CAMERA_1']","{'CAMERA_1': ['camera_type'], 'CAMERA_2': ['settings', 'autofocus_points', 'ISO', 'sensor_size', 'color', 'optical_zoom', 'camera_type', 'resolution', 'price'], 'CAMERA_3': ['sensor_size', 'weight']}",C_SILENT_OR_BACKCHANNEL,CAMERA_1,NONE,I see,S_INTRODUCES_FEATURE,CAMERA_1,camera_type,This is a point and shoot camera.,10~25
817,18,CAMERA_1,"['CAMERA_2', 'CAMERA_3', 'CAMERA_1']","{'CAMERA_1': ['camera_type', 'color'], 'CAMERA_2': ['settings', 'autofocus_points', 'ISO', 'sensor_size', 'color', 'optical_zoom', 'camera_type', 'resolution', 'price'], 'CAMERA_3': ['sensor_size', 'weight']}",C_SILENT_OR_BACKCHANNEL,CAMERA_1,NONE,alright,S_INTRODUCES_FEATURE,CAMERA_1,color,"This one comes in purple, pink, black, silver, red.",18~50
817,19,CAMERA_1,"['CAMERA_2', 'CAMERA_3', 'CAMERA_1']","{'CAMERA_1': ['camera_type', 'color', 'autofocus_points'], 'CAMERA_2': ['settings', 'autofocus_points', 'ISO', 'sensor_size', 'color', 'optical_zoom', 'camera_type', 'resolution', 'price'], 'CAMERA_3': ['sensor_size', 'weight']}",C_QUESTION_ABOUT_FEATURE,CAMERA_1,autofocus_points,how many autofocus points does it have,S_NOT_SURE,CAMERA_1,,I'm not really sure about that,
817,20,CAMERA_1,"['CAMERA_2', 'CAMERA_3', 'CAMERA_1']","{'CAMERA_1': ['camera_type', 'color', 'autofocus_points', 'weight'], 'CAMERA_2': ['settings', 'autofocus_points', 'ISO', 'sensor_size', 'color', 'optical_zoom', 'camera_type', 'resolution', 'price'], 'CAMERA_3': ['sensor_size', 'weight']}",C_QUESTION_ABOUT_FEATURE,CAMERA_1,weight,how much does this one weigh,S_ANSWERS_QUESTION_ABOUT_FEATURE,CAMERA_1,weight,This one weighs 120 grams.,16~25
817,21,CAMERA_1,"['CAMERA_2', 'CAMERA_3', 'CAMERA_1']","{'CAMERA_1': ['camera_type', 'color', 'autofocus_points', 'weight', 'preset_modes'], 'CAMERA_2': ['settings', 'autofocus_points', 'ISO', 'sensor_size', 'color', 'optical_zoom', 'camera_type', 'resolution', 'price'], 'CAMERA_3': ['sensor_size', 'weight']}",C_SILENT_OR_BACKCHANNEL,CAMERA_1,NONE,I see,S_INTRODUCES_FEATURE,CAMERA_1,preset_modes,"This one has 18 preset modes (e.g. beach, snow, night portrait).",13~63
817,22,CAMERA_1,"['CAMERA_2', 'CAMERA_3', 'CAMERA_1']","{'CAMERA_1': ['camera_type', 'color', 'autofocus_points', 'weight', 'preset_modes', 'resolution'], 'CAMERA_2': ['settings', 'autofocus_points', 'ISO', 'sensor_size', 'color', 'optical_zoom', 'camera_type', 'resolution', 'price'], 'CAMERA_3': ['sensor_size', 'weight']}",C_SILENT_OR_BACKCHANNEL,CAMERA_1,NONE,I see,S_INTRODUCES_FEATURE,CAMERA_1,resolution,This one has 20.1 megapixels resolution.,13~28
817,23,CAMERA_1,"['CAMERA_2', 'CAMERA_3', 'CAMERA_1']","{'CAMERA_1': ['camera_type', 'color', 'autofocus_points', 'weight', 'preset_modes', 'resolution', 'settings'], 'CAMERA_2': ['settings', 'autofocus_points', 'ISO', 'sensor_size', 'color', 'optical_zoom', 'camera_type', 'resolution', 'price'], 'CAMERA_3': ['sensor_size', 'weight']}",C_QUESTION_ABOUT_FEATURE,CAMERA_1,settings,what kind of settings does it have,S_ANSWERS_QUESTION_ABOUT_FEATURE,CAMERA_1,settings,This one has limited manual settings.,13~36
817,24,CAMERA_1,"['CAMERA_2', 'CAMERA_3', 'CAMERA_1']","{'CAMERA_1': ['camera_type', 'color', 'autofocus_points', 'weight', 'preset_modes', 'resolution', 'settings', 'effects'], 'CAMERA_2': ['settings', 'autofocus_points', 'ISO', 'sensor_size', 'color', 'optical_zoom', 'camera_type', 'resolution', 'price'], 'CAMERA_3': ['sensor_size', 'weight']}",C_QUESTION_ABOUT_FEATURE,CAMERA_1,effects,does it have any effect modes,S_ANSWERS_QUESTION_ABOUT_FEATURE,CAMERA_1,effects,"This one has 12 glamor retouch effects (e.g. skin softening, small face, big eyes).",13~82
817,25,CAMERA_1,"['CAMERA_2', 'CAMERA_3', 'CAMERA_1']","{'CAMERA_1': ['camera_type', 'color', 'autofocus_points', 'weight', 'preset_modes', 'resolution', 'settings', 'effects', 'ISO'], 'CAMERA_2': ['settings', 'autofocus_points', 'ISO', 'sensor_size', 'color', 'optical_zoom', 'camera_type', 'resolution', 'price'], 'CAMERA_3': ['sensor_size', 'weight']}",C_QUESTION_ABOUT_FEATURE,CAMERA_1,ISO,what is the ISO,S_NOT_SURE,CAMERA_1,,I'm not really sure about that,
817,26,CAMERA_1,"['CAMERA_2', 'CAMERA_3', 'CAMERA_1']","{'CAMERA_1': ['camera_type', 'color', 'autofocus_points', 'weight', 'preset_modes', 'resolution', 'settings', 'effects', 'ISO', 'sensor_size'], 'CAMERA_2': ['settings', 'autofocus_points', 'ISO', 'sensor_size', 'color', 'optical_zoom', 'camera_type', 'resolution', 'price'], 'CAMERA_3': ['sensor_size', 'weight']}",C_QUESTION_ABOUT_FEATURE,CAMERA_1,sensor_size,what is the sensor size,S_NOT_SURE,CAMERA_1,,I'm not really sure about that,
817,27,CAMERA_1,"['CAMERA_2', 'CAMERA_3', 'CAMERA_1']","{'CAMERA_1': ['camera_type', 'color', 'autofocus_points', 'weight', 'preset_modes', 'resolution', 'settings', 'effects', 'ISO', 'sensor_size', 'optical_zoom'], 'CAMERA_2': ['settings', 'autofocus_points', 'ISO', 'sensor_size', 'color', 'optical_zoom', 'camera_type', 'resolution', 'price'], 'CAMERA_3': ['sensor_size', 'weight']}",C_QUESTION_ABOUT_FEATURE,CAMERA_1,optical_zoom,does it have optical zoom,S_ANSWERS_QUESTION_ABOUT_FEATURE,CAMERA_1,optical_zoom,This one has 5x optical zoom.,13~28
817,28,CAMERA_1,"['CAMERA_2', 'CAMERA_3', 'CAMERA_1']","{'CAMERA_1': ['camera_type', 'color', 'autofocus_points', 'weight', 'preset_modes', 'resolution', 'settings', 'effects', 'ISO', 'sensor_size', 'optical_zoom', 'long_exposure'], 'CAMERA_2': ['settings', 'autofocus_points', 'ISO', 'sensor_size', 'color', 'optical_zoom', 'camera_type', 'resolution', 'price'], 'CAMERA_3': ['sensor_size', 'weight']}",C_QUESTION_ABOUT_FEATURE,CAMERA_1,long_exposure,can it take long exposure shots,S_NOT_SURE,CAMERA_1,,I'm not really sure about that,
817,29,CAMERA_1,"['CAMERA_2', 'CAMERA_3', 'CAMERA_1']","{'CAMERA_1': ['camera_type', 'color', 'autofocus_points', 'weight', 'preset_modes', 'resolution', 'settings', 'effects', 'ISO', 'sensor_size', 'optical_zoom', 'long_exposure', 'price'], 'CAMERA_2': ['settings', 'autofocus_points', 'ISO', 'sensor_size', 'color', 'optical_zoom', 'camera_type', 'resolution', 'price'], 'CAMERA_3': ['sensor_size', 'weight']}",C_QUESTION_ABOUT_FEATURE,CAMERA_1,price,how much does it cost,S_ANSWERS_QUESTION_ABOUT_FEATURE,CAMERA_1,price,This one costs $2173.,15~20
817,30,CAMERA_1,"['CAMERA_2', 'CAMERA_3', 'CAMERA_1']","{'CAMERA_1': ['camera_type', 'color', 'autofocus_points', 'weight', 'preset_modes', 'resolution', 'settings', 'effects', 'ISO', 'sensor_size', 'optical_zoom', 'long_exposure', 'price', 'price'], 'CAMERA_2': ['settings', 'autofocus_points', 'ISO', 'sensor_size', 'color', 'optical_zoom', 'camera_type', 'resolution', 'price'], 'CAMERA_3': ['sensor_size', 'weight']}",C_QUESTION_ABOUT_FEATURE,CAMERA_1,price,how much does it cost,S_ANSWERS_QUESTION_ABOUT_FEATURE,CAMERA_1,price,This one costs $2173.,15~20
817,31,,"['CAMERA_2', 'CAMERA_3', 'CAMERA_1']","{'CAMERA_1': ['camera_type', 'color', 'autofocus_points', 'weight', 'preset_modes', 'resolution', 'settings', 'effects', 'ISO', 'sensor_size', 'optical_zoom', 'long_exposure', 'price', 'price'], 'CAMERA_2': ['settings', 'autofocus_points', 'ISO', 'sensor_size', 'color', 'optical_zoom', 'camera_type', 'resolution', 'price'], 'CAMERA_3': ['sensor_size', 'weight']}",C_ANYTHING_ELSE_AVAILABLE,CAMERA_1,NONE,ok do you have any other cameras,S_THATS_ALL_WE_HAVE_AVAILABLE,CAMERA_1,,That’s all we have available at the moment.,
817,32,NONE,"['CAMERA_2', 'CAMERA_3', 'CAMERA_1']","{'CAMERA_1': ['camera_type', 'color', 'autofocus_points', 'weight', 'preset_modes', 'resolution', 'settings', 'effects', 'ISO', 'sensor_size', 'optical_zoom', 'long_exposure', 'price', 'price'], 'CAMERA_2': ['settings', 'autofocus_points', 'ISO', 'sensor_size', 'color', 'optical_zoom', 'camera_type', 'resolution', 'price'], 'CAMERA_3': ['sensor_size', 'weight']}",C_THANK_YOU,CAMERA_1,NONE,thank you for your help,S_THANK_YOU,CAMERA_1,NONE,thank you very much,
817,33,NONE,"['CAMERA_2', 'CAMERA_3', 'CAMERA_1']","{'CAMERA_1': ['camera_type', 'color', 'autofocus_points', 'weight', 'preset_modes', 'resolution', 'settings', 'effects', 'ISO', 'sensor_size', 'optical_zoom', 'long_exposure', 'price', 'price'], 'CAMERA_2': ['settings', 'autofocus_points', 'ISO', 'sensor_size', 'color', 'optical_zoom', 'camera_type', 'resolution', 'price'], 'CAMERA_3': ['sensor_size', 'weight']}",C_LEAVES,DOOR,NONE,,S_RETURNS_TO_COUNTER,SERVICE_COUNTER,NONE,,
818,1,NONE,[],"{'CAMERA_1': [], 'CAMERA_2': [], 'CAMERA_3': []}",C_ENTERS,DOOR,NONE,,S_NONE,SERVICE_COUNTER,NONE,,
818,2,NONE,[],"{'CAMERA_1': [], 'CAMERA_2': [], 'CAMERA_3': []}",C_GREETS,MIDDLE,NONE,hello,S_GREETS,MIDDLE,NONE,can I help you?,
818,3,CAMERA_2,['CAMERA_2'],"{'CAMERA_1': [], 'CAMERA_2': [], 'CAMERA_3': []}",C_LOOKING_FOR_A_CAMERA,MIDDLE,NONE,I'm looking for a camera,S_INTRODUCES_CAMERA,CAMERA_2,,Let me show you this. Here we have the Sony Alpha a6000.,39~55
818,4,CAMERA_2,['CAMERA_2'],"{'CAMERA_1': [], 'CAMERA_2': ['optical_zoom'], 'CAMERA_3': []}",C_QUESTION_ABOUT_FEATURE,CAMERA_2,optical_zoom,does it have optical zoom,S_NOT_SURE,CAMERA_2,,I'm not really sure about that,
818,5,CAMERA_2,['CAMERA_2'],"{'CAMERA_1': [], 'CAMERA_2': ['optical_zoom', 'camera_type'], 'CAMERA_3': []}",C_QUESTION_ABOUT_FEATURE,CAMERA_2,camera_type,what kind of camera is this,S_ANSWERS_QUESTION_ABOUT_FEATURE,CAMERA_2,camera_type,This is a mirrorless camera.,10~20
818,6,CAMERA_2,['CAMERA_2'],"{'CAMERA_1': [], 'CAMERA_2': ['optical_zoom', 'camera_type', 'weight'], 'CAMERA_3': []}",C_QUESTION_ABOUT_FEATURE,CAMERA_2,weight,how much does this one weigh,S_ANSWERS_QUESTION_ABOUT_FEATURE,CAMERA_2,weight,This one weighs 470 grams.,16~25
818,7,CAMERA_2,['CAMERA_2'],"{'CAMERA_1': [], 'CAMERA_2': ['optical_zoom', 'camera_type', 'weight', 'long_exposure'], 'CAMERA_3': []}",C_QUESTION_ABOUT_FEATURE,CAMERA_2,long_exposure,can it take long exposure shots,S_ANSWERS_QUESTION_ABOUT_FEATURE,CAMERA_2,long_exposure,This one can take long exposures up to up to 30 seconds.,39~55
818,8,CAMERA_2,['CAMERA_2'],"{'CAMERA_1': [], 'CAMERA_2': ['optical_zoom', 'camera_type', 'weight', 'long_exposure', 'effects'], 'CAMERA_3': []}",C_QUESTION_ABOUT_FEATURE,CAMERA_2,effects,does it have any effect modes,S_ANSWERS_QUESTION_ABOUT_FEATURE,CAMERA_2,effects,"This one has 13 artistic effect modes (e.g. toy camera, soft focus).",13~67
818,9,CAMERA_2,['CAMERA_2'],"{'CAMERA_1': [], 'CAMERA_2': ['optical_zoom', 'camera_type', 'weight', 'long_exposure', 'effects', 'sensor_size'], 'CAMERA_3': []}",C_SILENT_OR_BACKCHANNEL,CAMERA_2,NONE,okay,S_INTRODUCES_FEATURE,CAMERA_2,sensor_size,This one has a APS-C sensor (crop sensor).,15~41
818,10,CAMERA_3,"['CAMERA_2', 'CAMERA_3']","{'CAMERA_1': [], 'CAMERA_2': ['optical_zoom', 'camera_type', 'weight', 'long_exposure', 'effects', 'sensor_size'], 'CAMERA_3': []}",C_ANYTHING_ELSE_AVAILABLE,CAMERA_2,NONE,ok do you have any other cameras,S_INTRODUCES_CAMERA,CAMERA_3,,Let me show you this. Here we have the Canon EOS 5D Mark III.,39~60
818,11,CAMERA_3,"['CAMERA_2', 'CAMERA_3']","{'CAMERA_1': [], 'CAMERA_2': ['optical_zoom', 'camera_type', 'weight', 'long_exposure', 'effects', 'sensor_size'], 'CAMERA_3': ['price']}",C_QUESTION_ABOUT_FEATURE,CAMERA_3,price,how much does it cost,S_ANSWERS_QUESTION_ABOUT_FEATURE,CAMERA_3,price,This one costs $3706.,15~20
818,12,CAMERA_3,"['CAMERA_2', 'CAMERA_3']","{'CAMERA_1': [], 'CAMERA_2': ['optical_zoom', 'camera_type', 'weight', 'long_exposure', 'effects', 'sensor_size'], 'CAMERA_3': ['price', 'autofocus_points']}",C_SILENT_OR_BACKCHANNEL,CAMERA_3,NONE,alright,S_INTRODUCES_FEATURE,CAMERA_3,autofocus_points,This one has 61 autofocus points.,13~32
818,13,CAMERA_3,"['CAMERA_2', 'CAMERA_3']","{'CAMERA_1': [], 'CAMERA_2': ['optical_zoom', 'camera_type', 'weight', 'long_exposure', 'effects', 'sensor_size'], 'CAMERA_3': ['price', 'autofocus_points', 'optical_zoom']}",C_QUESTION_ABOUT_FEATURE,CAMERA_3,optical_zoom,does it have optical zoom,S_NOT_SURE,CAMERA_3,,I'm not really sure about that,
818,14,CAMERA_3,"['CAMERA_2', 'CAMERA_3']","{'CAMERA_1': [], 'CAMERA_2': ['optical_zoom', 'camera_type', 'weight', 'long_exposure', 'effects', 'sensor_size'], 'CAMERA_3': ['price', 'autofocus_points', 'optical_zoom', 'sensor_size']}",C_QUESTION_ABOUT_FEATURE,CAMERA_3,sensor_size,what is the sensor size,S_ANSWERS_QUESTION_ABOUT_FEATURE,CAMERA_3,sensor_size,This one has a full frame.,15~25
818,15,CAMERA_3,"['CAMERA_2', 'CAMERA_3']","{'CAMERA_1': [], 'CAMERA_2': ['optical_zoom', 'camera_type', 'weight', 'long_exposure', 'effects', 'sensor_size'], 'CAMERA_3': ['price', 'autofocus_points', 'optical_zoom', 'sensor_size', 'preset_modes']}",C_QUESTION_ABOUT_FEATURE,CAMERA_3,preset_modes,does it have preset modes,S_NOT_SURE,CAMERA_3,,I'm not really sure about that,
818,16,CAMERA_3,"['CAMERA_2', 'CAMERA_3']","{'CAMERA_1': [], 'CAMERA_2': ['optical_zoom', 'camera_type', 'weight', 'long_exposure', 'effects', 'sensor_size'], 'CAMERA_3': ['price', 'autofocus_points', 'optical_zoom', 'sensor_size', 'preset_modes', 'weight']}",C_QUESTION_ABOUT_FEATURE,CAMERA_3,weight,how much does this one weigh,S_ANSWERS_QUESTION_ABOUT_FEATURE,CAMERA_3,weight,This one weighs 950 grams (only body).,16~37
818,17,CAMERA_3,"['CAMERA_2', 'CAMERA_3']","{'CAMERA_1': [], 'CAMERA_2': ['optical_zoom', 'camera_type', 'weight', 'long_exposure', 'effects', 'sensor_size'], 'CAMERA_3': ['price', 'autofocus_points', 'optical_zoom', 'sensor_size', 'preset_modes', 'weight', 'color']}",C_SILENT_OR_BACKCHANNEL,CAMERA_3,NONE,I see,S_INTRODUCES_FEATURE,CAMERA_3,color,This one comes in black.,18~23
818,18,CAMERA_3,"['CAMERA_2', 'CAMERA_3']","{'CAMERA_1': [], 'CAMERA_2': ['optical_zoom', 'camera_type', 'weight', 'long_exposure', 'effects', 'sensor_size'], 'CAMERA_3': ['price', 'autofocus_points', 'optical_zoom', 'sensor_size', 'preset_modes', 'weight', 'color', 'long_exposure']}",C_QUESTION_ABOUT_FEATURE,CAMERA_3,long_exposure,can it take long exposure shots,S_ANSWERS_QUESTION_ABOUT_FEATURE,CAMERA_3,long_exposure,"This one can take long exposures up to up to 30 seconds, bulb mode: expose as long as you want.",39~94
818,19,CAMERA_1,"['CAMERA_2', 'CAMERA_3', 'CAMERA_1']","{'CAMERA_1': [], 'CAMERA_2': ['optical_zoom', 'camera_type', 'weight', 'long_exposure', 'effects', 'sensor_size'], 'CAMERA_3': ['price', 'autofocus_points', 'optical_zoom', 'sensor_size', 'preset_modes', 'weight', 'color', 'long_exposure']}",C_ANYTHING_ELSE_AVAILABLE,CAMERA_3,NONE,ok do you have any other cameras,S_INTRODUCES_CAMERA,CAMERA_1,,Let me show you this. Here we have the Nikon Coolpix S2800.,39~58
818,20,CAMERA_1,"['CAMERA_2', 'CAMERA_3', 'CAMERA_1']","{'CAMERA_1': ['color'], 'CAMERA_2': ['optical_zoom', 'camera_type', 'weight', 'long_exposure', 'effects', 'sensor_size'], 'CAMERA_3': ['price', 'autofocus_points', 'optical_zoom', 'sensor_size', 'preset_modes', 'weight', 'color', 'long_exposure']}",C_SILENT_OR_BACKCHANNEL,CAMERA_1,NONE,I see,S_INTRODUCES_FEATURE,CAMERA_1,color,"This one comes in purple, pink, black, silver, red.",18~50
818,21,,"['CAMERA_2', 'CAMERA_3', 'CAMERA_1']","{'CAMERA_1': ['color'], 'CAMERA_2': ['optical_zoom', 'camera_type', 'weight', 'long_exposure', 'effects', 'sensor_size'], 'CAMERA_3': ['price', 'autofocus_points', 'optical_zoom', 'sensor_size', 'preset_modes', 'weight', 'color', 'long_exposure']}",C_ANYTHING_ELSE_AVAILABLE,CAMERA_1,NONE,ok do you have any other cameras,S_THATS_ALL_WE_HAVE_AVAILABLE,CAMERA_1,,That’s all we have available at the moment.,
818,22,NONE,"['CAMERA_2', 'CAMERA_3', 'CAMERA_1']","{'CAMERA_1': ['color'], 'CAMERA_2': ['optical_zoom', 'camera_type', 'weight', 'long_exposure', 'effects', 'sensor_size'], 'CAMERA_3': ['price', 'autofocus_points', 'optical_zoom', 'sensor_size', 'preset_modes', 'weight', 'color', 'long_exposure']}",C_THANK_YOU,CAMERA_1,NONE,thank you for your help,S_THANK_YOU,CAMERA_1,NONE,thank you very much,
818,23,NONE,"['CAMERA_2', 'CAMERA_3', 'CAMERA_1']","{'CAMERA_1': ['color'], 'CAMERA_2': ['optical_zoom', 'camera_type', 'weight', 'long_exposure', 'effects', 'sensor_size'], 'CAMERA_3': ['price', 'autofocus_points', 'optical_zoom', 'sensor_size', 'preset_modes', 'weight', 'color', 'long_exposure']}",C_LEAVES,DOOR,NONE,,S_RETURNS_TO_COUNTER,SERVICE_COUNTER,NONE,,
819,1,NONE,[],"{'CAMERA_1': [], 'CAMERA_2': [], 'CAMERA_3': []}",C_ENTERS,DOOR,NONE,,S_NONE,SERVICE_COUNTER,NONE,,
819,2,NONE,[],"{'CAMERA_1': [], 'CAMERA_2': [], 'CAMERA_3': []}",C_GREETS,MIDDLE,NONE,hello,S_GREETS,MIDDLE,NONE,can I help you?,
819,3,CAMERA_2,['CAMERA_2'],"{'CAMERA_1': [], 'CAMERA_2': [], 'CAMERA_3': []}",C_LOOKING_FOR_A_CAMERA,MIDDLE,NONE,I'm looking for a camera,S_INTRODUCES_CAMERA,CAMERA_2,,Let me show you this. Here we have the Sony Alpha a6000.,39~55
819,4,CAMERA_2,['CAMERA_2'],"{'CAMERA_1': [], 'CAMERA_2': ['sensor_size'], 'CAMERA_3': []}",C_SILENT_OR_BACKCHANNEL,CAMERA_2,NONE,alright,S_INTRODUCES_FEATURE,CAMERA_2,sensor_size,This one has a APS-C sensor (crop sensor).,15~41
819,5,NONE,['CAMERA_2'],"{'CAMERA_1': [], 'CAMERA_2': ['sensor_size'], 'CAMERA_3': []}",C_THANK_YOU,CAMERA_2,NONE,thank you for your help,S_THANK_YOU,CAMERA_2,NONE,thank you very much,
819,6,NONE,['CAMERA_2'],"{'CAMERA_1': [], 'CAMERA_2': ['sensor_size'], 'CAMERA_3': []}",C_LEAVES,DOOR,NONE,,S_RETURNS_TO_COUNTER,SERVICE_COUNTER,NONE,,
820,1,NONE,[],"{'CAMERA_1': [], 'CAMERA_2': [], 'CAMERA_3': []}",C_ENTERS,DOOR,NONE,,S_NONE,SERVICE_COUNTER,NONE,,
820,2,NONE,[],"{'CAMERA_1': [], 'CAMERA_2': [], 'CAMERA_3': []}",C_WALKS_TO_CAMERA,CAMERA_3,NONE,,S_NONE,SERVICE_COUNTER,NONE,,
820,3,CAMERA_3,['CAMERA_3'],"{'CAMERA_1': [], 'CAMERA_2': [], 'CAMERA_3': ['camera_type']}",C_QUESTION_ABOUT_FEATURE,CAMERA_3,camera_type,what kind of camera is this,S_ANSWERS_QUESTION_ABOUT_FEATURE,CAMERA_3,camera_type,This is a DSLR camera.,10~14
820,4,CAMERA_3,['CAMERA_3'],"{'CAMERA_1': [], 'CAMERA_2': [], 'CAMERA_3': ['camera_type', 'settings']}",C_QUESTION_ABOUT_FEATURE,CAMERA_3,settings,what kind of settings does it have,S_ANSWERS_QUESTION_ABOUT_FEATURE,CAMERA_3,settings,This one has full manual control.,13~32
820,5,CAMERA_3,['CAMERA_3'],"{'CAMERA_1': [], 'CAMERA_2': [], 'CAMERA_3': ['camera_type', 'settings', 'color']}",C_SILENT_OR_BACKCHANNEL,CAMERA_3,NONE,alright,S_INTRODUCES_FEATURE,CAMERA_3,color,This one comes in black.,18~23
820,6,CAMERA_3,['CAMERA_3'],"{'CAMERA_1': [], 'CAMERA_2': [], 'CAMERA_3': ['camera_type', 'settings', 'color', 'ISO']}",C_SILENT_OR_BACKCHANNEL,CAMERA_3,NONE,alright,S_INTRODUCES_FEATURE,CAMERA_3,ISO,This one has up to 6400 ISO with little noise.,13~45
820,7,NONE,['CAMERA_3'],"{'CAMERA_1': [], 'CAMERA_2': [], 'CAMERA_3': ['camera_type', 'settings', 'color', 'ISO']}",C_THANK_YOU,CAMERA_3,NONE,thank you for your help,S_THANK_YOU,CAMERA_3,NONE,thank you very much,
820,8,NONE,['CAMERA_3'],"{'CAMERA_1': [], 'CAMERA_2': [], 'CAMERA_3': ['camera_type', 'settings', 'color', 'ISO']}",C_LEAVES,DOOR,NONE,,S_RETURNS_TO_COUNTER,SERVICE_COUNTER,NONE,,
821,1,NONE,[],"{'CAMERA_1': [], 'CAMERA_2': [], 'CAMERA_3': []}",C_ENTERS,DOOR,NONE,,S_NONE,SERVICE_COUNTER,NONE,,
821,2,NONE,[],"{'CAMERA_1': [], 'CAMERA_2': [], 'CAMERA_3': []}",C_GREETS,MIDDLE,NONE,hello,S_GREETS,MIDDLE,NONE,can I help you?,
821,3,CAMERA_1,['CAMERA_1'],"{'CAMERA_1': [], 'CAMERA_2': [], 'CAMERA_3': []}",C_LOOKING_FOR_A_CAMERA,MIDDLE,NONE,I'm looking for a camera,S_INTRODUCES_CAMERA,CAMERA_1,,Let me show you this. Here we have the Nikon Coolpix S2800.,39~58
821,4,CAMERA_1,['CAMERA_1'],"{'CAMERA_1': ['weight'], 'CAMERA_2': [], 'CAMERA_3': []}",C_QUESTION_ABOUT_FEATURE,CAMERA_1,weight,how much does this one weigh,S_ANSWERS_QUESTION_ABOUT_FEATURE,CAMERA_1,weight,This one weighs 120 grams.,16~25
821,5,CAMERA_1,['CAMERA_1'],"{'CAMERA_1': ['weight', 'optical_zoom'], 'CAMERA_2': [], 'CAMERA_3': []}",C_SILENT_OR_BACKCHANNEL,CAMERA_1,NONE,I see,S_INTRODUCES_FEATURE,CAMERA_1,optical_zoom,This one has 5x optical zoom.,13~28
821,6,NONE,['CAMERA_1'],"{'CAMERA_1': ['weight', 'optical_zoom'], 'CAMERA_2': [], 'CAMERA_3': []}",C_THANK_YOU,CAMERA_1,NONE,thank you for your help,S_THANK_YOU,CAMERA_1,NONE,thank you very much,
821,7,NONE,['CAMERA_1'],"{'CAMERA_1': ['weight', 'optical_zoom'], 'CAMERA_2': [], 'CAMERA_3': []}",C_LEAVES,DOOR,NONE,,S_RETURNS_TO_COUNTER,SERVICE_COUNTER,NONE,,
822,1,NONE,[],"{'CAMERA_1': [], 'CAMERA_2': [], 'CAMERA_3': []}",C_ENTERS,DOOR,NONE,,S_NONE,SERVICE_COUNTER,NONE,,
822,2,NONE,[],"{'CAMERA_1': [], 'CAMERA_2': [], 'CAMERA_3': []}",C_GREETS,MIDDLE,NONE,hello,S_GREETS,MIDDLE,NONE,can I help you?,
822,3,CAMERA_3,['CAMERA_3'],"{'CAMERA_1': [], 'CAMERA_2': [], 'CAMERA_3': []}",C_LOOKING_FOR_A_CAMERA,MIDDLE,NONE,I'm looking for a camera,S_INTRODUCES_CAMERA,CAMERA_3,,Let me show you this. Here we have the Canon EOS 5D Mark III.,39~60
822,4,CAMERA_3,['CAMERA_3'],"{'CAMERA_1': [], 'CAMERA_2': [], 'CAMERA_3': ['long_exposure']}",C_QUESTION_ABOUT_FEATURE,CAMERA_3,long_exposure,can it take long exposure shots,S_ANSWERS_QUESTION_ABOUT_FEATURE,CAMERA_3,long_exposure,"This one can take long exposures up to up to 30 seconds, bulb mode: expose as long as you want.",39~94
822,5,CAMERA_3,['CAMERA_3'],"{'CAMERA_1': [], 'CAMERA_2': [], 'CAMERA_3': ['long_exposure', 'autofocus_points']}",C_QUESTION_ABOUT_FEATURE,CAMERA_3,autofocus_points,how many autofocus points does it have,S_ANSWERS_QUESTION_ABOUT_FEATURE,CAMERA_3,autofocus_points,This one has 61 autofocus points.,13~32
822,6,CAMERA_3,['CAMERA_3'],"{'CAMERA_1': [], 'CAMERA_2': [], 'CAMERA_3': ['long_exposure', 'autofocus_points', 'price']}",C_SILENT_OR_BACKCHANNEL,CAMERA_3,NONE,alright,S_INTRODUCES_FEATURE,CAMERA_3,price,This one costs $3706.,15~20
822,7,CAMERA_3,['CAMERA_3'],"{'CAMERA_1': [], 'CAMERA_2': [], 'CAMERA_3': ['long_exposure', 'autofocus_points', 'price', 'ISO']}",C_SILENT_OR_BACKCHANNEL,CAMERA_3,NONE,alright,S_INTRODUCES_FEATURE,CAMERA_3,ISO,This one has up to 6400 ISO with little noise.,13~45
822,8,CAMERA_3,['CAMERA_3'],"{'CAMERA_1': [], 'CAMERA_2': [], 'CAMERA_3': ['long_exposure', 'autofocus_points', 'price', 'ISO', 'settings']}",C_SILENT_OR_BACKCHANNEL,CAMERA_3,NONE,alright,S_INTRODUCES_FEATURE,CAMERA_3,settings,This one has full manual control.,13~32
822,9,NONE,['CAMERA_3'],"{'CAMERA_1': [], 'CAMERA_2': [], 'CAMERA_3': ['long_exposure', 'autofocus_points', 'price', 'ISO', 'settings']}",C_THANK_YOU,CAMERA_3,NONE,thank you for your help,S_THANK_YOU,CAMERA_3,NONE,thank you very much,
822,10,NONE,['CAMERA_3'],"{'CAMERA_1': [], 'CAMERA_2': [], 'CAMERA_3': ['long_exposure', 'autofocus_points', 'price', 'ISO', 'settings']}",C_LEAVES,DOOR,NONE,,S_RETURNS_TO_COUNTER,SERVICE_COUNTER,NONE,,
823,1,NONE,[],"{'CAMERA_1': [], 'CAMERA_2': [], 'CAMERA_3': []}",C_ENTERS,DOOR,NONE,,S_NONE,SERVICE_COUNTER,NONE,,
823,2,NONE,[],"{'CAMERA_1': [], 'CAMERA_2': [], 'CAMERA_3': []}",C_WALKS_TO_CAMERA,CAMERA_3,NONE,,S_NONE,SERVICE_COUNTER,NONE,,
823,3,CAMERA_3,['CAMERA_3'],"{'CAMERA_1': [], 'CAMERA_2': [], 'CAMERA_3': ['preset_modes']}",C_QUESTION_ABOUT_FEATURE,CAMERA_3,preset_modes,does it have preset modes,S_NOT_SURE,CAMERA_3,,I'm not really sure about that,
823,4,NONE,['CAMERA_3'],"{'CAMERA_1': [], 'CAMERA_2': [], 'CAMERA_3': ['preset_modes']}",C_THANK_YOU,CAMERA_3,NONE,thank you for your help,S_THANK_YOU,CAMERA_3,NONE,thank you very much,
823,5,NONE,['CAMERA_3'],"{'CAMERA_1': [], 'CAMERA_2': [], 'CAMERA_3': ['preset_modes']}",C_LEAVES,DOOR,NONE,,S_RETURNS_TO_COUNTER,SERVICE_COUNTER,NONE,,
824,1,NONE,[],"{'CAMERA_1': [], 'CAMERA_2': [], 'CAMERA_3': []}",C_ENTERS,DOOR,NONE,,S_NONE,SERVICE_COUNTER,NONE,,
824,2,NONE,[],"{'CAMERA_1': [], 'CAMERA_2': [], 'CAMERA_3': []}",C_GREETS,MIDDLE,NONE,hello,S_GREETS,MIDDLE,NONE,can I help you?,
824,3,CAMERA_2,['CAMERA_2'],"{'CAMERA_1': [], 'CAMERA_2': [], 'CAMERA_3': []}",C_LOOKING_FOR_A_CAMERA,MIDDLE,NONE,I'm looking for a camera,S_INTRODUCES_CAMERA,CAMERA_2,,Let me show you this. Here we have the Sony Alpha a6000.,39~55
824,4,CAMERA_2,['CAMERA_2'],"{'CAMERA_1': [], 'CAMERA_2': ['ISO'], 'CAMERA_3': []}",C_QUESTION_ABOUT_FEATURE,CAMERA_2,ISO,what is the ISO,S_ANSWERS_QUESTION_ABOUT_FEATURE,CAMERA_2,ISO,This one has up to 3200 ISO with little noise.,13~45
824,5,CAMERA_2,['CAMERA_2'],"{'CAMERA_1': [], 'CAMERA_2': ['ISO', 'long_exposure'], 'CAMERA_3': []}",C_SILENT_OR_BACKCHANNEL,CAMERA_2,NONE,I see,S_INTRODUCES_FEATURE,CAMERA_2,long_exposure,This one can take long exposures up to up to 30 seconds.,39~55
824,6,CAMERA_3,"['CAMERA_2', 'CAMERA_3']","{'CAMERA_1': [], 'CAMERA_2': ['ISO', 'long_exposure'], 'CAMERA_3': []}",C_ANYTHING_ELSE_AVAILABLE,CAMERA_2,NONE,ok do you have any other cameras,S_INTRODUCES_CAMERA,CAMERA_3,,Let me show you this. Here we have the Canon EOS 5D Mark III.,39~60
824,7,CAMERA_3,"['CAMERA_2', 'CAMERA_3']","{'CAMERA_1': [], 'CAMERA_2': ['ISO', 'long_exposure'], 'CAMERA_3': ['sensor_size']}",C_QUESTION_ABOUT_FEATURE,CAMERA_3,sensor_size,what is the sensor size,S_ANSWERS_QUESTION_ABOUT_FEATURE,CAMERA_3,sensor_size,This one has a full frame.,15~25
824,8,CAMERA_3,"['CAMERA_2', 'CAMERA_3']","{'CAMERA_1': [], 'CAMERA_2': ['ISO', 'long_exposure'], 'CAMERA_3': ['sensor_size', 'optical_zoom']}",C_QUESTION_ABOUT_FEATURE,CAMERA_3,optical_zoom,does it have optical zoom,S_NOT_SURE,CAMERA_3,,I'm not really sure about that,
824,9,CAMERA_3,"['CAMERA_2', 'CAMERA_3']","{'CAMERA_1': [], 'CAMERA_2': ['ISO', 'long_exposure'], 'CAMERA_3': ['sensor_size', 'optical_zoom', 'long_exposure']}",C_QUESTION_ABOUT_FEATURE,CAMERA_3,long_exposure,can it take long exposure shots,S_ANSWERS_QUESTION_ABOUT_FEATURE,CAMERA_3,long_exposure,"This one can take long exposures up to up to 30 seconds, bulb mode: expose as long as you want.",39~94
824,10,CAMERA_3,"['CAMERA_2', 'CAMERA_3']","{'CAMERA_1': [], 'CAMERA_2': ['ISO', 'long_exposure'], 'CAMERA_3': ['sensor_size', 'optical_zoom', 'long_exposure', 'settings']}",C_QUESTION_ABOUT_FEATURE,CAMERA_3,settings,what kind of settings does it have,S_ANSWERS_QUESTION_ABOUT_FEATURE,CAMERA_3,settings,This one has full manual control.,13~32
824,11,NONE,"['CAMERA_2', 'CAMERA_3']","{'CAMERA_1': [], 'CAMERA_2': ['ISO', 'long_exposure'], 'CAMERA_3': ['sensor_size', 'optical_zoom', 'long_exposure', 'settings']}",C_THANK_YOU,CAMERA_3,NONE,thank you for your help,S_THANK_YOU,CAMERA_3,NONE,thank you very much,
824,12,NONE,"['CAMERA_2', 'CAMERA_3']","{'CAMERA_1': [], 'CAMERA_2': ['ISO', 'long_exposure'], 'CAMERA_3': ['sensor_size', 'optical_zoom', 'long_exposure', 'settings']}",C_LEAVES,DOOR,NONE,,S_RETURNS_TO_COUNTER,SERVICE_COUNTER,NONE,,
825,1,NONE,[],"{'CAMERA_1': [], 'CAMERA_2': [], 'CAMERA_3': []}",C_ENTERS,DOOR,NONE,,S_NONE,SERVICE_COUNTER,NONE,,
825,2,NONE,[],"{'CAMERA_1': [], 'CAMERA_2': [], 'CAMERA_3': []}",C_WALKS_TO_CAMERA,CAMERA_3,NONE,,S_GREETS,CAMERA_3,NONE,can I help you?,
825,3,CAMERA_3,['CAMERA_3'],"{'CAMERA_1': [], 'CAMERA_2': [], 'CAMERA_3': []}",C_LOOKING_FOR_A_CAMERA,CAMERA_3,NONE,I'm looking for a camera,S_INTRODUCES_CAMERA,CAMERA_3,,Let me show you this. Here we have the Canon EOS 5D Mark III.,39~60
825,4,CAMERA_3,['CAMERA_3'],"{'CAMERA_1': [], 'CAMERA_2': [], 'CAMERA_3': ['optical_zoom']}",C_QUESTION_ABOUT_FEATURE,CAMERA_3,optical_zoom,does it have optical zoom,S_NOT_SURE,CAMERA_3,,I'm not really sure about that,
825,5,CAMERA_3,['CAMERA_3'],"{'CAMERA_1': [], 'CAMERA_2': [], 'CAMERA_3': ['optical_zoom', 'effects']}",C_QUESTION_ABOUT_FEATURE,CAMERA_3,effects,does it have any effect modes,S_NOT_SURE,CAMERA_3,,I'm not really sure about that,
825,6,CAMERA_3,['CAMERA_3'],"{'CAMERA_1': [], 'CAMERA_2': [], 'CAMERA_3': ['optical_zoom', 'effects', 'autofocus_points']}",C_QUESTION_ABOUT_FEATURE,CAMERA_3,autofocus_points,how many autofocus points does it have,S_ANSWERS_QUESTION_ABOUT_FEATURE,CAMERA_3,autofocus_points,This one has 61 autofocus points.,13~32
825,7,NONE,['CAMERA_3'],"{'CAMERA_1': [], 'CAMERA_2': [], 'CAMERA_3': ['optical_zoom', 'effects', 'autofocus_points']}",C_THANK_YOU,CAMERA_3,NONE,thank you for your help,S_THANK_YOU,CAMERA_3,NONE,thank you very much,
825,8,NONE,['CAMERA_3'],"{'CAMERA_1': [], 'CAMERA_2': [], 'CAMERA_3': ['optical_zoom', 'effects', 'autofocus_points']}",C_LEAVES,DOOR,NONE,,S_RETURNS_TO_COUNTER,SERVICE_COUNTER,NONE,,
826,1,NONE,[],"{'CAMERA_1': [], 'CAMERA_2': [], 'CAMERA_3': []}",C_ENTERS,DOOR,NONE,,S_NONE,SERVICE_COUNTER,NONE,,
826,2,NONE,[],"{'CAMERA_1': [], 'CAMERA_2': [], 'CAMERA_3': []}",C_GREETS,MIDDLE,NONE,hello,S_GREETS,MIDDLE,NONE,can I help you?,
826,3,CAMERA_2,['CAMERA_2'],"{'CAMERA_1': [], 'CAMERA_2': [], 'CAMERA_3': []}",C_LOOKING_FOR_A_CAMERA,MIDDLE,NONE,I'm looking for a camera,S_INTRODUCES_CAMERA,CAMERA_2,,Let me show you this. Here we have the Sony Alpha a6000.,39~55
826,4,CAMERA_2,['CAMERA_2'],"{'CAMERA_1': [], 'CAMERA_2': ['effects'], 'CAMERA_3': []}",C_QUESTION_ABOUT_FEATURE,CAMERA_2,effects,does it have any effect modes,S_ANSWERS_QUESTION_ABOUT_FEATURE,CAMERA_2,effects,"This one has 13 artistic effect modes (e.g. toy camera, soft focus).",13~67
826,5,CAMERA_3,"['CAMERA_2', 'CAMERA_3']","{'CAMERA_1': [], 'CAMERA_2': ['effects'], 'CAMERA_3': []}",C_ANYTHING_ELSE_AVAILABLE,CAMERA_2,NONE,ok do you have any other cameras,S_INTRODUCES_CAMERA,CAMERA_3,,Let me show you this. Here we have the Canon EOS 5D Mark III.,39~60
826,6,CAMERA_3,"['CAMERA_2', 'CAMERA_3']","{'CAMERA_1': [], 'CAMERA_2': ['effects'], 'CAMERA_3': ['settings']}",C_SILENT_OR_BACKCHANNEL,CAMERA_3,NONE,alright,S_INTRODUCES_FEATURE,CAMERA_3,settings,This one has full manual control.,13~32
826,7,CAMERA_3,"['CAMERA_2', 'CAMERA_3']","{'CAMERA_1': [], 'CAMERA_2': ['effects'], 'CAMERA_3': ['settings', 'effects']}",C_QUESTION_ABOUT_FEATURE,CAMERA_3,effects,does it have any effect modes,S_NOT_SURE,CAMERA_3,,I'm not really sure about that,
826,8,CAMERA_1,"['CAMERA_2', 'CAMERA_3', 'CAMERA_1']","{'CAMERA_1': [], 'CAMERA_2': ['effects'], 'CAMERA_3': ['settings', 'effects']}",C_ANYTHING_ELSE_AVAILABLE,CAMERA_3,NONE,ok do you have any other cameras,S_INTRODUCES_CAMERA,CAMERA_1,,Let me show you this. Here we have the Nikon Coolpix S2800.,39~58
826,9,CAMERA_1,"['CAMERA_2', 'CAMERA_3', 'CAMERA_1']","{'CAMERA_1': ['effects'], 'CAMERA_2': ['effects'], 'CAMERA_3': ['settings', 'effects']}",C_QUESTION_ABOUT_FEATURE,CAMERA_1,effects,does it have any effect modes,S_ANSWERS_QUESTION_ABOUT_FEATURE,CAMERA_1,effects,"This one has 12 glamor retouch effects (e.g. skin softening, small face, big eyes).",13~82
826,10,NONE,"['CAMERA_2', 'CAMERA_3', 'CAMERA_1']","{'CAMERA_1': ['effects'], 'CAMERA_2': ['effects'], 'CAMERA_3': ['settings', 'effects']}",C_THANK_YOU,CAMERA_1,NONE,thank you for your help,S_THANK_YOU,CAMERA_1,NONE,thank you very much,
826,11,NONE,"['CAMERA_2', 'CAMERA_3', 'CAMERA_1']","{'CAMERA_1': ['effects'], 'CAMERA_2': ['effects'], 'CAMERA_3': ['settings', 'effects']}",C_LEAVES,DOOR,NONE,,S_RETURNS_TO_COUNTER,SERVICE_COUNTER,NONE,,
827,1,NONE,[],"{'CAMERA_1': [], 'CAMERA_2': [], 'CAMERA_3': []}",C_ENTERS,DOOR,NONE,,S_NONE,SERVICE_COUNTER,NONE,,
827,2,NONE,[],"{'CAMERA_1': [], 'CAMERA_2': [], 'CAMERA_3': []}",C_GREETS,MIDDLE,NONE,hello,S_GREETS,MIDDLE,NONE,can I help you?,
827,3,CAMERA_2,['CAMERA_2'],"{'CAMERA_1': [], 'CAMERA_2': [], 'CAMERA_3': []}",C_LOOKING_FOR_A_CAMERA,MIDDLE,NONE,I'm looking for a camera,S_INTRODUCES_CAMERA,CAMERA_2,,Let me show you this. Here we have the Sony Alpha a6000.,39~55
827,4,CAMERA_2,['CAMERA_2'],"{'CAMERA_1': [], 'CAMERA_2': ['sensor_size'], 'CAMERA_3': []}",C_SILENT_OR_BACKCHANNEL,CAMERA_2,NONE,alright,S_INTRODUCES_FEATURE,CAMERA_2,sensor_size,This one has a APS-C sensor (crop sensor).,15~41
827,5,CAMERA_2,['CAMERA_2'],"{'CAMERA_1': [], 'CAMERA_2': ['sensor_size', 'preset_modes'], 'CAMERA_3': []}",C_QUESTION_ABOUT_FEATURE,CAMERA_2,preset_modes,does it have preset modes,S_ANSWERS_QUESTION_ABOUT_FEATURE,CAMERA_2,preset_modes,"This one has 9 preset modes (e.g. beach, snow, night, portrait).",13~63
827,6,CAMERA_2,['CAMERA_2'],"{'CAMERA_1': [], 'CAMERA_2': ['sensor_size', 'preset_modes', 'camera_type'], 'CAMERA_3': []}",C_SILENT_OR_BACKCHANNEL,CAMERA_2,NONE,I see,S_INTRODUCES_FEATURE,CAMERA_2,camera_type,This is a mirrorless camera.,10~20
827,7,CAMERA_1,"['CAMERA_2', 'CAMERA_1']","{'CAMERA_1': [], 'CAMERA_2': ['sensor_size', 'preset_modes', 'camera_type'], 'CAMERA_3': []}",C_ANYTHING_ELSE_AVAILABLE,CAMERA_2,NONE,ok do you have any other cameras,S_INTRODUCES_CAMERA,CAMERA_1,,Let me show you this. Here we have the Nikon Coolpix S2800.,39~58
827,8,CAMERA_1,"['CAMERA_2', 'CAMERA_1']","{'CAMERA_1': ['camera_type'], 'CAMERA_2': ['sensor_size', 'preset_modes', 'camera_type'], 'CAMERA_3': []}",C_QUESTION_ABOUT_FEATURE,CAMERA_1,camera_type,what kind of camera is this,S_ANSWERS_QUESTION_ABOUT_FEATURE,CAMERA_1,camera_type,This is a point and shoot camera.,10~25
827,9,CAMERA_1,"['CAMERA_2', 'CAMERA_1']","{'CAMERA_1': ['camera_type', 'settings'], 'CAMERA_2': ['sensor_size', 'preset_modes', 'camera_type'], 'CAMERA_3': []}",C_QUESTION_ABOUT_FEATURE,CAMERA_1,settings,what kind of settings does it have,S_ANSWERS_QUESTION_ABOUT_FEATURE,CAMERA_1,settings,This one has limited manual settings.,13~36
827,10,CAMERA_1,"['CAMERA_2', 'CAMERA_1']","{'CAMERA_1': ['camera_type', 'settings', 'effects'], 'CAMERA_2': ['sensor_size', 'preset_modes', 'camera_type'], 'CAMERA_3': []}",C_QUESTION_ABOUT_FEATURE,CAMERA_1,effects,does it have any effect modes,S_ANSWERS_QUESTION_ABOUT_FEATURE,CAMERA_1,effects,"This one has 12 glamor retouch effects (e.g. skin softening, small face, big eyes).",13~82
827,11,CAMERA_1,"['CAMERA_2', 'CAMERA_1']","{'CAMERA_1': ['camera_type', 'settings', 'effects', 'autofocus_points'], 'CAMERA_2': ['sensor_size', 'preset_modes', 'camera_type'], 'CAMERA_3': []}",C_QUESTION_ABOUT_FEATURE,CAMERA_1,autofocus_points,how many autofocus points does it have,S_NOT_SURE,CAMERA_1,,I'm not really sure about that,
827,12,CAMERA_1,"['CAMERA_2', 'CAMERA_1']","{'CAMERA_1': ['camera_type', 'settings', 'effects', 'autofocus_points', 'sensor_size'], 'CAMERA_2': ['sensor_size', 'preset_modes', 'camera_type'], 'CAMERA_3': []}",C_QUESTION_ABOUT_FEATURE,CAMERA_1,sensor_size,what is the sensor size,S_NOT_SURE,CAMERA_1,,I'm not really sure about that,
827,13,CAMERA_1,"['CAMERA_2', 'CAMERA_1']","{'CAMERA_1': ['camera_type', 'settings', 'effects', 'autofocus_points', 'sensor_size', 'long_exposure'], 'CAMERA_2': ['sensor_size', 'preset_modes', 'camera_type'], 'CAMERA_3': []}",C_QUESTION_ABOUT_FEATURE,CAMERA_1,long_exposure,can it take long exposure shots,S_NOT_SURE,CAMERA_1,,I'm not really sure about that,
827,14,CAMERA_1,"['CAMERA_2', 'CAMERA_1']","{'CAMERA_1': ['camera_type', 'settings', 'effects', 'autofocus_points', 'sensor_size', 'long_exposure', 'color'], 'CAMERA_2': ['sensor_size', 'preset_modes', 'camera_type'], 'CAMERA_3': []}",C_QUESTION_ABOUT_FEATURE,CAMERA_1,color,what colors does this one come in,S_ANSWERS_QUESTION_ABOUT_FEATURE,CAMERA_1,color,"This one comes in purple, pink, black, silver, red.",18~50
827,15,NONE,"['CAMERA_2', 'CAMERA_1']","{'CAMERA_1': ['camera_type', 'settings', 'effects', 'autofocus_points', 'sensor_size', 'long_exposure', 'color'], 'CAMERA_2': ['sensor_size', 'preset_modes', 'camera_type'], 'CAMERA_3': []}",C_THANK_YOU,CAMERA_1,NONE,thank you for your help,S_THANK_YOU,CAMERA_1,NONE,thank you very much,
827,16,NONE,"['CAMERA_2', 'CAMERA_1']","{'CAMERA_1': ['camera_type', 'settings', 'effects', 'autofocus_points', 'sensor_size', 'long_exposure', 'color'], 'CAMERA_2': ['sensor_size', 'preset_modes', 'camera_type'], 'CAMERA_3': []}",C_LEAVES,DOOR,NONE,,S_RETURNS_TO_COUNTER,SERVICE_COUNTER,NONE,,
828,1,NONE,[],"{'CAMERA_1': [], 'CAMERA_2': [], 'CAMERA_3': []}",C_ENTERS,DOOR,NONE,,S_NONE,SERVICE_COUNTER,NONE,,
828,2,NONE,[],"{'CAMERA_1': [], 'CAMERA_2': [], 'CAMERA_3': []}",C_WALKS_TO_CAMERA,CAMERA_3,NONE,,S_GREETS,CAMERA_3,NONE,can I help you?,
828,3,CAMERA_1,['CAMERA_1'],"{'CAMERA_1': [], 'CAMERA_2': [], 'CAMERA_3': []}",C_LOOKING_FOR_A_CAMERA,CAMERA_3,NONE,I'm looking for a camera,S_INTRODUCES_CAMERA,CAMERA_1,,Let me show you this. Here we have the Nikon Coolpix S2800.,39~58
828,4,CAMERA_1,['CAMERA_1'],"{'CAMERA_1': ['resolution'], 'CAMERA_2': [], 'CAMERA_3': []}",C_SILENT_OR_BACKCHANNEL,CAMERA_1,NONE,I see,S_INTRODUCES_FEATURE,CAMERA_1,resolution,This one has 20.1 megapixels resolution.,13~28
828,5,CAMERA_3,"['CAMERA_1', 'CAMERA_3']","{'CAMERA_1': ['resolution'], 'CAMERA_2': [], 'CAMERA_3': []}",C_ANYTHING_ELSE_AVAILABLE,CAMERA_1,NONE,ok do you have any other cameras,S_INTRODUCES_CAMERA,CAMERA_3,,Let me show you this. Here we have the Canon EOS 5D Mark III.,39~60
828,6,CAMERA_3,"['CAMERA_1', 'CAMERA_3']","{'CAMERA_1': ['resolution'], 'CAMERA_2': [], 'CAMERA_3': ['price']}",C_SILENT_OR_BACKCHANNEL,CAMERA_3,NONE,okay,S_INTRODUCES_FEATURE,CAMERA_3,price,This one costs $3706.,15~20
828,7,NONE,"['CAMERA_1', 'CAMERA_3']","{'CAMERA_1': ['resolution'], 'CAMERA_2': [], 'CAMERA_3': ['price']}",C_THANK_YOU,CAMERA_3,NONE,thank you for your help,S_THANK_YOU,CAMERA_3,NONE,thank you very much,
828,8,NONE,"['CAMERA_1', 'CAMERA_3']","{'CAMERA_1': ['resolution'], 'CAMERA_2': [], 'CAMERA_3': ['price']}",C_LEAVES,DOOR,NONE,,S_RETURNS_TO_COUNTER,SERVICE_COUNTER,NONE,,
829,1,NONE,[],"{'CAMERA_1': [], 'CAMERA_2': [], 'CAMERA_3': []}",C_ENTERS,DOOR,NONE,,S_NONE,SERVICE_COUNTER,NONE,,
829,2,NONE,[],"{'CAMERA_1': [], 'CAMERA_2': [], 'CAMERA_3': []}",C_GREETS,MIDDLE,NONE,hello,S_GREETS,MIDDLE,NONE,can I help you?,
829,3,CAMERA_1,['CAMERA_1'],"{'CAMERA_1': [], 'CAMERA_2': [], 'CAMERA_3': []}",C_LOOKING_FOR_A_CAMERA,MIDDLE,NONE,I'm looking for a camera,S_INTRODUCES_CAMERA,CAMERA_1,,Let me show you this. Here we have the Nikon Coolpix S2800.,39~58
829,4,CAMERA_1,['CAMERA_1'],"{'CAMERA_1': ['optical_zoom'], 'CAMERA_2': [], 'CAMERA_3': []}",C_QUESTION_ABOUT_FEATURE,CAMERA_1,optical_zoom,does it have optical zoom,S_ANSWERS_QUESTION_ABOUT_FEATURE,CAMERA_1,optical_zoom,This one has 5x optical zoom.,13~28
829,5,CAMERA_2,"['CAMERA_1', 'CAMERA_2']","{'CAMERA_1': ['optical_zoom'], 'CAMERA_2': [], 'CAMERA_3': []}",C_ANYTHING_ELSE_AVAILABLE,CAMERA_1,NONE,ok do you have any other cameras,S_INTRODUCES_CAMERA,CAMERA_2,,Let me show you this. Here we have the Sony Alpha a6000.,39~55
829,6,CAMERA_2,"['CAMERA_1', 'CAMERA_2']","{'CAMERA_1': ['optical_zoom'], 'CAMERA_2': ['long_exposure'], 'CAMERA_3': []}",C_QUESTION_ABOUT_FEATURE,CAMERA_2,long_exposure,can it take long exposure shots,S_ANSWERS_QUESTION_ABOUT_FEATURE,CAMERA_2,long_exposure,This one can take long exposures up to up to 30 seconds.,39~55
829,7,CAMERA_2,"['CAMERA_1', 'CAMERA_2']","{'CAMERA_1': ['optical_zoom'], 'CAMERA_2': ['long_exposure', 'resolution'], 'CAMERA_3': []}",C_QUESTION_ABOUT_FEATURE,CAMERA_2,resolution,what is the resolution,S_NOT_SURE,CAMERA_2,,I'm not really sure about that,
829,8,CAMERA_2,"['CAMERA_1', 'CAMERA_2']","{'CAMERA_1': ['optical_zoom'], 'CAMERA_2': ['long_exposure', 'resolution', 'color'], 'CAMERA_3': []}",C_QUESTION_ABOUT_FEATURE,CAMERA_2,color,what colors does this one come in,S_ANSWERS_QUESTION_ABOUT_FEATURE,CAMERA_2,color,"This one comes in white, silver, black.",18~38
829,9,CAMERA_3,"['CAMERA_1', 'CAMERA_2', 'CAMERA_3']","{'CAMERA_1': ['optical_zoom'], 'CAMERA_2': ['long_exposure', 'resolution', 'color'], 'CAMERA_3': []}",C_ANYTHING_ELSE_AVAILABLE,CAMERA_2,NONE,ok do you have any other cameras,S_INTRODUCES_CAMERA,CAMERA_3,,Let me show you this. Here we have the Canon EOS 5D Mark III.,39~60
829,10,CAMERA_3,"['CAMERA_1', 'CAMERA_2', 'CAMERA_3']","{'CAMERA_1': ['optical_zoom'], 'CAMERA_2': ['long_exposure', 'resolution', 'color'], 'CAMERA_3': ['color']}",C_SILENT_OR_BACKCHANNEL,CAMERA_3,NONE,I see,S_INTRODUCES_FEATURE,CAMERA_3,color,This one comes in black.,18~23
829,11,CAMERA_3,"['CAMERA_1', 'CAMERA_2', 'CAMERA_3']","{'CAMERA_1': ['optical_zoom'], 'CAMERA_2': ['long_exposure', 'resolution', 'color'], 'CAMERA_3': ['color', 'sensor_size']}",C_QUESTION_ABOUT_FEATURE,CAMERA_3,sensor_size,what is the sensor size,S_ANSWERS_QUESTION_ABOUT_FEATURE,CAMERA_3,sensor_size,This one has a full frame.,15~25
829,12,CAMERA_3,"['CAMERA_1', 'CAMERA_2', 'CAMERA_3']","{'CAMERA_1': ['optical_zoom'], 'CAMERA_2': ['long_exposure', 'resolution', 'color'], 'CAMERA_3': ['color', 'sensor_size', 'settings']}",C_QUESTION_ABOUT_FEATURE,CAMERA_3,settings,what kind of settings does it have,S_ANSWERS_QUESTION_ABOUT_FEATURE,CAMERA_3,settings,This one has full manual control.,13~32
829,13,NONE,"['CAMERA_1', 'CAMERA_2', 'CAMERA_3']","{'CAMERA_1': ['optical_zoom'], 'CAMERA_2': ['long_exposure', 'resolution', 'color'], 'CAMERA_3': ['color', 'sensor_size', 'settings']}",C_THANK_YOU,CAMERA_3,NONE,thank you for your help,S_THANK_YOU,CAMERA_3,NONE,thank you very much,
829,14,NONE,"['CAMERA_1', 'CAMERA_2', 'CAMERA_3']","{'CAMERA_1': ['optical_zoom'], 'CAMERA_2': ['long_exposure', 'resolution', 'color'], 'CAMERA_3': ['color', 'sensor_size', 'settings']}",C_LEAVES,DOOR,NONE,,S_RETURNS_TO_COUNTER,SERVICE_COUNTER,NONE,,
830,1,NONE,[],"{'CAMERA_1': [], 'CAMERA_2': [], 'CAMERA_3': []}",C_ENTERS,DOOR,NONE,,S_NONE,SERVICE_COUNTER,NONE,,
830,2,NONE,[],"{'CAMERA_1': [], 'CAMERA_2': [], 'CAMERA_3': []}",C_GREETS,MIDDLE,NONE,hello,S_GREETS,MIDDLE,NONE,can I help you?,
830,3,CAMERA_2,['CAMERA_2'],"{'CAMERA_1': [], 'CAMERA_2': [], 'CAMERA_3': []}",C_LOOKING_FOR_A_CAMERA,MIDDLE,NONE,I'm looking for a camera,S_INTRODUCES_CAMERA,CAMERA_2,,Let me show you this. Here we have the Sony Alpha a6000.,39~55
830,4,CAMERA_2,['CAMERA_2'],"{'CAMERA_1': [], 'CAMERA_2': ['long_exposure'], 'CAMERA_3': []}",C_QUESTION_ABOUT_FEATURE,CAMERA_2,long_exposure,can it take long exposure shots,S_ANSWERS_QUESTION_ABOUT_FEATURE,CAMERA_2,long_exposure,This one can take long exposures up to up to 30 seconds.,39~55
830,5,CAMERA_2,['CAMERA_2'],"{'CAMERA_1': [], 'CAMERA_2': ['long_exposure', 'preset_modes'], 'CAMERA_3': []}",C_QUESTION_ABOUT_FEATURE,CAMERA_2,preset_modes,does it have preset modes,S_ANSWERS_QUESTION_ABOUT_FEATURE,CAMERA_2,preset_modes,"This one has 9 preset modes (e.g. beach, snow, night, portrait).",13~63
830,6,CAMERA_2,['CAMERA_2'],"{'CAMERA_1': [], 'CAMERA_2': ['long_exposure', 'preset_modes', 'ISO'], 'CAMERA_3': []}",C_SILENT_OR_BACKCHANNEL,CAMERA_2,NONE,okay,S_INTRODUCES_FEATURE,CAMERA_2,ISO,This one has up to 3200 ISO with little noise.,13~45
830,7,CAMERA_2,['CAMERA_2'],"{'CAMERA_1': [], 'CAMERA_2': ['long_exposure', 'preset_modes', 'ISO', 'effects'], 'CAMERA_3': []}",C_QUESTION_ABOUT_FEATURE,CAMERA_2,effects,does it have any effect modes,S_ANSWERS_QUESTION_ABOUT_FEATURE,CAMERA_2,effects,"This one has 13 artistic effect modes (e.g. toy camera, soft focus).",13~67
830,8,CAMERA_2,['CAMERA_2'],"{'CAMERA_1': [], 'CAMERA_2': ['long_exposure', 'preset_modes', 'ISO', 'effects', 'settings'], 'CAMERA_3': []}",C_QUESTION_ABOUT_FEATURE,CAMERA_2,settings,what kind of settings does it have,S_ANSWERS_QUESTION_ABOUT_FEATURE,CAMERA_2,settings,This one has full manual control.,13~32
830,9,CAMERA_2,['CAMERA_2'],"{'CAMERA_1': [], 'CAMERA_2': ['long_exposure', 'preset_modes', 'ISO', 'effects', 'settings', 'weight'], 'CAMERA_3': []}",C_QUESTION_ABOUT_FEATURE,CAMERA_2,weight,how much does this one weigh,S_ANSWERS_QUESTION_ABOUT_FEATURE,CAMERA_2,weight,This one weighs 470 grams.,16~25
830,10,CAMERA_2,['CAMERA_2'],"{'CAMERA_1': [], 'CAMERA_2': ['long_exposure', 'preset_modes', 'ISO', 'effects', 'settings', 'weight', 'optical_zoom'], 'CAMERA_3': []}",C_QUESTION_ABOUT_FEATURE,CAMERA_2,optical_zoom,does it have optical zoom,S_NOT_SURE,CAMERA_2,,I'm not really sure about that,
830,11,CAMERA_2,['CAMERA_2'],"{'CAMERA_1': [], 'CAMERA_2': ['long_exposure', 'preset_modes', 'ISO', 'effects', 'settings', 'weight', 'optical_zoom', 'sensor_size'], 'CAMERA_3': []}",C_SILENT_OR_BACKCHANNEL,CAMERA_2,NONE,okay,S_INTRODUCES_FEATURE,CAMERA_2,sensor_size,This one has a APS-C sensor (crop sensor).,15~41
830,12,CAMERA_2,['CAMERA_2'],"{'CAMERA_1': [], 'CAMERA_2': ['long_exposure', 'preset_modes', 'ISO', 'effects', 'settings', 'weight', 'optical_zoom', 'sensor_size', 'color'], 'CAMERA_3': []}",C_QUESTION_ABOUT_FEATURE,CAMERA_2,color,what colors does this one come in,S_ANSWERS_QUESTION_ABOUT_FEATURE,CAMERA_2,color,"This one comes in white, silver, black.",18~38
830,13,CAMERA_2,['CAMERA_2'],"{'CAMERA_1': [], 'CAMERA_2': ['long_exposure', 'preset_modes', 'ISO', 'effects', 'settings', 'weight', 'optical_zoom', 'sensor_size', 'color', 'camera_type'], 'CAMERA_3': []}",C_SILENT_OR_BACKCHANNEL,CAMERA_2,NONE,okay,S_INTRODUCES_FEATURE,CAMERA_2,camera_type,This is a mirrorless camera.,10~20
830,14,CAMERA_2,['CAMERA_2'],"{'CAMERA_1': [], 'CAMERA_2': ['long_exposure', 'preset_modes', 'ISO', 'effects', 'settings', 'weight', 'optical_zoom', 'sensor_size', 'color', 'camera_type', 'autofocus_points'], 'CAMERA_3': []}",C_SILENT_OR_BACKCHANNEL,CAMERA_2,NONE,I see,S_INTRODUCES_FEATURE,CAMERA_2,autofocus_points,This one has 179 autofocus points.,13~33
830,15,CAMERA_2,['CAMERA_2'],"{'CAMERA_1': [], 'CAMERA_2': ['long_exposure', 'preset_modes', 'ISO', 'effects', 'settings', 'weight', 'optical_zoom', 'sensor_size', 'color', 'camera_type', 'autofocus_points', 'price'], 'CAMERA_3': []}",C_QUESTION_ABOUT_FEATURE,CAMERA_2,price,how much does it cost,S_ANSWERS_QUESTION_ABOUT_FEATURE,CAMERA_2,price,This one costs $1341.,15~20
830,16,CAMERA_2,['CAMERA_2'],"{'CAMERA_1': [], 'CAMERA_2': ['long_exposure', 'preset_modes', 'ISO', 'effects', 'settings', 'weight', 'optical_zoom', 'sensor_size', 'color', 'camera_type', 'autofocus_points', 'price', 'sensor_size'], 'CAMERA_3': []}",C_SILENT_OR_BACKCHANNEL,CAMERA_2,NONE,okay,S_INTRODUCES_FEATURE,CAMERA_2,sensor_size,This one has a APS-C sensor (crop sensor).,15~41
830,17,CAMERA_2,['CAMERA_2'],"{'CAMERA_1': [], 'CAMERA_2': ['long_exposure', 'preset_modes', 'ISO', 'effects', 'settings', 'weight', 'optical_zoom', 'sensor_size', 'color', 'camera_type', 'autofocus_points', 'price', 'sensor_size', 'price'], 'CAMERA_3': []}",C_SILENT_OR_BACKCHANNEL,CAMERA_2,NONE,I see,S_INTRODUCES_FEATURE,CAMERA_2,price,This one costs $1341.,15~20
830,18,CAMERA_2,['CAMERA_2'],"{'CAMERA_1': [], 'CAMERA_2': ['long_exposure', 'preset_modes', 'ISO', 'effects', 'settings', 'weight', 'optical_zoom', 'sensor_size', 'color', 'camera_type', 'autofocus_points', 'price', 'sensor_size', 'price', 'resolution'], 'CAMERA_3': []}",C_QUESTION_ABOUT_FEATURE,CAMERA_2,resolution,what is the resolution,S_NOT_SURE,CAMERA_2,,I'm not really sure about that,
830,19,CAMERA_2,['CAMERA_2'],"{'CAMERA_1': [], 'CAMERA_2': ['long_exposure', 'preset_modes', 'ISO', 'effects', 'settings', 'weight', 'optical_zoom', 'sensor_size', 'color', 'camera_type', 'autofocus_points', 'price', 'sensor_size', 'price', 'resolution', 'price'], 'CAMERA_3': []}",C_SILENT_OR_BACKCHANNEL,CAMERA_2,NONE,I see,S_INTRODUCES_FEATURE,CAMERA_2,price,This one costs $1341.,15~20
830,20,CAMERA_2,['CAMERA_2'],"{'CAMERA_1': [], 'CAMERA_2': ['long_exposure', 'preset_modes', 'ISO', 'effects', 'settings', 'weight', 'optical_zoom', 'sensor_size', 'color', 'camera_type', 'autofocus_points', 'price', 'sensor_size', 'price', 'resolution', 'price', 'long_exposure'], 'CAMERA_3': []}",C_QUESTION_ABOUT_FEATURE,CAMERA_2,long_exposure,can it take long exposure shots,S_ANSWERS_QUESTION_ABOUT_FEATURE,CAMERA_2,long_exposure,This one can take long exposures up to up to 30 seconds.,39~55
830,21,CAMERA_2,['CAMERA_2'],"{'CAMERA_1': [], 'CAMERA_2': ['long_exposure', 'preset_modes', 'ISO', 'effects', 'settings', 'weight', 'optical_zoom', 'sensor_size', 'color', 'camera_type', 'autofocus_points', 'price', 'sensor_size', 'price', 'resolution', 'price', 'long_exposure', 'color'], 'CAMERA_3': []}",C_SILENT_OR_BACKCHANNEL,CAMERA_2,NONE,okay,S_INTRODUCES_FEATURE,CAMERA_2,color,"This one comes in white, silver, black.",18~38
830,22,NONE,['CAMERA_2'],"{'CAMERA_1': [], 'CAMERA_2': ['long_exposure', 'preset_modes', 'ISO', 'effects', 'settings', 'weight', 'optical_zoom', 'sensor_size', 'color', 'camera_type', 'autofocus_points', 'price', 'sensor_size', 'price', 'resolution', 'price', 'long_exposure', 'color'], 'CAMERA_3': []}",C_THANK_YOU,CAMERA_2,NONE,thank you for your help,S_THANK_YOU,CAMERA_2,NONE,thank you very much,
830,23,NONE,['CAMERA_2'],"{'CAMERA_1': [], 'CAMERA_2': ['long_exposure', 'preset_modes', 'ISO', 'effects', 'settings', 'weight', 'optical_zoom', 'sensor_size', 'color', 'camera_type', 'autofocus_points', 'price', 'sensor_size', 'price', 'resolution', 'price', 'long_exposure', 'color'], 'CAMERA_3': []}",C_LEAVES,DOOR,NONE,,S_RETURNS_TO_COUNTER,SERVICE_COUNTER,NONE,,
831,1,NONE,[],"{'CAMERA_1': [], 'CAMERA_2': [], 'CAMERA_3': []}",C_ENTERS,DOOR,NONE,,S_NONE,SERVICE_COUNTER,NONE,,
831,2,NONE,[],"{'CAMERA_1': [], 'CAMERA_2': [], 'CAMERA_3': []}",C_GREETS,MIDDLE,NONE,hello,S_GREETS,MIDDLE,NONE,can I help you?,
831,3,CAMERA_1,['CAMERA_1'],"{'CAMERA_1': [], 'CAMERA_2': [], 'CAMERA_3': []}",C_LOOKING_FOR_A_CAMERA,MIDDLE,NONE,I'm looking for a camera,S_INTRODUCES_CAMERA,CAMERA_1,,Let me show you this. Here we have the Nikon Coolpix S2800.,39~58
831,4,CAMERA_1,['CAMERA_1'],"{'CAMERA_1': ['effects'], 'CAMERA_2': [], 'CAMERA_3': []}",C_QUESTION_ABOUT_FEATURE,CAMERA_1,effects,does it have any effect modes,S_ANSWERS_QUESTION_ABOUT_FEATURE,CAMERA_1,effects,"This one has 12 glamor retouch effects (e.g. skin softening, small face, big eyes).",13~82
831,5,CAMERA_1,['CAMERA_1'],"{'CAMERA_1': ['effects', 'settings'], 'CAMERA_2': [], 'CAMERA_3': []}",C_QUESTION_ABOUT_FEATURE,CAMERA_1,settings,what kind of settings does it have,S_ANSWERS_QUESTION_ABOUT_FEATURE,CAMERA_1,settings,This one has limited manual settings.,13~36
831,6,CAMERA_1,['CAMERA_1'],"{'CAMERA_1': ['effects', 'settings', 'resolution'], 'CAMERA_2': [], 'CAMERA_3': []}",C_QUESTION_ABOUT_FEATURE,CAMERA_1,resolution,what is the resolution,S_ANSWERS_QUESTION_ABOUT_FEATURE,CAMERA_1,resolution,This one has 20.1 megapixels resolution.,13~28
831,7,CAMERA_1,['CAMERA_1'],"{'CAMERA_1': ['effects', 'settings', 'resolution', 'autofocus_points'], 'CAMERA_2': [], 'CAMERA_3': []}",C_QUESTION_ABOUT_FEATURE,CAMERA_1,autofocus_points,how many autofocus points does it have,S_NOT_SURE,CAMERA_1,,I'm not really sure about that,
831,8,CAMERA_1,['CAMERA_1'],"{'CAMERA_1': ['effects', 'settings', 'resolution', 'autofocus_points', 'optical_zoom'], 'CAMERA_2': [], 'CAMERA_3': []}",C_QUESTION_ABOUT_FEATURE,CAMERA_1,optical_zoom,does it have optical zoom,S_ANSWERS_QUESTION_ABOUT_FEATURE,CAMERA_1,optical_zoom,This one has 5x optical zoom.,13~28
831,9,CAMERA_1,['CAMERA_1'],"{'CAMERA_1': ['effects', 'settings', 'resolution', 'autofocus_points', 'optical_zoom', 'weight'], 'CAMERA_2': [], 'CAMERA_3': []}",C_QUESTION_ABOUT_FEATURE,CAMERA_1,weight,how much does this one weigh,S_ANSWERS_QUESTION_ABOUT_FEATURE,CAMERA_1,weight,This one weighs 120 grams.,16~25
831,10,CAMERA_1,['CAMERA_1'],"{'CAMERA_1': ['effects', 'settings', 'resolution', 'autofocus_points', 'optical_zoom', 'weight', 'price'], 'CAMERA_2': [], 'CAMERA_3': []}",C_SILENT_OR_BACKCHANNEL,CAMERA_1,NONE,alright,S_INTRODUCES_FEATURE,CAMERA_1,price,This one costs $2173.,15~20
831,11,NONE,['CAMERA_1'],"{'CAMERA_1': ['effects', 'settings', 'resolution', 'autofocus_points', 'optical_zoom', 'weight', 'price'], 'CAMERA_2': [], 'CAMERA_3': []}",C_THANK_YOU,CAMERA_1,NONE,thank you for your help,S_THANK_YOU,CAMERA_1,NONE,thank you very much,
831,12,NONE,['CAMERA_1'],"{'CAMERA_1': ['effects', 'settings', 'resolution', 'autofocus_points', 'optical_zoom', 'weight', 'price'], 'CAMERA_2': [], 'CAMERA_3': []}",C_LEAVES,DOOR,NONE,,S_RETURNS_TO_COUNTER,SERVICE_COUNTER,NONE,,
832,1,NONE,[],"{'CAMERA_1': [], 'CAMERA_2': [], 'CAMERA_3': []}",C_ENTERS,DOOR,NONE,,S_NONE,SERVICE_COUNTER,NONE,,
832,2,NONE,[],"{'CAMERA_1': [], 'CAMERA_2': [], 'CAMERA_3': []}",C_GREETS,MIDDLE,NONE,hello,S_GREETS,MIDDLE,NONE,can I help you?,
832,3,CAMERA_3,['CAMERA_3'],"{'CAMERA_1': [], 'CAMERA_2': [], 'CAMERA_3': []}",C_LOOKING_FOR_A_CAMERA,MIDDLE,NONE,I'm looking for a camera,S_INTRODUCES_CAMERA,CAMERA_3,,Let me show you this. Here we have the Canon EOS 5D Mark III.,39~60
832,4,CAMERA_3,['CAMERA_3'],"{'CAMERA_1': [], 'CAMERA_2': [], 'CAMERA_3': ['weight']}",C_SILENT_OR_BACKCHANNEL,CAMERA_3,NONE,I see,S_INTRODUCES_FEATURE,CAMERA_3,weight,This one weighs 950 grams (only body).,16~37
832,5,CAMERA_3,['CAMERA_3'],"{'CAMERA_1': [], 'CAMERA_2': [], 'CAMERA_3': ['weight', 'price']}",C_SILENT_OR_BACKCHANNEL,CAMERA_3,NONE,okay,S_INTRODUCES_FEATURE,CAMERA_3,price,This one costs $3706.,15~20
832,6,CAMERA_3,['CAMERA_3'],"{'CAMERA_1': [], 'CAMERA_2': [], 'CAMERA_3': ['weight', 'price', 'sensor_size']}",C_QUESTION_ABOUT_FEATURE,CAMERA_3,sensor_size,what is the sensor size,S_ANSWERS_QUESTION_ABOUT_FEATURE,CAMERA_3,sensor_size,This one has a full frame.,15~25
832,7,CAMERA_3,['CAMERA_3'],"{'CAMERA_1': [], 'CAMERA_2': [], 'CAMERA_3': ['weight', 'price', 'sensor_size', 'color']}",C_SILENT_OR_BACKCHANNEL,CAMERA_3,NONE,alright,S_INTRODUCES_FEATURE,CAMERA_3,color,This one comes in black.,18~23
832,8,CAMERA_3,['CAMERA_3'],"{'CAMERA_1': [], 'CAMERA_2': [], 'CAMERA_3': ['weight', 'price', 'sensor_size', 'color', 'long_exposure']}",C_QUESTION_ABOUT_FEATURE,CAMERA_3,long_exposure,can it take long exposure shots,S_ANSWERS_QUESTION_ABOUT_FEATURE,CAMERA_3,long_exposure,"This one can take long exposures up to up to 30 seconds, bulb mode: expose as long as you want.",39~94
832,9,CAMERA_1,"['CAMERA_3', 'CAMERA_1']","{'CAMERA_1': [], 'CAMERA_2': [], 'CAMERA_3': ['weight', 'price', 'sensor_size', 'color', 'long_exposure']}",C_ANYTHING_ELSE_AVAILABLE,CAMERA_3,NONE,ok do you have any other cameras,S_INTRODUCES_CAMERA,CAMERA_1,,Let me show you this. Here we have the Nikon Coolpix S2800.,39~58
832,10,CAMERA_1,"['CAMERA_3', 'CAMERA_1']","{'CAMERA_1': ['color'], 'CAMERA_2': [], 'CAMERA_3': ['weight', 'price', 'sensor_size', 'color', 'long_exposure']}",C_QUESTION_ABOUT_FEATURE,CAMERA_1,color,what colors does this one come in,S_ANSWERS_QUESTION_ABOUT_FEATURE,CAMERA_1,color,"This one comes in purple, pink, black, silver, red.",18~50
832,11,CAMERA_1,"['CAMERA_3', 'CAMERA_1']","{'CAMERA_1': ['color', 'camera_type'], 'CAMERA_2': [], 'CAMERA_3': ['weight', 'price', 'sensor_size', 'color', 'long_exposure']}",C_QUESTION_ABOUT_FEATURE,CAMERA_1,camera_type,what kind of camera is this,S_ANSWERS_QUESTION_ABOUT_FEATURE,CAMERA_1,camera_type,This is a point and shoot camera.,10~25
832,12,CAMERA_1,"['CAMERA_3', 'CAMERA_1']","{'CAMERA_1': ['color', 'camera_type', 'ISO'], 'CAMERA_2': [], 'CAMERA_3': ['weight', 'price', 'sensor_size', 'color', 'long_exposure']}",C_QUESTION_ABOUT_FEATURE,CAMERA_1,ISO,what is the ISO,S_NOT_SURE,CAMERA_1,,I'm not really sure about that,
832,13,CAMERA_2,"['CAMERA_3', 'CAMERA_1', 'CAMERA_2']","{'CAMERA_1': ['color', 'camera_type', 'ISO'], 'CAMERA_2': [], 'CAMERA_3': ['weight', 'price', 'sensor_size', 'color', 'long_exposure']}",C_ANYTHING_ELSE_AVAILABLE,CAMERA_1,NONE,ok do you have any other cameras,S_INTRODUCES_CAMERA,CAMERA_2,,Let me show you this. Here we have the Sony Alpha a6000.,39~55
832,14,CAMERA_2,"['CAMERA_3', 'CAMERA_1', 'CAMERA_2']","{'CAMERA_1': ['color', 'camera_type', 'ISO'], 'CAMERA_2': ['color'], 'CAMERA_3': ['weight', 'price', 'sensor_size', 'color', 'long_exposure']}",C_QUESTION_ABOUT_FEATURE,CAMERA_2,color,what colors does this one come in,S_ANSWERS_QUESTION_ABOUT_FEATURE,CAMERA_2,color,"This one comes in white, silver, black.",18~38
832,15,CAMERA_2,"['CAMERA_3', 'CAMERA_1', 'CAMERA_2']","{'CAMERA_1': ['color', 'camera_type', 'ISO'], 'CAMERA_2': ['color', 'effects'], 'CAMERA_3': ['weight', 'price', 'sensor_size', 'color', 'long_exposure']}",C_QUESTION_ABOUT_FEATURE,CAMERA_2,effects,does it have any effect modes,S_ANSWERS_QUESTION_ABOUT_FEATURE,CAMERA_2,effects,"This one has 13 artistic effect modes (e.g. toy camera, soft focus).",13~67
832,16,,"['CAMERA_3', 'CAMERA_1', 'CAMERA_2']","{'CAMERA_1': ['color', 'camera_type', 'ISO'], 'CAMERA_2': ['color', 'effects'], 'CAMERA_3': ['weight', 'price', 'sensor_size', 'color', 'long_exposure']}",C_ANYTHING_ELSE_AVAILABLE,CAMERA_2,NONE,ok do you have any other cameras,S_THATS_ALL_WE_HAVE_AVAILABLE,CAMERA_2,,That’s all we have available at the moment.,
832,17,NONE,"['CAMERA_3', 'CAMERA_1', 'CAMERA_2']","{'CAMERA_1': ['color', 'camera_type', 'ISO'], 'CAMERA_2': ['color', 'effects'], 'CAMERA_3': ['weight', 'price', 'sensor_size', 'color', 'long_exposure']}",C_THANK_YOU,CAMERA_2,NONE,thank you for your help,S_THANK_YOU,CAMERA_2,NONE,thank you very much,
832,18,NONE,"['CAMERA_3', 'CAMERA_1', 'CAMERA_2']","{'CAMERA_1': ['color', 'camera_type', 'ISO'], 'CAMERA_2': ['color', 'effects'], 'CAMERA_3': ['weight', 'price', 'sensor_size', 'color', 'long_exposure']}",C_LEAVES,DOOR,NONE,,S_RETURNS_TO_COUNTER,SERVICE_COUNTER,NONE,,
833,1,NONE,[],"{'CAMERA_1': [], 'CAMERA_2': [], 'CAMERA_3': []}",C_ENTERS,DOOR,NONE,,S_NONE,SERVICE_COUNTER,NONE,,
833,2,NONE,[],"{'CAMERA_1': [], 'CAMERA_2': [], 'CAMERA_3': []}",C_GREETS,MIDDLE,NONE,hello,S_GREETS,MIDDLE,NONE,can I help you?,
833,3,CAMERA_1,['CAMERA_1'],"{'CAMERA_1': [], 'CAMERA_2': [], 'CAMERA_3': []}",C_LOOKING_FOR_A_CAMERA,MIDDLE,NONE,I'm looking for a camera,S_INTRODUCES_CAMERA,CAMERA_1,,Let me show you this. Here we have the Nikon Coolpix S2800.,39~58
833,4,CAMERA_1,['CAMERA_1'],"{'CAMERA_1': ['optical_zoom'], 'CAMERA_2': [], 'CAMERA_3': []}",C_QUESTION_ABOUT_FEATURE,CAMERA_1,optical_zoom,does it have optical zoom,S_ANSWERS_QUESTION_ABOUT_FEATURE,CAMERA_1,optical_zoom,This one has 5x optical zoom.,13~28
833,5,CAMERA_1,['CAMERA_1'],"{'CAMERA_1': ['optical_zoom', 'preset_modes'], 'CAMERA_2': [], 'CAMERA_3': []}",C_SILENT_OR_BACKCHANNEL,CAMERA_1,NONE,alright,S_INTRODUCES_FEATURE,CAMERA_1,preset_modes,"This one has 18 preset modes (e.g. beach, snow, night portrait).",13~63
833,6,CAMERA_1,['CAMERA_1'],"{'CAMERA_1': ['optical_zoom', 'preset_modes', 'resolution'], 'CAMERA_2': [], 'CAMERA_3': []}",C_SILENT_OR_BACKCHANNEL,CAMERA_1,NONE,okay,S_INTRODUCES_FEATURE,CAMERA_1,resolution,This one has 20.1 megapixels resolution.,13~28
833,7,CAMERA_1,['CAMERA_1'],"{'CAMERA_1': ['optical_zoom', 'preset_modes', 'resolution', 'camera_type'], 'CAMERA_2': [], 'CAMERA_3': []}",C_QUESTION_ABOUT_FEATURE,CAMERA_1,camera_type,what kind of camera is this,S_ANSWERS_QUESTION_ABOUT_FEATURE,CAMERA_1,camera_type,This is a point and shoot camera.,10~25
833,8,CAMERA_1,['CAMERA_1'],"{'CAMERA_1': ['optical_zoom', 'preset_modes', 'resolution', 'camera_type', 'weight'], 'CAMERA_2': [], 'CAMERA_3': []}",C_SILENT_OR_BACKCHANNEL,CAMERA_1,NONE,alright,S_INTRODUCES_FEATURE,CAMERA_1,weight,This one weighs 120 grams.,16~25
833,9,CAMERA_1,['CAMERA_1'],"{'CAMERA_1': ['optical_zoom', 'preset_modes', 'resolution', 'camera_type', 'weight', 'effects'], 'CAMERA_2': [], 'CAMERA_3': []}",C_SILENT_OR_BACKCHANNEL,CAMERA_1,NONE,okay,S_INTRODUCES_FEATURE,CAMERA_1,effects,"This one has 12 glamor retouch effects (e.g. skin softening, small face, big eyes).",13~82
833,10,CAMERA_1,['CAMERA_1'],"{'CAMERA_1': ['optical_zoom', 'preset_modes', 'resolution', 'camera_type', 'weight', 'effects', 'long_exposure'], 'CAMERA_2': [], 'CAMERA_3': []}",C_QUESTION_ABOUT_FEATURE,CAMERA_1,long_exposure,can it take long exposure shots,S_NOT_SURE,CAMERA_1,,I'm not really sure about that,
833,11,CAMERA_1,['CAMERA_1'],"{'CAMERA_1': ['optical_zoom', 'preset_modes', 'resolution', 'camera_type', 'weight', 'effects', 'long_exposure', 'settings'], 'CAMERA_2': [], 'CAMERA_3': []}",C_SILENT_OR_BACKCHANNEL,CAMERA_1,NONE,I see,S_INTRODUCES_FEATURE,CAMERA_1,settings,This one has limited manual settings.,13~36
833,12,CAMERA_1,['CAMERA_1'],"{'CAMERA_1': ['optical_zoom', 'preset_modes', 'resolution', 'camera_type', 'weight', 'effects', 'long_exposure', 'settings', 'color'], 'CAMERA_2': [], 'CAMERA_3': []}",C_SILENT_OR_BACKCHANNEL,CAMERA_1,NONE,alright,S_INTRODUCES_FEATURE,CAMERA_1,color,"This one comes in purple, pink, black, silver, red.",18~50
833,13,CAMERA_1,['CAMERA_1'],"{'CAMERA_1': ['optical_zoom', 'preset_modes', 'resolution', 'camera_type', 'weight', 'effects', 'long_exposure', 'settings', 'color', 'price'], 'CAMERA_2': [], 'CAMERA_3': []}",C_SILENT_OR_BACKCHANNEL,CAMERA_1,NONE,okay,S_INTRODUCES_FEATURE,CAMERA_1,price,This one costs $2173.,15~20
833,14,CAMERA_1,['CAMERA_1'],"{'CAMERA_1': ['optical_zoom', 'preset_modes', 'resolution', 'camera_type', 'weight', 'effects', 'long_exposure', 'settings', 'color', 'price', 'sensor_size'], 'CAMERA_2': [], 'CAMERA_3': []}",C_QUESTION_ABOUT_FEATURE,CAMERA_1,sensor_size,what is the sensor size,S_NOT_SURE,CAMERA_1,,I'm not really sure about that,
833,15,CAMERA_3,"['CAMERA_1', 'CAMERA_3']","{'CAMERA_1': ['optical_zoom', 'preset_modes', 'resolution', 'camera_type', 'weight', 'effects', 'long_exposure', 'settings', 'color', 'price', 'sensor_size'], 'CAMERA_2': [], 'CAMERA_3': []}",C_ANYTHING_ELSE_AVAILABLE,CAMERA_1,NONE,ok do you have any other cameras,S_INTRODUCES_CAMERA,CAMERA_3,,Let me show you this. Here we have the Canon EOS 5D Mark III.,39~60
833,16,CAMERA_3,"['CAMERA_1', 'CAMERA_3']","{'CAMERA_1': ['optical_zoom', 'preset_modes', 'resolution', 'camera_type', 'weight', 'effects', 'long_exposure', 'settings', 'color', 'price', 'sensor_size'], 'CAMERA_2': [], 'CAMERA_3': ['color']}",C_QUESTION_ABOUT_FEATURE,CAMERA_3,color,what colors does this one come in,S_ANSWERS_QUESTION_ABOUT_FEATURE,CAMERA_3,color,This one comes in black.,18~23
833,17,CAMERA_3,"['CAMERA_1', 'CAMERA_3']","{'CAMERA_1': ['optical_zoom', 'preset_modes', 'resolution', 'camera_type', 'weight', 'effects', 'long_exposure', 'settings', 'color', 'price', 'sensor_size'], 'CAMERA_2': [], 'CAMERA_3': ['color', 'sensor_size']}",C_QUESTION_ABOUT_FEATURE,CAMERA_3,sensor_size,what is the sensor size,S_ANSWERS_QUESTION_ABOUT_FEATURE,CAMERA_3,sensor_size,This one has a full frame.,15~25
833,18,CAMERA_3,"['CAMERA_1', 'CAMERA_3']","{'CAMERA_1': ['optical_zoom', 'preset_modes', 'resolution', 'camera_type', 'weight', 'effects', 'long_exposure', 'settings', 'color', 'price', 'sensor_size'], 'CAMERA_2': [], 'CAMERA_3': ['color', 'sensor_size', 'price']}",C_SILENT_OR_BACKCHANNEL,CAMERA_3,NONE,alright,S_INTRODUCES_FEATURE,CAMERA_3,price,This one costs $3706.,15~20
833,19,CAMERA_3,"['CAMERA_1', 'CAMERA_3']","{'CAMERA_1': ['optical_zoom', 'preset_modes', 'resolution', 'camera_type', 'weight', 'effects', 'long_exposure', 'settings', 'color', 'price', 'sensor_size'], 'CAMERA_2': [], 'CAMERA_3': ['color', 'sensor_size', 'price', 'effects']}",C_QUESTION_ABOUT_FEATURE,CAMERA_3,effects,does it have any effect modes,S_NOT_SURE,CAMERA_3,,I'm not really sure about that,
833,20,CAMERA_2,"['CAMERA_1', 'CAMERA_3', 'CAMERA_2']","{'CAMERA_1': ['optical_zoom', 'preset_modes', 'resolution', 'camera_type', 'weight', 'effects', 'long_exposure', 'settings', 'color', 'price', 'sensor_size'], 'CAMERA_2': [], 'CAMERA_3': ['color', 'sensor_size', 'price', 'effects']}",C_ANYTHING_ELSE_AVAILABLE,CAMERA_3,NONE,ok do you have any other cameras,S_INTRODUCES_CAMERA,CAMERA_2,,Let me show you this. Here we have the Sony Alpha a6000.,39~55
833,21,CAMERA_2,"['CAMERA_1', 'CAMERA_3', 'CAMERA_2']","{'CAMERA_1': ['optical_zoom', 'preset_modes', 'resolution', 'camera_type', 'weight', 'effects', 'long_exposure', 'settings', 'color', 'price', 'sensor_size'], 'CAMERA_2': ['ISO'], 'CAMERA_3': ['color', 'sensor_size', 'price', 'effects']}",C_SILENT_OR_BACKCHANNEL,CAMERA_2,NONE,okay,S_INTRODUCES_FEATURE,CAMERA_2,ISO,This one has up to 3200 ISO with little noise.,13~45
833,22,CAMERA_2,"['CAMERA_1', 'CAMERA_3', 'CAMERA_2']","{'CAMERA_1': ['optical_zoom', 'preset_modes', 'resolution', 'camera_type', 'weight', 'effects', 'long_exposure', 'settings', 'color', 'price', 'sensor_size'], 'CAMERA_2': ['ISO', 'sensor_size'], 'CAMERA_3': ['color', 'sensor_size', 'price', 'effects']}",C_QUESTION_ABOUT_FEATURE,CAMERA_2,sensor_size,what is the sensor size,S_ANSWERS_QUESTION_ABOUT_FEATURE,CAMERA_2,sensor_size,This one has a APS-C sensor (crop sensor).,15~41
833,23,CAMERA_2,"['CAMERA_1', 'CAMERA_3', 'CAMERA_2']","{'CAMERA_1': ['optical_zoom', 'preset_modes', 'resolution', 'camera_type', 'weight', 'effects', 'long_exposure', 'settings', 'color', 'price', 'sensor_size'], 'CAMERA_2': ['ISO', 'sensor_size', 'preset_modes'], 'CAMERA_3': ['color', 'sensor_size', 'price', 'effects']}",C_SILENT_OR_BACKCHANNEL,CAMERA_2,NONE,okay,S_INTRODUCES_FEATURE,CAMERA_2,preset_modes,"This one has 9 preset modes (e.g. beach, snow, night, portrait).",13~63
833,24,NONE,"['CAMERA_1', 'CAMERA_3', 'CAMERA_2']","{'CAMERA_1': ['optical_zoom', 'preset_modes', 'resolution', 'camera_type', 'weight', 'effects', 'long_exposure', 'settings', 'color', 'price', 'sensor_size'], 'CAMERA_2': ['ISO', 'sensor_size', 'preset_modes'], 'CAMERA_3': ['color', 'sensor_size', 'price', 'effects']}",C_THANK_YOU,CAMERA_2,NONE,thank you for your help,S_THANK_YOU,CAMERA_2,NONE,thank you very much,
833,25,NONE,"['CAMERA_1', 'CAMERA_3', 'CAMERA_2']","{'CAMERA_1': ['optical_zoom', 'preset_modes', 'resolution', 'camera_type', 'weight', 'effects', 'long_exposure', 'settings', 'color', 'price', 'sensor_size'], 'CAMERA_2': ['ISO', 'sensor_size', 'preset_modes'], 'CAMERA_3': ['color', 'sensor_size', 'price', 'effects']}",C_LEAVES,DOOR,NONE,,S_RETURNS_TO_COUNTER,SERVICE_COUNTER,NONE,,
834,1,NONE,[],"{'CAMERA_1': [], 'CAMERA_2': [], 'CAMERA_3': []}",C_ENTERS,DOOR,NONE,,S_NONE,SERVICE_COUNTER,NONE,,
834,2,NONE,[],"{'CAMERA_1': [], 'CAMERA_2': [], 'CAMERA_3': []}",C_WALKS_TO_CAMERA,CAMERA_1,NONE,,S_GREETS,CAMERA_1,NONE,can I help you?,
834,3,CAMERA_1,['CAMERA_1'],"{'CAMERA_1': [], 'CAMERA_2': [], 'CAMERA_3': []}",C_LOOKING_FOR_A_CAMERA,CAMERA_1,NONE,I'm looking for a camera,S_INTRODUCES_CAMERA,CAMERA_1,,Let me show you this. Here we have the Nikon Coolpix S2800.,39~58
834,4,CAMERA_1,['CAMERA_1'],"{'CAMERA_1': ['sensor_size'], 'CAMERA_2': [], 'CAMERA_3': []}",C_QUESTION_ABOUT_FEATURE,CAMERA_1,sensor_size,what is the sensor size,S_NOT_SURE,CAMERA_1,,I'm not really sure about that,
834,5,CAMERA_1,['CAMERA_1'],"{'CAMERA_1': ['sensor_size', 'effects'], 'CAMERA_2': [], 'CAMERA_3': []}",C_QUESTION_ABOUT_FEATURE,CAMERA_1,effects,does it have any effect modes,S_ANSWERS_QUESTION_ABOUT_FEATURE,CAMERA_1,effects,"This one has 12 glamor retouch effects (e.g. skin softening, small face, big eyes).",13~82
834,6,CAMERA_1,['CAMERA_1'],"{'CAMERA_1': ['sensor_size', 'effects', 'price'], 'CAMERA_2': [], 'CAMERA_3': []}",C_SILENT_OR_BACKCHANNEL,CAMERA_1,NONE,okay,S_INTRODUCES_FEATURE,CAMERA_1,price,This one costs $2173.,15~20
834,7,NONE,['CAMERA_1'],"{'CAMERA_1': ['sensor_size', 'effects', 'price'], 'CAMERA_2': [], 'CAMERA_3': []}",C_THANK_YOU,CAMERA_1,NONE,thank you for your help,S_THANK_YOU,CAMERA_1,NONE,thank you very much,
834,8,NONE,['CAMERA_1'],"{'CAMERA_1': ['sensor_size', 'effects', 'price'], 'CAMERA_2': [], 'CAMERA_3': []}",C_LEAVES,DOOR,NONE,,S_RETURNS_TO_COUNTER,SERVICE_COUNTER,NONE,,
835,1,NONE,[],"{'CAMERA_1': [], 'CAMERA_2': [], 'CAMERA_3': []}",C_ENTERS,DOOR,NONE,,S_NONE,SERVICE_COUNTER,NONE,,
835,2,NONE,[],"{'CAMERA_1': [], 'CAMERA_2': [], 'CAMERA_3': []}",C_WALKS_TO_CAMERA,CAMERA_2,NONE,,S_GREETS,CAMERA_2,NONE,can I help you?,
835,3,CAMERA_3,['CAMERA_3'],"{'CAMERA_1': [], 'CAMERA_2': [], 'CAMERA_3': []}",C_LOOKING_FOR_A_CAMERA,CAMERA_2,NONE,I'm looking for a camera,S_INTRODUCES_CAMERA,CAMERA_3,,Let me show you this. Here we have the Canon EOS 5D Mark III.,39~60
835,4,CAMERA_3,['CAMERA_3'],"{'CAMERA_1': [], 'CAMERA_2': [], 'CAMERA_3': ['sensor_size']}",C_QUESTION_ABOUT_FEATURE,CAMERA_3,sensor_size,what is the sensor size,S_ANSWERS_QUESTION_ABOUT_FEATURE,CAMERA_3,sensor_size,This one has a full frame.,15~25
835,5,CAMERA_3,['CAMERA_3'],"{'CAMERA_1': [], 'CAMERA_2': [], 'CAMERA_3': ['sensor_size', 'weight']}",C_QUESTION_ABOUT_FEATURE,CAMERA_3,weight,how much does this one weigh,S_ANSWERS_QUESTION_ABOUT_FEATURE,CAMERA_3,weight,This one weighs 950 grams (only body).,16~37
835,6,CAMERA_3,['CAMERA_3'],"{'CAMERA_1': [], 'CAMERA_2': [], 'CAMERA_3': ['sensor_size', 'weight', 'autofocus_points']}",C_QUESTION_ABOUT_FEATURE,CAMERA_3,autofocus_points,how many autofocus points does it have,S_ANSWERS_QUESTION_ABOUT_FEATURE,CAMERA_3,autofocus_points,This one has 61 autofocus points.,13~32
835,7,CAMERA_3,['CAMERA_3'],"{'CAMERA_1': [], 'CAMERA_2': [], 'CAMERA_3': ['sensor_size', 'weight', 'autofocus_points', 'ISO']}",C_SILENT_OR_BACKCHANNEL,CAMERA_3,NONE,I see,S_INTRODUCES_FEATURE,CAMERA_3,ISO,This one has up to 6400 ISO with little noise.,13~45
835,8,CAMERA_3,['CAMERA_3'],"{'CAMERA_1': [], 'CAMERA_2': [], 'CAMERA_3': ['sensor_size', 'weight', 'autofocus_points', 'ISO', 'camera_type']}",C_SILENT_OR_BACKCHANNEL,CAMERA_3,NONE,I see,S_INTRODUCES_FEATURE,CAMERA_3,camera_type,This is a DSLR camera.,10~14
835,9,CAMERA_3,['CAMERA_3'],"{'CAMERA_1': [], 'CAMERA_2': [], 'CAMERA_3': ['sensor_size', 'weight', 'autofocus_points', 'ISO', 'camera_type', 'resolution']}",C_QUESTION_ABOUT_FEATURE,CAMERA_3,resolution,what is the resolution,S_NOT_SURE,CAMERA_3,,I'm not really sure about that,
835,10,NONE,['CAMERA_3'],"{'CAMERA_1': [], 'CAMERA_2': [], 'CAMERA_3': ['sensor_size', 'weight', 'autofocus_points', 'ISO', 'camera_type', 'resolution']}",C_THANK_YOU,CAMERA_3,NONE,thank you for your help,S_THANK_YOU,CAMERA_3,NONE,thank you very much,
835,11,NONE,['CAMERA_3'],"{'CAMERA_1': [], 'CAMERA_2': [], 'CAMERA_3': ['sensor_size', 'weight', 'autofocus_points', 'ISO', 'camera_type', 'resolution']}",C_LEAVES,DOOR,NONE,,S_RETURNS_TO_COUNTER,SERVICE_COUNTER,NONE,,
836,1,NONE,[],"{'CAMERA_1': [], 'CAMERA_2': [], 'CAMERA_3': []}",C_ENTERS,DOOR,NONE,,S_NONE,SERVICE_COUNTER,NONE,,
836,2,NONE,[],"{'CAMERA_1': [], 'CAMERA_2': [], 'CAMERA_3': []}",C_GREETS,MIDDLE,NONE,hello,S_GREETS,MIDDLE,NONE,can I help you?,
836,3,CAMERA_3,['CAMERA_3'],"{'CAMERA_1': [], 'CAMERA_2': [], 'CAMERA_3': []}",C_LOOKING_FOR_A_CAMERA,MIDDLE,NONE,I'm looking for a camera,S_INTRODUCES_CAMERA,CAMERA_3,,Let me show you this. Here we have the Canon EOS 5D Mark III.,39~60
836,4,CAMERA_3,['CAMERA_3'],"{'CAMERA_1': [], 'CAMERA_2': [], 'CAMERA_3': ['effects']}",C_QUESTION_ABOUT_FEATURE,CAMERA_3,effects,does it have any effect modes,S_NOT_SURE,CAMERA_3,,I'm not really sure about that,
836,5,CAMERA_3,['CAMERA_3'],"{'CAMERA_1': [], 'CAMERA_2': [], 'CAMERA_3': ['effects', 'weight']}",C_QUESTION_ABOUT_FEATURE,CAMERA_3,weight,how much does this one weigh,S_ANSWERS_QUESTION_ABOUT_FEATURE,CAMERA_3,weight,This one weighs 950 grams (only body).,16~37
836,6,CAMERA_2,"['CAMERA_3', 'CAMERA_2']","{'CAMERA_1': [], 'CAMERA_2': [], 'CAMERA_3': ['effects', 'weight']}",C_ANYTHING_ELSE_AVAILABLE,CAMERA_3,NONE,ok do you have any other cameras,S_INTRODUCES_CAMERA,CAMERA_2,,Let me show you this. Here we have the Sony Alpha a6000.,39~55
836,7,CAMERA_2,"['CAMERA_3', 'CAMERA_2']","{'CAMERA_1': [], 'CAMERA_2': ['weight'], 'CAMERA_3': ['effects', 'weight']}",C_QUESTION_ABOUT_FEATURE,CAMERA_2,weight,how much does this one weigh,S_ANSWERS_QUESTION_ABOUT_FEATURE,CAMERA_2,weight,This one weighs 470 grams.,16~25
836,8,CAMERA_2,"['CAMERA_3', 'CAMERA_2']","{'CAMERA_1': [], 'CAMERA_2': ['weight', 'effects'], 'CAMERA_3': ['effects', 'weight']}",C_QUESTION_ABOUT_FEATURE,CAMERA_2,effects,does it have any effect modes,S_ANSWERS_QUESTION_ABOUT_FEATURE,CAMERA_2,effects,"This one has 13 artistic effect modes (e.g. toy camera, soft focus).",13~67
836,9,CAMERA_2,"['CAMERA_3', 'CAMERA_2']","{'CAMERA_1': [], 'CAMERA_2': ['weight', 'effects', 'resolution'], 'CAMERA_3': ['effects', 'weight']}",C_QUESTION_ABOUT_FEATURE,CAMERA_2,resolution,what is the resolution,S_NOT_SURE,CAMERA_2,,I'm not really sure about that,
836,10,CAMERA_2,"['CAMERA_3', 'CAMERA_2']","{'CAMERA_1': [], 'CAMERA_2': ['weight', 'effects', 'resolution', 'color'], 'CAMERA_3': ['effects', 'weight']}",C_QUESTION_ABOUT_FEATURE,CAMERA_2,color,what colors does this one come in,S_ANSWERS_QUESTION_ABOUT_FEATURE,CAMERA_2,color,"This one comes in white, silver, black.",18~38
836,11,CAMERA_2,"['CAMERA_3', 'CAMERA_2']","{'CAMERA_1': [], 'CAMERA_2': ['weight', 'effects', 'resolution', 'color', 'optical_zoom'], 'CAMERA_3': ['effects', 'weight']}",C_QUESTION_ABOUT_FEATURE,CAMERA_2,optical_zoom,does it have optical zoom,S_NOT_SURE,CAMERA_2,,I'm not really sure about that,
836,12,CAMERA_2,"['CAMERA_3', 'CAMERA_2']","{'CAMERA_1': [], 'CAMERA_2': ['weight', 'effects', 'resolution', 'color', 'optical_zoom', 'sensor_size'], 'CAMERA_3': ['effects', 'weight']}",C_QUESTION_ABOUT_FEATURE,CAMERA_2,sensor_size,what is the sensor size,S_ANSWERS_QUESTION_ABOUT_FEATURE,CAMERA_2,sensor_size,This one has a APS-C sensor (crop sensor).,15~41
836,13,CAMERA_2,"['CAMERA_3', 'CAMERA_2']","{'CAMERA_1': [], 'CAMERA_2': ['weight', 'effects', 'resolution', 'color', 'optical_zoom', 'sensor_size', 'settings'], 'CAMERA_3': ['effects', 'weight']}",C_QUESTION_ABOUT_FEATURE,CAMERA_2,settings,what kind of settings does it have,S_ANSWERS_QUESTION_ABOUT_FEATURE,CAMERA_2,settings,This one has full manual control.,13~32
836,14,CAMERA_1,"['CAMERA_3', 'CAMERA_2', 'CAMERA_1']","{'CAMERA_1': [], 'CAMERA_2': ['weight', 'effects', 'resolution', 'color', 'optical_zoom', 'sensor_size', 'settings'], 'CAMERA_3': ['effects', 'weight']}",C_ANYTHING_ELSE_AVAILABLE,CAMERA_2,NONE,ok do you have any other cameras,S_INTRODUCES_CAMERA,CAMERA_1,,Let me show you this. Here we have the Nikon Coolpix S2800.,39~58
836,15,CAMERA_1,"['CAMERA_3', 'CAMERA_2', 'CAMERA_1']","{'CAMERA_1': ['optical_zoom'], 'CAMERA_2': ['weight', 'effects', 'resolution', 'color', 'optical_zoom', 'sensor_size', 'settings'], 'CAMERA_3': ['effects', 'weight']}",C_QUESTION_ABOUT_FEATURE,CAMERA_1,optical_zoom,does it have optical zoom,S_ANSWERS_QUESTION_ABOUT_FEATURE,CAMERA_1,optical_zoom,This one has 5x optical zoom.,13~28
836,16,CAMERA_1,"['CAMERA_3', 'CAMERA_2', 'CAMERA_1']","{'CAMERA_1': ['optical_zoom', 'ISO'], 'CAMERA_2': ['weight', 'effects', 'resolution', 'color', 'optical_zoom', 'sensor_size', 'settings'], 'CAMERA_3': ['effects', 'weight']}",C_QUESTION_ABOUT_FEATURE,CAMERA_1,ISO,what is the ISO,S_NOT_SURE,CAMERA_1,,I'm not really sure about that,
836,17,NONE,"['CAMERA_3', 'CAMERA_2', 'CAMERA_1']","{'CAMERA_1': ['optical_zoom', 'ISO'], 'CAMERA_2': ['weight', 'effects', 'resolution', 'color', 'optical_zoom', 'sensor_size', 'settings'], 'CAMERA_3': ['effects', 'weight']}",C_THANK_YOU,CAMERA_1,NONE,thank you for your help,S_THANK_YOU,CAMERA_1,NONE,thank you very much,
836,18,NONE,"['CAMERA_3', 'CAMERA_2', 'CAMERA_1']","{'CAMERA_1': ['optical_zoom', 'ISO'], 'CAMERA_2': ['weight', 'effects', 'resolution', 'color', 'optical_zoom', 'sensor_size', 'settings'], 'CAMERA_3': ['effects', 'weight']}",C_LEAVES,DOOR,NONE,,S_RETURNS_TO_COUNTER,SERVICE_COUNTER,NONE,,
837,1,NONE,[],"{'CAMERA_1': [], 'CAMERA_2': [], 'CAMERA_3': []}",C_ENTERS,DOOR,NONE,,S_NONE,SERVICE_COUNTER,NONE,,
837,2,NONE,[],"{'CAMERA_1': [], 'CAMERA_2': [], 'CAMERA_3': []}",C_WALKS_TO_CAMERA,CAMERA_3,NONE,,S_NONE,SERVICE_COUNTER,NONE,,
837,3,CAMERA_3,['CAMERA_3'],"{'CAMERA_1': [], 'CAMERA_2': [], 'CAMERA_3': ['resolution']}",C_QUESTION_ABOUT_FEATURE,CAMERA_3,resolution,what is the resolution,S_NOT_SURE,CAMERA_3,,I'm not really sure about that,
837,4,CAMERA_3,['CAMERA_3'],"{'CAMERA_1': [], 'CAMERA_2': [], 'CAMERA_3': ['resolution', 'autofocus_points']}",C_SILENT_OR_BACKCHANNEL,CAMERA_3,NONE,I see,S_INTRODUCES_FEATURE,CAMERA_3,autofocus_points,This one has 61 autofocus points.,13~32
837,5,NONE,['CAMERA_3'],"{'CAMERA_1': [], 'CAMERA_2': [], 'CAMERA_3': ['resolution', 'autofocus_points']}",C_THANK_YOU,CAMERA_3,NONE,thank you for your help,S_THANK_YOU,CAMERA_3,NONE,thank you very much,
837,6,NONE,['CAMERA_3'],"{'CAMERA_1': [], 'CAMERA_2': [], 'CAMERA_3': ['resolution', 'autofocus_points']}",C_LEAVES,DOOR,NONE,,S_RETURNS_TO_COUNTER,SERVICE_COUNTER,NONE,,
838,1,NONE,[],"{'CAMERA_1': [], 'CAMERA_2': [], 'CAMERA_3': []}",C_ENTERS,DOOR,NONE,,S_NONE,SERVICE_COUNTER,NONE,,
838,2,NONE,[],"{'CAMERA_1': [], 'CAMERA_2': [], 'CAMERA_3': []}",C_WALKS_TO_CAMERA,CAMERA_1,NONE,,S_GREETS,CAMERA_1,NONE,can I help you?,
838,3,CAMERA_3,['CAMERA_3'],"{'CAMERA_1': [], 'CAMERA_2': [], 'CAMERA_3': []}",C_LOOKING_FOR_A_CAMERA,CAMERA_1,NONE,I'm looking for a camera,S_INTRODUCES_CAMERA,CAMERA_3,,Let me show you this. Here we have the Canon EOS 5D Mark III.,39~60
838,4,CAMERA_3,['CAMERA_3'],"{'CAMERA_1': [], 'CAMERA_2': [], 'CAMERA_3': ['effects']}",C_QUESTION_ABOUT_FEATURE,CAMERA_3,effects,does it have any effect modes,S_NOT_SURE,CAMERA_3,,I'm not really sure about that,
838,5,CAMERA_3,['CAMERA_3'],"{'CAMERA_1': [], 'CAMERA_2': [], 'CAMERA_3': ['effects', 'color']}",C_SILENT_OR_BACKCHANNEL,CAMERA_3,NONE,okay,S_INTRODUCES_FEATURE,CAMERA_3,color,This one comes in black.,18~23
838,6,CAMERA_3,['CAMERA_3'],"{'CAMERA_1': [], 'CAMERA_2': [], 'CAMERA_3': ['effects', 'color', 'price']}",C_SILENT_OR_BACKCHANNEL,CAMERA_3,NONE,I see,S_INTRODUCES_FEATURE,CAMERA_3,price,This one costs $3706.,15~20
838,7,NONE,['CAMERA_3'],"{'CAMERA_1': [], 'CAMERA_2': [], 'CAMERA_3': ['effects', 'color', 'price']}",C_THANK_YOU,CAMERA_3,NONE,thank you for your help,S_THANK_YOU,CAMERA_3,NONE,thank you very much,
838,8,NONE,['CAMERA_3'],"{'CAMERA_1': [], 'CAMERA_2': [], 'CAMERA_3': ['effects', 'color', 'price']}",C_LEAVES,DOOR,NONE,,S_RETURNS_TO_COUNTER,SERVICE_COUNTER,NONE,,
839,1,NONE,[],"{'CAMERA_1': [], 'CAMERA_2': [], 'CAMERA_3': []}",C_ENTERS,DOOR,NONE,,S_NONE,SERVICE_COUNTER,NONE,,
839,2,NONE,[],"{'CAMERA_1': [], 'CAMERA_2': [], 'CAMERA_3': []}",C_GREETS,MIDDLE,NONE,hello,S_GREETS,MIDDLE,NONE,can I help you?,
839,3,CAMERA_1,['CAMERA_1'],"{'CAMERA_1': [], 'CAMERA_2': [], 'CAMERA_3': []}",C_LOOKING_FOR_A_CAMERA,MIDDLE,NONE,I'm looking for a camera,S_INTRODUCES_CAMERA,CAMERA_1,,Let me show you this. Here we have the Nikon Coolpix S2800.,39~58
839,4,CAMERA_1,['CAMERA_1'],"{'CAMERA_1': ['ISO'], 'CAMERA_2': [], 'CAMERA_3': []}",C_QUESTION_ABOUT_FEATURE,CAMERA_1,ISO,what is the ISO,S_NOT_SURE,CAMERA_1,,I'm not really sure about that,
839,5,NONE,['CAMERA_1'],"{'CAMERA_1': ['ISO'], 'CAMERA_2': [], 'CAMERA_3': []}",C_THANK_YOU,CAMERA_1,NONE,thank you for your help,S_THANK_YOU,CAMERA_1,NONE,thank you very much,
839,6,NONE,['CAMERA_1'],"{'CAMERA_1': ['ISO'], 'CAMERA_2': [], 'CAMERA_3': []}",C_LEAVES,DOOR,NONE,,S_RETURNS_TO_COUNTER,SERVICE_COUNTER,NONE,,
840,1,NONE,[],"{'CAMERA_1': [], 'CAMERA_2': [], 'CAMERA_3': []}",C_ENTERS,DOOR,NONE,,S_NONE,SERVICE_COUNTER,NONE,,
840,2,NONE,[],"{'CAMERA_1': [], 'CAMERA_2': [], 'CAMERA_3': []}",C_WALKS_TO_CAMERA,CAMERA_1,NONE,,S_GREETS,CAMERA_1,NONE,can I help you?,
840,3,CAMERA_2,['CAMERA_2'],"{'CAMERA_1': [], 'CAMERA_2': [], 'CAMERA_3': []}",C_LOOKING_FOR_A_CAMERA,CAMERA_1,NONE,I'm looking for a camera,S_INTRODUCES_CAMERA,CAMERA_2,,Let me show you this. Here we have the Sony Alpha a6000.,39~55
840,4,CAMERA_2,['CAMERA_2'],"{'CAMERA_1': [], 'CAMERA_2': ['resolution'], 'CAMERA_3': []}",C_QUESTION_ABOUT_FEATURE,CAMERA_2,resolution,what is the resolution,S_NOT_SURE,CAMERA_2,,I'm not really sure about that,
840,5,CAMERA_2,['CAMERA_2'],"{'CAMERA_1': [], 'CAMERA_2': ['resolution', 'sensor_size'], 'CAMERA_3': []}",C_SILENT_OR_BACKCHANNEL,CAMERA_2,NONE,alright,S_INTRODUCES_FEATURE,CAMERA_2,sensor_size,This one has a APS-C sensor (crop sensor).,15~41
840,6,CAMERA_1,"['CAMERA_2', 'CAMERA_1']","{'CAMERA_1': [], 'CAMERA_2': ['resolution', 'sensor_size'], 'CAMERA_3': []}",C_ANYTHING_ELSE_AVAILABLE,CAMERA_2,NONE,ok do you have any other cameras,S_INTRODUCES_CAMERA,CAMERA_1,,Let me show you this. Here we have the Nikon Coolpix S2800.,39~58
840,7,CAMERA_1,"['CAMERA_2', 'CAMERA_1']","{'CAMERA_1': ['settings'], 'CAMERA_2': ['resolution', 'sensor_size'], 'CAMERA_3': []}",C_QUESTION_ABOUT_FEATURE,CAMERA_1,settings,what kind of settings does it have,S_ANSWERS_QUESTION_ABOUT_FEATURE,CAMERA_1,settings,This one has limited manual settings.,13~36
840,8,CAMERA_1,"['CAMERA_2', 'CAMERA_1']","{'CAMERA_1': ['settings', 'effects'], 'CAMERA_2': ['resolution', 'sensor_size'], 'CAMERA_3': []}",C_QUESTION_ABOUT_FEATURE,CAMERA_1,effects,does it have any effect modes,S_ANSWERS_QUESTION_ABOUT_FEATURE,CAMERA_1,effects,"This one has 12 glamor retouch effects (e.g. skin softening, small face, big eyes).",13~82
840,9,CAMERA_1,"['CAMERA_2', 'CAMERA_1']","{'CAMERA_1': ['settings', 'effects', 'preset_modes'], 'CAMERA_2': ['resolution', 'sensor_size'], 'CAMERA_3': []}",C_SILENT_OR_BACKCHANNEL,CAMERA_1,NONE,I see,S_INTRODUCES_FEATURE,CAMERA_1,preset_modes,"This one has 18 preset modes (e.g. beach, snow, night portrait).",13~63
840,10,CAMERA_1,"['CAMERA_2', 'CAMERA_1']","{'CAMERA_1': ['settings', 'effects', 'preset_modes', 'long_exposure'], 'CAMERA_2': ['resolution', 'sensor_size'], 'CAMERA_3': []}",C_QUESTION_ABOUT_FEATURE,CAMERA_1,long_exposure,can it take long exposure shots,S_NOT_SURE,CAMERA_1,,I'm not really sure about that,
840,11,CAMERA_1,"['CAMERA_2', 'CAMERA_1']","{'CAMERA_1': ['settings', 'effects', 'preset_modes', 'long_exposure', 'autofocus_points'], 'CAMERA_2': ['resolution', 'sensor_size'], 'CAMERA_3': []}",C_QUESTION_ABOUT_FEATURE,CAMERA_1,autofocus_points,how many autofocus points does it have,S_NOT_SURE,CAMERA_1,,I'm not really sure about that,
840,12,CAMERA_1,"['CAMERA_2', 'CAMERA_1']","{'CAMERA_1': ['settings', 'effects', 'preset_modes', 'long_exposure', 'autofocus_points', 'ISO'], 'CAMERA_2': ['resolution', 'sensor_size'], 'CAMERA_3': []}",C_QUESTION_ABOUT_FEATURE,CAMERA_1,ISO,what is the ISO,S_NOT_SURE,CAMERA_1,,I'm not really sure about that,
840,13,CAMERA_1,"['CAMERA_2', 'CAMERA_1']","{'CAMERA_1': ['settings', 'effects', 'preset_modes', 'long_exposure', 'autofocus_points', 'ISO', 'camera_type'], 'CAMERA_2': ['resolution', 'sensor_size'], 'CAMERA_3': []}",C_QUESTION_ABOUT_FEATURE,CAMERA_1,camera_type,what kind of camera is this,S_ANSWERS_QUESTION_ABOUT_FEATURE,CAMERA_1,camera_type,This is a point and shoot camera.,10~25
840,14,CAMERA_1,"['CAMERA_2', 'CAMERA_1']","{'CAMERA_1': ['settings', 'effects', 'preset_modes', 'long_exposure', 'autofocus_points', 'ISO', 'camera_type', 'color'], 'CAMERA_2': ['resolution', 'sensor_size'], 'CAMERA_3': []}",C_QUESTION_ABOUT_FEATURE,CAMERA_1,color,what colors does this one come in,S_ANSWERS_QUESTION_ABOUT_FEATURE,CAMERA_1,color,"This one comes in purple, pink, black, silver, red.",18~50
840,15,CAMERA_1,"['CAMERA_2', 'CAMERA_1']","{'CAMERA_1': ['settings', 'effects', 'preset_modes', 'long_exposure', 'autofocus_points', 'ISO', 'camera_type', 'color', 'optical_zoom'], 'CAMERA_2': ['resolution', 'sensor_size'], 'CAMERA_3': []}",C_QUESTION_ABOUT_FEATURE,CAMERA_1,optical_zoom,does it have optical zoom,S_ANSWERS_QUESTION_ABOUT_FEATURE,CAMERA_1,optical_zoom,This one has 5x optical zoom.,13~28
840,16,CAMERA_3,"['CAMERA_2', 'CAMERA_1', 'CAMERA_3']","{'CAMERA_1': ['settings', 'effects', 'preset_modes', 'long_exposure', 'autofocus_points', 'ISO', 'camera_type', 'color', 'optical_zoom'], 'CAMERA_2': ['resolution', 'sensor_size'], 'CAMERA_3': []}",C_ANYTHING_ELSE_AVAILABLE,CAMERA_1,NONE,ok do you have any other cameras,S_INTRODUCES_CAMERA,CAMERA_3,,Let me show you this. Here we have the Canon EOS 5D Mark III.,39~60
840,17,CAMERA_3,"['CAMERA_2', 'CAMERA_1', 'CAMERA_3']","{'CAMERA_1': ['settings', 'effects', 'preset_modes', 'long_exposure', 'autofocus_points', 'ISO', 'camera_type', 'color', 'optical_zoom'], 'CAMERA_2': ['resolution', 'sensor_size'], 'CAMERA_3': ['long_exposure']}",C_SILENT_OR_BACKCHANNEL,CAMERA_3,NONE,okay,S_INTRODUCES_FEATURE,CAMERA_3,long_exposure,"This one can take long exposures up to up to 30 seconds, bulb mode: expose as long as you want.",39~94
840,18,CAMERA_3,"['CAMERA_2', 'CAMERA_1', 'CAMERA_3']","{'CAMERA_1': ['settings', 'effects', 'preset_modes', 'long_exposure', 'autofocus_points', 'ISO', 'camera_type', 'color', 'optical_zoom'], 'CAMERA_2': ['resolution', 'sensor_size'], 'CAMERA_3': ['long_exposure', 'effects']}",C_QUESTION_ABOUT_FEATURE,CAMERA_3,effects,does it have any effect modes,S_NOT_SURE,CAMERA_3,,I'm not really sure about that,
840,19,CAMERA_3,"['CAMERA_2', 'CAMERA_1', 'CAMERA_3']","{'CAMERA_1': ['settings', 'effects', 'preset_modes', 'long_exposure', 'autofocus_points', 'ISO', 'camera_type', 'color', 'optical_zoom'], 'CAMERA_2': ['resolution', 'sensor_size'], 'CAMERA_3': ['long_exposure', 'effects', 'weight']}",C_QUESTION_ABOUT_FEATURE,CAMERA_3,weight,how much does this one weigh,S_ANSWERS_QUESTION_ABOUT_FEATURE,CAMERA_3,weight,This one weighs 950 grams (only body).,16~37
840,20,NONE,"['CAMERA_2', 'CAMERA_1', 'CAMERA_3']","{'CAMERA_1': ['settings', 'effects', 'preset_modes', 'long_exposure', 'autofocus_points', 'ISO', 'camera_type', 'color', 'optical_zoom'], 'CAMERA_2': ['resolution', 'sensor_size'], 'CAMERA_3': ['long_exposure', 'effects', 'weight']}",C_THANK_YOU,CAMERA_3,NONE,thank you for your help,S_THANK_YOU,CAMERA_3,NONE,thank you very much,
840,21,NONE,"['CAMERA_2', 'CAMERA_1', 'CAMERA_3']","{'CAMERA_1': ['settings', 'effects', 'preset_modes', 'long_exposure', 'autofocus_points', 'ISO', 'camera_type', 'color', 'optical_zoom'], 'CAMERA_2': ['resolution', 'sensor_size'], 'CAMERA_3': ['long_exposure', 'effects', 'weight']}",C_LEAVES,DOOR,NONE,,S_RETURNS_TO_COUNTER,SERVICE_COUNTER,NONE,,
841,1,NONE,[],"{'CAMERA_1': [], 'CAMERA_2': [], 'CAMERA_3': []}",C_ENTERS,DOOR,NONE,,S_NONE,SERVICE_COUNTER,NONE,,
841,2,NONE,[],"{'CAMERA_1': [], 'CAMERA_2': [], 'CAMERA_3': []}",C_GREETS,MIDDLE,NONE,hello,S_GREETS,MIDDLE,NONE,can I help you?,
841,3,CAMERA_2,['CAMERA_2'],"{'CAMERA_1': [], 'CAMERA_2': [], 'CAMERA_3': []}",C_LOOKING_FOR_A_CAMERA,MIDDLE,NONE,I'm looking for a camera,S_INTRODUCES_CAMERA,CAMERA_2,,Let me show you this. Here we have the Sony Alpha a6000.,39~55
841,4,CAMERA_2,['CAMERA_2'],"{'CAMERA_1': [], 'CAMERA_2': ['preset_modes'], 'CAMERA_3': []}",C_SILENT_OR_BACKCHANNEL,CAMERA_2,NONE,I see,S_INTRODUCES_FEATURE,CAMERA_2,preset_modes,"This one has 9 preset modes (e.g. beach, snow, night, portrait).",13~63
841,5,NONE,['CAMERA_2'],"{'CAMERA_1': [], 'CAMERA_2': ['preset_modes'], 'CAMERA_3': []}",C_THANK_YOU,CAMERA_2,NONE,thank you for your help,S_THANK_YOU,CAMERA_2,NONE,thank you very much,
841,6,NONE,['CAMERA_2'],"{'CAMERA_1': [], 'CAMERA_2': ['preset_modes'], 'CAMERA_3': []}",C_LEAVES,DOOR,NONE,,S_RETURNS_TO_COUNTER,SERVICE_COUNTER,NONE,,
842,1,NONE,[],"{'CAMERA_1': [], 'CAMERA_2': [], 'CAMERA_3': []}",C_ENTERS,DOOR,NONE,,S_NONE,SERVICE_COUNTER,NONE,,
842,2,NONE,[],"{'CAMERA_1': [], 'CAMERA_2': [], 'CAMERA_3': []}",C_WALKS_TO_CAMERA,CAMERA_2,NONE,,S_GREETS,CAMERA_2,NONE,can I help you?,
842,3,CAMERA_3,['CAMERA_3'],"{'CAMERA_1': [], 'CAMERA_2': [], 'CAMERA_3': []}",C_LOOKING_FOR_A_CAMERA,CAMERA_2,NONE,I'm looking for a camera,S_INTRODUCES_CAMERA,CAMERA_3,,Let me show you this. Here we have the Canon EOS 5D Mark III.,39~60
842,4,CAMERA_3,['CAMERA_3'],"{'CAMERA_1': [], 'CAMERA_2': [], 'CAMERA_3': ['color']}",C_QUESTION_ABOUT_FEATURE,CAMERA_3,color,what colors does this one come in,S_ANSWERS_QUESTION_ABOUT_FEATURE,CAMERA_3,color,This one comes in black.,18~23
842,5,CAMERA_1,"['CAMERA_3', 'CAMERA_1']","{'CAMERA_1': [], 'CAMERA_2': [], 'CAMERA_3': ['color']}",C_ANYTHING_ELSE_AVAILABLE,CAMERA_3,NONE,ok do you have any other cameras,S_INTRODUCES_CAMERA,CAMERA_1,,Let me show you this. Here we have the Nikon Coolpix S2800.,39~58
842,6,CAMERA_1,"['CAMERA_3', 'CAMERA_1']","{'CAMERA_1': ['weight'], 'CAMERA_2': [], 'CAMERA_3': ['color']}",C_SILENT_OR_BACKCHANNEL,CAMERA_1,NONE,alright,S_INTRODUCES_FEATURE,CAMERA_1,weight,This one weighs 120 grams.,16~25
842,7,CAMERA_2,"['CAMERA_3', 'CAMERA_1', 'CAMERA_2']","{'CAMERA_1': ['weight'], 'CAMERA_2': [], 'CAMERA_3': ['color']}",C_ANYTHING_ELSE_AVAILABLE,CAMERA_1,NONE,ok do you have any other cameras,S_INTRODUCES_CAMERA,CAMERA_2,,Let me show you this. Here we have the Sony Alpha a6000.,39~55
842,8,CAMERA_2,"['CAMERA_3', 'CAMERA_1', 'CAMERA_2']","{'CAMERA_1': ['weight'], 'CAMERA_2': ['camera_type'], 'CAMERA_3': ['color']}",C_QUESTION_ABOUT_FEATURE,CAMERA_2,camera_type,what kind of camera is this,S_ANSWERS_QUESTION_ABOUT_FEATURE,CAMERA_2,camera_type,This is a mirrorless camera.,10~20
842,9,CAMERA_2,"['CAMERA_3', 'CAMERA_1', 'CAMERA_2']","{'CAMERA_1': ['weight'], 'CAMERA_2': ['camera_type', 'effects'], 'CAMERA_3': ['color']}",C_SILENT_OR_BACKCHANNEL,CAMERA_2,NONE,I see,S_INTRODUCES_FEATURE,CAMERA_2,effects,"This one has 13 artistic effect modes (e.g. toy camera, soft focus).",13~67
842,10,CAMERA_2,"['CAMERA_3', 'CAMERA_1', 'CAMERA_2']","{'CAMERA_1': ['weight'], 'CAMERA_2': ['camera_type', 'effects', 'settings'], 'CAMERA_3': ['color']}",C_QUESTION_ABOUT_FEATURE,CAMERA_2,settings,what kind of settings does it have,S_ANSWERS_QUESTION_ABOUT_FEATURE,CAMERA_2,settings,This one has full manual control.,13~32
842,11,CAMERA_2,"['CAMERA_3', 'CAMERA_1', 'CAMERA_2']","{'CAMERA_1': ['weight'], 'CAMERA_2': ['camera_type', 'effects', 'settings', 'long_exposure'], 'CAMERA_3': ['color']}",C_QUESTION_ABOUT_FEATURE,CAMERA_2,long_exposure,can it take long exposure shots,S_ANSWERS_QUESTION_ABOUT_FEATURE,CAMERA_2,long_exposure,This one can take long exposures up to up to 30 seconds.,39~55
842,12,CAMERA_2,"['CAMERA_3', 'CAMERA_1', 'CAMERA_2']","{'CAMERA_1': ['weight'], 'CAMERA_2': ['camera_type', 'effects', 'settings', 'long_exposure', 'preset_modes'], 'CAMERA_3': ['color']}",C_SILENT_OR_BACKCHANNEL,CAMERA_2,NONE,alright,S_INTRODUCES_FEATURE,CAMERA_2,preset_modes,"This one has 9 preset modes (e.g. beach, snow, night, portrait).",13~63
842,13,CAMERA_2,"['CAMERA_3', 'CAMERA_1', 'CAMERA_2']","{'CAMERA_1': ['weight'], 'CAMERA_2': ['camera_type', 'effects', 'settings', 'long_exposure', 'preset_modes', 'price'], 'CAMERA_3': ['color']}",C_SILENT_OR_BACKCHANNEL,CAMERA_2,NONE,okay,S_INTRODUCES_FEATURE,CAMERA_2,price,This one costs $1341.,15~20
842,14,CAMERA_2,"['CAMERA_3', 'CAMERA_1', 'CAMERA_2']","{'CAMERA_1': ['weight'], 'CAMERA_2': ['camera_type', 'effects', 'settings', 'long_exposure', 'preset_modes', 'price', 'autofocus_points'], 'CAMERA_3': ['color']}",C_SILENT_OR_BACKCHANNEL,CAMERA_2,NONE,I see,S_INTRODUCES_FEATURE,CAMERA_2,autofocus_points,This one has 179 autofocus points.,13~33
842,15,CAMERA_2,"['CAMERA_3', 'CAMERA_1', 'CAMERA_2']","{'CAMERA_1': ['weight'], 'CAMERA_2': ['camera_type', 'effects', 'settings', 'long_exposure', 'preset_modes', 'price', 'autofocus_points', 'sensor_size'], 'CAMERA_3': ['color']}",C_QUESTION_ABOUT_FEATURE,CAMERA_2,sensor_size,what is the sensor size,S_ANSWERS_QUESTION_ABOUT_FEATURE,CAMERA_2,sensor_size,This one has a APS-C sensor (crop sensor).,15~41
842,16,CAMERA_2,"['CAMERA_3', 'CAMERA_1', 'CAMERA_2']","{'CAMERA_1': ['weight'], 'CAMERA_2': ['camera_type', 'effects', 'settings', 'long_exposure', 'preset_modes', 'price', 'autofocus_points', 'sensor_size', 'optical_zoom'], 'CAMERA_3': ['color']}",C_QUESTION_ABOUT_FEATURE,CAMERA_2,optical_zoom,does it have optical zoom,S_NOT_SURE,CAMERA_2,,I'm not really sure about that,
842,17,CAMERA_2,"['CAMERA_3', 'CAMERA_1', 'CAMERA_2']","{'CAMERA_1': ['weight'], 'CAMERA_2': ['camera_type', 'effects', 'settings', 'long_exposure', 'preset_modes', 'price', 'autofocus_points', 'sensor_size', 'optical_zoom', 'ISO'], 'CAMERA_3': ['color']}",C_SILENT_OR_BACKCHANNEL,CAMERA_2,NONE,okay,S_INTRODUCES_FEATURE,CAMERA_2,ISO,This one has up to 3200 ISO with little noise.,13~45
842,18,NONE,"['CAMERA_3', 'CAMERA_1', 'CAMERA_2']","{'CAMERA_1': ['weight'], 'CAMERA_2': ['camera_type', 'effects', 'settings', 'long_exposure', 'preset_modes', 'price', 'autofocus_points', 'sensor_size', 'optical_zoom', 'ISO'], 'CAMERA_3': ['color']}",C_THANK_YOU,CAMERA_2,NONE,thank you for your help,S_THANK_YOU,CAMERA_2,NONE,thank you very much,
842,19,NONE,"['CAMERA_3', 'CAMERA_1', 'CAMERA_2']","{'CAMERA_1': ['weight'], 'CAMERA_2': ['camera_type', 'effects', 'settings', 'long_exposure', 'preset_modes', 'price', 'autofocus_points', 'sensor_size', 'optical_zoom', 'ISO'], 'CAMERA_3': ['color']}",C_LEAVES,DOOR,NONE,,S_RETURNS_TO_COUNTER,SERVICE_COUNTER,NONE,,
843,1,NONE,[],"{'CAMERA_1': [], 'CAMERA_2': [], 'CAMERA_3': []}",C_ENTERS,DOOR,NONE,,S_NONE,SERVICE_COUNTER,NONE,,
843,2,NONE,[],"{'CAMERA_1': [], 'CAMERA_2': [], 'CAMERA_3': []}",C_WALKS_TO_CAMERA,CAMERA_3,NONE,,S_NONE,SERVICE_COUNTER,NONE,,
843,3,CAMERA_3,['CAMERA_3'],"{'CAMERA_1': [], 'CAMERA_2': [], 'CAMERA_3': ['color']}",C_QUESTION_ABOUT_FEATURE,CAMERA_3,color,what colors does this one come in,S_ANSWERS_QUESTION_ABOUT_FEATURE,CAMERA_3,color,This one comes in black.,18~23
843,4,CAMERA_3,['CAMERA_3'],"{'CAMERA_1': [], 'CAMERA_2': [], 'CAMERA_3': ['color', 'camera_type']}",C_SILENT_OR_BACKCHANNEL,CAMERA_3,NONE,alright,S_INTRODUCES_FEATURE,CAMERA_3,camera_type,This is a DSLR camera.,10~14
843,5,CAMERA_3,['CAMERA_3'],"{'CAMERA_1': [], 'CAMERA_2': [], 'CAMERA_3': ['color', 'camera_type', 'long_exposure']}",C_SILENT_OR_BACKCHANNEL,CAMERA_3,NONE,I see,S_INTRODUCES_FEATURE,CAMERA_3,long_exposure,"This one can take long exposures up to up to 30 seconds, bulb mode: expose as long as you want.",39~94
843,6,CAMERA_3,['CAMERA_3'],"{'CAMERA_1': [], 'CAMERA_2': [], 'CAMERA_3': ['color', 'camera_type', 'long_exposure', 'price']}",C_SILENT_OR_BACKCHANNEL,CAMERA_3,NONE,alright,S_INTRODUCES_FEATURE,CAMERA_3,price,This one costs $3706.,15~20
843,7,CAMERA_3,['CAMERA_3'],"{'CAMERA_1': [], 'CAMERA_2': [], 'CAMERA_3': ['color', 'camera_type', 'long_exposure', 'price', 'settings']}",C_SILENT_OR_BACKCHANNEL,CAMERA_3,NONE,okay,S_INTRODUCES_FEATURE,CAMERA_3,settings,This one has full manual control.,13~32
843,8,CAMERA_3,['CAMERA_3'],"{'CAMERA_1': [], 'CAMERA_2': [], 'CAMERA_3': ['color', 'camera_type', 'long_exposure', 'price', 'settings', 'effects']}",C_QUESTION_ABOUT_FEATURE,CAMERA_3,effects,does it have any effect modes,S_NOT_SURE,CAMERA_3,,I'm not really sure about that,
843,9,CAMERA_3,['CAMERA_3'],"{'CAMERA_1': [], 'CAMERA_2': [], 'CAMERA_3': ['color', 'camera_type', 'long_exposure', 'price', 'settings', 'effects', 'ISO']}",C_QUESTION_ABOUT_FEATURE,CAMERA_3,ISO,what is the ISO,S_ANSWERS_QUESTION_ABOUT_FEATURE,CAMERA_3,ISO,This one has up to 6400 ISO with little noise.,13~45
843,10,CAMERA_3,['CAMERA_3'],"{'CAMERA_1': [], 'CAMERA_2': [], 'CAMERA_3': ['color', 'camera_type', 'long_exposure', 'price', 'settings', 'effects', 'ISO', 'sensor_size']}",C_QUESTION_ABOUT_FEATURE,CAMERA_3,sensor_size,what is the sensor size,S_ANSWERS_QUESTION_ABOUT_FEATURE,CAMERA_3,sensor_size,This one has a full frame.,15~25
843,11,CAMERA_3,['CAMERA_3'],"{'CAMERA_1': [], 'CAMERA_2': [], 'CAMERA_3': ['color', 'camera_type', 'long_exposure', 'price', 'settings', 'effects', 'ISO', 'sensor_size', 'autofocus_points']}",C_SILENT_OR_BACKCHANNEL,CAMERA_3,NONE,okay,S_INTRODUCES_FEATURE,CAMERA_3,autofocus_points,This one has 61 autofocus points.,13~32
843,12,CAMERA_3,['CAMERA_3'],"{'CAMERA_1': [], 'CAMERA_2': [], 'CAMERA_3': ['color', 'camera_type', 'long_exposure', 'price', 'settings', 'effects', 'ISO', 'sensor_size', 'autofocus_points', 'weight']}",C_QUESTION_ABOUT_FEATURE,CAMERA_3,weight,how much does this one weigh,S_ANSWERS_QUESTION_ABOUT_FEATURE,CAMERA_3,weight,This one weighs 950 grams (only body).,16~37
843,13,CAMERA_3,['CAMERA_3'],"{'CAMERA_1': [], 'CAMERA_2': [], 'CAMERA_3': ['color', 'camera_type', 'long_exposure', 'price', 'settings', 'effects', 'ISO', 'sensor_size', 'autofocus_points', 'weight', 'optical_zoom']}",C_QUESTION_ABOUT_FEATURE,CAMERA_3,optical_zoom,does it have optical zoom,S_NOT_SURE,CAMERA_3,,I'm not really sure about that,
843,14,CAMERA_3,['CAMERA_3'],"{'CAMERA_1': [], 'CAMERA_2': [], 'CAMERA_3': ['color', 'camera_type', 'long_exposure', 'price', 'settings', 'effects', 'ISO', 'sensor_size', 'autofocus_points', 'weight', 'optical_zoom', 'preset_modes']}",C_QUESTION_ABOUT_FEATURE,CAMERA_3,preset_modes,does it have preset modes,S_NOT_SURE,CAMERA_3,,I'm not really sure about that,
843,15,CAMERA_3,['CAMERA_3'],"{'CAMERA_1': [], 'CAMERA_2': [], 'CAMERA_3': ['color', 'camera_type', 'long_exposure', 'price', 'settings', 'effects', 'ISO', 'sensor_size', 'autofocus_points', 'weight', 'optical_zoom', 'preset_modes', 'resolution']}",C_QUESTION_ABOUT_FEATURE,CAMERA_3,resolution,what is the resolution,S_NOT_SURE,CAMERA_3,,I'm not really sure about that,
843,16,CAMERA_3,['CAMERA_3'],"{'CAMERA_1': [], 'CAMERA_2': [], 'CAMERA_3': ['color', 'camera_type', 'long_exposure', 'price', 'settings', 'effects', 'ISO', 'sensor_size', 'autofocus_points', 'weight', 'optical_zoom', 'preset_modes', 'resolution', 'preset_modes']}",C_QUESTION_ABOUT_FEATURE,CAMERA_3,preset_modes,does it have preset modes,S_NOT_SURE,CAMERA_3,,I'm not really sure about that,
843,17,CAMERA_3,['CAMERA_3'],"{'CAMERA_1': [], 'CAMERA_2': [], 'CAMERA_3': ['color', 'camera_type', 'long_exposure', 'price', 'settings', 'effects', 'ISO', 'sensor_size', 'autofocus_points', 'weight', 'optical_zoom', 'preset_modes', 'resolution', 'preset_modes', 'optical_zoom']}",C_QUESTION_ABOUT_FEATURE,CAMERA_3,optical_zoom,does it have optical zoom,S_NOT_SURE,CAMERA_3,,I'm not really sure about that,
843,18,CAMERA_3,['CAMERA_3'],"{'CAMERA_1': [], 'CAMERA_2': [], 'CAMERA_3': ['color', 'camera_type', 'long_exposure', 'price', 'settings', 'effects', 'ISO', 'sensor_size', 'autofocus_points', 'weight', 'optical_zoom', 'preset_modes', 'resolution', 'preset_modes', 'optical_zoom', 'settings']}",C_SILENT_OR_BACKCHANNEL,CAMERA_3,NONE,I see,S_INTRODUCES_FEATURE,CAMERA_3,settings,This one has full manual control.,13~32
843,19,CAMERA_3,['CAMERA_3'],"{'CAMERA_1': [], 'CAMERA_2': [], 'CAMERA_3': ['color', 'camera_type', 'long_exposure', 'price', 'settings', 'effects', 'ISO', 'sensor_size', 'autofocus_points', 'weight', 'optical_zoom', 'preset_modes', 'resolution', 'preset_modes', 'optical_zoom', 'settings', 'settings']}",C_QUESTION_ABOUT_FEATURE,CAMERA_3,settings,what kind of settings does it have,S_ANSWERS_QUESTION_ABOUT_FEATURE,CAMERA_3,settings,This one has full manual control.,13~32
843,20,CAMERA_3,['CAMERA_3'],"{'CAMERA_1': [], 'CAMERA_2': [], 'CAMERA_3': ['color', 'camera_type', 'long_exposure', 'price', 'settings', 'effects', 'ISO', 'sensor_size', 'autofocus_points', 'weight', 'optical_zoom', 'preset_modes', 'resolution', 'preset_modes', 'optical_zoom', 'settings', 'settings', 'autofocus_points']}",C_SILENT_OR_BACKCHANNEL,CAMERA_3,NONE,okay,S_INTRODUCES_FEATURE,CAMERA_3,autofocus_points,This one has 61 autofocus points.,13~32
843,21,CAMERA_3,['CAMERA_3'],"{'CAMERA_1': [], 'CAMERA_2': [], 'CAMERA_3': ['color', 'camera_type', 'long_exposure', 'price', 'settings', 'effects', 'ISO', 'sensor_size', 'autofocus_points', 'weight', 'optical_zoom', 'preset_modes', 'resolution', 'preset_modes', 'optical_zoom', 'settings', 'settings', 'autofocus_points', 'settings']}",C_SILENT_OR_BACKCHANNEL,CAMERA_3,NONE,okay,S_INTRODUCES_FEATURE,CAMERA_3,settings,This one has full manual control.,13~32
843,22,CAMERA_3,['CAMERA_3'],"{'CAMERA_1': [], 'CAMERA_2': [], 'CAMERA_3': ['color', 'camera_type', 'long_exposure', 'price', 'settings', 'effects', 'ISO', 'sensor_size', 'autofocus_points', 'weight', 'optical_zoom', 'preset_modes', 'resolution', 'preset_modes', 'optical_zoom', 'settings', 'settings', 'autofocus_points', 'settings', 'weight']}",C_SILENT_OR_BACKCHANNEL,CAMERA_3,NONE,okay,S_INTRODUCES_FEATURE,CAMERA_3,weight,This one weighs 950 grams (only body).,16~37
843,23,CAMERA_3,['CAMERA_3'],"{'CAMERA_1': [], 'CAMERA_2': [], 'CAMERA_3': ['color', 'camera_type', 'long_exposure', 'price', 'settings', 'effects', 'ISO', 'sensor_size', 'autofocus_points', 'weight', 'optical_zoom', 'preset_modes', 'resolution', 'preset_modes', 'optical_zoom', 'settings', 'settings', 'autofocus_points', 'settings', 'weight', 'camera_type']}",C_SILENT_OR_BACKCHANNEL,CAMERA_3,NONE,alright,S_INTRODUCES_FEATURE,CAMERA_3,camera_type,This is a DSLR camera.,10~14
843,24,NONE,['CAMERA_3'],"{'CAMERA_1': [], 'CAMERA_2': [], 'CAMERA_3': ['color', 'camera_type', 'long_exposure', 'price', 'settings', 'effects', 'ISO', 'sensor_size', 'autofocus_points', 'weight', 'optical_zoom', 'preset_modes', 'resolution', 'preset_modes', 'optical_zoom', 'settings', 'settings', 'autofocus_points', 'settings', 'weight', 'camera_type']}",C_THANK_YOU,CAMERA_3,NONE,thank you for your help,S_THANK_YOU,CAMERA_3,NONE,thank you very much,
843,25,NONE,['CAMERA_3'],"{'CAMERA_1': [], 'CAMERA_2': [], 'CAMERA_3': ['color', 'camera_type', 'long_exposure', 'price', 'settings', 'effects', 'ISO', 'sensor_size', 'autofocus_points', 'weight', 'optical_zoom', 'preset_modes', 'resolution', 'preset_modes', 'optical_zoom', 'settings', 'settings', 'autofocus_points', 'settings', 'weight', 'camera_type']}",C_LEAVES,DOOR,NONE,,S_RETURNS_TO_COUNTER,SERVICE_COUNTER,NONE,,
844,1,NONE,[],"{'CAMERA_1': [], 'CAMERA_2': [], 'CAMERA_3': []}",C_ENTERS,DOOR,NONE,,S_NONE,SERVICE_COUNTER,NONE,,
844,2,NONE,[],"{'CAMERA_1': [], 'CAMERA_2': [], 'CAMERA_3': []}",C_GREETS,MIDDLE,NONE,hello,S_GREETS,MIDDLE,NONE,can I help you?,
844,3,CAMERA_1,['CAMERA_1'],"{'CAMERA_1': [], 'CAMERA_2': [], 'CAMERA_3': []}",C_LOOKING_FOR_A_CAMERA,MIDDLE,NONE,I'm looking for a camera,S_INTRODUCES_CAMERA,CAMERA_1,,Let me show you this. Here we have the Nikon Coolpix S2800.,39~58
844,4,CAMERA_1,['CAMERA_1'],"{'CAMERA_1': ['camera_type'], 'CAMERA_2': [], 'CAMERA_3': []}",C_SILENT_OR_BACKCHANNEL,CAMERA_1,NONE,I see,S_INTRODUCES_FEATURE,CAMERA_1,camera_type,This is a point and shoot camera.,10~25
844,5,CAMERA_1,['CAMERA_1'],"{'CAMERA_1': ['camera_type', 'long_exposure'], 'CAMERA_2': [], 'CAMERA_3': []}",C_QUESTION_ABOUT_FEATURE,CAMERA_1,long_exposure,can it take long exposure shots,S_NOT_SURE,CAMERA_1,,I'm not really sure about that,
844,6,CAMERA_1,['CAMERA_1'],"{'CAMERA_1': ['camera_type', 'long_exposure', 'effects'], 'CAMERA_2': [], 'CAMERA_3': []}",C_QUESTION_ABOUT_FEATURE,CAMERA_1,effects,does it have any effect modes,S_ANSWERS_QUESTION_ABOUT_FEATURE,CAMERA_1,effects,"This one has 12 glamor retouch effects (e.g. skin softening, small face, big eyes).",13~82
844,7,NONE,['CAMERA_1'],"{'CAMERA_1': ['camera_type', 'long_exposure', 'effects'], 'CAMERA_2': [], 'CAMERA_3': []}",C_THANK_YOU,CAMERA_1,NONE,thank you for your help,S_THANK_YOU,CAMERA_1,NONE,thank you very much,
844,8,NONE,['CAMERA_1'],"{'CAMERA_1': ['camera_type', 'long_exposure', 'effects'], 'CAMERA_2': [], 'CAMERA_3': []}",C_LEAVES,DOOR,NONE,,S_RETURNS_TO_COUNTER,SERVICE_COUNTER,NONE,,
845,1,NONE,[],"{'CAMERA_1': [], 'CAMERA_2': [], 'CAMERA_3': []}",C_ENTERS,DOOR,NONE,,S_NONE,SERVICE_COUNTER,NONE,,
845,2,NONE,[],"{'CAMERA_1': [], 'CAMERA_2': [], 'CAMERA_3': []}",C_WALKS_TO_CAMERA,CAMERA_2,NONE,,S_GREETS,CAMERA_2,NONE,can I help you?,
845,3,CAMERA_3,['CAMERA_3'],"{'CAMERA_1': [], 'CAMERA_2': [], 'CAMERA_3': []}",C_LOOKING_FOR_A_CAMERA,CAMERA_2,NONE,I'm looking for a camera,S_INTRODUCES_CAMERA,CAMERA_3,,Let me show you this. Here we have the Canon EOS 5D Mark III.,39~60
845,4,CAMERA_3,['CAMERA_3'],"{'CAMERA_1': [], 'CAMERA_2': [], 'CAMERA_3': ['settings']}",C_QUESTION_ABOUT_FEATURE,CAMERA_3,settings,what kind of settings does it have,S_ANSWERS_QUESTION_ABOUT_FEATURE,CAMERA_3,settings,This one has full manual control.,13~32
845,5,CAMERA_3,['CAMERA_3'],"{'CAMERA_1': [], 'CAMERA_2': [], 'CAMERA_3': ['settings', 'autofocus_points']}",C_SILENT_OR_BACKCHANNEL,CAMERA_3,NONE,okay,S_INTRODUCES_FEATURE,CAMERA_3,autofocus_points,This one has 61 autofocus points.,13~32
845,6,NONE,['CAMERA_3'],"{'CAMERA_1': [], 'CAMERA_2': [], 'CAMERA_3': ['settings', 'autofocus_points']}",C_THANK_YOU,CAMERA_3,NONE,thank you for your help,S_THANK_YOU,CAMERA_3,NONE,thank you very much,
845,7,NONE,['CAMERA_3'],"{'CAMERA_1': [], 'CAMERA_2': [], 'CAMERA_3': ['settings', 'autofocus_points']}",C_LEAVES,DOOR,NONE,,S_RETURNS_TO_COUNTER,SERVICE_COUNTER,NONE,,
846,1,NONE,[],"{'CAMERA_1': [], 'CAMERA_2': [], 'CAMERA_3': []}",C_ENTERS,DOOR,NONE,,S_NONE,SERVICE_COUNTER,NONE,,
846,2,NONE,[],"{'CAMERA_1': [], 'CAMERA_2': [], 'CAMERA_3': []}",C_GREETS,MIDDLE,NONE,hello,S_GREETS,MIDDLE,NONE,can I help you?,
846,3,CAMERA_1,['CAMERA_1'],"{'CAMERA_1': [], 'CAMERA_2': [], 'CAMERA_3': []}",C_LOOKING_FOR_A_CAMERA,MIDDLE,NONE,I'm looking for a camera,S_INTRODUCES_CAMERA,CAMERA_1,,Let me show you this. Here we have the Nikon Coolpix S2800.,39~58
846,4,CAMERA_1,['CAMERA_1'],"{'CAMERA_1': ['settings'], 'CAMERA_2': [], 'CAMERA_3': []}",C_SILENT_OR_BACKCHANNEL,CAMERA_1,NONE,I see,S_INTRODUCES_FEATURE,CAMERA_1,settings,This one has limited manual settings.,13~36
846,5,CAMERA_1,['CAMERA_1'],"{'CAMERA_1': ['settings', 'resolution'], 'CAMERA_2': [], 'CAMERA_3': []}",C_SILENT_OR_BACKCHANNEL,CAMERA_1,NONE,I see,S_INTRODUCES_FEATURE,CAMERA_1,resolution,This one has 20.1 megapixels resolution.,13~28
846,6,CAMERA_1,['CAMERA_1'],"{'CAMERA_1': ['settings', 'resolution', 'preset_modes'], 'CAMERA_2': [], 'CAMERA_3': []}",C_QUESTION_ABOUT_FEATURE,CAMERA_1,preset_modes,does it have preset modes,S_ANSWERS_QUESTION_ABOUT_FEATURE,CAMERA_1,preset_modes,"This one has 18 preset modes (e.g. beach, snow, night portrait).",13~63
846,7,CAMERA_2,"['CAMERA_1', 'CAMERA_2']","{'CAMERA_1': ['settings', 'resolution', 'preset_modes'], 'CAMERA_2': [], 'CAMERA_3': []}",C_ANYTHING_ELSE_AVAILABLE,CAMERA_1,NONE,ok do you have any other cameras,S_INTRODUCES_CAMERA,CAMERA_2,,Let me show you this. Here we have the Sony Alpha a6000.,39~55
846,8,CAMERA_2,"['CAMERA_1', 'CAMERA_2']","{'CAMERA_1': ['settings', 'resolution', 'preset_modes'], 'CAMERA_2': ['price'], 'CAMERA_3': []}",C_QUESTION_ABOUT_FEATURE,CAMERA_2,price,how much does it cost,S_ANSWERS_QUESTION_ABOUT_FEATURE,CAMERA_2,price,This one costs $1341.,15~20
846,9,CAMERA_2,"['CAMERA_1', 'CAMERA_2']","{'CAMERA_1': ['settings', 'resolution', 'preset_modes'], 'CAMERA_2': ['price', 'camera_type'], 'CAMERA_3': []}",C_QUESTION_ABOUT_FEATURE,CAMERA_2,camera_type,what kind of camera is this,S_ANSWERS_QUESTION_ABOUT_FEATURE,CAMERA_2,camera_type,This is a mirrorless camera.,10~20
846,10,CAMERA_2,"['CAMERA_1', 'CAMERA_2']","{'CAMERA_1': ['settings', 'resolution', 'preset_modes'], 'CAMERA_2': ['price', 'camera_type', 'autofocus_points'], 'CAMERA_3': []}",C_QUESTION_ABOUT_FEATURE,CAMERA_2,autofocus_points,how many autofocus points does it have,S_ANSWERS_QUESTION_ABOUT_FEATURE,CAMERA_2,autofocus_points,This one has 179 autofocus points.,13~33
846,11,CAMERA_2,"['CAMERA_1', 'CAMERA_2']","{'CAMERA_1': ['settings', 'resolution', 'preset_modes'], 'CAMERA_2': ['price', 'camera_type', 'autofocus_points', 'optical_zoom'], 'CAMERA_3': []}",C_QUESTION_ABOUT_FEATURE,CAMERA_2,optical_zoom,does it have optical zoom,S_NOT_SURE,CAMERA_2,,I'm not really sure about that,
846,12,CAMERA_2,"['CAMERA_1', 'CAMERA_2']","{'CAMERA_1': ['settings', 'resolution', 'preset_modes'], 'CAMERA_2': ['price', 'camera_type', 'autofocus_points', 'optical_zoom', 'resolution'], 'CAMERA_3': []}",C_QUESTION_ABOUT_FEATURE,CAMERA_2,resolution,what is the resolution,S_NOT_SURE,CAMERA_2,,I'm not really sure about that,
846,13,CAMERA_2,"['CAMERA_1', 'CAMERA_2']","{'CAMERA_1': ['settings', 'resolution', 'preset_modes'], 'CAMERA_2': ['price', 'camera_type', 'autofocus_points', 'optical_zoom', 'resolution', 'ISO'], 'CAMERA_3': []}",C_QUESTION_ABOUT_FEATURE,CAMERA_2,ISO,what is the ISO,S_ANSWERS_QUESTION_ABOUT_FEATURE,CAMERA_2,ISO,This one has up to 3200 ISO with little noise.,13~45
846,14,NONE,"['CAMERA_1', 'CAMERA_2']","{'CAMERA_1': ['settings', 'resolution', 'preset_modes'], 'CAMERA_2': ['price', 'camera_type', 'autofocus_points', 'optical_zoom', 'resolution', 'ISO'], 'CAMERA_3': []}",C_THANK_YOU,CAMERA_2,NONE,thank you for your help,S_THANK_YOU,CAMERA_2,NONE,thank you very much,
846,15,NONE,"['CAMERA_1', 'CAMERA_2']","{'CAMERA_1': ['settings', 'resolution', 'preset_modes'], 'CAMERA_2': ['price', 'camera_type', 'autofocus_points', 'optical_zoom', 'resolution', 'ISO'], 'CAMERA_3': []}",C_LEAVES,DOOR,NONE,,S_RETURNS_TO_COUNTER,SERVICE_COUNTER,NONE,,
847,1,NONE,[],"{'CAMERA_1': [], 'CAMERA_2': [], 'CAMERA_3': []}",C_ENTERS,DOOR,NONE,,S_NONE,SERVICE_COUNTER,NONE,,
847,2,NONE,[],"{'CAMERA_1': [], 'CAMERA_2': [], 'CAMERA_3': []}",C_WALKS_TO_CAMERA,CAMERA_2,NONE,,S_NONE,SERVICE_COUNTER,NONE,,
847,3,NONE,[],"{'CAMERA_1': [], 'CAMERA_2': [], 'CAMERA_3': []}",C_EXAMINES_CAMERA,CAMERA_2,NONE,,S_NONE,SERVICE_COUNTER,NONE,,
847,4,NONE,[],"{'CAMERA_1': [], 'CAMERA_2': [], 'CAMERA_3': []}",C_WALKS_TO_CAMERA,CAMERA_1,NONE,,S_GREETS,CAMERA_1,NONE,can I help you?,
847,5,CAMERA_1,['CAMERA_1'],"{'CAMERA_1': [], 'CAMERA_2': [], 'CAMERA_3': []}",C_LOOKING_FOR_A_CAMERA,CAMERA_1,NONE,I'm looking for a camera,S_INTRODUCES_CAMERA,CAMERA_1,,Let me show you this. Here we have the Nikon Coolpix S2800.,39~58
847,6,CAMERA_1,['CAMERA_1'],"{'CAMERA_1': ['optical_zoom'], 'CAMERA_2': [], 'CAMERA_3': []}",C_SILENT_OR_BACKCHANNEL,CAMERA_1,NONE,I see,S_INTRODUCES_FEATURE,CAMERA_1,optical_zoom,This one has 5x optical zoom.,13~28
847,7,CAMERA_3,"['CAMERA_1', 'CAMERA_3']","{'CAMERA_1': ['optical_zoom'], 'CAMERA_2': [], 'CAMERA_3': []}",C_ANYTHING_ELSE_AVAILABLE,CAMERA_1,NONE,ok do you have any other cameras,S_INTRODUCES_CAMERA,CAMERA_3,,Let me show you this. Here we have the Canon EOS 5D Mark III.,39~60
847,8,CAMERA_3,"['CAMERA_1', 'CAMERA_3']","{'CAMERA_1': ['optical_zoom'], 'CAMERA_2': [], 'CAMERA_3': ['color']}",C_QUESTION_ABOUT_FEATURE,CAMERA_3,color,what colors does this one come in,S_ANSWERS_QUESTION_ABOUT_FEATURE,CAMERA_3,color,This one comes in black.,18~23
847,9,CAMERA_2,"['CAMERA_1', 'CAMERA_3', 'CAMERA_2']","{'CAMERA_1': ['optical_zoom'], 'CAMERA_2': [], 'CAMERA_3': ['color']}",C_ANYTHING_ELSE_AVAILABLE,CAMERA_3,NONE,ok do you have any other cameras,S_INTRODUCES_CAMERA,CAMERA_2,,Let me show you this. Here we have the Sony Alpha a6000.,39~55
847,10,CAMERA_2,"['CAMERA_1', 'CAMERA_3', 'CAMERA_2']","{'CAMERA_1': ['optical_zoom'], 'CAMERA_2': ['resolution'], 'CAMERA_3': ['color']}",C_QUESTION_ABOUT_FEATURE,CAMERA_2,resolution,what is the resolution,S_NOT_SURE,CAMERA_2,,I'm not really sure about that,
847,11,CAMERA_2,"['CAMERA_1', 'CAMERA_3', 'CAMERA_2']","{'CAMERA_1': ['optical_zoom'], 'CAMERA_2': ['resolution', 'sensor_size'], 'CAMERA_3': ['color']}",C_QUESTION_ABOUT_FEATURE,CAMERA_2,sensor_size,what is the sensor size,S_ANSWERS_QUESTION_ABOUT_FEATURE,CAMERA_2,sensor_size,This one has a APS-C sensor (crop sensor).,15~41
847,12,CAMERA_2,"['CAMERA_1', 'CAMERA_3', 'CAMERA_2']","{'CAMERA_1': ['optical_zoom'], 'CAMERA_2': ['resolution', 'sensor_size', 'long_exposure'], 'CAMERA_3': ['color']}",C_QUESTION_ABOUT_FEATURE,CAMERA_2,long_exposure,can it take long exposure shots,S_ANSWERS_QUESTION_ABOUT_FEATURE,CAMERA_2,long_exposure,This one can take long exposures up to up to 30 seconds.,39~55
847,13,CAMERA_2,"['CAMERA_1', 'CAMERA_3', 'CAMERA_2']","{'CAMERA_1': ['optical_zoom'], 'CAMERA_2': ['resolution', 'sensor_size', 'long_exposure', 'price'], 'CAMERA_3': ['color']}",C_QUESTION_ABOUT_FEATURE,CAMERA_2,price,how much does it cost,S_ANSWERS_QUESTION_ABOUT_FEATURE,CAMERA_2,price,This one costs $1341.,15~20
847,14,CAMERA_2,"['CAMERA_1', 'CAMERA_3', 'CAMERA_2']","{'CAMERA_1': ['optical_zoom'], 'CAMERA_2': ['resolution', 'sensor_size', 'long_exposure', 'price', 'ISO'], 'CAMERA_3': ['color']}",C_SILENT_OR_BACKCHANNEL,CAMERA_2,NONE,okay,S_INTRODUCES_FEATURE,CAMERA_2,ISO,This one has up to 3200 ISO with little noise.,13~45
847,15,NONE,"['CAMERA_1', 'CAMERA_3', 'CAMERA_2']","{'CAMERA_1': ['optical_zoom'], 'CAMERA_2': ['resolution', 'sensor_size', 'long_exposure', 'price', 'ISO'], 'CAMERA_3': ['color']}",C_THANK_YOU,CAMERA_2,NONE,thank you for your help,S_THANK_YOU,CAMERA_2,NONE,thank you very much,
847,16,NONE,"['CAMERA_1', 'CAMERA_3', 'CAMERA_2']","{'CAMERA_1': ['optical_zoom'], 'CAMERA_2': ['resolution', 'sensor_size', 'long_exposure', 'price', 'ISO'], 'CAMERA_3': ['color']}",C_LEAVES,DOOR,NONE,,S_RETURNS_TO_COUNTER,SERVICE_COUNTER,NONE,,
848,1,NONE,[],"{'CAMERA_1': [], 'CAMERA_2': [], 'CAMERA_3': []}",C_ENTERS,DOOR,NONE,,S_NONE,SERVICE_COUNTER,NONE,,
848,2,NONE,[],"{'CAMERA_1': [], 'CAMERA_2': [], 'CAMERA_3': []}",C_WALKS_TO_CAMERA,CAMERA_3,NONE,,S_GREETS,CAMERA_3,NONE,can I help you?,
848,3,CAMERA_1,['CAMERA_1'],"{'CAMERA_1': [], 'CAMERA_2': [], 'CAMERA_3': []}",C_LOOKING_FOR_A_CAMERA,CAMERA_3,NONE,I'm looking for a camera,S_INTRODUCES_CAMERA,CAMERA_1,,Let me show you this. Here we have the Nikon Coolpix S2800.,39~58
848,4,CAMERA_1,['CAMERA_1'],"{'CAMERA_1': ['weight'], 'CAMERA_2': [], 'CAMERA_3': []}",C_QUESTION_ABOUT_FEATURE,CAMERA_1,weight,how much does this one weigh,S_ANSWERS_QUESTION_ABOUT_FEATURE,CAMERA_1,weight,This one weighs 120 grams.,16~25
848,5,CAMERA_1,['CAMERA_1'],"{'CAMERA_1': ['weight', 'autofocus_points'], 'CAMERA_2': [], 'CAMERA_3': []}",C_QUESTION_ABOUT_FEATURE,CAMERA_1,autofocus_points,how many autofocus points does it have,S_NOT_SURE,CAMERA_1,,I'm not really sure about that,
848,6,CAMERA_1,['CAMERA_1'],"{'CAMERA_1': ['weight', 'autofocus_points', 'effects'], 'CAMERA_2': [], 'CAMERA_3': []}",C_SILENT_OR_BACKCHANNEL,CAMERA_1,NONE,alright,S_INTRODUCES_FEATURE,CAMERA_1,effects,"This one has 12 glamor retouch effects (e.g. skin softening, small face, big eyes).",13~82
848,7,NONE,['CAMERA_1'],"{'CAMERA_1': ['weight', 'autofocus_points', 'effects'], 'CAMERA_2': [], 'CAMERA_3': []}",C_THANK_YOU,CAMERA_1,NONE,thank you for your help,S_THANK_YOU,CAMERA_1,NONE,thank you very much,
848,8,NONE,['CAMERA_1'],"{'CAMERA_1': ['weight', 'autofocus_points', 'effects'], 'CAMERA_2': [], 'CAMERA_3': []}",C_LEAVES,DOOR,NONE,,S_RETURNS_TO_COUNTER,SERVICE_COUNTER,NONE,,
849,1,NONE,[],"{'CAMERA_1': [], 'CAMERA_2': [], 'CAMERA_3': []}",C_ENTERS,DOOR,NONE,,S_NONE,SERVICE_COUNTER,NONE,,
849,2,NONE,[],"{'CAMERA_1': [], 'CAMERA_2': [], 'CAMERA_3': []}",C_WALKS_TO_CAMERA,CAMERA_2,NONE,,S_GREETS,CAMERA_2,NONE,can I help you?,
849,3,CAMERA_1,['CAMERA_1'],"{'CAMERA_1': [], 'CAMERA_2': [], 'CAMERA_3': []}",C_LOOKING_FOR_A_CAMERA,CAMERA_2,NONE,I'm looking for a camera,S_INTRODUCES_CAMERA,CAMERA_1,,Let me show you this. Here we have the Nikon Coolpix S2800.,39~58
849,4,CAMERA_1,['CAMERA_1'],"{'CAMERA_1': ['price'], 'CAMERA_2': [], 'CAMERA_3': []}",C_QUESTION_ABOUT_FEATURE,CAMERA_1,price,how much does it cost,S_ANSWERS_QUESTION_ABOUT_FEATURE,CAMERA_1,price,This one costs $2173.,15~20
849,5,CAMERA_1,['CAMERA_1'],"{'CAMERA_1': ['price', 'effects'], 'CAMERA_2': [], 'CAMERA_3': []}",C_QUESTION_ABOUT_FEATURE,CAMERA_1,effects,does it have any effect modes,S_ANSWERS_QUESTION_ABOUT_FEATURE,CAMERA_1,effects,"This one has 12 glamor retouch effects (e.g. skin softening, small face, big eyes).",13~82
849,6,CAMERA_1,['CAMERA_1'],"{'CAMERA_1': ['price', 'effects', 'optical_zoom'], 'CAMERA_2': [], 'CAMERA_3': []}",C_SILENT_OR_BACKCHANNEL,CAMERA_1,NONE,okay,S_INTRODUCES_FEATURE,CAMERA_1,optical_zoom,This one has 5x optical zoom.,13~28
849,7,CAMERA_1,['CAMERA_1'],"{'CAMERA_1': ['price', 'effects', 'optical_zoom', 'weight'], 'CAMERA_2': [], 'CAMERA_3': []}",C_QUESTION_ABOUT_FEATURE,CAMERA_1,weight,how much does this one weigh,S_ANSWERS_QUESTION_ABOUT_FEATURE,CAMERA_1,weight,This one weighs 120 grams.,16~25
849,8,CAMERA_1,['CAMERA_1'],"{'CAMERA_1': ['price', 'effects', 'optical_zoom', 'weight', 'settings'], 'CAMERA_2': [], 'CAMERA_3': []}",C_SILENT_OR_BACKCHANNEL,CAMERA_1,NONE,I see,S_INTRODUCES_FEATURE,CAMERA_1,settings,This one has limited manual settings.,13~36
849,9,CAMERA_1,['CAMERA_1'],"{'CAMERA_1': ['price', 'effects', 'optical_zoom', 'weight', 'settings', 'resolution'], 'CAMERA_2': [], 'CAMERA_3': []}",C_SILENT_OR_BACKCHANNEL,CAMERA_1,NONE,alright,S_INTRODUCES_FEATURE,CAMERA_1,resolution,This one has 20.1 megapixels resolution.,13~28
849,10,CAMERA_1,['CAMERA_1'],"{'CAMERA_1': ['price', 'effects', 'optical_zoom', 'weight', 'settings', 'resolution', 'color'], 'CAMERA_2': [], 'CAMERA_3': []}",C_SILENT_OR_BACKCHANNEL,CAMERA_1,NONE,okay,S_INTRODUCES_FEATURE,CAMERA_1,color,"This one comes in purple, pink, black, silver, red.",18~50
849,11,CAMERA_1,['CAMERA_1'],"{'CAMERA_1': ['price', 'effects', 'optical_zoom', 'weight', 'settings', 'resolution', 'color', 'camera_type'], 'CAMERA_2': [], 'CAMERA_3': []}",C_SILENT_OR_BACKCHANNEL,CAMERA_1,NONE,I see,S_INTRODUCES_FEATURE,CAMERA_1,camera_type,This is a point and shoot camera.,10~25
849,12,CAMERA_1,['CAMERA_1'],"{'CAMERA_1': ['price', 'effects', 'optical_zoom', 'weight', 'settings', 'resolution', 'color', 'camera_type', 'sensor_size'], 'CAMERA_2': [], 'CAMERA_3': []}",C_QUESTION_ABOUT_FEATURE,CAMERA_1,sensor_size,what is the sensor size,S_NOT_SURE,CAMERA_1,,I'm not really sure about that,
849,13,CAMERA_2,"['CAMERA_1', 'CAMERA_2']","{'CAMERA_1': ['price', 'effects', 'optical_zoom', 'weight', 'settings', 'resolution', 'color', 'camera_type', 'sensor_size'], 'CAMERA_2': [], 'CAMERA_3': []}",C_ANYTHING_ELSE_AVAILABLE,CAMERA_1,NONE,ok do you have any other cameras,S_INTRODUCES_CAMERA,CAMERA_2,,Let me show you this. Here we have the Sony Alpha a6000.,39~55
849,14,CAMERA_2,"['CAMERA_1', 'CAMERA_2']","{'CAMERA_1': ['price', 'effects', 'optical_zoom', 'weight', 'settings', 'resolution', 'color', 'camera_type', 'sensor_size'], 'CAMERA_2': ['weight'], 'CAMERA_3': []}",C_QUESTION_ABOUT_FEATURE,CAMERA_2,weight,how much does this one weigh,S_ANSWERS_QUESTION_ABOUT_FEATURE,CAMERA_2,weight,This one weighs 470 grams.,16~25
849,15,CAMERA_2,"['CAMERA_1', 'CAMERA_2']","{'CAMERA_1': ['price', 'effects', 'optical_zoom', 'weight', 'settings', 'resolution', 'color', 'camera_type', 'sensor_size'], 'CAMERA_2': ['weight', 'long_exposure'], 'CAMERA_3': []}",C_SILENT_OR_BACKCHANNEL,CAMERA_2,NONE,I see,S_INTRODUCES_FEATURE,CAMERA_2,long_exposure,This one can take long exposures up to up to 30 seconds.,39~55
849,16,CAMERA_2,"['CAMERA_1', 'CAMERA_2']","{'CAMERA_1': ['price', 'effects', 'optical_zoom', 'weight', 'settings', 'resolution', 'color', 'camera_type', 'sensor_size'], 'CAMERA_2': ['weight', 'long_exposure', 'ISO'], 'CAMERA_3': []}",C_QUESTION_ABOUT_FEATURE,CAMERA_2,ISO,what is the ISO,S_ANSWERS_QUESTION_ABOUT_FEATURE,CAMERA_2,ISO,This one has up to 3200 ISO with little noise.,13~45
849,17,CAMERA_2,"['CAMERA_1', 'CAMERA_2']","{'CAMERA_1': ['price', 'effects', 'optical_zoom', 'weight', 'settings', 'resolution', 'color', 'camera_type', 'sensor_size'], 'CAMERA_2': ['weight', 'long_exposure', 'ISO', 'resolution'], 'CAMERA_3': []}",C_QUESTION_ABOUT_FEATURE,CAMERA_2,resolution,what is the resolution,S_NOT_SURE,CAMERA_2,,I'm not really sure about that,
849,18,NONE,"['CAMERA_1', 'CAMERA_2']","{'CAMERA_1': ['price', 'effects', 'optical_zoom', 'weight', 'settings', 'resolution', 'color', 'camera_type', 'sensor_size'], 'CAMERA_2': ['weight', 'long_exposure', 'ISO', 'resolution'], 'CAMERA_3': []}",C_THANK_YOU,CAMERA_2,NONE,thank you for your help,S_THANK_YOU,CAMERA_2,NONE,thank you very much,
849,19,NONE,"['CAMERA_1', 'CAMERA_2']","{'CAMERA_1': ['price', 'effects', 'optical_zoom', 'weight', 'settings', 'resolution', 'color', 'camera_type', 'sensor_size'], 'CAMERA_2': ['weight', 'long_exposure', 'ISO', 'resolution'], 'CAMERA_3': []}",C_LEAVES,DOOR,NONE,,S_RETURNS_TO_COUNTER,SERVICE_COUNTER,NONE,,
850,1,NONE,[],"{'CAMERA_1': [], 'CAMERA_2': [], 'CAMERA_3': []}",C_ENTERS,DOOR,NONE,,S_NONE,SERVICE_COUNTER,NONE,,
850,2,NONE,[],"{'CAMERA_1': [], 'CAMERA_2': [], 'CAMERA_3': []}",C_WALKS_TO_CAMERA,CAMERA_2,NONE,,S_GREETS,CAMERA_2,NONE,can I help you?,
850,3,CAMERA_1,['CAMERA_1'],"{'CAMERA_1': [], 'CAMERA_2': [], 'CAMERA_3': []}",C_LOOKING_FOR_A_CAMERA,CAMERA_2,NONE,I'm looking for a camera,S_INTRODUCES_CAMERA,CAMERA_1,,Let me show you this. Here we have the Nikon Coolpix S2800.,39~58
850,4,CAMERA_1,['CAMERA_1'],"{'CAMERA_1': ['settings'], 'CAMERA_2': [], 'CAMERA_3': []}",C_SILENT_OR_BACKCHANNEL,CAMERA_1,NONE,I see,S_INTRODUCES_FEATURE,CAMERA_1,settings,This one has limited manual settings.,13~36
850,5,CAMERA_1,['CAMERA_1'],"{'CAMERA_1': ['settings', 'preset_modes'], 'CAMERA_2': [], 'CAMERA_3': []}",C_SILENT_OR_BACKCHANNEL,CAMERA_1,NONE,I see,S_INTRODUCES_FEATURE,CAMERA_1,preset_modes,"This one has 18 preset modes (e.g. beach, snow, night portrait).",13~63
850,6,CAMERA_1,['CAMERA_1'],"{'CAMERA_1': ['settings', 'preset_modes', 'long_exposure'], 'CAMERA_2': [], 'CAMERA_3': []}",C_QUESTION_ABOUT_FEATURE,CAMERA_1,long_exposure,can it take long exposure shots,S_NOT_SURE,CAMERA_1,,I'm not really sure about that,
850,7,CAMERA_1,['CAMERA_1'],"{'CAMERA_1': ['settings', 'preset_modes', 'long_exposure', 'color'], 'CAMERA_2': [], 'CAMERA_3': []}",C_SILENT_OR_BACKCHANNEL,CAMERA_1,NONE,okay,S_INTRODUCES_FEATURE,CAMERA_1,color,"This one comes in purple, pink, black, silver, red.",18~50
850,8,CAMERA_3,"['CAMERA_1', 'CAMERA_3']","{'CAMERA_1': ['settings', 'preset_modes', 'long_exposure', 'color'], 'CAMERA_2': [], 'CAMERA_3': []}",C_ANYTHING_ELSE_AVAILABLE,CAMERA_1,NONE,ok do you have any other cameras,S_INTRODUCES_CAMERA,CAMERA_3,,Let me show you this. Here we have the Canon EOS 5D Mark III.,39~60
850,9,CAMERA_3,"['CAMERA_1', 'CAMERA_3']","{'CAMERA_1': ['settings', 'preset_modes', 'long_exposure', 'color'], 'CAMERA_2': [], 'CAMERA_3': ['resolution']}",C_QUESTION_ABOUT_FEATURE,CAMERA_3,resolution,what is the resolution,S_NOT_SURE,CAMERA_3,,I'm not really sure about that,
850,10,CAMERA_3,"['CAMERA_1', 'CAMERA_3']","{'CAMERA_1': ['settings', 'preset_modes', 'long_exposure', 'color'], 'CAMERA_2': [], 'CAMERA_3': ['resolution', 'preset_modes']}",C_QUESTION_ABOUT_FEATURE,CAMERA_3,preset_modes,does it have preset modes,S_NOT_SURE,CAMERA_3,,I'm not really sure about that,
850,11,NONE,"['CAMERA_1', 'CAMERA_3']","{'CAMERA_1': ['settings', 'preset_modes', 'long_exposure', 'color'], 'CAMERA_2': [], 'CAMERA_3': ['resolution', 'preset_modes']}",C_THANK_YOU,CAMERA_3,NONE,thank you for your help,S_THANK_YOU,CAMERA_3,NONE,thank you very much,
850,12,NONE,"['CAMERA_1', 'CAMERA_3']","{'CAMERA_1': ['settings', 'preset_modes', 'long_exposure', 'color'], 'CAMERA_2': [], 'CAMERA_3': ['resolution', 'preset_modes']}",C_LEAVES,DOOR,NONE,,S_RETURNS_TO_COUNTER,SERVICE_COUNTER,NONE,,
851,1,NONE,[],"{'CAMERA_1': [], 'CAMERA_2': [], 'CAMERA_3': []}",C_ENTERS,DOOR,NONE,,S_NONE,SERVICE_COUNTER,NONE,,
851,2,NONE,[],"{'CAMERA_1': [], 'CAMERA_2': [], 'CAMERA_3': []}",C_WALKS_TO_CAMERA,CAMERA_3,NONE,,S_GREETS,CAMERA_3,NONE,can I help you?,
851,3,CAMERA_1,['CAMERA_1'],"{'CAMERA_1': [], 'CAMERA_2': [], 'CAMERA_3': []}",C_LOOKING_FOR_A_CAMERA,CAMERA_3,NONE,I'm looking for a camera,S_INTRODUCES_CAMERA,CAMERA_1,,Let me show you this. Here we have the Nikon Coolpix S2800.,39~58
851,4,CAMERA_1,['CAMERA_1'],"{'CAMERA_1': ['ISO'], 'CAMERA_2': [], 'CAMERA_3': []}",C_QUESTION_ABOUT_FEATURE,CAMERA_1,ISO,what is the ISO,S_NOT_SURE,CAMERA_1,,I'm not really sure about that,
851,5,CAMERA_1,['CAMERA_1'],"{'CAMERA_1': ['ISO', 'effects'], 'CAMERA_2': [], 'CAMERA_3': []}",C_QUESTION_ABOUT_FEATURE,CAMERA_1,effects,does it have any effect modes,S_ANSWERS_QUESTION_ABOUT_FEATURE,CAMERA_1,effects,"This one has 12 glamor retouch effects (e.g. skin softening, small face, big eyes).",13~82
851,6,CAMERA_1,['CAMERA_1'],"{'CAMERA_1': ['ISO', 'effects', 'autofocus_points'], 'CAMERA_2': [], 'CAMERA_3': []}",C_QUESTION_ABOUT_FEATURE,CAMERA_1,autofocus_points,how many autofocus points does it have,S_NOT_SURE,CAMERA_1,,I'm not really sure about that,
851,7,CAMERA_3,"['CAMERA_1', 'CAMERA_3']","{'CAMERA_1': ['ISO', 'effects', 'autofocus_points'], 'CAMERA_2': [], 'CAMERA_3': []}",C_ANYTHING_ELSE_AVAILABLE,CAMERA_1,NONE,ok do you have any other cameras,S_INTRODUCES_CAMERA,CAMERA_3,,Let me show you this. Here we have the Canon EOS 5D Mark III.,39~60
851,8,CAMERA_3,"['CAMERA_1', 'CAMERA_3']","{'CAMERA_1': ['ISO', 'effects', 'autofocus_points'], 'CAMERA_2': [], 'CAMERA_3': ['color']}",C_QUESTION_ABOUT_FEATURE,CAMERA_3,color,what colors does this one come in,S_ANSWERS_QUESTION_ABOUT_FEATURE,CAMERA_3,color,This one comes in black.,18~23
851,9,CAMERA_3,"['CAMERA_1', 'CAMERA_3']","{'CAMERA_1': ['ISO', 'effects', 'autofocus_points'], 'CAMERA_2': [], 'CAMERA_3': ['color', 'optical_zoom']}",C_QUESTION_ABOUT_FEATURE,CAMERA_3,optical_zoom,does it have optical zoom,S_NOT_SURE,CAMERA_3,,I'm not really sure about that,
851,10,NONE,"['CAMERA_1', 'CAMERA_3']","{'CAMERA_1': ['ISO', 'effects', 'autofocus_points'], 'CAMERA_2': [], 'CAMERA_3': ['color', 'optical_zoom']}",C_THANK_YOU,CAMERA_3,NONE,thank you for your help,S_THANK_YOU,CAMERA_3,NONE,thank you very much,
851,11,NONE,"['CAMERA_1', 'CAMERA_3']","{'CAMERA_1': ['ISO', 'effects', 'autofocus_points'], 'CAMERA_2': [], 'CAMERA_3': ['color', 'optical_zoom']}",C_LEAVES,DOOR,NONE,,S_RETURNS_TO_COUNTER,SERVICE_COUNTER,NONE,,
852,1,NONE,[],"{'CAMERA_1': [], 'CAMERA_2': [], 'CAMERA_3': []}",C_ENTERS,DOOR,NONE,,S_NONE,SERVICE_COUNTER,NONE,,
852,2,NONE,[],"{'CAMERA_1': [], 'CAMERA_2': [], 'CAMERA_3': []}",C_WALKS_TO_CAMERA,CAMERA_3,NONE,,S_GREETS,CAMERA_3,NONE,can I help you?,
852,3,CAMERA_2,['CAMERA_2'],"{'CAMERA_1': [], 'CAMERA_2': [], 'CAMERA_3': []}",C_LOOKING_FOR_A_CAMERA,CAMERA_3,NONE,I'm looking for a camera,S_INTRODUCES_CAMERA,CAMERA_2,,Let me show you this. Here we have the Sony Alpha a6000.,39~55
852,4,CAMERA_2,['CAMERA_2'],"{'CAMERA_1': [], 'CAMERA_2': ['weight'], 'CAMERA_3': []}",C_SILENT_OR_BACKCHANNEL,CAMERA_2,NONE,I see,S_INTRODUCES_FEATURE,CAMERA_2,weight,This one weighs 470 grams.,16~25
852,5,CAMERA_2,['CAMERA_2'],"{'CAMERA_1': [], 'CAMERA_2': ['weight', 'long_exposure'], 'CAMERA_3': []}",C_QUESTION_ABOUT_FEATURE,CAMERA_2,long_exposure,can it take long exposure shots,S_ANSWERS_QUESTION_ABOUT_FEATURE,CAMERA_2,long_exposure,This one can take long exposures up to up to 30 seconds.,39~55
852,6,CAMERA_2,['CAMERA_2'],"{'CAMERA_1': [], 'CAMERA_2': ['weight', 'long_exposure', 'camera_type'], 'CAMERA_3': []}",C_SILENT_OR_BACKCHANNEL,CAMERA_2,NONE,okay,S_INTRODUCES_FEATURE,CAMERA_2,camera_type,This is a mirrorless camera.,10~20
852,7,NONE,['CAMERA_2'],"{'CAMERA_1': [], 'CAMERA_2': ['weight', 'long_exposure', 'camera_type'], 'CAMERA_3': []}",C_THANK_YOU,CAMERA_2,NONE,thank you for your help,S_THANK_YOU,CAMERA_2,NONE,thank you very much,
852,8,NONE,['CAMERA_2'],"{'CAMERA_1': [], 'CAMERA_2': ['weight', 'long_exposure', 'camera_type'], 'CAMERA_3': []}",C_LEAVES,DOOR,NONE,,S_RETURNS_TO_COUNTER,SERVICE_COUNTER,NONE,,
853,1,NONE,[],"{'CAMERA_1': [], 'CAMERA_2': [], 'CAMERA_3': []}",C_ENTERS,DOOR,NONE,,S_NONE,SERVICE_COUNTER,NONE,,
853,2,NONE,[],"{'CAMERA_1': [], 'CAMERA_2': [], 'CAMERA_3': []}",C_WALKS_TO_CAMERA,CAMERA_3,NONE,,S_NONE,SERVICE_COUNTER,NONE,,
853,3,CAMERA_3,['CAMERA_3'],"{'CAMERA_1': [], 'CAMERA_2': [], 'CAMERA_3': ['camera_type']}",C_QUESTION_ABOUT_FEATURE,CAMERA_3,camera_type,what kind of camera is this,S_ANSWERS_QUESTION_ABOUT_FEATURE,CAMERA_3,camera_type,This is a DSLR camera.,10~14
853,4,CAMERA_3,['CAMERA_3'],"{'CAMERA_1': [], 'CAMERA_2': [], 'CAMERA_3': ['camera_type', 'autofocus_points']}",C_QUESTION_ABOUT_FEATURE,CAMERA_3,autofocus_points,how many autofocus points does it have,S_ANSWERS_QUESTION_ABOUT_FEATURE,CAMERA_3,autofocus_points,This one has 61 autofocus points.,13~32
853,5,CAMERA_1,"['CAMERA_3', 'CAMERA_1']","{'CAMERA_1': [], 'CAMERA_2': [], 'CAMERA_3': ['camera_type', 'autofocus_points']}",C_ANYTHING_ELSE_AVAILABLE,CAMERA_3,NONE,ok do you have any other cameras,S_INTRODUCES_CAMERA,CAMERA_1,,Let me show you this. Here we have the Nikon Coolpix S2800.,39~58
853,6,CAMERA_1,"['CAMERA_3', 'CAMERA_1']","{'CAMERA_1': ['resolution'], 'CAMERA_2': [], 'CAMERA_3': ['camera_type', 'autofocus_points']}",C_QUESTION_ABOUT_FEATURE,CAMERA_1,resolution,what is the resolution,S_ANSWERS_QUESTION_ABOUT_FEATURE,CAMERA_1,resolution,This one has 20.1 megapixels resolution.,13~28
853,7,CAMERA_1,"['CAMERA_3', 'CAMERA_1']","{'CAMERA_1': ['resolution', 'color'], 'CAMERA_2': [], 'CAMERA_3': ['camera_type', 'autofocus_points']}",C_SILENT_OR_BACKCHANNEL,CAMERA_1,NONE,okay,S_INTRODUCES_FEATURE,CAMERA_1,color,"This one comes in purple, pink, black, silver, red.",18~50
853,8,CAMERA_1,"['CAMERA_3', 'CAMERA_1']","{'CAMERA_1': ['resolution', 'color', 'effects'], 'CAMERA_2': [], 'CAMERA_3': ['camera_type', 'autofocus_points']}",C_SILENT_OR_BACKCHANNEL,CAMERA_1,NONE,I see,S_INTRODUCES_FEATURE,CAMERA_1,effects,"This one has 12 glamor retouch effects (e.g. skin softening, small face, big eyes).",13~82
853,9,CAMERA_1,"['CAMERA_3', 'CAMERA_1']","{'CAMERA_1': ['resolution', 'color', 'effects', 'camera_type'], 'CAMERA_2': [], 'CAMERA_3': ['camera_type', 'autofocus_points']}",C_SILENT_OR_BACKCHANNEL,CAMERA_1,NONE,I see,S_INTRODUCES_FEATURE,CAMERA_1,camera_type,This is a point and shoot camera.,10~25
853,10,CAMERA_2,"['CAMERA_3', 'CAMERA_1', 'CAMERA_2']","{'CAMERA_1': ['resolution', 'color', 'effects', 'camera_type'], 'CAMERA_2': [], 'CAMERA_3': ['camera_type', 'autofocus_points']}",C_ANYTHING_ELSE_AVAILABLE,CAMERA_1,NONE,ok do you have any other cameras,S_INTRODUCES_CAMERA,CAMERA_2,,Let me show you this. Here we have the Sony Alpha a6000.,39~55
853,11,CAMERA_2,"['CAMERA_3', 'CAMERA_1', 'CAMERA_2']","{'CAMERA_1': ['resolution', 'color', 'effects', 'camera_type'], 'CAMERA_2': ['effects'], 'CAMERA_3': ['camera_type', 'autofocus_points']}",C_SILENT_OR_BACKCHANNEL,CAMERA_2,NONE,alright,S_INTRODUCES_FEATURE,CAMERA_2,effects,"This one has 13 artistic effect modes (e.g. toy camera, soft focus).",13~67
853,12,CAMERA_2,"['CAMERA_3', 'CAMERA_1', 'CAMERA_2']","{'CAMERA_1': ['resolution', 'color', 'effects', 'camera_type'], 'CAMERA_2': ['effects', 'autofocus_points'], 'CAMERA_3': ['camera_type', 'autofocus_points']}",C_QUESTION_ABOUT_FEATURE,CAMERA_2,autofocus_points,how many autofocus points does it have,S_ANSWERS_QUESTION_ABOUT_FEATURE,CAMERA_2,autofocus_points,This one has 179 autofocus points.,13~33
853,13,CAMERA_2,"['CAMERA_3', 'CAMERA_1', 'CAMERA_2']","{'CAMERA_1': ['resolution', 'color', 'effects', 'camera_type'], 'CAMERA_2': ['effects', 'autofocus_points', 'settings'], 'CAMERA_3': ['camera_type', 'autofocus_points']}",C_SILENT_OR_BACKCHANNEL,CAMERA_2,NONE,alright,S_INTRODUCES_FEATURE,CAMERA_2,settings,This one has full manual control.,13~32
853,14,CAMERA_2,"['CAMERA_3', 'CAMERA_1', 'CAMERA_2']","{'CAMERA_1': ['resolution', 'color', 'effects', 'camera_type'], 'CAMERA_2': ['effects', 'autofocus_points', 'settings', 'price'], 'CAMERA_3': ['camera_type', 'autofocus_points']}",C_QUESTION_ABOUT_FEATURE,CAMERA_2,price,how much does it cost,S_ANSWERS_QUESTION_ABOUT_FEATURE,CAMERA_2,price,This one costs $1341.,15~20
853,15,CAMERA_2,"['CAMERA_3', 'CAMERA_1', 'CAMERA_2']","{'CAMERA_1': ['resolution', 'color', 'effects', 'camera_type'], 'CAMERA_2': ['effects', 'autofocus_points', 'settings', 'price', 'camera_type'], 'CAMERA_3': ['camera_type', 'autofocus_points']}",C_SILENT_OR_BACKCHANNEL,CAMERA_2,NONE,I see,S_INTRODUCES_FEATURE,CAMERA_2,camera_type,This is a mirrorless camera.,10~20
853,16,CAMERA_2,"['CAMERA_3', 'CAMERA_1', 'CAMERA_2']","{'CAMERA_1': ['resolution', 'color', 'effects', 'camera_type'], 'CAMERA_2': ['effects', 'autofocus_points', 'settings', 'price', 'camera_type', 'resolution'], 'CAMERA_3': ['camera_type', 'autofocus_points']}",C_QUESTION_ABOUT_FEATURE,CAMERA_2,resolution,what is the resolution,S_NOT_SURE,CAMERA_2,,I'm not really sure about that,
853,17,,"['CAMERA_3', 'CAMERA_1', 'CAMERA_2']","{'CAMERA_1': ['resolution', 'color', 'effects', 'camera_type'], 'CAMERA_2': ['effects', 'autofocus_points', 'settings', 'price', 'camera_type', 'resolution'], 'CAMERA_3': ['camera_type', 'autofocus_points']}",C_ANYTHING_ELSE_AVAILABLE,CAMERA_2,NONE,ok do you have any other cameras,S_THATS_ALL_WE_HAVE_AVAILABLE,CAMERA_2,,That’s all we have available at the moment.,
853,18,NONE,"['CAMERA_3', 'CAMERA_1', 'CAMERA_2']","{'CAMERA_1': ['resolution', 'color', 'effects', 'camera_type'], 'CAMERA_2': ['effects', 'autofocus_points', 'settings', 'price', 'camera_type', 'resolution'], 'CAMERA_3': ['camera_type', 'autofocus_points']}",C_THANK_YOU,CAMERA_2,NONE,thank you for your help,S_THANK_YOU,CAMERA_2,NONE,thank you very much,
853,19,NONE,"['CAMERA_3', 'CAMERA_1', 'CAMERA_2']","{'CAMERA_1': ['resolution', 'color', 'effects', 'camera_type'], 'CAMERA_2': ['effects', 'autofocus_points', 'settings', 'price', 'camera_type', 'resolution'], 'CAMERA_3': ['camera_type', 'autofocus_points']}",C_LEAVES,DOOR,NONE,,S_RETURNS_TO_COUNTER,SERVICE_COUNTER,NONE,,
854,1,NONE,[],"{'CAMERA_1': [], 'CAMERA_2': [], 'CAMERA_3': []}",C_ENTERS,DOOR,NONE,,S_NONE,SERVICE_COUNTER,NONE,,
854,2,NONE,[],"{'CAMERA_1': [], 'CAMERA_2': [], 'CAMERA_3': []}",C_GREETS,MIDDLE,NONE,hello,S_GREETS,MIDDLE,NONE,can I help you?,
854,3,CAMERA_1,['CAMERA_1'],"{'CAMERA_1': [], 'CAMERA_2': [], 'CAMERA_3': []}",C_LOOKING_FOR_A_CAMERA,MIDDLE,NONE,I'm looking for a camera,S_INTRODUCES_CAMERA,CAMERA_1,,Let me show you this. Here we have the Nikon Coolpix S2800.,39~58
854,4,CAMERA_1,['CAMERA_1'],"{'CAMERA_1': ['effects'], 'CAMERA_2': [], 'CAMERA_3': []}",C_SILENT_OR_BACKCHANNEL,CAMERA_1,NONE,alright,S_INTRODUCES_FEATURE,CAMERA_1,effects,"This one has 12 glamor retouch effects (e.g. skin softening, small face, big eyes).",13~82
854,5,CAMERA_1,['CAMERA_1'],"{'CAMERA_1': ['effects', 'preset_modes'], 'CAMERA_2': [], 'CAMERA_3': []}",C_SILENT_OR_BACKCHANNEL,CAMERA_1,NONE,okay,S_INTRODUCES_FEATURE,CAMERA_1,preset_modes,"This one has 18 preset modes (e.g. beach, snow, night portrait).",13~63
854,6,CAMERA_1,['CAMERA_1'],"{'CAMERA_1': ['effects', 'preset_modes', 'resolution'], 'CAMERA_2': [], 'CAMERA_3': []}",C_SILENT_OR_BACKCHANNEL,CAMERA_1,NONE,I see,S_INTRODUCES_FEATURE,CAMERA_1,resolution,This one has 20.1 megapixels resolution.,13~28
854,7,CAMERA_1,['CAMERA_1'],"{'CAMERA_1': ['effects', 'preset_modes', 'resolution', 'optical_zoom'], 'CAMERA_2': [], 'CAMERA_3': []}",C_SILENT_OR_BACKCHANNEL,CAMERA_1,NONE,okay,S_INTRODUCES_FEATURE,CAMERA_1,optical_zoom,This one has 5x optical zoom.,13~28
854,8,NONE,['CAMERA_1'],"{'CAMERA_1': ['effects', 'preset_modes', 'resolution', 'optical_zoom'], 'CAMERA_2': [], 'CAMERA_3': []}",C_THANK_YOU,CAMERA_1,NONE,thank you for your help,S_THANK_YOU,CAMERA_1,NONE,thank you very much,
854,9,NONE,['CAMERA_1'],"{'CAMERA_1': ['effects', 'preset_modes', 'resolution', 'optical_zoom'], 'CAMERA_2': [], 'CAMERA_3': []}",C_LEAVES,DOOR,NONE,,S_RETURNS_TO_COUNTER,SERVICE_COUNTER,NONE,,
855,1,NONE,[],"{'CAMERA_1': [], 'CAMERA_2': [], 'CAMERA_3': []}",C_ENTERS,DOOR,NONE,,S_NONE,SERVICE_COUNTER,NONE,,
855,2,NONE,[],"{'CAMERA_1': [], 'CAMERA_2': [], 'CAMERA_3': []}",C_WALKS_TO_CAMERA,CAMERA_2,NONE,,S_GREETS,CAMERA_2,NONE,can I help you?,
855,3,CAMERA_1,['CAMERA_1'],"{'CAMERA_1': [], 'CAMERA_2': [], 'CAMERA_3': []}",C_LOOKING_FOR_A_CAMERA,CAMERA_2,NONE,I'm looking for a camera,S_INTRODUCES_CAMERA,CAMERA_1,,Let me show you this. Here we have the Nikon Coolpix S2800.,39~58
855,4,CAMERA_1,['CAMERA_1'],"{'CAMERA_1': ['price'], 'CAMERA_2': [], 'CAMERA_3': []}",C_QUESTION_ABOUT_FEATURE,CAMERA_1,price,how much does it cost,S_ANSWERS_QUESTION_ABOUT_FEATURE,CAMERA_1,price,This one costs $2173.,15~20
855,5,CAMERA_1,['CAMERA_1'],"{'CAMERA_1': ['price', 'effects'], 'CAMERA_2': [], 'CAMERA_3': []}",C_QUESTION_ABOUT_FEATURE,CAMERA_1,effects,does it have any effect modes,S_ANSWERS_QUESTION_ABOUT_FEATURE,CAMERA_1,effects,"This one has 12 glamor retouch effects (e.g. skin softening, small face, big eyes).",13~82
855,6,CAMERA_1,['CAMERA_1'],"{'CAMERA_1': ['price', 'effects', 'long_exposure'], 'CAMERA_2': [], 'CAMERA_3': []}",C_QUESTION_ABOUT_FEATURE,CAMERA_1,long_exposure,can it take long exposure shots,S_NOT_SURE,CAMERA_1,,I'm not really sure about that,
855,7,CAMERA_1,['CAMERA_1'],"{'CAMERA_1': ['price', 'effects', 'long_exposure', 'autofocus_points'], 'CAMERA_2': [], 'CAMERA_3': []}",C_QUESTION_ABOUT_FEATURE,CAMERA_1,autofocus_points,how many autofocus points does it have,S_NOT_SURE,CAMERA_1,,I'm not really sure about that,
855,8,CAMERA_1,['CAMERA_1'],"{'CAMERA_1': ['price', 'effects', 'long_exposure', 'autofocus_points', 'preset_modes'], 'CAMERA_2': [], 'CAMERA_3': []}",C_SILENT_OR_BACKCHANNEL,CAMERA_1,NONE,I see,S_INTRODUCES_FEATURE,CAMERA_1,preset_modes,"This one has 18 preset modes (e.g. beach, snow, night portrait).",13~63
855,9,NONE,['CAMERA_1'],"{'CAMERA_1': ['price', 'effects', 'long_exposure', 'autofocus_points', 'preset_modes'], 'CAMERA_2': [], 'CAMERA_3': []}",C_THANK_YOU,CAMERA_1,NONE,thank you for your help,S_THANK_YOU,CAMERA_1,NONE,thank you very much,
855,10,NONE,['CAMERA_1'],"{'CAMERA_1': ['price', 'effects', 'long_exposure', 'autofocus_points', 'preset_modes'], 'CAMERA_2': [], 'CAMERA_3': []}",C_LEAVES,DOOR,NONE,,S_RETURNS_TO_COUNTER,SERVICE_COUNTER,NONE,,
856,1,NONE,[],"{'CAMERA_1': [], 'CAMERA_2': [], 'CAMERA_3': []}",C_ENTERS,DOOR,NONE,,S_NONE,SERVICE_COUNTER,NONE,,
856,2,NONE,[],"{'CAMERA_1': [], 'CAMERA_2': [], 'CAMERA_3': []}",C_GREETS,MIDDLE,NONE,hello,S_GREETS,MIDDLE,NONE,can I help you?,
856,3,CAMERA_1,['CAMERA_1'],"{'CAMERA_1': [], 'CAMERA_2': [], 'CAMERA_3': []}",C_LOOKING_FOR_A_CAMERA,MIDDLE,NONE,I'm looking for a camera,S_INTRODUCES_CAMERA,CAMERA_1,,Let me show you this. Here we have the Nikon Coolpix S2800.,39~58
856,4,CAMERA_1,['CAMERA_1'],"{'CAMERA_1': ['weight'], 'CAMERA_2': [], 'CAMERA_3': []}",C_SILENT_OR_BACKCHANNEL,CAMERA_1,NONE,okay,S_INTRODUCES_FEATURE,CAMERA_1,weight,This one weighs 120 grams.,16~25
856,5,CAMERA_2,"['CAMERA_1', 'CAMERA_2']","{'CAMERA_1': ['weight'], 'CAMERA_2': [], 'CAMERA_3': []}",C_ANYTHING_ELSE_AVAILABLE,CAMERA_1,NONE,ok do you have any other cameras,S_INTRODUCES_CAMERA,CAMERA_2,,Let me show you this. Here we have the Sony Alpha a6000.,39~55
856,6,CAMERA_2,"['CAMERA_1', 'CAMERA_2']","{'CAMERA_1': ['weight'], 'CAMERA_2': ['autofocus_points'], 'CAMERA_3': []}",C_SILENT_OR_BACKCHANNEL,CAMERA_2,NONE,okay,S_INTRODUCES_FEATURE,CAMERA_2,autofocus_points,This one has 179 autofocus points.,13~33
856,7,CAMERA_2,"['CAMERA_1', 'CAMERA_2']","{'CAMERA_1': ['weight'], 'CAMERA_2': ['autofocus_points', 'ISO'], 'CAMERA_3': []}",C_SILENT_OR_BACKCHANNEL,CAMERA_2,NONE,I see,S_INTRODUCES_FEATURE,CAMERA_2,ISO,This one has up to 3200 ISO with little noise.,13~45
856,8,NONE,"['CAMERA_1', 'CAMERA_2']","{'CAMERA_1': ['weight'], 'CAMERA_2': ['autofocus_points', 'ISO'], 'CAMERA_3': []}",C_THANK_YOU,CAMERA_2,NONE,thank you for your help,S_THANK_YOU,CAMERA_2,NONE,thank you very much,
856,9,NONE,"['CAMERA_1', 'CAMERA_2']","{'CAMERA_1': ['weight'], 'CAMERA_2': ['autofocus_points', 'ISO'], 'CAMERA_3': []}",C_LEAVES,DOOR,NONE,,S_RETURNS_TO_COUNTER,SERVICE_COUNTER,NONE,,
857,1,NONE,[],"{'CAMERA_1': [], 'CAMERA_2': [], 'CAMERA_3': []}",C_ENTERS,DOOR,NONE,,S_NONE,SERVICE_COUNTER,NONE,,
857,2,NONE,[],"{'CAMERA_1': [], 'CAMERA_2': [], 'CAMERA_3': []}",C_WALKS_TO_CAMERA,CAMERA_2,NONE,,S_GREETS,CAMERA_2,NONE,can I help you?,
857,3,CAMERA_1,['CAMERA_1'],"{'CAMERA_1': [], 'CAMERA_2': [], 'CAMERA_3': []}",C_LOOKING_FOR_A_CAMERA,CAMERA_2,NONE,I'm looking for a camera,S_INTRODUCES_CAMERA,CAMERA_1,,Let me show you this. Here we have the Nikon Coolpix S2800.,39~58
857,4,CAMERA_1,['CAMERA_1'],"{'CAMERA_1': ['settings'], 'CAMERA_2': [], 'CAMERA_3': []}",C_SILENT_OR_BACKCHANNEL,CAMERA_1,NONE,okay,S_INTRODUCES_FEATURE,CAMERA_1,settings,This one has limited manual settings.,13~36
857,5,CAMERA_1,['CAMERA_1'],"{'CAMERA_1': ['settings', 'preset_modes'], 'CAMERA_2': [], 'CAMERA_3': []}",C_QUESTION_ABOUT_FEATURE,CAMERA_1,preset_modes,does it have preset modes,S_ANSWERS_QUESTION_ABOUT_FEATURE,CAMERA_1,preset_modes,"This one has 18 preset modes (e.g. beach, snow, night portrait).",13~63
857,6,CAMERA_2,"['CAMERA_1', 'CAMERA_2']","{'CAMERA_1': ['settings', 'preset_modes'], 'CAMERA_2': [], 'CAMERA_3': []}",C_ANYTHING_ELSE_AVAILABLE,CAMERA_1,NONE,ok do you have any other cameras,S_INTRODUCES_CAMERA,CAMERA_2,,Let me show you this. Here we have the Sony Alpha a6000.,39~55
857,7,CAMERA_2,"['CAMERA_1', 'CAMERA_2']","{'CAMERA_1': ['settings', 'preset_modes'], 'CAMERA_2': ['color'], 'CAMERA_3': []}",C_QUESTION_ABOUT_FEATURE,CAMERA_2,color,what colors does this one come in,S_ANSWERS_QUESTION_ABOUT_FEATURE,CAMERA_2,color,"This one comes in white, silver, black.",18~38
857,8,CAMERA_2,"['CAMERA_1', 'CAMERA_2']","{'CAMERA_1': ['settings', 'preset_modes'], 'CAMERA_2': ['color', 'long_exposure'], 'CAMERA_3': []}",C_SILENT_OR_BACKCHANNEL,CAMERA_2,NONE,alright,S_INTRODUCES_FEATURE,CAMERA_2,long_exposure,This one can take long exposures up to up to 30 seconds.,39~55
857,9,NONE,"['CAMERA_1', 'CAMERA_2']","{'CAMERA_1': ['settings', 'preset_modes'], 'CAMERA_2': ['color', 'long_exposure'], 'CAMERA_3': []}",C_THANK_YOU,CAMERA_2,NONE,thank you for your help,S_THANK_YOU,CAMERA_2,NONE,thank you very much,
857,10,NONE,"['CAMERA_1', 'CAMERA_2']","{'CAMERA_1': ['settings', 'preset_modes'], 'CAMERA_2': ['color', 'long_exposure'], 'CAMERA_3': []}",C_LEAVES,DOOR,NONE,,S_RETURNS_TO_COUNTER,SERVICE_COUNTER,NONE,,
858,1,NONE,[],"{'CAMERA_1': [], 'CAMERA_2': [], 'CAMERA_3': []}",C_ENTERS,DOOR,NONE,,S_NONE,SERVICE_COUNTER,NONE,,
858,2,NONE,[],"{'CAMERA_1': [], 'CAMERA_2': [], 'CAMERA_3': []}",C_WALKS_TO_CAMERA,CAMERA_3,NONE,,S_NONE,SERVICE_COUNTER,NONE,,
858,3,CAMERA_3,['CAMERA_3'],"{'CAMERA_1': [], 'CAMERA_2': [], 'CAMERA_3': ['preset_modes']}",C_QUESTION_ABOUT_FEATURE,CAMERA_3,preset_modes,does it have preset modes,S_NOT_SURE,CAMERA_3,,I'm not really sure about that,
858,4,NONE,['CAMERA_3'],"{'CAMERA_1': [], 'CAMERA_2': [], 'CAMERA_3': ['preset_modes']}",C_THANK_YOU,CAMERA_3,NONE,thank you for your help,S_THANK_YOU,CAMERA_3,NONE,thank you very much,
858,5,NONE,['CAMERA_3'],"{'CAMERA_1': [], 'CAMERA_2': [], 'CAMERA_3': ['preset_modes']}",C_LEAVES,DOOR,NONE,,S_RETURNS_TO_COUNTER,SERVICE_COUNTER,NONE,,
859,1,NONE,[],"{'CAMERA_1': [], 'CAMERA_2': [], 'CAMERA_3': []}",C_ENTERS,DOOR,NONE,,S_NONE,SERVICE_COUNTER,NONE,,
859,2,NONE,[],"{'CAMERA_1': [], 'CAMERA_2': [], 'CAMERA_3': []}",C_GREETS,MIDDLE,NONE,hello,S_GREETS,MIDDLE,NONE,can I help you?,
859,3,CAMERA_1,['CAMERA_1'],"{'CAMERA_1': [], 'CAMERA_2': [], 'CAMERA_3': []}",C_LOOKING_FOR_A_CAMERA,MIDDLE,NONE,I'm looking for a camera,S_INTRODUCES_CAMERA,CAMERA_1,,Let me show you this. Here we have the Nikon Coolpix S2800.,39~58
859,4,CAMERA_1,['CAMERA_1'],"{'CAMERA_1': ['long_exposure'], 'CAMERA_2': [], 'CAMERA_3': []}",C_QUESTION_ABOUT_FEATURE,CAMERA_1,long_exposure,can it take long exposure shots,S_NOT_SURE,CAMERA_1,,I'm not really sure about that,
859,5,CAMERA_1,['CAMERA_1'],"{'CAMERA_1': ['long_exposure', 'autofocus_points'], 'CAMERA_2': [], 'CAMERA_3': []}",C_QUESTION_ABOUT_FEATURE,CAMERA_1,autofocus_points,how many autofocus points does it have,S_NOT_SURE,CAMERA_1,,I'm not really sure about that,
859,6,CAMERA_1,['CAMERA_1'],"{'CAMERA_1': ['long_exposure', 'autofocus_points', 'price'], 'CAMERA_2': [], 'CAMERA_3': []}",C_QUESTION_ABOUT_FEATURE,CAMERA_1,price,how much does it cost,S_ANSWERS_QUESTION_ABOUT_FEATURE,CAMERA_1,price,This one costs $2173.,15~20
859,7,CAMERA_1,['CAMERA_1'],"{'CAMERA_1': ['long_exposure', 'autofocus_points', 'price', 'color'], 'CAMERA_2': [], 'CAMERA_3': []}",C_QUESTION_ABOUT_FEATURE,CAMERA_1,color,what colors does this one come in,S_ANSWERS_QUESTION_ABOUT_FEATURE,CAMERA_1,color,"This one comes in purple, pink, black, silver, red.",18~50
859,8,CAMERA_1,['CAMERA_1'],"{'CAMERA_1': ['long_exposure', 'autofocus_points', 'price', 'color', 'optical_zoom'], 'CAMERA_2': [], 'CAMERA_3': []}",C_SILENT_OR_BACKCHANNEL,CAMERA_1,NONE,alright,S_INTRODUCES_FEATURE,CAMERA_1,optical_zoom,This one has 5x optical zoom.,13~28
859,9,CAMERA_1,['CAMERA_1'],"{'CAMERA_1': ['long_exposure', 'autofocus_points', 'price', 'color', 'optical_zoom', 'settings'], 'CAMERA_2': [], 'CAMERA_3': []}",C_QUESTION_ABOUT_FEATURE,CAMERA_1,settings,what kind of settings does it have,S_ANSWERS_QUESTION_ABOUT_FEATURE,CAMERA_1,settings,This one has limited manual settings.,13~36
859,10,CAMERA_1,['CAMERA_1'],"{'CAMERA_1': ['long_exposure', 'autofocus_points', 'price', 'color', 'optical_zoom', 'settings', 'resolution'], 'CAMERA_2': [], 'CAMERA_3': []}",C_SILENT_OR_BACKCHANNEL,CAMERA_1,NONE,okay,S_INTRODUCES_FEATURE,CAMERA_1,resolution,This one has 20.1 megapixels resolution.,13~28
859,11,CAMERA_2,"['CAMERA_1', 'CAMERA_2']","{'CAMERA_1': ['long_exposure', 'autofocus_points', 'price', 'color', 'optical_zoom', 'settings', 'resolution'], 'CAMERA_2': [], 'CAMERA_3': []}",C_ANYTHING_ELSE_AVAILABLE,CAMERA_1,NONE,ok do you have any other cameras,S_INTRODUCES_CAMERA,CAMERA_2,,Let me show you this. Here we have the Sony Alpha a6000.,39~55
859,12,CAMERA_2,"['CAMERA_1', 'CAMERA_2']","{'CAMERA_1': ['long_exposure', 'autofocus_points', 'price', 'color', 'optical_zoom', 'settings', 'resolution'], 'CAMERA_2': ['settings'], 'CAMERA_3': []}",C_SILENT_OR_BACKCHANNEL,CAMERA_2,NONE,alright,S_INTRODUCES_FEATURE,CAMERA_2,settings,This one has full manual control.,13~32
859,13,CAMERA_2,"['CAMERA_1', 'CAMERA_2']","{'CAMERA_1': ['long_exposure', 'autofocus_points', 'price', 'color', 'optical_zoom', 'settings', 'resolution'], 'CAMERA_2': ['settings', 'long_exposure'], 'CAMERA_3': []}",C_SILENT_OR_BACKCHANNEL,CAMERA_2,NONE,okay,S_INTRODUCES_FEATURE,CAMERA_2,long_exposure,This one can take long exposures up to up to 30 seconds.,39~55
859,14,NONE,"['CAMERA_1', 'CAMERA_2']","{'CAMERA_1': ['long_exposure', 'autofocus_points', 'price', 'color', 'optical_zoom', 'settings', 'resolution'], 'CAMERA_2': ['settings', 'long_exposure'], 'CAMERA_3': []}",C_THANK_YOU,CAMERA_2,NONE,thank you for your help,S_THANK_YOU,CAMERA_2,NONE,thank you very much,
859,15,NONE,"['CAMERA_1', 'CAMERA_2']","{'CAMERA_1': ['long_exposure', 'autofocus_points', 'price', 'color', 'optical_zoom', 'settings', 'resolution'], 'CAMERA_2': ['settings', 'long_exposure'], 'CAMERA_3': []}",C_LEAVES,DOOR,NONE,,S_RETURNS_TO_COUNTER,SERVICE_COUNTER,NONE,,
860,1,NONE,[],"{'CAMERA_1': [], 'CAMERA_2': [], 'CAMERA_3': []}",C_ENTERS,DOOR,NONE,,S_NONE,SERVICE_COUNTER,NONE,,
860,2,NONE,[],"{'CAMERA_1': [], 'CAMERA_2': [], 'CAMERA_3': []}",C_WALKS_TO_CAMERA,CAMERA_2,NONE,,S_GREETS,CAMERA_2,NONE,can I help you?,
860,3,CAMERA_3,['CAMERA_3'],"{'CAMERA_1': [], 'CAMERA_2': [], 'CAMERA_3': []}",C_LOOKING_FOR_A_CAMERA,CAMERA_2,NONE,I'm looking for a camera,S_INTRODUCES_CAMERA,CAMERA_3,,Let me show you this. Here we have the Canon EOS 5D Mark III.,39~60
860,4,CAMERA_3,['CAMERA_3'],"{'CAMERA_1': [], 'CAMERA_2': [], 'CAMERA_3': ['weight']}",C_QUESTION_ABOUT_FEATURE,CAMERA_3,weight,how much does this one weigh,S_ANSWERS_QUESTION_ABOUT_FEATURE,CAMERA_3,weight,This one weighs 950 grams (only body).,16~37
860,5,CAMERA_3,['CAMERA_3'],"{'CAMERA_1': [], 'CAMERA_2': [], 'CAMERA_3': ['weight', 'settings']}",C_QUESTION_ABOUT_FEATURE,CAMERA_3,settings,what kind of settings does it have,S_ANSWERS_QUESTION_ABOUT_FEATURE,CAMERA_3,settings,This one has full manual control.,13~32
860,6,NONE,['CAMERA_3'],"{'CAMERA_1': [], 'CAMERA_2': [], 'CAMERA_3': ['weight', 'settings']}",C_THANK_YOU,CAMERA_3,NONE,thank you for your help,S_THANK_YOU,CAMERA_3,NONE,thank you very much,
860,7,NONE,['CAMERA_3'],"{'CAMERA_1': [], 'CAMERA_2': [], 'CAMERA_3': ['weight', 'settings']}",C_LEAVES,DOOR,NONE,,S_RETURNS_TO_COUNTER,SERVICE_COUNTER,NONE,,
861,1,NONE,[],"{'CAMERA_1': [], 'CAMERA_2': [], 'CAMERA_3': []}",C_ENTERS,DOOR,NONE,,S_NONE,SERVICE_COUNTER,NONE,,
861,2,NONE,[],"{'CAMERA_1': [], 'CAMERA_2': [], 'CAMERA_3': []}",C_WALKS_TO_CAMERA,CAMERA_2,NONE,,S_GREETS,CAMERA_2,NONE,can I help you?,
861,3,CAMERA_2,['CAMERA_2'],"{'CAMERA_1': [], 'CAMERA_2': [], 'CAMERA_3': []}",C_LOOKING_FOR_A_CAMERA,CAMERA_2,NONE,I'm looking for a camera,S_INTRODUCES_CAMERA,CAMERA_2,,Let me show you this. Here we have the Sony Alpha a6000.,39~55
861,4,CAMERA_2,['CAMERA_2'],"{'CAMERA_1': [], 'CAMERA_2': ['color'], 'CAMERA_3': []}",C_QUESTION_ABOUT_FEATURE,CAMERA_2,color,what colors does this one come in,S_ANSWERS_QUESTION_ABOUT_FEATURE,CAMERA_2,color,"This one comes in white, silver, black.",18~38
861,5,NONE,['CAMERA_2'],"{'CAMERA_1': [], 'CAMERA_2': ['color'], 'CAMERA_3': []}",C_THANK_YOU,CAMERA_2,NONE,thank you for your help,S_THANK_YOU,CAMERA_2,NONE,thank you very much,
861,6,NONE,['CAMERA_2'],"{'CAMERA_1': [], 'CAMERA_2': ['color'], 'CAMERA_3': []}",C_LEAVES,DOOR,NONE,,S_RETURNS_TO_COUNTER,SERVICE_COUNTER,NONE,,
862,1,NONE,[],"{'CAMERA_1': [], 'CAMERA_2': [], 'CAMERA_3': []}",C_ENTERS,DOOR,NONE,,S_NONE,SERVICE_COUNTER,NONE,,
862,2,NONE,[],"{'CAMERA_1': [], 'CAMERA_2': [], 'CAMERA_3': []}",C_GREETS,MIDDLE,NONE,hello,S_GREETS,MIDDLE,NONE,can I help you?,
862,3,CAMERA_3,['CAMERA_3'],"{'CAMERA_1': [], 'CAMERA_2': [], 'CAMERA_3': []}",C_LOOKING_FOR_A_CAMERA,MIDDLE,NONE,I'm looking for a camera,S_INTRODUCES_CAMERA,CAMERA_3,,Let me show you this. Here we have the Canon EOS 5D Mark III.,39~60
862,4,CAMERA_3,['CAMERA_3'],"{'CAMERA_1': [], 'CAMERA_2': [], 'CAMERA_3': ['camera_type']}",C_QUESTION_ABOUT_FEATURE,CAMERA_3,camera_type,what kind of camera is this,S_ANSWERS_QUESTION_ABOUT_FEATURE,CAMERA_3,camera_type,This is a DSLR camera.,10~14
862,5,CAMERA_3,['CAMERA_3'],"{'CAMERA_1': [], 'CAMERA_2': [], 'CAMERA_3': ['camera_type', 'color']}",C_QUESTION_ABOUT_FEATURE,CAMERA_3,color,what colors does this one come in,S_ANSWERS_QUESTION_ABOUT_FEATURE,CAMERA_3,color,This one comes in black.,18~23
862,6,CAMERA_3,['CAMERA_3'],"{'CAMERA_1': [], 'CAMERA_2': [], 'CAMERA_3': ['camera_type', 'color', 'weight']}",C_SILENT_OR_BACKCHANNEL,CAMERA_3,NONE,okay,S_INTRODUCES_FEATURE,CAMERA_3,weight,This one weighs 950 grams (only body).,16~37
862,7,CAMERA_1,"['CAMERA_3', 'CAMERA_1']","{'CAMERA_1': [], 'CAMERA_2': [], 'CAMERA_3': ['camera_type', 'color', 'weight']}",C_ANYTHING_ELSE_AVAILABLE,CAMERA_3,NONE,ok do you have any other cameras,S_INTRODUCES_CAMERA,CAMERA_1,,Let me show you this. Here we have the Nikon Coolpix S2800.,39~58
862,8,CAMERA_1,"['CAMERA_3', 'CAMERA_1']","{'CAMERA_1': ['ISO'], 'CAMERA_2': [], 'CAMERA_3': ['camera_type', 'color', 'weight']}",C_QUESTION_ABOUT_FEATURE,CAMERA_1,ISO,what is the ISO,S_NOT_SURE,CAMERA_1,,I'm not really sure about that,
862,9,CAMERA_1,"['CAMERA_3', 'CAMERA_1']","{'CAMERA_1': ['ISO', 'effects'], 'CAMERA_2': [], 'CAMERA_3': ['camera_type', 'color', 'weight']}",C_SILENT_OR_BACKCHANNEL,CAMERA_1,NONE,I see,S_INTRODUCES_FEATURE,CAMERA_1,effects,"This one has 12 glamor retouch effects (e.g. skin softening, small face, big eyes).",13~82
862,10,CAMERA_1,"['CAMERA_3', 'CAMERA_1']","{'CAMERA_1': ['ISO', 'effects', 'settings'], 'CAMERA_2': [], 'CAMERA_3': ['camera_type', 'color', 'weight']}",C_SILENT_OR_BACKCHANNEL,CAMERA_1,NONE,okay,S_INTRODUCES_FEATURE,CAMERA_1,settings,This one has limited manual settings.,13~36
862,11,CAMERA_1,"['CAMERA_3', 'CAMERA_1']","{'CAMERA_1': ['ISO', 'effects', 'settings', 'optical_zoom'], 'CAMERA_2': [], 'CAMERA_3': ['camera_type', 'color', 'weight']}",C_QUESTION_ABOUT_FEATURE,CAMERA_1,optical_zoom,does it have optical zoom,S_ANSWERS_QUESTION_ABOUT_FEATURE,CAMERA_1,optical_zoom,This one has 5x optical zoom.,13~28
862,12,CAMERA_1,"['CAMERA_3', 'CAMERA_1']","{'CAMERA_1': ['ISO', 'effects', 'settings', 'optical_zoom', 'resolution'], 'CAMERA_2': [], 'CAMERA_3': ['camera_type', 'color', 'weight']}",C_SILENT_OR_BACKCHANNEL,CAMERA_1,NONE,I see,S_INTRODUCES_FEATURE,CAMERA_1,resolution,This one has 20.1 megapixels resolution.,13~28
862,13,CAMERA_1,"['CAMERA_3', 'CAMERA_1']","{'CAMERA_1': ['ISO', 'effects', 'settings', 'optical_zoom', 'resolution', 'camera_type'], 'CAMERA_2': [], 'CAMERA_3': ['camera_type', 'color', 'weight']}",C_QUESTION_ABOUT_FEATURE,CAMERA_1,camera_type,what kind of camera is this,S_ANSWERS_QUESTION_ABOUT_FEATURE,CAMERA_1,camera_type,This is a point and shoot camera.,10~25
862,14,CAMERA_1,"['CAMERA_3', 'CAMERA_1']","{'CAMERA_1': ['ISO', 'effects', 'settings', 'optical_zoom', 'resolution', 'camera_type', 'autofocus_points'], 'CAMERA_2': [], 'CAMERA_3': ['camera_type', 'color', 'weight']}",C_QUESTION_ABOUT_FEATURE,CAMERA_1,autofocus_points,how many autofocus points does it have,S_NOT_SURE,CAMERA_1,,I'm not really sure about that,
862,15,CAMERA_1,"['CAMERA_3', 'CAMERA_1']","{'CAMERA_1': ['ISO', 'effects', 'settings', 'optical_zoom', 'resolution', 'camera_type', 'autofocus_points', 'long_exposure'], 'CAMERA_2': [], 'CAMERA_3': ['camera_type', 'color', 'weight']}",C_QUESTION_ABOUT_FEATURE,CAMERA_1,long_exposure,can it take long exposure shots,S_NOT_SURE,CAMERA_1,,I'm not really sure about that,
862,16,CAMERA_1,"['CAMERA_3', 'CAMERA_1']","{'CAMERA_1': ['ISO', 'effects', 'settings', 'optical_zoom', 'resolution', 'camera_type', 'autofocus_points', 'long_exposure', 'preset_modes'], 'CAMERA_2': [], 'CAMERA_3': ['camera_type', 'color', 'weight']}",C_SILENT_OR_BACKCHANNEL,CAMERA_1,NONE,I see,S_INTRODUCES_FEATURE,CAMERA_1,preset_modes,"This one has 18 preset modes (e.g. beach, snow, night portrait).",13~63
862,17,CAMERA_1,"['CAMERA_3', 'CAMERA_1']","{'CAMERA_1': ['ISO', 'effects', 'settings', 'optical_zoom', 'resolution', 'camera_type', 'autofocus_points', 'long_exposure', 'preset_modes', 'weight'], 'CAMERA_2': [], 'CAMERA_3': ['camera_type', 'color', 'weight']}",C_QUESTION_ABOUT_FEATURE,CAMERA_1,weight,how much does this one weigh,S_ANSWERS_QUESTION_ABOUT_FEATURE,CAMERA_1,weight,This one weighs 120 grams.,16~25
862,18,CAMERA_1,"['CAMERA_3', 'CAMERA_1']","{'CAMERA_1': ['ISO', 'effects', 'settings', 'optical_zoom', 'resolution', 'camera_type', 'autofocus_points', 'long_exposure', 'preset_modes', 'weight', 'color'], 'CAMERA_2': [], 'CAMERA_3': ['camera_type', 'color', 'weight']}",C_QUESTION_ABOUT_FEATURE,CAMERA_1,color,what colors does this one come in,S_ANSWERS_QUESTION_ABOUT_FEATURE,CAMERA_1,color,"This one comes in purple, pink, black, silver, red.",18~50
862,19,CAMERA_1,"['CAMERA_3', 'CAMERA_1']","{'CAMERA_1': ['ISO', 'effects', 'settings', 'optical_zoom', 'resolution', 'camera_type', 'autofocus_points', 'long_exposure', 'preset_modes', 'weight', 'color', 'price'], 'CAMERA_2': [], 'CAMERA_3': ['camera_type', 'color', 'weight']}",C_SILENT_OR_BACKCHANNEL,CAMERA_1,NONE,alright,S_INTRODUCES_FEATURE,CAMERA_1,price,This one costs $2173.,15~20
862,20,NONE,"['CAMERA_3', 'CAMERA_1']","{'CAMERA_1': ['ISO', 'effects', 'settings', 'optical_zoom', 'resolution', 'camera_type', 'autofocus_points', 'long_exposure', 'preset_modes', 'weight', 'color', 'price'], 'CAMERA_2': [], 'CAMERA_3': ['camera_type', 'color', 'weight']}",C_THANK_YOU,CAMERA_1,NONE,thank you for your help,S_THANK_YOU,CAMERA_1,NONE,thank you very much,
862,21,NONE,"['CAMERA_3', 'CAMERA_1']","{'CAMERA_1': ['ISO', 'effects', 'settings', 'optical_zoom', 'resolution', 'camera_type', 'autofocus_points', 'long_exposure', 'preset_modes', 'weight', 'color', 'price'], 'CAMERA_2': [], 'CAMERA_3': ['camera_type', 'color', 'weight']}",C_LEAVES,DOOR,NONE,,S_RETURNS_TO_COUNTER,SERVICE_COUNTER,NONE,,
863,1,NONE,[],"{'CAMERA_1': [], 'CAMERA_2': [], 'CAMERA_3': []}",C_ENTERS,DOOR,NONE,,S_NONE,SERVICE_COUNTER,NONE,,
863,2,NONE,[],"{'CAMERA_1': [], 'CAMERA_2': [], 'CAMERA_3': []}",C_WALKS_TO_CAMERA,CAMERA_1,NONE,,S_NONE,SERVICE_COUNTER,NONE,,
863,3,NONE,[],"{'CAMERA_1': [], 'CAMERA_2': [], 'CAMERA_3': []}",C_EXAMINES_CAMERA,CAMERA_1,NONE,,S_GREETS,CAMERA_1,NONE,can I help you?,
863,4,CAMERA_1,['CAMERA_1'],"{'CAMERA_1': [], 'CAMERA_2': [], 'CAMERA_3': []}",C_LOOKING_FOR_A_CAMERA,CAMERA_1,NONE,I'm looking for a camera,S_INTRODUCES_CAMERA,CAMERA_1,,Let me show you this. Here we have the Nikon Coolpix S2800.,39~58
863,5,CAMERA_1,['CAMERA_1'],"{'CAMERA_1': ['settings'], 'CAMERA_2': [], 'CAMERA_3': []}",C_QUESTION_ABOUT_FEATURE,CAMERA_1,settings,what kind of settings does it have,S_ANSWERS_QUESTION_ABOUT_FEATURE,CAMERA_1,settings,This one has limited manual settings.,13~36
863,6,CAMERA_3,"['CAMERA_1', 'CAMERA_3']","{'CAMERA_1': ['settings'], 'CAMERA_2': [], 'CAMERA_3': []}",C_ANYTHING_ELSE_AVAILABLE,CAMERA_1,NONE,ok do you have any other cameras,S_INTRODUCES_CAMERA,CAMERA_3,,Let me show you this. Here we have the Canon EOS 5D Mark III.,39~60
863,7,CAMERA_3,"['CAMERA_1', 'CAMERA_3']","{'CAMERA_1': ['settings'], 'CAMERA_2': [], 'CAMERA_3': ['preset_modes']}",C_QUESTION_ABOUT_FEATURE,CAMERA_3,preset_modes,does it have preset modes,S_NOT_SURE,CAMERA_3,,I'm not really sure about that,
863,8,CAMERA_3,"['CAMERA_1', 'CAMERA_3']","{'CAMERA_1': ['settings'], 'CAMERA_2': [], 'CAMERA_3': ['preset_modes', 'ISO']}",C_SILENT_OR_BACKCHANNEL,CAMERA_3,NONE,alright,S_INTRODUCES_FEATURE,CAMERA_3,ISO,This one has up to 6400 ISO with little noise.,13~45
863,9,CAMERA_3,"['CAMERA_1', 'CAMERA_3']","{'CAMERA_1': ['settings'], 'CAMERA_2': [], 'CAMERA_3': ['preset_modes', 'ISO', 'price']}",C_QUESTION_ABOUT_FEATURE,CAMERA_3,price,how much does it cost,S_ANSWERS_QUESTION_ABOUT_FEATURE,CAMERA_3,price,This one costs $3706.,15~20
863,10,CAMERA_3,"['CAMERA_1', 'CAMERA_3']","{'CAMERA_1': ['settings'], 'CAMERA_2': [], 'CAMERA_3': ['preset_modes', 'ISO', 'price', 'long_exposure']}",C_QUESTION_ABOUT_FEATURE,CAMERA_3,long_exposure,can it take long exposure shots,S_ANSWERS_QUESTION_ABOUT_FEATURE,CAMERA_3,long_exposure,"This one can take long exposures up to up to 30 seconds, bulb mode: expose as long as you want.",39~94
863,11,CAMERA_3,"['CAMERA_1', 'CAMERA_3']","{'CAMERA_1': ['settings'], 'CAMERA_2': [], 'CAMERA_3': ['preset_modes', 'ISO', 'price', 'long_exposure', 'color']}",C_QUESTION_ABOUT_FEATURE,CAMERA_3,color,what colors does this one come in,S_ANSWERS_QUESTION_ABOUT_FEATURE,CAMERA_3,color,This one comes in black.,18~23
863,12,CAMERA_3,"['CAMERA_1', 'CAMERA_3']","{'CAMERA_1': ['settings'], 'CAMERA_2': [], 'CAMERA_3': ['preset_modes', 'ISO', 'price', 'long_exposure', 'color', 'autofocus_points']}",C_SILENT_OR_BACKCHANNEL,CAMERA_3,NONE,I see,S_INTRODUCES_FEATURE,CAMERA_3,autofocus_points,This one has 61 autofocus points.,13~32
863,13,CAMERA_3,"['CAMERA_1', 'CAMERA_3']","{'CAMERA_1': ['settings'], 'CAMERA_2': [], 'CAMERA_3': ['preset_modes', 'ISO', 'price', 'long_exposure', 'color', 'autofocus_points', 'effects']}",C_QUESTION_ABOUT_FEATURE,CAMERA_3,effects,does it have any effect modes,S_NOT_SURE,CAMERA_3,,I'm not really sure about that,
863,14,CAMERA_3,"['CAMERA_1', 'CAMERA_3']","{'CAMERA_1': ['settings'], 'CAMERA_2': [], 'CAMERA_3': ['preset_modes', 'ISO', 'price', 'long_exposure', 'color', 'autofocus_points', 'effects', 'weight']}",C_QUESTION_ABOUT_FEATURE,CAMERA_3,weight,how much does this one weigh,S_ANSWERS_QUESTION_ABOUT_FEATURE,CAMERA_3,weight,This one weighs 950 grams (only body).,16~37
863,15,CAMERA_2,"['CAMERA_1', 'CAMERA_3', 'CAMERA_2']","{'CAMERA_1': ['settings'], 'CAMERA_2': [], 'CAMERA_3': ['preset_modes', 'ISO', 'price', 'long_exposure', 'color', 'autofocus_points', 'effects', 'weight']}",C_ANYTHING_ELSE_AVAILABLE,CAMERA_3,NONE,ok do you have any other cameras,S_INTRODUCES_CAMERA,CAMERA_2,,Let me show you this. Here we have the Sony Alpha a6000.,39~55
863,16,CAMERA_2,"['CAMERA_1', 'CAMERA_3', 'CAMERA_2']","{'CAMERA_1': ['settings'], 'CAMERA_2': ['long_exposure'], 'CAMERA_3': ['preset_modes', 'ISO', 'price', 'long_exposure', 'color', 'autofocus_points', 'effects', 'weight']}",C_QUESTION_ABOUT_FEATURE,CAMERA_2,long_exposure,can it take long exposure shots,S_ANSWERS_QUESTION_ABOUT_FEATURE,CAMERA_2,long_exposure,This one can take long exposures up to up to 30 seconds.,39~55
863,17,CAMERA_2,"['CAMERA_1', 'CAMERA_3', 'CAMERA_2']","{'CAMERA_1': ['settings'], 'CAMERA_2': ['long_exposure', 'ISO'], 'CAMERA_3': ['preset_modes', 'ISO', 'price', 'long_exposure', 'color', 'autofocus_points', 'effects', 'weight']}",C_QUESTION_ABOUT_FEATURE,CAMERA_2,ISO,what is the ISO,S_ANSWERS_QUESTION_ABOUT_FEATURE,CAMERA_2,ISO,This one has up to 3200 ISO with little noise.,13~45
863,18,CAMERA_2,"['CAMERA_1', 'CAMERA_3', 'CAMERA_2']","{'CAMERA_1': ['settings'], 'CAMERA_2': ['long_exposure', 'ISO', 'preset_modes'], 'CAMERA_3': ['preset_modes', 'ISO', 'price', 'long_exposure', 'color', 'autofocus_points', 'effects', 'weight']}",C_SILENT_OR_BACKCHANNEL,CAMERA_2,NONE,alright,S_INTRODUCES_FEATURE,CAMERA_2,preset_modes,"This one has 9 preset modes (e.g. beach, snow, night, portrait).",13~63
863,19,CAMERA_2,"['CAMERA_1', 'CAMERA_3', 'CAMERA_2']","{'CAMERA_1': ['settings'], 'CAMERA_2': ['long_exposure', 'ISO', 'preset_modes', 'settings'], 'CAMERA_3': ['preset_modes', 'ISO', 'price', 'long_exposure', 'color', 'autofocus_points', 'effects', 'weight']}",C_QUESTION_ABOUT_FEATURE,CAMERA_2,settings,what kind of settings does it have,S_ANSWERS_QUESTION_ABOUT_FEATURE,CAMERA_2,settings,This one has full manual control.,13~32
863,20,CAMERA_2,"['CAMERA_1', 'CAMERA_3', 'CAMERA_2']","{'CAMERA_1': ['settings'], 'CAMERA_2': ['long_exposure', 'ISO', 'preset_modes', 'settings', 'camera_type'], 'CAMERA_3': ['preset_modes', 'ISO', 'price', 'long_exposure', 'color', 'autofocus_points', 'effects', 'weight']}",C_SILENT_OR_BACKCHANNEL,CAMERA_2,NONE,alright,S_INTRODUCES_FEATURE,CAMERA_2,camera_type,This is a mirrorless camera.,10~20
863,21,CAMERA_2,"['CAMERA_1', 'CAMERA_3', 'CAMERA_2']","{'CAMERA_1': ['settings'], 'CAMERA_2': ['long_exposure', 'ISO', 'preset_modes', 'settings', 'camera_type', 'price'], 'CAMERA_3': ['preset_modes', 'ISO', 'price', 'long_exposure', 'color', 'autofocus_points', 'effects', 'weight']}",C_SILENT_OR_BACKCHANNEL,CAMERA_2,NONE,I see,S_INTRODUCES_FEATURE,CAMERA_2,price,This one costs $1341.,15~20
863,22,CAMERA_2,"['CAMERA_1', 'CAMERA_3', 'CAMERA_2']","{'CAMERA_1': ['settings'], 'CAMERA_2': ['long_exposure', 'ISO', 'preset_modes', 'settings', 'camera_type', 'price', 'weight'], 'CAMERA_3': ['preset_modes', 'ISO', 'price', 'long_exposure', 'color', 'autofocus_points', 'effects', 'weight']}",C_QUESTION_ABOUT_FEATURE,CAMERA_2,weight,how much does this one weigh,S_ANSWERS_QUESTION_ABOUT_FEATURE,CAMERA_2,weight,This one weighs 470 grams.,16~25
863,23,CAMERA_2,"['CAMERA_1', 'CAMERA_3', 'CAMERA_2']","{'CAMERA_1': ['settings'], 'CAMERA_2': ['long_exposure', 'ISO', 'preset_modes', 'settings', 'camera_type', 'price', 'weight', 'effects'], 'CAMERA_3': ['preset_modes', 'ISO', 'price', 'long_exposure', 'color', 'autofocus_points', 'effects', 'weight']}",C_SILENT_OR_BACKCHANNEL,CAMERA_2,NONE,okay,S_INTRODUCES_FEATURE,CAMERA_2,effects,"This one has 13 artistic effect modes (e.g. toy camera, soft focus).",13~67
863,24,CAMERA_2,"['CAMERA_1', 'CAMERA_3', 'CAMERA_2']","{'CAMERA_1': ['settings'], 'CAMERA_2': ['long_exposure', 'ISO', 'preset_modes', 'settings', 'camera_type', 'price', 'weight', 'effects', 'optical_zoom'], 'CAMERA_3': ['preset_modes', 'ISO', 'price', 'long_exposure', 'color', 'autofocus_points', 'effects', 'weight']}",C_QUESTION_ABOUT_FEATURE,CAMERA_2,optical_zoom,does it have optical zoom,S_NOT_SURE,CAMERA_2,,I'm not really sure about that,
863,25,CAMERA_2,"['CAMERA_1', 'CAMERA_3', 'CAMERA_2']","{'CAMERA_1': ['settings'], 'CAMERA_2': ['long_exposure', 'ISO', 'preset_modes', 'settings', 'camera_type', 'price', 'weight', 'effects', 'optical_zoom', 'sensor_size'], 'CAMERA_3': ['preset_modes', 'ISO', 'price', 'long_exposure', 'color', 'autofocus_points', 'effects', 'weight']}",C_QUESTION_ABOUT_FEATURE,CAMERA_2,sensor_size,what is the sensor size,S_ANSWERS_QUESTION_ABOUT_FEATURE,CAMERA_2,sensor_size,This one has a APS-C sensor (crop sensor).,15~41
863,26,,"['CAMERA_1', 'CAMERA_3', 'CAMERA_2']","{'CAMERA_1': ['settings'], 'CAMERA_2': ['long_exposure', 'ISO', 'preset_modes', 'settings', 'camera_type', 'price', 'weight', 'effects', 'optical_zoom', 'sensor_size'], 'CAMERA_3': ['preset_modes', 'ISO', 'price', 'long_exposure', 'color', 'autofocus_points', 'effects', 'weight']}",C_ANYTHING_ELSE_AVAILABLE,CAMERA_2,NONE,ok do you have any other cameras,S_THATS_ALL_WE_HAVE_AVAILABLE,CAMERA_2,,That’s all we have available at the moment.,
863,27,NONE,"['CAMERA_1', 'CAMERA_3', 'CAMERA_2']","{'CAMERA_1': ['settings'], 'CAMERA_2': ['long_exposure', 'ISO', 'preset_modes', 'settings', 'camera_type', 'price', 'weight', 'effects', 'optical_zoom', 'sensor_size'], 'CAMERA_3': ['preset_modes', 'ISO', 'price', 'long_exposure', 'color', 'autofocus_points', 'effects', 'weight']}",C_THANK_YOU,CAMERA_2,NONE,thank you for your help,S_THANK_YOU,CAMERA_2,NONE,thank you very much,
863,28,NONE,"['CAMERA_1', 'CAMERA_3', 'CAMERA_2']","{'CAMERA_1': ['settings'], 'CAMERA_2': ['long_exposure', 'ISO', 'preset_modes', 'settings', 'camera_type', 'price', 'weight', 'effects', 'optical_zoom', 'sensor_size'], 'CAMERA_3': ['preset_modes', 'ISO', 'price', 'long_exposure', 'color', 'autofocus_points', 'effects', 'weight']}",C_LEAVES,DOOR,NONE,,S_RETURNS_TO_COUNTER,SERVICE_COUNTER,NONE,,
864,1,NONE,[],"{'CAMERA_1': [], 'CAMERA_2': [], 'CAMERA_3': []}",C_ENTERS,DOOR,NONE,,S_NONE,SERVICE_COUNTER,NONE,,
864,2,NONE,[],"{'CAMERA_1': [], 'CAMERA_2': [], 'CAMERA_3': []}",C_WALKS_TO_CAMERA,CAMERA_2,NONE,,S_NONE,SERVICE_COUNTER,NONE,,
864,3,NONE,[],"{'CAMERA_1': [], 'CAMERA_2': [], 'CAMERA_3': []}",C_EXAMINES_CAMERA,CAMERA_2,NONE,,S_NONE,SERVICE_COUNTER,NONE,,
864,4,NONE,[],"{'CAMERA_1': [], 'CAMERA_2': [], 'CAMERA_3': []}",C_WALKS_TO_CAMERA,CAMERA_1,NONE,,S_NONE,SERVICE_COUNTER,NONE,,
864,5,NONE,[],"{'CAMERA_1': [], 'CAMERA_2': [], 'CAMERA_3': []}",C_EXAMINES_CAMERA,CAMERA_1,NONE,,S_NONE,SERVICE_COUNTER,NONE,,
864,6,NONE,[],"{'CAMERA_1': [], 'CAMERA_2': [], 'CAMERA_3': []}",C_WALKS_TO_CAMERA,CAMERA_2,NONE,,S_GREETS,CAMERA_2,NONE,can I help you?,
864,7,CAMERA_2,['CAMERA_2'],"{'CAMERA_1': [], 'CAMERA_2': [], 'CAMERA_3': []}",C_LOOKING_FOR_A_CAMERA,CAMERA_2,NONE,I'm looking for a camera,S_INTRODUCES_CAMERA,CAMERA_2,,Let me show you this. Here we have the Sony Alpha a6000.,39~55
864,8,CAMERA_2,['CAMERA_2'],"{'CAMERA_1': [], 'CAMERA_2': ['camera_type'], 'CAMERA_3': []}",C_QUESTION_ABOUT_FEATURE,CAMERA_2,camera_type,what kind of camera is this,S_ANSWERS_QUESTION_ABOUT_FEATURE,CAMERA_2,camera_type,This is a mirrorless camera.,10~20
864,9,CAMERA_2,['CAMERA_2'],"{'CAMERA_1': [], 'CAMERA_2': ['camera_type', 'long_exposure'], 'CAMERA_3': []}",C_QUESTION_ABOUT_FEATURE,CAMERA_2,long_exposure,can it take long exposure shots,S_ANSWERS_QUESTION_ABOUT_FEATURE,CAMERA_2,long_exposure,This one can take long exposures up to up to 30 seconds.,39~55
864,10,CAMERA_2,['CAMERA_2'],"{'CAMERA_1': [], 'CAMERA_2': ['camera_type', 'long_exposure', 'price'], 'CAMERA_3': []}",C_QUESTION_ABOUT_FEATURE,CAMERA_2,price,how much does it cost,S_ANSWERS_QUESTION_ABOUT_FEATURE,CAMERA_2,price,This one costs $1341.,15~20
864,11,CAMERA_2,['CAMERA_2'],"{'CAMERA_1': [], 'CAMERA_2': ['camera_type', 'long_exposure', 'price', 'optical_zoom'], 'CAMERA_3': []}",C_QUESTION_ABOUT_FEATURE,CAMERA_2,optical_zoom,does it have optical zoom,S_NOT_SURE,CAMERA_2,,I'm not really sure about that,
864,12,CAMERA_2,['CAMERA_2'],"{'CAMERA_1': [], 'CAMERA_2': ['camera_type', 'long_exposure', 'price', 'optical_zoom', 'color'], 'CAMERA_3': []}",C_QUESTION_ABOUT_FEATURE,CAMERA_2,color,what colors does this one come in,S_ANSWERS_QUESTION_ABOUT_FEATURE,CAMERA_2,color,"This one comes in white, silver, black.",18~38
864,13,CAMERA_2,['CAMERA_2'],"{'CAMERA_1': [], 'CAMERA_2': ['camera_type', 'long_exposure', 'price', 'optical_zoom', 'color', 'preset_modes'], 'CAMERA_3': []}",C_QUESTION_ABOUT_FEATURE,CAMERA_2,preset_modes,does it have preset modes,S_ANSWERS_QUESTION_ABOUT_FEATURE,CAMERA_2,preset_modes,"This one has 9 preset modes (e.g. beach, snow, night, portrait).",13~63
864,14,CAMERA_2,['CAMERA_2'],"{'CAMERA_1': [], 'CAMERA_2': ['camera_type', 'long_exposure', 'price', 'optical_zoom', 'color', 'preset_modes', 'weight'], 'CAMERA_3': []}",C_QUESTION_ABOUT_FEATURE,CAMERA_2,weight,how much does this one weigh,S_ANSWERS_QUESTION_ABOUT_FEATURE,CAMERA_2,weight,This one weighs 470 grams.,16~25
864,15,CAMERA_3,"['CAMERA_2', 'CAMERA_3']","{'CAMERA_1': [], 'CAMERA_2': ['camera_type', 'long_exposure', 'price', 'optical_zoom', 'color', 'preset_modes', 'weight'], 'CAMERA_3': []}",C_ANYTHING_ELSE_AVAILABLE,CAMERA_2,NONE,ok do you have any other cameras,S_INTRODUCES_CAMERA,CAMERA_3,,Let me show you this. Here we have the Canon EOS 5D Mark III.,39~60
864,16,CAMERA_3,"['CAMERA_2', 'CAMERA_3']","{'CAMERA_1': [], 'CAMERA_2': ['camera_type', 'long_exposure', 'price', 'optical_zoom', 'color', 'preset_modes', 'weight'], 'CAMERA_3': ['long_exposure']}",C_QUESTION_ABOUT_FEATURE,CAMERA_3,long_exposure,can it take long exposure shots,S_ANSWERS_QUESTION_ABOUT_FEATURE,CAMERA_3,long_exposure,"This one can take long exposures up to up to 30 seconds, bulb mode: expose as long as you want.",39~94
864,17,CAMERA_3,"['CAMERA_2', 'CAMERA_3']","{'CAMERA_1': [], 'CAMERA_2': ['camera_type', 'long_exposure', 'price', 'optical_zoom', 'color', 'preset_modes', 'weight'], 'CAMERA_3': ['long_exposure', 'autofocus_points']}",C_SILENT_OR_BACKCHANNEL,CAMERA_3,NONE,I see,S_INTRODUCES_FEATURE,CAMERA_3,autofocus_points,This one has 61 autofocus points.,13~32
864,18,CAMERA_3,"['CAMERA_2', 'CAMERA_3']","{'CAMERA_1': [], 'CAMERA_2': ['camera_type', 'long_exposure', 'price', 'optical_zoom', 'color', 'preset_modes', 'weight'], 'CAMERA_3': ['long_exposure', 'autofocus_points', 'color']}",C_SILENT_OR_BACKCHANNEL,CAMERA_3,NONE,I see,S_INTRODUCES_FEATURE,CAMERA_3,color,This one comes in black.,18~23
864,19,CAMERA_3,"['CAMERA_2', 'CAMERA_3']","{'CAMERA_1': [], 'CAMERA_2': ['camera_type', 'long_exposure', 'price', 'optical_zoom', 'color', 'preset_modes', 'weight'], 'CAMERA_3': ['long_exposure', 'autofocus_points', 'color', 'price']}",C_SILENT_OR_BACKCHANNEL,CAMERA_3,NONE,alright,S_INTRODUCES_FEATURE,CAMERA_3,price,This one costs $3706.,15~20
864,20,CAMERA_1,"['CAMERA_2', 'CAMERA_3', 'CAMERA_1']","{'CAMERA_1': [], 'CAMERA_2': ['camera_type', 'long_exposure', 'price', 'optical_zoom', 'color', 'preset_modes', 'weight'], 'CAMERA_3': ['long_exposure', 'autofocus_points', 'color', 'price']}",C_ANYTHING_ELSE_AVAILABLE,CAMERA_3,NONE,ok do you have any other cameras,S_INTRODUCES_CAMERA,CAMERA_1,,Let me show you this. Here we have the Nikon Coolpix S2800.,39~58
864,21,CAMERA_1,"['CAMERA_2', 'CAMERA_3', 'CAMERA_1']","{'CAMERA_1': ['ISO'], 'CAMERA_2': ['camera_type', 'long_exposure', 'price', 'optical_zoom', 'color', 'preset_modes', 'weight'], 'CAMERA_3': ['long_exposure', 'autofocus_points', 'color', 'price']}",C_QUESTION_ABOUT_FEATURE,CAMERA_1,ISO,what is the ISO,S_NOT_SURE,CAMERA_1,,I'm not really sure about that,
864,22,NONE,"['CAMERA_2', 'CAMERA_3', 'CAMERA_1']","{'CAMERA_1': ['ISO'], 'CAMERA_2': ['camera_type', 'long_exposure', 'price', 'optical_zoom', 'color', 'preset_modes', 'weight'], 'CAMERA_3': ['long_exposure', 'autofocus_points', 'color', 'price']}",C_THANK_YOU,CAMERA_1,NONE,thank you for your help,S_THANK_YOU,CAMERA_1,NONE,thank you very much,
864,23,NONE,"['CAMERA_2', 'CAMERA_3', 'CAMERA_1']","{'CAMERA_1': ['ISO'], 'CAMERA_2': ['camera_type', 'long_exposure', 'price', 'optical_zoom', 'color', 'preset_modes', 'weight'], 'CAMERA_3': ['long_exposure', 'autofocus_points', 'color', 'price']}",C_LEAVES,DOOR,NONE,,S_RETURNS_TO_COUNTER,SERVICE_COUNTER,NONE,,
865,1,NONE,[],"{'CAMERA_1': [], 'CAMERA_2': [], 'CAMERA_3': []}",C_ENTERS,DOOR,NONE,,S_NONE,SERVICE_COUNTER,NONE,,
865,2,NONE,[],"{'CAMERA_1': [], 'CAMERA_2': [], 'CAMERA_3': []}",C_WALKS_TO_CAMERA,CAMERA_3,NONE,,S_GREETS,CAMERA_3,NONE,can I help you?,
865,3,CAMERA_1,['CAMERA_1'],"{'CAMERA_1': [], 'CAMERA_2': [], 'CAMERA_3': []}",C_LOOKING_FOR_A_CAMERA,CAMERA_3,NONE,I'm looking for a camera,S_INTRODUCES_CAMERA,CAMERA_1,,Let me show you this. Here we have the Nikon Coolpix S2800.,39~58
865,4,CAMERA_1,['CAMERA_1'],"{'CAMERA_1': ['price'], 'CAMERA_2': [], 'CAMERA_3': []}",C_SILENT_OR_BACKCHANNEL,CAMERA_1,NONE,okay,S_INTRODUCES_FEATURE,CAMERA_1,price,This one costs $2173.,15~20
865,5,CAMERA_1,['CAMERA_1'],"{'CAMERA_1': ['price', 'color'], 'CAMERA_2': [], 'CAMERA_3': []}",C_QUESTION_ABOUT_FEATURE,CAMERA_1,color,what colors does this one come in,S_ANSWERS_QUESTION_ABOUT_FEATURE,CAMERA_1,color,"This one comes in purple, pink, black, silver, red.",18~50
865,6,NONE,['CAMERA_1'],"{'CAMERA_1': ['price', 'color'], 'CAMERA_2': [], 'CAMERA_3': []}",C_THANK_YOU,CAMERA_1,NONE,thank you for your help,S_THANK_YOU,CAMERA_1,NONE,thank you very much,
865,7,NONE,['CAMERA_1'],"{'CAMERA_1': ['price', 'color'], 'CAMERA_2': [], 'CAMERA_3': []}",C_LEAVES,DOOR,NONE,,S_RETURNS_TO_COUNTER,SERVICE_COUNTER,NONE,,
866,1,NONE,[],"{'CAMERA_1': [], 'CAMERA_2': [], 'CAMERA_3': []}",C_ENTERS,DOOR,NONE,,S_NONE,SERVICE_COUNTER,NONE,,
866,2,NONE,[],"{'CAMERA_1': [], 'CAMERA_2': [], 'CAMERA_3': []}",C_WALKS_TO_CAMERA,CAMERA_1,NONE,,S_NONE,SERVICE_COUNTER,NONE,,
866,3,NONE,[],"{'CAMERA_1': [], 'CAMERA_2': [], 'CAMERA_3': []}",C_EXAMINES_CAMERA,CAMERA_1,NONE,,S_GREETS,CAMERA_1,NONE,can I help you?,
866,4,CAMERA_1,['CAMERA_1'],"{'CAMERA_1': [], 'CAMERA_2': [], 'CAMERA_3': []}",C_LOOKING_FOR_A_CAMERA,CAMERA_1,NONE,I'm looking for a camera,S_INTRODUCES_CAMERA,CAMERA_1,,Let me show you this. Here we have the Nikon Coolpix S2800.,39~58
866,5,CAMERA_1,['CAMERA_1'],"{'CAMERA_1': ['autofocus_points'], 'CAMERA_2': [], 'CAMERA_3': []}",C_QUESTION_ABOUT_FEATURE,CAMERA_1,autofocus_points,how many autofocus points does it have,S_NOT_SURE,CAMERA_1,,I'm not really sure about that,
866,6,CAMERA_1,['CAMERA_1'],"{'CAMERA_1': ['autofocus_points', 'long_exposure'], 'CAMERA_2': [], 'CAMERA_3': []}",C_QUESTION_ABOUT_FEATURE,CAMERA_1,long_exposure,can it take long exposure shots,S_NOT_SURE,CAMERA_1,,I'm not really sure about that,
866,7,CAMERA_1,['CAMERA_1'],"{'CAMERA_1': ['autofocus_points', 'long_exposure', 'sensor_size'], 'CAMERA_2': [], 'CAMERA_3': []}",C_QUESTION_ABOUT_FEATURE,CAMERA_1,sensor_size,what is the sensor size,S_NOT_SURE,CAMERA_1,,I'm not really sure about that,
866,8,CAMERA_1,['CAMERA_1'],"{'CAMERA_1': ['autofocus_points', 'long_exposure', 'sensor_size', 'effects'], 'CAMERA_2': [], 'CAMERA_3': []}",C_SILENT_OR_BACKCHANNEL,CAMERA_1,NONE,okay,S_INTRODUCES_FEATURE,CAMERA_1,effects,"This one has 12 glamor retouch effects (e.g. skin softening, small face, big eyes).",13~82
866,9,NONE,['CAMERA_1'],"{'CAMERA_1': ['autofocus_points', 'long_exposure', 'sensor_size', 'effects'], 'CAMERA_2': [], 'CAMERA_3': []}",C_THANK_YOU,CAMERA_1,NONE,thank you for your help,S_THANK_YOU,CAMERA_1,NONE,thank you very much,
866,10,NONE,['CAMERA_1'],"{'CAMERA_1': ['autofocus_points', 'long_exposure', 'sensor_size', 'effects'], 'CAMERA_2': [], 'CAMERA_3': []}",C_LEAVES,DOOR,NONE,,S_RETURNS_TO_COUNTER,SERVICE_COUNTER,NONE,,
867,1,NONE,[],"{'CAMERA_1': [], 'CAMERA_2': [], 'CAMERA_3': []}",C_ENTERS,DOOR,NONE,,S_NONE,SERVICE_COUNTER,NONE,,
867,2,NONE,[],"{'CAMERA_1': [], 'CAMERA_2': [], 'CAMERA_3': []}",C_GREETS,MIDDLE,NONE,hello,S_GREETS,MIDDLE,NONE,can I help you?,
867,3,CAMERA_1,['CAMERA_1'],"{'CAMERA_1': [], 'CAMERA_2': [], 'CAMERA_3': []}",C_LOOKING_FOR_A_CAMERA,MIDDLE,NONE,I'm looking for a camera,S_INTRODUCES_CAMERA,CAMERA_1,,Let me show you this. Here we have the Nikon Coolpix S2800.,39~58
867,4,CAMERA_1,['CAMERA_1'],"{'CAMERA_1': ['preset_modes'], 'CAMERA_2': [], 'CAMERA_3': []}",C_QUESTION_ABOUT_FEATURE,CAMERA_1,preset_modes,does it have preset modes,S_ANSWERS_QUESTION_ABOUT_FEATURE,CAMERA_1,preset_modes,"This one has 18 preset modes (e.g. beach, snow, night portrait).",13~63
867,5,CAMERA_2,"['CAMERA_1', 'CAMERA_2']","{'CAMERA_1': ['preset_modes'], 'CAMERA_2': [], 'CAMERA_3': []}",C_ANYTHING_ELSE_AVAILABLE,CAMERA_1,NONE,ok do you have any other cameras,S_INTRODUCES_CAMERA,CAMERA_2,,Let me show you this. Here we have the Sony Alpha a6000.,39~55
867,6,CAMERA_2,"['CAMERA_1', 'CAMERA_2']","{'CAMERA_1': ['preset_modes'], 'CAMERA_2': ['preset_modes'], 'CAMERA_3': []}",C_SILENT_OR_BACKCHANNEL,CAMERA_2,NONE,I see,S_INTRODUCES_FEATURE,CAMERA_2,preset_modes,"This one has 9 preset modes (e.g. beach, snow, night, portrait).",13~63
867,7,NONE,"['CAMERA_1', 'CAMERA_2']","{'CAMERA_1': ['preset_modes'], 'CAMERA_2': ['preset_modes'], 'CAMERA_3': []}",C_THANK_YOU,CAMERA_2,NONE,thank you for your help,S_THANK_YOU,CAMERA_2,NONE,thank you very much,
867,8,NONE,"['CAMERA_1', 'CAMERA_2']","{'CAMERA_1': ['preset_modes'], 'CAMERA_2': ['preset_modes'], 'CAMERA_3': []}",C_LEAVES,DOOR,NONE,,S_RETURNS_TO_COUNTER,SERVICE_COUNTER,NONE,,
868,1,NONE,[],"{'CAMERA_1': [], 'CAMERA_2': [], 'CAMERA_3': []}",C_ENTERS,DOOR,NONE,,S_NONE,SERVICE_COUNTER,NONE,,
868,2,NONE,[],"{'CAMERA_1': [], 'CAMERA_2': [], 'CAMERA_3': []}",C_WALKS_TO_CAMERA,CAMERA_1,NONE,,S_NONE,SERVICE_COUNTER,NONE,,
868,3,CAMERA_1,['CAMERA_1'],"{'CAMERA_1': ['price'], 'CAMERA_2': [], 'CAMERA_3': []}",C_QUESTION_ABOUT_FEATURE,CAMERA_1,price,how much does it cost,S_ANSWERS_QUESTION_ABOUT_FEATURE,CAMERA_1,price,This one costs $2173.,15~20
868,4,CAMERA_1,['CAMERA_1'],"{'CAMERA_1': ['price', 'camera_type'], 'CAMERA_2': [], 'CAMERA_3': []}",C_QUESTION_ABOUT_FEATURE,CAMERA_1,camera_type,what kind of camera is this,S_ANSWERS_QUESTION_ABOUT_FEATURE,CAMERA_1,camera_type,This is a point and shoot camera.,10~25
868,5,CAMERA_3,"['CAMERA_1', 'CAMERA_3']","{'CAMERA_1': ['price', 'camera_type'], 'CAMERA_2': [], 'CAMERA_3': []}",C_ANYTHING_ELSE_AVAILABLE,CAMERA_1,NONE,ok do you have any other cameras,S_INTRODUCES_CAMERA,CAMERA_3,,Let me show you this. Here we have the Canon EOS 5D Mark III.,39~60
868,6,CAMERA_3,"['CAMERA_1', 'CAMERA_3']","{'CAMERA_1': ['price', 'camera_type'], 'CAMERA_2': [], 'CAMERA_3': ['long_exposure']}",C_QUESTION_ABOUT_FEATURE,CAMERA_3,long_exposure,can it take long exposure shots,S_ANSWERS_QUESTION_ABOUT_FEATURE,CAMERA_3,long_exposure,"This one can take long exposures up to up to 30 seconds, bulb mode: expose as long as you want.",39~94
868,7,CAMERA_3,"['CAMERA_1', 'CAMERA_3']","{'CAMERA_1': ['price', 'camera_type'], 'CAMERA_2': [], 'CAMERA_3': ['long_exposure', 'ISO']}",C_SILENT_OR_BACKCHANNEL,CAMERA_3,NONE,I see,S_INTRODUCES_FEATURE,CAMERA_3,ISO,This one has up to 6400 ISO with little noise.,13~45
868,8,CAMERA_3,"['CAMERA_1', 'CAMERA_3']","{'CAMERA_1': ['price', 'camera_type'], 'CAMERA_2': [], 'CAMERA_3': ['long_exposure', 'ISO', 'color']}",C_QUESTION_ABOUT_FEATURE,CAMERA_3,color,what colors does this one come in,S_ANSWERS_QUESTION_ABOUT_FEATURE,CAMERA_3,color,This one comes in black.,18~23
868,9,CAMERA_3,"['CAMERA_1', 'CAMERA_3']","{'CAMERA_1': ['price', 'camera_type'], 'CAMERA_2': [], 'CAMERA_3': ['long_exposure', 'ISO', 'color', 'sensor_size']}",C_QUESTION_ABOUT_FEATURE,CAMERA_3,sensor_size,what is the sensor size,S_ANSWERS_QUESTION_ABOUT_FEATURE,CAMERA_3,sensor_size,This one has a full frame.,15~25
868,10,CAMERA_3,"['CAMERA_1', 'CAMERA_3']","{'CAMERA_1': ['price', 'camera_type'], 'CAMERA_2': [], 'CAMERA_3': ['long_exposure', 'ISO', 'color', 'sensor_size', 'settings']}",C_SILENT_OR_BACKCHANNEL,CAMERA_3,NONE,I see,S_INTRODUCES_FEATURE,CAMERA_3,settings,This one has full manual control.,13~32
868,11,CAMERA_3,"['CAMERA_1', 'CAMERA_3']","{'CAMERA_1': ['price', 'camera_type'], 'CAMERA_2': [], 'CAMERA_3': ['long_exposure', 'ISO', 'color', 'sensor_size', 'settings', 'effects']}",C_QUESTION_ABOUT_FEATURE,CAMERA_3,effects,does it have any effect modes,S_NOT_SURE,CAMERA_3,,I'm not really sure about that,
868,12,NONE,"['CAMERA_1', 'CAMERA_3']","{'CAMERA_1': ['price', 'camera_type'], 'CAMERA_2': [], 'CAMERA_3': ['long_exposure', 'ISO', 'color', 'sensor_size', 'settings', 'effects']}",C_THANK_YOU,CAMERA_3,NONE,thank you for your help,S_THANK_YOU,CAMERA_3,NONE,thank you very much,
868,13,NONE,"['CAMERA_1', 'CAMERA_3']","{'CAMERA_1': ['price', 'camera_type'], 'CAMERA_2': [], 'CAMERA_3': ['long_exposure', 'ISO', 'color', 'sensor_size', 'settings', 'effects']}",C_LEAVES,DOOR,NONE,,S_RETURNS_TO_COUNTER,SERVICE_COUNTER,NONE,,
869,1,NONE,[],"{'CAMERA_1': [], 'CAMERA_2': [], 'CAMERA_3': []}",C_ENTERS,DOOR,NONE,,S_NONE,SERVICE_COUNTER,NONE,,
869,2,NONE,[],"{'CAMERA_1': [], 'CAMERA_2': [], 'CAMERA_3': []}",C_WALKS_TO_CAMERA,CAMERA_3,NONE,,S_GREETS,CAMERA_3,NONE,can I help you?,
869,3,CAMERA_2,['CAMERA_2'],"{'CAMERA_1': [], 'CAMERA_2': [], 'CAMERA_3': []}",C_LOOKING_FOR_A_CAMERA,CAMERA_3,NONE,I'm looking for a camera,S_INTRODUCES_CAMERA,CAMERA_2,,Let me show you this. Here we have the Sony Alpha a6000.,39~55
869,4,CAMERA_2,['CAMERA_2'],"{'CAMERA_1': [], 'CAMERA_2': ['settings'], 'CAMERA_3': []}",C_QUESTION_ABOUT_FEATURE,CAMERA_2,settings,what kind of settings does it have,S_ANSWERS_QUESTION_ABOUT_FEATURE,CAMERA_2,settings,This one has full manual control.,13~32
869,5,CAMERA_2,['CAMERA_2'],"{'CAMERA_1': [], 'CAMERA_2': ['settings', 'effects'], 'CAMERA_3': []}",C_QUESTION_ABOUT_FEATURE,CAMERA_2,effects,does it have any effect modes,S_ANSWERS_QUESTION_ABOUT_FEATURE,CAMERA_2,effects,"This one has 13 artistic effect modes (e.g. toy camera, soft focus).",13~67
869,6,CAMERA_2,['CAMERA_2'],"{'CAMERA_1': [], 'CAMERA_2': ['settings', 'effects', 'ISO'], 'CAMERA_3': []}",C_QUESTION_ABOUT_FEATURE,CAMERA_2,ISO,what is the ISO,S_ANSWERS_QUESTION_ABOUT_FEATURE,CAMERA_2,ISO,This one has up to 3200 ISO with little noise.,13~45
869,7,CAMERA_2,['CAMERA_2'],"{'CAMERA_1': [], 'CAMERA_2': ['settings', 'effects', 'ISO', 'optical_zoom'], 'CAMERA_3': []}",C_QUESTION_ABOUT_FEATURE,CAMERA_2,optical_zoom,does it have optical zoom,S_NOT_SURE,CAMERA_2,,I'm not really sure about that,
869,8,CAMERA_2,['CAMERA_2'],"{'CAMERA_1': [], 'CAMERA_2': ['settings', 'effects', 'ISO', 'optical_zoom', 'weight'], 'CAMERA_3': []}",C_QUESTION_ABOUT_FEATURE,CAMERA_2,weight,how much does this one weigh,S_ANSWERS_QUESTION_ABOUT_FEATURE,CAMERA_2,weight,This one weighs 470 grams.,16~25
869,9,NONE,['CAMERA_2'],"{'CAMERA_1': [], 'CAMERA_2': ['settings', 'effects', 'ISO', 'optical_zoom', 'weight'], 'CAMERA_3': []}",C_THANK_YOU,CAMERA_2,NONE,thank you for your help,S_THANK_YOU,CAMERA_2,NONE,thank you very much,
869,10,NONE,['CAMERA_2'],"{'CAMERA_1': [], 'CAMERA_2': ['settings', 'effects', 'ISO', 'optical_zoom', 'weight'], 'CAMERA_3': []}",C_LEAVES,DOOR,NONE,,S_RETURNS_TO_COUNTER,SERVICE_COUNTER,NONE,,
870,1,NONE,[],"{'CAMERA_1': [], 'CAMERA_2': [], 'CAMERA_3': []}",C_ENTERS,DOOR,NONE,,S_NONE,SERVICE_COUNTER,NONE,,
870,2,NONE,[],"{'CAMERA_1': [], 'CAMERA_2': [], 'CAMERA_3': []}",C_GREETS,MIDDLE,NONE,hello,S_GREETS,MIDDLE,NONE,can I help you?,
870,3,CAMERA_2,['CAMERA_2'],"{'CAMERA_1': [], 'CAMERA_2': [], 'CAMERA_3': []}",C_LOOKING_FOR_A_CAMERA,MIDDLE,NONE,I'm looking for a camera,S_INTRODUCES_CAMERA,CAMERA_2,,Let me show you this. Here we have the Sony Alpha a6000.,39~55
870,4,CAMERA_2,['CAMERA_2'],"{'CAMERA_1': [], 'CAMERA_2': ['autofocus_points'], 'CAMERA_3': []}",C_SILENT_OR_BACKCHANNEL,CAMERA_2,NONE,alright,S_INTRODUCES_FEATURE,CAMERA_2,autofocus_points,This one has 179 autofocus points.,13~33
870,5,CAMERA_2,['CAMERA_2'],"{'CAMERA_1': [], 'CAMERA_2': ['autofocus_points', 'camera_type'], 'CAMERA_3': []}",C_QUESTION_ABOUT_FEATURE,CAMERA_2,camera_type,what kind of camera is this,S_ANSWERS_QUESTION_ABOUT_FEATURE,CAMERA_2,camera_type,This is a mirrorless camera.,10~20
870,6,CAMERA_2,['CAMERA_2'],"{'CAMERA_1': [], 'CAMERA_2': ['autofocus_points', 'camera_type', 'weight'], 'CAMERA_3': []}",C_QUESTION_ABOUT_FEATURE,CAMERA_2,weight,how much does this one weigh,S_ANSWERS_QUESTION_ABOUT_FEATURE,CAMERA_2,weight,This one weighs 470 grams.,16~25
870,7,CAMERA_2,['CAMERA_2'],"{'CAMERA_1': [], 'CAMERA_2': ['autofocus_points', 'camera_type', 'weight', 'long_exposure'], 'CAMERA_3': []}",C_QUESTION_ABOUT_FEATURE,CAMERA_2,long_exposure,can it take long exposure shots,S_ANSWERS_QUESTION_ABOUT_FEATURE,CAMERA_2,long_exposure,This one can take long exposures up to up to 30 seconds.,39~55
870,8,CAMERA_1,"['CAMERA_2', 'CAMERA_1']","{'CAMERA_1': [], 'CAMERA_2': ['autofocus_points', 'camera_type', 'weight', 'long_exposure'], 'CAMERA_3': []}",C_ANYTHING_ELSE_AVAILABLE,CAMERA_2,NONE,ok do you have any other cameras,S_INTRODUCES_CAMERA,CAMERA_1,,Let me show you this. Here we have the Nikon Coolpix S2800.,39~58
870,9,CAMERA_1,"['CAMERA_2', 'CAMERA_1']","{'CAMERA_1': ['camera_type'], 'CAMERA_2': ['autofocus_points', 'camera_type', 'weight', 'long_exposure'], 'CAMERA_3': []}",C_SILENT_OR_BACKCHANNEL,CAMERA_1,NONE,alright,S_INTRODUCES_FEATURE,CAMERA_1,camera_type,This is a point and shoot camera.,10~25
870,10,CAMERA_1,"['CAMERA_2', 'CAMERA_1']","{'CAMERA_1': ['camera_type', 'weight'], 'CAMERA_2': ['autofocus_points', 'camera_type', 'weight', 'long_exposure'], 'CAMERA_3': []}",C_SILENT_OR_BACKCHANNEL,CAMERA_1,NONE,alright,S_INTRODUCES_FEATURE,CAMERA_1,weight,This one weighs 120 grams.,16~25
870,11,NONE,"['CAMERA_2', 'CAMERA_1']","{'CAMERA_1': ['camera_type', 'weight'], 'CAMERA_2': ['autofocus_points', 'camera_type', 'weight', 'long_exposure'], 'CAMERA_3': []}",C_THANK_YOU,CAMERA_1,NONE,thank you for your help,S_THANK_YOU,CAMERA_1,NONE,thank you very much,
870,12,NONE,"['CAMERA_2', 'CAMERA_1']","{'CAMERA_1': ['camera_type', 'weight'], 'CAMERA_2': ['autofocus_points', 'camera_type', 'weight', 'long_exposure'], 'CAMERA_3': []}",C_LEAVES,DOOR,NONE,,S_RETURNS_TO_COUNTER,SERVICE_COUNTER,NONE,,
871,1,NONE,[],"{'CAMERA_1': [], 'CAMERA_2': [], 'CAMERA_3': []}",C_ENTERS,DOOR,NONE,,S_NONE,SERVICE_COUNTER,NONE,,
871,2,NONE,[],"{'CAMERA_1': [], 'CAMERA_2': [], 'CAMERA_3': []}",C_GREETS,MIDDLE,NONE,hello,S_GREETS,MIDDLE,NONE,can I help you?,
871,3,CAMERA_3,['CAMERA_3'],"{'CAMERA_1': [], 'CAMERA_2': [], 'CAMERA_3': []}",C_LOOKING_FOR_A_CAMERA,MIDDLE,NONE,I'm looking for a camera,S_INTRODUCES_CAMERA,CAMERA_3,,Let me show you this. Here we have the Canon EOS 5D Mark III.,39~60
871,4,CAMERA_3,['CAMERA_3'],"{'CAMERA_1': [], 'CAMERA_2': [], 'CAMERA_3': ['color']}",C_SILENT_OR_BACKCHANNEL,CAMERA_3,NONE,alright,S_INTRODUCES_FEATURE,CAMERA_3,color,This one comes in black.,18~23
871,5,NONE,['CAMERA_3'],"{'CAMERA_1': [], 'CAMERA_2': [], 'CAMERA_3': ['color']}",C_THANK_YOU,CAMERA_3,NONE,thank you for your help,S_THANK_YOU,CAMERA_3,NONE,thank you very much,
871,6,NONE,['CAMERA_3'],"{'CAMERA_1': [], 'CAMERA_2': [], 'CAMERA_3': ['color']}",C_LEAVES,DOOR,NONE,,S_RETURNS_TO_COUNTER,SERVICE_COUNTER,NONE,,
872,1,NONE,[],"{'CAMERA_1': [], 'CAMERA_2': [], 'CAMERA_3': []}",C_ENTERS,DOOR,NONE,,S_NONE,SERVICE_COUNTER,NONE,,
872,2,NONE,[],"{'CAMERA_1': [], 'CAMERA_2': [], 'CAMERA_3': []}",C_WALKS_TO_CAMERA,CAMERA_3,NONE,,S_GREETS,CAMERA_3,NONE,can I help you?,
872,3,CAMERA_1,['CAMERA_1'],"{'CAMERA_1': [], 'CAMERA_2': [], 'CAMERA_3': []}",C_LOOKING_FOR_A_CAMERA,CAMERA_3,NONE,I'm looking for a camera,S_INTRODUCES_CAMERA,CAMERA_1,,Let me show you this. Here we have the Nikon Coolpix S2800.,39~58
872,4,CAMERA_1,['CAMERA_1'],"{'CAMERA_1': ['preset_modes'], 'CAMERA_2': [], 'CAMERA_3': []}",C_SILENT_OR_BACKCHANNEL,CAMERA_1,NONE,alright,S_INTRODUCES_FEATURE,CAMERA_1,preset_modes,"This one has 18 preset modes (e.g. beach, snow, night portrait).",13~63
872,5,CAMERA_1,['CAMERA_1'],"{'CAMERA_1': ['preset_modes', 'weight'], 'CAMERA_2': [], 'CAMERA_3': []}",C_QUESTION_ABOUT_FEATURE,CAMERA_1,weight,how much does this one weigh,S_ANSWERS_QUESTION_ABOUT_FEATURE,CAMERA_1,weight,This one weighs 120 grams.,16~25
872,6,CAMERA_1,['CAMERA_1'],"{'CAMERA_1': ['preset_modes', 'weight', 'settings'], 'CAMERA_2': [], 'CAMERA_3': []}",C_SILENT_OR_BACKCHANNEL,CAMERA_1,NONE,alright,S_INTRODUCES_FEATURE,CAMERA_1,settings,This one has limited manual settings.,13~36
872,7,CAMERA_1,['CAMERA_1'],"{'CAMERA_1': ['preset_modes', 'weight', 'settings', 'price'], 'CAMERA_2': [], 'CAMERA_3': []}",C_SILENT_OR_BACKCHANNEL,CAMERA_1,NONE,alright,S_INTRODUCES_FEATURE,CAMERA_1,price,This one costs $2173.,15~20
872,8,CAMERA_1,['CAMERA_1'],"{'CAMERA_1': ['preset_modes', 'weight', 'settings', 'price', 'optical_zoom'], 'CAMERA_2': [], 'CAMERA_3': []}",C_SILENT_OR_BACKCHANNEL,CAMERA_1,NONE,I see,S_INTRODUCES_FEATURE,CAMERA_1,optical_zoom,This one has 5x optical zoom.,13~28
872,9,NONE,['CAMERA_1'],"{'CAMERA_1': ['preset_modes', 'weight', 'settings', 'price', 'optical_zoom'], 'CAMERA_2': [], 'CAMERA_3': []}",C_THANK_YOU,CAMERA_1,NONE,thank you for your help,S_THANK_YOU,CAMERA_1,NONE,thank you very much,
872,10,NONE,['CAMERA_1'],"{'CAMERA_1': ['preset_modes', 'weight', 'settings', 'price', 'optical_zoom'], 'CAMERA_2': [], 'CAMERA_3': []}",C_LEAVES,DOOR,NONE,,S_RETURNS_TO_COUNTER,SERVICE_COUNTER,NONE,,
873,1,NONE,[],"{'CAMERA_1': [], 'CAMERA_2': [], 'CAMERA_3': []}",C_ENTERS,DOOR,NONE,,S_NONE,SERVICE_COUNTER,NONE,,
873,2,NONE,[],"{'CAMERA_1': [], 'CAMERA_2': [], 'CAMERA_3': []}",C_WALKS_TO_CAMERA,CAMERA_3,NONE,,S_GREETS,CAMERA_3,NONE,can I help you?,
873,3,CAMERA_2,['CAMERA_2'],"{'CAMERA_1': [], 'CAMERA_2': [], 'CAMERA_3': []}",C_LOOKING_FOR_A_CAMERA,CAMERA_3,NONE,I'm looking for a camera,S_INTRODUCES_CAMERA,CAMERA_2,,Let me show you this. Here we have the Sony Alpha a6000.,39~55
873,4,CAMERA_2,['CAMERA_2'],"{'CAMERA_1': [], 'CAMERA_2': ['long_exposure'], 'CAMERA_3': []}",C_SILENT_OR_BACKCHANNEL,CAMERA_2,NONE,alright,S_INTRODUCES_FEATURE,CAMERA_2,long_exposure,This one can take long exposures up to up to 30 seconds.,39~55
873,5,CAMERA_2,['CAMERA_2'],"{'CAMERA_1': [], 'CAMERA_2': ['long_exposure', 'optical_zoom'], 'CAMERA_3': []}",C_QUESTION_ABOUT_FEATURE,CAMERA_2,optical_zoom,does it have optical zoom,S_NOT_SURE,CAMERA_2,,I'm not really sure about that,
873,6,CAMERA_2,['CAMERA_2'],"{'CAMERA_1': [], 'CAMERA_2': ['long_exposure', 'optical_zoom', 'camera_type'], 'CAMERA_3': []}",C_SILENT_OR_BACKCHANNEL,CAMERA_2,NONE,I see,S_INTRODUCES_FEATURE,CAMERA_2,camera_type,This is a mirrorless camera.,10~20
873,7,CAMERA_2,['CAMERA_2'],"{'CAMERA_1': [], 'CAMERA_2': ['long_exposure', 'optical_zoom', 'camera_type', 'price'], 'CAMERA_3': []}",C_SILENT_OR_BACKCHANNEL,CAMERA_2,NONE,alright,S_INTRODUCES_FEATURE,CAMERA_2,price,This one costs $1341.,15~20
873,8,CAMERA_2,['CAMERA_2'],"{'CAMERA_1': [], 'CAMERA_2': ['long_exposure', 'optical_zoom', 'camera_type', 'price', 'effects'], 'CAMERA_3': []}",C_QUESTION_ABOUT_FEATURE,CAMERA_2,effects,does it have any effect modes,S_ANSWERS_QUESTION_ABOUT_FEATURE,CAMERA_2,effects,"This one has 13 artistic effect modes (e.g. toy camera, soft focus).",13~67
873,9,CAMERA_2,['CAMERA_2'],"{'CAMERA_1': [], 'CAMERA_2': ['long_exposure', 'optical_zoom', 'camera_type', 'price', 'effects', 'preset_modes'], 'CAMERA_3': []}",C_SILENT_OR_BACKCHANNEL,CAMERA_2,NONE,alright,S_INTRODUCES_FEATURE,CAMERA_2,preset_modes,"This one has 9 preset modes (e.g. beach, snow, night, portrait).",13~63
873,10,CAMERA_1,"['CAMERA_2', 'CAMERA_1']","{'CAMERA_1': [], 'CAMERA_2': ['long_exposure', 'optical_zoom', 'camera_type', 'price', 'effects', 'preset_modes'], 'CAMERA_3': []}",C_ANYTHING_ELSE_AVAILABLE,CAMERA_2,NONE,ok do you have any other cameras,S_INTRODUCES_CAMERA,CAMERA_1,,Let me show you this. Here we have the Nikon Coolpix S2800.,39~58
873,11,CAMERA_1,"['CAMERA_2', 'CAMERA_1']","{'CAMERA_1': ['resolution'], 'CAMERA_2': ['long_exposure', 'optical_zoom', 'camera_type', 'price', 'effects', 'preset_modes'], 'CAMERA_3': []}",C_SILENT_OR_BACKCHANNEL,CAMERA_1,NONE,okay,S_INTRODUCES_FEATURE,CAMERA_1,resolution,This one has 20.1 megapixels resolution.,13~28
873,12,NONE,"['CAMERA_2', 'CAMERA_1']","{'CAMERA_1': ['resolution'], 'CAMERA_2': ['long_exposure', 'optical_zoom', 'camera_type', 'price', 'effects', 'preset_modes'], 'CAMERA_3': []}",C_THANK_YOU,CAMERA_1,NONE,thank you for your help,S_THANK_YOU,CAMERA_1,NONE,thank you very much,
873,13,NONE,"['CAMERA_2', 'CAMERA_1']","{'CAMERA_1': ['resolution'], 'CAMERA_2': ['long_exposure', 'optical_zoom', 'camera_type', 'price', 'effects', 'preset_modes'], 'CAMERA_3': []}",C_LEAVES,DOOR,NONE,,S_RETURNS_TO_COUNTER,SERVICE_COUNTER,NONE,,
874,1,NONE,[],"{'CAMERA_1': [], 'CAMERA_2': [], 'CAMERA_3': []}",C_ENTERS,DOOR,NONE,,S_NONE,SERVICE_COUNTER,NONE,,
874,2,NONE,[],"{'CAMERA_1': [], 'CAMERA_2': [], 'CAMERA_3': []}",C_GREETS,MIDDLE,NONE,hello,S_GREETS,MIDDLE,NONE,can I help you?,
874,3,CAMERA_2,['CAMERA_2'],"{'CAMERA_1': [], 'CAMERA_2': [], 'CAMERA_3': []}",C_LOOKING_FOR_A_CAMERA,MIDDLE,NONE,I'm looking for a camera,S_INTRODUCES_CAMERA,CAMERA_2,,Let me show you this. Here we have the Sony Alpha a6000.,39~55
874,4,CAMERA_2,['CAMERA_2'],"{'CAMERA_1': [], 'CAMERA_2': ['ISO'], 'CAMERA_3': []}",C_SILENT_OR_BACKCHANNEL,CAMERA_2,NONE,alright,S_INTRODUCES_FEATURE,CAMERA_2,ISO,This one has up to 3200 ISO with little noise.,13~45
874,5,CAMERA_2,['CAMERA_2'],"{'CAMERA_1': [], 'CAMERA_2': ['ISO', 'settings'], 'CAMERA_3': []}",C_SILENT_OR_BACKCHANNEL,CAMERA_2,NONE,I see,S_INTRODUCES_FEATURE,CAMERA_2,settings,This one has full manual control.,13~32
874,6,CAMERA_2,['CAMERA_2'],"{'CAMERA_1': [], 'CAMERA_2': ['ISO', 'settings', 'autofocus_points'], 'CAMERA_3': []}",C_SILENT_OR_BACKCHANNEL,CAMERA_2,NONE,alright,S_INTRODUCES_FEATURE,CAMERA_2,autofocus_points,This one has 179 autofocus points.,13~33
874,7,NONE,['CAMERA_2'],"{'CAMERA_1': [], 'CAMERA_2': ['ISO', 'settings', 'autofocus_points'], 'CAMERA_3': []}",C_THANK_YOU,CAMERA_2,NONE,thank you for your help,S_THANK_YOU,CAMERA_2,NONE,thank you very much,
874,8,NONE,['CAMERA_2'],"{'CAMERA_1': [], 'CAMERA_2': ['ISO', 'settings', 'autofocus_points'], 'CAMERA_3': []}",C_LEAVES,DOOR,NONE,,S_RETURNS_TO_COUNTER,SERVICE_COUNTER,NONE,,
875,1,NONE,[],"{'CAMERA_1': [], 'CAMERA_2': [], 'CAMERA_3': []}",C_ENTERS,DOOR,NONE,,S_NONE,SERVICE_COUNTER,NONE,,
875,2,NONE,[],"{'CAMERA_1': [], 'CAMERA_2': [], 'CAMERA_3': []}",C_WALKS_TO_CAMERA,CAMERA_3,NONE,,S_NONE,SERVICE_COUNTER,NONE,,
875,3,CAMERA_3,['CAMERA_3'],"{'CAMERA_1': [], 'CAMERA_2': [], 'CAMERA_3': ['optical_zoom']}",C_QUESTION_ABOUT_FEATURE,CAMERA_3,optical_zoom,does it have optical zoom,S_NOT_SURE,CAMERA_3,,I'm not really sure about that,
875,4,CAMERA_3,['CAMERA_3'],"{'CAMERA_1': [], 'CAMERA_2': [], 'CAMERA_3': ['optical_zoom', 'autofocus_points']}",C_SILENT_OR_BACKCHANNEL,CAMERA_3,NONE,okay,S_INTRODUCES_FEATURE,CAMERA_3,autofocus_points,This one has 61 autofocus points.,13~32
875,5,CAMERA_3,['CAMERA_3'],"{'CAMERA_1': [], 'CAMERA_2': [], 'CAMERA_3': ['optical_zoom', 'autofocus_points', 'long_exposure']}",C_QUESTION_ABOUT_FEATURE,CAMERA_3,long_exposure,can it take long exposure shots,S_ANSWERS_QUESTION_ABOUT_FEATURE,CAMERA_3,long_exposure,"This one can take long exposures up to up to 30 seconds, bulb mode: expose as long as you want.",39~94
875,6,CAMERA_3,['CAMERA_3'],"{'CAMERA_1': [], 'CAMERA_2': [], 'CAMERA_3': ['optical_zoom', 'autofocus_points', 'long_exposure', 'settings']}",C_QUESTION_ABOUT_FEATURE,CAMERA_3,settings,what kind of settings does it have,S_ANSWERS_QUESTION_ABOUT_FEATURE,CAMERA_3,settings,This one has full manual control.,13~32
875,7,CAMERA_3,['CAMERA_3'],"{'CAMERA_1': [], 'CAMERA_2': [], 'CAMERA_3': ['optical_zoom', 'autofocus_points', 'long_exposure', 'settings', 'ISO']}",C_QUESTION_ABOUT_FEATURE,CAMERA_3,ISO,what is the ISO,S_ANSWERS_QUESTION_ABOUT_FEATURE,CAMERA_3,ISO,This one has up to 6400 ISO with little noise.,13~45
875,8,NONE,['CAMERA_3'],"{'CAMERA_1': [], 'CAMERA_2': [], 'CAMERA_3': ['optical_zoom', 'autofocus_points', 'long_exposure', 'settings', 'ISO']}",C_THANK_YOU,CAMERA_3,NONE,thank you for your help,S_THANK_YOU,CAMERA_3,NONE,thank you very much,
875,9,NONE,['CAMERA_3'],"{'CAMERA_1': [], 'CAMERA_2': [], 'CAMERA_3': ['optical_zoom', 'autofocus_points', 'long_exposure', 'settings', 'ISO']}",C_LEAVES,DOOR,NONE,,S_RETURNS_TO_COUNTER,SERVICE_COUNTER,NONE,,
876,1,NONE,[],"{'CAMERA_1': [], 'CAMERA_2': [], 'CAMERA_3': []}",C_ENTERS,DOOR,NONE,,S_NONE,SERVICE_COUNTER,NONE,,
876,2,NONE,[],"{'CAMERA_1': [], 'CAMERA_2': [], 'CAMERA_3': []}",C_GREETS,MIDDLE,NONE,hello,S_GREETS,MIDDLE,NONE,can I help you?,
876,3,CAMERA_1,['CAMERA_1'],"{'CAMERA_1': [], 'CAMERA_2': [], 'CAMERA_3': []}",C_LOOKING_FOR_A_CAMERA,MIDDLE,NONE,I'm looking for a camera,S_INTRODUCES_CAMERA,CAMERA_1,,Let me show you this. Here we have the Nikon Coolpix S2800.,39~58
876,4,CAMERA_1,['CAMERA_1'],"{'CAMERA_1': ['color'], 'CAMERA_2': [], 'CAMERA_3': []}",C_QUESTION_ABOUT_FEATURE,CAMERA_1,color,what colors does this one come in,S_ANSWERS_QUESTION_ABOUT_FEATURE,CAMERA_1,color,"This one comes in purple, pink, black, silver, red.",18~50
876,5,CAMERA_1,['CAMERA_1'],"{'CAMERA_1': ['color', 'effects'], 'CAMERA_2': [], 'CAMERA_3': []}",C_QUESTION_ABOUT_FEATURE,CAMERA_1,effects,does it have any effect modes,S_ANSWERS_QUESTION_ABOUT_FEATURE,CAMERA_1,effects,"This one has 12 glamor retouch effects (e.g. skin softening, small face, big eyes).",13~82
876,6,CAMERA_1,['CAMERA_1'],"{'CAMERA_1': ['color', 'effects', 'settings'], 'CAMERA_2': [], 'CAMERA_3': []}",C_SILENT_OR_BACKCHANNEL,CAMERA_1,NONE,alright,S_INTRODUCES_FEATURE,CAMERA_1,settings,This one has limited manual settings.,13~36
876,7,CAMERA_1,['CAMERA_1'],"{'CAMERA_1': ['color', 'effects', 'settings', 'optical_zoom'], 'CAMERA_2': [], 'CAMERA_3': []}",C_SILENT_OR_BACKCHANNEL,CAMERA_1,NONE,alright,S_INTRODUCES_FEATURE,CAMERA_1,optical_zoom,This one has 5x optical zoom.,13~28
876,8,CAMERA_1,['CAMERA_1'],"{'CAMERA_1': ['color', 'effects', 'settings', 'optical_zoom', 'price'], 'CAMERA_2': [], 'CAMERA_3': []}",C_SILENT_OR_BACKCHANNEL,CAMERA_1,NONE,okay,S_INTRODUCES_FEATURE,CAMERA_1,price,This one costs $2173.,15~20
876,9,CAMERA_1,['CAMERA_1'],"{'CAMERA_1': ['color', 'effects', 'settings', 'optical_zoom', 'price', 'weight'], 'CAMERA_2': [], 'CAMERA_3': []}",C_SILENT_OR_BACKCHANNEL,CAMERA_1,NONE,okay,S_INTRODUCES_FEATURE,CAMERA_1,weight,This one weighs 120 grams.,16~25
876,10,CAMERA_1,['CAMERA_1'],"{'CAMERA_1': ['color', 'effects', 'settings', 'optical_zoom', 'price', 'weight', 'resolution'], 'CAMERA_2': [], 'CAMERA_3': []}",C_SILENT_OR_BACKCHANNEL,CAMERA_1,NONE,okay,S_INTRODUCES_FEATURE,CAMERA_1,resolution,This one has 20.1 megapixels resolution.,13~28
876,11,CAMERA_1,['CAMERA_1'],"{'CAMERA_1': ['color', 'effects', 'settings', 'optical_zoom', 'price', 'weight', 'resolution', 'sensor_size'], 'CAMERA_2': [], 'CAMERA_3': []}",C_QUESTION_ABOUT_FEATURE,CAMERA_1,sensor_size,what is the sensor size,S_NOT_SURE,CAMERA_1,,I'm not really sure about that,
876,12,CAMERA_1,['CAMERA_1'],"{'CAMERA_1': ['color', 'effects', 'settings', 'optical_zoom', 'price', 'weight', 'resolution', 'sensor_size', 'camera_type'], 'CAMERA_2': [], 'CAMERA_3': []}",C_QUESTION_ABOUT_FEATURE,CAMERA_1,camera_type,what kind of camera is this,S_ANSWERS_QUESTION_ABOUT_FEATURE,CAMERA_1,camera_type,This is a point and shoot camera.,10~25
876,13,CAMERA_3,"['CAMERA_1', 'CAMERA_3']","{'CAMERA_1': ['color', 'effects', 'settings', 'optical_zoom', 'price', 'weight', 'resolution', 'sensor_size', 'camera_type'], 'CAMERA_2': [], 'CAMERA_3': []}",C_ANYTHING_ELSE_AVAILABLE,CAMERA_1,NONE,ok do you have any other cameras,S_INTRODUCES_CAMERA,CAMERA_3,,Let me show you this. Here we have the Canon EOS 5D Mark III.,39~60
876,14,CAMERA_3,"['CAMERA_1', 'CAMERA_3']","{'CAMERA_1': ['color', 'effects', 'settings', 'optical_zoom', 'price', 'weight', 'resolution', 'sensor_size', 'camera_type'], 'CAMERA_2': [], 'CAMERA_3': ['camera_type']}",C_QUESTION_ABOUT_FEATURE,CAMERA_3,camera_type,what kind of camera is this,S_ANSWERS_QUESTION_ABOUT_FEATURE,CAMERA_3,camera_type,This is a DSLR camera.,10~14
876,15,CAMERA_2,"['CAMERA_1', 'CAMERA_3', 'CAMERA_2']","{'CAMERA_1': ['color', 'effects', 'settings', 'optical_zoom', 'price', 'weight', 'resolution', 'sensor_size', 'camera_type'], 'CAMERA_2': [], 'CAMERA_3': ['camera_type']}",C_ANYTHING_ELSE_AVAILABLE,CAMERA_3,NONE,ok do you have any other cameras,S_INTRODUCES_CAMERA,CAMERA_2,,Let me show you this. Here we have the Sony Alpha a6000.,39~55
876,16,CAMERA_2,"['CAMERA_1', 'CAMERA_3', 'CAMERA_2']","{'CAMERA_1': ['color', 'effects', 'settings', 'optical_zoom', 'price', 'weight', 'resolution', 'sensor_size', 'camera_type'], 'CAMERA_2': ['preset_modes'], 'CAMERA_3': ['camera_type']}",C_SILENT_OR_BACKCHANNEL,CAMERA_2,NONE,okay,S_INTRODUCES_FEATURE,CAMERA_2,preset_modes,"This one has 9 preset modes (e.g. beach, snow, night, portrait).",13~63
876,17,CAMERA_2,"['CAMERA_1', 'CAMERA_3', 'CAMERA_2']","{'CAMERA_1': ['color', 'effects', 'settings', 'optical_zoom', 'price', 'weight', 'resolution', 'sensor_size', 'camera_type'], 'CAMERA_2': ['preset_modes', 'color'], 'CAMERA_3': ['camera_type']}",C_SILENT_OR_BACKCHANNEL,CAMERA_2,NONE,I see,S_INTRODUCES_FEATURE,CAMERA_2,color,"This one comes in white, silver, black.",18~38
876,18,CAMERA_2,"['CAMERA_1', 'CAMERA_3', 'CAMERA_2']","{'CAMERA_1': ['color', 'effects', 'settings', 'optical_zoom', 'price', 'weight', 'resolution', 'sensor_size', 'camera_type'], 'CAMERA_2': ['preset_modes', 'color', 'settings'], 'CAMERA_3': ['camera_type']}",C_SILENT_OR_BACKCHANNEL,CAMERA_2,NONE,okay,S_INTRODUCES_FEATURE,CAMERA_2,settings,This one has full manual control.,13~32
876,19,CAMERA_2,"['CAMERA_1', 'CAMERA_3', 'CAMERA_2']","{'CAMERA_1': ['color', 'effects', 'settings', 'optical_zoom', 'price', 'weight', 'resolution', 'sensor_size', 'camera_type'], 'CAMERA_2': ['preset_modes', 'color', 'settings', 'camera_type'], 'CAMERA_3': ['camera_type']}",C_SILENT_OR_BACKCHANNEL,CAMERA_2,NONE,I see,S_INTRODUCES_FEATURE,CAMERA_2,camera_type,This is a mirrorless camera.,10~20
876,20,CAMERA_2,"['CAMERA_1', 'CAMERA_3', 'CAMERA_2']","{'CAMERA_1': ['color', 'effects', 'settings', 'optical_zoom', 'price', 'weight', 'resolution', 'sensor_size', 'camera_type'], 'CAMERA_2': ['preset_modes', 'color', 'settings', 'camera_type', 'optical_zoom'], 'CAMERA_3': ['camera_type']}",C_QUESTION_ABOUT_FEATURE,CAMERA_2,optical_zoom,does it have optical zoom,S_NOT_SURE,CAMERA_2,,I'm not really sure about that,
876,21,CAMERA_2,"['CAMERA_1', 'CAMERA_3', 'CAMERA_2']","{'CAMERA_1': ['color', 'effects', 'settings', 'optical_zoom', 'price', 'weight', 'resolution', 'sensor_size', 'camera_type'], 'CAMERA_2': ['preset_modes', 'color', 'settings', 'camera_type', 'optical_zoom', 'effects'], 'CAMERA_3': ['camera_type']}",C_SILENT_OR_BACKCHANNEL,CAMERA_2,NONE,I see,S_INTRODUCES_FEATURE,CAMERA_2,effects,"This one has 13 artistic effect modes (e.g. toy camera, soft focus).",13~67
876,22,CAMERA_2,"['CAMERA_1', 'CAMERA_3', 'CAMERA_2']","{'CAMERA_1': ['color', 'effects', 'settings', 'optical_zoom', 'price', 'weight', 'resolution', 'sensor_size', 'camera_type'], 'CAMERA_2': ['preset_modes', 'color', 'settings', 'camera_type', 'optical_zoom', 'effects', 'long_exposure'], 'CAMERA_3': ['camera_type']}",C_SILENT_OR_BACKCHANNEL,CAMERA_2,NONE,okay,S_INTRODUCES_FEATURE,CAMERA_2,long_exposure,This one can take long exposures up to up to 30 seconds.,39~55
876,23,CAMERA_2,"['CAMERA_1', 'CAMERA_3', 'CAMERA_2']","{'CAMERA_1': ['color', 'effects', 'settings', 'optical_zoom', 'price', 'weight', 'resolution', 'sensor_size', 'camera_type'], 'CAMERA_2': ['preset_modes', 'color', 'settings', 'camera_type', 'optical_zoom', 'effects', 'long_exposure', 'sensor_size'], 'CAMERA_3': ['camera_type']}",C_SILENT_OR_BACKCHANNEL,CAMERA_2,NONE,alright,S_INTRODUCES_FEATURE,CAMERA_2,sensor_size,This one has a APS-C sensor (crop sensor).,15~41
876,24,CAMERA_2,"['CAMERA_1', 'CAMERA_3', 'CAMERA_2']","{'CAMERA_1': ['color', 'effects', 'settings', 'optical_zoom', 'price', 'weight', 'resolution', 'sensor_size', 'camera_type'], 'CAMERA_2': ['preset_modes', 'color', 'settings', 'camera_type', 'optical_zoom', 'effects', 'long_exposure', 'sensor_size', 'ISO'], 'CAMERA_3': ['camera_type']}",C_SILENT_OR_BACKCHANNEL,CAMERA_2,NONE,alright,S_INTRODUCES_FEATURE,CAMERA_2,ISO,This one has up to 3200 ISO with little noise.,13~45
876,25,NONE,"['CAMERA_1', 'CAMERA_3', 'CAMERA_2']","{'CAMERA_1': ['color', 'effects', 'settings', 'optical_zoom', 'price', 'weight', 'resolution', 'sensor_size', 'camera_type'], 'CAMERA_2': ['preset_modes', 'color', 'settings', 'camera_type', 'optical_zoom', 'effects', 'long_exposure', 'sensor_size', 'ISO'], 'CAMERA_3': ['camera_type']}",C_THANK_YOU,CAMERA_2,NONE,thank you for your help,S_THANK_YOU,CAMERA_2,NONE,thank you very much,
876,26,NONE,"['CAMERA_1', 'CAMERA_3', 'CAMERA_2']","{'CAMERA_1': ['color', 'effects', 'settings', 'optical_zoom', 'price', 'weight', 'resolution', 'sensor_size', 'camera_type'], 'CAMERA_2': ['preset_modes', 'color', 'settings', 'camera_type', 'optical_zoom', 'effects', 'long_exposure', 'sensor_size', 'ISO'], 'CAMERA_3': ['camera_type']}",C_LEAVES,DOOR,NONE,,S_RETURNS_TO_COUNTER,SERVICE_COUNTER,NONE,,
877,1,NONE,[],"{'CAMERA_1': [], 'CAMERA_2': [], 'CAMERA_3': []}",C_ENTERS,DOOR,NONE,,S_NONE,SERVICE_COUNTER,NONE,,
877,2,NONE,[],"{'CAMERA_1': [], 'CAMERA_2': [], 'CAMERA_3': []}",C_GREETS,MIDDLE,NONE,hello,S_GREETS,MIDDLE,NONE,can I help you?,
877,3,CAMERA_1,['CAMERA_1'],"{'CAMERA_1': [], 'CAMERA_2': [], 'CAMERA_3': []}",C_LOOKING_FOR_A_CAMERA,MIDDLE,NONE,I'm looking for a camera,S_INTRODUCES_CAMERA,CAMERA_1,,Let me show you this. Here we have the Nikon Coolpix S2800.,39~58
877,4,CAMERA_1,['CAMERA_1'],"{'CAMERA_1': ['sensor_size'], 'CAMERA_2': [], 'CAMERA_3': []}",C_QUESTION_ABOUT_FEATURE,CAMERA_1,sensor_size,what is the sensor size,S_NOT_SURE,CAMERA_1,,I'm not really sure about that,
877,5,CAMERA_1,['CAMERA_1'],"{'CAMERA_1': ['sensor_size', 'autofocus_points'], 'CAMERA_2': [], 'CAMERA_3': []}",C_QUESTION_ABOUT_FEATURE,CAMERA_1,autofocus_points,how many autofocus points does it have,S_NOT_SURE,CAMERA_1,,I'm not really sure about that,
877,6,NONE,['CAMERA_1'],"{'CAMERA_1': ['sensor_size', 'autofocus_points'], 'CAMERA_2': [], 'CAMERA_3': []}",C_THANK_YOU,CAMERA_1,NONE,thank you for your help,S_THANK_YOU,CAMERA_1,NONE,thank you very much,
877,7,NONE,['CAMERA_1'],"{'CAMERA_1': ['sensor_size', 'autofocus_points'], 'CAMERA_2': [], 'CAMERA_3': []}",C_LEAVES,DOOR,NONE,,S_RETURNS_TO_COUNTER,SERVICE_COUNTER,NONE,,
878,1,NONE,[],"{'CAMERA_1': [], 'CAMERA_2': [], 'CAMERA_3': []}",C_ENTERS,DOOR,NONE,,S_NONE,SERVICE_COUNTER,NONE,,
878,2,NONE,[],"{'CAMERA_1': [], 'CAMERA_2': [], 'CAMERA_3': []}",C_GREETS,MIDDLE,NONE,hello,S_GREETS,MIDDLE,NONE,can I help you?,
878,3,CAMERA_1,['CAMERA_1'],"{'CAMERA_1': [], 'CAMERA_2': [], 'CAMERA_3': []}",C_LOOKING_FOR_A_CAMERA,MIDDLE,NONE,I'm looking for a camera,S_INTRODUCES_CAMERA,CAMERA_1,,Let me show you this. Here we have the Nikon Coolpix S2800.,39~58
878,4,CAMERA_1,['CAMERA_1'],"{'CAMERA_1': ['resolution'], 'CAMERA_2': [], 'CAMERA_3': []}",C_QUESTION_ABOUT_FEATURE,CAMERA_1,resolution,what is the resolution,S_ANSWERS_QUESTION_ABOUT_FEATURE,CAMERA_1,resolution,This one has 20.1 megapixels resolution.,13~28
878,5,CAMERA_1,['CAMERA_1'],"{'CAMERA_1': ['resolution', 'optical_zoom'], 'CAMERA_2': [], 'CAMERA_3': []}",C_SILENT_OR_BACKCHANNEL,CAMERA_1,NONE,alright,S_INTRODUCES_FEATURE,CAMERA_1,optical_zoom,This one has 5x optical zoom.,13~28
878,6,CAMERA_1,['CAMERA_1'],"{'CAMERA_1': ['resolution', 'optical_zoom', 'color'], 'CAMERA_2': [], 'CAMERA_3': []}",C_QUESTION_ABOUT_FEATURE,CAMERA_1,color,what colors does this one come in,S_ANSWERS_QUESTION_ABOUT_FEATURE,CAMERA_1,color,"This one comes in purple, pink, black, silver, red.",18~50
878,7,CAMERA_1,['CAMERA_1'],"{'CAMERA_1': ['resolution', 'optical_zoom', 'color', 'camera_type'], 'CAMERA_2': [], 'CAMERA_3': []}",C_SILENT_OR_BACKCHANNEL,CAMERA_1,NONE,okay,S_INTRODUCES_FEATURE,CAMERA_1,camera_type,This is a point and shoot camera.,10~25
878,8,CAMERA_1,['CAMERA_1'],"{'CAMERA_1': ['resolution', 'optical_zoom', 'color', 'camera_type', 'effects'], 'CAMERA_2': [], 'CAMERA_3': []}",C_SILENT_OR_BACKCHANNEL,CAMERA_1,NONE,okay,S_INTRODUCES_FEATURE,CAMERA_1,effects,"This one has 12 glamor retouch effects (e.g. skin softening, small face, big eyes).",13~82
878,9,NONE,['CAMERA_1'],"{'CAMERA_1': ['resolution', 'optical_zoom', 'color', 'camera_type', 'effects'], 'CAMERA_2': [], 'CAMERA_3': []}",C_THANK_YOU,CAMERA_1,NONE,thank you for your help,S_THANK_YOU,CAMERA_1,NONE,thank you very much,
878,10,NONE,['CAMERA_1'],"{'CAMERA_1': ['resolution', 'optical_zoom', 'color', 'camera_type', 'effects'], 'CAMERA_2': [], 'CAMERA_3': []}",C_LEAVES,DOOR,NONE,,S_RETURNS_TO_COUNTER,SERVICE_COUNTER,NONE,,
879,1,NONE,[],"{'CAMERA_1': [], 'CAMERA_2': [], 'CAMERA_3': []}",C_ENTERS,DOOR,NONE,,S_NONE,SERVICE_COUNTER,NONE,,
879,2,NONE,[],"{'CAMERA_1': [], 'CAMERA_2': [], 'CAMERA_3': []}",C_WALKS_TO_CAMERA,CAMERA_2,NONE,,S_GREETS,CAMERA_2,NONE,can I help you?,
879,3,CAMERA_1,['CAMERA_1'],"{'CAMERA_1': [], 'CAMERA_2': [], 'CAMERA_3': []}",C_LOOKING_FOR_A_CAMERA,CAMERA_2,NONE,I'm looking for a camera,S_INTRODUCES_CAMERA,CAMERA_1,,Let me show you this. Here we have the Nikon Coolpix S2800.,39~58
879,4,CAMERA_1,['CAMERA_1'],"{'CAMERA_1': ['preset_modes'], 'CAMERA_2': [], 'CAMERA_3': []}",C_QUESTION_ABOUT_FEATURE,CAMERA_1,preset_modes,does it have preset modes,S_ANSWERS_QUESTION_ABOUT_FEATURE,CAMERA_1,preset_modes,"This one has 18 preset modes (e.g. beach, snow, night portrait).",13~63
879,5,CAMERA_1,['CAMERA_1'],"{'CAMERA_1': ['preset_modes', 'settings'], 'CAMERA_2': [], 'CAMERA_3': []}",C_QUESTION_ABOUT_FEATURE,CAMERA_1,settings,what kind of settings does it have,S_ANSWERS_QUESTION_ABOUT_FEATURE,CAMERA_1,settings,This one has limited manual settings.,13~36
879,6,CAMERA_1,['CAMERA_1'],"{'CAMERA_1': ['preset_modes', 'settings', 'camera_type'], 'CAMERA_2': [], 'CAMERA_3': []}",C_QUESTION_ABOUT_FEATURE,CAMERA_1,camera_type,what kind of camera is this,S_ANSWERS_QUESTION_ABOUT_FEATURE,CAMERA_1,camera_type,This is a point and shoot camera.,10~25
879,7,CAMERA_1,['CAMERA_1'],"{'CAMERA_1': ['preset_modes', 'settings', 'camera_type', 'color'], 'CAMERA_2': [], 'CAMERA_3': []}",C_SILENT_OR_BACKCHANNEL,CAMERA_1,NONE,okay,S_INTRODUCES_FEATURE,CAMERA_1,color,"This one comes in purple, pink, black, silver, red.",18~50
879,8,CAMERA_1,['CAMERA_1'],"{'CAMERA_1': ['preset_modes', 'settings', 'camera_type', 'color', 'weight'], 'CAMERA_2': [], 'CAMERA_3': []}",C_SILENT_OR_BACKCHANNEL,CAMERA_1,NONE,alright,S_INTRODUCES_FEATURE,CAMERA_1,weight,This one weighs 120 grams.,16~25
879,9,CAMERA_1,['CAMERA_1'],"{'CAMERA_1': ['preset_modes', 'settings', 'camera_type', 'color', 'weight', 'price'], 'CAMERA_2': [], 'CAMERA_3': []}",C_SILENT_OR_BACKCHANNEL,CAMERA_1,NONE,okay,S_INTRODUCES_FEATURE,CAMERA_1,price,This one costs $2173.,15~20
879,10,CAMERA_2,"['CAMERA_1', 'CAMERA_2']","{'CAMERA_1': ['preset_modes', 'settings', 'camera_type', 'color', 'weight', 'price'], 'CAMERA_2': [], 'CAMERA_3': []}",C_ANYTHING_ELSE_AVAILABLE,CAMERA_1,NONE,ok do you have any other cameras,S_INTRODUCES_CAMERA,CAMERA_2,,Let me show you this. Here we have the Sony Alpha a6000.,39~55
879,11,CAMERA_2,"['CAMERA_1', 'CAMERA_2']","{'CAMERA_1': ['preset_modes', 'settings', 'camera_type', 'color', 'weight', 'price'], 'CAMERA_2': ['autofocus_points'], 'CAMERA_3': []}",C_SILENT_OR_BACKCHANNEL,CAMERA_2,NONE,okay,S_INTRODUCES_FEATURE,CAMERA_2,autofocus_points,This one has 179 autofocus points.,13~33
879,12,NONE,"['CAMERA_1', 'CAMERA_2']","{'CAMERA_1': ['preset_modes', 'settings', 'camera_type', 'color', 'weight', 'price'], 'CAMERA_2': ['autofocus_points'], 'CAMERA_3': []}",C_THANK_YOU,CAMERA_2,NONE,thank you for your help,S_THANK_YOU,CAMERA_2,NONE,thank you very much,
879,13,NONE,"['CAMERA_1', 'CAMERA_2']","{'CAMERA_1': ['preset_modes', 'settings', 'camera_type', 'color', 'weight', 'price'], 'CAMERA_2': ['autofocus_points'], 'CAMERA_3': []}",C_LEAVES,DOOR,NONE,,S_RETURNS_TO_COUNTER,SERVICE_COUNTER,NONE,,
880,1,NONE,[],"{'CAMERA_1': [], 'CAMERA_2': [], 'CAMERA_3': []}",C_ENTERS,DOOR,NONE,,S_NONE,SERVICE_COUNTER,NONE,,
880,2,NONE,[],"{'CAMERA_1': [], 'CAMERA_2': [], 'CAMERA_3': []}",C_GREETS,MIDDLE,NONE,hello,S_GREETS,MIDDLE,NONE,can I help you?,
880,3,CAMERA_3,['CAMERA_3'],"{'CAMERA_1': [], 'CAMERA_2': [], 'CAMERA_3': []}",C_LOOKING_FOR_A_CAMERA,MIDDLE,NONE,I'm looking for a camera,S_INTRODUCES_CAMERA,CAMERA_3,,Let me show you this. Here we have the Canon EOS 5D Mark III.,39~60
880,4,CAMERA_3,['CAMERA_3'],"{'CAMERA_1': [], 'CAMERA_2': [], 'CAMERA_3': ['camera_type']}",C_QUESTION_ABOUT_FEATURE,CAMERA_3,camera_type,what kind of camera is this,S_ANSWERS_QUESTION_ABOUT_FEATURE,CAMERA_3,camera_type,This is a DSLR camera.,10~14
880,5,NONE,['CAMERA_3'],"{'CAMERA_1': [], 'CAMERA_2': [], 'CAMERA_3': ['camera_type']}",C_THANK_YOU,CAMERA_3,NONE,thank you for your help,S_THANK_YOU,CAMERA_3,NONE,thank you very much,
880,6,NONE,['CAMERA_3'],"{'CAMERA_1': [], 'CAMERA_2': [], 'CAMERA_3': ['camera_type']}",C_LEAVES,DOOR,NONE,,S_RETURNS_TO_COUNTER,SERVICE_COUNTER,NONE,,
881,1,NONE,[],"{'CAMERA_1': [], 'CAMERA_2': [], 'CAMERA_3': []}",C_ENTERS,DOOR,NONE,,S_NONE,SERVICE_COUNTER,NONE,,
881,2,NONE,[],"{'CAMERA_1': [], 'CAMERA_2': [], 'CAMERA_3': []}",C_GREETS,MIDDLE,NONE,hello,S_GREETS,MIDDLE,NONE,can I help you?,
881,3,CAMERA_2,['CAMERA_2'],"{'CAMERA_1': [], 'CAMERA_2': [], 'CAMERA_3': []}",C_LOOKING_FOR_A_CAMERA,MIDDLE,NONE,I'm looking for a camera,S_INTRODUCES_CAMERA,CAMERA_2,,Let me show you this. Here we have the Sony Alpha a6000.,39~55
881,4,CAMERA_2,['CAMERA_2'],"{'CAMERA_1': [], 'CAMERA_2': ['resolution'], 'CAMERA_3': []}",C_QUESTION_ABOUT_FEATURE,CAMERA_2,resolution,what is the resolution,S_NOT_SURE,CAMERA_2,,I'm not really sure about that,
881,5,CAMERA_2,['CAMERA_2'],"{'CAMERA_1': [], 'CAMERA_2': ['resolution', 'optical_zoom'], 'CAMERA_3': []}",C_QUESTION_ABOUT_FEATURE,CAMERA_2,optical_zoom,does it have optical zoom,S_NOT_SURE,CAMERA_2,,I'm not really sure about that,
881,6,CAMERA_2,['CAMERA_2'],"{'CAMERA_1': [], 'CAMERA_2': ['resolution', 'optical_zoom', 'long_exposure'], 'CAMERA_3': []}",C_QUESTION_ABOUT_FEATURE,CAMERA_2,long_exposure,can it take long exposure shots,S_ANSWERS_QUESTION_ABOUT_FEATURE,CAMERA_2,long_exposure,This one can take long exposures up to up to 30 seconds.,39~55
881,7,CAMERA_2,['CAMERA_2'],"{'CAMERA_1': [], 'CAMERA_2': ['resolution', 'optical_zoom', 'long_exposure', 'weight'], 'CAMERA_3': []}",C_QUESTION_ABOUT_FEATURE,CAMERA_2,weight,how much does this one weigh,S_ANSWERS_QUESTION_ABOUT_FEATURE,CAMERA_2,weight,This one weighs 470 grams.,16~25
881,8,CAMERA_2,['CAMERA_2'],"{'CAMERA_1': [], 'CAMERA_2': ['resolution', 'optical_zoom', 'long_exposure', 'weight', 'settings'], 'CAMERA_3': []}",C_SILENT_OR_BACKCHANNEL,CAMERA_2,NONE,okay,S_INTRODUCES_FEATURE,CAMERA_2,settings,This one has full manual control.,13~32
881,9,CAMERA_3,"['CAMERA_2', 'CAMERA_3']","{'CAMERA_1': [], 'CAMERA_2': ['resolution', 'optical_zoom', 'long_exposure', 'weight', 'settings'], 'CAMERA_3': []}",C_ANYTHING_ELSE_AVAILABLE,CAMERA_2,NONE,ok do you have any other cameras,S_INTRODUCES_CAMERA,CAMERA_3,,Let me show you this. Here we have the Canon EOS 5D Mark III.,39~60
881,10,CAMERA_3,"['CAMERA_2', 'CAMERA_3']","{'CAMERA_1': [], 'CAMERA_2': ['resolution', 'optical_zoom', 'long_exposure', 'weight', 'settings'], 'CAMERA_3': ['weight']}",C_SILENT_OR_BACKCHANNEL,CAMERA_3,NONE,okay,S_INTRODUCES_FEATURE,CAMERA_3,weight,This one weighs 950 grams (only body).,16~37
881,11,CAMERA_3,"['CAMERA_2', 'CAMERA_3']","{'CAMERA_1': [], 'CAMERA_2': ['resolution', 'optical_zoom', 'long_exposure', 'weight', 'settings'], 'CAMERA_3': ['weight', 'settings']}",C_SILENT_OR_BACKCHANNEL,CAMERA_3,NONE,I see,S_INTRODUCES_FEATURE,CAMERA_3,settings,This one has full manual control.,13~32
881,12,CAMERA_3,"['CAMERA_2', 'CAMERA_3']","{'CAMERA_1': [], 'CAMERA_2': ['resolution', 'optical_zoom', 'long_exposure', 'weight', 'settings'], 'CAMERA_3': ['weight', 'settings', 'sensor_size']}",C_SILENT_OR_BACKCHANNEL,CAMERA_3,NONE,alright,S_INTRODUCES_FEATURE,CAMERA_3,sensor_size,This one has a full frame.,15~25
881,13,CAMERA_3,"['CAMERA_2', 'CAMERA_3']","{'CAMERA_1': [], 'CAMERA_2': ['resolution', 'optical_zoom', 'long_exposure', 'weight', 'settings'], 'CAMERA_3': ['weight', 'settings', 'sensor_size', 'resolution']}",C_QUESTION_ABOUT_FEATURE,CAMERA_3,resolution,what is the resolution,S_NOT_SURE,CAMERA_3,,I'm not really sure about that,
881,14,CAMERA_3,"['CAMERA_2', 'CAMERA_3']","{'CAMERA_1': [], 'CAMERA_2': ['resolution', 'optical_zoom', 'long_exposure', 'weight', 'settings'], 'CAMERA_3': ['weight', 'settings', 'sensor_size', 'resolution', 'ISO']}",C_SILENT_OR_BACKCHANNEL,CAMERA_3,NONE,I see,S_INTRODUCES_FEATURE,CAMERA_3,ISO,This one has up to 6400 ISO with little noise.,13~45
881,15,CAMERA_3,"['CAMERA_2', 'CAMERA_3']","{'CAMERA_1': [], 'CAMERA_2': ['resolution', 'optical_zoom', 'long_exposure', 'weight', 'settings'], 'CAMERA_3': ['weight', 'settings', 'sensor_size', 'resolution', 'ISO', 'color']}",C_QUESTION_ABOUT_FEATURE,CAMERA_3,color,what colors does this one come in,S_ANSWERS_QUESTION_ABOUT_FEATURE,CAMERA_3,color,This one comes in black.,18~23
881,16,NONE,"['CAMERA_2', 'CAMERA_3']","{'CAMERA_1': [], 'CAMERA_2': ['resolution', 'optical_zoom', 'long_exposure', 'weight', 'settings'], 'CAMERA_3': ['weight', 'settings', 'sensor_size', 'resolution', 'ISO', 'color']}",C_THANK_YOU,CAMERA_3,NONE,thank you for your help,S_THANK_YOU,CAMERA_3,NONE,thank you very much,
881,17,NONE,"['CAMERA_2', 'CAMERA_3']","{'CAMERA_1': [], 'CAMERA_2': ['resolution', 'optical_zoom', 'long_exposure', 'weight', 'settings'], 'CAMERA_3': ['weight', 'settings', 'sensor_size', 'resolution', 'ISO', 'color']}",C_LEAVES,DOOR,NONE,,S_RETURNS_TO_COUNTER,SERVICE_COUNTER,NONE,,
882,1,NONE,[],"{'CAMERA_1': [], 'CAMERA_2': [], 'CAMERA_3': []}",C_ENTERS,DOOR,NONE,,S_NONE,SERVICE_COUNTER,NONE,,
882,2,NONE,[],"{'CAMERA_1': [], 'CAMERA_2': [], 'CAMERA_3': []}",C_WALKS_TO_CAMERA,CAMERA_3,NONE,,S_NONE,SERVICE_COUNTER,NONE,,
882,3,CAMERA_3,['CAMERA_3'],"{'CAMERA_1': [], 'CAMERA_2': [], 'CAMERA_3': ['long_exposure']}",C_QUESTION_ABOUT_FEATURE,CAMERA_3,long_exposure,can it take long exposure shots,S_ANSWERS_QUESTION_ABOUT_FEATURE,CAMERA_3,long_exposure,"This one can take long exposures up to up to 30 seconds, bulb mode: expose as long as you want.",39~94
882,4,CAMERA_3,['CAMERA_3'],"{'CAMERA_1': [], 'CAMERA_2': [], 'CAMERA_3': ['long_exposure', 'camera_type']}",C_SILENT_OR_BACKCHANNEL,CAMERA_3,NONE,okay,S_INTRODUCES_FEATURE,CAMERA_3,camera_type,This is a DSLR camera.,10~14
882,5,NONE,['CAMERA_3'],"{'CAMERA_1': [], 'CAMERA_2': [], 'CAMERA_3': ['long_exposure', 'camera_type']}",C_THANK_YOU,CAMERA_3,NONE,thank you for your help,S_THANK_YOU,CAMERA_3,NONE,thank you very much,
882,6,NONE,['CAMERA_3'],"{'CAMERA_1': [], 'CAMERA_2': [], 'CAMERA_3': ['long_exposure', 'camera_type']}",C_LEAVES,DOOR,NONE,,S_RETURNS_TO_COUNTER,SERVICE_COUNTER,NONE,,
883,1,NONE,[],"{'CAMERA_1': [], 'CAMERA_2': [], 'CAMERA_3': []}",C_ENTERS,DOOR,NONE,,S_NONE,SERVICE_COUNTER,NONE,,
883,2,NONE,[],"{'CAMERA_1': [], 'CAMERA_2': [], 'CAMERA_3': []}",C_GREETS,MIDDLE,NONE,hello,S_GREETS,MIDDLE,NONE,can I help you?,
883,3,CAMERA_1,['CAMERA_1'],"{'CAMERA_1': [], 'CAMERA_2': [], 'CAMERA_3': []}",C_LOOKING_FOR_A_CAMERA,MIDDLE,NONE,I'm looking for a camera,S_INTRODUCES_CAMERA,CAMERA_1,,Let me show you this. Here we have the Nikon Coolpix S2800.,39~58
883,4,CAMERA_1,['CAMERA_1'],"{'CAMERA_1': ['settings'], 'CAMERA_2': [], 'CAMERA_3': []}",C_SILENT_OR_BACKCHANNEL,CAMERA_1,NONE,okay,S_INTRODUCES_FEATURE,CAMERA_1,settings,This one has limited manual settings.,13~36
883,5,CAMERA_1,['CAMERA_1'],"{'CAMERA_1': ['settings', 'preset_modes'], 'CAMERA_2': [], 'CAMERA_3': []}",C_QUESTION_ABOUT_FEATURE,CAMERA_1,preset_modes,does it have preset modes,S_ANSWERS_QUESTION_ABOUT_FEATURE,CAMERA_1,preset_modes,"This one has 18 preset modes (e.g. beach, snow, night portrait).",13~63
883,6,CAMERA_1,['CAMERA_1'],"{'CAMERA_1': ['settings', 'preset_modes', 'color'], 'CAMERA_2': [], 'CAMERA_3': []}",C_SILENT_OR_BACKCHANNEL,CAMERA_1,NONE,I see,S_INTRODUCES_FEATURE,CAMERA_1,color,"This one comes in purple, pink, black, silver, red.",18~50
883,7,NONE,['CAMERA_1'],"{'CAMERA_1': ['settings', 'preset_modes', 'color'], 'CAMERA_2': [], 'CAMERA_3': []}",C_THANK_YOU,CAMERA_1,NONE,thank you for your help,S_THANK_YOU,CAMERA_1,NONE,thank you very much,
883,8,NONE,['CAMERA_1'],"{'CAMERA_1': ['settings', 'preset_modes', 'color'], 'CAMERA_2': [], 'CAMERA_3': []}",C_LEAVES,DOOR,NONE,,S_RETURNS_TO_COUNTER,SERVICE_COUNTER,NONE,,
884,1,NONE,[],"{'CAMERA_1': [], 'CAMERA_2': [], 'CAMERA_3': []}",C_ENTERS,DOOR,NONE,,S_NONE,SERVICE_COUNTER,NONE,,
884,2,NONE,[],"{'CAMERA_1': [], 'CAMERA_2': [], 'CAMERA_3': []}",C_WALKS_TO_CAMERA,CAMERA_3,NONE,,S_GREETS,CAMERA_3,NONE,can I help you?,
884,3,CAMERA_2,['CAMERA_2'],"{'CAMERA_1': [], 'CAMERA_2': [], 'CAMERA_3': []}",C_LOOKING_FOR_A_CAMERA,CAMERA_3,NONE,I'm looking for a camera,S_INTRODUCES_CAMERA,CAMERA_2,,Let me show you this. Here we have the Sony Alpha a6000.,39~55
884,4,CAMERA_2,['CAMERA_2'],"{'CAMERA_1': [], 'CAMERA_2': ['effects'], 'CAMERA_3': []}",C_QUESTION_ABOUT_FEATURE,CAMERA_2,effects,does it have any effect modes,S_ANSWERS_QUESTION_ABOUT_FEATURE,CAMERA_2,effects,"This one has 13 artistic effect modes (e.g. toy camera, soft focus).",13~67
884,5,CAMERA_2,['CAMERA_2'],"{'CAMERA_1': [], 'CAMERA_2': ['effects', 'long_exposure'], 'CAMERA_3': []}",C_QUESTION_ABOUT_FEATURE,CAMERA_2,long_exposure,can it take long exposure shots,S_ANSWERS_QUESTION_ABOUT_FEATURE,CAMERA_2,long_exposure,This one can take long exposures up to up to 30 seconds.,39~55
884,6,CAMERA_2,['CAMERA_2'],"{'CAMERA_1': [], 'CAMERA_2': ['effects', 'long_exposure', 'weight'], 'CAMERA_3': []}",C_QUESTION_ABOUT_FEATURE,CAMERA_2,weight,how much does this one weigh,S_ANSWERS_QUESTION_ABOUT_FEATURE,CAMERA_2,weight,This one weighs 470 grams.,16~25
884,7,CAMERA_2,['CAMERA_2'],"{'CAMERA_1': [], 'CAMERA_2': ['effects', 'long_exposure', 'weight', 'camera_type'], 'CAMERA_3': []}",C_SILENT_OR_BACKCHANNEL,CAMERA_2,NONE,alright,S_INTRODUCES_FEATURE,CAMERA_2,camera_type,This is a mirrorless camera.,10~20
884,8,CAMERA_2,['CAMERA_2'],"{'CAMERA_1': [], 'CAMERA_2': ['effects', 'long_exposure', 'weight', 'camera_type', 'preset_modes'], 'CAMERA_3': []}",C_SILENT_OR_BACKCHANNEL,CAMERA_2,NONE,I see,S_INTRODUCES_FEATURE,CAMERA_2,preset_modes,"This one has 9 preset modes (e.g. beach, snow, night, portrait).",13~63
884,9,NONE,['CAMERA_2'],"{'CAMERA_1': [], 'CAMERA_2': ['effects', 'long_exposure', 'weight', 'camera_type', 'preset_modes'], 'CAMERA_3': []}",C_THANK_YOU,CAMERA_2,NONE,thank you for your help,S_THANK_YOU,CAMERA_2,NONE,thank you very much,
884,10,NONE,['CAMERA_2'],"{'CAMERA_1': [], 'CAMERA_2': ['effects', 'long_exposure', 'weight', 'camera_type', 'preset_modes'], 'CAMERA_3': []}",C_LEAVES,DOOR,NONE,,S_RETURNS_TO_COUNTER,SERVICE_COUNTER,NONE,,
885,1,NONE,[],"{'CAMERA_1': [], 'CAMERA_2': [], 'CAMERA_3': []}",C_ENTERS,DOOR,NONE,,S_NONE,SERVICE_COUNTER,NONE,,
885,2,NONE,[],"{'CAMERA_1': [], 'CAMERA_2': [], 'CAMERA_3': []}",C_GREETS,MIDDLE,NONE,hello,S_GREETS,MIDDLE,NONE,can I help you?,
885,3,CAMERA_1,['CAMERA_1'],"{'CAMERA_1': [], 'CAMERA_2': [], 'CAMERA_3': []}",C_LOOKING_FOR_A_CAMERA,MIDDLE,NONE,I'm looking for a camera,S_INTRODUCES_CAMERA,CAMERA_1,,Let me show you this. Here we have the Nikon Coolpix S2800.,39~58
885,4,CAMERA_1,['CAMERA_1'],"{'CAMERA_1': ['autofocus_points'], 'CAMERA_2': [], 'CAMERA_3': []}",C_QUESTION_ABOUT_FEATURE,CAMERA_1,autofocus_points,how many autofocus points does it have,S_NOT_SURE,CAMERA_1,,I'm not really sure about that,
885,5,NONE,['CAMERA_1'],"{'CAMERA_1': ['autofocus_points'], 'CAMERA_2': [], 'CAMERA_3': []}",C_THANK_YOU,CAMERA_1,NONE,thank you for your help,S_THANK_YOU,CAMERA_1,NONE,thank you very much,
885,6,NONE,['CAMERA_1'],"{'CAMERA_1': ['autofocus_points'], 'CAMERA_2': [], 'CAMERA_3': []}",C_LEAVES,DOOR,NONE,,S_RETURNS_TO_COUNTER,SERVICE_COUNTER,NONE,,
886,1,NONE,[],"{'CAMERA_1': [], 'CAMERA_2': [], 'CAMERA_3': []}",C_ENTERS,DOOR,NONE,,S_NONE,SERVICE_COUNTER,NONE,,
886,2,NONE,[],"{'CAMERA_1': [], 'CAMERA_2': [], 'CAMERA_3': []}",C_WALKS_TO_CAMERA,CAMERA_3,NONE,,S_GREETS,CAMERA_3,NONE,can I help you?,
886,3,CAMERA_3,['CAMERA_3'],"{'CAMERA_1': [], 'CAMERA_2': [], 'CAMERA_3': []}",C_LOOKING_FOR_A_CAMERA,CAMERA_3,NONE,I'm looking for a camera,S_INTRODUCES_CAMERA,CAMERA_3,,Let me show you this. Here we have the Canon EOS 5D Mark III.,39~60
886,4,CAMERA_3,['CAMERA_3'],"{'CAMERA_1': [], 'CAMERA_2': [], 'CAMERA_3': ['resolution']}",C_QUESTION_ABOUT_FEATURE,CAMERA_3,resolution,what is the resolution,S_NOT_SURE,CAMERA_3,,I'm not really sure about that,
886,5,CAMERA_2,"['CAMERA_3', 'CAMERA_2']","{'CAMERA_1': [], 'CAMERA_2': [], 'CAMERA_3': ['resolution']}",C_ANYTHING_ELSE_AVAILABLE,CAMERA_3,NONE,ok do you have any other cameras,S_INTRODUCES_CAMERA,CAMERA_2,,Let me show you this. Here we have the Sony Alpha a6000.,39~55
886,6,CAMERA_2,"['CAMERA_3', 'CAMERA_2']","{'CAMERA_1': [], 'CAMERA_2': ['camera_type'], 'CAMERA_3': ['resolution']}",C_QUESTION_ABOUT_FEATURE,CAMERA_2,camera_type,what kind of camera is this,S_ANSWERS_QUESTION_ABOUT_FEATURE,CAMERA_2,camera_type,This is a mirrorless camera.,10~20
886,7,CAMERA_2,"['CAMERA_3', 'CAMERA_2']","{'CAMERA_1': [], 'CAMERA_2': ['camera_type', 'settings'], 'CAMERA_3': ['resolution']}",C_QUESTION_ABOUT_FEATURE,CAMERA_2,settings,what kind of settings does it have,S_ANSWERS_QUESTION_ABOUT_FEATURE,CAMERA_2,settings,This one has full manual control.,13~32
886,8,CAMERA_2,"['CAMERA_3', 'CAMERA_2']","{'CAMERA_1': [], 'CAMERA_2': ['camera_type', 'settings', 'sensor_size'], 'CAMERA_3': ['resolution']}",C_QUESTION_ABOUT_FEATURE,CAMERA_2,sensor_size,what is the sensor size,S_ANSWERS_QUESTION_ABOUT_FEATURE,CAMERA_2,sensor_size,This one has a APS-C sensor (crop sensor).,15~41
886,9,CAMERA_2,"['CAMERA_3', 'CAMERA_2']","{'CAMERA_1': [], 'CAMERA_2': ['camera_type', 'settings', 'sensor_size', 'ISO'], 'CAMERA_3': ['resolution']}",C_QUESTION_ABOUT_FEATURE,CAMERA_2,ISO,what is the ISO,S_ANSWERS_QUESTION_ABOUT_FEATURE,CAMERA_2,ISO,This one has up to 3200 ISO with little noise.,13~45
886,10,CAMERA_2,"['CAMERA_3', 'CAMERA_2']","{'CAMERA_1': [], 'CAMERA_2': ['camera_type', 'settings', 'sensor_size', 'ISO', 'autofocus_points'], 'CAMERA_3': ['resolution']}",C_QUESTION_ABOUT_FEATURE,CAMERA_2,autofocus_points,how many autofocus points does it have,S_ANSWERS_QUESTION_ABOUT_FEATURE,CAMERA_2,autofocus_points,This one has 179 autofocus points.,13~33
886,11,CAMERA_2,"['CAMERA_3', 'CAMERA_2']","{'CAMERA_1': [], 'CAMERA_2': ['camera_type', 'settings', 'sensor_size', 'ISO', 'autofocus_points', 'effects'], 'CAMERA_3': ['resolution']}",C_SILENT_OR_BACKCHANNEL,CAMERA_2,NONE,I see,S_INTRODUCES_FEATURE,CAMERA_2,effects,"This one has 13 artistic effect modes (e.g. toy camera, soft focus).",13~67
886,12,CAMERA_2,"['CAMERA_3', 'CAMERA_2']","{'CAMERA_1': [], 'CAMERA_2': ['camera_type', 'settings', 'sensor_size', 'ISO', 'autofocus_points', 'effects', 'price'], 'CAMERA_3': ['resolution']}",C_QUESTION_ABOUT_FEATURE,CAMERA_2,price,how much does it cost,S_ANSWERS_QUESTION_ABOUT_FEATURE,CAMERA_2,price,This one costs $1341.,15~20
886,13,CAMERA_2,"['CAMERA_3', 'CAMERA_2']","{'CAMERA_1': [], 'CAMERA_2': ['camera_type', 'settings', 'sensor_size', 'ISO', 'autofocus_points', 'effects', 'price', 'resolution'], 'CAMERA_3': ['resolution']}",C_QUESTION_ABOUT_FEATURE,CAMERA_2,resolution,what is the resolution,S_NOT_SURE,CAMERA_2,,I'm not really sure about that,
886,14,CAMERA_2,"['CAMERA_3', 'CAMERA_2']","{'CAMERA_1': [], 'CAMERA_2': ['camera_type', 'settings', 'sensor_size', 'ISO', 'autofocus_points', 'effects', 'price', 'resolution', 'weight'], 'CAMERA_3': ['resolution']}",C_SILENT_OR_BACKCHANNEL,CAMERA_2,NONE,alright,S_INTRODUCES_FEATURE,CAMERA_2,weight,This one weighs 470 grams.,16~25
886,15,CAMERA_1,"['CAMERA_3', 'CAMERA_2', 'CAMERA_1']","{'CAMERA_1': [], 'CAMERA_2': ['camera_type', 'settings', 'sensor_size', 'ISO', 'autofocus_points', 'effects', 'price', 'resolution', 'weight'], 'CAMERA_3': ['resolution']}",C_ANYTHING_ELSE_AVAILABLE,CAMERA_2,NONE,ok do you have any other cameras,S_INTRODUCES_CAMERA,CAMERA_1,,Let me show you this. Here we have the Nikon Coolpix S2800.,39~58
886,16,CAMERA_1,"['CAMERA_3', 'CAMERA_2', 'CAMERA_1']","{'CAMERA_1': ['optical_zoom'], 'CAMERA_2': ['camera_type', 'settings', 'sensor_size', 'ISO', 'autofocus_points', 'effects', 'price', 'resolution', 'weight'], 'CAMERA_3': ['resolution']}",C_QUESTION_ABOUT_FEATURE,CAMERA_1,optical_zoom,does it have optical zoom,S_ANSWERS_QUESTION_ABOUT_FEATURE,CAMERA_1,optical_zoom,This one has 5x optical zoom.,13~28
886,17,CAMERA_1,"['CAMERA_3', 'CAMERA_2', 'CAMERA_1']","{'CAMERA_1': ['optical_zoom', 'weight'], 'CAMERA_2': ['camera_type', 'settings', 'sensor_size', 'ISO', 'autofocus_points', 'effects', 'price', 'resolution', 'weight'], 'CAMERA_3': ['resolution']}",C_SILENT_OR_BACKCHANNEL,CAMERA_1,NONE,I see,S_INTRODUCES_FEATURE,CAMERA_1,weight,This one weighs 120 grams.,16~25
886,18,CAMERA_1,"['CAMERA_3', 'CAMERA_2', 'CAMERA_1']","{'CAMERA_1': ['optical_zoom', 'weight', 'camera_type'], 'CAMERA_2': ['camera_type', 'settings', 'sensor_size', 'ISO', 'autofocus_points', 'effects', 'price', 'resolution', 'weight'], 'CAMERA_3': ['resolution']}",C_SILENT_OR_BACKCHANNEL,CAMERA_1,NONE,alright,S_INTRODUCES_FEATURE,CAMERA_1,camera_type,This is a point and shoot camera.,10~25
886,19,,"['CAMERA_3', 'CAMERA_2', 'CAMERA_1']","{'CAMERA_1': ['optical_zoom', 'weight', 'camera_type'], 'CAMERA_2': ['camera_type', 'settings', 'sensor_size', 'ISO', 'autofocus_points', 'effects', 'price', 'resolution', 'weight'], 'CAMERA_3': ['resolution']}",C_ANYTHING_ELSE_AVAILABLE,CAMERA_1,NONE,ok do you have any other cameras,S_THATS_ALL_WE_HAVE_AVAILABLE,CAMERA_1,,That’s all we have available at the moment.,
886,20,NONE,"['CAMERA_3', 'CAMERA_2', 'CAMERA_1']","{'CAMERA_1': ['optical_zoom', 'weight', 'camera_type'], 'CAMERA_2': ['camera_type', 'settings', 'sensor_size', 'ISO', 'autofocus_points', 'effects', 'price', 'resolution', 'weight'], 'CAMERA_3': ['resolution']}",C_THANK_YOU,CAMERA_1,NONE,thank you for your help,S_THANK_YOU,CAMERA_1,NONE,thank you very much,
886,21,NONE,"['CAMERA_3', 'CAMERA_2', 'CAMERA_1']","{'CAMERA_1': ['optical_zoom', 'weight', 'camera_type'], 'CAMERA_2': ['camera_type', 'settings', 'sensor_size', 'ISO', 'autofocus_points', 'effects', 'price', 'resolution', 'weight'], 'CAMERA_3': ['resolution']}",C_LEAVES,DOOR,NONE,,S_RETURNS_TO_COUNTER,SERVICE_COUNTER,NONE,,
887,1,NONE,[],"{'CAMERA_1': [], 'CAMERA_2': [], 'CAMERA_3': []}",C_ENTERS,DOOR,NONE,,S_NONE,SERVICE_COUNTER,NONE,,
887,2,NONE,[],"{'CAMERA_1': [], 'CAMERA_2': [], 'CAMERA_3': []}",C_WALKS_TO_CAMERA,CAMERA_1,NONE,,S_GREETS,CAMERA_1,NONE,can I help you?,
887,3,CAMERA_3,['CAMERA_3'],"{'CAMERA_1': [], 'CAMERA_2': [], 'CAMERA_3': []}",C_LOOKING_FOR_A_CAMERA,CAMERA_1,NONE,I'm looking for a camera,S_INTRODUCES_CAMERA,CAMERA_3,,Let me show you this. Here we have the Canon EOS 5D Mark III.,39~60
887,4,CAMERA_3,['CAMERA_3'],"{'CAMERA_1': [], 'CAMERA_2': [], 'CAMERA_3': ['resolution']}",C_QUESTION_ABOUT_FEATURE,CAMERA_3,resolution,what is the resolution,S_NOT_SURE,CAMERA_3,,I'm not really sure about that,
887,5,CAMERA_3,['CAMERA_3'],"{'CAMERA_1': [], 'CAMERA_2': [], 'CAMERA_3': ['resolution', 'autofocus_points']}",C_QUESTION_ABOUT_FEATURE,CAMERA_3,autofocus_points,how many autofocus points does it have,S_ANSWERS_QUESTION_ABOUT_FEATURE,CAMERA_3,autofocus_points,This one has 61 autofocus points.,13~32
887,6,CAMERA_3,['CAMERA_3'],"{'CAMERA_1': [], 'CAMERA_2': [], 'CAMERA_3': ['resolution', 'autofocus_points', 'color']}",C_QUESTION_ABOUT_FEATURE,CAMERA_3,color,what colors does this one come in,S_ANSWERS_QUESTION_ABOUT_FEATURE,CAMERA_3,color,This one comes in black.,18~23
887,7,NONE,['CAMERA_3'],"{'CAMERA_1': [], 'CAMERA_2': [], 'CAMERA_3': ['resolution', 'autofocus_points', 'color']}",C_THANK_YOU,CAMERA_3,NONE,thank you for your help,S_THANK_YOU,CAMERA_3,NONE,thank you very much,
887,8,NONE,['CAMERA_3'],"{'CAMERA_1': [], 'CAMERA_2': [], 'CAMERA_3': ['resolution', 'autofocus_points', 'color']}",C_LEAVES,DOOR,NONE,,S_RETURNS_TO_COUNTER,SERVICE_COUNTER,NONE,,
888,1,NONE,[],"{'CAMERA_1': [], 'CAMERA_2': [], 'CAMERA_3': []}",C_ENTERS,DOOR,NONE,,S_NONE,SERVICE_COUNTER,NONE,,
888,2,NONE,[],"{'CAMERA_1': [], 'CAMERA_2': [], 'CAMERA_3': []}",C_GREETS,MIDDLE,NONE,hello,S_GREETS,MIDDLE,NONE,can I help you?,
888,3,CAMERA_1,['CAMERA_1'],"{'CAMERA_1': [], 'CAMERA_2': [], 'CAMERA_3': []}",C_LOOKING_FOR_A_CAMERA,MIDDLE,NONE,I'm looking for a camera,S_INTRODUCES_CAMERA,CAMERA_1,,Let me show you this. Here we have the Nikon Coolpix S2800.,39~58
888,4,CAMERA_1,['CAMERA_1'],"{'CAMERA_1': ['color'], 'CAMERA_2': [], 'CAMERA_3': []}",C_QUESTION_ABOUT_FEATURE,CAMERA_1,color,what colors does this one come in,S_ANSWERS_QUESTION_ABOUT_FEATURE,CAMERA_1,color,"This one comes in purple, pink, black, silver, red.",18~50
888,5,CAMERA_1,['CAMERA_1'],"{'CAMERA_1': ['color', 'ISO'], 'CAMERA_2': [], 'CAMERA_3': []}",C_QUESTION_ABOUT_FEATURE,CAMERA_1,ISO,what is the ISO,S_NOT_SURE,CAMERA_1,,I'm not really sure about that,
888,6,CAMERA_1,['CAMERA_1'],"{'CAMERA_1': ['color', 'ISO', 'weight'], 'CAMERA_2': [], 'CAMERA_3': []}",C_QUESTION_ABOUT_FEATURE,CAMERA_1,weight,how much does this one weigh,S_ANSWERS_QUESTION_ABOUT_FEATURE,CAMERA_1,weight,This one weighs 120 grams.,16~25
888,7,CAMERA_1,['CAMERA_1'],"{'CAMERA_1': ['color', 'ISO', 'weight', 'preset_modes'], 'CAMERA_2': [], 'CAMERA_3': []}",C_QUESTION_ABOUT_FEATURE,CAMERA_1,preset_modes,does it have preset modes,S_ANSWERS_QUESTION_ABOUT_FEATURE,CAMERA_1,preset_modes,"This one has 18 preset modes (e.g. beach, snow, night portrait).",13~63
888,8,CAMERA_1,['CAMERA_1'],"{'CAMERA_1': ['color', 'ISO', 'weight', 'preset_modes', 'settings'], 'CAMERA_2': [], 'CAMERA_3': []}",C_QUESTION_ABOUT_FEATURE,CAMERA_1,settings,what kind of settings does it have,S_ANSWERS_QUESTION_ABOUT_FEATURE,CAMERA_1,settings,This one has limited manual settings.,13~36
888,9,CAMERA_1,['CAMERA_1'],"{'CAMERA_1': ['color', 'ISO', 'weight', 'preset_modes', 'settings', 'price'], 'CAMERA_2': [], 'CAMERA_3': []}",C_QUESTION_ABOUT_FEATURE,CAMERA_1,price,how much does it cost,S_ANSWERS_QUESTION_ABOUT_FEATURE,CAMERA_1,price,This one costs $2173.,15~20
888,10,CAMERA_1,['CAMERA_1'],"{'CAMERA_1': ['color', 'ISO', 'weight', 'preset_modes', 'settings', 'price', 'effects'], 'CAMERA_2': [], 'CAMERA_3': []}",C_SILENT_OR_BACKCHANNEL,CAMERA_1,NONE,alright,S_INTRODUCES_FEATURE,CAMERA_1,effects,"This one has 12 glamor retouch effects (e.g. skin softening, small face, big eyes).",13~82
888,11,CAMERA_1,['CAMERA_1'],"{'CAMERA_1': ['color', 'ISO', 'weight', 'preset_modes', 'settings', 'price', 'effects', 'autofocus_points'], 'CAMERA_2': [], 'CAMERA_3': []}",C_QUESTION_ABOUT_FEATURE,CAMERA_1,autofocus_points,how many autofocus points does it have,S_NOT_SURE,CAMERA_1,,I'm not really sure about that,
888,12,CAMERA_1,['CAMERA_1'],"{'CAMERA_1': ['color', 'ISO', 'weight', 'preset_modes', 'settings', 'price', 'effects', 'autofocus_points', 'optical_zoom'], 'CAMERA_2': [], 'CAMERA_3': []}",C_QUESTION_ABOUT_FEATURE,CAMERA_1,optical_zoom,does it have optical zoom,S_ANSWERS_QUESTION_ABOUT_FEATURE,CAMERA_1,optical_zoom,This one has 5x optical zoom.,13~28
888,13,CAMERA_1,['CAMERA_1'],"{'CAMERA_1': ['color', 'ISO', 'weight', 'preset_modes', 'settings', 'price', 'effects', 'autofocus_points', 'optical_zoom', 'long_exposure'], 'CAMERA_2': [], 'CAMERA_3': []}",C_QUESTION_ABOUT_FEATURE,CAMERA_1,long_exposure,can it take long exposure shots,S_NOT_SURE,CAMERA_1,,I'm not really sure about that,
888,14,CAMERA_2,"['CAMERA_1', 'CAMERA_2']","{'CAMERA_1': ['color', 'ISO', 'weight', 'preset_modes', 'settings', 'price', 'effects', 'autofocus_points', 'optical_zoom', 'long_exposure'], 'CAMERA_2': [], 'CAMERA_3': []}",C_ANYTHING_ELSE_AVAILABLE,CAMERA_1,NONE,ok do you have any other cameras,S_INTRODUCES_CAMERA,CAMERA_2,,Let me show you this. Here we have the Sony Alpha a6000.,39~55
888,15,CAMERA_2,"['CAMERA_1', 'CAMERA_2']","{'CAMERA_1': ['color', 'ISO', 'weight', 'preset_modes', 'settings', 'price', 'effects', 'autofocus_points', 'optical_zoom', 'long_exposure'], 'CAMERA_2': ['optical_zoom'], 'CAMERA_3': []}",C_QUESTION_ABOUT_FEATURE,CAMERA_2,optical_zoom,does it have optical zoom,S_NOT_SURE,CAMERA_2,,I'm not really sure about that,
888,16,CAMERA_2,"['CAMERA_1', 'CAMERA_2']","{'CAMERA_1': ['color', 'ISO', 'weight', 'preset_modes', 'settings', 'price', 'effects', 'autofocus_points', 'optical_zoom', 'long_exposure'], 'CAMERA_2': ['optical_zoom', 'sensor_size'], 'CAMERA_3': []}",C_SILENT_OR_BACKCHANNEL,CAMERA_2,NONE,I see,S_INTRODUCES_FEATURE,CAMERA_2,sensor_size,This one has a APS-C sensor (crop sensor).,15~41
888,17,CAMERA_2,"['CAMERA_1', 'CAMERA_2']","{'CAMERA_1': ['color', 'ISO', 'weight', 'preset_modes', 'settings', 'price', 'effects', 'autofocus_points', 'optical_zoom', 'long_exposure'], 'CAMERA_2': ['optical_zoom', 'sensor_size', 'autofocus_points'], 'CAMERA_3': []}",C_SILENT_OR_BACKCHANNEL,CAMERA_2,NONE,I see,S_INTRODUCES_FEATURE,CAMERA_2,autofocus_points,This one has 179 autofocus points.,13~33
888,18,CAMERA_2,"['CAMERA_1', 'CAMERA_2']","{'CAMERA_1': ['color', 'ISO', 'weight', 'preset_modes', 'settings', 'price', 'effects', 'autofocus_points', 'optical_zoom', 'long_exposure'], 'CAMERA_2': ['optical_zoom', 'sensor_size', 'autofocus_points', 'resolution'], 'CAMERA_3': []}",C_QUESTION_ABOUT_FEATURE,CAMERA_2,resolution,what is the resolution,S_NOT_SURE,CAMERA_2,,I'm not really sure about that,
888,19,CAMERA_2,"['CAMERA_1', 'CAMERA_2']","{'CAMERA_1': ['color', 'ISO', 'weight', 'preset_modes', 'settings', 'price', 'effects', 'autofocus_points', 'optical_zoom', 'long_exposure'], 'CAMERA_2': ['optical_zoom', 'sensor_size', 'autofocus_points', 'resolution', 'effects'], 'CAMERA_3': []}",C_QUESTION_ABOUT_FEATURE,CAMERA_2,effects,does it have any effect modes,S_ANSWERS_QUESTION_ABOUT_FEATURE,CAMERA_2,effects,"This one has 13 artistic effect modes (e.g. toy camera, soft focus).",13~67
888,20,CAMERA_2,"['CAMERA_1', 'CAMERA_2']","{'CAMERA_1': ['color', 'ISO', 'weight', 'preset_modes', 'settings', 'price', 'effects', 'autofocus_points', 'optical_zoom', 'long_exposure'], 'CAMERA_2': ['optical_zoom', 'sensor_size', 'autofocus_points', 'resolution', 'effects', 'price'], 'CAMERA_3': []}",C_SILENT_OR_BACKCHANNEL,CAMERA_2,NONE,okay,S_INTRODUCES_FEATURE,CAMERA_2,price,This one costs $1341.,15~20
888,21,CAMERA_2,"['CAMERA_1', 'CAMERA_2']","{'CAMERA_1': ['color', 'ISO', 'weight', 'preset_modes', 'settings', 'price', 'effects', 'autofocus_points', 'optical_zoom', 'long_exposure'], 'CAMERA_2': ['optical_zoom', 'sensor_size', 'autofocus_points', 'resolution', 'effects', 'price', 'preset_modes'], 'CAMERA_3': []}",C_SILENT_OR_BACKCHANNEL,CAMERA_2,NONE,alright,S_INTRODUCES_FEATURE,CAMERA_2,preset_modes,"This one has 9 preset modes (e.g. beach, snow, night, portrait).",13~63
888,22,CAMERA_3,"['CAMERA_1', 'CAMERA_2', 'CAMERA_3']","{'CAMERA_1': ['color', 'ISO', 'weight', 'preset_modes', 'settings', 'price', 'effects', 'autofocus_points', 'optical_zoom', 'long_exposure'], 'CAMERA_2': ['optical_zoom', 'sensor_size', 'autofocus_points', 'resolution', 'effects', 'price', 'preset_modes'], 'CAMERA_3': []}",C_ANYTHING_ELSE_AVAILABLE,CAMERA_2,NONE,ok do you have any other cameras,S_INTRODUCES_CAMERA,CAMERA_3,,Let me show you this. Here we have the Canon EOS 5D Mark III.,39~60
888,23,CAMERA_3,"['CAMERA_1', 'CAMERA_2', 'CAMERA_3']","{'CAMERA_1': ['color', 'ISO', 'weight', 'preset_modes', 'settings', 'price', 'effects', 'autofocus_points', 'optical_zoom', 'long_exposure'], 'CAMERA_2': ['optical_zoom', 'sensor_size', 'autofocus_points', 'resolution', 'effects', 'price', 'preset_modes'], 'CAMERA_3': ['long_exposure']}",C_SILENT_OR_BACKCHANNEL,CAMERA_3,NONE,I see,S_INTRODUCES_FEATURE,CAMERA_3,long_exposure,"This one can take long exposures up to up to 30 seconds, bulb mode: expose as long as you want.",39~94
888,24,NONE,"['CAMERA_1', 'CAMERA_2', 'CAMERA_3']","{'CAMERA_1': ['color', 'ISO', 'weight', 'preset_modes', 'settings', 'price', 'effects', 'autofocus_points', 'optical_zoom', 'long_exposure'], 'CAMERA_2': ['optical_zoom', 'sensor_size', 'autofocus_points', 'resolution', 'effects', 'price', 'preset_modes'], 'CAMERA_3': ['long_exposure']}",C_THANK_YOU,CAMERA_3,NONE,thank you for your help,S_THANK_YOU,CAMERA_3,NONE,thank you very much,
888,25,NONE,"['CAMERA_1', 'CAMERA_2', 'CAMERA_3']","{'CAMERA_1': ['color', 'ISO', 'weight', 'preset_modes', 'settings', 'price', 'effects', 'autofocus_points', 'optical_zoom', 'long_exposure'], 'CAMERA_2': ['optical_zoom', 'sensor_size', 'autofocus_points', 'resolution', 'effects', 'price', 'preset_modes'], 'CAMERA_3': ['long_exposure']}",C_LEAVES,DOOR,NONE,,S_RETURNS_TO_COUNTER,SERVICE_COUNTER,NONE,,
889,1,NONE,[],"{'CAMERA_1': [], 'CAMERA_2': [], 'CAMERA_3': []}",C_ENTERS,DOOR,NONE,,S_NONE,SERVICE_COUNTER,NONE,,
889,2,NONE,[],"{'CAMERA_1': [], 'CAMERA_2': [], 'CAMERA_3': []}",C_GREETS,MIDDLE,NONE,hello,S_GREETS,MIDDLE,NONE,can I help you?,
889,3,CAMERA_2,['CAMERA_2'],"{'CAMERA_1': [], 'CAMERA_2': [], 'CAMERA_3': []}",C_LOOKING_FOR_A_CAMERA,MIDDLE,NONE,I'm looking for a camera,S_INTRODUCES_CAMERA,CAMERA_2,,Let me show you this. Here we have the Sony Alpha a6000.,39~55
889,4,CAMERA_2,['CAMERA_2'],"{'CAMERA_1': [], 'CAMERA_2': ['color'], 'CAMERA_3': []}",C_QUESTION_ABOUT_FEATURE,CAMERA_2,color,what colors does this one come in,S_ANSWERS_QUESTION_ABOUT_FEATURE,CAMERA_2,color,"This one comes in white, silver, black.",18~38
889,5,CAMERA_2,['CAMERA_2'],"{'CAMERA_1': [], 'CAMERA_2': ['color', 'sensor_size'], 'CAMERA_3': []}",C_SILENT_OR_BACKCHANNEL,CAMERA_2,NONE,okay,S_INTRODUCES_FEATURE,CAMERA_2,sensor_size,This one has a APS-C sensor (crop sensor).,15~41
889,6,CAMERA_2,['CAMERA_2'],"{'CAMERA_1': [], 'CAMERA_2': ['color', 'sensor_size', 'camera_type'], 'CAMERA_3': []}",C_QUESTION_ABOUT_FEATURE,CAMERA_2,camera_type,what kind of camera is this,S_ANSWERS_QUESTION_ABOUT_FEATURE,CAMERA_2,camera_type,This is a mirrorless camera.,10~20
889,7,CAMERA_1,"['CAMERA_2', 'CAMERA_1']","{'CAMERA_1': [], 'CAMERA_2': ['color', 'sensor_size', 'camera_type'], 'CAMERA_3': []}",C_ANYTHING_ELSE_AVAILABLE,CAMERA_2,NONE,ok do you have any other cameras,S_INTRODUCES_CAMERA,CAMERA_1,,Let me show you this. Here we have the Nikon Coolpix S2800.,39~58
889,8,CAMERA_1,"['CAMERA_2', 'CAMERA_1']","{'CAMERA_1': ['optical_zoom'], 'CAMERA_2': ['color', 'sensor_size', 'camera_type'], 'CAMERA_3': []}",C_SILENT_OR_BACKCHANNEL,CAMERA_1,NONE,alright,S_INTRODUCES_FEATURE,CAMERA_1,optical_zoom,This one has 5x optical zoom.,13~28
889,9,NONE,"['CAMERA_2', 'CAMERA_1']","{'CAMERA_1': ['optical_zoom'], 'CAMERA_2': ['color', 'sensor_size', 'camera_type'], 'CAMERA_3': []}",C_THANK_YOU,CAMERA_1,NONE,thank you for your help,S_THANK_YOU,CAMERA_1,NONE,thank you very much,
889,10,NONE,"['CAMERA_2', 'CAMERA_1']","{'CAMERA_1': ['optical_zoom'], 'CAMERA_2': ['color', 'sensor_size', 'camera_type'], 'CAMERA_3': []}",C_LEAVES,DOOR,NONE,,S_RETURNS_TO_COUNTER,SERVICE_COUNTER,NONE,,
890,1,NONE,[],"{'CAMERA_1': [], 'CAMERA_2': [], 'CAMERA_3': []}",C_ENTERS,DOOR,NONE,,S_NONE,SERVICE_COUNTER,NONE,,
890,2,NONE,[],"{'CAMERA_1': [], 'CAMERA_2': [], 'CAMERA_3': []}",C_GREETS,MIDDLE,NONE,hello,S_GREETS,MIDDLE,NONE,can I help you?,
890,3,CAMERA_3,['CAMERA_3'],"{'CAMERA_1': [], 'CAMERA_2': [], 'CAMERA_3': []}",C_LOOKING_FOR_A_CAMERA,MIDDLE,NONE,I'm looking for a camera,S_INTRODUCES_CAMERA,CAMERA_3,,Let me show you this. Here we have the Canon EOS 5D Mark III.,39~60
890,4,CAMERA_3,['CAMERA_3'],"{'CAMERA_1': [], 'CAMERA_2': [], 'CAMERA_3': ['resolution']}",C_QUESTION_ABOUT_FEATURE,CAMERA_3,resolution,what is the resolution,S_NOT_SURE,CAMERA_3,,I'm not really sure about that,
890,5,NONE,['CAMERA_3'],"{'CAMERA_1': [], 'CAMERA_2': [], 'CAMERA_3': ['resolution']}",C_THANK_YOU,CAMERA_3,NONE,thank you for your help,S_THANK_YOU,CAMERA_3,NONE,thank you very much,
890,6,NONE,['CAMERA_3'],"{'CAMERA_1': [], 'CAMERA_2': [], 'CAMERA_3': ['resolution']}",C_LEAVES,DOOR,NONE,,S_RETURNS_TO_COUNTER,SERVICE_COUNTER,NONE,,
891,1,NONE,[],"{'CAMERA_1': [], 'CAMERA_2': [], 'CAMERA_3': []}",C_ENTERS,DOOR,NONE,,S_NONE,SERVICE_COUNTER,NONE,,
891,2,NONE,[],"{'CAMERA_1': [], 'CAMERA_2': [], 'CAMERA_3': []}",C_GREETS,MIDDLE,NONE,hello,S_GREETS,MIDDLE,NONE,can I help you?,
891,3,CAMERA_2,['CAMERA_2'],"{'CAMERA_1': [], 'CAMERA_2': [], 'CAMERA_3': []}",C_LOOKING_FOR_A_CAMERA,MIDDLE,NONE,I'm looking for a camera,S_INTRODUCES_CAMERA,CAMERA_2,,Let me show you this. Here we have the Sony Alpha a6000.,39~55
891,4,CAMERA_2,['CAMERA_2'],"{'CAMERA_1': [], 'CAMERA_2': ['preset_modes'], 'CAMERA_3': []}",C_QUESTION_ABOUT_FEATURE,CAMERA_2,preset_modes,does it have preset modes,S_ANSWERS_QUESTION_ABOUT_FEATURE,CAMERA_2,preset_modes,"This one has 9 preset modes (e.g. beach, snow, night, portrait).",13~63
891,5,CAMERA_2,['CAMERA_2'],"{'CAMERA_1': [], 'CAMERA_2': ['preset_modes', 'autofocus_points'], 'CAMERA_3': []}",C_SILENT_OR_BACKCHANNEL,CAMERA_2,NONE,alright,S_INTRODUCES_FEATURE,CAMERA_2,autofocus_points,This one has 179 autofocus points.,13~33
891,6,CAMERA_3,"['CAMERA_2', 'CAMERA_3']","{'CAMERA_1': [], 'CAMERA_2': ['preset_modes', 'autofocus_points'], 'CAMERA_3': []}",C_ANYTHING_ELSE_AVAILABLE,CAMERA_2,NONE,ok do you have any other cameras,S_INTRODUCES_CAMERA,CAMERA_3,,Let me show you this. Here we have the Canon EOS 5D Mark III.,39~60
891,7,CAMERA_3,"['CAMERA_2', 'CAMERA_3']","{'CAMERA_1': [], 'CAMERA_2': ['preset_modes', 'autofocus_points'], 'CAMERA_3': ['long_exposure']}",C_QUESTION_ABOUT_FEATURE,CAMERA_3,long_exposure,can it take long exposure shots,S_ANSWERS_QUESTION_ABOUT_FEATURE,CAMERA_3,long_exposure,"This one can take long exposures up to up to 30 seconds, bulb mode: expose as long as you want.",39~94
891,8,CAMERA_3,"['CAMERA_2', 'CAMERA_3']","{'CAMERA_1': [], 'CAMERA_2': ['preset_modes', 'autofocus_points'], 'CAMERA_3': ['long_exposure', 'sensor_size']}",C_SILENT_OR_BACKCHANNEL,CAMERA_3,NONE,alright,S_INTRODUCES_FEATURE,CAMERA_3,sensor_size,This one has a full frame.,15~25
891,9,CAMERA_3,"['CAMERA_2', 'CAMERA_3']","{'CAMERA_1': [], 'CAMERA_2': ['preset_modes', 'autofocus_points'], 'CAMERA_3': ['long_exposure', 'sensor_size', 'settings']}",C_SILENT_OR_BACKCHANNEL,CAMERA_3,NONE,alright,S_INTRODUCES_FEATURE,CAMERA_3,settings,This one has full manual control.,13~32
891,10,CAMERA_3,"['CAMERA_2', 'CAMERA_3']","{'CAMERA_1': [], 'CAMERA_2': ['preset_modes', 'autofocus_points'], 'CAMERA_3': ['long_exposure', 'sensor_size', 'settings', 'color']}",C_SILENT_OR_BACKCHANNEL,CAMERA_3,NONE,I see,S_INTRODUCES_FEATURE,CAMERA_3,color,This one comes in black.,18~23
891,11,CAMERA_3,"['CAMERA_2', 'CAMERA_3']","{'CAMERA_1': [], 'CAMERA_2': ['preset_modes', 'autofocus_points'], 'CAMERA_3': ['long_exposure', 'sensor_size', 'settings', 'color', 'autofocus_points']}",C_SILENT_OR_BACKCHANNEL,CAMERA_3,NONE,I see,S_INTRODUCES_FEATURE,CAMERA_3,autofocus_points,This one has 61 autofocus points.,13~32
891,12,CAMERA_3,"['CAMERA_2', 'CAMERA_3']","{'CAMERA_1': [], 'CAMERA_2': ['preset_modes', 'autofocus_points'], 'CAMERA_3': ['long_exposure', 'sensor_size', 'settings', 'color', 'autofocus_points', 'effects']}",C_QUESTION_ABOUT_FEATURE,CAMERA_3,effects,does it have any effect modes,S_NOT_SURE,CAMERA_3,,I'm not really sure about that,
891,13,CAMERA_3,"['CAMERA_2', 'CAMERA_3']","{'CAMERA_1': [], 'CAMERA_2': ['preset_modes', 'autofocus_points'], 'CAMERA_3': ['long_exposure', 'sensor_size', 'settings', 'color', 'autofocus_points', 'effects', 'weight']}",C_SILENT_OR_BACKCHANNEL,CAMERA_3,NONE,alright,S_INTRODUCES_FEATURE,CAMERA_3,weight,This one weighs 950 grams (only body).,16~37
891,14,CAMERA_3,"['CAMERA_2', 'CAMERA_3']","{'CAMERA_1': [], 'CAMERA_2': ['preset_modes', 'autofocus_points'], 'CAMERA_3': ['long_exposure', 'sensor_size', 'settings', 'color', 'autofocus_points', 'effects', 'weight', 'preset_modes']}",C_QUESTION_ABOUT_FEATURE,CAMERA_3,preset_modes,does it have preset modes,S_NOT_SURE,CAMERA_3,,I'm not really sure about that,
891,15,CAMERA_3,"['CAMERA_2', 'CAMERA_3']","{'CAMERA_1': [], 'CAMERA_2': ['preset_modes', 'autofocus_points'], 'CAMERA_3': ['long_exposure', 'sensor_size', 'settings', 'color', 'autofocus_points', 'effects', 'weight', 'preset_modes', 'optical_zoom']}",C_QUESTION_ABOUT_FEATURE,CAMERA_3,optical_zoom,does it have optical zoom,S_NOT_SURE,CAMERA_3,,I'm not really sure about that,
891,16,CAMERA_3,"['CAMERA_2', 'CAMERA_3']","{'CAMERA_1': [], 'CAMERA_2': ['preset_modes', 'autofocus_points'], 'CAMERA_3': ['long_exposure', 'sensor_size', 'settings', 'color', 'autofocus_points', 'effects', 'weight', 'preset_modes', 'optical_zoom', 'ISO']}",C_QUESTION_ABOUT_FEATURE,CAMERA_3,ISO,what is the ISO,S_ANSWERS_QUESTION_ABOUT_FEATURE,CAMERA_3,ISO,This one has up to 6400 ISO with little noise.,13~45
891,17,CAMERA_3,"['CAMERA_2', 'CAMERA_3']","{'CAMERA_1': [], 'CAMERA_2': ['preset_modes', 'autofocus_points'], 'CAMERA_3': ['long_exposure', 'sensor_size', 'settings', 'color', 'autofocus_points', 'effects', 'weight', 'preset_modes', 'optical_zoom', 'ISO', 'resolution']}",C_QUESTION_ABOUT_FEATURE,CAMERA_3,resolution,what is the resolution,S_NOT_SURE,CAMERA_3,,I'm not really sure about that,
891,18,NONE,"['CAMERA_2', 'CAMERA_3']","{'CAMERA_1': [], 'CAMERA_2': ['preset_modes', 'autofocus_points'], 'CAMERA_3': ['long_exposure', 'sensor_size', 'settings', 'color', 'autofocus_points', 'effects', 'weight', 'preset_modes', 'optical_zoom', 'ISO', 'resolution']}",C_THANK_YOU,CAMERA_3,NONE,thank you for your help,S_THANK_YOU,CAMERA_3,NONE,thank you very much,
891,19,NONE,"['CAMERA_2', 'CAMERA_3']","{'CAMERA_1': [], 'CAMERA_2': ['preset_modes', 'autofocus_points'], 'CAMERA_3': ['long_exposure', 'sensor_size', 'settings', 'color', 'autofocus_points', 'effects', 'weight', 'preset_modes', 'optical_zoom', 'ISO', 'resolution']}",C_LEAVES,DOOR,NONE,,S_RETURNS_TO_COUNTER,SERVICE_COUNTER,NONE,,
892,1,NONE,[],"{'CAMERA_1': [], 'CAMERA_2': [], 'CAMERA_3': []}",C_ENTERS,DOOR,NONE,,S_NONE,SERVICE_COUNTER,NONE,,
892,2,NONE,[],"{'CAMERA_1': [], 'CAMERA_2': [], 'CAMERA_3': []}",C_WALKS_TO_CAMERA,CAMERA_1,NONE,,S_GREETS,CAMERA_1,NONE,can I help you?,
892,3,CAMERA_2,['CAMERA_2'],"{'CAMERA_1': [], 'CAMERA_2': [], 'CAMERA_3': []}",C_LOOKING_FOR_A_CAMERA,CAMERA_1,NONE,I'm looking for a camera,S_INTRODUCES_CAMERA,CAMERA_2,,Let me show you this. Here we have the Sony Alpha a6000.,39~55
892,4,CAMERA_2,['CAMERA_2'],"{'CAMERA_1': [], 'CAMERA_2': ['resolution'], 'CAMERA_3': []}",C_QUESTION_ABOUT_FEATURE,CAMERA_2,resolution,what is the resolution,S_NOT_SURE,CAMERA_2,,I'm not really sure about that,
892,5,CAMERA_2,['CAMERA_2'],"{'CAMERA_1': [], 'CAMERA_2': ['resolution', 'price'], 'CAMERA_3': []}",C_QUESTION_ABOUT_FEATURE,CAMERA_2,price,how much does it cost,S_ANSWERS_QUESTION_ABOUT_FEATURE,CAMERA_2,price,This one costs $1341.,15~20
892,6,CAMERA_2,['CAMERA_2'],"{'CAMERA_1': [], 'CAMERA_2': ['resolution', 'price', 'effects'], 'CAMERA_3': []}",C_QUESTION_ABOUT_FEATURE,CAMERA_2,effects,does it have any effect modes,S_ANSWERS_QUESTION_ABOUT_FEATURE,CAMERA_2,effects,"This one has 13 artistic effect modes (e.g. toy camera, soft focus).",13~67
892,7,CAMERA_2,['CAMERA_2'],"{'CAMERA_1': [], 'CAMERA_2': ['resolution', 'price', 'effects', 'color'], 'CAMERA_3': []}",C_SILENT_OR_BACKCHANNEL,CAMERA_2,NONE,okay,S_INTRODUCES_FEATURE,CAMERA_2,color,"This one comes in white, silver, black.",18~38
892,8,CAMERA_1,"['CAMERA_2', 'CAMERA_1']","{'CAMERA_1': [], 'CAMERA_2': ['resolution', 'price', 'effects', 'color'], 'CAMERA_3': []}",C_ANYTHING_ELSE_AVAILABLE,CAMERA_2,NONE,ok do you have any other cameras,S_INTRODUCES_CAMERA,CAMERA_1,,Let me show you this. Here we have the Nikon Coolpix S2800.,39~58
892,9,CAMERA_1,"['CAMERA_2', 'CAMERA_1']","{'CAMERA_1': ['camera_type'], 'CAMERA_2': ['resolution', 'price', 'effects', 'color'], 'CAMERA_3': []}",C_QUESTION_ABOUT_FEATURE,CAMERA_1,camera_type,what kind of camera is this,S_ANSWERS_QUESTION_ABOUT_FEATURE,CAMERA_1,camera_type,This is a point and shoot camera.,10~25
892,10,NONE,"['CAMERA_2', 'CAMERA_1']","{'CAMERA_1': ['camera_type'], 'CAMERA_2': ['resolution', 'price', 'effects', 'color'], 'CAMERA_3': []}",C_THANK_YOU,CAMERA_1,NONE,thank you for your help,S_THANK_YOU,CAMERA_1,NONE,thank you very much,
892,11,NONE,"['CAMERA_2', 'CAMERA_1']","{'CAMERA_1': ['camera_type'], 'CAMERA_2': ['resolution', 'price', 'effects', 'color'], 'CAMERA_3': []}",C_LEAVES,DOOR,NONE,,S_RETURNS_TO_COUNTER,SERVICE_COUNTER,NONE,,
893,1,NONE,[],"{'CAMERA_1': [], 'CAMERA_2': [], 'CAMERA_3': []}",C_ENTERS,DOOR,NONE,,S_NONE,SERVICE_COUNTER,NONE,,
893,2,NONE,[],"{'CAMERA_1': [], 'CAMERA_2': [], 'CAMERA_3': []}",C_WALKS_TO_CAMERA,CAMERA_3,NONE,,S_GREETS,CAMERA_3,NONE,can I help you?,
893,3,CAMERA_1,['CAMERA_1'],"{'CAMERA_1': [], 'CAMERA_2': [], 'CAMERA_3': []}",C_LOOKING_FOR_A_CAMERA,CAMERA_3,NONE,I'm looking for a camera,S_INTRODUCES_CAMERA,CAMERA_1,,Let me show you this. Here we have the Nikon Coolpix S2800.,39~58
893,4,CAMERA_1,['CAMERA_1'],"{'CAMERA_1': ['price'], 'CAMERA_2': [], 'CAMERA_3': []}",C_QUESTION_ABOUT_FEATURE,CAMERA_1,price,how much does it cost,S_ANSWERS_QUESTION_ABOUT_FEATURE,CAMERA_1,price,This one costs $2173.,15~20
893,5,CAMERA_2,"['CAMERA_1', 'CAMERA_2']","{'CAMERA_1': ['price'], 'CAMERA_2': [], 'CAMERA_3': []}",C_ANYTHING_ELSE_AVAILABLE,CAMERA_1,NONE,ok do you have any other cameras,S_INTRODUCES_CAMERA,CAMERA_2,,Let me show you this. Here we have the Sony Alpha a6000.,39~55
893,6,CAMERA_2,"['CAMERA_1', 'CAMERA_2']","{'CAMERA_1': ['price'], 'CAMERA_2': ['optical_zoom'], 'CAMERA_3': []}",C_QUESTION_ABOUT_FEATURE,CAMERA_2,optical_zoom,does it have optical zoom,S_NOT_SURE,CAMERA_2,,I'm not really sure about that,
893,7,CAMERA_2,"['CAMERA_1', 'CAMERA_2']","{'CAMERA_1': ['price'], 'CAMERA_2': ['optical_zoom', 'resolution'], 'CAMERA_3': []}",C_QUESTION_ABOUT_FEATURE,CAMERA_2,resolution,what is the resolution,S_NOT_SURE,CAMERA_2,,I'm not really sure about that,
893,8,CAMERA_2,"['CAMERA_1', 'CAMERA_2']","{'CAMERA_1': ['price'], 'CAMERA_2': ['optical_zoom', 'resolution', 'long_exposure'], 'CAMERA_3': []}",C_SILENT_OR_BACKCHANNEL,CAMERA_2,NONE,I see,S_INTRODUCES_FEATURE,CAMERA_2,long_exposure,This one can take long exposures up to up to 30 seconds.,39~55
893,9,CAMERA_2,"['CAMERA_1', 'CAMERA_2']","{'CAMERA_1': ['price'], 'CAMERA_2': ['optical_zoom', 'resolution', 'long_exposure', 'ISO'], 'CAMERA_3': []}",C_SILENT_OR_BACKCHANNEL,CAMERA_2,NONE,okay,S_INTRODUCES_FEATURE,CAMERA_2,ISO,This one has up to 3200 ISO with little noise.,13~45
893,10,CAMERA_3,"['CAMERA_1', 'CAMERA_2', 'CAMERA_3']","{'CAMERA_1': ['price'], 'CAMERA_2': ['optical_zoom', 'resolution', 'long_exposure', 'ISO'], 'CAMERA_3': []}",C_ANYTHING_ELSE_AVAILABLE,CAMERA_2,NONE,ok do you have any other cameras,S_INTRODUCES_CAMERA,CAMERA_3,,Let me show you this. Here we have the Canon EOS 5D Mark III.,39~60
893,11,CAMERA_3,"['CAMERA_1', 'CAMERA_2', 'CAMERA_3']","{'CAMERA_1': ['price'], 'CAMERA_2': ['optical_zoom', 'resolution', 'long_exposure', 'ISO'], 'CAMERA_3': ['effects']}",C_QUESTION_ABOUT_FEATURE,CAMERA_3,effects,does it have any effect modes,S_NOT_SURE,CAMERA_3,,I'm not really sure about that,
893,12,CAMERA_3,"['CAMERA_1', 'CAMERA_2', 'CAMERA_3']","{'CAMERA_1': ['price'], 'CAMERA_2': ['optical_zoom', 'resolution', 'long_exposure', 'ISO'], 'CAMERA_3': ['effects', 'price']}",C_QUESTION_ABOUT_FEATURE,CAMERA_3,price,how much does it cost,S_ANSWERS_QUESTION_ABOUT_FEATURE,CAMERA_3,price,This one costs $3706.,15~20
893,13,CAMERA_3,"['CAMERA_1', 'CAMERA_2', 'CAMERA_3']","{'CAMERA_1': ['price'], 'CAMERA_2': ['optical_zoom', 'resolution', 'long_exposure', 'ISO'], 'CAMERA_3': ['effects', 'price', 'settings']}",C_QUESTION_ABOUT_FEATURE,CAMERA_3,settings,what kind of settings does it have,S_ANSWERS_QUESTION_ABOUT_FEATURE,CAMERA_3,settings,This one has full manual control.,13~32
893,14,CAMERA_3,"['CAMERA_1', 'CAMERA_2', 'CAMERA_3']","{'CAMERA_1': ['price'], 'CAMERA_2': ['optical_zoom', 'resolution', 'long_exposure', 'ISO'], 'CAMERA_3': ['effects', 'price', 'settings', 'weight']}",C_QUESTION_ABOUT_FEATURE,CAMERA_3,weight,how much does this one weigh,S_ANSWERS_QUESTION_ABOUT_FEATURE,CAMERA_3,weight,This one weighs 950 grams (only body).,16~37
893,15,CAMERA_3,"['CAMERA_1', 'CAMERA_2', 'CAMERA_3']","{'CAMERA_1': ['price'], 'CAMERA_2': ['optical_zoom', 'resolution', 'long_exposure', 'ISO'], 'CAMERA_3': ['effects', 'price', 'settings', 'weight', 'long_exposure']}",C_SILENT_OR_BACKCHANNEL,CAMERA_3,NONE,I see,S_INTRODUCES_FEATURE,CAMERA_3,long_exposure,"This one can take long exposures up to up to 30 seconds, bulb mode: expose as long as you want.",39~94
893,16,CAMERA_3,"['CAMERA_1', 'CAMERA_2', 'CAMERA_3']","{'CAMERA_1': ['price'], 'CAMERA_2': ['optical_zoom', 'resolution', 'long_exposure', 'ISO'], 'CAMERA_3': ['effects', 'price', 'settings', 'weight', 'long_exposure', 'sensor_size']}",C_SILENT_OR_BACKCHANNEL,CAMERA_3,NONE,I see,S_INTRODUCES_FEATURE,CAMERA_3,sensor_size,This one has a full frame.,15~25
893,17,CAMERA_3,"['CAMERA_1', 'CAMERA_2', 'CAMERA_3']","{'CAMERA_1': ['price'], 'CAMERA_2': ['optical_zoom', 'resolution', 'long_exposure', 'ISO'], 'CAMERA_3': ['effects', 'price', 'settings', 'weight', 'long_exposure', 'sensor_size', 'color']}",C_SILENT_OR_BACKCHANNEL,CAMERA_3,NONE,alright,S_INTRODUCES_FEATURE,CAMERA_3,color,This one comes in black.,18~23
893,18,CAMERA_3,"['CAMERA_1', 'CAMERA_2', 'CAMERA_3']","{'CAMERA_1': ['price'], 'CAMERA_2': ['optical_zoom', 'resolution', 'long_exposure', 'ISO'], 'CAMERA_3': ['effects', 'price', 'settings', 'weight', 'long_exposure', 'sensor_size', 'color', 'autofocus_points']}",C_QUESTION_ABOUT_FEATURE,CAMERA_3,autofocus_points,how many autofocus points does it have,S_ANSWERS_QUESTION_ABOUT_FEATURE,CAMERA_3,autofocus_points,This one has 61 autofocus points.,13~32
893,19,,"['CAMERA_1', 'CAMERA_2', 'CAMERA_3']","{'CAMERA_1': ['price'], 'CAMERA_2': ['optical_zoom', 'resolution', 'long_exposure', 'ISO'], 'CAMERA_3': ['effects', 'price', 'settings', 'weight', 'long_exposure', 'sensor_size', 'color', 'autofocus_points']}",C_ANYTHING_ELSE_AVAILABLE,CAMERA_3,NONE,ok do you have any other cameras,S_THATS_ALL_WE_HAVE_AVAILABLE,CAMERA_3,,That’s all we have available at the moment.,
893,20,NONE,"['CAMERA_1', 'CAMERA_2', 'CAMERA_3']","{'CAMERA_1': ['price'], 'CAMERA_2': ['optical_zoom', 'resolution', 'long_exposure', 'ISO'], 'CAMERA_3': ['effects', 'price', 'settings', 'weight', 'long_exposure', 'sensor_size', 'color', 'autofocus_points']}",C_THANK_YOU,CAMERA_3,NONE,thank you for your help,S_THANK_YOU,CAMERA_3,NONE,thank you very much,
893,21,NONE,"['CAMERA_1', 'CAMERA_2', 'CAMERA_3']","{'CAMERA_1': ['price'], 'CAMERA_2': ['optical_zoom', 'resolution', 'long_exposure', 'ISO'], 'CAMERA_3': ['effects', 'price', 'settings', 'weight', 'long_exposure', 'sensor_size', 'color', 'autofocus_points']}",C_LEAVES,DOOR,NONE,,S_RETURNS_TO_COUNTER,SERVICE_COUNTER,NONE,,
894,1,NONE,[],"{'CAMERA_1': [], 'CAMERA_2': [], 'CAMERA_3': []}",C_ENTERS,DOOR,NONE,,S_NONE,SERVICE_COUNTER,NONE,,
894,2,NONE,[],"{'CAMERA_1': [], 'CAMERA_2': [], 'CAMERA_3': []}",C_WALKS_TO_CAMERA,CAMERA_3,NONE,,S_GREETS,CAMERA_3,NONE,can I help you?,
894,3,CAMERA_1,['CAMERA_1'],"{'CAMERA_1': [], 'CAMERA_2': [], 'CAMERA_3': []}",C_LOOKING_FOR_A_CAMERA,CAMERA_3,NONE,I'm looking for a camera,S_INTRODUCES_CAMERA,CAMERA_1,,Let me show you this. Here we have the Nikon Coolpix S2800.,39~58
894,4,CAMERA_1,['CAMERA_1'],"{'CAMERA_1': ['sensor_size'], 'CAMERA_2': [], 'CAMERA_3': []}",C_QUESTION_ABOUT_FEATURE,CAMERA_1,sensor_size,what is the sensor size,S_NOT_SURE,CAMERA_1,,I'm not really sure about that,
894,5,CAMERA_1,['CAMERA_1'],"{'CAMERA_1': ['sensor_size', 'preset_modes'], 'CAMERA_2': [], 'CAMERA_3': []}",C_SILENT_OR_BACKCHANNEL,CAMERA_1,NONE,I see,S_INTRODUCES_FEATURE,CAMERA_1,preset_modes,"This one has 18 preset modes (e.g. beach, snow, night portrait).",13~63
894,6,NONE,['CAMERA_1'],"{'CAMERA_1': ['sensor_size', 'preset_modes'], 'CAMERA_2': [], 'CAMERA_3': []}",C_THANK_YOU,CAMERA_1,NONE,thank you for your help,S_THANK_YOU,CAMERA_1,NONE,thank you very much,
894,7,NONE,['CAMERA_1'],"{'CAMERA_1': ['sensor_size', 'preset_modes'], 'CAMERA_2': [], 'CAMERA_3': []}",C_LEAVES,DOOR,NONE,,S_RETURNS_TO_COUNTER,SERVICE_COUNTER,NONE,,
895,1,NONE,[],"{'CAMERA_1': [], 'CAMERA_2': [], 'CAMERA_3': []}",C_ENTERS,DOOR,NONE,,S_NONE,SERVICE_COUNTER,NONE,,
895,2,NONE,[],"{'CAMERA_1': [], 'CAMERA_2': [], 'CAMERA_3': []}",C_WALKS_TO_CAMERA,CAMERA_1,NONE,,S_GREETS,CAMERA_1,NONE,can I help you?,
895,3,CAMERA_1,['CAMERA_1'],"{'CAMERA_1': [], 'CAMERA_2': [], 'CAMERA_3': []}",C_LOOKING_FOR_A_CAMERA,CAMERA_1,NONE,I'm looking for a camera,S_INTRODUCES_CAMERA,CAMERA_1,,Let me show you this. Here we have the Nikon Coolpix S2800.,39~58
895,4,CAMERA_1,['CAMERA_1'],"{'CAMERA_1': ['price'], 'CAMERA_2': [], 'CAMERA_3': []}",C_SILENT_OR_BACKCHANNEL,CAMERA_1,NONE,alright,S_INTRODUCES_FEATURE,CAMERA_1,price,This one costs $2173.,15~20
895,5,CAMERA_1,['CAMERA_1'],"{'CAMERA_1': ['price', 'preset_modes'], 'CAMERA_2': [], 'CAMERA_3': []}",C_SILENT_OR_BACKCHANNEL,CAMERA_1,NONE,I see,S_INTRODUCES_FEATURE,CAMERA_1,preset_modes,"This one has 18 preset modes (e.g. beach, snow, night portrait).",13~63
895,6,CAMERA_1,['CAMERA_1'],"{'CAMERA_1': ['price', 'preset_modes', 'resolution'], 'CAMERA_2': [], 'CAMERA_3': []}",C_SILENT_OR_BACKCHANNEL,CAMERA_1,NONE,okay,S_INTRODUCES_FEATURE,CAMERA_1,resolution,This one has 20.1 megapixels resolution.,13~28
895,7,NONE,['CAMERA_1'],"{'CAMERA_1': ['price', 'preset_modes', 'resolution'], 'CAMERA_2': [], 'CAMERA_3': []}",C_THANK_YOU,CAMERA_1,NONE,thank you for your help,S_THANK_YOU,CAMERA_1,NONE,thank you very much,
895,8,NONE,['CAMERA_1'],"{'CAMERA_1': ['price', 'preset_modes', 'resolution'], 'CAMERA_2': [], 'CAMERA_3': []}",C_LEAVES,DOOR,NONE,,S_RETURNS_TO_COUNTER,SERVICE_COUNTER,NONE,,
896,1,NONE,[],"{'CAMERA_1': [], 'CAMERA_2': [], 'CAMERA_3': []}",C_ENTERS,DOOR,NONE,,S_NONE,SERVICE_COUNTER,NONE,,
896,2,NONE,[],"{'CAMERA_1': [], 'CAMERA_2': [], 'CAMERA_3': []}",C_GREETS,MIDDLE,NONE,hello,S_GREETS,MIDDLE,NONE,can I help you?,
896,3,CAMERA_2,['CAMERA_2'],"{'CAMERA_1': [], 'CAMERA_2': [], 'CAMERA_3': []}",C_LOOKING_FOR_A_CAMERA,MIDDLE,NONE,I'm looking for a camera,S_INTRODUCES_CAMERA,CAMERA_2,,Let me show you this. Here we have the Sony Alpha a6000.,39~55
896,4,CAMERA_2,['CAMERA_2'],"{'CAMERA_1': [], 'CAMERA_2': ['ISO'], 'CAMERA_3': []}",C_QUESTION_ABOUT_FEATURE,CAMERA_2,ISO,what is the ISO,S_ANSWERS_QUESTION_ABOUT_FEATURE,CAMERA_2,ISO,This one has up to 3200 ISO with little noise.,13~45
896,5,CAMERA_2,['CAMERA_2'],"{'CAMERA_1': [], 'CAMERA_2': ['ISO', 'effects'], 'CAMERA_3': []}",C_QUESTION_ABOUT_FEATURE,CAMERA_2,effects,does it have any effect modes,S_ANSWERS_QUESTION_ABOUT_FEATURE,CAMERA_2,effects,"This one has 13 artistic effect modes (e.g. toy camera, soft focus).",13~67
896,6,CAMERA_2,['CAMERA_2'],"{'CAMERA_1': [], 'CAMERA_2': ['ISO', 'effects', 'price'], 'CAMERA_3': []}",C_SILENT_OR_BACKCHANNEL,CAMERA_2,NONE,alright,S_INTRODUCES_FEATURE,CAMERA_2,price,This one costs $1341.,15~20
896,7,CAMERA_1,"['CAMERA_2', 'CAMERA_1']","{'CAMERA_1': [], 'CAMERA_2': ['ISO', 'effects', 'price'], 'CAMERA_3': []}",C_ANYTHING_ELSE_AVAILABLE,CAMERA_2,NONE,ok do you have any other cameras,S_INTRODUCES_CAMERA,CAMERA_1,,Let me show you this. Here we have the Nikon Coolpix S2800.,39~58
896,8,CAMERA_1,"['CAMERA_2', 'CAMERA_1']","{'CAMERA_1': ['preset_modes'], 'CAMERA_2': ['ISO', 'effects', 'price'], 'CAMERA_3': []}",C_SILENT_OR_BACKCHANNEL,CAMERA_1,NONE,alright,S_INTRODUCES_FEATURE,CAMERA_1,preset_modes,"This one has 18 preset modes (e.g. beach, snow, night portrait).",13~63
896,9,CAMERA_1,"['CAMERA_2', 'CAMERA_1']","{'CAMERA_1': ['preset_modes', 'camera_type'], 'CAMERA_2': ['ISO', 'effects', 'price'], 'CAMERA_3': []}",C_QUESTION_ABOUT_FEATURE,CAMERA_1,camera_type,what kind of camera is this,S_ANSWERS_QUESTION_ABOUT_FEATURE,CAMERA_1,camera_type,This is a point and shoot camera.,10~25
896,10,CAMERA_1,"['CAMERA_2', 'CAMERA_1']","{'CAMERA_1': ['preset_modes', 'camera_type', 'sensor_size'], 'CAMERA_2': ['ISO', 'effects', 'price'], 'CAMERA_3': []}",C_QUESTION_ABOUT_FEATURE,CAMERA_1,sensor_size,what is the sensor size,S_NOT_SURE,CAMERA_1,,I'm not really sure about that,
896,11,CAMERA_1,"['CAMERA_2', 'CAMERA_1']","{'CAMERA_1': ['preset_modes', 'camera_type', 'sensor_size', 'weight'], 'CAMERA_2': ['ISO', 'effects', 'price'], 'CAMERA_3': []}",C_QUESTION_ABOUT_FEATURE,CAMERA_1,weight,how much does this one weigh,S_ANSWERS_QUESTION_ABOUT_FEATURE,CAMERA_1,weight,This one weighs 120 grams.,16~25
896,12,CAMERA_1,"['CAMERA_2', 'CAMERA_1']","{'CAMERA_1': ['preset_modes', 'camera_type', 'sensor_size', 'weight', 'optical_zoom'], 'CAMERA_2': ['ISO', 'effects', 'price'], 'CAMERA_3': []}",C_QUESTION_ABOUT_FEATURE,CAMERA_1,optical_zoom,does it have optical zoom,S_ANSWERS_QUESTION_ABOUT_FEATURE,CAMERA_1,optical_zoom,This one has 5x optical zoom.,13~28
896,13,CAMERA_3,"['CAMERA_2', 'CAMERA_1', 'CAMERA_3']","{'CAMERA_1': ['preset_modes', 'camera_type', 'sensor_size', 'weight', 'optical_zoom'], 'CAMERA_2': ['ISO', 'effects', 'price'], 'CAMERA_3': []}",C_ANYTHING_ELSE_AVAILABLE,CAMERA_1,NONE,ok do you have any other cameras,S_INTRODUCES_CAMERA,CAMERA_3,,Let me show you this. Here we have the Canon EOS 5D Mark III.,39~60
896,14,CAMERA_3,"['CAMERA_2', 'CAMERA_1', 'CAMERA_3']","{'CAMERA_1': ['preset_modes', 'camera_type', 'sensor_size', 'weight', 'optical_zoom'], 'CAMERA_2': ['ISO', 'effects', 'price'], 'CAMERA_3': ['settings']}",C_QUESTION_ABOUT_FEATURE,CAMERA_3,settings,what kind of settings does it have,S_ANSWERS_QUESTION_ABOUT_FEATURE,CAMERA_3,settings,This one has full manual control.,13~32
896,15,CAMERA_3,"['CAMERA_2', 'CAMERA_1', 'CAMERA_3']","{'CAMERA_1': ['preset_modes', 'camera_type', 'sensor_size', 'weight', 'optical_zoom'], 'CAMERA_2': ['ISO', 'effects', 'price'], 'CAMERA_3': ['settings', 'price']}",C_QUESTION_ABOUT_FEATURE,CAMERA_3,price,how much does it cost,S_ANSWERS_QUESTION_ABOUT_FEATURE,CAMERA_3,price,This one costs $3706.,15~20
896,16,,"['CAMERA_2', 'CAMERA_1', 'CAMERA_3']","{'CAMERA_1': ['preset_modes', 'camera_type', 'sensor_size', 'weight', 'optical_zoom'], 'CAMERA_2': ['ISO', 'effects', 'price'], 'CAMERA_3': ['settings', 'price']}",C_ANYTHING_ELSE_AVAILABLE,CAMERA_3,NONE,ok do you have any other cameras,S_THATS_ALL_WE_HAVE_AVAILABLE,CAMERA_3,,That’s all we have available at the moment.,
896,17,NONE,"['CAMERA_2', 'CAMERA_1', 'CAMERA_3']","{'CAMERA_1': ['preset_modes', 'camera_type', 'sensor_size', 'weight', 'optical_zoom'], 'CAMERA_2': ['ISO', 'effects', 'price'], 'CAMERA_3': ['settings', 'price']}",C_THANK_YOU,CAMERA_3,NONE,thank you for your help,S_THANK_YOU,CAMERA_3,NONE,thank you very much,
896,18,NONE,"['CAMERA_2', 'CAMERA_1', 'CAMERA_3']","{'CAMERA_1': ['preset_modes', 'camera_type', 'sensor_size', 'weight', 'optical_zoom'], 'CAMERA_2': ['ISO', 'effects', 'price'], 'CAMERA_3': ['settings', 'price']}",C_LEAVES,DOOR,NONE,,S_RETURNS_TO_COUNTER,SERVICE_COUNTER,NONE,,
897,1,NONE,[],"{'CAMERA_1': [], 'CAMERA_2': [], 'CAMERA_3': []}",C_ENTERS,DOOR,NONE,,S_NONE,SERVICE_COUNTER,NONE,,
897,2,NONE,[],"{'CAMERA_1': [], 'CAMERA_2': [], 'CAMERA_3': []}",C_WALKS_TO_CAMERA,CAMERA_2,NONE,,S_NONE,SERVICE_COUNTER,NONE,,
897,3,NONE,[],"{'CAMERA_1': [], 'CAMERA_2': [], 'CAMERA_3': []}",C_EXAMINES_CAMERA,CAMERA_2,NONE,,S_GREETS,CAMERA_2,NONE,can I help you?,
897,4,CAMERA_2,['CAMERA_2'],"{'CAMERA_1': [], 'CAMERA_2': [], 'CAMERA_3': []}",C_LOOKING_FOR_A_CAMERA,CAMERA_2,NONE,I'm looking for a camera,S_INTRODUCES_CAMERA,CAMERA_2,,Let me show you this. Here we have the Sony Alpha a6000.,39~55
897,5,CAMERA_2,['CAMERA_2'],"{'CAMERA_1': [], 'CAMERA_2': ['long_exposure'], 'CAMERA_3': []}",C_QUESTION_ABOUT_FEATURE,CAMERA_2,long_exposure,can it take long exposure shots,S_ANSWERS_QUESTION_ABOUT_FEATURE,CAMERA_2,long_exposure,This one can take long exposures up to up to 30 seconds.,39~55
897,6,CAMERA_2,['CAMERA_2'],"{'CAMERA_1': [], 'CAMERA_2': ['long_exposure', 'effects'], 'CAMERA_3': []}",C_QUESTION_ABOUT_FEATURE,CAMERA_2,effects,does it have any effect modes,S_ANSWERS_QUESTION_ABOUT_FEATURE,CAMERA_2,effects,"This one has 13 artistic effect modes (e.g. toy camera, soft focus).",13~67
897,7,CAMERA_2,['CAMERA_2'],"{'CAMERA_1': [], 'CAMERA_2': ['long_exposure', 'effects', 'weight'], 'CAMERA_3': []}",C_QUESTION_ABOUT_FEATURE,CAMERA_2,weight,how much does this one weigh,S_ANSWERS_QUESTION_ABOUT_FEATURE,CAMERA_2,weight,This one weighs 470 grams.,16~25
897,8,CAMERA_2,['CAMERA_2'],"{'CAMERA_1': [], 'CAMERA_2': ['long_exposure', 'effects', 'weight', 'ISO'], 'CAMERA_3': []}",C_QUESTION_ABOUT_FEATURE,CAMERA_2,ISO,what is the ISO,S_ANSWERS_QUESTION_ABOUT_FEATURE,CAMERA_2,ISO,This one has up to 3200 ISO with little noise.,13~45
897,9,CAMERA_2,['CAMERA_2'],"{'CAMERA_1': [], 'CAMERA_2': ['long_exposure', 'effects', 'weight', 'ISO', 'autofocus_points'], 'CAMERA_3': []}",C_QUESTION_ABOUT_FEATURE,CAMERA_2,autofocus_points,how many autofocus points does it have,S_ANSWERS_QUESTION_ABOUT_FEATURE,CAMERA_2,autofocus_points,This one has 179 autofocus points.,13~33
897,10,CAMERA_2,['CAMERA_2'],"{'CAMERA_1': [], 'CAMERA_2': ['long_exposure', 'effects', 'weight', 'ISO', 'autofocus_points', 'preset_modes'], 'CAMERA_3': []}",C_QUESTION_ABOUT_FEATURE,CAMERA_2,preset_modes,does it have preset modes,S_ANSWERS_QUESTION_ABOUT_FEATURE,CAMERA_2,preset_modes,"This one has 9 preset modes (e.g. beach, snow, night, portrait).",13~63
897,11,CAMERA_2,['CAMERA_2'],"{'CAMERA_1': [], 'CAMERA_2': ['long_exposure', 'effects', 'weight', 'ISO', 'autofocus_points', 'preset_modes', 'resolution'], 'CAMERA_3': []}",C_QUESTION_ABOUT_FEATURE,CAMERA_2,resolution,what is the resolution,S_NOT_SURE,CAMERA_2,,I'm not really sure about that,
897,12,CAMERA_2,['CAMERA_2'],"{'CAMERA_1': [], 'CAMERA_2': ['long_exposure', 'effects', 'weight', 'ISO', 'autofocus_points', 'preset_modes', 'resolution', 'price'], 'CAMERA_3': []}",C_QUESTION_ABOUT_FEATURE,CAMERA_2,price,how much does it cost,S_ANSWERS_QUESTION_ABOUT_FEATURE,CAMERA_2,price,This one costs $1341.,15~20
897,13,NONE,['CAMERA_2'],"{'CAMERA_1': [], 'CAMERA_2': ['long_exposure', 'effects', 'weight', 'ISO', 'autofocus_points', 'preset_modes', 'resolution', 'price'], 'CAMERA_3': []}",C_THANK_YOU,CAMERA_2,NONE,thank you for your help,S_THANK_YOU,CAMERA_2,NONE,thank you very much,
897,14,NONE,['CAMERA_2'],"{'CAMERA_1': [], 'CAMERA_2': ['long_exposure', 'effects', 'weight', 'ISO', 'autofocus_points', 'preset_modes', 'resolution', 'price'], 'CAMERA_3': []}",C_LEAVES,DOOR,NONE,,S_RETURNS_TO_COUNTER,SERVICE_COUNTER,NONE,,
898,1,NONE,[],"{'CAMERA_1': [], 'CAMERA_2': [], 'CAMERA_3': []}",C_ENTERS,DOOR,NONE,,S_NONE,SERVICE_COUNTER,NONE,,
898,2,NONE,[],"{'CAMERA_1': [], 'CAMERA_2': [], 'CAMERA_3': []}",C_WALKS_TO_CAMERA,CAMERA_2,NONE,,S_GREETS,CAMERA_2,NONE,can I help you?,
898,3,CAMERA_2,['CAMERA_2'],"{'CAMERA_1': [], 'CAMERA_2': [], 'CAMERA_3': []}",C_LOOKING_FOR_A_CAMERA,CAMERA_2,NONE,I'm looking for a camera,S_INTRODUCES_CAMERA,CAMERA_2,,Let me show you this. Here we have the Sony Alpha a6000.,39~55
898,4,CAMERA_2,['CAMERA_2'],"{'CAMERA_1': [], 'CAMERA_2': ['effects'], 'CAMERA_3': []}",C_QUESTION_ABOUT_FEATURE,CAMERA_2,effects,does it have any effect modes,S_ANSWERS_QUESTION_ABOUT_FEATURE,CAMERA_2,effects,"This one has 13 artistic effect modes (e.g. toy camera, soft focus).",13~67
898,5,CAMERA_2,['CAMERA_2'],"{'CAMERA_1': [], 'CAMERA_2': ['effects', 'optical_zoom'], 'CAMERA_3': []}",C_QUESTION_ABOUT_FEATURE,CAMERA_2,optical_zoom,does it have optical zoom,S_NOT_SURE,CAMERA_2,,I'm not really sure about that,
898,6,CAMERA_2,['CAMERA_2'],"{'CAMERA_1': [], 'CAMERA_2': ['effects', 'optical_zoom', 'settings'], 'CAMERA_3': []}",C_SILENT_OR_BACKCHANNEL,CAMERA_2,NONE,okay,S_INTRODUCES_FEATURE,CAMERA_2,settings,This one has full manual control.,13~32
898,7,NONE,['CAMERA_2'],"{'CAMERA_1': [], 'CAMERA_2': ['effects', 'optical_zoom', 'settings'], 'CAMERA_3': []}",C_THANK_YOU,CAMERA_2,NONE,thank you for your help,S_THANK_YOU,CAMERA_2,NONE,thank you very much,
898,8,NONE,['CAMERA_2'],"{'CAMERA_1': [], 'CAMERA_2': ['effects', 'optical_zoom', 'settings'], 'CAMERA_3': []}",C_LEAVES,DOOR,NONE,,S_RETURNS_TO_COUNTER,SERVICE_COUNTER,NONE,,
899,1,NONE,[],"{'CAMERA_1': [], 'CAMERA_2': [], 'CAMERA_3': []}",C_ENTERS,DOOR,NONE,,S_NONE,SERVICE_COUNTER,NONE,,
899,2,NONE,[],"{'CAMERA_1': [], 'CAMERA_2': [], 'CAMERA_3': []}",C_GREETS,MIDDLE,NONE,hello,S_GREETS,MIDDLE,NONE,can I help you?,
899,3,CAMERA_2,['CAMERA_2'],"{'CAMERA_1': [], 'CAMERA_2': [], 'CAMERA_3': []}",C_LOOKING_FOR_A_CAMERA,MIDDLE,NONE,I'm looking for a camera,S_INTRODUCES_CAMERA,CAMERA_2,,Let me show you this. Here we have the Sony Alpha a6000.,39~55
899,4,CAMERA_2,['CAMERA_2'],"{'CAMERA_1': [], 'CAMERA_2': ['settings'], 'CAMERA_3': []}",C_QUESTION_ABOUT_FEATURE,CAMERA_2,settings,what kind of settings does it have,S_ANSWERS_QUESTION_ABOUT_FEATURE,CAMERA_2,settings,This one has full manual control.,13~32
899,5,CAMERA_2,['CAMERA_2'],"{'CAMERA_1': [], 'CAMERA_2': ['settings', 'color'], 'CAMERA_3': []}",C_QUESTION_ABOUT_FEATURE,CAMERA_2,color,what colors does this one come in,S_ANSWERS_QUESTION_ABOUT_FEATURE,CAMERA_2,color,"This one comes in white, silver, black.",18~38
899,6,CAMERA_2,['CAMERA_2'],"{'CAMERA_1': [], 'CAMERA_2': ['settings', 'color', 'ISO'], 'CAMERA_3': []}",C_QUESTION_ABOUT_FEATURE,CAMERA_2,ISO,what is the ISO,S_ANSWERS_QUESTION_ABOUT_FEATURE,CAMERA_2,ISO,This one has up to 3200 ISO with little noise.,13~45
899,7,CAMERA_2,['CAMERA_2'],"{'CAMERA_1': [], 'CAMERA_2': ['settings', 'color', 'ISO', 'autofocus_points'], 'CAMERA_3': []}",C_SILENT_OR_BACKCHANNEL,CAMERA_2,NONE,alright,S_INTRODUCES_FEATURE,CAMERA_2,autofocus_points,This one has 179 autofocus points.,13~33
899,8,NONE,['CAMERA_2'],"{'CAMERA_1': [], 'CAMERA_2': ['settings', 'color', 'ISO', 'autofocus_points'], 'CAMERA_3': []}",C_THANK_YOU,CAMERA_2,NONE,thank you for your help,S_THANK_YOU,CAMERA_2,NONE,thank you very much,
899,9,NONE,['CAMERA_2'],"{'CAMERA_1': [], 'CAMERA_2': ['settings', 'color', 'ISO', 'autofocus_points'], 'CAMERA_3': []}",C_LEAVES,DOOR,NONE,,S_RETURNS_TO_COUNTER,SERVICE_COUNTER,NONE,,
900,1,NONE,[],"{'CAMERA_1': [], 'CAMERA_2': [], 'CAMERA_3': []}",C_ENTERS,DOOR,NONE,,S_NONE,SERVICE_COUNTER,NONE,,
900,2,NONE,[],"{'CAMERA_1': [], 'CAMERA_2': [], 'CAMERA_3': []}",C_WALKS_TO_CAMERA,CAMERA_1,NONE,,S_GREETS,CAMERA_1,NONE,can I help you?,
900,3,CAMERA_1,['CAMERA_1'],"{'CAMERA_1': [], 'CAMERA_2': [], 'CAMERA_3': []}",C_LOOKING_FOR_A_CAMERA,CAMERA_1,NONE,I'm looking for a camera,S_INTRODUCES_CAMERA,CAMERA_1,,Let me show you this. Here we have the Nikon Coolpix S2800.,39~58
900,4,CAMERA_1,['CAMERA_1'],"{'CAMERA_1': ['autofocus_points'], 'CAMERA_2': [], 'CAMERA_3': []}",C_QUESTION_ABOUT_FEATURE,CAMERA_1,autofocus_points,how many autofocus points does it have,S_NOT_SURE,CAMERA_1,,I'm not really sure about that,
900,5,CAMERA_1,['CAMERA_1'],"{'CAMERA_1': ['autofocus_points', 'optical_zoom'], 'CAMERA_2': [], 'CAMERA_3': []}",C_SILENT_OR_BACKCHANNEL,CAMERA_1,NONE,alright,S_INTRODUCES_FEATURE,CAMERA_1,optical_zoom,This one has 5x optical zoom.,13~28
900,6,CAMERA_1,['CAMERA_1'],"{'CAMERA_1': ['autofocus_points', 'optical_zoom', 'weight'], 'CAMERA_2': [], 'CAMERA_3': []}",C_QUESTION_ABOUT_FEATURE,CAMERA_1,weight,how much does this one weigh,S_ANSWERS_QUESTION_ABOUT_FEATURE,CAMERA_1,weight,This one weighs 120 grams.,16~25
900,7,CAMERA_1,['CAMERA_1'],"{'CAMERA_1': ['autofocus_points', 'optical_zoom', 'weight', 'resolution'], 'CAMERA_2': [], 'CAMERA_3': []}",C_SILENT_OR_BACKCHANNEL,CAMERA_1,NONE,I see,S_INTRODUCES_FEATURE,CAMERA_1,resolution,This one has 20.1 megapixels resolution.,13~28
900,8,CAMERA_1,['CAMERA_1'],"{'CAMERA_1': ['autofocus_points', 'optical_zoom', 'weight', 'resolution', 'preset_modes'], 'CAMERA_2': [], 'CAMERA_3': []}",C_QUESTION_ABOUT_FEATURE,CAMERA_1,preset_modes,does it have preset modes,S_ANSWERS_QUESTION_ABOUT_FEATURE,CAMERA_1,preset_modes,"This one has 18 preset modes (e.g. beach, snow, night portrait).",13~63
900,9,CAMERA_1,['CAMERA_1'],"{'CAMERA_1': ['autofocus_points', 'optical_zoom', 'weight', 'resolution', 'preset_modes', 'settings'], 'CAMERA_2': [], 'CAMERA_3': []}",C_QUESTION_ABOUT_FEATURE,CAMERA_1,settings,what kind of settings does it have,S_ANSWERS_QUESTION_ABOUT_FEATURE,CAMERA_1,settings,This one has limited manual settings.,13~36
900,10,CAMERA_1,['CAMERA_1'],"{'CAMERA_1': ['autofocus_points', 'optical_zoom', 'weight', 'resolution', 'preset_modes', 'settings', 'camera_type'], 'CAMERA_2': [], 'CAMERA_3': []}",C_SILENT_OR_BACKCHANNEL,CAMERA_1,NONE,okay,S_INTRODUCES_FEATURE,CAMERA_1,camera_type,This is a point and shoot camera.,10~25
900,11,CAMERA_1,['CAMERA_1'],"{'CAMERA_1': ['autofocus_points', 'optical_zoom', 'weight', 'resolution', 'preset_modes', 'settings', 'camera_type', 'long_exposure'], 'CAMERA_2': [], 'CAMERA_3': []}",C_QUESTION_ABOUT_FEATURE,CAMERA_1,long_exposure,can it take long exposure shots,S_NOT_SURE,CAMERA_1,,I'm not really sure about that,
900,12,CAMERA_1,['CAMERA_1'],"{'CAMERA_1': ['autofocus_points', 'optical_zoom', 'weight', 'resolution', 'preset_modes', 'settings', 'camera_type', 'long_exposure', 'effects'], 'CAMERA_2': [], 'CAMERA_3': []}",C_QUESTION_ABOUT_FEATURE,CAMERA_1,effects,does it have any effect modes,S_ANSWERS_QUESTION_ABOUT_FEATURE,CAMERA_1,effects,"This one has 12 glamor retouch effects (e.g. skin softening, small face, big eyes).",13~82
900,13,CAMERA_1,['CAMERA_1'],"{'CAMERA_1': ['autofocus_points', 'optical_zoom', 'weight', 'resolution', 'preset_modes', 'settings', 'camera_type', 'long_exposure', 'effects', 'ISO'], 'CAMERA_2': [], 'CAMERA_3': []}",C_QUESTION_ABOUT_FEATURE,CAMERA_1,ISO,what is the ISO,S_NOT_SURE,CAMERA_1,,I'm not really sure about that,
900,14,CAMERA_3,"['CAMERA_1', 'CAMERA_3']","{'CAMERA_1': ['autofocus_points', 'optical_zoom', 'weight', 'resolution', 'preset_modes', 'settings', 'camera_type', 'long_exposure', 'effects', 'ISO'], 'CAMERA_2': [], 'CAMERA_3': []}",C_ANYTHING_ELSE_AVAILABLE,CAMERA_1,NONE,ok do you have any other cameras,S_INTRODUCES_CAMERA,CAMERA_3,,Let me show you this. Here we have the Canon EOS 5D Mark III.,39~60
900,15,CAMERA_3,"['CAMERA_1', 'CAMERA_3']","{'CAMERA_1': ['autofocus_points', 'optical_zoom', 'weight', 'resolution', 'preset_modes', 'settings', 'camera_type', 'long_exposure', 'effects', 'ISO'], 'CAMERA_2': [], 'CAMERA_3': ['weight']}",C_SILENT_OR_BACKCHANNEL,CAMERA_3,NONE,okay,S_INTRODUCES_FEATURE,CAMERA_3,weight,This one weighs 950 grams (only body).,16~37
900,16,CAMERA_2,"['CAMERA_1', 'CAMERA_3', 'CAMERA_2']","{'CAMERA_1': ['autofocus_points', 'optical_zoom', 'weight', 'resolution', 'preset_modes', 'settings', 'camera_type', 'long_exposure', 'effects', 'ISO'], 'CAMERA_2': [], 'CAMERA_3': ['weight']}",C_ANYTHING_ELSE_AVAILABLE,CAMERA_3,NONE,ok do you have any other cameras,S_INTRODUCES_CAMERA,CAMERA_2,,Let me show you this. Here we have the Sony Alpha a6000.,39~55
900,17,CAMERA_2,"['CAMERA_1', 'CAMERA_3', 'CAMERA_2']","{'CAMERA_1': ['autofocus_points', 'optical_zoom', 'weight', 'resolution', 'preset_modes', 'settings', 'camera_type', 'long_exposure', 'effects', 'ISO'], 'CAMERA_2': ['camera_type'], 'CAMERA_3': ['weight']}",C_QUESTION_ABOUT_FEATURE,CAMERA_2,camera_type,what kind of camera is this,S_ANSWERS_QUESTION_ABOUT_FEATURE,CAMERA_2,camera_type,This is a mirrorless camera.,10~20
900,18,CAMERA_2,"['CAMERA_1', 'CAMERA_3', 'CAMERA_2']","{'CAMERA_1': ['autofocus_points', 'optical_zoom', 'weight', 'resolution', 'preset_modes', 'settings', 'camera_type', 'long_exposure', 'effects', 'ISO'], 'CAMERA_2': ['camera_type', 'settings'], 'CAMERA_3': ['weight']}",C_QUESTION_ABOUT_FEATURE,CAMERA_2,settings,what kind of settings does it have,S_ANSWERS_QUESTION_ABOUT_FEATURE,CAMERA_2,settings,This one has full manual control.,13~32
900,19,CAMERA_2,"['CAMERA_1', 'CAMERA_3', 'CAMERA_2']","{'CAMERA_1': ['autofocus_points', 'optical_zoom', 'weight', 'resolution', 'preset_modes', 'settings', 'camera_type', 'long_exposure', 'effects', 'ISO'], 'CAMERA_2': ['camera_type', 'settings', 'long_exposure'], 'CAMERA_3': ['weight']}",C_SILENT_OR_BACKCHANNEL,CAMERA_2,NONE,okay,S_INTRODUCES_FEATURE,CAMERA_2,long_exposure,This one can take long exposures up to up to 30 seconds.,39~55
900,20,CAMERA_2,"['CAMERA_1', 'CAMERA_3', 'CAMERA_2']","{'CAMERA_1': ['autofocus_points', 'optical_zoom', 'weight', 'resolution', 'preset_modes', 'settings', 'camera_type', 'long_exposure', 'effects', 'ISO'], 'CAMERA_2': ['camera_type', 'settings', 'long_exposure', 'weight'], 'CAMERA_3': ['weight']}",C_QUESTION_ABOUT_FEATURE,CAMERA_2,weight,how much does this one weigh,S_ANSWERS_QUESTION_ABOUT_FEATURE,CAMERA_2,weight,This one weighs 470 grams.,16~25
900,21,CAMERA_2,"['CAMERA_1', 'CAMERA_3', 'CAMERA_2']","{'CAMERA_1': ['autofocus_points', 'optical_zoom', 'weight', 'resolution', 'preset_modes', 'settings', 'camera_type', 'long_exposure', 'effects', 'ISO'], 'CAMERA_2': ['camera_type', 'settings', 'long_exposure', 'weight', 'preset_modes'], 'CAMERA_3': ['weight']}",C_QUESTION_ABOUT_FEATURE,CAMERA_2,preset_modes,does it have preset modes,S_ANSWERS_QUESTION_ABOUT_FEATURE,CAMERA_2,preset_modes,"This one has 9 preset modes (e.g. beach, snow, night, portrait).",13~63
900,22,CAMERA_2,"['CAMERA_1', 'CAMERA_3', 'CAMERA_2']","{'CAMERA_1': ['autofocus_points', 'optical_zoom', 'weight', 'resolution', 'preset_modes', 'settings', 'camera_type', 'long_exposure', 'effects', 'ISO'], 'CAMERA_2': ['camera_type', 'settings', 'long_exposure', 'weight', 'preset_modes', 'color'], 'CAMERA_3': ['weight']}",C_SILENT_OR_BACKCHANNEL,CAMERA_2,NONE,alright,S_INTRODUCES_FEATURE,CAMERA_2,color,"This one comes in white, silver, black.",18~38
900,23,CAMERA_2,"['CAMERA_1', 'CAMERA_3', 'CAMERA_2']","{'CAMERA_1': ['autofocus_points', 'optical_zoom', 'weight', 'resolution', 'preset_modes', 'settings', 'camera_type', 'long_exposure', 'effects', 'ISO'], 'CAMERA_2': ['camera_type', 'settings', 'long_exposure', 'weight', 'preset_modes', 'color', 'ISO'], 'CAMERA_3': ['weight']}",C_QUESTION_ABOUT_FEATURE,CAMERA_2,ISO,what is the ISO,S_ANSWERS_QUESTION_ABOUT_FEATURE,CAMERA_2,ISO,This one has up to 3200 ISO with little noise.,13~45
900,24,CAMERA_2,"['CAMERA_1', 'CAMERA_3', 'CAMERA_2']","{'CAMERA_1': ['autofocus_points', 'optical_zoom', 'weight', 'resolution', 'preset_modes', 'settings', 'camera_type', 'long_exposure', 'effects', 'ISO'], 'CAMERA_2': ['camera_type', 'settings', 'long_exposure', 'weight', 'preset_modes', 'color', 'ISO', 'effects'], 'CAMERA_3': ['weight']}",C_QUESTION_ABOUT_FEATURE,CAMERA_2,effects,does it have any effect modes,S_ANSWERS_QUESTION_ABOUT_FEATURE,CAMERA_2,effects,"This one has 13 artistic effect modes (e.g. toy camera, soft focus).",13~67
900,25,CAMERA_2,"['CAMERA_1', 'CAMERA_3', 'CAMERA_2']","{'CAMERA_1': ['autofocus_points', 'optical_zoom', 'weight', 'resolution', 'preset_modes', 'settings', 'camera_type', 'long_exposure', 'effects', 'ISO'], 'CAMERA_2': ['camera_type', 'settings', 'long_exposure', 'weight', 'preset_modes', 'color', 'ISO', 'effects', 'autofocus_points'], 'CAMERA_3': ['weight']}",C_SILENT_OR_BACKCHANNEL,CAMERA_2,NONE,I see,S_INTRODUCES_FEATURE,CAMERA_2,autofocus_points,This one has 179 autofocus points.,13~33
900,26,CAMERA_2,"['CAMERA_1', 'CAMERA_3', 'CAMERA_2']","{'CAMERA_1': ['autofocus_points', 'optical_zoom', 'weight', 'resolution', 'preset_modes', 'settings', 'camera_type', 'long_exposure', 'effects', 'ISO'], 'CAMERA_2': ['camera_type', 'settings', 'long_exposure', 'weight', 'preset_modes', 'color', 'ISO', 'effects', 'autofocus_points', 'price'], 'CAMERA_3': ['weight']}",C_QUESTION_ABOUT_FEATURE,CAMERA_2,price,how much does it cost,S_ANSWERS_QUESTION_ABOUT_FEATURE,CAMERA_2,price,This one costs $1341.,15~20
900,27,CAMERA_2,"['CAMERA_1', 'CAMERA_3', 'CAMERA_2']","{'CAMERA_1': ['autofocus_points', 'optical_zoom', 'weight', 'resolution', 'preset_modes', 'settings', 'camera_type', 'long_exposure', 'effects', 'ISO'], 'CAMERA_2': ['camera_type', 'settings', 'long_exposure', 'weight', 'preset_modes', 'color', 'ISO', 'effects', 'autofocus_points', 'price', 'sensor_size'], 'CAMERA_3': ['weight']}",C_QUESTION_ABOUT_FEATURE,CAMERA_2,sensor_size,what is the sensor size,S_ANSWERS_QUESTION_ABOUT_FEATURE,CAMERA_2,sensor_size,This one has a APS-C sensor (crop sensor).,15~41
900,28,CAMERA_2,"['CAMERA_1', 'CAMERA_3', 'CAMERA_2']","{'CAMERA_1': ['autofocus_points', 'optical_zoom', 'weight', 'resolution', 'preset_modes', 'settings', 'camera_type', 'long_exposure', 'effects', 'ISO'], 'CAMERA_2': ['camera_type', 'settings', 'long_exposure', 'weight', 'preset_modes', 'color', 'ISO', 'effects', 'autofocus_points', 'price', 'sensor_size', 'weight'], 'CAMERA_3': ['weight']}",C_SILENT_OR_BACKCHANNEL,CAMERA_2,NONE,I see,S_INTRODUCES_FEATURE,CAMERA_2,weight,This one weighs 470 grams.,16~25
900,29,CAMERA_2,"['CAMERA_1', 'CAMERA_3', 'CAMERA_2']","{'CAMERA_1': ['autofocus_points', 'optical_zoom', 'weight', 'resolution', 'preset_modes', 'settings', 'camera_type', 'long_exposure', 'effects', 'ISO'], 'CAMERA_2': ['camera_type', 'settings', 'long_exposure', 'weight', 'preset_modes', 'color', 'ISO', 'effects', 'autofocus_points', 'price', 'sensor_size', 'weight', 'resolution'], 'CAMERA_3': ['weight']}",C_QUESTION_ABOUT_FEATURE,CAMERA_2,resolution,what is the resolution,S_NOT_SURE,CAMERA_2,,I'm not really sure about that,
900,30,CAMERA_2,"['CAMERA_1', 'CAMERA_3', 'CAMERA_2']","{'CAMERA_1': ['autofocus_points', 'optical_zoom', 'weight', 'resolution', 'preset_modes', 'settings', 'camera_type', 'long_exposure', 'effects', 'ISO'], 'CAMERA_2': ['camera_type', 'settings', 'long_exposure', 'weight', 'preset_modes', 'color', 'ISO', 'effects', 'autofocus_points', 'price', 'sensor_size', 'weight', 'resolution', 'optical_zoom'], 'CAMERA_3': ['weight']}",C_QUESTION_ABOUT_FEATURE,CAMERA_2,optical_zoom,does it have optical zoom,S_NOT_SURE,CAMERA_2,,I'm not really sure about that,
900,31,CAMERA_2,"['CAMERA_1', 'CAMERA_3', 'CAMERA_2']","{'CAMERA_1': ['autofocus_points', 'optical_zoom', 'weight', 'resolution', 'preset_modes', 'settings', 'camera_type', 'long_exposure', 'effects', 'ISO'], 'CAMERA_2': ['camera_type', 'settings', 'long_exposure', 'weight', 'preset_modes', 'color', 'ISO', 'effects', 'autofocus_points', 'price', 'sensor_size', 'weight', 'resolution', 'optical_zoom', 'effects'], 'CAMERA_3': ['weight']}",C_QUESTION_ABOUT_FEATURE,CAMERA_2,effects,does it have any effect modes,S_ANSWERS_QUESTION_ABOUT_FEATURE,CAMERA_2,effects,"This one has 13 artistic effect modes (e.g. toy camera, soft focus).",13~67
900,32,CAMERA_2,"['CAMERA_1', 'CAMERA_3', 'CAMERA_2']","{'CAMERA_1': ['autofocus_points', 'optical_zoom', 'weight', 'resolution', 'preset_modes', 'settings', 'camera_type', 'long_exposure', 'effects', 'ISO'], 'CAMERA_2': ['camera_type', 'settings', 'long_exposure', 'weight', 'preset_modes', 'color', 'ISO', 'effects', 'autofocus_points', 'price', 'sensor_size', 'weight', 'resolution', 'optical_zoom', 'effects', 'sensor_size'], 'CAMERA_3': ['weight']}",C_QUESTION_ABOUT_FEATURE,CAMERA_2,sensor_size,what is the sensor size,S_ANSWERS_QUESTION_ABOUT_FEATURE,CAMERA_2,sensor_size,This one has a APS-C sensor (crop sensor).,15~41
900,33,NONE,"['CAMERA_1', 'CAMERA_3', 'CAMERA_2']","{'CAMERA_1': ['autofocus_points', 'optical_zoom', 'weight', 'resolution', 'preset_modes', 'settings', 'camera_type', 'long_exposure', 'effects', 'ISO'], 'CAMERA_2': ['camera_type', 'settings', 'long_exposure', 'weight', 'preset_modes', 'color', 'ISO', 'effects', 'autofocus_points', 'price', 'sensor_size', 'weight', 'resolution', 'optical_zoom', 'effects', 'sensor_size'], 'CAMERA_3': ['weight']}",C_THANK_YOU,CAMERA_2,NONE,thank you for your help,S_THANK_YOU,CAMERA_2,NONE,thank you very much,
900,34,NONE,"['CAMERA_1', 'CAMERA_3', 'CAMERA_2']","{'CAMERA_1': ['autofocus_points', 'optical_zoom', 'weight', 'resolution', 'preset_modes', 'settings', 'camera_type', 'long_exposure', 'effects', 'ISO'], 'CAMERA_2': ['camera_type', 'settings', 'long_exposure', 'weight', 'preset_modes', 'color', 'ISO', 'effects', 'autofocus_points', 'price', 'sensor_size', 'weight', 'resolution', 'optical_zoom', 'effects', 'sensor_size'], 'CAMERA_3': ['weight']}",C_LEAVES,DOOR,NONE,,S_RETURNS_TO_COUNTER,SERVICE_COUNTER,NONE,,
901,1,NONE,[],"{'CAMERA_1': [], 'CAMERA_2': [], 'CAMERA_3': []}",C_ENTERS,DOOR,NONE,,S_NONE,SERVICE_COUNTER,NONE,,
901,2,NONE,[],"{'CAMERA_1': [], 'CAMERA_2': [], 'CAMERA_3': []}",C_GREETS,MIDDLE,NONE,hello,S_GREETS,MIDDLE,NONE,can I help you?,
901,3,CAMERA_1,['CAMERA_1'],"{'CAMERA_1': [], 'CAMERA_2': [], 'CAMERA_3': []}",C_LOOKING_FOR_A_CAMERA,MIDDLE,NONE,I'm looking for a camera,S_INTRODUCES_CAMERA,CAMERA_1,,Let me show you this. Here we have the Nikon Coolpix S2800.,39~58
901,4,CAMERA_1,['CAMERA_1'],"{'CAMERA_1': ['sensor_size'], 'CAMERA_2': [], 'CAMERA_3': []}",C_QUESTION_ABOUT_FEATURE,CAMERA_1,sensor_size,what is the sensor size,S_NOT_SURE,CAMERA_1,,I'm not really sure about that,
901,5,CAMERA_1,['CAMERA_1'],"{'CAMERA_1': ['sensor_size', 'preset_modes'], 'CAMERA_2': [], 'CAMERA_3': []}",C_QUESTION_ABOUT_FEATURE,CAMERA_1,preset_modes,does it have preset modes,S_ANSWERS_QUESTION_ABOUT_FEATURE,CAMERA_1,preset_modes,"This one has 18 preset modes (e.g. beach, snow, night portrait).",13~63
901,6,CAMERA_2,"['CAMERA_1', 'CAMERA_2']","{'CAMERA_1': ['sensor_size', 'preset_modes'], 'CAMERA_2': [], 'CAMERA_3': []}",C_ANYTHING_ELSE_AVAILABLE,CAMERA_1,NONE,ok do you have any other cameras,S_INTRODUCES_CAMERA,CAMERA_2,,Let me show you this. Here we have the Sony Alpha a6000.,39~55
901,7,CAMERA_2,"['CAMERA_1', 'CAMERA_2']","{'CAMERA_1': ['sensor_size', 'preset_modes'], 'CAMERA_2': ['color'], 'CAMERA_3': []}",C_SILENT_OR_BACKCHANNEL,CAMERA_2,NONE,alright,S_INTRODUCES_FEATURE,CAMERA_2,color,"This one comes in white, silver, black.",18~38
901,8,CAMERA_2,"['CAMERA_1', 'CAMERA_2']","{'CAMERA_1': ['sensor_size', 'preset_modes'], 'CAMERA_2': ['color', 'weight'], 'CAMERA_3': []}",C_QUESTION_ABOUT_FEATURE,CAMERA_2,weight,how much does this one weigh,S_ANSWERS_QUESTION_ABOUT_FEATURE,CAMERA_2,weight,This one weighs 470 grams.,16~25
901,9,NONE,"['CAMERA_1', 'CAMERA_2']","{'CAMERA_1': ['sensor_size', 'preset_modes'], 'CAMERA_2': ['color', 'weight'], 'CAMERA_3': []}",C_THANK_YOU,CAMERA_2,NONE,thank you for your help,S_THANK_YOU,CAMERA_2,NONE,thank you very much,
901,10,NONE,"['CAMERA_1', 'CAMERA_2']","{'CAMERA_1': ['sensor_size', 'preset_modes'], 'CAMERA_2': ['color', 'weight'], 'CAMERA_3': []}",C_LEAVES,DOOR,NONE,,S_RETURNS_TO_COUNTER,SERVICE_COUNTER,NONE,,
902,1,NONE,[],"{'CAMERA_1': [], 'CAMERA_2': [], 'CAMERA_3': []}",C_ENTERS,DOOR,NONE,,S_NONE,SERVICE_COUNTER,NONE,,
902,2,NONE,[],"{'CAMERA_1': [], 'CAMERA_2': [], 'CAMERA_3': []}",C_GREETS,MIDDLE,NONE,hello,S_GREETS,MIDDLE,NONE,can I help you?,
902,3,CAMERA_3,['CAMERA_3'],"{'CAMERA_1': [], 'CAMERA_2': [], 'CAMERA_3': []}",C_LOOKING_FOR_A_CAMERA,MIDDLE,NONE,I'm looking for a camera,S_INTRODUCES_CAMERA,CAMERA_3,,Let me show you this. Here we have the Canon EOS 5D Mark III.,39~60
902,4,CAMERA_3,['CAMERA_3'],"{'CAMERA_1': [], 'CAMERA_2': [], 'CAMERA_3': ['ISO']}",C_SILENT_OR_BACKCHANNEL,CAMERA_3,NONE,I see,S_INTRODUCES_FEATURE,CAMERA_3,ISO,This one has up to 6400 ISO with little noise.,13~45
902,5,CAMERA_3,['CAMERA_3'],"{'CAMERA_1': [], 'CAMERA_2': [], 'CAMERA_3': ['ISO', 'autofocus_points']}",C_QUESTION_ABOUT_FEATURE,CAMERA_3,autofocus_points,how many autofocus points does it have,S_ANSWERS_QUESTION_ABOUT_FEATURE,CAMERA_3,autofocus_points,This one has 61 autofocus points.,13~32
902,6,CAMERA_3,['CAMERA_3'],"{'CAMERA_1': [], 'CAMERA_2': [], 'CAMERA_3': ['ISO', 'autofocus_points', 'sensor_size']}",C_SILENT_OR_BACKCHANNEL,CAMERA_3,NONE,I see,S_INTRODUCES_FEATURE,CAMERA_3,sensor_size,This one has a full frame.,15~25
902,7,CAMERA_2,"['CAMERA_3', 'CAMERA_2']","{'CAMERA_1': [], 'CAMERA_2': [], 'CAMERA_3': ['ISO', 'autofocus_points', 'sensor_size']}",C_ANYTHING_ELSE_AVAILABLE,CAMERA_3,NONE,ok do you have any other cameras,S_INTRODUCES_CAMERA,CAMERA_2,,Let me show you this. Here we have the Sony Alpha a6000.,39~55
902,8,CAMERA_2,"['CAMERA_3', 'CAMERA_2']","{'CAMERA_1': [], 'CAMERA_2': ['weight'], 'CAMERA_3': ['ISO', 'autofocus_points', 'sensor_size']}",C_QUESTION_ABOUT_FEATURE,CAMERA_2,weight,how much does this one weigh,S_ANSWERS_QUESTION_ABOUT_FEATURE,CAMERA_2,weight,This one weighs 470 grams.,16~25
902,9,CAMERA_2,"['CAMERA_3', 'CAMERA_2']","{'CAMERA_1': [], 'CAMERA_2': ['weight', 'price'], 'CAMERA_3': ['ISO', 'autofocus_points', 'sensor_size']}",C_QUESTION_ABOUT_FEATURE,CAMERA_2,price,how much does it cost,S_ANSWERS_QUESTION_ABOUT_FEATURE,CAMERA_2,price,This one costs $1341.,15~20
902,10,CAMERA_2,"['CAMERA_3', 'CAMERA_2']","{'CAMERA_1': [], 'CAMERA_2': ['weight', 'price', 'sensor_size'], 'CAMERA_3': ['ISO', 'autofocus_points', 'sensor_size']}",C_QUESTION_ABOUT_FEATURE,CAMERA_2,sensor_size,what is the sensor size,S_ANSWERS_QUESTION_ABOUT_FEATURE,CAMERA_2,sensor_size,This one has a APS-C sensor (crop sensor).,15~41
902,11,CAMERA_1,"['CAMERA_3', 'CAMERA_2', 'CAMERA_1']","{'CAMERA_1': [], 'CAMERA_2': ['weight', 'price', 'sensor_size'], 'CAMERA_3': ['ISO', 'autofocus_points', 'sensor_size']}",C_ANYTHING_ELSE_AVAILABLE,CAMERA_2,NONE,ok do you have any other cameras,S_INTRODUCES_CAMERA,CAMERA_1,,Let me show you this. Here we have the Nikon Coolpix S2800.,39~58
902,12,CAMERA_1,"['CAMERA_3', 'CAMERA_2', 'CAMERA_1']","{'CAMERA_1': ['optical_zoom'], 'CAMERA_2': ['weight', 'price', 'sensor_size'], 'CAMERA_3': ['ISO', 'autofocus_points', 'sensor_size']}",C_SILENT_OR_BACKCHANNEL,CAMERA_1,NONE,I see,S_INTRODUCES_FEATURE,CAMERA_1,optical_zoom,This one has 5x optical zoom.,13~28
902,13,CAMERA_1,"['CAMERA_3', 'CAMERA_2', 'CAMERA_1']","{'CAMERA_1': ['optical_zoom', 'effects'], 'CAMERA_2': ['weight', 'price', 'sensor_size'], 'CAMERA_3': ['ISO', 'autofocus_points', 'sensor_size']}",C_QUESTION_ABOUT_FEATURE,CAMERA_1,effects,does it have any effect modes,S_ANSWERS_QUESTION_ABOUT_FEATURE,CAMERA_1,effects,"This one has 12 glamor retouch effects (e.g. skin softening, small face, big eyes).",13~82
902,14,NONE,"['CAMERA_3', 'CAMERA_2', 'CAMERA_1']","{'CAMERA_1': ['optical_zoom', 'effects'], 'CAMERA_2': ['weight', 'price', 'sensor_size'], 'CAMERA_3': ['ISO', 'autofocus_points', 'sensor_size']}",C_THANK_YOU,CAMERA_1,NONE,thank you for your help,S_THANK_YOU,CAMERA_1,NONE,thank you very much,
902,15,NONE,"['CAMERA_3', 'CAMERA_2', 'CAMERA_1']","{'CAMERA_1': ['optical_zoom', 'effects'], 'CAMERA_2': ['weight', 'price', 'sensor_size'], 'CAMERA_3': ['ISO', 'autofocus_points', 'sensor_size']}",C_LEAVES,DOOR,NONE,,S_RETURNS_TO_COUNTER,SERVICE_COUNTER,NONE,,
903,1,NONE,[],"{'CAMERA_1': [], 'CAMERA_2': [], 'CAMERA_3': []}",C_ENTERS,DOOR,NONE,,S_NONE,SERVICE_COUNTER,NONE,,
903,2,NONE,[],"{'CAMERA_1': [], 'CAMERA_2': [], 'CAMERA_3': []}",C_WALKS_TO_CAMERA,CAMERA_3,NONE,,S_GREETS,CAMERA_3,NONE,can I help you?,
903,3,CAMERA_3,['CAMERA_3'],"{'CAMERA_1': [], 'CAMERA_2': [], 'CAMERA_3': []}",C_LOOKING_FOR_A_CAMERA,CAMERA_3,NONE,I'm looking for a camera,S_INTRODUCES_CAMERA,CAMERA_3,,Let me show you this. Here we have the Canon EOS 5D Mark III.,39~60
903,4,CAMERA_3,['CAMERA_3'],"{'CAMERA_1': [], 'CAMERA_2': [], 'CAMERA_3': ['resolution']}",C_QUESTION_ABOUT_FEATURE,CAMERA_3,resolution,what is the resolution,S_NOT_SURE,CAMERA_3,,I'm not really sure about that,
903,5,CAMERA_3,['CAMERA_3'],"{'CAMERA_1': [], 'CAMERA_2': [], 'CAMERA_3': ['resolution', 'price']}",C_QUESTION_ABOUT_FEATURE,CAMERA_3,price,how much does it cost,S_ANSWERS_QUESTION_ABOUT_FEATURE,CAMERA_3,price,This one costs $3706.,15~20
903,6,CAMERA_1,"['CAMERA_3', 'CAMERA_1']","{'CAMERA_1': [], 'CAMERA_2': [], 'CAMERA_3': ['resolution', 'price']}",C_ANYTHING_ELSE_AVAILABLE,CAMERA_3,NONE,ok do you have any other cameras,S_INTRODUCES_CAMERA,CAMERA_1,,Let me show you this. Here we have the Nikon Coolpix S2800.,39~58
903,7,CAMERA_1,"['CAMERA_3', 'CAMERA_1']","{'CAMERA_1': ['price'], 'CAMERA_2': [], 'CAMERA_3': ['resolution', 'price']}",C_SILENT_OR_BACKCHANNEL,CAMERA_1,NONE,alright,S_INTRODUCES_FEATURE,CAMERA_1,price,This one costs $2173.,15~20
903,8,CAMERA_2,"['CAMERA_3', 'CAMERA_1', 'CAMERA_2']","{'CAMERA_1': ['price'], 'CAMERA_2': [], 'CAMERA_3': ['resolution', 'price']}",C_ANYTHING_ELSE_AVAILABLE,CAMERA_1,NONE,ok do you have any other cameras,S_INTRODUCES_CAMERA,CAMERA_2,,Let me show you this. Here we have the Sony Alpha a6000.,39~55
903,9,CAMERA_2,"['CAMERA_3', 'CAMERA_1', 'CAMERA_2']","{'CAMERA_1': ['price'], 'CAMERA_2': ['ISO'], 'CAMERA_3': ['resolution', 'price']}",C_QUESTION_ABOUT_FEATURE,CAMERA_2,ISO,what is the ISO,S_ANSWERS_QUESTION_ABOUT_FEATURE,CAMERA_2,ISO,This one has up to 3200 ISO with little noise.,13~45
903,10,CAMERA_2,"['CAMERA_3', 'CAMERA_1', 'CAMERA_2']","{'CAMERA_1': ['price'], 'CAMERA_2': ['ISO', 'weight'], 'CAMERA_3': ['resolution', 'price']}",C_QUESTION_ABOUT_FEATURE,CAMERA_2,weight,how much does this one weigh,S_ANSWERS_QUESTION_ABOUT_FEATURE,CAMERA_2,weight,This one weighs 470 grams.,16~25
903,11,CAMERA_2,"['CAMERA_3', 'CAMERA_1', 'CAMERA_2']","{'CAMERA_1': ['price'], 'CAMERA_2': ['ISO', 'weight', 'resolution'], 'CAMERA_3': ['resolution', 'price']}",C_QUESTION_ABOUT_FEATURE,CAMERA_2,resolution,what is the resolution,S_NOT_SURE,CAMERA_2,,I'm not really sure about that,
903,12,,"['CAMERA_3', 'CAMERA_1', 'CAMERA_2']","{'CAMERA_1': ['price'], 'CAMERA_2': ['ISO', 'weight', 'resolution'], 'CAMERA_3': ['resolution', 'price']}",C_ANYTHING_ELSE_AVAILABLE,CAMERA_2,NONE,ok do you have any other cameras,S_THATS_ALL_WE_HAVE_AVAILABLE,CAMERA_2,,That’s all we have available at the moment.,
903,13,NONE,"['CAMERA_3', 'CAMERA_1', 'CAMERA_2']","{'CAMERA_1': ['price'], 'CAMERA_2': ['ISO', 'weight', 'resolution'], 'CAMERA_3': ['resolution', 'price']}",C_THANK_YOU,CAMERA_2,NONE,thank you for your help,S_THANK_YOU,CAMERA_2,NONE,thank you very much,
903,14,NONE,"['CAMERA_3', 'CAMERA_1', 'CAMERA_2']","{'CAMERA_1': ['price'], 'CAMERA_2': ['ISO', 'weight', 'resolution'], 'CAMERA_3': ['resolution', 'price']}",C_LEAVES,DOOR,NONE,,S_RETURNS_TO_COUNTER,SERVICE_COUNTER,NONE,,
904,1,NONE,[],"{'CAMERA_1': [], 'CAMERA_2': [], 'CAMERA_3': []}",C_ENTERS,DOOR,NONE,,S_NONE,SERVICE_COUNTER,NONE,,
904,2,NONE,[],"{'CAMERA_1': [], 'CAMERA_2': [], 'CAMERA_3': []}",C_GREETS,MIDDLE,NONE,hello,S_GREETS,MIDDLE,NONE,can I help you?,
904,3,CAMERA_2,['CAMERA_2'],"{'CAMERA_1': [], 'CAMERA_2': [], 'CAMERA_3': []}",C_LOOKING_FOR_A_CAMERA,MIDDLE,NONE,I'm looking for a camera,S_INTRODUCES_CAMERA,CAMERA_2,,Let me show you this. Here we have the Sony Alpha a6000.,39~55
904,4,CAMERA_2,['CAMERA_2'],"{'CAMERA_1': [], 'CAMERA_2': ['camera_type'], 'CAMERA_3': []}",C_QUESTION_ABOUT_FEATURE,CAMERA_2,camera_type,what kind of camera is this,S_ANSWERS_QUESTION_ABOUT_FEATURE,CAMERA_2,camera_type,This is a mirrorless camera.,10~20
904,5,CAMERA_2,['CAMERA_2'],"{'CAMERA_1': [], 'CAMERA_2': ['camera_type', 'resolution'], 'CAMERA_3': []}",C_QUESTION_ABOUT_FEATURE,CAMERA_2,resolution,what is the resolution,S_NOT_SURE,CAMERA_2,,I'm not really sure about that,
904,6,NONE,['CAMERA_2'],"{'CAMERA_1': [], 'CAMERA_2': ['camera_type', 'resolution'], 'CAMERA_3': []}",C_THANK_YOU,CAMERA_2,NONE,thank you for your help,S_THANK_YOU,CAMERA_2,NONE,thank you very much,
904,7,NONE,['CAMERA_2'],"{'CAMERA_1': [], 'CAMERA_2': ['camera_type', 'resolution'], 'CAMERA_3': []}",C_LEAVES,DOOR,NONE,,S_RETURNS_TO_COUNTER,SERVICE_COUNTER,NONE,,
905,1,NONE,[],"{'CAMERA_1': [], 'CAMERA_2': [], 'CAMERA_3': []}",C_ENTERS,DOOR,NONE,,S_NONE,SERVICE_COUNTER,NONE,,
905,2,NONE,[],"{'CAMERA_1': [], 'CAMERA_2': [], 'CAMERA_3': []}",C_GREETS,MIDDLE,NONE,hello,S_GREETS,MIDDLE,NONE,can I help you?,
905,3,CAMERA_3,['CAMERA_3'],"{'CAMERA_1': [], 'CAMERA_2': [], 'CAMERA_3': []}",C_LOOKING_FOR_A_CAMERA,MIDDLE,NONE,I'm looking for a camera,S_INTRODUCES_CAMERA,CAMERA_3,,Let me show you this. Here we have the Canon EOS 5D Mark III.,39~60
905,4,CAMERA_3,['CAMERA_3'],"{'CAMERA_1': [], 'CAMERA_2': [], 'CAMERA_3': ['resolution']}",C_QUESTION_ABOUT_FEATURE,CAMERA_3,resolution,what is the resolution,S_NOT_SURE,CAMERA_3,,I'm not really sure about that,
905,5,CAMERA_3,['CAMERA_3'],"{'CAMERA_1': [], 'CAMERA_2': [], 'CAMERA_3': ['resolution', 'color']}",C_QUESTION_ABOUT_FEATURE,CAMERA_3,color,what colors does this one come in,S_ANSWERS_QUESTION_ABOUT_FEATURE,CAMERA_3,color,This one comes in black.,18~23
905,6,CAMERA_3,['CAMERA_3'],"{'CAMERA_1': [], 'CAMERA_2': [], 'CAMERA_3': ['resolution', 'color', 'sensor_size']}",C_SILENT_OR_BACKCHANNEL,CAMERA_3,NONE,okay,S_INTRODUCES_FEATURE,CAMERA_3,sensor_size,This one has a full frame.,15~25
905,7,CAMERA_3,['CAMERA_3'],"{'CAMERA_1': [], 'CAMERA_2': [], 'CAMERA_3': ['resolution', 'color', 'sensor_size', 'weight']}",C_QUESTION_ABOUT_FEATURE,CAMERA_3,weight,how much does this one weigh,S_ANSWERS_QUESTION_ABOUT_FEATURE,CAMERA_3,weight,This one weighs 950 grams (only body).,16~37
905,8,CAMERA_3,['CAMERA_3'],"{'CAMERA_1': [], 'CAMERA_2': [], 'CAMERA_3': ['resolution', 'color', 'sensor_size', 'weight', 'camera_type']}",C_SILENT_OR_BACKCHANNEL,CAMERA_3,NONE,I see,S_INTRODUCES_FEATURE,CAMERA_3,camera_type,This is a DSLR camera.,10~14
905,9,CAMERA_3,['CAMERA_3'],"{'CAMERA_1': [], 'CAMERA_2': [], 'CAMERA_3': ['resolution', 'color', 'sensor_size', 'weight', 'camera_type', 'settings']}",C_SILENT_OR_BACKCHANNEL,CAMERA_3,NONE,I see,S_INTRODUCES_FEATURE,CAMERA_3,settings,This one has full manual control.,13~32
905,10,CAMERA_2,"['CAMERA_3', 'CAMERA_2']","{'CAMERA_1': [], 'CAMERA_2': [], 'CAMERA_3': ['resolution', 'color', 'sensor_size', 'weight', 'camera_type', 'settings']}",C_ANYTHING_ELSE_AVAILABLE,CAMERA_3,NONE,ok do you have any other cameras,S_INTRODUCES_CAMERA,CAMERA_2,,Let me show you this. Here we have the Sony Alpha a6000.,39~55
905,11,CAMERA_2,"['CAMERA_3', 'CAMERA_2']","{'CAMERA_1': [], 'CAMERA_2': ['color'], 'CAMERA_3': ['resolution', 'color', 'sensor_size', 'weight', 'camera_type', 'settings']}",C_SILENT_OR_BACKCHANNEL,CAMERA_2,NONE,okay,S_INTRODUCES_FEATURE,CAMERA_2,color,"This one comes in white, silver, black.",18~38
905,12,CAMERA_2,"['CAMERA_3', 'CAMERA_2']","{'CAMERA_1': [], 'CAMERA_2': ['color', 'ISO'], 'CAMERA_3': ['resolution', 'color', 'sensor_size', 'weight', 'camera_type', 'settings']}",C_SILENT_OR_BACKCHANNEL,CAMERA_2,NONE,okay,S_INTRODUCES_FEATURE,CAMERA_2,ISO,This one has up to 3200 ISO with little noise.,13~45
905,13,NONE,"['CAMERA_3', 'CAMERA_2']","{'CAMERA_1': [], 'CAMERA_2': ['color', 'ISO'], 'CAMERA_3': ['resolution', 'color', 'sensor_size', 'weight', 'camera_type', 'settings']}",C_THANK_YOU,CAMERA_2,NONE,thank you for your help,S_THANK_YOU,CAMERA_2,NONE,thank you very much,
905,14,NONE,"['CAMERA_3', 'CAMERA_2']","{'CAMERA_1': [], 'CAMERA_2': ['color', 'ISO'], 'CAMERA_3': ['resolution', 'color', 'sensor_size', 'weight', 'camera_type', 'settings']}",C_LEAVES,DOOR,NONE,,S_RETURNS_TO_COUNTER,SERVICE_COUNTER,NONE,,
906,1,NONE,[],"{'CAMERA_1': [], 'CAMERA_2': [], 'CAMERA_3': []}",C_ENTERS,DOOR,NONE,,S_NONE,SERVICE_COUNTER,NONE,,
906,2,NONE,[],"{'CAMERA_1': [], 'CAMERA_2': [], 'CAMERA_3': []}",C_GREETS,MIDDLE,NONE,hello,S_GREETS,MIDDLE,NONE,can I help you?,
906,3,CAMERA_1,['CAMERA_1'],"{'CAMERA_1': [], 'CAMERA_2': [], 'CAMERA_3': []}",C_LOOKING_FOR_A_CAMERA,MIDDLE,NONE,I'm looking for a camera,S_INTRODUCES_CAMERA,CAMERA_1,,Let me show you this. Here we have the Nikon Coolpix S2800.,39~58
906,4,CAMERA_1,['CAMERA_1'],"{'CAMERA_1': ['camera_type'], 'CAMERA_2': [], 'CAMERA_3': []}",C_SILENT_OR_BACKCHANNEL,CAMERA_1,NONE,I see,S_INTRODUCES_FEATURE,CAMERA_1,camera_type,This is a point and shoot camera.,10~25
906,5,NONE,['CAMERA_1'],"{'CAMERA_1': ['camera_type'], 'CAMERA_2': [], 'CAMERA_3': []}",C_THANK_YOU,CAMERA_1,NONE,thank you for your help,S_THANK_YOU,CAMERA_1,NONE,thank you very much,
906,6,NONE,['CAMERA_1'],"{'CAMERA_1': ['camera_type'], 'CAMERA_2': [], 'CAMERA_3': []}",C_LEAVES,DOOR,NONE,,S_RETURNS_TO_COUNTER,SERVICE_COUNTER,NONE,,
907,1,NONE,[],"{'CAMERA_1': [], 'CAMERA_2': [], 'CAMERA_3': []}",C_ENTERS,DOOR,NONE,,S_NONE,SERVICE_COUNTER,NONE,,
907,2,NONE,[],"{'CAMERA_1': [], 'CAMERA_2': [], 'CAMERA_3': []}",C_GREETS,MIDDLE,NONE,hello,S_GREETS,MIDDLE,NONE,can I help you?,
907,3,CAMERA_2,['CAMERA_2'],"{'CAMERA_1': [], 'CAMERA_2': [], 'CAMERA_3': []}",C_LOOKING_FOR_A_CAMERA,MIDDLE,NONE,I'm looking for a camera,S_INTRODUCES_CAMERA,CAMERA_2,,Let me show you this. Here we have the Sony Alpha a6000.,39~55
907,4,CAMERA_2,['CAMERA_2'],"{'CAMERA_1': [], 'CAMERA_2': ['camera_type'], 'CAMERA_3': []}",C_QUESTION_ABOUT_FEATURE,CAMERA_2,camera_type,what kind of camera is this,S_ANSWERS_QUESTION_ABOUT_FEATURE,CAMERA_2,camera_type,This is a mirrorless camera.,10~20
907,5,CAMERA_2,['CAMERA_2'],"{'CAMERA_1': [], 'CAMERA_2': ['camera_type', 'sensor_size'], 'CAMERA_3': []}",C_QUESTION_ABOUT_FEATURE,CAMERA_2,sensor_size,what is the sensor size,S_ANSWERS_QUESTION_ABOUT_FEATURE,CAMERA_2,sensor_size,This one has a APS-C sensor (crop sensor).,15~41
907,6,NONE,['CAMERA_2'],"{'CAMERA_1': [], 'CAMERA_2': ['camera_type', 'sensor_size'], 'CAMERA_3': []}",C_THANK_YOU,CAMERA_2,NONE,thank you for your help,S_THANK_YOU,CAMERA_2,NONE,thank you very much,
907,7,NONE,['CAMERA_2'],"{'CAMERA_1': [], 'CAMERA_2': ['camera_type', 'sensor_size'], 'CAMERA_3': []}",C_LEAVES,DOOR,NONE,,S_RETURNS_TO_COUNTER,SERVICE_COUNTER,NONE,,
908,1,NONE,[],"{'CAMERA_1': [], 'CAMERA_2': [], 'CAMERA_3': []}",C_ENTERS,DOOR,NONE,,S_NONE,SERVICE_COUNTER,NONE,,
908,2,NONE,[],"{'CAMERA_1': [], 'CAMERA_2': [], 'CAMERA_3': []}",C_WALKS_TO_CAMERA,CAMERA_3,NONE,,S_GREETS,CAMERA_3,NONE,can I help you?,
908,3,CAMERA_2,['CAMERA_2'],"{'CAMERA_1': [], 'CAMERA_2': [], 'CAMERA_3': []}",C_LOOKING_FOR_A_CAMERA,CAMERA_3,NONE,I'm looking for a camera,S_INTRODUCES_CAMERA,CAMERA_2,,Let me show you this. Here we have the Sony Alpha a6000.,39~55
908,4,CAMERA_2,['CAMERA_2'],"{'CAMERA_1': [], 'CAMERA_2': ['resolution'], 'CAMERA_3': []}",C_QUESTION_ABOUT_FEATURE,CAMERA_2,resolution,what is the resolution,S_NOT_SURE,CAMERA_2,,I'm not really sure about that,
908,5,CAMERA_2,['CAMERA_2'],"{'CAMERA_1': [], 'CAMERA_2': ['resolution', 'settings'], 'CAMERA_3': []}",C_QUESTION_ABOUT_FEATURE,CAMERA_2,settings,what kind of settings does it have,S_ANSWERS_QUESTION_ABOUT_FEATURE,CAMERA_2,settings,This one has full manual control.,13~32
908,6,CAMERA_2,['CAMERA_2'],"{'CAMERA_1': [], 'CAMERA_2': ['resolution', 'settings', 'preset_modes'], 'CAMERA_3': []}",C_QUESTION_ABOUT_FEATURE,CAMERA_2,preset_modes,does it have preset modes,S_ANSWERS_QUESTION_ABOUT_FEATURE,CAMERA_2,preset_modes,"This one has 9 preset modes (e.g. beach, snow, night, portrait).",13~63
908,7,CAMERA_2,['CAMERA_2'],"{'CAMERA_1': [], 'CAMERA_2': ['resolution', 'settings', 'preset_modes', 'weight'], 'CAMERA_3': []}",C_SILENT_OR_BACKCHANNEL,CAMERA_2,NONE,okay,S_INTRODUCES_FEATURE,CAMERA_2,weight,This one weighs 470 grams.,16~25
908,8,CAMERA_3,"['CAMERA_2', 'CAMERA_3']","{'CAMERA_1': [], 'CAMERA_2': ['resolution', 'settings', 'preset_modes', 'weight'], 'CAMERA_3': []}",C_ANYTHING_ELSE_AVAILABLE,CAMERA_2,NONE,ok do you have any other cameras,S_INTRODUCES_CAMERA,CAMERA_3,,Let me show you this. Here we have the Canon EOS 5D Mark III.,39~60
908,9,CAMERA_3,"['CAMERA_2', 'CAMERA_3']","{'CAMERA_1': [], 'CAMERA_2': ['resolution', 'settings', 'preset_modes', 'weight'], 'CAMERA_3': ['resolution']}",C_QUESTION_ABOUT_FEATURE,CAMERA_3,resolution,what is the resolution,S_NOT_SURE,CAMERA_3,,I'm not really sure about that,
908,10,CAMERA_3,"['CAMERA_2', 'CAMERA_3']","{'CAMERA_1': [], 'CAMERA_2': ['resolution', 'settings', 'preset_modes', 'weight'], 'CAMERA_3': ['resolution', 'ISO']}",C_QUESTION_ABOUT_FEATURE,CAMERA_3,ISO,what is the ISO,S_ANSWERS_QUESTION_ABOUT_FEATURE,CAMERA_3,ISO,This one has up to 6400 ISO with little noise.,13~45
908,11,CAMERA_3,"['CAMERA_2', 'CAMERA_3']","{'CAMERA_1': [], 'CAMERA_2': ['resolution', 'settings', 'preset_modes', 'weight'], 'CAMERA_3': ['resolution', 'ISO', 'weight']}",C_SILENT_OR_BACKCHANNEL,CAMERA_3,NONE,okay,S_INTRODUCES_FEATURE,CAMERA_3,weight,This one weighs 950 grams (only body).,16~37
908,12,NONE,"['CAMERA_2', 'CAMERA_3']","{'CAMERA_1': [], 'CAMERA_2': ['resolution', 'settings', 'preset_modes', 'weight'], 'CAMERA_3': ['resolution', 'ISO', 'weight']}",C_THANK_YOU,CAMERA_3,NONE,thank you for your help,S_THANK_YOU,CAMERA_3,NONE,thank you very much,
908,13,NONE,"['CAMERA_2', 'CAMERA_3']","{'CAMERA_1': [], 'CAMERA_2': ['resolution', 'settings', 'preset_modes', 'weight'], 'CAMERA_3': ['resolution', 'ISO', 'weight']}",C_LEAVES,DOOR,NONE,,S_RETURNS_TO_COUNTER,SERVICE_COUNTER,NONE,,
909,1,NONE,[],"{'CAMERA_1': [], 'CAMERA_2': [], 'CAMERA_3': []}",C_ENTERS,DOOR,NONE,,S_NONE,SERVICE_COUNTER,NONE,,
909,2,NONE,[],"{'CAMERA_1': [], 'CAMERA_2': [], 'CAMERA_3': []}",C_GREETS,MIDDLE,NONE,hello,S_GREETS,MIDDLE,NONE,can I help you?,
909,3,CAMERA_2,['CAMERA_2'],"{'CAMERA_1': [], 'CAMERA_2': [], 'CAMERA_3': []}",C_LOOKING_FOR_A_CAMERA,MIDDLE,NONE,I'm looking for a camera,S_INTRODUCES_CAMERA,CAMERA_2,,Let me show you this. Here we have the Sony Alpha a6000.,39~55
909,4,CAMERA_2,['CAMERA_2'],"{'CAMERA_1': [], 'CAMERA_2': ['long_exposure'], 'CAMERA_3': []}",C_SILENT_OR_BACKCHANNEL,CAMERA_2,NONE,I see,S_INTRODUCES_FEATURE,CAMERA_2,long_exposure,This one can take long exposures up to up to 30 seconds.,39~55
909,5,CAMERA_2,['CAMERA_2'],"{'CAMERA_1': [], 'CAMERA_2': ['long_exposure', 'preset_modes'], 'CAMERA_3': []}",C_QUESTION_ABOUT_FEATURE,CAMERA_2,preset_modes,does it have preset modes,S_ANSWERS_QUESTION_ABOUT_FEATURE,CAMERA_2,preset_modes,"This one has 9 preset modes (e.g. beach, snow, night, portrait).",13~63
909,6,CAMERA_1,"['CAMERA_2', 'CAMERA_1']","{'CAMERA_1': [], 'CAMERA_2': ['long_exposure', 'preset_modes'], 'CAMERA_3': []}",C_ANYTHING_ELSE_AVAILABLE,CAMERA_2,NONE,ok do you have any other cameras,S_INTRODUCES_CAMERA,CAMERA_1,,Let me show you this. Here we have the Nikon Coolpix S2800.,39~58
909,7,CAMERA_1,"['CAMERA_2', 'CAMERA_1']","{'CAMERA_1': ['long_exposure'], 'CAMERA_2': ['long_exposure', 'preset_modes'], 'CAMERA_3': []}",C_QUESTION_ABOUT_FEATURE,CAMERA_1,long_exposure,can it take long exposure shots,S_NOT_SURE,CAMERA_1,,I'm not really sure about that,
909,8,CAMERA_1,"['CAMERA_2', 'CAMERA_1']","{'CAMERA_1': ['long_exposure', 'autofocus_points'], 'CAMERA_2': ['long_exposure', 'preset_modes'], 'CAMERA_3': []}",C_QUESTION_ABOUT_FEATURE,CAMERA_1,autofocus_points,how many autofocus points does it have,S_NOT_SURE,CAMERA_1,,I'm not really sure about that,
909,9,CAMERA_1,"['CAMERA_2', 'CAMERA_1']","{'CAMERA_1': ['long_exposure', 'autofocus_points', 'camera_type'], 'CAMERA_2': ['long_exposure', 'preset_modes'], 'CAMERA_3': []}",C_QUESTION_ABOUT_FEATURE,CAMERA_1,camera_type,what kind of camera is this,S_ANSWERS_QUESTION_ABOUT_FEATURE,CAMERA_1,camera_type,This is a point and shoot camera.,10~25
909,10,CAMERA_1,"['CAMERA_2', 'CAMERA_1']","{'CAMERA_1': ['long_exposure', 'autofocus_points', 'camera_type', 'resolution'], 'CAMERA_2': ['long_exposure', 'preset_modes'], 'CAMERA_3': []}",C_SILENT_OR_BACKCHANNEL,CAMERA_1,NONE,I see,S_INTRODUCES_FEATURE,CAMERA_1,resolution,This one has 20.1 megapixels resolution.,13~28
909,11,CAMERA_1,"['CAMERA_2', 'CAMERA_1']","{'CAMERA_1': ['long_exposure', 'autofocus_points', 'camera_type', 'resolution', 'weight'], 'CAMERA_2': ['long_exposure', 'preset_modes'], 'CAMERA_3': []}",C_SILENT_OR_BACKCHANNEL,CAMERA_1,NONE,okay,S_INTRODUCES_FEATURE,CAMERA_1,weight,This one weighs 120 grams.,16~25
909,12,NONE,"['CAMERA_2', 'CAMERA_1']","{'CAMERA_1': ['long_exposure', 'autofocus_points', 'camera_type', 'resolution', 'weight'], 'CAMERA_2': ['long_exposure', 'preset_modes'], 'CAMERA_3': []}",C_THANK_YOU,CAMERA_1,NONE,thank you for your help,S_THANK_YOU,CAMERA_1,NONE,thank you very much,
909,13,NONE,"['CAMERA_2', 'CAMERA_1']","{'CAMERA_1': ['long_exposure', 'autofocus_points', 'camera_type', 'resolution', 'weight'], 'CAMERA_2': ['long_exposure', 'preset_modes'], 'CAMERA_3': []}",C_LEAVES,DOOR,NONE,,S_RETURNS_TO_COUNTER,SERVICE_COUNTER,NONE,,
910,1,NONE,[],"{'CAMERA_1': [], 'CAMERA_2': [], 'CAMERA_3': []}",C_ENTERS,DOOR,NONE,,S_NONE,SERVICE_COUNTER,NONE,,
910,2,NONE,[],"{'CAMERA_1': [], 'CAMERA_2': [], 'CAMERA_3': []}",C_GREETS,MIDDLE,NONE,hello,S_GREETS,MIDDLE,NONE,can I help you?,
910,3,CAMERA_1,['CAMERA_1'],"{'CAMERA_1': [], 'CAMERA_2': [], 'CAMERA_3': []}",C_LOOKING_FOR_A_CAMERA,MIDDLE,NONE,I'm looking for a camera,S_INTRODUCES_CAMERA,CAMERA_1,,Let me show you this. Here we have the Nikon Coolpix S2800.,39~58
910,4,CAMERA_1,['CAMERA_1'],"{'CAMERA_1': ['autofocus_points'], 'CAMERA_2': [], 'CAMERA_3': []}",C_QUESTION_ABOUT_FEATURE,CAMERA_1,autofocus_points,how many autofocus points does it have,S_NOT_SURE,CAMERA_1,,I'm not really sure about that,
910,5,CAMERA_1,['CAMERA_1'],"{'CAMERA_1': ['autofocus_points', 'preset_modes'], 'CAMERA_2': [], 'CAMERA_3': []}",C_QUESTION_ABOUT_FEATURE,CAMERA_1,preset_modes,does it have preset modes,S_ANSWERS_QUESTION_ABOUT_FEATURE,CAMERA_1,preset_modes,"This one has 18 preset modes (e.g. beach, snow, night portrait).",13~63
910,6,CAMERA_1,['CAMERA_1'],"{'CAMERA_1': ['autofocus_points', 'preset_modes', 'sensor_size'], 'CAMERA_2': [], 'CAMERA_3': []}",C_QUESTION_ABOUT_FEATURE,CAMERA_1,sensor_size,what is the sensor size,S_NOT_SURE,CAMERA_1,,I'm not really sure about that,
910,7,CAMERA_1,['CAMERA_1'],"{'CAMERA_1': ['autofocus_points', 'preset_modes', 'sensor_size', 'long_exposure'], 'CAMERA_2': [], 'CAMERA_3': []}",C_QUESTION_ABOUT_FEATURE,CAMERA_1,long_exposure,can it take long exposure shots,S_NOT_SURE,CAMERA_1,,I'm not really sure about that,
910,8,CAMERA_1,['CAMERA_1'],"{'CAMERA_1': ['autofocus_points', 'preset_modes', 'sensor_size', 'long_exposure', 'optical_zoom'], 'CAMERA_2': [], 'CAMERA_3': []}",C_SILENT_OR_BACKCHANNEL,CAMERA_1,NONE,alright,S_INTRODUCES_FEATURE,CAMERA_1,optical_zoom,This one has 5x optical zoom.,13~28
910,9,NONE,['CAMERA_1'],"{'CAMERA_1': ['autofocus_points', 'preset_modes', 'sensor_size', 'long_exposure', 'optical_zoom'], 'CAMERA_2': [], 'CAMERA_3': []}",C_THANK_YOU,CAMERA_1,NONE,thank you for your help,S_THANK_YOU,CAMERA_1,NONE,thank you very much,
910,10,NONE,['CAMERA_1'],"{'CAMERA_1': ['autofocus_points', 'preset_modes', 'sensor_size', 'long_exposure', 'optical_zoom'], 'CAMERA_2': [], 'CAMERA_3': []}",C_LEAVES,DOOR,NONE,,S_RETURNS_TO_COUNTER,SERVICE_COUNTER,NONE,,
911,1,NONE,[],"{'CAMERA_1': [], 'CAMERA_2': [], 'CAMERA_3': []}",C_ENTERS,DOOR,NONE,,S_NONE,SERVICE_COUNTER,NONE,,
911,2,NONE,[],"{'CAMERA_1': [], 'CAMERA_2': [], 'CAMERA_3': []}",C_WALKS_TO_CAMERA,CAMERA_1,NONE,,S_NONE,SERVICE_COUNTER,NONE,,
911,3,NONE,[],"{'CAMERA_1': [], 'CAMERA_2': [], 'CAMERA_3': []}",C_EXAMINES_CAMERA,CAMERA_1,NONE,,S_NONE,SERVICE_COUNTER,NONE,,
911,4,CAMERA_1,['CAMERA_1'],"{'CAMERA_1': ['settings'], 'CAMERA_2': [], 'CAMERA_3': []}",C_QUESTION_ABOUT_FEATURE,CAMERA_1,settings,what kind of settings does it have,S_ANSWERS_QUESTION_ABOUT_FEATURE,CAMERA_1,settings,This one has limited manual settings.,13~36
911,5,CAMERA_1,['CAMERA_1'],"{'CAMERA_1': ['settings', 'price'], 'CAMERA_2': [], 'CAMERA_3': []}",C_QUESTION_ABOUT_FEATURE,CAMERA_1,price,how much does it cost,S_ANSWERS_QUESTION_ABOUT_FEATURE,CAMERA_1,price,This one costs $2173.,15~20
911,6,CAMERA_1,['CAMERA_1'],"{'CAMERA_1': ['settings', 'price', 'effects'], 'CAMERA_2': [], 'CAMERA_3': []}",C_SILENT_OR_BACKCHANNEL,CAMERA_1,NONE,alright,S_INTRODUCES_FEATURE,CAMERA_1,effects,"This one has 12 glamor retouch effects (e.g. skin softening, small face, big eyes).",13~82
911,7,NONE,['CAMERA_1'],"{'CAMERA_1': ['settings', 'price', 'effects'], 'CAMERA_2': [], 'CAMERA_3': []}",C_THANK_YOU,CAMERA_1,NONE,thank you for your help,S_THANK_YOU,CAMERA_1,NONE,thank you very much,
911,8,NONE,['CAMERA_1'],"{'CAMERA_1': ['settings', 'price', 'effects'], 'CAMERA_2': [], 'CAMERA_3': []}",C_LEAVES,DOOR,NONE,,S_RETURNS_TO_COUNTER,SERVICE_COUNTER,NONE,,
912,1,NONE,[],"{'CAMERA_1': [], 'CAMERA_2': [], 'CAMERA_3': []}",C_ENTERS,DOOR,NONE,,S_NONE,SERVICE_COUNTER,NONE,,
912,2,NONE,[],"{'CAMERA_1': [], 'CAMERA_2': [], 'CAMERA_3': []}",C_WALKS_TO_CAMERA,CAMERA_1,NONE,,S_NONE,SERVICE_COUNTER,NONE,,
912,3,NONE,[],"{'CAMERA_1': [], 'CAMERA_2': [], 'CAMERA_3': []}",C_EXAMINES_CAMERA,CAMERA_1,NONE,,S_NONE,SERVICE_COUNTER,NONE,,
912,4,NONE,[],"{'CAMERA_1': [], 'CAMERA_2': [], 'CAMERA_3': []}",C_WALKS_TO_CAMERA,CAMERA_2,NONE,,S_GREETS,CAMERA_2,NONE,can I help you?,
912,5,CAMERA_2,['CAMERA_2'],"{'CAMERA_1': [], 'CAMERA_2': [], 'CAMERA_3': []}",C_LOOKING_FOR_A_CAMERA,CAMERA_2,NONE,I'm looking for a camera,S_INTRODUCES_CAMERA,CAMERA_2,,Let me show you this. Here we have the Sony Alpha a6000.,39~55
912,6,CAMERA_2,['CAMERA_2'],"{'CAMERA_1': [], 'CAMERA_2': ['price'], 'CAMERA_3': []}",C_QUESTION_ABOUT_FEATURE,CAMERA_2,price,how much does it cost,S_ANSWERS_QUESTION_ABOUT_FEATURE,CAMERA_2,price,This one costs $1341.,15~20
912,7,CAMERA_2,['CAMERA_2'],"{'CAMERA_1': [], 'CAMERA_2': ['price', 'autofocus_points'], 'CAMERA_3': []}",C_QUESTION_ABOUT_FEATURE,CAMERA_2,autofocus_points,how many autofocus points does it have,S_ANSWERS_QUESTION_ABOUT_FEATURE,CAMERA_2,autofocus_points,This one has 179 autofocus points.,13~33
912,8,NONE,['CAMERA_2'],"{'CAMERA_1': [], 'CAMERA_2': ['price', 'autofocus_points'], 'CAMERA_3': []}",C_THANK_YOU,CAMERA_2,NONE,thank you for your help,S_THANK_YOU,CAMERA_2,NONE,thank you very much,
912,9,NONE,['CAMERA_2'],"{'CAMERA_1': [], 'CAMERA_2': ['price', 'autofocus_points'], 'CAMERA_3': []}",C_LEAVES,DOOR,NONE,,S_RETURNS_TO_COUNTER,SERVICE_COUNTER,NONE,,
913,1,NONE,[],"{'CAMERA_1': [], 'CAMERA_2': [], 'CAMERA_3': []}",C_ENTERS,DOOR,NONE,,S_NONE,SERVICE_COUNTER,NONE,,
913,2,NONE,[],"{'CAMERA_1': [], 'CAMERA_2': [], 'CAMERA_3': []}",C_GREETS,MIDDLE,NONE,hello,S_GREETS,MIDDLE,NONE,can I help you?,
913,3,CAMERA_1,['CAMERA_1'],"{'CAMERA_1': [], 'CAMERA_2': [], 'CAMERA_3': []}",C_LOOKING_FOR_A_CAMERA,MIDDLE,NONE,I'm looking for a camera,S_INTRODUCES_CAMERA,CAMERA_1,,Let me show you this. Here we have the Nikon Coolpix S2800.,39~58
913,4,CAMERA_1,['CAMERA_1'],"{'CAMERA_1': ['color'], 'CAMERA_2': [], 'CAMERA_3': []}",C_SILENT_OR_BACKCHANNEL,CAMERA_1,NONE,okay,S_INTRODUCES_FEATURE,CAMERA_1,color,"This one comes in purple, pink, black, silver, red.",18~50
913,5,CAMERA_1,['CAMERA_1'],"{'CAMERA_1': ['color', 'weight'], 'CAMERA_2': [], 'CAMERA_3': []}",C_SILENT_OR_BACKCHANNEL,CAMERA_1,NONE,okay,S_INTRODUCES_FEATURE,CAMERA_1,weight,This one weighs 120 grams.,16~25
913,6,NONE,['CAMERA_1'],"{'CAMERA_1': ['color', 'weight'], 'CAMERA_2': [], 'CAMERA_3': []}",C_THANK_YOU,CAMERA_1,NONE,thank you for your help,S_THANK_YOU,CAMERA_1,NONE,thank you very much,
913,7,NONE,['CAMERA_1'],"{'CAMERA_1': ['color', 'weight'], 'CAMERA_2': [], 'CAMERA_3': []}",C_LEAVES,DOOR,NONE,,S_RETURNS_TO_COUNTER,SERVICE_COUNTER,NONE,,
914,1,NONE,[],"{'CAMERA_1': [], 'CAMERA_2': [], 'CAMERA_3': []}",C_ENTERS,DOOR,NONE,,S_NONE,SERVICE_COUNTER,NONE,,
914,2,NONE,[],"{'CAMERA_1': [], 'CAMERA_2': [], 'CAMERA_3': []}",C_GREETS,MIDDLE,NONE,hello,S_GREETS,MIDDLE,NONE,can I help you?,
914,3,CAMERA_1,['CAMERA_1'],"{'CAMERA_1': [], 'CAMERA_2': [], 'CAMERA_3': []}",C_LOOKING_FOR_A_CAMERA,MIDDLE,NONE,I'm looking for a camera,S_INTRODUCES_CAMERA,CAMERA_1,,Let me show you this. Here we have the Nikon Coolpix S2800.,39~58
914,4,CAMERA_1,['CAMERA_1'],"{'CAMERA_1': ['optical_zoom'], 'CAMERA_2': [], 'CAMERA_3': []}",C_SILENT_OR_BACKCHANNEL,CAMERA_1,NONE,I see,S_INTRODUCES_FEATURE,CAMERA_1,optical_zoom,This one has 5x optical zoom.,13~28
914,5,NONE,['CAMERA_1'],"{'CAMERA_1': ['optical_zoom'], 'CAMERA_2': [], 'CAMERA_3': []}",C_THANK_YOU,CAMERA_1,NONE,thank you for your help,S_THANK_YOU,CAMERA_1,NONE,thank you very much,
914,6,NONE,['CAMERA_1'],"{'CAMERA_1': ['optical_zoom'], 'CAMERA_2': [], 'CAMERA_3': []}",C_LEAVES,DOOR,NONE,,S_RETURNS_TO_COUNTER,SERVICE_COUNTER,NONE,,
915,1,NONE,[],"{'CAMERA_1': [], 'CAMERA_2': [], 'CAMERA_3': []}",C_ENTERS,DOOR,NONE,,S_NONE,SERVICE_COUNTER,NONE,,
915,2,NONE,[],"{'CAMERA_1': [], 'CAMERA_2': [], 'CAMERA_3': []}",C_GREETS,MIDDLE,NONE,hello,S_GREETS,MIDDLE,NONE,can I help you?,
915,3,CAMERA_3,['CAMERA_3'],"{'CAMERA_1': [], 'CAMERA_2': [], 'CAMERA_3': []}",C_LOOKING_FOR_A_CAMERA,MIDDLE,NONE,I'm looking for a camera,S_INTRODUCES_CAMERA,CAMERA_3,,Let me show you this. Here we have the Canon EOS 5D Mark III.,39~60
915,4,CAMERA_3,['CAMERA_3'],"{'CAMERA_1': [], 'CAMERA_2': [], 'CAMERA_3': ['weight']}",C_QUESTION_ABOUT_FEATURE,CAMERA_3,weight,how much does this one weigh,S_ANSWERS_QUESTION_ABOUT_FEATURE,CAMERA_3,weight,This one weighs 950 grams (only body).,16~37
915,5,CAMERA_3,['CAMERA_3'],"{'CAMERA_1': [], 'CAMERA_2': [], 'CAMERA_3': ['weight', 'color']}",C_SILENT_OR_BACKCHANNEL,CAMERA_3,NONE,alright,S_INTRODUCES_FEATURE,CAMERA_3,color,This one comes in black.,18~23
915,6,CAMERA_1,"['CAMERA_3', 'CAMERA_1']","{'CAMERA_1': [], 'CAMERA_2': [], 'CAMERA_3': ['weight', 'color']}",C_ANYTHING_ELSE_AVAILABLE,CAMERA_3,NONE,ok do you have any other cameras,S_INTRODUCES_CAMERA,CAMERA_1,,Let me show you this. Here we have the Nikon Coolpix S2800.,39~58
915,7,CAMERA_1,"['CAMERA_3', 'CAMERA_1']","{'CAMERA_1': ['resolution'], 'CAMERA_2': [], 'CAMERA_3': ['weight', 'color']}",C_SILENT_OR_BACKCHANNEL,CAMERA_1,NONE,I see,S_INTRODUCES_FEATURE,CAMERA_1,resolution,This one has 20.1 megapixels resolution.,13~28
915,8,CAMERA_1,"['CAMERA_3', 'CAMERA_1']","{'CAMERA_1': ['resolution', 'weight'], 'CAMERA_2': [], 'CAMERA_3': ['weight', 'color']}",C_QUESTION_ABOUT_FEATURE,CAMERA_1,weight,how much does this one weigh,S_ANSWERS_QUESTION_ABOUT_FEATURE,CAMERA_1,weight,This one weighs 120 grams.,16~25
915,9,CAMERA_1,"['CAMERA_3', 'CAMERA_1']","{'CAMERA_1': ['resolution', 'weight', 'price'], 'CAMERA_2': [], 'CAMERA_3': ['weight', 'color']}",C_SILENT_OR_BACKCHANNEL,CAMERA_1,NONE,alright,S_INTRODUCES_FEATURE,CAMERA_1,price,This one costs $2173.,15~20
915,10,CAMERA_1,"['CAMERA_3', 'CAMERA_1']","{'CAMERA_1': ['resolution', 'weight', 'price', 'long_exposure'], 'CAMERA_2': [], 'CAMERA_3': ['weight', 'color']}",C_QUESTION_ABOUT_FEATURE,CAMERA_1,long_exposure,can it take long exposure shots,S_NOT_SURE,CAMERA_1,,I'm not really sure about that,
915,11,CAMERA_1,"['CAMERA_3', 'CAMERA_1']","{'CAMERA_1': ['resolution', 'weight', 'price', 'long_exposure', 'autofocus_points'], 'CAMERA_2': [], 'CAMERA_3': ['weight', 'color']}",C_QUESTION_ABOUT_FEATURE,CAMERA_1,autofocus_points,how many autofocus points does it have,S_NOT_SURE,CAMERA_1,,I'm not really sure about that,
915,12,CAMERA_1,"['CAMERA_3', 'CAMERA_1']","{'CAMERA_1': ['resolution', 'weight', 'price', 'long_exposure', 'autofocus_points', 'optical_zoom'], 'CAMERA_2': [], 'CAMERA_3': ['weight', 'color']}",C_SILENT_OR_BACKCHANNEL,CAMERA_1,NONE,okay,S_INTRODUCES_FEATURE,CAMERA_1,optical_zoom,This one has 5x optical zoom.,13~28
915,13,CAMERA_1,"['CAMERA_3', 'CAMERA_1']","{'CAMERA_1': ['resolution', 'weight', 'price', 'long_exposure', 'autofocus_points', 'optical_zoom', 'sensor_size'], 'CAMERA_2': [], 'CAMERA_3': ['weight', 'color']}",C_QUESTION_ABOUT_FEATURE,CAMERA_1,sensor_size,what is the sensor size,S_NOT_SURE,CAMERA_1,,I'm not really sure about that,
915,14,CAMERA_1,"['CAMERA_3', 'CAMERA_1']","{'CAMERA_1': ['resolution', 'weight', 'price', 'long_exposure', 'autofocus_points', 'optical_zoom', 'sensor_size', 'ISO'], 'CAMERA_2': [], 'CAMERA_3': ['weight', 'color']}",C_QUESTION_ABOUT_FEATURE,CAMERA_1,ISO,what is the ISO,S_NOT_SURE,CAMERA_1,,I'm not really sure about that,
915,15,CAMERA_2,"['CAMERA_3', 'CAMERA_1', 'CAMERA_2']","{'CAMERA_1': ['resolution', 'weight', 'price', 'long_exposure', 'autofocus_points', 'optical_zoom', 'sensor_size', 'ISO'], 'CAMERA_2': [], 'CAMERA_3': ['weight', 'color']}",C_ANYTHING_ELSE_AVAILABLE,CAMERA_1,NONE,ok do you have any other cameras,S_INTRODUCES_CAMERA,CAMERA_2,,Let me show you this. Here we have the Sony Alpha a6000.,39~55
915,16,CAMERA_2,"['CAMERA_3', 'CAMERA_1', 'CAMERA_2']","{'CAMERA_1': ['resolution', 'weight', 'price', 'long_exposure', 'autofocus_points', 'optical_zoom', 'sensor_size', 'ISO'], 'CAMERA_2': ['autofocus_points'], 'CAMERA_3': ['weight', 'color']}",C_QUESTION_ABOUT_FEATURE,CAMERA_2,autofocus_points,how many autofocus points does it have,S_ANSWERS_QUESTION_ABOUT_FEATURE,CAMERA_2,autofocus_points,This one has 179 autofocus points.,13~33
915,17,CAMERA_2,"['CAMERA_3', 'CAMERA_1', 'CAMERA_2']","{'CAMERA_1': ['resolution', 'weight', 'price', 'long_exposure', 'autofocus_points', 'optical_zoom', 'sensor_size', 'ISO'], 'CAMERA_2': ['autofocus_points', 'weight'], 'CAMERA_3': ['weight', 'color']}",C_QUESTION_ABOUT_FEATURE,CAMERA_2,weight,how much does this one weigh,S_ANSWERS_QUESTION_ABOUT_FEATURE,CAMERA_2,weight,This one weighs 470 grams.,16~25
915,18,CAMERA_2,"['CAMERA_3', 'CAMERA_1', 'CAMERA_2']","{'CAMERA_1': ['resolution', 'weight', 'price', 'long_exposure', 'autofocus_points', 'optical_zoom', 'sensor_size', 'ISO'], 'CAMERA_2': ['autofocus_points', 'weight', 'ISO'], 'CAMERA_3': ['weight', 'color']}",C_QUESTION_ABOUT_FEATURE,CAMERA_2,ISO,what is the ISO,S_ANSWERS_QUESTION_ABOUT_FEATURE,CAMERA_2,ISO,This one has up to 3200 ISO with little noise.,13~45
915,19,CAMERA_2,"['CAMERA_3', 'CAMERA_1', 'CAMERA_2']","{'CAMERA_1': ['resolution', 'weight', 'price', 'long_exposure', 'autofocus_points', 'optical_zoom', 'sensor_size', 'ISO'], 'CAMERA_2': ['autofocus_points', 'weight', 'ISO', 'camera_type'], 'CAMERA_3': ['weight', 'color']}",C_QUESTION_ABOUT_FEATURE,CAMERA_2,camera_type,what kind of camera is this,S_ANSWERS_QUESTION_ABOUT_FEATURE,CAMERA_2,camera_type,This is a mirrorless camera.,10~20
915,20,NONE,"['CAMERA_3', 'CAMERA_1', 'CAMERA_2']","{'CAMERA_1': ['resolution', 'weight', 'price', 'long_exposure', 'autofocus_points', 'optical_zoom', 'sensor_size', 'ISO'], 'CAMERA_2': ['autofocus_points', 'weight', 'ISO', 'camera_type'], 'CAMERA_3': ['weight', 'color']}",C_THANK_YOU,CAMERA_2,NONE,thank you for your help,S_THANK_YOU,CAMERA_2,NONE,thank you very much,
915,21,NONE,"['CAMERA_3', 'CAMERA_1', 'CAMERA_2']","{'CAMERA_1': ['resolution', 'weight', 'price', 'long_exposure', 'autofocus_points', 'optical_zoom', 'sensor_size', 'ISO'], 'CAMERA_2': ['autofocus_points', 'weight', 'ISO', 'camera_type'], 'CAMERA_3': ['weight', 'color']}",C_LEAVES,DOOR,NONE,,S_RETURNS_TO_COUNTER,SERVICE_COUNTER,NONE,,
916,1,NONE,[],"{'CAMERA_1': [], 'CAMERA_2': [], 'CAMERA_3': []}",C_ENTERS,DOOR,NONE,,S_NONE,SERVICE_COUNTER,NONE,,
916,2,NONE,[],"{'CAMERA_1': [], 'CAMERA_2': [], 'CAMERA_3': []}",C_GREETS,MIDDLE,NONE,hello,S_GREETS,MIDDLE,NONE,can I help you?,
916,3,CAMERA_2,['CAMERA_2'],"{'CAMERA_1': [], 'CAMERA_2': [], 'CAMERA_3': []}",C_LOOKING_FOR_A_CAMERA,MIDDLE,NONE,I'm looking for a camera,S_INTRODUCES_CAMERA,CAMERA_2,,Let me show you this. Here we have the Sony Alpha a6000.,39~55
916,4,CAMERA_2,['CAMERA_2'],"{'CAMERA_1': [], 'CAMERA_2': ['price'], 'CAMERA_3': []}",C_QUESTION_ABOUT_FEATURE,CAMERA_2,price,how much does it cost,S_ANSWERS_QUESTION_ABOUT_FEATURE,CAMERA_2,price,This one costs $1341.,15~20
916,5,CAMERA_2,['CAMERA_2'],"{'CAMERA_1': [], 'CAMERA_2': ['price', 'effects'], 'CAMERA_3': []}",C_QUESTION_ABOUT_FEATURE,CAMERA_2,effects,does it have any effect modes,S_ANSWERS_QUESTION_ABOUT_FEATURE,CAMERA_2,effects,"This one has 13 artistic effect modes (e.g. toy camera, soft focus).",13~67
916,6,CAMERA_2,['CAMERA_2'],"{'CAMERA_1': [], 'CAMERA_2': ['price', 'effects', 'long_exposure'], 'CAMERA_3': []}",C_SILENT_OR_BACKCHANNEL,CAMERA_2,NONE,okay,S_INTRODUCES_FEATURE,CAMERA_2,long_exposure,This one can take long exposures up to up to 30 seconds.,39~55
916,7,CAMERA_2,['CAMERA_2'],"{'CAMERA_1': [], 'CAMERA_2': ['price', 'effects', 'long_exposure', 'weight'], 'CAMERA_3': []}",C_QUESTION_ABOUT_FEATURE,CAMERA_2,weight,how much does this one weigh,S_ANSWERS_QUESTION_ABOUT_FEATURE,CAMERA_2,weight,This one weighs 470 grams.,16~25
916,8,CAMERA_3,"['CAMERA_2', 'CAMERA_3']","{'CAMERA_1': [], 'CAMERA_2': ['price', 'effects', 'long_exposure', 'weight'], 'CAMERA_3': []}",C_ANYTHING_ELSE_AVAILABLE,CAMERA_2,NONE,ok do you have any other cameras,S_INTRODUCES_CAMERA,CAMERA_3,,Let me show you this. Here we have the Canon EOS 5D Mark III.,39~60
916,9,CAMERA_3,"['CAMERA_2', 'CAMERA_3']","{'CAMERA_1': [], 'CAMERA_2': ['price', 'effects', 'long_exposure', 'weight'], 'CAMERA_3': ['settings']}",C_QUESTION_ABOUT_FEATURE,CAMERA_3,settings,what kind of settings does it have,S_ANSWERS_QUESTION_ABOUT_FEATURE,CAMERA_3,settings,This one has full manual control.,13~32
916,10,CAMERA_3,"['CAMERA_2', 'CAMERA_3']","{'CAMERA_1': [], 'CAMERA_2': ['price', 'effects', 'long_exposure', 'weight'], 'CAMERA_3': ['settings', 'camera_type']}",C_SILENT_OR_BACKCHANNEL,CAMERA_3,NONE,alright,S_INTRODUCES_FEATURE,CAMERA_3,camera_type,This is a DSLR camera.,10~14
916,11,NONE,"['CAMERA_2', 'CAMERA_3']","{'CAMERA_1': [], 'CAMERA_2': ['price', 'effects', 'long_exposure', 'weight'], 'CAMERA_3': ['settings', 'camera_type']}",C_THANK_YOU,CAMERA_3,NONE,thank you for your help,S_THANK_YOU,CAMERA_3,NONE,thank you very much,
916,12,NONE,"['CAMERA_2', 'CAMERA_3']","{'CAMERA_1': [], 'CAMERA_2': ['price', 'effects', 'long_exposure', 'weight'], 'CAMERA_3': ['settings', 'camera_type']}",C_LEAVES,DOOR,NONE,,S_RETURNS_TO_COUNTER,SERVICE_COUNTER,NONE,,
917,1,NONE,[],"{'CAMERA_1': [], 'CAMERA_2': [], 'CAMERA_3': []}",C_ENTERS,DOOR,NONE,,S_NONE,SERVICE_COUNTER,NONE,,
917,2,NONE,[],"{'CAMERA_1': [], 'CAMERA_2': [], 'CAMERA_3': []}",C_GREETS,MIDDLE,NONE,hello,S_GREETS,MIDDLE,NONE,can I help you?,
917,3,CAMERA_3,['CAMERA_3'],"{'CAMERA_1': [], 'CAMERA_2': [], 'CAMERA_3': []}",C_LOOKING_FOR_A_CAMERA,MIDDLE,NONE,I'm looking for a camera,S_INTRODUCES_CAMERA,CAMERA_3,,Let me show you this. Here we have the Canon EOS 5D Mark III.,39~60
917,4,CAMERA_3,['CAMERA_3'],"{'CAMERA_1': [], 'CAMERA_2': [], 'CAMERA_3': ['autofocus_points']}",C_QUESTION_ABOUT_FEATURE,CAMERA_3,autofocus_points,how many autofocus points does it have,S_ANSWERS_QUESTION_ABOUT_FEATURE,CAMERA_3,autofocus_points,This one has 61 autofocus points.,13~32
917,5,CAMERA_3,['CAMERA_3'],"{'CAMERA_1': [], 'CAMERA_2': [], 'CAMERA_3': ['autofocus_points', 'effects']}",C_QUESTION_ABOUT_FEATURE,CAMERA_3,effects,does it have any effect modes,S_NOT_SURE,CAMERA_3,,I'm not really sure about that,
917,6,CAMERA_3,['CAMERA_3'],"{'CAMERA_1': [], 'CAMERA_2': [], 'CAMERA_3': ['autofocus_points', 'effects', 'preset_modes']}",C_QUESTION_ABOUT_FEATURE,CAMERA_3,preset_modes,does it have preset modes,S_NOT_SURE,CAMERA_3,,I'm not really sure about that,
917,7,CAMERA_3,['CAMERA_3'],"{'CAMERA_1': [], 'CAMERA_2': [], 'CAMERA_3': ['autofocus_points', 'effects', 'preset_modes', 'price']}",C_SILENT_OR_BACKCHANNEL,CAMERA_3,NONE,alright,S_INTRODUCES_FEATURE,CAMERA_3,price,This one costs $3706.,15~20
917,8,CAMERA_3,['CAMERA_3'],"{'CAMERA_1': [], 'CAMERA_2': [], 'CAMERA_3': ['autofocus_points', 'effects', 'preset_modes', 'price', 'long_exposure']}",C_QUESTION_ABOUT_FEATURE,CAMERA_3,long_exposure,can it take long exposure shots,S_ANSWERS_QUESTION_ABOUT_FEATURE,CAMERA_3,long_exposure,"This one can take long exposures up to up to 30 seconds, bulb mode: expose as long as you want.",39~94
917,9,CAMERA_3,['CAMERA_3'],"{'CAMERA_1': [], 'CAMERA_2': [], 'CAMERA_3': ['autofocus_points', 'effects', 'preset_modes', 'price', 'long_exposure', 'camera_type']}",C_QUESTION_ABOUT_FEATURE,CAMERA_3,camera_type,what kind of camera is this,S_ANSWERS_QUESTION_ABOUT_FEATURE,CAMERA_3,camera_type,This is a DSLR camera.,10~14
917,10,CAMERA_3,['CAMERA_3'],"{'CAMERA_1': [], 'CAMERA_2': [], 'CAMERA_3': ['autofocus_points', 'effects', 'preset_modes', 'price', 'long_exposure', 'camera_type', 'color']}",C_QUESTION_ABOUT_FEATURE,CAMERA_3,color,what colors does this one come in,S_ANSWERS_QUESTION_ABOUT_FEATURE,CAMERA_3,color,This one comes in black.,18~23
917,11,CAMERA_3,['CAMERA_3'],"{'CAMERA_1': [], 'CAMERA_2': [], 'CAMERA_3': ['autofocus_points', 'effects', 'preset_modes', 'price', 'long_exposure', 'camera_type', 'color', 'weight']}",C_SILENT_OR_BACKCHANNEL,CAMERA_3,NONE,alright,S_INTRODUCES_FEATURE,CAMERA_3,weight,This one weighs 950 grams (only body).,16~37
917,12,CAMERA_3,['CAMERA_3'],"{'CAMERA_1': [], 'CAMERA_2': [], 'CAMERA_3': ['autofocus_points', 'effects', 'preset_modes', 'price', 'long_exposure', 'camera_type', 'color', 'weight', 'settings']}",C_SILENT_OR_BACKCHANNEL,CAMERA_3,NONE,alright,S_INTRODUCES_FEATURE,CAMERA_3,settings,This one has full manual control.,13~32
917,13,CAMERA_3,['CAMERA_3'],"{'CAMERA_1': [], 'CAMERA_2': [], 'CAMERA_3': ['autofocus_points', 'effects', 'preset_modes', 'price', 'long_exposure', 'camera_type', 'color', 'weight', 'settings', 'ISO']}",C_SILENT_OR_BACKCHANNEL,CAMERA_3,NONE,I see,S_INTRODUCES_FEATURE,CAMERA_3,ISO,This one has up to 6400 ISO with little noise.,13~45
917,14,CAMERA_3,['CAMERA_3'],"{'CAMERA_1': [], 'CAMERA_2': [], 'CAMERA_3': ['autofocus_points', 'effects', 'preset_modes', 'price', 'long_exposure', 'camera_type', 'color', 'weight', 'settings', 'ISO', 'sensor_size']}",C_SILENT_OR_BACKCHANNEL,CAMERA_3,NONE,I see,S_INTRODUCES_FEATURE,CAMERA_3,sensor_size,This one has a full frame.,15~25
917,15,CAMERA_1,"['CAMERA_3', 'CAMERA_1']","{'CAMERA_1': [], 'CAMERA_2': [], 'CAMERA_3': ['autofocus_points', 'effects', 'preset_modes', 'price', 'long_exposure', 'camera_type', 'color', 'weight', 'settings', 'ISO', 'sensor_size']}",C_ANYTHING_ELSE_AVAILABLE,CAMERA_3,NONE,ok do you have any other cameras,S_INTRODUCES_CAMERA,CAMERA_1,,Let me show you this. Here we have the Nikon Coolpix S2800.,39~58
917,16,CAMERA_1,"['CAMERA_3', 'CAMERA_1']","{'CAMERA_1': ['camera_type'], 'CAMERA_2': [], 'CAMERA_3': ['autofocus_points', 'effects', 'preset_modes', 'price', 'long_exposure', 'camera_type', 'color', 'weight', 'settings', 'ISO', 'sensor_size']}",C_SILENT_OR_BACKCHANNEL,CAMERA_1,NONE,okay,S_INTRODUCES_FEATURE,CAMERA_1,camera_type,This is a point and shoot camera.,10~25
917,17,NONE,"['CAMERA_3', 'CAMERA_1']","{'CAMERA_1': ['camera_type'], 'CAMERA_2': [], 'CAMERA_3': ['autofocus_points', 'effects', 'preset_modes', 'price', 'long_exposure', 'camera_type', 'color', 'weight', 'settings', 'ISO', 'sensor_size']}",C_THANK_YOU,CAMERA_1,NONE,thank you for your help,S_THANK_YOU,CAMERA_1,NONE,thank you very much,
917,18,NONE,"['CAMERA_3', 'CAMERA_1']","{'CAMERA_1': ['camera_type'], 'CAMERA_2': [], 'CAMERA_3': ['autofocus_points', 'effects', 'preset_modes', 'price', 'long_exposure', 'camera_type', 'color', 'weight', 'settings', 'ISO', 'sensor_size']}",C_LEAVES,DOOR,NONE,,S_RETURNS_TO_COUNTER,SERVICE_COUNTER,NONE,,
918,1,NONE,[],"{'CAMERA_1': [], 'CAMERA_2': [], 'CAMERA_3': []}",C_ENTERS,DOOR,NONE,,S_NONE,SERVICE_COUNTER,NONE,,
918,2,NONE,[],"{'CAMERA_1': [], 'CAMERA_2': [], 'CAMERA_3': []}",C_GREETS,MIDDLE,NONE,hello,S_GREETS,MIDDLE,NONE,can I help you?,
918,3,CAMERA_2,['CAMERA_2'],"{'CAMERA_1': [], 'CAMERA_2': [], 'CAMERA_3': []}",C_LOOKING_FOR_A_CAMERA,MIDDLE,NONE,I'm looking for a camera,S_INTRODUCES_CAMERA,CAMERA_2,,Let me show you this. Here we have the Sony Alpha a6000.,39~55
918,4,CAMERA_2,['CAMERA_2'],"{'CAMERA_1': [], 'CAMERA_2': ['optical_zoom'], 'CAMERA_3': []}",C_QUESTION_ABOUT_FEATURE,CAMERA_2,optical_zoom,does it have optical zoom,S_NOT_SURE,CAMERA_2,,I'm not really sure about that,
918,5,CAMERA_2,['CAMERA_2'],"{'CAMERA_1': [], 'CAMERA_2': ['optical_zoom', 'effects'], 'CAMERA_3': []}",C_QUESTION_ABOUT_FEATURE,CAMERA_2,effects,does it have any effect modes,S_ANSWERS_QUESTION_ABOUT_FEATURE,CAMERA_2,effects,"This one has 13 artistic effect modes (e.g. toy camera, soft focus).",13~67
918,6,CAMERA_2,['CAMERA_2'],"{'CAMERA_1': [], 'CAMERA_2': ['optical_zoom', 'effects', 'sensor_size'], 'CAMERA_3': []}",C_QUESTION_ABOUT_FEATURE,CAMERA_2,sensor_size,what is the sensor size,S_ANSWERS_QUESTION_ABOUT_FEATURE,CAMERA_2,sensor_size,This one has a APS-C sensor (crop sensor).,15~41
918,7,CAMERA_2,['CAMERA_2'],"{'CAMERA_1': [], 'CAMERA_2': ['optical_zoom', 'effects', 'sensor_size', 'weight'], 'CAMERA_3': []}",C_SILENT_OR_BACKCHANNEL,CAMERA_2,NONE,okay,S_INTRODUCES_FEATURE,CAMERA_2,weight,This one weighs 470 grams.,16~25
918,8,CAMERA_2,['CAMERA_2'],"{'CAMERA_1': [], 'CAMERA_2': ['optical_zoom', 'effects', 'sensor_size', 'weight', 'color'], 'CAMERA_3': []}",C_QUESTION_ABOUT_FEATURE,CAMERA_2,color,what colors does this one come in,S_ANSWERS_QUESTION_ABOUT_FEATURE,CAMERA_2,color,"This one comes in white, silver, black.",18~38
918,9,CAMERA_1,"['CAMERA_2', 'CAMERA_1']","{'CAMERA_1': [], 'CAMERA_2': ['optical_zoom', 'effects', 'sensor_size', 'weight', 'color'], 'CAMERA_3': []}",C_ANYTHING_ELSE_AVAILABLE,CAMERA_2,NONE,ok do you have any other cameras,S_INTRODUCES_CAMERA,CAMERA_1,,Let me show you this. Here we have the Nikon Coolpix S2800.,39~58
918,10,CAMERA_1,"['CAMERA_2', 'CAMERA_1']","{'CAMERA_1': ['color'], 'CAMERA_2': ['optical_zoom', 'effects', 'sensor_size', 'weight', 'color'], 'CAMERA_3': []}",C_SILENT_OR_BACKCHANNEL,CAMERA_1,NONE,okay,S_INTRODUCES_FEATURE,CAMERA_1,color,"This one comes in purple, pink, black, silver, red.",18~50
918,11,CAMERA_3,"['CAMERA_2', 'CAMERA_1', 'CAMERA_3']","{'CAMERA_1': ['color'], 'CAMERA_2': ['optical_zoom', 'effects', 'sensor_size', 'weight', 'color'], 'CAMERA_3': []}",C_ANYTHING_ELSE_AVAILABLE,CAMERA_1,NONE,ok do you have any other cameras,S_INTRODUCES_CAMERA,CAMERA_3,,Let me show you this. Here we have the Canon EOS 5D Mark III.,39~60
918,12,CAMERA_3,"['CAMERA_2', 'CAMERA_1', 'CAMERA_3']","{'CAMERA_1': ['color'], 'CAMERA_2': ['optical_zoom', 'effects', 'sensor_size', 'weight', 'color'], 'CAMERA_3': ['color']}",C_QUESTION_ABOUT_FEATURE,CAMERA_3,color,what colors does this one come in,S_ANSWERS_QUESTION_ABOUT_FEATURE,CAMERA_3,color,This one comes in black.,18~23
918,13,CAMERA_3,"['CAMERA_2', 'CAMERA_1', 'CAMERA_3']","{'CAMERA_1': ['color'], 'CAMERA_2': ['optical_zoom', 'effects', 'sensor_size', 'weight', 'color'], 'CAMERA_3': ['color', 'resolution']}",C_QUESTION_ABOUT_FEATURE,CAMERA_3,resolution,what is the resolution,S_NOT_SURE,CAMERA_3,,I'm not really sure about that,
918,14,CAMERA_3,"['CAMERA_2', 'CAMERA_1', 'CAMERA_3']","{'CAMERA_1': ['color'], 'CAMERA_2': ['optical_zoom', 'effects', 'sensor_size', 'weight', 'color'], 'CAMERA_3': ['color', 'resolution', 'camera_type']}",C_SILENT_OR_BACKCHANNEL,CAMERA_3,NONE,I see,S_INTRODUCES_FEATURE,CAMERA_3,camera_type,This is a DSLR camera.,10~14
918,15,CAMERA_3,"['CAMERA_2', 'CAMERA_1', 'CAMERA_3']","{'CAMERA_1': ['color'], 'CAMERA_2': ['optical_zoom', 'effects', 'sensor_size', 'weight', 'color'], 'CAMERA_3': ['color', 'resolution', 'camera_type', 'autofocus_points']}",C_SILENT_OR_BACKCHANNEL,CAMERA_3,NONE,alright,S_INTRODUCES_FEATURE,CAMERA_3,autofocus_points,This one has 61 autofocus points.,13~32
918,16,CAMERA_3,"['CAMERA_2', 'CAMERA_1', 'CAMERA_3']","{'CAMERA_1': ['color'], 'CAMERA_2': ['optical_zoom', 'effects', 'sensor_size', 'weight', 'color'], 'CAMERA_3': ['color', 'resolution', 'camera_type', 'autofocus_points', 'ISO']}",C_SILENT_OR_BACKCHANNEL,CAMERA_3,NONE,alright,S_INTRODUCES_FEATURE,CAMERA_3,ISO,This one has up to 6400 ISO with little noise.,13~45
918,17,CAMERA_3,"['CAMERA_2', 'CAMERA_1', 'CAMERA_3']","{'CAMERA_1': ['color'], 'CAMERA_2': ['optical_zoom', 'effects', 'sensor_size', 'weight', 'color'], 'CAMERA_3': ['color', 'resolution', 'camera_type', 'autofocus_points', 'ISO', 'long_exposure']}",C_QUESTION_ABOUT_FEATURE,CAMERA_3,long_exposure,can it take long exposure shots,S_ANSWERS_QUESTION_ABOUT_FEATURE,CAMERA_3,long_exposure,"This one can take long exposures up to up to 30 seconds, bulb mode: expose as long as you want.",39~94
918,18,CAMERA_3,"['CAMERA_2', 'CAMERA_1', 'CAMERA_3']","{'CAMERA_1': ['color'], 'CAMERA_2': ['optical_zoom', 'effects', 'sensor_size', 'weight', 'color'], 'CAMERA_3': ['color', 'resolution', 'camera_type', 'autofocus_points', 'ISO', 'long_exposure', 'price']}",C_SILENT_OR_BACKCHANNEL,CAMERA_3,NONE,okay,S_INTRODUCES_FEATURE,CAMERA_3,price,This one costs $3706.,15~20
918,19,CAMERA_3,"['CAMERA_2', 'CAMERA_1', 'CAMERA_3']","{'CAMERA_1': ['color'], 'CAMERA_2': ['optical_zoom', 'effects', 'sensor_size', 'weight', 'color'], 'CAMERA_3': ['color', 'resolution', 'camera_type', 'autofocus_points', 'ISO', 'long_exposure', 'price', 'weight']}",C_SILENT_OR_BACKCHANNEL,CAMERA_3,NONE,I see,S_INTRODUCES_FEATURE,CAMERA_3,weight,This one weighs 950 grams (only body).,16~37
918,20,CAMERA_3,"['CAMERA_2', 'CAMERA_1', 'CAMERA_3']","{'CAMERA_1': ['color'], 'CAMERA_2': ['optical_zoom', 'effects', 'sensor_size', 'weight', 'color'], 'CAMERA_3': ['color', 'resolution', 'camera_type', 'autofocus_points', 'ISO', 'long_exposure', 'price', 'weight', 'settings']}",C_QUESTION_ABOUT_FEATURE,CAMERA_3,settings,what kind of settings does it have,S_ANSWERS_QUESTION_ABOUT_FEATURE,CAMERA_3,settings,This one has full manual control.,13~32
918,21,CAMERA_3,"['CAMERA_2', 'CAMERA_1', 'CAMERA_3']","{'CAMERA_1': ['color'], 'CAMERA_2': ['optical_zoom', 'effects', 'sensor_size', 'weight', 'color'], 'CAMERA_3': ['color', 'resolution', 'camera_type', 'autofocus_points', 'ISO', 'long_exposure', 'price', 'weight', 'settings', 'preset_modes']}",C_QUESTION_ABOUT_FEATURE,CAMERA_3,preset_modes,does it have preset modes,S_NOT_SURE,CAMERA_3,,I'm not really sure about that,
918,22,CAMERA_3,"['CAMERA_2', 'CAMERA_1', 'CAMERA_3']","{'CAMERA_1': ['color'], 'CAMERA_2': ['optical_zoom', 'effects', 'sensor_size', 'weight', 'color'], 'CAMERA_3': ['color', 'resolution', 'camera_type', 'autofocus_points', 'ISO', 'long_exposure', 'price', 'weight', 'settings', 'preset_modes', 'sensor_size']}",C_SILENT_OR_BACKCHANNEL,CAMERA_3,NONE,okay,S_INTRODUCES_FEATURE,CAMERA_3,sensor_size,This one has a full frame.,15~25
918,23,CAMERA_3,"['CAMERA_2', 'CAMERA_1', 'CAMERA_3']","{'CAMERA_1': ['color'], 'CAMERA_2': ['optical_zoom', 'effects', 'sensor_size', 'weight', 'color'], 'CAMERA_3': ['color', 'resolution', 'camera_type', 'autofocus_points', 'ISO', 'long_exposure', 'price', 'weight', 'settings', 'preset_modes', 'sensor_size', 'effects']}",C_QUESTION_ABOUT_FEATURE,CAMERA_3,effects,does it have any effect modes,S_NOT_SURE,CAMERA_3,,I'm not really sure about that,
918,24,NONE,"['CAMERA_2', 'CAMERA_1', 'CAMERA_3']","{'CAMERA_1': ['color'], 'CAMERA_2': ['optical_zoom', 'effects', 'sensor_size', 'weight', 'color'], 'CAMERA_3': ['color', 'resolution', 'camera_type', 'autofocus_points', 'ISO', 'long_exposure', 'price', 'weight', 'settings', 'preset_modes', 'sensor_size', 'effects']}",C_THANK_YOU,CAMERA_3,NONE,thank you for your help,S_THANK_YOU,CAMERA_3,NONE,thank you very much,
918,25,NONE,"['CAMERA_2', 'CAMERA_1', 'CAMERA_3']","{'CAMERA_1': ['color'], 'CAMERA_2': ['optical_zoom', 'effects', 'sensor_size', 'weight', 'color'], 'CAMERA_3': ['color', 'resolution', 'camera_type', 'autofocus_points', 'ISO', 'long_exposure', 'price', 'weight', 'settings', 'preset_modes', 'sensor_size', 'effects']}",C_LEAVES,DOOR,NONE,,S_RETURNS_TO_COUNTER,SERVICE_COUNTER,NONE,,
919,1,NONE,[],"{'CAMERA_1': [], 'CAMERA_2': [], 'CAMERA_3': []}",C_ENTERS,DOOR,NONE,,S_NONE,SERVICE_COUNTER,NONE,,
919,2,NONE,[],"{'CAMERA_1': [], 'CAMERA_2': [], 'CAMERA_3': []}",C_GREETS,MIDDLE,NONE,hello,S_GREETS,MIDDLE,NONE,can I help you?,
919,3,CAMERA_3,['CAMERA_3'],"{'CAMERA_1': [], 'CAMERA_2': [], 'CAMERA_3': []}",C_LOOKING_FOR_A_CAMERA,MIDDLE,NONE,I'm looking for a camera,S_INTRODUCES_CAMERA,CAMERA_3,,Let me show you this. Here we have the Canon EOS 5D Mark III.,39~60
919,4,CAMERA_3,['CAMERA_3'],"{'CAMERA_1': [], 'CAMERA_2': [], 'CAMERA_3': ['settings']}",C_SILENT_OR_BACKCHANNEL,CAMERA_3,NONE,okay,S_INTRODUCES_FEATURE,CAMERA_3,settings,This one has full manual control.,13~32
919,5,NONE,['CAMERA_3'],"{'CAMERA_1': [], 'CAMERA_2': [], 'CAMERA_3': ['settings']}",C_THANK_YOU,CAMERA_3,NONE,thank you for your help,S_THANK_YOU,CAMERA_3,NONE,thank you very much,
919,6,NONE,['CAMERA_3'],"{'CAMERA_1': [], 'CAMERA_2': [], 'CAMERA_3': ['settings']}",C_LEAVES,DOOR,NONE,,S_RETURNS_TO_COUNTER,SERVICE_COUNTER,NONE,,
920,1,NONE,[],"{'CAMERA_1': [], 'CAMERA_2': [], 'CAMERA_3': []}",C_ENTERS,DOOR,NONE,,S_NONE,SERVICE_COUNTER,NONE,,
920,2,NONE,[],"{'CAMERA_1': [], 'CAMERA_2': [], 'CAMERA_3': []}",C_WALKS_TO_CAMERA,CAMERA_2,NONE,,S_GREETS,CAMERA_2,NONE,can I help you?,
920,3,CAMERA_3,['CAMERA_3'],"{'CAMERA_1': [], 'CAMERA_2': [], 'CAMERA_3': []}",C_LOOKING_FOR_A_CAMERA,CAMERA_2,NONE,I'm looking for a camera,S_INTRODUCES_CAMERA,CAMERA_3,,Let me show you this. Here we have the Canon EOS 5D Mark III.,39~60
920,4,CAMERA_3,['CAMERA_3'],"{'CAMERA_1': [], 'CAMERA_2': [], 'CAMERA_3': ['ISO']}",C_QUESTION_ABOUT_FEATURE,CAMERA_3,ISO,what is the ISO,S_ANSWERS_QUESTION_ABOUT_FEATURE,CAMERA_3,ISO,This one has up to 6400 ISO with little noise.,13~45
920,5,NONE,['CAMERA_3'],"{'CAMERA_1': [], 'CAMERA_2': [], 'CAMERA_3': ['ISO']}",C_THANK_YOU,CAMERA_3,NONE,thank you for your help,S_THANK_YOU,CAMERA_3,NONE,thank you very much,
920,6,NONE,['CAMERA_3'],"{'CAMERA_1': [], 'CAMERA_2': [], 'CAMERA_3': ['ISO']}",C_LEAVES,DOOR,NONE,,S_RETURNS_TO_COUNTER,SERVICE_COUNTER,NONE,,
921,1,NONE,[],"{'CAMERA_1': [], 'CAMERA_2': [], 'CAMERA_3': []}",C_ENTERS,DOOR,NONE,,S_NONE,SERVICE_COUNTER,NONE,,
921,2,NONE,[],"{'CAMERA_1': [], 'CAMERA_2': [], 'CAMERA_3': []}",C_WALKS_TO_CAMERA,CAMERA_2,NONE,,S_GREETS,CAMERA_2,NONE,can I help you?,
921,3,CAMERA_2,['CAMERA_2'],"{'CAMERA_1': [], 'CAMERA_2': [], 'CAMERA_3': []}",C_LOOKING_FOR_A_CAMERA,CAMERA_2,NONE,I'm looking for a camera,S_INTRODUCES_CAMERA,CAMERA_2,,Let me show you this. Here we have the Sony Alpha a6000.,39~55
921,4,CAMERA_2,['CAMERA_2'],"{'CAMERA_1': [], 'CAMERA_2': ['autofocus_points'], 'CAMERA_3': []}",C_QUESTION_ABOUT_FEATURE,CAMERA_2,autofocus_points,how many autofocus points does it have,S_ANSWERS_QUESTION_ABOUT_FEATURE,CAMERA_2,autofocus_points,This one has 179 autofocus points.,13~33
921,5,CAMERA_2,['CAMERA_2'],"{'CAMERA_1': [], 'CAMERA_2': ['autofocus_points', 'price'], 'CAMERA_3': []}",C_QUESTION_ABOUT_FEATURE,CAMERA_2,price,how much does it cost,S_ANSWERS_QUESTION_ABOUT_FEATURE,CAMERA_2,price,This one costs $1341.,15~20
921,6,CAMERA_2,['CAMERA_2'],"{'CAMERA_1': [], 'CAMERA_2': ['autofocus_points', 'price', 'settings'], 'CAMERA_3': []}",C_SILENT_OR_BACKCHANNEL,CAMERA_2,NONE,alright,S_INTRODUCES_FEATURE,CAMERA_2,settings,This one has full manual control.,13~32
921,7,NONE,['CAMERA_2'],"{'CAMERA_1': [], 'CAMERA_2': ['autofocus_points', 'price', 'settings'], 'CAMERA_3': []}",C_THANK_YOU,CAMERA_2,NONE,thank you for your help,S_THANK_YOU,CAMERA_2,NONE,thank you very much,
921,8,NONE,['CAMERA_2'],"{'CAMERA_1': [], 'CAMERA_2': ['autofocus_points', 'price', 'settings'], 'CAMERA_3': []}",C_LEAVES,DOOR,NONE,,S_RETURNS_TO_COUNTER,SERVICE_COUNTER,NONE,,
922,1,NONE,[],"{'CAMERA_1': [], 'CAMERA_2': [], 'CAMERA_3': []}",C_ENTERS,DOOR,NONE,,S_NONE,SERVICE_COUNTER,NONE,,
922,2,NONE,[],"{'CAMERA_1': [], 'CAMERA_2': [], 'CAMERA_3': []}",C_WALKS_TO_CAMERA,CAMERA_1,NONE,,S_GREETS,CAMERA_1,NONE,can I help you?,
922,3,CAMERA_1,['CAMERA_1'],"{'CAMERA_1': [], 'CAMERA_2': [], 'CAMERA_3': []}",C_LOOKING_FOR_A_CAMERA,CAMERA_1,NONE,I'm looking for a camera,S_INTRODUCES_CAMERA,CAMERA_1,,Let me show you this. Here we have the Nikon Coolpix S2800.,39~58
922,4,CAMERA_1,['CAMERA_1'],"{'CAMERA_1': ['camera_type'], 'CAMERA_2': [], 'CAMERA_3': []}",C_QUESTION_ABOUT_FEATURE,CAMERA_1,camera_type,what kind of camera is this,S_ANSWERS_QUESTION_ABOUT_FEATURE,CAMERA_1,camera_type,This is a point and shoot camera.,10~25
922,5,CAMERA_1,['CAMERA_1'],"{'CAMERA_1': ['camera_type', 'autofocus_points'], 'CAMERA_2': [], 'CAMERA_3': []}",C_QUESTION_ABOUT_FEATURE,CAMERA_1,autofocus_points,how many autofocus points does it have,S_NOT_SURE,CAMERA_1,,I'm not really sure about that,
922,6,CAMERA_1,['CAMERA_1'],"{'CAMERA_1': ['camera_type', 'autofocus_points', 'price'], 'CAMERA_2': [], 'CAMERA_3': []}",C_QUESTION_ABOUT_FEATURE,CAMERA_1,price,how much does it cost,S_ANSWERS_QUESTION_ABOUT_FEATURE,CAMERA_1,price,This one costs $2173.,15~20
922,7,NONE,['CAMERA_1'],"{'CAMERA_1': ['camera_type', 'autofocus_points', 'price'], 'CAMERA_2': [], 'CAMERA_3': []}",C_THANK_YOU,CAMERA_1,NONE,thank you for your help,S_THANK_YOU,CAMERA_1,NONE,thank you very much,
922,8,NONE,['CAMERA_1'],"{'CAMERA_1': ['camera_type', 'autofocus_points', 'price'], 'CAMERA_2': [], 'CAMERA_3': []}",C_LEAVES,DOOR,NONE,,S_RETURNS_TO_COUNTER,SERVICE_COUNTER,NONE,,
923,1,NONE,[],"{'CAMERA_1': [], 'CAMERA_2': [], 'CAMERA_3': []}",C_ENTERS,DOOR,NONE,,S_NONE,SERVICE_COUNTER,NONE,,
923,2,NONE,[],"{'CAMERA_1': [], 'CAMERA_2': [], 'CAMERA_3': []}",C_GREETS,MIDDLE,NONE,hello,S_GREETS,MIDDLE,NONE,can I help you?,
923,3,CAMERA_2,['CAMERA_2'],"{'CAMERA_1': [], 'CAMERA_2': [], 'CAMERA_3': []}",C_LOOKING_FOR_A_CAMERA,MIDDLE,NONE,I'm looking for a camera,S_INTRODUCES_CAMERA,CAMERA_2,,Let me show you this. Here we have the Sony Alpha a6000.,39~55
923,4,CAMERA_2,['CAMERA_2'],"{'CAMERA_1': [], 'CAMERA_2': ['preset_modes'], 'CAMERA_3': []}",C_QUESTION_ABOUT_FEATURE,CAMERA_2,preset_modes,does it have preset modes,S_ANSWERS_QUESTION_ABOUT_FEATURE,CAMERA_2,preset_modes,"This one has 9 preset modes (e.g. beach, snow, night, portrait).",13~63
923,5,CAMERA_2,['CAMERA_2'],"{'CAMERA_1': [], 'CAMERA_2': ['preset_modes', 'long_exposure'], 'CAMERA_3': []}",C_QUESTION_ABOUT_FEATURE,CAMERA_2,long_exposure,can it take long exposure shots,S_ANSWERS_QUESTION_ABOUT_FEATURE,CAMERA_2,long_exposure,This one can take long exposures up to up to 30 seconds.,39~55
923,6,CAMERA_2,['CAMERA_2'],"{'CAMERA_1': [], 'CAMERA_2': ['preset_modes', 'long_exposure', 'autofocus_points'], 'CAMERA_3': []}",C_QUESTION_ABOUT_FEATURE,CAMERA_2,autofocus_points,how many autofocus points does it have,S_ANSWERS_QUESTION_ABOUT_FEATURE,CAMERA_2,autofocus_points,This one has 179 autofocus points.,13~33
923,7,CAMERA_2,['CAMERA_2'],"{'CAMERA_1': [], 'CAMERA_2': ['preset_modes', 'long_exposure', 'autofocus_points', 'resolution'], 'CAMERA_3': []}",C_QUESTION_ABOUT_FEATURE,CAMERA_2,resolution,what is the resolution,S_NOT_SURE,CAMERA_2,,I'm not really sure about that,
923,8,CAMERA_2,['CAMERA_2'],"{'CAMERA_1': [], 'CAMERA_2': ['preset_modes', 'long_exposure', 'autofocus_points', 'resolution', 'ISO'], 'CAMERA_3': []}",C_SILENT_OR_BACKCHANNEL,CAMERA_2,NONE,okay,S_INTRODUCES_FEATURE,CAMERA_2,ISO,This one has up to 3200 ISO with little noise.,13~45
923,9,CAMERA_2,['CAMERA_2'],"{'CAMERA_1': [], 'CAMERA_2': ['preset_modes', 'long_exposure', 'autofocus_points', 'resolution', 'ISO', 'camera_type'], 'CAMERA_3': []}",C_QUESTION_ABOUT_FEATURE,CAMERA_2,camera_type,what kind of camera is this,S_ANSWERS_QUESTION_ABOUT_FEATURE,CAMERA_2,camera_type,This is a mirrorless camera.,10~20
923,10,CAMERA_2,['CAMERA_2'],"{'CAMERA_1': [], 'CAMERA_2': ['preset_modes', 'long_exposure', 'autofocus_points', 'resolution', 'ISO', 'camera_type', 'weight'], 'CAMERA_3': []}",C_QUESTION_ABOUT_FEATURE,CAMERA_2,weight,how much does this one weigh,S_ANSWERS_QUESTION_ABOUT_FEATURE,CAMERA_2,weight,This one weighs 470 grams.,16~25
923,11,CAMERA_2,['CAMERA_2'],"{'CAMERA_1': [], 'CAMERA_2': ['preset_modes', 'long_exposure', 'autofocus_points', 'resolution', 'ISO', 'camera_type', 'weight', 'sensor_size'], 'CAMERA_3': []}",C_SILENT_OR_BACKCHANNEL,CAMERA_2,NONE,alright,S_INTRODUCES_FEATURE,CAMERA_2,sensor_size,This one has a APS-C sensor (crop sensor).,15~41
923,12,CAMERA_2,['CAMERA_2'],"{'CAMERA_1': [], 'CAMERA_2': ['preset_modes', 'long_exposure', 'autofocus_points', 'resolution', 'ISO', 'camera_type', 'weight', 'sensor_size', 'settings'], 'CAMERA_3': []}",C_QUESTION_ABOUT_FEATURE,CAMERA_2,settings,what kind of settings does it have,S_ANSWERS_QUESTION_ABOUT_FEATURE,CAMERA_2,settings,This one has full manual control.,13~32
923,13,CAMERA_2,['CAMERA_2'],"{'CAMERA_1': [], 'CAMERA_2': ['preset_modes', 'long_exposure', 'autofocus_points', 'resolution', 'ISO', 'camera_type', 'weight', 'sensor_size', 'settings', 'effects'], 'CAMERA_3': []}",C_SILENT_OR_BACKCHANNEL,CAMERA_2,NONE,I see,S_INTRODUCES_FEATURE,CAMERA_2,effects,"This one has 13 artistic effect modes (e.g. toy camera, soft focus).",13~67
923,14,NONE,['CAMERA_2'],"{'CAMERA_1': [], 'CAMERA_2': ['preset_modes', 'long_exposure', 'autofocus_points', 'resolution', 'ISO', 'camera_type', 'weight', 'sensor_size', 'settings', 'effects'], 'CAMERA_3': []}",C_THANK_YOU,CAMERA_2,NONE,thank you for your help,S_THANK_YOU,CAMERA_2,NONE,thank you very much,
923,15,NONE,['CAMERA_2'],"{'CAMERA_1': [], 'CAMERA_2': ['preset_modes', 'long_exposure', 'autofocus_points', 'resolution', 'ISO', 'camera_type', 'weight', 'sensor_size', 'settings', 'effects'], 'CAMERA_3': []}",C_LEAVES,DOOR,NONE,,S_RETURNS_TO_COUNTER,SERVICE_COUNTER,NONE,,
924,1,NONE,[],"{'CAMERA_1': [], 'CAMERA_2': [], 'CAMERA_3': []}",C_ENTERS,DOOR,NONE,,S_NONE,SERVICE_COUNTER,NONE,,
924,2,NONE,[],"{'CAMERA_1': [], 'CAMERA_2': [], 'CAMERA_3': []}",C_GREETS,MIDDLE,NONE,hello,S_GREETS,MIDDLE,NONE,can I help you?,
924,3,CAMERA_3,['CAMERA_3'],"{'CAMERA_1': [], 'CAMERA_2': [], 'CAMERA_3': []}",C_LOOKING_FOR_A_CAMERA,MIDDLE,NONE,I'm looking for a camera,S_INTRODUCES_CAMERA,CAMERA_3,,Let me show you this. Here we have the Canon EOS 5D Mark III.,39~60
924,4,CAMERA_3,['CAMERA_3'],"{'CAMERA_1': [], 'CAMERA_2': [], 'CAMERA_3': ['effects']}",C_QUESTION_ABOUT_FEATURE,CAMERA_3,effects,does it have any effect modes,S_NOT_SURE,CAMERA_3,,I'm not really sure about that,
924,5,CAMERA_1,"['CAMERA_3', 'CAMERA_1']","{'CAMERA_1': [], 'CAMERA_2': [], 'CAMERA_3': ['effects']}",C_ANYTHING_ELSE_AVAILABLE,CAMERA_3,NONE,ok do you have any other cameras,S_INTRODUCES_CAMERA,CAMERA_1,,Let me show you this. Here we have the Nikon Coolpix S2800.,39~58
924,6,CAMERA_1,"['CAMERA_3', 'CAMERA_1']","{'CAMERA_1': ['price'], 'CAMERA_2': [], 'CAMERA_3': ['effects']}",C_QUESTION_ABOUT_FEATURE,CAMERA_1,price,how much does it cost,S_ANSWERS_QUESTION_ABOUT_FEATURE,CAMERA_1,price,This one costs $2173.,15~20
924,7,CAMERA_1,"['CAMERA_3', 'CAMERA_1']","{'CAMERA_1': ['price', 'color'], 'CAMERA_2': [], 'CAMERA_3': ['effects']}",C_SILENT_OR_BACKCHANNEL,CAMERA_1,NONE,I see,S_INTRODUCES_FEATURE,CAMERA_1,color,"This one comes in purple, pink, black, silver, red.",18~50
924,8,CAMERA_2,"['CAMERA_3', 'CAMERA_1', 'CAMERA_2']","{'CAMERA_1': ['price', 'color'], 'CAMERA_2': [], 'CAMERA_3': ['effects']}",C_ANYTHING_ELSE_AVAILABLE,CAMERA_1,NONE,ok do you have any other cameras,S_INTRODUCES_CAMERA,CAMERA_2,,Let me show you this. Here we have the Sony Alpha a6000.,39~55
924,9,CAMERA_2,"['CAMERA_3', 'CAMERA_1', 'CAMERA_2']","{'CAMERA_1': ['price', 'color'], 'CAMERA_2': ['settings'], 'CAMERA_3': ['effects']}",C_SILENT_OR_BACKCHANNEL,CAMERA_2,NONE,I see,S_INTRODUCES_FEATURE,CAMERA_2,settings,This one has full manual control.,13~32
924,10,CAMERA_2,"['CAMERA_3', 'CAMERA_1', 'CAMERA_2']","{'CAMERA_1': ['price', 'color'], 'CAMERA_2': ['settings', 'long_exposure'], 'CAMERA_3': ['effects']}",C_SILENT_OR_BACKCHANNEL,CAMERA_2,NONE,I see,S_INTRODUCES_FEATURE,CAMERA_2,long_exposure,This one can take long exposures up to up to 30 seconds.,39~55
924,11,CAMERA_2,"['CAMERA_3', 'CAMERA_1', 'CAMERA_2']","{'CAMERA_1': ['price', 'color'], 'CAMERA_2': ['settings', 'long_exposure', 'optical_zoom'], 'CAMERA_3': ['effects']}",C_QUESTION_ABOUT_FEATURE,CAMERA_2,optical_zoom,does it have optical zoom,S_NOT_SURE,CAMERA_2,,I'm not really sure about that,
924,12,CAMERA_2,"['CAMERA_3', 'CAMERA_1', 'CAMERA_2']","{'CAMERA_1': ['price', 'color'], 'CAMERA_2': ['settings', 'long_exposure', 'optical_zoom', 'resolution'], 'CAMERA_3': ['effects']}",C_QUESTION_ABOUT_FEATURE,CAMERA_2,resolution,what is the resolution,S_NOT_SURE,CAMERA_2,,I'm not really sure about that,
924,13,CAMERA_2,"['CAMERA_3', 'CAMERA_1', 'CAMERA_2']","{'CAMERA_1': ['price', 'color'], 'CAMERA_2': ['settings', 'long_exposure', 'optical_zoom', 'resolution', 'weight'], 'CAMERA_3': ['effects']}",C_QUESTION_ABOUT_FEATURE,CAMERA_2,weight,how much does this one weigh,S_ANSWERS_QUESTION_ABOUT_FEATURE,CAMERA_2,weight,This one weighs 470 grams.,16~25
924,14,CAMERA_2,"['CAMERA_3', 'CAMERA_1', 'CAMERA_2']","{'CAMERA_1': ['price', 'color'], 'CAMERA_2': ['settings', 'long_exposure', 'optical_zoom', 'resolution', 'weight', 'autofocus_points'], 'CAMERA_3': ['effects']}",C_QUESTION_ABOUT_FEATURE,CAMERA_2,autofocus_points,how many autofocus points does it have,S_ANSWERS_QUESTION_ABOUT_FEATURE,CAMERA_2,autofocus_points,This one has 179 autofocus points.,13~33
924,15,CAMERA_2,"['CAMERA_3', 'CAMERA_1', 'CAMERA_2']","{'CAMERA_1': ['price', 'color'], 'CAMERA_2': ['settings', 'long_exposure', 'optical_zoom', 'resolution', 'weight', 'autofocus_points', 'ISO'], 'CAMERA_3': ['effects']}",C_SILENT_OR_BACKCHANNEL,CAMERA_2,NONE,okay,S_INTRODUCES_FEATURE,CAMERA_2,ISO,This one has up to 3200 ISO with little noise.,13~45
924,16,CAMERA_2,"['CAMERA_3', 'CAMERA_1', 'CAMERA_2']","{'CAMERA_1': ['price', 'color'], 'CAMERA_2': ['settings', 'long_exposure', 'optical_zoom', 'resolution', 'weight', 'autofocus_points', 'ISO', 'effects'], 'CAMERA_3': ['effects']}",C_QUESTION_ABOUT_FEATURE,CAMERA_2,effects,does it have any effect modes,S_ANSWERS_QUESTION_ABOUT_FEATURE,CAMERA_2,effects,"This one has 13 artistic effect modes (e.g. toy camera, soft focus).",13~67
924,17,CAMERA_2,"['CAMERA_3', 'CAMERA_1', 'CAMERA_2']","{'CAMERA_1': ['price', 'color'], 'CAMERA_2': ['settings', 'long_exposure', 'optical_zoom', 'resolution', 'weight', 'autofocus_points', 'ISO', 'effects', 'preset_modes'], 'CAMERA_3': ['effects']}",C_QUESTION_ABOUT_FEATURE,CAMERA_2,preset_modes,does it have preset modes,S_ANSWERS_QUESTION_ABOUT_FEATURE,CAMERA_2,preset_modes,"This one has 9 preset modes (e.g. beach, snow, night, portrait).",13~63
924,18,CAMERA_2,"['CAMERA_3', 'CAMERA_1', 'CAMERA_2']","{'CAMERA_1': ['price', 'color'], 'CAMERA_2': ['settings', 'long_exposure', 'optical_zoom', 'resolution', 'weight', 'autofocus_points', 'ISO', 'effects', 'preset_modes', 'color'], 'CAMERA_3': ['effects']}",C_QUESTION_ABOUT_FEATURE,CAMERA_2,color,what colors does this one come in,S_ANSWERS_QUESTION_ABOUT_FEATURE,CAMERA_2,color,"This one comes in white, silver, black.",18~38
924,19,NONE,"['CAMERA_3', 'CAMERA_1', 'CAMERA_2']","{'CAMERA_1': ['price', 'color'], 'CAMERA_2': ['settings', 'long_exposure', 'optical_zoom', 'resolution', 'weight', 'autofocus_points', 'ISO', 'effects', 'preset_modes', 'color'], 'CAMERA_3': ['effects']}",C_THANK_YOU,CAMERA_2,NONE,thank you for your help,S_THANK_YOU,CAMERA_2,NONE,thank you very much,
924,20,NONE,"['CAMERA_3', 'CAMERA_1', 'CAMERA_2']","{'CAMERA_1': ['price', 'color'], 'CAMERA_2': ['settings', 'long_exposure', 'optical_zoom', 'resolution', 'weight', 'autofocus_points', 'ISO', 'effects', 'preset_modes', 'color'], 'CAMERA_3': ['effects']}",C_LEAVES,DOOR,NONE,,S_RETURNS_TO_COUNTER,SERVICE_COUNTER,NONE,,
925,1,NONE,[],"{'CAMERA_1': [], 'CAMERA_2': [], 'CAMERA_3': []}",C_ENTERS,DOOR,NONE,,S_NONE,SERVICE_COUNTER,NONE,,
925,2,NONE,[],"{'CAMERA_1': [], 'CAMERA_2': [], 'CAMERA_3': []}",C_WALKS_TO_CAMERA,CAMERA_2,NONE,,S_GREETS,CAMERA_2,NONE,can I help you?,
925,3,CAMERA_3,['CAMERA_3'],"{'CAMERA_1': [], 'CAMERA_2': [], 'CAMERA_3': []}",C_LOOKING_FOR_A_CAMERA,CAMERA_2,NONE,I'm looking for a camera,S_INTRODUCES_CAMERA,CAMERA_3,,Let me show you this. Here we have the Canon EOS 5D Mark III.,39~60
925,4,CAMERA_3,['CAMERA_3'],"{'CAMERA_1': [], 'CAMERA_2': [], 'CAMERA_3': ['long_exposure']}",C_QUESTION_ABOUT_FEATURE,CAMERA_3,long_exposure,can it take long exposure shots,S_ANSWERS_QUESTION_ABOUT_FEATURE,CAMERA_3,long_exposure,"This one can take long exposures up to up to 30 seconds, bulb mode: expose as long as you want.",39~94
925,5,CAMERA_3,['CAMERA_3'],"{'CAMERA_1': [], 'CAMERA_2': [], 'CAMERA_3': ['long_exposure', 'color']}",C_QUESTION_ABOUT_FEATURE,CAMERA_3,color,what colors does this one come in,S_ANSWERS_QUESTION_ABOUT_FEATURE,CAMERA_3,color,This one comes in black.,18~23
925,6,CAMERA_3,['CAMERA_3'],"{'CAMERA_1': [], 'CAMERA_2': [], 'CAMERA_3': ['long_exposure', 'color', 'effects']}",C_QUESTION_ABOUT_FEATURE,CAMERA_3,effects,does it have any effect modes,S_NOT_SURE,CAMERA_3,,I'm not really sure about that,
925,7,CAMERA_3,['CAMERA_3'],"{'CAMERA_1': [], 'CAMERA_2': [], 'CAMERA_3': ['long_exposure', 'color', 'effects', 'settings']}",C_SILENT_OR_BACKCHANNEL,CAMERA_3,NONE,alright,S_INTRODUCES_FEATURE,CAMERA_3,settings,This one has full manual control.,13~32
925,8,NONE,['CAMERA_3'],"{'CAMERA_1': [], 'CAMERA_2': [], 'CAMERA_3': ['long_exposure', 'color', 'effects', 'settings']}",C_THANK_YOU,CAMERA_3,NONE,thank you for your help,S_THANK_YOU,CAMERA_3,NONE,thank you very much,
925,9,NONE,['CAMERA_3'],"{'CAMERA_1': [], 'CAMERA_2': [], 'CAMERA_3': ['long_exposure', 'color', 'effects', 'settings']}",C_LEAVES,DOOR,NONE,,S_RETURNS_TO_COUNTER,SERVICE_COUNTER,NONE,,
926,1,NONE,[],"{'CAMERA_1': [], 'CAMERA_2': [], 'CAMERA_3': []}",C_ENTERS,DOOR,NONE,,S_NONE,SERVICE_COUNTER,NONE,,
926,2,NONE,[],"{'CAMERA_1': [], 'CAMERA_2': [], 'CAMERA_3': []}",C_GREETS,MIDDLE,NONE,hello,S_GREETS,MIDDLE,NONE,can I help you?,
926,3,CAMERA_2,['CAMERA_2'],"{'CAMERA_1': [], 'CAMERA_2': [], 'CAMERA_3': []}",C_LOOKING_FOR_A_CAMERA,MIDDLE,NONE,I'm looking for a camera,S_INTRODUCES_CAMERA,CAMERA_2,,Let me show you this. Here we have the Sony Alpha a6000.,39~55
926,4,CAMERA_2,['CAMERA_2'],"{'CAMERA_1': [], 'CAMERA_2': ['effects'], 'CAMERA_3': []}",C_SILENT_OR_BACKCHANNEL,CAMERA_2,NONE,I see,S_INTRODUCES_FEATURE,CAMERA_2,effects,"This one has 13 artistic effect modes (e.g. toy camera, soft focus).",13~67
926,5,CAMERA_2,['CAMERA_2'],"{'CAMERA_1': [], 'CAMERA_2': ['effects', 'settings'], 'CAMERA_3': []}",C_SILENT_OR_BACKCHANNEL,CAMERA_2,NONE,okay,S_INTRODUCES_FEATURE,CAMERA_2,settings,This one has full manual control.,13~32
926,6,CAMERA_2,['CAMERA_2'],"{'CAMERA_1': [], 'CAMERA_2': ['effects', 'settings', 'price'], 'CAMERA_3': []}",C_SILENT_OR_BACKCHANNEL,CAMERA_2,NONE,alright,S_INTRODUCES_FEATURE,CAMERA_2,price,This one costs $1341.,15~20
926,7,CAMERA_2,['CAMERA_2'],"{'CAMERA_1': [], 'CAMERA_2': ['effects', 'settings', 'price', 'sensor_size'], 'CAMERA_3': []}",C_QUESTION_ABOUT_FEATURE,CAMERA_2,sensor_size,what is the sensor size,S_ANSWERS_QUESTION_ABOUT_FEATURE,CAMERA_2,sensor_size,This one has a APS-C sensor (crop sensor).,15~41
926,8,CAMERA_2,['CAMERA_2'],"{'CAMERA_1': [], 'CAMERA_2': ['effects', 'settings', 'price', 'sensor_size', 'ISO'], 'CAMERA_3': []}",C_QUESTION_ABOUT_FEATURE,CAMERA_2,ISO,what is the ISO,S_ANSWERS_QUESTION_ABOUT_FEATURE,CAMERA_2,ISO,This one has up to 3200 ISO with little noise.,13~45
926,9,CAMERA_2,['CAMERA_2'],"{'CAMERA_1': [], 'CAMERA_2': ['effects', 'settings', 'price', 'sensor_size', 'ISO', 'camera_type'], 'CAMERA_3': []}",C_QUESTION_ABOUT_FEATURE,CAMERA_2,camera_type,what kind of camera is this,S_ANSWERS_QUESTION_ABOUT_FEATURE,CAMERA_2,camera_type,This is a mirrorless camera.,10~20
926,10,CAMERA_2,['CAMERA_2'],"{'CAMERA_1': [], 'CAMERA_2': ['effects', 'settings', 'price', 'sensor_size', 'ISO', 'camera_type', 'autofocus_points'], 'CAMERA_3': []}",C_QUESTION_ABOUT_FEATURE,CAMERA_2,autofocus_points,how many autofocus points does it have,S_ANSWERS_QUESTION_ABOUT_FEATURE,CAMERA_2,autofocus_points,This one has 179 autofocus points.,13~33
926,11,CAMERA_2,['CAMERA_2'],"{'CAMERA_1': [], 'CAMERA_2': ['effects', 'settings', 'price', 'sensor_size', 'ISO', 'camera_type', 'autofocus_points', 'color'], 'CAMERA_3': []}",C_SILENT_OR_BACKCHANNEL,CAMERA_2,NONE,okay,S_INTRODUCES_FEATURE,CAMERA_2,color,"This one comes in white, silver, black.",18~38
926,12,CAMERA_1,"['CAMERA_2', 'CAMERA_1']","{'CAMERA_1': [], 'CAMERA_2': ['effects', 'settings', 'price', 'sensor_size', 'ISO', 'camera_type', 'autofocus_points', 'color'], 'CAMERA_3': []}",C_ANYTHING_ELSE_AVAILABLE,CAMERA_2,NONE,ok do you have any other cameras,S_INTRODUCES_CAMERA,CAMERA_1,,Let me show you this. Here we have the Nikon Coolpix S2800.,39~58
926,13,CAMERA_1,"['CAMERA_2', 'CAMERA_1']","{'CAMERA_1': ['effects'], 'CAMERA_2': ['effects', 'settings', 'price', 'sensor_size', 'ISO', 'camera_type', 'autofocus_points', 'color'], 'CAMERA_3': []}",C_SILENT_OR_BACKCHANNEL,CAMERA_1,NONE,alright,S_INTRODUCES_FEATURE,CAMERA_1,effects,"This one has 12 glamor retouch effects (e.g. skin softening, small face, big eyes).",13~82
926,14,CAMERA_1,"['CAMERA_2', 'CAMERA_1']","{'CAMERA_1': ['effects', 'weight'], 'CAMERA_2': ['effects', 'settings', 'price', 'sensor_size', 'ISO', 'camera_type', 'autofocus_points', 'color'], 'CAMERA_3': []}",C_SILENT_OR_BACKCHANNEL,CAMERA_1,NONE,okay,S_INTRODUCES_FEATURE,CAMERA_1,weight,This one weighs 120 grams.,16~25
926,15,CAMERA_1,"['CAMERA_2', 'CAMERA_1']","{'CAMERA_1': ['effects', 'weight', 'autofocus_points'], 'CAMERA_2': ['effects', 'settings', 'price', 'sensor_size', 'ISO', 'camera_type', 'autofocus_points', 'color'], 'CAMERA_3': []}",C_QUESTION_ABOUT_FEATURE,CAMERA_1,autofocus_points,how many autofocus points does it have,S_NOT_SURE,CAMERA_1,,I'm not really sure about that,
926,16,CAMERA_1,"['CAMERA_2', 'CAMERA_1']","{'CAMERA_1': ['effects', 'weight', 'autofocus_points', 'long_exposure'], 'CAMERA_2': ['effects', 'settings', 'price', 'sensor_size', 'ISO', 'camera_type', 'autofocus_points', 'color'], 'CAMERA_3': []}",C_QUESTION_ABOUT_FEATURE,CAMERA_1,long_exposure,can it take long exposure shots,S_NOT_SURE,CAMERA_1,,I'm not really sure about that,
926,17,CAMERA_1,"['CAMERA_2', 'CAMERA_1']","{'CAMERA_1': ['effects', 'weight', 'autofocus_points', 'long_exposure', 'price'], 'CAMERA_2': ['effects', 'settings', 'price', 'sensor_size', 'ISO', 'camera_type', 'autofocus_points', 'color'], 'CAMERA_3': []}",C_QUESTION_ABOUT_FEATURE,CAMERA_1,price,how much does it cost,S_ANSWERS_QUESTION_ABOUT_FEATURE,CAMERA_1,price,This one costs $2173.,15~20
926,18,CAMERA_1,"['CAMERA_2', 'CAMERA_1']","{'CAMERA_1': ['effects', 'weight', 'autofocus_points', 'long_exposure', 'price', 'color'], 'CAMERA_2': ['effects', 'settings', 'price', 'sensor_size', 'ISO', 'camera_type', 'autofocus_points', 'color'], 'CAMERA_3': []}",C_SILENT_OR_BACKCHANNEL,CAMERA_1,NONE,I see,S_INTRODUCES_FEATURE,CAMERA_1,color,"This one comes in purple, pink, black, silver, red.",18~50
926,19,NONE,"['CAMERA_2', 'CAMERA_1']","{'CAMERA_1': ['effects', 'weight', 'autofocus_points', 'long_exposure', 'price', 'color'], 'CAMERA_2': ['effects', 'settings', 'price', 'sensor_size', 'ISO', 'camera_type', 'autofocus_points', 'color'], 'CAMERA_3': []}",C_THANK_YOU,CAMERA_1,NONE,thank you for your help,S_THANK_YOU,CAMERA_1,NONE,thank you very much,
926,20,NONE,"['CAMERA_2', 'CAMERA_1']","{'CAMERA_1': ['effects', 'weight', 'autofocus_points', 'long_exposure', 'price', 'color'], 'CAMERA_2': ['effects', 'settings', 'price', 'sensor_size', 'ISO', 'camera_type', 'autofocus_points', 'color'], 'CAMERA_3': []}",C_LEAVES,DOOR,NONE,,S_RETURNS_TO_COUNTER,SERVICE_COUNTER,NONE,,
927,1,NONE,[],"{'CAMERA_1': [], 'CAMERA_2': [], 'CAMERA_3': []}",C_ENTERS,DOOR,NONE,,S_NONE,SERVICE_COUNTER,NONE,,
927,2,NONE,[],"{'CAMERA_1': [], 'CAMERA_2': [], 'CAMERA_3': []}",C_WALKS_TO_CAMERA,CAMERA_2,NONE,,S_GREETS,CAMERA_2,NONE,can I help you?,
927,3,CAMERA_1,['CAMERA_1'],"{'CAMERA_1': [], 'CAMERA_2': [], 'CAMERA_3': []}",C_LOOKING_FOR_A_CAMERA,CAMERA_2,NONE,I'm looking for a camera,S_INTRODUCES_CAMERA,CAMERA_1,,Let me show you this. Here we have the Nikon Coolpix S2800.,39~58
927,4,CAMERA_1,['CAMERA_1'],"{'CAMERA_1': ['autofocus_points'], 'CAMERA_2': [], 'CAMERA_3': []}",C_QUESTION_ABOUT_FEATURE,CAMERA_1,autofocus_points,how many autofocus points does it have,S_NOT_SURE,CAMERA_1,,I'm not really sure about that,
927,5,CAMERA_1,['CAMERA_1'],"{'CAMERA_1': ['autofocus_points', 'long_exposure'], 'CAMERA_2': [], 'CAMERA_3': []}",C_QUESTION_ABOUT_FEATURE,CAMERA_1,long_exposure,can it take long exposure shots,S_NOT_SURE,CAMERA_1,,I'm not really sure about that,
927,6,CAMERA_1,['CAMERA_1'],"{'CAMERA_1': ['autofocus_points', 'long_exposure', 'price'], 'CAMERA_2': [], 'CAMERA_3': []}",C_SILENT_OR_BACKCHANNEL,CAMERA_1,NONE,okay,S_INTRODUCES_FEATURE,CAMERA_1,price,This one costs $2173.,15~20
927,7,NONE,['CAMERA_1'],"{'CAMERA_1': ['autofocus_points', 'long_exposure', 'price'], 'CAMERA_2': [], 'CAMERA_3': []}",C_THANK_YOU,CAMERA_1,NONE,thank you for your help,S_THANK_YOU,CAMERA_1,NONE,thank you very much,
927,8,NONE,['CAMERA_1'],"{'CAMERA_1': ['autofocus_points', 'long_exposure', 'price'], 'CAMERA_2': [], 'CAMERA_3': []}",C_LEAVES,DOOR,NONE,,S_RETURNS_TO_COUNTER,SERVICE_COUNTER,NONE,,
928,1,NONE,[],"{'CAMERA_1': [], 'CAMERA_2': [], 'CAMERA_3': []}",C_ENTERS,DOOR,NONE,,S_NONE,SERVICE_COUNTER,NONE,,
928,2,NONE,[],"{'CAMERA_1': [], 'CAMERA_2': [], 'CAMERA_3': []}",C_WALKS_TO_CAMERA,CAMERA_3,NONE,,S_GREETS,CAMERA_3,NONE,can I help you?,
928,3,CAMERA_3,['CAMERA_3'],"{'CAMERA_1': [], 'CAMERA_2': [], 'CAMERA_3': []}",C_LOOKING_FOR_A_CAMERA,CAMERA_3,NONE,I'm looking for a camera,S_INTRODUCES_CAMERA,CAMERA_3,,Let me show you this. Here we have the Canon EOS 5D Mark III.,39~60
928,4,CAMERA_3,['CAMERA_3'],"{'CAMERA_1': [], 'CAMERA_2': [], 'CAMERA_3': ['sensor_size']}",C_QUESTION_ABOUT_FEATURE,CAMERA_3,sensor_size,what is the sensor size,S_ANSWERS_QUESTION_ABOUT_FEATURE,CAMERA_3,sensor_size,This one has a full frame.,15~25
928,5,CAMERA_3,['CAMERA_3'],"{'CAMERA_1': [], 'CAMERA_2': [], 'CAMERA_3': ['sensor_size', 'settings']}",C_SILENT_OR_BACKCHANNEL,CAMERA_3,NONE,okay,S_INTRODUCES_FEATURE,CAMERA_3,settings,This one has full manual control.,13~32
928,6,CAMERA_3,['CAMERA_3'],"{'CAMERA_1': [], 'CAMERA_2': [], 'CAMERA_3': ['sensor_size', 'settings', 'autofocus_points']}",C_QUESTION_ABOUT_FEATURE,CAMERA_3,autofocus_points,how many autofocus points does it have,S_ANSWERS_QUESTION_ABOUT_FEATURE,CAMERA_3,autofocus_points,This one has 61 autofocus points.,13~32
928,7,NONE,['CAMERA_3'],"{'CAMERA_1': [], 'CAMERA_2': [], 'CAMERA_3': ['sensor_size', 'settings', 'autofocus_points']}",C_THANK_YOU,CAMERA_3,NONE,thank you for your help,S_THANK_YOU,CAMERA_3,NONE,thank you very much,
928,8,NONE,['CAMERA_3'],"{'CAMERA_1': [], 'CAMERA_2': [], 'CAMERA_3': ['sensor_size', 'settings', 'autofocus_points']}",C_LEAVES,DOOR,NONE,,S_RETURNS_TO_COUNTER,SERVICE_COUNTER,NONE,,
929,1,NONE,[],"{'CAMERA_1': [], 'CAMERA_2': [], 'CAMERA_3': []}",C_ENTERS,DOOR,NONE,,S_NONE,SERVICE_COUNTER,NONE,,
929,2,NONE,[],"{'CAMERA_1': [], 'CAMERA_2': [], 'CAMERA_3': []}",C_WALKS_TO_CAMERA,CAMERA_2,NONE,,S_GREETS,CAMERA_2,NONE,can I help you?,
929,3,CAMERA_1,['CAMERA_1'],"{'CAMERA_1': [], 'CAMERA_2': [], 'CAMERA_3': []}",C_LOOKING_FOR_A_CAMERA,CAMERA_2,NONE,I'm looking for a camera,S_INTRODUCES_CAMERA,CAMERA_1,,Let me show you this. Here we have the Nikon Coolpix S2800.,39~58
929,4,CAMERA_1,['CAMERA_1'],"{'CAMERA_1': ['weight'], 'CAMERA_2': [], 'CAMERA_3': []}",C_QUESTION_ABOUT_FEATURE,CAMERA_1,weight,how much does this one weigh,S_ANSWERS_QUESTION_ABOUT_FEATURE,CAMERA_1,weight,This one weighs 120 grams.,16~25
929,5,CAMERA_1,['CAMERA_1'],"{'CAMERA_1': ['weight', 'settings'], 'CAMERA_2': [], 'CAMERA_3': []}",C_SILENT_OR_BACKCHANNEL,CAMERA_1,NONE,okay,S_INTRODUCES_FEATURE,CAMERA_1,settings,This one has limited manual settings.,13~36
929,6,CAMERA_1,['CAMERA_1'],"{'CAMERA_1': ['weight', 'settings', 'preset_modes'], 'CAMERA_2': [], 'CAMERA_3': []}",C_QUESTION_ABOUT_FEATURE,CAMERA_1,preset_modes,does it have preset modes,S_ANSWERS_QUESTION_ABOUT_FEATURE,CAMERA_1,preset_modes,"This one has 18 preset modes (e.g. beach, snow, night portrait).",13~63
929,7,CAMERA_1,['CAMERA_1'],"{'CAMERA_1': ['weight', 'settings', 'preset_modes', 'price'], 'CAMERA_2': [], 'CAMERA_3': []}",C_SILENT_OR_BACKCHANNEL,CAMERA_1,NONE,okay,S_INTRODUCES_FEATURE,CAMERA_1,price,This one costs $2173.,15~20
929,8,CAMERA_1,['CAMERA_1'],"{'CAMERA_1': ['weight', 'settings', 'preset_modes', 'price', 'effects'], 'CAMERA_2': [], 'CAMERA_3': []}",C_SILENT_OR_BACKCHANNEL,CAMERA_1,NONE,alright,S_INTRODUCES_FEATURE,CAMERA_1,effects,"This one has 12 glamor retouch effects (e.g. skin softening, small face, big eyes).",13~82
929,9,CAMERA_1,['CAMERA_1'],"{'CAMERA_1': ['weight', 'settings', 'preset_modes', 'price', 'effects', 'camera_type'], 'CAMERA_2': [], 'CAMERA_3': []}",C_QUESTION_ABOUT_FEATURE,CAMERA_1,camera_type,what kind of camera is this,S_ANSWERS_QUESTION_ABOUT_FEATURE,CAMERA_1,camera_type,This is a point and shoot camera.,10~25
929,10,CAMERA_1,['CAMERA_1'],"{'CAMERA_1': ['weight', 'settings', 'preset_modes', 'price', 'effects', 'camera_type', 'ISO'], 'CAMERA_2': [], 'CAMERA_3': []}",C_QUESTION_ABOUT_FEATURE,CAMERA_1,ISO,what is the ISO,S_NOT_SURE,CAMERA_1,,I'm not really sure about that,
929,11,CAMERA_1,['CAMERA_1'],"{'CAMERA_1': ['weight', 'settings', 'preset_modes', 'price', 'effects', 'camera_type', 'ISO', 'resolution'], 'CAMERA_2': [], 'CAMERA_3': []}",C_QUESTION_ABOUT_FEATURE,CAMERA_1,resolution,what is the resolution,S_ANSWERS_QUESTION_ABOUT_FEATURE,CAMERA_1,resolution,This one has 20.1 megapixels resolution.,13~28
929,12,CAMERA_3,"['CAMERA_1', 'CAMERA_3']","{'CAMERA_1': ['weight', 'settings', 'preset_modes', 'price', 'effects', 'camera_type', 'ISO', 'resolution'], 'CAMERA_2': [], 'CAMERA_3': []}",C_ANYTHING_ELSE_AVAILABLE,CAMERA_1,NONE,ok do you have any other cameras,S_INTRODUCES_CAMERA,CAMERA_3,,Let me show you this. Here we have the Canon EOS 5D Mark III.,39~60
929,13,CAMERA_3,"['CAMERA_1', 'CAMERA_3']","{'CAMERA_1': ['weight', 'settings', 'preset_modes', 'price', 'effects', 'camera_type', 'ISO', 'resolution'], 'CAMERA_2': [], 'CAMERA_3': ['sensor_size']}",C_SILENT_OR_BACKCHANNEL,CAMERA_3,NONE,alright,S_INTRODUCES_FEATURE,CAMERA_3,sensor_size,This one has a full frame.,15~25
929,14,NONE,"['CAMERA_1', 'CAMERA_3']","{'CAMERA_1': ['weight', 'settings', 'preset_modes', 'price', 'effects', 'camera_type', 'ISO', 'resolution'], 'CAMERA_2': [], 'CAMERA_3': ['sensor_size']}",C_THANK_YOU,CAMERA_3,NONE,thank you for your help,S_THANK_YOU,CAMERA_3,NONE,thank you very much,
929,15,NONE,"['CAMERA_1', 'CAMERA_3']","{'CAMERA_1': ['weight', 'settings', 'preset_modes', 'price', 'effects', 'camera_type', 'ISO', 'resolution'], 'CAMERA_2': [], 'CAMERA_3': ['sensor_size']}",C_LEAVES,DOOR,NONE,,S_RETURNS_TO_COUNTER,SERVICE_COUNTER,NONE,,
930,1,NONE,[],"{'CAMERA_1': [], 'CAMERA_2': [], 'CAMERA_3': []}",C_ENTERS,DOOR,NONE,,S_NONE,SERVICE_COUNTER,NONE,,
930,2,NONE,[],"{'CAMERA_1': [], 'CAMERA_2': [], 'CAMERA_3': []}",C_WALKS_TO_CAMERA,CAMERA_2,NONE,,S_GREETS,CAMERA_2,NONE,can I help you?,
930,3,CAMERA_1,['CAMERA_1'],"{'CAMERA_1': [], 'CAMERA_2': [], 'CAMERA_3': []}",C_LOOKING_FOR_A_CAMERA,CAMERA_2,NONE,I'm looking for a camera,S_INTRODUCES_CAMERA,CAMERA_1,,Let me show you this. Here we have the Nikon Coolpix S2800.,39~58
930,4,CAMERA_1,['CAMERA_1'],"{'CAMERA_1': ['sensor_size'], 'CAMERA_2': [], 'CAMERA_3': []}",C_QUESTION_ABOUT_FEATURE,CAMERA_1,sensor_size,what is the sensor size,S_NOT_SURE,CAMERA_1,,I'm not really sure about that,
930,5,NONE,['CAMERA_1'],"{'CAMERA_1': ['sensor_size'], 'CAMERA_2': [], 'CAMERA_3': []}",C_THANK_YOU,CAMERA_1,NONE,thank you for your help,S_THANK_YOU,CAMERA_1,NONE,thank you very much,
930,6,NONE,['CAMERA_1'],"{'CAMERA_1': ['sensor_size'], 'CAMERA_2': [], 'CAMERA_3': []}",C_LEAVES,DOOR,NONE,,S_RETURNS_TO_COUNTER,SERVICE_COUNTER,NONE,,
931,1,NONE,[],"{'CAMERA_1': [], 'CAMERA_2': [], 'CAMERA_3': []}",C_ENTERS,DOOR,NONE,,S_NONE,SERVICE_COUNTER,NONE,,
931,2,NONE,[],"{'CAMERA_1': [], 'CAMERA_2': [], 'CAMERA_3': []}",C_WALKS_TO_CAMERA,CAMERA_1,NONE,,S_GREETS,CAMERA_1,NONE,can I help you?,
931,3,CAMERA_3,['CAMERA_3'],"{'CAMERA_1': [], 'CAMERA_2': [], 'CAMERA_3': []}",C_LOOKING_FOR_A_CAMERA,CAMERA_1,NONE,I'm looking for a camera,S_INTRODUCES_CAMERA,CAMERA_3,,Let me show you this. Here we have the Canon EOS 5D Mark III.,39~60
931,4,CAMERA_3,['CAMERA_3'],"{'CAMERA_1': [], 'CAMERA_2': [], 'CAMERA_3': ['sensor_size']}",C_SILENT_OR_BACKCHANNEL,CAMERA_3,NONE,okay,S_INTRODUCES_FEATURE,CAMERA_3,sensor_size,This one has a full frame.,15~25
931,5,CAMERA_3,['CAMERA_3'],"{'CAMERA_1': [], 'CAMERA_2': [], 'CAMERA_3': ['sensor_size', 'settings']}",C_QUESTION_ABOUT_FEATURE,CAMERA_3,settings,what kind of settings does it have,S_ANSWERS_QUESTION_ABOUT_FEATURE,CAMERA_3,settings,This one has full manual control.,13~32
931,6,CAMERA_3,['CAMERA_3'],"{'CAMERA_1': [], 'CAMERA_2': [], 'CAMERA_3': ['sensor_size', 'settings', 'color']}",C_SILENT_OR_BACKCHANNEL,CAMERA_3,NONE,alright,S_INTRODUCES_FEATURE,CAMERA_3,color,This one comes in black.,18~23
931,7,CAMERA_3,['CAMERA_3'],"{'CAMERA_1': [], 'CAMERA_2': [], 'CAMERA_3': ['sensor_size', 'settings', 'color', 'long_exposure']}",C_SILENT_OR_BACKCHANNEL,CAMERA_3,NONE,okay,S_INTRODUCES_FEATURE,CAMERA_3,long_exposure,"This one can take long exposures up to up to 30 seconds, bulb mode: expose as long as you want.",39~94
931,8,CAMERA_3,['CAMERA_3'],"{'CAMERA_1': [], 'CAMERA_2': [], 'CAMERA_3': ['sensor_size', 'settings', 'color', 'long_exposure', 'autofocus_points']}",C_SILENT_OR_BACKCHANNEL,CAMERA_3,NONE,I see,S_INTRODUCES_FEATURE,CAMERA_3,autofocus_points,This one has 61 autofocus points.,13~32
931,9,NONE,['CAMERA_3'],"{'CAMERA_1': [], 'CAMERA_2': [], 'CAMERA_3': ['sensor_size', 'settings', 'color', 'long_exposure', 'autofocus_points']}",C_THANK_YOU,CAMERA_3,NONE,thank you for your help,S_THANK_YOU,CAMERA_3,NONE,thank you very much,
931,10,NONE,['CAMERA_3'],"{'CAMERA_1': [], 'CAMERA_2': [], 'CAMERA_3': ['sensor_size', 'settings', 'color', 'long_exposure', 'autofocus_points']}",C_LEAVES,DOOR,NONE,,S_RETURNS_TO_COUNTER,SERVICE_COUNTER,NONE,,
932,1,NONE,[],"{'CAMERA_1': [], 'CAMERA_2': [], 'CAMERA_3': []}",C_ENTERS,DOOR,NONE,,S_NONE,SERVICE_COUNTER,NONE,,
932,2,NONE,[],"{'CAMERA_1': [], 'CAMERA_2': [], 'CAMERA_3': []}",C_GREETS,MIDDLE,NONE,hello,S_GREETS,MIDDLE,NONE,can I help you?,
932,3,CAMERA_3,['CAMERA_3'],"{'CAMERA_1': [], 'CAMERA_2': [], 'CAMERA_3': []}",C_LOOKING_FOR_A_CAMERA,MIDDLE,NONE,I'm looking for a camera,S_INTRODUCES_CAMERA,CAMERA_3,,Let me show you this. Here we have the Canon EOS 5D Mark III.,39~60
932,4,CAMERA_3,['CAMERA_3'],"{'CAMERA_1': [], 'CAMERA_2': [], 'CAMERA_3': ['preset_modes']}",C_QUESTION_ABOUT_FEATURE,CAMERA_3,preset_modes,does it have preset modes,S_NOT_SURE,CAMERA_3,,I'm not really sure about that,
932,5,CAMERA_3,['CAMERA_3'],"{'CAMERA_1': [], 'CAMERA_2': [], 'CAMERA_3': ['preset_modes', 'weight']}",C_QUESTION_ABOUT_FEATURE,CAMERA_3,weight,how much does this one weigh,S_ANSWERS_QUESTION_ABOUT_FEATURE,CAMERA_3,weight,This one weighs 950 grams (only body).,16~37
932,6,CAMERA_3,['CAMERA_3'],"{'CAMERA_1': [], 'CAMERA_2': [], 'CAMERA_3': ['preset_modes', 'weight', 'ISO']}",C_SILENT_OR_BACKCHANNEL,CAMERA_3,NONE,alright,S_INTRODUCES_FEATURE,CAMERA_3,ISO,This one has up to 6400 ISO with little noise.,13~45
932,7,CAMERA_3,['CAMERA_3'],"{'CAMERA_1': [], 'CAMERA_2': [], 'CAMERA_3': ['preset_modes', 'weight', 'ISO', 'sensor_size']}",C_QUESTION_ABOUT_FEATURE,CAMERA_3,sensor_size,what is the sensor size,S_ANSWERS_QUESTION_ABOUT_FEATURE,CAMERA_3,sensor_size,This one has a full frame.,15~25
932,8,CAMERA_3,['CAMERA_3'],"{'CAMERA_1': [], 'CAMERA_2': [], 'CAMERA_3': ['preset_modes', 'weight', 'ISO', 'sensor_size', 'camera_type']}",C_SILENT_OR_BACKCHANNEL,CAMERA_3,NONE,alright,S_INTRODUCES_FEATURE,CAMERA_3,camera_type,This is a DSLR camera.,10~14
932,9,NONE,['CAMERA_3'],"{'CAMERA_1': [], 'CAMERA_2': [], 'CAMERA_3': ['preset_modes', 'weight', 'ISO', 'sensor_size', 'camera_type']}",C_THANK_YOU,CAMERA_3,NONE,thank you for your help,S_THANK_YOU,CAMERA_3,NONE,thank you very much,
932,10,NONE,['CAMERA_3'],"{'CAMERA_1': [], 'CAMERA_2': [], 'CAMERA_3': ['preset_modes', 'weight', 'ISO', 'sensor_size', 'camera_type']}",C_LEAVES,DOOR,NONE,,S_RETURNS_TO_COUNTER,SERVICE_COUNTER,NONE,,
933,1,NONE,[],"{'CAMERA_1': [], 'CAMERA_2': [], 'CAMERA_3': []}",C_ENTERS,DOOR,NONE,,S_NONE,SERVICE_COUNTER,NONE,,
933,2,NONE,[],"{'CAMERA_1': [], 'CAMERA_2': [], 'CAMERA_3': []}",C_WALKS_TO_CAMERA,CAMERA_1,NONE,,S_NONE,SERVICE_COUNTER,NONE,,
933,3,CAMERA_1,['CAMERA_1'],"{'CAMERA_1': ['effects'], 'CAMERA_2': [], 'CAMERA_3': []}",C_QUESTION_ABOUT_FEATURE,CAMERA_1,effects,does it have any effect modes,S_ANSWERS_QUESTION_ABOUT_FEATURE,CAMERA_1,effects,"This one has 12 glamor retouch effects (e.g. skin softening, small face, big eyes).",13~82
933,4,NONE,['CAMERA_1'],"{'CAMERA_1': ['effects'], 'CAMERA_2': [], 'CAMERA_3': []}",C_THANK_YOU,CAMERA_1,NONE,thank you for your help,S_THANK_YOU,CAMERA_1,NONE,thank you very much,
933,5,NONE,['CAMERA_1'],"{'CAMERA_1': ['effects'], 'CAMERA_2': [], 'CAMERA_3': []}",C_LEAVES,DOOR,NONE,,S_RETURNS_TO_COUNTER,SERVICE_COUNTER,NONE,,
934,1,NONE,[],"{'CAMERA_1': [], 'CAMERA_2': [], 'CAMERA_3': []}",C_ENTERS,DOOR,NONE,,S_NONE,SERVICE_COUNTER,NONE,,
934,2,NONE,[],"{'CAMERA_1': [], 'CAMERA_2': [], 'CAMERA_3': []}",C_GREETS,MIDDLE,NONE,hello,S_GREETS,MIDDLE,NONE,can I help you?,
934,3,CAMERA_3,['CAMERA_3'],"{'CAMERA_1': [], 'CAMERA_2': [], 'CAMERA_3': []}",C_LOOKING_FOR_A_CAMERA,MIDDLE,NONE,I'm looking for a camera,S_INTRODUCES_CAMERA,CAMERA_3,,Let me show you this. Here we have the Canon EOS 5D Mark III.,39~60
934,4,CAMERA_3,['CAMERA_3'],"{'CAMERA_1': [], 'CAMERA_2': [], 'CAMERA_3': ['sensor_size']}",C_SILENT_OR_BACKCHANNEL,CAMERA_3,NONE,alright,S_INTRODUCES_FEATURE,CAMERA_3,sensor_size,This one has a full frame.,15~25
934,5,NONE,['CAMERA_3'],"{'CAMERA_1': [], 'CAMERA_2': [], 'CAMERA_3': ['sensor_size']}",C_THANK_YOU,CAMERA_3,NONE,thank you for your help,S_THANK_YOU,CAMERA_3,NONE,thank you very much,
934,6,NONE,['CAMERA_3'],"{'CAMERA_1': [], 'CAMERA_2': [], 'CAMERA_3': ['sensor_size']}",C_LEAVES,DOOR,NONE,,S_RETURNS_TO_COUNTER,SERVICE_COUNTER,NONE,,
935,1,NONE,[],"{'CAMERA_1': [], 'CAMERA_2': [], 'CAMERA_3': []}",C_ENTERS,DOOR,NONE,,S_NONE,SERVICE_COUNTER,NONE,,
935,2,NONE,[],"{'CAMERA_1': [], 'CAMERA_2': [], 'CAMERA_3': []}",C_WALKS_TO_CAMERA,CAMERA_3,NONE,,S_GREETS,CAMERA_3,NONE,can I help you?,
935,3,CAMERA_2,['CAMERA_2'],"{'CAMERA_1': [], 'CAMERA_2': [], 'CAMERA_3': []}",C_LOOKING_FOR_A_CAMERA,CAMERA_3,NONE,I'm looking for a camera,S_INTRODUCES_CAMERA,CAMERA_2,,Let me show you this. Here we have the Sony Alpha a6000.,39~55
935,4,CAMERA_2,['CAMERA_2'],"{'CAMERA_1': [], 'CAMERA_2': ['camera_type'], 'CAMERA_3': []}",C_SILENT_OR_BACKCHANNEL,CAMERA_2,NONE,alright,S_INTRODUCES_FEATURE,CAMERA_2,camera_type,This is a mirrorless camera.,10~20
935,5,CAMERA_2,['CAMERA_2'],"{'CAMERA_1': [], 'CAMERA_2': ['camera_type', 'effects'], 'CAMERA_3': []}",C_SILENT_OR_BACKCHANNEL,CAMERA_2,NONE,okay,S_INTRODUCES_FEATURE,CAMERA_2,effects,"This one has 13 artistic effect modes (e.g. toy camera, soft focus).",13~67
935,6,CAMERA_2,['CAMERA_2'],"{'CAMERA_1': [], 'CAMERA_2': ['camera_type', 'effects', 'settings'], 'CAMERA_3': []}",C_SILENT_OR_BACKCHANNEL,CAMERA_2,NONE,alright,S_INTRODUCES_FEATURE,CAMERA_2,settings,This one has full manual control.,13~32
935,7,CAMERA_2,['CAMERA_2'],"{'CAMERA_1': [], 'CAMERA_2': ['camera_type', 'effects', 'settings', 'sensor_size'], 'CAMERA_3': []}",C_QUESTION_ABOUT_FEATURE,CAMERA_2,sensor_size,what is the sensor size,S_ANSWERS_QUESTION_ABOUT_FEATURE,CAMERA_2,sensor_size,This one has a APS-C sensor (crop sensor).,15~41
935,8,CAMERA_3,"['CAMERA_2', 'CAMERA_3']","{'CAMERA_1': [], 'CAMERA_2': ['camera_type', 'effects', 'settings', 'sensor_size'], 'CAMERA_3': []}",C_ANYTHING_ELSE_AVAILABLE,CAMERA_2,NONE,ok do you have any other cameras,S_INTRODUCES_CAMERA,CAMERA_3,,Let me show you this. Here we have the Canon EOS 5D Mark III.,39~60
935,9,CAMERA_3,"['CAMERA_2', 'CAMERA_3']","{'CAMERA_1': [], 'CAMERA_2': ['camera_type', 'effects', 'settings', 'sensor_size'], 'CAMERA_3': ['effects']}",C_QUESTION_ABOUT_FEATURE,CAMERA_3,effects,does it have any effect modes,S_NOT_SURE,CAMERA_3,,I'm not really sure about that,
935,10,CAMERA_3,"['CAMERA_2', 'CAMERA_3']","{'CAMERA_1': [], 'CAMERA_2': ['camera_type', 'effects', 'settings', 'sensor_size'], 'CAMERA_3': ['effects', 'color']}",C_QUESTION_ABOUT_FEATURE,CAMERA_3,color,what colors does this one come in,S_ANSWERS_QUESTION_ABOUT_FEATURE,CAMERA_3,color,This one comes in black.,18~23
935,11,CAMERA_3,"['CAMERA_2', 'CAMERA_3']","{'CAMERA_1': [], 'CAMERA_2': ['camera_type', 'effects', 'settings', 'sensor_size'], 'CAMERA_3': ['effects', 'color', 'weight']}",C_SILENT_OR_BACKCHANNEL,CAMERA_3,NONE,alright,S_INTRODUCES_FEATURE,CAMERA_3,weight,This one weighs 950 grams (only body).,16~37
935,12,CAMERA_3,"['CAMERA_2', 'CAMERA_3']","{'CAMERA_1': [], 'CAMERA_2': ['camera_type', 'effects', 'settings', 'sensor_size'], 'CAMERA_3': ['effects', 'color', 'weight', 'ISO']}",C_QUESTION_ABOUT_FEATURE,CAMERA_3,ISO,what is the ISO,S_ANSWERS_QUESTION_ABOUT_FEATURE,CAMERA_3,ISO,This one has up to 6400 ISO with little noise.,13~45
935,13,CAMERA_3,"['CAMERA_2', 'CAMERA_3']","{'CAMERA_1': [], 'CAMERA_2': ['camera_type', 'effects', 'settings', 'sensor_size'], 'CAMERA_3': ['effects', 'color', 'weight', 'ISO', 'resolution']}",C_QUESTION_ABOUT_FEATURE,CAMERA_3,resolution,what is the resolution,S_NOT_SURE,CAMERA_3,,I'm not really sure about that,
935,14,CAMERA_3,"['CAMERA_2', 'CAMERA_3']","{'CAMERA_1': [], 'CAMERA_2': ['camera_type', 'effects', 'settings', 'sensor_size'], 'CAMERA_3': ['effects', 'color', 'weight', 'ISO', 'resolution', 'camera_type']}",C_QUESTION_ABOUT_FEATURE,CAMERA_3,camera_type,what kind of camera is this,S_ANSWERS_QUESTION_ABOUT_FEATURE,CAMERA_3,camera_type,This is a DSLR camera.,10~14
935,15,CAMERA_3,"['CAMERA_2', 'CAMERA_3']","{'CAMERA_1': [], 'CAMERA_2': ['camera_type', 'effects', 'settings', 'sensor_size'], 'CAMERA_3': ['effects', 'color', 'weight', 'ISO', 'resolution', 'camera_type', 'long_exposure']}",C_QUESTION_ABOUT_FEATURE,CAMERA_3,long_exposure,can it take long exposure shots,S_ANSWERS_QUESTION_ABOUT_FEATURE,CAMERA_3,long_exposure,"This one can take long exposures up to up to 30 seconds, bulb mode: expose as long as you want.",39~94
935,16,CAMERA_3,"['CAMERA_2', 'CAMERA_3']","{'CAMERA_1': [], 'CAMERA_2': ['camera_type', 'effects', 'settings', 'sensor_size'], 'CAMERA_3': ['effects', 'color', 'weight', 'ISO', 'resolution', 'camera_type', 'long_exposure', 'preset_modes']}",C_QUESTION_ABOUT_FEATURE,CAMERA_3,preset_modes,does it have preset modes,S_NOT_SURE,CAMERA_3,,I'm not really sure about that,
935,17,CAMERA_3,"['CAMERA_2', 'CAMERA_3']","{'CAMERA_1': [], 'CAMERA_2': ['camera_type', 'effects', 'settings', 'sensor_size'], 'CAMERA_3': ['effects', 'color', 'weight', 'ISO', 'resolution', 'camera_type', 'long_exposure', 'preset_modes', 'price']}",C_QUESTION_ABOUT_FEATURE,CAMERA_3,price,how much does it cost,S_ANSWERS_QUESTION_ABOUT_FEATURE,CAMERA_3,price,This one costs $3706.,15~20
935,18,CAMERA_3,"['CAMERA_2', 'CAMERA_3']","{'CAMERA_1': [], 'CAMERA_2': ['camera_type', 'effects', 'settings', 'sensor_size'], 'CAMERA_3': ['effects', 'color', 'weight', 'ISO', 'resolution', 'camera_type', 'long_exposure', 'preset_modes', 'price', 'sensor_size']}",C_QUESTION_ABOUT_FEATURE,CAMERA_3,sensor_size,what is the sensor size,S_ANSWERS_QUESTION_ABOUT_FEATURE,CAMERA_3,sensor_size,This one has a full frame.,15~25
935,19,CAMERA_3,"['CAMERA_2', 'CAMERA_3']","{'CAMERA_1': [], 'CAMERA_2': ['camera_type', 'effects', 'settings', 'sensor_size'], 'CAMERA_3': ['effects', 'color', 'weight', 'ISO', 'resolution', 'camera_type', 'long_exposure', 'preset_modes', 'price', 'sensor_size', 'autofocus_points']}",C_SILENT_OR_BACKCHANNEL,CAMERA_3,NONE,alright,S_INTRODUCES_FEATURE,CAMERA_3,autofocus_points,This one has 61 autofocus points.,13~32
935,20,NONE,"['CAMERA_2', 'CAMERA_3']","{'CAMERA_1': [], 'CAMERA_2': ['camera_type', 'effects', 'settings', 'sensor_size'], 'CAMERA_3': ['effects', 'color', 'weight', 'ISO', 'resolution', 'camera_type', 'long_exposure', 'preset_modes', 'price', 'sensor_size', 'autofocus_points']}",C_THANK_YOU,CAMERA_3,NONE,thank you for your help,S_THANK_YOU,CAMERA_3,NONE,thank you very much,
935,21,NONE,"['CAMERA_2', 'CAMERA_3']","{'CAMERA_1': [], 'CAMERA_2': ['camera_type', 'effects', 'settings', 'sensor_size'], 'CAMERA_3': ['effects', 'color', 'weight', 'ISO', 'resolution', 'camera_type', 'long_exposure', 'preset_modes', 'price', 'sensor_size', 'autofocus_points']}",C_LEAVES,DOOR,NONE,,S_RETURNS_TO_COUNTER,SERVICE_COUNTER,NONE,,
936,1,NONE,[],"{'CAMERA_1': [], 'CAMERA_2': [], 'CAMERA_3': []}",C_ENTERS,DOOR,NONE,,S_NONE,SERVICE_COUNTER,NONE,,
936,2,NONE,[],"{'CAMERA_1': [], 'CAMERA_2': [], 'CAMERA_3': []}",C_GREETS,MIDDLE,NONE,hello,S_GREETS,MIDDLE,NONE,can I help you?,
936,3,CAMERA_3,['CAMERA_3'],"{'CAMERA_1': [], 'CAMERA_2': [], 'CAMERA_3': []}",C_LOOKING_FOR_A_CAMERA,MIDDLE,NONE,I'm looking for a camera,S_INTRODUCES_CAMERA,CAMERA_3,,Let me show you this. Here we have the Canon EOS 5D Mark III.,39~60
936,4,CAMERA_3,['CAMERA_3'],"{'CAMERA_1': [], 'CAMERA_2': [], 'CAMERA_3': ['resolution']}",C_QUESTION_ABOUT_FEATURE,CAMERA_3,resolution,what is the resolution,S_NOT_SURE,CAMERA_3,,I'm not really sure about that,
936,5,CAMERA_3,['CAMERA_3'],"{'CAMERA_1': [], 'CAMERA_2': [], 'CAMERA_3': ['resolution', 'sensor_size']}",C_QUESTION_ABOUT_FEATURE,CAMERA_3,sensor_size,what is the sensor size,S_ANSWERS_QUESTION_ABOUT_FEATURE,CAMERA_3,sensor_size,This one has a full frame.,15~25
936,6,CAMERA_3,['CAMERA_3'],"{'CAMERA_1': [], 'CAMERA_2': [], 'CAMERA_3': ['resolution', 'sensor_size', 'color']}",C_SILENT_OR_BACKCHANNEL,CAMERA_3,NONE,okay,S_INTRODUCES_FEATURE,CAMERA_3,color,This one comes in black.,18~23
936,7,CAMERA_2,"['CAMERA_3', 'CAMERA_2']","{'CAMERA_1': [], 'CAMERA_2': [], 'CAMERA_3': ['resolution', 'sensor_size', 'color']}",C_ANYTHING_ELSE_AVAILABLE,CAMERA_3,NONE,ok do you have any other cameras,S_INTRODUCES_CAMERA,CAMERA_2,,Let me show you this. Here we have the Sony Alpha a6000.,39~55
936,8,CAMERA_2,"['CAMERA_3', 'CAMERA_2']","{'CAMERA_1': [], 'CAMERA_2': ['preset_modes'], 'CAMERA_3': ['resolution', 'sensor_size', 'color']}",C_SILENT_OR_BACKCHANNEL,CAMERA_2,NONE,alright,S_INTRODUCES_FEATURE,CAMERA_2,preset_modes,"This one has 9 preset modes (e.g. beach, snow, night, portrait).",13~63
936,9,CAMERA_1,"['CAMERA_3', 'CAMERA_2', 'CAMERA_1']","{'CAMERA_1': [], 'CAMERA_2': ['preset_modes'], 'CAMERA_3': ['resolution', 'sensor_size', 'color']}",C_ANYTHING_ELSE_AVAILABLE,CAMERA_2,NONE,ok do you have any other cameras,S_INTRODUCES_CAMERA,CAMERA_1,,Let me show you this. Here we have the Nikon Coolpix S2800.,39~58
936,10,CAMERA_1,"['CAMERA_3', 'CAMERA_2', 'CAMERA_1']","{'CAMERA_1': ['effects'], 'CAMERA_2': ['preset_modes'], 'CAMERA_3': ['resolution', 'sensor_size', 'color']}",C_QUESTION_ABOUT_FEATURE,CAMERA_1,effects,does it have any effect modes,S_ANSWERS_QUESTION_ABOUT_FEATURE,CAMERA_1,effects,"This one has 12 glamor retouch effects (e.g. skin softening, small face, big eyes).",13~82
936,11,CAMERA_1,"['CAMERA_3', 'CAMERA_2', 'CAMERA_1']","{'CAMERA_1': ['effects', 'camera_type'], 'CAMERA_2': ['preset_modes'], 'CAMERA_3': ['resolution', 'sensor_size', 'color']}",C_SILENT_OR_BACKCHANNEL,CAMERA_1,NONE,I see,S_INTRODUCES_FEATURE,CAMERA_1,camera_type,This is a point and shoot camera.,10~25
936,12,NONE,"['CAMERA_3', 'CAMERA_2', 'CAMERA_1']","{'CAMERA_1': ['effects', 'camera_type'], 'CAMERA_2': ['preset_modes'], 'CAMERA_3': ['resolution', 'sensor_size', 'color']}",C_THANK_YOU,CAMERA_1,NONE,thank you for your help,S_THANK_YOU,CAMERA_1,NONE,thank you very much,
936,13,NONE,"['CAMERA_3', 'CAMERA_2', 'CAMERA_1']","{'CAMERA_1': ['effects', 'camera_type'], 'CAMERA_2': ['preset_modes'], 'CAMERA_3': ['resolution', 'sensor_size', 'color']}",C_LEAVES,DOOR,NONE,,S_RETURNS_TO_COUNTER,SERVICE_COUNTER,NONE,,
937,1,NONE,[],"{'CAMERA_1': [], 'CAMERA_2': [], 'CAMERA_3': []}",C_ENTERS,DOOR,NONE,,S_NONE,SERVICE_COUNTER,NONE,,
937,2,NONE,[],"{'CAMERA_1': [], 'CAMERA_2': [], 'CAMERA_3': []}",C_WALKS_TO_CAMERA,CAMERA_1,NONE,,S_GREETS,CAMERA_1,NONE,can I help you?,
937,3,CAMERA_2,['CAMERA_2'],"{'CAMERA_1': [], 'CAMERA_2': [], 'CAMERA_3': []}",C_LOOKING_FOR_A_CAMERA,CAMERA_1,NONE,I'm looking for a camera,S_INTRODUCES_CAMERA,CAMERA_2,,Let me show you this. Here we have the Sony Alpha a6000.,39~55
937,4,CAMERA_2,['CAMERA_2'],"{'CAMERA_1': [], 'CAMERA_2': ['weight'], 'CAMERA_3': []}",C_QUESTION_ABOUT_FEATURE,CAMERA_2,weight,how much does this one weigh,S_ANSWERS_QUESTION_ABOUT_FEATURE,CAMERA_2,weight,This one weighs 470 grams.,16~25
937,5,CAMERA_2,['CAMERA_2'],"{'CAMERA_1': [], 'CAMERA_2': ['weight', 'ISO'], 'CAMERA_3': []}",C_SILENT_OR_BACKCHANNEL,CAMERA_2,NONE,okay,S_INTRODUCES_FEATURE,CAMERA_2,ISO,This one has up to 3200 ISO with little noise.,13~45
937,6,NONE,['CAMERA_2'],"{'CAMERA_1': [], 'CAMERA_2': ['weight', 'ISO'], 'CAMERA_3': []}",C_THANK_YOU,CAMERA_2,NONE,thank you for your help,S_THANK_YOU,CAMERA_2,NONE,thank you very much,
937,7,NONE,['CAMERA_2'],"{'CAMERA_1': [], 'CAMERA_2': ['weight', 'ISO'], 'CAMERA_3': []}",C_LEAVES,DOOR,NONE,,S_RETURNS_TO_COUNTER,SERVICE_COUNTER,NONE,,
938,1,NONE,[],"{'CAMERA_1': [], 'CAMERA_2': [], 'CAMERA_3': []}",C_ENTERS,DOOR,NONE,,S_NONE,SERVICE_COUNTER,NONE,,
938,2,NONE,[],"{'CAMERA_1': [], 'CAMERA_2': [], 'CAMERA_3': []}",C_WALKS_TO_CAMERA,CAMERA_2,NONE,,S_GREETS,CAMERA_2,NONE,can I help you?,
938,3,CAMERA_2,['CAMERA_2'],"{'CAMERA_1': [], 'CAMERA_2': [], 'CAMERA_3': []}",C_LOOKING_FOR_A_CAMERA,CAMERA_2,NONE,I'm looking for a camera,S_INTRODUCES_CAMERA,CAMERA_2,,Let me show you this. Here we have the Sony Alpha a6000.,39~55
938,4,CAMERA_2,['CAMERA_2'],"{'CAMERA_1': [], 'CAMERA_2': ['effects'], 'CAMERA_3': []}",C_QUESTION_ABOUT_FEATURE,CAMERA_2,effects,does it have any effect modes,S_ANSWERS_QUESTION_ABOUT_FEATURE,CAMERA_2,effects,"This one has 13 artistic effect modes (e.g. toy camera, soft focus).",13~67
938,5,CAMERA_2,['CAMERA_2'],"{'CAMERA_1': [], 'CAMERA_2': ['effects', 'resolution'], 'CAMERA_3': []}",C_QUESTION_ABOUT_FEATURE,CAMERA_2,resolution,what is the resolution,S_NOT_SURE,CAMERA_2,,I'm not really sure about that,
938,6,CAMERA_2,['CAMERA_2'],"{'CAMERA_1': [], 'CAMERA_2': ['effects', 'resolution', 'optical_zoom'], 'CAMERA_3': []}",C_QUESTION_ABOUT_FEATURE,CAMERA_2,optical_zoom,does it have optical zoom,S_NOT_SURE,CAMERA_2,,I'm not really sure about that,
938,7,CAMERA_2,['CAMERA_2'],"{'CAMERA_1': [], 'CAMERA_2': ['effects', 'resolution', 'optical_zoom', 'camera_type'], 'CAMERA_3': []}",C_QUESTION_ABOUT_FEATURE,CAMERA_2,camera_type,what kind of camera is this,S_ANSWERS_QUESTION_ABOUT_FEATURE,CAMERA_2,camera_type,This is a mirrorless camera.,10~20
938,8,CAMERA_2,['CAMERA_2'],"{'CAMERA_1': [], 'CAMERA_2': ['effects', 'resolution', 'optical_zoom', 'camera_type', 'long_exposure'], 'CAMERA_3': []}",C_SILENT_OR_BACKCHANNEL,CAMERA_2,NONE,okay,S_INTRODUCES_FEATURE,CAMERA_2,long_exposure,This one can take long exposures up to up to 30 seconds.,39~55
938,9,CAMERA_2,['CAMERA_2'],"{'CAMERA_1': [], 'CAMERA_2': ['effects', 'resolution', 'optical_zoom', 'camera_type', 'long_exposure', 'sensor_size'], 'CAMERA_3': []}",C_QUESTION_ABOUT_FEATURE,CAMERA_2,sensor_size,what is the sensor size,S_ANSWERS_QUESTION_ABOUT_FEATURE,CAMERA_2,sensor_size,This one has a APS-C sensor (crop sensor).,15~41
938,10,CAMERA_2,['CAMERA_2'],"{'CAMERA_1': [], 'CAMERA_2': ['effects', 'resolution', 'optical_zoom', 'camera_type', 'long_exposure', 'sensor_size', 'preset_modes'], 'CAMERA_3': []}",C_SILENT_OR_BACKCHANNEL,CAMERA_2,NONE,I see,S_INTRODUCES_FEATURE,CAMERA_2,preset_modes,"This one has 9 preset modes (e.g. beach, snow, night, portrait).",13~63
938,11,CAMERA_2,['CAMERA_2'],"{'CAMERA_1': [], 'CAMERA_2': ['effects', 'resolution', 'optical_zoom', 'camera_type', 'long_exposure', 'sensor_size', 'preset_modes', 'price'], 'CAMERA_3': []}",C_SILENT_OR_BACKCHANNEL,CAMERA_2,NONE,okay,S_INTRODUCES_FEATURE,CAMERA_2,price,This one costs $1341.,15~20
938,12,CAMERA_2,['CAMERA_2'],"{'CAMERA_1': [], 'CAMERA_2': ['effects', 'resolution', 'optical_zoom', 'camera_type', 'long_exposure', 'sensor_size', 'preset_modes', 'price', 'weight'], 'CAMERA_3': []}",C_SILENT_OR_BACKCHANNEL,CAMERA_2,NONE,alright,S_INTRODUCES_FEATURE,CAMERA_2,weight,This one weighs 470 grams.,16~25
938,13,NONE,['CAMERA_2'],"{'CAMERA_1': [], 'CAMERA_2': ['effects', 'resolution', 'optical_zoom', 'camera_type', 'long_exposure', 'sensor_size', 'preset_modes', 'price', 'weight'], 'CAMERA_3': []}",C_THANK_YOU,CAMERA_2,NONE,thank you for your help,S_THANK_YOU,CAMERA_2,NONE,thank you very much,
938,14,NONE,['CAMERA_2'],"{'CAMERA_1': [], 'CAMERA_2': ['effects', 'resolution', 'optical_zoom', 'camera_type', 'long_exposure', 'sensor_size', 'preset_modes', 'price', 'weight'], 'CAMERA_3': []}",C_LEAVES,DOOR,NONE,,S_RETURNS_TO_COUNTER,SERVICE_COUNTER,NONE,,
939,1,NONE,[],"{'CAMERA_1': [], 'CAMERA_2': [], 'CAMERA_3': []}",C_ENTERS,DOOR,NONE,,S_NONE,SERVICE_COUNTER,NONE,,
939,2,NONE,[],"{'CAMERA_1': [], 'CAMERA_2': [], 'CAMERA_3': []}",C_GREETS,MIDDLE,NONE,hello,S_GREETS,MIDDLE,NONE,can I help you?,
939,3,CAMERA_3,['CAMERA_3'],"{'CAMERA_1': [], 'CAMERA_2': [], 'CAMERA_3': []}",C_LOOKING_FOR_A_CAMERA,MIDDLE,NONE,I'm looking for a camera,S_INTRODUCES_CAMERA,CAMERA_3,,Let me show you this. Here we have the Canon EOS 5D Mark III.,39~60
939,4,CAMERA_3,['CAMERA_3'],"{'CAMERA_1': [], 'CAMERA_2': [], 'CAMERA_3': ['resolution']}",C_QUESTION_ABOUT_FEATURE,CAMERA_3,resolution,what is the resolution,S_NOT_SURE,CAMERA_3,,I'm not really sure about that,
939,5,CAMERA_3,['CAMERA_3'],"{'CAMERA_1': [], 'CAMERA_2': [], 'CAMERA_3': ['resolution', 'autofocus_points']}",C_SILENT_OR_BACKCHANNEL,CAMERA_3,NONE,I see,S_INTRODUCES_FEATURE,CAMERA_3,autofocus_points,This one has 61 autofocus points.,13~32
939,6,CAMERA_3,['CAMERA_3'],"{'CAMERA_1': [], 'CAMERA_2': [], 'CAMERA_3': ['resolution', 'autofocus_points', 'ISO']}",C_SILENT_OR_BACKCHANNEL,CAMERA_3,NONE,alright,S_INTRODUCES_FEATURE,CAMERA_3,ISO,This one has up to 6400 ISO with little noise.,13~45
939,7,CAMERA_3,['CAMERA_3'],"{'CAMERA_1': [], 'CAMERA_2': [], 'CAMERA_3': ['resolution', 'autofocus_points', 'ISO', 'optical_zoom']}",C_QUESTION_ABOUT_FEATURE,CAMERA_3,optical_zoom,does it have optical zoom,S_NOT_SURE,CAMERA_3,,I'm not really sure about that,
939,8,CAMERA_3,['CAMERA_3'],"{'CAMERA_1': [], 'CAMERA_2': [], 'CAMERA_3': ['resolution', 'autofocus_points', 'ISO', 'optical_zoom', 'weight']}",C_SILENT_OR_BACKCHANNEL,CAMERA_3,NONE,okay,S_INTRODUCES_FEATURE,CAMERA_3,weight,This one weighs 950 grams (only body).,16~37
939,9,NONE,['CAMERA_3'],"{'CAMERA_1': [], 'CAMERA_2': [], 'CAMERA_3': ['resolution', 'autofocus_points', 'ISO', 'optical_zoom', 'weight']}",C_THANK_YOU,CAMERA_3,NONE,thank you for your help,S_THANK_YOU,CAMERA_3,NONE,thank you very much,
939,10,NONE,['CAMERA_3'],"{'CAMERA_1': [], 'CAMERA_2': [], 'CAMERA_3': ['resolution', 'autofocus_points', 'ISO', 'optical_zoom', 'weight']}",C_LEAVES,DOOR,NONE,,S_RETURNS_TO_COUNTER,SERVICE_COUNTER,NONE,,
940,1,NONE,[],"{'CAMERA_1': [], 'CAMERA_2': [], 'CAMERA_3': []}",C_ENTERS,DOOR,NONE,,S_NONE,SERVICE_COUNTER,NONE,,
940,2,NONE,[],"{'CAMERA_1': [], 'CAMERA_2': [], 'CAMERA_3': []}",C_GREETS,MIDDLE,NONE,hello,S_GREETS,MIDDLE,NONE,can I help you?,
940,3,CAMERA_2,['CAMERA_2'],"{'CAMERA_1': [], 'CAMERA_2': [], 'CAMERA_3': []}",C_LOOKING_FOR_A_CAMERA,MIDDLE,NONE,I'm looking for a camera,S_INTRODUCES_CAMERA,CAMERA_2,,Let me show you this. Here we have the Sony Alpha a6000.,39~55
940,4,CAMERA_2,['CAMERA_2'],"{'CAMERA_1': [], 'CAMERA_2': ['long_exposure'], 'CAMERA_3': []}",C_SILENT_OR_BACKCHANNEL,CAMERA_2,NONE,I see,S_INTRODUCES_FEATURE,CAMERA_2,long_exposure,This one can take long exposures up to up to 30 seconds.,39~55
940,5,CAMERA_2,['CAMERA_2'],"{'CAMERA_1': [], 'CAMERA_2': ['long_exposure', 'camera_type'], 'CAMERA_3': []}",C_SILENT_OR_BACKCHANNEL,CAMERA_2,NONE,alright,S_INTRODUCES_FEATURE,CAMERA_2,camera_type,This is a mirrorless camera.,10~20
940,6,CAMERA_2,['CAMERA_2'],"{'CAMERA_1': [], 'CAMERA_2': ['long_exposure', 'camera_type', 'color'], 'CAMERA_3': []}",C_QUESTION_ABOUT_FEATURE,CAMERA_2,color,what colors does this one come in,S_ANSWERS_QUESTION_ABOUT_FEATURE,CAMERA_2,color,"This one comes in white, silver, black.",18~38
940,7,CAMERA_2,['CAMERA_2'],"{'CAMERA_1': [], 'CAMERA_2': ['long_exposure', 'camera_type', 'color', 'weight'], 'CAMERA_3': []}",C_SILENT_OR_BACKCHANNEL,CAMERA_2,NONE,I see,S_INTRODUCES_FEATURE,CAMERA_2,weight,This one weighs 470 grams.,16~25
940,8,CAMERA_2,['CAMERA_2'],"{'CAMERA_1': [], 'CAMERA_2': ['long_exposure', 'camera_type', 'color', 'weight', 'resolution'], 'CAMERA_3': []}",C_QUESTION_ABOUT_FEATURE,CAMERA_2,resolution,what is the resolution,S_NOT_SURE,CAMERA_2,,I'm not really sure about that,
940,9,CAMERA_2,['CAMERA_2'],"{'CAMERA_1': [], 'CAMERA_2': ['long_exposure', 'camera_type', 'color', 'weight', 'resolution', 'preset_modes'], 'CAMERA_3': []}",C_QUESTION_ABOUT_FEATURE,CAMERA_2,preset_modes,does it have preset modes,S_ANSWERS_QUESTION_ABOUT_FEATURE,CAMERA_2,preset_modes,"This one has 9 preset modes (e.g. beach, snow, night, portrait).",13~63
940,10,CAMERA_2,['CAMERA_2'],"{'CAMERA_1': [], 'CAMERA_2': ['long_exposure', 'camera_type', 'color', 'weight', 'resolution', 'preset_modes', 'optical_zoom'], 'CAMERA_3': []}",C_QUESTION_ABOUT_FEATURE,CAMERA_2,optical_zoom,does it have optical zoom,S_NOT_SURE,CAMERA_2,,I'm not really sure about that,
940,11,CAMERA_2,['CAMERA_2'],"{'CAMERA_1': [], 'CAMERA_2': ['long_exposure', 'camera_type', 'color', 'weight', 'resolution', 'preset_modes', 'optical_zoom', 'price'], 'CAMERA_3': []}",C_QUESTION_ABOUT_FEATURE,CAMERA_2,price,how much does it cost,S_ANSWERS_QUESTION_ABOUT_FEATURE,CAMERA_2,price,This one costs $1341.,15~20
940,12,CAMERA_2,['CAMERA_2'],"{'CAMERA_1': [], 'CAMERA_2': ['long_exposure', 'camera_type', 'color', 'weight', 'resolution', 'preset_modes', 'optical_zoom', 'price', 'effects'], 'CAMERA_3': []}",C_QUESTION_ABOUT_FEATURE,CAMERA_2,effects,does it have any effect modes,S_ANSWERS_QUESTION_ABOUT_FEATURE,CAMERA_2,effects,"This one has 13 artistic effect modes (e.g. toy camera, soft focus).",13~67
940,13,CAMERA_2,['CAMERA_2'],"{'CAMERA_1': [], 'CAMERA_2': ['long_exposure', 'camera_type', 'color', 'weight', 'resolution', 'preset_modes', 'optical_zoom', 'price', 'effects', 'autofocus_points'], 'CAMERA_3': []}",C_QUESTION_ABOUT_FEATURE,CAMERA_2,autofocus_points,how many autofocus points does it have,S_ANSWERS_QUESTION_ABOUT_FEATURE,CAMERA_2,autofocus_points,This one has 179 autofocus points.,13~33
940,14,CAMERA_2,['CAMERA_2'],"{'CAMERA_1': [], 'CAMERA_2': ['long_exposure', 'camera_type', 'color', 'weight', 'resolution', 'preset_modes', 'optical_zoom', 'price', 'effects', 'autofocus_points', 'ISO'], 'CAMERA_3': []}",C_QUESTION_ABOUT_FEATURE,CAMERA_2,ISO,what is the ISO,S_ANSWERS_QUESTION_ABOUT_FEATURE,CAMERA_2,ISO,This one has up to 3200 ISO with little noise.,13~45
940,15,CAMERA_2,['CAMERA_2'],"{'CAMERA_1': [], 'CAMERA_2': ['long_exposure', 'camera_type', 'color', 'weight', 'resolution', 'preset_modes', 'optical_zoom', 'price', 'effects', 'autofocus_points', 'ISO', 'settings'], 'CAMERA_3': []}",C_SILENT_OR_BACKCHANNEL,CAMERA_2,NONE,okay,S_INTRODUCES_FEATURE,CAMERA_2,settings,This one has full manual control.,13~32
940,16,NONE,['CAMERA_2'],"{'CAMERA_1': [], 'CAMERA_2': ['long_exposure', 'camera_type', 'color', 'weight', 'resolution', 'preset_modes', 'optical_zoom', 'price', 'effects', 'autofocus_points', 'ISO', 'settings'], 'CAMERA_3': []}",C_THANK_YOU,CAMERA_2,NONE,thank you for your help,S_THANK_YOU,CAMERA_2,NONE,thank you very much,
940,17,NONE,['CAMERA_2'],"{'CAMERA_1': [], 'CAMERA_2': ['long_exposure', 'camera_type', 'color', 'weight', 'resolution', 'preset_modes', 'optical_zoom', 'price', 'effects', 'autofocus_points', 'ISO', 'settings'], 'CAMERA_3': []}",C_LEAVES,DOOR,NONE,,S_RETURNS_TO_COUNTER,SERVICE_COUNTER,NONE,,
941,1,NONE,[],"{'CAMERA_1': [], 'CAMERA_2': [], 'CAMERA_3': []}",C_ENTERS,DOOR,NONE,,S_NONE,SERVICE_COUNTER,NONE,,
941,2,NONE,[],"{'CAMERA_1': [], 'CAMERA_2': [], 'CAMERA_3': []}",C_GREETS,MIDDLE,NONE,hello,S_GREETS,MIDDLE,NONE,can I help you?,
941,3,CAMERA_1,['CAMERA_1'],"{'CAMERA_1': [], 'CAMERA_2': [], 'CAMERA_3': []}",C_LOOKING_FOR_A_CAMERA,MIDDLE,NONE,I'm looking for a camera,S_INTRODUCES_CAMERA,CAMERA_1,,Let me show you this. Here we have the Nikon Coolpix S2800.,39~58
941,4,CAMERA_1,['CAMERA_1'],"{'CAMERA_1': ['price'], 'CAMERA_2': [], 'CAMERA_3': []}",C_SILENT_OR_BACKCHANNEL,CAMERA_1,NONE,okay,S_INTRODUCES_FEATURE,CAMERA_1,price,This one costs $2173.,15~20
941,5,NONE,['CAMERA_1'],"{'CAMERA_1': ['price'], 'CAMERA_2': [], 'CAMERA_3': []}",C_THANK_YOU,CAMERA_1,NONE,thank you for your help,S_THANK_YOU,CAMERA_1,NONE,thank you very much,
941,6,NONE,['CAMERA_1'],"{'CAMERA_1': ['price'], 'CAMERA_2': [], 'CAMERA_3': []}",C_LEAVES,DOOR,NONE,,S_RETURNS_TO_COUNTER,SERVICE_COUNTER,NONE,,
942,1,NONE,[],"{'CAMERA_1': [], 'CAMERA_2': [], 'CAMERA_3': []}",C_ENTERS,DOOR,NONE,,S_NONE,SERVICE_COUNTER,NONE,,
942,2,NONE,[],"{'CAMERA_1': [], 'CAMERA_2': [], 'CAMERA_3': []}",C_WALKS_TO_CAMERA,CAMERA_2,NONE,,S_GREETS,CAMERA_2,NONE,can I help you?,
942,3,CAMERA_1,['CAMERA_1'],"{'CAMERA_1': [], 'CAMERA_2': [], 'CAMERA_3': []}",C_LOOKING_FOR_A_CAMERA,CAMERA_2,NONE,I'm looking for a camera,S_INTRODUCES_CAMERA,CAMERA_1,,Let me show you this. Here we have the Nikon Coolpix S2800.,39~58
942,4,CAMERA_1,['CAMERA_1'],"{'CAMERA_1': ['weight'], 'CAMERA_2': [], 'CAMERA_3': []}",C_QUESTION_ABOUT_FEATURE,CAMERA_1,weight,how much does this one weigh,S_ANSWERS_QUESTION_ABOUT_FEATURE,CAMERA_1,weight,This one weighs 120 grams.,16~25
942,5,NONE,['CAMERA_1'],"{'CAMERA_1': ['weight'], 'CAMERA_2': [], 'CAMERA_3': []}",C_THANK_YOU,CAMERA_1,NONE,thank you for your help,S_THANK_YOU,CAMERA_1,NONE,thank you very much,
942,6,NONE,['CAMERA_1'],"{'CAMERA_1': ['weight'], 'CAMERA_2': [], 'CAMERA_3': []}",C_LEAVES,DOOR,NONE,,S_RETURNS_TO_COUNTER,SERVICE_COUNTER,NONE,,
943,1,NONE,[],"{'CAMERA_1': [], 'CAMERA_2': [], 'CAMERA_3': []}",C_ENTERS,DOOR,NONE,,S_NONE,SERVICE_COUNTER,NONE,,
943,2,NONE,[],"{'CAMERA_1': [], 'CAMERA_2': [], 'CAMERA_3': []}",C_WALKS_TO_CAMERA,CAMERA_2,NONE,,S_GREETS,CAMERA_2,NONE,can I help you?,
943,3,CAMERA_1,['CAMERA_1'],"{'CAMERA_1': [], 'CAMERA_2': [], 'CAMERA_3': []}",C_LOOKING_FOR_A_CAMERA,CAMERA_2,NONE,I'm looking for a camera,S_INTRODUCES_CAMERA,CAMERA_1,,Let me show you this. Here we have the Nikon Coolpix S2800.,39~58
943,4,CAMERA_1,['CAMERA_1'],"{'CAMERA_1': ['price'], 'CAMERA_2': [], 'CAMERA_3': []}",C_QUESTION_ABOUT_FEATURE,CAMERA_1,price,how much does it cost,S_ANSWERS_QUESTION_ABOUT_FEATURE,CAMERA_1,price,This one costs $2173.,15~20
943,5,CAMERA_1,['CAMERA_1'],"{'CAMERA_1': ['price', 'settings'], 'CAMERA_2': [], 'CAMERA_3': []}",C_QUESTION_ABOUT_FEATURE,CAMERA_1,settings,what kind of settings does it have,S_ANSWERS_QUESTION_ABOUT_FEATURE,CAMERA_1,settings,This one has limited manual settings.,13~36
943,6,CAMERA_1,['CAMERA_1'],"{'CAMERA_1': ['price', 'settings', 'weight'], 'CAMERA_2': [], 'CAMERA_3': []}",C_QUESTION_ABOUT_FEATURE,CAMERA_1,weight,how much does this one weigh,S_ANSWERS_QUESTION_ABOUT_FEATURE,CAMERA_1,weight,This one weighs 120 grams.,16~25
943,7,CAMERA_1,['CAMERA_1'],"{'CAMERA_1': ['price', 'settings', 'weight', 'effects'], 'CAMERA_2': [], 'CAMERA_3': []}",C_QUESTION_ABOUT_FEATURE,CAMERA_1,effects,does it have any effect modes,S_ANSWERS_QUESTION_ABOUT_FEATURE,CAMERA_1,effects,"This one has 12 glamor retouch effects (e.g. skin softening, small face, big eyes).",13~82
943,8,CAMERA_1,['CAMERA_1'],"{'CAMERA_1': ['price', 'settings', 'weight', 'effects', 'camera_type'], 'CAMERA_2': [], 'CAMERA_3': []}",C_QUESTION_ABOUT_FEATURE,CAMERA_1,camera_type,what kind of camera is this,S_ANSWERS_QUESTION_ABOUT_FEATURE,CAMERA_1,camera_type,This is a point and shoot camera.,10~25
943,9,CAMERA_1,['CAMERA_1'],"{'CAMERA_1': ['price', 'settings', 'weight', 'effects', 'camera_type', 'preset_modes'], 'CAMERA_2': [], 'CAMERA_3': []}",C_SILENT_OR_BACKCHANNEL,CAMERA_1,NONE,alright,S_INTRODUCES_FEATURE,CAMERA_1,preset_modes,"This one has 18 preset modes (e.g. beach, snow, night portrait).",13~63
943,10,CAMERA_1,['CAMERA_1'],"{'CAMERA_1': ['price', 'settings', 'weight', 'effects', 'camera_type', 'preset_modes', 'color'], 'CAMERA_2': [], 'CAMERA_3': []}",C_SILENT_OR_BACKCHANNEL,CAMERA_1,NONE,okay,S_INTRODUCES_FEATURE,CAMERA_1,color,"This one comes in purple, pink, black, silver, red.",18~50
943,11,CAMERA_1,['CAMERA_1'],"{'CAMERA_1': ['price', 'settings', 'weight', 'effects', 'camera_type', 'preset_modes', 'color', 'autofocus_points'], 'CAMERA_2': [], 'CAMERA_3': []}",C_QUESTION_ABOUT_FEATURE,CAMERA_1,autofocus_points,how many autofocus points does it have,S_NOT_SURE,CAMERA_1,,I'm not really sure about that,
943,12,NONE,['CAMERA_1'],"{'CAMERA_1': ['price', 'settings', 'weight', 'effects', 'camera_type', 'preset_modes', 'color', 'autofocus_points'], 'CAMERA_2': [], 'CAMERA_3': []}",C_THANK_YOU,CAMERA_1,NONE,thank you for your help,S_THANK_YOU,CAMERA_1,NONE,thank you very much,
943,13,NONE,['CAMERA_1'],"{'CAMERA_1': ['price', 'settings', 'weight', 'effects', 'camera_type', 'preset_modes', 'color', 'autofocus_points'], 'CAMERA_2': [], 'CAMERA_3': []}",C_LEAVES,DOOR,NONE,,S_RETURNS_TO_COUNTER,SERVICE_COUNTER,NONE,,
944,1,NONE,[],"{'CAMERA_1': [], 'CAMERA_2': [], 'CAMERA_3': []}",C_ENTERS,DOOR,NONE,,S_NONE,SERVICE_COUNTER,NONE,,
944,2,NONE,[],"{'CAMERA_1': [], 'CAMERA_2': [], 'CAMERA_3': []}",C_GREETS,MIDDLE,NONE,hello,S_GREETS,MIDDLE,NONE,can I help you?,
944,3,CAMERA_1,['CAMERA_1'],"{'CAMERA_1': [], 'CAMERA_2': [], 'CAMERA_3': []}",C_LOOKING_FOR_A_CAMERA,MIDDLE,NONE,I'm looking for a camera,S_INTRODUCES_CAMERA,CAMERA_1,,Let me show you this. Here we have the Nikon Coolpix S2800.,39~58
944,4,CAMERA_1,['CAMERA_1'],"{'CAMERA_1': ['settings'], 'CAMERA_2': [], 'CAMERA_3': []}",C_SILENT_OR_BACKCHANNEL,CAMERA_1,NONE,alright,S_INTRODUCES_FEATURE,CAMERA_1,settings,This one has limited manual settings.,13~36
944,5,CAMERA_1,['CAMERA_1'],"{'CAMERA_1': ['settings', 'optical_zoom'], 'CAMERA_2': [], 'CAMERA_3': []}",C_QUESTION_ABOUT_FEATURE,CAMERA_1,optical_zoom,does it have optical zoom,S_ANSWERS_QUESTION_ABOUT_FEATURE,CAMERA_1,optical_zoom,This one has 5x optical zoom.,13~28
944,6,CAMERA_1,['CAMERA_1'],"{'CAMERA_1': ['settings', 'optical_zoom', 'ISO'], 'CAMERA_2': [], 'CAMERA_3': []}",C_QUESTION_ABOUT_FEATURE,CAMERA_1,ISO,what is the ISO,S_NOT_SURE,CAMERA_1,,I'm not really sure about that,
944,7,CAMERA_1,['CAMERA_1'],"{'CAMERA_1': ['settings', 'optical_zoom', 'ISO', 'long_exposure'], 'CAMERA_2': [], 'CAMERA_3': []}",C_QUESTION_ABOUT_FEATURE,CAMERA_1,long_exposure,can it take long exposure shots,S_NOT_SURE,CAMERA_1,,I'm not really sure about that,
944,8,CAMERA_1,['CAMERA_1'],"{'CAMERA_1': ['settings', 'optical_zoom', 'ISO', 'long_exposure', 'camera_type'], 'CAMERA_2': [], 'CAMERA_3': []}",C_QUESTION_ABOUT_FEATURE,CAMERA_1,camera_type,what kind of camera is this,S_ANSWERS_QUESTION_ABOUT_FEATURE,CAMERA_1,camera_type,This is a point and shoot camera.,10~25
944,9,CAMERA_1,['CAMERA_1'],"{'CAMERA_1': ['settings', 'optical_zoom', 'ISO', 'long_exposure', 'camera_type', 'sensor_size'], 'CAMERA_2': [], 'CAMERA_3': []}",C_QUESTION_ABOUT_FEATURE,CAMERA_1,sensor_size,what is the sensor size,S_NOT_SURE,CAMERA_1,,I'm not really sure about that,
944,10,CAMERA_1,['CAMERA_1'],"{'CAMERA_1': ['settings', 'optical_zoom', 'ISO', 'long_exposure', 'camera_type', 'sensor_size', 'color'], 'CAMERA_2': [], 'CAMERA_3': []}",C_SILENT_OR_BACKCHANNEL,CAMERA_1,NONE,I see,S_INTRODUCES_FEATURE,CAMERA_1,color,"This one comes in purple, pink, black, silver, red.",18~50
944,11,CAMERA_1,['CAMERA_1'],"{'CAMERA_1': ['settings', 'optical_zoom', 'ISO', 'long_exposure', 'camera_type', 'sensor_size', 'color', 'resolution'], 'CAMERA_2': [], 'CAMERA_3': []}",C_QUESTION_ABOUT_FEATURE,CAMERA_1,resolution,what is the resolution,S_ANSWERS_QUESTION_ABOUT_FEATURE,CAMERA_1,resolution,This one has 20.1 megapixels resolution.,13~28
944,12,CAMERA_1,['CAMERA_1'],"{'CAMERA_1': ['settings', 'optical_zoom', 'ISO', 'long_exposure', 'camera_type', 'sensor_size', 'color', 'resolution', 'weight'], 'CAMERA_2': [], 'CAMERA_3': []}",C_SILENT_OR_BACKCHANNEL,CAMERA_1,NONE,I see,S_INTRODUCES_FEATURE,CAMERA_1,weight,This one weighs 120 grams.,16~25
944,13,NONE,['CAMERA_1'],"{'CAMERA_1': ['settings', 'optical_zoom', 'ISO', 'long_exposure', 'camera_type', 'sensor_size', 'color', 'resolution', 'weight'], 'CAMERA_2': [], 'CAMERA_3': []}",C_THANK_YOU,CAMERA_1,NONE,thank you for your help,S_THANK_YOU,CAMERA_1,NONE,thank you very much,
944,14,NONE,['CAMERA_1'],"{'CAMERA_1': ['settings', 'optical_zoom', 'ISO', 'long_exposure', 'camera_type', 'sensor_size', 'color', 'resolution', 'weight'], 'CAMERA_2': [], 'CAMERA_3': []}",C_LEAVES,DOOR,NONE,,S_RETURNS_TO_COUNTER,SERVICE_COUNTER,NONE,,
945,1,NONE,[],"{'CAMERA_1': [], 'CAMERA_2': [], 'CAMERA_3': []}",C_ENTERS,DOOR,NONE,,S_NONE,SERVICE_COUNTER,NONE,,
945,2,NONE,[],"{'CAMERA_1': [], 'CAMERA_2': [], 'CAMERA_3': []}",C_WALKS_TO_CAMERA,CAMERA_1,NONE,,S_GREETS,CAMERA_1,NONE,can I help you?,
945,3,CAMERA_3,['CAMERA_3'],"{'CAMERA_1': [], 'CAMERA_2': [], 'CAMERA_3': []}",C_LOOKING_FOR_A_CAMERA,CAMERA_1,NONE,I'm looking for a camera,S_INTRODUCES_CAMERA,CAMERA_3,,Let me show you this. Here we have the Canon EOS 5D Mark III.,39~60
945,4,CAMERA_3,['CAMERA_3'],"{'CAMERA_1': [], 'CAMERA_2': [], 'CAMERA_3': ['weight']}",C_SILENT_OR_BACKCHANNEL,CAMERA_3,NONE,I see,S_INTRODUCES_FEATURE,CAMERA_3,weight,This one weighs 950 grams (only body).,16~37
945,5,CAMERA_3,['CAMERA_3'],"{'CAMERA_1': [], 'CAMERA_2': [], 'CAMERA_3': ['weight', 'camera_type']}",C_QUESTION_ABOUT_FEATURE,CAMERA_3,camera_type,what kind of camera is this,S_ANSWERS_QUESTION_ABOUT_FEATURE,CAMERA_3,camera_type,This is a DSLR camera.,10~14
945,6,CAMERA_3,['CAMERA_3'],"{'CAMERA_1': [], 'CAMERA_2': [], 'CAMERA_3': ['weight', 'camera_type', 'autofocus_points']}",C_QUESTION_ABOUT_FEATURE,CAMERA_3,autofocus_points,how many autofocus points does it have,S_ANSWERS_QUESTION_ABOUT_FEATURE,CAMERA_3,autofocus_points,This one has 61 autofocus points.,13~32
945,7,CAMERA_3,['CAMERA_3'],"{'CAMERA_1': [], 'CAMERA_2': [], 'CAMERA_3': ['weight', 'camera_type', 'autofocus_points', 'price']}",C_SILENT_OR_BACKCHANNEL,CAMERA_3,NONE,alright,S_INTRODUCES_FEATURE,CAMERA_3,price,This one costs $3706.,15~20
945,8,CAMERA_3,['CAMERA_3'],"{'CAMERA_1': [], 'CAMERA_2': [], 'CAMERA_3': ['weight', 'camera_type', 'autofocus_points', 'price', 'color']}",C_SILENT_OR_BACKCHANNEL,CAMERA_3,NONE,alright,S_INTRODUCES_FEATURE,CAMERA_3,color,This one comes in black.,18~23
945,9,CAMERA_3,['CAMERA_3'],"{'CAMERA_1': [], 'CAMERA_2': [], 'CAMERA_3': ['weight', 'camera_type', 'autofocus_points', 'price', 'color', 'ISO']}",C_SILENT_OR_BACKCHANNEL,CAMERA_3,NONE,alright,S_INTRODUCES_FEATURE,CAMERA_3,ISO,This one has up to 6400 ISO with little noise.,13~45
945,10,CAMERA_3,['CAMERA_3'],"{'CAMERA_1': [], 'CAMERA_2': [], 'CAMERA_3': ['weight', 'camera_type', 'autofocus_points', 'price', 'color', 'ISO', 'sensor_size']}",C_SILENT_OR_BACKCHANNEL,CAMERA_3,NONE,okay,S_INTRODUCES_FEATURE,CAMERA_3,sensor_size,This one has a full frame.,15~25
945,11,NONE,['CAMERA_3'],"{'CAMERA_1': [], 'CAMERA_2': [], 'CAMERA_3': ['weight', 'camera_type', 'autofocus_points', 'price', 'color', 'ISO', 'sensor_size']}",C_THANK_YOU,CAMERA_3,NONE,thank you for your help,S_THANK_YOU,CAMERA_3,NONE,thank you very much,
945,12,NONE,['CAMERA_3'],"{'CAMERA_1': [], 'CAMERA_2': [], 'CAMERA_3': ['weight', 'camera_type', 'autofocus_points', 'price', 'color', 'ISO', 'sensor_size']}",C_LEAVES,DOOR,NONE,,S_RETURNS_TO_COUNTER,SERVICE_COUNTER,NONE,,
946,1,NONE,[],"{'CAMERA_1': [], 'CAMERA_2': [], 'CAMERA_3': []}",C_ENTERS,DOOR,NONE,,S_NONE,SERVICE_COUNTER,NONE,,
946,2,NONE,[],"{'CAMERA_1': [], 'CAMERA_2': [], 'CAMERA_3': []}",C_WALKS_TO_CAMERA,CAMERA_2,NONE,,S_GREETS,CAMERA_2,NONE,can I help you?,
946,3,CAMERA_2,['CAMERA_2'],"{'CAMERA_1': [], 'CAMERA_2': [], 'CAMERA_3': []}",C_LOOKING_FOR_A_CAMERA,CAMERA_2,NONE,I'm looking for a camera,S_INTRODUCES_CAMERA,CAMERA_2,,Let me show you this. Here we have the Sony Alpha a6000.,39~55
946,4,CAMERA_2,['CAMERA_2'],"{'CAMERA_1': [], 'CAMERA_2': ['camera_type'], 'CAMERA_3': []}",C_QUESTION_ABOUT_FEATURE,CAMERA_2,camera_type,what kind of camera is this,S_ANSWERS_QUESTION_ABOUT_FEATURE,CAMERA_2,camera_type,This is a mirrorless camera.,10~20
946,5,CAMERA_2,['CAMERA_2'],"{'CAMERA_1': [], 'CAMERA_2': ['camera_type', 'sensor_size'], 'CAMERA_3': []}",C_SILENT_OR_BACKCHANNEL,CAMERA_2,NONE,alright,S_INTRODUCES_FEATURE,CAMERA_2,sensor_size,This one has a APS-C sensor (crop sensor).,15~41
946,6,CAMERA_2,['CAMERA_2'],"{'CAMERA_1': [], 'CAMERA_2': ['camera_type', 'sensor_size', 'ISO'], 'CAMERA_3': []}",C_SILENT_OR_BACKCHANNEL,CAMERA_2,NONE,okay,S_INTRODUCES_FEATURE,CAMERA_2,ISO,This one has up to 3200 ISO with little noise.,13~45
946,7,CAMERA_3,"['CAMERA_2', 'CAMERA_3']","{'CAMERA_1': [], 'CAMERA_2': ['camera_type', 'sensor_size', 'ISO'], 'CAMERA_3': []}",C_ANYTHING_ELSE_AVAILABLE,CAMERA_2,NONE,ok do you have any other cameras,S_INTRODUCES_CAMERA,CAMERA_3,,Let me show you this. Here we have the Canon EOS 5D Mark III.,39~60
946,8,CAMERA_3,"['CAMERA_2', 'CAMERA_3']","{'CAMERA_1': [], 'CAMERA_2': ['camera_type', 'sensor_size', 'ISO'], 'CAMERA_3': ['autofocus_points']}",C_SILENT_OR_BACKCHANNEL,CAMERA_3,NONE,alright,S_INTRODUCES_FEATURE,CAMERA_3,autofocus_points,This one has 61 autofocus points.,13~32
946,9,CAMERA_3,"['CAMERA_2', 'CAMERA_3']","{'CAMERA_1': [], 'CAMERA_2': ['camera_type', 'sensor_size', 'ISO'], 'CAMERA_3': ['autofocus_points', 'sensor_size']}",C_SILENT_OR_BACKCHANNEL,CAMERA_3,NONE,alright,S_INTRODUCES_FEATURE,CAMERA_3,sensor_size,This one has a full frame.,15~25
946,10,CAMERA_3,"['CAMERA_2', 'CAMERA_3']","{'CAMERA_1': [], 'CAMERA_2': ['camera_type', 'sensor_size', 'ISO'], 'CAMERA_3': ['autofocus_points', 'sensor_size', 'resolution']}",C_QUESTION_ABOUT_FEATURE,CAMERA_3,resolution,what is the resolution,S_NOT_SURE,CAMERA_3,,I'm not really sure about that,
946,11,CAMERA_3,"['CAMERA_2', 'CAMERA_3']","{'CAMERA_1': [], 'CAMERA_2': ['camera_type', 'sensor_size', 'ISO'], 'CAMERA_3': ['autofocus_points', 'sensor_size', 'resolution', 'price']}",C_QUESTION_ABOUT_FEATURE,CAMERA_3,price,how much does it cost,S_ANSWERS_QUESTION_ABOUT_FEATURE,CAMERA_3,price,This one costs $3706.,15~20
946,12,CAMERA_3,"['CAMERA_2', 'CAMERA_3']","{'CAMERA_1': [], 'CAMERA_2': ['camera_type', 'sensor_size', 'ISO'], 'CAMERA_3': ['autofocus_points', 'sensor_size', 'resolution', 'price', 'effects']}",C_QUESTION_ABOUT_FEATURE,CAMERA_3,effects,does it have any effect modes,S_NOT_SURE,CAMERA_3,,I'm not really sure about that,
946,13,CAMERA_3,"['CAMERA_2', 'CAMERA_3']","{'CAMERA_1': [], 'CAMERA_2': ['camera_type', 'sensor_size', 'ISO'], 'CAMERA_3': ['autofocus_points', 'sensor_size', 'resolution', 'price', 'effects', 'color']}",C_SILENT_OR_BACKCHANNEL,CAMERA_3,NONE,alright,S_INTRODUCES_FEATURE,CAMERA_3,color,This one comes in black.,18~23
946,14,NONE,"['CAMERA_2', 'CAMERA_3']","{'CAMERA_1': [], 'CAMERA_2': ['camera_type', 'sensor_size', 'ISO'], 'CAMERA_3': ['autofocus_points', 'sensor_size', 'resolution', 'price', 'effects', 'color']}",C_THANK_YOU,CAMERA_3,NONE,thank you for your help,S_THANK_YOU,CAMERA_3,NONE,thank you very much,
946,15,NONE,"['CAMERA_2', 'CAMERA_3']","{'CAMERA_1': [], 'CAMERA_2': ['camera_type', 'sensor_size', 'ISO'], 'CAMERA_3': ['autofocus_points', 'sensor_size', 'resolution', 'price', 'effects', 'color']}",C_LEAVES,DOOR,NONE,,S_RETURNS_TO_COUNTER,SERVICE_COUNTER,NONE,,
947,1,NONE,[],"{'CAMERA_1': [], 'CAMERA_2': [], 'CAMERA_3': []}",C_ENTERS,DOOR,NONE,,S_NONE,SERVICE_COUNTER,NONE,,
947,2,NONE,[],"{'CAMERA_1': [], 'CAMERA_2': [], 'CAMERA_3': []}",C_WALKS_TO_CAMERA,CAMERA_2,NONE,,S_GREETS,CAMERA_2,NONE,can I help you?,
947,3,CAMERA_2,['CAMERA_2'],"{'CAMERA_1': [], 'CAMERA_2': [], 'CAMERA_3': []}",C_LOOKING_FOR_A_CAMERA,CAMERA_2,NONE,I'm looking for a camera,S_INTRODUCES_CAMERA,CAMERA_2,,Let me show you this. Here we have the Sony Alpha a6000.,39~55
947,4,CAMERA_2,['CAMERA_2'],"{'CAMERA_1': [], 'CAMERA_2': ['sensor_size'], 'CAMERA_3': []}",C_QUESTION_ABOUT_FEATURE,CAMERA_2,sensor_size,what is the sensor size,S_ANSWERS_QUESTION_ABOUT_FEATURE,CAMERA_2,sensor_size,This one has a APS-C sensor (crop sensor).,15~41
947,5,CAMERA_2,['CAMERA_2'],"{'CAMERA_1': [], 'CAMERA_2': ['sensor_size', 'long_exposure'], 'CAMERA_3': []}",C_SILENT_OR_BACKCHANNEL,CAMERA_2,NONE,okay,S_INTRODUCES_FEATURE,CAMERA_2,long_exposure,This one can take long exposures up to up to 30 seconds.,39~55
947,6,CAMERA_3,"['CAMERA_2', 'CAMERA_3']","{'CAMERA_1': [], 'CAMERA_2': ['sensor_size', 'long_exposure'], 'CAMERA_3': []}",C_ANYTHING_ELSE_AVAILABLE,CAMERA_2,NONE,ok do you have any other cameras,S_INTRODUCES_CAMERA,CAMERA_3,,Let me show you this. Here we have the Canon EOS 5D Mark III.,39~60
947,7,CAMERA_3,"['CAMERA_2', 'CAMERA_3']","{'CAMERA_1': [], 'CAMERA_2': ['sensor_size', 'long_exposure'], 'CAMERA_3': ['ISO']}",C_SILENT_OR_BACKCHANNEL,CAMERA_3,NONE,I see,S_INTRODUCES_FEATURE,CAMERA_3,ISO,This one has up to 6400 ISO with little noise.,13~45
947,8,CAMERA_3,"['CAMERA_2', 'CAMERA_3']","{'CAMERA_1': [], 'CAMERA_2': ['sensor_size', 'long_exposure'], 'CAMERA_3': ['ISO', 'effects']}",C_QUESTION_ABOUT_FEATURE,CAMERA_3,effects,does it have any effect modes,S_NOT_SURE,CAMERA_3,,I'm not really sure about that,
947,9,CAMERA_1,"['CAMERA_2', 'CAMERA_3', 'CAMERA_1']","{'CAMERA_1': [], 'CAMERA_2': ['sensor_size', 'long_exposure'], 'CAMERA_3': ['ISO', 'effects']}",C_ANYTHING_ELSE_AVAILABLE,CAMERA_3,NONE,ok do you have any other cameras,S_INTRODUCES_CAMERA,CAMERA_1,,Let me show you this. Here we have the Nikon Coolpix S2800.,39~58
947,10,CAMERA_1,"['CAMERA_2', 'CAMERA_3', 'CAMERA_1']","{'CAMERA_1': ['price'], 'CAMERA_2': ['sensor_size', 'long_exposure'], 'CAMERA_3': ['ISO', 'effects']}",C_QUESTION_ABOUT_FEATURE,CAMERA_1,price,how much does it cost,S_ANSWERS_QUESTION_ABOUT_FEATURE,CAMERA_1,price,This one costs $2173.,15~20
947,11,CAMERA_1,"['CAMERA_2', 'CAMERA_3', 'CAMERA_1']","{'CAMERA_1': ['price', 'preset_modes'], 'CAMERA_2': ['sensor_size', 'long_exposure'], 'CAMERA_3': ['ISO', 'effects']}",C_SILENT_OR_BACKCHANNEL,CAMERA_1,NONE,alright,S_INTRODUCES_FEATURE,CAMERA_1,preset_modes,"This one has 18 preset modes (e.g. beach, snow, night portrait).",13~63
947,12,CAMERA_1,"['CAMERA_2', 'CAMERA_3', 'CAMERA_1']","{'CAMERA_1': ['price', 'preset_modes', 'weight'], 'CAMERA_2': ['sensor_size', 'long_exposure'], 'CAMERA_3': ['ISO', 'effects']}",C_SILENT_OR_BACKCHANNEL,CAMERA_1,NONE,okay,S_INTRODUCES_FEATURE,CAMERA_1,weight,This one weighs 120 grams.,16~25
947,13,CAMERA_1,"['CAMERA_2', 'CAMERA_3', 'CAMERA_1']","{'CAMERA_1': ['price', 'preset_modes', 'weight', 'color'], 'CAMERA_2': ['sensor_size', 'long_exposure'], 'CAMERA_3': ['ISO', 'effects']}",C_QUESTION_ABOUT_FEATURE,CAMERA_1,color,what colors does this one come in,S_ANSWERS_QUESTION_ABOUT_FEATURE,CAMERA_1,color,"This one comes in purple, pink, black, silver, red.",18~50
947,14,CAMERA_1,"['CAMERA_2', 'CAMERA_3', 'CAMERA_1']","{'CAMERA_1': ['price', 'preset_modes', 'weight', 'color', 'ISO'], 'CAMERA_2': ['sensor_size', 'long_exposure'], 'CAMERA_3': ['ISO', 'effects']}",C_QUESTION_ABOUT_FEATURE,CAMERA_1,ISO,what is the ISO,S_NOT_SURE,CAMERA_1,,I'm not really sure about that,
947,15,NONE,"['CAMERA_2', 'CAMERA_3', 'CAMERA_1']","{'CAMERA_1': ['price', 'preset_modes', 'weight', 'color', 'ISO'], 'CAMERA_2': ['sensor_size', 'long_exposure'], 'CAMERA_3': ['ISO', 'effects']}",C_THANK_YOU,CAMERA_1,NONE,thank you for your help,S_THANK_YOU,CAMERA_1,NONE,thank you very much,
947,16,NONE,"['CAMERA_2', 'CAMERA_3', 'CAMERA_1']","{'CAMERA_1': ['price', 'preset_modes', 'weight', 'color', 'ISO'], 'CAMERA_2': ['sensor_size', 'long_exposure'], 'CAMERA_3': ['ISO', 'effects']}",C_LEAVES,DOOR,NONE,,S_RETURNS_TO_COUNTER,SERVICE_COUNTER,NONE,,
948,1,NONE,[],"{'CAMERA_1': [], 'CAMERA_2': [], 'CAMERA_3': []}",C_ENTERS,DOOR,NONE,,S_NONE,SERVICE_COUNTER,NONE,,
948,2,NONE,[],"{'CAMERA_1': [], 'CAMERA_2': [], 'CAMERA_3': []}",C_GREETS,MIDDLE,NONE,hello,S_GREETS,MIDDLE,NONE,can I help you?,
948,3,CAMERA_3,['CAMERA_3'],"{'CAMERA_1': [], 'CAMERA_2': [], 'CAMERA_3': []}",C_LOOKING_FOR_A_CAMERA,MIDDLE,NONE,I'm looking for a camera,S_INTRODUCES_CAMERA,CAMERA_3,,Let me show you this. Here we have the Canon EOS 5D Mark III.,39~60
948,4,CAMERA_3,['CAMERA_3'],"{'CAMERA_1': [], 'CAMERA_2': [], 'CAMERA_3': ['sensor_size']}",C_QUESTION_ABOUT_FEATURE,CAMERA_3,sensor_size,what is the sensor size,S_ANSWERS_QUESTION_ABOUT_FEATURE,CAMERA_3,sensor_size,This one has a full frame.,15~25
948,5,CAMERA_3,['CAMERA_3'],"{'CAMERA_1': [], 'CAMERA_2': [], 'CAMERA_3': ['sensor_size', 'weight']}",C_QUESTION_ABOUT_FEATURE,CAMERA_3,weight,how much does this one weigh,S_ANSWERS_QUESTION_ABOUT_FEATURE,CAMERA_3,weight,This one weighs 950 grams (only body).,16~37
948,6,CAMERA_3,['CAMERA_3'],"{'CAMERA_1': [], 'CAMERA_2': [], 'CAMERA_3': ['sensor_size', 'weight', 'settings']}",C_SILENT_OR_BACKCHANNEL,CAMERA_3,NONE,alright,S_INTRODUCES_FEATURE,CAMERA_3,settings,This one has full manual control.,13~32
948,7,CAMERA_3,['CAMERA_3'],"{'CAMERA_1': [], 'CAMERA_2': [], 'CAMERA_3': ['sensor_size', 'weight', 'settings', 'autofocus_points']}",C_SILENT_OR_BACKCHANNEL,CAMERA_3,NONE,okay,S_INTRODUCES_FEATURE,CAMERA_3,autofocus_points,This one has 61 autofocus points.,13~32
948,8,CAMERA_3,['CAMERA_3'],"{'CAMERA_1': [], 'CAMERA_2': [], 'CAMERA_3': ['sensor_size', 'weight', 'settings', 'autofocus_points', 'color']}",C_QUESTION_ABOUT_FEATURE,CAMERA_3,color,what colors does this one come in,S_ANSWERS_QUESTION_ABOUT_FEATURE,CAMERA_3,color,This one comes in black.,18~23
948,9,CAMERA_3,['CAMERA_3'],"{'CAMERA_1': [], 'CAMERA_2': [], 'CAMERA_3': ['sensor_size', 'weight', 'settings', 'autofocus_points', 'color', 'camera_type']}",C_QUESTION_ABOUT_FEATURE,CAMERA_3,camera_type,what kind of camera is this,S_ANSWERS_QUESTION_ABOUT_FEATURE,CAMERA_3,camera_type,This is a DSLR camera.,10~14
948,10,CAMERA_3,['CAMERA_3'],"{'CAMERA_1': [], 'CAMERA_2': [], 'CAMERA_3': ['sensor_size', 'weight', 'settings', 'autofocus_points', 'color', 'camera_type', 'long_exposure']}",C_QUESTION_ABOUT_FEATURE,CAMERA_3,long_exposure,can it take long exposure shots,S_ANSWERS_QUESTION_ABOUT_FEATURE,CAMERA_3,long_exposure,"This one can take long exposures up to up to 30 seconds, bulb mode: expose as long as you want.",39~94
948,11,CAMERA_3,['CAMERA_3'],"{'CAMERA_1': [], 'CAMERA_2': [], 'CAMERA_3': ['sensor_size', 'weight', 'settings', 'autofocus_points', 'color', 'camera_type', 'long_exposure', 'ISO']}",C_SILENT_OR_BACKCHANNEL,CAMERA_3,NONE,okay,S_INTRODUCES_FEATURE,CAMERA_3,ISO,This one has up to 6400 ISO with little noise.,13~45
948,12,CAMERA_3,['CAMERA_3'],"{'CAMERA_1': [], 'CAMERA_2': [], 'CAMERA_3': ['sensor_size', 'weight', 'settings', 'autofocus_points', 'color', 'camera_type', 'long_exposure', 'ISO', 'optical_zoom']}",C_QUESTION_ABOUT_FEATURE,CAMERA_3,optical_zoom,does it have optical zoom,S_NOT_SURE,CAMERA_3,,I'm not really sure about that,
948,13,CAMERA_3,['CAMERA_3'],"{'CAMERA_1': [], 'CAMERA_2': [], 'CAMERA_3': ['sensor_size', 'weight', 'settings', 'autofocus_points', 'color', 'camera_type', 'long_exposure', 'ISO', 'optical_zoom', 'price']}",C_SILENT_OR_BACKCHANNEL,CAMERA_3,NONE,okay,S_INTRODUCES_FEATURE,CAMERA_3,price,This one costs $3706.,15~20
948,14,NONE,['CAMERA_3'],"{'CAMERA_1': [], 'CAMERA_2': [], 'CAMERA_3': ['sensor_size', 'weight', 'settings', 'autofocus_points', 'color', 'camera_type', 'long_exposure', 'ISO', 'optical_zoom', 'price']}",C_THANK_YOU,CAMERA_3,NONE,thank you for your help,S_THANK_YOU,CAMERA_3,NONE,thank you very much,
948,15,NONE,['CAMERA_3'],"{'CAMERA_1': [], 'CAMERA_2': [], 'CAMERA_3': ['sensor_size', 'weight', 'settings', 'autofocus_points', 'color', 'camera_type', 'long_exposure', 'ISO', 'optical_zoom', 'price']}",C_LEAVES,DOOR,NONE,,S_RETURNS_TO_COUNTER,SERVICE_COUNTER,NONE,,
949,1,NONE,[],"{'CAMERA_1': [], 'CAMERA_2': [], 'CAMERA_3': []}",C_ENTERS,DOOR,NONE,,S_NONE,SERVICE_COUNTER,NONE,,
949,2,NONE,[],"{'CAMERA_1': [], 'CAMERA_2': [], 'CAMERA_3': []}",C_GREETS,MIDDLE,NONE,hello,S_GREETS,MIDDLE,NONE,can I help you?,
949,3,CAMERA_2,['CAMERA_2'],"{'CAMERA_1': [], 'CAMERA_2': [], 'CAMERA_3': []}",C_LOOKING_FOR_A_CAMERA,MIDDLE,NONE,I'm looking for a camera,S_INTRODUCES_CAMERA,CAMERA_2,,Let me show you this. Here we have the Sony Alpha a6000.,39~55
949,4,CAMERA_2,['CAMERA_2'],"{'CAMERA_1': [], 'CAMERA_2': ['color'], 'CAMERA_3': []}",C_SILENT_OR_BACKCHANNEL,CAMERA_2,NONE,I see,S_INTRODUCES_FEATURE,CAMERA_2,color,"This one comes in white, silver, black.",18~38
949,5,CAMERA_3,"['CAMERA_2', 'CAMERA_3']","{'CAMERA_1': [], 'CAMERA_2': ['color'], 'CAMERA_3': []}",C_ANYTHING_ELSE_AVAILABLE,CAMERA_2,NONE,ok do you have any other cameras,S_INTRODUCES_CAMERA,CAMERA_3,,Let me show you this. Here we have the Canon EOS 5D Mark III.,39~60
949,6,CAMERA_3,"['CAMERA_2', 'CAMERA_3']","{'CAMERA_1': [], 'CAMERA_2': ['color'], 'CAMERA_3': ['weight']}",C_SILENT_OR_BACKCHANNEL,CAMERA_3,NONE,I see,S_INTRODUCES_FEATURE,CAMERA_3,weight,This one weighs 950 grams (only body).,16~37
949,7,CAMERA_3,"['CAMERA_2', 'CAMERA_3']","{'CAMERA_1': [], 'CAMERA_2': ['color'], 'CAMERA_3': ['weight', 'preset_modes']}",C_QUESTION_ABOUT_FEATURE,CAMERA_3,preset_modes,does it have preset modes,S_NOT_SURE,CAMERA_3,,I'm not really sure about that,
949,8,CAMERA_3,"['CAMERA_2', 'CAMERA_3']","{'CAMERA_1': [], 'CAMERA_2': ['color'], 'CAMERA_3': ['weight', 'preset_modes', 'ISO']}",C_SILENT_OR_BACKCHANNEL,CAMERA_3,NONE,alright,S_INTRODUCES_FEATURE,CAMERA_3,ISO,This one has up to 6400 ISO with little noise.,13~45
949,9,CAMERA_3,"['CAMERA_2', 'CAMERA_3']","{'CAMERA_1': [], 'CAMERA_2': ['color'], 'CAMERA_3': ['weight', 'preset_modes', 'ISO', 'color']}",C_QUESTION_ABOUT_FEATURE,CAMERA_3,color,what colors does this one come in,S_ANSWERS_QUESTION_ABOUT_FEATURE,CAMERA_3,color,This one comes in black.,18~23
949,10,CAMERA_3,"['CAMERA_2', 'CAMERA_3']","{'CAMERA_1': [], 'CAMERA_2': ['color'], 'CAMERA_3': ['weight', 'preset_modes', 'ISO', 'color', 'price']}",C_SILENT_OR_BACKCHANNEL,CAMERA_3,NONE,okay,S_INTRODUCES_FEATURE,CAMERA_3,price,This one costs $3706.,15~20
949,11,CAMERA_3,"['CAMERA_2', 'CAMERA_3']","{'CAMERA_1': [], 'CAMERA_2': ['color'], 'CAMERA_3': ['weight', 'preset_modes', 'ISO', 'color', 'price', 'sensor_size']}",C_SILENT_OR_BACKCHANNEL,CAMERA_3,NONE,I see,S_INTRODUCES_FEATURE,CAMERA_3,sensor_size,This one has a full frame.,15~25
949,12,CAMERA_1,"['CAMERA_2', 'CAMERA_3', 'CAMERA_1']","{'CAMERA_1': [], 'CAMERA_2': ['color'], 'CAMERA_3': ['weight', 'preset_modes', 'ISO', 'color', 'price', 'sensor_size']}",C_ANYTHING_ELSE_AVAILABLE,CAMERA_3,NONE,ok do you have any other cameras,S_INTRODUCES_CAMERA,CAMERA_1,,Let me show you this. Here we have the Nikon Coolpix S2800.,39~58
949,13,CAMERA_1,"['CAMERA_2', 'CAMERA_3', 'CAMERA_1']","{'CAMERA_1': ['resolution'], 'CAMERA_2': ['color'], 'CAMERA_3': ['weight', 'preset_modes', 'ISO', 'color', 'price', 'sensor_size']}",C_QUESTION_ABOUT_FEATURE,CAMERA_1,resolution,what is the resolution,S_ANSWERS_QUESTION_ABOUT_FEATURE,CAMERA_1,resolution,This one has 20.1 megapixels resolution.,13~28
949,14,NONE,"['CAMERA_2', 'CAMERA_3', 'CAMERA_1']","{'CAMERA_1': ['resolution'], 'CAMERA_2': ['color'], 'CAMERA_3': ['weight', 'preset_modes', 'ISO', 'color', 'price', 'sensor_size']}",C_THANK_YOU,CAMERA_1,NONE,thank you for your help,S_THANK_YOU,CAMERA_1,NONE,thank you very much,
949,15,NONE,"['CAMERA_2', 'CAMERA_3', 'CAMERA_1']","{'CAMERA_1': ['resolution'], 'CAMERA_2': ['color'], 'CAMERA_3': ['weight', 'preset_modes', 'ISO', 'color', 'price', 'sensor_size']}",C_LEAVES,DOOR,NONE,,S_RETURNS_TO_COUNTER,SERVICE_COUNTER,NONE,,
950,1,NONE,[],"{'CAMERA_1': [], 'CAMERA_2': [], 'CAMERA_3': []}",C_ENTERS,DOOR,NONE,,S_NONE,SERVICE_COUNTER,NONE,,
950,2,NONE,[],"{'CAMERA_1': [], 'CAMERA_2': [], 'CAMERA_3': []}",C_WALKS_TO_CAMERA,CAMERA_1,NONE,,S_GREETS,CAMERA_1,NONE,can I help you?,
950,3,CAMERA_3,['CAMERA_3'],"{'CAMERA_1': [], 'CAMERA_2': [], 'CAMERA_3': []}",C_LOOKING_FOR_A_CAMERA,CAMERA_1,NONE,I'm looking for a camera,S_INTRODUCES_CAMERA,CAMERA_3,,Let me show you this. Here we have the Canon EOS 5D Mark III.,39~60
950,4,CAMERA_3,['CAMERA_3'],"{'CAMERA_1': [], 'CAMERA_2': [], 'CAMERA_3': ['camera_type']}",C_SILENT_OR_BACKCHANNEL,CAMERA_3,NONE,okay,S_INTRODUCES_FEATURE,CAMERA_3,camera_type,This is a DSLR camera.,10~14
950,5,CAMERA_3,['CAMERA_3'],"{'CAMERA_1': [], 'CAMERA_2': [], 'CAMERA_3': ['camera_type', 'sensor_size']}",C_QUESTION_ABOUT_FEATURE,CAMERA_3,sensor_size,what is the sensor size,S_ANSWERS_QUESTION_ABOUT_FEATURE,CAMERA_3,sensor_size,This one has a full frame.,15~25
950,6,CAMERA_2,"['CAMERA_3', 'CAMERA_2']","{'CAMERA_1': [], 'CAMERA_2': [], 'CAMERA_3': ['camera_type', 'sensor_size']}",C_ANYTHING_ELSE_AVAILABLE,CAMERA_3,NONE,ok do you have any other cameras,S_INTRODUCES_CAMERA,CAMERA_2,,Let me show you this. Here we have the Sony Alpha a6000.,39~55
950,7,CAMERA_2,"['CAMERA_3', 'CAMERA_2']","{'CAMERA_1': [], 'CAMERA_2': ['preset_modes'], 'CAMERA_3': ['camera_type', 'sensor_size']}",C_SILENT_OR_BACKCHANNEL,CAMERA_2,NONE,alright,S_INTRODUCES_FEATURE,CAMERA_2,preset_modes,"This one has 9 preset modes (e.g. beach, snow, night, portrait).",13~63
950,8,CAMERA_2,"['CAMERA_3', 'CAMERA_2']","{'CAMERA_1': [], 'CAMERA_2': ['preset_modes', 'camera_type'], 'CAMERA_3': ['camera_type', 'sensor_size']}",C_SILENT_OR_BACKCHANNEL,CAMERA_2,NONE,I see,S_INTRODUCES_FEATURE,CAMERA_2,camera_type,This is a mirrorless camera.,10~20
950,9,CAMERA_2,"['CAMERA_3', 'CAMERA_2']","{'CAMERA_1': [], 'CAMERA_2': ['preset_modes', 'camera_type', 'long_exposure'], 'CAMERA_3': ['camera_type', 'sensor_size']}",C_QUESTION_ABOUT_FEATURE,CAMERA_2,long_exposure,can it take long exposure shots,S_ANSWERS_QUESTION_ABOUT_FEATURE,CAMERA_2,long_exposure,This one can take long exposures up to up to 30 seconds.,39~55
950,10,CAMERA_2,"['CAMERA_3', 'CAMERA_2']","{'CAMERA_1': [], 'CAMERA_2': ['preset_modes', 'camera_type', 'long_exposure', 'settings'], 'CAMERA_3': ['camera_type', 'sensor_size']}",C_QUESTION_ABOUT_FEATURE,CAMERA_2,settings,what kind of settings does it have,S_ANSWERS_QUESTION_ABOUT_FEATURE,CAMERA_2,settings,This one has full manual control.,13~32
950,11,CAMERA_2,"['CAMERA_3', 'CAMERA_2']","{'CAMERA_1': [], 'CAMERA_2': ['preset_modes', 'camera_type', 'long_exposure', 'settings', 'optical_zoom'], 'CAMERA_3': ['camera_type', 'sensor_size']}",C_QUESTION_ABOUT_FEATURE,CAMERA_2,optical_zoom,does it have optical zoom,S_NOT_SURE,CAMERA_2,,I'm not really sure about that,
950,12,NONE,"['CAMERA_3', 'CAMERA_2']","{'CAMERA_1': [], 'CAMERA_2': ['preset_modes', 'camera_type', 'long_exposure', 'settings', 'optical_zoom'], 'CAMERA_3': ['camera_type', 'sensor_size']}",C_THANK_YOU,CAMERA_2,NONE,thank you for your help,S_THANK_YOU,CAMERA_2,NONE,thank you very much,
950,13,NONE,"['CAMERA_3', 'CAMERA_2']","{'CAMERA_1': [], 'CAMERA_2': ['preset_modes', 'camera_type', 'long_exposure', 'settings', 'optical_zoom'], 'CAMERA_3': ['camera_type', 'sensor_size']}",C_LEAVES,DOOR,NONE,,S_RETURNS_TO_COUNTER,SERVICE_COUNTER,NONE,,
951,1,NONE,[],"{'CAMERA_1': [], 'CAMERA_2': [], 'CAMERA_3': []}",C_ENTERS,DOOR,NONE,,S_NONE,SERVICE_COUNTER,NONE,,
951,2,NONE,[],"{'CAMERA_1': [], 'CAMERA_2': [], 'CAMERA_3': []}",C_GREETS,MIDDLE,NONE,hello,S_GREETS,MIDDLE,NONE,can I help you?,
951,3,CAMERA_1,['CAMERA_1'],"{'CAMERA_1': [], 'CAMERA_2': [], 'CAMERA_3': []}",C_LOOKING_FOR_A_CAMERA,MIDDLE,NONE,I'm looking for a camera,S_INTRODUCES_CAMERA,CAMERA_1,,Let me show you this. Here we have the Nikon Coolpix S2800.,39~58
951,4,CAMERA_1,['CAMERA_1'],"{'CAMERA_1': ['settings'], 'CAMERA_2': [], 'CAMERA_3': []}",C_QUESTION_ABOUT_FEATURE,CAMERA_1,settings,what kind of settings does it have,S_ANSWERS_QUESTION_ABOUT_FEATURE,CAMERA_1,settings,This one has limited manual settings.,13~36
951,5,NONE,['CAMERA_1'],"{'CAMERA_1': ['settings'], 'CAMERA_2': [], 'CAMERA_3': []}",C_THANK_YOU,CAMERA_1,NONE,thank you for your help,S_THANK_YOU,CAMERA_1,NONE,thank you very much,
951,6,NONE,['CAMERA_1'],"{'CAMERA_1': ['settings'], 'CAMERA_2': [], 'CAMERA_3': []}",C_LEAVES,DOOR,NONE,,S_RETURNS_TO_COUNTER,SERVICE_COUNTER,NONE,,
952,1,NONE,[],"{'CAMERA_1': [], 'CAMERA_2': [], 'CAMERA_3': []}",C_ENTERS,DOOR,NONE,,S_NONE,SERVICE_COUNTER,NONE,,
952,2,NONE,[],"{'CAMERA_1': [], 'CAMERA_2': [], 'CAMERA_3': []}",C_GREETS,MIDDLE,NONE,hello,S_GREETS,MIDDLE,NONE,can I help you?,
952,3,CAMERA_2,['CAMERA_2'],"{'CAMERA_1': [], 'CAMERA_2': [], 'CAMERA_3': []}",C_LOOKING_FOR_A_CAMERA,MIDDLE,NONE,I'm looking for a camera,S_INTRODUCES_CAMERA,CAMERA_2,,Let me show you this. Here we have the Sony Alpha a6000.,39~55
952,4,CAMERA_2,['CAMERA_2'],"{'CAMERA_1': [], 'CAMERA_2': ['settings'], 'CAMERA_3': []}",C_QUESTION_ABOUT_FEATURE,CAMERA_2,settings,what kind of settings does it have,S_ANSWERS_QUESTION_ABOUT_FEATURE,CAMERA_2,settings,This one has full manual control.,13~32
952,5,CAMERA_2,['CAMERA_2'],"{'CAMERA_1': [], 'CAMERA_2': ['settings', 'resolution'], 'CAMERA_3': []}",C_QUESTION_ABOUT_FEATURE,CAMERA_2,resolution,what is the resolution,S_NOT_SURE,CAMERA_2,,I'm not really sure about that,
952,6,CAMERA_2,['CAMERA_2'],"{'CAMERA_1': [], 'CAMERA_2': ['settings', 'resolution', 'price'], 'CAMERA_3': []}",C_SILENT_OR_BACKCHANNEL,CAMERA_2,NONE,okay,S_INTRODUCES_FEATURE,CAMERA_2,price,This one costs $1341.,15~20
952,7,CAMERA_2,['CAMERA_2'],"{'CAMERA_1': [], 'CAMERA_2': ['settings', 'resolution', 'price', 'camera_type'], 'CAMERA_3': []}",C_QUESTION_ABOUT_FEATURE,CAMERA_2,camera_type,what kind of camera is this,S_ANSWERS_QUESTION_ABOUT_FEATURE,CAMERA_2,camera_type,This is a mirrorless camera.,10~20
952,8,CAMERA_2,['CAMERA_2'],"{'CAMERA_1': [], 'CAMERA_2': ['settings', 'resolution', 'price', 'camera_type', 'ISO'], 'CAMERA_3': []}",C_QUESTION_ABOUT_FEATURE,CAMERA_2,ISO,what is the ISO,S_ANSWERS_QUESTION_ABOUT_FEATURE,CAMERA_2,ISO,This one has up to 3200 ISO with little noise.,13~45
952,9,CAMERA_2,['CAMERA_2'],"{'CAMERA_1': [], 'CAMERA_2': ['settings', 'resolution', 'price', 'camera_type', 'ISO', 'autofocus_points'], 'CAMERA_3': []}",C_SILENT_OR_BACKCHANNEL,CAMERA_2,NONE,alright,S_INTRODUCES_FEATURE,CAMERA_2,autofocus_points,This one has 179 autofocus points.,13~33
952,10,CAMERA_2,['CAMERA_2'],"{'CAMERA_1': [], 'CAMERA_2': ['settings', 'resolution', 'price', 'camera_type', 'ISO', 'autofocus_points', 'sensor_size'], 'CAMERA_3': []}",C_QUESTION_ABOUT_FEATURE,CAMERA_2,sensor_size,what is the sensor size,S_ANSWERS_QUESTION_ABOUT_FEATURE,CAMERA_2,sensor_size,This one has a APS-C sensor (crop sensor).,15~41
952,11,CAMERA_2,['CAMERA_2'],"{'CAMERA_1': [], 'CAMERA_2': ['settings', 'resolution', 'price', 'camera_type', 'ISO', 'autofocus_points', 'sensor_size', 'effects'], 'CAMERA_3': []}",C_SILENT_OR_BACKCHANNEL,CAMERA_2,NONE,I see,S_INTRODUCES_FEATURE,CAMERA_2,effects,"This one has 13 artistic effect modes (e.g. toy camera, soft focus).",13~67
952,12,CAMERA_2,['CAMERA_2'],"{'CAMERA_1': [], 'CAMERA_2': ['settings', 'resolution', 'price', 'camera_type', 'ISO', 'autofocus_points', 'sensor_size', 'effects', 'color'], 'CAMERA_3': []}",C_SILENT_OR_BACKCHANNEL,CAMERA_2,NONE,okay,S_INTRODUCES_FEATURE,CAMERA_2,color,"This one comes in white, silver, black.",18~38
952,13,CAMERA_2,['CAMERA_2'],"{'CAMERA_1': [], 'CAMERA_2': ['settings', 'resolution', 'price', 'camera_type', 'ISO', 'autofocus_points', 'sensor_size', 'effects', 'color', 'weight'], 'CAMERA_3': []}",C_SILENT_OR_BACKCHANNEL,CAMERA_2,NONE,okay,S_INTRODUCES_FEATURE,CAMERA_2,weight,This one weighs 470 grams.,16~25
952,14,CAMERA_2,['CAMERA_2'],"{'CAMERA_1': [], 'CAMERA_2': ['settings', 'resolution', 'price', 'camera_type', 'ISO', 'autofocus_points', 'sensor_size', 'effects', 'color', 'weight', 'long_exposure'], 'CAMERA_3': []}",C_QUESTION_ABOUT_FEATURE,CAMERA_2,long_exposure,can it take long exposure shots,S_ANSWERS_QUESTION_ABOUT_FEATURE,CAMERA_2,long_exposure,This one can take long exposures up to up to 30 seconds.,39~55
952,15,CAMERA_2,['CAMERA_2'],"{'CAMERA_1': [], 'CAMERA_2': ['settings', 'resolution', 'price', 'camera_type', 'ISO', 'autofocus_points', 'sensor_size', 'effects', 'color', 'weight', 'long_exposure', 'preset_modes'], 'CAMERA_3': []}",C_SILENT_OR_BACKCHANNEL,CAMERA_2,NONE,alright,S_INTRODUCES_FEATURE,CAMERA_2,preset_modes,"This one has 9 preset modes (e.g. beach, snow, night, portrait).",13~63
952,16,CAMERA_2,['CAMERA_2'],"{'CAMERA_1': [], 'CAMERA_2': ['settings', 'resolution', 'price', 'camera_type', 'ISO', 'autofocus_points', 'sensor_size', 'effects', 'color', 'weight', 'long_exposure', 'preset_modes', 'ISO'], 'CAMERA_3': []}",C_SILENT_OR_BACKCHANNEL,CAMERA_2,NONE,okay,S_INTRODUCES_FEATURE,CAMERA_2,ISO,This one has up to 3200 ISO with little noise.,13~45
952,17,CAMERA_2,['CAMERA_2'],"{'CAMERA_1': [], 'CAMERA_2': ['settings', 'resolution', 'price', 'camera_type', 'ISO', 'autofocus_points', 'sensor_size', 'effects', 'color', 'weight', 'long_exposure', 'preset_modes', 'ISO', 'optical_zoom'], 'CAMERA_3': []}",C_QUESTION_ABOUT_FEATURE,CAMERA_2,optical_zoom,does it have optical zoom,S_NOT_SURE,CAMERA_2,,I'm not really sure about that,
952,18,CAMERA_3,"['CAMERA_2', 'CAMERA_3']","{'CAMERA_1': [], 'CAMERA_2': ['settings', 'resolution', 'price', 'camera_type', 'ISO', 'autofocus_points', 'sensor_size', 'effects', 'color', 'weight', 'long_exposure', 'preset_modes', 'ISO', 'optical_zoom'], 'CAMERA_3': []}",C_ANYTHING_ELSE_AVAILABLE,CAMERA_2,NONE,ok do you have any other cameras,S_INTRODUCES_CAMERA,CAMERA_3,,Let me show you this. Here we have the Canon EOS 5D Mark III.,39~60
952,19,CAMERA_3,"['CAMERA_2', 'CAMERA_3']","{'CAMERA_1': [], 'CAMERA_2': ['settings', 'resolution', 'price', 'camera_type', 'ISO', 'autofocus_points', 'sensor_size', 'effects', 'color', 'weight', 'long_exposure', 'preset_modes', 'ISO', 'optical_zoom'], 'CAMERA_3': ['camera_type']}",C_SILENT_OR_BACKCHANNEL,CAMERA_3,NONE,okay,S_INTRODUCES_FEATURE,CAMERA_3,camera_type,This is a DSLR camera.,10~14
952,20,CAMERA_3,"['CAMERA_2', 'CAMERA_3']","{'CAMERA_1': [], 'CAMERA_2': ['settings', 'resolution', 'price', 'camera_type', 'ISO', 'autofocus_points', 'sensor_size', 'effects', 'color', 'weight', 'long_exposure', 'preset_modes', 'ISO', 'optical_zoom'], 'CAMERA_3': ['camera_type', 'sensor_size']}",C_SILENT_OR_BACKCHANNEL,CAMERA_3,NONE,alright,S_INTRODUCES_FEATURE,CAMERA_3,sensor_size,This one has a full frame.,15~25
952,21,CAMERA_1,"['CAMERA_2', 'CAMERA_3', 'CAMERA_1']","{'CAMERA_1': [], 'CAMERA_2': ['settings', 'resolution', 'price', 'camera_type', 'ISO', 'autofocus_points', 'sensor_size', 'effects', 'color', 'weight', 'long_exposure', 'preset_modes', 'ISO', 'optical_zoom'], 'CAMERA_3': ['camera_type', 'sensor_size']}",C_ANYTHING_ELSE_AVAILABLE,CAMERA_3,NONE,ok do you have any other cameras,S_INTRODUCES_CAMERA,CAMERA_1,,Let me show you this. Here we have the Nikon Coolpix S2800.,39~58
952,22,CAMERA_1,"['CAMERA_2', 'CAMERA_3', 'CAMERA_1']","{'CAMERA_1': ['preset_modes'], 'CAMERA_2': ['settings', 'resolution', 'price', 'camera_type', 'ISO', 'autofocus_points', 'sensor_size', 'effects', 'color', 'weight', 'long_exposure', 'preset_modes', 'ISO', 'optical_zoom'], 'CAMERA_3': ['camera_type', 'sensor_size']}",C_SILENT_OR_BACKCHANNEL,CAMERA_1,NONE,alright,S_INTRODUCES_FEATURE,CAMERA_1,preset_modes,"This one has 18 preset modes (e.g. beach, snow, night portrait).",13~63
952,23,CAMERA_1,"['CAMERA_2', 'CAMERA_3', 'CAMERA_1']","{'CAMERA_1': ['preset_modes', 'color'], 'CAMERA_2': ['settings', 'resolution', 'price', 'camera_type', 'ISO', 'autofocus_points', 'sensor_size', 'effects', 'color', 'weight', 'long_exposure', 'preset_modes', 'ISO', 'optical_zoom'], 'CAMERA_3': ['camera_type', 'sensor_size']}",C_QUESTION_ABOUT_FEATURE,CAMERA_1,color,what colors does this one come in,S_ANSWERS_QUESTION_ABOUT_FEATURE,CAMERA_1,color,"This one comes in purple, pink, black, silver, red.",18~50
952,24,CAMERA_1,"['CAMERA_2', 'CAMERA_3', 'CAMERA_1']","{'CAMERA_1': ['preset_modes', 'color', 'resolution'], 'CAMERA_2': ['settings', 'resolution', 'price', 'camera_type', 'ISO', 'autofocus_points', 'sensor_size', 'effects', 'color', 'weight', 'long_exposure', 'preset_modes', 'ISO', 'optical_zoom'], 'CAMERA_3': ['camera_type', 'sensor_size']}",C_SILENT_OR_BACKCHANNEL,CAMERA_1,NONE,alright,S_INTRODUCES_FEATURE,CAMERA_1,resolution,This one has 20.1 megapixels resolution.,13~28
952,25,CAMERA_1,"['CAMERA_2', 'CAMERA_3', 'CAMERA_1']","{'CAMERA_1': ['preset_modes', 'color', 'resolution', 'long_exposure'], 'CAMERA_2': ['settings', 'resolution', 'price', 'camera_type', 'ISO', 'autofocus_points', 'sensor_size', 'effects', 'color', 'weight', 'long_exposure', 'preset_modes', 'ISO', 'optical_zoom'], 'CAMERA_3': ['camera_type', 'sensor_size']}",C_QUESTION_ABOUT_FEATURE,CAMERA_1,long_exposure,can it take long exposure shots,S_NOT_SURE,CAMERA_1,,I'm not really sure about that,
952,26,CAMERA_1,"['CAMERA_2', 'CAMERA_3', 'CAMERA_1']","{'CAMERA_1': ['preset_modes', 'color', 'resolution', 'long_exposure', 'ISO'], 'CAMERA_2': ['settings', 'resolution', 'price', 'camera_type', 'ISO', 'autofocus_points', 'sensor_size', 'effects', 'color', 'weight', 'long_exposure', 'preset_modes', 'ISO', 'optical_zoom'], 'CAMERA_3': ['camera_type', 'sensor_size']}",C_QUESTION_ABOUT_FEATURE,CAMERA_1,ISO,what is the ISO,S_NOT_SURE,CAMERA_1,,I'm not really sure about that,
952,27,CAMERA_1,"['CAMERA_2', 'CAMERA_3', 'CAMERA_1']","{'CAMERA_1': ['preset_modes', 'color', 'resolution', 'long_exposure', 'ISO', 'weight'], 'CAMERA_2': ['settings', 'resolution', 'price', 'camera_type', 'ISO', 'autofocus_points', 'sensor_size', 'effects', 'color', 'weight', 'long_exposure', 'preset_modes', 'ISO', 'optical_zoom'], 'CAMERA_3': ['camera_type', 'sensor_size']}",C_QUESTION_ABOUT_FEATURE,CAMERA_1,weight,how much does this one weigh,S_ANSWERS_QUESTION_ABOUT_FEATURE,CAMERA_1,weight,This one weighs 120 grams.,16~25
952,28,CAMERA_1,"['CAMERA_2', 'CAMERA_3', 'CAMERA_1']","{'CAMERA_1': ['preset_modes', 'color', 'resolution', 'long_exposure', 'ISO', 'weight', 'camera_type'], 'CAMERA_2': ['settings', 'resolution', 'price', 'camera_type', 'ISO', 'autofocus_points', 'sensor_size', 'effects', 'color', 'weight', 'long_exposure', 'preset_modes', 'ISO', 'optical_zoom'], 'CAMERA_3': ['camera_type', 'sensor_size']}",C_SILENT_OR_BACKCHANNEL,CAMERA_1,NONE,okay,S_INTRODUCES_FEATURE,CAMERA_1,camera_type,This is a point and shoot camera.,10~25
952,29,CAMERA_1,"['CAMERA_2', 'CAMERA_3', 'CAMERA_1']","{'CAMERA_1': ['preset_modes', 'color', 'resolution', 'long_exposure', 'ISO', 'weight', 'camera_type', 'optical_zoom'], 'CAMERA_2': ['settings', 'resolution', 'price', 'camera_type', 'ISO', 'autofocus_points', 'sensor_size', 'effects', 'color', 'weight', 'long_exposure', 'preset_modes', 'ISO', 'optical_zoom'], 'CAMERA_3': ['camera_type', 'sensor_size']}",C_QUESTION_ABOUT_FEATURE,CAMERA_1,optical_zoom,does it have optical zoom,S_ANSWERS_QUESTION_ABOUT_FEATURE,CAMERA_1,optical_zoom,This one has 5x optical zoom.,13~28
952,30,CAMERA_1,"['CAMERA_2', 'CAMERA_3', 'CAMERA_1']","{'CAMERA_1': ['preset_modes', 'color', 'resolution', 'long_exposure', 'ISO', 'weight', 'camera_type', 'optical_zoom', 'autofocus_points'], 'CAMERA_2': ['settings', 'resolution', 'price', 'camera_type', 'ISO', 'autofocus_points', 'sensor_size', 'effects', 'color', 'weight', 'long_exposure', 'preset_modes', 'ISO', 'optical_zoom'], 'CAMERA_3': ['camera_type', 'sensor_size']}",C_QUESTION_ABOUT_FEATURE,CAMERA_1,autofocus_points,how many autofocus points does it have,S_NOT_SURE,CAMERA_1,,I'm not really sure about that,
952,31,CAMERA_1,"['CAMERA_2', 'CAMERA_3', 'CAMERA_1']","{'CAMERA_1': ['preset_modes', 'color', 'resolution', 'long_exposure', 'ISO', 'weight', 'camera_type', 'optical_zoom', 'autofocus_points', 'effects'], 'CAMERA_2': ['settings', 'resolution', 'price', 'camera_type', 'ISO', 'autofocus_points', 'sensor_size', 'effects', 'color', 'weight', 'long_exposure', 'preset_modes', 'ISO', 'optical_zoom'], 'CAMERA_3': ['camera_type', 'sensor_size']}",C_QUESTION_ABOUT_FEATURE,CAMERA_1,effects,does it have any effect modes,S_ANSWERS_QUESTION_ABOUT_FEATURE,CAMERA_1,effects,"This one has 12 glamor retouch effects (e.g. skin softening, small face, big eyes).",13~82
952,32,CAMERA_1,"['CAMERA_2', 'CAMERA_3', 'CAMERA_1']","{'CAMERA_1': ['preset_modes', 'color', 'resolution', 'long_exposure', 'ISO', 'weight', 'camera_type', 'optical_zoom', 'autofocus_points', 'effects', 'settings'], 'CAMERA_2': ['settings', 'resolution', 'price', 'camera_type', 'ISO', 'autofocus_points', 'sensor_size', 'effects', 'color', 'weight', 'long_exposure', 'preset_modes', 'ISO', 'optical_zoom'], 'CAMERA_3': ['camera_type', 'sensor_size']}",C_SILENT_OR_BACKCHANNEL,CAMERA_1,NONE,okay,S_INTRODUCES_FEATURE,CAMERA_1,settings,This one has limited manual settings.,13~36
952,33,CAMERA_1,"['CAMERA_2', 'CAMERA_3', 'CAMERA_1']","{'CAMERA_1': ['preset_modes', 'color', 'resolution', 'long_exposure', 'ISO', 'weight', 'camera_type', 'optical_zoom', 'autofocus_points', 'effects', 'settings', 'price'], 'CAMERA_2': ['settings', 'resolution', 'price', 'camera_type', 'ISO', 'autofocus_points', 'sensor_size', 'effects', 'color', 'weight', 'long_exposure', 'preset_modes', 'ISO', 'optical_zoom'], 'CAMERA_3': ['camera_type', 'sensor_size']}",C_SILENT_OR_BACKCHANNEL,CAMERA_1,NONE,okay,S_INTRODUCES_FEATURE,CAMERA_1,price,This one costs $2173.,15~20
952,34,CAMERA_1,"['CAMERA_2', 'CAMERA_3', 'CAMERA_1']","{'CAMERA_1': ['preset_modes', 'color', 'resolution', 'long_exposure', 'ISO', 'weight', 'camera_type', 'optical_zoom', 'autofocus_points', 'effects', 'settings', 'price', 'sensor_size'], 'CAMERA_2': ['settings', 'resolution', 'price', 'camera_type', 'ISO', 'autofocus_points', 'sensor_size', 'effects', 'color', 'weight', 'long_exposure', 'preset_modes', 'ISO', 'optical_zoom'], 'CAMERA_3': ['camera_type', 'sensor_size']}",C_QUESTION_ABOUT_FEATURE,CAMERA_1,sensor_size,what is the sensor size,S_NOT_SURE,CAMERA_1,,I'm not really sure about that,
952,35,CAMERA_1,"['CAMERA_2', 'CAMERA_3', 'CAMERA_1']","{'CAMERA_1': ['preset_modes', 'color', 'resolution', 'long_exposure', 'ISO', 'weight', 'camera_type', 'optical_zoom', 'autofocus_points', 'effects', 'settings', 'price', 'sensor_size', 'long_exposure'], 'CAMERA_2': ['settings', 'resolution', 'price', 'camera_type', 'ISO', 'autofocus_points', 'sensor_size', 'effects', 'color', 'weight', 'long_exposure', 'preset_modes', 'ISO', 'optical_zoom'], 'CAMERA_3': ['camera_type', 'sensor_size']}",C_QUESTION_ABOUT_FEATURE,CAMERA_1,long_exposure,can it take long exposure shots,S_NOT_SURE,CAMERA_1,,I'm not really sure about that,
952,36,,"['CAMERA_2', 'CAMERA_3', 'CAMERA_1']","{'CAMERA_1': ['preset_modes', 'color', 'resolution', 'long_exposure', 'ISO', 'weight', 'camera_type', 'optical_zoom', 'autofocus_points', 'effects', 'settings', 'price', 'sensor_size', 'long_exposure'], 'CAMERA_2': ['settings', 'resolution', 'price', 'camera_type', 'ISO', 'autofocus_points', 'sensor_size', 'effects', 'color', 'weight', 'long_exposure', 'preset_modes', 'ISO', 'optical_zoom'], 'CAMERA_3': ['camera_type', 'sensor_size']}",C_ANYTHING_ELSE_AVAILABLE,CAMERA_1,NONE,ok do you have any other cameras,S_THATS_ALL_WE_HAVE_AVAILABLE,CAMERA_1,,That’s all we have available at the moment.,
952,37,NONE,"['CAMERA_2', 'CAMERA_3', 'CAMERA_1']","{'CAMERA_1': ['preset_modes', 'color', 'resolution', 'long_exposure', 'ISO', 'weight', 'camera_type', 'optical_zoom', 'autofocus_points', 'effects', 'settings', 'price', 'sensor_size', 'long_exposure'], 'CAMERA_2': ['settings', 'resolution', 'price', 'camera_type', 'ISO', 'autofocus_points', 'sensor_size', 'effects', 'color', 'weight', 'long_exposure', 'preset_modes', 'ISO', 'optical_zoom'], 'CAMERA_3': ['camera_type', 'sensor_size']}",C_THANK_YOU,CAMERA_1,NONE,thank you for your help,S_THANK_YOU,CAMERA_1,NONE,thank you very much,
952,38,NONE,"['CAMERA_2', 'CAMERA_3', 'CAMERA_1']","{'CAMERA_1': ['preset_modes', 'color', 'resolution', 'long_exposure', 'ISO', 'weight', 'camera_type', 'optical_zoom', 'autofocus_points', 'effects', 'settings', 'price', 'sensor_size', 'long_exposure'], 'CAMERA_2': ['settings', 'resolution', 'price', 'camera_type', 'ISO', 'autofocus_points', 'sensor_size', 'effects', 'color', 'weight', 'long_exposure', 'preset_modes', 'ISO', 'optical_zoom'], 'CAMERA_3': ['camera_type', 'sensor_size']}",C_LEAVES,DOOR,NONE,,S_RETURNS_TO_COUNTER,SERVICE_COUNTER,NONE,,
953,1,NONE,[],"{'CAMERA_1': [], 'CAMERA_2': [], 'CAMERA_3': []}",C_ENTERS,DOOR,NONE,,S_NONE,SERVICE_COUNTER,NONE,,
953,2,NONE,[],"{'CAMERA_1': [], 'CAMERA_2': [], 'CAMERA_3': []}",C_GREETS,MIDDLE,NONE,hello,S_GREETS,MIDDLE,NONE,can I help you?,
953,3,CAMERA_1,['CAMERA_1'],"{'CAMERA_1': [], 'CAMERA_2': [], 'CAMERA_3': []}",C_LOOKING_FOR_A_CAMERA,MIDDLE,NONE,I'm looking for a camera,S_INTRODUCES_CAMERA,CAMERA_1,,Let me show you this. Here we have the Nikon Coolpix S2800.,39~58
953,4,CAMERA_1,['CAMERA_1'],"{'CAMERA_1': ['sensor_size'], 'CAMERA_2': [], 'CAMERA_3': []}",C_QUESTION_ABOUT_FEATURE,CAMERA_1,sensor_size,what is the sensor size,S_NOT_SURE,CAMERA_1,,I'm not really sure about that,
953,5,CAMERA_1,['CAMERA_1'],"{'CAMERA_1': ['sensor_size', 'camera_type'], 'CAMERA_2': [], 'CAMERA_3': []}",C_SILENT_OR_BACKCHANNEL,CAMERA_1,NONE,alright,S_INTRODUCES_FEATURE,CAMERA_1,camera_type,This is a point and shoot camera.,10~25
953,6,NONE,['CAMERA_1'],"{'CAMERA_1': ['sensor_size', 'camera_type'], 'CAMERA_2': [], 'CAMERA_3': []}",C_THANK_YOU,CAMERA_1,NONE,thank you for your help,S_THANK_YOU,CAMERA_1,NONE,thank you very much,
953,7,NONE,['CAMERA_1'],"{'CAMERA_1': ['sensor_size', 'camera_type'], 'CAMERA_2': [], 'CAMERA_3': []}",C_LEAVES,DOOR,NONE,,S_RETURNS_TO_COUNTER,SERVICE_COUNTER,NONE,,
954,1,NONE,[],"{'CAMERA_1': [], 'CAMERA_2': [], 'CAMERA_3': []}",C_ENTERS,DOOR,NONE,,S_NONE,SERVICE_COUNTER,NONE,,
954,2,NONE,[],"{'CAMERA_1': [], 'CAMERA_2': [], 'CAMERA_3': []}",C_GREETS,MIDDLE,NONE,hello,S_GREETS,MIDDLE,NONE,can I help you?,
954,3,CAMERA_2,['CAMERA_2'],"{'CAMERA_1': [], 'CAMERA_2': [], 'CAMERA_3': []}",C_LOOKING_FOR_A_CAMERA,MIDDLE,NONE,I'm looking for a camera,S_INTRODUCES_CAMERA,CAMERA_2,,Let me show you this. Here we have the Sony Alpha a6000.,39~55
954,4,CAMERA_2,['CAMERA_2'],"{'CAMERA_1': [], 'CAMERA_2': ['color'], 'CAMERA_3': []}",C_QUESTION_ABOUT_FEATURE,CAMERA_2,color,what colors does this one come in,S_ANSWERS_QUESTION_ABOUT_FEATURE,CAMERA_2,color,"This one comes in white, silver, black.",18~38
954,5,CAMERA_2,['CAMERA_2'],"{'CAMERA_1': [], 'CAMERA_2': ['color', 'price'], 'CAMERA_3': []}",C_QUESTION_ABOUT_FEATURE,CAMERA_2,price,how much does it cost,S_ANSWERS_QUESTION_ABOUT_FEATURE,CAMERA_2,price,This one costs $1341.,15~20
954,6,CAMERA_2,['CAMERA_2'],"{'CAMERA_1': [], 'CAMERA_2': ['color', 'price', 'ISO'], 'CAMERA_3': []}",C_QUESTION_ABOUT_FEATURE,CAMERA_2,ISO,what is the ISO,S_ANSWERS_QUESTION_ABOUT_FEATURE,CAMERA_2,ISO,This one has up to 3200 ISO with little noise.,13~45
954,7,CAMERA_2,['CAMERA_2'],"{'CAMERA_1': [], 'CAMERA_2': ['color', 'price', 'ISO', 'autofocus_points'], 'CAMERA_3': []}",C_QUESTION_ABOUT_FEATURE,CAMERA_2,autofocus_points,how many autofocus points does it have,S_ANSWERS_QUESTION_ABOUT_FEATURE,CAMERA_2,autofocus_points,This one has 179 autofocus points.,13~33
954,8,CAMERA_2,['CAMERA_2'],"{'CAMERA_1': [], 'CAMERA_2': ['color', 'price', 'ISO', 'autofocus_points', 'weight'], 'CAMERA_3': []}",C_SILENT_OR_BACKCHANNEL,CAMERA_2,NONE,okay,S_INTRODUCES_FEATURE,CAMERA_2,weight,This one weighs 470 grams.,16~25
954,9,CAMERA_2,['CAMERA_2'],"{'CAMERA_1': [], 'CAMERA_2': ['color', 'price', 'ISO', 'autofocus_points', 'weight', 'preset_modes'], 'CAMERA_3': []}",C_SILENT_OR_BACKCHANNEL,CAMERA_2,NONE,alright,S_INTRODUCES_FEATURE,CAMERA_2,preset_modes,"This one has 9 preset modes (e.g. beach, snow, night, portrait).",13~63
954,10,CAMERA_2,['CAMERA_2'],"{'CAMERA_1': [], 'CAMERA_2': ['color', 'price', 'ISO', 'autofocus_points', 'weight', 'preset_modes', 'camera_type'], 'CAMERA_3': []}",C_SILENT_OR_BACKCHANNEL,CAMERA_2,NONE,I see,S_INTRODUCES_FEATURE,CAMERA_2,camera_type,This is a mirrorless camera.,10~20
954,11,CAMERA_2,['CAMERA_2'],"{'CAMERA_1': [], 'CAMERA_2': ['color', 'price', 'ISO', 'autofocus_points', 'weight', 'preset_modes', 'camera_type', 'effects'], 'CAMERA_3': []}",C_SILENT_OR_BACKCHANNEL,CAMERA_2,NONE,alright,S_INTRODUCES_FEATURE,CAMERA_2,effects,"This one has 13 artistic effect modes (e.g. toy camera, soft focus).",13~67
954,12,NONE,['CAMERA_2'],"{'CAMERA_1': [], 'CAMERA_2': ['color', 'price', 'ISO', 'autofocus_points', 'weight', 'preset_modes', 'camera_type', 'effects'], 'CAMERA_3': []}",C_THANK_YOU,CAMERA_2,NONE,thank you for your help,S_THANK_YOU,CAMERA_2,NONE,thank you very much,
954,13,NONE,['CAMERA_2'],"{'CAMERA_1': [], 'CAMERA_2': ['color', 'price', 'ISO', 'autofocus_points', 'weight', 'preset_modes', 'camera_type', 'effects'], 'CAMERA_3': []}",C_LEAVES,DOOR,NONE,,S_RETURNS_TO_COUNTER,SERVICE_COUNTER,NONE,,
955,1,NONE,[],"{'CAMERA_1': [], 'CAMERA_2': [], 'CAMERA_3': []}",C_ENTERS,DOOR,NONE,,S_NONE,SERVICE_COUNTER,NONE,,
955,2,NONE,[],"{'CAMERA_1': [], 'CAMERA_2': [], 'CAMERA_3': []}",C_GREETS,MIDDLE,NONE,hello,S_GREETS,MIDDLE,NONE,can I help you?,
955,3,CAMERA_3,['CAMERA_3'],"{'CAMERA_1': [], 'CAMERA_2': [], 'CAMERA_3': []}",C_LOOKING_FOR_A_CAMERA,MIDDLE,NONE,I'm looking for a camera,S_INTRODUCES_CAMERA,CAMERA_3,,Let me show you this. Here we have the Canon EOS 5D Mark III.,39~60
955,4,CAMERA_3,['CAMERA_3'],"{'CAMERA_1': [], 'CAMERA_2': [], 'CAMERA_3': ['ISO']}",C_QUESTION_ABOUT_FEATURE,CAMERA_3,ISO,what is the ISO,S_ANSWERS_QUESTION_ABOUT_FEATURE,CAMERA_3,ISO,This one has up to 6400 ISO with little noise.,13~45
955,5,CAMERA_3,['CAMERA_3'],"{'CAMERA_1': [], 'CAMERA_2': [], 'CAMERA_3': ['ISO', 'sensor_size']}",C_SILENT_OR_BACKCHANNEL,CAMERA_3,NONE,okay,S_INTRODUCES_FEATURE,CAMERA_3,sensor_size,This one has a full frame.,15~25
955,6,CAMERA_3,['CAMERA_3'],"{'CAMERA_1': [], 'CAMERA_2': [], 'CAMERA_3': ['ISO', 'sensor_size', 'price']}",C_SILENT_OR_BACKCHANNEL,CAMERA_3,NONE,alright,S_INTRODUCES_FEATURE,CAMERA_3,price,This one costs $3706.,15~20
955,7,CAMERA_2,"['CAMERA_3', 'CAMERA_2']","{'CAMERA_1': [], 'CAMERA_2': [], 'CAMERA_3': ['ISO', 'sensor_size', 'price']}",C_ANYTHING_ELSE_AVAILABLE,CAMERA_3,NONE,ok do you have any other cameras,S_INTRODUCES_CAMERA,CAMERA_2,,Let me show you this. Here we have the Sony Alpha a6000.,39~55
955,8,CAMERA_2,"['CAMERA_3', 'CAMERA_2']","{'CAMERA_1': [], 'CAMERA_2': ['settings'], 'CAMERA_3': ['ISO', 'sensor_size', 'price']}",C_QUESTION_ABOUT_FEATURE,CAMERA_2,settings,what kind of settings does it have,S_ANSWERS_QUESTION_ABOUT_FEATURE,CAMERA_2,settings,This one has full manual control.,13~32
955,9,NONE,"['CAMERA_3', 'CAMERA_2']","{'CAMERA_1': [], 'CAMERA_2': ['settings'], 'CAMERA_3': ['ISO', 'sensor_size', 'price']}",C_THANK_YOU,CAMERA_2,NONE,thank you for your help,S_THANK_YOU,CAMERA_2,NONE,thank you very much,
955,10,NONE,"['CAMERA_3', 'CAMERA_2']","{'CAMERA_1': [], 'CAMERA_2': ['settings'], 'CAMERA_3': ['ISO', 'sensor_size', 'price']}",C_LEAVES,DOOR,NONE,,S_RETURNS_TO_COUNTER,SERVICE_COUNTER,NONE,,
956,1,NONE,[],"{'CAMERA_1': [], 'CAMERA_2': [], 'CAMERA_3': []}",C_ENTERS,DOOR,NONE,,S_NONE,SERVICE_COUNTER,NONE,,
956,2,NONE,[],"{'CAMERA_1': [], 'CAMERA_2': [], 'CAMERA_3': []}",C_WALKS_TO_CAMERA,CAMERA_2,NONE,,S_GREETS,CAMERA_2,NONE,can I help you?,
956,3,CAMERA_3,['CAMERA_3'],"{'CAMERA_1': [], 'CAMERA_2': [], 'CAMERA_3': []}",C_LOOKING_FOR_A_CAMERA,CAMERA_2,NONE,I'm looking for a camera,S_INTRODUCES_CAMERA,CAMERA_3,,Let me show you this. Here we have the Canon EOS 5D Mark III.,39~60
956,4,CAMERA_3,['CAMERA_3'],"{'CAMERA_1': [], 'CAMERA_2': [], 'CAMERA_3': ['color']}",C_QUESTION_ABOUT_FEATURE,CAMERA_3,color,what colors does this one come in,S_ANSWERS_QUESTION_ABOUT_FEATURE,CAMERA_3,color,This one comes in black.,18~23
956,5,CAMERA_3,['CAMERA_3'],"{'CAMERA_1': [], 'CAMERA_2': [], 'CAMERA_3': ['color', 'autofocus_points']}",C_QUESTION_ABOUT_FEATURE,CAMERA_3,autofocus_points,how many autofocus points does it have,S_ANSWERS_QUESTION_ABOUT_FEATURE,CAMERA_3,autofocus_points,This one has 61 autofocus points.,13~32
956,6,NONE,['CAMERA_3'],"{'CAMERA_1': [], 'CAMERA_2': [], 'CAMERA_3': ['color', 'autofocus_points']}",C_THANK_YOU,CAMERA_3,NONE,thank you for your help,S_THANK_YOU,CAMERA_3,NONE,thank you very much,
956,7,NONE,['CAMERA_3'],"{'CAMERA_1': [], 'CAMERA_2': [], 'CAMERA_3': ['color', 'autofocus_points']}",C_LEAVES,DOOR,NONE,,S_RETURNS_TO_COUNTER,SERVICE_COUNTER,NONE,,
957,1,NONE,[],"{'CAMERA_1': [], 'CAMERA_2': [], 'CAMERA_3': []}",C_ENTERS,DOOR,NONE,,S_NONE,SERVICE_COUNTER,NONE,,
957,2,NONE,[],"{'CAMERA_1': [], 'CAMERA_2': [], 'CAMERA_3': []}",C_GREETS,MIDDLE,NONE,hello,S_GREETS,MIDDLE,NONE,can I help you?,
957,3,CAMERA_1,['CAMERA_1'],"{'CAMERA_1': [], 'CAMERA_2': [], 'CAMERA_3': []}",C_LOOKING_FOR_A_CAMERA,MIDDLE,NONE,I'm looking for a camera,S_INTRODUCES_CAMERA,CAMERA_1,,Let me show you this. Here we have the Nikon Coolpix S2800.,39~58
957,4,CAMERA_1,['CAMERA_1'],"{'CAMERA_1': ['effects'], 'CAMERA_2': [], 'CAMERA_3': []}",C_QUESTION_ABOUT_FEATURE,CAMERA_1,effects,does it have any effect modes,S_ANSWERS_QUESTION_ABOUT_FEATURE,CAMERA_1,effects,"This one has 12 glamor retouch effects (e.g. skin softening, small face, big eyes).",13~82
957,5,CAMERA_1,['CAMERA_1'],"{'CAMERA_1': ['effects', 'camera_type'], 'CAMERA_2': [], 'CAMERA_3': []}",C_SILENT_OR_BACKCHANNEL,CAMERA_1,NONE,I see,S_INTRODUCES_FEATURE,CAMERA_1,camera_type,This is a point and shoot camera.,10~25
957,6,CAMERA_1,['CAMERA_1'],"{'CAMERA_1': ['effects', 'camera_type', 'color'], 'CAMERA_2': [], 'CAMERA_3': []}",C_SILENT_OR_BACKCHANNEL,CAMERA_1,NONE,I see,S_INTRODUCES_FEATURE,CAMERA_1,color,"This one comes in purple, pink, black, silver, red.",18~50
957,7,NONE,['CAMERA_1'],"{'CAMERA_1': ['effects', 'camera_type', 'color'], 'CAMERA_2': [], 'CAMERA_3': []}",C_THANK_YOU,CAMERA_1,NONE,thank you for your help,S_THANK_YOU,CAMERA_1,NONE,thank you very much,
957,8,NONE,['CAMERA_1'],"{'CAMERA_1': ['effects', 'camera_type', 'color'], 'CAMERA_2': [], 'CAMERA_3': []}",C_LEAVES,DOOR,NONE,,S_RETURNS_TO_COUNTER,SERVICE_COUNTER,NONE,,
958,1,NONE,[],"{'CAMERA_1': [], 'CAMERA_2': [], 'CAMERA_3': []}",C_ENTERS,DOOR,NONE,,S_NONE,SERVICE_COUNTER,NONE,,
958,2,NONE,[],"{'CAMERA_1': [], 'CAMERA_2': [], 'CAMERA_3': []}",C_WALKS_TO_CAMERA,CAMERA_1,NONE,,S_GREETS,CAMERA_1,NONE,can I help you?,
958,3,CAMERA_2,['CAMERA_2'],"{'CAMERA_1': [], 'CAMERA_2': [], 'CAMERA_3': []}",C_LOOKING_FOR_A_CAMERA,CAMERA_1,NONE,I'm looking for a camera,S_INTRODUCES_CAMERA,CAMERA_2,,Let me show you this. Here we have the Sony Alpha a6000.,39~55
958,4,CAMERA_2,['CAMERA_2'],"{'CAMERA_1': [], 'CAMERA_2': ['color'], 'CAMERA_3': []}",C_QUESTION_ABOUT_FEATURE,CAMERA_2,color,what colors does this one come in,S_ANSWERS_QUESTION_ABOUT_FEATURE,CAMERA_2,color,"This one comes in white, silver, black.",18~38
958,5,CAMERA_2,['CAMERA_2'],"{'CAMERA_1': [], 'CAMERA_2': ['color', 'preset_modes'], 'CAMERA_3': []}",C_QUESTION_ABOUT_FEATURE,CAMERA_2,preset_modes,does it have preset modes,S_ANSWERS_QUESTION_ABOUT_FEATURE,CAMERA_2,preset_modes,"This one has 9 preset modes (e.g. beach, snow, night, portrait).",13~63
958,6,NONE,['CAMERA_2'],"{'CAMERA_1': [], 'CAMERA_2': ['color', 'preset_modes'], 'CAMERA_3': []}",C_THANK_YOU,CAMERA_2,NONE,thank you for your help,S_THANK_YOU,CAMERA_2,NONE,thank you very much,
958,7,NONE,['CAMERA_2'],"{'CAMERA_1': [], 'CAMERA_2': ['color', 'preset_modes'], 'CAMERA_3': []}",C_LEAVES,DOOR,NONE,,S_RETURNS_TO_COUNTER,SERVICE_COUNTER,NONE,,
959,1,NONE,[],"{'CAMERA_1': [], 'CAMERA_2': [], 'CAMERA_3': []}",C_ENTERS,DOOR,NONE,,S_NONE,SERVICE_COUNTER,NONE,,
959,2,NONE,[],"{'CAMERA_1': [], 'CAMERA_2': [], 'CAMERA_3': []}",C_WALKS_TO_CAMERA,CAMERA_1,NONE,,S_NONE,SERVICE_COUNTER,NONE,,
959,3,NONE,[],"{'CAMERA_1': [], 'CAMERA_2': [], 'CAMERA_3': []}",C_EXAMINES_CAMERA,CAMERA_1,NONE,,S_GREETS,CAMERA_1,NONE,can I help you?,
959,4,CAMERA_2,['CAMERA_2'],"{'CAMERA_1': [], 'CAMERA_2': [], 'CAMERA_3': []}",C_LOOKING_FOR_A_CAMERA,CAMERA_1,NONE,I'm looking for a camera,S_INTRODUCES_CAMERA,CAMERA_2,,Let me show you this. Here we have the Sony Alpha a6000.,39~55
959,5,CAMERA_2,['CAMERA_2'],"{'CAMERA_1': [], 'CAMERA_2': ['ISO'], 'CAMERA_3': []}",C_QUESTION_ABOUT_FEATURE,CAMERA_2,ISO,what is the ISO,S_ANSWERS_QUESTION_ABOUT_FEATURE,CAMERA_2,ISO,This one has up to 3200 ISO with little noise.,13~45
959,6,CAMERA_2,['CAMERA_2'],"{'CAMERA_1': [], 'CAMERA_2': ['ISO', 'color'], 'CAMERA_3': []}",C_SILENT_OR_BACKCHANNEL,CAMERA_2,NONE,okay,S_INTRODUCES_FEATURE,CAMERA_2,color,"This one comes in white, silver, black.",18~38
959,7,CAMERA_2,['CAMERA_2'],"{'CAMERA_1': [], 'CAMERA_2': ['ISO', 'color', 'preset_modes'], 'CAMERA_3': []}",C_SILENT_OR_BACKCHANNEL,CAMERA_2,NONE,I see,S_INTRODUCES_FEATURE,CAMERA_2,preset_modes,"This one has 9 preset modes (e.g. beach, snow, night, portrait).",13~63
959,8,CAMERA_2,['CAMERA_2'],"{'CAMERA_1': [], 'CAMERA_2': ['ISO', 'color', 'preset_modes', 'autofocus_points'], 'CAMERA_3': []}",C_SILENT_OR_BACKCHANNEL,CAMERA_2,NONE,alright,S_INTRODUCES_FEATURE,CAMERA_2,autofocus_points,This one has 179 autofocus points.,13~33
959,9,CAMERA_2,['CAMERA_2'],"{'CAMERA_1': [], 'CAMERA_2': ['ISO', 'color', 'preset_modes', 'autofocus_points', 'settings'], 'CAMERA_3': []}",C_SILENT_OR_BACKCHANNEL,CAMERA_2,NONE,alright,S_INTRODUCES_FEATURE,CAMERA_2,settings,This one has full manual control.,13~32
959,10,CAMERA_2,['CAMERA_2'],"{'CAMERA_1': [], 'CAMERA_2': ['ISO', 'color', 'preset_modes', 'autofocus_points', 'settings', 'sensor_size'], 'CAMERA_3': []}",C_SILENT_OR_BACKCHANNEL,CAMERA_2,NONE,I see,S_INTRODUCES_FEATURE,CAMERA_2,sensor_size,This one has a APS-C sensor (crop sensor).,15~41
959,11,NONE,['CAMERA_2'],"{'CAMERA_1': [], 'CAMERA_2': ['ISO', 'color', 'preset_modes', 'autofocus_points', 'settings', 'sensor_size'], 'CAMERA_3': []}",C_THANK_YOU,CAMERA_2,NONE,thank you for your help,S_THANK_YOU,CAMERA_2,NONE,thank you very much,
959,12,NONE,['CAMERA_2'],"{'CAMERA_1': [], 'CAMERA_2': ['ISO', 'color', 'preset_modes', 'autofocus_points', 'settings', 'sensor_size'], 'CAMERA_3': []}",C_LEAVES,DOOR,NONE,,S_RETURNS_TO_COUNTER,SERVICE_COUNTER,NONE,,
960,1,NONE,[],"{'CAMERA_1': [], 'CAMERA_2': [], 'CAMERA_3': []}",C_ENTERS,DOOR,NONE,,S_NONE,SERVICE_COUNTER,NONE,,
960,2,NONE,[],"{'CAMERA_1': [], 'CAMERA_2': [], 'CAMERA_3': []}",C_WALKS_TO_CAMERA,CAMERA_1,NONE,,S_GREETS,CAMERA_1,NONE,can I help you?,
960,3,CAMERA_3,['CAMERA_3'],"{'CAMERA_1': [], 'CAMERA_2': [], 'CAMERA_3': []}",C_LOOKING_FOR_A_CAMERA,CAMERA_1,NONE,I'm looking for a camera,S_INTRODUCES_CAMERA,CAMERA_3,,Let me show you this. Here we have the Canon EOS 5D Mark III.,39~60
960,4,CAMERA_3,['CAMERA_3'],"{'CAMERA_1': [], 'CAMERA_2': [], 'CAMERA_3': ['color']}",C_SILENT_OR_BACKCHANNEL,CAMERA_3,NONE,I see,S_INTRODUCES_FEATURE,CAMERA_3,color,This one comes in black.,18~23
960,5,CAMERA_3,['CAMERA_3'],"{'CAMERA_1': [], 'CAMERA_2': [], 'CAMERA_3': ['color', 'price']}",C_SILENT_OR_BACKCHANNEL,CAMERA_3,NONE,alright,S_INTRODUCES_FEATURE,CAMERA_3,price,This one costs $3706.,15~20
960,6,CAMERA_3,['CAMERA_3'],"{'CAMERA_1': [], 'CAMERA_2': [], 'CAMERA_3': ['color', 'price', 'autofocus_points']}",C_QUESTION_ABOUT_FEATURE,CAMERA_3,autofocus_points,how many autofocus points does it have,S_ANSWERS_QUESTION_ABOUT_FEATURE,CAMERA_3,autofocus_points,This one has 61 autofocus points.,13~32
960,7,CAMERA_3,['CAMERA_3'],"{'CAMERA_1': [], 'CAMERA_2': [], 'CAMERA_3': ['color', 'price', 'autofocus_points', 'weight']}",C_QUESTION_ABOUT_FEATURE,CAMERA_3,weight,how much does this one weigh,S_ANSWERS_QUESTION_ABOUT_FEATURE,CAMERA_3,weight,This one weighs 950 grams (only body).,16~37
960,8,CAMERA_3,['CAMERA_3'],"{'CAMERA_1': [], 'CAMERA_2': [], 'CAMERA_3': ['color', 'price', 'autofocus_points', 'weight', 'sensor_size']}",C_QUESTION_ABOUT_FEATURE,CAMERA_3,sensor_size,what is the sensor size,S_ANSWERS_QUESTION_ABOUT_FEATURE,CAMERA_3,sensor_size,This one has a full frame.,15~25
960,9,CAMERA_3,['CAMERA_3'],"{'CAMERA_1': [], 'CAMERA_2': [], 'CAMERA_3': ['color', 'price', 'autofocus_points', 'weight', 'sensor_size', 'optical_zoom']}",C_QUESTION_ABOUT_FEATURE,CAMERA_3,optical_zoom,does it have optical zoom,S_NOT_SURE,CAMERA_3,,I'm not really sure about that,
960,10,CAMERA_3,['CAMERA_3'],"{'CAMERA_1': [], 'CAMERA_2': [], 'CAMERA_3': ['color', 'price', 'autofocus_points', 'weight', 'sensor_size', 'optical_zoom', 'preset_modes']}",C_QUESTION_ABOUT_FEATURE,CAMERA_3,preset_modes,does it have preset modes,S_NOT_SURE,CAMERA_3,,I'm not really sure about that,
960,11,CAMERA_3,['CAMERA_3'],"{'CAMERA_1': [], 'CAMERA_2': [], 'CAMERA_3': ['color', 'price', 'autofocus_points', 'weight', 'sensor_size', 'optical_zoom', 'preset_modes', 'ISO']}",C_QUESTION_ABOUT_FEATURE,CAMERA_3,ISO,what is the ISO,S_ANSWERS_QUESTION_ABOUT_FEATURE,CAMERA_3,ISO,This one has up to 6400 ISO with little noise.,13~45
960,12,CAMERA_3,['CAMERA_3'],"{'CAMERA_1': [], 'CAMERA_2': [], 'CAMERA_3': ['color', 'price', 'autofocus_points', 'weight', 'sensor_size', 'optical_zoom', 'preset_modes', 'ISO', 'camera_type']}",C_QUESTION_ABOUT_FEATURE,CAMERA_3,camera_type,what kind of camera is this,S_ANSWERS_QUESTION_ABOUT_FEATURE,CAMERA_3,camera_type,This is a DSLR camera.,10~14
960,13,CAMERA_3,['CAMERA_3'],"{'CAMERA_1': [], 'CAMERA_2': [], 'CAMERA_3': ['color', 'price', 'autofocus_points', 'weight', 'sensor_size', 'optical_zoom', 'preset_modes', 'ISO', 'camera_type', 'effects']}",C_QUESTION_ABOUT_FEATURE,CAMERA_3,effects,does it have any effect modes,S_NOT_SURE,CAMERA_3,,I'm not really sure about that,
960,14,CAMERA_3,['CAMERA_3'],"{'CAMERA_1': [], 'CAMERA_2': [], 'CAMERA_3': ['color', 'price', 'autofocus_points', 'weight', 'sensor_size', 'optical_zoom', 'preset_modes', 'ISO', 'camera_type', 'effects', 'settings']}",C_SILENT_OR_BACKCHANNEL,CAMERA_3,NONE,I see,S_INTRODUCES_FEATURE,CAMERA_3,settings,This one has full manual control.,13~32
960,15,NONE,['CAMERA_3'],"{'CAMERA_1': [], 'CAMERA_2': [], 'CAMERA_3': ['color', 'price', 'autofocus_points', 'weight', 'sensor_size', 'optical_zoom', 'preset_modes', 'ISO', 'camera_type', 'effects', 'settings']}",C_THANK_YOU,CAMERA_3,NONE,thank you for your help,S_THANK_YOU,CAMERA_3,NONE,thank you very much,
960,16,NONE,['CAMERA_3'],"{'CAMERA_1': [], 'CAMERA_2': [], 'CAMERA_3': ['color', 'price', 'autofocus_points', 'weight', 'sensor_size', 'optical_zoom', 'preset_modes', 'ISO', 'camera_type', 'effects', 'settings']}",C_LEAVES,DOOR,NONE,,S_RETURNS_TO_COUNTER,SERVICE_COUNTER,NONE,,
961,1,NONE,[],"{'CAMERA_1': [], 'CAMERA_2': [], 'CAMERA_3': []}",C_ENTERS,DOOR,NONE,,S_NONE,SERVICE_COUNTER,NONE,,
961,2,NONE,[],"{'CAMERA_1': [], 'CAMERA_2': [], 'CAMERA_3': []}",C_GREETS,MIDDLE,NONE,hello,S_GREETS,MIDDLE,NONE,can I help you?,
961,3,CAMERA_3,['CAMERA_3'],"{'CAMERA_1': [], 'CAMERA_2': [], 'CAMERA_3': []}",C_LOOKING_FOR_A_CAMERA,MIDDLE,NONE,I'm looking for a camera,S_INTRODUCES_CAMERA,CAMERA_3,,Let me show you this. Here we have the Canon EOS 5D Mark III.,39~60
961,4,CAMERA_3,['CAMERA_3'],"{'CAMERA_1': [], 'CAMERA_2': [], 'CAMERA_3': ['sensor_size']}",C_QUESTION_ABOUT_FEATURE,CAMERA_3,sensor_size,what is the sensor size,S_ANSWERS_QUESTION_ABOUT_FEATURE,CAMERA_3,sensor_size,This one has a full frame.,15~25
961,5,CAMERA_1,"['CAMERA_3', 'CAMERA_1']","{'CAMERA_1': [], 'CAMERA_2': [], 'CAMERA_3': ['sensor_size']}",C_ANYTHING_ELSE_AVAILABLE,CAMERA_3,NONE,ok do you have any other cameras,S_INTRODUCES_CAMERA,CAMERA_1,,Let me show you this. Here we have the Nikon Coolpix S2800.,39~58
961,6,CAMERA_1,"['CAMERA_3', 'CAMERA_1']","{'CAMERA_1': ['settings'], 'CAMERA_2': [], 'CAMERA_3': ['sensor_size']}",C_SILENT_OR_BACKCHANNEL,CAMERA_1,NONE,I see,S_INTRODUCES_FEATURE,CAMERA_1,settings,This one has limited manual settings.,13~36
961,7,NONE,"['CAMERA_3', 'CAMERA_1']","{'CAMERA_1': ['settings'], 'CAMERA_2': [], 'CAMERA_3': ['sensor_size']}",C_THANK_YOU,CAMERA_1,NONE,thank you for your help,S_THANK_YOU,CAMERA_1,NONE,thank you very much,
961,8,NONE,"['CAMERA_3', 'CAMERA_1']","{'CAMERA_1': ['settings'], 'CAMERA_2': [], 'CAMERA_3': ['sensor_size']}",C_LEAVES,DOOR,NONE,,S_RETURNS_TO_COUNTER,SERVICE_COUNTER,NONE,,
962,1,NONE,[],"{'CAMERA_1': [], 'CAMERA_2': [], 'CAMERA_3': []}",C_ENTERS,DOOR,NONE,,S_NONE,SERVICE_COUNTER,NONE,,
962,2,NONE,[],"{'CAMERA_1': [], 'CAMERA_2': [], 'CAMERA_3': []}",C_WALKS_TO_CAMERA,CAMERA_2,NONE,,S_GREETS,CAMERA_2,NONE,can I help you?,
962,3,CAMERA_2,['CAMERA_2'],"{'CAMERA_1': [], 'CAMERA_2': [], 'CAMERA_3': []}",C_LOOKING_FOR_A_CAMERA,CAMERA_2,NONE,I'm looking for a camera,S_INTRODUCES_CAMERA,CAMERA_2,,Let me show you this. Here we have the Sony Alpha a6000.,39~55
962,4,CAMERA_2,['CAMERA_2'],"{'CAMERA_1': [], 'CAMERA_2': ['resolution'], 'CAMERA_3': []}",C_QUESTION_ABOUT_FEATURE,CAMERA_2,resolution,what is the resolution,S_NOT_SURE,CAMERA_2,,I'm not really sure about that,
962,5,CAMERA_2,['CAMERA_2'],"{'CAMERA_1': [], 'CAMERA_2': ['resolution', 'autofocus_points'], 'CAMERA_3': []}",C_QUESTION_ABOUT_FEATURE,CAMERA_2,autofocus_points,how many autofocus points does it have,S_ANSWERS_QUESTION_ABOUT_FEATURE,CAMERA_2,autofocus_points,This one has 179 autofocus points.,13~33
962,6,CAMERA_2,['CAMERA_2'],"{'CAMERA_1': [], 'CAMERA_2': ['resolution', 'autofocus_points', 'weight'], 'CAMERA_3': []}",C_SILENT_OR_BACKCHANNEL,CAMERA_2,NONE,alright,S_INTRODUCES_FEATURE,CAMERA_2,weight,This one weighs 470 grams.,16~25
962,7,NONE,['CAMERA_2'],"{'CAMERA_1': [], 'CAMERA_2': ['resolution', 'autofocus_points', 'weight'], 'CAMERA_3': []}",C_THANK_YOU,CAMERA_2,NONE,thank you for your help,S_THANK_YOU,CAMERA_2,NONE,thank you very much,
962,8,NONE,['CAMERA_2'],"{'CAMERA_1': [], 'CAMERA_2': ['resolution', 'autofocus_points', 'weight'], 'CAMERA_3': []}",C_LEAVES,DOOR,NONE,,S_RETURNS_TO_COUNTER,SERVICE_COUNTER,NONE,,
963,1,NONE,[],"{'CAMERA_1': [], 'CAMERA_2': [], 'CAMERA_3': []}",C_ENTERS,DOOR,NONE,,S_NONE,SERVICE_COUNTER,NONE,,
963,2,NONE,[],"{'CAMERA_1': [], 'CAMERA_2': [], 'CAMERA_3': []}",C_GREETS,MIDDLE,NONE,hello,S_GREETS,MIDDLE,NONE,can I help you?,
963,3,CAMERA_1,['CAMERA_1'],"{'CAMERA_1': [], 'CAMERA_2': [], 'CAMERA_3': []}",C_LOOKING_FOR_A_CAMERA,MIDDLE,NONE,I'm looking for a camera,S_INTRODUCES_CAMERA,CAMERA_1,,Let me show you this. Here we have the Nikon Coolpix S2800.,39~58
963,4,CAMERA_1,['CAMERA_1'],"{'CAMERA_1': ['ISO'], 'CAMERA_2': [], 'CAMERA_3': []}",C_QUESTION_ABOUT_FEATURE,CAMERA_1,ISO,what is the ISO,S_NOT_SURE,CAMERA_1,,I'm not really sure about that,
963,5,CAMERA_3,"['CAMERA_1', 'CAMERA_3']","{'CAMERA_1': ['ISO'], 'CAMERA_2': [], 'CAMERA_3': []}",C_ANYTHING_ELSE_AVAILABLE,CAMERA_1,NONE,ok do you have any other cameras,S_INTRODUCES_CAMERA,CAMERA_3,,Let me show you this. Here we have the Canon EOS 5D Mark III.,39~60
963,6,CAMERA_3,"['CAMERA_1', 'CAMERA_3']","{'CAMERA_1': ['ISO'], 'CAMERA_2': [], 'CAMERA_3': ['price']}",C_QUESTION_ABOUT_FEATURE,CAMERA_3,price,how much does it cost,S_ANSWERS_QUESTION_ABOUT_FEATURE,CAMERA_3,price,This one costs $3706.,15~20
963,7,CAMERA_3,"['CAMERA_1', 'CAMERA_3']","{'CAMERA_1': ['ISO'], 'CAMERA_2': [], 'CAMERA_3': ['price', 'optical_zoom']}",C_QUESTION_ABOUT_FEATURE,CAMERA_3,optical_zoom,does it have optical zoom,S_NOT_SURE,CAMERA_3,,I'm not really sure about that,
963,8,CAMERA_3,"['CAMERA_1', 'CAMERA_3']","{'CAMERA_1': ['ISO'], 'CAMERA_2': [], 'CAMERA_3': ['price', 'optical_zoom', 'color']}",C_SILENT_OR_BACKCHANNEL,CAMERA_3,NONE,okay,S_INTRODUCES_FEATURE,CAMERA_3,color,This one comes in black.,18~23
963,9,CAMERA_3,"['CAMERA_1', 'CAMERA_3']","{'CAMERA_1': ['ISO'], 'CAMERA_2': [], 'CAMERA_3': ['price', 'optical_zoom', 'color', 'ISO']}",C_SILENT_OR_BACKCHANNEL,CAMERA_3,NONE,okay,S_INTRODUCES_FEATURE,CAMERA_3,ISO,This one has up to 6400 ISO with little noise.,13~45
963,10,CAMERA_3,"['CAMERA_1', 'CAMERA_3']","{'CAMERA_1': ['ISO'], 'CAMERA_2': [], 'CAMERA_3': ['price', 'optical_zoom', 'color', 'ISO', 'sensor_size']}",C_QUESTION_ABOUT_FEATURE,CAMERA_3,sensor_size,what is the sensor size,S_ANSWERS_QUESTION_ABOUT_FEATURE,CAMERA_3,sensor_size,This one has a full frame.,15~25
963,11,CAMERA_2,"['CAMERA_1', 'CAMERA_3', 'CAMERA_2']","{'CAMERA_1': ['ISO'], 'CAMERA_2': [], 'CAMERA_3': ['price', 'optical_zoom', 'color', 'ISO', 'sensor_size']}",C_ANYTHING_ELSE_AVAILABLE,CAMERA_3,NONE,ok do you have any other cameras,S_INTRODUCES_CAMERA,CAMERA_2,,Let me show you this. Here we have the Sony Alpha a6000.,39~55
963,12,CAMERA_2,"['CAMERA_1', 'CAMERA_3', 'CAMERA_2']","{'CAMERA_1': ['ISO'], 'CAMERA_2': ['settings'], 'CAMERA_3': ['price', 'optical_zoom', 'color', 'ISO', 'sensor_size']}",C_QUESTION_ABOUT_FEATURE,CAMERA_2,settings,what kind of settings does it have,S_ANSWERS_QUESTION_ABOUT_FEATURE,CAMERA_2,settings,This one has full manual control.,13~32
963,13,NONE,"['CAMERA_1', 'CAMERA_3', 'CAMERA_2']","{'CAMERA_1': ['ISO'], 'CAMERA_2': ['settings'], 'CAMERA_3': ['price', 'optical_zoom', 'color', 'ISO', 'sensor_size']}",C_THANK_YOU,CAMERA_2,NONE,thank you for your help,S_THANK_YOU,CAMERA_2,NONE,thank you very much,
963,14,NONE,"['CAMERA_1', 'CAMERA_3', 'CAMERA_2']","{'CAMERA_1': ['ISO'], 'CAMERA_2': ['settings'], 'CAMERA_3': ['price', 'optical_zoom', 'color', 'ISO', 'sensor_size']}",C_LEAVES,DOOR,NONE,,S_RETURNS_TO_COUNTER,SERVICE_COUNTER,NONE,,
964,1,NONE,[],"{'CAMERA_1': [], 'CAMERA_2': [], 'CAMERA_3': []}",C_ENTERS,DOOR,NONE,,S_NONE,SERVICE_COUNTER,NONE,,
964,2,NONE,[],"{'CAMERA_1': [], 'CAMERA_2': [], 'CAMERA_3': []}",C_GREETS,MIDDLE,NONE,hello,S_GREETS,MIDDLE,NONE,can I help you?,
964,3,CAMERA_3,['CAMERA_3'],"{'CAMERA_1': [], 'CAMERA_2': [], 'CAMERA_3': []}",C_LOOKING_FOR_A_CAMERA,MIDDLE,NONE,I'm looking for a camera,S_INTRODUCES_CAMERA,CAMERA_3,,Let me show you this. Here we have the Canon EOS 5D Mark III.,39~60
964,4,CAMERA_3,['CAMERA_3'],"{'CAMERA_1': [], 'CAMERA_2': [], 'CAMERA_3': ['optical_zoom']}",C_QUESTION_ABOUT_FEATURE,CAMERA_3,optical_zoom,does it have optical zoom,S_NOT_SURE,CAMERA_3,,I'm not really sure about that,
964,5,CAMERA_3,['CAMERA_3'],"{'CAMERA_1': [], 'CAMERA_2': [], 'CAMERA_3': ['optical_zoom', 'color']}",C_QUESTION_ABOUT_FEATURE,CAMERA_3,color,what colors does this one come in,S_ANSWERS_QUESTION_ABOUT_FEATURE,CAMERA_3,color,This one comes in black.,18~23
964,6,NONE,['CAMERA_3'],"{'CAMERA_1': [], 'CAMERA_2': [], 'CAMERA_3': ['optical_zoom', 'color']}",C_THANK_YOU,CAMERA_3,NONE,thank you for your help,S_THANK_YOU,CAMERA_3,NONE,thank you very much,
964,7,NONE,['CAMERA_3'],"{'CAMERA_1': [], 'CAMERA_2': [], 'CAMERA_3': ['optical_zoom', 'color']}",C_LEAVES,DOOR,NONE,,S_RETURNS_TO_COUNTER,SERVICE_COUNTER,NONE,,
965,1,NONE,[],"{'CAMERA_1': [], 'CAMERA_2': [], 'CAMERA_3': []}",C_ENTERS,DOOR,NONE,,S_NONE,SERVICE_COUNTER,NONE,,
965,2,NONE,[],"{'CAMERA_1': [], 'CAMERA_2': [], 'CAMERA_3': []}",C_WALKS_TO_CAMERA,CAMERA_2,NONE,,S_GREETS,CAMERA_2,NONE,can I help you?,
965,3,CAMERA_3,['CAMERA_3'],"{'CAMERA_1': [], 'CAMERA_2': [], 'CAMERA_3': []}",C_LOOKING_FOR_A_CAMERA,CAMERA_2,NONE,I'm looking for a camera,S_INTRODUCES_CAMERA,CAMERA_3,,Let me show you this. Here we have the Canon EOS 5D Mark III.,39~60
965,4,CAMERA_3,['CAMERA_3'],"{'CAMERA_1': [], 'CAMERA_2': [], 'CAMERA_3': ['long_exposure']}",C_SILENT_OR_BACKCHANNEL,CAMERA_3,NONE,alright,S_INTRODUCES_FEATURE,CAMERA_3,long_exposure,"This one can take long exposures up to up to 30 seconds, bulb mode: expose as long as you want.",39~94
965,5,NONE,['CAMERA_3'],"{'CAMERA_1': [], 'CAMERA_2': [], 'CAMERA_3': ['long_exposure']}",C_THANK_YOU,CAMERA_3,NONE,thank you for your help,S_THANK_YOU,CAMERA_3,NONE,thank you very much,
965,6,NONE,['CAMERA_3'],"{'CAMERA_1': [], 'CAMERA_2': [], 'CAMERA_3': ['long_exposure']}",C_LEAVES,DOOR,NONE,,S_RETURNS_TO_COUNTER,SERVICE_COUNTER,NONE,,
966,1,NONE,[],"{'CAMERA_1': [], 'CAMERA_2': [], 'CAMERA_3': []}",C_ENTERS,DOOR,NONE,,S_NONE,SERVICE_COUNTER,NONE,,
966,2,NONE,[],"{'CAMERA_1': [], 'CAMERA_2': [], 'CAMERA_3': []}",C_GREETS,MIDDLE,NONE,hello,S_GREETS,MIDDLE,NONE,can I help you?,
966,3,CAMERA_2,['CAMERA_2'],"{'CAMERA_1': [], 'CAMERA_2': [], 'CAMERA_3': []}",C_LOOKING_FOR_A_CAMERA,MIDDLE,NONE,I'm looking for a camera,S_INTRODUCES_CAMERA,CAMERA_2,,Let me show you this. Here we have the Sony Alpha a6000.,39~55
966,4,CAMERA_2,['CAMERA_2'],"{'CAMERA_1': [], 'CAMERA_2': ['settings'], 'CAMERA_3': []}",C_SILENT_OR_BACKCHANNEL,CAMERA_2,NONE,okay,S_INTRODUCES_FEATURE,CAMERA_2,settings,This one has full manual control.,13~32
966,5,CAMERA_2,['CAMERA_2'],"{'CAMERA_1': [], 'CAMERA_2': ['settings', 'camera_type'], 'CAMERA_3': []}",C_SILENT_OR_BACKCHANNEL,CAMERA_2,NONE,I see,S_INTRODUCES_FEATURE,CAMERA_2,camera_type,This is a mirrorless camera.,10~20
966,6,CAMERA_3,"['CAMERA_2', 'CAMERA_3']","{'CAMERA_1': [], 'CAMERA_2': ['settings', 'camera_type'], 'CAMERA_3': []}",C_ANYTHING_ELSE_AVAILABLE,CAMERA_2,NONE,ok do you have any other cameras,S_INTRODUCES_CAMERA,CAMERA_3,,Let me show you this. Here we have the Canon EOS 5D Mark III.,39~60
966,7,CAMERA_3,"['CAMERA_2', 'CAMERA_3']","{'CAMERA_1': [], 'CAMERA_2': ['settings', 'camera_type'], 'CAMERA_3': ['autofocus_points']}",C_SILENT_OR_BACKCHANNEL,CAMERA_3,NONE,alright,S_INTRODUCES_FEATURE,CAMERA_3,autofocus_points,This one has 61 autofocus points.,13~32
966,8,CAMERA_3,"['CAMERA_2', 'CAMERA_3']","{'CAMERA_1': [], 'CAMERA_2': ['settings', 'camera_type'], 'CAMERA_3': ['autofocus_points', 'resolution']}",C_QUESTION_ABOUT_FEATURE,CAMERA_3,resolution,what is the resolution,S_NOT_SURE,CAMERA_3,,I'm not really sure about that,
966,9,CAMERA_3,"['CAMERA_2', 'CAMERA_3']","{'CAMERA_1': [], 'CAMERA_2': ['settings', 'camera_type'], 'CAMERA_3': ['autofocus_points', 'resolution', 'ISO']}",C_QUESTION_ABOUT_FEATURE,CAMERA_3,ISO,what is the ISO,S_ANSWERS_QUESTION_ABOUT_FEATURE,CAMERA_3,ISO,This one has up to 6400 ISO with little noise.,13~45
966,10,CAMERA_3,"['CAMERA_2', 'CAMERA_3']","{'CAMERA_1': [], 'CAMERA_2': ['settings', 'camera_type'], 'CAMERA_3': ['autofocus_points', 'resolution', 'ISO', 'camera_type']}",C_QUESTION_ABOUT_FEATURE,CAMERA_3,camera_type,what kind of camera is this,S_ANSWERS_QUESTION_ABOUT_FEATURE,CAMERA_3,camera_type,This is a DSLR camera.,10~14
966,11,CAMERA_3,"['CAMERA_2', 'CAMERA_3']","{'CAMERA_1': [], 'CAMERA_2': ['settings', 'camera_type'], 'CAMERA_3': ['autofocus_points', 'resolution', 'ISO', 'camera_type', 'settings']}",C_QUESTION_ABOUT_FEATURE,CAMERA_3,settings,what kind of settings does it have,S_ANSWERS_QUESTION_ABOUT_FEATURE,CAMERA_3,settings,This one has full manual control.,13~32
966,12,CAMERA_3,"['CAMERA_2', 'CAMERA_3']","{'CAMERA_1': [], 'CAMERA_2': ['settings', 'camera_type'], 'CAMERA_3': ['autofocus_points', 'resolution', 'ISO', 'camera_type', 'settings', 'color']}",C_SILENT_OR_BACKCHANNEL,CAMERA_3,NONE,alright,S_INTRODUCES_FEATURE,CAMERA_3,color,This one comes in black.,18~23
966,13,CAMERA_1,"['CAMERA_2', 'CAMERA_3', 'CAMERA_1']","{'CAMERA_1': [], 'CAMERA_2': ['settings', 'camera_type'], 'CAMERA_3': ['autofocus_points', 'resolution', 'ISO', 'camera_type', 'settings', 'color']}",C_ANYTHING_ELSE_AVAILABLE,CAMERA_3,NONE,ok do you have any other cameras,S_INTRODUCES_CAMERA,CAMERA_1,,Let me show you this. Here we have the Nikon Coolpix S2800.,39~58
966,14,CAMERA_1,"['CAMERA_2', 'CAMERA_3', 'CAMERA_1']","{'CAMERA_1': ['optical_zoom'], 'CAMERA_2': ['settings', 'camera_type'], 'CAMERA_3': ['autofocus_points', 'resolution', 'ISO', 'camera_type', 'settings', 'color']}",C_QUESTION_ABOUT_FEATURE,CAMERA_1,optical_zoom,does it have optical zoom,S_ANSWERS_QUESTION_ABOUT_FEATURE,CAMERA_1,optical_zoom,This one has 5x optical zoom.,13~28
966,15,CAMERA_1,"['CAMERA_2', 'CAMERA_3', 'CAMERA_1']","{'CAMERA_1': ['optical_zoom', 'weight'], 'CAMERA_2': ['settings', 'camera_type'], 'CAMERA_3': ['autofocus_points', 'resolution', 'ISO', 'camera_type', 'settings', 'color']}",C_SILENT_OR_BACKCHANNEL,CAMERA_1,NONE,okay,S_INTRODUCES_FEATURE,CAMERA_1,weight,This one weighs 120 grams.,16~25
966,16,CAMERA_1,"['CAMERA_2', 'CAMERA_3', 'CAMERA_1']","{'CAMERA_1': ['optical_zoom', 'weight', 'price'], 'CAMERA_2': ['settings', 'camera_type'], 'CAMERA_3': ['autofocus_points', 'resolution', 'ISO', 'camera_type', 'settings', 'color']}",C_SILENT_OR_BACKCHANNEL,CAMERA_1,NONE,I see,S_INTRODUCES_FEATURE,CAMERA_1,price,This one costs $2173.,15~20
966,17,CAMERA_1,"['CAMERA_2', 'CAMERA_3', 'CAMERA_1']","{'CAMERA_1': ['optical_zoom', 'weight', 'price', 'color'], 'CAMERA_2': ['settings', 'camera_type'], 'CAMERA_3': ['autofocus_points', 'resolution', 'ISO', 'camera_type', 'settings', 'color']}",C_SILENT_OR_BACKCHANNEL,CAMERA_1,NONE,okay,S_INTRODUCES_FEATURE,CAMERA_1,color,"This one comes in purple, pink, black, silver, red.",18~50
966,18,CAMERA_1,"['CAMERA_2', 'CAMERA_3', 'CAMERA_1']","{'CAMERA_1': ['optical_zoom', 'weight', 'price', 'color', 'effects'], 'CAMERA_2': ['settings', 'camera_type'], 'CAMERA_3': ['autofocus_points', 'resolution', 'ISO', 'camera_type', 'settings', 'color']}",C_SILENT_OR_BACKCHANNEL,CAMERA_1,NONE,alright,S_INTRODUCES_FEATURE,CAMERA_1,effects,"This one has 12 glamor retouch effects (e.g. skin softening, small face, big eyes).",13~82
966,19,CAMERA_1,"['CAMERA_2', 'CAMERA_3', 'CAMERA_1']","{'CAMERA_1': ['optical_zoom', 'weight', 'price', 'color', 'effects', 'resolution'], 'CAMERA_2': ['settings', 'camera_type'], 'CAMERA_3': ['autofocus_points', 'resolution', 'ISO', 'camera_type', 'settings', 'color']}",C_SILENT_OR_BACKCHANNEL,CAMERA_1,NONE,I see,S_INTRODUCES_FEATURE,CAMERA_1,resolution,This one has 20.1 megapixels resolution.,13~28
966,20,NONE,"['CAMERA_2', 'CAMERA_3', 'CAMERA_1']","{'CAMERA_1': ['optical_zoom', 'weight', 'price', 'color', 'effects', 'resolution'], 'CAMERA_2': ['settings', 'camera_type'], 'CAMERA_3': ['autofocus_points', 'resolution', 'ISO', 'camera_type', 'settings', 'color']}",C_THANK_YOU,CAMERA_1,NONE,thank you for your help,S_THANK_YOU,CAMERA_1,NONE,thank you very much,
966,21,NONE,"['CAMERA_2', 'CAMERA_3', 'CAMERA_1']","{'CAMERA_1': ['optical_zoom', 'weight', 'price', 'color', 'effects', 'resolution'], 'CAMERA_2': ['settings', 'camera_type'], 'CAMERA_3': ['autofocus_points', 'resolution', 'ISO', 'camera_type', 'settings', 'color']}",C_LEAVES,DOOR,NONE,,S_RETURNS_TO_COUNTER,SERVICE_COUNTER,NONE,,
967,1,NONE,[],"{'CAMERA_1': [], 'CAMERA_2': [], 'CAMERA_3': []}",C_ENTERS,DOOR,NONE,,S_NONE,SERVICE_COUNTER,NONE,,
967,2,NONE,[],"{'CAMERA_1': [], 'CAMERA_2': [], 'CAMERA_3': []}",C_WALKS_TO_CAMERA,CAMERA_1,NONE,,S_GREETS,CAMERA_1,NONE,can I help you?,
967,3,CAMERA_1,['CAMERA_1'],"{'CAMERA_1': [], 'CAMERA_2': [], 'CAMERA_3': []}",C_LOOKING_FOR_A_CAMERA,CAMERA_1,NONE,I'm looking for a camera,S_INTRODUCES_CAMERA,CAMERA_1,,Let me show you this. Here we have the Nikon Coolpix S2800.,39~58
967,4,CAMERA_1,['CAMERA_1'],"{'CAMERA_1': ['optical_zoom'], 'CAMERA_2': [], 'CAMERA_3': []}",C_SILENT_OR_BACKCHANNEL,CAMERA_1,NONE,alright,S_INTRODUCES_FEATURE,CAMERA_1,optical_zoom,This one has 5x optical zoom.,13~28
967,5,CAMERA_1,['CAMERA_1'],"{'CAMERA_1': ['optical_zoom', 'color'], 'CAMERA_2': [], 'CAMERA_3': []}",C_SILENT_OR_BACKCHANNEL,CAMERA_1,NONE,alright,S_INTRODUCES_FEATURE,CAMERA_1,color,"This one comes in purple, pink, black, silver, red.",18~50
967,6,CAMERA_1,['CAMERA_1'],"{'CAMERA_1': ['optical_zoom', 'color', 'resolution'], 'CAMERA_2': [], 'CAMERA_3': []}",C_QUESTION_ABOUT_FEATURE,CAMERA_1,resolution,what is the resolution,S_ANSWERS_QUESTION_ABOUT_FEATURE,CAMERA_1,resolution,This one has 20.1 megapixels resolution.,13~28
967,7,CAMERA_1,['CAMERA_1'],"{'CAMERA_1': ['optical_zoom', 'color', 'resolution', 'preset_modes'], 'CAMERA_2': [], 'CAMERA_3': []}",C_QUESTION_ABOUT_FEATURE,CAMERA_1,preset_modes,does it have preset modes,S_ANSWERS_QUESTION_ABOUT_FEATURE,CAMERA_1,preset_modes,"This one has 18 preset modes (e.g. beach, snow, night portrait).",13~63
967,8,NONE,['CAMERA_1'],"{'CAMERA_1': ['optical_zoom', 'color', 'resolution', 'preset_modes'], 'CAMERA_2': [], 'CAMERA_3': []}",C_THANK_YOU,CAMERA_1,NONE,thank you for your help,S_THANK_YOU,CAMERA_1,NONE,thank you very much,
967,9,NONE,['CAMERA_1'],"{'CAMERA_1': ['optical_zoom', 'color', 'resolution', 'preset_modes'], 'CAMERA_2': [], 'CAMERA_3': []}",C_LEAVES,DOOR,NONE,,S_RETURNS_TO_COUNTER,SERVICE_COUNTER,NONE,,
968,1,NONE,[],"{'CAMERA_1': [], 'CAMERA_2': [], 'CAMERA_3': []}",C_ENTERS,DOOR,NONE,,S_NONE,SERVICE_COUNTER,NONE,,
968,2,NONE,[],"{'CAMERA_1': [], 'CAMERA_2': [], 'CAMERA_3': []}",C_GREETS,MIDDLE,NONE,hello,S_GREETS,MIDDLE,NONE,can I help you?,
968,3,CAMERA_2,['CAMERA_2'],"{'CAMERA_1': [], 'CAMERA_2': [], 'CAMERA_3': []}",C_LOOKING_FOR_A_CAMERA,MIDDLE,NONE,I'm looking for a camera,S_INTRODUCES_CAMERA,CAMERA_2,,Let me show you this. Here we have the Sony Alpha a6000.,39~55
968,4,CAMERA_2,['CAMERA_2'],"{'CAMERA_1': [], 'CAMERA_2': ['price'], 'CAMERA_3': []}",C_QUESTION_ABOUT_FEATURE,CAMERA_2,price,how much does it cost,S_ANSWERS_QUESTION_ABOUT_FEATURE,CAMERA_2,price,This one costs $1341.,15~20
968,5,CAMERA_3,"['CAMERA_2', 'CAMERA_3']","{'CAMERA_1': [], 'CAMERA_2': ['price'], 'CAMERA_3': []}",C_ANYTHING_ELSE_AVAILABLE,CAMERA_2,NONE,ok do you have any other cameras,S_INTRODUCES_CAMERA,CAMERA_3,,Let me show you this. Here we have the Canon EOS 5D Mark III.,39~60
968,6,CAMERA_3,"['CAMERA_2', 'CAMERA_3']","{'CAMERA_1': [], 'CAMERA_2': ['price'], 'CAMERA_3': ['price']}",C_QUESTION_ABOUT_FEATURE,CAMERA_3,price,how much does it cost,S_ANSWERS_QUESTION_ABOUT_FEATURE,CAMERA_3,price,This one costs $3706.,15~20
968,7,NONE,"['CAMERA_2', 'CAMERA_3']","{'CAMERA_1': [], 'CAMERA_2': ['price'], 'CAMERA_3': ['price']}",C_THANK_YOU,CAMERA_3,NONE,thank you for your help,S_THANK_YOU,CAMERA_3,NONE,thank you very much,
968,8,NONE,"['CAMERA_2', 'CAMERA_3']","{'CAMERA_1': [], 'CAMERA_2': ['price'], 'CAMERA_3': ['price']}",C_LEAVES,DOOR,NONE,,S_RETURNS_TO_COUNTER,SERVICE_COUNTER,NONE,,
969,1,NONE,[],"{'CAMERA_1': [], 'CAMERA_2': [], 'CAMERA_3': []}",C_ENTERS,DOOR,NONE,,S_NONE,SERVICE_COUNTER,NONE,,
969,2,NONE,[],"{'CAMERA_1': [], 'CAMERA_2': [], 'CAMERA_3': []}",C_WALKS_TO_CAMERA,CAMERA_3,NONE,,S_GREETS,CAMERA_3,NONE,can I help you?,
969,3,CAMERA_2,['CAMERA_2'],"{'CAMERA_1': [], 'CAMERA_2': [], 'CAMERA_3': []}",C_LOOKING_FOR_A_CAMERA,CAMERA_3,NONE,I'm looking for a camera,S_INTRODUCES_CAMERA,CAMERA_2,,Let me show you this. Here we have the Sony Alpha a6000.,39~55
969,4,CAMERA_2,['CAMERA_2'],"{'CAMERA_1': [], 'CAMERA_2': ['autofocus_points'], 'CAMERA_3': []}",C_SILENT_OR_BACKCHANNEL,CAMERA_2,NONE,okay,S_INTRODUCES_FEATURE,CAMERA_2,autofocus_points,This one has 179 autofocus points.,13~33
969,5,CAMERA_2,['CAMERA_2'],"{'CAMERA_1': [], 'CAMERA_2': ['autofocus_points', 'preset_modes'], 'CAMERA_3': []}",C_SILENT_OR_BACKCHANNEL,CAMERA_2,NONE,I see,S_INTRODUCES_FEATURE,CAMERA_2,preset_modes,"This one has 9 preset modes (e.g. beach, snow, night, portrait).",13~63
969,6,CAMERA_2,['CAMERA_2'],"{'CAMERA_1': [], 'CAMERA_2': ['autofocus_points', 'preset_modes', 'long_exposure'], 'CAMERA_3': []}",C_QUESTION_ABOUT_FEATURE,CAMERA_2,long_exposure,can it take long exposure shots,S_ANSWERS_QUESTION_ABOUT_FEATURE,CAMERA_2,long_exposure,This one can take long exposures up to up to 30 seconds.,39~55
969,7,CAMERA_2,['CAMERA_2'],"{'CAMERA_1': [], 'CAMERA_2': ['autofocus_points', 'preset_modes', 'long_exposure', 'ISO'], 'CAMERA_3': []}",C_QUESTION_ABOUT_FEATURE,CAMERA_2,ISO,what is the ISO,S_ANSWERS_QUESTION_ABOUT_FEATURE,CAMERA_2,ISO,This one has up to 3200 ISO with little noise.,13~45
969,8,CAMERA_2,['CAMERA_2'],"{'CAMERA_1': [], 'CAMERA_2': ['autofocus_points', 'preset_modes', 'long_exposure', 'ISO', 'price'], 'CAMERA_3': []}",C_QUESTION_ABOUT_FEATURE,CAMERA_2,price,how much does it cost,S_ANSWERS_QUESTION_ABOUT_FEATURE,CAMERA_2,price,This one costs $1341.,15~20
969,9,CAMERA_2,['CAMERA_2'],"{'CAMERA_1': [], 'CAMERA_2': ['autofocus_points', 'preset_modes', 'long_exposure', 'ISO', 'price', 'settings'], 'CAMERA_3': []}",C_QUESTION_ABOUT_FEATURE,CAMERA_2,settings,what kind of settings does it have,S_ANSWERS_QUESTION_ABOUT_FEATURE,CAMERA_2,settings,This one has full manual control.,13~32
969,10,CAMERA_2,['CAMERA_2'],"{'CAMERA_1': [], 'CAMERA_2': ['autofocus_points', 'preset_modes', 'long_exposure', 'ISO', 'price', 'settings', 'effects'], 'CAMERA_3': []}",C_SILENT_OR_BACKCHANNEL,CAMERA_2,NONE,alright,S_INTRODUCES_FEATURE,CAMERA_2,effects,"This one has 13 artistic effect modes (e.g. toy camera, soft focus).",13~67
969,11,CAMERA_2,['CAMERA_2'],"{'CAMERA_1': [], 'CAMERA_2': ['autofocus_points', 'preset_modes', 'long_exposure', 'ISO', 'price', 'settings', 'effects', 'resolution'], 'CAMERA_3': []}",C_QUESTION_ABOUT_FEATURE,CAMERA_2,resolution,what is the resolution,S_NOT_SURE,CAMERA_2,,I'm not really sure about that,
969,12,NONE,['CAMERA_2'],"{'CAMERA_1': [], 'CAMERA_2': ['autofocus_points', 'preset_modes', 'long_exposure', 'ISO', 'price', 'settings', 'effects', 'resolution'], 'CAMERA_3': []}",C_THANK_YOU,CAMERA_2,NONE,thank you for your help,S_THANK_YOU,CAMERA_2,NONE,thank you very much,
969,13,NONE,['CAMERA_2'],"{'CAMERA_1': [], 'CAMERA_2': ['autofocus_points', 'preset_modes', 'long_exposure', 'ISO', 'price', 'settings', 'effects', 'resolution'], 'CAMERA_3': []}",C_LEAVES,DOOR,NONE,,S_RETURNS_TO_COUNTER,SERVICE_COUNTER,NONE,,
970,1,NONE,[],"{'CAMERA_1': [], 'CAMERA_2': [], 'CAMERA_3': []}",C_ENTERS,DOOR,NONE,,S_NONE,SERVICE_COUNTER,NONE,,
970,2,NONE,[],"{'CAMERA_1': [], 'CAMERA_2': [], 'CAMERA_3': []}",C_WALKS_TO_CAMERA,CAMERA_2,NONE,,S_GREETS,CAMERA_2,NONE,can I help you?,
970,3,CAMERA_2,['CAMERA_2'],"{'CAMERA_1': [], 'CAMERA_2': [], 'CAMERA_3': []}",C_LOOKING_FOR_A_CAMERA,CAMERA_2,NONE,I'm looking for a camera,S_INTRODUCES_CAMERA,CAMERA_2,,Let me show you this. Here we have the Sony Alpha a6000.,39~55
970,4,CAMERA_2,['CAMERA_2'],"{'CAMERA_1': [], 'CAMERA_2': ['weight'], 'CAMERA_3': []}",C_SILENT_OR_BACKCHANNEL,CAMERA_2,NONE,okay,S_INTRODUCES_FEATURE,CAMERA_2,weight,This one weighs 470 grams.,16~25
970,5,CAMERA_2,['CAMERA_2'],"{'CAMERA_1': [], 'CAMERA_2': ['weight', 'settings'], 'CAMERA_3': []}",C_SILENT_OR_BACKCHANNEL,CAMERA_2,NONE,alright,S_INTRODUCES_FEATURE,CAMERA_2,settings,This one has full manual control.,13~32
970,6,CAMERA_2,['CAMERA_2'],"{'CAMERA_1': [], 'CAMERA_2': ['weight', 'settings', 'color'], 'CAMERA_3': []}",C_SILENT_OR_BACKCHANNEL,CAMERA_2,NONE,alright,S_INTRODUCES_FEATURE,CAMERA_2,color,"This one comes in white, silver, black.",18~38
970,7,NONE,['CAMERA_2'],"{'CAMERA_1': [], 'CAMERA_2': ['weight', 'settings', 'color'], 'CAMERA_3': []}",C_THANK_YOU,CAMERA_2,NONE,thank you for your help,S_THANK_YOU,CAMERA_2,NONE,thank you very much,
970,8,NONE,['CAMERA_2'],"{'CAMERA_1': [], 'CAMERA_2': ['weight', 'settings', 'color'], 'CAMERA_3': []}",C_LEAVES,DOOR,NONE,,S_RETURNS_TO_COUNTER,SERVICE_COUNTER,NONE,,
971,1,NONE,[],"{'CAMERA_1': [], 'CAMERA_2': [], 'CAMERA_3': []}",C_ENTERS,DOOR,NONE,,S_NONE,SERVICE_COUNTER,NONE,,
971,2,NONE,[],"{'CAMERA_1': [], 'CAMERA_2': [], 'CAMERA_3': []}",C_WALKS_TO_CAMERA,CAMERA_1,NONE,,S_GREETS,CAMERA_1,NONE,can I help you?,
971,3,CAMERA_3,['CAMERA_3'],"{'CAMERA_1': [], 'CAMERA_2': [], 'CAMERA_3': []}",C_LOOKING_FOR_A_CAMERA,CAMERA_1,NONE,I'm looking for a camera,S_INTRODUCES_CAMERA,CAMERA_3,,Let me show you this. Here we have the Canon EOS 5D Mark III.,39~60
971,4,CAMERA_3,['CAMERA_3'],"{'CAMERA_1': [], 'CAMERA_2': [], 'CAMERA_3': ['camera_type']}",C_QUESTION_ABOUT_FEATURE,CAMERA_3,camera_type,what kind of camera is this,S_ANSWERS_QUESTION_ABOUT_FEATURE,CAMERA_3,camera_type,This is a DSLR camera.,10~14
971,5,CAMERA_3,['CAMERA_3'],"{'CAMERA_1': [], 'CAMERA_2': [], 'CAMERA_3': ['camera_type', 'autofocus_points']}",C_QUESTION_ABOUT_FEATURE,CAMERA_3,autofocus_points,how many autofocus points does it have,S_ANSWERS_QUESTION_ABOUT_FEATURE,CAMERA_3,autofocus_points,This one has 61 autofocus points.,13~32
971,6,CAMERA_3,['CAMERA_3'],"{'CAMERA_1': [], 'CAMERA_2': [], 'CAMERA_3': ['camera_type', 'autofocus_points', 'weight']}",C_QUESTION_ABOUT_FEATURE,CAMERA_3,weight,how much does this one weigh,S_ANSWERS_QUESTION_ABOUT_FEATURE,CAMERA_3,weight,This one weighs 950 grams (only body).,16~37
971,7,NONE,['CAMERA_3'],"{'CAMERA_1': [], 'CAMERA_2': [], 'CAMERA_3': ['camera_type', 'autofocus_points', 'weight']}",C_THANK_YOU,CAMERA_3,NONE,thank you for your help,S_THANK_YOU,CAMERA_3,NONE,thank you very much,
971,8,NONE,['CAMERA_3'],"{'CAMERA_1': [], 'CAMERA_2': [], 'CAMERA_3': ['camera_type', 'autofocus_points', 'weight']}",C_LEAVES,DOOR,NONE,,S_RETURNS_TO_COUNTER,SERVICE_COUNTER,NONE,,
972,1,NONE,[],"{'CAMERA_1': [], 'CAMERA_2': [], 'CAMERA_3': []}",C_ENTERS,DOOR,NONE,,S_NONE,SERVICE_COUNTER,NONE,,
972,2,NONE,[],"{'CAMERA_1': [], 'CAMERA_2': [], 'CAMERA_3': []}",C_WALKS_TO_CAMERA,CAMERA_2,NONE,,S_NONE,SERVICE_COUNTER,NONE,,
972,3,NONE,[],"{'CAMERA_1': [], 'CAMERA_2': [], 'CAMERA_3': []}",C_EXAMINES_CAMERA,CAMERA_2,NONE,,S_GREETS,CAMERA_2,NONE,can I help you?,
972,4,CAMERA_1,['CAMERA_1'],"{'CAMERA_1': [], 'CAMERA_2': [], 'CAMERA_3': []}",C_LOOKING_FOR_A_CAMERA,CAMERA_2,NONE,I'm looking for a camera,S_INTRODUCES_CAMERA,CAMERA_1,,Let me show you this. Here we have the Nikon Coolpix S2800.,39~58
972,5,CAMERA_1,['CAMERA_1'],"{'CAMERA_1': ['color'], 'CAMERA_2': [], 'CAMERA_3': []}",C_SILENT_OR_BACKCHANNEL,CAMERA_1,NONE,I see,S_INTRODUCES_FEATURE,CAMERA_1,color,"This one comes in purple, pink, black, silver, red.",18~50
972,6,CAMERA_1,['CAMERA_1'],"{'CAMERA_1': ['color', 'optical_zoom'], 'CAMERA_2': [], 'CAMERA_3': []}",C_SILENT_OR_BACKCHANNEL,CAMERA_1,NONE,okay,S_INTRODUCES_FEATURE,CAMERA_1,optical_zoom,This one has 5x optical zoom.,13~28
972,7,CAMERA_1,['CAMERA_1'],"{'CAMERA_1': ['color', 'optical_zoom', 'price'], 'CAMERA_2': [], 'CAMERA_3': []}",C_SILENT_OR_BACKCHANNEL,CAMERA_1,NONE,I see,S_INTRODUCES_FEATURE,CAMERA_1,price,This one costs $2173.,15~20
972,8,CAMERA_3,"['CAMERA_1', 'CAMERA_3']","{'CAMERA_1': ['color', 'optical_zoom', 'price'], 'CAMERA_2': [], 'CAMERA_3': []}",C_ANYTHING_ELSE_AVAILABLE,CAMERA_1,NONE,ok do you have any other cameras,S_INTRODUCES_CAMERA,CAMERA_3,,Let me show you this. Here we have the Canon EOS 5D Mark III.,39~60
972,9,CAMERA_3,"['CAMERA_1', 'CAMERA_3']","{'CAMERA_1': ['color', 'optical_zoom', 'price'], 'CAMERA_2': [], 'CAMERA_3': ['settings']}",C_QUESTION_ABOUT_FEATURE,CAMERA_3,settings,what kind of settings does it have,S_ANSWERS_QUESTION_ABOUT_FEATURE,CAMERA_3,settings,This one has full manual control.,13~32
972,10,CAMERA_3,"['CAMERA_1', 'CAMERA_3']","{'CAMERA_1': ['color', 'optical_zoom', 'price'], 'CAMERA_2': [], 'CAMERA_3': ['settings', 'autofocus_points']}",C_QUESTION_ABOUT_FEATURE,CAMERA_3,autofocus_points,how many autofocus points does it have,S_ANSWERS_QUESTION_ABOUT_FEATURE,CAMERA_3,autofocus_points,This one has 61 autofocus points.,13~32
972,11,CAMERA_3,"['CAMERA_1', 'CAMERA_3']","{'CAMERA_1': ['color', 'optical_zoom', 'price'], 'CAMERA_2': [], 'CAMERA_3': ['settings', 'autofocus_points', 'ISO']}",C_SILENT_OR_BACKCHANNEL,CAMERA_3,NONE,alright,S_INTRODUCES_FEATURE,CAMERA_3,ISO,This one has up to 6400 ISO with little noise.,13~45
972,12,NONE,"['CAMERA_1', 'CAMERA_3']","{'CAMERA_1': ['color', 'optical_zoom', 'price'], 'CAMERA_2': [], 'CAMERA_3': ['settings', 'autofocus_points', 'ISO']}",C_THANK_YOU,CAMERA_3,NONE,thank you for your help,S_THANK_YOU,CAMERA_3,NONE,thank you very much,
972,13,NONE,"['CAMERA_1', 'CAMERA_3']","{'CAMERA_1': ['color', 'optical_zoom', 'price'], 'CAMERA_2': [], 'CAMERA_3': ['settings', 'autofocus_points', 'ISO']}",C_LEAVES,DOOR,NONE,,S_RETURNS_TO_COUNTER,SERVICE_COUNTER,NONE,,
973,1,NONE,[],"{'CAMERA_1': [], 'CAMERA_2': [], 'CAMERA_3': []}",C_ENTERS,DOOR,NONE,,S_NONE,SERVICE_COUNTER,NONE,,
973,2,NONE,[],"{'CAMERA_1': [], 'CAMERA_2': [], 'CAMERA_3': []}",C_WALKS_TO_CAMERA,CAMERA_2,NONE,,S_GREETS,CAMERA_2,NONE,can I help you?,
973,3,CAMERA_3,['CAMERA_3'],"{'CAMERA_1': [], 'CAMERA_2': [], 'CAMERA_3': []}",C_LOOKING_FOR_A_CAMERA,CAMERA_2,NONE,I'm looking for a camera,S_INTRODUCES_CAMERA,CAMERA_3,,Let me show you this. Here we have the Canon EOS 5D Mark III.,39~60
973,4,CAMERA_3,['CAMERA_3'],"{'CAMERA_1': [], 'CAMERA_2': [], 'CAMERA_3': ['weight']}",C_SILENT_OR_BACKCHANNEL,CAMERA_3,NONE,okay,S_INTRODUCES_FEATURE,CAMERA_3,weight,This one weighs 950 grams (only body).,16~37
973,5,CAMERA_3,['CAMERA_3'],"{'CAMERA_1': [], 'CAMERA_2': [], 'CAMERA_3': ['weight', 'price']}",C_SILENT_OR_BACKCHANNEL,CAMERA_3,NONE,I see,S_INTRODUCES_FEATURE,CAMERA_3,price,This one costs $3706.,15~20
973,6,CAMERA_3,['CAMERA_3'],"{'CAMERA_1': [], 'CAMERA_2': [], 'CAMERA_3': ['weight', 'price', 'autofocus_points']}",C_SILENT_OR_BACKCHANNEL,CAMERA_3,NONE,I see,S_INTRODUCES_FEATURE,CAMERA_3,autofocus_points,This one has 61 autofocus points.,13~32
973,7,CAMERA_3,['CAMERA_3'],"{'CAMERA_1': [], 'CAMERA_2': [], 'CAMERA_3': ['weight', 'price', 'autofocus_points', 'preset_modes']}",C_QUESTION_ABOUT_FEATURE,CAMERA_3,preset_modes,does it have preset modes,S_NOT_SURE,CAMERA_3,,I'm not really sure about that,
973,8,CAMERA_3,['CAMERA_3'],"{'CAMERA_1': [], 'CAMERA_2': [], 'CAMERA_3': ['weight', 'price', 'autofocus_points', 'preset_modes', 'settings']}",C_QUESTION_ABOUT_FEATURE,CAMERA_3,settings,what kind of settings does it have,S_ANSWERS_QUESTION_ABOUT_FEATURE,CAMERA_3,settings,This one has full manual control.,13~32
973,9,CAMERA_3,['CAMERA_3'],"{'CAMERA_1': [], 'CAMERA_2': [], 'CAMERA_3': ['weight', 'price', 'autofocus_points', 'preset_modes', 'settings', 'ISO']}",C_SILENT_OR_BACKCHANNEL,CAMERA_3,NONE,okay,S_INTRODUCES_FEATURE,CAMERA_3,ISO,This one has up to 6400 ISO with little noise.,13~45
973,10,CAMERA_3,['CAMERA_3'],"{'CAMERA_1': [], 'CAMERA_2': [], 'CAMERA_3': ['weight', 'price', 'autofocus_points', 'preset_modes', 'settings', 'ISO', 'camera_type']}",C_SILENT_OR_BACKCHANNEL,CAMERA_3,NONE,okay,S_INTRODUCES_FEATURE,CAMERA_3,camera_type,This is a DSLR camera.,10~14
973,11,CAMERA_3,['CAMERA_3'],"{'CAMERA_1': [], 'CAMERA_2': [], 'CAMERA_3': ['weight', 'price', 'autofocus_points', 'preset_modes', 'settings', 'ISO', 'camera_type', 'effects']}",C_QUESTION_ABOUT_FEATURE,CAMERA_3,effects,does it have any effect modes,S_NOT_SURE,CAMERA_3,,I'm not really sure about that,
973,12,NONE,['CAMERA_3'],"{'CAMERA_1': [], 'CAMERA_2': [], 'CAMERA_3': ['weight', 'price', 'autofocus_points', 'preset_modes', 'settings', 'ISO', 'camera_type', 'effects']}",C_THANK_YOU,CAMERA_3,NONE,thank you for your help,S_THANK_YOU,CAMERA_3,NONE,thank you very much,
973,13,NONE,['CAMERA_3'],"{'CAMERA_1': [], 'CAMERA_2': [], 'CAMERA_3': ['weight', 'price', 'autofocus_points', 'preset_modes', 'settings', 'ISO', 'camera_type', 'effects']}",C_LEAVES,DOOR,NONE,,S_RETURNS_TO_COUNTER,SERVICE_COUNTER,NONE,,
974,1,NONE,[],"{'CAMERA_1': [], 'CAMERA_2': [], 'CAMERA_3': []}",C_ENTERS,DOOR,NONE,,S_NONE,SERVICE_COUNTER,NONE,,
974,2,NONE,[],"{'CAMERA_1': [], 'CAMERA_2': [], 'CAMERA_3': []}",C_WALKS_TO_CAMERA,CAMERA_3,NONE,,S_GREETS,CAMERA_3,NONE,can I help you?,
974,3,CAMERA_2,['CAMERA_2'],"{'CAMERA_1': [], 'CAMERA_2': [], 'CAMERA_3': []}",C_LOOKING_FOR_A_CAMERA,CAMERA_3,NONE,I'm looking for a camera,S_INTRODUCES_CAMERA,CAMERA_2,,Let me show you this. Here we have the Sony Alpha a6000.,39~55
974,4,CAMERA_2,['CAMERA_2'],"{'CAMERA_1': [], 'CAMERA_2': ['long_exposure'], 'CAMERA_3': []}",C_QUESTION_ABOUT_FEATURE,CAMERA_2,long_exposure,can it take long exposure shots,S_ANSWERS_QUESTION_ABOUT_FEATURE,CAMERA_2,long_exposure,This one can take long exposures up to up to 30 seconds.,39~55
974,5,NONE,['CAMERA_2'],"{'CAMERA_1': [], 'CAMERA_2': ['long_exposure'], 'CAMERA_3': []}",C_THANK_YOU,CAMERA_2,NONE,thank you for your help,S_THANK_YOU,CAMERA_2,NONE,thank you very much,
974,6,NONE,['CAMERA_2'],"{'CAMERA_1': [], 'CAMERA_2': ['long_exposure'], 'CAMERA_3': []}",C_LEAVES,DOOR,NONE,,S_RETURNS_TO_COUNTER,SERVICE_COUNTER,NONE,,
975,1,NONE,[],"{'CAMERA_1': [], 'CAMERA_2': [], 'CAMERA_3': []}",C_ENTERS,DOOR,NONE,,S_NONE,SERVICE_COUNTER,NONE,,
975,2,NONE,[],"{'CAMERA_1': [], 'CAMERA_2': [], 'CAMERA_3': []}",C_WALKS_TO_CAMERA,CAMERA_1,NONE,,S_GREETS,CAMERA_1,NONE,can I help you?,
975,3,CAMERA_3,['CAMERA_3'],"{'CAMERA_1': [], 'CAMERA_2': [], 'CAMERA_3': []}",C_LOOKING_FOR_A_CAMERA,CAMERA_1,NONE,I'm looking for a camera,S_INTRODUCES_CAMERA,CAMERA_3,,Let me show you this. Here we have the Canon EOS 5D Mark III.,39~60
975,4,CAMERA_3,['CAMERA_3'],"{'CAMERA_1': [], 'CAMERA_2': [], 'CAMERA_3': ['ISO']}",C_QUESTION_ABOUT_FEATURE,CAMERA_3,ISO,what is the ISO,S_ANSWERS_QUESTION_ABOUT_FEATURE,CAMERA_3,ISO,This one has up to 6400 ISO with little noise.,13~45
975,5,CAMERA_3,['CAMERA_3'],"{'CAMERA_1': [], 'CAMERA_2': [], 'CAMERA_3': ['ISO', 'price']}",C_QUESTION_ABOUT_FEATURE,CAMERA_3,price,how much does it cost,S_ANSWERS_QUESTION_ABOUT_FEATURE,CAMERA_3,price,This one costs $3706.,15~20
975,6,CAMERA_3,['CAMERA_3'],"{'CAMERA_1': [], 'CAMERA_2': [], 'CAMERA_3': ['ISO', 'price', 'preset_modes']}",C_QUESTION_ABOUT_FEATURE,CAMERA_3,preset_modes,does it have preset modes,S_NOT_SURE,CAMERA_3,,I'm not really sure about that,
975,7,NONE,['CAMERA_3'],"{'CAMERA_1': [], 'CAMERA_2': [], 'CAMERA_3': ['ISO', 'price', 'preset_modes']}",C_THANK_YOU,CAMERA_3,NONE,thank you for your help,S_THANK_YOU,CAMERA_3,NONE,thank you very much,
975,8,NONE,['CAMERA_3'],"{'CAMERA_1': [], 'CAMERA_2': [], 'CAMERA_3': ['ISO', 'price', 'preset_modes']}",C_LEAVES,DOOR,NONE,,S_RETURNS_TO_COUNTER,SERVICE_COUNTER,NONE,,
976,1,NONE,[],"{'CAMERA_1': [], 'CAMERA_2': [], 'CAMERA_3': []}",C_ENTERS,DOOR,NONE,,S_NONE,SERVICE_COUNTER,NONE,,
976,2,NONE,[],"{'CAMERA_1': [], 'CAMERA_2': [], 'CAMERA_3': []}",C_WALKS_TO_CAMERA,CAMERA_3,NONE,,S_GREETS,CAMERA_3,NONE,can I help you?,
976,3,CAMERA_3,['CAMERA_3'],"{'CAMERA_1': [], 'CAMERA_2': [], 'CAMERA_3': []}",C_LOOKING_FOR_A_CAMERA,CAMERA_3,NONE,I'm looking for a camera,S_INTRODUCES_CAMERA,CAMERA_3,,Let me show you this. Here we have the Canon EOS 5D Mark III.,39~60
976,4,CAMERA_3,['CAMERA_3'],"{'CAMERA_1': [], 'CAMERA_2': [], 'CAMERA_3': ['camera_type']}",C_SILENT_OR_BACKCHANNEL,CAMERA_3,NONE,alright,S_INTRODUCES_FEATURE,CAMERA_3,camera_type,This is a DSLR camera.,10~14
976,5,NONE,['CAMERA_3'],"{'CAMERA_1': [], 'CAMERA_2': [], 'CAMERA_3': ['camera_type']}",C_THANK_YOU,CAMERA_3,NONE,thank you for your help,S_THANK_YOU,CAMERA_3,NONE,thank you very much,
976,6,NONE,['CAMERA_3'],"{'CAMERA_1': [], 'CAMERA_2': [], 'CAMERA_3': ['camera_type']}",C_LEAVES,DOOR,NONE,,S_RETURNS_TO_COUNTER,SERVICE_COUNTER,NONE,,
977,1,NONE,[],"{'CAMERA_1': [], 'CAMERA_2': [], 'CAMERA_3': []}",C_ENTERS,DOOR,NONE,,S_NONE,SERVICE_COUNTER,NONE,,
977,2,NONE,[],"{'CAMERA_1': [], 'CAMERA_2': [], 'CAMERA_3': []}",C_GREETS,MIDDLE,NONE,hello,S_GREETS,MIDDLE,NONE,can I help you?,
977,3,CAMERA_3,['CAMERA_3'],"{'CAMERA_1': [], 'CAMERA_2': [], 'CAMERA_3': []}",C_LOOKING_FOR_A_CAMERA,MIDDLE,NONE,I'm looking for a camera,S_INTRODUCES_CAMERA,CAMERA_3,,Let me show you this. Here we have the Canon EOS 5D Mark III.,39~60
977,4,CAMERA_3,['CAMERA_3'],"{'CAMERA_1': [], 'CAMERA_2': [], 'CAMERA_3': ['ISO']}",C_SILENT_OR_BACKCHANNEL,CAMERA_3,NONE,I see,S_INTRODUCES_FEATURE,CAMERA_3,ISO,This one has up to 6400 ISO with little noise.,13~45
977,5,CAMERA_3,['CAMERA_3'],"{'CAMERA_1': [], 'CAMERA_2': [], 'CAMERA_3': ['ISO', 'weight']}",C_SILENT_OR_BACKCHANNEL,CAMERA_3,NONE,I see,S_INTRODUCES_FEATURE,CAMERA_3,weight,This one weighs 950 grams (only body).,16~37
977,6,NONE,['CAMERA_3'],"{'CAMERA_1': [], 'CAMERA_2': [], 'CAMERA_3': ['ISO', 'weight']}",C_THANK_YOU,CAMERA_3,NONE,thank you for your help,S_THANK_YOU,CAMERA_3,NONE,thank you very much,
977,7,NONE,['CAMERA_3'],"{'CAMERA_1': [], 'CAMERA_2': [], 'CAMERA_3': ['ISO', 'weight']}",C_LEAVES,DOOR,NONE,,S_RETURNS_TO_COUNTER,SERVICE_COUNTER,NONE,,
978,1,NONE,[],"{'CAMERA_1': [], 'CAMERA_2': [], 'CAMERA_3': []}",C_ENTERS,DOOR,NONE,,S_NONE,SERVICE_COUNTER,NONE,,
978,2,NONE,[],"{'CAMERA_1': [], 'CAMERA_2': [], 'CAMERA_3': []}",C_GREETS,MIDDLE,NONE,hello,S_GREETS,MIDDLE,NONE,can I help you?,
978,3,CAMERA_1,['CAMERA_1'],"{'CAMERA_1': [], 'CAMERA_2': [], 'CAMERA_3': []}",C_LOOKING_FOR_A_CAMERA,MIDDLE,NONE,I'm looking for a camera,S_INTRODUCES_CAMERA,CAMERA_1,,Let me show you this. Here we have the Nikon Coolpix S2800.,39~58
978,4,CAMERA_1,['CAMERA_1'],"{'CAMERA_1': ['preset_modes'], 'CAMERA_2': [], 'CAMERA_3': []}",C_SILENT_OR_BACKCHANNEL,CAMERA_1,NONE,okay,S_INTRODUCES_FEATURE,CAMERA_1,preset_modes,"This one has 18 preset modes (e.g. beach, snow, night portrait).",13~63
978,5,CAMERA_1,['CAMERA_1'],"{'CAMERA_1': ['preset_modes', 'camera_type'], 'CAMERA_2': [], 'CAMERA_3': []}",C_SILENT_OR_BACKCHANNEL,CAMERA_1,NONE,okay,S_INTRODUCES_FEATURE,CAMERA_1,camera_type,This is a point and shoot camera.,10~25
978,6,CAMERA_1,['CAMERA_1'],"{'CAMERA_1': ['preset_modes', 'camera_type', 'price'], 'CAMERA_2': [], 'CAMERA_3': []}",C_QUESTION_ABOUT_FEATURE,CAMERA_1,price,how much does it cost,S_ANSWERS_QUESTION_ABOUT_FEATURE,CAMERA_1,price,This one costs $2173.,15~20
978,7,CAMERA_1,['CAMERA_1'],"{'CAMERA_1': ['preset_modes', 'camera_type', 'price', 'color'], 'CAMERA_2': [], 'CAMERA_3': []}",C_SILENT_OR_BACKCHANNEL,CAMERA_1,NONE,I see,S_INTRODUCES_FEATURE,CAMERA_1,color,"This one comes in purple, pink, black, silver, red.",18~50
978,8,NONE,['CAMERA_1'],"{'CAMERA_1': ['preset_modes', 'camera_type', 'price', 'color'], 'CAMERA_2': [], 'CAMERA_3': []}",C_THANK_YOU,CAMERA_1,NONE,thank you for your help,S_THANK_YOU,CAMERA_1,NONE,thank you very much,
978,9,NONE,['CAMERA_1'],"{'CAMERA_1': ['preset_modes', 'camera_type', 'price', 'color'], 'CAMERA_2': [], 'CAMERA_3': []}",C_LEAVES,DOOR,NONE,,S_RETURNS_TO_COUNTER,SERVICE_COUNTER,NONE,,
979,1,NONE,[],"{'CAMERA_1': [], 'CAMERA_2': [], 'CAMERA_3': []}",C_ENTERS,DOOR,NONE,,S_NONE,SERVICE_COUNTER,NONE,,
979,2,NONE,[],"{'CAMERA_1': [], 'CAMERA_2': [], 'CAMERA_3': []}",C_GREETS,MIDDLE,NONE,hello,S_GREETS,MIDDLE,NONE,can I help you?,
979,3,CAMERA_2,['CAMERA_2'],"{'CAMERA_1': [], 'CAMERA_2': [], 'CAMERA_3': []}",C_LOOKING_FOR_A_CAMERA,MIDDLE,NONE,I'm looking for a camera,S_INTRODUCES_CAMERA,CAMERA_2,,Let me show you this. Here we have the Sony Alpha a6000.,39~55
979,4,CAMERA_2,['CAMERA_2'],"{'CAMERA_1': [], 'CAMERA_2': ['optical_zoom'], 'CAMERA_3': []}",C_QUESTION_ABOUT_FEATURE,CAMERA_2,optical_zoom,does it have optical zoom,S_NOT_SURE,CAMERA_2,,I'm not really sure about that,
979,5,CAMERA_2,['CAMERA_2'],"{'CAMERA_1': [], 'CAMERA_2': ['optical_zoom', 'camera_type'], 'CAMERA_3': []}",C_QUESTION_ABOUT_FEATURE,CAMERA_2,camera_type,what kind of camera is this,S_ANSWERS_QUESTION_ABOUT_FEATURE,CAMERA_2,camera_type,This is a mirrorless camera.,10~20
979,6,CAMERA_2,['CAMERA_2'],"{'CAMERA_1': [], 'CAMERA_2': ['optical_zoom', 'camera_type', 'ISO'], 'CAMERA_3': []}",C_QUESTION_ABOUT_FEATURE,CAMERA_2,ISO,what is the ISO,S_ANSWERS_QUESTION_ABOUT_FEATURE,CAMERA_2,ISO,This one has up to 3200 ISO with little noise.,13~45
979,7,NONE,['CAMERA_2'],"{'CAMERA_1': [], 'CAMERA_2': ['optical_zoom', 'camera_type', 'ISO'], 'CAMERA_3': []}",C_THANK_YOU,CAMERA_2,NONE,thank you for your help,S_THANK_YOU,CAMERA_2,NONE,thank you very much,
979,8,NONE,['CAMERA_2'],"{'CAMERA_1': [], 'CAMERA_2': ['optical_zoom', 'camera_type', 'ISO'], 'CAMERA_3': []}",C_LEAVES,DOOR,NONE,,S_RETURNS_TO_COUNTER,SERVICE_COUNTER,NONE,,
980,1,NONE,[],"{'CAMERA_1': [], 'CAMERA_2': [], 'CAMERA_3': []}",C_ENTERS,DOOR,NONE,,S_NONE,SERVICE_COUNTER,NONE,,
980,2,NONE,[],"{'CAMERA_1': [], 'CAMERA_2': [], 'CAMERA_3': []}",C_GREETS,MIDDLE,NONE,hello,S_GREETS,MIDDLE,NONE,can I help you?,
980,3,CAMERA_1,['CAMERA_1'],"{'CAMERA_1': [], 'CAMERA_2': [], 'CAMERA_3': []}",C_LOOKING_FOR_A_CAMERA,MIDDLE,NONE,I'm looking for a camera,S_INTRODUCES_CAMERA,CAMERA_1,,Let me show you this. Here we have the Nikon Coolpix S2800.,39~58
980,4,CAMERA_1,['CAMERA_1'],"{'CAMERA_1': ['settings'], 'CAMERA_2': [], 'CAMERA_3': []}",C_SILENT_OR_BACKCHANNEL,CAMERA_1,NONE,alright,S_INTRODUCES_FEATURE,CAMERA_1,settings,This one has limited manual settings.,13~36
980,5,CAMERA_1,['CAMERA_1'],"{'CAMERA_1': ['settings', 'resolution'], 'CAMERA_2': [], 'CAMERA_3': []}",C_SILENT_OR_BACKCHANNEL,CAMERA_1,NONE,I see,S_INTRODUCES_FEATURE,CAMERA_1,resolution,This one has 20.1 megapixels resolution.,13~28
980,6,NONE,['CAMERA_1'],"{'CAMERA_1': ['settings', 'resolution'], 'CAMERA_2': [], 'CAMERA_3': []}",C_THANK_YOU,CAMERA_1,NONE,thank you for your help,S_THANK_YOU,CAMERA_1,NONE,thank you very much,
980,7,NONE,['CAMERA_1'],"{'CAMERA_1': ['settings', 'resolution'], 'CAMERA_2': [], 'CAMERA_3': []}",C_LEAVES,DOOR,NONE,,S_RETURNS_TO_COUNTER,SERVICE_COUNTER,NONE,,
981,1,NONE,[],"{'CAMERA_1': [], 'CAMERA_2': [], 'CAMERA_3': []}",C_ENTERS,DOOR,NONE,,S_NONE,SERVICE_COUNTER,NONE,,
981,2,NONE,[],"{'CAMERA_1': [], 'CAMERA_2': [], 'CAMERA_3': []}",C_GREETS,MIDDLE,NONE,hello,S_GREETS,MIDDLE,NONE,can I help you?,
981,3,CAMERA_2,['CAMERA_2'],"{'CAMERA_1': [], 'CAMERA_2': [], 'CAMERA_3': []}",C_LOOKING_FOR_A_CAMERA,MIDDLE,NONE,I'm looking for a camera,S_INTRODUCES_CAMERA,CAMERA_2,,Let me show you this. Here we have the Sony Alpha a6000.,39~55
981,4,CAMERA_2,['CAMERA_2'],"{'CAMERA_1': [], 'CAMERA_2': ['sensor_size'], 'CAMERA_3': []}",C_SILENT_OR_BACKCHANNEL,CAMERA_2,NONE,I see,S_INTRODUCES_FEATURE,CAMERA_2,sensor_size,This one has a APS-C sensor (crop sensor).,15~41
981,5,CAMERA_2,['CAMERA_2'],"{'CAMERA_1': [], 'CAMERA_2': ['sensor_size', 'autofocus_points'], 'CAMERA_3': []}",C_SILENT_OR_BACKCHANNEL,CAMERA_2,NONE,I see,S_INTRODUCES_FEATURE,CAMERA_2,autofocus_points,This one has 179 autofocus points.,13~33
981,6,CAMERA_2,['CAMERA_2'],"{'CAMERA_1': [], 'CAMERA_2': ['sensor_size', 'autofocus_points', 'long_exposure'], 'CAMERA_3': []}",C_QUESTION_ABOUT_FEATURE,CAMERA_2,long_exposure,can it take long exposure shots,S_ANSWERS_QUESTION_ABOUT_FEATURE,CAMERA_2,long_exposure,This one can take long exposures up to up to 30 seconds.,39~55
981,7,CAMERA_2,['CAMERA_2'],"{'CAMERA_1': [], 'CAMERA_2': ['sensor_size', 'autofocus_points', 'long_exposure', 'weight'], 'CAMERA_3': []}",C_SILENT_OR_BACKCHANNEL,CAMERA_2,NONE,okay,S_INTRODUCES_FEATURE,CAMERA_2,weight,This one weighs 470 grams.,16~25
981,8,CAMERA_1,"['CAMERA_2', 'CAMERA_1']","{'CAMERA_1': [], 'CAMERA_2': ['sensor_size', 'autofocus_points', 'long_exposure', 'weight'], 'CAMERA_3': []}",C_ANYTHING_ELSE_AVAILABLE,CAMERA_2,NONE,ok do you have any other cameras,S_INTRODUCES_CAMERA,CAMERA_1,,Let me show you this. Here we have the Nikon Coolpix S2800.,39~58
981,9,CAMERA_1,"['CAMERA_2', 'CAMERA_1']","{'CAMERA_1': ['camera_type'], 'CAMERA_2': ['sensor_size', 'autofocus_points', 'long_exposure', 'weight'], 'CAMERA_3': []}",C_QUESTION_ABOUT_FEATURE,CAMERA_1,camera_type,what kind of camera is this,S_ANSWERS_QUESTION_ABOUT_FEATURE,CAMERA_1,camera_type,This is a point and shoot camera.,10~25
981,10,CAMERA_3,"['CAMERA_2', 'CAMERA_1', 'CAMERA_3']","{'CAMERA_1': ['camera_type'], 'CAMERA_2': ['sensor_size', 'autofocus_points', 'long_exposure', 'weight'], 'CAMERA_3': []}",C_ANYTHING_ELSE_AVAILABLE,CAMERA_1,NONE,ok do you have any other cameras,S_INTRODUCES_CAMERA,CAMERA_3,,Let me show you this. Here we have the Canon EOS 5D Mark III.,39~60
981,11,CAMERA_3,"['CAMERA_2', 'CAMERA_1', 'CAMERA_3']","{'CAMERA_1': ['camera_type'], 'CAMERA_2': ['sensor_size', 'autofocus_points', 'long_exposure', 'weight'], 'CAMERA_3': ['color']}",C_SILENT_OR_BACKCHANNEL,CAMERA_3,NONE,I see,S_INTRODUCES_FEATURE,CAMERA_3,color,This one comes in black.,18~23
981,12,CAMERA_3,"['CAMERA_2', 'CAMERA_1', 'CAMERA_3']","{'CAMERA_1': ['camera_type'], 'CAMERA_2': ['sensor_size', 'autofocus_points', 'long_exposure', 'weight'], 'CAMERA_3': ['color', 'autofocus_points']}",C_QUESTION_ABOUT_FEATURE,CAMERA_3,autofocus_points,how many autofocus points does it have,S_ANSWERS_QUESTION_ABOUT_FEATURE,CAMERA_3,autofocus_points,This one has 61 autofocus points.,13~32
981,13,NONE,"['CAMERA_2', 'CAMERA_1', 'CAMERA_3']","{'CAMERA_1': ['camera_type'], 'CAMERA_2': ['sensor_size', 'autofocus_points', 'long_exposure', 'weight'], 'CAMERA_3': ['color', 'autofocus_points']}",C_THANK_YOU,CAMERA_3,NONE,thank you for your help,S_THANK_YOU,CAMERA_3,NONE,thank you very much,
981,14,NONE,"['CAMERA_2', 'CAMERA_1', 'CAMERA_3']","{'CAMERA_1': ['camera_type'], 'CAMERA_2': ['sensor_size', 'autofocus_points', 'long_exposure', 'weight'], 'CAMERA_3': ['color', 'autofocus_points']}",C_LEAVES,DOOR,NONE,,S_RETURNS_TO_COUNTER,SERVICE_COUNTER,NONE,,
982,1,NONE,[],"{'CAMERA_1': [], 'CAMERA_2': [], 'CAMERA_3': []}",C_ENTERS,DOOR,NONE,,S_NONE,SERVICE_COUNTER,NONE,,
982,2,NONE,[],"{'CAMERA_1': [], 'CAMERA_2': [], 'CAMERA_3': []}",C_WALKS_TO_CAMERA,CAMERA_2,NONE,,S_GREETS,CAMERA_2,NONE,can I help you?,
982,3,CAMERA_3,['CAMERA_3'],"{'CAMERA_1': [], 'CAMERA_2': [], 'CAMERA_3': []}",C_LOOKING_FOR_A_CAMERA,CAMERA_2,NONE,I'm looking for a camera,S_INTRODUCES_CAMERA,CAMERA_3,,Let me show you this. Here we have the Canon EOS 5D Mark III.,39~60
982,4,CAMERA_3,['CAMERA_3'],"{'CAMERA_1': [], 'CAMERA_2': [], 'CAMERA_3': ['autofocus_points']}",C_QUESTION_ABOUT_FEATURE,CAMERA_3,autofocus_points,how many autofocus points does it have,S_ANSWERS_QUESTION_ABOUT_FEATURE,CAMERA_3,autofocus_points,This one has 61 autofocus points.,13~32
982,5,CAMERA_3,['CAMERA_3'],"{'CAMERA_1': [], 'CAMERA_2': [], 'CAMERA_3': ['autofocus_points', 'ISO']}",C_SILENT_OR_BACKCHANNEL,CAMERA_3,NONE,alright,S_INTRODUCES_FEATURE,CAMERA_3,ISO,This one has up to 6400 ISO with little noise.,13~45
982,6,CAMERA_3,['CAMERA_3'],"{'CAMERA_1': [], 'CAMERA_2': [], 'CAMERA_3': ['autofocus_points', 'ISO', 'effects']}",C_QUESTION_ABOUT_FEATURE,CAMERA_3,effects,does it have any effect modes,S_NOT_SURE,CAMERA_3,,I'm not really sure about that,
982,7,CAMERA_3,['CAMERA_3'],"{'CAMERA_1': [], 'CAMERA_2': [], 'CAMERA_3': ['autofocus_points', 'ISO', 'effects', 'long_exposure']}",C_QUESTION_ABOUT_FEATURE,CAMERA_3,long_exposure,can it take long exposure shots,S_ANSWERS_QUESTION_ABOUT_FEATURE,CAMERA_3,long_exposure,"This one can take long exposures up to up to 30 seconds, bulb mode: expose as long as you want.",39~94
982,8,CAMERA_3,['CAMERA_3'],"{'CAMERA_1': [], 'CAMERA_2': [], 'CAMERA_3': ['autofocus_points', 'ISO', 'effects', 'long_exposure', 'color']}",C_QUESTION_ABOUT_FEATURE,CAMERA_3,color,what colors does this one come in,S_ANSWERS_QUESTION_ABOUT_FEATURE,CAMERA_3,color,This one comes in black.,18~23
982,9,CAMERA_3,['CAMERA_3'],"{'CAMERA_1': [], 'CAMERA_2': [], 'CAMERA_3': ['autofocus_points', 'ISO', 'effects', 'long_exposure', 'color', 'weight']}",C_QUESTION_ABOUT_FEATURE,CAMERA_3,weight,how much does this one weigh,S_ANSWERS_QUESTION_ABOUT_FEATURE,CAMERA_3,weight,This one weighs 950 grams (only body).,16~37
982,10,CAMERA_3,['CAMERA_3'],"{'CAMERA_1': [], 'CAMERA_2': [], 'CAMERA_3': ['autofocus_points', 'ISO', 'effects', 'long_exposure', 'color', 'weight', 'price']}",C_SILENT_OR_BACKCHANNEL,CAMERA_3,NONE,I see,S_INTRODUCES_FEATURE,CAMERA_3,price,This one costs $3706.,15~20
982,11,CAMERA_3,['CAMERA_3'],"{'CAMERA_1': [], 'CAMERA_2': [], 'CAMERA_3': ['autofocus_points', 'ISO', 'effects', 'long_exposure', 'color', 'weight', 'price', 'sensor_size']}",C_QUESTION_ABOUT_FEATURE,CAMERA_3,sensor_size,what is the sensor size,S_ANSWERS_QUESTION_ABOUT_FEATURE,CAMERA_3,sensor_size,This one has a full frame.,15~25
982,12,CAMERA_3,['CAMERA_3'],"{'CAMERA_1': [], 'CAMERA_2': [], 'CAMERA_3': ['autofocus_points', 'ISO', 'effects', 'long_exposure', 'color', 'weight', 'price', 'sensor_size', 'resolution']}",C_QUESTION_ABOUT_FEATURE,CAMERA_3,resolution,what is the resolution,S_NOT_SURE,CAMERA_3,,I'm not really sure about that,
982,13,CAMERA_3,['CAMERA_3'],"{'CAMERA_1': [], 'CAMERA_2': [], 'CAMERA_3': ['autofocus_points', 'ISO', 'effects', 'long_exposure', 'color', 'weight', 'price', 'sensor_size', 'resolution', 'camera_type']}",C_SILENT_OR_BACKCHANNEL,CAMERA_3,NONE,I see,S_INTRODUCES_FEATURE,CAMERA_3,camera_type,This is a DSLR camera.,10~14
982,14,CAMERA_3,['CAMERA_3'],"{'CAMERA_1': [], 'CAMERA_2': [], 'CAMERA_3': ['autofocus_points', 'ISO', 'effects', 'long_exposure', 'color', 'weight', 'price', 'sensor_size', 'resolution', 'camera_type', 'preset_modes']}",C_QUESTION_ABOUT_FEATURE,CAMERA_3,preset_modes,does it have preset modes,S_NOT_SURE,CAMERA_3,,I'm not really sure about that,
982,15,CAMERA_3,['CAMERA_3'],"{'CAMERA_1': [], 'CAMERA_2': [], 'CAMERA_3': ['autofocus_points', 'ISO', 'effects', 'long_exposure', 'color', 'weight', 'price', 'sensor_size', 'resolution', 'camera_type', 'preset_modes', 'settings']}",C_SILENT_OR_BACKCHANNEL,CAMERA_3,NONE,alright,S_INTRODUCES_FEATURE,CAMERA_3,settings,This one has full manual control.,13~32
982,16,CAMERA_3,['CAMERA_3'],"{'CAMERA_1': [], 'CAMERA_2': [], 'CAMERA_3': ['autofocus_points', 'ISO', 'effects', 'long_exposure', 'color', 'weight', 'price', 'sensor_size', 'resolution', 'camera_type', 'preset_modes', 'settings', 'optical_zoom']}",C_QUESTION_ABOUT_FEATURE,CAMERA_3,optical_zoom,does it have optical zoom,S_NOT_SURE,CAMERA_3,,I'm not really sure about that,
982,17,CAMERA_3,['CAMERA_3'],"{'CAMERA_1': [], 'CAMERA_2': [], 'CAMERA_3': ['autofocus_points', 'ISO', 'effects', 'long_exposure', 'color', 'weight', 'price', 'sensor_size', 'resolution', 'camera_type', 'preset_modes', 'settings', 'optical_zoom', 'camera_type']}",C_SILENT_OR_BACKCHANNEL,CAMERA_3,NONE,okay,S_INTRODUCES_FEATURE,CAMERA_3,camera_type,This is a DSLR camera.,10~14
982,18,CAMERA_2,"['CAMERA_3', 'CAMERA_2']","{'CAMERA_1': [], 'CAMERA_2': [], 'CAMERA_3': ['autofocus_points', 'ISO', 'effects', 'long_exposure', 'color', 'weight', 'price', 'sensor_size', 'resolution', 'camera_type', 'preset_modes', 'settings', 'optical_zoom', 'camera_type']}",C_ANYTHING_ELSE_AVAILABLE,CAMERA_3,NONE,ok do you have any other cameras,S_INTRODUCES_CAMERA,CAMERA_2,,Let me show you this. Here we have the Sony Alpha a6000.,39~55
982,19,CAMERA_2,"['CAMERA_3', 'CAMERA_2']","{'CAMERA_1': [], 'CAMERA_2': ['long_exposure'], 'CAMERA_3': ['autofocus_points', 'ISO', 'effects', 'long_exposure', 'color', 'weight', 'price', 'sensor_size', 'resolution', 'camera_type', 'preset_modes', 'settings', 'optical_zoom', 'camera_type']}",C_QUESTION_ABOUT_FEATURE,CAMERA_2,long_exposure,can it take long exposure shots,S_ANSWERS_QUESTION_ABOUT_FEATURE,CAMERA_2,long_exposure,This one can take long exposures up to up to 30 seconds.,39~55
982,20,CAMERA_2,"['CAMERA_3', 'CAMERA_2']","{'CAMERA_1': [], 'CAMERA_2': ['long_exposure', 'resolution'], 'CAMERA_3': ['autofocus_points', 'ISO', 'effects', 'long_exposure', 'color', 'weight', 'price', 'sensor_size', 'resolution', 'camera_type', 'preset_modes', 'settings', 'optical_zoom', 'camera_type']}",C_QUESTION_ABOUT_FEATURE,CAMERA_2,resolution,what is the resolution,S_NOT_SURE,CAMERA_2,,I'm not really sure about that,
982,21,CAMERA_1,"['CAMERA_3', 'CAMERA_2', 'CAMERA_1']","{'CAMERA_1': [], 'CAMERA_2': ['long_exposure', 'resolution'], 'CAMERA_3': ['autofocus_points', 'ISO', 'effects', 'long_exposure', 'color', 'weight', 'price', 'sensor_size', 'resolution', 'camera_type', 'preset_modes', 'settings', 'optical_zoom', 'camera_type']}",C_ANYTHING_ELSE_AVAILABLE,CAMERA_2,NONE,ok do you have any other cameras,S_INTRODUCES_CAMERA,CAMERA_1,,Let me show you this. Here we have the Nikon Coolpix S2800.,39~58
982,22,CAMERA_1,"['CAMERA_3', 'CAMERA_2', 'CAMERA_1']","{'CAMERA_1': ['optical_zoom'], 'CAMERA_2': ['long_exposure', 'resolution'], 'CAMERA_3': ['autofocus_points', 'ISO', 'effects', 'long_exposure', 'color', 'weight', 'price', 'sensor_size', 'resolution', 'camera_type', 'preset_modes', 'settings', 'optical_zoom', 'camera_type']}",C_SILENT_OR_BACKCHANNEL,CAMERA_1,NONE,okay,S_INTRODUCES_FEATURE,CAMERA_1,optical_zoom,This one has 5x optical zoom.,13~28
982,23,CAMERA_1,"['CAMERA_3', 'CAMERA_2', 'CAMERA_1']","{'CAMERA_1': ['optical_zoom', 'preset_modes'], 'CAMERA_2': ['long_exposure', 'resolution'], 'CAMERA_3': ['autofocus_points', 'ISO', 'effects', 'long_exposure', 'color', 'weight', 'price', 'sensor_size', 'resolution', 'camera_type', 'preset_modes', 'settings', 'optical_zoom', 'camera_type']}",C_SILENT_OR_BACKCHANNEL,CAMERA_1,NONE,alright,S_INTRODUCES_FEATURE,CAMERA_1,preset_modes,"This one has 18 preset modes (e.g. beach, snow, night portrait).",13~63
982,24,CAMERA_1,"['CAMERA_3', 'CAMERA_2', 'CAMERA_1']","{'CAMERA_1': ['optical_zoom', 'preset_modes', 'effects'], 'CAMERA_2': ['long_exposure', 'resolution'], 'CAMERA_3': ['autofocus_points', 'ISO', 'effects', 'long_exposure', 'color', 'weight', 'price', 'sensor_size', 'resolution', 'camera_type', 'preset_modes', 'settings', 'optical_zoom', 'camera_type']}",C_SILENT_OR_BACKCHANNEL,CAMERA_1,NONE,alright,S_INTRODUCES_FEATURE,CAMERA_1,effects,"This one has 12 glamor retouch effects (e.g. skin softening, small face, big eyes).",13~82
982,25,CAMERA_1,"['CAMERA_3', 'CAMERA_2', 'CAMERA_1']","{'CAMERA_1': ['optical_zoom', 'preset_modes', 'effects', 'price'], 'CAMERA_2': ['long_exposure', 'resolution'], 'CAMERA_3': ['autofocus_points', 'ISO', 'effects', 'long_exposure', 'color', 'weight', 'price', 'sensor_size', 'resolution', 'camera_type', 'preset_modes', 'settings', 'optical_zoom', 'camera_type']}",C_SILENT_OR_BACKCHANNEL,CAMERA_1,NONE,okay,S_INTRODUCES_FEATURE,CAMERA_1,price,This one costs $2173.,15~20
982,26,,"['CAMERA_3', 'CAMERA_2', 'CAMERA_1']","{'CAMERA_1': ['optical_zoom', 'preset_modes', 'effects', 'price'], 'CAMERA_2': ['long_exposure', 'resolution'], 'CAMERA_3': ['autofocus_points', 'ISO', 'effects', 'long_exposure', 'color', 'weight', 'price', 'sensor_size', 'resolution', 'camera_type', 'preset_modes', 'settings', 'optical_zoom', 'camera_type']}",C_ANYTHING_ELSE_AVAILABLE,CAMERA_1,NONE,ok do you have any other cameras,S_THATS_ALL_WE_HAVE_AVAILABLE,CAMERA_1,,That’s all we have available at the moment.,
982,27,NONE,"['CAMERA_3', 'CAMERA_2', 'CAMERA_1']","{'CAMERA_1': ['optical_zoom', 'preset_modes', 'effects', 'price'], 'CAMERA_2': ['long_exposure', 'resolution'], 'CAMERA_3': ['autofocus_points', 'ISO', 'effects', 'long_exposure', 'color', 'weight', 'price', 'sensor_size', 'resolution', 'camera_type', 'preset_modes', 'settings', 'optical_zoom', 'camera_type']}",C_THANK_YOU,CAMERA_1,NONE,thank you for your help,S_THANK_YOU,CAMERA_1,NONE,thank you very much,
982,28,NONE,"['CAMERA_3', 'CAMERA_2', 'CAMERA_1']","{'CAMERA_1': ['optical_zoom', 'preset_modes', 'effects', 'price'], 'CAMERA_2': ['long_exposure', 'resolution'], 'CAMERA_3': ['autofocus_points', 'ISO', 'effects', 'long_exposure', 'color', 'weight', 'price', 'sensor_size', 'resolution', 'camera_type', 'preset_modes', 'settings', 'optical_zoom', 'camera_type']}",C_LEAVES,DOOR,NONE,,S_RETURNS_TO_COUNTER,SERVICE_COUNTER,NONE,,
983,1,NONE,[],"{'CAMERA_1': [], 'CAMERA_2': [], 'CAMERA_3': []}",C_ENTERS,DOOR,NONE,,S_NONE,SERVICE_COUNTER,NONE,,
983,2,NONE,[],"{'CAMERA_1': [], 'CAMERA_2': [], 'CAMERA_3': []}",C_GREETS,MIDDLE,NONE,hello,S_GREETS,MIDDLE,NONE,can I help you?,
983,3,CAMERA_2,['CAMERA_2'],"{'CAMERA_1': [], 'CAMERA_2': [], 'CAMERA_3': []}",C_LOOKING_FOR_A_CAMERA,MIDDLE,NONE,I'm looking for a camera,S_INTRODUCES_CAMERA,CAMERA_2,,Let me show you this. Here we have the Sony Alpha a6000.,39~55
983,4,CAMERA_2,['CAMERA_2'],"{'CAMERA_1': [], 'CAMERA_2': ['resolution'], 'CAMERA_3': []}",C_QUESTION_ABOUT_FEATURE,CAMERA_2,resolution,what is the resolution,S_NOT_SURE,CAMERA_2,,I'm not really sure about that,
983,5,CAMERA_2,['CAMERA_2'],"{'CAMERA_1': [], 'CAMERA_2': ['resolution', 'effects'], 'CAMERA_3': []}",C_QUESTION_ABOUT_FEATURE,CAMERA_2,effects,does it have any effect modes,S_ANSWERS_QUESTION_ABOUT_FEATURE,CAMERA_2,effects,"This one has 13 artistic effect modes (e.g. toy camera, soft focus).",13~67
983,6,CAMERA_2,['CAMERA_2'],"{'CAMERA_1': [], 'CAMERA_2': ['resolution', 'effects', 'weight'], 'CAMERA_3': []}",C_QUESTION_ABOUT_FEATURE,CAMERA_2,weight,how much does this one weigh,S_ANSWERS_QUESTION_ABOUT_FEATURE,CAMERA_2,weight,This one weighs 470 grams.,16~25
983,7,CAMERA_2,['CAMERA_2'],"{'CAMERA_1': [], 'CAMERA_2': ['resolution', 'effects', 'weight', 'sensor_size'], 'CAMERA_3': []}",C_QUESTION_ABOUT_FEATURE,CAMERA_2,sensor_size,what is the sensor size,S_ANSWERS_QUESTION_ABOUT_FEATURE,CAMERA_2,sensor_size,This one has a APS-C sensor (crop sensor).,15~41
983,8,CAMERA_2,['CAMERA_2'],"{'CAMERA_1': [], 'CAMERA_2': ['resolution', 'effects', 'weight', 'sensor_size', 'settings'], 'CAMERA_3': []}",C_QUESTION_ABOUT_FEATURE,CAMERA_2,settings,what kind of settings does it have,S_ANSWERS_QUESTION_ABOUT_FEATURE,CAMERA_2,settings,This one has full manual control.,13~32
983,9,CAMERA_2,['CAMERA_2'],"{'CAMERA_1': [], 'CAMERA_2': ['resolution', 'effects', 'weight', 'sensor_size', 'settings', 'preset_modes'], 'CAMERA_3': []}",C_QUESTION_ABOUT_FEATURE,CAMERA_2,preset_modes,does it have preset modes,S_ANSWERS_QUESTION_ABOUT_FEATURE,CAMERA_2,preset_modes,"This one has 9 preset modes (e.g. beach, snow, night, portrait).",13~63
983,10,CAMERA_1,"['CAMERA_2', 'CAMERA_1']","{'CAMERA_1': [], 'CAMERA_2': ['resolution', 'effects', 'weight', 'sensor_size', 'settings', 'preset_modes'], 'CAMERA_3': []}",C_ANYTHING_ELSE_AVAILABLE,CAMERA_2,NONE,ok do you have any other cameras,S_INTRODUCES_CAMERA,CAMERA_1,,Let me show you this. Here we have the Nikon Coolpix S2800.,39~58
983,11,CAMERA_1,"['CAMERA_2', 'CAMERA_1']","{'CAMERA_1': ['color'], 'CAMERA_2': ['resolution', 'effects', 'weight', 'sensor_size', 'settings', 'preset_modes'], 'CAMERA_3': []}",C_SILENT_OR_BACKCHANNEL,CAMERA_1,NONE,alright,S_INTRODUCES_FEATURE,CAMERA_1,color,"This one comes in purple, pink, black, silver, red.",18~50
983,12,CAMERA_3,"['CAMERA_2', 'CAMERA_1', 'CAMERA_3']","{'CAMERA_1': ['color'], 'CAMERA_2': ['resolution', 'effects', 'weight', 'sensor_size', 'settings', 'preset_modes'], 'CAMERA_3': []}",C_ANYTHING_ELSE_AVAILABLE,CAMERA_1,NONE,ok do you have any other cameras,S_INTRODUCES_CAMERA,CAMERA_3,,Let me show you this. Here we have the Canon EOS 5D Mark III.,39~60
983,13,CAMERA_3,"['CAMERA_2', 'CAMERA_1', 'CAMERA_3']","{'CAMERA_1': ['color'], 'CAMERA_2': ['resolution', 'effects', 'weight', 'sensor_size', 'settings', 'preset_modes'], 'CAMERA_3': ['color']}",C_SILENT_OR_BACKCHANNEL,CAMERA_3,NONE,I see,S_INTRODUCES_FEATURE,CAMERA_3,color,This one comes in black.,18~23
983,14,,"['CAMERA_2', 'CAMERA_1', 'CAMERA_3']","{'CAMERA_1': ['color'], 'CAMERA_2': ['resolution', 'effects', 'weight', 'sensor_size', 'settings', 'preset_modes'], 'CAMERA_3': ['color']}",C_ANYTHING_ELSE_AVAILABLE,CAMERA_3,NONE,ok do you have any other cameras,S_THATS_ALL_WE_HAVE_AVAILABLE,CAMERA_3,,That’s all we have available at the moment.,
983,15,NONE,"['CAMERA_2', 'CAMERA_1', 'CAMERA_3']","{'CAMERA_1': ['color'], 'CAMERA_2': ['resolution', 'effects', 'weight', 'sensor_size', 'settings', 'preset_modes'], 'CAMERA_3': ['color']}",C_THANK_YOU,CAMERA_3,NONE,thank you for your help,S_THANK_YOU,CAMERA_3,NONE,thank you very much,
983,16,NONE,"['CAMERA_2', 'CAMERA_1', 'CAMERA_3']","{'CAMERA_1': ['color'], 'CAMERA_2': ['resolution', 'effects', 'weight', 'sensor_size', 'settings', 'preset_modes'], 'CAMERA_3': ['color']}",C_LEAVES,DOOR,NONE,,S_RETURNS_TO_COUNTER,SERVICE_COUNTER,NONE,,
984,1,NONE,[],"{'CAMERA_1': [], 'CAMERA_2': [], 'CAMERA_3': []}",C_ENTERS,DOOR,NONE,,S_NONE,SERVICE_COUNTER,NONE,,
984,2,NONE,[],"{'CAMERA_1': [], 'CAMERA_2': [], 'CAMERA_3': []}",C_WALKS_TO_CAMERA,CAMERA_3,NONE,,S_GREETS,CAMERA_3,NONE,can I help you?,
984,3,CAMERA_1,['CAMERA_1'],"{'CAMERA_1': [], 'CAMERA_2': [], 'CAMERA_3': []}",C_LOOKING_FOR_A_CAMERA,CAMERA_3,NONE,I'm looking for a camera,S_INTRODUCES_CAMERA,CAMERA_1,,Let me show you this. Here we have the Nikon Coolpix S2800.,39~58
984,4,CAMERA_1,['CAMERA_1'],"{'CAMERA_1': ['preset_modes'], 'CAMERA_2': [], 'CAMERA_3': []}",C_SILENT_OR_BACKCHANNEL,CAMERA_1,NONE,alright,S_INTRODUCES_FEATURE,CAMERA_1,preset_modes,"This one has 18 preset modes (e.g. beach, snow, night portrait).",13~63
984,5,CAMERA_3,"['CAMERA_1', 'CAMERA_3']","{'CAMERA_1': ['preset_modes'], 'CAMERA_2': [], 'CAMERA_3': []}",C_ANYTHING_ELSE_AVAILABLE,CAMERA_1,NONE,ok do you have any other cameras,S_INTRODUCES_CAMERA,CAMERA_3,,Let me show you this. Here we have the Canon EOS 5D Mark III.,39~60
984,6,CAMERA_3,"['CAMERA_1', 'CAMERA_3']","{'CAMERA_1': ['preset_modes'], 'CAMERA_2': [], 'CAMERA_3': ['resolution']}",C_QUESTION_ABOUT_FEATURE,CAMERA_3,resolution,what is the resolution,S_NOT_SURE,CAMERA_3,,I'm not really sure about that,
984,7,CAMERA_3,"['CAMERA_1', 'CAMERA_3']","{'CAMERA_1': ['preset_modes'], 'CAMERA_2': [], 'CAMERA_3': ['resolution', 'color']}",C_QUESTION_ABOUT_FEATURE,CAMERA_3,color,what colors does this one come in,S_ANSWERS_QUESTION_ABOUT_FEATURE,CAMERA_3,color,This one comes in black.,18~23
984,8,CAMERA_3,"['CAMERA_1', 'CAMERA_3']","{'CAMERA_1': ['preset_modes'], 'CAMERA_2': [], 'CAMERA_3': ['resolution', 'color', 'price']}",C_QUESTION_ABOUT_FEATURE,CAMERA_3,price,how much does it cost,S_ANSWERS_QUESTION_ABOUT_FEATURE,CAMERA_3,price,This one costs $3706.,15~20
984,9,CAMERA_3,"['CAMERA_1', 'CAMERA_3']","{'CAMERA_1': ['preset_modes'], 'CAMERA_2': [], 'CAMERA_3': ['resolution', 'color', 'price', 'sensor_size']}",C_SILENT_OR_BACKCHANNEL,CAMERA_3,NONE,alright,S_INTRODUCES_FEATURE,CAMERA_3,sensor_size,This one has a full frame.,15~25
984,10,CAMERA_2,"['CAMERA_1', 'CAMERA_3', 'CAMERA_2']","{'CAMERA_1': ['preset_modes'], 'CAMERA_2': [], 'CAMERA_3': ['resolution', 'color', 'price', 'sensor_size']}",C_ANYTHING_ELSE_AVAILABLE,CAMERA_3,NONE,ok do you have any other cameras,S_INTRODUCES_CAMERA,CAMERA_2,,Let me show you this. Here we have the Sony Alpha a6000.,39~55
984,11,CAMERA_2,"['CAMERA_1', 'CAMERA_3', 'CAMERA_2']","{'CAMERA_1': ['preset_modes'], 'CAMERA_2': ['sensor_size'], 'CAMERA_3': ['resolution', 'color', 'price', 'sensor_size']}",C_QUESTION_ABOUT_FEATURE,CAMERA_2,sensor_size,what is the sensor size,S_ANSWERS_QUESTION_ABOUT_FEATURE,CAMERA_2,sensor_size,This one has a APS-C sensor (crop sensor).,15~41
984,12,NONE,"['CAMERA_1', 'CAMERA_3', 'CAMERA_2']","{'CAMERA_1': ['preset_modes'], 'CAMERA_2': ['sensor_size'], 'CAMERA_3': ['resolution', 'color', 'price', 'sensor_size']}",C_THANK_YOU,CAMERA_2,NONE,thank you for your help,S_THANK_YOU,CAMERA_2,NONE,thank you very much,
984,13,NONE,"['CAMERA_1', 'CAMERA_3', 'CAMERA_2']","{'CAMERA_1': ['preset_modes'], 'CAMERA_2': ['sensor_size'], 'CAMERA_3': ['resolution', 'color', 'price', 'sensor_size']}",C_LEAVES,DOOR,NONE,,S_RETURNS_TO_COUNTER,SERVICE_COUNTER,NONE,,
985,1,NONE,[],"{'CAMERA_1': [], 'CAMERA_2': [], 'CAMERA_3': []}",C_ENTERS,DOOR,NONE,,S_NONE,SERVICE_COUNTER,NONE,,
985,2,NONE,[],"{'CAMERA_1': [], 'CAMERA_2': [], 'CAMERA_3': []}",C_GREETS,MIDDLE,NONE,hello,S_GREETS,MIDDLE,NONE,can I help you?,
985,3,CAMERA_2,['CAMERA_2'],"{'CAMERA_1': [], 'CAMERA_2': [], 'CAMERA_3': []}",C_LOOKING_FOR_A_CAMERA,MIDDLE,NONE,I'm looking for a camera,S_INTRODUCES_CAMERA,CAMERA_2,,Let me show you this. Here we have the Sony Alpha a6000.,39~55
985,4,CAMERA_2,['CAMERA_2'],"{'CAMERA_1': [], 'CAMERA_2': ['weight'], 'CAMERA_3': []}",C_QUESTION_ABOUT_FEATURE,CAMERA_2,weight,how much does this one weigh,S_ANSWERS_QUESTION_ABOUT_FEATURE,CAMERA_2,weight,This one weighs 470 grams.,16~25
985,5,CAMERA_2,['CAMERA_2'],"{'CAMERA_1': [], 'CAMERA_2': ['weight', 'long_exposure'], 'CAMERA_3': []}",C_QUESTION_ABOUT_FEATURE,CAMERA_2,long_exposure,can it take long exposure shots,S_ANSWERS_QUESTION_ABOUT_FEATURE,CAMERA_2,long_exposure,This one can take long exposures up to up to 30 seconds.,39~55
985,6,CAMERA_2,['CAMERA_2'],"{'CAMERA_1': [], 'CAMERA_2': ['weight', 'long_exposure', 'settings'], 'CAMERA_3': []}",C_QUESTION_ABOUT_FEATURE,CAMERA_2,settings,what kind of settings does it have,S_ANSWERS_QUESTION_ABOUT_FEATURE,CAMERA_2,settings,This one has full manual control.,13~32
985,7,CAMERA_3,"['CAMERA_2', 'CAMERA_3']","{'CAMERA_1': [], 'CAMERA_2': ['weight', 'long_exposure', 'settings'], 'CAMERA_3': []}",C_ANYTHING_ELSE_AVAILABLE,CAMERA_2,NONE,ok do you have any other cameras,S_INTRODUCES_CAMERA,CAMERA_3,,Let me show you this. Here we have the Canon EOS 5D Mark III.,39~60
985,8,CAMERA_3,"['CAMERA_2', 'CAMERA_3']","{'CAMERA_1': [], 'CAMERA_2': ['weight', 'long_exposure', 'settings'], 'CAMERA_3': ['ISO']}",C_SILENT_OR_BACKCHANNEL,CAMERA_3,NONE,alright,S_INTRODUCES_FEATURE,CAMERA_3,ISO,This one has up to 6400 ISO with little noise.,13~45
985,9,CAMERA_3,"['CAMERA_2', 'CAMERA_3']","{'CAMERA_1': [], 'CAMERA_2': ['weight', 'long_exposure', 'settings'], 'CAMERA_3': ['ISO', 'long_exposure']}",C_QUESTION_ABOUT_FEATURE,CAMERA_3,long_exposure,can it take long exposure shots,S_ANSWERS_QUESTION_ABOUT_FEATURE,CAMERA_3,long_exposure,"This one can take long exposures up to up to 30 seconds, bulb mode: expose as long as you want.",39~94
985,10,CAMERA_3,"['CAMERA_2', 'CAMERA_3']","{'CAMERA_1': [], 'CAMERA_2': ['weight', 'long_exposure', 'settings'], 'CAMERA_3': ['ISO', 'long_exposure', 'price']}",C_QUESTION_ABOUT_FEATURE,CAMERA_3,price,how much does it cost,S_ANSWERS_QUESTION_ABOUT_FEATURE,CAMERA_3,price,This one costs $3706.,15~20
985,11,CAMERA_3,"['CAMERA_2', 'CAMERA_3']","{'CAMERA_1': [], 'CAMERA_2': ['weight', 'long_exposure', 'settings'], 'CAMERA_3': ['ISO', 'long_exposure', 'price', 'color']}",C_SILENT_OR_BACKCHANNEL,CAMERA_3,NONE,okay,S_INTRODUCES_FEATURE,CAMERA_3,color,This one comes in black.,18~23
985,12,CAMERA_3,"['CAMERA_2', 'CAMERA_3']","{'CAMERA_1': [], 'CAMERA_2': ['weight', 'long_exposure', 'settings'], 'CAMERA_3': ['ISO', 'long_exposure', 'price', 'color', 'sensor_size']}",C_QUESTION_ABOUT_FEATURE,CAMERA_3,sensor_size,what is the sensor size,S_ANSWERS_QUESTION_ABOUT_FEATURE,CAMERA_3,sensor_size,This one has a full frame.,15~25
985,13,CAMERA_3,"['CAMERA_2', 'CAMERA_3']","{'CAMERA_1': [], 'CAMERA_2': ['weight', 'long_exposure', 'settings'], 'CAMERA_3': ['ISO', 'long_exposure', 'price', 'color', 'sensor_size', 'settings']}",C_SILENT_OR_BACKCHANNEL,CAMERA_3,NONE,alright,S_INTRODUCES_FEATURE,CAMERA_3,settings,This one has full manual control.,13~32
985,14,CAMERA_3,"['CAMERA_2', 'CAMERA_3']","{'CAMERA_1': [], 'CAMERA_2': ['weight', 'long_exposure', 'settings'], 'CAMERA_3': ['ISO', 'long_exposure', 'price', 'color', 'sensor_size', 'settings', 'optical_zoom']}",C_QUESTION_ABOUT_FEATURE,CAMERA_3,optical_zoom,does it have optical zoom,S_NOT_SURE,CAMERA_3,,I'm not really sure about that,
985,15,CAMERA_3,"['CAMERA_2', 'CAMERA_3']","{'CAMERA_1': [], 'CAMERA_2': ['weight', 'long_exposure', 'settings'], 'CAMERA_3': ['ISO', 'long_exposure', 'price', 'color', 'sensor_size', 'settings', 'optical_zoom', 'camera_type']}",C_QUESTION_ABOUT_FEATURE,CAMERA_3,camera_type,what kind of camera is this,S_ANSWERS_QUESTION_ABOUT_FEATURE,CAMERA_3,camera_type,This is a DSLR camera.,10~14
985,16,CAMERA_3,"['CAMERA_2', 'CAMERA_3']","{'CAMERA_1': [], 'CAMERA_2': ['weight', 'long_exposure', 'settings'], 'CAMERA_3': ['ISO', 'long_exposure', 'price', 'color', 'sensor_size', 'settings', 'optical_zoom', 'camera_type', 'autofocus_points']}",C_SILENT_OR_BACKCHANNEL,CAMERA_3,NONE,I see,S_INTRODUCES_FEATURE,CAMERA_3,autofocus_points,This one has 61 autofocus points.,13~32
985,17,CAMERA_1,"['CAMERA_2', 'CAMERA_3', 'CAMERA_1']","{'CAMERA_1': [], 'CAMERA_2': ['weight', 'long_exposure', 'settings'], 'CAMERA_3': ['ISO', 'long_exposure', 'price', 'color', 'sensor_size', 'settings', 'optical_zoom', 'camera_type', 'autofocus_points']}",C_ANYTHING_ELSE_AVAILABLE,CAMERA_3,NONE,ok do you have any other cameras,S_INTRODUCES_CAMERA,CAMERA_1,,Let me show you this. Here we have the Nikon Coolpix S2800.,39~58
985,18,CAMERA_1,"['CAMERA_2', 'CAMERA_3', 'CAMERA_1']","{'CAMERA_1': ['sensor_size'], 'CAMERA_2': ['weight', 'long_exposure', 'settings'], 'CAMERA_3': ['ISO', 'long_exposure', 'price', 'color', 'sensor_size', 'settings', 'optical_zoom', 'camera_type', 'autofocus_points']}",C_QUESTION_ABOUT_FEATURE,CAMERA_1,sensor_size,what is the sensor size,S_NOT_SURE,CAMERA_1,,I'm not really sure about that,
985,19,CAMERA_1,"['CAMERA_2', 'CAMERA_3', 'CAMERA_1']","{'CAMERA_1': ['sensor_size', 'long_exposure'], 'CAMERA_2': ['weight', 'long_exposure', 'settings'], 'CAMERA_3': ['ISO', 'long_exposure', 'price', 'color', 'sensor_size', 'settings', 'optical_zoom', 'camera_type', 'autofocus_points']}",C_QUESTION_ABOUT_FEATURE,CAMERA_1,long_exposure,can it take long exposure shots,S_NOT_SURE,CAMERA_1,,I'm not really sure about that,
985,20,CAMERA_1,"['CAMERA_2', 'CAMERA_3', 'CAMERA_1']","{'CAMERA_1': ['sensor_size', 'long_exposure', 'effects'], 'CAMERA_2': ['weight', 'long_exposure', 'settings'], 'CAMERA_3': ['ISO', 'long_exposure', 'price', 'color', 'sensor_size', 'settings', 'optical_zoom', 'camera_type', 'autofocus_points']}",C_QUESTION_ABOUT_FEATURE,CAMERA_1,effects,does it have any effect modes,S_ANSWERS_QUESTION_ABOUT_FEATURE,CAMERA_1,effects,"This one has 12 glamor retouch effects (e.g. skin softening, small face, big eyes).",13~82
985,21,NONE,"['CAMERA_2', 'CAMERA_3', 'CAMERA_1']","{'CAMERA_1': ['sensor_size', 'long_exposure', 'effects'], 'CAMERA_2': ['weight', 'long_exposure', 'settings'], 'CAMERA_3': ['ISO', 'long_exposure', 'price', 'color', 'sensor_size', 'settings', 'optical_zoom', 'camera_type', 'autofocus_points']}",C_THANK_YOU,CAMERA_1,NONE,thank you for your help,S_THANK_YOU,CAMERA_1,NONE,thank you very much,
985,22,NONE,"['CAMERA_2', 'CAMERA_3', 'CAMERA_1']","{'CAMERA_1': ['sensor_size', 'long_exposure', 'effects'], 'CAMERA_2': ['weight', 'long_exposure', 'settings'], 'CAMERA_3': ['ISO', 'long_exposure', 'price', 'color', 'sensor_size', 'settings', 'optical_zoom', 'camera_type', 'autofocus_points']}",C_LEAVES,DOOR,NONE,,S_RETURNS_TO_COUNTER,SERVICE_COUNTER,NONE,,
986,1,NONE,[],"{'CAMERA_1': [], 'CAMERA_2': [], 'CAMERA_3': []}",C_ENTERS,DOOR,NONE,,S_NONE,SERVICE_COUNTER,NONE,,
986,2,NONE,[],"{'CAMERA_1': [], 'CAMERA_2': [], 'CAMERA_3': []}",C_GREETS,MIDDLE,NONE,hello,S_GREETS,MIDDLE,NONE,can I help you?,
986,3,CAMERA_1,['CAMERA_1'],"{'CAMERA_1': [], 'CAMERA_2': [], 'CAMERA_3': []}",C_LOOKING_FOR_A_CAMERA,MIDDLE,NONE,I'm looking for a camera,S_INTRODUCES_CAMERA,CAMERA_1,,Let me show you this. Here we have the Nikon Coolpix S2800.,39~58
986,4,CAMERA_1,['CAMERA_1'],"{'CAMERA_1': ['weight'], 'CAMERA_2': [], 'CAMERA_3': []}",C_SILENT_OR_BACKCHANNEL,CAMERA_1,NONE,okay,S_INTRODUCES_FEATURE,CAMERA_1,weight,This one weighs 120 grams.,16~25
986,5,CAMERA_1,['CAMERA_1'],"{'CAMERA_1': ['weight', 'settings'], 'CAMERA_2': [], 'CAMERA_3': []}",C_QUESTION_ABOUT_FEATURE,CAMERA_1,settings,what kind of settings does it have,S_ANSWERS_QUESTION_ABOUT_FEATURE,CAMERA_1,settings,This one has limited manual settings.,13~36
986,6,NONE,['CAMERA_1'],"{'CAMERA_1': ['weight', 'settings'], 'CAMERA_2': [], 'CAMERA_3': []}",C_THANK_YOU,CAMERA_1,NONE,thank you for your help,S_THANK_YOU,CAMERA_1,NONE,thank you very much,
986,7,NONE,['CAMERA_1'],"{'CAMERA_1': ['weight', 'settings'], 'CAMERA_2': [], 'CAMERA_3': []}",C_LEAVES,DOOR,NONE,,S_RETURNS_TO_COUNTER,SERVICE_COUNTER,NONE,,
987,1,NONE,[],"{'CAMERA_1': [], 'CAMERA_2': [], 'CAMERA_3': []}",C_ENTERS,DOOR,NONE,,S_NONE,SERVICE_COUNTER,NONE,,
987,2,NONE,[],"{'CAMERA_1': [], 'CAMERA_2': [], 'CAMERA_3': []}",C_GREETS,MIDDLE,NONE,hello,S_GREETS,MIDDLE,NONE,can I help you?,
987,3,CAMERA_2,['CAMERA_2'],"{'CAMERA_1': [], 'CAMERA_2': [], 'CAMERA_3': []}",C_LOOKING_FOR_A_CAMERA,MIDDLE,NONE,I'm looking for a camera,S_INTRODUCES_CAMERA,CAMERA_2,,Let me show you this. Here we have the Sony Alpha a6000.,39~55
987,4,CAMERA_2,['CAMERA_2'],"{'CAMERA_1': [], 'CAMERA_2': ['settings'], 'CAMERA_3': []}",C_QUESTION_ABOUT_FEATURE,CAMERA_2,settings,what kind of settings does it have,S_ANSWERS_QUESTION_ABOUT_FEATURE,CAMERA_2,settings,This one has full manual control.,13~32
987,5,CAMERA_2,['CAMERA_2'],"{'CAMERA_1': [], 'CAMERA_2': ['settings', 'optical_zoom'], 'CAMERA_3': []}",C_QUESTION_ABOUT_FEATURE,CAMERA_2,optical_zoom,does it have optical zoom,S_NOT_SURE,CAMERA_2,,I'm not really sure about that,
987,6,CAMERA_2,['CAMERA_2'],"{'CAMERA_1': [], 'CAMERA_2': ['settings', 'optical_zoom', 'color'], 'CAMERA_3': []}",C_QUESTION_ABOUT_FEATURE,CAMERA_2,color,what colors does this one come in,S_ANSWERS_QUESTION_ABOUT_FEATURE,CAMERA_2,color,"This one comes in white, silver, black.",18~38
987,7,CAMERA_2,['CAMERA_2'],"{'CAMERA_1': [], 'CAMERA_2': ['settings', 'optical_zoom', 'color', 'long_exposure'], 'CAMERA_3': []}",C_SILENT_OR_BACKCHANNEL,CAMERA_2,NONE,I see,S_INTRODUCES_FEATURE,CAMERA_2,long_exposure,This one can take long exposures up to up to 30 seconds.,39~55
987,8,CAMERA_2,['CAMERA_2'],"{'CAMERA_1': [], 'CAMERA_2': ['settings', 'optical_zoom', 'color', 'long_exposure', 'effects'], 'CAMERA_3': []}",C_SILENT_OR_BACKCHANNEL,CAMERA_2,NONE,okay,S_INTRODUCES_FEATURE,CAMERA_2,effects,"This one has 13 artistic effect modes (e.g. toy camera, soft focus).",13~67
987,9,CAMERA_3,"['CAMERA_2', 'CAMERA_3']","{'CAMERA_1': [], 'CAMERA_2': ['settings', 'optical_zoom', 'color', 'long_exposure', 'effects'], 'CAMERA_3': []}",C_ANYTHING_ELSE_AVAILABLE,CAMERA_2,NONE,ok do you have any other cameras,S_INTRODUCES_CAMERA,CAMERA_3,,Let me show you this. Here we have the Canon EOS 5D Mark III.,39~60
987,10,CAMERA_3,"['CAMERA_2', 'CAMERA_3']","{'CAMERA_1': [], 'CAMERA_2': ['settings', 'optical_zoom', 'color', 'long_exposure', 'effects'], 'CAMERA_3': ['settings']}",C_SILENT_OR_BACKCHANNEL,CAMERA_3,NONE,okay,S_INTRODUCES_FEATURE,CAMERA_3,settings,This one has full manual control.,13~32
987,11,CAMERA_3,"['CAMERA_2', 'CAMERA_3']","{'CAMERA_1': [], 'CAMERA_2': ['settings', 'optical_zoom', 'color', 'long_exposure', 'effects'], 'CAMERA_3': ['settings', 'camera_type']}",C_SILENT_OR_BACKCHANNEL,CAMERA_3,NONE,okay,S_INTRODUCES_FEATURE,CAMERA_3,camera_type,This is a DSLR camera.,10~14
987,12,CAMERA_3,"['CAMERA_2', 'CAMERA_3']","{'CAMERA_1': [], 'CAMERA_2': ['settings', 'optical_zoom', 'color', 'long_exposure', 'effects'], 'CAMERA_3': ['settings', 'camera_type', 'ISO']}",C_SILENT_OR_BACKCHANNEL,CAMERA_3,NONE,okay,S_INTRODUCES_FEATURE,CAMERA_3,ISO,This one has up to 6400 ISO with little noise.,13~45
987,13,CAMERA_3,"['CAMERA_2', 'CAMERA_3']","{'CAMERA_1': [], 'CAMERA_2': ['settings', 'optical_zoom', 'color', 'long_exposure', 'effects'], 'CAMERA_3': ['settings', 'camera_type', 'ISO', 'preset_modes']}",C_QUESTION_ABOUT_FEATURE,CAMERA_3,preset_modes,does it have preset modes,S_NOT_SURE,CAMERA_3,,I'm not really sure about that,
987,14,CAMERA_3,"['CAMERA_2', 'CAMERA_3']","{'CAMERA_1': [], 'CAMERA_2': ['settings', 'optical_zoom', 'color', 'long_exposure', 'effects'], 'CAMERA_3': ['settings', 'camera_type', 'ISO', 'preset_modes', 'optical_zoom']}",C_QUESTION_ABOUT_FEATURE,CAMERA_3,optical_zoom,does it have optical zoom,S_NOT_SURE,CAMERA_3,,I'm not really sure about that,
987,15,CAMERA_3,"['CAMERA_2', 'CAMERA_3']","{'CAMERA_1': [], 'CAMERA_2': ['settings', 'optical_zoom', 'color', 'long_exposure', 'effects'], 'CAMERA_3': ['settings', 'camera_type', 'ISO', 'preset_modes', 'optical_zoom', 'long_exposure']}",C_QUESTION_ABOUT_FEATURE,CAMERA_3,long_exposure,can it take long exposure shots,S_ANSWERS_QUESTION_ABOUT_FEATURE,CAMERA_3,long_exposure,"This one can take long exposures up to up to 30 seconds, bulb mode: expose as long as you want.",39~94
987,16,CAMERA_3,"['CAMERA_2', 'CAMERA_3']","{'CAMERA_1': [], 'CAMERA_2': ['settings', 'optical_zoom', 'color', 'long_exposure', 'effects'], 'CAMERA_3': ['settings', 'camera_type', 'ISO', 'preset_modes', 'optical_zoom', 'long_exposure', 'effects']}",C_QUESTION_ABOUT_FEATURE,CAMERA_3,effects,does it have any effect modes,S_NOT_SURE,CAMERA_3,,I'm not really sure about that,
987,17,CAMERA_3,"['CAMERA_2', 'CAMERA_3']","{'CAMERA_1': [], 'CAMERA_2': ['settings', 'optical_zoom', 'color', 'long_exposure', 'effects'], 'CAMERA_3': ['settings', 'camera_type', 'ISO', 'preset_modes', 'optical_zoom', 'long_exposure', 'effects', 'price']}",C_QUESTION_ABOUT_FEATURE,CAMERA_3,price,how much does it cost,S_ANSWERS_QUESTION_ABOUT_FEATURE,CAMERA_3,price,This one costs $3706.,15~20
987,18,CAMERA_1,"['CAMERA_2', 'CAMERA_3', 'CAMERA_1']","{'CAMERA_1': [], 'CAMERA_2': ['settings', 'optical_zoom', 'color', 'long_exposure', 'effects'], 'CAMERA_3': ['settings', 'camera_type', 'ISO', 'preset_modes', 'optical_zoom', 'long_exposure', 'effects', 'price']}",C_ANYTHING_ELSE_AVAILABLE,CAMERA_3,NONE,ok do you have any other cameras,S_INTRODUCES_CAMERA,CAMERA_1,,Let me show you this. Here we have the Nikon Coolpix S2800.,39~58
987,19,CAMERA_1,"['CAMERA_2', 'CAMERA_3', 'CAMERA_1']","{'CAMERA_1': ['preset_modes'], 'CAMERA_2': ['settings', 'optical_zoom', 'color', 'long_exposure', 'effects'], 'CAMERA_3': ['settings', 'camera_type', 'ISO', 'preset_modes', 'optical_zoom', 'long_exposure', 'effects', 'price']}",C_QUESTION_ABOUT_FEATURE,CAMERA_1,preset_modes,does it have preset modes,S_ANSWERS_QUESTION_ABOUT_FEATURE,CAMERA_1,preset_modes,"This one has 18 preset modes (e.g. beach, snow, night portrait).",13~63
987,20,CAMERA_1,"['CAMERA_2', 'CAMERA_3', 'CAMERA_1']","{'CAMERA_1': ['preset_modes', 'color'], 'CAMERA_2': ['settings', 'optical_zoom', 'color', 'long_exposure', 'effects'], 'CAMERA_3': ['settings', 'camera_type', 'ISO', 'preset_modes', 'optical_zoom', 'long_exposure', 'effects', 'price']}",C_SILENT_OR_BACKCHANNEL,CAMERA_1,NONE,alright,S_INTRODUCES_FEATURE,CAMERA_1,color,"This one comes in purple, pink, black, silver, red.",18~50
987,21,CAMERA_1,"['CAMERA_2', 'CAMERA_3', 'CAMERA_1']","{'CAMERA_1': ['preset_modes', 'color', 'settings'], 'CAMERA_2': ['settings', 'optical_zoom', 'color', 'long_exposure', 'effects'], 'CAMERA_3': ['settings', 'camera_type', 'ISO', 'preset_modes', 'optical_zoom', 'long_exposure', 'effects', 'price']}",C_SILENT_OR_BACKCHANNEL,CAMERA_1,NONE,alright,S_INTRODUCES_FEATURE,CAMERA_1,settings,This one has limited manual settings.,13~36
987,22,NONE,"['CAMERA_2', 'CAMERA_3', 'CAMERA_1']","{'CAMERA_1': ['preset_modes', 'color', 'settings'], 'CAMERA_2': ['settings', 'optical_zoom', 'color', 'long_exposure', 'effects'], 'CAMERA_3': ['settings', 'camera_type', 'ISO', 'preset_modes', 'optical_zoom', 'long_exposure', 'effects', 'price']}",C_THANK_YOU,CAMERA_1,NONE,thank you for your help,S_THANK_YOU,CAMERA_1,NONE,thank you very much,
987,23,NONE,"['CAMERA_2', 'CAMERA_3', 'CAMERA_1']","{'CAMERA_1': ['preset_modes', 'color', 'settings'], 'CAMERA_2': ['settings', 'optical_zoom', 'color', 'long_exposure', 'effects'], 'CAMERA_3': ['settings', 'camera_type', 'ISO', 'preset_modes', 'optical_zoom', 'long_exposure', 'effects', 'price']}",C_LEAVES,DOOR,NONE,,S_RETURNS_TO_COUNTER,SERVICE_COUNTER,NONE,,
988,1,NONE,[],"{'CAMERA_1': [], 'CAMERA_2': [], 'CAMERA_3': []}",C_ENTERS,DOOR,NONE,,S_NONE,SERVICE_COUNTER,NONE,,
988,2,NONE,[],"{'CAMERA_1': [], 'CAMERA_2': [], 'CAMERA_3': []}",C_GREETS,MIDDLE,NONE,hello,S_GREETS,MIDDLE,NONE,can I help you?,
988,3,CAMERA_2,['CAMERA_2'],"{'CAMERA_1': [], 'CAMERA_2': [], 'CAMERA_3': []}",C_LOOKING_FOR_A_CAMERA,MIDDLE,NONE,I'm looking for a camera,S_INTRODUCES_CAMERA,CAMERA_2,,Let me show you this. Here we have the Sony Alpha a6000.,39~55
988,4,CAMERA_2,['CAMERA_2'],"{'CAMERA_1': [], 'CAMERA_2': ['price'], 'CAMERA_3': []}",C_QUESTION_ABOUT_FEATURE,CAMERA_2,price,how much does it cost,S_ANSWERS_QUESTION_ABOUT_FEATURE,CAMERA_2,price,This one costs $1341.,15~20
988,5,NONE,['CAMERA_2'],"{'CAMERA_1': [], 'CAMERA_2': ['price'], 'CAMERA_3': []}",C_THANK_YOU,CAMERA_2,NONE,thank you for your help,S_THANK_YOU,CAMERA_2,NONE,thank you very much,
988,6,NONE,['CAMERA_2'],"{'CAMERA_1': [], 'CAMERA_2': ['price'], 'CAMERA_3': []}",C_LEAVES,DOOR,NONE,,S_RETURNS_TO_COUNTER,SERVICE_COUNTER,NONE,,
989,1,NONE,[],"{'CAMERA_1': [], 'CAMERA_2': [], 'CAMERA_3': []}",C_ENTERS,DOOR,NONE,,S_NONE,SERVICE_COUNTER,NONE,,
989,2,NONE,[],"{'CAMERA_1': [], 'CAMERA_2': [], 'CAMERA_3': []}",C_GREETS,MIDDLE,NONE,hello,S_GREETS,MIDDLE,NONE,can I help you?,
989,3,CAMERA_2,['CAMERA_2'],"{'CAMERA_1': [], 'CAMERA_2': [], 'CAMERA_3': []}",C_LOOKING_FOR_A_CAMERA,MIDDLE,NONE,I'm looking for a camera,S_INTRODUCES_CAMERA,CAMERA_2,,Let me show you this. Here we have the Sony Alpha a6000.,39~55
989,4,CAMERA_2,['CAMERA_2'],"{'CAMERA_1': [], 'CAMERA_2': ['price'], 'CAMERA_3': []}",C_QUESTION_ABOUT_FEATURE,CAMERA_2,price,how much does it cost,S_ANSWERS_QUESTION_ABOUT_FEATURE,CAMERA_2,price,This one costs $1341.,15~20
989,5,CAMERA_2,['CAMERA_2'],"{'CAMERA_1': [], 'CAMERA_2': ['price', 'effects'], 'CAMERA_3': []}",C_QUESTION_ABOUT_FEATURE,CAMERA_2,effects,does it have any effect modes,S_ANSWERS_QUESTION_ABOUT_FEATURE,CAMERA_2,effects,"This one has 13 artistic effect modes (e.g. toy camera, soft focus).",13~67
989,6,NONE,['CAMERA_2'],"{'CAMERA_1': [], 'CAMERA_2': ['price', 'effects'], 'CAMERA_3': []}",C_THANK_YOU,CAMERA_2,NONE,thank you for your help,S_THANK_YOU,CAMERA_2,NONE,thank you very much,
989,7,NONE,['CAMERA_2'],"{'CAMERA_1': [], 'CAMERA_2': ['price', 'effects'], 'CAMERA_3': []}",C_LEAVES,DOOR,NONE,,S_RETURNS_TO_COUNTER,SERVICE_COUNTER,NONE,,
990,1,NONE,[],"{'CAMERA_1': [], 'CAMERA_2': [], 'CAMERA_3': []}",C_ENTERS,DOOR,NONE,,S_NONE,SERVICE_COUNTER,NONE,,
990,2,NONE,[],"{'CAMERA_1': [], 'CAMERA_2': [], 'CAMERA_3': []}",C_WALKS_TO_CAMERA,CAMERA_2,NONE,,S_NONE,SERVICE_COUNTER,NONE,,
990,3,NONE,[],"{'CAMERA_1': [], 'CAMERA_2': [], 'CAMERA_3': []}",C_EXAMINES_CAMERA,CAMERA_2,NONE,,S_GREETS,CAMERA_2,NONE,can I help you?,
990,4,CAMERA_1,['CAMERA_1'],"{'CAMERA_1': [], 'CAMERA_2': [], 'CAMERA_3': []}",C_LOOKING_FOR_A_CAMERA,CAMERA_2,NONE,I'm looking for a camera,S_INTRODUCES_CAMERA,CAMERA_1,,Let me show you this. Here we have the Nikon Coolpix S2800.,39~58
990,5,CAMERA_1,['CAMERA_1'],"{'CAMERA_1': ['preset_modes'], 'CAMERA_2': [], 'CAMERA_3': []}",C_SILENT_OR_BACKCHANNEL,CAMERA_1,NONE,alright,S_INTRODUCES_FEATURE,CAMERA_1,preset_modes,"This one has 18 preset modes (e.g. beach, snow, night portrait).",13~63
990,6,CAMERA_1,['CAMERA_1'],"{'CAMERA_1': ['preset_modes', 'camera_type'], 'CAMERA_2': [], 'CAMERA_3': []}",C_SILENT_OR_BACKCHANNEL,CAMERA_1,NONE,I see,S_INTRODUCES_FEATURE,CAMERA_1,camera_type,This is a point and shoot camera.,10~25
990,7,CAMERA_1,['CAMERA_1'],"{'CAMERA_1': ['preset_modes', 'camera_type', 'weight'], 'CAMERA_2': [], 'CAMERA_3': []}",C_QUESTION_ABOUT_FEATURE,CAMERA_1,weight,how much does this one weigh,S_ANSWERS_QUESTION_ABOUT_FEATURE,CAMERA_1,weight,This one weighs 120 grams.,16~25
990,8,CAMERA_3,"['CAMERA_1', 'CAMERA_3']","{'CAMERA_1': ['preset_modes', 'camera_type', 'weight'], 'CAMERA_2': [], 'CAMERA_3': []}",C_ANYTHING_ELSE_AVAILABLE,CAMERA_1,NONE,ok do you have any other cameras,S_INTRODUCES_CAMERA,CAMERA_3,,Let me show you this. Here we have the Canon EOS 5D Mark III.,39~60
990,9,CAMERA_3,"['CAMERA_1', 'CAMERA_3']","{'CAMERA_1': ['preset_modes', 'camera_type', 'weight'], 'CAMERA_2': [], 'CAMERA_3': ['color']}",C_QUESTION_ABOUT_FEATURE,CAMERA_3,color,what colors does this one come in,S_ANSWERS_QUESTION_ABOUT_FEATURE,CAMERA_3,color,This one comes in black.,18~23
990,10,CAMERA_3,"['CAMERA_1', 'CAMERA_3']","{'CAMERA_1': ['preset_modes', 'camera_type', 'weight'], 'CAMERA_2': [], 'CAMERA_3': ['color', 'weight']}",C_SILENT_OR_BACKCHANNEL,CAMERA_3,NONE,I see,S_INTRODUCES_FEATURE,CAMERA_3,weight,This one weighs 950 grams (only body).,16~37
990,11,CAMERA_3,"['CAMERA_1', 'CAMERA_3']","{'CAMERA_1': ['preset_modes', 'camera_type', 'weight'], 'CAMERA_2': [], 'CAMERA_3': ['color', 'weight', 'camera_type']}",C_QUESTION_ABOUT_FEATURE,CAMERA_3,camera_type,what kind of camera is this,S_ANSWERS_QUESTION_ABOUT_FEATURE,CAMERA_3,camera_type,This is a DSLR camera.,10~14
990,12,CAMERA_3,"['CAMERA_1', 'CAMERA_3']","{'CAMERA_1': ['preset_modes', 'camera_type', 'weight'], 'CAMERA_2': [], 'CAMERA_3': ['color', 'weight', 'camera_type', 'sensor_size']}",C_QUESTION_ABOUT_FEATURE,CAMERA_3,sensor_size,what is the sensor size,S_ANSWERS_QUESTION_ABOUT_FEATURE,CAMERA_3,sensor_size,This one has a full frame.,15~25
990,13,NONE,"['CAMERA_1', 'CAMERA_3']","{'CAMERA_1': ['preset_modes', 'camera_type', 'weight'], 'CAMERA_2': [], 'CAMERA_3': ['color', 'weight', 'camera_type', 'sensor_size']}",C_THANK_YOU,CAMERA_3,NONE,thank you for your help,S_THANK_YOU,CAMERA_3,NONE,thank you very much,
990,14,NONE,"['CAMERA_1', 'CAMERA_3']","{'CAMERA_1': ['preset_modes', 'camera_type', 'weight'], 'CAMERA_2': [], 'CAMERA_3': ['color', 'weight', 'camera_type', 'sensor_size']}",C_LEAVES,DOOR,NONE,,S_RETURNS_TO_COUNTER,SERVICE_COUNTER,NONE,,
991,1,NONE,[],"{'CAMERA_1': [], 'CAMERA_2': [], 'CAMERA_3': []}",C_ENTERS,DOOR,NONE,,S_NONE,SERVICE_COUNTER,NONE,,
991,2,NONE,[],"{'CAMERA_1': [], 'CAMERA_2': [], 'CAMERA_3': []}",C_GREETS,MIDDLE,NONE,hello,S_GREETS,MIDDLE,NONE,can I help you?,
991,3,CAMERA_2,['CAMERA_2'],"{'CAMERA_1': [], 'CAMERA_2': [], 'CAMERA_3': []}",C_LOOKING_FOR_A_CAMERA,MIDDLE,NONE,I'm looking for a camera,S_INTRODUCES_CAMERA,CAMERA_2,,Let me show you this. Here we have the Sony Alpha a6000.,39~55
991,4,CAMERA_2,['CAMERA_2'],"{'CAMERA_1': [], 'CAMERA_2': ['sensor_size'], 'CAMERA_3': []}",C_SILENT_OR_BACKCHANNEL,CAMERA_2,NONE,alright,S_INTRODUCES_FEATURE,CAMERA_2,sensor_size,This one has a APS-C sensor (crop sensor).,15~41
991,5,NONE,['CAMERA_2'],"{'CAMERA_1': [], 'CAMERA_2': ['sensor_size'], 'CAMERA_3': []}",C_THANK_YOU,CAMERA_2,NONE,thank you for your help,S_THANK_YOU,CAMERA_2,NONE,thank you very much,
991,6,NONE,['CAMERA_2'],"{'CAMERA_1': [], 'CAMERA_2': ['sensor_size'], 'CAMERA_3': []}",C_LEAVES,DOOR,NONE,,S_RETURNS_TO_COUNTER,SERVICE_COUNTER,NONE,,
992,1,NONE,[],"{'CAMERA_1': [], 'CAMERA_2': [], 'CAMERA_3': []}",C_ENTERS,DOOR,NONE,,S_NONE,SERVICE_COUNTER,NONE,,
992,2,NONE,[],"{'CAMERA_1': [], 'CAMERA_2': [], 'CAMERA_3': []}",C_GREETS,MIDDLE,NONE,hello,S_GREETS,MIDDLE,NONE,can I help you?,
992,3,CAMERA_2,['CAMERA_2'],"{'CAMERA_1': [], 'CAMERA_2': [], 'CAMERA_3': []}",C_LOOKING_FOR_A_CAMERA,MIDDLE,NONE,I'm looking for a camera,S_INTRODUCES_CAMERA,CAMERA_2,,Let me show you this. Here we have the Sony Alpha a6000.,39~55
992,4,CAMERA_2,['CAMERA_2'],"{'CAMERA_1': [], 'CAMERA_2': ['long_exposure'], 'CAMERA_3': []}",C_QUESTION_ABOUT_FEATURE,CAMERA_2,long_exposure,can it take long exposure shots,S_ANSWERS_QUESTION_ABOUT_FEATURE,CAMERA_2,long_exposure,This one can take long exposures up to up to 30 seconds.,39~55
992,5,CAMERA_2,['CAMERA_2'],"{'CAMERA_1': [], 'CAMERA_2': ['long_exposure', 'settings'], 'CAMERA_3': []}",C_SILENT_OR_BACKCHANNEL,CAMERA_2,NONE,alright,S_INTRODUCES_FEATURE,CAMERA_2,settings,This one has full manual control.,13~32
992,6,CAMERA_2,['CAMERA_2'],"{'CAMERA_1': [], 'CAMERA_2': ['long_exposure', 'settings', 'autofocus_points'], 'CAMERA_3': []}",C_SILENT_OR_BACKCHANNEL,CAMERA_2,NONE,alright,S_INTRODUCES_FEATURE,CAMERA_2,autofocus_points,This one has 179 autofocus points.,13~33
992,7,CAMERA_2,['CAMERA_2'],"{'CAMERA_1': [], 'CAMERA_2': ['long_exposure', 'settings', 'autofocus_points', 'price'], 'CAMERA_3': []}",C_QUESTION_ABOUT_FEATURE,CAMERA_2,price,how much does it cost,S_ANSWERS_QUESTION_ABOUT_FEATURE,CAMERA_2,price,This one costs $1341.,15~20
992,8,CAMERA_2,['CAMERA_2'],"{'CAMERA_1': [], 'CAMERA_2': ['long_exposure', 'settings', 'autofocus_points', 'price', 'weight'], 'CAMERA_3': []}",C_SILENT_OR_BACKCHANNEL,CAMERA_2,NONE,okay,S_INTRODUCES_FEATURE,CAMERA_2,weight,This one weighs 470 grams.,16~25
992,9,CAMERA_2,['CAMERA_2'],"{'CAMERA_1': [], 'CAMERA_2': ['long_exposure', 'settings', 'autofocus_points', 'price', 'weight', 'sensor_size'], 'CAMERA_3': []}",C_SILENT_OR_BACKCHANNEL,CAMERA_2,NONE,alright,S_INTRODUCES_FEATURE,CAMERA_2,sensor_size,This one has a APS-C sensor (crop sensor).,15~41
992,10,CAMERA_2,['CAMERA_2'],"{'CAMERA_1': [], 'CAMERA_2': ['long_exposure', 'settings', 'autofocus_points', 'price', 'weight', 'sensor_size', 'camera_type'], 'CAMERA_3': []}",C_QUESTION_ABOUT_FEATURE,CAMERA_2,camera_type,what kind of camera is this,S_ANSWERS_QUESTION_ABOUT_FEATURE,CAMERA_2,camera_type,This is a mirrorless camera.,10~20
992,11,CAMERA_2,['CAMERA_2'],"{'CAMERA_1': [], 'CAMERA_2': ['long_exposure', 'settings', 'autofocus_points', 'price', 'weight', 'sensor_size', 'camera_type', 'resolution'], 'CAMERA_3': []}",C_QUESTION_ABOUT_FEATURE,CAMERA_2,resolution,what is the resolution,S_NOT_SURE,CAMERA_2,,I'm not really sure about that,
992,12,CAMERA_2,['CAMERA_2'],"{'CAMERA_1': [], 'CAMERA_2': ['long_exposure', 'settings', 'autofocus_points', 'price', 'weight', 'sensor_size', 'camera_type', 'resolution', 'effects'], 'CAMERA_3': []}",C_SILENT_OR_BACKCHANNEL,CAMERA_2,NONE,okay,S_INTRODUCES_FEATURE,CAMERA_2,effects,"This one has 13 artistic effect modes (e.g. toy camera, soft focus).",13~67
992,13,NONE,['CAMERA_2'],"{'CAMERA_1': [], 'CAMERA_2': ['long_exposure', 'settings', 'autofocus_points', 'price', 'weight', 'sensor_size', 'camera_type', 'resolution', 'effects'], 'CAMERA_3': []}",C_THANK_YOU,CAMERA_2,NONE,thank you for your help,S_THANK_YOU,CAMERA_2,NONE,thank you very much,
992,14,NONE,['CAMERA_2'],"{'CAMERA_1': [], 'CAMERA_2': ['long_exposure', 'settings', 'autofocus_points', 'price', 'weight', 'sensor_size', 'camera_type', 'resolution', 'effects'], 'CAMERA_3': []}",C_LEAVES,DOOR,NONE,,S_RETURNS_TO_COUNTER,SERVICE_COUNTER,NONE,,
993,1,NONE,[],"{'CAMERA_1': [], 'CAMERA_2': [], 'CAMERA_3': []}",C_ENTERS,DOOR,NONE,,S_NONE,SERVICE_COUNTER,NONE,,
993,2,NONE,[],"{'CAMERA_1': [], 'CAMERA_2': [], 'CAMERA_3': []}",C_GREETS,MIDDLE,NONE,hello,S_GREETS,MIDDLE,NONE,can I help you?,
993,3,CAMERA_1,['CAMERA_1'],"{'CAMERA_1': [], 'CAMERA_2': [], 'CAMERA_3': []}",C_LOOKING_FOR_A_CAMERA,MIDDLE,NONE,I'm looking for a camera,S_INTRODUCES_CAMERA,CAMERA_1,,Let me show you this. Here we have the Nikon Coolpix S2800.,39~58
993,4,CAMERA_1,['CAMERA_1'],"{'CAMERA_1': ['weight'], 'CAMERA_2': [], 'CAMERA_3': []}",C_QUESTION_ABOUT_FEATURE,CAMERA_1,weight,how much does this one weigh,S_ANSWERS_QUESTION_ABOUT_FEATURE,CAMERA_1,weight,This one weighs 120 grams.,16~25
993,5,NONE,['CAMERA_1'],"{'CAMERA_1': ['weight'], 'CAMERA_2': [], 'CAMERA_3': []}",C_THANK_YOU,CAMERA_1,NONE,thank you for your help,S_THANK_YOU,CAMERA_1,NONE,thank you very much,
993,6,NONE,['CAMERA_1'],"{'CAMERA_1': ['weight'], 'CAMERA_2': [], 'CAMERA_3': []}",C_LEAVES,DOOR,NONE,,S_RETURNS_TO_COUNTER,SERVICE_COUNTER,NONE,,
994,1,NONE,[],"{'CAMERA_1': [], 'CAMERA_2': [], 'CAMERA_3': []}",C_ENTERS,DOOR,NONE,,S_NONE,SERVICE_COUNTER,NONE,,
994,2,NONE,[],"{'CAMERA_1': [], 'CAMERA_2': [], 'CAMERA_3': []}",C_WALKS_TO_CAMERA,CAMERA_3,NONE,,S_GREETS,CAMERA_3,NONE,can I help you?,
994,3,CAMERA_1,['CAMERA_1'],"{'CAMERA_1': [], 'CAMERA_2': [], 'CAMERA_3': []}",C_LOOKING_FOR_A_CAMERA,CAMERA_3,NONE,I'm looking for a camera,S_INTRODUCES_CAMERA,CAMERA_1,,Let me show you this. Here we have the Nikon Coolpix S2800.,39~58
994,4,CAMERA_1,['CAMERA_1'],"{'CAMERA_1': ['camera_type'], 'CAMERA_2': [], 'CAMERA_3': []}",C_QUESTION_ABOUT_FEATURE,CAMERA_1,camera_type,what kind of camera is this,S_ANSWERS_QUESTION_ABOUT_FEATURE,CAMERA_1,camera_type,This is a point and shoot camera.,10~25
994,5,CAMERA_2,"['CAMERA_1', 'CAMERA_2']","{'CAMERA_1': ['camera_type'], 'CAMERA_2': [], 'CAMERA_3': []}",C_ANYTHING_ELSE_AVAILABLE,CAMERA_1,NONE,ok do you have any other cameras,S_INTRODUCES_CAMERA,CAMERA_2,,Let me show you this. Here we have the Sony Alpha a6000.,39~55
994,6,CAMERA_2,"['CAMERA_1', 'CAMERA_2']","{'CAMERA_1': ['camera_type'], 'CAMERA_2': ['color'], 'CAMERA_3': []}",C_SILENT_OR_BACKCHANNEL,CAMERA_2,NONE,okay,S_INTRODUCES_FEATURE,CAMERA_2,color,"This one comes in white, silver, black.",18~38
994,7,CAMERA_3,"['CAMERA_1', 'CAMERA_2', 'CAMERA_3']","{'CAMERA_1': ['camera_type'], 'CAMERA_2': ['color'], 'CAMERA_3': []}",C_ANYTHING_ELSE_AVAILABLE,CAMERA_2,NONE,ok do you have any other cameras,S_INTRODUCES_CAMERA,CAMERA_3,,Let me show you this. Here we have the Canon EOS 5D Mark III.,39~60
994,8,CAMERA_3,"['CAMERA_1', 'CAMERA_2', 'CAMERA_3']","{'CAMERA_1': ['camera_type'], 'CAMERA_2': ['color'], 'CAMERA_3': ['weight']}",C_QUESTION_ABOUT_FEATURE,CAMERA_3,weight,how much does this one weigh,S_ANSWERS_QUESTION_ABOUT_FEATURE,CAMERA_3,weight,This one weighs 950 grams (only body).,16~37
994,9,CAMERA_3,"['CAMERA_1', 'CAMERA_2', 'CAMERA_3']","{'CAMERA_1': ['camera_type'], 'CAMERA_2': ['color'], 'CAMERA_3': ['weight', 'color']}",C_QUESTION_ABOUT_FEATURE,CAMERA_3,color,what colors does this one come in,S_ANSWERS_QUESTION_ABOUT_FEATURE,CAMERA_3,color,This one comes in black.,18~23
994,10,CAMERA_3,"['CAMERA_1', 'CAMERA_2', 'CAMERA_3']","{'CAMERA_1': ['camera_type'], 'CAMERA_2': ['color'], 'CAMERA_3': ['weight', 'color', 'price']}",C_QUESTION_ABOUT_FEATURE,CAMERA_3,price,how much does it cost,S_ANSWERS_QUESTION_ABOUT_FEATURE,CAMERA_3,price,This one costs $3706.,15~20
994,11,CAMERA_3,"['CAMERA_1', 'CAMERA_2', 'CAMERA_3']","{'CAMERA_1': ['camera_type'], 'CAMERA_2': ['color'], 'CAMERA_3': ['weight', 'color', 'price', 'long_exposure']}",C_QUESTION_ABOUT_FEATURE,CAMERA_3,long_exposure,can it take long exposure shots,S_ANSWERS_QUESTION_ABOUT_FEATURE,CAMERA_3,long_exposure,"This one can take long exposures up to up to 30 seconds, bulb mode: expose as long as you want.",39~94
994,12,CAMERA_3,"['CAMERA_1', 'CAMERA_2', 'CAMERA_3']","{'CAMERA_1': ['camera_type'], 'CAMERA_2': ['color'], 'CAMERA_3': ['weight', 'color', 'price', 'long_exposure', 'effects']}",C_QUESTION_ABOUT_FEATURE,CAMERA_3,effects,does it have any effect modes,S_NOT_SURE,CAMERA_3,,I'm not really sure about that,
994,13,CAMERA_3,"['CAMERA_1', 'CAMERA_2', 'CAMERA_3']","{'CAMERA_1': ['camera_type'], 'CAMERA_2': ['color'], 'CAMERA_3': ['weight', 'color', 'price', 'long_exposure', 'effects', 'sensor_size']}",C_SILENT_OR_BACKCHANNEL,CAMERA_3,NONE,I see,S_INTRODUCES_FEATURE,CAMERA_3,sensor_size,This one has a full frame.,15~25
994,14,,"['CAMERA_1', 'CAMERA_2', 'CAMERA_3']","{'CAMERA_1': ['camera_type'], 'CAMERA_2': ['color'], 'CAMERA_3': ['weight', 'color', 'price', 'long_exposure', 'effects', 'sensor_size']}",C_ANYTHING_ELSE_AVAILABLE,CAMERA_3,NONE,ok do you have any other cameras,S_THATS_ALL_WE_HAVE_AVAILABLE,CAMERA_3,,That’s all we have available at the moment.,
994,15,NONE,"['CAMERA_1', 'CAMERA_2', 'CAMERA_3']","{'CAMERA_1': ['camera_type'], 'CAMERA_2': ['color'], 'CAMERA_3': ['weight', 'color', 'price', 'long_exposure', 'effects', 'sensor_size']}",C_THANK_YOU,CAMERA_3,NONE,thank you for your help,S_THANK_YOU,CAMERA_3,NONE,thank you very much,
994,16,NONE,"['CAMERA_1', 'CAMERA_2', 'CAMERA_3']","{'CAMERA_1': ['camera_type'], 'CAMERA_2': ['color'], 'CAMERA_3': ['weight', 'color', 'price', 'long_exposure', 'effects', 'sensor_size']}",C_LEAVES,DOOR,NONE,,S_RETURNS_TO_COUNTER,SERVICE_COUNTER,NONE,,
995,1,NONE,[],"{'CAMERA_1': [], 'CAMERA_2': [], 'CAMERA_3': []}",C_ENTERS,DOOR,NONE,,S_NONE,SERVICE_COUNTER,NONE,,
995,2,NONE,[],"{'CAMERA_1': [], 'CAMERA_2': [], 'CAMERA_3': []}",C_GREETS,MIDDLE,NONE,hello,S_GREETS,MIDDLE,NONE,can I help you?,
995,3,CAMERA_2,['CAMERA_2'],"{'CAMERA_1': [], 'CAMERA_2': [], 'CAMERA_3': []}",C_LOOKING_FOR_A_CAMERA,MIDDLE,NONE,I'm looking for a camera,S_INTRODUCES_CAMERA,CAMERA_2,,Let me show you this. Here we have the Sony Alpha a6000.,39~55
995,4,CAMERA_2,['CAMERA_2'],"{'CAMERA_1': [], 'CAMERA_2': ['color'], 'CAMERA_3': []}",C_SILENT_OR_BACKCHANNEL,CAMERA_2,NONE,I see,S_INTRODUCES_FEATURE,CAMERA_2,color,"This one comes in white, silver, black.",18~38
995,5,CAMERA_2,['CAMERA_2'],"{'CAMERA_1': [], 'CAMERA_2': ['color', 'price'], 'CAMERA_3': []}",C_SILENT_OR_BACKCHANNEL,CAMERA_2,NONE,okay,S_INTRODUCES_FEATURE,CAMERA_2,price,This one costs $1341.,15~20
995,6,CAMERA_2,['CAMERA_2'],"{'CAMERA_1': [], 'CAMERA_2': ['color', 'price', 'ISO'], 'CAMERA_3': []}",C_SILENT_OR_BACKCHANNEL,CAMERA_2,NONE,okay,S_INTRODUCES_FEATURE,CAMERA_2,ISO,This one has up to 3200 ISO with little noise.,13~45
995,7,CAMERA_1,"['CAMERA_2', 'CAMERA_1']","{'CAMERA_1': [], 'CAMERA_2': ['color', 'price', 'ISO'], 'CAMERA_3': []}",C_ANYTHING_ELSE_AVAILABLE,CAMERA_2,NONE,ok do you have any other cameras,S_INTRODUCES_CAMERA,CAMERA_1,,Let me show you this. Here we have the Nikon Coolpix S2800.,39~58
995,8,CAMERA_1,"['CAMERA_2', 'CAMERA_1']","{'CAMERA_1': ['price'], 'CAMERA_2': ['color', 'price', 'ISO'], 'CAMERA_3': []}",C_QUESTION_ABOUT_FEATURE,CAMERA_1,price,how much does it cost,S_ANSWERS_QUESTION_ABOUT_FEATURE,CAMERA_1,price,This one costs $2173.,15~20
995,9,CAMERA_1,"['CAMERA_2', 'CAMERA_1']","{'CAMERA_1': ['price', 'preset_modes'], 'CAMERA_2': ['color', 'price', 'ISO'], 'CAMERA_3': []}",C_SILENT_OR_BACKCHANNEL,CAMERA_1,NONE,alright,S_INTRODUCES_FEATURE,CAMERA_1,preset_modes,"This one has 18 preset modes (e.g. beach, snow, night portrait).",13~63
995,10,CAMERA_1,"['CAMERA_2', 'CAMERA_1']","{'CAMERA_1': ['price', 'preset_modes', 'camera_type'], 'CAMERA_2': ['color', 'price', 'ISO'], 'CAMERA_3': []}",C_SILENT_OR_BACKCHANNEL,CAMERA_1,NONE,I see,S_INTRODUCES_FEATURE,CAMERA_1,camera_type,This is a point and shoot camera.,10~25
995,11,NONE,"['CAMERA_2', 'CAMERA_1']","{'CAMERA_1': ['price', 'preset_modes', 'camera_type'], 'CAMERA_2': ['color', 'price', 'ISO'], 'CAMERA_3': []}",C_THANK_YOU,CAMERA_1,NONE,thank you for your help,S_THANK_YOU,CAMERA_1,NONE,thank you very much,
995,12,NONE,"['CAMERA_2', 'CAMERA_1']","{'CAMERA_1': ['price', 'preset_modes', 'camera_type'], 'CAMERA_2': ['color', 'price', 'ISO'], 'CAMERA_3': []}",C_LEAVES,DOOR,NONE,,S_RETURNS_TO_COUNTER,SERVICE_COUNTER,NONE,,
996,1,NONE,[],"{'CAMERA_1': [], 'CAMERA_2': [], 'CAMERA_3': []}",C_ENTERS,DOOR,NONE,,S_NONE,SERVICE_COUNTER,NONE,,
996,2,NONE,[],"{'CAMERA_1': [], 'CAMERA_2': [], 'CAMERA_3': []}",C_WALKS_TO_CAMERA,CAMERA_3,NONE,,S_GREETS,CAMERA_3,NONE,can I help you?,
996,3,CAMERA_3,['CAMERA_3'],"{'CAMERA_1': [], 'CAMERA_2': [], 'CAMERA_3': []}",C_LOOKING_FOR_A_CAMERA,CAMERA_3,NONE,I'm looking for a camera,S_INTRODUCES_CAMERA,CAMERA_3,,Let me show you this. Here we have the Canon EOS 5D Mark III.,39~60
996,4,CAMERA_3,['CAMERA_3'],"{'CAMERA_1': [], 'CAMERA_2': [], 'CAMERA_3': ['effects']}",C_QUESTION_ABOUT_FEATURE,CAMERA_3,effects,does it have any effect modes,S_NOT_SURE,CAMERA_3,,I'm not really sure about that,
996,5,CAMERA_3,['CAMERA_3'],"{'CAMERA_1': [], 'CAMERA_2': [], 'CAMERA_3': ['effects', 'ISO']}",C_SILENT_OR_BACKCHANNEL,CAMERA_3,NONE,I see,S_INTRODUCES_FEATURE,CAMERA_3,ISO,This one has up to 6400 ISO with little noise.,13~45
996,6,NONE,['CAMERA_3'],"{'CAMERA_1': [], 'CAMERA_2': [], 'CAMERA_3': ['effects', 'ISO']}",C_THANK_YOU,CAMERA_3,NONE,thank you for your help,S_THANK_YOU,CAMERA_3,NONE,thank you very much,
996,7,NONE,['CAMERA_3'],"{'CAMERA_1': [], 'CAMERA_2': [], 'CAMERA_3': ['effects', 'ISO']}",C_LEAVES,DOOR,NONE,,S_RETURNS_TO_COUNTER,SERVICE_COUNTER,NONE,,
997,1,NONE,[],"{'CAMERA_1': [], 'CAMERA_2': [], 'CAMERA_3': []}",C_ENTERS,DOOR,NONE,,S_NONE,SERVICE_COUNTER,NONE,,
997,2,NONE,[],"{'CAMERA_1': [], 'CAMERA_2': [], 'CAMERA_3': []}",C_WALKS_TO_CAMERA,CAMERA_2,NONE,,S_GREETS,CAMERA_2,NONE,can I help you?,
997,3,CAMERA_2,['CAMERA_2'],"{'CAMERA_1': [], 'CAMERA_2': [], 'CAMERA_3': []}",C_LOOKING_FOR_A_CAMERA,CAMERA_2,NONE,I'm looking for a camera,S_INTRODUCES_CAMERA,CAMERA_2,,Let me show you this. Here we have the Sony Alpha a6000.,39~55
997,4,CAMERA_2,['CAMERA_2'],"{'CAMERA_1': [], 'CAMERA_2': ['camera_type'], 'CAMERA_3': []}",C_SILENT_OR_BACKCHANNEL,CAMERA_2,NONE,alright,S_INTRODUCES_FEATURE,CAMERA_2,camera_type,This is a mirrorless camera.,10~20
997,5,CAMERA_2,['CAMERA_2'],"{'CAMERA_1': [], 'CAMERA_2': ['camera_type', 'weight'], 'CAMERA_3': []}",C_QUESTION_ABOUT_FEATURE,CAMERA_2,weight,how much does this one weigh,S_ANSWERS_QUESTION_ABOUT_FEATURE,CAMERA_2,weight,This one weighs 470 grams.,16~25
997,6,CAMERA_2,['CAMERA_2'],"{'CAMERA_1': [], 'CAMERA_2': ['camera_type', 'weight', 'preset_modes'], 'CAMERA_3': []}",C_QUESTION_ABOUT_FEATURE,CAMERA_2,preset_modes,does it have preset modes,S_ANSWERS_QUESTION_ABOUT_FEATURE,CAMERA_2,preset_modes,"This one has 9 preset modes (e.g. beach, snow, night, portrait).",13~63
997,7,CAMERA_3,"['CAMERA_2', 'CAMERA_3']","{'CAMERA_1': [], 'CAMERA_2': ['camera_type', 'weight', 'preset_modes'], 'CAMERA_3': []}",C_ANYTHING_ELSE_AVAILABLE,CAMERA_2,NONE,ok do you have any other cameras,S_INTRODUCES_CAMERA,CAMERA_3,,Let me show you this. Here we have the Canon EOS 5D Mark III.,39~60
997,8,CAMERA_3,"['CAMERA_2', 'CAMERA_3']","{'CAMERA_1': [], 'CAMERA_2': ['camera_type', 'weight', 'preset_modes'], 'CAMERA_3': ['price']}",C_QUESTION_ABOUT_FEATURE,CAMERA_3,price,how much does it cost,S_ANSWERS_QUESTION_ABOUT_FEATURE,CAMERA_3,price,This one costs $3706.,15~20
997,9,CAMERA_3,"['CAMERA_2', 'CAMERA_3']","{'CAMERA_1': [], 'CAMERA_2': ['camera_type', 'weight', 'preset_modes'], 'CAMERA_3': ['price', 'long_exposure']}",C_QUESTION_ABOUT_FEATURE,CAMERA_3,long_exposure,can it take long exposure shots,S_ANSWERS_QUESTION_ABOUT_FEATURE,CAMERA_3,long_exposure,"This one can take long exposures up to up to 30 seconds, bulb mode: expose as long as you want.",39~94
997,10,CAMERA_3,"['CAMERA_2', 'CAMERA_3']","{'CAMERA_1': [], 'CAMERA_2': ['camera_type', 'weight', 'preset_modes'], 'CAMERA_3': ['price', 'long_exposure', 'ISO']}",C_QUESTION_ABOUT_FEATURE,CAMERA_3,ISO,what is the ISO,S_ANSWERS_QUESTION_ABOUT_FEATURE,CAMERA_3,ISO,This one has up to 6400 ISO with little noise.,13~45
997,11,CAMERA_3,"['CAMERA_2', 'CAMERA_3']","{'CAMERA_1': [], 'CAMERA_2': ['camera_type', 'weight', 'preset_modes'], 'CAMERA_3': ['price', 'long_exposure', 'ISO', 'settings']}",C_SILENT_OR_BACKCHANNEL,CAMERA_3,NONE,alright,S_INTRODUCES_FEATURE,CAMERA_3,settings,This one has full manual control.,13~32
997,12,CAMERA_3,"['CAMERA_2', 'CAMERA_3']","{'CAMERA_1': [], 'CAMERA_2': ['camera_type', 'weight', 'preset_modes'], 'CAMERA_3': ['price', 'long_exposure', 'ISO', 'settings', 'weight']}",C_QUESTION_ABOUT_FEATURE,CAMERA_3,weight,how much does this one weigh,S_ANSWERS_QUESTION_ABOUT_FEATURE,CAMERA_3,weight,This one weighs 950 grams (only body).,16~37
997,13,CAMERA_3,"['CAMERA_2', 'CAMERA_3']","{'CAMERA_1': [], 'CAMERA_2': ['camera_type', 'weight', 'preset_modes'], 'CAMERA_3': ['price', 'long_exposure', 'ISO', 'settings', 'weight', 'effects']}",C_QUESTION_ABOUT_FEATURE,CAMERA_3,effects,does it have any effect modes,S_NOT_SURE,CAMERA_3,,I'm not really sure about that,
997,14,CAMERA_3,"['CAMERA_2', 'CAMERA_3']","{'CAMERA_1': [], 'CAMERA_2': ['camera_type', 'weight', 'preset_modes'], 'CAMERA_3': ['price', 'long_exposure', 'ISO', 'settings', 'weight', 'effects', 'color']}",C_SILENT_OR_BACKCHANNEL,CAMERA_3,NONE,I see,S_INTRODUCES_FEATURE,CAMERA_3,color,This one comes in black.,18~23
997,15,CAMERA_1,"['CAMERA_2', 'CAMERA_3', 'CAMERA_1']","{'CAMERA_1': [], 'CAMERA_2': ['camera_type', 'weight', 'preset_modes'], 'CAMERA_3': ['price', 'long_exposure', 'ISO', 'settings', 'weight', 'effects', 'color']}",C_ANYTHING_ELSE_AVAILABLE,CAMERA_3,NONE,ok do you have any other cameras,S_INTRODUCES_CAMERA,CAMERA_1,,Let me show you this. Here we have the Nikon Coolpix S2800.,39~58
997,16,CAMERA_1,"['CAMERA_2', 'CAMERA_3', 'CAMERA_1']","{'CAMERA_1': ['color'], 'CAMERA_2': ['camera_type', 'weight', 'preset_modes'], 'CAMERA_3': ['price', 'long_exposure', 'ISO', 'settings', 'weight', 'effects', 'color']}",C_SILENT_OR_BACKCHANNEL,CAMERA_1,NONE,alright,S_INTRODUCES_FEATURE,CAMERA_1,color,"This one comes in purple, pink, black, silver, red.",18~50
997,17,CAMERA_1,"['CAMERA_2', 'CAMERA_3', 'CAMERA_1']","{'CAMERA_1': ['color', 'effects'], 'CAMERA_2': ['camera_type', 'weight', 'preset_modes'], 'CAMERA_3': ['price', 'long_exposure', 'ISO', 'settings', 'weight', 'effects', 'color']}",C_QUESTION_ABOUT_FEATURE,CAMERA_1,effects,does it have any effect modes,S_ANSWERS_QUESTION_ABOUT_FEATURE,CAMERA_1,effects,"This one has 12 glamor retouch effects (e.g. skin softening, small face, big eyes).",13~82
997,18,CAMERA_1,"['CAMERA_2', 'CAMERA_3', 'CAMERA_1']","{'CAMERA_1': ['color', 'effects', 'preset_modes'], 'CAMERA_2': ['camera_type', 'weight', 'preset_modes'], 'CAMERA_3': ['price', 'long_exposure', 'ISO', 'settings', 'weight', 'effects', 'color']}",C_SILENT_OR_BACKCHANNEL,CAMERA_1,NONE,okay,S_INTRODUCES_FEATURE,CAMERA_1,preset_modes,"This one has 18 preset modes (e.g. beach, snow, night portrait).",13~63
997,19,NONE,"['CAMERA_2', 'CAMERA_3', 'CAMERA_1']","{'CAMERA_1': ['color', 'effects', 'preset_modes'], 'CAMERA_2': ['camera_type', 'weight', 'preset_modes'], 'CAMERA_3': ['price', 'long_exposure', 'ISO', 'settings', 'weight', 'effects', 'color']}",C_THANK_YOU,CAMERA_1,NONE,thank you for your help,S_THANK_YOU,CAMERA_1,NONE,thank you very much,
997,20,NONE,"['CAMERA_2', 'CAMERA_3', 'CAMERA_1']","{'CAMERA_1': ['color', 'effects', 'preset_modes'], 'CAMERA_2': ['camera_type', 'weight', 'preset_modes'], 'CAMERA_3': ['price', 'long_exposure', 'ISO', 'settings', 'weight', 'effects', 'color']}",C_LEAVES,DOOR,NONE,,S_RETURNS_TO_COUNTER,SERVICE_COUNTER,NONE,,
998,1,NONE,[],"{'CAMERA_1': [], 'CAMERA_2': [], 'CAMERA_3': []}",C_ENTERS,DOOR,NONE,,S_NONE,SERVICE_COUNTER,NONE,,
998,2,NONE,[],"{'CAMERA_1': [], 'CAMERA_2': [], 'CAMERA_3': []}",C_WALKS_TO_CAMERA,CAMERA_2,NONE,,S_GREETS,CAMERA_2,NONE,can I help you?,
998,3,CAMERA_2,['CAMERA_2'],"{'CAMERA_1': [], 'CAMERA_2': [], 'CAMERA_3': []}",C_LOOKING_FOR_A_CAMERA,CAMERA_2,NONE,I'm looking for a camera,S_INTRODUCES_CAMERA,CAMERA_2,,Let me show you this. Here we have the Sony Alpha a6000.,39~55
998,4,CAMERA_2,['CAMERA_2'],"{'CAMERA_1': [], 'CAMERA_2': ['weight'], 'CAMERA_3': []}",C_QUESTION_ABOUT_FEATURE,CAMERA_2,weight,how much does this one weigh,S_ANSWERS_QUESTION_ABOUT_FEATURE,CAMERA_2,weight,This one weighs 470 grams.,16~25
998,5,CAMERA_2,['CAMERA_2'],"{'CAMERA_1': [], 'CAMERA_2': ['weight', 'settings'], 'CAMERA_3': []}",C_QUESTION_ABOUT_FEATURE,CAMERA_2,settings,what kind of settings does it have,S_ANSWERS_QUESTION_ABOUT_FEATURE,CAMERA_2,settings,This one has full manual control.,13~32
998,6,CAMERA_2,['CAMERA_2'],"{'CAMERA_1': [], 'CAMERA_2': ['weight', 'settings', 'long_exposure'], 'CAMERA_3': []}",C_SILENT_OR_BACKCHANNEL,CAMERA_2,NONE,okay,S_INTRODUCES_FEATURE,CAMERA_2,long_exposure,This one can take long exposures up to up to 30 seconds.,39~55
998,7,CAMERA_2,['CAMERA_2'],"{'CAMERA_1': [], 'CAMERA_2': ['weight', 'settings', 'long_exposure', 'effects'], 'CAMERA_3': []}",C_QUESTION_ABOUT_FEATURE,CAMERA_2,effects,does it have any effect modes,S_ANSWERS_QUESTION_ABOUT_FEATURE,CAMERA_2,effects,"This one has 13 artistic effect modes (e.g. toy camera, soft focus).",13~67
998,8,CAMERA_2,['CAMERA_2'],"{'CAMERA_1': [], 'CAMERA_2': ['weight', 'settings', 'long_exposure', 'effects', 'ISO'], 'CAMERA_3': []}",C_QUESTION_ABOUT_FEATURE,CAMERA_2,ISO,what is the ISO,S_ANSWERS_QUESTION_ABOUT_FEATURE,CAMERA_2,ISO,This one has up to 3200 ISO with little noise.,13~45
998,9,CAMERA_2,['CAMERA_2'],"{'CAMERA_1': [], 'CAMERA_2': ['weight', 'settings', 'long_exposure', 'effects', 'ISO', 'resolution'], 'CAMERA_3': []}",C_QUESTION_ABOUT_FEATURE,CAMERA_2,resolution,what is the resolution,S_NOT_SURE,CAMERA_2,,I'm not really sure about that,
998,10,CAMERA_2,['CAMERA_2'],"{'CAMERA_1': [], 'CAMERA_2': ['weight', 'settings', 'long_exposure', 'effects', 'ISO', 'resolution', 'color'], 'CAMERA_3': []}",C_QUESTION_ABOUT_FEATURE,CAMERA_2,color,what colors does this one come in,S_ANSWERS_QUESTION_ABOUT_FEATURE,CAMERA_2,color,"This one comes in white, silver, black.",18~38
998,11,CAMERA_2,['CAMERA_2'],"{'CAMERA_1': [], 'CAMERA_2': ['weight', 'settings', 'long_exposure', 'effects', 'ISO', 'resolution', 'color', 'preset_modes'], 'CAMERA_3': []}",C_QUESTION_ABOUT_FEATURE,CAMERA_2,preset_modes,does it have preset modes,S_ANSWERS_QUESTION_ABOUT_FEATURE,CAMERA_2,preset_modes,"This one has 9 preset modes (e.g. beach, snow, night, portrait).",13~63
998,12,CAMERA_2,['CAMERA_2'],"{'CAMERA_1': [], 'CAMERA_2': ['weight', 'settings', 'long_exposure', 'effects', 'ISO', 'resolution', 'color', 'preset_modes', 'price'], 'CAMERA_3': []}",C_QUESTION_ABOUT_FEATURE,CAMERA_2,price,how much does it cost,S_ANSWERS_QUESTION_ABOUT_FEATURE,CAMERA_2,price,This one costs $1341.,15~20
998,13,CAMERA_2,['CAMERA_2'],"{'CAMERA_1': [], 'CAMERA_2': ['weight', 'settings', 'long_exposure', 'effects', 'ISO', 'resolution', 'color', 'preset_modes', 'price', 'optical_zoom'], 'CAMERA_3': []}",C_QUESTION_ABOUT_FEATURE,CAMERA_2,optical_zoom,does it have optical zoom,S_NOT_SURE,CAMERA_2,,I'm not really sure about that,
998,14,NONE,['CAMERA_2'],"{'CAMERA_1': [], 'CAMERA_2': ['weight', 'settings', 'long_exposure', 'effects', 'ISO', 'resolution', 'color', 'preset_modes', 'price', 'optical_zoom'], 'CAMERA_3': []}",C_THANK_YOU,CAMERA_2,NONE,thank you for your help,S_THANK_YOU,CAMERA_2,NONE,thank you very much,
998,15,NONE,['CAMERA_2'],"{'CAMERA_1': [], 'CAMERA_2': ['weight', 'settings', 'long_exposure', 'effects', 'ISO', 'resolution', 'color', 'preset_modes', 'price', 'optical_zoom'], 'CAMERA_3': []}",C_LEAVES,DOOR,NONE,,S_RETURNS_TO_COUNTER,SERVICE_COUNTER,NONE,,
999,1,NONE,[],"{'CAMERA_1': [], 'CAMERA_2': [], 'CAMERA_3': []}",C_ENTERS,DOOR,NONE,,S_NONE,SERVICE_COUNTER,NONE,,
999,2,NONE,[],"{'CAMERA_1': [], 'CAMERA_2': [], 'CAMERA_3': []}",C_WALKS_TO_CAMERA,CAMERA_1,NONE,,S_NONE,SERVICE_COUNTER,NONE,,
999,3,NONE,[],"{'CAMERA_1': [], 'CAMERA_2': [], 'CAMERA_3': []}",C_EXAMINES_CAMERA,CAMERA_1,NONE,,S_GREETS,CAMERA_1,NONE,can I help you?,
999,4,CAMERA_2,['CAMERA_2'],"{'CAMERA_1': [], 'CAMERA_2': [], 'CAMERA_3': []}",C_LOOKING_FOR_A_CAMERA,CAMERA_1,NONE,I'm looking for a camera,S_INTRODUCES_CAMERA,CAMERA_2,,Let me show you this. Here we have the Sony Alpha a6000.,39~55
999,5,CAMERA_2,['CAMERA_2'],"{'CAMERA_1': [], 'CAMERA_2': ['resolution'], 'CAMERA_3': []}",C_QUESTION_ABOUT_FEATURE,CAMERA_2,resolution,what is the resolution,S_NOT_SURE,CAMERA_2,,I'm not really sure about that,
999,6,CAMERA_2,['CAMERA_2'],"{'CAMERA_1': [], 'CAMERA_2': ['resolution', 'preset_modes'], 'CAMERA_3': []}",C_QUESTION_ABOUT_FEATURE,CAMERA_2,preset_modes,does it have preset modes,S_ANSWERS_QUESTION_ABOUT_FEATURE,CAMERA_2,preset_modes,"This one has 9 preset modes (e.g. beach, snow, night, portrait).",13~63
999,7,CAMERA_2,['CAMERA_2'],"{'CAMERA_1': [], 'CAMERA_2': ['resolution', 'preset_modes', 'autofocus_points'], 'CAMERA_3': []}",C_QUESTION_ABOUT_FEATURE,CAMERA_2,autofocus_points,how many autofocus points does it have,S_ANSWERS_QUESTION_ABOUT_FEATURE,CAMERA_2,autofocus_points,This one has 179 autofocus points.,13~33
999,8,CAMERA_2,['CAMERA_2'],"{'CAMERA_1': [], 'CAMERA_2': ['resolution', 'preset_modes', 'autofocus_points', 'price'], 'CAMERA_3': []}",C_QUESTION_ABOUT_FEATURE,CAMERA_2,price,how much does it cost,S_ANSWERS_QUESTION_ABOUT_FEATURE,CAMERA_2,price,This one costs $1341.,15~20
999,9,CAMERA_2,['CAMERA_2'],"{'CAMERA_1': [], 'CAMERA_2': ['resolution', 'preset_modes', 'autofocus_points', 'price', 'sensor_size'], 'CAMERA_3': []}",C_QUESTION_ABOUT_FEATURE,CAMERA_2,sensor_size,what is the sensor size,S_ANSWERS_QUESTION_ABOUT_FEATURE,CAMERA_2,sensor_size,This one has a APS-C sensor (crop sensor).,15~41
999,10,CAMERA_2,['CAMERA_2'],"{'CAMERA_1': [], 'CAMERA_2': ['resolution', 'preset_modes', 'autofocus_points', 'price', 'sensor_size', 'camera_type'], 'CAMERA_3': []}",C_SILENT_OR_BACKCHANNEL,CAMERA_2,NONE,alright,S_INTRODUCES_FEATURE,CAMERA_2,camera_type,This is a mirrorless camera.,10~20
999,11,CAMERA_2,['CAMERA_2'],"{'CAMERA_1': [], 'CAMERA_2': ['resolution', 'preset_modes', 'autofocus_points', 'price', 'sensor_size', 'camera_type', 'long_exposure'], 'CAMERA_3': []}",C_QUESTION_ABOUT_FEATURE,CAMERA_2,long_exposure,can it take long exposure shots,S_ANSWERS_QUESTION_ABOUT_FEATURE,CAMERA_2,long_exposure,This one can take long exposures up to up to 30 seconds.,39~55
999,12,CAMERA_2,['CAMERA_2'],"{'CAMERA_1': [], 'CAMERA_2': ['resolution', 'preset_modes', 'autofocus_points', 'price', 'sensor_size', 'camera_type', 'long_exposure', 'settings'], 'CAMERA_3': []}",C_QUESTION_ABOUT_FEATURE,CAMERA_2,settings,what kind of settings does it have,S_ANSWERS_QUESTION_ABOUT_FEATURE,CAMERA_2,settings,This one has full manual control.,13~32
999,13,CAMERA_1,"['CAMERA_2', 'CAMERA_1']","{'CAMERA_1': [], 'CAMERA_2': ['resolution', 'preset_modes', 'autofocus_points', 'price', 'sensor_size', 'camera_type', 'long_exposure', 'settings'], 'CAMERA_3': []}",C_ANYTHING_ELSE_AVAILABLE,CAMERA_2,NONE,ok do you have any other cameras,S_INTRODUCES_CAMERA,CAMERA_1,,Let me show you this. Here we have the Nikon Coolpix S2800.,39~58
999,14,CAMERA_1,"['CAMERA_2', 'CAMERA_1']","{'CAMERA_1': ['effects'], 'CAMERA_2': ['resolution', 'preset_modes', 'autofocus_points', 'price', 'sensor_size', 'camera_type', 'long_exposure', 'settings'], 'CAMERA_3': []}",C_QUESTION_ABOUT_FEATURE,CAMERA_1,effects,does it have any effect modes,S_ANSWERS_QUESTION_ABOUT_FEATURE,CAMERA_1,effects,"This one has 12 glamor retouch effects (e.g. skin softening, small face, big eyes).",13~82
999,15,CAMERA_1,"['CAMERA_2', 'CAMERA_1']","{'CAMERA_1': ['effects', 'weight'], 'CAMERA_2': ['resolution', 'preset_modes', 'autofocus_points', 'price', 'sensor_size', 'camera_type', 'long_exposure', 'settings'], 'CAMERA_3': []}",C_SILENT_OR_BACKCHANNEL,CAMERA_1,NONE,I see,S_INTRODUCES_FEATURE,CAMERA_1,weight,This one weighs 120 grams.,16~25
999,16,CAMERA_1,"['CAMERA_2', 'CAMERA_1']","{'CAMERA_1': ['effects', 'weight', 'optical_zoom'], 'CAMERA_2': ['resolution', 'preset_modes', 'autofocus_points', 'price', 'sensor_size', 'camera_type', 'long_exposure', 'settings'], 'CAMERA_3': []}",C_SILENT_OR_BACKCHANNEL,CAMERA_1,NONE,alright,S_INTRODUCES_FEATURE,CAMERA_1,optical_zoom,This one has 5x optical zoom.,13~28
999,17,CAMERA_1,"['CAMERA_2', 'CAMERA_1']","{'CAMERA_1': ['effects', 'weight', 'optical_zoom', 'settings'], 'CAMERA_2': ['resolution', 'preset_modes', 'autofocus_points', 'price', 'sensor_size', 'camera_type', 'long_exposure', 'settings'], 'CAMERA_3': []}",C_SILENT_OR_BACKCHANNEL,CAMERA_1,NONE,I see,S_INTRODUCES_FEATURE,CAMERA_1,settings,This one has limited manual settings.,13~36
999,18,CAMERA_1,"['CAMERA_2', 'CAMERA_1']","{'CAMERA_1': ['effects', 'weight', 'optical_zoom', 'settings', 'ISO'], 'CAMERA_2': ['resolution', 'preset_modes', 'autofocus_points', 'price', 'sensor_size', 'camera_type', 'long_exposure', 'settings'], 'CAMERA_3': []}",C_QUESTION_ABOUT_FEATURE,CAMERA_1,ISO,what is the ISO,S_NOT_SURE,CAMERA_1,,I'm not really sure about that,
999,19,CAMERA_1,"['CAMERA_2', 'CAMERA_1']","{'CAMERA_1': ['effects', 'weight', 'optical_zoom', 'settings', 'ISO', 'color'], 'CAMERA_2': ['resolution', 'preset_modes', 'autofocus_points', 'price', 'sensor_size', 'camera_type', 'long_exposure', 'settings'], 'CAMERA_3': []}",C_QUESTION_ABOUT_FEATURE,CAMERA_1,color,what colors does this one come in,S_ANSWERS_QUESTION_ABOUT_FEATURE,CAMERA_1,color,"This one comes in purple, pink, black, silver, red.",18~50
999,20,CAMERA_1,"['CAMERA_2', 'CAMERA_1']","{'CAMERA_1': ['effects', 'weight', 'optical_zoom', 'settings', 'ISO', 'color', 'camera_type'], 'CAMERA_2': ['resolution', 'preset_modes', 'autofocus_points', 'price', 'sensor_size', 'camera_type', 'long_exposure', 'settings'], 'CAMERA_3': []}",C_QUESTION_ABOUT_FEATURE,CAMERA_1,camera_type,what kind of camera is this,S_ANSWERS_QUESTION_ABOUT_FEATURE,CAMERA_1,camera_type,This is a point and shoot camera.,10~25
999,21,CAMERA_1,"['CAMERA_2', 'CAMERA_1']","{'CAMERA_1': ['effects', 'weight', 'optical_zoom', 'settings', 'ISO', 'color', 'camera_type', 'sensor_size'], 'CAMERA_2': ['resolution', 'preset_modes', 'autofocus_points', 'price', 'sensor_size', 'camera_type', 'long_exposure', 'settings'], 'CAMERA_3': []}",C_QUESTION_ABOUT_FEATURE,CAMERA_1,sensor_size,what is the sensor size,S_NOT_SURE,CAMERA_1,,I'm not really sure about that,
999,22,CAMERA_1,"['CAMERA_2', 'CAMERA_1']","{'CAMERA_1': ['effects', 'weight', 'optical_zoom', 'settings', 'ISO', 'color', 'camera_type', 'sensor_size', 'preset_modes'], 'CAMERA_2': ['resolution', 'preset_modes', 'autofocus_points', 'price', 'sensor_size', 'camera_type', 'long_exposure', 'settings'], 'CAMERA_3': []}",C_SILENT_OR_BACKCHANNEL,CAMERA_1,NONE,I see,S_INTRODUCES_FEATURE,CAMERA_1,preset_modes,"This one has 18 preset modes (e.g. beach, snow, night portrait).",13~63
999,23,CAMERA_1,"['CAMERA_2', 'CAMERA_1']","{'CAMERA_1': ['effects', 'weight', 'optical_zoom', 'settings', 'ISO', 'color', 'camera_type', 'sensor_size', 'preset_modes', 'resolution'], 'CAMERA_2': ['resolution', 'preset_modes', 'autofocus_points', 'price', 'sensor_size', 'camera_type', 'long_exposure', 'settings'], 'CAMERA_3': []}",C_SILENT_OR_BACKCHANNEL,CAMERA_1,NONE,alright,S_INTRODUCES_FEATURE,CAMERA_1,resolution,This one has 20.1 megapixels resolution.,13~28
999,24,NONE,"['CAMERA_2', 'CAMERA_1']","{'CAMERA_1': ['effects', 'weight', 'optical_zoom', 'settings', 'ISO', 'color', 'camera_type', 'sensor_size', 'preset_modes', 'resolution'], 'CAMERA_2': ['resolution', 'preset_modes', 'autofocus_points', 'price', 'sensor_size', 'camera_type', 'long_exposure', 'settings'], 'CAMERA_3': []}",C_THANK_YOU,CAMERA_1,NONE,thank you for your help,S_THANK_YOU,CAMERA_1,NONE,thank you very much,
999,25,NONE,"['CAMERA_2', 'CAMERA_1']","{'CAMERA_1': ['effects', 'weight', 'optical_zoom', 'settings', 'ISO', 'color', 'camera_type', 'sensor_size', 'preset_modes', 'resolution'], 'CAMERA_2': ['resolution', 'preset_modes', 'autofocus_points', 'price', 'sensor_size', 'camera_type', 'long_exposure', 'settings'], 'CAMERA_3': []}",C_LEAVES,DOOR,NONE,,S_RETURNS_TO_COUNTER,SERVICE_COUNTER,NONE,,
