TRIAL,TURN_COUNT,CURRENT_CAMERA_OF_CONVERSATION,PREVIOUS_CAMERAS_OF_CONVERSATION,PREVIOUS_FEATURES_OF_CONVERSATION,CUSTOMER_ACTION,CUSTOMER_LOCATION,CUSTOMER_TOPIC,CUSTOMER_SPEECH,SPATIAL_STATE,STATE_TARGET,OUTPUT_SHOPKEEPER_ACTION,OUTPUT_SHOPKEEPER_LOCATION,SHOPKEEPER_TOPIC,SHOPKEEPER_SPEECH,OUTPUT_SPATIAL_STATE,OUTPUT_STATE_TARGET,SHOPKEEPER_SPEECH_DB_ENTRY_RANGE
0,1,NONE,[],"{'CAMERA_1': [], 'CAMERA_2': [], 'CAMERA_3': []}",C_ENTERS,DOOR,NONE,,WAITING,NONE,S_NONE,SERVICE_COUNTER,NONE,,WAITING,NONE,
0,2,NONE,[],"{'CAMERA_1': [], 'CAMERA_2': [], 'CAMERA_3': []}",C_WALKS_TO_CAMERA,CAMERA_3,NONE,,WAITING,NONE,S_GREETS,CAMERA_3,NONE,can I help you?,FACE_TO_FACE,NONE,
0,3,CAMERA_2,['CAMERA_2'],"{'CAMERA_1': [], 'CAMERA_2': [], 'CAMERA_3': []}",C_LOOKING_FOR_A_CAMERA,CAMERA_3,NONE,afternoon I'm looking for a new camera is it to use stylus and affordable,FACE_TO_FACE,NONE,S_INTRODUCES_CAMERA,CAMERA_2,,Let me show you this. Here we have the Fujifilm Lumix ILC Camera.,PRESENT_X,CAMERA_2,39~64
0,4,CAMERA_2,['CAMERA_2'],"{'CAMERA_1': [], 'CAMERA_2': ['optical_zoom'], 'CAMERA_3': []}",C_QUESTION_ABOUT_FEATURE,CAMERA_2,optical_zoom,excuse me what does it mean by optical zoom,PRESENT_X,CAMERA_2,S_ANSWERS_QUESTION_ABOUT_FEATURE,CAMERA_2,optical_zoom,This one has 21x optical zoom.,PRESENT_X,CAMERA_2,13~29
0,5,CAMERA_2,['CAMERA_2'],"{'CAMERA_1': [], 'CAMERA_2': ['optical_zoom', 'settings'], 'CAMERA_3': []}",C_QUESTION_ABOUT_FEATURE,CAMERA_2,settings,thank you tell me about the ability to adjust the settings,PRESENT_X,CAMERA_2,S_ANSWERS_QUESTION_ABOUT_FEATURE,CAMERA_2,settings,"This one has manual control and various automatic settings (video modeburst shooting, etc.).",PRESENT_X,CAMERA_2,13~91
0,6,NONE,['CAMERA_2'],"{'CAMERA_1': [], 'CAMERA_2': ['optical_zoom', 'settings'], 'CAMERA_3': []}",C_THANK_YOU,CAMERA_2,NONE,okay thank you very much,PRESENT_X,CAMERA_2,S_THANK_YOU,CAMERA_2,NONE,thank you very much.,FACE_TO_FACE,NONE,
0,7,NONE,['CAMERA_2'],"{'CAMERA_1': [], 'CAMERA_2': ['optical_zoom', 'settings'], 'CAMERA_3': []}",C_LEAVES,DOOR,NONE,,FACE_TO_FACE,NONE,S_RETURNS_TO_COUNTER,SERVICE_COUNTER,NONE,,WAITING,NONE,
1,1,NONE,[],"{'CAMERA_1': [], 'CAMERA_2': [], 'CAMERA_3': []}",C_ENTERS,DOOR,NONE,,WAITING,NONE,S_NONE,SERVICE_COUNTER,NONE,,WAITING,NONE,
1,2,NONE,[],"{'CAMERA_1': [], 'CAMERA_2': [], 'CAMERA_3': []}",C_GREETS,MIDDLE,NONE,kiss me,WAITING,NONE,S_GREETS,MIDDLE,NONE,can I help you?,FACE_TO_FACE,NONE,
1,3,CAMERA_1,['CAMERA_1'],"{'CAMERA_1': [], 'CAMERA_2': [], 'CAMERA_3': []}",C_LOOKING_FOR_A_CAMERA,MIDDLE,NONE,hi good afternoon I'm starting college next semester and I'll be taking at school need a camera that has professional pictures,FACE_TO_FACE,NONE,S_INTRODUCES_CAMERA,CAMERA_1,,Let me show you this. Here we have the Sony PowerShot ELPH DMC-ZS3.,PRESENT_X,CAMERA_1,39~66
1,4,CAMERA_1,['CAMERA_1'],"{'CAMERA_1': ['sensor_size'], 'CAMERA_2': [], 'CAMERA_3': []}",C_QUESTION_ABOUT_FEATURE,CAMERA_1,sensor_size,hello how big is there is a sensor,PRESENT_X,CAMERA_1,S_ANSWERS_QUESTION_ABOUT_FEATURE,CAMERA_1,sensor_size,This one has a 1/2.3 inch CMOS sensor.,PRESENT_X,CAMERA_1,15~37
1,5,NONE,['CAMERA_1'],"{'CAMERA_1': ['sensor_size'], 'CAMERA_2': [], 'CAMERA_3': []}",C_THANK_YOU,CAMERA_1,NONE,okay maybe I'll get this one but I'll look around for thank you,PRESENT_X,CAMERA_1,S_THANK_YOU,CAMERA_1,NONE,thank you very much.,FACE_TO_FACE,NONE,
1,6,NONE,['CAMERA_1'],"{'CAMERA_1': ['sensor_size'], 'CAMERA_2': [], 'CAMERA_3': []}",C_LEAVES,DOOR,NONE,,FACE_TO_FACE,NONE,S_RETURNS_TO_COUNTER,SERVICE_COUNTER,NONE,,WAITING,NONE,
2,1,NONE,[],"{'CAMERA_1': [], 'CAMERA_2': [], 'CAMERA_3': []}",C_ENTERS,DOOR,NONE,,WAITING,NONE,S_NONE,SERVICE_COUNTER,NONE,,WAITING,NONE,
2,2,NONE,[],"{'CAMERA_1': [], 'CAMERA_2': [], 'CAMERA_3': []}",C_WALKS_TO_CAMERA,CAMERA_2,NONE,,WAITING,NONE,S_GREETS,CAMERA_2,NONE,can I help you?,FACE_TO_FACE,NONE,
2,3,CAMERA_3,['CAMERA_3'],"{'CAMERA_1': [], 'CAMERA_2': [], 'CAMERA_3': []}",C_LOOKING_FOR_A_CAMERA,CAMERA_2,NONE,yes I'm looking for a camera for my photoshop my other camera broke and I need another one,FACE_TO_FACE,NONE,S_INTRODUCES_CAMERA,CAMERA_3,,Let me show you this. Here we have the Fujifilm PowerShot ELPH S2800.,PRESENT_X,CAMERA_3,39~68
2,4,CAMERA_3,['CAMERA_3'],"{'CAMERA_1': [], 'CAMERA_2': [], 'CAMERA_3': ['settings']}",C_SILENT_OR_BACKCHANNEL,CAMERA_3,NONE,yeah yeah I can to try to look on the outside this is a really good one,PRESENT_X,CAMERA_3,S_INTRODUCES_FEATURE,CAMERA_3,settings,"This one has manual control and various automatic settings (video modeburst shooting, etc.).",PRESENT_X,CAMERA_3,13~91
2,5,CAMERA_3,['CAMERA_3'],"{'CAMERA_1': [], 'CAMERA_2': [], 'CAMERA_3': ['settings', 'preset_modes']}",C_QUESTION_ABOUT_FEATURE,CAMERA_3,preset_modes,what's bulb mode,PRESENT_X,CAMERA_3,S_ANSWERS_QUESTION_ABOUT_FEATURE,CAMERA_3,preset_modes,This one has various preset modes.,PRESENT_X,CAMERA_3,13~33
2,6,CAMERA_3,['CAMERA_3'],"{'CAMERA_1': [], 'CAMERA_2': [], 'CAMERA_3': ['settings', 'preset_modes', 'price']}",C_SILENT_OR_BACKCHANNEL,CAMERA_3,NONE,that is nice,PRESENT_X,CAMERA_3,S_INTRODUCES_FEATURE,CAMERA_3,price,This one costs $518.,PRESENT_X,CAMERA_3,15~19
2,7,CAMERA_1,"['CAMERA_3', 'CAMERA_1']","{'CAMERA_1': [], 'CAMERA_2': [], 'CAMERA_3': ['settings', 'preset_modes', 'price']}",C_ANYTHING_ELSE_AVAILABLE,CAMERA_3,NONE,that's good that's okay I like it when do you have other models in this area,PRESENT_X,CAMERA_3,S_INTRODUCES_CAMERA,CAMERA_1,,Let me show you this. Here we have the Sony PowerShot ELPH DMC-ZS3.,PRESENT_X,CAMERA_1,39~66
2,8,CAMERA_1,"['CAMERA_3', 'CAMERA_1']","{'CAMERA_1': ['long_exposure'], 'CAMERA_2': [], 'CAMERA_3': ['settings', 'preset_modes', 'price']}",C_QUESTION_ABOUT_FEATURE,CAMERA_1,long_exposure,can it take long exposure shots,PRESENT_X,CAMERA_1,S_ANSWERS_QUESTION_ABOUT_FEATURE,CAMERA_1,long_exposure,This one can take long exposures up to up to 15 seconds with Long Shutter Mode.,PRESENT_X,CAMERA_1,39~78
2,9,CAMERA_1,"['CAMERA_3', 'CAMERA_1']","{'CAMERA_1': ['long_exposure', 'sensor_size'], 'CAMERA_2': [], 'CAMERA_3': ['settings', 'preset_modes', 'price']}",C_QUESTION_ABOUT_FEATURE,CAMERA_1,sensor_size,what about it census ice,PRESENT_X,CAMERA_1,S_ANSWERS_QUESTION_ABOUT_FEATURE,CAMERA_1,sensor_size,This one has a 1/2.3 inch CMOS sensor.,PRESENT_X,CAMERA_1,15~37
2,10,CAMERA_1,"['CAMERA_3', 'CAMERA_1']","{'CAMERA_1': ['long_exposure', 'sensor_size', 'ISO'], 'CAMERA_2': [], 'CAMERA_3': ['settings', 'preset_modes', 'price']}",C_QUESTION_ABOUT_FEATURE,CAMERA_1,ISO,does it have good ISO,PRESENT_X,CAMERA_1,S_ANSWERS_QUESTION_ABOUT_FEATURE,CAMERA_1,ISO,This one has up to 51200 ISO.,PRESENT_X,CAMERA_1,13~28
2,11,CAMERA_1,"['CAMERA_3', 'CAMERA_1']","{'CAMERA_1': ['long_exposure', 'sensor_size', 'ISO', 'autofocus_points'], 'CAMERA_2': [], 'CAMERA_3': ['settings', 'preset_modes', 'price']}",C_QUESTION_ABOUT_FEATURE,CAMERA_1,autofocus_points,This one more expensive and it's heavier and it's got less autofocus points,PRESENT_X,CAMERA_1,S_ANSWERS_QUESTION_ABOUT_FEATURE,CAMERA_1,autofocus_points,This one has 135 autofocus points.,PRESENT_X,CAMERA_1,13~33
2,12,CAMERA_1,"['CAMERA_3', 'CAMERA_1']","{'CAMERA_1': ['long_exposure', 'sensor_size', 'ISO', 'autofocus_points', 'effects'], 'CAMERA_2': [], 'CAMERA_3': ['settings', 'preset_modes', 'price']}",C_SILENT_OR_BACKCHANNEL,CAMERA_1,NONE,IC,PRESENT_X,CAMERA_1,S_INTRODUCES_FEATURE,CAMERA_1,effects,"This one has 24 glamor retouch effects (miniature, retro, toy camera, etc.).",PRESENT_X,CAMERA_1,13~75
2,13,NONE,"['CAMERA_3', 'CAMERA_1']","{'CAMERA_1': ['long_exposure', 'sensor_size', 'ISO', 'autofocus_points', 'effects'], 'CAMERA_2': [], 'CAMERA_3': ['settings', 'preset_modes', 'price']}",C_THANK_YOU,CAMERA_1,NONE,okay okay well thank you very much for your help,PRESENT_X,CAMERA_1,S_THANK_YOU,CAMERA_1,NONE,thank you very much.,FACE_TO_FACE,NONE,
2,14,NONE,"['CAMERA_3', 'CAMERA_1']","{'CAMERA_1': ['long_exposure', 'sensor_size', 'ISO', 'autofocus_points', 'effects'], 'CAMERA_2': [], 'CAMERA_3': ['settings', 'preset_modes', 'price']}",C_LEAVES,DOOR,NONE,,FACE_TO_FACE,NONE,S_RETURNS_TO_COUNTER,SERVICE_COUNTER,NONE,,WAITING,NONE,
3,1,NONE,[],"{'CAMERA_1': [], 'CAMERA_2': [], 'CAMERA_3': []}",C_ENTERS,DOOR,NONE,,WAITING,NONE,S_NONE,SERVICE_COUNTER,NONE,,WAITING,NONE,
3,2,NONE,[],"{'CAMERA_1': [], 'CAMERA_2': [], 'CAMERA_3': []}",C_GREETS,MIDDLE,NONE,excuse me,WAITING,NONE,S_GREETS,MIDDLE,NONE,can I help you?,FACE_TO_FACE,NONE,
3,3,CAMERA_3,['CAMERA_3'],"{'CAMERA_1': [], 'CAMERA_2': [], 'CAMERA_3': []}",C_LOOKING_FOR_A_CAMERA,MIDDLE,NONE,I'm looking for a point and shoot camera,FACE_TO_FACE,NONE,S_INTRODUCES_CAMERA,CAMERA_3,,Let me show you this. Here we have the Fujifilm PowerShot ELPH S2800.,PRESENT_X,CAMERA_3,39~68
3,4,CAMERA_3,['CAMERA_3'],"{'CAMERA_1': [], 'CAMERA_2': [], 'CAMERA_3': ['autofocus_points']}",C_SILENT_OR_BACKCHANNEL,CAMERA_3,NONE,okay,PRESENT_X,CAMERA_3,S_INTRODUCES_FEATURE,CAMERA_3,autofocus_points,This one has 214 autofocus points.,PRESENT_X,CAMERA_3,13~33
3,5,CAMERA_3,['CAMERA_3'],"{'CAMERA_1': [], 'CAMERA_2': [], 'CAMERA_3': ['autofocus_points', 'weight']}",C_QUESTION_ABOUT_FEATURE,CAMERA_3,weight,how much does it weight,PRESENT_X,CAMERA_3,S_ANSWERS_QUESTION_ABOUT_FEATURE,CAMERA_3,weight,This one weighs 820 grams.,PRESENT_X,CAMERA_3,16~25
3,6,CAMERA_3,['CAMERA_3'],"{'CAMERA_1': [], 'CAMERA_2': [], 'CAMERA_3': ['autofocus_points', 'weight', 'price']}",C_QUESTION_ABOUT_FEATURE,CAMERA_3,price,how much is this camera,PRESENT_X,CAMERA_3,S_ANSWERS_QUESTION_ABOUT_FEATURE,CAMERA_3,price,This one costs $518.,PRESENT_X,CAMERA_3,15~19
3,7,NONE,['CAMERA_3'],"{'CAMERA_1': [], 'CAMERA_2': [], 'CAMERA_3': ['autofocus_points', 'weight', 'price']}",C_THANK_YOU,CAMERA_3,NONE,okay okay well thank you very much for your help,PRESENT_X,CAMERA_3,S_THANK_YOU,CAMERA_3,NONE,thank you very much.,FACE_TO_FACE,NONE,
3,8,NONE,['CAMERA_3'],"{'CAMERA_1': [], 'CAMERA_2': [], 'CAMERA_3': ['autofocus_points', 'weight', 'price']}",C_LEAVES,DOOR,NONE,,FACE_TO_FACE,NONE,S_RETURNS_TO_COUNTER,SERVICE_COUNTER,NONE,,WAITING,NONE,
4,1,NONE,[],"{'CAMERA_1': [], 'CAMERA_2': [], 'CAMERA_3': []}",C_ENTERS,DOOR,NONE,,WAITING,NONE,S_NONE,SERVICE_COUNTER,NONE,,WAITING,NONE,
4,2,NONE,[],"{'CAMERA_1': [], 'CAMERA_2': [], 'CAMERA_3': []}",C_WALKS_TO_CAMERA,CAMERA_1,NONE,,WAITING,NONE,S_GREETS,CAMERA_1,NONE,can I help you?,FACE_TO_FACE,NONE,
4,3,CAMERA_1,['CAMERA_1'],"{'CAMERA_1': [], 'CAMERA_2': [], 'CAMERA_3': []}",C_LOOKING_FOR_A_CAMERA,CAMERA_1,NONE,Yes simple point and shoot but I'm looking for something nicer,FACE_TO_FACE,NONE,S_INTRODUCES_CAMERA,CAMERA_1,,Let me show you this. Here we have the Sony PowerShot ELPH DMC-ZS3.,PRESENT_X,CAMERA_1,39~66
4,4,CAMERA_1,['CAMERA_1'],"{'CAMERA_1': ['resolution'], 'CAMERA_2': [], 'CAMERA_3': []}",C_SILENT_OR_BACKCHANNEL,CAMERA_1,NONE,ok not too bad not too bad,PRESENT_X,CAMERA_1,S_INTRODUCES_FEATURE,CAMERA_1,resolution,This one has 17.8 megapixels resolution.,PRESENT_X,CAMERA_1,13~28
4,5,CAMERA_1,['CAMERA_1'],"{'CAMERA_1': ['resolution', 'settings'], 'CAMERA_2': [], 'CAMERA_3': []}",C_SILENT_OR_BACKCHANNEL,CAMERA_1,NONE,wow thats expensive,PRESENT_X,CAMERA_1,S_INTRODUCES_FEATURE,CAMERA_1,settings,This one has limited manual settings.,PRESENT_X,CAMERA_1,13~36
4,6,NONE,['CAMERA_1'],"{'CAMERA_1': ['resolution', 'settings'], 'CAMERA_2': [], 'CAMERA_3': []}",C_THANK_YOU,CAMERA_1,NONE,thank you for your support,PRESENT_X,CAMERA_1,S_THANK_YOU,CAMERA_1,NONE,thank you very much.,FACE_TO_FACE,NONE,
4,7,NONE,['CAMERA_1'],"{'CAMERA_1': ['resolution', 'settings'], 'CAMERA_2': [], 'CAMERA_3': []}",C_LEAVES,DOOR,NONE,,FACE_TO_FACE,NONE,S_RETURNS_TO_COUNTER,SERVICE_COUNTER,NONE,,WAITING,NONE,
5,1,NONE,[],"{'CAMERA_1': [], 'CAMERA_2': [], 'CAMERA_3': []}",C_ENTERS,DOOR,NONE,,WAITING,NONE,S_NONE,SERVICE_COUNTER,NONE,,WAITING,NONE,
5,2,NONE,[],"{'CAMERA_1': [], 'CAMERA_2': [], 'CAMERA_3': []}",C_GREETS,MIDDLE,NONE,excuse me do you know how good the present modes is,WAITING,NONE,S_GREETS,MIDDLE,NONE,can I help you?,FACE_TO_FACE,NONE,
5,3,CAMERA_2,['CAMERA_2'],"{'CAMERA_1': [], 'CAMERA_2': [], 'CAMERA_3': []}",C_LOOKING_FOR_A_CAMERA,MIDDLE,NONE,just looking to buy a camera,FACE_TO_FACE,NONE,S_INTRODUCES_CAMERA,CAMERA_2,,Let me show you this. Here we have the Fujifilm Lumix ILC Camera.,PRESENT_X,CAMERA_2,39~64
5,4,CAMERA_2,['CAMERA_2'],"{'CAMERA_1': [], 'CAMERA_2': ['effects'], 'CAMERA_3': []}",C_QUESTION_ABOUT_FEATURE,CAMERA_2,effects,and what is the artistic effect mode on this camera,PRESENT_X,CAMERA_2,S_ANSWERS_QUESTION_ABOUT_FEATURE,CAMERA_2,effects,"This one has 24 artistic effect modes (retro, lighter or darker skin tones, sepia, etc.).",PRESENT_X,CAMERA_2,13~88
5,5,CAMERA_2,['CAMERA_2'],"{'CAMERA_1': [], 'CAMERA_2': ['effects', 'preset_modes'], 'CAMERA_3': []}",C_QUESTION_ABOUT_FEATURE,CAMERA_2,preset_modes,what about the modes,PRESENT_X,CAMERA_2,S_NOT_SURE,CAMERA_2,,I'm not really sure about that.,PRESENT_X,CAMERA_2,
5,6,CAMERA_2,['CAMERA_2'],"{'CAMERA_1': [], 'CAMERA_2': ['effects', 'preset_modes', 'resolution'], 'CAMERA_3': []}",C_QUESTION_ABOUT_FEATURE,CAMERA_2,resolution,and this is a touch screen,PRESENT_X,CAMERA_2,S_ANSWERS_QUESTION_ABOUT_FEATURE,CAMERA_2,resolution,This one has 23.8 megapixels resolution.,PRESENT_X,CAMERA_2,13~28
5,7,CAMERA_2,['CAMERA_2'],"{'CAMERA_1': [], 'CAMERA_2': ['effects', 'preset_modes', 'resolution', 'camera_type'], 'CAMERA_3': []}",C_QUESTION_ABOUT_FEATURE,CAMERA_2,camera_type,Is this a mirrorless camera?,PRESENT_X,CAMERA_2,S_ANSWERS_QUESTION_ABOUT_FEATURE,CAMERA_2,camera_type,This is a digital single lens mirrorless camera.,PRESENT_X,CAMERA_2,10~40
5,8,CAMERA_3,"['CAMERA_2', 'CAMERA_3']","{'CAMERA_1': [], 'CAMERA_2': ['effects', 'preset_modes', 'resolution', 'camera_type'], 'CAMERA_3': []}",C_ANYTHING_ELSE_AVAILABLE,CAMERA_2,NONE,do you have any other cameras with preset mode,PRESENT_X,CAMERA_2,S_INTRODUCES_CAMERA,CAMERA_3,,Let me show you this. Here we have the Fujifilm PowerShot ELPH S2800.,PRESENT_X,CAMERA_3,39~68
5,9,CAMERA_3,"['CAMERA_2', 'CAMERA_3']","{'CAMERA_1': [], 'CAMERA_2': ['effects', 'preset_modes', 'resolution', 'camera_type'], 'CAMERA_3': ['weight']}",C_QUESTION_ABOUT_FEATURE,CAMERA_3,weight,okay how about the weight of us I don't want anything that's too heavy,PRESENT_X,CAMERA_3,S_ANSWERS_QUESTION_ABOUT_FEATURE,CAMERA_3,weight,This one weighs 820 grams.,PRESENT_X,CAMERA_3,16~25
5,10,CAMERA_3,"['CAMERA_2', 'CAMERA_3']","{'CAMERA_1': [], 'CAMERA_2': ['effects', 'preset_modes', 'resolution', 'camera_type'], 'CAMERA_3': ['weight', 'effects']}",C_SILENT_OR_BACKCHANNEL,CAMERA_3,NONE,wow these cameras look so nice,PRESENT_X,CAMERA_3,S_INTRODUCES_FEATURE,CAMERA_3,effects,"This one has 21 photo effects (small face, retro, big eyes, etc.).",PRESENT_X,CAMERA_3,13~65
5,11,NONE,"['CAMERA_2', 'CAMERA_3']","{'CAMERA_1': [], 'CAMERA_2': ['effects', 'preset_modes', 'resolution', 'camera_type'], 'CAMERA_3': ['weight', 'effects']}",C_THANK_YOU,CAMERA_3,NONE,okay thank you,PRESENT_X,CAMERA_3,S_THANK_YOU,CAMERA_3,NONE,thank you very much.,FACE_TO_FACE,NONE,
5,12,NONE,"['CAMERA_2', 'CAMERA_3']","{'CAMERA_1': [], 'CAMERA_2': ['effects', 'preset_modes', 'resolution', 'camera_type'], 'CAMERA_3': ['weight', 'effects']}",C_LEAVES,DOOR,NONE,,FACE_TO_FACE,NONE,S_RETURNS_TO_COUNTER,SERVICE_COUNTER,NONE,,WAITING,NONE,
6,1,NONE,[],"{'CAMERA_1': [], 'CAMERA_2': [], 'CAMERA_3': []}",C_ENTERS,DOOR,NONE,,WAITING,NONE,S_NONE,SERVICE_COUNTER,NONE,,WAITING,NONE,
6,2,NONE,[],"{'CAMERA_1': [], 'CAMERA_2': [], 'CAMERA_3': []}",C_WALKS_TO_CAMERA,CAMERA_3,NONE,,WAITING,NONE,S_GREETS,CAMERA_3,NONE,can I help you?,FACE_TO_FACE,NONE,
6,3,CAMERA_1,['CAMERA_1'],"{'CAMERA_1': [], 'CAMERA_2': [], 'CAMERA_3': []}",C_LOOKING_FOR_A_CAMERA,CAMERA_3,NONE,could I have a look at this camera,FACE_TO_FACE,NONE,S_INTRODUCES_CAMERA,CAMERA_1,,Let me show you this. Here we have the Sony PowerShot ELPH DMC-ZS3.,PRESENT_X,CAMERA_1,39~66
6,4,CAMERA_1,['CAMERA_1'],"{'CAMERA_1': ['ISO'], 'CAMERA_2': [], 'CAMERA_3': []}",C_SILENT_OR_BACKCHANNEL,CAMERA_1,NONE,IC,PRESENT_X,CAMERA_1,S_INTRODUCES_FEATURE,CAMERA_1,ISO,This one has up to 51200 ISO.,PRESENT_X,CAMERA_1,13~28
6,5,CAMERA_1,['CAMERA_1'],"{'CAMERA_1': ['ISO', 'weight'], 'CAMERA_2': [], 'CAMERA_3': []}",C_QUESTION_ABOUT_FEATURE,CAMERA_1,weight,yeah that should be and what about the weight,PRESENT_X,CAMERA_1,S_ANSWERS_QUESTION_ABOUT_FEATURE,CAMERA_1,weight,This one weighs 800 grams.,PRESENT_X,CAMERA_1,16~25
6,6,CAMERA_1,['CAMERA_1'],"{'CAMERA_1': ['ISO', 'weight', 'long_exposure'], 'CAMERA_2': [], 'CAMERA_3': []}",C_QUESTION_ABOUT_FEATURE,CAMERA_1,long_exposure,okay and how is it for long exposures,PRESENT_X,CAMERA_1,S_ANSWERS_QUESTION_ABOUT_FEATURE,CAMERA_1,long_exposure,This one can take long exposures up to up to 15 seconds with Long Shutter Mode.,PRESENT_X,CAMERA_1,39~78
6,7,CAMERA_1,['CAMERA_1'],"{'CAMERA_1': ['ISO', 'weight', 'long_exposure', 'optical_zoom'], 'CAMERA_2': [], 'CAMERA_3': []}",C_QUESTION_ABOUT_FEATURE,CAMERA_1,optical_zoom,What about the Zoom,PRESENT_X,CAMERA_1,S_ANSWERS_QUESTION_ABOUT_FEATURE,CAMERA_1,optical_zoom,This one has 21x optical zoom.,PRESENT_X,CAMERA_1,13~29
6,8,CAMERA_1,['CAMERA_1'],"{'CAMERA_1': ['ISO', 'weight', 'long_exposure', 'optical_zoom', 'camera_type'], 'CAMERA_2': [], 'CAMERA_3': []}",C_QUESTION_ABOUT_FEATURE,CAMERA_1,camera_type,is this a DSLR camera,PRESENT_X,CAMERA_1,S_ANSWERS_QUESTION_ABOUT_FEATURE,CAMERA_1,camera_type,This is a DSLR camera.,PRESENT_X,CAMERA_1,10~14
6,9,CAMERA_1,['CAMERA_1'],"{'CAMERA_1': ['ISO', 'weight', 'long_exposure', 'optical_zoom', 'camera_type', 'price'], 'CAMERA_2': [], 'CAMERA_3': []}",C_QUESTION_ABOUT_FEATURE,CAMERA_1,price,okay and what is the price on this,PRESENT_X,CAMERA_1,S_ANSWERS_QUESTION_ABOUT_FEATURE,CAMERA_1,price,This one costs $450.,PRESENT_X,CAMERA_1,15~19
6,10,CAMERA_1,['CAMERA_1'],"{'CAMERA_1': ['ISO', 'weight', 'long_exposure', 'optical_zoom', 'camera_type', 'price', 'effects'], 'CAMERA_2': [], 'CAMERA_3': []}",C_SILENT_OR_BACKCHANNEL,CAMERA_1,NONE,ok,PRESENT_X,CAMERA_1,S_INTRODUCES_FEATURE,CAMERA_1,effects,"This one has 24 glamor retouch effects (miniature, retro, toy camera, etc.).",PRESENT_X,CAMERA_1,13~75
6,11,NONE,['CAMERA_1'],"{'CAMERA_1': ['ISO', 'weight', 'long_exposure', 'optical_zoom', 'camera_type', 'price', 'effects'], 'CAMERA_2': [], 'CAMERA_3': []}",C_THANK_YOU,CAMERA_1,NONE,thank you,PRESENT_X,CAMERA_1,S_THANK_YOU,CAMERA_1,NONE,thank you very much.,FACE_TO_FACE,NONE,
6,12,NONE,['CAMERA_1'],"{'CAMERA_1': ['ISO', 'weight', 'long_exposure', 'optical_zoom', 'camera_type', 'price', 'effects'], 'CAMERA_2': [], 'CAMERA_3': []}",C_LEAVES,DOOR,NONE,,FACE_TO_FACE,NONE,S_RETURNS_TO_COUNTER,SERVICE_COUNTER,NONE,,WAITING,NONE,
7,1,NONE,[],"{'CAMERA_1': [], 'CAMERA_2': [], 'CAMERA_3': []}",C_ENTERS,DOOR,NONE,,WAITING,NONE,S_NONE,SERVICE_COUNTER,NONE,,WAITING,NONE,
7,2,NONE,[],"{'CAMERA_1': [], 'CAMERA_2': [], 'CAMERA_3': []}",C_WALKS_TO_CAMERA,CAMERA_3,NONE,,WAITING,NONE,S_GREETS,CAMERA_3,NONE,can I help you?,FACE_TO_FACE,NONE,
7,3,CAMERA_3,['CAMERA_3'],"{'CAMERA_1': [], 'CAMERA_2': [], 'CAMERA_3': []}",C_LOOKING_FOR_A_CAMERA,CAMERA_3,NONE,it's ok i am just looking around,FACE_TO_FACE,NONE,S_INTRODUCES_CAMERA,CAMERA_3,,Let me show you this. Here we have the Fujifilm PowerShot ELPH S2800.,PRESENT_X,CAMERA_3,39~68
7,4,CAMERA_3,['CAMERA_3'],"{'CAMERA_1': [], 'CAMERA_2': [], 'CAMERA_3': ['color']}",C_SILENT_OR_BACKCHANNEL,CAMERA_3,NONE,yeah ok,PRESENT_X,CAMERA_3,S_INTRODUCES_FEATURE,CAMERA_3,color,"This one comes in purple, white, silver, blue, red, or pink.",PRESENT_X,CAMERA_3,18~59
7,5,CAMERA_1,"['CAMERA_3', 'CAMERA_1']","{'CAMERA_1': [], 'CAMERA_2': [], 'CAMERA_3': ['color']}",C_ANYTHING_ELSE_AVAILABLE,CAMERA_3,NONE,do you have any other cameras with preset mode,PRESENT_X,CAMERA_3,S_INTRODUCES_CAMERA,CAMERA_1,,Let me show you this. Here we have the Sony PowerShot ELPH DMC-ZS3.,PRESENT_X,CAMERA_1,39~66
7,6,CAMERA_1,"['CAMERA_3', 'CAMERA_1']","{'CAMERA_1': ['effects'], 'CAMERA_2': [], 'CAMERA_3': ['color']}",C_SILENT_OR_BACKCHANNEL,CAMERA_1,NONE,IC,PRESENT_X,CAMERA_1,S_INTRODUCES_FEATURE,CAMERA_1,effects,"This one has 24 glamor retouch effects (miniature, retro, toy camera, etc.).",PRESENT_X,CAMERA_1,13~75
7,7,CAMERA_1,"['CAMERA_3', 'CAMERA_1']","{'CAMERA_1': ['effects', 'price'], 'CAMERA_2': [], 'CAMERA_3': ['color']}",C_SILENT_OR_BACKCHANNEL,CAMERA_1,NONE,ok,PRESENT_X,CAMERA_1,S_INTRODUCES_FEATURE,CAMERA_1,price,This one costs $450.,PRESENT_X,CAMERA_1,15~19
7,8,CAMERA_1,"['CAMERA_3', 'CAMERA_1']","{'CAMERA_1': ['effects', 'price', 'sensor_size'], 'CAMERA_2': [], 'CAMERA_3': ['color']}",C_SILENT_OR_BACKCHANNEL,CAMERA_1,NONE,I said uh,PRESENT_X,CAMERA_1,S_INTRODUCES_FEATURE,CAMERA_1,sensor_size,This one has a 1/2.3 inch CMOS sensor.,PRESENT_X,CAMERA_1,15~37
7,9,NONE,"['CAMERA_3', 'CAMERA_1']","{'CAMERA_1': ['effects', 'price', 'sensor_size'], 'CAMERA_2': [], 'CAMERA_3': ['color']}",C_THANK_YOU,CAMERA_1,NONE,okay okay thank you very much,PRESENT_X,CAMERA_1,S_THANK_YOU,CAMERA_1,NONE,thank you very much.,FACE_TO_FACE,NONE,
7,10,NONE,"['CAMERA_3', 'CAMERA_1']","{'CAMERA_1': ['effects', 'price', 'sensor_size'], 'CAMERA_2': [], 'CAMERA_3': ['color']}",C_LEAVES,DOOR,NONE,,FACE_TO_FACE,NONE,S_RETURNS_TO_COUNTER,SERVICE_COUNTER,NONE,,WAITING,NONE,
8,1,NONE,[],"{'CAMERA_1': [], 'CAMERA_2': [], 'CAMERA_3': []}",C_ENTERS,DOOR,NONE,,WAITING,NONE,S_NONE,SERVICE_COUNTER,NONE,,WAITING,NONE,
8,2,NONE,[],"{'CAMERA_1': [], 'CAMERA_2': [], 'CAMERA_3': []}",C_GREETS,MIDDLE,NONE,hi,WAITING,NONE,S_GREETS,MIDDLE,NONE,can I help you?,FACE_TO_FACE,NONE,
8,3,CAMERA_2,['CAMERA_2'],"{'CAMERA_1': [], 'CAMERA_2': [], 'CAMERA_3': []}",C_LOOKING_FOR_A_CAMERA,MIDDLE,NONE,hi Crafternoon I'm looking for a camera with very specific settings,FACE_TO_FACE,NONE,S_INTRODUCES_CAMERA,CAMERA_2,,Let me show you this. Here we have the Fujifilm Lumix ILC Camera.,PRESENT_X,CAMERA_2,39~64
8,4,CAMERA_2,['CAMERA_2'],"{'CAMERA_1': [], 'CAMERA_2': ['color'], 'CAMERA_3': []}",C_SILENT_OR_BACKCHANNEL,CAMERA_2,NONE,yeah it's so that's nice if anything else,PRESENT_X,CAMERA_2,S_INTRODUCES_FEATURE,CAMERA_2,color,This one comes in white or pink.,PRESENT_X,CAMERA_2,18~31
8,5,CAMERA_2,['CAMERA_2'],"{'CAMERA_1': [], 'CAMERA_2': ['color', 'price'], 'CAMERA_3': []}",C_SILENT_OR_BACKCHANNEL,CAMERA_2,NONE,wow thats expensive,PRESENT_X,CAMERA_2,S_INTRODUCES_FEATURE,CAMERA_2,price,This one costs $768.,PRESENT_X,CAMERA_2,15~19
8,6,CAMERA_2,['CAMERA_2'],"{'CAMERA_1': [], 'CAMERA_2': ['color', 'price', 'optical_zoom'], 'CAMERA_3': []}",C_SILENT_OR_BACKCHANNEL,CAMERA_2,NONE,I say so,PRESENT_X,CAMERA_2,S_INTRODUCES_FEATURE,CAMERA_2,optical_zoom,This one has 21x optical zoom.,PRESENT_X,CAMERA_2,13~29
8,7,CAMERA_2,['CAMERA_2'],"{'CAMERA_1': [], 'CAMERA_2': ['color', 'price', 'optical_zoom', 'camera_type'], 'CAMERA_3': []}",C_QUESTION_ABOUT_FEATURE,CAMERA_2,camera_type,is this a DSLR camera,PRESENT_X,CAMERA_2,S_ANSWERS_QUESTION_ABOUT_FEATURE,CAMERA_2,camera_type,This is a digital single lens mirrorless camera.,PRESENT_X,CAMERA_2,10~40
8,8,CAMERA_2,['CAMERA_2'],"{'CAMERA_1': [], 'CAMERA_2': ['color', 'price', 'optical_zoom', 'camera_type', 'long_exposure'], 'CAMERA_3': []}",C_SILENT_OR_BACKCHANNEL,CAMERA_2,NONE,IC,PRESENT_X,CAMERA_2,S_INTRODUCES_FEATURE,CAMERA_2,long_exposure,This one can take long exposures up to 60 minutes max with bulb mode.,PRESENT_X,CAMERA_2,39~68
8,9,CAMERA_2,['CAMERA_2'],"{'CAMERA_1': [], 'CAMERA_2': ['color', 'price', 'optical_zoom', 'camera_type', 'long_exposure', 'sensor_size'], 'CAMERA_3': []}",C_QUESTION_ABOUT_FEATURE,CAMERA_2,sensor_size,i see and what is the sensor size of this camera,PRESENT_X,CAMERA_2,S_ANSWERS_QUESTION_ABOUT_FEATURE,CAMERA_2,sensor_size,This one has a 1/2.33 inch sensor.,PRESENT_X,CAMERA_2,15~33
8,10,CAMERA_2,['CAMERA_2'],"{'CAMERA_1': [], 'CAMERA_2': ['color', 'price', 'optical_zoom', 'camera_type', 'long_exposure', 'sensor_size', 'resolution'], 'CAMERA_3': []}",C_QUESTION_ABOUT_FEATURE,CAMERA_2,resolution,Yahara actually like to do that and then what how many megapixels does it have,PRESENT_X,CAMERA_2,S_ANSWERS_QUESTION_ABOUT_FEATURE,CAMERA_2,resolution,This one has 23.8 megapixels resolution.,PRESENT_X,CAMERA_2,13~28
8,11,NONE,['CAMERA_2'],"{'CAMERA_1': [], 'CAMERA_2': ['color', 'price', 'optical_zoom', 'camera_type', 'long_exposure', 'sensor_size', 'resolution'], 'CAMERA_3': []}",C_THANK_YOU,CAMERA_2,NONE,ok thanks for help,PRESENT_X,CAMERA_2,S_THANK_YOU,CAMERA_2,NONE,thank you very much.,FACE_TO_FACE,NONE,
8,12,NONE,['CAMERA_2'],"{'CAMERA_1': [], 'CAMERA_2': ['color', 'price', 'optical_zoom', 'camera_type', 'long_exposure', 'sensor_size', 'resolution'], 'CAMERA_3': []}",C_LEAVES,DOOR,NONE,,FACE_TO_FACE,NONE,S_RETURNS_TO_COUNTER,SERVICE_COUNTER,NONE,,WAITING,NONE,
9,1,NONE,[],"{'CAMERA_1': [], 'CAMERA_2': [], 'CAMERA_3': []}",C_ENTERS,DOOR,NONE,,WAITING,NONE,S_NONE,SERVICE_COUNTER,NONE,,WAITING,NONE,
9,2,NONE,[],"{'CAMERA_1': [], 'CAMERA_2': [], 'CAMERA_3': []}",C_GREETS,MIDDLE,NONE,kiss me,WAITING,NONE,S_GREETS,MIDDLE,NONE,can I help you?,FACE_TO_FACE,NONE,
9,3,CAMERA_3,['CAMERA_3'],"{'CAMERA_1': [], 'CAMERA_2': [], 'CAMERA_3': []}",C_LOOKING_FOR_A_CAMERA,MIDDLE,NONE,I want to see your new camera the professional one,FACE_TO_FACE,NONE,S_INTRODUCES_CAMERA,CAMERA_3,,Let me show you this. Here we have the Fujifilm PowerShot ELPH S2800.,PRESENT_X,CAMERA_3,39~68
9,4,CAMERA_3,['CAMERA_3'],"{'CAMERA_1': [], 'CAMERA_2': [], 'CAMERA_3': ['camera_type']}",C_SILENT_OR_BACKCHANNEL,CAMERA_3,NONE,ok,PRESENT_X,CAMERA_3,S_INTRODUCES_FEATURE,CAMERA_3,camera_type,This is a point and shoot camera.,PRESENT_X,CAMERA_3,10~25
9,5,CAMERA_2,"['CAMERA_3', 'CAMERA_2']","{'CAMERA_1': [], 'CAMERA_2': [], 'CAMERA_3': ['camera_type']}",C_ANYTHING_ELSE_AVAILABLE,CAMERA_3,NONE,do you have any other cameras like this,PRESENT_X,CAMERA_3,S_INTRODUCES_CAMERA,CAMERA_2,,Let me show you this. Here we have the Fujifilm Lumix ILC Camera.,PRESENT_X,CAMERA_2,39~64
9,6,CAMERA_2,"['CAMERA_3', 'CAMERA_2']","{'CAMERA_1': [], 'CAMERA_2': ['ISO'], 'CAMERA_3': ['camera_type']}",C_QUESTION_ABOUT_FEATURE,CAMERA_2,ISO,is this able to shoot high iso,PRESENT_X,CAMERA_2,S_NOT_SURE,CAMERA_2,,I'm not really sure about that.,PRESENT_X,CAMERA_2,
9,7,CAMERA_2,"['CAMERA_3', 'CAMERA_2']","{'CAMERA_1': [], 'CAMERA_2': ['ISO', 'long_exposure'], 'CAMERA_3': ['camera_type']}",C_SILENT_OR_BACKCHANNEL,CAMERA_2,NONE,I say,PRESENT_X,CAMERA_2,S_INTRODUCES_FEATURE,CAMERA_2,long_exposure,This one can take long exposures up to 60 minutes max with bulb mode.,PRESENT_X,CAMERA_2,39~68
9,8,CAMERA_2,"['CAMERA_3', 'CAMERA_2']","{'CAMERA_1': [], 'CAMERA_2': ['ISO', 'long_exposure', 'color'], 'CAMERA_3': ['camera_type']}",C_QUESTION_ABOUT_FEATURE,CAMERA_2,color,is there any other colors,PRESENT_X,CAMERA_2,S_ANSWERS_QUESTION_ABOUT_FEATURE,CAMERA_2,color,This one comes in white or pink.,PRESENT_X,CAMERA_2,18~31
9,9,CAMERA_2,"['CAMERA_3', 'CAMERA_2']","{'CAMERA_1': [], 'CAMERA_2': ['ISO', 'long_exposure', 'color', 'optical_zoom'], 'CAMERA_3': ['camera_type']}",C_SILENT_OR_BACKCHANNEL,CAMERA_2,NONE,I said yeah ok,PRESENT_X,CAMERA_2,S_INTRODUCES_FEATURE,CAMERA_2,optical_zoom,This one has 21x optical zoom.,PRESENT_X,CAMERA_2,13~29
9,10,CAMERA_2,"['CAMERA_3', 'CAMERA_2']","{'CAMERA_1': [], 'CAMERA_2': ['ISO', 'long_exposure', 'color', 'optical_zoom', 'price'], 'CAMERA_3': ['camera_type']}",C_SILENT_OR_BACKCHANNEL,CAMERA_2,NONE,okay,PRESENT_X,CAMERA_2,S_INTRODUCES_FEATURE,CAMERA_2,price,This one costs $768.,PRESENT_X,CAMERA_2,15~19
9,11,CAMERA_2,"['CAMERA_3', 'CAMERA_2']","{'CAMERA_1': [], 'CAMERA_2': ['ISO', 'long_exposure', 'color', 'optical_zoom', 'price', 'effects'], 'CAMERA_3': ['camera_type']}",C_QUESTION_ABOUT_FEATURE,CAMERA_2,effects,what other effects does it have,PRESENT_X,CAMERA_2,S_ANSWERS_QUESTION_ABOUT_FEATURE,CAMERA_2,effects,"This one has 24 artistic effect modes (retro, lighter or darker skin tones, sepia, etc.).",PRESENT_X,CAMERA_2,13~88
9,12,CAMERA_2,"['CAMERA_3', 'CAMERA_2']","{'CAMERA_1': [], 'CAMERA_2': ['ISO', 'long_exposure', 'color', 'optical_zoom', 'price', 'effects', 'settings'], 'CAMERA_3': ['camera_type']}",C_QUESTION_ABOUT_FEATURE,CAMERA_2,settings,sounds good what about the manual settings,PRESENT_X,CAMERA_2,S_ANSWERS_QUESTION_ABOUT_FEATURE,CAMERA_2,settings,"This one has manual control and various automatic settings (video modeburst shooting, etc.).",PRESENT_X,CAMERA_2,13~91
9,13,CAMERA_2,"['CAMERA_3', 'CAMERA_2']","{'CAMERA_1': [], 'CAMERA_2': ['ISO', 'long_exposure', 'color', 'optical_zoom', 'price', 'effects', 'settings', 'preset_modes'], 'CAMERA_3': ['camera_type']}",C_QUESTION_ABOUT_FEATURE,CAMERA_2,preset_modes,is it equipped with any preset modes,PRESENT_X,CAMERA_2,S_NOT_SURE,CAMERA_2,,I'm not really sure about that.,PRESENT_X,CAMERA_2,
9,14,CAMERA_2,"['CAMERA_3', 'CAMERA_2']","{'CAMERA_1': [], 'CAMERA_2': ['ISO', 'long_exposure', 'color', 'optical_zoom', 'price', 'effects', 'settings', 'preset_modes', 'weight'], 'CAMERA_3': ['camera_type']}",C_SILENT_OR_BACKCHANNEL,CAMERA_2,NONE,ok,PRESENT_X,CAMERA_2,S_INTRODUCES_FEATURE,CAMERA_2,weight,This one weighs 820 grams.,PRESENT_X,CAMERA_2,16~25
9,15,NONE,"['CAMERA_3', 'CAMERA_2']","{'CAMERA_1': [], 'CAMERA_2': ['ISO', 'long_exposure', 'color', 'optical_zoom', 'price', 'effects', 'settings', 'preset_modes', 'weight'], 'CAMERA_3': ['camera_type']}",C_THANK_YOU,CAMERA_2,NONE,oh okay I see well thank you very much thank you for all your time,PRESENT_X,CAMERA_2,S_THANK_YOU,CAMERA_2,NONE,thank you very much.,FACE_TO_FACE,NONE,
9,16,NONE,"['CAMERA_3', 'CAMERA_2']","{'CAMERA_1': [], 'CAMERA_2': ['ISO', 'long_exposure', 'color', 'optical_zoom', 'price', 'effects', 'settings', 'preset_modes', 'weight'], 'CAMERA_3': ['camera_type']}",C_LEAVES,DOOR,NONE,,FACE_TO_FACE,NONE,S_RETURNS_TO_COUNTER,SERVICE_COUNTER,NONE,,WAITING,NONE,
10,1,NONE,[],"{'CAMERA_1': [], 'CAMERA_2': [], 'CAMERA_3': []}",C_ENTERS,DOOR,NONE,,WAITING,NONE,S_NONE,SERVICE_COUNTER,NONE,,WAITING,NONE,
10,2,NONE,[],"{'CAMERA_1': [], 'CAMERA_2': [], 'CAMERA_3': []}",C_GREETS,MIDDLE,NONE,I'm sorry,WAITING,NONE,S_GREETS,MIDDLE,NONE,can I help you?,FACE_TO_FACE,NONE,
10,3,CAMERA_1,['CAMERA_1'],"{'CAMERA_1': [], 'CAMERA_2': [], 'CAMERA_3': []}",C_LOOKING_FOR_A_CAMERA,MIDDLE,NONE,I'm looking for a camera,FACE_TO_FACE,NONE,S_INTRODUCES_CAMERA,CAMERA_1,,Let me show you this. Here we have the Sony PowerShot ELPH DMC-ZS3.,PRESENT_X,CAMERA_1,39~66
10,4,CAMERA_1,['CAMERA_1'],"{'CAMERA_1': ['ISO'], 'CAMERA_2': [], 'CAMERA_3': []}",C_SILENT_OR_BACKCHANNEL,CAMERA_1,NONE,ok,PRESENT_X,CAMERA_1,S_INTRODUCES_FEATURE,CAMERA_1,ISO,This one has up to 51200 ISO.,PRESENT_X,CAMERA_1,13~28
10,5,CAMERA_1,['CAMERA_1'],"{'CAMERA_1': ['ISO', 'effects'], 'CAMERA_2': [], 'CAMERA_3': []}",C_QUESTION_ABOUT_FEATURE,CAMERA_1,effects,okay good I'm going to take this as autistic effect mode what does that mean exactly,PRESENT_X,CAMERA_1,S_ANSWERS_QUESTION_ABOUT_FEATURE,CAMERA_1,effects,"This one has 24 glamor retouch effects (miniature, retro, toy camera, etc.).",PRESENT_X,CAMERA_1,13~75
10,6,CAMERA_1,['CAMERA_1'],"{'CAMERA_1': ['ISO', 'effects', 'settings'], 'CAMERA_2': [], 'CAMERA_3': []}",C_SILENT_OR_BACKCHANNEL,CAMERA_1,NONE,$68 wow that's great,PRESENT_X,CAMERA_1,S_INTRODUCES_FEATURE,CAMERA_1,settings,This one has limited manual settings.,PRESENT_X,CAMERA_1,13~36
10,7,CAMERA_1,['CAMERA_1'],"{'CAMERA_1': ['ISO', 'effects', 'settings', 'sensor_size'], 'CAMERA_2': [], 'CAMERA_3': []}",C_SILENT_OR_BACKCHANNEL,CAMERA_1,NONE,huh,PRESENT_X,CAMERA_1,S_INTRODUCES_FEATURE,CAMERA_1,sensor_size,This one has a 1/2.3 inch CMOS sensor.,PRESENT_X,CAMERA_1,15~37
10,8,NONE,['CAMERA_1'],"{'CAMERA_1': ['ISO', 'effects', 'settings', 'sensor_size'], 'CAMERA_2': [], 'CAMERA_3': []}",C_THANK_YOU,CAMERA_1,NONE,thank you,PRESENT_X,CAMERA_1,S_THANK_YOU,CAMERA_1,NONE,thank you very much.,FACE_TO_FACE,NONE,
10,9,NONE,['CAMERA_1'],"{'CAMERA_1': ['ISO', 'effects', 'settings', 'sensor_size'], 'CAMERA_2': [], 'CAMERA_3': []}",C_LEAVES,DOOR,NONE,,FACE_TO_FACE,NONE,S_RETURNS_TO_COUNTER,SERVICE_COUNTER,NONE,,WAITING,NONE,
11,1,NONE,[],"{'CAMERA_1': [], 'CAMERA_2': [], 'CAMERA_3': []}",C_ENTERS,DOOR,NONE,,WAITING,NONE,S_NONE,SERVICE_COUNTER,NONE,,WAITING,NONE,
11,2,NONE,[],"{'CAMERA_1': [], 'CAMERA_2': [], 'CAMERA_3': []}",C_GREETS,MIDDLE,NONE,excuse me,WAITING,NONE,S_GREETS,MIDDLE,NONE,can I help you?,FACE_TO_FACE,NONE,
11,3,CAMERA_2,['CAMERA_2'],"{'CAMERA_1': [], 'CAMERA_2': [], 'CAMERA_3': []}",C_LOOKING_FOR_A_CAMERA,MIDDLE,NONE,I'm just browsing but just trying to find a camera but I don't know what camera is really good,FACE_TO_FACE,NONE,S_INTRODUCES_CAMERA,CAMERA_2,,Let me show you this. Here we have the Fujifilm Lumix ILC Camera.,PRESENT_X,CAMERA_2,39~64
11,4,CAMERA_2,['CAMERA_2'],"{'CAMERA_1': [], 'CAMERA_2': ['camera_type'], 'CAMERA_3': []}",C_QUESTION_ABOUT_FEATURE,CAMERA_2,camera_type,is this a point and shoot camera,PRESENT_X,CAMERA_2,S_ANSWERS_QUESTION_ABOUT_FEATURE,CAMERA_2,camera_type,This is a digital single lens mirrorless camera.,PRESENT_X,CAMERA_2,10~40
11,5,CAMERA_2,['CAMERA_2'],"{'CAMERA_1': [], 'CAMERA_2': ['camera_type', 'ISO'], 'CAMERA_3': []}",C_QUESTION_ABOUT_FEATURE,CAMERA_2,ISO,How is the iso performance,PRESENT_X,CAMERA_2,S_NOT_SURE,CAMERA_2,,I'm not really sure about that.,PRESENT_X,CAMERA_2,
11,6,CAMERA_3,"['CAMERA_2', 'CAMERA_3']","{'CAMERA_1': [], 'CAMERA_2': ['camera_type', 'ISO'], 'CAMERA_3': []}",C_ANYTHING_ELSE_AVAILABLE,CAMERA_2,NONE,ok do you have any other cameras that can just look at,PRESENT_X,CAMERA_2,S_INTRODUCES_CAMERA,CAMERA_3,,Let me show you this. Here we have the Fujifilm PowerShot ELPH S2800.,PRESENT_X,CAMERA_3,39~68
11,7,CAMERA_3,"['CAMERA_2', 'CAMERA_3']","{'CAMERA_1': [], 'CAMERA_2': ['camera_type', 'ISO'], 'CAMERA_3': ['settings']}",C_QUESTION_ABOUT_FEATURE,CAMERA_3,settings,what about the manual settings it seems is quite taken to put everything in manual mode and I am used to this kind of coming,PRESENT_X,CAMERA_3,S_ANSWERS_QUESTION_ABOUT_FEATURE,CAMERA_3,settings,"This one has manual control and various automatic settings (video modeburst shooting, etc.).",PRESENT_X,CAMERA_3,13~91
11,8,CAMERA_1,"['CAMERA_2', 'CAMERA_3', 'CAMERA_1']","{'CAMERA_1': [], 'CAMERA_2': ['camera_type', 'ISO'], 'CAMERA_3': ['settings']}",C_ANYTHING_ELSE_AVAILABLE,CAMERA_3,NONE,that's good that's okay I like it when do you have other models in this area,PRESENT_X,CAMERA_3,S_INTRODUCES_CAMERA,CAMERA_1,,Let me show you this. Here we have the Sony PowerShot ELPH DMC-ZS3.,PRESENT_X,CAMERA_1,39~66
11,9,CAMERA_1,"['CAMERA_2', 'CAMERA_3', 'CAMERA_1']","{'CAMERA_1': ['autofocus_points'], 'CAMERA_2': ['camera_type', 'ISO'], 'CAMERA_3': ['settings']}",C_SILENT_OR_BACKCHANNEL,CAMERA_1,NONE,IC,PRESENT_X,CAMERA_1,S_INTRODUCES_FEATURE,CAMERA_1,autofocus_points,This one has 135 autofocus points.,PRESENT_X,CAMERA_1,13~33
11,10,CAMERA_1,"['CAMERA_2', 'CAMERA_3', 'CAMERA_1']","{'CAMERA_1': ['autofocus_points', 'long_exposure'], 'CAMERA_2': ['camera_type', 'ISO'], 'CAMERA_3': ['settings']}",C_SILENT_OR_BACKCHANNEL,CAMERA_1,NONE,okay that sounds great,PRESENT_X,CAMERA_1,S_INTRODUCES_FEATURE,CAMERA_1,long_exposure,This one can take long exposures up to up to 15 seconds with Long Shutter Mode.,PRESENT_X,CAMERA_1,39~78
11,11,CAMERA_1,"['CAMERA_2', 'CAMERA_3', 'CAMERA_1']","{'CAMERA_1': ['autofocus_points', 'long_exposure', 'ISO'], 'CAMERA_2': ['camera_type', 'ISO'], 'CAMERA_3': ['settings']}",C_SILENT_OR_BACKCHANNEL,CAMERA_1,NONE,ok,PRESENT_X,CAMERA_1,S_INTRODUCES_FEATURE,CAMERA_1,ISO,This one has up to 51200 ISO.,PRESENT_X,CAMERA_1,13~28
11,12,NONE,"['CAMERA_2', 'CAMERA_3', 'CAMERA_1']","{'CAMERA_1': ['autofocus_points', 'long_exposure', 'ISO'], 'CAMERA_2': ['camera_type', 'ISO'], 'CAMERA_3': ['settings']}",C_THANK_YOU,CAMERA_1,NONE,thanks for your help anytime,PRESENT_X,CAMERA_1,S_THANK_YOU,CAMERA_1,NONE,thank you very much.,FACE_TO_FACE,NONE,
11,13,NONE,"['CAMERA_2', 'CAMERA_3', 'CAMERA_1']","{'CAMERA_1': ['autofocus_points', 'long_exposure', 'ISO'], 'CAMERA_2': ['camera_type', 'ISO'], 'CAMERA_3': ['settings']}",C_LEAVES,DOOR,NONE,,FACE_TO_FACE,NONE,S_RETURNS_TO_COUNTER,SERVICE_COUNTER,NONE,,WAITING,NONE,
12,1,NONE,[],"{'CAMERA_1': [], 'CAMERA_2': [], 'CAMERA_3': []}",C_ENTERS,DOOR,NONE,,WAITING,NONE,S_NONE,SERVICE_COUNTER,NONE,,WAITING,NONE,
12,2,NONE,[],"{'CAMERA_1': [], 'CAMERA_2': [], 'CAMERA_3': []}",C_WALKS_TO_CAMERA,CAMERA_2,NONE,,WAITING,NONE,S_GREETS,CAMERA_2,NONE,can I help you?,FACE_TO_FACE,NONE,
12,3,CAMERA_2,['CAMERA_2'],"{'CAMERA_1': [], 'CAMERA_2': [], 'CAMERA_3': []}",C_LOOKING_FOR_A_CAMERA,CAMERA_2,NONE,I'm looking for a good camera like nothing like a little time I think I want stay with real pictures so can you show me what are your options here,FACE_TO_FACE,NONE,S_INTRODUCES_CAMERA,CAMERA_2,,Let me show you this. Here we have the Fujifilm Lumix ILC Camera.,PRESENT_X,CAMERA_2,39~64
12,4,CAMERA_2,['CAMERA_2'],"{'CAMERA_1': [], 'CAMERA_2': ['color'], 'CAMERA_3': []}",C_QUESTION_ABOUT_FEATURE,CAMERA_2,color,how about the colors and what color does it come in,PRESENT_X,CAMERA_2,S_ANSWERS_QUESTION_ABOUT_FEATURE,CAMERA_2,color,This one comes in white or pink.,PRESENT_X,CAMERA_2,18~31
12,5,CAMERA_2,['CAMERA_2'],"{'CAMERA_1': [], 'CAMERA_2': ['color', 'effects'], 'CAMERA_3': []}",C_QUESTION_ABOUT_FEATURE,CAMERA_2,effects,does it have artistic effect mode,PRESENT_X,CAMERA_2,S_ANSWERS_QUESTION_ABOUT_FEATURE,CAMERA_2,effects,"This one has 24 artistic effect modes (retro, lighter or darker skin tones, sepia, etc.).",PRESENT_X,CAMERA_2,13~88
12,6,CAMERA_2,['CAMERA_2'],"{'CAMERA_1': [], 'CAMERA_2': ['color', 'effects', 'settings'], 'CAMERA_3': []}",C_QUESTION_ABOUT_FEATURE,CAMERA_2,settings,does it comes with manual settings,PRESENT_X,CAMERA_2,S_ANSWERS_QUESTION_ABOUT_FEATURE,CAMERA_2,settings,"This one has manual control and various automatic settings (video modeburst shooting, etc.).",PRESENT_X,CAMERA_2,13~91
12,7,CAMERA_2,['CAMERA_2'],"{'CAMERA_1': [], 'CAMERA_2': ['color', 'effects', 'settings', 'weight'], 'CAMERA_3': []}",C_SILENT_OR_BACKCHANNEL,CAMERA_2,NONE,oh I see,PRESENT_X,CAMERA_2,S_INTRODUCES_FEATURE,CAMERA_2,weight,This one weighs 820 grams.,PRESENT_X,CAMERA_2,16~25
12,8,CAMERA_2,['CAMERA_2'],"{'CAMERA_1': [], 'CAMERA_2': ['color', 'effects', 'settings', 'weight', 'price'], 'CAMERA_3': []}",C_SILENT_OR_BACKCHANNEL,CAMERA_2,NONE,IC,PRESENT_X,CAMERA_2,S_INTRODUCES_FEATURE,CAMERA_2,price,This one costs $768.,PRESENT_X,CAMERA_2,15~19
12,9,CAMERA_2,['CAMERA_2'],"{'CAMERA_1': [], 'CAMERA_2': ['color', 'effects', 'settings', 'weight', 'price', 'long_exposure'], 'CAMERA_3': []}",C_QUESTION_ABOUT_FEATURE,CAMERA_2,long_exposure,ICN worry about their long exposure,PRESENT_X,CAMERA_2,S_ANSWERS_QUESTION_ABOUT_FEATURE,CAMERA_2,long_exposure,This one can take long exposures up to 60 minutes max with bulb mode.,PRESENT_X,CAMERA_2,39~68
12,10,CAMERA_2,['CAMERA_2'],"{'CAMERA_1': [], 'CAMERA_2': ['color', 'effects', 'settings', 'weight', 'price', 'long_exposure', 'ISO'], 'CAMERA_3': []}",C_QUESTION_ABOUT_FEATURE,CAMERA_2,ISO,what is this ISO thing,PRESENT_X,CAMERA_2,S_NOT_SURE,CAMERA_2,,I'm not really sure about that.,PRESENT_X,CAMERA_2,
12,11,CAMERA_2,['CAMERA_2'],"{'CAMERA_1': [], 'CAMERA_2': ['color', 'effects', 'settings', 'weight', 'price', 'long_exposure', 'ISO', 'resolution'], 'CAMERA_3': []}",C_QUESTION_ABOUT_FEATURE,CAMERA_2,resolution,I said he's got the glamour of a touch affect what what does that mean,PRESENT_X,CAMERA_2,S_ANSWERS_QUESTION_ABOUT_FEATURE,CAMERA_2,resolution,This one has 23.8 megapixels resolution.,PRESENT_X,CAMERA_2,13~28
12,12,NONE,['CAMERA_2'],"{'CAMERA_1': [], 'CAMERA_2': ['color', 'effects', 'settings', 'weight', 'price', 'long_exposure', 'ISO', 'resolution'], 'CAMERA_3': []}",C_THANK_YOU,CAMERA_2,NONE,alright thank you,PRESENT_X,CAMERA_2,S_THANK_YOU,CAMERA_2,NONE,thank you very much.,FACE_TO_FACE,NONE,
12,13,NONE,['CAMERA_2'],"{'CAMERA_1': [], 'CAMERA_2': ['color', 'effects', 'settings', 'weight', 'price', 'long_exposure', 'ISO', 'resolution'], 'CAMERA_3': []}",C_LEAVES,DOOR,NONE,,FACE_TO_FACE,NONE,S_RETURNS_TO_COUNTER,SERVICE_COUNTER,NONE,,WAITING,NONE,
13,1,NONE,[],"{'CAMERA_1': [], 'CAMERA_2': [], 'CAMERA_3': []}",C_ENTERS,DOOR,NONE,,WAITING,NONE,S_NONE,SERVICE_COUNTER,NONE,,WAITING,NONE,
13,2,NONE,[],"{'CAMERA_1': [], 'CAMERA_2': [], 'CAMERA_3': []}",C_GREETS,MIDDLE,NONE,hello,WAITING,NONE,S_GREETS,MIDDLE,NONE,can I help you?,FACE_TO_FACE,NONE,
13,3,CAMERA_1,['CAMERA_1'],"{'CAMERA_1': [], 'CAMERA_2': [], 'CAMERA_3': []}",C_LOOKING_FOR_A_CAMERA,MIDDLE,NONE,yes I'm looking for a camera,FACE_TO_FACE,NONE,S_INTRODUCES_CAMERA,CAMERA_1,,Let me show you this. Here we have the Sony PowerShot ELPH DMC-ZS3.,PRESENT_X,CAMERA_1,39~66
13,4,CAMERA_1,['CAMERA_1'],"{'CAMERA_1': ['sensor_size'], 'CAMERA_2': [], 'CAMERA_3': []}",C_SILENT_OR_BACKCHANNEL,CAMERA_1,NONE,wow that's pretty steep,PRESENT_X,CAMERA_1,S_INTRODUCES_FEATURE,CAMERA_1,sensor_size,This one has a 1/2.3 inch CMOS sensor.,PRESENT_X,CAMERA_1,15~37
13,5,CAMERA_1,['CAMERA_1'],"{'CAMERA_1': ['sensor_size', 'ISO'], 'CAMERA_2': [], 'CAMERA_3': []}",C_QUESTION_ABOUT_FEATURE,CAMERA_1,ISO,what about the ISO,PRESENT_X,CAMERA_1,S_ANSWERS_QUESTION_ABOUT_FEATURE,CAMERA_1,ISO,This one has up to 51200 ISO.,PRESENT_X,CAMERA_1,13~28
13,6,NONE,['CAMERA_1'],"{'CAMERA_1': ['sensor_size', 'ISO'], 'CAMERA_2': [], 'CAMERA_3': []}",C_THANK_YOU,CAMERA_1,NONE,thank you very much for your help have a great day,PRESENT_X,CAMERA_1,S_THANK_YOU,CAMERA_1,NONE,thank you very much.,FACE_TO_FACE,NONE,
13,7,NONE,['CAMERA_1'],"{'CAMERA_1': ['sensor_size', 'ISO'], 'CAMERA_2': [], 'CAMERA_3': []}",C_LEAVES,DOOR,NONE,,FACE_TO_FACE,NONE,S_RETURNS_TO_COUNTER,SERVICE_COUNTER,NONE,,WAITING,NONE,
14,1,NONE,[],"{'CAMERA_1': [], 'CAMERA_2': [], 'CAMERA_3': []}",C_ENTERS,DOOR,NONE,,WAITING,NONE,S_NONE,SERVICE_COUNTER,NONE,,WAITING,NONE,
14,2,NONE,[],"{'CAMERA_1': [], 'CAMERA_2': [], 'CAMERA_3': []}",C_WALKS_TO_CAMERA,CAMERA_3,NONE,,WAITING,NONE,S_NONE,SERVICE_COUNTER,NONE,,WAITING,NONE,
14,3,NONE,[],"{'CAMERA_1': [], 'CAMERA_2': [], 'CAMERA_3': []}",C_EXAMINES_CAMERA,CAMERA_3,NONE,,WAITING,NONE,S_GREETS,CAMERA_3,NONE,can I help you?,FACE_TO_FACE,NONE,
14,4,CAMERA_3,['CAMERA_3'],"{'CAMERA_1': [], 'CAMERA_2': [], 'CAMERA_3': []}",C_LOOKING_FOR_A_CAMERA,CAMERA_3,NONE,hi good afternoon I'm looking to buy a new camera that if it continues portable,FACE_TO_FACE,NONE,S_INTRODUCES_CAMERA,CAMERA_3,,Let me show you this. Here we have the Fujifilm PowerShot ELPH S2800.,PRESENT_X,CAMERA_3,39~68
14,5,CAMERA_3,['CAMERA_3'],"{'CAMERA_1': [], 'CAMERA_2': [], 'CAMERA_3': ['preset_modes']}",C_SILENT_OR_BACKCHANNEL,CAMERA_3,NONE,this camera looks good,PRESENT_X,CAMERA_3,S_INTRODUCES_FEATURE,CAMERA_3,preset_modes,This one has various preset modes.,PRESENT_X,CAMERA_3,13~33
14,6,CAMERA_3,['CAMERA_3'],"{'CAMERA_1': [], 'CAMERA_2': [], 'CAMERA_3': ['preset_modes', 'autofocus_points']}",C_QUESTION_ABOUT_FEATURE,CAMERA_3,autofocus_points,how many auto focus points does this have,PRESENT_X,CAMERA_3,S_ANSWERS_QUESTION_ABOUT_FEATURE,CAMERA_3,autofocus_points,This one has 214 autofocus points.,PRESENT_X,CAMERA_3,13~33
14,7,CAMERA_3,['CAMERA_3'],"{'CAMERA_1': [], 'CAMERA_2': [], 'CAMERA_3': ['preset_modes', 'autofocus_points', 'weight']}",C_QUESTION_ABOUT_FEATURE,CAMERA_3,weight,that sounds good is it light go cuz I don't want to be carrying around heavy stuff all through the vacation,PRESENT_X,CAMERA_3,S_ANSWERS_QUESTION_ABOUT_FEATURE,CAMERA_3,weight,This one weighs 820 grams.,PRESENT_X,CAMERA_3,16~25
14,8,CAMERA_3,['CAMERA_3'],"{'CAMERA_1': [], 'CAMERA_2': [], 'CAMERA_3': ['preset_modes', 'autofocus_points', 'weight', 'resolution']}",C_SILENT_OR_BACKCHANNEL,CAMERA_3,NONE,this camera sounds pretty good,PRESENT_X,CAMERA_3,S_INTRODUCES_FEATURE,CAMERA_3,resolution,This one has 23.2 megapixels resolution.,PRESENT_X,CAMERA_3,13~28
14,9,CAMERA_3,['CAMERA_3'],"{'CAMERA_1': [], 'CAMERA_2': [], 'CAMERA_3': ['preset_modes', 'autofocus_points', 'weight', 'resolution', 'optical_zoom']}",C_QUESTION_ABOUT_FEATURE,CAMERA_3,optical_zoom,Sharp Images High and optical zoom does that mean the lens comes out,PRESENT_X,CAMERA_3,S_NOT_SURE,CAMERA_3,,I'm not really sure about that.,PRESENT_X,CAMERA_3,
14,10,CAMERA_3,['CAMERA_3'],"{'CAMERA_1': [], 'CAMERA_2': [], 'CAMERA_3': ['preset_modes', 'autofocus_points', 'weight', 'resolution', 'optical_zoom', 'ISO']}",C_QUESTION_ABOUT_FEATURE,CAMERA_3,ISO,and how high does the iso good,PRESENT_X,CAMERA_3,S_ANSWERS_QUESTION_ABOUT_FEATURE,CAMERA_3,ISO,This one has up to 3200 ISO with little noise.,PRESENT_X,CAMERA_3,13~45
14,11,CAMERA_3,['CAMERA_3'],"{'CAMERA_1': [], 'CAMERA_2': [], 'CAMERA_3': ['preset_modes', 'autofocus_points', 'weight', 'resolution', 'optical_zoom', 'ISO', 'sensor_size']}",C_QUESTION_ABOUT_FEATURE,CAMERA_3,sensor_size,what about the sensor size,PRESENT_X,CAMERA_3,S_ANSWERS_QUESTION_ABOUT_FEATURE,CAMERA_3,sensor_size,This one has a full frame.,PRESENT_X,CAMERA_3,15~25
14,12,CAMERA_3,['CAMERA_3'],"{'CAMERA_1': [], 'CAMERA_2': [], 'CAMERA_3': ['preset_modes', 'autofocus_points', 'weight', 'resolution', 'optical_zoom', 'ISO', 'sensor_size', 'price']}",C_QUESTION_ABOUT_FEATURE,CAMERA_3,price,You said this was cheap,PRESENT_X,CAMERA_3,S_ANSWERS_QUESTION_ABOUT_FEATURE,CAMERA_3,price,This one costs $518.,PRESENT_X,CAMERA_3,15~19
14,13,CAMERA_3,['CAMERA_3'],"{'CAMERA_1': [], 'CAMERA_2': [], 'CAMERA_3': ['preset_modes', 'autofocus_points', 'weight', 'resolution', 'optical_zoom', 'ISO', 'sensor_size', 'price', 'effects']}",C_SILENT_OR_BACKCHANNEL,CAMERA_3,NONE,yeah that sounds great to me I don't have to worry about the technical stuff,PRESENT_X,CAMERA_3,S_INTRODUCES_FEATURE,CAMERA_3,effects,"This one has 21 photo effects (small face, retro, big eyes, etc.).",PRESENT_X,CAMERA_3,13~65
14,14,NONE,['CAMERA_3'],"{'CAMERA_1': [], 'CAMERA_2': [], 'CAMERA_3': ['preset_modes', 'autofocus_points', 'weight', 'resolution', 'optical_zoom', 'ISO', 'sensor_size', 'price', 'effects']}",C_THANK_YOU,CAMERA_3,NONE,thank you,PRESENT_X,CAMERA_3,S_THANK_YOU,CAMERA_3,NONE,thank you very much.,FACE_TO_FACE,NONE,
14,15,NONE,['CAMERA_3'],"{'CAMERA_1': [], 'CAMERA_2': [], 'CAMERA_3': ['preset_modes', 'autofocus_points', 'weight', 'resolution', 'optical_zoom', 'ISO', 'sensor_size', 'price', 'effects']}",C_LEAVES,DOOR,NONE,,FACE_TO_FACE,NONE,S_RETURNS_TO_COUNTER,SERVICE_COUNTER,NONE,,WAITING,NONE,
15,1,NONE,[],"{'CAMERA_1': [], 'CAMERA_2': [], 'CAMERA_3': []}",C_ENTERS,DOOR,NONE,,WAITING,NONE,S_NONE,SERVICE_COUNTER,NONE,,WAITING,NONE,
15,2,NONE,[],"{'CAMERA_1': [], 'CAMERA_2': [], 'CAMERA_3': []}",C_WALKS_TO_CAMERA,CAMERA_2,NONE,,WAITING,NONE,S_GREETS,CAMERA_2,NONE,can I help you?,FACE_TO_FACE,NONE,
15,3,CAMERA_3,['CAMERA_3'],"{'CAMERA_1': [], 'CAMERA_2': [], 'CAMERA_3': []}",C_LOOKING_FOR_A_CAMERA,CAMERA_2,NONE,I'm here to see the cameras I want a new one,FACE_TO_FACE,NONE,S_INTRODUCES_CAMERA,CAMERA_3,,Let me show you this. Here we have the Fujifilm PowerShot ELPH S2800.,PRESENT_X,CAMERA_3,39~68
15,4,CAMERA_3,['CAMERA_3'],"{'CAMERA_1': [], 'CAMERA_2': [], 'CAMERA_3': ['ISO']}",C_SILENT_OR_BACKCHANNEL,CAMERA_3,NONE,ok,PRESENT_X,CAMERA_3,S_INTRODUCES_FEATURE,CAMERA_3,ISO,This one has up to 3200 ISO with little noise.,PRESENT_X,CAMERA_3,13~45
15,5,NONE,['CAMERA_3'],"{'CAMERA_1': [], 'CAMERA_2': [], 'CAMERA_3': ['ISO']}",C_THANK_YOU,CAMERA_3,NONE,thank you,PRESENT_X,CAMERA_3,S_THANK_YOU,CAMERA_3,NONE,thank you very much.,FACE_TO_FACE,NONE,
15,6,NONE,['CAMERA_3'],"{'CAMERA_1': [], 'CAMERA_2': [], 'CAMERA_3': ['ISO']}",C_LEAVES,DOOR,NONE,,FACE_TO_FACE,NONE,S_RETURNS_TO_COUNTER,SERVICE_COUNTER,NONE,,WAITING,NONE,
16,1,NONE,[],"{'CAMERA_1': [], 'CAMERA_2': [], 'CAMERA_3': []}",C_ENTERS,DOOR,NONE,,WAITING,NONE,S_NONE,SERVICE_COUNTER,NONE,,WAITING,NONE,
16,2,NONE,[],"{'CAMERA_1': [], 'CAMERA_2': [], 'CAMERA_3': []}",C_GREETS,MIDDLE,NONE,kiss me,WAITING,NONE,S_GREETS,MIDDLE,NONE,can I help you?,FACE_TO_FACE,NONE,
16,3,CAMERA_3,['CAMERA_3'],"{'CAMERA_1': [], 'CAMERA_2': [], 'CAMERA_3': []}",C_LOOKING_FOR_A_CAMERA,MIDDLE,NONE,I'm looking for a nice camera,FACE_TO_FACE,NONE,S_INTRODUCES_CAMERA,CAMERA_3,,Let me show you this. Here we have the Fujifilm PowerShot ELPH S2800.,PRESENT_X,CAMERA_3,39~68
16,4,CAMERA_3,['CAMERA_3'],"{'CAMERA_1': [], 'CAMERA_2': [], 'CAMERA_3': ['sensor_size']}",C_QUESTION_ABOUT_FEATURE,CAMERA_3,sensor_size,this camera looks quite heavy compared to the smaller ones but how big is the sensor on it,PRESENT_X,CAMERA_3,S_ANSWERS_QUESTION_ABOUT_FEATURE,CAMERA_3,sensor_size,This one has a full frame.,PRESENT_X,CAMERA_3,15~25
16,5,CAMERA_3,['CAMERA_3'],"{'CAMERA_1': [], 'CAMERA_2': [], 'CAMERA_3': ['sensor_size', 'color']}",C_QUESTION_ABOUT_FEATURE,CAMERA_3,color,that sounds a bit heavy does it come in any other colors,PRESENT_X,CAMERA_3,S_ANSWERS_QUESTION_ABOUT_FEATURE,CAMERA_3,color,"This one comes in purple, white, silver, blue, red, or pink.",PRESENT_X,CAMERA_3,18~59
16,6,CAMERA_1,"['CAMERA_3', 'CAMERA_1']","{'CAMERA_1': [], 'CAMERA_2': [], 'CAMERA_3': ['sensor_size', 'color']}",C_ANYTHING_ELSE_AVAILABLE,CAMERA_3,NONE,that's good that's okay I like it when do you have other models in this area,PRESENT_X,CAMERA_3,S_INTRODUCES_CAMERA,CAMERA_1,,Let me show you this. Here we have the Sony PowerShot ELPH DMC-ZS3.,PRESENT_X,CAMERA_1,39~66
16,7,CAMERA_1,"['CAMERA_3', 'CAMERA_1']","{'CAMERA_1': ['price'], 'CAMERA_2': [], 'CAMERA_3': ['sensor_size', 'color']}",C_SILENT_OR_BACKCHANNEL,CAMERA_1,NONE,ic,PRESENT_X,CAMERA_1,S_INTRODUCES_FEATURE,CAMERA_1,price,This one costs $450.,PRESENT_X,CAMERA_1,15~19
16,8,CAMERA_1,"['CAMERA_3', 'CAMERA_1']","{'CAMERA_1': ['price', 'optical_zoom'], 'CAMERA_2': [], 'CAMERA_3': ['sensor_size', 'color']}",C_QUESTION_ABOUT_FEATURE,CAMERA_1,optical_zoom,under does it have a zoom,PRESENT_X,CAMERA_1,S_ANSWERS_QUESTION_ABOUT_FEATURE,CAMERA_1,optical_zoom,This one has 21x optical zoom.,PRESENT_X,CAMERA_1,13~29
16,9,CAMERA_1,"['CAMERA_3', 'CAMERA_1']","{'CAMERA_1': ['price', 'optical_zoom', 'autofocus_points'], 'CAMERA_2': [], 'CAMERA_3': ['sensor_size', 'color']}",C_SILENT_OR_BACKCHANNEL,CAMERA_1,NONE,what about the is so great how long is that,PRESENT_X,CAMERA_1,S_INTRODUCES_FEATURE,CAMERA_1,autofocus_points,This one has 135 autofocus points.,PRESENT_X,CAMERA_1,13~33
16,10,CAMERA_1,"['CAMERA_3', 'CAMERA_1']","{'CAMERA_1': ['price', 'optical_zoom', 'autofocus_points', 'effects'], 'CAMERA_2': [], 'CAMERA_3': ['sensor_size', 'color']}",C_SILENT_OR_BACKCHANNEL,CAMERA_1,NONE,ok,PRESENT_X,CAMERA_1,S_INTRODUCES_FEATURE,CAMERA_1,effects,"This one has 24 glamor retouch effects (miniature, retro, toy camera, etc.).",PRESENT_X,CAMERA_1,13~75
16,11,NONE,"['CAMERA_3', 'CAMERA_1']","{'CAMERA_1': ['price', 'optical_zoom', 'autofocus_points', 'effects'], 'CAMERA_2': [], 'CAMERA_3': ['sensor_size', 'color']}",C_THANK_YOU,CAMERA_1,NONE,ok thank you,PRESENT_X,CAMERA_1,S_THANK_YOU,CAMERA_1,NONE,thank you very much.,FACE_TO_FACE,NONE,
16,12,NONE,"['CAMERA_3', 'CAMERA_1']","{'CAMERA_1': ['price', 'optical_zoom', 'autofocus_points', 'effects'], 'CAMERA_2': [], 'CAMERA_3': ['sensor_size', 'color']}",C_LEAVES,DOOR,NONE,,FACE_TO_FACE,NONE,S_RETURNS_TO_COUNTER,SERVICE_COUNTER,NONE,,WAITING,NONE,
17,1,NONE,[],"{'CAMERA_1': [], 'CAMERA_2': [], 'CAMERA_3': []}",C_ENTERS,DOOR,NONE,,WAITING,NONE,S_NONE,SERVICE_COUNTER,NONE,,WAITING,NONE,
17,2,NONE,[],"{'CAMERA_1': [], 'CAMERA_2': [], 'CAMERA_3': []}",C_GREETS,MIDDLE,NONE,excuse me,WAITING,NONE,S_GREETS,MIDDLE,NONE,can I help you?,FACE_TO_FACE,NONE,
17,3,CAMERA_1,['CAMERA_1'],"{'CAMERA_1': [], 'CAMERA_2': [], 'CAMERA_3': []}",C_LOOKING_FOR_A_CAMERA,MIDDLE,NONE,afternoon I'm looking for a new camera is it to use stylus and affordable,FACE_TO_FACE,NONE,S_INTRODUCES_CAMERA,CAMERA_1,,Let me show you this. Here we have the Sony PowerShot ELPH DMC-ZS3.,PRESENT_X,CAMERA_1,39~66
17,4,CAMERA_1,['CAMERA_1'],"{'CAMERA_1': ['weight'], 'CAMERA_2': [], 'CAMERA_3': []}",C_QUESTION_ABOUT_FEATURE,CAMERA_1,weight,I actually do it this way to write how much is it,PRESENT_X,CAMERA_1,S_ANSWERS_QUESTION_ABOUT_FEATURE,CAMERA_1,weight,This one weighs 800 grams.,PRESENT_X,CAMERA_1,16~25
17,5,CAMERA_1,['CAMERA_1'],"{'CAMERA_1': ['weight', 'camera_type'], 'CAMERA_2': [], 'CAMERA_3': []}",C_SILENT_OR_BACKCHANNEL,CAMERA_1,NONE,let me see,PRESENT_X,CAMERA_1,S_INTRODUCES_FEATURE,CAMERA_1,camera_type,This is a DSLR camera.,PRESENT_X,CAMERA_1,10~14
17,6,CAMERA_1,['CAMERA_1'],"{'CAMERA_1': ['weight', 'camera_type', 'long_exposure'], 'CAMERA_2': [], 'CAMERA_3': []}",C_SILENT_OR_BACKCHANNEL,CAMERA_1,NONE,okay great let's take care of business,PRESENT_X,CAMERA_1,S_INTRODUCES_FEATURE,CAMERA_1,long_exposure,This one can take long exposures up to up to 15 seconds with Long Shutter Mode.,PRESENT_X,CAMERA_1,39~78
17,7,CAMERA_1,['CAMERA_1'],"{'CAMERA_1': ['weight', 'camera_type', 'long_exposure', 'sensor_size'], 'CAMERA_2': [], 'CAMERA_3': []}",C_QUESTION_ABOUT_FEATURE,CAMERA_1,sensor_size,and what is the sensor size,PRESENT_X,CAMERA_1,S_ANSWERS_QUESTION_ABOUT_FEATURE,CAMERA_1,sensor_size,This one has a 1/2.3 inch CMOS sensor.,PRESENT_X,CAMERA_1,15~37
17,8,CAMERA_1,['CAMERA_1'],"{'CAMERA_1': ['weight', 'camera_type', 'long_exposure', 'sensor_size', 'color'], 'CAMERA_2': [], 'CAMERA_3': []}",C_QUESTION_ABOUT_FEATURE,CAMERA_1,color,what colors do you have in this,PRESENT_X,CAMERA_1,S_ANSWERS_QUESTION_ABOUT_FEATURE,CAMERA_1,color,This one comes in blue or black.,PRESENT_X,CAMERA_1,18~31
17,9,CAMERA_1,['CAMERA_1'],"{'CAMERA_1': ['weight', 'camera_type', 'long_exposure', 'sensor_size', 'color', 'ISO'], 'CAMERA_2': [], 'CAMERA_3': []}",C_QUESTION_ABOUT_FEATURE,CAMERA_1,ISO,a and ISO,PRESENT_X,CAMERA_1,S_ANSWERS_QUESTION_ABOUT_FEATURE,CAMERA_1,ISO,This one has up to 51200 ISO.,PRESENT_X,CAMERA_1,13~28
17,10,CAMERA_1,['CAMERA_1'],"{'CAMERA_1': ['weight', 'camera_type', 'long_exposure', 'sensor_size', 'color', 'ISO', 'resolution'], 'CAMERA_2': [], 'CAMERA_3': []}",C_SILENT_OR_BACKCHANNEL,CAMERA_1,NONE,alright,PRESENT_X,CAMERA_1,S_INTRODUCES_FEATURE,CAMERA_1,resolution,This one has 17.8 megapixels resolution.,PRESENT_X,CAMERA_1,13~28
17,11,CAMERA_1,['CAMERA_1'],"{'CAMERA_1': ['weight', 'camera_type', 'long_exposure', 'sensor_size', 'color', 'ISO', 'resolution', 'optical_zoom'], 'CAMERA_2': [], 'CAMERA_3': []}",C_SILENT_OR_BACKCHANNEL,CAMERA_1,NONE,that sounds great what about the price,PRESENT_X,CAMERA_1,S_INTRODUCES_FEATURE,CAMERA_1,optical_zoom,This one has 21x optical zoom.,PRESENT_X,CAMERA_1,13~29
17,12,CAMERA_2,"['CAMERA_1', 'CAMERA_2']","{'CAMERA_1': ['weight', 'camera_type', 'long_exposure', 'sensor_size', 'color', 'ISO', 'resolution', 'optical_zoom'], 'CAMERA_2': [], 'CAMERA_3': []}",C_ANYTHING_ELSE_AVAILABLE,CAMERA_1,NONE,ok do you have any other cameras,PRESENT_X,CAMERA_1,S_INTRODUCES_CAMERA,CAMERA_2,,Let me show you this. Here we have the Fujifilm Lumix ILC Camera.,PRESENT_X,CAMERA_2,39~64
17,13,CAMERA_2,"['CAMERA_1', 'CAMERA_2']","{'CAMERA_1': ['weight', 'camera_type', 'long_exposure', 'sensor_size', 'color', 'ISO', 'resolution', 'optical_zoom'], 'CAMERA_2': ['color'], 'CAMERA_3': []}",C_QUESTION_ABOUT_FEATURE,CAMERA_2,color,what color do you have,PRESENT_X,CAMERA_2,S_ANSWERS_QUESTION_ABOUT_FEATURE,CAMERA_2,color,This one comes in white or pink.,PRESENT_X,CAMERA_2,18~31
17,14,CAMERA_2,"['CAMERA_1', 'CAMERA_2']","{'CAMERA_1': ['weight', 'camera_type', 'long_exposure', 'sensor_size', 'color', 'ISO', 'resolution', 'optical_zoom'], 'CAMERA_2': ['color', 'optical_zoom'], 'CAMERA_3': []}",C_QUESTION_ABOUT_FEATURE,CAMERA_2,optical_zoom,okay and if I have an optical zoom,PRESENT_X,CAMERA_2,S_ANSWERS_QUESTION_ABOUT_FEATURE,CAMERA_2,optical_zoom,This one has 21x optical zoom.,PRESENT_X,CAMERA_2,13~29
17,15,CAMERA_2,"['CAMERA_1', 'CAMERA_2']","{'CAMERA_1': ['weight', 'camera_type', 'long_exposure', 'sensor_size', 'color', 'ISO', 'resolution', 'optical_zoom'], 'CAMERA_2': ['color', 'optical_zoom', 'price'], 'CAMERA_3': []}",C_SILENT_OR_BACKCHANNEL,CAMERA_2,NONE,okay that's good that looks professional and that will impress people,PRESENT_X,CAMERA_2,S_INTRODUCES_FEATURE,CAMERA_2,price,This one costs $768.,PRESENT_X,CAMERA_2,15~19
17,16,CAMERA_2,"['CAMERA_1', 'CAMERA_2']","{'CAMERA_1': ['weight', 'camera_type', 'long_exposure', 'sensor_size', 'color', 'ISO', 'resolution', 'optical_zoom'], 'CAMERA_2': ['color', 'optical_zoom', 'price', 'weight'], 'CAMERA_3': []}",C_SILENT_OR_BACKCHANNEL,CAMERA_2,NONE,ok,PRESENT_X,CAMERA_2,S_INTRODUCES_FEATURE,CAMERA_2,weight,This one weighs 820 grams.,PRESENT_X,CAMERA_2,16~25
17,17,CAMERA_2,"['CAMERA_1', 'CAMERA_2']","{'CAMERA_1': ['weight', 'camera_type', 'long_exposure', 'sensor_size', 'color', 'ISO', 'resolution', 'optical_zoom'], 'CAMERA_2': ['color', 'optical_zoom', 'price', 'weight', 'ISO'], 'CAMERA_3': []}",C_QUESTION_ABOUT_FEATURE,CAMERA_2,ISO,ISO option is,PRESENT_X,CAMERA_2,S_NOT_SURE,CAMERA_2,,I'm not really sure about that.,PRESENT_X,CAMERA_2,
17,18,CAMERA_2,"['CAMERA_1', 'CAMERA_2']","{'CAMERA_1': ['weight', 'camera_type', 'long_exposure', 'sensor_size', 'color', 'ISO', 'resolution', 'optical_zoom'], 'CAMERA_2': ['color', 'optical_zoom', 'price', 'weight', 'ISO', 'settings'], 'CAMERA_3': []}",C_SILENT_OR_BACKCHANNEL,CAMERA_2,NONE,that sounds great although having a look for myself and diamonds and,PRESENT_X,CAMERA_2,S_INTRODUCES_FEATURE,CAMERA_2,settings,"This one has manual control and various automatic settings (video modeburst shooting, etc.).",PRESENT_X,CAMERA_2,13~91
17,19,CAMERA_2,"['CAMERA_1', 'CAMERA_2']","{'CAMERA_1': ['weight', 'camera_type', 'long_exposure', 'sensor_size', 'color', 'ISO', 'resolution', 'optical_zoom'], 'CAMERA_2': ['color', 'optical_zoom', 'price', 'weight', 'ISO', 'settings', 'resolution'], 'CAMERA_3': []}",C_SILENT_OR_BACKCHANNEL,CAMERA_2,NONE,yeah it's so that's nice if anything else,PRESENT_X,CAMERA_2,S_INTRODUCES_FEATURE,CAMERA_2,resolution,This one has 23.8 megapixels resolution.,PRESENT_X,CAMERA_2,13~28
17,20,CAMERA_2,"['CAMERA_1', 'CAMERA_2']","{'CAMERA_1': ['weight', 'camera_type', 'long_exposure', 'sensor_size', 'color', 'ISO', 'resolution', 'optical_zoom'], 'CAMERA_2': ['color', 'optical_zoom', 'price', 'weight', 'ISO', 'settings', 'resolution', 'effects'], 'CAMERA_3': []}",C_SILENT_OR_BACKCHANNEL,CAMERA_2,NONE,okay,PRESENT_X,CAMERA_2,S_INTRODUCES_FEATURE,CAMERA_2,effects,"This one has 24 artistic effect modes (retro, lighter or darker skin tones, sepia, etc.).",PRESENT_X,CAMERA_2,13~88
17,21,NONE,"['CAMERA_1', 'CAMERA_2']","{'CAMERA_1': ['weight', 'camera_type', 'long_exposure', 'sensor_size', 'color', 'ISO', 'resolution', 'optical_zoom'], 'CAMERA_2': ['color', 'optical_zoom', 'price', 'weight', 'ISO', 'settings', 'resolution', 'effects'], 'CAMERA_3': []}",C_THANK_YOU,CAMERA_2,NONE,mmm I think I'll have to think about it thank you very much anytime,PRESENT_X,CAMERA_2,S_THANK_YOU,CAMERA_2,NONE,thank you very much.,FACE_TO_FACE,NONE,
17,22,NONE,"['CAMERA_1', 'CAMERA_2']","{'CAMERA_1': ['weight', 'camera_type', 'long_exposure', 'sensor_size', 'color', 'ISO', 'resolution', 'optical_zoom'], 'CAMERA_2': ['color', 'optical_zoom', 'price', 'weight', 'ISO', 'settings', 'resolution', 'effects'], 'CAMERA_3': []}",C_LEAVES,DOOR,NONE,,FACE_TO_FACE,NONE,S_RETURNS_TO_COUNTER,SERVICE_COUNTER,NONE,,WAITING,NONE,
18,1,NONE,[],"{'CAMERA_1': [], 'CAMERA_2': [], 'CAMERA_3': []}",C_ENTERS,DOOR,NONE,,WAITING,NONE,S_NONE,SERVICE_COUNTER,NONE,,WAITING,NONE,
18,2,NONE,[],"{'CAMERA_1': [], 'CAMERA_2': [], 'CAMERA_3': []}",C_GREETS,MIDDLE,NONE,excuse me,WAITING,NONE,S_GREETS,MIDDLE,NONE,can I help you?,FACE_TO_FACE,NONE,
18,3,CAMERA_1,['CAMERA_1'],"{'CAMERA_1': [], 'CAMERA_2': [], 'CAMERA_3': []}",C_LOOKING_FOR_A_CAMERA,MIDDLE,NONE,I want to see your new camera the professional one,FACE_TO_FACE,NONE,S_INTRODUCES_CAMERA,CAMERA_1,,Let me show you this. Here we have the Sony PowerShot ELPH DMC-ZS3.,PRESENT_X,CAMERA_1,39~66
18,4,CAMERA_1,['CAMERA_1'],"{'CAMERA_1': ['effects'], 'CAMERA_2': [], 'CAMERA_3': []}",C_QUESTION_ABOUT_FEATURE,CAMERA_1,effects,can I add also effects on the pictures,PRESENT_X,CAMERA_1,S_ANSWERS_QUESTION_ABOUT_FEATURE,CAMERA_1,effects,"This one has 24 glamor retouch effects (miniature, retro, toy camera, etc.).",PRESENT_X,CAMERA_1,13~75
18,5,CAMERA_1,['CAMERA_1'],"{'CAMERA_1': ['effects', 'optical_zoom'], 'CAMERA_2': [], 'CAMERA_3': []}",C_SILENT_OR_BACKCHANNEL,CAMERA_1,NONE,oh wow this is awesome all God,PRESENT_X,CAMERA_1,S_INTRODUCES_FEATURE,CAMERA_1,optical_zoom,This one has 21x optical zoom.,PRESENT_X,CAMERA_1,13~29
18,6,CAMERA_1,['CAMERA_1'],"{'CAMERA_1': ['effects', 'optical_zoom', 'color'], 'CAMERA_2': [], 'CAMERA_3': []}",C_QUESTION_ABOUT_FEATURE,CAMERA_1,color,does this thing on camera and they come in silver color,PRESENT_X,CAMERA_1,S_ANSWERS_QUESTION_ABOUT_FEATURE,CAMERA_1,color,This one comes in blue or black.,PRESENT_X,CAMERA_1,18~31
18,7,CAMERA_1,['CAMERA_1'],"{'CAMERA_1': ['effects', 'optical_zoom', 'color', 'price'], 'CAMERA_2': [], 'CAMERA_3': []}",C_SILENT_OR_BACKCHANNEL,CAMERA_1,NONE,I say,PRESENT_X,CAMERA_1,S_INTRODUCES_FEATURE,CAMERA_1,price,This one costs $450.,PRESENT_X,CAMERA_1,15~19
18,8,CAMERA_1,['CAMERA_1'],"{'CAMERA_1': ['effects', 'optical_zoom', 'color', 'price', 'autofocus_points'], 'CAMERA_2': [], 'CAMERA_3': []}",C_SILENT_OR_BACKCHANNEL,CAMERA_1,NONE,okay good,PRESENT_X,CAMERA_1,S_INTRODUCES_FEATURE,CAMERA_1,autofocus_points,This one has 135 autofocus points.,PRESENT_X,CAMERA_1,13~33
18,9,CAMERA_1,['CAMERA_1'],"{'CAMERA_1': ['effects', 'optical_zoom', 'color', 'price', 'autofocus_points', 'sensor_size'], 'CAMERA_2': [], 'CAMERA_3': []}",C_QUESTION_ABOUT_FEATURE,CAMERA_1,sensor_size,and what is the sensor size,PRESENT_X,CAMERA_1,S_ANSWERS_QUESTION_ABOUT_FEATURE,CAMERA_1,sensor_size,This one has a 1/2.3 inch CMOS sensor.,PRESENT_X,CAMERA_1,15~37
18,10,CAMERA_1,['CAMERA_1'],"{'CAMERA_1': ['effects', 'optical_zoom', 'color', 'price', 'autofocus_points', 'sensor_size', 'ISO'], 'CAMERA_2': [], 'CAMERA_3': []}",C_SILENT_OR_BACKCHANNEL,CAMERA_1,NONE,okay that sounds good,PRESENT_X,CAMERA_1,S_INTRODUCES_FEATURE,CAMERA_1,ISO,This one has up to 51200 ISO.,PRESENT_X,CAMERA_1,13~28
18,11,CAMERA_1,['CAMERA_1'],"{'CAMERA_1': ['effects', 'optical_zoom', 'color', 'price', 'autofocus_points', 'sensor_size', 'ISO', 'weight'], 'CAMERA_2': [], 'CAMERA_3': []}",C_QUESTION_ABOUT_FEATURE,CAMERA_1,weight,how about the weight you know recently I getting older I don't want to have to a heavy camera,PRESENT_X,CAMERA_1,S_ANSWERS_QUESTION_ABOUT_FEATURE,CAMERA_1,weight,This one weighs 800 grams.,PRESENT_X,CAMERA_1,16~25
18,12,CAMERA_1,['CAMERA_1'],"{'CAMERA_1': ['effects', 'optical_zoom', 'color', 'price', 'autofocus_points', 'sensor_size', 'ISO', 'weight', 'preset_modes'], 'CAMERA_2': [], 'CAMERA_3': []}",C_QUESTION_ABOUT_FEATURE,CAMERA_1,preset_modes,is the other one with menu settings is that lighter or heavier than its camera,PRESENT_X,CAMERA_1,S_NOT_SURE,CAMERA_1,,I'm not really sure about that.,PRESENT_X,CAMERA_1,
18,13,CAMERA_1,['CAMERA_1'],"{'CAMERA_1': ['effects', 'optical_zoom', 'color', 'price', 'autofocus_points', 'sensor_size', 'ISO', 'weight', 'preset_modes', 'settings'], 'CAMERA_2': [], 'CAMERA_3': []}",C_QUESTION_ABOUT_FEATURE,CAMERA_1,settings,nice and what about the mental settings,PRESENT_X,CAMERA_1,S_ANSWERS_QUESTION_ABOUT_FEATURE,CAMERA_1,settings,This one has limited manual settings.,PRESENT_X,CAMERA_1,13~36
18,14,CAMERA_1,['CAMERA_1'],"{'CAMERA_1': ['effects', 'optical_zoom', 'color', 'price', 'autofocus_points', 'sensor_size', 'ISO', 'weight', 'preset_modes', 'settings', 'long_exposure'], 'CAMERA_2': [], 'CAMERA_3': []}",C_QUESTION_ABOUT_FEATURE,CAMERA_1,long_exposure,There is time when I need to open the shutter for longer than 30 seconds is it possible with this camera,PRESENT_X,CAMERA_1,S_ANSWERS_QUESTION_ABOUT_FEATURE,CAMERA_1,long_exposure,This one can take long exposures up to up to 15 seconds with Long Shutter Mode.,PRESENT_X,CAMERA_1,39~78
18,15,CAMERA_1,['CAMERA_1'],"{'CAMERA_1': ['effects', 'optical_zoom', 'color', 'price', 'autofocus_points', 'sensor_size', 'ISO', 'weight', 'preset_modes', 'settings', 'long_exposure', 'camera_type'], 'CAMERA_2': [], 'CAMERA_3': []}",C_SILENT_OR_BACKCHANNEL,CAMERA_1,NONE,ok,PRESENT_X,CAMERA_1,S_INTRODUCES_FEATURE,CAMERA_1,camera_type,This is a DSLR camera.,PRESENT_X,CAMERA_1,10~14
18,16,CAMERA_1,['CAMERA_1'],"{'CAMERA_1': ['effects', 'optical_zoom', 'color', 'price', 'autofocus_points', 'sensor_size', 'ISO', 'weight', 'preset_modes', 'settings', 'long_exposure', 'camera_type', 'resolution'], 'CAMERA_2': [], 'CAMERA_3': []}",C_SILENT_OR_BACKCHANNEL,CAMERA_1,NONE,IC,PRESENT_X,CAMERA_1,S_INTRODUCES_FEATURE,CAMERA_1,resolution,This one has 17.8 megapixels resolution.,PRESENT_X,CAMERA_1,13~28
18,17,CAMERA_2,"['CAMERA_1', 'CAMERA_2']","{'CAMERA_1': ['effects', 'optical_zoom', 'color', 'price', 'autofocus_points', 'sensor_size', 'ISO', 'weight', 'preset_modes', 'settings', 'long_exposure', 'camera_type', 'resolution'], 'CAMERA_2': [], 'CAMERA_3': []}",C_ANYTHING_ELSE_AVAILABLE,CAMERA_1,NONE,do you have any other cameras that are in this kind,PRESENT_X,CAMERA_1,S_INTRODUCES_CAMERA,CAMERA_2,,Let me show you this. Here we have the Fujifilm Lumix ILC Camera.,PRESENT_X,CAMERA_2,39~64
18,18,CAMERA_2,"['CAMERA_1', 'CAMERA_2']","{'CAMERA_1': ['effects', 'optical_zoom', 'color', 'price', 'autofocus_points', 'sensor_size', 'ISO', 'weight', 'preset_modes', 'settings', 'long_exposure', 'camera_type', 'resolution'], 'CAMERA_2': ['autofocus_points'], 'CAMERA_3': []}",C_QUESTION_ABOUT_FEATURE,CAMERA_2,autofocus_points,how many auto focus points does this one have again,PRESENT_X,CAMERA_2,S_NOT_SURE,CAMERA_2,,I'm not really sure about that.,PRESENT_X,CAMERA_2,
18,19,CAMERA_2,"['CAMERA_1', 'CAMERA_2']","{'CAMERA_1': ['effects', 'optical_zoom', 'color', 'price', 'autofocus_points', 'sensor_size', 'ISO', 'weight', 'preset_modes', 'settings', 'long_exposure', 'camera_type', 'resolution'], 'CAMERA_2': ['autofocus_points', 'camera_type'], 'CAMERA_3': []}",C_SILENT_OR_BACKCHANNEL,CAMERA_2,NONE,ok,PRESENT_X,CAMERA_2,S_INTRODUCES_FEATURE,CAMERA_2,camera_type,This is a digital single lens mirrorless camera.,PRESENT_X,CAMERA_2,10~40
18,20,CAMERA_2,"['CAMERA_1', 'CAMERA_2']","{'CAMERA_1': ['effects', 'optical_zoom', 'color', 'price', 'autofocus_points', 'sensor_size', 'ISO', 'weight', 'preset_modes', 'settings', 'long_exposure', 'camera_type', 'resolution'], 'CAMERA_2': ['autofocus_points', 'camera_type', 'effects'], 'CAMERA_3': []}",C_SILENT_OR_BACKCHANNEL,CAMERA_2,NONE,ok is this camera really nice,PRESENT_X,CAMERA_2,S_INTRODUCES_FEATURE,CAMERA_2,effects,"This one has 24 artistic effect modes (retro, lighter or darker skin tones, sepia, etc.).",PRESENT_X,CAMERA_2,13~88
18,21,CAMERA_3,"['CAMERA_1', 'CAMERA_2', 'CAMERA_3']","{'CAMERA_1': ['effects', 'optical_zoom', 'color', 'price', 'autofocus_points', 'sensor_size', 'ISO', 'weight', 'preset_modes', 'settings', 'long_exposure', 'camera_type', 'resolution'], 'CAMERA_2': ['autofocus_points', 'camera_type', 'effects'], 'CAMERA_3': []}",C_ANYTHING_ELSE_AVAILABLE,CAMERA_2,NONE,ok do you have any other cameras,PRESENT_X,CAMERA_2,S_INTRODUCES_CAMERA,CAMERA_3,,Let me show you this. Here we have the Fujifilm PowerShot ELPH S2800.,PRESENT_X,CAMERA_3,39~68
18,22,CAMERA_3,"['CAMERA_1', 'CAMERA_2', 'CAMERA_3']","{'CAMERA_1': ['effects', 'optical_zoom', 'color', 'price', 'autofocus_points', 'sensor_size', 'ISO', 'weight', 'preset_modes', 'settings', 'long_exposure', 'camera_type', 'resolution'], 'CAMERA_2': ['autofocus_points', 'camera_type', 'effects'], 'CAMERA_3': ['preset_modes']}",C_QUESTION_ABOUT_FEATURE,CAMERA_3,preset_modes,does it have like candle mode,PRESENT_X,CAMERA_3,S_ANSWERS_QUESTION_ABOUT_FEATURE,CAMERA_3,preset_modes,This one has various preset modes.,PRESENT_X,CAMERA_3,13~33
18,23,CAMERA_3,"['CAMERA_1', 'CAMERA_2', 'CAMERA_3']","{'CAMERA_1': ['effects', 'optical_zoom', 'color', 'price', 'autofocus_points', 'sensor_size', 'ISO', 'weight', 'preset_modes', 'settings', 'long_exposure', 'camera_type', 'resolution'], 'CAMERA_2': ['autofocus_points', 'camera_type', 'effects'], 'CAMERA_3': ['preset_modes', 'settings']}",C_SILENT_OR_BACKCHANNEL,CAMERA_3,NONE,ok,PRESENT_X,CAMERA_3,S_INTRODUCES_FEATURE,CAMERA_3,settings,"This one has manual control and various automatic settings (video modeburst shooting, etc.).",PRESENT_X,CAMERA_3,13~91
18,24,,"['CAMERA_1', 'CAMERA_2', 'CAMERA_3']","{'CAMERA_1': ['effects', 'optical_zoom', 'color', 'price', 'autofocus_points', 'sensor_size', 'ISO', 'weight', 'preset_modes', 'settings', 'long_exposure', 'camera_type', 'resolution'], 'CAMERA_2': ['autofocus_points', 'camera_type', 'effects'], 'CAMERA_3': ['preset_modes', 'settings']}",C_ANYTHING_ELSE_AVAILABLE,CAMERA_3,NONE,can you recommend another camera similar to this,PRESENT_X,CAMERA_3,S_THATS_ALL_WE_HAVE_AVAILABLE,CAMERA_3,,That's all we have available at the moment.,PRESENT_X,CAMERA_3,
18,25,NONE,"['CAMERA_1', 'CAMERA_2', 'CAMERA_3']","{'CAMERA_1': ['effects', 'optical_zoom', 'color', 'price', 'autofocus_points', 'sensor_size', 'ISO', 'weight', 'preset_modes', 'settings', 'long_exposure', 'camera_type', 'resolution'], 'CAMERA_2': ['autofocus_points', 'camera_type', 'effects'], 'CAMERA_3': ['preset_modes', 'settings']}",C_THANK_YOU,CAMERA_3,NONE,thank you,PRESENT_X,CAMERA_3,S_THANK_YOU,CAMERA_3,NONE,thank you very much.,FACE_TO_FACE,NONE,
18,26,NONE,"['CAMERA_1', 'CAMERA_2', 'CAMERA_3']","{'CAMERA_1': ['effects', 'optical_zoom', 'color', 'price', 'autofocus_points', 'sensor_size', 'ISO', 'weight', 'preset_modes', 'settings', 'long_exposure', 'camera_type', 'resolution'], 'CAMERA_2': ['autofocus_points', 'camera_type', 'effects'], 'CAMERA_3': ['preset_modes', 'settings']}",C_LEAVES,DOOR,NONE,,FACE_TO_FACE,NONE,S_RETURNS_TO_COUNTER,SERVICE_COUNTER,NONE,,WAITING,NONE,
19,1,NONE,[],"{'CAMERA_1': [], 'CAMERA_2': [], 'CAMERA_3': []}",C_ENTERS,DOOR,NONE,,WAITING,NONE,S_NONE,SERVICE_COUNTER,NONE,,WAITING,NONE,
19,2,NONE,[],"{'CAMERA_1': [], 'CAMERA_2': [], 'CAMERA_3': []}",C_WALKS_TO_CAMERA,CAMERA_3,NONE,,WAITING,NONE,S_GREETS,CAMERA_3,NONE,can I help you?,FACE_TO_FACE,NONE,
19,3,CAMERA_2,['CAMERA_2'],"{'CAMERA_1': [], 'CAMERA_2': [], 'CAMERA_3': []}",C_LOOKING_FOR_A_CAMERA,CAMERA_3,NONE,online business so I'm just trying to get it started,FACE_TO_FACE,NONE,S_INTRODUCES_CAMERA,CAMERA_2,,Let me show you this. Here we have the Fujifilm Lumix ILC Camera.,PRESENT_X,CAMERA_2,39~64
19,4,CAMERA_2,['CAMERA_2'],"{'CAMERA_1': [], 'CAMERA_2': ['color'], 'CAMERA_3': []}",C_SILENT_OR_BACKCHANNEL,CAMERA_2,NONE,I'm interested in this cannon he looks pretty good,PRESENT_X,CAMERA_2,S_INTRODUCES_FEATURE,CAMERA_2,color,This one comes in white or pink.,PRESENT_X,CAMERA_2,18~31
19,5,CAMERA_2,['CAMERA_2'],"{'CAMERA_1': [], 'CAMERA_2': ['color', 'camera_type'], 'CAMERA_3': []}",C_SILENT_OR_BACKCHANNEL,CAMERA_2,NONE,oh I see this looks nice looks like and I like the color but what about the price this ,PRESENT_X,CAMERA_2,S_INTRODUCES_FEATURE,CAMERA_2,camera_type,This is a digital single lens mirrorless camera.,PRESENT_X,CAMERA_2,10~40
19,6,NONE,['CAMERA_2'],"{'CAMERA_1': [], 'CAMERA_2': ['color', 'camera_type'], 'CAMERA_3': []}",C_THANK_YOU,CAMERA_2,NONE,thank you for your help,PRESENT_X,CAMERA_2,S_THANK_YOU,CAMERA_2,NONE,thank you very much.,FACE_TO_FACE,NONE,
19,7,NONE,['CAMERA_2'],"{'CAMERA_1': [], 'CAMERA_2': ['color', 'camera_type'], 'CAMERA_3': []}",C_LEAVES,DOOR,NONE,,FACE_TO_FACE,NONE,S_RETURNS_TO_COUNTER,SERVICE_COUNTER,NONE,,WAITING,NONE,
20,1,NONE,[],"{'CAMERA_1': [], 'CAMERA_2': [], 'CAMERA_3': []}",C_ENTERS,DOOR,NONE,,WAITING,NONE,S_NONE,SERVICE_COUNTER,NONE,,WAITING,NONE,
20,2,NONE,[],"{'CAMERA_1': [], 'CAMERA_2': [], 'CAMERA_3': []}",C_WALKS_TO_CAMERA,CAMERA_1,NONE,,WAITING,NONE,S_GREETS,CAMERA_1,NONE,can I help you?,FACE_TO_FACE,NONE,
20,3,CAMERA_2,['CAMERA_2'],"{'CAMERA_1': [], 'CAMERA_2': [], 'CAMERA_3': []}",C_LOOKING_FOR_A_CAMERA,CAMERA_1,NONE,hello I just want to take a look at your camera,FACE_TO_FACE,NONE,S_INTRODUCES_CAMERA,CAMERA_2,,Let me show you this. Here we have the Fujifilm Lumix ILC Camera.,PRESENT_X,CAMERA_2,39~64
20,4,CAMERA_2,['CAMERA_2'],"{'CAMERA_1': [], 'CAMERA_2': ['effects'], 'CAMERA_3': []}",C_QUESTION_ABOUT_FEATURE,CAMERA_2,effects,and what is the artistic effect mode on this camera,PRESENT_X,CAMERA_2,S_ANSWERS_QUESTION_ABOUT_FEATURE,CAMERA_2,effects,"This one has 24 artistic effect modes (retro, lighter or darker skin tones, sepia, etc.).",PRESENT_X,CAMERA_2,13~88
20,5,CAMERA_3,"['CAMERA_2', 'CAMERA_3']","{'CAMERA_1': [], 'CAMERA_2': ['effects'], 'CAMERA_3': []}",C_ANYTHING_ELSE_AVAILABLE,CAMERA_2,NONE,Do you have any other cameras under $300,PRESENT_X,CAMERA_2,S_INTRODUCES_CAMERA,CAMERA_3,,Let me show you this. Here we have the Fujifilm PowerShot ELPH S2800.,PRESENT_X,CAMERA_3,39~68
20,6,CAMERA_3,"['CAMERA_2', 'CAMERA_3']","{'CAMERA_1': [], 'CAMERA_2': ['effects'], 'CAMERA_3': ['settings']}",C_QUESTION_ABOUT_FEATURE,CAMERA_3,settings,what manual settings to the house,PRESENT_X,CAMERA_3,S_ANSWERS_QUESTION_ABOUT_FEATURE,CAMERA_3,settings,"This one has manual control and various automatic settings (video modeburst shooting, etc.).",PRESENT_X,CAMERA_3,13~91
20,7,CAMERA_3,"['CAMERA_2', 'CAMERA_3']","{'CAMERA_1': [], 'CAMERA_2': ['effects'], 'CAMERA_3': ['settings', 'sensor_size']}",C_QUESTION_ABOUT_FEATURE,CAMERA_3,sensor_size,size of a sensor,PRESENT_X,CAMERA_3,S_ANSWERS_QUESTION_ABOUT_FEATURE,CAMERA_3,sensor_size,This one has a full frame.,PRESENT_X,CAMERA_3,15~25
20,8,CAMERA_3,"['CAMERA_2', 'CAMERA_3']","{'CAMERA_1': [], 'CAMERA_2': ['effects'], 'CAMERA_3': ['settings', 'sensor_size', 'ISO']}",C_QUESTION_ABOUT_FEATURE,CAMERA_3,ISO,ok what about the ISO as well,PRESENT_X,CAMERA_3,S_ANSWERS_QUESTION_ABOUT_FEATURE,CAMERA_3,ISO,This one has up to 3200 ISO with little noise.,PRESENT_X,CAMERA_3,13~45
20,9,CAMERA_3,"['CAMERA_2', 'CAMERA_3']","{'CAMERA_1': [], 'CAMERA_2': ['effects'], 'CAMERA_3': ['settings', 'sensor_size', 'ISO', 'color']}",C_QUESTION_ABOUT_FEATURE,CAMERA_3,color,how many colors does it come in,PRESENT_X,CAMERA_3,S_ANSWERS_QUESTION_ABOUT_FEATURE,CAMERA_3,color,"This one comes in purple, white, silver, blue, red, or pink.",PRESENT_X,CAMERA_3,18~59
20,10,CAMERA_3,"['CAMERA_2', 'CAMERA_3']","{'CAMERA_1': [], 'CAMERA_2': ['effects'], 'CAMERA_3': ['settings', 'sensor_size', 'ISO', 'color', 'price']}",C_SILENT_OR_BACKCHANNEL,CAMERA_3,NONE,Ice Age,PRESENT_X,CAMERA_3,S_INTRODUCES_FEATURE,CAMERA_3,price,This one costs $518.,PRESENT_X,CAMERA_3,15~19
20,11,CAMERA_3,"['CAMERA_2', 'CAMERA_3']","{'CAMERA_1': [], 'CAMERA_2': ['effects'], 'CAMERA_3': ['settings', 'sensor_size', 'ISO', 'color', 'price', 'effects']}",C_SILENT_OR_BACKCHANNEL,CAMERA_3,NONE,okay,PRESENT_X,CAMERA_3,S_INTRODUCES_FEATURE,CAMERA_3,effects,"This one has 21 photo effects (small face, retro, big eyes, etc.).",PRESENT_X,CAMERA_3,13~65
20,12,CAMERA_3,"['CAMERA_2', 'CAMERA_3']","{'CAMERA_1': [], 'CAMERA_2': ['effects'], 'CAMERA_3': ['settings', 'sensor_size', 'ISO', 'color', 'price', 'effects', 'weight']}",C_QUESTION_ABOUT_FEATURE,CAMERA_3,weight,OK and how much does it weigh,PRESENT_X,CAMERA_3,S_ANSWERS_QUESTION_ABOUT_FEATURE,CAMERA_3,weight,This one weighs 820 grams.,PRESENT_X,CAMERA_3,16~25
20,13,CAMERA_3,"['CAMERA_2', 'CAMERA_3']","{'CAMERA_1': [], 'CAMERA_2': ['effects'], 'CAMERA_3': ['settings', 'sensor_size', 'ISO', 'color', 'price', 'effects', 'weight', 'long_exposure']}",C_SILENT_OR_BACKCHANNEL,CAMERA_3,NONE,nice how much is a pricing,PRESENT_X,CAMERA_3,S_INTRODUCES_FEATURE,CAMERA_3,long_exposure,This one can take long exposures up to 30 minutes max with bulb mode.,PRESENT_X,CAMERA_3,39~68
20,14,CAMERA_3,"['CAMERA_2', 'CAMERA_3']","{'CAMERA_1': [], 'CAMERA_2': ['effects'], 'CAMERA_3': ['settings', 'sensor_size', 'ISO', 'color', 'price', 'effects', 'weight', 'long_exposure', 'camera_type']}",C_SILENT_OR_BACKCHANNEL,CAMERA_3,NONE,ok,PRESENT_X,CAMERA_3,S_INTRODUCES_FEATURE,CAMERA_3,camera_type,This is a point and shoot camera.,PRESENT_X,CAMERA_3,10~25
20,15,CAMERA_3,"['CAMERA_2', 'CAMERA_3']","{'CAMERA_1': [], 'CAMERA_2': ['effects'], 'CAMERA_3': ['settings', 'sensor_size', 'ISO', 'color', 'price', 'effects', 'weight', 'long_exposure', 'camera_type', 'preset_modes']}",C_SILENT_OR_BACKCHANNEL,CAMERA_3,NONE,ok,PRESENT_X,CAMERA_3,S_INTRODUCES_FEATURE,CAMERA_3,preset_modes,This one has various preset modes.,PRESENT_X,CAMERA_3,13~33
20,16,CAMERA_3,"['CAMERA_2', 'CAMERA_3']","{'CAMERA_1': [], 'CAMERA_2': ['effects'], 'CAMERA_3': ['settings', 'sensor_size', 'ISO', 'color', 'price', 'effects', 'weight', 'long_exposure', 'camera_type', 'preset_modes', 'autofocus_points']}",C_QUESTION_ABOUT_FEATURE,CAMERA_3,autofocus_points,okay the auto focus points on this how many does it have,PRESENT_X,CAMERA_3,S_ANSWERS_QUESTION_ABOUT_FEATURE,CAMERA_3,autofocus_points,This one has 214 autofocus points.,PRESENT_X,CAMERA_3,13~33
20,17,CAMERA_3,"['CAMERA_2', 'CAMERA_3']","{'CAMERA_1': [], 'CAMERA_2': ['effects'], 'CAMERA_3': ['settings', 'sensor_size', 'ISO', 'color', 'price', 'effects', 'weight', 'long_exposure', 'camera_type', 'preset_modes', 'autofocus_points', 'resolution']}",C_QUESTION_ABOUT_FEATURE,CAMERA_3,resolution,how many megapixels does this got,PRESENT_X,CAMERA_3,S_ANSWERS_QUESTION_ABOUT_FEATURE,CAMERA_3,resolution,This one has 23.2 megapixels resolution.,PRESENT_X,CAMERA_3,13~28
20,18,CAMERA_3,"['CAMERA_2', 'CAMERA_3']","{'CAMERA_1': [], 'CAMERA_2': ['effects'], 'CAMERA_3': ['settings', 'sensor_size', 'ISO', 'color', 'price', 'effects', 'weight', 'long_exposure', 'camera_type', 'preset_modes', 'autofocus_points', 'resolution', 'optical_zoom']}",C_QUESTION_ABOUT_FEATURE,CAMERA_3,optical_zoom,the optical zoom on this camera what is it,PRESENT_X,CAMERA_3,S_NOT_SURE,CAMERA_3,,I'm not really sure about that.,PRESENT_X,CAMERA_3,
20,19,NONE,"['CAMERA_2', 'CAMERA_3']","{'CAMERA_1': [], 'CAMERA_2': ['effects'], 'CAMERA_3': ['settings', 'sensor_size', 'ISO', 'color', 'price', 'effects', 'weight', 'long_exposure', 'camera_type', 'preset_modes', 'autofocus_points', 'resolution', 'optical_zoom']}",C_THANK_YOU,CAMERA_3,NONE,ok you've been very helpful thank you very much anytime,PRESENT_X,CAMERA_3,S_THANK_YOU,CAMERA_3,NONE,thank you very much.,FACE_TO_FACE,NONE,
20,20,NONE,"['CAMERA_2', 'CAMERA_3']","{'CAMERA_1': [], 'CAMERA_2': ['effects'], 'CAMERA_3': ['settings', 'sensor_size', 'ISO', 'color', 'price', 'effects', 'weight', 'long_exposure', 'camera_type', 'preset_modes', 'autofocus_points', 'resolution', 'optical_zoom']}",C_LEAVES,DOOR,NONE,,FACE_TO_FACE,NONE,S_RETURNS_TO_COUNTER,SERVICE_COUNTER,NONE,,WAITING,NONE,
21,1,NONE,[],"{'CAMERA_1': [], 'CAMERA_2': [], 'CAMERA_3': []}",C_ENTERS,DOOR,NONE,,WAITING,NONE,S_NONE,SERVICE_COUNTER,NONE,,WAITING,NONE,
21,2,NONE,[],"{'CAMERA_1': [], 'CAMERA_2': [], 'CAMERA_3': []}",C_WALKS_TO_CAMERA,CAMERA_1,NONE,,WAITING,NONE,S_GREETS,CAMERA_1,NONE,can I help you?,FACE_TO_FACE,NONE,
21,3,CAMERA_2,['CAMERA_2'],"{'CAMERA_1': [], 'CAMERA_2': [], 'CAMERA_3': []}",C_LOOKING_FOR_A_CAMERA,CAMERA_1,NONE,I want to see your new camera the professional one,FACE_TO_FACE,NONE,S_INTRODUCES_CAMERA,CAMERA_2,,Let me show you this. Here we have the Fujifilm Lumix ILC Camera.,PRESENT_X,CAMERA_2,39~64
21,4,CAMERA_2,['CAMERA_2'],"{'CAMERA_1': [], 'CAMERA_2': ['resolution'], 'CAMERA_3': []}",C_QUESTION_ABOUT_FEATURE,CAMERA_2,resolution,how many megapixels is this camera,PRESENT_X,CAMERA_2,S_ANSWERS_QUESTION_ABOUT_FEATURE,CAMERA_2,resolution,This one has 23.8 megapixels resolution.,PRESENT_X,CAMERA_2,13~28
21,5,CAMERA_2,['CAMERA_2'],"{'CAMERA_1': [], 'CAMERA_2': ['resolution', 'camera_type'], 'CAMERA_3': []}",C_QUESTION_ABOUT_FEATURE,CAMERA_2,camera_type,is this a point and shoot camera,PRESENT_X,CAMERA_2,S_ANSWERS_QUESTION_ABOUT_FEATURE,CAMERA_2,camera_type,This is a digital single lens mirrorless camera.,PRESENT_X,CAMERA_2,10~40
21,6,CAMERA_2,['CAMERA_2'],"{'CAMERA_1': [], 'CAMERA_2': ['resolution', 'camera_type', 'ISO'], 'CAMERA_3': []}",C_QUESTION_ABOUT_FEATURE,CAMERA_2,ISO,I see how high can the iso be,PRESENT_X,CAMERA_2,S_NOT_SURE,CAMERA_2,,I'm not really sure about that.,PRESENT_X,CAMERA_2,
21,7,NONE,['CAMERA_2'],"{'CAMERA_1': [], 'CAMERA_2': ['resolution', 'camera_type', 'ISO'], 'CAMERA_3': []}",C_THANK_YOU,CAMERA_2,NONE,okay sounds good thank you very much,PRESENT_X,CAMERA_2,S_THANK_YOU,CAMERA_2,NONE,thank you very much.,FACE_TO_FACE,NONE,
21,8,NONE,['CAMERA_2'],"{'CAMERA_1': [], 'CAMERA_2': ['resolution', 'camera_type', 'ISO'], 'CAMERA_3': []}",C_LEAVES,DOOR,NONE,,FACE_TO_FACE,NONE,S_RETURNS_TO_COUNTER,SERVICE_COUNTER,NONE,,WAITING,NONE,
22,1,NONE,[],"{'CAMERA_1': [], 'CAMERA_2': [], 'CAMERA_3': []}",C_ENTERS,DOOR,NONE,,WAITING,NONE,S_NONE,SERVICE_COUNTER,NONE,,WAITING,NONE,
22,2,NONE,[],"{'CAMERA_1': [], 'CAMERA_2': [], 'CAMERA_3': []}",C_GREETS,MIDDLE,NONE,hello,WAITING,NONE,S_GREETS,MIDDLE,NONE,can I help you?,FACE_TO_FACE,NONE,
22,3,CAMERA_3,['CAMERA_3'],"{'CAMERA_1': [], 'CAMERA_2': [], 'CAMERA_3': []}",C_LOOKING_FOR_A_CAMERA,MIDDLE,NONE,I'm just looking around for nothing,FACE_TO_FACE,NONE,S_INTRODUCES_CAMERA,CAMERA_3,,Let me show you this. Here we have the Fujifilm PowerShot ELPH S2800.,PRESENT_X,CAMERA_3,39~68
22,4,CAMERA_3,['CAMERA_3'],"{'CAMERA_1': [], 'CAMERA_2': [], 'CAMERA_3': ['effects']}",C_QUESTION_ABOUT_FEATURE,CAMERA_3,effects,what about the artistic effect,PRESENT_X,CAMERA_3,S_ANSWERS_QUESTION_ABOUT_FEATURE,CAMERA_3,effects,"This one has 21 photo effects (small face, retro, big eyes, etc.).",PRESENT_X,CAMERA_3,13~65
22,5,CAMERA_3,['CAMERA_3'],"{'CAMERA_1': [], 'CAMERA_2': [], 'CAMERA_3': ['effects', 'autofocus_points']}",C_SILENT_OR_BACKCHANNEL,CAMERA_3,NONE,ok,PRESENT_X,CAMERA_3,S_INTRODUCES_FEATURE,CAMERA_3,autofocus_points,This one has 214 autofocus points.,PRESENT_X,CAMERA_3,13~33
22,6,CAMERA_3,['CAMERA_3'],"{'CAMERA_1': [], 'CAMERA_2': [], 'CAMERA_3': ['effects', 'autofocus_points', 'color']}",C_QUESTION_ABOUT_FEATURE,CAMERA_3,color,what colors does it come in,PRESENT_X,CAMERA_3,S_ANSWERS_QUESTION_ABOUT_FEATURE,CAMERA_3,color,"This one comes in purple, white, silver, blue, red, or pink.",PRESENT_X,CAMERA_3,18~59
22,7,CAMERA_3,['CAMERA_3'],"{'CAMERA_1': [], 'CAMERA_2': [], 'CAMERA_3': ['effects', 'autofocus_points', 'color', 'price']}",C_QUESTION_ABOUT_FEATURE,CAMERA_3,price,yeah that's what I need to do how much is it,PRESENT_X,CAMERA_3,S_ANSWERS_QUESTION_ABOUT_FEATURE,CAMERA_3,price,This one costs $518.,PRESENT_X,CAMERA_3,15~19
22,8,CAMERA_3,['CAMERA_3'],"{'CAMERA_1': [], 'CAMERA_2': [], 'CAMERA_3': ['effects', 'autofocus_points', 'color', 'price', 'sensor_size']}",C_SILENT_OR_BACKCHANNEL,CAMERA_3,NONE,hi this camera looks good,PRESENT_X,CAMERA_3,S_INTRODUCES_FEATURE,CAMERA_3,sensor_size,This one has a full frame.,PRESENT_X,CAMERA_3,15~25
22,9,NONE,['CAMERA_3'],"{'CAMERA_1': [], 'CAMERA_2': [], 'CAMERA_3': ['effects', 'autofocus_points', 'color', 'price', 'sensor_size']}",C_THANK_YOU,CAMERA_3,NONE,thank you for your time,PRESENT_X,CAMERA_3,S_THANK_YOU,CAMERA_3,NONE,thank you very much.,FACE_TO_FACE,NONE,
22,10,NONE,['CAMERA_3'],"{'CAMERA_1': [], 'CAMERA_2': [], 'CAMERA_3': ['effects', 'autofocus_points', 'color', 'price', 'sensor_size']}",C_LEAVES,DOOR,NONE,,FACE_TO_FACE,NONE,S_RETURNS_TO_COUNTER,SERVICE_COUNTER,NONE,,WAITING,NONE,
23,1,NONE,[],"{'CAMERA_1': [], 'CAMERA_2': [], 'CAMERA_3': []}",C_ENTERS,DOOR,NONE,,WAITING,NONE,S_NONE,SERVICE_COUNTER,NONE,,WAITING,NONE,
23,2,NONE,[],"{'CAMERA_1': [], 'CAMERA_2': [], 'CAMERA_3': []}",C_GREETS,MIDDLE,NONE,hello,WAITING,NONE,S_GREETS,MIDDLE,NONE,can I help you?,FACE_TO_FACE,NONE,
23,3,CAMERA_1,['CAMERA_1'],"{'CAMERA_1': [], 'CAMERA_2': [], 'CAMERA_3': []}",C_LOOKING_FOR_A_CAMERA,MIDDLE,NONE,I'm just looking for a camera,FACE_TO_FACE,NONE,S_INTRODUCES_CAMERA,CAMERA_1,,Let me show you this. Here we have the Sony PowerShot ELPH DMC-ZS3.,PRESENT_X,CAMERA_1,39~66
23,4,CAMERA_1,['CAMERA_1'],"{'CAMERA_1': ['weight'], 'CAMERA_2': [], 'CAMERA_3': []}",C_QUESTION_ABOUT_FEATURE,CAMERA_1,weight,how's the way on it,PRESENT_X,CAMERA_1,S_ANSWERS_QUESTION_ABOUT_FEATURE,CAMERA_1,weight,This one weighs 800 grams.,PRESENT_X,CAMERA_1,16~25
23,5,CAMERA_1,['CAMERA_1'],"{'CAMERA_1': ['weight', 'ISO'], 'CAMERA_2': [], 'CAMERA_3': []}",C_SILENT_OR_BACKCHANNEL,CAMERA_1,NONE,good,PRESENT_X,CAMERA_1,S_INTRODUCES_FEATURE,CAMERA_1,ISO,This one has up to 51200 ISO.,PRESENT_X,CAMERA_1,13~28
23,6,CAMERA_1,['CAMERA_1'],"{'CAMERA_1': ['weight', 'ISO', 'resolution'], 'CAMERA_2': [], 'CAMERA_3': []}",C_QUESTION_ABOUT_FEATURE,CAMERA_1,resolution,what about the megapixels camera,PRESENT_X,CAMERA_1,S_ANSWERS_QUESTION_ABOUT_FEATURE,CAMERA_1,resolution,This one has 17.8 megapixels resolution.,PRESENT_X,CAMERA_1,13~28
23,7,CAMERA_1,['CAMERA_1'],"{'CAMERA_1': ['weight', 'ISO', 'resolution', 'preset_modes'], 'CAMERA_2': [], 'CAMERA_3': []}",C_QUESTION_ABOUT_FEATURE,CAMERA_1,preset_modes,do you have any cameras with landscape night mode and menu settings,PRESENT_X,CAMERA_1,S_NOT_SURE,CAMERA_1,,I'm not really sure about that.,PRESENT_X,CAMERA_1,
23,8,CAMERA_1,['CAMERA_1'],"{'CAMERA_1': ['weight', 'ISO', 'resolution', 'preset_modes', 'optical_zoom'], 'CAMERA_2': [], 'CAMERA_3': []}",C_SILENT_OR_BACKCHANNEL,CAMERA_1,NONE,okay I see,PRESENT_X,CAMERA_1,S_INTRODUCES_FEATURE,CAMERA_1,optical_zoom,This one has 21x optical zoom.,PRESENT_X,CAMERA_1,13~29
23,9,CAMERA_1,['CAMERA_1'],"{'CAMERA_1': ['weight', 'ISO', 'resolution', 'preset_modes', 'optical_zoom', 'autofocus_points'], 'CAMERA_2': [], 'CAMERA_3': []}",C_SILENT_OR_BACKCHANNEL,CAMERA_1,NONE,sounds pretty good,PRESENT_X,CAMERA_1,S_INTRODUCES_FEATURE,CAMERA_1,autofocus_points,This one has 135 autofocus points.,PRESENT_X,CAMERA_1,13~33
23,10,NONE,['CAMERA_1'],"{'CAMERA_1': ['weight', 'ISO', 'resolution', 'preset_modes', 'optical_zoom', 'autofocus_points'], 'CAMERA_2': [], 'CAMERA_3': []}",C_THANK_YOU,CAMERA_1,NONE,thanks for your help anytime,PRESENT_X,CAMERA_1,S_THANK_YOU,CAMERA_1,NONE,thank you very much.,FACE_TO_FACE,NONE,
23,11,NONE,['CAMERA_1'],"{'CAMERA_1': ['weight', 'ISO', 'resolution', 'preset_modes', 'optical_zoom', 'autofocus_points'], 'CAMERA_2': [], 'CAMERA_3': []}",C_LEAVES,DOOR,NONE,,FACE_TO_FACE,NONE,S_RETURNS_TO_COUNTER,SERVICE_COUNTER,NONE,,WAITING,NONE,
24,1,NONE,[],"{'CAMERA_1': [], 'CAMERA_2': [], 'CAMERA_3': []}",C_ENTERS,DOOR,NONE,,WAITING,NONE,S_NONE,SERVICE_COUNTER,NONE,,WAITING,NONE,
24,2,NONE,[],"{'CAMERA_1': [], 'CAMERA_2': [], 'CAMERA_3': []}",C_WALKS_TO_CAMERA,CAMERA_2,NONE,,WAITING,NONE,S_GREETS,CAMERA_2,NONE,can I help you?,FACE_TO_FACE,NONE,
24,3,CAMERA_2,['CAMERA_2'],"{'CAMERA_1': [], 'CAMERA_2': [], 'CAMERA_3': []}",C_LOOKING_FOR_A_CAMERA,CAMERA_2,NONE,yes I'm looking for a camera,FACE_TO_FACE,NONE,S_INTRODUCES_CAMERA,CAMERA_2,,Let me show you this. Here we have the Fujifilm Lumix ILC Camera.,PRESENT_X,CAMERA_2,39~64
24,4,CAMERA_2,['CAMERA_2'],"{'CAMERA_1': [], 'CAMERA_2': ['weight'], 'CAMERA_3': []}",C_QUESTION_ABOUT_FEATURE,CAMERA_2,weight,girls pretty hard pretty big how much does it weigh,PRESENT_X,CAMERA_2,S_ANSWERS_QUESTION_ABOUT_FEATURE,CAMERA_2,weight,This one weighs 820 grams.,PRESENT_X,CAMERA_2,16~25
24,5,CAMERA_2,['CAMERA_2'],"{'CAMERA_1': [], 'CAMERA_2': ['weight', 'price'], 'CAMERA_3': []}",C_QUESTION_ABOUT_FEATURE,CAMERA_2,price,ok cool prices,PRESENT_X,CAMERA_2,S_ANSWERS_QUESTION_ABOUT_FEATURE,CAMERA_2,price,This one costs $768.,PRESENT_X,CAMERA_2,15~19
24,6,CAMERA_2,['CAMERA_2'],"{'CAMERA_1': [], 'CAMERA_2': ['weight', 'price', 'camera_type'], 'CAMERA_3': []}",C_QUESTION_ABOUT_FEATURE,CAMERA_2,camera_type,what kind of camera is this,PRESENT_X,CAMERA_2,S_ANSWERS_QUESTION_ABOUT_FEATURE,CAMERA_2,camera_type,This is a digital single lens mirrorless camera.,PRESENT_X,CAMERA_2,10~40
24,7,CAMERA_2,['CAMERA_2'],"{'CAMERA_1': [], 'CAMERA_2': ['weight', 'price', 'camera_type', 'optical_zoom'], 'CAMERA_3': []}",C_SILENT_OR_BACKCHANNEL,CAMERA_2,NONE,I guess this is pretty advanced,PRESENT_X,CAMERA_2,S_INTRODUCES_FEATURE,CAMERA_2,optical_zoom,This one has 21x optical zoom.,PRESENT_X,CAMERA_2,13~29
24,8,CAMERA_2,['CAMERA_2'],"{'CAMERA_1': [], 'CAMERA_2': ['weight', 'price', 'camera_type', 'optical_zoom', 'effects'], 'CAMERA_3': []}",C_SILENT_OR_BACKCHANNEL,CAMERA_2,NONE,IC,PRESENT_X,CAMERA_2,S_INTRODUCES_FEATURE,CAMERA_2,effects,"This one has 24 artistic effect modes (retro, lighter or darker skin tones, sepia, etc.).",PRESENT_X,CAMERA_2,13~88
24,9,CAMERA_2,['CAMERA_2'],"{'CAMERA_1': [], 'CAMERA_2': ['weight', 'price', 'camera_type', 'optical_zoom', 'effects', 'settings'], 'CAMERA_3': []}",C_QUESTION_ABOUT_FEATURE,CAMERA_2,settings,is this one manual,PRESENT_X,CAMERA_2,S_ANSWERS_QUESTION_ABOUT_FEATURE,CAMERA_2,settings,"This one has manual control and various automatic settings (video modeburst shooting, etc.).",PRESENT_X,CAMERA_2,13~91
24,10,CAMERA_2,['CAMERA_2'],"{'CAMERA_1': [], 'CAMERA_2': ['weight', 'price', 'camera_type', 'optical_zoom', 'effects', 'settings', 'ISO'], 'CAMERA_3': []}",C_QUESTION_ABOUT_FEATURE,CAMERA_2,ISO,how about the ISO something,PRESENT_X,CAMERA_2,S_NOT_SURE,CAMERA_2,,I'm not really sure about that.,PRESENT_X,CAMERA_2,
24,11,CAMERA_2,['CAMERA_2'],"{'CAMERA_1': [], 'CAMERA_2': ['weight', 'price', 'camera_type', 'optical_zoom', 'effects', 'settings', 'ISO', 'sensor_size'], 'CAMERA_3': []}",C_QUESTION_ABOUT_FEATURE,CAMERA_2,sensor_size,$100 affordable and I like the style of this camera,PRESENT_X,CAMERA_2,S_ANSWERS_QUESTION_ABOUT_FEATURE,CAMERA_2,sensor_size,This one has a 1/2.33 inch sensor.,PRESENT_X,CAMERA_2,15~33
24,12,CAMERA_2,['CAMERA_2'],"{'CAMERA_1': [], 'CAMERA_2': ['weight', 'price', 'camera_type', 'optical_zoom', 'effects', 'settings', 'ISO', 'sensor_size', 'long_exposure'], 'CAMERA_3': []}",C_SILENT_OR_BACKCHANNEL,CAMERA_2,NONE,IC,PRESENT_X,CAMERA_2,S_INTRODUCES_FEATURE,CAMERA_2,long_exposure,This one can take long exposures up to 60 minutes max with bulb mode.,PRESENT_X,CAMERA_2,39~68
24,13,CAMERA_2,['CAMERA_2'],"{'CAMERA_1': [], 'CAMERA_2': ['weight', 'price', 'camera_type', 'optical_zoom', 'effects', 'settings', 'ISO', 'sensor_size', 'long_exposure', 'resolution'], 'CAMERA_3': []}",C_SILENT_OR_BACKCHANNEL,CAMERA_2,NONE,IC,PRESENT_X,CAMERA_2,S_INTRODUCES_FEATURE,CAMERA_2,resolution,This one has 23.8 megapixels resolution.,PRESENT_X,CAMERA_2,13~28
24,14,CAMERA_3,"['CAMERA_2', 'CAMERA_3']","{'CAMERA_1': [], 'CAMERA_2': ['weight', 'price', 'camera_type', 'optical_zoom', 'effects', 'settings', 'ISO', 'sensor_size', 'long_exposure', 'resolution'], 'CAMERA_3': []}",C_ANYTHING_ELSE_AVAILABLE,CAMERA_2,NONE,I see do you have any other options that you can show me,PRESENT_X,CAMERA_2,S_INTRODUCES_CAMERA,CAMERA_3,,Let me show you this. Here we have the Fujifilm PowerShot ELPH S2800.,PRESENT_X,CAMERA_3,39~68
24,15,CAMERA_3,"['CAMERA_2', 'CAMERA_3']","{'CAMERA_1': [], 'CAMERA_2': ['weight', 'price', 'camera_type', 'optical_zoom', 'effects', 'settings', 'ISO', 'sensor_size', 'long_exposure', 'resolution'], 'CAMERA_3': ['sensor_size']}",C_QUESTION_ABOUT_FEATURE,CAMERA_3,sensor_size,the sensor on this phone is it full frame,PRESENT_X,CAMERA_3,S_ANSWERS_QUESTION_ABOUT_FEATURE,CAMERA_3,sensor_size,This one has a full frame.,PRESENT_X,CAMERA_3,15~25
24,16,CAMERA_3,"['CAMERA_2', 'CAMERA_3']","{'CAMERA_1': [], 'CAMERA_2': ['weight', 'price', 'camera_type', 'optical_zoom', 'effects', 'settings', 'ISO', 'sensor_size', 'long_exposure', 'resolution'], 'CAMERA_3': ['sensor_size', 'effects']}",C_QUESTION_ABOUT_FEATURE,CAMERA_3,effects,does it have any effect modes,PRESENT_X,CAMERA_3,S_ANSWERS_QUESTION_ABOUT_FEATURE,CAMERA_3,effects,"This one has 21 photo effects (small face, retro, big eyes, etc.).",PRESENT_X,CAMERA_3,13~65
24,17,CAMERA_3,"['CAMERA_2', 'CAMERA_3']","{'CAMERA_1': [], 'CAMERA_2': ['weight', 'price', 'camera_type', 'optical_zoom', 'effects', 'settings', 'ISO', 'sensor_size', 'long_exposure', 'resolution'], 'CAMERA_3': ['sensor_size', 'effects', 'preset_modes']}",C_QUESTION_ABOUT_FEATURE,CAMERA_3,preset_modes,does it have any preset modes,PRESENT_X,CAMERA_3,S_ANSWERS_QUESTION_ABOUT_FEATURE,CAMERA_3,preset_modes,This one has various preset modes.,PRESENT_X,CAMERA_3,13~33
24,18,CAMERA_3,"['CAMERA_2', 'CAMERA_3']","{'CAMERA_1': [], 'CAMERA_2': ['weight', 'price', 'camera_type', 'optical_zoom', 'effects', 'settings', 'ISO', 'sensor_size', 'long_exposure', 'resolution'], 'CAMERA_3': ['sensor_size', 'effects', 'preset_modes', 'weight']}",C_QUESTION_ABOUT_FEATURE,CAMERA_3,weight,how about the weight how is it,PRESENT_X,CAMERA_3,S_ANSWERS_QUESTION_ABOUT_FEATURE,CAMERA_3,weight,This one weighs 820 grams.,PRESENT_X,CAMERA_3,16~25
24,19,CAMERA_3,"['CAMERA_2', 'CAMERA_3']","{'CAMERA_1': [], 'CAMERA_2': ['weight', 'price', 'camera_type', 'optical_zoom', 'effects', 'settings', 'ISO', 'sensor_size', 'long_exposure', 'resolution'], 'CAMERA_3': ['sensor_size', 'effects', 'preset_modes', 'weight', 'camera_type']}",C_QUESTION_ABOUT_FEATURE,CAMERA_3,camera_type,is this a point and shoot camera,PRESENT_X,CAMERA_3,S_ANSWERS_QUESTION_ABOUT_FEATURE,CAMERA_3,camera_type,This is a point and shoot camera.,PRESENT_X,CAMERA_3,10~25
24,20,CAMERA_3,"['CAMERA_2', 'CAMERA_3']","{'CAMERA_1': [], 'CAMERA_2': ['weight', 'price', 'camera_type', 'optical_zoom', 'effects', 'settings', 'ISO', 'sensor_size', 'long_exposure', 'resolution'], 'CAMERA_3': ['sensor_size', 'effects', 'preset_modes', 'weight', 'camera_type', 'autofocus_points']}",C_QUESTION_ABOUT_FEATURE,CAMERA_3,autofocus_points,does it have autofocus points,PRESENT_X,CAMERA_3,S_ANSWERS_QUESTION_ABOUT_FEATURE,CAMERA_3,autofocus_points,This one has 214 autofocus points.,PRESENT_X,CAMERA_3,13~33
24,21,CAMERA_3,"['CAMERA_2', 'CAMERA_3']","{'CAMERA_1': [], 'CAMERA_2': ['weight', 'price', 'camera_type', 'optical_zoom', 'effects', 'settings', 'ISO', 'sensor_size', 'long_exposure', 'resolution'], 'CAMERA_3': ['sensor_size', 'effects', 'preset_modes', 'weight', 'camera_type', 'autofocus_points', 'ISO']}",C_QUESTION_ABOUT_FEATURE,CAMERA_3,ISO,how is iso,PRESENT_X,CAMERA_3,S_ANSWERS_QUESTION_ABOUT_FEATURE,CAMERA_3,ISO,This one has up to 3200 ISO with little noise.,PRESENT_X,CAMERA_3,13~45
24,22,CAMERA_3,"['CAMERA_2', 'CAMERA_3']","{'CAMERA_1': [], 'CAMERA_2': ['weight', 'price', 'camera_type', 'optical_zoom', 'effects', 'settings', 'ISO', 'sensor_size', 'long_exposure', 'resolution'], 'CAMERA_3': ['sensor_size', 'effects', 'preset_modes', 'weight', 'camera_type', 'autofocus_points', 'ISO', 'resolution']}",C_QUESTION_ABOUT_FEATURE,CAMERA_3,resolution,what about the resolution of this camera,PRESENT_X,CAMERA_3,S_ANSWERS_QUESTION_ABOUT_FEATURE,CAMERA_3,resolution,This one has 23.2 megapixels resolution.,PRESENT_X,CAMERA_3,13~28
24,23,CAMERA_3,"['CAMERA_2', 'CAMERA_3']","{'CAMERA_1': [], 'CAMERA_2': ['weight', 'price', 'camera_type', 'optical_zoom', 'effects', 'settings', 'ISO', 'sensor_size', 'long_exposure', 'resolution'], 'CAMERA_3': ['sensor_size', 'effects', 'preset_modes', 'weight', 'camera_type', 'autofocus_points', 'ISO', 'resolution', 'long_exposure']}",C_QUESTION_ABOUT_FEATURE,CAMERA_3,long_exposure,ok what about the long exposure rate how good is that,PRESENT_X,CAMERA_3,S_ANSWERS_QUESTION_ABOUT_FEATURE,CAMERA_3,long_exposure,This one can take long exposures up to 30 minutes max with bulb mode.,PRESENT_X,CAMERA_3,39~68
24,24,CAMERA_1,"['CAMERA_2', 'CAMERA_3', 'CAMERA_1']","{'CAMERA_1': [], 'CAMERA_2': ['weight', 'price', 'camera_type', 'optical_zoom', 'effects', 'settings', 'ISO', 'sensor_size', 'long_exposure', 'resolution'], 'CAMERA_3': ['sensor_size', 'effects', 'preset_modes', 'weight', 'camera_type', 'autofocus_points', 'ISO', 'resolution', 'long_exposure']}",C_ANYTHING_ELSE_AVAILABLE,CAMERA_3,NONE,Do you have other cameras that I could afford,PRESENT_X,CAMERA_3,S_INTRODUCES_CAMERA,CAMERA_1,,Let me show you this. Here we have the Sony PowerShot ELPH DMC-ZS3.,PRESENT_X,CAMERA_1,39~66
24,25,CAMERA_1,"['CAMERA_2', 'CAMERA_3', 'CAMERA_1']","{'CAMERA_1': ['weight'], 'CAMERA_2': ['weight', 'price', 'camera_type', 'optical_zoom', 'effects', 'settings', 'ISO', 'sensor_size', 'long_exposure', 'resolution'], 'CAMERA_3': ['sensor_size', 'effects', 'preset_modes', 'weight', 'camera_type', 'autofocus_points', 'ISO', 'resolution', 'long_exposure']}",C_QUESTION_ABOUT_FEATURE,CAMERA_1,weight,and is it heavy,PRESENT_X,CAMERA_1,S_ANSWERS_QUESTION_ABOUT_FEATURE,CAMERA_1,weight,This one weighs 800 grams.,PRESENT_X,CAMERA_1,16~25
24,26,CAMERA_1,"['CAMERA_2', 'CAMERA_3', 'CAMERA_1']","{'CAMERA_1': ['weight', 'effects'], 'CAMERA_2': ['weight', 'price', 'camera_type', 'optical_zoom', 'effects', 'settings', 'ISO', 'sensor_size', 'long_exposure', 'resolution'], 'CAMERA_3': ['sensor_size', 'effects', 'preset_modes', 'weight', 'camera_type', 'autofocus_points', 'ISO', 'resolution', 'long_exposure']}",C_QUESTION_ABOUT_FEATURE,CAMERA_1,effects,yeah but I don't really know that stuff does it have any effect modes,PRESENT_X,CAMERA_1,S_ANSWERS_QUESTION_ABOUT_FEATURE,CAMERA_1,effects,"This one has 24 glamor retouch effects (miniature, retro, toy camera, etc.).",PRESENT_X,CAMERA_1,13~75
24,27,CAMERA_1,"['CAMERA_2', 'CAMERA_3', 'CAMERA_1']","{'CAMERA_1': ['weight', 'effects', 'color'], 'CAMERA_2': ['weight', 'price', 'camera_type', 'optical_zoom', 'effects', 'settings', 'ISO', 'sensor_size', 'long_exposure', 'resolution'], 'CAMERA_3': ['sensor_size', 'effects', 'preset_modes', 'weight', 'camera_type', 'autofocus_points', 'ISO', 'resolution', 'long_exposure']}",C_SILENT_OR_BACKCHANNEL,CAMERA_1,NONE,IC,PRESENT_X,CAMERA_1,S_INTRODUCES_FEATURE,CAMERA_1,color,This one comes in blue or black.,PRESENT_X,CAMERA_1,18~31
24,28,CAMERA_1,"['CAMERA_2', 'CAMERA_3', 'CAMERA_1']","{'CAMERA_1': ['weight', 'effects', 'color', 'sensor_size'], 'CAMERA_2': ['weight', 'price', 'camera_type', 'optical_zoom', 'effects', 'settings', 'ISO', 'sensor_size', 'long_exposure', 'resolution'], 'CAMERA_3': ['sensor_size', 'effects', 'preset_modes', 'weight', 'camera_type', 'autofocus_points', 'ISO', 'resolution', 'long_exposure']}",C_QUESTION_ABOUT_FEATURE,CAMERA_1,sensor_size,what is the what is the sensor size,PRESENT_X,CAMERA_1,S_ANSWERS_QUESTION_ABOUT_FEATURE,CAMERA_1,sensor_size,This one has a 1/2.3 inch CMOS sensor.,PRESENT_X,CAMERA_1,15~37
24,29,CAMERA_1,"['CAMERA_2', 'CAMERA_3', 'CAMERA_1']","{'CAMERA_1': ['weight', 'effects', 'color', 'sensor_size', 'resolution'], 'CAMERA_2': ['weight', 'price', 'camera_type', 'optical_zoom', 'effects', 'settings', 'ISO', 'sensor_size', 'long_exposure', 'resolution'], 'CAMERA_3': ['sensor_size', 'effects', 'preset_modes', 'weight', 'camera_type', 'autofocus_points', 'ISO', 'resolution', 'long_exposure']}",C_QUESTION_ABOUT_FEATURE,CAMERA_1,resolution,and how many megapixels does it have,PRESENT_X,CAMERA_1,S_ANSWERS_QUESTION_ABOUT_FEATURE,CAMERA_1,resolution,This one has 17.8 megapixels resolution.,PRESENT_X,CAMERA_1,13~28
24,30,CAMERA_1,"['CAMERA_2', 'CAMERA_3', 'CAMERA_1']","{'CAMERA_1': ['weight', 'effects', 'color', 'sensor_size', 'resolution', 'optical_zoom'], 'CAMERA_2': ['weight', 'price', 'camera_type', 'optical_zoom', 'effects', 'settings', 'ISO', 'sensor_size', 'long_exposure', 'resolution'], 'CAMERA_3': ['sensor_size', 'effects', 'preset_modes', 'weight', 'camera_type', 'autofocus_points', 'ISO', 'resolution', 'long_exposure']}",C_QUESTION_ABOUT_FEATURE,CAMERA_1,optical_zoom,you mention about optical zooms what does that mean can you explain to me,PRESENT_X,CAMERA_1,S_ANSWERS_QUESTION_ABOUT_FEATURE,CAMERA_1,optical_zoom,This one has 21x optical zoom.,PRESENT_X,CAMERA_1,13~29
24,31,CAMERA_1,"['CAMERA_2', 'CAMERA_3', 'CAMERA_1']","{'CAMERA_1': ['weight', 'effects', 'color', 'sensor_size', 'resolution', 'optical_zoom', 'autofocus_points'], 'CAMERA_2': ['weight', 'price', 'camera_type', 'optical_zoom', 'effects', 'settings', 'ISO', 'sensor_size', 'long_exposure', 'resolution'], 'CAMERA_3': ['sensor_size', 'effects', 'preset_modes', 'weight', 'camera_type', 'autofocus_points', 'ISO', 'resolution', 'long_exposure']}",C_QUESTION_ABOUT_FEATURE,CAMERA_1,autofocus_points,how many ordered Focus points to the previous camera have,PRESENT_X,CAMERA_1,S_ANSWERS_QUESTION_ABOUT_FEATURE,CAMERA_1,autofocus_points,This one has 135 autofocus points.,PRESENT_X,CAMERA_1,13~33
24,32,CAMERA_1,"['CAMERA_2', 'CAMERA_3', 'CAMERA_1']","{'CAMERA_1': ['weight', 'effects', 'color', 'sensor_size', 'resolution', 'optical_zoom', 'autofocus_points', 'preset_modes'], 'CAMERA_2': ['weight', 'price', 'camera_type', 'optical_zoom', 'effects', 'settings', 'ISO', 'sensor_size', 'long_exposure', 'resolution'], 'CAMERA_3': ['sensor_size', 'effects', 'preset_modes', 'weight', 'camera_type', 'autofocus_points', 'ISO', 'resolution', 'long_exposure']}",C_QUESTION_ABOUT_FEATURE,CAMERA_1,preset_modes,does this camera support for preset mod,PRESENT_X,CAMERA_1,S_NOT_SURE,CAMERA_1,,I'm not really sure about that.,PRESENT_X,CAMERA_1,
24,33,CAMERA_1,"['CAMERA_2', 'CAMERA_3', 'CAMERA_1']","{'CAMERA_1': ['weight', 'effects', 'color', 'sensor_size', 'resolution', 'optical_zoom', 'autofocus_points', 'preset_modes', 'ISO'], 'CAMERA_2': ['weight', 'price', 'camera_type', 'optical_zoom', 'effects', 'settings', 'ISO', 'sensor_size', 'long_exposure', 'resolution'], 'CAMERA_3': ['sensor_size', 'effects', 'preset_modes', 'weight', 'camera_type', 'autofocus_points', 'ISO', 'resolution', 'long_exposure']}",C_QUESTION_ABOUT_FEATURE,CAMERA_1,ISO,in the iso what is the ISO on this camera,PRESENT_X,CAMERA_1,S_ANSWERS_QUESTION_ABOUT_FEATURE,CAMERA_1,ISO,This one has up to 51200 ISO.,PRESENT_X,CAMERA_1,13~28
24,34,CAMERA_1,"['CAMERA_2', 'CAMERA_3', 'CAMERA_1']","{'CAMERA_1': ['weight', 'effects', 'color', 'sensor_size', 'resolution', 'optical_zoom', 'autofocus_points', 'preset_modes', 'ISO', 'camera_type'], 'CAMERA_2': ['weight', 'price', 'camera_type', 'optical_zoom', 'effects', 'settings', 'ISO', 'sensor_size', 'long_exposure', 'resolution'], 'CAMERA_3': ['sensor_size', 'effects', 'preset_modes', 'weight', 'camera_type', 'autofocus_points', 'ISO', 'resolution', 'long_exposure']}",C_QUESTION_ABOUT_FEATURE,CAMERA_1,camera_type,is this a DSLR camera,PRESENT_X,CAMERA_1,S_ANSWERS_QUESTION_ABOUT_FEATURE,CAMERA_1,camera_type,This is a DSLR camera.,PRESENT_X,CAMERA_1,10~14
24,35,CAMERA_1,"['CAMERA_2', 'CAMERA_3', 'CAMERA_1']","{'CAMERA_1': ['weight', 'effects', 'color', 'sensor_size', 'resolution', 'optical_zoom', 'autofocus_points', 'preset_modes', 'ISO', 'camera_type', 'settings'], 'CAMERA_2': ['weight', 'price', 'camera_type', 'optical_zoom', 'effects', 'settings', 'ISO', 'sensor_size', 'long_exposure', 'resolution'], 'CAMERA_3': ['sensor_size', 'effects', 'preset_modes', 'weight', 'camera_type', 'autofocus_points', 'ISO', 'resolution', 'long_exposure']}",C_QUESTION_ABOUT_FEATURE,CAMERA_1,settings,so I can just adjust the settings,PRESENT_X,CAMERA_1,S_ANSWERS_QUESTION_ABOUT_FEATURE,CAMERA_1,settings,This one has limited manual settings.,PRESENT_X,CAMERA_1,13~36
24,36,CAMERA_1,"['CAMERA_2', 'CAMERA_3', 'CAMERA_1']","{'CAMERA_1': ['weight', 'effects', 'color', 'sensor_size', 'resolution', 'optical_zoom', 'autofocus_points', 'preset_modes', 'ISO', 'camera_type', 'settings', 'long_exposure'], 'CAMERA_2': ['weight', 'price', 'camera_type', 'optical_zoom', 'effects', 'settings', 'ISO', 'sensor_size', 'long_exposure', 'resolution'], 'CAMERA_3': ['sensor_size', 'effects', 'preset_modes', 'weight', 'camera_type', 'autofocus_points', 'ISO', 'resolution', 'long_exposure']}",C_QUESTION_ABOUT_FEATURE,CAMERA_1,long_exposure,There is time when I need to open the shutter for longer than 30 seconds is it possible with this camera,PRESENT_X,CAMERA_1,S_ANSWERS_QUESTION_ABOUT_FEATURE,CAMERA_1,long_exposure,This one can take long exposures up to up to 15 seconds with Long Shutter Mode.,PRESENT_X,CAMERA_1,39~78
24,37,CAMERA_1,"['CAMERA_2', 'CAMERA_3', 'CAMERA_1']","{'CAMERA_1': ['weight', 'effects', 'color', 'sensor_size', 'resolution', 'optical_zoom', 'autofocus_points', 'preset_modes', 'ISO', 'camera_type', 'settings', 'long_exposure', 'price'], 'CAMERA_2': ['weight', 'price', 'camera_type', 'optical_zoom', 'effects', 'settings', 'ISO', 'sensor_size', 'long_exposure', 'resolution'], 'CAMERA_3': ['sensor_size', 'effects', 'preset_modes', 'weight', 'camera_type', 'autofocus_points', 'ISO', 'resolution', 'long_exposure']}",C_QUESTION_ABOUT_FEATURE,CAMERA_1,price,how much is this camera,PRESENT_X,CAMERA_1,S_ANSWERS_QUESTION_ABOUT_FEATURE,CAMERA_1,price,This one costs $450.,PRESENT_X,CAMERA_1,15~19
24,38,CAMERA_1,"['CAMERA_2', 'CAMERA_3', 'CAMERA_1']","{'CAMERA_1': ['weight', 'effects', 'color', 'sensor_size', 'resolution', 'optical_zoom', 'autofocus_points', 'preset_modes', 'ISO', 'camera_type', 'settings', 'long_exposure', 'price', 'ISO'], 'CAMERA_2': ['weight', 'price', 'camera_type', 'optical_zoom', 'effects', 'settings', 'ISO', 'sensor_size', 'long_exposure', 'resolution'], 'CAMERA_3': ['sensor_size', 'effects', 'preset_modes', 'weight', 'camera_type', 'autofocus_points', 'ISO', 'resolution', 'long_exposure']}",C_SILENT_OR_BACKCHANNEL,CAMERA_1,NONE,I say but yeah okay,PRESENT_X,CAMERA_1,S_INTRODUCES_FEATURE,CAMERA_1,ISO,This one has up to 51200 ISO.,PRESENT_X,CAMERA_1,13~28
24,39,CAMERA_1,"['CAMERA_2', 'CAMERA_3', 'CAMERA_1']","{'CAMERA_1': ['weight', 'effects', 'color', 'sensor_size', 'resolution', 'optical_zoom', 'autofocus_points', 'preset_modes', 'ISO', 'camera_type', 'settings', 'long_exposure', 'price', 'ISO', 'weight'], 'CAMERA_2': ['weight', 'price', 'camera_type', 'optical_zoom', 'effects', 'settings', 'ISO', 'sensor_size', 'long_exposure', 'resolution'], 'CAMERA_3': ['sensor_size', 'effects', 'preset_modes', 'weight', 'camera_type', 'autofocus_points', 'ISO', 'resolution', 'long_exposure']}",C_QUESTION_ABOUT_FEATURE,CAMERA_1,weight,okay and you have what's the weight of this camera,PRESENT_X,CAMERA_1,S_ANSWERS_QUESTION_ABOUT_FEATURE,CAMERA_1,weight,This one weighs 800 grams.,PRESENT_X,CAMERA_1,16~25
24,40,CAMERA_1,"['CAMERA_2', 'CAMERA_3', 'CAMERA_1']","{'CAMERA_1': ['weight', 'effects', 'color', 'sensor_size', 'resolution', 'optical_zoom', 'autofocus_points', 'preset_modes', 'ISO', 'camera_type', 'settings', 'long_exposure', 'price', 'ISO', 'weight', 'camera_type'], 'CAMERA_2': ['weight', 'price', 'camera_type', 'optical_zoom', 'effects', 'settings', 'ISO', 'sensor_size', 'long_exposure', 'resolution'], 'CAMERA_3': ['sensor_size', 'effects', 'preset_modes', 'weight', 'camera_type', 'autofocus_points', 'ISO', 'resolution', 'long_exposure']}",C_QUESTION_ABOUT_FEATURE,CAMERA_1,camera_type,is this a DSLR camera,PRESENT_X,CAMERA_1,S_ANSWERS_QUESTION_ABOUT_FEATURE,CAMERA_1,camera_type,This is a DSLR camera.,PRESENT_X,CAMERA_1,10~14
24,41,NONE,"['CAMERA_2', 'CAMERA_3', 'CAMERA_1']","{'CAMERA_1': ['weight', 'effects', 'color', 'sensor_size', 'resolution', 'optical_zoom', 'autofocus_points', 'preset_modes', 'ISO', 'camera_type', 'settings', 'long_exposure', 'price', 'ISO', 'weight', 'camera_type'], 'CAMERA_2': ['weight', 'price', 'camera_type', 'optical_zoom', 'effects', 'settings', 'ISO', 'sensor_size', 'long_exposure', 'resolution'], 'CAMERA_3': ['sensor_size', 'effects', 'preset_modes', 'weight', 'camera_type', 'autofocus_points', 'ISO', 'resolution', 'long_exposure']}",C_THANK_YOU,CAMERA_1,NONE,thank you,PRESENT_X,CAMERA_1,S_THANK_YOU,CAMERA_1,NONE,thank you very much.,FACE_TO_FACE,NONE,
24,42,NONE,"['CAMERA_2', 'CAMERA_3', 'CAMERA_1']","{'CAMERA_1': ['weight', 'effects', 'color', 'sensor_size', 'resolution', 'optical_zoom', 'autofocus_points', 'preset_modes', 'ISO', 'camera_type', 'settings', 'long_exposure', 'price', 'ISO', 'weight', 'camera_type'], 'CAMERA_2': ['weight', 'price', 'camera_type', 'optical_zoom', 'effects', 'settings', 'ISO', 'sensor_size', 'long_exposure', 'resolution'], 'CAMERA_3': ['sensor_size', 'effects', 'preset_modes', 'weight', 'camera_type', 'autofocus_points', 'ISO', 'resolution', 'long_exposure']}",C_LEAVES,DOOR,NONE,,FACE_TO_FACE,NONE,S_RETURNS_TO_COUNTER,SERVICE_COUNTER,NONE,,WAITING,NONE,
25,1,NONE,[],"{'CAMERA_1': [], 'CAMERA_2': [], 'CAMERA_3': []}",C_ENTERS,DOOR,NONE,,WAITING,NONE,S_NONE,SERVICE_COUNTER,NONE,,WAITING,NONE,
25,2,NONE,[],"{'CAMERA_1': [], 'CAMERA_2': [], 'CAMERA_3': []}",C_WALKS_TO_CAMERA,CAMERA_1,NONE,,WAITING,NONE,S_NONE,SERVICE_COUNTER,NONE,,WAITING,NONE,
25,3,NONE,[],"{'CAMERA_1': [], 'CAMERA_2': [], 'CAMERA_3': []}",C_EXAMINES_CAMERA,CAMERA_1,NONE,,WAITING,NONE,S_GREETS,CAMERA_1,NONE,can I help you?,FACE_TO_FACE,NONE,
25,4,CAMERA_2,['CAMERA_2'],"{'CAMERA_1': [], 'CAMERA_2': [], 'CAMERA_3': []}",C_LOOKING_FOR_A_CAMERA,CAMERA_1,NONE,I am looking to take take pictures with a camera,FACE_TO_FACE,NONE,S_INTRODUCES_CAMERA,CAMERA_2,,Let me show you this. Here we have the Fujifilm Lumix ILC Camera.,PRESENT_X,CAMERA_2,39~64
25,5,CAMERA_2,['CAMERA_2'],"{'CAMERA_1': [], 'CAMERA_2': ['weight'], 'CAMERA_3': []}",C_QUESTION_ABOUT_FEATURE,CAMERA_2,weight,oh yeah it's a bit heavy how much does it weight,PRESENT_X,CAMERA_2,S_ANSWERS_QUESTION_ABOUT_FEATURE,CAMERA_2,weight,This one weighs 820 grams.,PRESENT_X,CAMERA_2,16~25
25,6,CAMERA_2,['CAMERA_2'],"{'CAMERA_1': [], 'CAMERA_2': ['weight', 'sensor_size'], 'CAMERA_3': []}",C_SILENT_OR_BACKCHANNEL,CAMERA_2,NONE,Isis sounds like a really nice cameras have,PRESENT_X,CAMERA_2,S_INTRODUCES_FEATURE,CAMERA_2,sensor_size,This one has a 1/2.33 inch sensor.,PRESENT_X,CAMERA_2,15~33
25,7,CAMERA_3,"['CAMERA_2', 'CAMERA_3']","{'CAMERA_1': [], 'CAMERA_2': ['weight', 'sensor_size'], 'CAMERA_3': []}",C_ANYTHING_ELSE_AVAILABLE,CAMERA_2,NONE,do you have any other cameras with preset mode,PRESENT_X,CAMERA_2,S_INTRODUCES_CAMERA,CAMERA_3,,Let me show you this. Here we have the Fujifilm PowerShot ELPH S2800.,PRESENT_X,CAMERA_3,39~68
25,8,CAMERA_3,"['CAMERA_2', 'CAMERA_3']","{'CAMERA_1': [], 'CAMERA_2': ['weight', 'sensor_size'], 'CAMERA_3': ['price']}",C_SILENT_OR_BACKCHANNEL,CAMERA_3,NONE,I said yeah ok,PRESENT_X,CAMERA_3,S_INTRODUCES_FEATURE,CAMERA_3,price,This one costs $518.,PRESENT_X,CAMERA_3,15~19
25,9,CAMERA_3,"['CAMERA_2', 'CAMERA_3']","{'CAMERA_1': [], 'CAMERA_2': ['weight', 'sensor_size'], 'CAMERA_3': ['price', 'ISO']}",C_QUESTION_ABOUT_FEATURE,CAMERA_3,ISO,a and ISO,PRESENT_X,CAMERA_3,S_ANSWERS_QUESTION_ABOUT_FEATURE,CAMERA_3,ISO,This one has up to 3200 ISO with little noise.,PRESENT_X,CAMERA_3,13~45
25,10,CAMERA_1,"['CAMERA_2', 'CAMERA_3', 'CAMERA_1']","{'CAMERA_1': [], 'CAMERA_2': ['weight', 'sensor_size'], 'CAMERA_3': ['price', 'ISO']}",C_ANYTHING_ELSE_AVAILABLE,CAMERA_3,NONE,Do you have other cameras that I could afford,PRESENT_X,CAMERA_3,S_INTRODUCES_CAMERA,CAMERA_1,,Let me show you this. Here we have the Sony PowerShot ELPH DMC-ZS3.,PRESENT_X,CAMERA_1,39~66
25,11,CAMERA_1,"['CAMERA_2', 'CAMERA_3', 'CAMERA_1']","{'CAMERA_1': ['autofocus_points'], 'CAMERA_2': ['weight', 'sensor_size'], 'CAMERA_3': ['price', 'ISO']}",C_QUESTION_ABOUT_FEATURE,CAMERA_1,autofocus_points,that sounds good what about it's also Focus points,PRESENT_X,CAMERA_1,S_ANSWERS_QUESTION_ABOUT_FEATURE,CAMERA_1,autofocus_points,This one has 135 autofocus points.,PRESENT_X,CAMERA_1,13~33
25,12,CAMERA_1,"['CAMERA_2', 'CAMERA_3', 'CAMERA_1']","{'CAMERA_1': ['autofocus_points', 'effects'], 'CAMERA_2': ['weight', 'sensor_size'], 'CAMERA_3': ['price', 'ISO']}",C_SILENT_OR_BACKCHANNEL,CAMERA_1,NONE,let's see,PRESENT_X,CAMERA_1,S_INTRODUCES_FEATURE,CAMERA_1,effects,"This one has 24 glamor retouch effects (miniature, retro, toy camera, etc.).",PRESENT_X,CAMERA_1,13~75
25,13,,"['CAMERA_2', 'CAMERA_3', 'CAMERA_1']","{'CAMERA_1': ['autofocus_points', 'effects'], 'CAMERA_2': ['weight', 'sensor_size'], 'CAMERA_3': ['price', 'ISO']}",C_ANYTHING_ELSE_AVAILABLE,CAMERA_1,NONE,okay do you have any other cameras I might be interested,PRESENT_X,CAMERA_1,S_THATS_ALL_WE_HAVE_AVAILABLE,CAMERA_1,,That's all we have available at the moment.,PRESENT_X,CAMERA_1,
25,14,NONE,"['CAMERA_2', 'CAMERA_3', 'CAMERA_1']","{'CAMERA_1': ['autofocus_points', 'effects'], 'CAMERA_2': ['weight', 'sensor_size'], 'CAMERA_3': ['price', 'ISO']}",C_THANK_YOU,CAMERA_1,NONE,i see ok thanks,PRESENT_X,CAMERA_1,S_THANK_YOU,CAMERA_1,NONE,thank you very much.,FACE_TO_FACE,NONE,
25,15,NONE,"['CAMERA_2', 'CAMERA_3', 'CAMERA_1']","{'CAMERA_1': ['autofocus_points', 'effects'], 'CAMERA_2': ['weight', 'sensor_size'], 'CAMERA_3': ['price', 'ISO']}",C_LEAVES,DOOR,NONE,,FACE_TO_FACE,NONE,S_RETURNS_TO_COUNTER,SERVICE_COUNTER,NONE,,WAITING,NONE,
26,1,NONE,[],"{'CAMERA_1': [], 'CAMERA_2': [], 'CAMERA_3': []}",C_ENTERS,DOOR,NONE,,WAITING,NONE,S_NONE,SERVICE_COUNTER,NONE,,WAITING,NONE,
26,2,NONE,[],"{'CAMERA_1': [], 'CAMERA_2': [], 'CAMERA_3': []}",C_WALKS_TO_CAMERA,CAMERA_2,NONE,,WAITING,NONE,S_GREETS,CAMERA_2,NONE,can I help you?,FACE_TO_FACE,NONE,
26,3,CAMERA_2,['CAMERA_2'],"{'CAMERA_1': [], 'CAMERA_2': [], 'CAMERA_3': []}",C_LOOKING_FOR_A_CAMERA,CAMERA_2,NONE,the room I'm looking for a new camera that has a professional photographer,FACE_TO_FACE,NONE,S_INTRODUCES_CAMERA,CAMERA_2,,Let me show you this. Here we have the Fujifilm Lumix ILC Camera.,PRESENT_X,CAMERA_2,39~64
26,4,CAMERA_2,['CAMERA_2'],"{'CAMERA_1': [], 'CAMERA_2': ['optical_zoom'], 'CAMERA_3': []}",C_QUESTION_ABOUT_FEATURE,CAMERA_2,optical_zoom,what about the optical zoom,PRESENT_X,CAMERA_2,S_ANSWERS_QUESTION_ABOUT_FEATURE,CAMERA_2,optical_zoom,This one has 21x optical zoom.,PRESENT_X,CAMERA_2,13~29
26,5,CAMERA_2,['CAMERA_2'],"{'CAMERA_1': [], 'CAMERA_2': ['optical_zoom', 'settings'], 'CAMERA_3': []}",C_SILENT_OR_BACKCHANNEL,CAMERA_2,NONE,ok,PRESENT_X,CAMERA_2,S_INTRODUCES_FEATURE,CAMERA_2,settings,"This one has manual control and various automatic settings (video modeburst shooting, etc.).",PRESENT_X,CAMERA_2,13~91
26,6,CAMERA_2,['CAMERA_2'],"{'CAMERA_1': [], 'CAMERA_2': ['optical_zoom', 'settings', 'weight'], 'CAMERA_3': []}",C_SILENT_OR_BACKCHANNEL,CAMERA_2,NONE,IC,PRESENT_X,CAMERA_2,S_INTRODUCES_FEATURE,CAMERA_2,weight,This one weighs 820 grams.,PRESENT_X,CAMERA_2,16~25
26,7,CAMERA_2,['CAMERA_2'],"{'CAMERA_1': [], 'CAMERA_2': ['optical_zoom', 'settings', 'weight', 'ISO'], 'CAMERA_3': []}",C_QUESTION_ABOUT_FEATURE,CAMERA_2,ISO,and how about the iso settings,PRESENT_X,CAMERA_2,S_NOT_SURE,CAMERA_2,,I'm not really sure about that.,PRESENT_X,CAMERA_2,
26,8,CAMERA_2,['CAMERA_2'],"{'CAMERA_1': [], 'CAMERA_2': ['optical_zoom', 'settings', 'weight', 'ISO', 'sensor_size'], 'CAMERA_3': []}",C_QUESTION_ABOUT_FEATURE,CAMERA_2,sensor_size,what about the sensor size,PRESENT_X,CAMERA_2,S_ANSWERS_QUESTION_ABOUT_FEATURE,CAMERA_2,sensor_size,This one has a 1/2.33 inch sensor.,PRESENT_X,CAMERA_2,15~33
26,9,CAMERA_2,['CAMERA_2'],"{'CAMERA_1': [], 'CAMERA_2': ['optical_zoom', 'settings', 'weight', 'ISO', 'sensor_size', 'long_exposure'], 'CAMERA_3': []}",C_SILENT_OR_BACKCHANNEL,CAMERA_2,NONE,sounds great,PRESENT_X,CAMERA_2,S_INTRODUCES_FEATURE,CAMERA_2,long_exposure,This one can take long exposures up to 60 minutes max with bulb mode.,PRESENT_X,CAMERA_2,39~68
26,10,CAMERA_2,['CAMERA_2'],"{'CAMERA_1': [], 'CAMERA_2': ['optical_zoom', 'settings', 'weight', 'ISO', 'sensor_size', 'long_exposure', 'color'], 'CAMERA_3': []}",C_SILENT_OR_BACKCHANNEL,CAMERA_2,NONE,I get,PRESENT_X,CAMERA_2,S_INTRODUCES_FEATURE,CAMERA_2,color,This one comes in white or pink.,PRESENT_X,CAMERA_2,18~31
26,11,NONE,['CAMERA_2'],"{'CAMERA_1': [], 'CAMERA_2': ['optical_zoom', 'settings', 'weight', 'ISO', 'sensor_size', 'long_exposure', 'color'], 'CAMERA_3': []}",C_THANK_YOU,CAMERA_2,NONE,thank you very much for your time I'll see you again hopefully,PRESENT_X,CAMERA_2,S_THANK_YOU,CAMERA_2,NONE,thank you very much.,FACE_TO_FACE,NONE,
26,12,NONE,['CAMERA_2'],"{'CAMERA_1': [], 'CAMERA_2': ['optical_zoom', 'settings', 'weight', 'ISO', 'sensor_size', 'long_exposure', 'color'], 'CAMERA_3': []}",C_LEAVES,DOOR,NONE,,FACE_TO_FACE,NONE,S_RETURNS_TO_COUNTER,SERVICE_COUNTER,NONE,,WAITING,NONE,
27,1,NONE,[],"{'CAMERA_1': [], 'CAMERA_2': [], 'CAMERA_3': []}",C_ENTERS,DOOR,NONE,,WAITING,NONE,S_NONE,SERVICE_COUNTER,NONE,,WAITING,NONE,
27,2,NONE,[],"{'CAMERA_1': [], 'CAMERA_2': [], 'CAMERA_3': []}",C_WALKS_TO_CAMERA,CAMERA_1,NONE,,WAITING,NONE,S_NONE,SERVICE_COUNTER,NONE,,WAITING,NONE,
27,3,NONE,[],"{'CAMERA_1': [], 'CAMERA_2': [], 'CAMERA_3': []}",C_EXAMINES_CAMERA,CAMERA_1,NONE,,WAITING,NONE,S_NONE,SERVICE_COUNTER,NONE,,WAITING,NONE,
27,4,NONE,[],"{'CAMERA_1': [], 'CAMERA_2': [], 'CAMERA_3': []}",C_EXAMINES_CAMERA,CAMERA_1,NONE,,WAITING,NONE,S_GREETS,CAMERA_1,NONE,can I help you?,FACE_TO_FACE,NONE,
27,5,CAMERA_1,['CAMERA_1'],"{'CAMERA_1': [], 'CAMERA_2': [], 'CAMERA_3': []}",C_LOOKING_FOR_A_CAMERA,CAMERA_1,NONE,I'm looking for a mid mid range priced camera,FACE_TO_FACE,NONE,S_INTRODUCES_CAMERA,CAMERA_1,,Let me show you this. Here we have the Sony PowerShot ELPH DMC-ZS3.,PRESENT_X,CAMERA_1,39~66
27,6,CAMERA_1,['CAMERA_1'],"{'CAMERA_1': ['sensor_size'], 'CAMERA_2': [], 'CAMERA_3': []}",C_QUESTION_ABOUT_FEATURE,CAMERA_1,sensor_size,and what's the sensor size on this,PRESENT_X,CAMERA_1,S_ANSWERS_QUESTION_ABOUT_FEATURE,CAMERA_1,sensor_size,This one has a 1/2.3 inch CMOS sensor.,PRESENT_X,CAMERA_1,15~37
27,7,CAMERA_1,['CAMERA_1'],"{'CAMERA_1': ['sensor_size', 'optical_zoom'], 'CAMERA_2': [], 'CAMERA_3': []}",C_SILENT_OR_BACKCHANNEL,CAMERA_1,NONE,ok,PRESENT_X,CAMERA_1,S_INTRODUCES_FEATURE,CAMERA_1,optical_zoom,This one has 21x optical zoom.,PRESENT_X,CAMERA_1,13~29
27,8,CAMERA_1,['CAMERA_1'],"{'CAMERA_1': ['sensor_size', 'optical_zoom', 'resolution'], 'CAMERA_2': [], 'CAMERA_3': []}",C_SILENT_OR_BACKCHANNEL,CAMERA_1,NONE,not too bad,PRESENT_X,CAMERA_1,S_INTRODUCES_FEATURE,CAMERA_1,resolution,This one has 17.8 megapixels resolution.,PRESENT_X,CAMERA_1,13~28
27,9,CAMERA_1,['CAMERA_1'],"{'CAMERA_1': ['sensor_size', 'optical_zoom', 'resolution', 'effects'], 'CAMERA_2': [], 'CAMERA_3': []}",C_SILENT_OR_BACKCHANNEL,CAMERA_1,NONE,IC,PRESENT_X,CAMERA_1,S_INTRODUCES_FEATURE,CAMERA_1,effects,"This one has 24 glamor retouch effects (miniature, retro, toy camera, etc.).",PRESENT_X,CAMERA_1,13~75
27,10,CAMERA_1,['CAMERA_1'],"{'CAMERA_1': ['sensor_size', 'optical_zoom', 'resolution', 'effects', 'color'], 'CAMERA_2': [], 'CAMERA_3': []}",C_QUESTION_ABOUT_FEATURE,CAMERA_1,color,what colors does it come in,PRESENT_X,CAMERA_1,S_ANSWERS_QUESTION_ABOUT_FEATURE,CAMERA_1,color,This one comes in blue or black.,PRESENT_X,CAMERA_1,18~31
27,11,CAMERA_1,['CAMERA_1'],"{'CAMERA_1': ['sensor_size', 'optical_zoom', 'resolution', 'effects', 'color', 'long_exposure'], 'CAMERA_2': [], 'CAMERA_3': []}",C_QUESTION_ABOUT_FEATURE,CAMERA_1,long_exposure,okay I see and has synthesizes and long exposures in manual settings on spreading good camera,PRESENT_X,CAMERA_1,S_ANSWERS_QUESTION_ABOUT_FEATURE,CAMERA_1,long_exposure,This one can take long exposures up to up to 15 seconds with Long Shutter Mode.,PRESENT_X,CAMERA_1,39~78
27,12,CAMERA_1,['CAMERA_1'],"{'CAMERA_1': ['sensor_size', 'optical_zoom', 'resolution', 'effects', 'color', 'long_exposure', 'settings'], 'CAMERA_2': [], 'CAMERA_3': []}",C_SILENT_OR_BACKCHANNEL,CAMERA_1,NONE,okay that's not too bad for good camera mean he'll us 5d II,PRESENT_X,CAMERA_1,S_INTRODUCES_FEATURE,CAMERA_1,settings,This one has limited manual settings.,PRESENT_X,CAMERA_1,13~36
27,13,CAMERA_1,['CAMERA_1'],"{'CAMERA_1': ['sensor_size', 'optical_zoom', 'resolution', 'effects', 'color', 'long_exposure', 'settings', 'autofocus_points'], 'CAMERA_2': [], 'CAMERA_3': []}",C_SILENT_OR_BACKCHANNEL,CAMERA_1,NONE,ok,PRESENT_X,CAMERA_1,S_INTRODUCES_FEATURE,CAMERA_1,autofocus_points,This one has 135 autofocus points.,PRESENT_X,CAMERA_1,13~33
27,14,CAMERA_1,['CAMERA_1'],"{'CAMERA_1': ['sensor_size', 'optical_zoom', 'resolution', 'effects', 'color', 'long_exposure', 'settings', 'autofocus_points', 'weight'], 'CAMERA_2': [], 'CAMERA_3': []}",C_QUESTION_ABOUT_FEATURE,CAMERA_1,weight,what about it weight ,PRESENT_X,CAMERA_1,S_ANSWERS_QUESTION_ABOUT_FEATURE,CAMERA_1,weight,This one weighs 800 grams.,PRESENT_X,CAMERA_1,16~25
27,15,CAMERA_1,['CAMERA_1'],"{'CAMERA_1': ['sensor_size', 'optical_zoom', 'resolution', 'effects', 'color', 'long_exposure', 'settings', 'autofocus_points', 'weight', 'ISO'], 'CAMERA_2': [], 'CAMERA_3': []}",C_QUESTION_ABOUT_FEATURE,CAMERA_1,ISO,how is iso performance,PRESENT_X,CAMERA_1,S_ANSWERS_QUESTION_ABOUT_FEATURE,CAMERA_1,ISO,This one has up to 51200 ISO.,PRESENT_X,CAMERA_1,13~28
27,16,CAMERA_1,['CAMERA_1'],"{'CAMERA_1': ['sensor_size', 'optical_zoom', 'resolution', 'effects', 'color', 'long_exposure', 'settings', 'autofocus_points', 'weight', 'ISO', 'camera_type'], 'CAMERA_2': [], 'CAMERA_3': []}",C_QUESTION_ABOUT_FEATURE,CAMERA_1,camera_type,what kind of camera is this,PRESENT_X,CAMERA_1,S_ANSWERS_QUESTION_ABOUT_FEATURE,CAMERA_1,camera_type,This is a DSLR camera.,PRESENT_X,CAMERA_1,10~14
27,17,CAMERA_1,['CAMERA_1'],"{'CAMERA_1': ['sensor_size', 'optical_zoom', 'resolution', 'effects', 'color', 'long_exposure', 'settings', 'autofocus_points', 'weight', 'ISO', 'camera_type', 'price'], 'CAMERA_2': [], 'CAMERA_3': []}",C_SILENT_OR_BACKCHANNEL,CAMERA_1,NONE,wow that's really nice to you,PRESENT_X,CAMERA_1,S_INTRODUCES_FEATURE,CAMERA_1,price,This one costs $450.,PRESENT_X,CAMERA_1,15~19
27,18,CAMERA_1,['CAMERA_1'],"{'CAMERA_1': ['sensor_size', 'optical_zoom', 'resolution', 'effects', 'color', 'long_exposure', 'settings', 'autofocus_points', 'weight', 'ISO', 'camera_type', 'price', 'preset_modes'], 'CAMERA_2': [], 'CAMERA_3': []}",C_QUESTION_ABOUT_FEATURE,CAMERA_1,preset_modes,Is this camera support for basic mode,PRESENT_X,CAMERA_1,S_NOT_SURE,CAMERA_1,,I'm not really sure about that.,PRESENT_X,CAMERA_1,
27,19,CAMERA_3,"['CAMERA_1', 'CAMERA_3']","{'CAMERA_1': ['sensor_size', 'optical_zoom', 'resolution', 'effects', 'color', 'long_exposure', 'settings', 'autofocus_points', 'weight', 'ISO', 'camera_type', 'price', 'preset_modes'], 'CAMERA_2': [], 'CAMERA_3': []}",C_ANYTHING_ELSE_AVAILABLE,CAMERA_1,NONE,do you have any other cameras like this,PRESENT_X,CAMERA_1,S_INTRODUCES_CAMERA,CAMERA_3,,Let me show you this. Here we have the Fujifilm PowerShot ELPH S2800.,PRESENT_X,CAMERA_3,39~68
27,20,CAMERA_3,"['CAMERA_1', 'CAMERA_3']","{'CAMERA_1': ['sensor_size', 'optical_zoom', 'resolution', 'effects', 'color', 'long_exposure', 'settings', 'autofocus_points', 'weight', 'ISO', 'camera_type', 'price', 'preset_modes'], 'CAMERA_2': [], 'CAMERA_3': ['settings']}",C_QUESTION_ABOUT_FEATURE,CAMERA_3,settings,ok and manual settings how many manual settings does it have,PRESENT_X,CAMERA_3,S_ANSWERS_QUESTION_ABOUT_FEATURE,CAMERA_3,settings,"This one has manual control and various automatic settings (video modeburst shooting, etc.).",PRESENT_X,CAMERA_3,13~91
27,21,CAMERA_3,"['CAMERA_1', 'CAMERA_3']","{'CAMERA_1': ['sensor_size', 'optical_zoom', 'resolution', 'effects', 'color', 'long_exposure', 'settings', 'autofocus_points', 'weight', 'ISO', 'camera_type', 'price', 'preset_modes'], 'CAMERA_2': [], 'CAMERA_3': ['settings', 'price']}",C_QUESTION_ABOUT_FEATURE,CAMERA_3,price,umpire me know how much is this camera ,PRESENT_X,CAMERA_3,S_ANSWERS_QUESTION_ABOUT_FEATURE,CAMERA_3,price,This one costs $518.,PRESENT_X,CAMERA_3,15~19
27,22,NONE,"['CAMERA_1', 'CAMERA_3']","{'CAMERA_1': ['sensor_size', 'optical_zoom', 'resolution', 'effects', 'color', 'long_exposure', 'settings', 'autofocus_points', 'weight', 'ISO', 'camera_type', 'price', 'preset_modes'], 'CAMERA_2': [], 'CAMERA_3': ['settings', 'price']}",C_THANK_YOU,CAMERA_3,NONE,okay thank you thank you very much,PRESENT_X,CAMERA_3,S_THANK_YOU,CAMERA_3,NONE,thank you very much.,FACE_TO_FACE,NONE,
27,23,NONE,"['CAMERA_1', 'CAMERA_3']","{'CAMERA_1': ['sensor_size', 'optical_zoom', 'resolution', 'effects', 'color', 'long_exposure', 'settings', 'autofocus_points', 'weight', 'ISO', 'camera_type', 'price', 'preset_modes'], 'CAMERA_2': [], 'CAMERA_3': ['settings', 'price']}",C_LEAVES,DOOR,NONE,,FACE_TO_FACE,NONE,S_RETURNS_TO_COUNTER,SERVICE_COUNTER,NONE,,WAITING,NONE,
28,1,NONE,[],"{'CAMERA_1': [], 'CAMERA_2': [], 'CAMERA_3': []}",C_ENTERS,DOOR,NONE,,WAITING,NONE,S_NONE,SERVICE_COUNTER,NONE,,WAITING,NONE,
28,2,NONE,[],"{'CAMERA_1': [], 'CAMERA_2': [], 'CAMERA_3': []}",C_WALKS_TO_CAMERA,CAMERA_2,NONE,,WAITING,NONE,S_GREETS,CAMERA_2,NONE,can I help you?,FACE_TO_FACE,NONE,
28,3,CAMERA_2,['CAMERA_2'],"{'CAMERA_1': [], 'CAMERA_2': [], 'CAMERA_3': []}",C_LOOKING_FOR_A_CAMERA,CAMERA_2,NONE,well I'm looking for camera,FACE_TO_FACE,NONE,S_INTRODUCES_CAMERA,CAMERA_2,,Let me show you this. Here we have the Fujifilm Lumix ILC Camera.,PRESENT_X,CAMERA_2,39~64
28,4,CAMERA_2,['CAMERA_2'],"{'CAMERA_1': [], 'CAMERA_2': ['autofocus_points'], 'CAMERA_3': []}",C_QUESTION_ABOUT_FEATURE,CAMERA_2,autofocus_points,how many autofocus points does it have ,PRESENT_X,CAMERA_2,S_NOT_SURE,CAMERA_2,,I'm not really sure about that.,PRESENT_X,CAMERA_2,
28,5,CAMERA_2,['CAMERA_2'],"{'CAMERA_1': [], 'CAMERA_2': ['autofocus_points', 'settings'], 'CAMERA_3': []}",C_QUESTION_ABOUT_FEATURE,CAMERA_2,settings,nice and what about the mental settings,PRESENT_X,CAMERA_2,S_ANSWERS_QUESTION_ABOUT_FEATURE,CAMERA_2,settings,"This one has manual control and various automatic settings (video modeburst shooting, etc.).",PRESENT_X,CAMERA_2,13~91
28,6,CAMERA_2,['CAMERA_2'],"{'CAMERA_1': [], 'CAMERA_2': ['autofocus_points', 'settings', 'resolution'], 'CAMERA_3': []}",C_SILENT_OR_BACKCHANNEL,CAMERA_2,NONE,interesting,PRESENT_X,CAMERA_2,S_INTRODUCES_FEATURE,CAMERA_2,resolution,This one has 23.8 megapixels resolution.,PRESENT_X,CAMERA_2,13~28
28,7,CAMERA_2,['CAMERA_2'],"{'CAMERA_1': [], 'CAMERA_2': ['autofocus_points', 'settings', 'resolution', 'color'], 'CAMERA_3': []}",C_SILENT_OR_BACKCHANNEL,CAMERA_2,NONE,this is pretty new does it take good photos,PRESENT_X,CAMERA_2,S_INTRODUCES_FEATURE,CAMERA_2,color,This one comes in white or pink.,PRESENT_X,CAMERA_2,18~31
28,8,CAMERA_2,['CAMERA_2'],"{'CAMERA_1': [], 'CAMERA_2': ['autofocus_points', 'settings', 'resolution', 'color', 'price'], 'CAMERA_3': []}",C_SILENT_OR_BACKCHANNEL,CAMERA_2,NONE,nice what's the pricing on it,PRESENT_X,CAMERA_2,S_INTRODUCES_FEATURE,CAMERA_2,price,This one costs $768.,PRESENT_X,CAMERA_2,15~19
28,9,CAMERA_2,['CAMERA_2'],"{'CAMERA_1': [], 'CAMERA_2': ['autofocus_points', 'settings', 'resolution', 'color', 'price', 'effects'], 'CAMERA_3': []}",C_SILENT_OR_BACKCHANNEL,CAMERA_2,NONE,that's great,PRESENT_X,CAMERA_2,S_INTRODUCES_FEATURE,CAMERA_2,effects,"This one has 24 artistic effect modes (retro, lighter or darker skin tones, sepia, etc.).",PRESENT_X,CAMERA_2,13~88
28,10,CAMERA_2,['CAMERA_2'],"{'CAMERA_1': [], 'CAMERA_2': ['autofocus_points', 'settings', 'resolution', 'color', 'price', 'effects', 'weight'], 'CAMERA_3': []}",C_QUESTION_ABOUT_FEATURE,CAMERA_2,weight,30 seconds whats the weight,PRESENT_X,CAMERA_2,S_ANSWERS_QUESTION_ABOUT_FEATURE,CAMERA_2,weight,This one weighs 820 grams.,PRESENT_X,CAMERA_2,16~25
28,11,CAMERA_2,['CAMERA_2'],"{'CAMERA_1': [], 'CAMERA_2': ['autofocus_points', 'settings', 'resolution', 'color', 'price', 'effects', 'weight', 'ISO'], 'CAMERA_3': []}",C_QUESTION_ABOUT_FEATURE,CAMERA_2,ISO,what is the ISO,PRESENT_X,CAMERA_2,S_NOT_SURE,CAMERA_2,,I'm not really sure about that.,PRESENT_X,CAMERA_2,
28,12,CAMERA_2,['CAMERA_2'],"{'CAMERA_1': [], 'CAMERA_2': ['autofocus_points', 'settings', 'resolution', 'color', 'price', 'effects', 'weight', 'ISO', 'preset_modes'], 'CAMERA_3': []}",C_QUESTION_ABOUT_FEATURE,CAMERA_2,preset_modes,does this camera support for preset mode,PRESENT_X,CAMERA_2,S_NOT_SURE,CAMERA_2,,I'm not really sure about that.,PRESENT_X,CAMERA_2,
28,13,CAMERA_2,['CAMERA_2'],"{'CAMERA_1': [], 'CAMERA_2': ['autofocus_points', 'settings', 'resolution', 'color', 'price', 'effects', 'weight', 'ISO', 'preset_modes', 'camera_type'], 'CAMERA_3': []}",C_QUESTION_ABOUT_FEATURE,CAMERA_2,camera_type,Is this a mirrorless camera?,PRESENT_X,CAMERA_2,S_ANSWERS_QUESTION_ABOUT_FEATURE,CAMERA_2,camera_type,This is a digital single lens mirrorless camera.,PRESENT_X,CAMERA_2,10~40
28,14,CAMERA_2,['CAMERA_2'],"{'CAMERA_1': [], 'CAMERA_2': ['autofocus_points', 'settings', 'resolution', 'color', 'price', 'effects', 'weight', 'ISO', 'preset_modes', 'camera_type', 'long_exposure'], 'CAMERA_3': []}",C_SILENT_OR_BACKCHANNEL,CAMERA_2,NONE,I said okay,PRESENT_X,CAMERA_2,S_INTRODUCES_FEATURE,CAMERA_2,long_exposure,This one can take long exposures up to 60 minutes max with bulb mode.,PRESENT_X,CAMERA_2,39~68
28,15,CAMERA_2,['CAMERA_2'],"{'CAMERA_1': [], 'CAMERA_2': ['autofocus_points', 'settings', 'resolution', 'color', 'price', 'effects', 'weight', 'ISO', 'preset_modes', 'camera_type', 'long_exposure', 'sensor_size'], 'CAMERA_3': []}",C_QUESTION_ABOUT_FEATURE,CAMERA_2,sensor_size,oh I see and what about this sensor site,PRESENT_X,CAMERA_2,S_ANSWERS_QUESTION_ABOUT_FEATURE,CAMERA_2,sensor_size,This one has a 1/2.33 inch sensor.,PRESENT_X,CAMERA_2,15~33
28,16,NONE,['CAMERA_2'],"{'CAMERA_1': [], 'CAMERA_2': ['autofocus_points', 'settings', 'resolution', 'color', 'price', 'effects', 'weight', 'ISO', 'preset_modes', 'camera_type', 'long_exposure', 'sensor_size'], 'CAMERA_3': []}",C_THANK_YOU,CAMERA_2,NONE,thank you have a good day,PRESENT_X,CAMERA_2,S_THANK_YOU,CAMERA_2,NONE,thank you very much.,FACE_TO_FACE,NONE,
28,17,NONE,['CAMERA_2'],"{'CAMERA_1': [], 'CAMERA_2': ['autofocus_points', 'settings', 'resolution', 'color', 'price', 'effects', 'weight', 'ISO', 'preset_modes', 'camera_type', 'long_exposure', 'sensor_size'], 'CAMERA_3': []}",C_LEAVES,DOOR,NONE,,FACE_TO_FACE,NONE,S_RETURNS_TO_COUNTER,SERVICE_COUNTER,NONE,,WAITING,NONE,
29,1,NONE,[],"{'CAMERA_1': [], 'CAMERA_2': [], 'CAMERA_3': []}",C_ENTERS,DOOR,NONE,,WAITING,NONE,S_NONE,SERVICE_COUNTER,NONE,,WAITING,NONE,
29,2,NONE,[],"{'CAMERA_1': [], 'CAMERA_2': [], 'CAMERA_3': []}",C_WALKS_TO_CAMERA,CAMERA_3,NONE,,WAITING,NONE,S_GREETS,CAMERA_3,NONE,can I help you?,FACE_TO_FACE,NONE,
29,3,CAMERA_3,['CAMERA_3'],"{'CAMERA_1': [], 'CAMERA_2': [], 'CAMERA_3': []}",C_LOOKING_FOR_A_CAMERA,CAMERA_3,NONE,yo I'm looking for a camera maybe more for use at night,FACE_TO_FACE,NONE,S_INTRODUCES_CAMERA,CAMERA_3,,Let me show you this. Here we have the Fujifilm PowerShot ELPH S2800.,PRESENT_X,CAMERA_3,39~68
29,4,CAMERA_3,['CAMERA_3'],"{'CAMERA_1': [], 'CAMERA_2': [], 'CAMERA_3': ['settings']}",C_QUESTION_ABOUT_FEATURE,CAMERA_3,settings,what about the manual testing supposed to feel flexibility,PRESENT_X,CAMERA_3,S_ANSWERS_QUESTION_ABOUT_FEATURE,CAMERA_3,settings,"This one has manual control and various automatic settings (video modeburst shooting, etc.).",PRESENT_X,CAMERA_3,13~91
29,5,CAMERA_3,['CAMERA_3'],"{'CAMERA_1': [], 'CAMERA_2': [], 'CAMERA_3': ['settings', 'autofocus_points']}",C_SILENT_OR_BACKCHANNEL,CAMERA_3,NONE,okay,PRESENT_X,CAMERA_3,S_INTRODUCES_FEATURE,CAMERA_3,autofocus_points,This one has 214 autofocus points.,PRESENT_X,CAMERA_3,13~33
29,6,CAMERA_3,['CAMERA_3'],"{'CAMERA_1': [], 'CAMERA_2': [], 'CAMERA_3': ['settings', 'autofocus_points', 'camera_type']}",C_QUESTION_ABOUT_FEATURE,CAMERA_3,camera_type,is this a point and shoot camera,PRESENT_X,CAMERA_3,S_ANSWERS_QUESTION_ABOUT_FEATURE,CAMERA_3,camera_type,This is a point and shoot camera.,PRESENT_X,CAMERA_3,10~25
29,7,CAMERA_3,['CAMERA_3'],"{'CAMERA_1': [], 'CAMERA_2': [], 'CAMERA_3': ['settings', 'autofocus_points', 'camera_type', 'effects']}",C_QUESTION_ABOUT_FEATURE,CAMERA_3,effects,does it have any effect modes,PRESENT_X,CAMERA_3,S_ANSWERS_QUESTION_ABOUT_FEATURE,CAMERA_3,effects,"This one has 21 photo effects (small face, retro, big eyes, etc.).",PRESENT_X,CAMERA_3,13~65
29,8,CAMERA_3,['CAMERA_3'],"{'CAMERA_1': [], 'CAMERA_2': [], 'CAMERA_3': ['settings', 'autofocus_points', 'camera_type', 'effects', 'sensor_size']}",C_QUESTION_ABOUT_FEATURE,CAMERA_3,sensor_size,is the sensor on this phone as big as the DSLR,PRESENT_X,CAMERA_3,S_ANSWERS_QUESTION_ABOUT_FEATURE,CAMERA_3,sensor_size,This one has a full frame.,PRESENT_X,CAMERA_3,15~25
29,9,CAMERA_3,['CAMERA_3'],"{'CAMERA_1': [], 'CAMERA_2': [], 'CAMERA_3': ['settings', 'autofocus_points', 'camera_type', 'effects', 'sensor_size', 'long_exposure']}",C_SILENT_OR_BACKCHANNEL,CAMERA_3,NONE,okay I guess this one's got a pretty good sense size,PRESENT_X,CAMERA_3,S_INTRODUCES_FEATURE,CAMERA_3,long_exposure,This one can take long exposures up to 30 minutes max with bulb mode.,PRESENT_X,CAMERA_3,39~68
29,10,CAMERA_3,['CAMERA_3'],"{'CAMERA_1': [], 'CAMERA_2': [], 'CAMERA_3': ['settings', 'autofocus_points', 'camera_type', 'effects', 'sensor_size', 'long_exposure', 'weight']}",C_QUESTION_ABOUT_FEATURE,CAMERA_3,weight,a gray that looks really stylish looks a bit lighter as well how much does it weigh,PRESENT_X,CAMERA_3,S_ANSWERS_QUESTION_ABOUT_FEATURE,CAMERA_3,weight,This one weighs 820 grams.,PRESENT_X,CAMERA_3,16~25
29,11,CAMERA_3,['CAMERA_3'],"{'CAMERA_1': [], 'CAMERA_2': [], 'CAMERA_3': ['settings', 'autofocus_points', 'camera_type', 'effects', 'sensor_size', 'long_exposure', 'weight', 'resolution']}",C_SILENT_OR_BACKCHANNEL,CAMERA_3,NONE,that is nice,PRESENT_X,CAMERA_3,S_INTRODUCES_FEATURE,CAMERA_3,resolution,This one has 23.2 megapixels resolution.,PRESENT_X,CAMERA_3,13~28
29,12,CAMERA_3,['CAMERA_3'],"{'CAMERA_1': [], 'CAMERA_2': [], 'CAMERA_3': ['settings', 'autofocus_points', 'camera_type', 'effects', 'sensor_size', 'long_exposure', 'weight', 'resolution', 'ISO']}",C_QUESTION_ABOUT_FEATURE,CAMERA_3,ISO,how is the iso,PRESENT_X,CAMERA_3,S_ANSWERS_QUESTION_ABOUT_FEATURE,CAMERA_3,ISO,This one has up to 3200 ISO with little noise.,PRESENT_X,CAMERA_3,13~45
29,13,CAMERA_2,"['CAMERA_3', 'CAMERA_2']","{'CAMERA_1': [], 'CAMERA_2': [], 'CAMERA_3': ['settings', 'autofocus_points', 'camera_type', 'effects', 'sensor_size', 'long_exposure', 'weight', 'resolution', 'ISO']}",C_ANYTHING_ELSE_AVAILABLE,CAMERA_3,NONE,So this is the only model you have in your shop,PRESENT_X,CAMERA_3,S_INTRODUCES_CAMERA,CAMERA_2,,Let me show you this. Here we have the Fujifilm Lumix ILC Camera.,PRESENT_X,CAMERA_2,39~64
29,14,CAMERA_2,"['CAMERA_3', 'CAMERA_2']","{'CAMERA_1': [], 'CAMERA_2': ['camera_type'], 'CAMERA_3': ['settings', 'autofocus_points', 'camera_type', 'effects', 'sensor_size', 'long_exposure', 'weight', 'resolution', 'ISO']}",C_QUESTION_ABOUT_FEATURE,CAMERA_2,camera_type,Is this a mirrorless camera?,PRESENT_X,CAMERA_2,S_ANSWERS_QUESTION_ABOUT_FEATURE,CAMERA_2,camera_type,This is a digital single lens mirrorless camera.,PRESENT_X,CAMERA_2,10~40
29,15,CAMERA_2,"['CAMERA_3', 'CAMERA_2']","{'CAMERA_1': [], 'CAMERA_2': ['camera_type', 'sensor_size'], 'CAMERA_3': ['settings', 'autofocus_points', 'camera_type', 'effects', 'sensor_size', 'long_exposure', 'weight', 'resolution', 'ISO']}",C_QUESTION_ABOUT_FEATURE,CAMERA_2,sensor_size,synthesize of this camera,PRESENT_X,CAMERA_2,S_ANSWERS_QUESTION_ABOUT_FEATURE,CAMERA_2,sensor_size,This one has a 1/2.33 inch sensor.,PRESENT_X,CAMERA_2,15~33
29,16,CAMERA_2,"['CAMERA_3', 'CAMERA_2']","{'CAMERA_1': [], 'CAMERA_2': ['camera_type', 'sensor_size', 'optical_zoom'], 'CAMERA_3': ['settings', 'autofocus_points', 'camera_type', 'effects', 'sensor_size', 'long_exposure', 'weight', 'resolution', 'ISO']}",C_QUESTION_ABOUT_FEATURE,CAMERA_2,optical_zoom,does it have optical zoom,PRESENT_X,CAMERA_2,S_ANSWERS_QUESTION_ABOUT_FEATURE,CAMERA_2,optical_zoom,This one has 21x optical zoom.,PRESENT_X,CAMERA_2,13~29
29,17,CAMERA_2,"['CAMERA_3', 'CAMERA_2']","{'CAMERA_1': [], 'CAMERA_2': ['camera_type', 'sensor_size', 'optical_zoom', 'preset_modes'], 'CAMERA_3': ['settings', 'autofocus_points', 'camera_type', 'effects', 'sensor_size', 'long_exposure', 'weight', 'resolution', 'ISO']}",C_QUESTION_ABOUT_FEATURE,CAMERA_2,preset_modes,Is this support preset mode,PRESENT_X,CAMERA_2,S_NOT_SURE,CAMERA_2,,I'm not really sure about that.,PRESENT_X,CAMERA_2,
29,18,CAMERA_2,"['CAMERA_3', 'CAMERA_2']","{'CAMERA_1': [], 'CAMERA_2': ['camera_type', 'sensor_size', 'optical_zoom', 'preset_modes', 'autofocus_points'], 'CAMERA_3': ['settings', 'autofocus_points', 'camera_type', 'effects', 'sensor_size', 'long_exposure', 'weight', 'resolution', 'ISO']}",C_QUESTION_ABOUT_FEATURE,CAMERA_2,autofocus_points,what do I use the autofocus points for,PRESENT_X,CAMERA_2,S_NOT_SURE,CAMERA_2,,I'm not really sure about that.,PRESENT_X,CAMERA_2,
29,19,CAMERA_2,"['CAMERA_3', 'CAMERA_2']","{'CAMERA_1': [], 'CAMERA_2': ['camera_type', 'sensor_size', 'optical_zoom', 'preset_modes', 'autofocus_points', 'price'], 'CAMERA_3': ['settings', 'autofocus_points', 'camera_type', 'effects', 'sensor_size', 'long_exposure', 'weight', 'resolution', 'ISO']}",C_SILENT_OR_BACKCHANNEL,CAMERA_2,NONE,I think this is not too bad,PRESENT_X,CAMERA_2,S_INTRODUCES_FEATURE,CAMERA_2,price,This one costs $768.,PRESENT_X,CAMERA_2,15~19
29,20,CAMERA_1,"['CAMERA_3', 'CAMERA_2', 'CAMERA_1']","{'CAMERA_1': [], 'CAMERA_2': ['camera_type', 'sensor_size', 'optical_zoom', 'preset_modes', 'autofocus_points', 'price'], 'CAMERA_3': ['settings', 'autofocus_points', 'camera_type', 'effects', 'sensor_size', 'long_exposure', 'weight', 'resolution', 'ISO']}",C_ANYTHING_ELSE_AVAILABLE,CAMERA_2,NONE,So this is the only model you have in your shop,PRESENT_X,CAMERA_2,S_INTRODUCES_CAMERA,CAMERA_1,,Let me show you this. Here we have the Sony PowerShot ELPH DMC-ZS3.,PRESENT_X,CAMERA_1,39~66
29,21,CAMERA_1,"['CAMERA_3', 'CAMERA_2', 'CAMERA_1']","{'CAMERA_1': ['preset_modes'], 'CAMERA_2': ['camera_type', 'sensor_size', 'optical_zoom', 'preset_modes', 'autofocus_points', 'price'], 'CAMERA_3': ['settings', 'autofocus_points', 'camera_type', 'effects', 'sensor_size', 'long_exposure', 'weight', 'resolution', 'ISO']}",C_QUESTION_ABOUT_FEATURE,CAMERA_1,preset_modes,can you please explain me more about the their priests mode,PRESENT_X,CAMERA_1,S_NOT_SURE,CAMERA_1,,I'm not really sure about that.,PRESENT_X,CAMERA_1,
29,22,,"['CAMERA_3', 'CAMERA_2', 'CAMERA_1']","{'CAMERA_1': ['preset_modes'], 'CAMERA_2': ['camera_type', 'sensor_size', 'optical_zoom', 'preset_modes', 'autofocus_points', 'price'], 'CAMERA_3': ['settings', 'autofocus_points', 'camera_type', 'effects', 'sensor_size', 'long_exposure', 'weight', 'resolution', 'ISO']}",C_ANYTHING_ELSE_AVAILABLE,CAMERA_1,NONE,do you have any other cameras with preset mode,PRESENT_X,CAMERA_1,S_THATS_ALL_WE_HAVE_AVAILABLE,CAMERA_1,,That's all we have available at the moment.,PRESENT_X,CAMERA_1,
29,23,NONE,"['CAMERA_3', 'CAMERA_2', 'CAMERA_1']","{'CAMERA_1': ['preset_modes'], 'CAMERA_2': ['camera_type', 'sensor_size', 'optical_zoom', 'preset_modes', 'autofocus_points', 'price'], 'CAMERA_3': ['settings', 'autofocus_points', 'camera_type', 'effects', 'sensor_size', 'long_exposure', 'weight', 'resolution', 'ISO']}",C_THANK_YOU,CAMERA_1,NONE,thanks,PRESENT_X,CAMERA_1,S_THANK_YOU,CAMERA_1,NONE,thank you very much.,FACE_TO_FACE,NONE,
29,24,NONE,"['CAMERA_3', 'CAMERA_2', 'CAMERA_1']","{'CAMERA_1': ['preset_modes'], 'CAMERA_2': ['camera_type', 'sensor_size', 'optical_zoom', 'preset_modes', 'autofocus_points', 'price'], 'CAMERA_3': ['settings', 'autofocus_points', 'camera_type', 'effects', 'sensor_size', 'long_exposure', 'weight', 'resolution', 'ISO']}",C_LEAVES,DOOR,NONE,,FACE_TO_FACE,NONE,S_RETURNS_TO_COUNTER,SERVICE_COUNTER,NONE,,WAITING,NONE,
30,1,NONE,[],"{'CAMERA_1': [], 'CAMERA_2': [], 'CAMERA_3': []}",C_ENTERS,DOOR,NONE,,WAITING,NONE,S_NONE,SERVICE_COUNTER,NONE,,WAITING,NONE,
30,2,NONE,[],"{'CAMERA_1': [], 'CAMERA_2': [], 'CAMERA_3': []}",C_GREETS,MIDDLE,NONE,hello,WAITING,NONE,S_GREETS,MIDDLE,NONE,can I help you?,FACE_TO_FACE,NONE,
30,3,CAMERA_2,['CAMERA_2'],"{'CAMERA_1': [], 'CAMERA_2': [], 'CAMERA_3': []}",C_LOOKING_FOR_A_CAMERA,MIDDLE,NONE,I'm just here looking at the new cameras at your home,FACE_TO_FACE,NONE,S_INTRODUCES_CAMERA,CAMERA_2,,Let me show you this. Here we have the Fujifilm Lumix ILC Camera.,PRESENT_X,CAMERA_2,39~64
30,4,CAMERA_2,['CAMERA_2'],"{'CAMERA_1': [], 'CAMERA_2': ['long_exposure'], 'CAMERA_3': []}",C_QUESTION_ABOUT_FEATURE,CAMERA_2,long_exposure,hey what about the exposure,PRESENT_X,CAMERA_2,S_ANSWERS_QUESTION_ABOUT_FEATURE,CAMERA_2,long_exposure,This one can take long exposures up to 60 minutes max with bulb mode.,PRESENT_X,CAMERA_2,39~68
30,5,CAMERA_2,['CAMERA_2'],"{'CAMERA_1': [], 'CAMERA_2': ['long_exposure', 'ISO'], 'CAMERA_3': []}",C_QUESTION_ABOUT_FEATURE,CAMERA_2,ISO,How about the ISO range of this camera,PRESENT_X,CAMERA_2,S_NOT_SURE,CAMERA_2,,I'm not really sure about that.,PRESENT_X,CAMERA_2,
30,6,NONE,['CAMERA_2'],"{'CAMERA_1': [], 'CAMERA_2': ['long_exposure', 'ISO'], 'CAMERA_3': []}",C_THANK_YOU,CAMERA_2,NONE,thank you very much,PRESENT_X,CAMERA_2,S_THANK_YOU,CAMERA_2,NONE,thank you very much.,FACE_TO_FACE,NONE,
30,7,NONE,['CAMERA_2'],"{'CAMERA_1': [], 'CAMERA_2': ['long_exposure', 'ISO'], 'CAMERA_3': []}",C_LEAVES,DOOR,NONE,,FACE_TO_FACE,NONE,S_RETURNS_TO_COUNTER,SERVICE_COUNTER,NONE,,WAITING,NONE,
31,1,NONE,[],"{'CAMERA_1': [], 'CAMERA_2': [], 'CAMERA_3': []}",C_ENTERS,DOOR,NONE,,WAITING,NONE,S_NONE,SERVICE_COUNTER,NONE,,WAITING,NONE,
31,2,NONE,[],"{'CAMERA_1': [], 'CAMERA_2': [], 'CAMERA_3': []}",C_GREETS,MIDDLE,NONE,excuse me,WAITING,NONE,S_GREETS,MIDDLE,NONE,can I help you?,FACE_TO_FACE,NONE,
31,3,CAMERA_1,['CAMERA_1'],"{'CAMERA_1': [], 'CAMERA_2': [], 'CAMERA_3': []}",C_LOOKING_FOR_A_CAMERA,MIDDLE,NONE,I'm looking for a camera,FACE_TO_FACE,NONE,S_INTRODUCES_CAMERA,CAMERA_1,,Let me show you this. Here we have the Sony PowerShot ELPH DMC-ZS3.,PRESENT_X,CAMERA_1,39~66
31,4,CAMERA_1,['CAMERA_1'],"{'CAMERA_1': ['camera_type'], 'CAMERA_2': [], 'CAMERA_3': []}",C_QUESTION_ABOUT_FEATURE,CAMERA_1,camera_type,Is this a mirrorless camera?,PRESENT_X,CAMERA_1,S_ANSWERS_QUESTION_ABOUT_FEATURE,CAMERA_1,camera_type,This is a DSLR camera.,PRESENT_X,CAMERA_1,10~14
31,5,CAMERA_1,['CAMERA_1'],"{'CAMERA_1': ['camera_type', 'effects'], 'CAMERA_2': [], 'CAMERA_3': []}",C_QUESTION_ABOUT_FEATURE,CAMERA_1,effects,does it have any effect modes,PRESENT_X,CAMERA_1,S_ANSWERS_QUESTION_ABOUT_FEATURE,CAMERA_1,effects,"This one has 24 glamor retouch effects (miniature, retro, toy camera, etc.).",PRESENT_X,CAMERA_1,13~75
31,6,CAMERA_1,['CAMERA_1'],"{'CAMERA_1': ['camera_type', 'effects', 'sensor_size'], 'CAMERA_2': [], 'CAMERA_3': []}",C_SILENT_OR_BACKCHANNEL,CAMERA_1,NONE,that's great,PRESENT_X,CAMERA_1,S_INTRODUCES_FEATURE,CAMERA_1,sensor_size,This one has a 1/2.3 inch CMOS sensor.,PRESENT_X,CAMERA_1,15~37
31,7,CAMERA_1,['CAMERA_1'],"{'CAMERA_1': ['camera_type', 'effects', 'sensor_size', 'settings'], 'CAMERA_2': [], 'CAMERA_3': []}",C_SILENT_OR_BACKCHANNEL,CAMERA_1,NONE,interesting,PRESENT_X,CAMERA_1,S_INTRODUCES_FEATURE,CAMERA_1,settings,This one has limited manual settings.,PRESENT_X,CAMERA_1,13~36
31,8,NONE,['CAMERA_1'],"{'CAMERA_1': ['camera_type', 'effects', 'sensor_size', 'settings'], 'CAMERA_2': [], 'CAMERA_3': []}",C_THANK_YOU,CAMERA_1,NONE,yes thank you very much for your help,PRESENT_X,CAMERA_1,S_THANK_YOU,CAMERA_1,NONE,thank you very much.,FACE_TO_FACE,NONE,
31,9,NONE,['CAMERA_1'],"{'CAMERA_1': ['camera_type', 'effects', 'sensor_size', 'settings'], 'CAMERA_2': [], 'CAMERA_3': []}",C_LEAVES,DOOR,NONE,,FACE_TO_FACE,NONE,S_RETURNS_TO_COUNTER,SERVICE_COUNTER,NONE,,WAITING,NONE,
32,1,NONE,[],"{'CAMERA_1': [], 'CAMERA_2': [], 'CAMERA_3': []}",C_ENTERS,DOOR,NONE,,WAITING,NONE,S_NONE,SERVICE_COUNTER,NONE,,WAITING,NONE,
32,2,NONE,[],"{'CAMERA_1': [], 'CAMERA_2': [], 'CAMERA_3': []}",C_GREETS,MIDDLE,NONE,excuse me how large is the sensor on this camera,WAITING,NONE,S_GREETS,MIDDLE,NONE,can I help you?,FACE_TO_FACE,NONE,
32,3,CAMERA_1,['CAMERA_1'],"{'CAMERA_1': [], 'CAMERA_2': [], 'CAMERA_3': []}",C_LOOKING_FOR_A_CAMERA,MIDDLE,NONE,good afternoon I just graduated from high school am looking to buy a new camera,FACE_TO_FACE,NONE,S_INTRODUCES_CAMERA,CAMERA_1,,Let me show you this. Here we have the Sony PowerShot ELPH DMC-ZS3.,PRESENT_X,CAMERA_1,39~66
32,4,CAMERA_1,['CAMERA_1'],"{'CAMERA_1': ['effects'], 'CAMERA_2': [], 'CAMERA_3': []}",C_QUESTION_ABOUT_FEATURE,CAMERA_1,effects,okay good I'm going to take this as autistic effect mode what does that mean exactly,PRESENT_X,CAMERA_1,S_ANSWERS_QUESTION_ABOUT_FEATURE,CAMERA_1,effects,"This one has 24 glamor retouch effects (miniature, retro, toy camera, etc.).",PRESENT_X,CAMERA_1,13~75
32,5,CAMERA_1,['CAMERA_1'],"{'CAMERA_1': ['effects', 'settings'], 'CAMERA_2': [], 'CAMERA_3': []}",C_SILENT_OR_BACKCHANNEL,CAMERA_1,NONE,okay,PRESENT_X,CAMERA_1,S_INTRODUCES_FEATURE,CAMERA_1,settings,This one has limited manual settings.,PRESENT_X,CAMERA_1,13~36
32,6,NONE,['CAMERA_1'],"{'CAMERA_1': ['effects', 'settings'], 'CAMERA_2': [], 'CAMERA_3': []}",C_THANK_YOU,CAMERA_1,NONE,thank you,PRESENT_X,CAMERA_1,S_THANK_YOU,CAMERA_1,NONE,thank you very much.,FACE_TO_FACE,NONE,
32,7,NONE,['CAMERA_1'],"{'CAMERA_1': ['effects', 'settings'], 'CAMERA_2': [], 'CAMERA_3': []}",C_LEAVES,DOOR,NONE,,FACE_TO_FACE,NONE,S_RETURNS_TO_COUNTER,SERVICE_COUNTER,NONE,,WAITING,NONE,
33,1,NONE,[],"{'CAMERA_1': [], 'CAMERA_2': [], 'CAMERA_3': []}",C_ENTERS,DOOR,NONE,,WAITING,NONE,S_NONE,SERVICE_COUNTER,NONE,,WAITING,NONE,
33,2,NONE,[],"{'CAMERA_1': [], 'CAMERA_2': [], 'CAMERA_3': []}",C_GREETS,MIDDLE,NONE,I'm sorry,WAITING,NONE,S_GREETS,MIDDLE,NONE,can I help you?,FACE_TO_FACE,NONE,
33,3,CAMERA_1,['CAMERA_1'],"{'CAMERA_1': [], 'CAMERA_2': [], 'CAMERA_3': []}",C_LOOKING_FOR_A_CAMERA,MIDDLE,NONE,I'm just looking around I'm thinking about buying a camera but I don't know which one,FACE_TO_FACE,NONE,S_INTRODUCES_CAMERA,CAMERA_1,,Let me show you this. Here we have the Sony PowerShot ELPH DMC-ZS3.,PRESENT_X,CAMERA_1,39~66
33,4,CAMERA_1,['CAMERA_1'],"{'CAMERA_1': ['preset_modes'], 'CAMERA_2': [], 'CAMERA_3': []}",C_QUESTION_ABOUT_FEATURE,CAMERA_1,preset_modes,what about the present mode what is that,PRESENT_X,CAMERA_1,S_NOT_SURE,CAMERA_1,,I'm not really sure about that.,PRESENT_X,CAMERA_1,
33,5,CAMERA_3,"['CAMERA_1', 'CAMERA_3']","{'CAMERA_1': ['preset_modes'], 'CAMERA_2': [], 'CAMERA_3': []}",C_ANYTHING_ELSE_AVAILABLE,CAMERA_1,NONE,oh I see that's very interesting do you have any other cameras that you can recommend me,PRESENT_X,CAMERA_1,S_INTRODUCES_CAMERA,CAMERA_3,,Let me show you this. Here we have the Fujifilm PowerShot ELPH S2800.,PRESENT_X,CAMERA_3,39~68
33,6,CAMERA_3,"['CAMERA_1', 'CAMERA_3']","{'CAMERA_1': ['preset_modes'], 'CAMERA_2': [], 'CAMERA_3': ['preset_modes']}",C_QUESTION_ABOUT_FEATURE,CAMERA_3,preset_modes,does it have dog mode,PRESENT_X,CAMERA_3,S_ANSWERS_QUESTION_ABOUT_FEATURE,CAMERA_3,preset_modes,This one has various preset modes.,PRESENT_X,CAMERA_3,13~33
33,7,CAMERA_3,"['CAMERA_1', 'CAMERA_3']","{'CAMERA_1': ['preset_modes'], 'CAMERA_2': [], 'CAMERA_3': ['preset_modes', 'ISO']}",C_SILENT_OR_BACKCHANNEL,CAMERA_3,NONE,okay,PRESENT_X,CAMERA_3,S_INTRODUCES_FEATURE,CAMERA_3,ISO,This one has up to 3200 ISO with little noise.,PRESENT_X,CAMERA_3,13~45
33,8,NONE,"['CAMERA_1', 'CAMERA_3']","{'CAMERA_1': ['preset_modes'], 'CAMERA_2': [], 'CAMERA_3': ['preset_modes', 'ISO']}",C_THANK_YOU,CAMERA_3,NONE,thank you very much,PRESENT_X,CAMERA_3,S_THANK_YOU,CAMERA_3,NONE,thank you very much.,FACE_TO_FACE,NONE,
33,9,NONE,"['CAMERA_1', 'CAMERA_3']","{'CAMERA_1': ['preset_modes'], 'CAMERA_2': [], 'CAMERA_3': ['preset_modes', 'ISO']}",C_LEAVES,DOOR,NONE,,FACE_TO_FACE,NONE,S_RETURNS_TO_COUNTER,SERVICE_COUNTER,NONE,,WAITING,NONE,
34,1,NONE,[],"{'CAMERA_1': [], 'CAMERA_2': [], 'CAMERA_3': []}",C_ENTERS,DOOR,NONE,,WAITING,NONE,S_NONE,SERVICE_COUNTER,NONE,,WAITING,NONE,
34,2,NONE,[],"{'CAMERA_1': [], 'CAMERA_2': [], 'CAMERA_3': []}",C_GREETS,MIDDLE,NONE,excuse me,WAITING,NONE,S_GREETS,MIDDLE,NONE,can I help you?,FACE_TO_FACE,NONE,
34,3,CAMERA_3,['CAMERA_3'],"{'CAMERA_1': [], 'CAMERA_2': [], 'CAMERA_3': []}",C_LOOKING_FOR_A_CAMERA,MIDDLE,NONE,hi Crafternoon I'm looking for a camera with very specific settings,FACE_TO_FACE,NONE,S_INTRODUCES_CAMERA,CAMERA_3,,Let me show you this. Here we have the Fujifilm PowerShot ELPH S2800.,PRESENT_X,CAMERA_3,39~68
34,4,CAMERA_3,['CAMERA_3'],"{'CAMERA_1': [], 'CAMERA_2': [], 'CAMERA_3': ['camera_type']}",C_SILENT_OR_BACKCHANNEL,CAMERA_3,NONE,okay,PRESENT_X,CAMERA_3,S_INTRODUCES_FEATURE,CAMERA_3,camera_type,This is a point and shoot camera.,PRESENT_X,CAMERA_3,10~25
34,5,CAMERA_3,['CAMERA_3'],"{'CAMERA_1': [], 'CAMERA_2': [], 'CAMERA_3': ['camera_type', 'ISO']}",C_SILENT_OR_BACKCHANNEL,CAMERA_3,NONE,yeah that's right this is very nice,PRESENT_X,CAMERA_3,S_INTRODUCES_FEATURE,CAMERA_3,ISO,This one has up to 3200 ISO with little noise.,PRESENT_X,CAMERA_3,13~45
34,6,CAMERA_3,['CAMERA_3'],"{'CAMERA_1': [], 'CAMERA_2': [], 'CAMERA_3': ['camera_type', 'ISO', 'sensor_size']}",C_QUESTION_ABOUT_FEATURE,CAMERA_3,sensor_size,this camera looks quite heavy compared to the smaller ones but how big is the sensor on it,PRESENT_X,CAMERA_3,S_ANSWERS_QUESTION_ABOUT_FEATURE,CAMERA_3,sensor_size,This one has a full frame.,PRESENT_X,CAMERA_3,15~25
34,7,CAMERA_3,['CAMERA_3'],"{'CAMERA_1': [], 'CAMERA_2': [], 'CAMERA_3': ['camera_type', 'ISO', 'sensor_size', 'color']}",C_SILENT_OR_BACKCHANNEL,CAMERA_3,NONE,okay let me see,PRESENT_X,CAMERA_3,S_INTRODUCES_FEATURE,CAMERA_3,color,"This one comes in purple, white, silver, blue, red, or pink.",PRESENT_X,CAMERA_3,18~59
34,8,CAMERA_3,['CAMERA_3'],"{'CAMERA_1': [], 'CAMERA_2': [], 'CAMERA_3': ['camera_type', 'ISO', 'sensor_size', 'color', 'preset_modes']}",C_SILENT_OR_BACKCHANNEL,CAMERA_3,NONE,ok,PRESENT_X,CAMERA_3,S_INTRODUCES_FEATURE,CAMERA_3,preset_modes,This one has various preset modes.,PRESENT_X,CAMERA_3,13~33
34,9,NONE,['CAMERA_3'],"{'CAMERA_1': [], 'CAMERA_2': [], 'CAMERA_3': ['camera_type', 'ISO', 'sensor_size', 'color', 'preset_modes']}",C_THANK_YOU,CAMERA_3,NONE,ok thank you,PRESENT_X,CAMERA_3,S_THANK_YOU,CAMERA_3,NONE,thank you very much.,FACE_TO_FACE,NONE,
34,10,NONE,['CAMERA_3'],"{'CAMERA_1': [], 'CAMERA_2': [], 'CAMERA_3': ['camera_type', 'ISO', 'sensor_size', 'color', 'preset_modes']}",C_LEAVES,DOOR,NONE,,FACE_TO_FACE,NONE,S_RETURNS_TO_COUNTER,SERVICE_COUNTER,NONE,,WAITING,NONE,
35,1,NONE,[],"{'CAMERA_1': [], 'CAMERA_2': [], 'CAMERA_3': []}",C_ENTERS,DOOR,NONE,,WAITING,NONE,S_NONE,SERVICE_COUNTER,NONE,,WAITING,NONE,
35,2,NONE,[],"{'CAMERA_1': [], 'CAMERA_2': [], 'CAMERA_3': []}",C_GREETS,MIDDLE,NONE,excuse me,WAITING,NONE,S_GREETS,MIDDLE,NONE,can I help you?,FACE_TO_FACE,NONE,
35,3,CAMERA_3,['CAMERA_3'],"{'CAMERA_1': [], 'CAMERA_2': [], 'CAMERA_3': []}",C_LOOKING_FOR_A_CAMERA,MIDDLE,NONE,you know I want a good camera can you suggest me,FACE_TO_FACE,NONE,S_INTRODUCES_CAMERA,CAMERA_3,,Let me show you this. Here we have the Fujifilm PowerShot ELPH S2800.,PRESENT_X,CAMERA_3,39~68
35,4,CAMERA_3,['CAMERA_3'],"{'CAMERA_1': [], 'CAMERA_2': [], 'CAMERA_3': ['weight']}",C_QUESTION_ABOUT_FEATURE,CAMERA_3,weight,how is the weight on it,PRESENT_X,CAMERA_3,S_ANSWERS_QUESTION_ABOUT_FEATURE,CAMERA_3,weight,This one weighs 820 grams.,PRESENT_X,CAMERA_3,16~25
35,5,CAMERA_3,['CAMERA_3'],"{'CAMERA_1': [], 'CAMERA_2': [], 'CAMERA_3': ['weight', 'sensor_size']}",C_QUESTION_ABOUT_FEATURE,CAMERA_3,sensor_size,what's the sensor size on this phone,PRESENT_X,CAMERA_3,S_ANSWERS_QUESTION_ABOUT_FEATURE,CAMERA_3,sensor_size,This one has a full frame.,PRESENT_X,CAMERA_3,15~25
35,6,CAMERA_3,['CAMERA_3'],"{'CAMERA_1': [], 'CAMERA_2': [], 'CAMERA_3': ['weight', 'sensor_size', 'settings']}",C_SILENT_OR_BACKCHANNEL,CAMERA_3,NONE,IC,PRESENT_X,CAMERA_3,S_INTRODUCES_FEATURE,CAMERA_3,settings,"This one has manual control and various automatic settings (video modeburst shooting, etc.).",PRESENT_X,CAMERA_3,13~91
35,7,CAMERA_3,['CAMERA_3'],"{'CAMERA_1': [], 'CAMERA_2': [], 'CAMERA_3': ['weight', 'sensor_size', 'settings', 'ISO']}",C_SILENT_OR_BACKCHANNEL,CAMERA_3,NONE,wow that's pretty steep,PRESENT_X,CAMERA_3,S_INTRODUCES_FEATURE,CAMERA_3,ISO,This one has up to 3200 ISO with little noise.,PRESENT_X,CAMERA_3,13~45
35,8,CAMERA_3,['CAMERA_3'],"{'CAMERA_1': [], 'CAMERA_2': [], 'CAMERA_3': ['weight', 'sensor_size', 'settings', 'ISO', 'preset_modes']}",C_QUESTION_ABOUT_FEATURE,CAMERA_3,preset_modes,does this camera also have bulb mode,PRESENT_X,CAMERA_3,S_ANSWERS_QUESTION_ABOUT_FEATURE,CAMERA_3,preset_modes,This one has various preset modes.,PRESENT_X,CAMERA_3,13~33
35,9,CAMERA_2,"['CAMERA_3', 'CAMERA_2']","{'CAMERA_1': [], 'CAMERA_2': [], 'CAMERA_3': ['weight', 'sensor_size', 'settings', 'ISO', 'preset_modes']}",C_ANYTHING_ELSE_AVAILABLE,CAMERA_3,NONE,okay do you have any other cameras I might be interested,PRESENT_X,CAMERA_3,S_INTRODUCES_CAMERA,CAMERA_2,,Let me show you this. Here we have the Fujifilm Lumix ILC Camera.,PRESENT_X,CAMERA_2,39~64
35,10,CAMERA_2,"['CAMERA_3', 'CAMERA_2']","{'CAMERA_1': [], 'CAMERA_2': ['optical_zoom'], 'CAMERA_3': ['weight', 'sensor_size', 'settings', 'ISO', 'preset_modes']}",C_QUESTION_ABOUT_FEATURE,CAMERA_2,optical_zoom,good good good and it has the optical zoom,PRESENT_X,CAMERA_2,S_ANSWERS_QUESTION_ABOUT_FEATURE,CAMERA_2,optical_zoom,This one has 21x optical zoom.,PRESENT_X,CAMERA_2,13~29
35,11,CAMERA_2,"['CAMERA_3', 'CAMERA_2']","{'CAMERA_1': [], 'CAMERA_2': ['optical_zoom', 'autofocus_points'], 'CAMERA_3': ['weight', 'sensor_size', 'settings', 'ISO', 'preset_modes']}",C_QUESTION_ABOUT_FEATURE,CAMERA_2,autofocus_points,oh I see and what about the autofocus points and the ISO,PRESENT_X,CAMERA_2,S_NOT_SURE,CAMERA_2,,I'm not really sure about that.,PRESENT_X,CAMERA_2,
35,12,CAMERA_2,"['CAMERA_3', 'CAMERA_2']","{'CAMERA_1': [], 'CAMERA_2': ['optical_zoom', 'autofocus_points', 'sensor_size'], 'CAMERA_3': ['weight', 'sensor_size', 'settings', 'ISO', 'preset_modes']}",C_QUESTION_ABOUT_FEATURE,CAMERA_2,sensor_size,i see and what is the sensor size of this camera,PRESENT_X,CAMERA_2,S_ANSWERS_QUESTION_ABOUT_FEATURE,CAMERA_2,sensor_size,This one has a 1/2.33 inch sensor.,PRESENT_X,CAMERA_2,15~33
35,13,CAMERA_2,"['CAMERA_3', 'CAMERA_2']","{'CAMERA_1': [], 'CAMERA_2': ['optical_zoom', 'autofocus_points', 'sensor_size', 'settings'], 'CAMERA_3': ['weight', 'sensor_size', 'settings', 'ISO', 'preset_modes']}",C_QUESTION_ABOUT_FEATURE,CAMERA_2,settings,how many manual settings is it outside,PRESENT_X,CAMERA_2,S_ANSWERS_QUESTION_ABOUT_FEATURE,CAMERA_2,settings,"This one has manual control and various automatic settings (video modeburst shooting, etc.).",PRESENT_X,CAMERA_2,13~91
35,14,CAMERA_2,"['CAMERA_3', 'CAMERA_2']","{'CAMERA_1': [], 'CAMERA_2': ['optical_zoom', 'autofocus_points', 'sensor_size', 'settings', 'color'], 'CAMERA_3': ['weight', 'sensor_size', 'settings', 'ISO', 'preset_modes']}",C_QUESTION_ABOUT_FEATURE,CAMERA_2,color,is there any other colors,PRESENT_X,CAMERA_2,S_ANSWERS_QUESTION_ABOUT_FEATURE,CAMERA_2,color,This one comes in white or pink.,PRESENT_X,CAMERA_2,18~31
35,15,CAMERA_2,"['CAMERA_3', 'CAMERA_2']","{'CAMERA_1': [], 'CAMERA_2': ['optical_zoom', 'autofocus_points', 'sensor_size', 'settings', 'color', 'price'], 'CAMERA_3': ['weight', 'sensor_size', 'settings', 'ISO', 'preset_modes']}",C_QUESTION_ABOUT_FEATURE,CAMERA_2,price,what is the price,PRESENT_X,CAMERA_2,S_ANSWERS_QUESTION_ABOUT_FEATURE,CAMERA_2,price,This one costs $768.,PRESENT_X,CAMERA_2,15~19
35,16,CAMERA_2,"['CAMERA_3', 'CAMERA_2']","{'CAMERA_1': [], 'CAMERA_2': ['optical_zoom', 'autofocus_points', 'sensor_size', 'settings', 'color', 'price', 'preset_modes'], 'CAMERA_3': ['weight', 'sensor_size', 'settings', 'ISO', 'preset_modes']}",C_QUESTION_ABOUT_FEATURE,CAMERA_2,preset_modes,does it have preset modes,PRESENT_X,CAMERA_2,S_NOT_SURE,CAMERA_2,,I'm not really sure about that.,PRESENT_X,CAMERA_2,
35,17,CAMERA_2,"['CAMERA_3', 'CAMERA_2']","{'CAMERA_1': [], 'CAMERA_2': ['optical_zoom', 'autofocus_points', 'sensor_size', 'settings', 'color', 'price', 'preset_modes', 'long_exposure'], 'CAMERA_3': ['weight', 'sensor_size', 'settings', 'ISO', 'preset_modes']}",C_QUESTION_ABOUT_FEATURE,CAMERA_2,long_exposure,and is this also good camera for long exposure,PRESENT_X,CAMERA_2,S_ANSWERS_QUESTION_ABOUT_FEATURE,CAMERA_2,long_exposure,This one can take long exposures up to 60 minutes max with bulb mode.,PRESENT_X,CAMERA_2,39~68
35,18,CAMERA_2,"['CAMERA_3', 'CAMERA_2']","{'CAMERA_1': [], 'CAMERA_2': ['optical_zoom', 'autofocus_points', 'sensor_size', 'settings', 'color', 'price', 'preset_modes', 'long_exposure', 'weight'], 'CAMERA_3': ['weight', 'sensor_size', 'settings', 'ISO', 'preset_modes']}",C_QUESTION_ABOUT_FEATURE,CAMERA_2,weight,and is it heavy,PRESENT_X,CAMERA_2,S_ANSWERS_QUESTION_ABOUT_FEATURE,CAMERA_2,weight,This one weighs 820 grams.,PRESENT_X,CAMERA_2,16~25
35,19,CAMERA_1,"['CAMERA_3', 'CAMERA_2', 'CAMERA_1']","{'CAMERA_1': [], 'CAMERA_2': ['optical_zoom', 'autofocus_points', 'sensor_size', 'settings', 'color', 'price', 'preset_modes', 'long_exposure', 'weight'], 'CAMERA_3': ['weight', 'sensor_size', 'settings', 'ISO', 'preset_modes']}",C_ANYTHING_ELSE_AVAILABLE,CAMERA_2,NONE,So this is the only model you have in your shop,PRESENT_X,CAMERA_2,S_INTRODUCES_CAMERA,CAMERA_1,,Let me show you this. Here we have the Sony PowerShot ELPH DMC-ZS3.,PRESENT_X,CAMERA_1,39~66
35,20,CAMERA_1,"['CAMERA_3', 'CAMERA_2', 'CAMERA_1']","{'CAMERA_1': ['long_exposure'], 'CAMERA_2': ['optical_zoom', 'autofocus_points', 'sensor_size', 'settings', 'color', 'price', 'preset_modes', 'long_exposure', 'weight'], 'CAMERA_3': ['weight', 'sensor_size', 'settings', 'ISO', 'preset_modes']}",C_QUESTION_ABOUT_FEATURE,CAMERA_1,long_exposure,can you do a long exposure,PRESENT_X,CAMERA_1,S_ANSWERS_QUESTION_ABOUT_FEATURE,CAMERA_1,long_exposure,This one can take long exposures up to up to 15 seconds with Long Shutter Mode.,PRESENT_X,CAMERA_1,39~78
35,21,NONE,"['CAMERA_3', 'CAMERA_2', 'CAMERA_1']","{'CAMERA_1': ['long_exposure'], 'CAMERA_2': ['optical_zoom', 'autofocus_points', 'sensor_size', 'settings', 'color', 'price', 'preset_modes', 'long_exposure', 'weight'], 'CAMERA_3': ['weight', 'sensor_size', 'settings', 'ISO', 'preset_modes']}",C_THANK_YOU,CAMERA_1,NONE,okay thank you very much,PRESENT_X,CAMERA_1,S_THANK_YOU,CAMERA_1,NONE,thank you very much.,FACE_TO_FACE,NONE,
35,22,NONE,"['CAMERA_3', 'CAMERA_2', 'CAMERA_1']","{'CAMERA_1': ['long_exposure'], 'CAMERA_2': ['optical_zoom', 'autofocus_points', 'sensor_size', 'settings', 'color', 'price', 'preset_modes', 'long_exposure', 'weight'], 'CAMERA_3': ['weight', 'sensor_size', 'settings', 'ISO', 'preset_modes']}",C_LEAVES,DOOR,NONE,,FACE_TO_FACE,NONE,S_RETURNS_TO_COUNTER,SERVICE_COUNTER,NONE,,WAITING,NONE,
36,1,NONE,[],"{'CAMERA_1': [], 'CAMERA_2': [], 'CAMERA_3': []}",C_ENTERS,DOOR,NONE,,WAITING,NONE,S_NONE,SERVICE_COUNTER,NONE,,WAITING,NONE,
36,2,NONE,[],"{'CAMERA_1': [], 'CAMERA_2': [], 'CAMERA_3': []}",C_WALKS_TO_CAMERA,CAMERA_2,NONE,,WAITING,NONE,S_GREETS,CAMERA_2,NONE,can I help you?,FACE_TO_FACE,NONE,
36,3,CAMERA_2,['CAMERA_2'],"{'CAMERA_1': [], 'CAMERA_2': [], 'CAMERA_3': []}",C_LOOKING_FOR_A_CAMERA,CAMERA_2,NONE,hi Crafternoon I'm looking for a camera with very specific settings,FACE_TO_FACE,NONE,S_INTRODUCES_CAMERA,CAMERA_2,,Let me show you this. Here we have the Fujifilm Lumix ILC Camera.,PRESENT_X,CAMERA_2,39~64
36,4,CAMERA_2,['CAMERA_2'],"{'CAMERA_1': [], 'CAMERA_2': ['camera_type'], 'CAMERA_3': []}",C_SILENT_OR_BACKCHANNEL,CAMERA_2,NONE,okay,PRESENT_X,CAMERA_2,S_INTRODUCES_FEATURE,CAMERA_2,camera_type,This is a digital single lens mirrorless camera.,PRESENT_X,CAMERA_2,10~40
36,5,CAMERA_1,"['CAMERA_2', 'CAMERA_1']","{'CAMERA_1': [], 'CAMERA_2': ['camera_type'], 'CAMERA_3': []}",C_ANYTHING_ELSE_AVAILABLE,CAMERA_2,NONE,Do you have any other cameras under $300,PRESENT_X,CAMERA_2,S_INTRODUCES_CAMERA,CAMERA_1,,Let me show you this. Here we have the Sony PowerShot ELPH DMC-ZS3.,PRESENT_X,CAMERA_1,39~66
36,6,CAMERA_1,"['CAMERA_2', 'CAMERA_1']","{'CAMERA_1': ['price'], 'CAMERA_2': ['camera_type'], 'CAMERA_3': []}",C_QUESTION_ABOUT_FEATURE,CAMERA_1,price,wonderful and can you please tell me about the price of this camera,PRESENT_X,CAMERA_1,S_ANSWERS_QUESTION_ABOUT_FEATURE,CAMERA_1,price,This one costs $450.,PRESENT_X,CAMERA_1,15~19
36,7,CAMERA_1,"['CAMERA_2', 'CAMERA_1']","{'CAMERA_1': ['price', 'optical_zoom'], 'CAMERA_2': ['camera_type'], 'CAMERA_3': []}",C_QUESTION_ABOUT_FEATURE,CAMERA_1,optical_zoom,and what about the optical zoom,PRESENT_X,CAMERA_1,S_ANSWERS_QUESTION_ABOUT_FEATURE,CAMERA_1,optical_zoom,This one has 21x optical zoom.,PRESENT_X,CAMERA_1,13~29
36,8,CAMERA_3,"['CAMERA_2', 'CAMERA_1', 'CAMERA_3']","{'CAMERA_1': ['price', 'optical_zoom'], 'CAMERA_2': ['camera_type'], 'CAMERA_3': []}",C_ANYTHING_ELSE_AVAILABLE,CAMERA_1,NONE,ok do you have any other cameras,PRESENT_X,CAMERA_1,S_INTRODUCES_CAMERA,CAMERA_3,,Let me show you this. Here we have the Fujifilm PowerShot ELPH S2800.,PRESENT_X,CAMERA_3,39~68
36,9,CAMERA_3,"['CAMERA_2', 'CAMERA_1', 'CAMERA_3']","{'CAMERA_1': ['price', 'optical_zoom'], 'CAMERA_2': ['camera_type'], 'CAMERA_3': ['long_exposure']}",C_QUESTION_ABOUT_FEATURE,CAMERA_3,long_exposure,maybe that's not so good for me then when I was preset settings but also has long exposure,PRESENT_X,CAMERA_3,S_ANSWERS_QUESTION_ABOUT_FEATURE,CAMERA_3,long_exposure,This one can take long exposures up to 30 minutes max with bulb mode.,PRESENT_X,CAMERA_3,39~68
36,10,CAMERA_3,"['CAMERA_2', 'CAMERA_1', 'CAMERA_3']","{'CAMERA_1': ['price', 'optical_zoom'], 'CAMERA_2': ['camera_type'], 'CAMERA_3': ['long_exposure', 'resolution']}",C_SILENT_OR_BACKCHANNEL,CAMERA_3,NONE,ok,PRESENT_X,CAMERA_3,S_INTRODUCES_FEATURE,CAMERA_3,resolution,This one has 23.2 megapixels resolution.,PRESENT_X,CAMERA_3,13~28
36,11,CAMERA_3,"['CAMERA_2', 'CAMERA_1', 'CAMERA_3']","{'CAMERA_1': ['price', 'optical_zoom'], 'CAMERA_2': ['camera_type'], 'CAMERA_3': ['long_exposure', 'resolution', 'effects']}",C_SILENT_OR_BACKCHANNEL,CAMERA_3,NONE,ok,PRESENT_X,CAMERA_3,S_INTRODUCES_FEATURE,CAMERA_3,effects,"This one has 21 photo effects (small face, retro, big eyes, etc.).",PRESENT_X,CAMERA_3,13~65
36,12,CAMERA_3,"['CAMERA_2', 'CAMERA_1', 'CAMERA_3']","{'CAMERA_1': ['price', 'optical_zoom'], 'CAMERA_2': ['camera_type'], 'CAMERA_3': ['long_exposure', 'resolution', 'effects', 'weight']}",C_SILENT_OR_BACKCHANNEL,CAMERA_3,NONE,I say but yeah okay,PRESENT_X,CAMERA_3,S_INTRODUCES_FEATURE,CAMERA_3,weight,This one weighs 820 grams.,PRESENT_X,CAMERA_3,16~25
36,13,CAMERA_3,"['CAMERA_2', 'CAMERA_1', 'CAMERA_3']","{'CAMERA_1': ['price', 'optical_zoom'], 'CAMERA_2': ['camera_type'], 'CAMERA_3': ['long_exposure', 'resolution', 'effects', 'weight', 'autofocus_points']}",C_SILENT_OR_BACKCHANNEL,CAMERA_3,NONE,ok,PRESENT_X,CAMERA_3,S_INTRODUCES_FEATURE,CAMERA_3,autofocus_points,This one has 214 autofocus points.,PRESENT_X,CAMERA_3,13~33
36,14,CAMERA_3,"['CAMERA_2', 'CAMERA_1', 'CAMERA_3']","{'CAMERA_1': ['price', 'optical_zoom'], 'CAMERA_2': ['camera_type'], 'CAMERA_3': ['long_exposure', 'resolution', 'effects', 'weight', 'autofocus_points', 'optical_zoom']}",C_QUESTION_ABOUT_FEATURE,CAMERA_3,optical_zoom,the optical zoom on this camera what is it,PRESENT_X,CAMERA_3,S_NOT_SURE,CAMERA_3,,I'm not really sure about that.,PRESENT_X,CAMERA_3,
36,15,CAMERA_3,"['CAMERA_2', 'CAMERA_1', 'CAMERA_3']","{'CAMERA_1': ['price', 'optical_zoom'], 'CAMERA_2': ['camera_type'], 'CAMERA_3': ['long_exposure', 'resolution', 'effects', 'weight', 'autofocus_points', 'optical_zoom', 'settings']}",C_QUESTION_ABOUT_FEATURE,CAMERA_3,settings,I mainly shoot in manual mode is that capable,PRESENT_X,CAMERA_3,S_ANSWERS_QUESTION_ABOUT_FEATURE,CAMERA_3,settings,"This one has manual control and various automatic settings (video modeburst shooting, etc.).",PRESENT_X,CAMERA_3,13~91
36,16,CAMERA_3,"['CAMERA_2', 'CAMERA_1', 'CAMERA_3']","{'CAMERA_1': ['price', 'optical_zoom'], 'CAMERA_2': ['camera_type'], 'CAMERA_3': ['long_exposure', 'resolution', 'effects', 'weight', 'autofocus_points', 'optical_zoom', 'settings', 'camera_type']}",C_SILENT_OR_BACKCHANNEL,CAMERA_3,NONE,that looks good,PRESENT_X,CAMERA_3,S_INTRODUCES_FEATURE,CAMERA_3,camera_type,This is a point and shoot camera.,PRESENT_X,CAMERA_3,10~25
36,17,NONE,"['CAMERA_2', 'CAMERA_1', 'CAMERA_3']","{'CAMERA_1': ['price', 'optical_zoom'], 'CAMERA_2': ['camera_type'], 'CAMERA_3': ['long_exposure', 'resolution', 'effects', 'weight', 'autofocus_points', 'optical_zoom', 'settings', 'camera_type']}",C_THANK_YOU,CAMERA_3,NONE,yes thanks,PRESENT_X,CAMERA_3,S_THANK_YOU,CAMERA_3,NONE,thank you very much.,FACE_TO_FACE,NONE,
36,18,NONE,"['CAMERA_2', 'CAMERA_1', 'CAMERA_3']","{'CAMERA_1': ['price', 'optical_zoom'], 'CAMERA_2': ['camera_type'], 'CAMERA_3': ['long_exposure', 'resolution', 'effects', 'weight', 'autofocus_points', 'optical_zoom', 'settings', 'camera_type']}",C_LEAVES,DOOR,NONE,,FACE_TO_FACE,NONE,S_RETURNS_TO_COUNTER,SERVICE_COUNTER,NONE,,WAITING,NONE,
37,1,NONE,[],"{'CAMERA_1': [], 'CAMERA_2': [], 'CAMERA_3': []}",C_ENTERS,DOOR,NONE,,WAITING,NONE,S_NONE,SERVICE_COUNTER,NONE,,WAITING,NONE,
37,2,NONE,[],"{'CAMERA_1': [], 'CAMERA_2': [], 'CAMERA_3': []}",C_GREETS,MIDDLE,NONE,kiss me,WAITING,NONE,S_GREETS,MIDDLE,NONE,can I help you?,FACE_TO_FACE,NONE,
37,3,CAMERA_2,['CAMERA_2'],"{'CAMERA_1': [], 'CAMERA_2': [], 'CAMERA_3': []}",C_LOOKING_FOR_A_CAMERA,MIDDLE,NONE,I'm looking for camera so I can take good shots on when I go travelling I miss you very interested in photography so do you recommend this camera,FACE_TO_FACE,NONE,S_INTRODUCES_CAMERA,CAMERA_2,,Let me show you this. Here we have the Fujifilm Lumix ILC Camera.,PRESENT_X,CAMERA_2,39~64
37,4,CAMERA_2,['CAMERA_2'],"{'CAMERA_1': [], 'CAMERA_2': ['optical_zoom'], 'CAMERA_3': []}",C_SILENT_OR_BACKCHANNEL,CAMERA_2,NONE,Oh that'd be great I really want to try it before buying it,PRESENT_X,CAMERA_2,S_INTRODUCES_FEATURE,CAMERA_2,optical_zoom,This one has 21x optical zoom.,PRESENT_X,CAMERA_2,13~29
37,5,CAMERA_2,['CAMERA_2'],"{'CAMERA_1': [], 'CAMERA_2': ['optical_zoom', 'autofocus_points'], 'CAMERA_3': []}",C_QUESTION_ABOUT_FEATURE,CAMERA_2,autofocus_points,I was trying to find out the auto focus points,PRESENT_X,CAMERA_2,S_NOT_SURE,CAMERA_2,,I'm not really sure about that.,PRESENT_X,CAMERA_2,
37,6,CAMERA_2,['CAMERA_2'],"{'CAMERA_1': [], 'CAMERA_2': ['optical_zoom', 'autofocus_points', 'color'], 'CAMERA_3': []}",C_QUESTION_ABOUT_FEATURE,CAMERA_2,color,that sounds a bit heavy does it come in any other colors,PRESENT_X,CAMERA_2,S_ANSWERS_QUESTION_ABOUT_FEATURE,CAMERA_2,color,This one comes in white or pink.,PRESENT_X,CAMERA_2,18~31
37,7,CAMERA_2,['CAMERA_2'],"{'CAMERA_1': [], 'CAMERA_2': ['optical_zoom', 'autofocus_points', 'color', 'effects'], 'CAMERA_3': []}",C_SILENT_OR_BACKCHANNEL,CAMERA_2,NONE,yeah,PRESENT_X,CAMERA_2,S_INTRODUCES_FEATURE,CAMERA_2,effects,"This one has 24 artistic effect modes (retro, lighter or darker skin tones, sepia, etc.).",PRESENT_X,CAMERA_2,13~88
37,8,CAMERA_2,['CAMERA_2'],"{'CAMERA_1': [], 'CAMERA_2': ['optical_zoom', 'autofocus_points', 'color', 'effects', 'price'], 'CAMERA_3': []}",C_SILENT_OR_BACKCHANNEL,CAMERA_2,NONE,yeah that's right this is very nice,PRESENT_X,CAMERA_2,S_INTRODUCES_FEATURE,CAMERA_2,price,This one costs $768.,PRESENT_X,CAMERA_2,15~19
37,9,CAMERA_2,['CAMERA_2'],"{'CAMERA_1': [], 'CAMERA_2': ['optical_zoom', 'autofocus_points', 'color', 'effects', 'price', 'resolution'], 'CAMERA_3': []}",C_SILENT_OR_BACKCHANNEL,CAMERA_2,NONE,yeah that sounds great to me I don't have to worry about the technical stuff,PRESENT_X,CAMERA_2,S_INTRODUCES_FEATURE,CAMERA_2,resolution,This one has 23.8 megapixels resolution.,PRESENT_X,CAMERA_2,13~28
37,10,CAMERA_2,['CAMERA_2'],"{'CAMERA_1': [], 'CAMERA_2': ['optical_zoom', 'autofocus_points', 'color', 'effects', 'price', 'resolution', 'sensor_size'], 'CAMERA_3': []}",C_SILENT_OR_BACKCHANNEL,CAMERA_2,NONE,ok,PRESENT_X,CAMERA_2,S_INTRODUCES_FEATURE,CAMERA_2,sensor_size,This one has a 1/2.33 inch sensor.,PRESENT_X,CAMERA_2,15~33
37,11,CAMERA_2,['CAMERA_2'],"{'CAMERA_1': [], 'CAMERA_2': ['optical_zoom', 'autofocus_points', 'color', 'effects', 'price', 'resolution', 'sensor_size', 'long_exposure'], 'CAMERA_3': []}",C_QUESTION_ABOUT_FEATURE,CAMERA_2,long_exposure,and how about the long exposure setting,PRESENT_X,CAMERA_2,S_ANSWERS_QUESTION_ABOUT_FEATURE,CAMERA_2,long_exposure,This one can take long exposures up to 60 minutes max with bulb mode.,PRESENT_X,CAMERA_2,39~68
37,12,CAMERA_2,['CAMERA_2'],"{'CAMERA_1': [], 'CAMERA_2': ['optical_zoom', 'autofocus_points', 'color', 'effects', 'price', 'resolution', 'sensor_size', 'long_exposure', 'settings'], 'CAMERA_3': []}",C_QUESTION_ABOUT_FEATURE,CAMERA_2,settings,ok and manual settings how many manual settings does it have,PRESENT_X,CAMERA_2,S_ANSWERS_QUESTION_ABOUT_FEATURE,CAMERA_2,settings,"This one has manual control and various automatic settings (video modeburst shooting, etc.).",PRESENT_X,CAMERA_2,13~91
37,13,CAMERA_2,['CAMERA_2'],"{'CAMERA_1': [], 'CAMERA_2': ['optical_zoom', 'autofocus_points', 'color', 'effects', 'price', 'resolution', 'sensor_size', 'long_exposure', 'settings', 'weight'], 'CAMERA_3': []}",C_SILENT_OR_BACKCHANNEL,CAMERA_2,NONE,IC,PRESENT_X,CAMERA_2,S_INTRODUCES_FEATURE,CAMERA_2,weight,This one weighs 820 grams.,PRESENT_X,CAMERA_2,16~25
37,14,NONE,['CAMERA_2'],"{'CAMERA_1': [], 'CAMERA_2': ['optical_zoom', 'autofocus_points', 'color', 'effects', 'price', 'resolution', 'sensor_size', 'long_exposure', 'settings', 'weight'], 'CAMERA_3': []}",C_THANK_YOU,CAMERA_2,NONE,thank you very much,PRESENT_X,CAMERA_2,S_THANK_YOU,CAMERA_2,NONE,thank you very much.,FACE_TO_FACE,NONE,
37,15,NONE,['CAMERA_2'],"{'CAMERA_1': [], 'CAMERA_2': ['optical_zoom', 'autofocus_points', 'color', 'effects', 'price', 'resolution', 'sensor_size', 'long_exposure', 'settings', 'weight'], 'CAMERA_3': []}",C_LEAVES,DOOR,NONE,,FACE_TO_FACE,NONE,S_RETURNS_TO_COUNTER,SERVICE_COUNTER,NONE,,WAITING,NONE,
38,1,NONE,[],"{'CAMERA_1': [], 'CAMERA_2': [], 'CAMERA_3': []}",C_ENTERS,DOOR,NONE,,WAITING,NONE,S_NONE,SERVICE_COUNTER,NONE,,WAITING,NONE,
38,2,NONE,[],"{'CAMERA_1': [], 'CAMERA_2': [], 'CAMERA_3': []}",C_WALKS_TO_CAMERA,CAMERA_1,NONE,,WAITING,NONE,S_GREETS,CAMERA_1,NONE,can I help you?,FACE_TO_FACE,NONE,
38,3,CAMERA_2,['CAMERA_2'],"{'CAMERA_1': [], 'CAMERA_2': [], 'CAMERA_3': []}",C_LOOKING_FOR_A_CAMERA,CAMERA_1,NONE,I'm looking for a good camera which I can use to take photographs,FACE_TO_FACE,NONE,S_INTRODUCES_CAMERA,CAMERA_2,,Let me show you this. Here we have the Fujifilm Lumix ILC Camera.,PRESENT_X,CAMERA_2,39~64
38,4,CAMERA_2,['CAMERA_2'],"{'CAMERA_1': [], 'CAMERA_2': ['weight'], 'CAMERA_3': []}",C_QUESTION_ABOUT_FEATURE,CAMERA_2,weight,I see you and what is the weight of this,PRESENT_X,CAMERA_2,S_ANSWERS_QUESTION_ABOUT_FEATURE,CAMERA_2,weight,This one weighs 820 grams.,PRESENT_X,CAMERA_2,16~25
38,5,CAMERA_2,['CAMERA_2'],"{'CAMERA_1': [], 'CAMERA_2': ['weight', 'settings'], 'CAMERA_3': []}",C_QUESTION_ABOUT_FEATURE,CAMERA_2,settings,and I can control of the settings myself right,PRESENT_X,CAMERA_2,S_ANSWERS_QUESTION_ABOUT_FEATURE,CAMERA_2,settings,"This one has manual control and various automatic settings (video modeburst shooting, etc.).",PRESENT_X,CAMERA_2,13~91
38,6,CAMERA_2,['CAMERA_2'],"{'CAMERA_1': [], 'CAMERA_2': ['weight', 'settings', 'resolution'], 'CAMERA_3': []}",C_SILENT_OR_BACKCHANNEL,CAMERA_2,NONE,that's the part that sounds good,PRESENT_X,CAMERA_2,S_INTRODUCES_FEATURE,CAMERA_2,resolution,This one has 23.8 megapixels resolution.,PRESENT_X,CAMERA_2,13~28
38,7,CAMERA_1,"['CAMERA_2', 'CAMERA_1']","{'CAMERA_1': [], 'CAMERA_2': ['weight', 'settings', 'resolution'], 'CAMERA_3': []}",C_ANYTHING_ELSE_AVAILABLE,CAMERA_2,NONE,Do you have any other cameras under $300,PRESENT_X,CAMERA_2,S_INTRODUCES_CAMERA,CAMERA_1,,Let me show you this. Here we have the Sony PowerShot ELPH DMC-ZS3.,PRESENT_X,CAMERA_1,39~66
38,8,CAMERA_1,"['CAMERA_2', 'CAMERA_1']","{'CAMERA_1': ['long_exposure'], 'CAMERA_2': ['weight', 'settings', 'resolution'], 'CAMERA_3': []}",C_QUESTION_ABOUT_FEATURE,CAMERA_1,long_exposure,how about the exposure for this is it able to be exposed long,PRESENT_X,CAMERA_1,S_ANSWERS_QUESTION_ABOUT_FEATURE,CAMERA_1,long_exposure,This one can take long exposures up to up to 15 seconds with Long Shutter Mode.,PRESENT_X,CAMERA_1,39~78
38,9,CAMERA_1,"['CAMERA_2', 'CAMERA_1']","{'CAMERA_1': ['long_exposure', 'resolution'], 'CAMERA_2': ['weight', 'settings', 'resolution'], 'CAMERA_3': []}",C_SILENT_OR_BACKCHANNEL,CAMERA_1,NONE,ok,PRESENT_X,CAMERA_1,S_INTRODUCES_FEATURE,CAMERA_1,resolution,This one has 17.8 megapixels resolution.,PRESENT_X,CAMERA_1,13~28
38,10,CAMERA_1,"['CAMERA_2', 'CAMERA_1']","{'CAMERA_1': ['long_exposure', 'resolution', 'autofocus_points'], 'CAMERA_2': ['weight', 'settings', 'resolution'], 'CAMERA_3': []}",C_QUESTION_ABOUT_FEATURE,CAMERA_1,autofocus_points,This one more expensive and it's heavier and it's got less autofocus points,PRESENT_X,CAMERA_1,S_ANSWERS_QUESTION_ABOUT_FEATURE,CAMERA_1,autofocus_points,This one has 135 autofocus points.,PRESENT_X,CAMERA_1,13~33
38,11,CAMERA_1,"['CAMERA_2', 'CAMERA_1']","{'CAMERA_1': ['long_exposure', 'resolution', 'autofocus_points', 'optical_zoom'], 'CAMERA_2': ['weight', 'settings', 'resolution'], 'CAMERA_3': []}",C_QUESTION_ABOUT_FEATURE,CAMERA_1,optical_zoom,What about the Zoom,PRESENT_X,CAMERA_1,S_ANSWERS_QUESTION_ABOUT_FEATURE,CAMERA_1,optical_zoom,This one has 21x optical zoom.,PRESENT_X,CAMERA_1,13~29
38,12,CAMERA_3,"['CAMERA_2', 'CAMERA_1', 'CAMERA_3']","{'CAMERA_1': ['long_exposure', 'resolution', 'autofocus_points', 'optical_zoom'], 'CAMERA_2': ['weight', 'settings', 'resolution'], 'CAMERA_3': []}",C_ANYTHING_ELSE_AVAILABLE,CAMERA_1,NONE,So this is the only model you have in your shop,PRESENT_X,CAMERA_1,S_INTRODUCES_CAMERA,CAMERA_3,,Let me show you this. Here we have the Fujifilm PowerShot ELPH S2800.,PRESENT_X,CAMERA_3,39~68
38,13,CAMERA_3,"['CAMERA_2', 'CAMERA_1', 'CAMERA_3']","{'CAMERA_1': ['long_exposure', 'resolution', 'autofocus_points', 'optical_zoom'], 'CAMERA_2': ['weight', 'settings', 'resolution'], 'CAMERA_3': ['resolution']}",C_SILENT_OR_BACKCHANNEL,CAMERA_3,NONE,okay I see,PRESENT_X,CAMERA_3,S_INTRODUCES_FEATURE,CAMERA_3,resolution,This one has 23.2 megapixels resolution.,PRESENT_X,CAMERA_3,13~28
38,14,NONE,"['CAMERA_2', 'CAMERA_1', 'CAMERA_3']","{'CAMERA_1': ['long_exposure', 'resolution', 'autofocus_points', 'optical_zoom'], 'CAMERA_2': ['weight', 'settings', 'resolution'], 'CAMERA_3': ['resolution']}",C_THANK_YOU,CAMERA_3,NONE,thank you so much,PRESENT_X,CAMERA_3,S_THANK_YOU,CAMERA_3,NONE,thank you very much.,FACE_TO_FACE,NONE,
38,15,NONE,"['CAMERA_2', 'CAMERA_1', 'CAMERA_3']","{'CAMERA_1': ['long_exposure', 'resolution', 'autofocus_points', 'optical_zoom'], 'CAMERA_2': ['weight', 'settings', 'resolution'], 'CAMERA_3': ['resolution']}",C_LEAVES,DOOR,NONE,,FACE_TO_FACE,NONE,S_RETURNS_TO_COUNTER,SERVICE_COUNTER,NONE,,WAITING,NONE,
39,1,NONE,[],"{'CAMERA_1': [], 'CAMERA_2': [], 'CAMERA_3': []}",C_ENTERS,DOOR,NONE,,WAITING,NONE,S_NONE,SERVICE_COUNTER,NONE,,WAITING,NONE,
39,2,NONE,[],"{'CAMERA_1': [], 'CAMERA_2': [], 'CAMERA_3': []}",C_GREETS,MIDDLE,NONE,oh excuse me,WAITING,NONE,S_GREETS,MIDDLE,NONE,can I help you?,FACE_TO_FACE,NONE,
39,3,CAMERA_1,['CAMERA_1'],"{'CAMERA_1': [], 'CAMERA_2': [], 'CAMERA_3': []}",C_LOOKING_FOR_A_CAMERA,MIDDLE,NONE,just looking to buy a camera,FACE_TO_FACE,NONE,S_INTRODUCES_CAMERA,CAMERA_1,,Let me show you this. Here we have the Sony PowerShot ELPH DMC-ZS3.,PRESENT_X,CAMERA_1,39~66
39,4,CAMERA_1,['CAMERA_1'],"{'CAMERA_1': ['camera_type'], 'CAMERA_2': [], 'CAMERA_3': []}",C_QUESTION_ABOUT_FEATURE,CAMERA_1,camera_type,is this a DSLR camera,PRESENT_X,CAMERA_1,S_ANSWERS_QUESTION_ABOUT_FEATURE,CAMERA_1,camera_type,This is a DSLR camera.,PRESENT_X,CAMERA_1,10~14
39,5,CAMERA_1,['CAMERA_1'],"{'CAMERA_1': ['camera_type', 'autofocus_points'], 'CAMERA_2': [], 'CAMERA_3': []}",C_QUESTION_ABOUT_FEATURE,CAMERA_1,autofocus_points,This one more expensive and it's heavier and it's got less autofocus points,PRESENT_X,CAMERA_1,S_ANSWERS_QUESTION_ABOUT_FEATURE,CAMERA_1,autofocus_points,This one has 135 autofocus points.,PRESENT_X,CAMERA_1,13~33
39,6,CAMERA_1,['CAMERA_1'],"{'CAMERA_1': ['camera_type', 'autofocus_points', 'effects'], 'CAMERA_2': [], 'CAMERA_3': []}",C_QUESTION_ABOUT_FEATURE,CAMERA_1,effects,does it have artistic effect mode,PRESENT_X,CAMERA_1,S_ANSWERS_QUESTION_ABOUT_FEATURE,CAMERA_1,effects,"This one has 24 glamor retouch effects (miniature, retro, toy camera, etc.).",PRESENT_X,CAMERA_1,13~75
39,7,CAMERA_1,['CAMERA_1'],"{'CAMERA_1': ['camera_type', 'autofocus_points', 'effects', 'optical_zoom'], 'CAMERA_2': [], 'CAMERA_3': []}",C_QUESTION_ABOUT_FEATURE,CAMERA_1,optical_zoom,okay so it's not the same kind of zoom,PRESENT_X,CAMERA_1,S_ANSWERS_QUESTION_ABOUT_FEATURE,CAMERA_1,optical_zoom,This one has 21x optical zoom.,PRESENT_X,CAMERA_1,13~29
39,8,CAMERA_1,['CAMERA_1'],"{'CAMERA_1': ['camera_type', 'autofocus_points', 'effects', 'optical_zoom', 'price'], 'CAMERA_2': [], 'CAMERA_3': []}",C_SILENT_OR_BACKCHANNEL,CAMERA_1,NONE,IC,PRESENT_X,CAMERA_1,S_INTRODUCES_FEATURE,CAMERA_1,price,This one costs $450.,PRESENT_X,CAMERA_1,15~19
39,9,CAMERA_3,"['CAMERA_1', 'CAMERA_3']","{'CAMERA_1': ['camera_type', 'autofocus_points', 'effects', 'optical_zoom', 'price'], 'CAMERA_2': [], 'CAMERA_3': []}",C_ANYTHING_ELSE_AVAILABLE,CAMERA_1,NONE,ok do you have any other cameras that can just look at,PRESENT_X,CAMERA_1,S_INTRODUCES_CAMERA,CAMERA_3,,Let me show you this. Here we have the Fujifilm PowerShot ELPH S2800.,PRESENT_X,CAMERA_3,39~68
39,10,CAMERA_3,"['CAMERA_1', 'CAMERA_3']","{'CAMERA_1': ['camera_type', 'autofocus_points', 'effects', 'optical_zoom', 'price'], 'CAMERA_2': [], 'CAMERA_3': ['camera_type']}",C_QUESTION_ABOUT_FEATURE,CAMERA_3,camera_type,is this a DSLR camera,PRESENT_X,CAMERA_3,S_ANSWERS_QUESTION_ABOUT_FEATURE,CAMERA_3,camera_type,This is a point and shoot camera.,PRESENT_X,CAMERA_3,10~25
39,11,CAMERA_3,"['CAMERA_1', 'CAMERA_3']","{'CAMERA_1': ['camera_type', 'autofocus_points', 'effects', 'optical_zoom', 'price'], 'CAMERA_2': [], 'CAMERA_3': ['camera_type', 'color']}",C_SILENT_OR_BACKCHANNEL,CAMERA_3,NONE,ok,PRESENT_X,CAMERA_3,S_INTRODUCES_FEATURE,CAMERA_3,color,"This one comes in purple, white, silver, blue, red, or pink.",PRESENT_X,CAMERA_3,18~59
39,12,CAMERA_3,"['CAMERA_1', 'CAMERA_3']","{'CAMERA_1': ['camera_type', 'autofocus_points', 'effects', 'optical_zoom', 'price'], 'CAMERA_2': [], 'CAMERA_3': ['camera_type', 'color', 'effects']}",C_SILENT_OR_BACKCHANNEL,CAMERA_3,NONE,okay,PRESENT_X,CAMERA_3,S_INTRODUCES_FEATURE,CAMERA_3,effects,"This one has 21 photo effects (small face, retro, big eyes, etc.).",PRESENT_X,CAMERA_3,13~65
39,13,CAMERA_3,"['CAMERA_1', 'CAMERA_3']","{'CAMERA_1': ['camera_type', 'autofocus_points', 'effects', 'optical_zoom', 'price'], 'CAMERA_2': [], 'CAMERA_3': ['camera_type', 'color', 'effects', 'ISO']}",C_QUESTION_ABOUT_FEATURE,CAMERA_3,ISO,what was the ISO on the bigger one,PRESENT_X,CAMERA_3,S_ANSWERS_QUESTION_ABOUT_FEATURE,CAMERA_3,ISO,This one has up to 3200 ISO with little noise.,PRESENT_X,CAMERA_3,13~45
39,14,NONE,"['CAMERA_1', 'CAMERA_3']","{'CAMERA_1': ['camera_type', 'autofocus_points', 'effects', 'optical_zoom', 'price'], 'CAMERA_2': [], 'CAMERA_3': ['camera_type', 'color', 'effects', 'ISO']}",C_THANK_YOU,CAMERA_3,NONE,thank you very much you've been very helpful,PRESENT_X,CAMERA_3,S_THANK_YOU,CAMERA_3,NONE,thank you very much.,FACE_TO_FACE,NONE,
39,15,NONE,"['CAMERA_1', 'CAMERA_3']","{'CAMERA_1': ['camera_type', 'autofocus_points', 'effects', 'optical_zoom', 'price'], 'CAMERA_2': [], 'CAMERA_3': ['camera_type', 'color', 'effects', 'ISO']}",C_LEAVES,DOOR,NONE,,FACE_TO_FACE,NONE,S_RETURNS_TO_COUNTER,SERVICE_COUNTER,NONE,,WAITING,NONE,
40,1,NONE,[],"{'CAMERA_1': [], 'CAMERA_2': [], 'CAMERA_3': []}",C_ENTERS,DOOR,NONE,,WAITING,NONE,S_NONE,SERVICE_COUNTER,NONE,,WAITING,NONE,
40,2,NONE,[],"{'CAMERA_1': [], 'CAMERA_2': [], 'CAMERA_3': []}",C_WALKS_TO_CAMERA,CAMERA_3,NONE,,WAITING,NONE,S_NONE,SERVICE_COUNTER,NONE,,WAITING,NONE,
40,3,CAMERA_3,['CAMERA_3'],"{'CAMERA_1': [], 'CAMERA_2': [], 'CAMERA_3': ['optical_zoom']}",C_QUESTION_ABOUT_FEATURE,CAMERA_3,optical_zoom,okay can you tell me what optical zoom it has,WAITING,NONE,S_NOT_SURE,CAMERA_3,,I'm not really sure about that.,PRESENT_X,CAMERA_3,
40,4,CAMERA_3,['CAMERA_3'],"{'CAMERA_1': [], 'CAMERA_2': [], 'CAMERA_3': ['optical_zoom', 'camera_type']}",C_QUESTION_ABOUT_FEATURE,CAMERA_3,camera_type,Is this a mirrorless camera?,PRESENT_X,CAMERA_3,S_ANSWERS_QUESTION_ABOUT_FEATURE,CAMERA_3,camera_type,This is a point and shoot camera.,PRESENT_X,CAMERA_3,10~25
40,5,CAMERA_3,['CAMERA_3'],"{'CAMERA_1': [], 'CAMERA_2': [], 'CAMERA_3': ['optical_zoom', 'camera_type', 'long_exposure']}",C_QUESTION_ABOUT_FEATURE,CAMERA_3,long_exposure,and I see that it does long exposures does it have bulb mode,PRESENT_X,CAMERA_3,S_ANSWERS_QUESTION_ABOUT_FEATURE,CAMERA_3,long_exposure,This one can take long exposures up to 30 minutes max with bulb mode.,PRESENT_X,CAMERA_3,39~68
40,6,CAMERA_3,['CAMERA_3'],"{'CAMERA_1': [], 'CAMERA_2': [], 'CAMERA_3': ['optical_zoom', 'camera_type', 'long_exposure', 'price']}",C_QUESTION_ABOUT_FEATURE,CAMERA_3,price,how much does it cost,PRESENT_X,CAMERA_3,S_ANSWERS_QUESTION_ABOUT_FEATURE,CAMERA_3,price,This one costs $518.,PRESENT_X,CAMERA_3,15~19
40,7,CAMERA_3,['CAMERA_3'],"{'CAMERA_1': [], 'CAMERA_2': [], 'CAMERA_3': ['optical_zoom', 'camera_type', 'long_exposure', 'price', 'weight']}",C_QUESTION_ABOUT_FEATURE,CAMERA_3,weight,this feels quite heavy how much does it weigh,PRESENT_X,CAMERA_3,S_ANSWERS_QUESTION_ABOUT_FEATURE,CAMERA_3,weight,This one weighs 820 grams.,PRESENT_X,CAMERA_3,16~25
40,8,NONE,['CAMERA_3'],"{'CAMERA_1': [], 'CAMERA_2': [], 'CAMERA_3': ['optical_zoom', 'camera_type', 'long_exposure', 'price', 'weight']}",C_THANK_YOU,CAMERA_3,NONE,okay thank you,PRESENT_X,CAMERA_3,S_THANK_YOU,CAMERA_3,NONE,thank you very much.,FACE_TO_FACE,NONE,
40,9,NONE,['CAMERA_3'],"{'CAMERA_1': [], 'CAMERA_2': [], 'CAMERA_3': ['optical_zoom', 'camera_type', 'long_exposure', 'price', 'weight']}",C_LEAVES,DOOR,NONE,,FACE_TO_FACE,NONE,S_RETURNS_TO_COUNTER,SERVICE_COUNTER,NONE,,WAITING,NONE,
41,1,NONE,[],"{'CAMERA_1': [], 'CAMERA_2': [], 'CAMERA_3': []}",C_ENTERS,DOOR,NONE,,WAITING,NONE,S_NONE,SERVICE_COUNTER,NONE,,WAITING,NONE,
41,2,NONE,[],"{'CAMERA_1': [], 'CAMERA_2': [], 'CAMERA_3': []}",C_GREETS,MIDDLE,NONE,Hi can you help me,WAITING,NONE,S_GREETS,MIDDLE,NONE,can I help you?,FACE_TO_FACE,NONE,
41,3,CAMERA_1,['CAMERA_1'],"{'CAMERA_1': [], 'CAMERA_2': [], 'CAMERA_3': []}",C_LOOKING_FOR_A_CAMERA,MIDDLE,NONE,could I have a look at this camera,FACE_TO_FACE,NONE,S_INTRODUCES_CAMERA,CAMERA_1,,Let me show you this. Here we have the Sony PowerShot ELPH DMC-ZS3.,PRESENT_X,CAMERA_1,39~66
41,4,CAMERA_1,['CAMERA_1'],"{'CAMERA_1': ['autofocus_points'], 'CAMERA_2': [], 'CAMERA_3': []}",C_QUESTION_ABOUT_FEATURE,CAMERA_1,autofocus_points,does it have autofocus points,PRESENT_X,CAMERA_1,S_ANSWERS_QUESTION_ABOUT_FEATURE,CAMERA_1,autofocus_points,This one has 135 autofocus points.,PRESENT_X,CAMERA_1,13~33
41,5,CAMERA_1,['CAMERA_1'],"{'CAMERA_1': ['autofocus_points', 'settings'], 'CAMERA_2': [], 'CAMERA_3': []}",C_QUESTION_ABOUT_FEATURE,CAMERA_1,settings,how much Freedom do I get when using this camera,PRESENT_X,CAMERA_1,S_ANSWERS_QUESTION_ABOUT_FEATURE,CAMERA_1,settings,This one has limited manual settings.,PRESENT_X,CAMERA_1,13~36
41,6,CAMERA_1,['CAMERA_1'],"{'CAMERA_1': ['autofocus_points', 'settings', 'camera_type'], 'CAMERA_2': [], 'CAMERA_3': []}",C_SILENT_OR_BACKCHANNEL,CAMERA_1,NONE,Wow super cheap,PRESENT_X,CAMERA_1,S_INTRODUCES_FEATURE,CAMERA_1,camera_type,This is a DSLR camera.,PRESENT_X,CAMERA_1,10~14
41,7,CAMERA_1,['CAMERA_1'],"{'CAMERA_1': ['autofocus_points', 'settings', 'camera_type', 'ISO'], 'CAMERA_2': [], 'CAMERA_3': []}",C_SILENT_OR_BACKCHANNEL,CAMERA_1,NONE,i see,PRESENT_X,CAMERA_1,S_INTRODUCES_FEATURE,CAMERA_1,ISO,This one has up to 51200 ISO.,PRESENT_X,CAMERA_1,13~28
41,8,CAMERA_1,['CAMERA_1'],"{'CAMERA_1': ['autofocus_points', 'settings', 'camera_type', 'ISO', 'resolution'], 'CAMERA_2': [], 'CAMERA_3': []}",C_QUESTION_ABOUT_FEATURE,CAMERA_1,resolution,powerful is it how many megapixels can it shoot,PRESENT_X,CAMERA_1,S_ANSWERS_QUESTION_ABOUT_FEATURE,CAMERA_1,resolution,This one has 17.8 megapixels resolution.,PRESENT_X,CAMERA_1,13~28
41,9,CAMERA_1,['CAMERA_1'],"{'CAMERA_1': ['autofocus_points', 'settings', 'camera_type', 'ISO', 'resolution', 'price'], 'CAMERA_2': [], 'CAMERA_3': []}",C_SILENT_OR_BACKCHANNEL,CAMERA_1,NONE,yeah sounds good,PRESENT_X,CAMERA_1,S_INTRODUCES_FEATURE,CAMERA_1,price,This one costs $450.,PRESENT_X,CAMERA_1,15~19
41,10,CAMERA_1,['CAMERA_1'],"{'CAMERA_1': ['autofocus_points', 'settings', 'camera_type', 'ISO', 'resolution', 'price', 'color'], 'CAMERA_2': [], 'CAMERA_3': []}",C_SILENT_OR_BACKCHANNEL,CAMERA_1,NONE,this one also looks kind of good,PRESENT_X,CAMERA_1,S_INTRODUCES_FEATURE,CAMERA_1,color,This one comes in blue or black.,PRESENT_X,CAMERA_1,18~31
41,11,CAMERA_1,['CAMERA_1'],"{'CAMERA_1': ['autofocus_points', 'settings', 'camera_type', 'ISO', 'resolution', 'price', 'color', 'effects'], 'CAMERA_2': [], 'CAMERA_3': []}",C_SILENT_OR_BACKCHANNEL,CAMERA_1,NONE,that's not bad,PRESENT_X,CAMERA_1,S_INTRODUCES_FEATURE,CAMERA_1,effects,"This one has 24 glamor retouch effects (miniature, retro, toy camera, etc.).",PRESENT_X,CAMERA_1,13~75
41,12,CAMERA_3,"['CAMERA_1', 'CAMERA_3']","{'CAMERA_1': ['autofocus_points', 'settings', 'camera_type', 'ISO', 'resolution', 'price', 'color', 'effects'], 'CAMERA_2': [], 'CAMERA_3': []}",C_ANYTHING_ELSE_AVAILABLE,CAMERA_1,NONE,Do you have other cameras that I could afford,PRESENT_X,CAMERA_1,S_INTRODUCES_CAMERA,CAMERA_3,,Let me show you this. Here we have the Fujifilm PowerShot ELPH S2800.,PRESENT_X,CAMERA_3,39~68
41,13,CAMERA_3,"['CAMERA_1', 'CAMERA_3']","{'CAMERA_1': ['autofocus_points', 'settings', 'camera_type', 'ISO', 'resolution', 'price', 'color', 'effects'], 'CAMERA_2': [], 'CAMERA_3': ['sensor_size']}",C_SILENT_OR_BACKCHANNEL,CAMERA_3,NONE,that's nice how much is it,PRESENT_X,CAMERA_3,S_INTRODUCES_FEATURE,CAMERA_3,sensor_size,This one has a full frame.,PRESENT_X,CAMERA_3,15~25
41,14,CAMERA_3,"['CAMERA_1', 'CAMERA_3']","{'CAMERA_1': ['autofocus_points', 'settings', 'camera_type', 'ISO', 'resolution', 'price', 'color', 'effects'], 'CAMERA_2': [], 'CAMERA_3': ['sensor_size', 'ISO']}",C_QUESTION_ABOUT_FEATURE,CAMERA_3,ISO,okay and what is the what is ISO,PRESENT_X,CAMERA_3,S_ANSWERS_QUESTION_ABOUT_FEATURE,CAMERA_3,ISO,This one has up to 3200 ISO with little noise.,PRESENT_X,CAMERA_3,13~45
41,15,CAMERA_3,"['CAMERA_1', 'CAMERA_3']","{'CAMERA_1': ['autofocus_points', 'settings', 'camera_type', 'ISO', 'resolution', 'price', 'color', 'effects'], 'CAMERA_2': [], 'CAMERA_3': ['sensor_size', 'ISO', 'optical_zoom']}",C_QUESTION_ABOUT_FEATURE,CAMERA_3,optical_zoom,how far does the zoom on this one go,PRESENT_X,CAMERA_3,S_NOT_SURE,CAMERA_3,,I'm not really sure about that.,PRESENT_X,CAMERA_3,
41,16,CAMERA_3,"['CAMERA_1', 'CAMERA_3']","{'CAMERA_1': ['autofocus_points', 'settings', 'camera_type', 'ISO', 'resolution', 'price', 'color', 'effects'], 'CAMERA_2': [], 'CAMERA_3': ['sensor_size', 'ISO', 'optical_zoom', 'preset_modes']}",C_QUESTION_ABOUT_FEATURE,CAMERA_3,preset_modes,does this camera support for preset mode,PRESENT_X,CAMERA_3,S_ANSWERS_QUESTION_ABOUT_FEATURE,CAMERA_3,preset_modes,This one has various preset modes.,PRESENT_X,CAMERA_3,13~33
41,17,CAMERA_3,"['CAMERA_1', 'CAMERA_3']","{'CAMERA_1': ['autofocus_points', 'settings', 'camera_type', 'ISO', 'resolution', 'price', 'color', 'effects'], 'CAMERA_2': [], 'CAMERA_3': ['sensor_size', 'ISO', 'optical_zoom', 'preset_modes', 'camera_type']}",C_QUESTION_ABOUT_FEATURE,CAMERA_3,camera_type,is this a point and shoot camera,PRESENT_X,CAMERA_3,S_ANSWERS_QUESTION_ABOUT_FEATURE,CAMERA_3,camera_type,This is a point and shoot camera.,PRESENT_X,CAMERA_3,10~25
41,18,CAMERA_3,"['CAMERA_1', 'CAMERA_3']","{'CAMERA_1': ['autofocus_points', 'settings', 'camera_type', 'ISO', 'resolution', 'price', 'color', 'effects'], 'CAMERA_2': [], 'CAMERA_3': ['sensor_size', 'ISO', 'optical_zoom', 'preset_modes', 'camera_type', 'resolution']}",C_SILENT_OR_BACKCHANNEL,CAMERA_3,NONE,the picture is very nice,PRESENT_X,CAMERA_3,S_INTRODUCES_FEATURE,CAMERA_3,resolution,This one has 23.2 megapixels resolution.,PRESENT_X,CAMERA_3,13~28
41,19,CAMERA_2,"['CAMERA_1', 'CAMERA_3', 'CAMERA_2']","{'CAMERA_1': ['autofocus_points', 'settings', 'camera_type', 'ISO', 'resolution', 'price', 'color', 'effects'], 'CAMERA_2': [], 'CAMERA_3': ['sensor_size', 'ISO', 'optical_zoom', 'preset_modes', 'camera_type', 'resolution']}",C_ANYTHING_ELSE_AVAILABLE,CAMERA_3,NONE,okay do you have any other cameras I might be interested,PRESENT_X,CAMERA_3,S_INTRODUCES_CAMERA,CAMERA_2,,Let me show you this. Here we have the Fujifilm Lumix ILC Camera.,PRESENT_X,CAMERA_2,39~64
41,20,CAMERA_2,"['CAMERA_1', 'CAMERA_3', 'CAMERA_2']","{'CAMERA_1': ['autofocus_points', 'settings', 'camera_type', 'ISO', 'resolution', 'price', 'color', 'effects'], 'CAMERA_2': ['preset_modes'], 'CAMERA_3': ['sensor_size', 'ISO', 'optical_zoom', 'preset_modes', 'camera_type', 'resolution']}",C_QUESTION_ABOUT_FEATURE,CAMERA_2,preset_modes,okay and does it have any menu settings,PRESENT_X,CAMERA_2,S_NOT_SURE,CAMERA_2,,I'm not really sure about that.,PRESENT_X,CAMERA_2,
41,21,CAMERA_2,"['CAMERA_1', 'CAMERA_3', 'CAMERA_2']","{'CAMERA_1': ['autofocus_points', 'settings', 'camera_type', 'ISO', 'resolution', 'price', 'color', 'effects'], 'CAMERA_2': ['preset_modes', 'resolution'], 'CAMERA_3': ['sensor_size', 'ISO', 'optical_zoom', 'preset_modes', 'camera_type', 'resolution']}",C_QUESTION_ABOUT_FEATURE,CAMERA_2,resolution,and how many megapixels does it have,PRESENT_X,CAMERA_2,S_ANSWERS_QUESTION_ABOUT_FEATURE,CAMERA_2,resolution,This one has 23.8 megapixels resolution.,PRESENT_X,CAMERA_2,13~28
41,22,CAMERA_2,"['CAMERA_1', 'CAMERA_3', 'CAMERA_2']","{'CAMERA_1': ['autofocus_points', 'settings', 'camera_type', 'ISO', 'resolution', 'price', 'color', 'effects'], 'CAMERA_2': ['preset_modes', 'resolution', 'color'], 'CAMERA_3': ['sensor_size', 'ISO', 'optical_zoom', 'preset_modes', 'camera_type', 'resolution']}",C_QUESTION_ABOUT_FEATURE,CAMERA_2,color,alright does it come in any other color ,PRESENT_X,CAMERA_2,S_ANSWERS_QUESTION_ABOUT_FEATURE,CAMERA_2,color,This one comes in white or pink.,PRESENT_X,CAMERA_2,18~31
41,23,CAMERA_2,"['CAMERA_1', 'CAMERA_3', 'CAMERA_2']","{'CAMERA_1': ['autofocus_points', 'settings', 'camera_type', 'ISO', 'resolution', 'price', 'color', 'effects'], 'CAMERA_2': ['preset_modes', 'resolution', 'color', 'camera_type'], 'CAMERA_3': ['sensor_size', 'ISO', 'optical_zoom', 'preset_modes', 'camera_type', 'resolution']}",C_QUESTION_ABOUT_FEATURE,CAMERA_2,camera_type,is this a DSLR camera,PRESENT_X,CAMERA_2,S_ANSWERS_QUESTION_ABOUT_FEATURE,CAMERA_2,camera_type,This is a digital single lens mirrorless camera.,PRESENT_X,CAMERA_2,10~40
41,24,CAMERA_2,"['CAMERA_1', 'CAMERA_3', 'CAMERA_2']","{'CAMERA_1': ['autofocus_points', 'settings', 'camera_type', 'ISO', 'resolution', 'price', 'color', 'effects'], 'CAMERA_2': ['preset_modes', 'resolution', 'color', 'camera_type', 'sensor_size'], 'CAMERA_3': ['sensor_size', 'ISO', 'optical_zoom', 'preset_modes', 'camera_type', 'resolution']}",C_SILENT_OR_BACKCHANNEL,CAMERA_2,NONE,sounds good,PRESENT_X,CAMERA_2,S_INTRODUCES_FEATURE,CAMERA_2,sensor_size,This one has a 1/2.33 inch sensor.,PRESENT_X,CAMERA_2,15~33
41,25,,"['CAMERA_1', 'CAMERA_3', 'CAMERA_2']","{'CAMERA_1': ['autofocus_points', 'settings', 'camera_type', 'ISO', 'resolution', 'price', 'color', 'effects'], 'CAMERA_2': ['preset_modes', 'resolution', 'color', 'camera_type', 'sensor_size'], 'CAMERA_3': ['sensor_size', 'ISO', 'optical_zoom', 'preset_modes', 'camera_type', 'resolution']}",C_ANYTHING_ELSE_AVAILABLE,CAMERA_2,NONE,do you have any other cameras like this,PRESENT_X,CAMERA_2,S_THATS_ALL_WE_HAVE_AVAILABLE,CAMERA_2,,That's all we have available at the moment.,PRESENT_X,CAMERA_2,
41,26,NONE,"['CAMERA_1', 'CAMERA_3', 'CAMERA_2']","{'CAMERA_1': ['autofocus_points', 'settings', 'camera_type', 'ISO', 'resolution', 'price', 'color', 'effects'], 'CAMERA_2': ['preset_modes', 'resolution', 'color', 'camera_type', 'sensor_size'], 'CAMERA_3': ['sensor_size', 'ISO', 'optical_zoom', 'preset_modes', 'camera_type', 'resolution']}",C_THANK_YOU,CAMERA_2,NONE,thank you for your help,PRESENT_X,CAMERA_2,S_THANK_YOU,CAMERA_2,NONE,thank you very much.,FACE_TO_FACE,NONE,
41,27,NONE,"['CAMERA_1', 'CAMERA_3', 'CAMERA_2']","{'CAMERA_1': ['autofocus_points', 'settings', 'camera_type', 'ISO', 'resolution', 'price', 'color', 'effects'], 'CAMERA_2': ['preset_modes', 'resolution', 'color', 'camera_type', 'sensor_size'], 'CAMERA_3': ['sensor_size', 'ISO', 'optical_zoom', 'preset_modes', 'camera_type', 'resolution']}",C_LEAVES,DOOR,NONE,,FACE_TO_FACE,NONE,S_RETURNS_TO_COUNTER,SERVICE_COUNTER,NONE,,WAITING,NONE,
42,1,NONE,[],"{'CAMERA_1': [], 'CAMERA_2': [], 'CAMERA_3': []}",C_ENTERS,DOOR,NONE,,WAITING,NONE,S_NONE,SERVICE_COUNTER,NONE,,WAITING,NONE,
42,2,NONE,[],"{'CAMERA_1': [], 'CAMERA_2': [], 'CAMERA_3': []}",C_GREETS,MIDDLE,NONE,excuse me,WAITING,NONE,S_GREETS,MIDDLE,NONE,can I help you?,FACE_TO_FACE,NONE,
42,3,CAMERA_3,['CAMERA_3'],"{'CAMERA_1': [], 'CAMERA_2': [], 'CAMERA_3': []}",C_LOOKING_FOR_A_CAMERA,MIDDLE,NONE,I'm looking for a camera,FACE_TO_FACE,NONE,S_INTRODUCES_CAMERA,CAMERA_3,,Let me show you this. Here we have the Fujifilm PowerShot ELPH S2800.,PRESENT_X,CAMERA_3,39~68
42,4,CAMERA_3,['CAMERA_3'],"{'CAMERA_1': [], 'CAMERA_2': [], 'CAMERA_3': ['color']}",C_QUESTION_ABOUT_FEATURE,CAMERA_3,color,what are the colors does it come in,PRESENT_X,CAMERA_3,S_ANSWERS_QUESTION_ABOUT_FEATURE,CAMERA_3,color,"This one comes in purple, white, silver, blue, red, or pink.",PRESENT_X,CAMERA_3,18~59
42,5,CAMERA_3,['CAMERA_3'],"{'CAMERA_1': [], 'CAMERA_2': [], 'CAMERA_3': ['color', 'ISO']}",C_SILENT_OR_BACKCHANNEL,CAMERA_3,NONE,okay I see,PRESENT_X,CAMERA_3,S_INTRODUCES_FEATURE,CAMERA_3,ISO,This one has up to 3200 ISO with little noise.,PRESENT_X,CAMERA_3,13~45
42,6,CAMERA_3,['CAMERA_3'],"{'CAMERA_1': [], 'CAMERA_2': [], 'CAMERA_3': ['color', 'ISO', 'autofocus_points']}",C_SILENT_OR_BACKCHANNEL,CAMERA_3,NONE,sounds good,PRESENT_X,CAMERA_3,S_INTRODUCES_FEATURE,CAMERA_3,autofocus_points,This one has 214 autofocus points.,PRESENT_X,CAMERA_3,13~33
42,7,CAMERA_3,['CAMERA_3'],"{'CAMERA_1': [], 'CAMERA_2': [], 'CAMERA_3': ['color', 'ISO', 'autofocus_points', 'resolution']}",C_SILENT_OR_BACKCHANNEL,CAMERA_3,NONE,yeah yeah I can to try to look on the outside this is a really good one,PRESENT_X,CAMERA_3,S_INTRODUCES_FEATURE,CAMERA_3,resolution,This one has 23.2 megapixels resolution.,PRESENT_X,CAMERA_3,13~28
42,8,NONE,['CAMERA_3'],"{'CAMERA_1': [], 'CAMERA_2': [], 'CAMERA_3': ['color', 'ISO', 'autofocus_points', 'resolution']}",C_THANK_YOU,CAMERA_3,NONE,thank you so much,PRESENT_X,CAMERA_3,S_THANK_YOU,CAMERA_3,NONE,thank you very much.,FACE_TO_FACE,NONE,
42,9,NONE,['CAMERA_3'],"{'CAMERA_1': [], 'CAMERA_2': [], 'CAMERA_3': ['color', 'ISO', 'autofocus_points', 'resolution']}",C_LEAVES,DOOR,NONE,,FACE_TO_FACE,NONE,S_RETURNS_TO_COUNTER,SERVICE_COUNTER,NONE,,WAITING,NONE,
43,1,NONE,[],"{'CAMERA_1': [], 'CAMERA_2': [], 'CAMERA_3': []}",C_ENTERS,DOOR,NONE,,WAITING,NONE,S_NONE,SERVICE_COUNTER,NONE,,WAITING,NONE,
43,2,NONE,[],"{'CAMERA_1': [], 'CAMERA_2': [], 'CAMERA_3': []}",C_GREETS,MIDDLE,NONE,excuse me,WAITING,NONE,S_GREETS,MIDDLE,NONE,can I help you?,FACE_TO_FACE,NONE,
43,3,CAMERA_3,['CAMERA_3'],"{'CAMERA_1': [], 'CAMERA_2': [], 'CAMERA_3': []}",C_LOOKING_FOR_A_CAMERA,MIDDLE,NONE,hi in them looking for a quick replacement can you show me what options you have,FACE_TO_FACE,NONE,S_INTRODUCES_CAMERA,CAMERA_3,,Let me show you this. Here we have the Fujifilm PowerShot ELPH S2800.,PRESENT_X,CAMERA_3,39~68
43,4,CAMERA_3,['CAMERA_3'],"{'CAMERA_1': [], 'CAMERA_2': [], 'CAMERA_3': ['color']}",C_QUESTION_ABOUT_FEATURE,CAMERA_3,color,what kind of color do you have for this camera,PRESENT_X,CAMERA_3,S_ANSWERS_QUESTION_ABOUT_FEATURE,CAMERA_3,color,"This one comes in purple, white, silver, blue, red, or pink.",PRESENT_X,CAMERA_3,18~59
43,5,CAMERA_3,['CAMERA_3'],"{'CAMERA_1': [], 'CAMERA_2': [], 'CAMERA_3': ['color', 'long_exposure']}",C_QUESTION_ABOUT_FEATURE,CAMERA_3,long_exposure,and what about the exposure,PRESENT_X,CAMERA_3,S_ANSWERS_QUESTION_ABOUT_FEATURE,CAMERA_3,long_exposure,This one can take long exposures up to 30 minutes max with bulb mode.,PRESENT_X,CAMERA_3,39~68
43,6,CAMERA_2,"['CAMERA_3', 'CAMERA_2']","{'CAMERA_1': [], 'CAMERA_2': [], 'CAMERA_3': ['color', 'long_exposure']}",C_ANYTHING_ELSE_AVAILABLE,CAMERA_3,NONE,can you recommend another camera similar to this,PRESENT_X,CAMERA_3,S_INTRODUCES_CAMERA,CAMERA_2,,Let me show you this. Here we have the Fujifilm Lumix ILC Camera.,PRESENT_X,CAMERA_2,39~64
43,7,CAMERA_2,"['CAMERA_3', 'CAMERA_2']","{'CAMERA_1': [], 'CAMERA_2': ['effects'], 'CAMERA_3': ['color', 'long_exposure']}",C_SILENT_OR_BACKCHANNEL,CAMERA_2,NONE,IC,PRESENT_X,CAMERA_2,S_INTRODUCES_FEATURE,CAMERA_2,effects,"This one has 24 artistic effect modes (retro, lighter or darker skin tones, sepia, etc.).",PRESENT_X,CAMERA_2,13~88
43,8,NONE,"['CAMERA_3', 'CAMERA_2']","{'CAMERA_1': [], 'CAMERA_2': ['effects'], 'CAMERA_3': ['color', 'long_exposure']}",C_THANK_YOU,CAMERA_2,NONE,thank you,PRESENT_X,CAMERA_2,S_THANK_YOU,CAMERA_2,NONE,thank you very much.,FACE_TO_FACE,NONE,
43,9,NONE,"['CAMERA_3', 'CAMERA_2']","{'CAMERA_1': [], 'CAMERA_2': ['effects'], 'CAMERA_3': ['color', 'long_exposure']}",C_LEAVES,DOOR,NONE,,FACE_TO_FACE,NONE,S_RETURNS_TO_COUNTER,SERVICE_COUNTER,NONE,,WAITING,NONE,
44,1,NONE,[],"{'CAMERA_1': [], 'CAMERA_2': [], 'CAMERA_3': []}",C_ENTERS,DOOR,NONE,,WAITING,NONE,S_NONE,SERVICE_COUNTER,NONE,,WAITING,NONE,
44,2,NONE,[],"{'CAMERA_1': [], 'CAMERA_2': [], 'CAMERA_3': []}",C_GREETS,MIDDLE,NONE,Excuse Me Miss,WAITING,NONE,S_GREETS,MIDDLE,NONE,can I help you?,FACE_TO_FACE,NONE,
44,3,CAMERA_2,['CAMERA_2'],"{'CAMERA_1': [], 'CAMERA_2': [], 'CAMERA_3': []}",C_LOOKING_FOR_A_CAMERA,MIDDLE,NONE,well I'm not sure I quite know what I want to,FACE_TO_FACE,NONE,S_INTRODUCES_CAMERA,CAMERA_2,,Let me show you this. Here we have the Fujifilm Lumix ILC Camera.,PRESENT_X,CAMERA_2,39~64
44,4,CAMERA_2,['CAMERA_2'],"{'CAMERA_1': [], 'CAMERA_2': ['ISO'], 'CAMERA_3': []}",C_QUESTION_ABOUT_FEATURE,CAMERA_2,ISO,ISO performers,PRESENT_X,CAMERA_2,S_NOT_SURE,CAMERA_2,,I'm not really sure about that.,PRESENT_X,CAMERA_2,
44,5,CAMERA_2,['CAMERA_2'],"{'CAMERA_1': [], 'CAMERA_2': ['ISO', 'sensor_size'], 'CAMERA_3': []}",C_QUESTION_ABOUT_FEATURE,CAMERA_2,sensor_size,size of a sensor,PRESENT_X,CAMERA_2,S_ANSWERS_QUESTION_ABOUT_FEATURE,CAMERA_2,sensor_size,This one has a 1/2.33 inch sensor.,PRESENT_X,CAMERA_2,15~33
44,6,CAMERA_1,"['CAMERA_2', 'CAMERA_1']","{'CAMERA_1': [], 'CAMERA_2': ['ISO', 'sensor_size'], 'CAMERA_3': []}",C_ANYTHING_ELSE_AVAILABLE,CAMERA_2,NONE,Do you have other cameras that I could afford,PRESENT_X,CAMERA_2,S_INTRODUCES_CAMERA,CAMERA_1,,Let me show you this. Here we have the Sony PowerShot ELPH DMC-ZS3.,PRESENT_X,CAMERA_1,39~66
44,7,CAMERA_1,"['CAMERA_2', 'CAMERA_1']","{'CAMERA_1': ['settings'], 'CAMERA_2': ['ISO', 'sensor_size'], 'CAMERA_3': []}",C_SILENT_OR_BACKCHANNEL,CAMERA_1,NONE,that's nice how much is it,PRESENT_X,CAMERA_1,S_INTRODUCES_FEATURE,CAMERA_1,settings,This one has limited manual settings.,PRESENT_X,CAMERA_1,13~36
44,8,NONE,"['CAMERA_2', 'CAMERA_1']","{'CAMERA_1': ['settings'], 'CAMERA_2': ['ISO', 'sensor_size'], 'CAMERA_3': []}",C_THANK_YOU,CAMERA_1,NONE,okay alright that's good to know thank you thank you thank you very much,PRESENT_X,CAMERA_1,S_THANK_YOU,CAMERA_1,NONE,thank you very much.,FACE_TO_FACE,NONE,
44,9,NONE,"['CAMERA_2', 'CAMERA_1']","{'CAMERA_1': ['settings'], 'CAMERA_2': ['ISO', 'sensor_size'], 'CAMERA_3': []}",C_LEAVES,DOOR,NONE,,FACE_TO_FACE,NONE,S_RETURNS_TO_COUNTER,SERVICE_COUNTER,NONE,,WAITING,NONE,
45,1,NONE,[],"{'CAMERA_1': [], 'CAMERA_2': [], 'CAMERA_3': []}",C_ENTERS,DOOR,NONE,,WAITING,NONE,S_NONE,SERVICE_COUNTER,NONE,,WAITING,NONE,
45,2,NONE,[],"{'CAMERA_1': [], 'CAMERA_2': [], 'CAMERA_3': []}",C_WALKS_TO_CAMERA,CAMERA_2,NONE,,WAITING,NONE,S_NONE,SERVICE_COUNTER,NONE,,WAITING,NONE,
45,3,CAMERA_2,['CAMERA_2'],"{'CAMERA_1': [], 'CAMERA_2': ['ISO'], 'CAMERA_3': []}",C_QUESTION_ABOUT_FEATURE,CAMERA_2,ISO,and how high does the iso good,WAITING,NONE,S_NOT_SURE,CAMERA_2,,I'm not really sure about that.,PRESENT_X,CAMERA_2,
45,4,CAMERA_3,"['CAMERA_2', 'CAMERA_3']","{'CAMERA_1': [], 'CAMERA_2': ['ISO'], 'CAMERA_3': []}",C_ANYTHING_ELSE_AVAILABLE,CAMERA_2,NONE,can you recommend another camera similar to this,PRESENT_X,CAMERA_2,S_INTRODUCES_CAMERA,CAMERA_3,,Let me show you this. Here we have the Fujifilm PowerShot ELPH S2800.,PRESENT_X,CAMERA_3,39~68
45,5,CAMERA_3,"['CAMERA_2', 'CAMERA_3']","{'CAMERA_1': [], 'CAMERA_2': ['ISO'], 'CAMERA_3': ['weight']}",C_QUESTION_ABOUT_FEATURE,CAMERA_3,weight,okay how about the weight of us I don't want anything that's too heavy,PRESENT_X,CAMERA_3,S_ANSWERS_QUESTION_ABOUT_FEATURE,CAMERA_3,weight,This one weighs 820 grams.,PRESENT_X,CAMERA_3,16~25
45,6,CAMERA_1,"['CAMERA_2', 'CAMERA_3', 'CAMERA_1']","{'CAMERA_1': [], 'CAMERA_2': ['ISO'], 'CAMERA_3': ['weight']}",C_ANYTHING_ELSE_AVAILABLE,CAMERA_3,NONE,okay do you have any other cameras I might be interested,PRESENT_X,CAMERA_3,S_INTRODUCES_CAMERA,CAMERA_1,,Let me show you this. Here we have the Sony PowerShot ELPH DMC-ZS3.,PRESENT_X,CAMERA_1,39~66
45,7,CAMERA_1,"['CAMERA_2', 'CAMERA_3', 'CAMERA_1']","{'CAMERA_1': ['effects'], 'CAMERA_2': ['ISO'], 'CAMERA_3': ['weight']}",C_SILENT_OR_BACKCHANNEL,CAMERA_1,NONE,I say,PRESENT_X,CAMERA_1,S_INTRODUCES_FEATURE,CAMERA_1,effects,"This one has 24 glamor retouch effects (miniature, retro, toy camera, etc.).",PRESENT_X,CAMERA_1,13~75
45,8,CAMERA_1,"['CAMERA_2', 'CAMERA_3', 'CAMERA_1']","{'CAMERA_1': ['effects', 'ISO'], 'CAMERA_2': ['ISO'], 'CAMERA_3': ['weight']}",C_QUESTION_ABOUT_FEATURE,CAMERA_1,ISO,and how high does the iso good,PRESENT_X,CAMERA_1,S_ANSWERS_QUESTION_ABOUT_FEATURE,CAMERA_1,ISO,This one has up to 51200 ISO.,PRESENT_X,CAMERA_1,13~28
45,9,,"['CAMERA_2', 'CAMERA_3', 'CAMERA_1']","{'CAMERA_1': ['effects', 'ISO'], 'CAMERA_2': ['ISO'], 'CAMERA_3': ['weight']}",C_ANYTHING_ELSE_AVAILABLE,CAMERA_1,NONE,maybe did you have a another camera you recommend,PRESENT_X,CAMERA_1,S_THATS_ALL_WE_HAVE_AVAILABLE,CAMERA_1,,That's all we have available at the moment.,PRESENT_X,CAMERA_1,
45,10,NONE,"['CAMERA_2', 'CAMERA_3', 'CAMERA_1']","{'CAMERA_1': ['effects', 'ISO'], 'CAMERA_2': ['ISO'], 'CAMERA_3': ['weight']}",C_THANK_YOU,CAMERA_1,NONE,okay thank you have a good day,PRESENT_X,CAMERA_1,S_THANK_YOU,CAMERA_1,NONE,thank you very much.,FACE_TO_FACE,NONE,
45,11,NONE,"['CAMERA_2', 'CAMERA_3', 'CAMERA_1']","{'CAMERA_1': ['effects', 'ISO'], 'CAMERA_2': ['ISO'], 'CAMERA_3': ['weight']}",C_LEAVES,DOOR,NONE,,FACE_TO_FACE,NONE,S_RETURNS_TO_COUNTER,SERVICE_COUNTER,NONE,,WAITING,NONE,
46,1,NONE,[],"{'CAMERA_1': [], 'CAMERA_2': [], 'CAMERA_3': []}",C_ENTERS,DOOR,NONE,,WAITING,NONE,S_NONE,SERVICE_COUNTER,NONE,,WAITING,NONE,
46,2,NONE,[],"{'CAMERA_1': [], 'CAMERA_2': [], 'CAMERA_3': []}",C_WALKS_TO_CAMERA,CAMERA_3,NONE,,WAITING,NONE,S_GREETS,CAMERA_3,NONE,can I help you?,FACE_TO_FACE,NONE,
46,3,CAMERA_1,['CAMERA_1'],"{'CAMERA_1': [], 'CAMERA_2': [], 'CAMERA_3': []}",C_LOOKING_FOR_A_CAMERA,CAMERA_3,NONE,how to write a message to take a look at your new cameras,FACE_TO_FACE,NONE,S_INTRODUCES_CAMERA,CAMERA_1,,Let me show you this. Here we have the Sony PowerShot ELPH DMC-ZS3.,PRESENT_X,CAMERA_1,39~66
46,4,CAMERA_1,['CAMERA_1'],"{'CAMERA_1': ['settings'], 'CAMERA_2': [], 'CAMERA_3': []}",C_QUESTION_ABOUT_FEATURE,CAMERA_1,settings,I mainly shoot in manual mode is that capable,PRESENT_X,CAMERA_1,S_ANSWERS_QUESTION_ABOUT_FEATURE,CAMERA_1,settings,This one has limited manual settings.,PRESENT_X,CAMERA_1,13~36
46,5,CAMERA_1,['CAMERA_1'],"{'CAMERA_1': ['settings', 'sensor_size'], 'CAMERA_2': [], 'CAMERA_3': []}",C_QUESTION_ABOUT_FEATURE,CAMERA_1,sensor_size,$100 affordable and I like the style of this camera,PRESENT_X,CAMERA_1,S_ANSWERS_QUESTION_ABOUT_FEATURE,CAMERA_1,sensor_size,This one has a 1/2.3 inch CMOS sensor.,PRESENT_X,CAMERA_1,15~37
46,6,CAMERA_3,"['CAMERA_1', 'CAMERA_3']","{'CAMERA_1': ['settings', 'sensor_size'], 'CAMERA_2': [], 'CAMERA_3': []}",C_ANYTHING_ELSE_AVAILABLE,CAMERA_1,NONE,do you have any other cameras with preset mode,PRESENT_X,CAMERA_1,S_INTRODUCES_CAMERA,CAMERA_3,,Let me show you this. Here we have the Fujifilm PowerShot ELPH S2800.,PRESENT_X,CAMERA_3,39~68
46,7,CAMERA_3,"['CAMERA_1', 'CAMERA_3']","{'CAMERA_1': ['settings', 'sensor_size'], 'CAMERA_2': [], 'CAMERA_3': ['weight']}",C_QUESTION_ABOUT_FEATURE,CAMERA_3,weight,I'm just a very light coming around heavy things in a bag how heavy is this,PRESENT_X,CAMERA_3,S_ANSWERS_QUESTION_ABOUT_FEATURE,CAMERA_3,weight,This one weighs 820 grams.,PRESENT_X,CAMERA_3,16~25
46,8,CAMERA_3,"['CAMERA_1', 'CAMERA_3']","{'CAMERA_1': ['settings', 'sensor_size'], 'CAMERA_2': [], 'CAMERA_3': ['weight', 'price']}",C_SILENT_OR_BACKCHANNEL,CAMERA_3,NONE,I'm interested in this cannon he looks pretty good,PRESENT_X,CAMERA_3,S_INTRODUCES_FEATURE,CAMERA_3,price,This one costs $518.,PRESENT_X,CAMERA_3,15~19
46,9,CAMERA_3,"['CAMERA_1', 'CAMERA_3']","{'CAMERA_1': ['settings', 'sensor_size'], 'CAMERA_2': [], 'CAMERA_3': ['weight', 'price', 'autofocus_points']}",C_QUESTION_ABOUT_FEATURE,CAMERA_3,autofocus_points,and how many autofocus points does it have,PRESENT_X,CAMERA_3,S_ANSWERS_QUESTION_ABOUT_FEATURE,CAMERA_3,autofocus_points,This one has 214 autofocus points.,PRESENT_X,CAMERA_3,13~33
46,10,CAMERA_3,"['CAMERA_1', 'CAMERA_3']","{'CAMERA_1': ['settings', 'sensor_size'], 'CAMERA_2': [], 'CAMERA_3': ['weight', 'price', 'autofocus_points', 'camera_type']}",C_SILENT_OR_BACKCHANNEL,CAMERA_3,NONE,hm,PRESENT_X,CAMERA_3,S_INTRODUCES_FEATURE,CAMERA_3,camera_type,This is a point and shoot camera.,PRESENT_X,CAMERA_3,10~25
46,11,CAMERA_3,"['CAMERA_1', 'CAMERA_3']","{'CAMERA_1': ['settings', 'sensor_size'], 'CAMERA_2': [], 'CAMERA_3': ['weight', 'price', 'autofocus_points', 'camera_type', 'long_exposure']}",C_SILENT_OR_BACKCHANNEL,CAMERA_3,NONE,you too seems not too bad though,PRESENT_X,CAMERA_3,S_INTRODUCES_FEATURE,CAMERA_3,long_exposure,This one can take long exposures up to 30 minutes max with bulb mode.,PRESENT_X,CAMERA_3,39~68
46,12,NONE,"['CAMERA_1', 'CAMERA_3']","{'CAMERA_1': ['settings', 'sensor_size'], 'CAMERA_2': [], 'CAMERA_3': ['weight', 'price', 'autofocus_points', 'camera_type', 'long_exposure']}",C_THANK_YOU,CAMERA_3,NONE,thank you all look around,PRESENT_X,CAMERA_3,S_THANK_YOU,CAMERA_3,NONE,thank you very much.,FACE_TO_FACE,NONE,
46,13,NONE,"['CAMERA_1', 'CAMERA_3']","{'CAMERA_1': ['settings', 'sensor_size'], 'CAMERA_2': [], 'CAMERA_3': ['weight', 'price', 'autofocus_points', 'camera_type', 'long_exposure']}",C_LEAVES,DOOR,NONE,,FACE_TO_FACE,NONE,S_RETURNS_TO_COUNTER,SERVICE_COUNTER,NONE,,WAITING,NONE,
47,1,NONE,[],"{'CAMERA_1': [], 'CAMERA_2': [], 'CAMERA_3': []}",C_ENTERS,DOOR,NONE,,WAITING,NONE,S_NONE,SERVICE_COUNTER,NONE,,WAITING,NONE,
47,2,NONE,[],"{'CAMERA_1': [], 'CAMERA_2': [], 'CAMERA_3': []}",C_WALKS_TO_CAMERA,CAMERA_3,NONE,,WAITING,NONE,S_GREETS,CAMERA_3,NONE,can I help you?,FACE_TO_FACE,NONE,
47,3,CAMERA_1,['CAMERA_1'],"{'CAMERA_1': [], 'CAMERA_2': [], 'CAMERA_3': []}",C_LOOKING_FOR_A_CAMERA,CAMERA_3,NONE,excuse me I'm looking for a professional camera,FACE_TO_FACE,NONE,S_INTRODUCES_CAMERA,CAMERA_1,,Let me show you this. Here we have the Sony PowerShot ELPH DMC-ZS3.,PRESENT_X,CAMERA_1,39~66
47,4,CAMERA_1,['CAMERA_1'],"{'CAMERA_1': ['long_exposure'], 'CAMERA_2': [], 'CAMERA_3': []}",C_QUESTION_ABOUT_FEATURE,CAMERA_1,long_exposure,and what about the exposure,PRESENT_X,CAMERA_1,S_ANSWERS_QUESTION_ABOUT_FEATURE,CAMERA_1,long_exposure,This one can take long exposures up to up to 15 seconds with Long Shutter Mode.,PRESENT_X,CAMERA_1,39~78
47,5,CAMERA_2,"['CAMERA_1', 'CAMERA_2']","{'CAMERA_1': ['long_exposure'], 'CAMERA_2': [], 'CAMERA_3': []}",C_ANYTHING_ELSE_AVAILABLE,CAMERA_1,NONE,okay do you have any other cameras I might be interested,PRESENT_X,CAMERA_1,S_INTRODUCES_CAMERA,CAMERA_2,,Let me show you this. Here we have the Fujifilm Lumix ILC Camera.,PRESENT_X,CAMERA_2,39~64
47,6,CAMERA_2,"['CAMERA_1', 'CAMERA_2']","{'CAMERA_1': ['long_exposure'], 'CAMERA_2': ['autofocus_points'], 'CAMERA_3': []}",C_QUESTION_ABOUT_FEATURE,CAMERA_2,autofocus_points,I was trying to find out the auto focus points,PRESENT_X,CAMERA_2,S_NOT_SURE,CAMERA_2,,I'm not really sure about that.,PRESENT_X,CAMERA_2,
47,7,CAMERA_2,"['CAMERA_1', 'CAMERA_2']","{'CAMERA_1': ['long_exposure'], 'CAMERA_2': ['autofocus_points', 'optical_zoom'], 'CAMERA_3': []}",C_QUESTION_ABOUT_FEATURE,CAMERA_2,optical_zoom,good that's a good effect okay how about the optical zooms,PRESENT_X,CAMERA_2,S_ANSWERS_QUESTION_ABOUT_FEATURE,CAMERA_2,optical_zoom,This one has 21x optical zoom.,PRESENT_X,CAMERA_2,13~29
47,8,CAMERA_2,"['CAMERA_1', 'CAMERA_2']","{'CAMERA_1': ['long_exposure'], 'CAMERA_2': ['autofocus_points', 'optical_zoom', 'sensor_size'], 'CAMERA_3': []}",C_SILENT_OR_BACKCHANNEL,CAMERA_2,NONE,IC,PRESENT_X,CAMERA_2,S_INTRODUCES_FEATURE,CAMERA_2,sensor_size,This one has a 1/2.33 inch sensor.,PRESENT_X,CAMERA_2,15~33
47,9,CAMERA_3,"['CAMERA_1', 'CAMERA_2', 'CAMERA_3']","{'CAMERA_1': ['long_exposure'], 'CAMERA_2': ['autofocus_points', 'optical_zoom', 'sensor_size'], 'CAMERA_3': []}",C_ANYTHING_ELSE_AVAILABLE,CAMERA_2,NONE,Do you have other cameras that I could afford,PRESENT_X,CAMERA_2,S_INTRODUCES_CAMERA,CAMERA_3,,Let me show you this. Here we have the Fujifilm PowerShot ELPH S2800.,PRESENT_X,CAMERA_3,39~68
47,10,CAMERA_3,"['CAMERA_1', 'CAMERA_2', 'CAMERA_3']","{'CAMERA_1': ['long_exposure'], 'CAMERA_2': ['autofocus_points', 'optical_zoom', 'sensor_size'], 'CAMERA_3': ['long_exposure']}",C_QUESTION_ABOUT_FEATURE,CAMERA_3,long_exposure,is this long exposure,PRESENT_X,CAMERA_3,S_ANSWERS_QUESTION_ABOUT_FEATURE,CAMERA_3,long_exposure,This one can take long exposures up to 30 minutes max with bulb mode.,PRESENT_X,CAMERA_3,39~68
47,11,,"['CAMERA_1', 'CAMERA_2', 'CAMERA_3']","{'CAMERA_1': ['long_exposure'], 'CAMERA_2': ['autofocus_points', 'optical_zoom', 'sensor_size'], 'CAMERA_3': ['long_exposure']}",C_ANYTHING_ELSE_AVAILABLE,CAMERA_3,NONE,So this is the only model you have in your shop,PRESENT_X,CAMERA_3,S_THATS_ALL_WE_HAVE_AVAILABLE,CAMERA_3,,That's all we have available at the moment.,PRESENT_X,CAMERA_3,
47,12,NONE,"['CAMERA_1', 'CAMERA_2', 'CAMERA_3']","{'CAMERA_1': ['long_exposure'], 'CAMERA_2': ['autofocus_points', 'optical_zoom', 'sensor_size'], 'CAMERA_3': ['long_exposure']}",C_THANK_YOU,CAMERA_3,NONE,thanks for your help anytime,PRESENT_X,CAMERA_3,S_THANK_YOU,CAMERA_3,NONE,thank you very much.,FACE_TO_FACE,NONE,
47,13,NONE,"['CAMERA_1', 'CAMERA_2', 'CAMERA_3']","{'CAMERA_1': ['long_exposure'], 'CAMERA_2': ['autofocus_points', 'optical_zoom', 'sensor_size'], 'CAMERA_3': ['long_exposure']}",C_LEAVES,DOOR,NONE,,FACE_TO_FACE,NONE,S_RETURNS_TO_COUNTER,SERVICE_COUNTER,NONE,,WAITING,NONE,
48,1,NONE,[],"{'CAMERA_1': [], 'CAMERA_2': [], 'CAMERA_3': []}",C_ENTERS,DOOR,NONE,,WAITING,NONE,S_NONE,SERVICE_COUNTER,NONE,,WAITING,NONE,
48,2,NONE,[],"{'CAMERA_1': [], 'CAMERA_2': [], 'CAMERA_3': []}",C_GREETS,MIDDLE,NONE,excuse me how does this canon and how much does how much does this canon cost,WAITING,NONE,S_GREETS,MIDDLE,NONE,can I help you?,FACE_TO_FACE,NONE,
48,3,CAMERA_1,['CAMERA_1'],"{'CAMERA_1': [], 'CAMERA_2': [], 'CAMERA_3': []}",C_LOOKING_FOR_A_CAMERA,MIDDLE,NONE,I want to look at the new cameras that you have,FACE_TO_FACE,NONE,S_INTRODUCES_CAMERA,CAMERA_1,,Let me show you this. Here we have the Sony PowerShot ELPH DMC-ZS3.,PRESENT_X,CAMERA_1,39~66
48,4,CAMERA_1,['CAMERA_1'],"{'CAMERA_1': ['weight'], 'CAMERA_2': [], 'CAMERA_3': []}",C_SILENT_OR_BACKCHANNEL,CAMERA_1,NONE,IC,PRESENT_X,CAMERA_1,S_INTRODUCES_FEATURE,CAMERA_1,weight,This one weighs 800 grams.,PRESENT_X,CAMERA_1,16~25
48,5,CAMERA_1,['CAMERA_1'],"{'CAMERA_1': ['weight', 'optical_zoom'], 'CAMERA_2': [], 'CAMERA_3': []}",C_QUESTION_ABOUT_FEATURE,CAMERA_1,optical_zoom,the optical zoom on this camera what is it,PRESENT_X,CAMERA_1,S_ANSWERS_QUESTION_ABOUT_FEATURE,CAMERA_1,optical_zoom,This one has 21x optical zoom.,PRESENT_X,CAMERA_1,13~29
48,6,CAMERA_1,['CAMERA_1'],"{'CAMERA_1': ['weight', 'optical_zoom', 'long_exposure'], 'CAMERA_2': [], 'CAMERA_3': []}",C_SILENT_OR_BACKCHANNEL,CAMERA_1,NONE,wow,PRESENT_X,CAMERA_1,S_INTRODUCES_FEATURE,CAMERA_1,long_exposure,This one can take long exposures up to up to 15 seconds with Long Shutter Mode.,PRESENT_X,CAMERA_1,39~78
48,7,CAMERA_1,['CAMERA_1'],"{'CAMERA_1': ['weight', 'optical_zoom', 'long_exposure', 'sensor_size'], 'CAMERA_2': [], 'CAMERA_3': []}",C_QUESTION_ABOUT_FEATURE,CAMERA_1,sensor_size,oh I see and what about this sensor site,PRESENT_X,CAMERA_1,S_ANSWERS_QUESTION_ABOUT_FEATURE,CAMERA_1,sensor_size,This one has a 1/2.3 inch CMOS sensor.,PRESENT_X,CAMERA_1,15~37
48,8,CAMERA_1,['CAMERA_1'],"{'CAMERA_1': ['weight', 'optical_zoom', 'long_exposure', 'sensor_size', 'autofocus_points'], 'CAMERA_2': [], 'CAMERA_3': []}",C_QUESTION_ABOUT_FEATURE,CAMERA_1,autofocus_points,okay the auto focus points on this how many does it have,PRESENT_X,CAMERA_1,S_ANSWERS_QUESTION_ABOUT_FEATURE,CAMERA_1,autofocus_points,This one has 135 autofocus points.,PRESENT_X,CAMERA_1,13~33
48,9,CAMERA_1,['CAMERA_1'],"{'CAMERA_1': ['weight', 'optical_zoom', 'long_exposure', 'sensor_size', 'autofocus_points', 'resolution'], 'CAMERA_2': [], 'CAMERA_3': []}",C_QUESTION_ABOUT_FEATURE,CAMERA_1,resolution,you know all the mega pixels in the resume sounds pretty good to me I'm looking for something and lights as well so I think I'll go for the second one,PRESENT_X,CAMERA_1,S_ANSWERS_QUESTION_ABOUT_FEATURE,CAMERA_1,resolution,This one has 17.8 megapixels resolution.,PRESENT_X,CAMERA_1,13~28
48,10,CAMERA_1,['CAMERA_1'],"{'CAMERA_1': ['weight', 'optical_zoom', 'long_exposure', 'sensor_size', 'autofocus_points', 'resolution', 'settings'], 'CAMERA_2': [], 'CAMERA_3': []}",C_SILENT_OR_BACKCHANNEL,CAMERA_1,NONE,oh that's great,PRESENT_X,CAMERA_1,S_INTRODUCES_FEATURE,CAMERA_1,settings,This one has limited manual settings.,PRESENT_X,CAMERA_1,13~36
48,11,CAMERA_1,['CAMERA_1'],"{'CAMERA_1': ['weight', 'optical_zoom', 'long_exposure', 'sensor_size', 'autofocus_points', 'resolution', 'settings', 'price'], 'CAMERA_2': [], 'CAMERA_3': []}",C_QUESTION_ABOUT_FEATURE,CAMERA_1,price,ok cool prices,PRESENT_X,CAMERA_1,S_ANSWERS_QUESTION_ABOUT_FEATURE,CAMERA_1,price,This one costs $450.,PRESENT_X,CAMERA_1,15~19
48,12,CAMERA_1,['CAMERA_1'],"{'CAMERA_1': ['weight', 'optical_zoom', 'long_exposure', 'sensor_size', 'autofocus_points', 'resolution', 'settings', 'price', 'ISO'], 'CAMERA_2': [], 'CAMERA_3': []}",C_QUESTION_ABOUT_FEATURE,CAMERA_1,ISO,yeah what's ISO,PRESENT_X,CAMERA_1,S_ANSWERS_QUESTION_ABOUT_FEATURE,CAMERA_1,ISO,This one has up to 51200 ISO.,PRESENT_X,CAMERA_1,13~28
48,13,CAMERA_1,['CAMERA_1'],"{'CAMERA_1': ['weight', 'optical_zoom', 'long_exposure', 'sensor_size', 'autofocus_points', 'resolution', 'settings', 'price', 'ISO', 'color'], 'CAMERA_2': [], 'CAMERA_3': []}",C_SILENT_OR_BACKCHANNEL,CAMERA_1,NONE,sounds good,PRESENT_X,CAMERA_1,S_INTRODUCES_FEATURE,CAMERA_1,color,This one comes in blue or black.,PRESENT_X,CAMERA_1,18~31
48,14,NONE,['CAMERA_1'],"{'CAMERA_1': ['weight', 'optical_zoom', 'long_exposure', 'sensor_size', 'autofocus_points', 'resolution', 'settings', 'price', 'ISO', 'color'], 'CAMERA_2': [], 'CAMERA_3': []}",C_THANK_YOU,CAMERA_1,NONE,thank you very much hun I see you then tomorrow,PRESENT_X,CAMERA_1,S_THANK_YOU,CAMERA_1,NONE,thank you very much.,FACE_TO_FACE,NONE,
48,15,NONE,['CAMERA_1'],"{'CAMERA_1': ['weight', 'optical_zoom', 'long_exposure', 'sensor_size', 'autofocus_points', 'resolution', 'settings', 'price', 'ISO', 'color'], 'CAMERA_2': [], 'CAMERA_3': []}",C_LEAVES,DOOR,NONE,,FACE_TO_FACE,NONE,S_RETURNS_TO_COUNTER,SERVICE_COUNTER,NONE,,WAITING,NONE,
49,1,NONE,[],"{'CAMERA_1': [], 'CAMERA_2': [], 'CAMERA_3': []}",C_ENTERS,DOOR,NONE,,WAITING,NONE,S_NONE,SERVICE_COUNTER,NONE,,WAITING,NONE,
49,2,NONE,[],"{'CAMERA_1': [], 'CAMERA_2': [], 'CAMERA_3': []}",C_GREETS,MIDDLE,NONE,excuse me,WAITING,NONE,S_GREETS,MIDDLE,NONE,can I help you?,FACE_TO_FACE,NONE,
49,3,CAMERA_3,['CAMERA_3'],"{'CAMERA_1': [], 'CAMERA_2': [], 'CAMERA_3': []}",C_LOOKING_FOR_A_CAMERA,MIDDLE,NONE,I'm looking for a camera with very specific pictures,FACE_TO_FACE,NONE,S_INTRODUCES_CAMERA,CAMERA_3,,Let me show you this. Here we have the Fujifilm PowerShot ELPH S2800.,PRESENT_X,CAMERA_3,39~68
49,4,CAMERA_3,['CAMERA_3'],"{'CAMERA_1': [], 'CAMERA_2': [], 'CAMERA_3': ['ISO']}",C_QUESTION_ABOUT_FEATURE,CAMERA_3,ISO,that's cool and what about the iso setting,PRESENT_X,CAMERA_3,S_ANSWERS_QUESTION_ABOUT_FEATURE,CAMERA_3,ISO,This one has up to 3200 ISO with little noise.,PRESENT_X,CAMERA_3,13~45
49,5,CAMERA_2,"['CAMERA_3', 'CAMERA_2']","{'CAMERA_1': [], 'CAMERA_2': [], 'CAMERA_3': ['ISO']}",C_ANYTHING_ELSE_AVAILABLE,CAMERA_3,NONE,Do you have any other cameras under $300,PRESENT_X,CAMERA_3,S_INTRODUCES_CAMERA,CAMERA_2,,Let me show you this. Here we have the Fujifilm Lumix ILC Camera.,PRESENT_X,CAMERA_2,39~64
49,6,CAMERA_2,"['CAMERA_3', 'CAMERA_2']","{'CAMERA_1': [], 'CAMERA_2': ['preset_modes'], 'CAMERA_3': ['ISO']}",C_QUESTION_ABOUT_FEATURE,CAMERA_2,preset_modes,does he have any menu settings at all,PRESENT_X,CAMERA_2,S_NOT_SURE,CAMERA_2,,I'm not really sure about that.,PRESENT_X,CAMERA_2,
49,7,CAMERA_2,"['CAMERA_3', 'CAMERA_2']","{'CAMERA_1': [], 'CAMERA_2': ['preset_modes', 'effects'], 'CAMERA_3': ['ISO']}",C_QUESTION_ABOUT_FEATURE,CAMERA_2,effects,what is about the artistic effect mode,PRESENT_X,CAMERA_2,S_ANSWERS_QUESTION_ABOUT_FEATURE,CAMERA_2,effects,"This one has 24 artistic effect modes (retro, lighter or darker skin tones, sepia, etc.).",PRESENT_X,CAMERA_2,13~88
49,8,CAMERA_2,"['CAMERA_3', 'CAMERA_2']","{'CAMERA_1': [], 'CAMERA_2': ['preset_modes', 'effects', 'resolution'], 'CAMERA_3': ['ISO']}",C_QUESTION_ABOUT_FEATURE,CAMERA_2,resolution,how many megapixels is this camera information of the resolution,PRESENT_X,CAMERA_2,S_ANSWERS_QUESTION_ABOUT_FEATURE,CAMERA_2,resolution,This one has 23.8 megapixels resolution.,PRESENT_X,CAMERA_2,13~28
49,9,CAMERA_2,"['CAMERA_3', 'CAMERA_2']","{'CAMERA_1': [], 'CAMERA_2': ['preset_modes', 'effects', 'resolution', 'autofocus_points'], 'CAMERA_3': ['ISO']}",C_QUESTION_ABOUT_FEATURE,CAMERA_2,autofocus_points,I see and what about the out of focus points,PRESENT_X,CAMERA_2,S_NOT_SURE,CAMERA_2,,I'm not really sure about that.,PRESENT_X,CAMERA_2,
49,10,CAMERA_2,"['CAMERA_3', 'CAMERA_2']","{'CAMERA_1': [], 'CAMERA_2': ['preset_modes', 'effects', 'resolution', 'autofocus_points', 'long_exposure'], 'CAMERA_3': ['ISO']}",C_SILENT_OR_BACKCHANNEL,CAMERA_2,NONE,IC,PRESENT_X,CAMERA_2,S_INTRODUCES_FEATURE,CAMERA_2,long_exposure,This one can take long exposures up to 60 minutes max with bulb mode.,PRESENT_X,CAMERA_2,39~68
49,11,NONE,"['CAMERA_3', 'CAMERA_2']","{'CAMERA_1': [], 'CAMERA_2': ['preset_modes', 'effects', 'resolution', 'autofocus_points', 'long_exposure'], 'CAMERA_3': ['ISO']}",C_THANK_YOU,CAMERA_2,NONE,perfect thank you very much for your time,PRESENT_X,CAMERA_2,S_THANK_YOU,CAMERA_2,NONE,thank you very much.,FACE_TO_FACE,NONE,
49,12,NONE,"['CAMERA_3', 'CAMERA_2']","{'CAMERA_1': [], 'CAMERA_2': ['preset_modes', 'effects', 'resolution', 'autofocus_points', 'long_exposure'], 'CAMERA_3': ['ISO']}",C_LEAVES,DOOR,NONE,,FACE_TO_FACE,NONE,S_RETURNS_TO_COUNTER,SERVICE_COUNTER,NONE,,WAITING,NONE,
50,1,NONE,[],"{'CAMERA_1': [], 'CAMERA_2': [], 'CAMERA_3': []}",C_ENTERS,DOOR,NONE,,WAITING,NONE,S_NONE,SERVICE_COUNTER,NONE,,WAITING,NONE,
50,2,NONE,[],"{'CAMERA_1': [], 'CAMERA_2': [], 'CAMERA_3': []}",C_WALKS_TO_CAMERA,CAMERA_3,NONE,,WAITING,NONE,S_GREETS,CAMERA_3,NONE,can I help you?,FACE_TO_FACE,NONE,
50,3,CAMERA_3,['CAMERA_3'],"{'CAMERA_1': [], 'CAMERA_2': [], 'CAMERA_3': []}",C_LOOKING_FOR_A_CAMERA,CAMERA_3,NONE,I'm looking to buy a new camera,FACE_TO_FACE,NONE,S_INTRODUCES_CAMERA,CAMERA_3,,Let me show you this. Here we have the Fujifilm PowerShot ELPH S2800.,PRESENT_X,CAMERA_3,39~68
50,4,CAMERA_3,['CAMERA_3'],"{'CAMERA_1': [], 'CAMERA_2': [], 'CAMERA_3': ['long_exposure']}",C_SILENT_OR_BACKCHANNEL,CAMERA_3,NONE,okay good,PRESENT_X,CAMERA_3,S_INTRODUCES_FEATURE,CAMERA_3,long_exposure,This one can take long exposures up to 30 minutes max with bulb mode.,PRESENT_X,CAMERA_3,39~68
50,5,NONE,['CAMERA_3'],"{'CAMERA_1': [], 'CAMERA_2': [], 'CAMERA_3': ['long_exposure']}",C_THANK_YOU,CAMERA_3,NONE,okay sounds good thank you very much,PRESENT_X,CAMERA_3,S_THANK_YOU,CAMERA_3,NONE,thank you very much.,FACE_TO_FACE,NONE,
50,6,NONE,['CAMERA_3'],"{'CAMERA_1': [], 'CAMERA_2': [], 'CAMERA_3': ['long_exposure']}",C_LEAVES,DOOR,NONE,,FACE_TO_FACE,NONE,S_RETURNS_TO_COUNTER,SERVICE_COUNTER,NONE,,WAITING,NONE,
51,1,NONE,[],"{'CAMERA_1': [], 'CAMERA_2': [], 'CAMERA_3': []}",C_ENTERS,DOOR,NONE,,WAITING,NONE,S_NONE,SERVICE_COUNTER,NONE,,WAITING,NONE,
51,2,NONE,[],"{'CAMERA_1': [], 'CAMERA_2': [], 'CAMERA_3': []}",C_GREETS,MIDDLE,NONE,excuse me,WAITING,NONE,S_GREETS,MIDDLE,NONE,can I help you?,FACE_TO_FACE,NONE,
51,3,CAMERA_1,['CAMERA_1'],"{'CAMERA_1': [], 'CAMERA_2': [], 'CAMERA_3': []}",C_LOOKING_FOR_A_CAMERA,MIDDLE,NONE,hydro afternoon I'm looking to buy a camera I just said I'm not really familiar with,FACE_TO_FACE,NONE,S_INTRODUCES_CAMERA,CAMERA_1,,Let me show you this. Here we have the Sony PowerShot ELPH DMC-ZS3.,PRESENT_X,CAMERA_1,39~66
51,4,CAMERA_1,['CAMERA_1'],"{'CAMERA_1': ['price'], 'CAMERA_2': [], 'CAMERA_3': []}",C_QUESTION_ABOUT_FEATURE,CAMERA_1,price,I see on can you please tell me about the out of focus points,PRESENT_X,CAMERA_1,S_ANSWERS_QUESTION_ABOUT_FEATURE,CAMERA_1,price,This one costs $450.,PRESENT_X,CAMERA_1,15~19
51,5,CAMERA_3,"['CAMERA_1', 'CAMERA_3']","{'CAMERA_1': ['price'], 'CAMERA_2': [], 'CAMERA_3': []}",C_ANYTHING_ELSE_AVAILABLE,CAMERA_1,NONE,maybe did you have a another camera you recommend,PRESENT_X,CAMERA_1,S_INTRODUCES_CAMERA,CAMERA_3,,Let me show you this. Here we have the Fujifilm PowerShot ELPH S2800.,PRESENT_X,CAMERA_3,39~68
51,6,CAMERA_3,"['CAMERA_1', 'CAMERA_3']","{'CAMERA_1': ['price'], 'CAMERA_2': [], 'CAMERA_3': ['camera_type']}",C_QUESTION_ABOUT_FEATURE,CAMERA_3,camera_type,what kind of camera is this,PRESENT_X,CAMERA_3,S_ANSWERS_QUESTION_ABOUT_FEATURE,CAMERA_3,camera_type,This is a point and shoot camera.,PRESENT_X,CAMERA_3,10~25
51,7,CAMERA_3,"['CAMERA_1', 'CAMERA_3']","{'CAMERA_1': ['price'], 'CAMERA_2': [], 'CAMERA_3': ['camera_type', 'color']}",C_QUESTION_ABOUT_FEATURE,CAMERA_3,color,oh I see in a different color is awful,PRESENT_X,CAMERA_3,S_ANSWERS_QUESTION_ABOUT_FEATURE,CAMERA_3,color,"This one comes in purple, white, silver, blue, red, or pink.",PRESENT_X,CAMERA_3,18~59
51,8,CAMERA_3,"['CAMERA_1', 'CAMERA_3']","{'CAMERA_1': ['price'], 'CAMERA_2': [], 'CAMERA_3': ['camera_type', 'color', 'preset_modes']}",C_QUESTION_ABOUT_FEATURE,CAMERA_3,preset_modes,do they have pet mode,PRESENT_X,CAMERA_3,S_ANSWERS_QUESTION_ABOUT_FEATURE,CAMERA_3,preset_modes,This one has various preset modes.,PRESENT_X,CAMERA_3,13~33
51,9,NONE,"['CAMERA_1', 'CAMERA_3']","{'CAMERA_1': ['price'], 'CAMERA_2': [], 'CAMERA_3': ['camera_type', 'color', 'preset_modes']}",C_THANK_YOU,CAMERA_3,NONE,okay thank you thank you very much,PRESENT_X,CAMERA_3,S_THANK_YOU,CAMERA_3,NONE,thank you very much.,FACE_TO_FACE,NONE,
51,10,NONE,"['CAMERA_1', 'CAMERA_3']","{'CAMERA_1': ['price'], 'CAMERA_2': [], 'CAMERA_3': ['camera_type', 'color', 'preset_modes']}",C_LEAVES,DOOR,NONE,,FACE_TO_FACE,NONE,S_RETURNS_TO_COUNTER,SERVICE_COUNTER,NONE,,WAITING,NONE,
52,1,NONE,[],"{'CAMERA_1': [], 'CAMERA_2': [], 'CAMERA_3': []}",C_ENTERS,DOOR,NONE,,WAITING,NONE,S_NONE,SERVICE_COUNTER,NONE,,WAITING,NONE,
52,2,NONE,[],"{'CAMERA_1': [], 'CAMERA_2': [], 'CAMERA_3': []}",C_WALKS_TO_CAMERA,CAMERA_3,NONE,,WAITING,NONE,S_NONE,SERVICE_COUNTER,NONE,,WAITING,NONE,
52,3,CAMERA_3,['CAMERA_3'],"{'CAMERA_1': [], 'CAMERA_2': [], 'CAMERA_3': ['resolution']}",C_QUESTION_ABOUT_FEATURE,CAMERA_3,resolution,what is the resolution,WAITING,NONE,S_ANSWERS_QUESTION_ABOUT_FEATURE,CAMERA_3,resolution,This one has 23.2 megapixels resolution.,PRESENT_X,CAMERA_3,13~28
52,4,CAMERA_3,['CAMERA_3'],"{'CAMERA_1': [], 'CAMERA_2': [], 'CAMERA_3': ['resolution', 'price']}",C_SILENT_OR_BACKCHANNEL,CAMERA_3,NONE,oh yeah I thought the flight,PRESENT_X,CAMERA_3,S_INTRODUCES_FEATURE,CAMERA_3,price,This one costs $518.,PRESENT_X,CAMERA_3,15~19
52,5,CAMERA_3,['CAMERA_3'],"{'CAMERA_1': [], 'CAMERA_2': [], 'CAMERA_3': ['resolution', 'price', 'effects']}",C_SILENT_OR_BACKCHANNEL,CAMERA_3,NONE,ok,PRESENT_X,CAMERA_3,S_INTRODUCES_FEATURE,CAMERA_3,effects,"This one has 21 photo effects (small face, retro, big eyes, etc.).",PRESENT_X,CAMERA_3,13~65
52,6,NONE,['CAMERA_3'],"{'CAMERA_1': [], 'CAMERA_2': [], 'CAMERA_3': ['resolution', 'price', 'effects']}",C_THANK_YOU,CAMERA_3,NONE,I see thanks so much for your help,PRESENT_X,CAMERA_3,S_THANK_YOU,CAMERA_3,NONE,thank you very much.,FACE_TO_FACE,NONE,
52,7,NONE,['CAMERA_3'],"{'CAMERA_1': [], 'CAMERA_2': [], 'CAMERA_3': ['resolution', 'price', 'effects']}",C_LEAVES,DOOR,NONE,,FACE_TO_FACE,NONE,S_RETURNS_TO_COUNTER,SERVICE_COUNTER,NONE,,WAITING,NONE,
53,1,NONE,[],"{'CAMERA_1': [], 'CAMERA_2': [], 'CAMERA_3': []}",C_ENTERS,DOOR,NONE,,WAITING,NONE,S_NONE,SERVICE_COUNTER,NONE,,WAITING,NONE,
53,2,NONE,[],"{'CAMERA_1': [], 'CAMERA_2': [], 'CAMERA_3': []}",C_GREETS,MIDDLE,NONE,excuse me is this ok if I pick this camera up ,WAITING,NONE,S_GREETS,MIDDLE,NONE,can I help you?,FACE_TO_FACE,NONE,
53,3,CAMERA_1,['CAMERA_1'],"{'CAMERA_1': [], 'CAMERA_2': [], 'CAMERA_3': []}",C_LOOKING_FOR_A_CAMERA,MIDDLE,NONE,well I am looking for a camera but I'm not sure what to buy,FACE_TO_FACE,NONE,S_INTRODUCES_CAMERA,CAMERA_1,,Let me show you this. Here we have the Sony PowerShot ELPH DMC-ZS3.,PRESENT_X,CAMERA_1,39~66
53,4,CAMERA_1,['CAMERA_1'],"{'CAMERA_1': ['resolution'], 'CAMERA_2': [], 'CAMERA_3': []}",C_QUESTION_ABOUT_FEATURE,CAMERA_1,resolution,um how about the megapixels for the camera,PRESENT_X,CAMERA_1,S_ANSWERS_QUESTION_ABOUT_FEATURE,CAMERA_1,resolution,This one has 17.8 megapixels resolution.,PRESENT_X,CAMERA_1,13~28
53,5,CAMERA_1,['CAMERA_1'],"{'CAMERA_1': ['resolution', 'ISO'], 'CAMERA_2': [], 'CAMERA_3': []}",C_QUESTION_ABOUT_FEATURE,CAMERA_1,ISO,what about the iso what is ISO anything,PRESENT_X,CAMERA_1,S_ANSWERS_QUESTION_ABOUT_FEATURE,CAMERA_1,ISO,This one has up to 51200 ISO.,PRESENT_X,CAMERA_1,13~28
53,6,CAMERA_1,['CAMERA_1'],"{'CAMERA_1': ['resolution', 'ISO', 'camera_type'], 'CAMERA_2': [], 'CAMERA_3': []}",C_QUESTION_ABOUT_FEATURE,CAMERA_1,camera_type,is this a point and shoot camera,PRESENT_X,CAMERA_1,S_ANSWERS_QUESTION_ABOUT_FEATURE,CAMERA_1,camera_type,This is a DSLR camera.,PRESENT_X,CAMERA_1,10~14
53,7,NONE,['CAMERA_1'],"{'CAMERA_1': ['resolution', 'ISO', 'camera_type'], 'CAMERA_2': [], 'CAMERA_3': []}",C_THANK_YOU,CAMERA_1,NONE,thank you for your help and have a great day,PRESENT_X,CAMERA_1,S_THANK_YOU,CAMERA_1,NONE,thank you very much.,FACE_TO_FACE,NONE,
53,8,NONE,['CAMERA_1'],"{'CAMERA_1': ['resolution', 'ISO', 'camera_type'], 'CAMERA_2': [], 'CAMERA_3': []}",C_LEAVES,DOOR,NONE,,FACE_TO_FACE,NONE,S_RETURNS_TO_COUNTER,SERVICE_COUNTER,NONE,,WAITING,NONE,
54,1,NONE,[],"{'CAMERA_1': [], 'CAMERA_2': [], 'CAMERA_3': []}",C_ENTERS,DOOR,NONE,,WAITING,NONE,S_NONE,SERVICE_COUNTER,NONE,,WAITING,NONE,
54,2,NONE,[],"{'CAMERA_1': [], 'CAMERA_2': [], 'CAMERA_3': []}",C_WALKS_TO_CAMERA,CAMERA_3,NONE,,WAITING,NONE,S_GREETS,CAMERA_3,NONE,can I help you?,FACE_TO_FACE,NONE,
54,3,CAMERA_2,['CAMERA_2'],"{'CAMERA_1': [], 'CAMERA_2': [], 'CAMERA_3': []}",C_LOOKING_FOR_A_CAMERA,CAMERA_3,NONE,afternoon I'm looking for a new camera is it to use stylus and affordable,FACE_TO_FACE,NONE,S_INTRODUCES_CAMERA,CAMERA_2,,Let me show you this. Here we have the Fujifilm Lumix ILC Camera.,PRESENT_X,CAMERA_2,39~64
54,4,CAMERA_2,['CAMERA_2'],"{'CAMERA_1': [], 'CAMERA_2': ['settings'], 'CAMERA_3': []}",C_SILENT_OR_BACKCHANNEL,CAMERA_2,NONE,okay I see,PRESENT_X,CAMERA_2,S_INTRODUCES_FEATURE,CAMERA_2,settings,"This one has manual control and various automatic settings (video modeburst shooting, etc.).",PRESENT_X,CAMERA_2,13~91
54,5,CAMERA_2,['CAMERA_2'],"{'CAMERA_1': [], 'CAMERA_2': ['settings', 'sensor_size'], 'CAMERA_3': []}",C_QUESTION_ABOUT_FEATURE,CAMERA_2,sensor_size,what about it census ice,PRESENT_X,CAMERA_2,S_ANSWERS_QUESTION_ABOUT_FEATURE,CAMERA_2,sensor_size,This one has a 1/2.33 inch sensor.,PRESENT_X,CAMERA_2,15~33
54,6,CAMERA_2,['CAMERA_2'],"{'CAMERA_1': [], 'CAMERA_2': ['settings', 'sensor_size', 'color'], 'CAMERA_3': []}",C_SILENT_OR_BACKCHANNEL,CAMERA_2,NONE,okay okay,PRESENT_X,CAMERA_2,S_INTRODUCES_FEATURE,CAMERA_2,color,This one comes in white or pink.,PRESENT_X,CAMERA_2,18~31
54,7,NONE,['CAMERA_2'],"{'CAMERA_1': [], 'CAMERA_2': ['settings', 'sensor_size', 'color'], 'CAMERA_3': []}",C_THANK_YOU,CAMERA_2,NONE,that sounds good okay thank you,PRESENT_X,CAMERA_2,S_THANK_YOU,CAMERA_2,NONE,thank you very much.,FACE_TO_FACE,NONE,
54,8,NONE,['CAMERA_2'],"{'CAMERA_1': [], 'CAMERA_2': ['settings', 'sensor_size', 'color'], 'CAMERA_3': []}",C_LEAVES,DOOR,NONE,,FACE_TO_FACE,NONE,S_RETURNS_TO_COUNTER,SERVICE_COUNTER,NONE,,WAITING,NONE,
55,1,NONE,[],"{'CAMERA_1': [], 'CAMERA_2': [], 'CAMERA_3': []}",C_ENTERS,DOOR,NONE,,WAITING,NONE,S_NONE,SERVICE_COUNTER,NONE,,WAITING,NONE,
55,2,NONE,[],"{'CAMERA_1': [], 'CAMERA_2': [], 'CAMERA_3': []}",C_WALKS_TO_CAMERA,CAMERA_2,NONE,,WAITING,NONE,S_GREETS,CAMERA_2,NONE,can I help you?,FACE_TO_FACE,NONE,
55,3,CAMERA_3,['CAMERA_3'],"{'CAMERA_1': [], 'CAMERA_2': [], 'CAMERA_3': []}",C_LOOKING_FOR_A_CAMERA,CAMERA_2,NONE,excuse me I'm looking for a professional camera,FACE_TO_FACE,NONE,S_INTRODUCES_CAMERA,CAMERA_3,,Let me show you this. Here we have the Fujifilm PowerShot ELPH S2800.,PRESENT_X,CAMERA_3,39~68
55,4,CAMERA_3,['CAMERA_3'],"{'CAMERA_1': [], 'CAMERA_2': [], 'CAMERA_3': ['price']}",C_QUESTION_ABOUT_FEATURE,CAMERA_3,price,how much is this,PRESENT_X,CAMERA_3,S_ANSWERS_QUESTION_ABOUT_FEATURE,CAMERA_3,price,This one costs $518.,PRESENT_X,CAMERA_3,15~19
55,5,CAMERA_3,['CAMERA_3'],"{'CAMERA_1': [], 'CAMERA_2': [], 'CAMERA_3': ['price', 'resolution']}",C_SILENT_OR_BACKCHANNEL,CAMERA_3,NONE,oh wow this is very nice okay I like this one,PRESENT_X,CAMERA_3,S_INTRODUCES_FEATURE,CAMERA_3,resolution,This one has 23.2 megapixels resolution.,PRESENT_X,CAMERA_3,13~28
55,6,CAMERA_3,['CAMERA_3'],"{'CAMERA_1': [], 'CAMERA_2': [], 'CAMERA_3': ['price', 'resolution', 'settings']}",C_SILENT_OR_BACKCHANNEL,CAMERA_3,NONE,okay that sounds good,PRESENT_X,CAMERA_3,S_INTRODUCES_FEATURE,CAMERA_3,settings,"This one has manual control and various automatic settings (video modeburst shooting, etc.).",PRESENT_X,CAMERA_3,13~91
55,7,CAMERA_1,"['CAMERA_3', 'CAMERA_1']","{'CAMERA_1': [], 'CAMERA_2': [], 'CAMERA_3': ['price', 'resolution', 'settings']}",C_ANYTHING_ELSE_AVAILABLE,CAMERA_3,NONE,maybe did you have a another camera you recommend,PRESENT_X,CAMERA_3,S_INTRODUCES_CAMERA,CAMERA_1,,Let me show you this. Here we have the Sony PowerShot ELPH DMC-ZS3.,PRESENT_X,CAMERA_1,39~66
55,8,CAMERA_1,"['CAMERA_3', 'CAMERA_1']","{'CAMERA_1': ['optical_zoom'], 'CAMERA_2': [], 'CAMERA_3': ['price', 'resolution', 'settings']}",C_SILENT_OR_BACKCHANNEL,CAMERA_1,NONE,IC,PRESENT_X,CAMERA_1,S_INTRODUCES_FEATURE,CAMERA_1,optical_zoom,This one has 21x optical zoom.,PRESENT_X,CAMERA_1,13~29
55,9,CAMERA_2,"['CAMERA_3', 'CAMERA_1', 'CAMERA_2']","{'CAMERA_1': ['optical_zoom'], 'CAMERA_2': [], 'CAMERA_3': ['price', 'resolution', 'settings']}",C_ANYTHING_ELSE_AVAILABLE,CAMERA_1,NONE,So this is the only model you have in your shop,PRESENT_X,CAMERA_1,S_INTRODUCES_CAMERA,CAMERA_2,,Let me show you this. Here we have the Fujifilm Lumix ILC Camera.,PRESENT_X,CAMERA_2,39~64
55,10,CAMERA_2,"['CAMERA_3', 'CAMERA_1', 'CAMERA_2']","{'CAMERA_1': ['optical_zoom'], 'CAMERA_2': ['settings'], 'CAMERA_3': ['price', 'resolution', 'settings']}",C_SILENT_OR_BACKCHANNEL,CAMERA_2,NONE,this camera sounds pretty good,PRESENT_X,CAMERA_2,S_INTRODUCES_FEATURE,CAMERA_2,settings,"This one has manual control and various automatic settings (video modeburst shooting, etc.).",PRESENT_X,CAMERA_2,13~91
55,11,NONE,"['CAMERA_3', 'CAMERA_1', 'CAMERA_2']","{'CAMERA_1': ['optical_zoom'], 'CAMERA_2': ['settings'], 'CAMERA_3': ['price', 'resolution', 'settings']}",C_THANK_YOU,CAMERA_2,NONE,thanks,PRESENT_X,CAMERA_2,S_THANK_YOU,CAMERA_2,NONE,thank you very much.,FACE_TO_FACE,NONE,
55,12,NONE,"['CAMERA_3', 'CAMERA_1', 'CAMERA_2']","{'CAMERA_1': ['optical_zoom'], 'CAMERA_2': ['settings'], 'CAMERA_3': ['price', 'resolution', 'settings']}",C_LEAVES,DOOR,NONE,,FACE_TO_FACE,NONE,S_RETURNS_TO_COUNTER,SERVICE_COUNTER,NONE,,WAITING,NONE,
56,1,NONE,[],"{'CAMERA_1': [], 'CAMERA_2': [], 'CAMERA_3': []}",C_ENTERS,DOOR,NONE,,WAITING,NONE,S_NONE,SERVICE_COUNTER,NONE,,WAITING,NONE,
56,2,NONE,[],"{'CAMERA_1': [], 'CAMERA_2': [], 'CAMERA_3': []}",C_WALKS_TO_CAMERA,CAMERA_1,NONE,,WAITING,NONE,S_GREETS,CAMERA_1,NONE,can I help you?,FACE_TO_FACE,NONE,
56,3,CAMERA_2,['CAMERA_2'],"{'CAMERA_1': [], 'CAMERA_2': [], 'CAMERA_3': []}",C_LOOKING_FOR_A_CAMERA,CAMERA_1,NONE,hydro afternoon I'm looking to buy a camera I just said I'm not really familiar with,FACE_TO_FACE,NONE,S_INTRODUCES_CAMERA,CAMERA_2,,Let me show you this. Here we have the Fujifilm Lumix ILC Camera.,PRESENT_X,CAMERA_2,39~64
56,4,CAMERA_2,['CAMERA_2'],"{'CAMERA_1': [], 'CAMERA_2': ['resolution'], 'CAMERA_3': []}",C_SILENT_OR_BACKCHANNEL,CAMERA_2,NONE,okay,PRESENT_X,CAMERA_2,S_INTRODUCES_FEATURE,CAMERA_2,resolution,This one has 23.8 megapixels resolution.,PRESENT_X,CAMERA_2,13~28
56,5,CAMERA_2,['CAMERA_2'],"{'CAMERA_1': [], 'CAMERA_2': ['resolution', 'color'], 'CAMERA_3': []}",C_SILENT_OR_BACKCHANNEL,CAMERA_2,NONE,IC,PRESENT_X,CAMERA_2,S_INTRODUCES_FEATURE,CAMERA_2,color,This one comes in white or pink.,PRESENT_X,CAMERA_2,18~31
56,6,CAMERA_2,['CAMERA_2'],"{'CAMERA_1': [], 'CAMERA_2': ['resolution', 'color', 'long_exposure'], 'CAMERA_3': []}",C_SILENT_OR_BACKCHANNEL,CAMERA_2,NONE,it seems like a pretty good camera,PRESENT_X,CAMERA_2,S_INTRODUCES_FEATURE,CAMERA_2,long_exposure,This one can take long exposures up to 60 minutes max with bulb mode.,PRESENT_X,CAMERA_2,39~68
56,7,CAMERA_2,['CAMERA_2'],"{'CAMERA_1': [], 'CAMERA_2': ['resolution', 'color', 'long_exposure', 'effects'], 'CAMERA_3': []}",C_SILENT_OR_BACKCHANNEL,CAMERA_2,NONE,how it looks really good,PRESENT_X,CAMERA_2,S_INTRODUCES_FEATURE,CAMERA_2,effects,"This one has 24 artistic effect modes (retro, lighter or darker skin tones, sepia, etc.).",PRESENT_X,CAMERA_2,13~88
56,8,CAMERA_2,['CAMERA_2'],"{'CAMERA_1': [], 'CAMERA_2': ['resolution', 'color', 'long_exposure', 'effects', 'weight'], 'CAMERA_3': []}",C_QUESTION_ABOUT_FEATURE,CAMERA_2,weight,girls pretty hard pretty big how much does it weigh,PRESENT_X,CAMERA_2,S_ANSWERS_QUESTION_ABOUT_FEATURE,CAMERA_2,weight,This one weighs 820 grams.,PRESENT_X,CAMERA_2,16~25
56,9,CAMERA_2,['CAMERA_2'],"{'CAMERA_1': [], 'CAMERA_2': ['resolution', 'color', 'long_exposure', 'effects', 'weight', 'camera_type'], 'CAMERA_3': []}",C_QUESTION_ABOUT_FEATURE,CAMERA_2,camera_type,Is this a mirrorless camera?,PRESENT_X,CAMERA_2,S_ANSWERS_QUESTION_ABOUT_FEATURE,CAMERA_2,camera_type,This is a digital single lens mirrorless camera.,PRESENT_X,CAMERA_2,10~40
56,10,CAMERA_2,['CAMERA_2'],"{'CAMERA_1': [], 'CAMERA_2': ['resolution', 'color', 'long_exposure', 'effects', 'weight', 'camera_type', 'preset_modes'], 'CAMERA_3': []}",C_QUESTION_ABOUT_FEATURE,CAMERA_2,preset_modes,does it have preset modes,PRESENT_X,CAMERA_2,S_NOT_SURE,CAMERA_2,,I'm not really sure about that.,PRESENT_X,CAMERA_2,
56,11,CAMERA_2,['CAMERA_2'],"{'CAMERA_1': [], 'CAMERA_2': ['resolution', 'color', 'long_exposure', 'effects', 'weight', 'camera_type', 'preset_modes', 'optical_zoom'], 'CAMERA_3': []}",C_SILENT_OR_BACKCHANNEL,CAMERA_2,NONE,oh I see,PRESENT_X,CAMERA_2,S_INTRODUCES_FEATURE,CAMERA_2,optical_zoom,This one has 21x optical zoom.,PRESENT_X,CAMERA_2,13~29
56,12,CAMERA_2,['CAMERA_2'],"{'CAMERA_1': [], 'CAMERA_2': ['resolution', 'color', 'long_exposure', 'effects', 'weight', 'camera_type', 'preset_modes', 'optical_zoom', 'autofocus_points'], 'CAMERA_3': []}",C_QUESTION_ABOUT_FEATURE,CAMERA_2,autofocus_points,and the autofocus points,PRESENT_X,CAMERA_2,S_NOT_SURE,CAMERA_2,,I'm not really sure about that.,PRESENT_X,CAMERA_2,
56,13,CAMERA_2,['CAMERA_2'],"{'CAMERA_1': [], 'CAMERA_2': ['resolution', 'color', 'long_exposure', 'effects', 'weight', 'camera_type', 'preset_modes', 'optical_zoom', 'autofocus_points', 'ISO'], 'CAMERA_3': []}",C_QUESTION_ABOUT_FEATURE,CAMERA_2,ISO,is this able to shoot high iso,PRESENT_X,CAMERA_2,S_NOT_SURE,CAMERA_2,,I'm not really sure about that.,PRESENT_X,CAMERA_2,
56,14,CAMERA_2,['CAMERA_2'],"{'CAMERA_1': [], 'CAMERA_2': ['resolution', 'color', 'long_exposure', 'effects', 'weight', 'camera_type', 'preset_modes', 'optical_zoom', 'autofocus_points', 'ISO', 'price'], 'CAMERA_3': []}",C_QUESTION_ABOUT_FEATURE,CAMERA_2,price,What about the price,PRESENT_X,CAMERA_2,S_ANSWERS_QUESTION_ABOUT_FEATURE,CAMERA_2,price,This one costs $768.,PRESENT_X,CAMERA_2,15~19
56,15,CAMERA_2,['CAMERA_2'],"{'CAMERA_1': [], 'CAMERA_2': ['resolution', 'color', 'long_exposure', 'effects', 'weight', 'camera_type', 'preset_modes', 'optical_zoom', 'autofocus_points', 'ISO', 'price', 'settings'], 'CAMERA_3': []}",C_QUESTION_ABOUT_FEATURE,CAMERA_2,settings,Does this camera have preset modes?,PRESENT_X,CAMERA_2,S_ANSWERS_QUESTION_ABOUT_FEATURE,CAMERA_2,settings,"This one has manual control and various automatic settings (video modeburst shooting, etc.).",PRESENT_X,CAMERA_2,13~91
56,16,CAMERA_1,"['CAMERA_2', 'CAMERA_1']","{'CAMERA_1': [], 'CAMERA_2': ['resolution', 'color', 'long_exposure', 'effects', 'weight', 'camera_type', 'preset_modes', 'optical_zoom', 'autofocus_points', 'ISO', 'price', 'settings'], 'CAMERA_3': []}",C_ANYTHING_ELSE_AVAILABLE,CAMERA_2,NONE,So this is the only model you have in your shop,PRESENT_X,CAMERA_2,S_INTRODUCES_CAMERA,CAMERA_1,,Let me show you this. Here we have the Sony PowerShot ELPH DMC-ZS3.,PRESENT_X,CAMERA_1,39~66
56,17,CAMERA_1,"['CAMERA_2', 'CAMERA_1']","{'CAMERA_1': ['camera_type'], 'CAMERA_2': ['resolution', 'color', 'long_exposure', 'effects', 'weight', 'camera_type', 'preset_modes', 'optical_zoom', 'autofocus_points', 'ISO', 'price', 'settings'], 'CAMERA_3': []}",C_SILENT_OR_BACKCHANNEL,CAMERA_1,NONE,sounds good,PRESENT_X,CAMERA_1,S_INTRODUCES_FEATURE,CAMERA_1,camera_type,This is a DSLR camera.,PRESENT_X,CAMERA_1,10~14
56,18,CAMERA_1,"['CAMERA_2', 'CAMERA_1']","{'CAMERA_1': ['camera_type', 'long_exposure'], 'CAMERA_2': ['resolution', 'color', 'long_exposure', 'effects', 'weight', 'camera_type', 'preset_modes', 'optical_zoom', 'autofocus_points', 'ISO', 'price', 'settings'], 'CAMERA_3': []}",C_SILENT_OR_BACKCHANNEL,CAMERA_1,NONE,IC,PRESENT_X,CAMERA_1,S_INTRODUCES_FEATURE,CAMERA_1,long_exposure,This one can take long exposures up to up to 15 seconds with Long Shutter Mode.,PRESENT_X,CAMERA_1,39~78
56,19,CAMERA_1,"['CAMERA_2', 'CAMERA_1']","{'CAMERA_1': ['camera_type', 'long_exposure', 'autofocus_points'], 'CAMERA_2': ['resolution', 'color', 'long_exposure', 'effects', 'weight', 'camera_type', 'preset_modes', 'optical_zoom', 'autofocus_points', 'ISO', 'price', 'settings'], 'CAMERA_3': []}",C_SILENT_OR_BACKCHANNEL,CAMERA_1,NONE,that sounds good,PRESENT_X,CAMERA_1,S_INTRODUCES_FEATURE,CAMERA_1,autofocus_points,This one has 135 autofocus points.,PRESENT_X,CAMERA_1,13~33
56,20,CAMERA_3,"['CAMERA_2', 'CAMERA_1', 'CAMERA_3']","{'CAMERA_1': ['camera_type', 'long_exposure', 'autofocus_points'], 'CAMERA_2': ['resolution', 'color', 'long_exposure', 'effects', 'weight', 'camera_type', 'preset_modes', 'optical_zoom', 'autofocus_points', 'ISO', 'price', 'settings'], 'CAMERA_3': []}",C_ANYTHING_ELSE_AVAILABLE,CAMERA_1,NONE,do you have any other cameras that are in this kind,PRESENT_X,CAMERA_1,S_INTRODUCES_CAMERA,CAMERA_3,,Let me show you this. Here we have the Fujifilm PowerShot ELPH S2800.,PRESENT_X,CAMERA_3,39~68
56,21,CAMERA_3,"['CAMERA_2', 'CAMERA_1', 'CAMERA_3']","{'CAMERA_1': ['camera_type', 'long_exposure', 'autofocus_points'], 'CAMERA_2': ['resolution', 'color', 'long_exposure', 'effects', 'weight', 'camera_type', 'preset_modes', 'optical_zoom', 'autofocus_points', 'ISO', 'price', 'settings'], 'CAMERA_3': ['optical_zoom']}",C_QUESTION_ABOUT_FEATURE,CAMERA_3,optical_zoom,ok perfect for my budget okay do you know the optical zoom range,PRESENT_X,CAMERA_3,S_NOT_SURE,CAMERA_3,,I'm not really sure about that.,PRESENT_X,CAMERA_3,
56,22,CAMERA_3,"['CAMERA_2', 'CAMERA_1', 'CAMERA_3']","{'CAMERA_1': ['camera_type', 'long_exposure', 'autofocus_points'], 'CAMERA_2': ['resolution', 'color', 'long_exposure', 'effects', 'weight', 'camera_type', 'preset_modes', 'optical_zoom', 'autofocus_points', 'ISO', 'price', 'settings'], 'CAMERA_3': ['optical_zoom', 'color']}",C_QUESTION_ABOUT_FEATURE,CAMERA_3,color,is this camera good for taking or how many colors do you have in this camera,PRESENT_X,CAMERA_3,S_ANSWERS_QUESTION_ABOUT_FEATURE,CAMERA_3,color,"This one comes in purple, white, silver, blue, red, or pink.",PRESENT_X,CAMERA_3,18~59
56,23,CAMERA_3,"['CAMERA_2', 'CAMERA_1', 'CAMERA_3']","{'CAMERA_1': ['camera_type', 'long_exposure', 'autofocus_points'], 'CAMERA_2': ['resolution', 'color', 'long_exposure', 'effects', 'weight', 'camera_type', 'preset_modes', 'optical_zoom', 'autofocus_points', 'ISO', 'price', 'settings'], 'CAMERA_3': ['optical_zoom', 'color', 'price']}",C_SILENT_OR_BACKCHANNEL,CAMERA_3,NONE,I'm interested in this cannon he looks pretty good,PRESENT_X,CAMERA_3,S_INTRODUCES_FEATURE,CAMERA_3,price,This one costs $518.,PRESENT_X,CAMERA_3,15~19
56,24,CAMERA_3,"['CAMERA_2', 'CAMERA_1', 'CAMERA_3']","{'CAMERA_1': ['camera_type', 'long_exposure', 'autofocus_points'], 'CAMERA_2': ['resolution', 'color', 'long_exposure', 'effects', 'weight', 'camera_type', 'preset_modes', 'optical_zoom', 'autofocus_points', 'ISO', 'price', 'settings'], 'CAMERA_3': ['optical_zoom', 'color', 'price', 'weight']}",C_QUESTION_ABOUT_FEATURE,CAMERA_3,weight,Cameron looks quite heavy how much does it weigh,PRESENT_X,CAMERA_3,S_ANSWERS_QUESTION_ABOUT_FEATURE,CAMERA_3,weight,This one weighs 820 grams.,PRESENT_X,CAMERA_3,16~25
56,25,CAMERA_3,"['CAMERA_2', 'CAMERA_1', 'CAMERA_3']","{'CAMERA_1': ['camera_type', 'long_exposure', 'autofocus_points'], 'CAMERA_2': ['resolution', 'color', 'long_exposure', 'effects', 'weight', 'camera_type', 'preset_modes', 'optical_zoom', 'autofocus_points', 'ISO', 'price', 'settings'], 'CAMERA_3': ['optical_zoom', 'color', 'price', 'weight', 'long_exposure']}",C_SILENT_OR_BACKCHANNEL,CAMERA_3,NONE,wow that's pretty expensive is there a payment plan,PRESENT_X,CAMERA_3,S_INTRODUCES_FEATURE,CAMERA_3,long_exposure,This one can take long exposures up to 30 minutes max with bulb mode.,PRESENT_X,CAMERA_3,39~68
56,26,CAMERA_3,"['CAMERA_2', 'CAMERA_1', 'CAMERA_3']","{'CAMERA_1': ['camera_type', 'long_exposure', 'autofocus_points'], 'CAMERA_2': ['resolution', 'color', 'long_exposure', 'effects', 'weight', 'camera_type', 'preset_modes', 'optical_zoom', 'autofocus_points', 'ISO', 'price', 'settings'], 'CAMERA_3': ['optical_zoom', 'color', 'price', 'weight', 'long_exposure', 'settings']}",C_QUESTION_ABOUT_FEATURE,CAMERA_3,settings,what about the manual testing supposed to feel flexibility,PRESENT_X,CAMERA_3,S_ANSWERS_QUESTION_ABOUT_FEATURE,CAMERA_3,settings,"This one has manual control and various automatic settings (video modeburst shooting, etc.).",PRESENT_X,CAMERA_3,13~91
56,27,CAMERA_3,"['CAMERA_2', 'CAMERA_1', 'CAMERA_3']","{'CAMERA_1': ['camera_type', 'long_exposure', 'autofocus_points'], 'CAMERA_2': ['resolution', 'color', 'long_exposure', 'effects', 'weight', 'camera_type', 'preset_modes', 'optical_zoom', 'autofocus_points', 'ISO', 'price', 'settings'], 'CAMERA_3': ['optical_zoom', 'color', 'price', 'weight', 'long_exposure', 'settings', 'resolution']}",C_QUESTION_ABOUT_FEATURE,CAMERA_3,resolution,how many megapixels does this got,PRESENT_X,CAMERA_3,S_ANSWERS_QUESTION_ABOUT_FEATURE,CAMERA_3,resolution,This one has 23.2 megapixels resolution.,PRESENT_X,CAMERA_3,13~28
56,28,CAMERA_3,"['CAMERA_2', 'CAMERA_1', 'CAMERA_3']","{'CAMERA_1': ['camera_type', 'long_exposure', 'autofocus_points'], 'CAMERA_2': ['resolution', 'color', 'long_exposure', 'effects', 'weight', 'camera_type', 'preset_modes', 'optical_zoom', 'autofocus_points', 'ISO', 'price', 'settings'], 'CAMERA_3': ['optical_zoom', 'color', 'price', 'weight', 'long_exposure', 'settings', 'resolution', 'autofocus_points']}",C_QUESTION_ABOUT_FEATURE,CAMERA_3,autofocus_points,how many autofocus points does it have ,PRESENT_X,CAMERA_3,S_ANSWERS_QUESTION_ABOUT_FEATURE,CAMERA_3,autofocus_points,This one has 214 autofocus points.,PRESENT_X,CAMERA_3,13~33
56,29,NONE,"['CAMERA_2', 'CAMERA_1', 'CAMERA_3']","{'CAMERA_1': ['camera_type', 'long_exposure', 'autofocus_points'], 'CAMERA_2': ['resolution', 'color', 'long_exposure', 'effects', 'weight', 'camera_type', 'preset_modes', 'optical_zoom', 'autofocus_points', 'ISO', 'price', 'settings'], 'CAMERA_3': ['optical_zoom', 'color', 'price', 'weight', 'long_exposure', 'settings', 'resolution', 'autofocus_points']}",C_THANK_YOU,CAMERA_3,NONE,ok thank you very much you've been very helpful,PRESENT_X,CAMERA_3,S_THANK_YOU,CAMERA_3,NONE,thank you very much.,FACE_TO_FACE,NONE,
56,30,NONE,"['CAMERA_2', 'CAMERA_1', 'CAMERA_3']","{'CAMERA_1': ['camera_type', 'long_exposure', 'autofocus_points'], 'CAMERA_2': ['resolution', 'color', 'long_exposure', 'effects', 'weight', 'camera_type', 'preset_modes', 'optical_zoom', 'autofocus_points', 'ISO', 'price', 'settings'], 'CAMERA_3': ['optical_zoom', 'color', 'price', 'weight', 'long_exposure', 'settings', 'resolution', 'autofocus_points']}",C_LEAVES,DOOR,NONE,,FACE_TO_FACE,NONE,S_RETURNS_TO_COUNTER,SERVICE_COUNTER,NONE,,WAITING,NONE,
57,1,NONE,[],"{'CAMERA_1': [], 'CAMERA_2': [], 'CAMERA_3': []}",C_ENTERS,DOOR,NONE,,WAITING,NONE,S_NONE,SERVICE_COUNTER,NONE,,WAITING,NONE,
57,2,NONE,[],"{'CAMERA_1': [], 'CAMERA_2': [], 'CAMERA_3': []}",C_GREETS,MIDDLE,NONE,use me,WAITING,NONE,S_GREETS,MIDDLE,NONE,can I help you?,FACE_TO_FACE,NONE,
57,3,CAMERA_3,['CAMERA_3'],"{'CAMERA_1': [], 'CAMERA_2': [], 'CAMERA_3': []}",C_LOOKING_FOR_A_CAMERA,MIDDLE,NONE,excuse me I'm looking for a professional camera,FACE_TO_FACE,NONE,S_INTRODUCES_CAMERA,CAMERA_3,,Let me show you this. Here we have the Fujifilm PowerShot ELPH S2800.,PRESENT_X,CAMERA_3,39~68
57,4,CAMERA_3,['CAMERA_3'],"{'CAMERA_1': [], 'CAMERA_2': [], 'CAMERA_3': ['ISO']}",C_QUESTION_ABOUT_FEATURE,CAMERA_3,ISO,I see how high can the iso be,PRESENT_X,CAMERA_3,S_ANSWERS_QUESTION_ABOUT_FEATURE,CAMERA_3,ISO,This one has up to 3200 ISO with little noise.,PRESENT_X,CAMERA_3,13~45
57,5,NONE,['CAMERA_3'],"{'CAMERA_1': [], 'CAMERA_2': [], 'CAMERA_3': ['ISO']}",C_THANK_YOU,CAMERA_3,NONE,Okay let me think about it do you have a more is this the most stylish camera,PRESENT_X,CAMERA_3,S_THANK_YOU,CAMERA_3,NONE,thank you very much.,FACE_TO_FACE,NONE,
57,6,NONE,['CAMERA_3'],"{'CAMERA_1': [], 'CAMERA_2': [], 'CAMERA_3': ['ISO']}",C_LEAVES,DOOR,NONE,,FACE_TO_FACE,NONE,S_RETURNS_TO_COUNTER,SERVICE_COUNTER,NONE,,WAITING,NONE,
58,1,NONE,[],"{'CAMERA_1': [], 'CAMERA_2': [], 'CAMERA_3': []}",C_ENTERS,DOOR,NONE,,WAITING,NONE,S_NONE,SERVICE_COUNTER,NONE,,WAITING,NONE,
58,2,NONE,[],"{'CAMERA_1': [], 'CAMERA_2': [], 'CAMERA_3': []}",C_WALKS_TO_CAMERA,CAMERA_1,NONE,,WAITING,NONE,S_NONE,SERVICE_COUNTER,NONE,,WAITING,NONE,
58,3,CAMERA_1,['CAMERA_1'],"{'CAMERA_1': ['ISO'], 'CAMERA_2': [], 'CAMERA_3': []}",C_QUESTION_ABOUT_FEATURE,CAMERA_1,ISO,in the iso what is the ISO on this camera,WAITING,NONE,S_ANSWERS_QUESTION_ABOUT_FEATURE,CAMERA_1,ISO,This one has up to 51200 ISO.,PRESENT_X,CAMERA_1,13~28
58,4,CAMERA_1,['CAMERA_1'],"{'CAMERA_1': ['ISO', 'weight'], 'CAMERA_2': [], 'CAMERA_3': []}",C_QUESTION_ABOUT_FEATURE,CAMERA_1,weight,how much does a swan weigh,PRESENT_X,CAMERA_1,S_ANSWERS_QUESTION_ABOUT_FEATURE,CAMERA_1,weight,This one weighs 800 grams.,PRESENT_X,CAMERA_1,16~25
58,5,CAMERA_1,['CAMERA_1'],"{'CAMERA_1': ['ISO', 'weight', 'camera_type'], 'CAMERA_2': [], 'CAMERA_3': []}",C_QUESTION_ABOUT_FEATURE,CAMERA_1,camera_type,is this a point and shoot camera,PRESENT_X,CAMERA_1,S_ANSWERS_QUESTION_ABOUT_FEATURE,CAMERA_1,camera_type,This is a DSLR camera.,PRESENT_X,CAMERA_1,10~14
58,6,CAMERA_1,['CAMERA_1'],"{'CAMERA_1': ['ISO', 'weight', 'camera_type', 'optical_zoom'], 'CAMERA_2': [], 'CAMERA_3': []}",C_SILENT_OR_BACKCHANNEL,CAMERA_1,NONE,yeah that's right this is very nice,PRESENT_X,CAMERA_1,S_INTRODUCES_FEATURE,CAMERA_1,optical_zoom,This one has 21x optical zoom.,PRESENT_X,CAMERA_1,13~29
58,7,CAMERA_1,['CAMERA_1'],"{'CAMERA_1': ['ISO', 'weight', 'camera_type', 'optical_zoom', 'effects'], 'CAMERA_2': [], 'CAMERA_3': []}",C_SILENT_OR_BACKCHANNEL,CAMERA_1,NONE,IC,PRESENT_X,CAMERA_1,S_INTRODUCES_FEATURE,CAMERA_1,effects,"This one has 24 glamor retouch effects (miniature, retro, toy camera, etc.).",PRESENT_X,CAMERA_1,13~75
58,8,CAMERA_1,['CAMERA_1'],"{'CAMERA_1': ['ISO', 'weight', 'camera_type', 'optical_zoom', 'effects', 'price'], 'CAMERA_2': [], 'CAMERA_3': []}",C_QUESTION_ABOUT_FEATURE,CAMERA_1,price,how much does it cost,PRESENT_X,CAMERA_1,S_ANSWERS_QUESTION_ABOUT_FEATURE,CAMERA_1,price,This one costs $450.,PRESENT_X,CAMERA_1,15~19
58,9,CAMERA_1,['CAMERA_1'],"{'CAMERA_1': ['ISO', 'weight', 'camera_type', 'optical_zoom', 'effects', 'price', 'sensor_size'], 'CAMERA_2': [], 'CAMERA_3': []}",C_QUESTION_ABOUT_FEATURE,CAMERA_1,sensor_size,what is the size of this camera,PRESENT_X,CAMERA_1,S_ANSWERS_QUESTION_ABOUT_FEATURE,CAMERA_1,sensor_size,This one has a 1/2.3 inch CMOS sensor.,PRESENT_X,CAMERA_1,15~37
58,10,CAMERA_1,['CAMERA_1'],"{'CAMERA_1': ['ISO', 'weight', 'camera_type', 'optical_zoom', 'effects', 'price', 'sensor_size', 'autofocus_points'], 'CAMERA_2': [], 'CAMERA_3': []}",C_SILENT_OR_BACKCHANNEL,CAMERA_1,NONE,that's pretty funky,PRESENT_X,CAMERA_1,S_INTRODUCES_FEATURE,CAMERA_1,autofocus_points,This one has 135 autofocus points.,PRESENT_X,CAMERA_1,13~33
58,11,CAMERA_2,"['CAMERA_1', 'CAMERA_2']","{'CAMERA_1': ['ISO', 'weight', 'camera_type', 'optical_zoom', 'effects', 'price', 'sensor_size', 'autofocus_points'], 'CAMERA_2': [], 'CAMERA_3': []}",C_ANYTHING_ELSE_AVAILABLE,CAMERA_1,NONE,can you recommend another camera similar to this,PRESENT_X,CAMERA_1,S_INTRODUCES_CAMERA,CAMERA_2,,Let me show you this. Here we have the Fujifilm Lumix ILC Camera.,PRESENT_X,CAMERA_2,39~64
58,12,CAMERA_2,"['CAMERA_1', 'CAMERA_2']","{'CAMERA_1': ['ISO', 'weight', 'camera_type', 'optical_zoom', 'effects', 'price', 'sensor_size', 'autofocus_points'], 'CAMERA_2': ['ISO'], 'CAMERA_3': []}",C_QUESTION_ABOUT_FEATURE,CAMERA_2,ISO,I see okay and the ISO,PRESENT_X,CAMERA_2,S_NOT_SURE,CAMERA_2,,I'm not really sure about that.,PRESENT_X,CAMERA_2,
58,13,CAMERA_3,"['CAMERA_1', 'CAMERA_2', 'CAMERA_3']","{'CAMERA_1': ['ISO', 'weight', 'camera_type', 'optical_zoom', 'effects', 'price', 'sensor_size', 'autofocus_points'], 'CAMERA_2': ['ISO'], 'CAMERA_3': []}",C_ANYTHING_ELSE_AVAILABLE,CAMERA_2,NONE,do you have any other cameras with preset mode,PRESENT_X,CAMERA_2,S_INTRODUCES_CAMERA,CAMERA_3,,Let me show you this. Here we have the Fujifilm PowerShot ELPH S2800.,PRESENT_X,CAMERA_3,39~68
58,14,CAMERA_3,"['CAMERA_1', 'CAMERA_2', 'CAMERA_3']","{'CAMERA_1': ['ISO', 'weight', 'camera_type', 'optical_zoom', 'effects', 'price', 'sensor_size', 'autofocus_points'], 'CAMERA_2': ['ISO'], 'CAMERA_3': ['long_exposure']}",C_SILENT_OR_BACKCHANNEL,CAMERA_3,NONE,alright,PRESENT_X,CAMERA_3,S_INTRODUCES_FEATURE,CAMERA_3,long_exposure,This one can take long exposures up to 30 minutes max with bulb mode.,PRESENT_X,CAMERA_3,39~68
58,15,CAMERA_3,"['CAMERA_1', 'CAMERA_2', 'CAMERA_3']","{'CAMERA_1': ['ISO', 'weight', 'camera_type', 'optical_zoom', 'effects', 'price', 'sensor_size', 'autofocus_points'], 'CAMERA_2': ['ISO'], 'CAMERA_3': ['long_exposure', 'camera_type']}",C_SILENT_OR_BACKCHANNEL,CAMERA_3,NONE,okay let me see,PRESENT_X,CAMERA_3,S_INTRODUCES_FEATURE,CAMERA_3,camera_type,This is a point and shoot camera.,PRESENT_X,CAMERA_3,10~25
58,16,NONE,"['CAMERA_1', 'CAMERA_2', 'CAMERA_3']","{'CAMERA_1': ['ISO', 'weight', 'camera_type', 'optical_zoom', 'effects', 'price', 'sensor_size', 'autofocus_points'], 'CAMERA_2': ['ISO'], 'CAMERA_3': ['long_exposure', 'camera_type']}",C_THANK_YOU,CAMERA_3,NONE,Thanks,PRESENT_X,CAMERA_3,S_THANK_YOU,CAMERA_3,NONE,thank you very much.,FACE_TO_FACE,NONE,
58,17,NONE,"['CAMERA_1', 'CAMERA_2', 'CAMERA_3']","{'CAMERA_1': ['ISO', 'weight', 'camera_type', 'optical_zoom', 'effects', 'price', 'sensor_size', 'autofocus_points'], 'CAMERA_2': ['ISO'], 'CAMERA_3': ['long_exposure', 'camera_type']}",C_LEAVES,DOOR,NONE,,FACE_TO_FACE,NONE,S_RETURNS_TO_COUNTER,SERVICE_COUNTER,NONE,,WAITING,NONE,
59,1,NONE,[],"{'CAMERA_1': [], 'CAMERA_2': [], 'CAMERA_3': []}",C_ENTERS,DOOR,NONE,,WAITING,NONE,S_NONE,SERVICE_COUNTER,NONE,,WAITING,NONE,
59,2,NONE,[],"{'CAMERA_1': [], 'CAMERA_2': [], 'CAMERA_3': []}",C_WALKS_TO_CAMERA,CAMERA_2,NONE,,WAITING,NONE,S_GREETS,CAMERA_2,NONE,can I help you?,FACE_TO_FACE,NONE,
59,3,CAMERA_2,['CAMERA_2'],"{'CAMERA_1': [], 'CAMERA_2': [], 'CAMERA_3': []}",C_LOOKING_FOR_A_CAMERA,CAMERA_2,NONE,I want to get a new camera,FACE_TO_FACE,NONE,S_INTRODUCES_CAMERA,CAMERA_2,,Let me show you this. Here we have the Fujifilm Lumix ILC Camera.,PRESENT_X,CAMERA_2,39~64
59,4,CAMERA_2,['CAMERA_2'],"{'CAMERA_1': [], 'CAMERA_2': ['weight'], 'CAMERA_3': []}",C_QUESTION_ABOUT_FEATURE,CAMERA_2,weight,and what is the weight of the body of this tomorrow,PRESENT_X,CAMERA_2,S_ANSWERS_QUESTION_ABOUT_FEATURE,CAMERA_2,weight,This one weighs 820 grams.,PRESENT_X,CAMERA_2,16~25
59,5,CAMERA_2,['CAMERA_2'],"{'CAMERA_1': [], 'CAMERA_2': ['weight', 'autofocus_points'], 'CAMERA_3': []}",C_QUESTION_ABOUT_FEATURE,CAMERA_2,autofocus_points,how many auto focus points does this one have,PRESENT_X,CAMERA_2,S_NOT_SURE,CAMERA_2,,I'm not really sure about that.,PRESENT_X,CAMERA_2,
59,6,CAMERA_2,['CAMERA_2'],"{'CAMERA_1': [], 'CAMERA_2': ['weight', 'autofocus_points', 'effects'], 'CAMERA_3': []}",C_QUESTION_ABOUT_FEATURE,CAMERA_2,effects,what's the artistic effect mode,PRESENT_X,CAMERA_2,S_ANSWERS_QUESTION_ABOUT_FEATURE,CAMERA_2,effects,"This one has 24 artistic effect modes (retro, lighter or darker skin tones, sepia, etc.).",PRESENT_X,CAMERA_2,13~88
59,7,CAMERA_2,['CAMERA_2'],"{'CAMERA_1': [], 'CAMERA_2': ['weight', 'autofocus_points', 'effects', 'long_exposure'], 'CAMERA_3': []}",C_QUESTION_ABOUT_FEATURE,CAMERA_2,long_exposure,is this a long exposure,PRESENT_X,CAMERA_2,S_ANSWERS_QUESTION_ABOUT_FEATURE,CAMERA_2,long_exposure,This one can take long exposures up to 60 minutes max with bulb mode.,PRESENT_X,CAMERA_2,39~68
59,8,CAMERA_2,['CAMERA_2'],"{'CAMERA_1': [], 'CAMERA_2': ['weight', 'autofocus_points', 'effects', 'long_exposure', 'settings'], 'CAMERA_3': []}",C_QUESTION_ABOUT_FEATURE,CAMERA_2,settings,so um how about its ability to adjust settings is it manual,PRESENT_X,CAMERA_2,S_ANSWERS_QUESTION_ABOUT_FEATURE,CAMERA_2,settings,"This one has manual control and various automatic settings (video modeburst shooting, etc.).",PRESENT_X,CAMERA_2,13~91
59,9,CAMERA_2,['CAMERA_2'],"{'CAMERA_1': [], 'CAMERA_2': ['weight', 'autofocus_points', 'effects', 'long_exposure', 'settings', 'optical_zoom'], 'CAMERA_3': []}",C_QUESTION_ABOUT_FEATURE,CAMERA_2,optical_zoom,that's so many and what's the optical zoom on this phone,PRESENT_X,CAMERA_2,S_ANSWERS_QUESTION_ABOUT_FEATURE,CAMERA_2,optical_zoom,This one has 21x optical zoom.,PRESENT_X,CAMERA_2,13~29
59,10,CAMERA_2,['CAMERA_2'],"{'CAMERA_1': [], 'CAMERA_2': ['weight', 'autofocus_points', 'effects', 'long_exposure', 'settings', 'optical_zoom', 'sensor_size'], 'CAMERA_3': []}",C_QUESTION_ABOUT_FEATURE,CAMERA_2,sensor_size,what is the size of this camera,PRESENT_X,CAMERA_2,S_ANSWERS_QUESTION_ABOUT_FEATURE,CAMERA_2,sensor_size,This one has a 1/2.33 inch sensor.,PRESENT_X,CAMERA_2,15~33
59,11,CAMERA_2,['CAMERA_2'],"{'CAMERA_1': [], 'CAMERA_2': ['weight', 'autofocus_points', 'effects', 'long_exposure', 'settings', 'optical_zoom', 'sensor_size', 'price'], 'CAMERA_3': []}",C_SILENT_OR_BACKCHANNEL,CAMERA_2,NONE,ok,PRESENT_X,CAMERA_2,S_INTRODUCES_FEATURE,CAMERA_2,price,This one costs $768.,PRESENT_X,CAMERA_2,15~19
59,12,CAMERA_2,['CAMERA_2'],"{'CAMERA_1': [], 'CAMERA_2': ['weight', 'autofocus_points', 'effects', 'long_exposure', 'settings', 'optical_zoom', 'sensor_size', 'price', 'ISO'], 'CAMERA_3': []}",C_QUESTION_ABOUT_FEATURE,CAMERA_2,ISO,okay I see and can you please explain me about the ISO,PRESENT_X,CAMERA_2,S_NOT_SURE,CAMERA_2,,I'm not really sure about that.,PRESENT_X,CAMERA_2,
59,13,CAMERA_2,['CAMERA_2'],"{'CAMERA_1': [], 'CAMERA_2': ['weight', 'autofocus_points', 'effects', 'long_exposure', 'settings', 'optical_zoom', 'sensor_size', 'price', 'ISO', 'resolution'], 'CAMERA_3': []}",C_SILENT_OR_BACKCHANNEL,CAMERA_2,NONE,I got great that's brilliant,PRESENT_X,CAMERA_2,S_INTRODUCES_FEATURE,CAMERA_2,resolution,This one has 23.8 megapixels resolution.,PRESENT_X,CAMERA_2,13~28
59,14,CAMERA_2,['CAMERA_2'],"{'CAMERA_1': [], 'CAMERA_2': ['weight', 'autofocus_points', 'effects', 'long_exposure', 'settings', 'optical_zoom', 'sensor_size', 'price', 'ISO', 'resolution', 'preset_modes'], 'CAMERA_3': []}",C_QUESTION_ABOUT_FEATURE,CAMERA_2,preset_modes,does it have dog mode,PRESENT_X,CAMERA_2,S_NOT_SURE,CAMERA_2,,I'm not really sure about that.,PRESENT_X,CAMERA_2,
59,15,CAMERA_2,['CAMERA_2'],"{'CAMERA_1': [], 'CAMERA_2': ['weight', 'autofocus_points', 'effects', 'long_exposure', 'settings', 'optical_zoom', 'sensor_size', 'price', 'ISO', 'resolution', 'preset_modes', 'color'], 'CAMERA_3': []}",C_QUESTION_ABOUT_FEATURE,CAMERA_2,color,does this thing on camera and they come in silver color,PRESENT_X,CAMERA_2,S_ANSWERS_QUESTION_ABOUT_FEATURE,CAMERA_2,color,This one comes in white or pink.,PRESENT_X,CAMERA_2,18~31
59,16,CAMERA_1,"['CAMERA_2', 'CAMERA_1']","{'CAMERA_1': [], 'CAMERA_2': ['weight', 'autofocus_points', 'effects', 'long_exposure', 'settings', 'optical_zoom', 'sensor_size', 'price', 'ISO', 'resolution', 'preset_modes', 'color'], 'CAMERA_3': []}",C_ANYTHING_ELSE_AVAILABLE,CAMERA_2,NONE,Do you have other cameras that I could afford,PRESENT_X,CAMERA_2,S_INTRODUCES_CAMERA,CAMERA_1,,Let me show you this. Here we have the Sony PowerShot ELPH DMC-ZS3.,PRESENT_X,CAMERA_1,39~66
59,17,CAMERA_1,"['CAMERA_2', 'CAMERA_1']","{'CAMERA_1': ['autofocus_points'], 'CAMERA_2': ['weight', 'autofocus_points', 'effects', 'long_exposure', 'settings', 'optical_zoom', 'sensor_size', 'price', 'ISO', 'resolution', 'preset_modes', 'color'], 'CAMERA_3': []}",C_SILENT_OR_BACKCHANNEL,CAMERA_1,NONE,IC,PRESENT_X,CAMERA_1,S_INTRODUCES_FEATURE,CAMERA_1,autofocus_points,This one has 135 autofocus points.,PRESENT_X,CAMERA_1,13~33
59,18,NONE,"['CAMERA_2', 'CAMERA_1']","{'CAMERA_1': ['autofocus_points'], 'CAMERA_2': ['weight', 'autofocus_points', 'effects', 'long_exposure', 'settings', 'optical_zoom', 'sensor_size', 'price', 'ISO', 'resolution', 'preset_modes', 'color'], 'CAMERA_3': []}",C_THANK_YOU,CAMERA_1,NONE,thank you,PRESENT_X,CAMERA_1,S_THANK_YOU,CAMERA_1,NONE,thank you very much.,FACE_TO_FACE,NONE,
59,19,NONE,"['CAMERA_2', 'CAMERA_1']","{'CAMERA_1': ['autofocus_points'], 'CAMERA_2': ['weight', 'autofocus_points', 'effects', 'long_exposure', 'settings', 'optical_zoom', 'sensor_size', 'price', 'ISO', 'resolution', 'preset_modes', 'color'], 'CAMERA_3': []}",C_LEAVES,DOOR,NONE,,FACE_TO_FACE,NONE,S_RETURNS_TO_COUNTER,SERVICE_COUNTER,NONE,,WAITING,NONE,
60,1,NONE,[],"{'CAMERA_1': [], 'CAMERA_2': [], 'CAMERA_3': []}",C_ENTERS,DOOR,NONE,,WAITING,NONE,S_NONE,SERVICE_COUNTER,NONE,,WAITING,NONE,
60,2,NONE,[],"{'CAMERA_1': [], 'CAMERA_2': [], 'CAMERA_3': []}",C_GREETS,MIDDLE,NONE,hi,WAITING,NONE,S_GREETS,MIDDLE,NONE,can I help you?,FACE_TO_FACE,NONE,
60,3,CAMERA_3,['CAMERA_3'],"{'CAMERA_1': [], 'CAMERA_2': [], 'CAMERA_3': []}",C_LOOKING_FOR_A_CAMERA,MIDDLE,NONE,I am looking to buy a body camera end SLR my gracious break so I was wondering if you had anything like that,FACE_TO_FACE,NONE,S_INTRODUCES_CAMERA,CAMERA_3,,Let me show you this. Here we have the Fujifilm PowerShot ELPH S2800.,PRESENT_X,CAMERA_3,39~68
60,4,CAMERA_3,['CAMERA_3'],"{'CAMERA_1': [], 'CAMERA_2': [], 'CAMERA_3': ['price']}",C_SILENT_OR_BACKCHANNEL,CAMERA_3,NONE,okay I say yeah,PRESENT_X,CAMERA_3,S_INTRODUCES_FEATURE,CAMERA_3,price,This one costs $518.,PRESENT_X,CAMERA_3,15~19
60,5,CAMERA_2,"['CAMERA_3', 'CAMERA_2']","{'CAMERA_1': [], 'CAMERA_2': [], 'CAMERA_3': ['price']}",C_ANYTHING_ELSE_AVAILABLE,CAMERA_3,NONE,do you have any other cameras that are in this kind,PRESENT_X,CAMERA_3,S_INTRODUCES_CAMERA,CAMERA_2,,Let me show you this. Here we have the Fujifilm Lumix ILC Camera.,PRESENT_X,CAMERA_2,39~64
60,6,CAMERA_2,"['CAMERA_3', 'CAMERA_2']","{'CAMERA_1': [], 'CAMERA_2': ['optical_zoom'], 'CAMERA_3': ['price']}",C_SILENT_OR_BACKCHANNEL,CAMERA_2,NONE,wow that's pretty steep,PRESENT_X,CAMERA_2,S_INTRODUCES_FEATURE,CAMERA_2,optical_zoom,This one has 21x optical zoom.,PRESENT_X,CAMERA_2,13~29
60,7,NONE,"['CAMERA_3', 'CAMERA_2']","{'CAMERA_1': [], 'CAMERA_2': ['optical_zoom'], 'CAMERA_3': ['price']}",C_THANK_YOU,CAMERA_2,NONE,that's a lot to think about thank you very much have a good afternoon,PRESENT_X,CAMERA_2,S_THANK_YOU,CAMERA_2,NONE,thank you very much.,FACE_TO_FACE,NONE,
60,8,NONE,"['CAMERA_3', 'CAMERA_2']","{'CAMERA_1': [], 'CAMERA_2': ['optical_zoom'], 'CAMERA_3': ['price']}",C_LEAVES,DOOR,NONE,,FACE_TO_FACE,NONE,S_RETURNS_TO_COUNTER,SERVICE_COUNTER,NONE,,WAITING,NONE,
61,1,NONE,[],"{'CAMERA_1': [], 'CAMERA_2': [], 'CAMERA_3': []}",C_ENTERS,DOOR,NONE,,WAITING,NONE,S_NONE,SERVICE_COUNTER,NONE,,WAITING,NONE,
61,2,NONE,[],"{'CAMERA_1': [], 'CAMERA_2': [], 'CAMERA_3': []}",C_WALKS_TO_CAMERA,CAMERA_1,NONE,,WAITING,NONE,S_GREETS,CAMERA_1,NONE,can I help you?,FACE_TO_FACE,NONE,
61,3,CAMERA_3,['CAMERA_3'],"{'CAMERA_1': [], 'CAMERA_2': [], 'CAMERA_3': []}",C_LOOKING_FOR_A_CAMERA,CAMERA_1,NONE,I'm looking for camera so I can take good shots on when I go travelling I miss you very interested in photography so do you recommend this camera,FACE_TO_FACE,NONE,S_INTRODUCES_CAMERA,CAMERA_3,,Let me show you this. Here we have the Fujifilm PowerShot ELPH S2800.,PRESENT_X,CAMERA_3,39~68
61,4,CAMERA_3,['CAMERA_3'],"{'CAMERA_1': [], 'CAMERA_2': [], 'CAMERA_3': ['preset_modes']}",C_SILENT_OR_BACKCHANNEL,CAMERA_3,NONE,I guess this is pretty advanced,PRESENT_X,CAMERA_3,S_INTRODUCES_FEATURE,CAMERA_3,preset_modes,This one has various preset modes.,PRESENT_X,CAMERA_3,13~33
61,5,CAMERA_3,['CAMERA_3'],"{'CAMERA_1': [], 'CAMERA_2': [], 'CAMERA_3': ['preset_modes', 'autofocus_points']}",C_SILENT_OR_BACKCHANNEL,CAMERA_3,NONE,okay great can I use the thirty-second look into booster at ISO 3200,PRESENT_X,CAMERA_3,S_INTRODUCES_FEATURE,CAMERA_3,autofocus_points,This one has 214 autofocus points.,PRESENT_X,CAMERA_3,13~33
61,6,CAMERA_3,['CAMERA_3'],"{'CAMERA_1': [], 'CAMERA_2': [], 'CAMERA_3': ['preset_modes', 'autofocus_points', 'settings']}",C_SILENT_OR_BACKCHANNEL,CAMERA_3,NONE,IC,PRESENT_X,CAMERA_3,S_INTRODUCES_FEATURE,CAMERA_3,settings,"This one has manual control and various automatic settings (video modeburst shooting, etc.).",PRESENT_X,CAMERA_3,13~91
61,7,NONE,['CAMERA_3'],"{'CAMERA_1': [], 'CAMERA_2': [], 'CAMERA_3': ['preset_modes', 'autofocus_points', 'settings']}",C_THANK_YOU,CAMERA_3,NONE,thank you for your support,PRESENT_X,CAMERA_3,S_THANK_YOU,CAMERA_3,NONE,thank you very much.,FACE_TO_FACE,NONE,
61,8,NONE,['CAMERA_3'],"{'CAMERA_1': [], 'CAMERA_2': [], 'CAMERA_3': ['preset_modes', 'autofocus_points', 'settings']}",C_LEAVES,DOOR,NONE,,FACE_TO_FACE,NONE,S_RETURNS_TO_COUNTER,SERVICE_COUNTER,NONE,,WAITING,NONE,
62,1,NONE,[],"{'CAMERA_1': [], 'CAMERA_2': [], 'CAMERA_3': []}",C_ENTERS,DOOR,NONE,,WAITING,NONE,S_NONE,SERVICE_COUNTER,NONE,,WAITING,NONE,
62,2,NONE,[],"{'CAMERA_1': [], 'CAMERA_2': [], 'CAMERA_3': []}",C_WALKS_TO_CAMERA,CAMERA_1,NONE,,WAITING,NONE,S_NONE,SERVICE_COUNTER,NONE,,WAITING,NONE,
62,3,NONE,[],"{'CAMERA_1': [], 'CAMERA_2': [], 'CAMERA_3': []}",C_EXAMINES_CAMERA,CAMERA_1,NONE,,WAITING,NONE,S_NONE,SERVICE_COUNTER,NONE,,WAITING,NONE,
62,4,NONE,[],"{'CAMERA_1': [], 'CAMERA_2': [], 'CAMERA_3': []}",C_WALKS_TO_CAMERA,CAMERA_2,NONE,,WAITING,NONE,S_GREETS,CAMERA_2,NONE,can I help you?,FACE_TO_FACE,NONE,
62,5,CAMERA_3,['CAMERA_3'],"{'CAMERA_1': [], 'CAMERA_2': [], 'CAMERA_3': []}",C_LOOKING_FOR_A_CAMERA,CAMERA_2,NONE,anyone would do I'm just trying to get a camera real fast,FACE_TO_FACE,NONE,S_INTRODUCES_CAMERA,CAMERA_3,,Let me show you this. Here we have the Fujifilm PowerShot ELPH S2800.,PRESENT_X,CAMERA_3,39~68
62,6,CAMERA_3,['CAMERA_3'],"{'CAMERA_1': [], 'CAMERA_2': [], 'CAMERA_3': ['preset_modes']}",C_QUESTION_ABOUT_FEATURE,CAMERA_3,preset_modes,is the other one with menu settings is that lighter or heavier than its camera,PRESENT_X,CAMERA_3,S_ANSWERS_QUESTION_ABOUT_FEATURE,CAMERA_3,preset_modes,This one has various preset modes.,PRESENT_X,CAMERA_3,13~33
62,7,CAMERA_3,['CAMERA_3'],"{'CAMERA_1': [], 'CAMERA_2': [], 'CAMERA_3': ['preset_modes', 'resolution']}",C_SILENT_OR_BACKCHANNEL,CAMERA_3,NONE,good,PRESENT_X,CAMERA_3,S_INTRODUCES_FEATURE,CAMERA_3,resolution,This one has 23.2 megapixels resolution.,PRESENT_X,CAMERA_3,13~28
62,8,CAMERA_3,['CAMERA_3'],"{'CAMERA_1': [], 'CAMERA_2': [], 'CAMERA_3': ['preset_modes', 'resolution', 'sensor_size']}",C_QUESTION_ABOUT_FEATURE,CAMERA_3,sensor_size,what is this camera sensor size,PRESENT_X,CAMERA_3,S_ANSWERS_QUESTION_ABOUT_FEATURE,CAMERA_3,sensor_size,This one has a full frame.,PRESENT_X,CAMERA_3,15~25
62,9,CAMERA_3,['CAMERA_3'],"{'CAMERA_1': [], 'CAMERA_2': [], 'CAMERA_3': ['preset_modes', 'resolution', 'sensor_size', 'settings']}",C_QUESTION_ABOUT_FEATURE,CAMERA_3,settings,what would I use the manual settings for,PRESENT_X,CAMERA_3,S_ANSWERS_QUESTION_ABOUT_FEATURE,CAMERA_3,settings,"This one has manual control and various automatic settings (video modeburst shooting, etc.).",PRESENT_X,CAMERA_3,13~91
62,10,NONE,['CAMERA_3'],"{'CAMERA_1': [], 'CAMERA_2': [], 'CAMERA_3': ['preset_modes', 'resolution', 'sensor_size', 'settings']}",C_THANK_YOU,CAMERA_3,NONE,ok thank you very much you've been very helpful,PRESENT_X,CAMERA_3,S_THANK_YOU,CAMERA_3,NONE,thank you very much.,FACE_TO_FACE,NONE,
62,11,NONE,['CAMERA_3'],"{'CAMERA_1': [], 'CAMERA_2': [], 'CAMERA_3': ['preset_modes', 'resolution', 'sensor_size', 'settings']}",C_LEAVES,DOOR,NONE,,FACE_TO_FACE,NONE,S_RETURNS_TO_COUNTER,SERVICE_COUNTER,NONE,,WAITING,NONE,
63,1,NONE,[],"{'CAMERA_1': [], 'CAMERA_2': [], 'CAMERA_3': []}",C_ENTERS,DOOR,NONE,,WAITING,NONE,S_NONE,SERVICE_COUNTER,NONE,,WAITING,NONE,
63,2,NONE,[],"{'CAMERA_1': [], 'CAMERA_2': [], 'CAMERA_3': []}",C_GREETS,MIDDLE,NONE,excuse me,WAITING,NONE,S_GREETS,MIDDLE,NONE,can I help you?,FACE_TO_FACE,NONE,
63,3,CAMERA_2,['CAMERA_2'],"{'CAMERA_1': [], 'CAMERA_2': [], 'CAMERA_3': []}",C_LOOKING_FOR_A_CAMERA,MIDDLE,NONE,I'm just browsing around just searching for a camera,FACE_TO_FACE,NONE,S_INTRODUCES_CAMERA,CAMERA_2,,Let me show you this. Here we have the Fujifilm Lumix ILC Camera.,PRESENT_X,CAMERA_2,39~64
63,4,CAMERA_2,['CAMERA_2'],"{'CAMERA_1': [], 'CAMERA_2': ['effects'], 'CAMERA_3': []}",C_QUESTION_ABOUT_FEATURE,CAMERA_2,effects,Anakin explain this artistic effect my place,PRESENT_X,CAMERA_2,S_ANSWERS_QUESTION_ABOUT_FEATURE,CAMERA_2,effects,"This one has 24 artistic effect modes (retro, lighter or darker skin tones, sepia, etc.).",PRESENT_X,CAMERA_2,13~88
63,5,CAMERA_2,['CAMERA_2'],"{'CAMERA_1': [], 'CAMERA_2': ['effects', 'optical_zoom'], 'CAMERA_3': []}",C_QUESTION_ABOUT_FEATURE,CAMERA_2,optical_zoom,does it have optical zoom,PRESENT_X,CAMERA_2,S_ANSWERS_QUESTION_ABOUT_FEATURE,CAMERA_2,optical_zoom,This one has 21x optical zoom.,PRESENT_X,CAMERA_2,13~29
63,6,CAMERA_2,['CAMERA_2'],"{'CAMERA_1': [], 'CAMERA_2': ['effects', 'optical_zoom', 'camera_type'], 'CAMERA_3': []}",C_SILENT_OR_BACKCHANNEL,CAMERA_2,NONE,I see,PRESENT_X,CAMERA_2,S_INTRODUCES_FEATURE,CAMERA_2,camera_type,This is a digital single lens mirrorless camera.,PRESENT_X,CAMERA_2,10~40
63,7,CAMERA_2,['CAMERA_2'],"{'CAMERA_1': [], 'CAMERA_2': ['effects', 'optical_zoom', 'camera_type', 'settings'], 'CAMERA_3': []}",C_SILENT_OR_BACKCHANNEL,CAMERA_2,NONE,I see,PRESENT_X,CAMERA_2,S_INTRODUCES_FEATURE,CAMERA_2,settings,"This one has manual control and various automatic settings (video modeburst shooting, etc.).",PRESENT_X,CAMERA_2,13~91
63,8,CAMERA_2,['CAMERA_2'],"{'CAMERA_1': [], 'CAMERA_2': ['effects', 'optical_zoom', 'camera_type', 'settings', 'resolution'], 'CAMERA_3': []}",C_SILENT_OR_BACKCHANNEL,CAMERA_2,NONE,sounds good,PRESENT_X,CAMERA_2,S_INTRODUCES_FEATURE,CAMERA_2,resolution,This one has 23.8 megapixels resolution.,PRESENT_X,CAMERA_2,13~28
63,9,CAMERA_2,['CAMERA_2'],"{'CAMERA_1': [], 'CAMERA_2': ['effects', 'optical_zoom', 'camera_type', 'settings', 'resolution', 'price'], 'CAMERA_3': []}",C_SILENT_OR_BACKCHANNEL,CAMERA_2,NONE,great sounds like a great camera,PRESENT_X,CAMERA_2,S_INTRODUCES_FEATURE,CAMERA_2,price,This one costs $768.,PRESENT_X,CAMERA_2,15~19
63,10,CAMERA_2,['CAMERA_2'],"{'CAMERA_1': [], 'CAMERA_2': ['effects', 'optical_zoom', 'camera_type', 'settings', 'resolution', 'price', 'sensor_size'], 'CAMERA_3': []}",C_SILENT_OR_BACKCHANNEL,CAMERA_2,NONE,uh huh I say,PRESENT_X,CAMERA_2,S_INTRODUCES_FEATURE,CAMERA_2,sensor_size,This one has a 1/2.33 inch sensor.,PRESENT_X,CAMERA_2,15~33
63,11,CAMERA_2,['CAMERA_2'],"{'CAMERA_1': [], 'CAMERA_2': ['effects', 'optical_zoom', 'camera_type', 'settings', 'resolution', 'price', 'sensor_size', 'color'], 'CAMERA_3': []}",C_SILENT_OR_BACKCHANNEL,CAMERA_2,NONE,that looks good,PRESENT_X,CAMERA_2,S_INTRODUCES_FEATURE,CAMERA_2,color,This one comes in white or pink.,PRESENT_X,CAMERA_2,18~31
63,12,NONE,['CAMERA_2'],"{'CAMERA_1': [], 'CAMERA_2': ['effects', 'optical_zoom', 'camera_type', 'settings', 'resolution', 'price', 'sensor_size', 'color'], 'CAMERA_3': []}",C_THANK_YOU,CAMERA_2,NONE,ok cool thank you,PRESENT_X,CAMERA_2,S_THANK_YOU,CAMERA_2,NONE,thank you very much.,FACE_TO_FACE,NONE,
63,13,NONE,['CAMERA_2'],"{'CAMERA_1': [], 'CAMERA_2': ['effects', 'optical_zoom', 'camera_type', 'settings', 'resolution', 'price', 'sensor_size', 'color'], 'CAMERA_3': []}",C_LEAVES,DOOR,NONE,,FACE_TO_FACE,NONE,S_RETURNS_TO_COUNTER,SERVICE_COUNTER,NONE,,WAITING,NONE,
64,1,NONE,[],"{'CAMERA_1': [], 'CAMERA_2': [], 'CAMERA_3': []}",C_ENTERS,DOOR,NONE,,WAITING,NONE,S_NONE,SERVICE_COUNTER,NONE,,WAITING,NONE,
64,2,NONE,[],"{'CAMERA_1': [], 'CAMERA_2': [], 'CAMERA_3': []}",C_WALKS_TO_CAMERA,CAMERA_2,NONE,,WAITING,NONE,S_GREETS,CAMERA_2,NONE,can I help you?,FACE_TO_FACE,NONE,
64,3,CAMERA_3,['CAMERA_3'],"{'CAMERA_1': [], 'CAMERA_2': [], 'CAMERA_3': []}",C_LOOKING_FOR_A_CAMERA,CAMERA_2,NONE,hi Crafternoon I'm looking for a camera with very specific settings,FACE_TO_FACE,NONE,S_INTRODUCES_CAMERA,CAMERA_3,,Let me show you this. Here we have the Fujifilm PowerShot ELPH S2800.,PRESENT_X,CAMERA_3,39~68
64,4,CAMERA_3,['CAMERA_3'],"{'CAMERA_1': [], 'CAMERA_2': [], 'CAMERA_3': ['settings']}",C_SILENT_OR_BACKCHANNEL,CAMERA_3,NONE,IC,PRESENT_X,CAMERA_3,S_INTRODUCES_FEATURE,CAMERA_3,settings,"This one has manual control and various automatic settings (video modeburst shooting, etc.).",PRESENT_X,CAMERA_3,13~91
64,5,CAMERA_3,['CAMERA_3'],"{'CAMERA_1': [], 'CAMERA_2': [], 'CAMERA_3': ['settings', 'effects']}",C_SILENT_OR_BACKCHANNEL,CAMERA_3,NONE,IC,PRESENT_X,CAMERA_3,S_INTRODUCES_FEATURE,CAMERA_3,effects,"This one has 21 photo effects (small face, retro, big eyes, etc.).",PRESENT_X,CAMERA_3,13~65
64,6,CAMERA_2,"['CAMERA_3', 'CAMERA_2']","{'CAMERA_1': [], 'CAMERA_2': [], 'CAMERA_3': ['settings', 'effects']}",C_ANYTHING_ELSE_AVAILABLE,CAMERA_3,NONE,I see do you have any other options that you can show me,PRESENT_X,CAMERA_3,S_INTRODUCES_CAMERA,CAMERA_2,,Let me show you this. Here we have the Fujifilm Lumix ILC Camera.,PRESENT_X,CAMERA_2,39~64
64,7,CAMERA_2,"['CAMERA_3', 'CAMERA_2']","{'CAMERA_1': [], 'CAMERA_2': ['price'], 'CAMERA_3': ['settings', 'effects']}",C_QUESTION_ABOUT_FEATURE,CAMERA_2,price,how much does it cost,PRESENT_X,CAMERA_2,S_ANSWERS_QUESTION_ABOUT_FEATURE,CAMERA_2,price,This one costs $768.,PRESENT_X,CAMERA_2,15~19
64,8,CAMERA_2,"['CAMERA_3', 'CAMERA_2']","{'CAMERA_1': [], 'CAMERA_2': ['price', 'optical_zoom'], 'CAMERA_3': ['settings', 'effects']}",C_SILENT_OR_BACKCHANNEL,CAMERA_2,NONE,I say,PRESENT_X,CAMERA_2,S_INTRODUCES_FEATURE,CAMERA_2,optical_zoom,This one has 21x optical zoom.,PRESENT_X,CAMERA_2,13~29
64,9,CAMERA_2,"['CAMERA_3', 'CAMERA_2']","{'CAMERA_1': [], 'CAMERA_2': ['price', 'optical_zoom', 'resolution'], 'CAMERA_3': ['settings', 'effects']}",C_SILENT_OR_BACKCHANNEL,CAMERA_2,NONE,okay,PRESENT_X,CAMERA_2,S_INTRODUCES_FEATURE,CAMERA_2,resolution,This one has 23.8 megapixels resolution.,PRESENT_X,CAMERA_2,13~28
64,10,NONE,"['CAMERA_3', 'CAMERA_2']","{'CAMERA_1': [], 'CAMERA_2': ['price', 'optical_zoom', 'resolution'], 'CAMERA_3': ['settings', 'effects']}",C_THANK_YOU,CAMERA_2,NONE,thank you for the support,PRESENT_X,CAMERA_2,S_THANK_YOU,CAMERA_2,NONE,thank you very much.,FACE_TO_FACE,NONE,
64,11,NONE,"['CAMERA_3', 'CAMERA_2']","{'CAMERA_1': [], 'CAMERA_2': ['price', 'optical_zoom', 'resolution'], 'CAMERA_3': ['settings', 'effects']}",C_LEAVES,DOOR,NONE,,FACE_TO_FACE,NONE,S_RETURNS_TO_COUNTER,SERVICE_COUNTER,NONE,,WAITING,NONE,
65,1,NONE,[],"{'CAMERA_1': [], 'CAMERA_2': [], 'CAMERA_3': []}",C_ENTERS,DOOR,NONE,,WAITING,NONE,S_NONE,SERVICE_COUNTER,NONE,,WAITING,NONE,
65,2,NONE,[],"{'CAMERA_1': [], 'CAMERA_2': [], 'CAMERA_3': []}",C_WALKS_TO_CAMERA,CAMERA_2,NONE,,WAITING,NONE,S_GREETS,CAMERA_2,NONE,can I help you?,FACE_TO_FACE,NONE,
65,3,CAMERA_2,['CAMERA_2'],"{'CAMERA_1': [], 'CAMERA_2': [], 'CAMERA_3': []}",C_LOOKING_FOR_A_CAMERA,CAMERA_2,NONE,ho hey just looking for a camera something more high end,FACE_TO_FACE,NONE,S_INTRODUCES_CAMERA,CAMERA_2,,Let me show you this. Here we have the Fujifilm Lumix ILC Camera.,PRESENT_X,CAMERA_2,39~64
65,4,CAMERA_2,['CAMERA_2'],"{'CAMERA_1': [], 'CAMERA_2': ['camera_type'], 'CAMERA_3': []}",C_SILENT_OR_BACKCHANNEL,CAMERA_2,NONE,okay that sounds good,PRESENT_X,CAMERA_2,S_INTRODUCES_FEATURE,CAMERA_2,camera_type,This is a digital single lens mirrorless camera.,PRESENT_X,CAMERA_2,10~40
65,5,CAMERA_2,['CAMERA_2'],"{'CAMERA_1': [], 'CAMERA_2': ['camera_type', 'sensor_size'], 'CAMERA_3': []}",C_QUESTION_ABOUT_FEATURE,CAMERA_2,sensor_size,ok what about the sensor size,PRESENT_X,CAMERA_2,S_ANSWERS_QUESTION_ABOUT_FEATURE,CAMERA_2,sensor_size,This one has a 1/2.33 inch sensor.,PRESENT_X,CAMERA_2,15~33
65,6,CAMERA_1,"['CAMERA_2', 'CAMERA_1']","{'CAMERA_1': [], 'CAMERA_2': ['camera_type', 'sensor_size'], 'CAMERA_3': []}",C_ANYTHING_ELSE_AVAILABLE,CAMERA_2,NONE,maybe did you have a another camera you recommend,PRESENT_X,CAMERA_2,S_INTRODUCES_CAMERA,CAMERA_1,,Let me show you this. Here we have the Sony PowerShot ELPH DMC-ZS3.,PRESENT_X,CAMERA_1,39~66
65,7,CAMERA_1,"['CAMERA_2', 'CAMERA_1']","{'CAMERA_1': ['settings'], 'CAMERA_2': ['camera_type', 'sensor_size'], 'CAMERA_3': []}",C_QUESTION_ABOUT_FEATURE,CAMERA_1,settings,how much Freedom do I get when using this camera,PRESENT_X,CAMERA_1,S_ANSWERS_QUESTION_ABOUT_FEATURE,CAMERA_1,settings,This one has limited manual settings.,PRESENT_X,CAMERA_1,13~36
65,8,CAMERA_1,"['CAMERA_2', 'CAMERA_1']","{'CAMERA_1': ['settings', 'camera_type'], 'CAMERA_2': ['camera_type', 'sensor_size'], 'CAMERA_3': []}",C_SILENT_OR_BACKCHANNEL,CAMERA_1,NONE,okay great let's take care of business,PRESENT_X,CAMERA_1,S_INTRODUCES_FEATURE,CAMERA_1,camera_type,This is a DSLR camera.,PRESENT_X,CAMERA_1,10~14
65,9,CAMERA_1,"['CAMERA_2', 'CAMERA_1']","{'CAMERA_1': ['settings', 'camera_type', 'ISO'], 'CAMERA_2': ['camera_type', 'sensor_size'], 'CAMERA_3': []}",C_SILENT_OR_BACKCHANNEL,CAMERA_1,NONE,ic,PRESENT_X,CAMERA_1,S_INTRODUCES_FEATURE,CAMERA_1,ISO,This one has up to 51200 ISO.,PRESENT_X,CAMERA_1,13~28
65,10,CAMERA_1,"['CAMERA_2', 'CAMERA_1']","{'CAMERA_1': ['settings', 'camera_type', 'ISO', 'preset_modes'], 'CAMERA_2': ['camera_type', 'sensor_size'], 'CAMERA_3': []}",C_QUESTION_ABOUT_FEATURE,CAMERA_1,preset_modes,does it have like candle mode,PRESENT_X,CAMERA_1,S_NOT_SURE,CAMERA_1,,I'm not really sure about that.,PRESENT_X,CAMERA_1,
65,11,CAMERA_1,"['CAMERA_2', 'CAMERA_1']","{'CAMERA_1': ['settings', 'camera_type', 'ISO', 'preset_modes', 'optical_zoom'], 'CAMERA_2': ['camera_type', 'sensor_size'], 'CAMERA_3': []}",C_QUESTION_ABOUT_FEATURE,CAMERA_1,optical_zoom,that's so many and what's the optical zoom on this phone,PRESENT_X,CAMERA_1,S_ANSWERS_QUESTION_ABOUT_FEATURE,CAMERA_1,optical_zoom,This one has 21x optical zoom.,PRESENT_X,CAMERA_1,13~29
65,12,CAMERA_1,"['CAMERA_2', 'CAMERA_1']","{'CAMERA_1': ['settings', 'camera_type', 'ISO', 'preset_modes', 'optical_zoom', 'effects'], 'CAMERA_2': ['camera_type', 'sensor_size'], 'CAMERA_3': []}",C_QUESTION_ABOUT_FEATURE,CAMERA_1,effects,what are these a special artistic effect mode features,PRESENT_X,CAMERA_1,S_ANSWERS_QUESTION_ABOUT_FEATURE,CAMERA_1,effects,"This one has 24 glamor retouch effects (miniature, retro, toy camera, etc.).",PRESENT_X,CAMERA_1,13~75
65,13,CAMERA_1,"['CAMERA_2', 'CAMERA_1']","{'CAMERA_1': ['settings', 'camera_type', 'ISO', 'preset_modes', 'optical_zoom', 'effects', 'color'], 'CAMERA_2': ['camera_type', 'sensor_size'], 'CAMERA_3': []}",C_QUESTION_ABOUT_FEATURE,CAMERA_1,color,does it come any in any other colors,PRESENT_X,CAMERA_1,S_ANSWERS_QUESTION_ABOUT_FEATURE,CAMERA_1,color,This one comes in blue or black.,PRESENT_X,CAMERA_1,18~31
65,14,CAMERA_1,"['CAMERA_2', 'CAMERA_1']","{'CAMERA_1': ['settings', 'camera_type', 'ISO', 'preset_modes', 'optical_zoom', 'effects', 'color', 'resolution'], 'CAMERA_2': ['camera_type', 'sensor_size'], 'CAMERA_3': []}",C_SILENT_OR_BACKCHANNEL,CAMERA_1,NONE,Oh that'd be great I really want to try it before buying it,PRESENT_X,CAMERA_1,S_INTRODUCES_FEATURE,CAMERA_1,resolution,This one has 17.8 megapixels resolution.,PRESENT_X,CAMERA_1,13~28
65,15,CAMERA_1,"['CAMERA_2', 'CAMERA_1']","{'CAMERA_1': ['settings', 'camera_type', 'ISO', 'preset_modes', 'optical_zoom', 'effects', 'color', 'resolution', 'price'], 'CAMERA_2': ['camera_type', 'sensor_size'], 'CAMERA_3': []}",C_QUESTION_ABOUT_FEATURE,CAMERA_1,price,hi can I know how much this camera cost,PRESENT_X,CAMERA_1,S_ANSWERS_QUESTION_ABOUT_FEATURE,CAMERA_1,price,This one costs $450.,PRESENT_X,CAMERA_1,15~19
65,16,CAMERA_3,"['CAMERA_2', 'CAMERA_1', 'CAMERA_3']","{'CAMERA_1': ['settings', 'camera_type', 'ISO', 'preset_modes', 'optical_zoom', 'effects', 'color', 'resolution', 'price'], 'CAMERA_2': ['camera_type', 'sensor_size'], 'CAMERA_3': []}",C_ANYTHING_ELSE_AVAILABLE,CAMERA_1,NONE,So this is the only model you have in your shop,PRESENT_X,CAMERA_1,S_INTRODUCES_CAMERA,CAMERA_3,,Let me show you this. Here we have the Fujifilm PowerShot ELPH S2800.,PRESENT_X,CAMERA_3,39~68
65,17,CAMERA_3,"['CAMERA_2', 'CAMERA_1', 'CAMERA_3']","{'CAMERA_1': ['settings', 'camera_type', 'ISO', 'preset_modes', 'optical_zoom', 'effects', 'color', 'resolution', 'price'], 'CAMERA_2': ['camera_type', 'sensor_size'], 'CAMERA_3': ['camera_type']}",C_SILENT_OR_BACKCHANNEL,CAMERA_3,NONE,ok is this camera really nice,PRESENT_X,CAMERA_3,S_INTRODUCES_FEATURE,CAMERA_3,camera_type,This is a point and shoot camera.,PRESENT_X,CAMERA_3,10~25
65,18,CAMERA_3,"['CAMERA_2', 'CAMERA_1', 'CAMERA_3']","{'CAMERA_1': ['settings', 'camera_type', 'ISO', 'preset_modes', 'optical_zoom', 'effects', 'color', 'resolution', 'price'], 'CAMERA_2': ['camera_type', 'sensor_size'], 'CAMERA_3': ['camera_type', 'optical_zoom']}",C_QUESTION_ABOUT_FEATURE,CAMERA_3,optical_zoom,does it have a good zoom,PRESENT_X,CAMERA_3,S_NOT_SURE,CAMERA_3,,I'm not really sure about that.,PRESENT_X,CAMERA_3,
65,19,CAMERA_3,"['CAMERA_2', 'CAMERA_1', 'CAMERA_3']","{'CAMERA_1': ['settings', 'camera_type', 'ISO', 'preset_modes', 'optical_zoom', 'effects', 'color', 'resolution', 'price'], 'CAMERA_2': ['camera_type', 'sensor_size'], 'CAMERA_3': ['camera_type', 'optical_zoom', 'autofocus_points']}",C_QUESTION_ABOUT_FEATURE,CAMERA_3,autofocus_points,how many auto focus points does it have,PRESENT_X,CAMERA_3,S_ANSWERS_QUESTION_ABOUT_FEATURE,CAMERA_3,autofocus_points,This one has 214 autofocus points.,PRESENT_X,CAMERA_3,13~33
65,20,CAMERA_3,"['CAMERA_2', 'CAMERA_1', 'CAMERA_3']","{'CAMERA_1': ['settings', 'camera_type', 'ISO', 'preset_modes', 'optical_zoom', 'effects', 'color', 'resolution', 'price'], 'CAMERA_2': ['camera_type', 'sensor_size'], 'CAMERA_3': ['camera_type', 'optical_zoom', 'autofocus_points', 'ISO']}",C_QUESTION_ABOUT_FEATURE,CAMERA_3,ISO,how is iso,PRESENT_X,CAMERA_3,S_ANSWERS_QUESTION_ABOUT_FEATURE,CAMERA_3,ISO,This one has up to 3200 ISO with little noise.,PRESENT_X,CAMERA_3,13~45
65,21,CAMERA_3,"['CAMERA_2', 'CAMERA_1', 'CAMERA_3']","{'CAMERA_1': ['settings', 'camera_type', 'ISO', 'preset_modes', 'optical_zoom', 'effects', 'color', 'resolution', 'price'], 'CAMERA_2': ['camera_type', 'sensor_size'], 'CAMERA_3': ['camera_type', 'optical_zoom', 'autofocus_points', 'ISO', 'preset_modes']}",C_SILENT_OR_BACKCHANNEL,CAMERA_3,NONE,yeah,PRESENT_X,CAMERA_3,S_INTRODUCES_FEATURE,CAMERA_3,preset_modes,This one has various preset modes.,PRESENT_X,CAMERA_3,13~33
65,22,CAMERA_3,"['CAMERA_2', 'CAMERA_1', 'CAMERA_3']","{'CAMERA_1': ['settings', 'camera_type', 'ISO', 'preset_modes', 'optical_zoom', 'effects', 'color', 'resolution', 'price'], 'CAMERA_2': ['camera_type', 'sensor_size'], 'CAMERA_3': ['camera_type', 'optical_zoom', 'autofocus_points', 'ISO', 'preset_modes', 'resolution']}",C_SILENT_OR_BACKCHANNEL,CAMERA_3,NONE,that sounds great what about the price,PRESENT_X,CAMERA_3,S_INTRODUCES_FEATURE,CAMERA_3,resolution,This one has 23.2 megapixels resolution.,PRESENT_X,CAMERA_3,13~28
65,23,CAMERA_3,"['CAMERA_2', 'CAMERA_1', 'CAMERA_3']","{'CAMERA_1': ['settings', 'camera_type', 'ISO', 'preset_modes', 'optical_zoom', 'effects', 'color', 'resolution', 'price'], 'CAMERA_2': ['camera_type', 'sensor_size'], 'CAMERA_3': ['camera_type', 'optical_zoom', 'autofocus_points', 'ISO', 'preset_modes', 'resolution', 'color']}",C_QUESTION_ABOUT_FEATURE,CAMERA_3,color,yeah that's right and you have it in different colors,PRESENT_X,CAMERA_3,S_ANSWERS_QUESTION_ABOUT_FEATURE,CAMERA_3,color,"This one comes in purple, white, silver, blue, red, or pink.",PRESENT_X,CAMERA_3,18~59
65,24,CAMERA_3,"['CAMERA_2', 'CAMERA_1', 'CAMERA_3']","{'CAMERA_1': ['settings', 'camera_type', 'ISO', 'preset_modes', 'optical_zoom', 'effects', 'color', 'resolution', 'price'], 'CAMERA_2': ['camera_type', 'sensor_size'], 'CAMERA_3': ['camera_type', 'optical_zoom', 'autofocus_points', 'ISO', 'preset_modes', 'resolution', 'color', 'effects']}",C_SILENT_OR_BACKCHANNEL,CAMERA_3,NONE,ok,PRESENT_X,CAMERA_3,S_INTRODUCES_FEATURE,CAMERA_3,effects,"This one has 21 photo effects (small face, retro, big eyes, etc.).",PRESENT_X,CAMERA_3,13~65
65,25,,"['CAMERA_2', 'CAMERA_1', 'CAMERA_3']","{'CAMERA_1': ['settings', 'camera_type', 'ISO', 'preset_modes', 'optical_zoom', 'effects', 'color', 'resolution', 'price'], 'CAMERA_2': ['camera_type', 'sensor_size'], 'CAMERA_3': ['camera_type', 'optical_zoom', 'autofocus_points', 'ISO', 'preset_modes', 'resolution', 'color', 'effects']}",C_ANYTHING_ELSE_AVAILABLE,CAMERA_3,NONE,do you have anything better than this,PRESENT_X,CAMERA_3,S_THATS_ALL_WE_HAVE_AVAILABLE,CAMERA_3,,That's all we have available at the moment.,PRESENT_X,CAMERA_3,
65,26,NONE,"['CAMERA_2', 'CAMERA_1', 'CAMERA_3']","{'CAMERA_1': ['settings', 'camera_type', 'ISO', 'preset_modes', 'optical_zoom', 'effects', 'color', 'resolution', 'price'], 'CAMERA_2': ['camera_type', 'sensor_size'], 'CAMERA_3': ['camera_type', 'optical_zoom', 'autofocus_points', 'ISO', 'preset_modes', 'resolution', 'color', 'effects']}",C_THANK_YOU,CAMERA_3,NONE,thank you,PRESENT_X,CAMERA_3,S_THANK_YOU,CAMERA_3,NONE,thank you very much.,FACE_TO_FACE,NONE,
65,27,NONE,"['CAMERA_2', 'CAMERA_1', 'CAMERA_3']","{'CAMERA_1': ['settings', 'camera_type', 'ISO', 'preset_modes', 'optical_zoom', 'effects', 'color', 'resolution', 'price'], 'CAMERA_2': ['camera_type', 'sensor_size'], 'CAMERA_3': ['camera_type', 'optical_zoom', 'autofocus_points', 'ISO', 'preset_modes', 'resolution', 'color', 'effects']}",C_LEAVES,DOOR,NONE,,FACE_TO_FACE,NONE,S_RETURNS_TO_COUNTER,SERVICE_COUNTER,NONE,,WAITING,NONE,
66,1,NONE,[],"{'CAMERA_1': [], 'CAMERA_2': [], 'CAMERA_3': []}",C_ENTERS,DOOR,NONE,,WAITING,NONE,S_NONE,SERVICE_COUNTER,NONE,,WAITING,NONE,
66,2,NONE,[],"{'CAMERA_1': [], 'CAMERA_2': [], 'CAMERA_3': []}",C_GREETS,MIDDLE,NONE,excuse me,WAITING,NONE,S_GREETS,MIDDLE,NONE,can I help you?,FACE_TO_FACE,NONE,
66,3,CAMERA_2,['CAMERA_2'],"{'CAMERA_1': [], 'CAMERA_2': [], 'CAMERA_3': []}",C_LOOKING_FOR_A_CAMERA,MIDDLE,NONE,I'm looking for a good camera so I can take my photographs to adjust in photography,FACE_TO_FACE,NONE,S_INTRODUCES_CAMERA,CAMERA_2,,Let me show you this. Here we have the Fujifilm Lumix ILC Camera.,PRESENT_X,CAMERA_2,39~64
66,4,CAMERA_2,['CAMERA_2'],"{'CAMERA_1': [], 'CAMERA_2': ['optical_zoom'], 'CAMERA_3': []}",C_QUESTION_ABOUT_FEATURE,CAMERA_2,optical_zoom,excuse me what does it mean by optical zoom,PRESENT_X,CAMERA_2,S_ANSWERS_QUESTION_ABOUT_FEATURE,CAMERA_2,optical_zoom,This one has 21x optical zoom.,PRESENT_X,CAMERA_2,13~29
66,5,CAMERA_2,['CAMERA_2'],"{'CAMERA_1': [], 'CAMERA_2': ['optical_zoom', 'effects'], 'CAMERA_3': []}",C_QUESTION_ABOUT_FEATURE,CAMERA_2,effects,how many autistic affect much does a half,PRESENT_X,CAMERA_2,S_ANSWERS_QUESTION_ABOUT_FEATURE,CAMERA_2,effects,"This one has 24 artistic effect modes (retro, lighter or darker skin tones, sepia, etc.).",PRESENT_X,CAMERA_2,13~88
66,6,CAMERA_2,['CAMERA_2'],"{'CAMERA_1': [], 'CAMERA_2': ['optical_zoom', 'effects', 'sensor_size'], 'CAMERA_3': []}",C_QUESTION_ABOUT_FEATURE,CAMERA_2,sensor_size,Does it have a big sensor,PRESENT_X,CAMERA_2,S_ANSWERS_QUESTION_ABOUT_FEATURE,CAMERA_2,sensor_size,This one has a 1/2.33 inch sensor.,PRESENT_X,CAMERA_2,15~33
66,7,CAMERA_2,['CAMERA_2'],"{'CAMERA_1': [], 'CAMERA_2': ['optical_zoom', 'effects', 'sensor_size', 'settings'], 'CAMERA_3': []}",C_QUESTION_ABOUT_FEATURE,CAMERA_2,settings,5x manual settings is for what,PRESENT_X,CAMERA_2,S_ANSWERS_QUESTION_ABOUT_FEATURE,CAMERA_2,settings,"This one has manual control and various automatic settings (video modeburst shooting, etc.).",PRESENT_X,CAMERA_2,13~91
66,8,CAMERA_2,['CAMERA_2'],"{'CAMERA_1': [], 'CAMERA_2': ['optical_zoom', 'effects', 'sensor_size', 'settings', 'resolution'], 'CAMERA_3': []}",C_QUESTION_ABOUT_FEATURE,CAMERA_2,resolution,what is the resolution,PRESENT_X,CAMERA_2,S_ANSWERS_QUESTION_ABOUT_FEATURE,CAMERA_2,resolution,This one has 23.8 megapixels resolution.,PRESENT_X,CAMERA_2,13~28
66,9,CAMERA_2,['CAMERA_2'],"{'CAMERA_1': [], 'CAMERA_2': ['optical_zoom', 'effects', 'sensor_size', 'settings', 'resolution', 'camera_type'], 'CAMERA_3': []}",C_QUESTION_ABOUT_FEATURE,CAMERA_2,camera_type,is this a point and shoot camera,PRESENT_X,CAMERA_2,S_ANSWERS_QUESTION_ABOUT_FEATURE,CAMERA_2,camera_type,This is a digital single lens mirrorless camera.,PRESENT_X,CAMERA_2,10~40
66,10,CAMERA_1,"['CAMERA_2', 'CAMERA_1']","{'CAMERA_1': [], 'CAMERA_2': ['optical_zoom', 'effects', 'sensor_size', 'settings', 'resolution', 'camera_type'], 'CAMERA_3': []}",C_ANYTHING_ELSE_AVAILABLE,CAMERA_2,NONE,do you have any other cameras with preset mode,PRESENT_X,CAMERA_2,S_INTRODUCES_CAMERA,CAMERA_1,,Let me show you this. Here we have the Sony PowerShot ELPH DMC-ZS3.,PRESENT_X,CAMERA_1,39~66
66,11,CAMERA_1,"['CAMERA_2', 'CAMERA_1']","{'CAMERA_1': ['sensor_size'], 'CAMERA_2': ['optical_zoom', 'effects', 'sensor_size', 'settings', 'resolution', 'camera_type'], 'CAMERA_3': []}",C_QUESTION_ABOUT_FEATURE,CAMERA_1,sensor_size,What is the synthesize of this camera,PRESENT_X,CAMERA_1,S_ANSWERS_QUESTION_ABOUT_FEATURE,CAMERA_1,sensor_size,This one has a 1/2.3 inch CMOS sensor.,PRESENT_X,CAMERA_1,15~37
66,12,CAMERA_1,"['CAMERA_2', 'CAMERA_1']","{'CAMERA_1': ['sensor_size', 'preset_modes'], 'CAMERA_2': ['optical_zoom', 'effects', 'sensor_size', 'settings', 'resolution', 'camera_type'], 'CAMERA_3': []}",C_QUESTION_ABOUT_FEATURE,CAMERA_1,preset_modes,do they have pet mode,PRESENT_X,CAMERA_1,S_NOT_SURE,CAMERA_1,,I'm not really sure about that.,PRESENT_X,CAMERA_1,
66,13,CAMERA_1,"['CAMERA_2', 'CAMERA_1']","{'CAMERA_1': ['sensor_size', 'preset_modes', 'resolution'], 'CAMERA_2': ['optical_zoom', 'effects', 'sensor_size', 'settings', 'resolution', 'camera_type'], 'CAMERA_3': []}",C_QUESTION_ABOUT_FEATURE,CAMERA_1,resolution,how many megapixels is it house,PRESENT_X,CAMERA_1,S_ANSWERS_QUESTION_ABOUT_FEATURE,CAMERA_1,resolution,This one has 17.8 megapixels resolution.,PRESENT_X,CAMERA_1,13~28
66,14,NONE,"['CAMERA_2', 'CAMERA_1']","{'CAMERA_1': ['sensor_size', 'preset_modes', 'resolution'], 'CAMERA_2': ['optical_zoom', 'effects', 'sensor_size', 'settings', 'resolution', 'camera_type'], 'CAMERA_3': []}",C_THANK_YOU,CAMERA_1,NONE,thank you,PRESENT_X,CAMERA_1,S_THANK_YOU,CAMERA_1,NONE,thank you very much.,FACE_TO_FACE,NONE,
66,15,NONE,"['CAMERA_2', 'CAMERA_1']","{'CAMERA_1': ['sensor_size', 'preset_modes', 'resolution'], 'CAMERA_2': ['optical_zoom', 'effects', 'sensor_size', 'settings', 'resolution', 'camera_type'], 'CAMERA_3': []}",C_LEAVES,DOOR,NONE,,FACE_TO_FACE,NONE,S_RETURNS_TO_COUNTER,SERVICE_COUNTER,NONE,,WAITING,NONE,
67,1,NONE,[],"{'CAMERA_1': [], 'CAMERA_2': [], 'CAMERA_3': []}",C_ENTERS,DOOR,NONE,,WAITING,NONE,S_NONE,SERVICE_COUNTER,NONE,,WAITING,NONE,
67,2,NONE,[],"{'CAMERA_1': [], 'CAMERA_2': [], 'CAMERA_3': []}",C_WALKS_TO_CAMERA,CAMERA_3,NONE,,WAITING,NONE,S_NONE,SERVICE_COUNTER,NONE,,WAITING,NONE,
67,3,NONE,[],"{'CAMERA_1': [], 'CAMERA_2': [], 'CAMERA_3': []}",C_EXAMINES_CAMERA,CAMERA_3,NONE,,WAITING,NONE,S_NONE,SERVICE_COUNTER,NONE,,WAITING,NONE,
67,4,NONE,[],"{'CAMERA_1': [], 'CAMERA_2': [], 'CAMERA_3': []}",C_WALKS_TO_CAMERA,CAMERA_2,NONE,,WAITING,NONE,S_GREETS,CAMERA_2,NONE,can I help you?,FACE_TO_FACE,NONE,
67,5,CAMERA_1,['CAMERA_1'],"{'CAMERA_1': [], 'CAMERA_2': [], 'CAMERA_3': []}",C_LOOKING_FOR_A_CAMERA,CAMERA_2,NONE,yes I'm looking for a camera for daily use,FACE_TO_FACE,NONE,S_INTRODUCES_CAMERA,CAMERA_1,,Let me show you this. Here we have the Sony PowerShot ELPH DMC-ZS3.,PRESENT_X,CAMERA_1,39~66
67,6,CAMERA_1,['CAMERA_1'],"{'CAMERA_1': ['price'], 'CAMERA_2': [], 'CAMERA_3': []}",C_QUESTION_ABOUT_FEATURE,CAMERA_1,price,how much is this,PRESENT_X,CAMERA_1,S_ANSWERS_QUESTION_ABOUT_FEATURE,CAMERA_1,price,This one costs $450.,PRESENT_X,CAMERA_1,15~19
67,7,CAMERA_1,['CAMERA_1'],"{'CAMERA_1': ['price', 'camera_type'], 'CAMERA_2': [], 'CAMERA_3': []}",C_QUESTION_ABOUT_FEATURE,CAMERA_1,camera_type,Is this a mirrorless camera?,PRESENT_X,CAMERA_1,S_ANSWERS_QUESTION_ABOUT_FEATURE,CAMERA_1,camera_type,This is a DSLR camera.,PRESENT_X,CAMERA_1,10~14
67,8,CAMERA_1,['CAMERA_1'],"{'CAMERA_1': ['price', 'camera_type', 'optical_zoom'], 'CAMERA_2': [], 'CAMERA_3': []}",C_QUESTION_ABOUT_FEATURE,CAMERA_1,optical_zoom,how's the zoom on it,PRESENT_X,CAMERA_1,S_ANSWERS_QUESTION_ABOUT_FEATURE,CAMERA_1,optical_zoom,This one has 21x optical zoom.,PRESENT_X,CAMERA_1,13~29
67,9,CAMERA_1,['CAMERA_1'],"{'CAMERA_1': ['price', 'camera_type', 'optical_zoom', 'long_exposure'], 'CAMERA_2': [], 'CAMERA_3': []}",C_SILENT_OR_BACKCHANNEL,CAMERA_1,NONE,ok,PRESENT_X,CAMERA_1,S_INTRODUCES_FEATURE,CAMERA_1,long_exposure,This one can take long exposures up to up to 15 seconds with Long Shutter Mode.,PRESENT_X,CAMERA_1,39~78
67,10,CAMERA_1,['CAMERA_1'],"{'CAMERA_1': ['price', 'camera_type', 'optical_zoom', 'long_exposure', 'resolution'], 'CAMERA_2': [], 'CAMERA_3': []}",C_QUESTION_ABOUT_FEATURE,CAMERA_1,resolution,Yahara actually like to do that and then what how many megapixels does it have,PRESENT_X,CAMERA_1,S_ANSWERS_QUESTION_ABOUT_FEATURE,CAMERA_1,resolution,This one has 17.8 megapixels resolution.,PRESENT_X,CAMERA_1,13~28
67,11,CAMERA_1,['CAMERA_1'],"{'CAMERA_1': ['price', 'camera_type', 'optical_zoom', 'long_exposure', 'resolution', 'effects'], 'CAMERA_2': [], 'CAMERA_3': []}",C_SILENT_OR_BACKCHANNEL,CAMERA_1,NONE,this camera sounds pretty good,PRESENT_X,CAMERA_1,S_INTRODUCES_FEATURE,CAMERA_1,effects,"This one has 24 glamor retouch effects (miniature, retro, toy camera, etc.).",PRESENT_X,CAMERA_1,13~75
67,12,CAMERA_1,['CAMERA_1'],"{'CAMERA_1': ['price', 'camera_type', 'optical_zoom', 'long_exposure', 'resolution', 'effects', 'ISO'], 'CAMERA_2': [], 'CAMERA_3': []}",C_SILENT_OR_BACKCHANNEL,CAMERA_1,NONE,okay good,PRESENT_X,CAMERA_1,S_INTRODUCES_FEATURE,CAMERA_1,ISO,This one has up to 51200 ISO.,PRESENT_X,CAMERA_1,13~28
67,13,CAMERA_2,"['CAMERA_1', 'CAMERA_2']","{'CAMERA_1': ['price', 'camera_type', 'optical_zoom', 'long_exposure', 'resolution', 'effects', 'ISO'], 'CAMERA_2': [], 'CAMERA_3': []}",C_ANYTHING_ELSE_AVAILABLE,CAMERA_1,NONE,that's good that's okay I like it when do you have other models in this area,PRESENT_X,CAMERA_1,S_INTRODUCES_CAMERA,CAMERA_2,,Let me show you this. Here we have the Fujifilm Lumix ILC Camera.,PRESENT_X,CAMERA_2,39~64
67,14,CAMERA_2,"['CAMERA_1', 'CAMERA_2']","{'CAMERA_1': ['price', 'camera_type', 'optical_zoom', 'long_exposure', 'resolution', 'effects', 'ISO'], 'CAMERA_2': ['effects'], 'CAMERA_3': []}",C_QUESTION_ABOUT_FEATURE,CAMERA_2,effects,I don't sense as a cystic effect mode what does that do,PRESENT_X,CAMERA_2,S_ANSWERS_QUESTION_ABOUT_FEATURE,CAMERA_2,effects,"This one has 24 artistic effect modes (retro, lighter or darker skin tones, sepia, etc.).",PRESENT_X,CAMERA_2,13~88
67,15,CAMERA_3,"['CAMERA_1', 'CAMERA_2', 'CAMERA_3']","{'CAMERA_1': ['price', 'camera_type', 'optical_zoom', 'long_exposure', 'resolution', 'effects', 'ISO'], 'CAMERA_2': ['effects'], 'CAMERA_3': []}",C_ANYTHING_ELSE_AVAILABLE,CAMERA_2,NONE,maybe did you have a another camera you recommend,PRESENT_X,CAMERA_2,S_INTRODUCES_CAMERA,CAMERA_3,,Let me show you this. Here we have the Fujifilm PowerShot ELPH S2800.,PRESENT_X,CAMERA_3,39~68
67,16,CAMERA_3,"['CAMERA_1', 'CAMERA_2', 'CAMERA_3']","{'CAMERA_1': ['price', 'camera_type', 'optical_zoom', 'long_exposure', 'resolution', 'effects', 'ISO'], 'CAMERA_2': ['effects'], 'CAMERA_3': ['resolution']}",C_QUESTION_ABOUT_FEATURE,CAMERA_3,resolution,how many megapixels does this camera have,PRESENT_X,CAMERA_3,S_ANSWERS_QUESTION_ABOUT_FEATURE,CAMERA_3,resolution,This one has 23.2 megapixels resolution.,PRESENT_X,CAMERA_3,13~28
67,17,CAMERA_3,"['CAMERA_1', 'CAMERA_2', 'CAMERA_3']","{'CAMERA_1': ['price', 'camera_type', 'optical_zoom', 'long_exposure', 'resolution', 'effects', 'ISO'], 'CAMERA_2': ['effects'], 'CAMERA_3': ['resolution', 'weight']}",C_QUESTION_ABOUT_FEATURE,CAMERA_3,weight,$68 is not expensive at all about the you know I have heard that camera as mini setting I don't want to mess up,PRESENT_X,CAMERA_3,S_ANSWERS_QUESTION_ABOUT_FEATURE,CAMERA_3,weight,This one weighs 820 grams.,PRESENT_X,CAMERA_3,16~25
67,18,CAMERA_3,"['CAMERA_1', 'CAMERA_2', 'CAMERA_3']","{'CAMERA_1': ['price', 'camera_type', 'optical_zoom', 'long_exposure', 'resolution', 'effects', 'ISO'], 'CAMERA_2': ['effects'], 'CAMERA_3': ['resolution', 'weight', 'settings']}",C_QUESTION_ABOUT_FEATURE,CAMERA_3,settings,on the manual settings,PRESENT_X,CAMERA_3,S_ANSWERS_QUESTION_ABOUT_FEATURE,CAMERA_3,settings,"This one has manual control and various automatic settings (video modeburst shooting, etc.).",PRESENT_X,CAMERA_3,13~91
67,19,CAMERA_3,"['CAMERA_1', 'CAMERA_2', 'CAMERA_3']","{'CAMERA_1': ['price', 'camera_type', 'optical_zoom', 'long_exposure', 'resolution', 'effects', 'ISO'], 'CAMERA_2': ['effects'], 'CAMERA_3': ['resolution', 'weight', 'settings', 'effects']}",C_SILENT_OR_BACKCHANNEL,CAMERA_3,NONE,okay,PRESENT_X,CAMERA_3,S_INTRODUCES_FEATURE,CAMERA_3,effects,"This one has 21 photo effects (small face, retro, big eyes, etc.).",PRESENT_X,CAMERA_3,13~65
67,20,CAMERA_3,"['CAMERA_1', 'CAMERA_2', 'CAMERA_3']","{'CAMERA_1': ['price', 'camera_type', 'optical_zoom', 'long_exposure', 'resolution', 'effects', 'ISO'], 'CAMERA_2': ['effects'], 'CAMERA_3': ['resolution', 'weight', 'settings', 'effects', 'optical_zoom']}",C_QUESTION_ABOUT_FEATURE,CAMERA_3,optical_zoom,how about the optical zoom,PRESENT_X,CAMERA_3,S_NOT_SURE,CAMERA_3,,I'm not really sure about that.,PRESENT_X,CAMERA_3,
67,21,CAMERA_3,"['CAMERA_1', 'CAMERA_2', 'CAMERA_3']","{'CAMERA_1': ['price', 'camera_type', 'optical_zoom', 'long_exposure', 'resolution', 'effects', 'ISO'], 'CAMERA_2': ['effects'], 'CAMERA_3': ['resolution', 'weight', 'settings', 'effects', 'optical_zoom', 'sensor_size']}",C_QUESTION_ABOUT_FEATURE,CAMERA_3,sensor_size,synthesize of this camera,PRESENT_X,CAMERA_3,S_ANSWERS_QUESTION_ABOUT_FEATURE,CAMERA_3,sensor_size,This one has a full frame.,PRESENT_X,CAMERA_3,15~25
67,22,NONE,"['CAMERA_1', 'CAMERA_2', 'CAMERA_3']","{'CAMERA_1': ['price', 'camera_type', 'optical_zoom', 'long_exposure', 'resolution', 'effects', 'ISO'], 'CAMERA_2': ['effects'], 'CAMERA_3': ['resolution', 'weight', 'settings', 'effects', 'optical_zoom', 'sensor_size']}",C_THANK_YOU,CAMERA_3,NONE,I will think about this thank you,PRESENT_X,CAMERA_3,S_THANK_YOU,CAMERA_3,NONE,thank you very much.,FACE_TO_FACE,NONE,
67,23,NONE,"['CAMERA_1', 'CAMERA_2', 'CAMERA_3']","{'CAMERA_1': ['price', 'camera_type', 'optical_zoom', 'long_exposure', 'resolution', 'effects', 'ISO'], 'CAMERA_2': ['effects'], 'CAMERA_3': ['resolution', 'weight', 'settings', 'effects', 'optical_zoom', 'sensor_size']}",C_LEAVES,DOOR,NONE,,FACE_TO_FACE,NONE,S_RETURNS_TO_COUNTER,SERVICE_COUNTER,NONE,,WAITING,NONE,
68,1,NONE,[],"{'CAMERA_1': [], 'CAMERA_2': [], 'CAMERA_3': []}",C_ENTERS,DOOR,NONE,,WAITING,NONE,S_NONE,SERVICE_COUNTER,NONE,,WAITING,NONE,
68,2,NONE,[],"{'CAMERA_1': [], 'CAMERA_2': [], 'CAMERA_3': []}",C_WALKS_TO_CAMERA,CAMERA_2,NONE,,WAITING,NONE,S_GREETS,CAMERA_2,NONE,can I help you?,FACE_TO_FACE,NONE,
68,3,CAMERA_1,['CAMERA_1'],"{'CAMERA_1': [], 'CAMERA_2': [], 'CAMERA_3': []}",C_LOOKING_FOR_A_CAMERA,CAMERA_2,NONE,I'm looking for a professional camera,FACE_TO_FACE,NONE,S_INTRODUCES_CAMERA,CAMERA_1,,Let me show you this. Here we have the Sony PowerShot ELPH DMC-ZS3.,PRESENT_X,CAMERA_1,39~66
68,4,CAMERA_1,['CAMERA_1'],"{'CAMERA_1': ['camera_type'], 'CAMERA_2': [], 'CAMERA_3': []}",C_SILENT_OR_BACKCHANNEL,CAMERA_1,NONE,let me see,PRESENT_X,CAMERA_1,S_INTRODUCES_FEATURE,CAMERA_1,camera_type,This is a DSLR camera.,PRESENT_X,CAMERA_1,10~14
68,5,NONE,['CAMERA_1'],"{'CAMERA_1': ['camera_type'], 'CAMERA_2': [], 'CAMERA_3': []}",C_THANK_YOU,CAMERA_1,NONE,thank you very much I really appreciate your help have a great day,PRESENT_X,CAMERA_1,S_THANK_YOU,CAMERA_1,NONE,thank you very much.,FACE_TO_FACE,NONE,
68,6,NONE,['CAMERA_1'],"{'CAMERA_1': ['camera_type'], 'CAMERA_2': [], 'CAMERA_3': []}",C_LEAVES,DOOR,NONE,,FACE_TO_FACE,NONE,S_RETURNS_TO_COUNTER,SERVICE_COUNTER,NONE,,WAITING,NONE,
69,1,NONE,[],"{'CAMERA_1': [], 'CAMERA_2': [], 'CAMERA_3': []}",C_ENTERS,DOOR,NONE,,WAITING,NONE,S_NONE,SERVICE_COUNTER,NONE,,WAITING,NONE,
69,2,NONE,[],"{'CAMERA_1': [], 'CAMERA_2': [], 'CAMERA_3': []}",C_WALKS_TO_CAMERA,CAMERA_1,NONE,,WAITING,NONE,S_GREETS,CAMERA_1,NONE,can I help you?,FACE_TO_FACE,NONE,
69,3,CAMERA_2,['CAMERA_2'],"{'CAMERA_1': [], 'CAMERA_2': [], 'CAMERA_3': []}",C_LOOKING_FOR_A_CAMERA,CAMERA_1,NONE,well I am looking for a camera but I'm not sure what to buy,FACE_TO_FACE,NONE,S_INTRODUCES_CAMERA,CAMERA_2,,Let me show you this. Here we have the Fujifilm Lumix ILC Camera.,PRESENT_X,CAMERA_2,39~64
69,4,CAMERA_2,['CAMERA_2'],"{'CAMERA_1': [], 'CAMERA_2': ['long_exposure'], 'CAMERA_3': []}",C_QUESTION_ABOUT_FEATURE,CAMERA_2,long_exposure,maybe that's not so good for me then when I was preset settings but also has long exposure,PRESENT_X,CAMERA_2,S_ANSWERS_QUESTION_ABOUT_FEATURE,CAMERA_2,long_exposure,This one can take long exposures up to 60 minutes max with bulb mode.,PRESENT_X,CAMERA_2,39~68
69,5,CAMERA_2,['CAMERA_2'],"{'CAMERA_1': [], 'CAMERA_2': ['long_exposure', 'optical_zoom'], 'CAMERA_3': []}",C_QUESTION_ABOUT_FEATURE,CAMERA_2,optical_zoom,what what is the what is the of the optical zoom how does it work how far can I zoom,PRESENT_X,CAMERA_2,S_ANSWERS_QUESTION_ABOUT_FEATURE,CAMERA_2,optical_zoom,This one has 21x optical zoom.,PRESENT_X,CAMERA_2,13~29
69,6,CAMERA_2,['CAMERA_2'],"{'CAMERA_1': [], 'CAMERA_2': ['long_exposure', 'optical_zoom', 'camera_type'], 'CAMERA_3': []}",C_SILENT_OR_BACKCHANNEL,CAMERA_2,NONE,okay sounds good,PRESENT_X,CAMERA_2,S_INTRODUCES_FEATURE,CAMERA_2,camera_type,This is a digital single lens mirrorless camera.,PRESENT_X,CAMERA_2,10~40
69,7,CAMERA_2,['CAMERA_2'],"{'CAMERA_1': [], 'CAMERA_2': ['long_exposure', 'optical_zoom', 'camera_type', 'weight'], 'CAMERA_3': []}",C_SILENT_OR_BACKCHANNEL,CAMERA_2,NONE,ok,PRESENT_X,CAMERA_2,S_INTRODUCES_FEATURE,CAMERA_2,weight,This one weighs 820 grams.,PRESENT_X,CAMERA_2,16~25
69,8,CAMERA_2,['CAMERA_2'],"{'CAMERA_1': [], 'CAMERA_2': ['long_exposure', 'optical_zoom', 'camera_type', 'weight', 'effects'], 'CAMERA_3': []}",C_SILENT_OR_BACKCHANNEL,CAMERA_2,NONE,I say so,PRESENT_X,CAMERA_2,S_INTRODUCES_FEATURE,CAMERA_2,effects,"This one has 24 artistic effect modes (retro, lighter or darker skin tones, sepia, etc.).",PRESENT_X,CAMERA_2,13~88
69,9,NONE,['CAMERA_2'],"{'CAMERA_1': [], 'CAMERA_2': ['long_exposure', 'optical_zoom', 'camera_type', 'weight', 'effects'], 'CAMERA_3': []}",C_THANK_YOU,CAMERA_2,NONE,okay sounds perfect thank you very much,PRESENT_X,CAMERA_2,S_THANK_YOU,CAMERA_2,NONE,thank you very much.,FACE_TO_FACE,NONE,
69,10,NONE,['CAMERA_2'],"{'CAMERA_1': [], 'CAMERA_2': ['long_exposure', 'optical_zoom', 'camera_type', 'weight', 'effects'], 'CAMERA_3': []}",C_LEAVES,DOOR,NONE,,FACE_TO_FACE,NONE,S_RETURNS_TO_COUNTER,SERVICE_COUNTER,NONE,,WAITING,NONE,
70,1,NONE,[],"{'CAMERA_1': [], 'CAMERA_2': [], 'CAMERA_3': []}",C_ENTERS,DOOR,NONE,,WAITING,NONE,S_NONE,SERVICE_COUNTER,NONE,,WAITING,NONE,
70,2,NONE,[],"{'CAMERA_1': [], 'CAMERA_2': [], 'CAMERA_3': []}",C_WALKS_TO_CAMERA,CAMERA_2,NONE,,WAITING,NONE,S_GREETS,CAMERA_2,NONE,can I help you?,FACE_TO_FACE,NONE,
70,3,CAMERA_3,['CAMERA_3'],"{'CAMERA_1': [], 'CAMERA_2': [], 'CAMERA_3': []}",C_LOOKING_FOR_A_CAMERA,CAMERA_2,NONE,I'm looking for a camera,FACE_TO_FACE,NONE,S_INTRODUCES_CAMERA,CAMERA_3,,Let me show you this. Here we have the Fujifilm PowerShot ELPH S2800.,PRESENT_X,CAMERA_3,39~68
70,4,CAMERA_3,['CAMERA_3'],"{'CAMERA_1': [], 'CAMERA_2': [], 'CAMERA_3': ['sensor_size']}",C_QUESTION_ABOUT_FEATURE,CAMERA_3,sensor_size,What is the synthesize of this camera,PRESENT_X,CAMERA_3,S_ANSWERS_QUESTION_ABOUT_FEATURE,CAMERA_3,sensor_size,This one has a full frame.,PRESENT_X,CAMERA_3,15~25
70,5,CAMERA_3,['CAMERA_3'],"{'CAMERA_1': [], 'CAMERA_2': [], 'CAMERA_3': ['sensor_size', 'price']}",C_QUESTION_ABOUT_FEATURE,CAMERA_3,price,and what is the price of this camera,PRESENT_X,CAMERA_3,S_ANSWERS_QUESTION_ABOUT_FEATURE,CAMERA_3,price,This one costs $518.,PRESENT_X,CAMERA_3,15~19
70,6,CAMERA_1,"['CAMERA_3', 'CAMERA_1']","{'CAMERA_1': [], 'CAMERA_2': [], 'CAMERA_3': ['sensor_size', 'price']}",C_ANYTHING_ELSE_AVAILABLE,CAMERA_3,NONE,ok do you have any other cameras that can just look at,PRESENT_X,CAMERA_3,S_INTRODUCES_CAMERA,CAMERA_1,,Let me show you this. Here we have the Sony PowerShot ELPH DMC-ZS3.,PRESENT_X,CAMERA_1,39~66
70,7,CAMERA_1,"['CAMERA_3', 'CAMERA_1']","{'CAMERA_1': ['sensor_size'], 'CAMERA_2': [], 'CAMERA_3': ['sensor_size', 'price']}",C_QUESTION_ABOUT_FEATURE,CAMERA_1,sensor_size,what about the sensor size,PRESENT_X,CAMERA_1,S_ANSWERS_QUESTION_ABOUT_FEATURE,CAMERA_1,sensor_size,This one has a 1/2.3 inch CMOS sensor.,PRESENT_X,CAMERA_1,15~37
70,8,CAMERA_1,"['CAMERA_3', 'CAMERA_1']","{'CAMERA_1': ['sensor_size', 'price'], 'CAMERA_2': [], 'CAMERA_3': ['sensor_size', 'price']}",C_SILENT_OR_BACKCHANNEL,CAMERA_1,NONE,ok,PRESENT_X,CAMERA_1,S_INTRODUCES_FEATURE,CAMERA_1,price,This one costs $450.,PRESENT_X,CAMERA_1,15~19
70,9,CAMERA_1,"['CAMERA_3', 'CAMERA_1']","{'CAMERA_1': ['sensor_size', 'price', 'autofocus_points'], 'CAMERA_2': [], 'CAMERA_3': ['sensor_size', 'price']}",C_SILENT_OR_BACKCHANNEL,CAMERA_1,NONE,Oh that'd be great I really want to try it before buying it,PRESENT_X,CAMERA_1,S_INTRODUCES_FEATURE,CAMERA_1,autofocus_points,This one has 135 autofocus points.,PRESENT_X,CAMERA_1,13~33
70,10,CAMERA_1,"['CAMERA_3', 'CAMERA_1']","{'CAMERA_1': ['sensor_size', 'price', 'autofocus_points', 'weight'], 'CAMERA_2': [], 'CAMERA_3': ['sensor_size', 'price']}",C_SILENT_OR_BACKCHANNEL,CAMERA_1,NONE,ok,PRESENT_X,CAMERA_1,S_INTRODUCES_FEATURE,CAMERA_1,weight,This one weighs 800 grams.,PRESENT_X,CAMERA_1,16~25
70,11,CAMERA_1,"['CAMERA_3', 'CAMERA_1']","{'CAMERA_1': ['sensor_size', 'price', 'autofocus_points', 'weight', 'ISO'], 'CAMERA_2': [], 'CAMERA_3': ['sensor_size', 'price']}",C_SILENT_OR_BACKCHANNEL,CAMERA_1,NONE,yeah that sounds great to me I don't have to worry about the technical stuff,PRESENT_X,CAMERA_1,S_INTRODUCES_FEATURE,CAMERA_1,ISO,This one has up to 51200 ISO.,PRESENT_X,CAMERA_1,13~28
70,12,CAMERA_2,"['CAMERA_3', 'CAMERA_1', 'CAMERA_2']","{'CAMERA_1': ['sensor_size', 'price', 'autofocus_points', 'weight', 'ISO'], 'CAMERA_2': [], 'CAMERA_3': ['sensor_size', 'price']}",C_ANYTHING_ELSE_AVAILABLE,CAMERA_1,NONE,Do you have any other cameras under $300,PRESENT_X,CAMERA_1,S_INTRODUCES_CAMERA,CAMERA_2,,Let me show you this. Here we have the Fujifilm Lumix ILC Camera.,PRESENT_X,CAMERA_2,39~64
70,13,CAMERA_2,"['CAMERA_3', 'CAMERA_1', 'CAMERA_2']","{'CAMERA_1': ['sensor_size', 'price', 'autofocus_points', 'weight', 'ISO'], 'CAMERA_2': ['price'], 'CAMERA_3': ['sensor_size', 'price']}",C_SILENT_OR_BACKCHANNEL,CAMERA_2,NONE,ok,PRESENT_X,CAMERA_2,S_INTRODUCES_FEATURE,CAMERA_2,price,This one costs $768.,PRESENT_X,CAMERA_2,15~19
70,14,CAMERA_2,"['CAMERA_3', 'CAMERA_1', 'CAMERA_2']","{'CAMERA_1': ['sensor_size', 'price', 'autofocus_points', 'weight', 'ISO'], 'CAMERA_2': ['price', 'long_exposure'], 'CAMERA_3': ['sensor_size', 'price']}",C_SILENT_OR_BACKCHANNEL,CAMERA_2,NONE,sounds good,PRESENT_X,CAMERA_2,S_INTRODUCES_FEATURE,CAMERA_2,long_exposure,This one can take long exposures up to 60 minutes max with bulb mode.,PRESENT_X,CAMERA_2,39~68
70,15,CAMERA_2,"['CAMERA_3', 'CAMERA_1', 'CAMERA_2']","{'CAMERA_1': ['sensor_size', 'price', 'autofocus_points', 'weight', 'ISO'], 'CAMERA_2': ['price', 'long_exposure', 'resolution'], 'CAMERA_3': ['sensor_size', 'price']}",C_SILENT_OR_BACKCHANNEL,CAMERA_2,NONE,let's see,PRESENT_X,CAMERA_2,S_INTRODUCES_FEATURE,CAMERA_2,resolution,This one has 23.8 megapixels resolution.,PRESENT_X,CAMERA_2,13~28
70,16,NONE,"['CAMERA_3', 'CAMERA_1', 'CAMERA_2']","{'CAMERA_1': ['sensor_size', 'price', 'autofocus_points', 'weight', 'ISO'], 'CAMERA_2': ['price', 'long_exposure', 'resolution'], 'CAMERA_3': ['sensor_size', 'price']}",C_THANK_YOU,CAMERA_2,NONE,helpful thank you,PRESENT_X,CAMERA_2,S_THANK_YOU,CAMERA_2,NONE,thank you very much.,FACE_TO_FACE,NONE,
70,17,NONE,"['CAMERA_3', 'CAMERA_1', 'CAMERA_2']","{'CAMERA_1': ['sensor_size', 'price', 'autofocus_points', 'weight', 'ISO'], 'CAMERA_2': ['price', 'long_exposure', 'resolution'], 'CAMERA_3': ['sensor_size', 'price']}",C_LEAVES,DOOR,NONE,,FACE_TO_FACE,NONE,S_RETURNS_TO_COUNTER,SERVICE_COUNTER,NONE,,WAITING,NONE,
71,1,NONE,[],"{'CAMERA_1': [], 'CAMERA_2': [], 'CAMERA_3': []}",C_ENTERS,DOOR,NONE,,WAITING,NONE,S_NONE,SERVICE_COUNTER,NONE,,WAITING,NONE,
71,2,NONE,[],"{'CAMERA_1': [], 'CAMERA_2': [], 'CAMERA_3': []}",C_GREETS,MIDDLE,NONE,excuse me,WAITING,NONE,S_GREETS,MIDDLE,NONE,can I help you?,FACE_TO_FACE,NONE,
71,3,CAMERA_3,['CAMERA_3'],"{'CAMERA_1': [], 'CAMERA_2': [], 'CAMERA_3': []}",C_LOOKING_FOR_A_CAMERA,MIDDLE,NONE,ho hey just looking for a camera something more high end,FACE_TO_FACE,NONE,S_INTRODUCES_CAMERA,CAMERA_3,,Let me show you this. Here we have the Fujifilm PowerShot ELPH S2800.,PRESENT_X,CAMERA_3,39~68
71,4,CAMERA_3,['CAMERA_3'],"{'CAMERA_1': [], 'CAMERA_2': [], 'CAMERA_3': ['color']}",C_QUESTION_ABOUT_FEATURE,CAMERA_3,color,what colors does it come in,PRESENT_X,CAMERA_3,S_ANSWERS_QUESTION_ABOUT_FEATURE,CAMERA_3,color,"This one comes in purple, white, silver, blue, red, or pink.",PRESENT_X,CAMERA_3,18~59
71,5,CAMERA_3,['CAMERA_3'],"{'CAMERA_1': [], 'CAMERA_2': [], 'CAMERA_3': ['color', 'weight']}",C_QUESTION_ABOUT_FEATURE,CAMERA_3,weight,it's way too heavy,PRESENT_X,CAMERA_3,S_ANSWERS_QUESTION_ABOUT_FEATURE,CAMERA_3,weight,This one weighs 820 grams.,PRESENT_X,CAMERA_3,16~25
71,6,CAMERA_3,['CAMERA_3'],"{'CAMERA_1': [], 'CAMERA_2': [], 'CAMERA_3': ['color', 'weight', 'effects']}",C_QUESTION_ABOUT_FEATURE,CAMERA_3,effects,what's an example of one of the effects,PRESENT_X,CAMERA_3,S_ANSWERS_QUESTION_ABOUT_FEATURE,CAMERA_3,effects,"This one has 21 photo effects (small face, retro, big eyes, etc.).",PRESENT_X,CAMERA_3,13~65
71,7,CAMERA_3,['CAMERA_3'],"{'CAMERA_1': [], 'CAMERA_2': [], 'CAMERA_3': ['color', 'weight', 'effects', 'price']}",C_QUESTION_ABOUT_FEATURE,CAMERA_3,price,what is the price of this camera,PRESENT_X,CAMERA_3,S_ANSWERS_QUESTION_ABOUT_FEATURE,CAMERA_3,price,This one costs $518.,PRESENT_X,CAMERA_3,15~19
71,8,CAMERA_3,['CAMERA_3'],"{'CAMERA_1': [], 'CAMERA_2': [], 'CAMERA_3': ['color', 'weight', 'effects', 'price', 'settings']}",C_QUESTION_ABOUT_FEATURE,CAMERA_3,settings,what manual settings can I control,PRESENT_X,CAMERA_3,S_ANSWERS_QUESTION_ABOUT_FEATURE,CAMERA_3,settings,"This one has manual control and various automatic settings (video modeburst shooting, etc.).",PRESENT_X,CAMERA_3,13~91
71,9,CAMERA_3,['CAMERA_3'],"{'CAMERA_1': [], 'CAMERA_2': [], 'CAMERA_3': ['color', 'weight', 'effects', 'price', 'settings', 'long_exposure']}",C_QUESTION_ABOUT_FEATURE,CAMERA_3,long_exposure,what about the exposure how long can I set it to,PRESENT_X,CAMERA_3,S_ANSWERS_QUESTION_ABOUT_FEATURE,CAMERA_3,long_exposure,This one can take long exposures up to 30 minutes max with bulb mode.,PRESENT_X,CAMERA_3,39~68
71,10,CAMERA_3,['CAMERA_3'],"{'CAMERA_1': [], 'CAMERA_2': [], 'CAMERA_3': ['color', 'weight', 'effects', 'price', 'settings', 'long_exposure', 'preset_modes']}",C_QUESTION_ABOUT_FEATURE,CAMERA_3,preset_modes,what about the modes,PRESENT_X,CAMERA_3,S_ANSWERS_QUESTION_ABOUT_FEATURE,CAMERA_3,preset_modes,This one has various preset modes.,PRESENT_X,CAMERA_3,13~33
71,11,CAMERA_3,['CAMERA_3'],"{'CAMERA_1': [], 'CAMERA_2': [], 'CAMERA_3': ['color', 'weight', 'effects', 'price', 'settings', 'long_exposure', 'preset_modes', 'autofocus_points']}",C_SILENT_OR_BACKCHANNEL,CAMERA_3,NONE,alright,PRESENT_X,CAMERA_3,S_INTRODUCES_FEATURE,CAMERA_3,autofocus_points,This one has 214 autofocus points.,PRESENT_X,CAMERA_3,13~33
71,12,CAMERA_3,['CAMERA_3'],"{'CAMERA_1': [], 'CAMERA_2': [], 'CAMERA_3': ['color', 'weight', 'effects', 'price', 'settings', 'long_exposure', 'preset_modes', 'autofocus_points', 'ISO']}",C_QUESTION_ABOUT_FEATURE,CAMERA_3,ISO,what is the ISO,PRESENT_X,CAMERA_3,S_ANSWERS_QUESTION_ABOUT_FEATURE,CAMERA_3,ISO,This one has up to 3200 ISO with little noise.,PRESENT_X,CAMERA_3,13~45
71,13,CAMERA_3,['CAMERA_3'],"{'CAMERA_1': [], 'CAMERA_2': [], 'CAMERA_3': ['color', 'weight', 'effects', 'price', 'settings', 'long_exposure', 'preset_modes', 'autofocus_points', 'ISO', 'resolution']}",C_SILENT_OR_BACKCHANNEL,CAMERA_3,NONE,nice,PRESENT_X,CAMERA_3,S_INTRODUCES_FEATURE,CAMERA_3,resolution,This one has 23.2 megapixels resolution.,PRESENT_X,CAMERA_3,13~28
71,14,CAMERA_3,['CAMERA_3'],"{'CAMERA_1': [], 'CAMERA_2': [], 'CAMERA_3': ['color', 'weight', 'effects', 'price', 'settings', 'long_exposure', 'preset_modes', 'autofocus_points', 'ISO', 'resolution', 'camera_type']}",C_SILENT_OR_BACKCHANNEL,CAMERA_3,NONE,ok,PRESENT_X,CAMERA_3,S_INTRODUCES_FEATURE,CAMERA_3,camera_type,This is a point and shoot camera.,PRESENT_X,CAMERA_3,10~25
71,15,CAMERA_3,['CAMERA_3'],"{'CAMERA_1': [], 'CAMERA_2': [], 'CAMERA_3': ['color', 'weight', 'effects', 'price', 'settings', 'long_exposure', 'preset_modes', 'autofocus_points', 'ISO', 'resolution', 'camera_type', 'sensor_size']}",C_QUESTION_ABOUT_FEATURE,CAMERA_3,sensor_size,is this camera fully automatic,PRESENT_X,CAMERA_3,S_ANSWERS_QUESTION_ABOUT_FEATURE,CAMERA_3,sensor_size,This one has a full frame.,PRESENT_X,CAMERA_3,15~25
71,16,CAMERA_3,['CAMERA_3'],"{'CAMERA_1': [], 'CAMERA_2': [], 'CAMERA_3': ['color', 'weight', 'effects', 'price', 'settings', 'long_exposure', 'preset_modes', 'autofocus_points', 'ISO', 'resolution', 'camera_type', 'sensor_size', 'optical_zoom']}",C_QUESTION_ABOUT_FEATURE,CAMERA_3,optical_zoom,how about the ability of fight for the zoom how much is optical zoom for this camera,PRESENT_X,CAMERA_3,S_NOT_SURE,CAMERA_3,,I'm not really sure about that.,PRESENT_X,CAMERA_3,
71,17,CAMERA_3,['CAMERA_3'],"{'CAMERA_1': [], 'CAMERA_2': [], 'CAMERA_3': ['color', 'weight', 'effects', 'price', 'settings', 'long_exposure', 'preset_modes', 'autofocus_points', 'ISO', 'resolution', 'camera_type', 'sensor_size', 'optical_zoom', 'color']}",C_QUESTION_ABOUT_FEATURE,CAMERA_3,color,tell me what color is this one comes in,PRESENT_X,CAMERA_3,S_ANSWERS_QUESTION_ABOUT_FEATURE,CAMERA_3,color,"This one comes in purple, white, silver, blue, red, or pink.",PRESENT_X,CAMERA_3,18~59
71,18,CAMERA_3,['CAMERA_3'],"{'CAMERA_1': [], 'CAMERA_2': [], 'CAMERA_3': ['color', 'weight', 'effects', 'price', 'settings', 'long_exposure', 'preset_modes', 'autofocus_points', 'ISO', 'resolution', 'camera_type', 'sensor_size', 'optical_zoom', 'color', 'color']}",C_SILENT_OR_BACKCHANNEL,CAMERA_3,NONE,IC,PRESENT_X,CAMERA_3,S_INTRODUCES_FEATURE,CAMERA_3,color,"This one comes in purple, white, silver, blue, red, or pink.",PRESENT_X,CAMERA_3,18~59
71,19,CAMERA_3,['CAMERA_3'],"{'CAMERA_1': [], 'CAMERA_2': [], 'CAMERA_3': ['color', 'weight', 'effects', 'price', 'settings', 'long_exposure', 'preset_modes', 'autofocus_points', 'ISO', 'resolution', 'camera_type', 'sensor_size', 'optical_zoom', 'color', 'color', 'settings']}",C_SILENT_OR_BACKCHANNEL,CAMERA_3,NONE,that's pretty funky,PRESENT_X,CAMERA_3,S_INTRODUCES_FEATURE,CAMERA_3,settings,"This one has manual control and various automatic settings (video modeburst shooting, etc.).",PRESENT_X,CAMERA_3,13~91
71,20,CAMERA_3,['CAMERA_3'],"{'CAMERA_1': [], 'CAMERA_2': [], 'CAMERA_3': ['color', 'weight', 'effects', 'price', 'settings', 'long_exposure', 'preset_modes', 'autofocus_points', 'ISO', 'resolution', 'camera_type', 'sensor_size', 'optical_zoom', 'color', 'color', 'settings', 'preset_modes']}",C_QUESTION_ABOUT_FEATURE,CAMERA_3,preset_modes,what about the present mode what is that,PRESENT_X,CAMERA_3,S_ANSWERS_QUESTION_ABOUT_FEATURE,CAMERA_3,preset_modes,This one has various preset modes.,PRESENT_X,CAMERA_3,13~33
71,21,CAMERA_3,['CAMERA_3'],"{'CAMERA_1': [], 'CAMERA_2': [], 'CAMERA_3': ['color', 'weight', 'effects', 'price', 'settings', 'long_exposure', 'preset_modes', 'autofocus_points', 'ISO', 'resolution', 'camera_type', 'sensor_size', 'optical_zoom', 'color', 'color', 'settings', 'preset_modes', 'resolution']}",C_QUESTION_ABOUT_FEATURE,CAMERA_3,resolution,and how many megapixels does it have,PRESENT_X,CAMERA_3,S_ANSWERS_QUESTION_ABOUT_FEATURE,CAMERA_3,resolution,This one has 23.2 megapixels resolution.,PRESENT_X,CAMERA_3,13~28
71,22,CAMERA_3,['CAMERA_3'],"{'CAMERA_1': [], 'CAMERA_2': [], 'CAMERA_3': ['color', 'weight', 'effects', 'price', 'settings', 'long_exposure', 'preset_modes', 'autofocus_points', 'ISO', 'resolution', 'camera_type', 'sensor_size', 'optical_zoom', 'color', 'color', 'settings', 'preset_modes', 'resolution', 'autofocus_points']}",C_QUESTION_ABOUT_FEATURE,CAMERA_3,autofocus_points,how many autofocus points does it have,PRESENT_X,CAMERA_3,S_ANSWERS_QUESTION_ABOUT_FEATURE,CAMERA_3,autofocus_points,This one has 214 autofocus points.,PRESENT_X,CAMERA_3,13~33
71,23,CAMERA_3,['CAMERA_3'],"{'CAMERA_1': [], 'CAMERA_2': [], 'CAMERA_3': ['color', 'weight', 'effects', 'price', 'settings', 'long_exposure', 'preset_modes', 'autofocus_points', 'ISO', 'resolution', 'camera_type', 'sensor_size', 'optical_zoom', 'color', 'color', 'settings', 'preset_modes', 'resolution', 'autofocus_points', 'resolution']}",C_SILENT_OR_BACKCHANNEL,CAMERA_3,NONE,that sounds good,PRESENT_X,CAMERA_3,S_INTRODUCES_FEATURE,CAMERA_3,resolution,This one has 23.2 megapixels resolution.,PRESENT_X,CAMERA_3,13~28
71,24,CAMERA_3,['CAMERA_3'],"{'CAMERA_1': [], 'CAMERA_2': [], 'CAMERA_3': ['color', 'weight', 'effects', 'price', 'settings', 'long_exposure', 'preset_modes', 'autofocus_points', 'ISO', 'resolution', 'camera_type', 'sensor_size', 'optical_zoom', 'color', 'color', 'settings', 'preset_modes', 'resolution', 'autofocus_points', 'resolution', 'preset_modes']}",C_SILENT_OR_BACKCHANNEL,CAMERA_3,NONE,ok,PRESENT_X,CAMERA_3,S_INTRODUCES_FEATURE,CAMERA_3,preset_modes,This one has various preset modes.,PRESENT_X,CAMERA_3,13~33
71,25,CAMERA_1,"['CAMERA_3', 'CAMERA_1']","{'CAMERA_1': [], 'CAMERA_2': [], 'CAMERA_3': ['color', 'weight', 'effects', 'price', 'settings', 'long_exposure', 'preset_modes', 'autofocus_points', 'ISO', 'resolution', 'camera_type', 'sensor_size', 'optical_zoom', 'color', 'color', 'settings', 'preset_modes', 'resolution', 'autofocus_points', 'resolution', 'preset_modes']}",C_ANYTHING_ELSE_AVAILABLE,CAMERA_3,NONE,ok do you have any other cameras,PRESENT_X,CAMERA_3,S_INTRODUCES_CAMERA,CAMERA_1,,Let me show you this. Here we have the Sony PowerShot ELPH DMC-ZS3.,PRESENT_X,CAMERA_1,39~66
71,26,CAMERA_1,"['CAMERA_3', 'CAMERA_1']","{'CAMERA_1': ['camera_type'], 'CAMERA_2': [], 'CAMERA_3': ['color', 'weight', 'effects', 'price', 'settings', 'long_exposure', 'preset_modes', 'autofocus_points', 'ISO', 'resolution', 'camera_type', 'sensor_size', 'optical_zoom', 'color', 'color', 'settings', 'preset_modes', 'resolution', 'autofocus_points', 'resolution', 'preset_modes']}",C_QUESTION_ABOUT_FEATURE,CAMERA_1,camera_type,Is this a mirrorless camera?,PRESENT_X,CAMERA_1,S_ANSWERS_QUESTION_ABOUT_FEATURE,CAMERA_1,camera_type,This is a DSLR camera.,PRESENT_X,CAMERA_1,10~14
71,27,CAMERA_1,"['CAMERA_3', 'CAMERA_1']","{'CAMERA_1': ['camera_type', 'resolution'], 'CAMERA_2': [], 'CAMERA_3': ['color', 'weight', 'effects', 'price', 'settings', 'long_exposure', 'preset_modes', 'autofocus_points', 'ISO', 'resolution', 'camera_type', 'sensor_size', 'optical_zoom', 'color', 'color', 'settings', 'preset_modes', 'resolution', 'autofocus_points', 'resolution', 'preset_modes']}",C_SILENT_OR_BACKCHANNEL,CAMERA_1,NONE,that sounds great although having a look for myself and diamonds and,PRESENT_X,CAMERA_1,S_INTRODUCES_FEATURE,CAMERA_1,resolution,This one has 17.8 megapixels resolution.,PRESENT_X,CAMERA_1,13~28
71,28,CAMERA_1,"['CAMERA_3', 'CAMERA_1']","{'CAMERA_1': ['camera_type', 'resolution', 'preset_modes'], 'CAMERA_2': [], 'CAMERA_3': ['color', 'weight', 'effects', 'price', 'settings', 'long_exposure', 'preset_modes', 'autofocus_points', 'ISO', 'resolution', 'camera_type', 'sensor_size', 'optical_zoom', 'color', 'color', 'settings', 'preset_modes', 'resolution', 'autofocus_points', 'resolution', 'preset_modes']}",C_QUESTION_ABOUT_FEATURE,CAMERA_1,preset_modes,does it have any preset mode ready to use,PRESENT_X,CAMERA_1,S_NOT_SURE,CAMERA_1,,I'm not really sure about that.,PRESENT_X,CAMERA_1,
71,29,CAMERA_1,"['CAMERA_3', 'CAMERA_1']","{'CAMERA_1': ['camera_type', 'resolution', 'preset_modes', 'settings'], 'CAMERA_2': [], 'CAMERA_3': ['color', 'weight', 'effects', 'price', 'settings', 'long_exposure', 'preset_modes', 'autofocus_points', 'ISO', 'resolution', 'camera_type', 'sensor_size', 'optical_zoom', 'color', 'color', 'settings', 'preset_modes', 'resolution', 'autofocus_points', 'resolution', 'preset_modes']}",C_QUESTION_ABOUT_FEATURE,CAMERA_1,settings,ok and manual settings how many manual settings does it have,PRESENT_X,CAMERA_1,S_ANSWERS_QUESTION_ABOUT_FEATURE,CAMERA_1,settings,This one has limited manual settings.,PRESENT_X,CAMERA_1,13~36
71,30,CAMERA_1,"['CAMERA_3', 'CAMERA_1']","{'CAMERA_1': ['camera_type', 'resolution', 'preset_modes', 'settings', 'weight'], 'CAMERA_2': [], 'CAMERA_3': ['color', 'weight', 'effects', 'price', 'settings', 'long_exposure', 'preset_modes', 'autofocus_points', 'ISO', 'resolution', 'camera_type', 'sensor_size', 'optical_zoom', 'color', 'color', 'settings', 'preset_modes', 'resolution', 'autofocus_points', 'resolution', 'preset_modes']}",C_QUESTION_ABOUT_FEATURE,CAMERA_1,weight,it's lightweight how much does it weigh,PRESENT_X,CAMERA_1,S_ANSWERS_QUESTION_ABOUT_FEATURE,CAMERA_1,weight,This one weighs 800 grams.,PRESENT_X,CAMERA_1,16~25
71,31,CAMERA_1,"['CAMERA_3', 'CAMERA_1']","{'CAMERA_1': ['camera_type', 'resolution', 'preset_modes', 'settings', 'weight', 'ISO'], 'CAMERA_2': [], 'CAMERA_3': ['color', 'weight', 'effects', 'price', 'settings', 'long_exposure', 'preset_modes', 'autofocus_points', 'ISO', 'resolution', 'camera_type', 'sensor_size', 'optical_zoom', 'color', 'color', 'settings', 'preset_modes', 'resolution', 'autofocus_points', 'resolution', 'preset_modes']}",C_QUESTION_ABOUT_FEATURE,CAMERA_1,ISO,how is the ISO performance,PRESENT_X,CAMERA_1,S_ANSWERS_QUESTION_ABOUT_FEATURE,CAMERA_1,ISO,This one has up to 51200 ISO.,PRESENT_X,CAMERA_1,13~28
71,32,CAMERA_1,"['CAMERA_3', 'CAMERA_1']","{'CAMERA_1': ['camera_type', 'resolution', 'preset_modes', 'settings', 'weight', 'ISO', 'optical_zoom'], 'CAMERA_2': [], 'CAMERA_3': ['color', 'weight', 'effects', 'price', 'settings', 'long_exposure', 'preset_modes', 'autofocus_points', 'ISO', 'resolution', 'camera_type', 'sensor_size', 'optical_zoom', 'color', 'color', 'settings', 'preset_modes', 'resolution', 'autofocus_points', 'resolution', 'preset_modes']}",C_QUESTION_ABOUT_FEATURE,CAMERA_1,optical_zoom,how good is it for the optical zoom ,PRESENT_X,CAMERA_1,S_ANSWERS_QUESTION_ABOUT_FEATURE,CAMERA_1,optical_zoom,This one has 21x optical zoom.,PRESENT_X,CAMERA_1,13~29
71,33,CAMERA_1,"['CAMERA_3', 'CAMERA_1']","{'CAMERA_1': ['camera_type', 'resolution', 'preset_modes', 'settings', 'weight', 'ISO', 'optical_zoom', 'autofocus_points'], 'CAMERA_2': [], 'CAMERA_3': ['color', 'weight', 'effects', 'price', 'settings', 'long_exposure', 'preset_modes', 'autofocus_points', 'ISO', 'resolution', 'camera_type', 'sensor_size', 'optical_zoom', 'color', 'color', 'settings', 'preset_modes', 'resolution', 'autofocus_points', 'resolution', 'preset_modes']}",C_QUESTION_ABOUT_FEATURE,CAMERA_1,autofocus_points,how many auto focus points does this camera have,PRESENT_X,CAMERA_1,S_ANSWERS_QUESTION_ABOUT_FEATURE,CAMERA_1,autofocus_points,This one has 135 autofocus points.,PRESENT_X,CAMERA_1,13~33
71,34,CAMERA_1,"['CAMERA_3', 'CAMERA_1']","{'CAMERA_1': ['camera_type', 'resolution', 'preset_modes', 'settings', 'weight', 'ISO', 'optical_zoom', 'autofocus_points', 'long_exposure'], 'CAMERA_2': [], 'CAMERA_3': ['color', 'weight', 'effects', 'price', 'settings', 'long_exposure', 'preset_modes', 'autofocus_points', 'ISO', 'resolution', 'camera_type', 'sensor_size', 'optical_zoom', 'color', 'color', 'settings', 'preset_modes', 'resolution', 'autofocus_points', 'resolution', 'preset_modes']}",C_QUESTION_ABOUT_FEATURE,CAMERA_1,long_exposure,There is time when I need to open the shutter for longer than 30 seconds is it possible with this camera,PRESENT_X,CAMERA_1,S_ANSWERS_QUESTION_ABOUT_FEATURE,CAMERA_1,long_exposure,This one can take long exposures up to up to 15 seconds with Long Shutter Mode.,PRESENT_X,CAMERA_1,39~78
71,35,CAMERA_1,"['CAMERA_3', 'CAMERA_1']","{'CAMERA_1': ['camera_type', 'resolution', 'preset_modes', 'settings', 'weight', 'ISO', 'optical_zoom', 'autofocus_points', 'long_exposure', 'effects'], 'CAMERA_2': [], 'CAMERA_3': ['color', 'weight', 'effects', 'price', 'settings', 'long_exposure', 'preset_modes', 'autofocus_points', 'ISO', 'resolution', 'camera_type', 'sensor_size', 'optical_zoom', 'color', 'color', 'settings', 'preset_modes', 'resolution', 'autofocus_points', 'resolution', 'preset_modes']}",C_SILENT_OR_BACKCHANNEL,CAMERA_1,NONE,ok,PRESENT_X,CAMERA_1,S_INTRODUCES_FEATURE,CAMERA_1,effects,"This one has 24 glamor retouch effects (miniature, retro, toy camera, etc.).",PRESENT_X,CAMERA_1,13~75
71,36,CAMERA_1,"['CAMERA_3', 'CAMERA_1']","{'CAMERA_1': ['camera_type', 'resolution', 'preset_modes', 'settings', 'weight', 'ISO', 'optical_zoom', 'autofocus_points', 'long_exposure', 'effects', 'sensor_size'], 'CAMERA_2': [], 'CAMERA_3': ['color', 'weight', 'effects', 'price', 'settings', 'long_exposure', 'preset_modes', 'autofocus_points', 'ISO', 'resolution', 'camera_type', 'sensor_size', 'optical_zoom', 'color', 'color', 'settings', 'preset_modes', 'resolution', 'autofocus_points', 'resolution', 'preset_modes']}",C_QUESTION_ABOUT_FEATURE,CAMERA_1,sensor_size,what is the sensor size,PRESENT_X,CAMERA_1,S_ANSWERS_QUESTION_ABOUT_FEATURE,CAMERA_1,sensor_size,This one has a 1/2.3 inch CMOS sensor.,PRESENT_X,CAMERA_1,15~37
71,37,CAMERA_1,"['CAMERA_3', 'CAMERA_1']","{'CAMERA_1': ['camera_type', 'resolution', 'preset_modes', 'settings', 'weight', 'ISO', 'optical_zoom', 'autofocus_points', 'long_exposure', 'effects', 'sensor_size', 'color'], 'CAMERA_2': [], 'CAMERA_3': ['color', 'weight', 'effects', 'price', 'settings', 'long_exposure', 'preset_modes', 'autofocus_points', 'ISO', 'resolution', 'camera_type', 'sensor_size', 'optical_zoom', 'color', 'color', 'settings', 'preset_modes', 'resolution', 'autofocus_points', 'resolution', 'preset_modes']}",C_SILENT_OR_BACKCHANNEL,CAMERA_1,NONE,IC,PRESENT_X,CAMERA_1,S_INTRODUCES_FEATURE,CAMERA_1,color,This one comes in blue or black.,PRESENT_X,CAMERA_1,18~31
71,38,CAMERA_1,"['CAMERA_3', 'CAMERA_1']","{'CAMERA_1': ['camera_type', 'resolution', 'preset_modes', 'settings', 'weight', 'ISO', 'optical_zoom', 'autofocus_points', 'long_exposure', 'effects', 'sensor_size', 'color', 'price'], 'CAMERA_2': [], 'CAMERA_3': ['color', 'weight', 'effects', 'price', 'settings', 'long_exposure', 'preset_modes', 'autofocus_points', 'ISO', 'resolution', 'camera_type', 'sensor_size', 'optical_zoom', 'color', 'color', 'settings', 'preset_modes', 'resolution', 'autofocus_points', 'resolution', 'preset_modes']}",C_QUESTION_ABOUT_FEATURE,CAMERA_1,price,what is the price of this camera,PRESENT_X,CAMERA_1,S_ANSWERS_QUESTION_ABOUT_FEATURE,CAMERA_1,price,This one costs $450.,PRESENT_X,CAMERA_1,15~19
71,39,CAMERA_1,"['CAMERA_3', 'CAMERA_1']","{'CAMERA_1': ['camera_type', 'resolution', 'preset_modes', 'settings', 'weight', 'ISO', 'optical_zoom', 'autofocus_points', 'long_exposure', 'effects', 'sensor_size', 'color', 'price', 'weight'], 'CAMERA_2': [], 'CAMERA_3': ['color', 'weight', 'effects', 'price', 'settings', 'long_exposure', 'preset_modes', 'autofocus_points', 'ISO', 'resolution', 'camera_type', 'sensor_size', 'optical_zoom', 'color', 'color', 'settings', 'preset_modes', 'resolution', 'autofocus_points', 'resolution', 'preset_modes']}",C_QUESTION_ABOUT_FEATURE,CAMERA_1,weight,what about the way this is a lighter is it heavy,PRESENT_X,CAMERA_1,S_ANSWERS_QUESTION_ABOUT_FEATURE,CAMERA_1,weight,This one weighs 800 grams.,PRESENT_X,CAMERA_1,16~25
71,40,CAMERA_1,"['CAMERA_3', 'CAMERA_1']","{'CAMERA_1': ['camera_type', 'resolution', 'preset_modes', 'settings', 'weight', 'ISO', 'optical_zoom', 'autofocus_points', 'long_exposure', 'effects', 'sensor_size', 'color', 'price', 'weight', 'effects'], 'CAMERA_2': [], 'CAMERA_3': ['color', 'weight', 'effects', 'price', 'settings', 'long_exposure', 'preset_modes', 'autofocus_points', 'ISO', 'resolution', 'camera_type', 'sensor_size', 'optical_zoom', 'color', 'color', 'settings', 'preset_modes', 'resolution', 'autofocus_points', 'resolution', 'preset_modes']}",C_SILENT_OR_BACKCHANNEL,CAMERA_1,NONE,okay,PRESENT_X,CAMERA_1,S_INTRODUCES_FEATURE,CAMERA_1,effects,"This one has 24 glamor retouch effects (miniature, retro, toy camera, etc.).",PRESENT_X,CAMERA_1,13~75
71,41,CAMERA_1,"['CAMERA_3', 'CAMERA_1']","{'CAMERA_1': ['camera_type', 'resolution', 'preset_modes', 'settings', 'weight', 'ISO', 'optical_zoom', 'autofocus_points', 'long_exposure', 'effects', 'sensor_size', 'color', 'price', 'weight', 'effects', 'color'], 'CAMERA_2': [], 'CAMERA_3': ['color', 'weight', 'effects', 'price', 'settings', 'long_exposure', 'preset_modes', 'autofocus_points', 'ISO', 'resolution', 'camera_type', 'sensor_size', 'optical_zoom', 'color', 'color', 'settings', 'preset_modes', 'resolution', 'autofocus_points', 'resolution', 'preset_modes']}",C_QUESTION_ABOUT_FEATURE,CAMERA_1,color,in how many colors does it come in,PRESENT_X,CAMERA_1,S_ANSWERS_QUESTION_ABOUT_FEATURE,CAMERA_1,color,This one comes in blue or black.,PRESENT_X,CAMERA_1,18~31
71,42,CAMERA_2,"['CAMERA_3', 'CAMERA_1', 'CAMERA_2']","{'CAMERA_1': ['camera_type', 'resolution', 'preset_modes', 'settings', 'weight', 'ISO', 'optical_zoom', 'autofocus_points', 'long_exposure', 'effects', 'sensor_size', 'color', 'price', 'weight', 'effects', 'color'], 'CAMERA_2': [], 'CAMERA_3': ['color', 'weight', 'effects', 'price', 'settings', 'long_exposure', 'preset_modes', 'autofocus_points', 'ISO', 'resolution', 'camera_type', 'sensor_size', 'optical_zoom', 'color', 'color', 'settings', 'preset_modes', 'resolution', 'autofocus_points', 'resolution', 'preset_modes']}",C_ANYTHING_ELSE_AVAILABLE,CAMERA_1,NONE,So this is the only model you have in your shop,PRESENT_X,CAMERA_1,S_INTRODUCES_CAMERA,CAMERA_2,,Let me show you this. Here we have the Fujifilm Lumix ILC Camera.,PRESENT_X,CAMERA_2,39~64
71,43,CAMERA_2,"['CAMERA_3', 'CAMERA_1', 'CAMERA_2']","{'CAMERA_1': ['camera_type', 'resolution', 'preset_modes', 'settings', 'weight', 'ISO', 'optical_zoom', 'autofocus_points', 'long_exposure', 'effects', 'sensor_size', 'color', 'price', 'weight', 'effects', 'color'], 'CAMERA_2': ['resolution'], 'CAMERA_3': ['color', 'weight', 'effects', 'price', 'settings', 'long_exposure', 'preset_modes', 'autofocus_points', 'ISO', 'resolution', 'camera_type', 'sensor_size', 'optical_zoom', 'color', 'color', 'settings', 'preset_modes', 'resolution', 'autofocus_points', 'resolution', 'preset_modes']}",C_SILENT_OR_BACKCHANNEL,CAMERA_2,NONE,IC,PRESENT_X,CAMERA_2,S_INTRODUCES_FEATURE,CAMERA_2,resolution,This one has 23.8 megapixels resolution.,PRESENT_X,CAMERA_2,13~28
71,44,NONE,"['CAMERA_3', 'CAMERA_1', 'CAMERA_2']","{'CAMERA_1': ['camera_type', 'resolution', 'preset_modes', 'settings', 'weight', 'ISO', 'optical_zoom', 'autofocus_points', 'long_exposure', 'effects', 'sensor_size', 'color', 'price', 'weight', 'effects', 'color'], 'CAMERA_2': ['resolution'], 'CAMERA_3': ['color', 'weight', 'effects', 'price', 'settings', 'long_exposure', 'preset_modes', 'autofocus_points', 'ISO', 'resolution', 'camera_type', 'sensor_size', 'optical_zoom', 'color', 'color', 'settings', 'preset_modes', 'resolution', 'autofocus_points', 'resolution', 'preset_modes']}",C_THANK_YOU,CAMERA_2,NONE,ok thanks,PRESENT_X,CAMERA_2,S_THANK_YOU,CAMERA_2,NONE,thank you very much.,FACE_TO_FACE,NONE,
71,45,NONE,"['CAMERA_3', 'CAMERA_1', 'CAMERA_2']","{'CAMERA_1': ['camera_type', 'resolution', 'preset_modes', 'settings', 'weight', 'ISO', 'optical_zoom', 'autofocus_points', 'long_exposure', 'effects', 'sensor_size', 'color', 'price', 'weight', 'effects', 'color'], 'CAMERA_2': ['resolution'], 'CAMERA_3': ['color', 'weight', 'effects', 'price', 'settings', 'long_exposure', 'preset_modes', 'autofocus_points', 'ISO', 'resolution', 'camera_type', 'sensor_size', 'optical_zoom', 'color', 'color', 'settings', 'preset_modes', 'resolution', 'autofocus_points', 'resolution', 'preset_modes']}",C_LEAVES,DOOR,NONE,,FACE_TO_FACE,NONE,S_RETURNS_TO_COUNTER,SERVICE_COUNTER,NONE,,WAITING,NONE,
72,1,NONE,[],"{'CAMERA_1': [], 'CAMERA_2': [], 'CAMERA_3': []}",C_ENTERS,DOOR,NONE,,WAITING,NONE,S_NONE,SERVICE_COUNTER,NONE,,WAITING,NONE,
72,2,NONE,[],"{'CAMERA_1': [], 'CAMERA_2': [], 'CAMERA_3': []}",C_GREETS,MIDDLE,NONE,excuse me,WAITING,NONE,S_GREETS,MIDDLE,NONE,can I help you?,FACE_TO_FACE,NONE,
72,3,CAMERA_3,['CAMERA_3'],"{'CAMERA_1': [], 'CAMERA_2': [], 'CAMERA_3': []}",C_LOOKING_FOR_A_CAMERA,MIDDLE,NONE,I'm looking for a camera for taking pictures in concerts,FACE_TO_FACE,NONE,S_INTRODUCES_CAMERA,CAMERA_3,,Let me show you this. Here we have the Fujifilm PowerShot ELPH S2800.,PRESENT_X,CAMERA_3,39~68
72,4,CAMERA_3,['CAMERA_3'],"{'CAMERA_1': [], 'CAMERA_2': [], 'CAMERA_3': ['price']}",C_SILENT_OR_BACKCHANNEL,CAMERA_3,NONE,IC,PRESENT_X,CAMERA_3,S_INTRODUCES_FEATURE,CAMERA_3,price,This one costs $518.,PRESENT_X,CAMERA_3,15~19
72,5,CAMERA_1,"['CAMERA_3', 'CAMERA_1']","{'CAMERA_1': [], 'CAMERA_2': [], 'CAMERA_3': ['price']}",C_ANYTHING_ELSE_AVAILABLE,CAMERA_3,NONE,do you have any other cameras like this,PRESENT_X,CAMERA_3,S_INTRODUCES_CAMERA,CAMERA_1,,Let me show you this. Here we have the Sony PowerShot ELPH DMC-ZS3.,PRESENT_X,CAMERA_1,39~66
72,6,CAMERA_1,"['CAMERA_3', 'CAMERA_1']","{'CAMERA_1': ['sensor_size'], 'CAMERA_2': [], 'CAMERA_3': ['price']}",C_QUESTION_ABOUT_FEATURE,CAMERA_1,sensor_size,what is this camera sensor size,PRESENT_X,CAMERA_1,S_ANSWERS_QUESTION_ABOUT_FEATURE,CAMERA_1,sensor_size,This one has a 1/2.3 inch CMOS sensor.,PRESENT_X,CAMERA_1,15~37
72,7,CAMERA_1,"['CAMERA_3', 'CAMERA_1']","{'CAMERA_1': ['sensor_size', 'ISO'], 'CAMERA_2': [], 'CAMERA_3': ['price']}",C_QUESTION_ABOUT_FEATURE,CAMERA_1,ISO,and how high does the iso good,PRESENT_X,CAMERA_1,S_ANSWERS_QUESTION_ABOUT_FEATURE,CAMERA_1,ISO,This one has up to 51200 ISO.,PRESENT_X,CAMERA_1,13~28
72,8,CAMERA_1,"['CAMERA_3', 'CAMERA_1']","{'CAMERA_1': ['sensor_size', 'ISO', 'resolution'], 'CAMERA_2': [], 'CAMERA_3': ['price']}",C_QUESTION_ABOUT_FEATURE,CAMERA_1,resolution,what about the resolution of this camera,PRESENT_X,CAMERA_1,S_ANSWERS_QUESTION_ABOUT_FEATURE,CAMERA_1,resolution,This one has 17.8 megapixels resolution.,PRESENT_X,CAMERA_1,13~28
72,9,CAMERA_1,"['CAMERA_3', 'CAMERA_1']","{'CAMERA_1': ['sensor_size', 'ISO', 'resolution', 'autofocus_points'], 'CAMERA_2': [], 'CAMERA_3': ['price']}",C_QUESTION_ABOUT_FEATURE,CAMERA_1,autofocus_points,how many auto focus points does this one have again,PRESENT_X,CAMERA_1,S_ANSWERS_QUESTION_ABOUT_FEATURE,CAMERA_1,autofocus_points,This one has 135 autofocus points.,PRESENT_X,CAMERA_1,13~33
72,10,CAMERA_1,"['CAMERA_3', 'CAMERA_1']","{'CAMERA_1': ['sensor_size', 'ISO', 'resolution', 'autofocus_points', 'long_exposure'], 'CAMERA_2': [], 'CAMERA_3': ['price']}",C_SILENT_OR_BACKCHANNEL,CAMERA_1,NONE,ic,PRESENT_X,CAMERA_1,S_INTRODUCES_FEATURE,CAMERA_1,long_exposure,This one can take long exposures up to up to 15 seconds with Long Shutter Mode.,PRESENT_X,CAMERA_1,39~78
72,11,CAMERA_2,"['CAMERA_3', 'CAMERA_1', 'CAMERA_2']","{'CAMERA_1': ['sensor_size', 'ISO', 'resolution', 'autofocus_points', 'long_exposure'], 'CAMERA_2': [], 'CAMERA_3': ['price']}",C_ANYTHING_ELSE_AVAILABLE,CAMERA_1,NONE,do you have anything better than this,PRESENT_X,CAMERA_1,S_INTRODUCES_CAMERA,CAMERA_2,,Let me show you this. Here we have the Fujifilm Lumix ILC Camera.,PRESENT_X,CAMERA_2,39~64
72,12,CAMERA_2,"['CAMERA_3', 'CAMERA_1', 'CAMERA_2']","{'CAMERA_1': ['sensor_size', 'ISO', 'resolution', 'autofocus_points', 'long_exposure'], 'CAMERA_2': ['price'], 'CAMERA_3': ['price']}",C_QUESTION_ABOUT_FEATURE,CAMERA_2,price,how much does this cost,PRESENT_X,CAMERA_2,S_ANSWERS_QUESTION_ABOUT_FEATURE,CAMERA_2,price,This one costs $768.,PRESENT_X,CAMERA_2,15~19
72,13,NONE,"['CAMERA_3', 'CAMERA_1', 'CAMERA_2']","{'CAMERA_1': ['sensor_size', 'ISO', 'resolution', 'autofocus_points', 'long_exposure'], 'CAMERA_2': ['price'], 'CAMERA_3': ['price']}",C_THANK_YOU,CAMERA_2,NONE,okay well thank you very much sir I've been very helpful,PRESENT_X,CAMERA_2,S_THANK_YOU,CAMERA_2,NONE,thank you very much.,FACE_TO_FACE,NONE,
72,14,NONE,"['CAMERA_3', 'CAMERA_1', 'CAMERA_2']","{'CAMERA_1': ['sensor_size', 'ISO', 'resolution', 'autofocus_points', 'long_exposure'], 'CAMERA_2': ['price'], 'CAMERA_3': ['price']}",C_LEAVES,DOOR,NONE,,FACE_TO_FACE,NONE,S_RETURNS_TO_COUNTER,SERVICE_COUNTER,NONE,,WAITING,NONE,
73,1,NONE,[],"{'CAMERA_1': [], 'CAMERA_2': [], 'CAMERA_3': []}",C_ENTERS,DOOR,NONE,,WAITING,NONE,S_NONE,SERVICE_COUNTER,NONE,,WAITING,NONE,
73,2,NONE,[],"{'CAMERA_1': [], 'CAMERA_2': [], 'CAMERA_3': []}",C_GREETS,MIDDLE,NONE,excuse me,WAITING,NONE,S_GREETS,MIDDLE,NONE,can I help you?,FACE_TO_FACE,NONE,
73,3,CAMERA_2,['CAMERA_2'],"{'CAMERA_1': [], 'CAMERA_2': [], 'CAMERA_3': []}",C_LOOKING_FOR_A_CAMERA,MIDDLE,NONE,I just want to take a quick look at your cameras,FACE_TO_FACE,NONE,S_INTRODUCES_CAMERA,CAMERA_2,,Let me show you this. Here we have the Fujifilm Lumix ILC Camera.,PRESENT_X,CAMERA_2,39~64
73,4,CAMERA_2,['CAMERA_2'],"{'CAMERA_1': [], 'CAMERA_2': ['effects'], 'CAMERA_3': []}",C_QUESTION_ABOUT_FEATURE,CAMERA_2,effects,what is about the artistic effect mode,PRESENT_X,CAMERA_2,S_ANSWERS_QUESTION_ABOUT_FEATURE,CAMERA_2,effects,"This one has 24 artistic effect modes (retro, lighter or darker skin tones, sepia, etc.).",PRESENT_X,CAMERA_2,13~88
73,5,CAMERA_1,"['CAMERA_2', 'CAMERA_1']","{'CAMERA_1': [], 'CAMERA_2': ['effects'], 'CAMERA_3': []}",C_ANYTHING_ELSE_AVAILABLE,CAMERA_2,NONE,ok do you have any other cameras that can just look at,PRESENT_X,CAMERA_2,S_INTRODUCES_CAMERA,CAMERA_1,,Let me show you this. Here we have the Sony PowerShot ELPH DMC-ZS3.,PRESENT_X,CAMERA_1,39~66
73,6,CAMERA_1,"['CAMERA_2', 'CAMERA_1']","{'CAMERA_1': ['optical_zoom'], 'CAMERA_2': ['effects'], 'CAMERA_3': []}",C_SILENT_OR_BACKCHANNEL,CAMERA_1,NONE,IC,PRESENT_X,CAMERA_1,S_INTRODUCES_FEATURE,CAMERA_1,optical_zoom,This one has 21x optical zoom.,PRESENT_X,CAMERA_1,13~29
73,7,CAMERA_1,"['CAMERA_2', 'CAMERA_1']","{'CAMERA_1': ['optical_zoom', 'preset_modes'], 'CAMERA_2': ['effects'], 'CAMERA_3': []}",C_QUESTION_ABOUT_FEATURE,CAMERA_1,preset_modes,what's bulb mode,PRESENT_X,CAMERA_1,S_NOT_SURE,CAMERA_1,,I'm not really sure about that.,PRESENT_X,CAMERA_1,
73,8,CAMERA_1,"['CAMERA_2', 'CAMERA_1']","{'CAMERA_1': ['optical_zoom', 'preset_modes', 'camera_type'], 'CAMERA_2': ['effects'], 'CAMERA_3': []}",C_SILENT_OR_BACKCHANNEL,CAMERA_1,NONE,yeah,PRESENT_X,CAMERA_1,S_INTRODUCES_FEATURE,CAMERA_1,camera_type,This is a DSLR camera.,PRESENT_X,CAMERA_1,10~14
73,9,CAMERA_1,"['CAMERA_2', 'CAMERA_1']","{'CAMERA_1': ['optical_zoom', 'preset_modes', 'camera_type', 'sensor_size'], 'CAMERA_2': ['effects'], 'CAMERA_3': []}",C_SILENT_OR_BACKCHANNEL,CAMERA_1,NONE,I see AA ok,PRESENT_X,CAMERA_1,S_INTRODUCES_FEATURE,CAMERA_1,sensor_size,This one has a 1/2.3 inch CMOS sensor.,PRESENT_X,CAMERA_1,15~37
73,10,NONE,"['CAMERA_2', 'CAMERA_1']","{'CAMERA_1': ['optical_zoom', 'preset_modes', 'camera_type', 'sensor_size'], 'CAMERA_2': ['effects'], 'CAMERA_3': []}",C_THANK_YOU,CAMERA_1,NONE,thank you,PRESENT_X,CAMERA_1,S_THANK_YOU,CAMERA_1,NONE,thank you very much.,FACE_TO_FACE,NONE,
73,11,NONE,"['CAMERA_2', 'CAMERA_1']","{'CAMERA_1': ['optical_zoom', 'preset_modes', 'camera_type', 'sensor_size'], 'CAMERA_2': ['effects'], 'CAMERA_3': []}",C_LEAVES,DOOR,NONE,,FACE_TO_FACE,NONE,S_RETURNS_TO_COUNTER,SERVICE_COUNTER,NONE,,WAITING,NONE,
74,1,NONE,[],"{'CAMERA_1': [], 'CAMERA_2': [], 'CAMERA_3': []}",C_ENTERS,DOOR,NONE,,WAITING,NONE,S_NONE,SERVICE_COUNTER,NONE,,WAITING,NONE,
74,2,NONE,[],"{'CAMERA_1': [], 'CAMERA_2': [], 'CAMERA_3': []}",C_GREETS,MIDDLE,NONE,excuse me,WAITING,NONE,S_GREETS,MIDDLE,NONE,can I help you?,FACE_TO_FACE,NONE,
74,3,CAMERA_2,['CAMERA_2'],"{'CAMERA_1': [], 'CAMERA_2': [], 'CAMERA_3': []}",C_LOOKING_FOR_A_CAMERA,MIDDLE,NONE,I'm looking for a camera for outdoor shooting this this is how is it good for outdoor shooting,FACE_TO_FACE,NONE,S_INTRODUCES_CAMERA,CAMERA_2,,Let me show you this. Here we have the Fujifilm Lumix ILC Camera.,PRESENT_X,CAMERA_2,39~64
74,4,CAMERA_2,['CAMERA_2'],"{'CAMERA_1': [], 'CAMERA_2': ['color'], 'CAMERA_3': []}",C_SILENT_OR_BACKCHANNEL,CAMERA_2,NONE,that looks good,PRESENT_X,CAMERA_2,S_INTRODUCES_FEATURE,CAMERA_2,color,This one comes in white or pink.,PRESENT_X,CAMERA_2,18~31
74,5,CAMERA_2,['CAMERA_2'],"{'CAMERA_1': [], 'CAMERA_2': ['color', 'price'], 'CAMERA_3': []}",C_QUESTION_ABOUT_FEATURE,CAMERA_2,price,what is the price on this camera,PRESENT_X,CAMERA_2,S_ANSWERS_QUESTION_ABOUT_FEATURE,CAMERA_2,price,This one costs $768.,PRESENT_X,CAMERA_2,15~19
74,6,CAMERA_2,['CAMERA_2'],"{'CAMERA_1': [], 'CAMERA_2': ['color', 'price', 'sensor_size'], 'CAMERA_3': []}",C_QUESTION_ABOUT_FEATURE,CAMERA_2,sensor_size,and how about the census for this,PRESENT_X,CAMERA_2,S_ANSWERS_QUESTION_ABOUT_FEATURE,CAMERA_2,sensor_size,This one has a 1/2.33 inch sensor.,PRESENT_X,CAMERA_2,15~33
74,7,NONE,['CAMERA_2'],"{'CAMERA_1': [], 'CAMERA_2': ['color', 'price', 'sensor_size'], 'CAMERA_3': []}",C_THANK_YOU,CAMERA_2,NONE,thank you,PRESENT_X,CAMERA_2,S_THANK_YOU,CAMERA_2,NONE,thank you very much.,FACE_TO_FACE,NONE,
74,8,NONE,['CAMERA_2'],"{'CAMERA_1': [], 'CAMERA_2': ['color', 'price', 'sensor_size'], 'CAMERA_3': []}",C_LEAVES,DOOR,NONE,,FACE_TO_FACE,NONE,S_RETURNS_TO_COUNTER,SERVICE_COUNTER,NONE,,WAITING,NONE,
75,1,NONE,[],"{'CAMERA_1': [], 'CAMERA_2': [], 'CAMERA_3': []}",C_ENTERS,DOOR,NONE,,WAITING,NONE,S_NONE,SERVICE_COUNTER,NONE,,WAITING,NONE,
75,2,NONE,[],"{'CAMERA_1': [], 'CAMERA_2': [], 'CAMERA_3': []}",C_WALKS_TO_CAMERA,CAMERA_3,NONE,,WAITING,NONE,S_NONE,SERVICE_COUNTER,NONE,,WAITING,NONE,
75,3,NONE,[],"{'CAMERA_1': [], 'CAMERA_2': [], 'CAMERA_3': []}",C_EXAMINES_CAMERA,CAMERA_3,NONE,,WAITING,NONE,S_GREETS,CAMERA_3,NONE,can I help you?,FACE_TO_FACE,NONE,
75,4,CAMERA_2,['CAMERA_2'],"{'CAMERA_1': [], 'CAMERA_2': [], 'CAMERA_3': []}",C_LOOKING_FOR_A_CAMERA,CAMERA_3,NONE,I am looking to take take pictures with a camera,FACE_TO_FACE,NONE,S_INTRODUCES_CAMERA,CAMERA_2,,Let me show you this. Here we have the Fujifilm Lumix ILC Camera.,PRESENT_X,CAMERA_2,39~64
75,5,CAMERA_2,['CAMERA_2'],"{'CAMERA_1': [], 'CAMERA_2': ['resolution'], 'CAMERA_3': []}",C_QUESTION_ABOUT_FEATURE,CAMERA_2,resolution,how many megapixels is this camera,PRESENT_X,CAMERA_2,S_ANSWERS_QUESTION_ABOUT_FEATURE,CAMERA_2,resolution,This one has 23.8 megapixels resolution.,PRESENT_X,CAMERA_2,13~28
75,6,CAMERA_2,['CAMERA_2'],"{'CAMERA_1': [], 'CAMERA_2': ['resolution', 'preset_modes'], 'CAMERA_3': []}",C_QUESTION_ABOUT_FEATURE,CAMERA_2,preset_modes,Is this support preset mode,PRESENT_X,CAMERA_2,S_NOT_SURE,CAMERA_2,,I'm not really sure about that.,PRESENT_X,CAMERA_2,
75,7,CAMERA_2,['CAMERA_2'],"{'CAMERA_1': [], 'CAMERA_2': ['resolution', 'preset_modes', 'camera_type'], 'CAMERA_3': []}",C_SILENT_OR_BACKCHANNEL,CAMERA_2,NONE,yeah yeah yeah,PRESENT_X,CAMERA_2,S_INTRODUCES_FEATURE,CAMERA_2,camera_type,This is a digital single lens mirrorless camera.,PRESENT_X,CAMERA_2,10~40
75,8,CAMERA_2,['CAMERA_2'],"{'CAMERA_1': [], 'CAMERA_2': ['resolution', 'preset_modes', 'camera_type', 'effects'], 'CAMERA_3': []}",C_SILENT_OR_BACKCHANNEL,CAMERA_2,NONE,I like it,PRESENT_X,CAMERA_2,S_INTRODUCES_FEATURE,CAMERA_2,effects,"This one has 24 artistic effect modes (retro, lighter or darker skin tones, sepia, etc.).",PRESENT_X,CAMERA_2,13~88
75,9,CAMERA_2,['CAMERA_2'],"{'CAMERA_1': [], 'CAMERA_2': ['resolution', 'preset_modes', 'camera_type', 'effects', 'optical_zoom'], 'CAMERA_3': []}",C_SILENT_OR_BACKCHANNEL,CAMERA_2,NONE,ok,PRESENT_X,CAMERA_2,S_INTRODUCES_FEATURE,CAMERA_2,optical_zoom,This one has 21x optical zoom.,PRESENT_X,CAMERA_2,13~29
75,10,CAMERA_2,['CAMERA_2'],"{'CAMERA_1': [], 'CAMERA_2': ['resolution', 'preset_modes', 'camera_type', 'effects', 'optical_zoom', 'color'], 'CAMERA_3': []}",C_QUESTION_ABOUT_FEATURE,CAMERA_2,color,what colors does it come in,PRESENT_X,CAMERA_2,S_ANSWERS_QUESTION_ABOUT_FEATURE,CAMERA_2,color,This one comes in white or pink.,PRESENT_X,CAMERA_2,18~31
75,11,CAMERA_2,['CAMERA_2'],"{'CAMERA_1': [], 'CAMERA_2': ['resolution', 'preset_modes', 'camera_type', 'effects', 'optical_zoom', 'color', 'price'], 'CAMERA_3': []}",C_QUESTION_ABOUT_FEATURE,CAMERA_2,price,I like this camera how much does it cost,PRESENT_X,CAMERA_2,S_ANSWERS_QUESTION_ABOUT_FEATURE,CAMERA_2,price,This one costs $768.,PRESENT_X,CAMERA_2,15~19
75,12,NONE,['CAMERA_2'],"{'CAMERA_1': [], 'CAMERA_2': ['resolution', 'preset_modes', 'camera_type', 'effects', 'optical_zoom', 'color', 'price'], 'CAMERA_3': []}",C_THANK_YOU,CAMERA_2,NONE,thank you very much you been very helpful,PRESENT_X,CAMERA_2,S_THANK_YOU,CAMERA_2,NONE,thank you very much.,FACE_TO_FACE,NONE,
75,13,NONE,['CAMERA_2'],"{'CAMERA_1': [], 'CAMERA_2': ['resolution', 'preset_modes', 'camera_type', 'effects', 'optical_zoom', 'color', 'price'], 'CAMERA_3': []}",C_LEAVES,DOOR,NONE,,FACE_TO_FACE,NONE,S_RETURNS_TO_COUNTER,SERVICE_COUNTER,NONE,,WAITING,NONE,
76,1,NONE,[],"{'CAMERA_1': [], 'CAMERA_2': [], 'CAMERA_3': []}",C_ENTERS,DOOR,NONE,,WAITING,NONE,S_NONE,SERVICE_COUNTER,NONE,,WAITING,NONE,
76,2,NONE,[],"{'CAMERA_1': [], 'CAMERA_2': [], 'CAMERA_3': []}",C_WALKS_TO_CAMERA,CAMERA_2,NONE,,WAITING,NONE,S_GREETS,CAMERA_2,NONE,can I help you?,FACE_TO_FACE,NONE,
76,3,CAMERA_3,['CAMERA_3'],"{'CAMERA_1': [], 'CAMERA_2': [], 'CAMERA_3': []}",C_LOOKING_FOR_A_CAMERA,CAMERA_2,NONE,I'm looking for a camera,FACE_TO_FACE,NONE,S_INTRODUCES_CAMERA,CAMERA_3,,Let me show you this. Here we have the Fujifilm PowerShot ELPH S2800.,PRESENT_X,CAMERA_3,39~68
76,4,CAMERA_3,['CAMERA_3'],"{'CAMERA_1': [], 'CAMERA_2': [], 'CAMERA_3': ['color']}",C_SILENT_OR_BACKCHANNEL,CAMERA_3,NONE,looks pretty good,PRESENT_X,CAMERA_3,S_INTRODUCES_FEATURE,CAMERA_3,color,"This one comes in purple, white, silver, blue, red, or pink.",PRESENT_X,CAMERA_3,18~59
76,5,CAMERA_3,['CAMERA_3'],"{'CAMERA_1': [], 'CAMERA_2': [], 'CAMERA_3': ['color', 'effects']}",C_SILENT_OR_BACKCHANNEL,CAMERA_3,NONE,very nice what colors does it come,PRESENT_X,CAMERA_3,S_INTRODUCES_FEATURE,CAMERA_3,effects,"This one has 21 photo effects (small face, retro, big eyes, etc.).",PRESENT_X,CAMERA_3,13~65
76,6,CAMERA_3,['CAMERA_3'],"{'CAMERA_1': [], 'CAMERA_2': [], 'CAMERA_3': ['color', 'effects', 'weight']}",C_SILENT_OR_BACKCHANNEL,CAMERA_3,NONE,nice how much is a pricing,PRESENT_X,CAMERA_3,S_INTRODUCES_FEATURE,CAMERA_3,weight,This one weighs 820 grams.,PRESENT_X,CAMERA_3,16~25
76,7,CAMERA_3,['CAMERA_3'],"{'CAMERA_1': [], 'CAMERA_2': [], 'CAMERA_3': ['color', 'effects', 'weight', 'settings']}",C_SILENT_OR_BACKCHANNEL,CAMERA_3,NONE,okay,PRESENT_X,CAMERA_3,S_INTRODUCES_FEATURE,CAMERA_3,settings,"This one has manual control and various automatic settings (video modeburst shooting, etc.).",PRESENT_X,CAMERA_3,13~91
76,8,CAMERA_3,['CAMERA_3'],"{'CAMERA_1': [], 'CAMERA_2': [], 'CAMERA_3': ['color', 'effects', 'weight', 'settings', 'price']}",C_QUESTION_ABOUT_FEATURE,CAMERA_3,price,and what is the price of this camera,PRESENT_X,CAMERA_3,S_ANSWERS_QUESTION_ABOUT_FEATURE,CAMERA_3,price,This one costs $518.,PRESENT_X,CAMERA_3,15~19
76,9,CAMERA_1,"['CAMERA_3', 'CAMERA_1']","{'CAMERA_1': [], 'CAMERA_2': [], 'CAMERA_3': ['color', 'effects', 'weight', 'settings', 'price']}",C_ANYTHING_ELSE_AVAILABLE,CAMERA_3,NONE,So this is the only model you have in your shop,PRESENT_X,CAMERA_3,S_INTRODUCES_CAMERA,CAMERA_1,,Let me show you this. Here we have the Sony PowerShot ELPH DMC-ZS3.,PRESENT_X,CAMERA_1,39~66
76,10,CAMERA_1,"['CAMERA_3', 'CAMERA_1']","{'CAMERA_1': ['long_exposure'], 'CAMERA_2': [], 'CAMERA_3': ['color', 'effects', 'weight', 'settings', 'price']}",C_SILENT_OR_BACKCHANNEL,CAMERA_1,NONE,I see so this is very nice accusing,PRESENT_X,CAMERA_1,S_INTRODUCES_FEATURE,CAMERA_1,long_exposure,This one can take long exposures up to up to 15 seconds with Long Shutter Mode.,PRESENT_X,CAMERA_1,39~78
76,11,CAMERA_1,"['CAMERA_3', 'CAMERA_1']","{'CAMERA_1': ['long_exposure', 'ISO'], 'CAMERA_2': [], 'CAMERA_3': ['color', 'effects', 'weight', 'settings', 'price']}",C_QUESTION_ABOUT_FEATURE,CAMERA_1,ISO,how high should I so how will is it able to shoot,PRESENT_X,CAMERA_1,S_ANSWERS_QUESTION_ABOUT_FEATURE,CAMERA_1,ISO,This one has up to 51200 ISO.,PRESENT_X,CAMERA_1,13~28
76,12,CAMERA_1,"['CAMERA_3', 'CAMERA_1']","{'CAMERA_1': ['long_exposure', 'ISO', 'color'], 'CAMERA_2': [], 'CAMERA_3': ['color', 'effects', 'weight', 'settings', 'price']}",C_SILENT_OR_BACKCHANNEL,CAMERA_1,NONE,uh huh I just want to see the cameras,PRESENT_X,CAMERA_1,S_INTRODUCES_FEATURE,CAMERA_1,color,This one comes in blue or black.,PRESENT_X,CAMERA_1,18~31
76,13,CAMERA_1,"['CAMERA_3', 'CAMERA_1']","{'CAMERA_1': ['long_exposure', 'ISO', 'color', 'price'], 'CAMERA_2': [], 'CAMERA_3': ['color', 'effects', 'weight', 'settings', 'price']}",C_SILENT_OR_BACKCHANNEL,CAMERA_1,NONE,the picture is very nice,PRESENT_X,CAMERA_1,S_INTRODUCES_FEATURE,CAMERA_1,price,This one costs $450.,PRESENT_X,CAMERA_1,15~19
76,14,CAMERA_1,"['CAMERA_3', 'CAMERA_1']","{'CAMERA_1': ['long_exposure', 'ISO', 'color', 'price', 'effects'], 'CAMERA_2': [], 'CAMERA_3': ['color', 'effects', 'weight', 'settings', 'price']}",C_QUESTION_ABOUT_FEATURE,CAMERA_1,effects,what's the artistic effect mode,PRESENT_X,CAMERA_1,S_ANSWERS_QUESTION_ABOUT_FEATURE,CAMERA_1,effects,"This one has 24 glamor retouch effects (miniature, retro, toy camera, etc.).",PRESENT_X,CAMERA_1,13~75
76,15,CAMERA_1,"['CAMERA_3', 'CAMERA_1']","{'CAMERA_1': ['long_exposure', 'ISO', 'color', 'price', 'effects', 'settings'], 'CAMERA_2': [], 'CAMERA_3': ['color', 'effects', 'weight', 'settings', 'price']}",C_SILENT_OR_BACKCHANNEL,CAMERA_1,NONE,IC,PRESENT_X,CAMERA_1,S_INTRODUCES_FEATURE,CAMERA_1,settings,This one has limited manual settings.,PRESENT_X,CAMERA_1,13~36
76,16,CAMERA_1,"['CAMERA_3', 'CAMERA_1']","{'CAMERA_1': ['long_exposure', 'ISO', 'color', 'price', 'effects', 'settings', 'autofocus_points'], 'CAMERA_2': [], 'CAMERA_3': ['color', 'effects', 'weight', 'settings', 'price']}",C_SILENT_OR_BACKCHANNEL,CAMERA_1,NONE,sounds like a pretty good option,PRESENT_X,CAMERA_1,S_INTRODUCES_FEATURE,CAMERA_1,autofocus_points,This one has 135 autofocus points.,PRESENT_X,CAMERA_1,13~33
76,17,CAMERA_2,"['CAMERA_3', 'CAMERA_1', 'CAMERA_2']","{'CAMERA_1': ['long_exposure', 'ISO', 'color', 'price', 'effects', 'settings', 'autofocus_points'], 'CAMERA_2': [], 'CAMERA_3': ['color', 'effects', 'weight', 'settings', 'price']}",C_ANYTHING_ELSE_AVAILABLE,CAMERA_1,NONE,maybe did you have a another camera you recommend,PRESENT_X,CAMERA_1,S_INTRODUCES_CAMERA,CAMERA_2,,Let me show you this. Here we have the Fujifilm Lumix ILC Camera.,PRESENT_X,CAMERA_2,39~64
76,18,CAMERA_2,"['CAMERA_3', 'CAMERA_1', 'CAMERA_2']","{'CAMERA_1': ['long_exposure', 'ISO', 'color', 'price', 'effects', 'settings', 'autofocus_points'], 'CAMERA_2': ['camera_type'], 'CAMERA_3': ['color', 'effects', 'weight', 'settings', 'price']}",C_QUESTION_ABOUT_FEATURE,CAMERA_2,camera_type,is this a DSLR camera,PRESENT_X,CAMERA_2,S_ANSWERS_QUESTION_ABOUT_FEATURE,CAMERA_2,camera_type,This is a digital single lens mirrorless camera.,PRESENT_X,CAMERA_2,10~40
76,19,CAMERA_2,"['CAMERA_3', 'CAMERA_1', 'CAMERA_2']","{'CAMERA_1': ['long_exposure', 'ISO', 'color', 'price', 'effects', 'settings', 'autofocus_points'], 'CAMERA_2': ['camera_type', 'weight'], 'CAMERA_3': ['color', 'effects', 'weight', 'settings', 'price']}",C_QUESTION_ABOUT_FEATURE,CAMERA_2,weight,30 seconds whats the weight,PRESENT_X,CAMERA_2,S_ANSWERS_QUESTION_ABOUT_FEATURE,CAMERA_2,weight,This one weighs 820 grams.,PRESENT_X,CAMERA_2,16~25
76,20,CAMERA_2,"['CAMERA_3', 'CAMERA_1', 'CAMERA_2']","{'CAMERA_1': ['long_exposure', 'ISO', 'color', 'price', 'effects', 'settings', 'autofocus_points'], 'CAMERA_2': ['camera_type', 'weight', 'sensor_size'], 'CAMERA_3': ['color', 'effects', 'weight', 'settings', 'price']}",C_SILENT_OR_BACKCHANNEL,CAMERA_2,NONE,sounds great I'll take one of them with me,PRESENT_X,CAMERA_2,S_INTRODUCES_FEATURE,CAMERA_2,sensor_size,This one has a 1/2.33 inch sensor.,PRESENT_X,CAMERA_2,15~33
76,21,CAMERA_2,"['CAMERA_3', 'CAMERA_1', 'CAMERA_2']","{'CAMERA_1': ['long_exposure', 'ISO', 'color', 'price', 'effects', 'settings', 'autofocus_points'], 'CAMERA_2': ['camera_type', 'weight', 'sensor_size', 'color'], 'CAMERA_3': ['color', 'effects', 'weight', 'settings', 'price']}",C_SILENT_OR_BACKCHANNEL,CAMERA_2,NONE,ok,PRESENT_X,CAMERA_2,S_INTRODUCES_FEATURE,CAMERA_2,color,This one comes in white or pink.,PRESENT_X,CAMERA_2,18~31
76,22,CAMERA_2,"['CAMERA_3', 'CAMERA_1', 'CAMERA_2']","{'CAMERA_1': ['long_exposure', 'ISO', 'color', 'price', 'effects', 'settings', 'autofocus_points'], 'CAMERA_2': ['camera_type', 'weight', 'sensor_size', 'color', 'effects'], 'CAMERA_3': ['color', 'effects', 'weight', 'settings', 'price']}",C_QUESTION_ABOUT_FEATURE,CAMERA_2,effects,yeah but I don't really know that stuff does it have any effect modes,PRESENT_X,CAMERA_2,S_ANSWERS_QUESTION_ABOUT_FEATURE,CAMERA_2,effects,"This one has 24 artistic effect modes (retro, lighter or darker skin tones, sepia, etc.).",PRESENT_X,CAMERA_2,13~88
76,23,CAMERA_2,"['CAMERA_3', 'CAMERA_1', 'CAMERA_2']","{'CAMERA_1': ['long_exposure', 'ISO', 'color', 'price', 'effects', 'settings', 'autofocus_points'], 'CAMERA_2': ['camera_type', 'weight', 'sensor_size', 'color', 'effects', 'price'], 'CAMERA_3': ['color', 'effects', 'weight', 'settings', 'price']}",C_SILENT_OR_BACKCHANNEL,CAMERA_2,NONE,cic,PRESENT_X,CAMERA_2,S_INTRODUCES_FEATURE,CAMERA_2,price,This one costs $768.,PRESENT_X,CAMERA_2,15~19
76,24,CAMERA_2,"['CAMERA_3', 'CAMERA_1', 'CAMERA_2']","{'CAMERA_1': ['long_exposure', 'ISO', 'color', 'price', 'effects', 'settings', 'autofocus_points'], 'CAMERA_2': ['camera_type', 'weight', 'sensor_size', 'color', 'effects', 'price', 'ISO'], 'CAMERA_3': ['color', 'effects', 'weight', 'settings', 'price']}",C_QUESTION_ABOUT_FEATURE,CAMERA_2,ISO,sounds good how high does the iso go,PRESENT_X,CAMERA_2,S_NOT_SURE,CAMERA_2,,I'm not really sure about that.,PRESENT_X,CAMERA_2,
76,25,NONE,"['CAMERA_3', 'CAMERA_1', 'CAMERA_2']","{'CAMERA_1': ['long_exposure', 'ISO', 'color', 'price', 'effects', 'settings', 'autofocus_points'], 'CAMERA_2': ['camera_type', 'weight', 'sensor_size', 'color', 'effects', 'price', 'ISO'], 'CAMERA_3': ['color', 'effects', 'weight', 'settings', 'price']}",C_THANK_YOU,CAMERA_2,NONE,thank you,PRESENT_X,CAMERA_2,S_THANK_YOU,CAMERA_2,NONE,thank you very much.,FACE_TO_FACE,NONE,
76,26,NONE,"['CAMERA_3', 'CAMERA_1', 'CAMERA_2']","{'CAMERA_1': ['long_exposure', 'ISO', 'color', 'price', 'effects', 'settings', 'autofocus_points'], 'CAMERA_2': ['camera_type', 'weight', 'sensor_size', 'color', 'effects', 'price', 'ISO'], 'CAMERA_3': ['color', 'effects', 'weight', 'settings', 'price']}",C_LEAVES,DOOR,NONE,,FACE_TO_FACE,NONE,S_RETURNS_TO_COUNTER,SERVICE_COUNTER,NONE,,WAITING,NONE,
77,1,NONE,[],"{'CAMERA_1': [], 'CAMERA_2': [], 'CAMERA_3': []}",C_ENTERS,DOOR,NONE,,WAITING,NONE,S_NONE,SERVICE_COUNTER,NONE,,WAITING,NONE,
77,2,NONE,[],"{'CAMERA_1': [], 'CAMERA_2': [], 'CAMERA_3': []}",C_WALKS_TO_CAMERA,CAMERA_2,NONE,,WAITING,NONE,S_GREETS,CAMERA_2,NONE,can I help you?,FACE_TO_FACE,NONE,
77,3,CAMERA_1,['CAMERA_1'],"{'CAMERA_1': [], 'CAMERA_2': [], 'CAMERA_3': []}",C_LOOKING_FOR_A_CAMERA,CAMERA_2,NONE,yeah actually I did but I am looking for a better one,FACE_TO_FACE,NONE,S_INTRODUCES_CAMERA,CAMERA_1,,Let me show you this. Here we have the Sony PowerShot ELPH DMC-ZS3.,PRESENT_X,CAMERA_1,39~66
77,4,CAMERA_1,['CAMERA_1'],"{'CAMERA_1': ['ISO'], 'CAMERA_2': [], 'CAMERA_3': []}",C_SILENT_OR_BACKCHANNEL,CAMERA_1,NONE,okay,PRESENT_X,CAMERA_1,S_INTRODUCES_FEATURE,CAMERA_1,ISO,This one has up to 51200 ISO.,PRESENT_X,CAMERA_1,13~28
77,5,CAMERA_1,['CAMERA_1'],"{'CAMERA_1': ['ISO', 'effects'], 'CAMERA_2': [], 'CAMERA_3': []}",C_SILENT_OR_BACKCHANNEL,CAMERA_1,NONE,ok,PRESENT_X,CAMERA_1,S_INTRODUCES_FEATURE,CAMERA_1,effects,"This one has 24 glamor retouch effects (miniature, retro, toy camera, etc.).",PRESENT_X,CAMERA_1,13~75
77,6,NONE,['CAMERA_1'],"{'CAMERA_1': ['ISO', 'effects'], 'CAMERA_2': [], 'CAMERA_3': []}",C_THANK_YOU,CAMERA_1,NONE,perfect thank you very much,PRESENT_X,CAMERA_1,S_THANK_YOU,CAMERA_1,NONE,thank you very much.,FACE_TO_FACE,NONE,
77,7,NONE,['CAMERA_1'],"{'CAMERA_1': ['ISO', 'effects'], 'CAMERA_2': [], 'CAMERA_3': []}",C_LEAVES,DOOR,NONE,,FACE_TO_FACE,NONE,S_RETURNS_TO_COUNTER,SERVICE_COUNTER,NONE,,WAITING,NONE,
78,1,NONE,[],"{'CAMERA_1': [], 'CAMERA_2': [], 'CAMERA_3': []}",C_ENTERS,DOOR,NONE,,WAITING,NONE,S_NONE,SERVICE_COUNTER,NONE,,WAITING,NONE,
78,2,NONE,[],"{'CAMERA_1': [], 'CAMERA_2': [], 'CAMERA_3': []}",C_WALKS_TO_CAMERA,CAMERA_2,NONE,,WAITING,NONE,S_GREETS,CAMERA_2,NONE,can I help you?,FACE_TO_FACE,NONE,
78,3,CAMERA_3,['CAMERA_3'],"{'CAMERA_1': [], 'CAMERA_2': [], 'CAMERA_3': []}",C_LOOKING_FOR_A_CAMERA,CAMERA_2,NONE,hiker afternoon looking to buy a new camera,FACE_TO_FACE,NONE,S_INTRODUCES_CAMERA,CAMERA_3,,Let me show you this. Here we have the Fujifilm PowerShot ELPH S2800.,PRESENT_X,CAMERA_3,39~68
78,4,CAMERA_3,['CAMERA_3'],"{'CAMERA_1': [], 'CAMERA_2': [], 'CAMERA_3': ['camera_type']}",C_QUESTION_ABOUT_FEATURE,CAMERA_3,camera_type,is this a point and shoot camera,PRESENT_X,CAMERA_3,S_ANSWERS_QUESTION_ABOUT_FEATURE,CAMERA_3,camera_type,This is a point and shoot camera.,PRESENT_X,CAMERA_3,10~25
78,5,CAMERA_3,['CAMERA_3'],"{'CAMERA_1': [], 'CAMERA_2': [], 'CAMERA_3': ['camera_type', 'autofocus_points']}",C_SILENT_OR_BACKCHANNEL,CAMERA_3,NONE,it's not bad not bad,PRESENT_X,CAMERA_3,S_INTRODUCES_FEATURE,CAMERA_3,autofocus_points,This one has 214 autofocus points.,PRESENT_X,CAMERA_3,13~33
78,6,CAMERA_3,['CAMERA_3'],"{'CAMERA_1': [], 'CAMERA_2': [], 'CAMERA_3': ['camera_type', 'autofocus_points', 'price']}",C_SILENT_OR_BACKCHANNEL,CAMERA_3,NONE,great sounds like a great camera,PRESENT_X,CAMERA_3,S_INTRODUCES_FEATURE,CAMERA_3,price,This one costs $518.,PRESENT_X,CAMERA_3,15~19
78,7,CAMERA_3,['CAMERA_3'],"{'CAMERA_1': [], 'CAMERA_2': [], 'CAMERA_3': ['camera_type', 'autofocus_points', 'price', 'long_exposure']}",C_QUESTION_ABOUT_FEATURE,CAMERA_3,long_exposure,the lens looks kinda small bow what's the exposure on this one,PRESENT_X,CAMERA_3,S_ANSWERS_QUESTION_ABOUT_FEATURE,CAMERA_3,long_exposure,This one can take long exposures up to 30 minutes max with bulb mode.,PRESENT_X,CAMERA_3,39~68
78,8,NONE,['CAMERA_3'],"{'CAMERA_1': [], 'CAMERA_2': [], 'CAMERA_3': ['camera_type', 'autofocus_points', 'price', 'long_exposure']}",C_THANK_YOU,CAMERA_3,NONE,what are right that's very good to know thank you,PRESENT_X,CAMERA_3,S_THANK_YOU,CAMERA_3,NONE,thank you very much.,FACE_TO_FACE,NONE,
78,9,NONE,['CAMERA_3'],"{'CAMERA_1': [], 'CAMERA_2': [], 'CAMERA_3': ['camera_type', 'autofocus_points', 'price', 'long_exposure']}",C_LEAVES,DOOR,NONE,,FACE_TO_FACE,NONE,S_RETURNS_TO_COUNTER,SERVICE_COUNTER,NONE,,WAITING,NONE,
79,1,NONE,[],"{'CAMERA_1': [], 'CAMERA_2': [], 'CAMERA_3': []}",C_ENTERS,DOOR,NONE,,WAITING,NONE,S_NONE,SERVICE_COUNTER,NONE,,WAITING,NONE,
79,2,NONE,[],"{'CAMERA_1': [], 'CAMERA_2': [], 'CAMERA_3': []}",C_WALKS_TO_CAMERA,CAMERA_2,NONE,,WAITING,NONE,S_NONE,SERVICE_COUNTER,NONE,,WAITING,NONE,
79,3,NONE,[],"{'CAMERA_1': [], 'CAMERA_2': [], 'CAMERA_3': []}",C_EXAMINES_CAMERA,CAMERA_2,NONE,,WAITING,NONE,S_GREETS,CAMERA_2,NONE,can I help you?,FACE_TO_FACE,NONE,
79,4,CAMERA_2,['CAMERA_2'],"{'CAMERA_1': [], 'CAMERA_2': [], 'CAMERA_3': []}",C_LOOKING_FOR_A_CAMERA,CAMERA_2,NONE,hi in them looking for a quick replacement can you show me what options you have,FACE_TO_FACE,NONE,S_INTRODUCES_CAMERA,CAMERA_2,,Let me show you this. Here we have the Fujifilm Lumix ILC Camera.,PRESENT_X,CAMERA_2,39~64
79,5,CAMERA_2,['CAMERA_2'],"{'CAMERA_1': [], 'CAMERA_2': ['settings'], 'CAMERA_3': []}",C_QUESTION_ABOUT_FEATURE,CAMERA_2,settings,and the manual settings how many manual settings does it have,PRESENT_X,CAMERA_2,S_ANSWERS_QUESTION_ABOUT_FEATURE,CAMERA_2,settings,"This one has manual control and various automatic settings (video modeburst shooting, etc.).",PRESENT_X,CAMERA_2,13~91
79,6,CAMERA_2,['CAMERA_2'],"{'CAMERA_1': [], 'CAMERA_2': ['settings', 'color'], 'CAMERA_3': []}",C_SILENT_OR_BACKCHANNEL,CAMERA_2,NONE,this one also looks kind of good,PRESENT_X,CAMERA_2,S_INTRODUCES_FEATURE,CAMERA_2,color,This one comes in white or pink.,PRESENT_X,CAMERA_2,18~31
79,7,CAMERA_2,['CAMERA_2'],"{'CAMERA_1': [], 'CAMERA_2': ['settings', 'color', 'sensor_size'], 'CAMERA_3': []}",C_QUESTION_ABOUT_FEATURE,CAMERA_2,sensor_size,ok what about the sensor size,PRESENT_X,CAMERA_2,S_ANSWERS_QUESTION_ABOUT_FEATURE,CAMERA_2,sensor_size,This one has a 1/2.33 inch sensor.,PRESENT_X,CAMERA_2,15~33
79,8,CAMERA_2,['CAMERA_2'],"{'CAMERA_1': [], 'CAMERA_2': ['settings', 'color', 'sensor_size', 'camera_type'], 'CAMERA_3': []}",C_SILENT_OR_BACKCHANNEL,CAMERA_2,NONE,this one also looks kind of good,PRESENT_X,CAMERA_2,S_INTRODUCES_FEATURE,CAMERA_2,camera_type,This is a digital single lens mirrorless camera.,PRESENT_X,CAMERA_2,10~40
79,9,CAMERA_2,['CAMERA_2'],"{'CAMERA_1': [], 'CAMERA_2': ['settings', 'color', 'sensor_size', 'camera_type', 'effects'], 'CAMERA_3': []}",C_QUESTION_ABOUT_FEATURE,CAMERA_2,effects,I don't sense as a cystic effect mode what does that do,PRESENT_X,CAMERA_2,S_ANSWERS_QUESTION_ABOUT_FEATURE,CAMERA_2,effects,"This one has 24 artistic effect modes (retro, lighter or darker skin tones, sepia, etc.).",PRESENT_X,CAMERA_2,13~88
79,10,CAMERA_2,['CAMERA_2'],"{'CAMERA_1': [], 'CAMERA_2': ['settings', 'color', 'sensor_size', 'camera_type', 'effects', 'preset_modes'], 'CAMERA_3': []}",C_QUESTION_ABOUT_FEATURE,CAMERA_2,preset_modes,do they have pet mode,PRESENT_X,CAMERA_2,S_NOT_SURE,CAMERA_2,,I'm not really sure about that.,PRESENT_X,CAMERA_2,
79,11,CAMERA_2,['CAMERA_2'],"{'CAMERA_1': [], 'CAMERA_2': ['settings', 'color', 'sensor_size', 'camera_type', 'effects', 'preset_modes', 'price'], 'CAMERA_3': []}",C_SILENT_OR_BACKCHANNEL,CAMERA_2,NONE,nice how much is a pricing,PRESENT_X,CAMERA_2,S_INTRODUCES_FEATURE,CAMERA_2,price,This one costs $768.,PRESENT_X,CAMERA_2,15~19
79,12,CAMERA_2,['CAMERA_2'],"{'CAMERA_1': [], 'CAMERA_2': ['settings', 'color', 'sensor_size', 'camera_type', 'effects', 'preset_modes', 'price', 'weight'], 'CAMERA_3': []}",C_SILENT_OR_BACKCHANNEL,CAMERA_2,NONE,$68 that's great,PRESENT_X,CAMERA_2,S_INTRODUCES_FEATURE,CAMERA_2,weight,This one weighs 820 grams.,PRESENT_X,CAMERA_2,16~25
79,13,CAMERA_3,"['CAMERA_2', 'CAMERA_3']","{'CAMERA_1': [], 'CAMERA_2': ['settings', 'color', 'sensor_size', 'camera_type', 'effects', 'preset_modes', 'price', 'weight'], 'CAMERA_3': []}",C_ANYTHING_ELSE_AVAILABLE,CAMERA_2,NONE,ok do you have any other cameras,PRESENT_X,CAMERA_2,S_INTRODUCES_CAMERA,CAMERA_3,,Let me show you this. Here we have the Fujifilm PowerShot ELPH S2800.,PRESENT_X,CAMERA_3,39~68
79,14,CAMERA_3,"['CAMERA_2', 'CAMERA_3']","{'CAMERA_1': [], 'CAMERA_2': ['settings', 'color', 'sensor_size', 'camera_type', 'effects', 'preset_modes', 'price', 'weight'], 'CAMERA_3': ['autofocus_points']}",C_QUESTION_ABOUT_FEATURE,CAMERA_3,autofocus_points,I think you and the auto Focus points on this,PRESENT_X,CAMERA_3,S_ANSWERS_QUESTION_ABOUT_FEATURE,CAMERA_3,autofocus_points,This one has 214 autofocus points.,PRESENT_X,CAMERA_3,13~33
79,15,CAMERA_3,"['CAMERA_2', 'CAMERA_3']","{'CAMERA_1': [], 'CAMERA_2': ['settings', 'color', 'sensor_size', 'camera_type', 'effects', 'preset_modes', 'price', 'weight'], 'CAMERA_3': ['autofocus_points', 'settings']}",C_QUESTION_ABOUT_FEATURE,CAMERA_3,settings,so purple sounds good and what about some manual settings,PRESENT_X,CAMERA_3,S_ANSWERS_QUESTION_ABOUT_FEATURE,CAMERA_3,settings,"This one has manual control and various automatic settings (video modeburst shooting, etc.).",PRESENT_X,CAMERA_3,13~91
79,16,CAMERA_3,"['CAMERA_2', 'CAMERA_3']","{'CAMERA_1': [], 'CAMERA_2': ['settings', 'color', 'sensor_size', 'camera_type', 'effects', 'preset_modes', 'price', 'weight'], 'CAMERA_3': ['autofocus_points', 'settings', 'camera_type']}",C_SILENT_OR_BACKCHANNEL,CAMERA_3,NONE,ok,PRESENT_X,CAMERA_3,S_INTRODUCES_FEATURE,CAMERA_3,camera_type,This is a point and shoot camera.,PRESENT_X,CAMERA_3,10~25
79,17,CAMERA_3,"['CAMERA_2', 'CAMERA_3']","{'CAMERA_1': [], 'CAMERA_2': ['settings', 'color', 'sensor_size', 'camera_type', 'effects', 'preset_modes', 'price', 'weight'], 'CAMERA_3': ['autofocus_points', 'settings', 'camera_type', 'preset_modes']}",C_SILENT_OR_BACKCHANNEL,CAMERA_3,NONE,Oh that'd be great I really want to try it before buying it,PRESENT_X,CAMERA_3,S_INTRODUCES_FEATURE,CAMERA_3,preset_modes,This one has various preset modes.,PRESENT_X,CAMERA_3,13~33
79,18,CAMERA_1,"['CAMERA_2', 'CAMERA_3', 'CAMERA_1']","{'CAMERA_1': [], 'CAMERA_2': ['settings', 'color', 'sensor_size', 'camera_type', 'effects', 'preset_modes', 'price', 'weight'], 'CAMERA_3': ['autofocus_points', 'settings', 'camera_type', 'preset_modes']}",C_ANYTHING_ELSE_AVAILABLE,CAMERA_3,NONE,do you have any other cameras like this,PRESENT_X,CAMERA_3,S_INTRODUCES_CAMERA,CAMERA_1,,Let me show you this. Here we have the Sony PowerShot ELPH DMC-ZS3.,PRESENT_X,CAMERA_1,39~66
79,19,CAMERA_1,"['CAMERA_2', 'CAMERA_3', 'CAMERA_1']","{'CAMERA_1': ['settings'], 'CAMERA_2': ['settings', 'color', 'sensor_size', 'camera_type', 'effects', 'preset_modes', 'price', 'weight'], 'CAMERA_3': ['autofocus_points', 'settings', 'camera_type', 'preset_modes']}",C_QUESTION_ABOUT_FEATURE,CAMERA_1,settings,why would I control the settings manually,PRESENT_X,CAMERA_1,S_ANSWERS_QUESTION_ABOUT_FEATURE,CAMERA_1,settings,This one has limited manual settings.,PRESENT_X,CAMERA_1,13~36
79,20,CAMERA_1,"['CAMERA_2', 'CAMERA_3', 'CAMERA_1']","{'CAMERA_1': ['settings', 'preset_modes'], 'CAMERA_2': ['settings', 'color', 'sensor_size', 'camera_type', 'effects', 'preset_modes', 'price', 'weight'], 'CAMERA_3': ['autofocus_points', 'settings', 'camera_type', 'preset_modes']}",C_QUESTION_ABOUT_FEATURE,CAMERA_1,preset_modes,does it have any preset mode,PRESENT_X,CAMERA_1,S_NOT_SURE,CAMERA_1,,I'm not really sure about that.,PRESENT_X,CAMERA_1,
79,21,CAMERA_1,"['CAMERA_2', 'CAMERA_3', 'CAMERA_1']","{'CAMERA_1': ['settings', 'preset_modes', 'price'], 'CAMERA_2': ['settings', 'color', 'sensor_size', 'camera_type', 'effects', 'preset_modes', 'price', 'weight'], 'CAMERA_3': ['autofocus_points', 'settings', 'camera_type', 'preset_modes']}",C_QUESTION_ABOUT_FEATURE,CAMERA_1,price,how much does it cost,PRESENT_X,CAMERA_1,S_ANSWERS_QUESTION_ABOUT_FEATURE,CAMERA_1,price,This one costs $450.,PRESENT_X,CAMERA_1,15~19
79,22,CAMERA_1,"['CAMERA_2', 'CAMERA_3', 'CAMERA_1']","{'CAMERA_1': ['settings', 'preset_modes', 'price', 'effects'], 'CAMERA_2': ['settings', 'color', 'sensor_size', 'camera_type', 'effects', 'preset_modes', 'price', 'weight'], 'CAMERA_3': ['autofocus_points', 'settings', 'camera_type', 'preset_modes']}",C_QUESTION_ABOUT_FEATURE,CAMERA_1,effects,what's the artistic effect mode,PRESENT_X,CAMERA_1,S_ANSWERS_QUESTION_ABOUT_FEATURE,CAMERA_1,effects,"This one has 24 glamor retouch effects (miniature, retro, toy camera, etc.).",PRESENT_X,CAMERA_1,13~75
79,23,CAMERA_1,"['CAMERA_2', 'CAMERA_3', 'CAMERA_1']","{'CAMERA_1': ['settings', 'preset_modes', 'price', 'effects', 'weight'], 'CAMERA_2': ['settings', 'color', 'sensor_size', 'camera_type', 'effects', 'preset_modes', 'price', 'weight'], 'CAMERA_3': ['autofocus_points', 'settings', 'camera_type', 'preset_modes']}",C_QUESTION_ABOUT_FEATURE,CAMERA_1,weight,is it heavy,PRESENT_X,CAMERA_1,S_ANSWERS_QUESTION_ABOUT_FEATURE,CAMERA_1,weight,This one weighs 800 grams.,PRESENT_X,CAMERA_1,16~25
79,24,CAMERA_1,"['CAMERA_2', 'CAMERA_3', 'CAMERA_1']","{'CAMERA_1': ['settings', 'preset_modes', 'price', 'effects', 'weight', 'ISO'], 'CAMERA_2': ['settings', 'color', 'sensor_size', 'camera_type', 'effects', 'preset_modes', 'price', 'weight'], 'CAMERA_3': ['autofocus_points', 'settings', 'camera_type', 'preset_modes']}",C_SILENT_OR_BACKCHANNEL,CAMERA_1,NONE,IC,PRESENT_X,CAMERA_1,S_INTRODUCES_FEATURE,CAMERA_1,ISO,This one has up to 51200 ISO.,PRESENT_X,CAMERA_1,13~28
79,25,NONE,"['CAMERA_2', 'CAMERA_3', 'CAMERA_1']","{'CAMERA_1': ['settings', 'preset_modes', 'price', 'effects', 'weight', 'ISO'], 'CAMERA_2': ['settings', 'color', 'sensor_size', 'camera_type', 'effects', 'preset_modes', 'price', 'weight'], 'CAMERA_3': ['autofocus_points', 'settings', 'camera_type', 'preset_modes']}",C_THANK_YOU,CAMERA_1,NONE,thank you,PRESENT_X,CAMERA_1,S_THANK_YOU,CAMERA_1,NONE,thank you very much.,FACE_TO_FACE,NONE,
79,26,NONE,"['CAMERA_2', 'CAMERA_3', 'CAMERA_1']","{'CAMERA_1': ['settings', 'preset_modes', 'price', 'effects', 'weight', 'ISO'], 'CAMERA_2': ['settings', 'color', 'sensor_size', 'camera_type', 'effects', 'preset_modes', 'price', 'weight'], 'CAMERA_3': ['autofocus_points', 'settings', 'camera_type', 'preset_modes']}",C_LEAVES,DOOR,NONE,,FACE_TO_FACE,NONE,S_RETURNS_TO_COUNTER,SERVICE_COUNTER,NONE,,WAITING,NONE,
80,1,NONE,[],"{'CAMERA_1': [], 'CAMERA_2': [], 'CAMERA_3': []}",C_ENTERS,DOOR,NONE,,WAITING,NONE,S_NONE,SERVICE_COUNTER,NONE,,WAITING,NONE,
80,2,NONE,[],"{'CAMERA_1': [], 'CAMERA_2': [], 'CAMERA_3': []}",C_GREETS,MIDDLE,NONE,hello,WAITING,NONE,S_GREETS,MIDDLE,NONE,can I help you?,FACE_TO_FACE,NONE,
80,3,CAMERA_2,['CAMERA_2'],"{'CAMERA_1': [], 'CAMERA_2': [], 'CAMERA_3': []}",C_LOOKING_FOR_A_CAMERA,MIDDLE,NONE,I'm not alone but I'm looking for something in a fairly decent,FACE_TO_FACE,NONE,S_INTRODUCES_CAMERA,CAMERA_2,,Let me show you this. Here we have the Fujifilm Lumix ILC Camera.,PRESENT_X,CAMERA_2,39~64
80,4,CAMERA_2,['CAMERA_2'],"{'CAMERA_1': [], 'CAMERA_2': ['optical_zoom'], 'CAMERA_3': []}",C_SILENT_OR_BACKCHANNEL,CAMERA_2,NONE,so it can be saved on a computer Library,PRESENT_X,CAMERA_2,S_INTRODUCES_FEATURE,CAMERA_2,optical_zoom,This one has 21x optical zoom.,PRESENT_X,CAMERA_2,13~29
80,5,NONE,['CAMERA_2'],"{'CAMERA_1': [], 'CAMERA_2': ['optical_zoom'], 'CAMERA_3': []}",C_THANK_YOU,CAMERA_2,NONE,ok thank you,PRESENT_X,CAMERA_2,S_THANK_YOU,CAMERA_2,NONE,thank you very much.,FACE_TO_FACE,NONE,
80,6,NONE,['CAMERA_2'],"{'CAMERA_1': [], 'CAMERA_2': ['optical_zoom'], 'CAMERA_3': []}",C_LEAVES,DOOR,NONE,,FACE_TO_FACE,NONE,S_RETURNS_TO_COUNTER,SERVICE_COUNTER,NONE,,WAITING,NONE,
81,1,NONE,[],"{'CAMERA_1': [], 'CAMERA_2': [], 'CAMERA_3': []}",C_ENTERS,DOOR,NONE,,WAITING,NONE,S_NONE,SERVICE_COUNTER,NONE,,WAITING,NONE,
81,2,NONE,[],"{'CAMERA_1': [], 'CAMERA_2': [], 'CAMERA_3': []}",C_WALKS_TO_CAMERA,CAMERA_2,NONE,,WAITING,NONE,S_GREETS,CAMERA_2,NONE,can I help you?,FACE_TO_FACE,NONE,
81,3,CAMERA_3,['CAMERA_3'],"{'CAMERA_1': [], 'CAMERA_2': [], 'CAMERA_3': []}",C_LOOKING_FOR_A_CAMERA,CAMERA_2,NONE,I'm looking for a good camera which I can use to take photographs,FACE_TO_FACE,NONE,S_INTRODUCES_CAMERA,CAMERA_3,,Let me show you this. Here we have the Fujifilm PowerShot ELPH S2800.,PRESENT_X,CAMERA_3,39~68
81,4,CAMERA_3,['CAMERA_3'],"{'CAMERA_1': [], 'CAMERA_2': [], 'CAMERA_3': ['ISO']}",C_QUESTION_ABOUT_FEATURE,CAMERA_3,ISO,how is the iso performance,PRESENT_X,CAMERA_3,S_ANSWERS_QUESTION_ABOUT_FEATURE,CAMERA_3,ISO,This one has up to 3200 ISO with little noise.,PRESENT_X,CAMERA_3,13~45
81,5,CAMERA_3,['CAMERA_3'],"{'CAMERA_1': [], 'CAMERA_2': [], 'CAMERA_3': ['ISO', 'settings']}",C_QUESTION_ABOUT_FEATURE,CAMERA_3,settings,what manual settings can I control,PRESENT_X,CAMERA_3,S_ANSWERS_QUESTION_ABOUT_FEATURE,CAMERA_3,settings,"This one has manual control and various automatic settings (video modeburst shooting, etc.).",PRESENT_X,CAMERA_3,13~91
81,6,CAMERA_3,['CAMERA_3'],"{'CAMERA_1': [], 'CAMERA_2': [], 'CAMERA_3': ['ISO', 'settings', 'resolution']}",C_QUESTION_ABOUT_FEATURE,CAMERA_3,resolution,I'm not really sure what megapixel means can you please explain to me ,PRESENT_X,CAMERA_3,S_ANSWERS_QUESTION_ABOUT_FEATURE,CAMERA_3,resolution,This one has 23.2 megapixels resolution.,PRESENT_X,CAMERA_3,13~28
81,7,CAMERA_3,['CAMERA_3'],"{'CAMERA_1': [], 'CAMERA_2': [], 'CAMERA_3': ['ISO', 'settings', 'resolution', 'color']}",C_QUESTION_ABOUT_FEATURE,CAMERA_3,color,tell me what color is this one comes in,PRESENT_X,CAMERA_3,S_ANSWERS_QUESTION_ABOUT_FEATURE,CAMERA_3,color,"This one comes in purple, white, silver, blue, red, or pink.",PRESENT_X,CAMERA_3,18~59
81,8,CAMERA_3,['CAMERA_3'],"{'CAMERA_1': [], 'CAMERA_2': [], 'CAMERA_3': ['ISO', 'settings', 'resolution', 'color', 'weight']}",C_SILENT_OR_BACKCHANNEL,CAMERA_3,NONE,wow that's pretty advanced technology what about the price,PRESENT_X,CAMERA_3,S_INTRODUCES_FEATURE,CAMERA_3,weight,This one weighs 820 grams.,PRESENT_X,CAMERA_3,16~25
81,9,NONE,['CAMERA_3'],"{'CAMERA_1': [], 'CAMERA_2': [], 'CAMERA_3': ['ISO', 'settings', 'resolution', 'color', 'weight']}",C_THANK_YOU,CAMERA_3,NONE,thanks for your help today,PRESENT_X,CAMERA_3,S_THANK_YOU,CAMERA_3,NONE,thank you very much.,FACE_TO_FACE,NONE,
81,10,NONE,['CAMERA_3'],"{'CAMERA_1': [], 'CAMERA_2': [], 'CAMERA_3': ['ISO', 'settings', 'resolution', 'color', 'weight']}",C_LEAVES,DOOR,NONE,,FACE_TO_FACE,NONE,S_RETURNS_TO_COUNTER,SERVICE_COUNTER,NONE,,WAITING,NONE,
82,1,NONE,[],"{'CAMERA_1': [], 'CAMERA_2': [], 'CAMERA_3': []}",C_ENTERS,DOOR,NONE,,WAITING,NONE,S_NONE,SERVICE_COUNTER,NONE,,WAITING,NONE,
82,2,NONE,[],"{'CAMERA_1': [], 'CAMERA_2': [], 'CAMERA_3': []}",C_WALKS_TO_CAMERA,CAMERA_3,NONE,,WAITING,NONE,S_GREETS,CAMERA_3,NONE,can I help you?,FACE_TO_FACE,NONE,
82,3,CAMERA_1,['CAMERA_1'],"{'CAMERA_1': [], 'CAMERA_2': [], 'CAMERA_3': []}",C_LOOKING_FOR_A_CAMERA,CAMERA_3,NONE,hi good afternoon I'm looking to buy a new camera,FACE_TO_FACE,NONE,S_INTRODUCES_CAMERA,CAMERA_1,,Let me show you this. Here we have the Sony PowerShot ELPH DMC-ZS3.,PRESENT_X,CAMERA_1,39~66
82,4,CAMERA_1,['CAMERA_1'],"{'CAMERA_1': ['preset_modes'], 'CAMERA_2': [], 'CAMERA_3': []}",C_QUESTION_ABOUT_FEATURE,CAMERA_1,preset_modes,does it have any preset mode,PRESENT_X,CAMERA_1,S_NOT_SURE,CAMERA_1,,I'm not really sure about that.,PRESENT_X,CAMERA_1,
82,5,NONE,['CAMERA_1'],"{'CAMERA_1': ['preset_modes'], 'CAMERA_2': [], 'CAMERA_3': []}",C_THANK_YOU,CAMERA_1,NONE,thanks,PRESENT_X,CAMERA_1,S_THANK_YOU,CAMERA_1,NONE,thank you very much.,FACE_TO_FACE,NONE,
82,6,NONE,['CAMERA_1'],"{'CAMERA_1': ['preset_modes'], 'CAMERA_2': [], 'CAMERA_3': []}",C_LEAVES,DOOR,NONE,,FACE_TO_FACE,NONE,S_RETURNS_TO_COUNTER,SERVICE_COUNTER,NONE,,WAITING,NONE,
83,1,NONE,[],"{'CAMERA_1': [], 'CAMERA_2': [], 'CAMERA_3': []}",C_ENTERS,DOOR,NONE,,WAITING,NONE,S_NONE,SERVICE_COUNTER,NONE,,WAITING,NONE,
83,2,NONE,[],"{'CAMERA_1': [], 'CAMERA_2': [], 'CAMERA_3': []}",C_GREETS,MIDDLE,NONE,good morning,WAITING,NONE,S_GREETS,MIDDLE,NONE,can I help you?,FACE_TO_FACE,NONE,
83,3,CAMERA_3,['CAMERA_3'],"{'CAMERA_1': [], 'CAMERA_2': [], 'CAMERA_3': []}",C_LOOKING_FOR_A_CAMERA,MIDDLE,NONE,I'm looking to buy a new camera how loose affordable,FACE_TO_FACE,NONE,S_INTRODUCES_CAMERA,CAMERA_3,,Let me show you this. Here we have the Fujifilm PowerShot ELPH S2800.,PRESENT_X,CAMERA_3,39~68
83,4,CAMERA_3,['CAMERA_3'],"{'CAMERA_1': [], 'CAMERA_2': [], 'CAMERA_3': ['weight']}",C_QUESTION_ABOUT_FEATURE,CAMERA_3,weight,oh it's heavy,PRESENT_X,CAMERA_3,S_ANSWERS_QUESTION_ABOUT_FEATURE,CAMERA_3,weight,This one weighs 820 grams.,PRESENT_X,CAMERA_3,16~25
83,5,NONE,['CAMERA_3'],"{'CAMERA_1': [], 'CAMERA_2': [], 'CAMERA_3': ['weight']}",C_THANK_YOU,CAMERA_3,NONE,what are right that's very good to know thank you,PRESENT_X,CAMERA_3,S_THANK_YOU,CAMERA_3,NONE,thank you very much.,FACE_TO_FACE,NONE,
83,6,NONE,['CAMERA_3'],"{'CAMERA_1': [], 'CAMERA_2': [], 'CAMERA_3': ['weight']}",C_LEAVES,DOOR,NONE,,FACE_TO_FACE,NONE,S_RETURNS_TO_COUNTER,SERVICE_COUNTER,NONE,,WAITING,NONE,
84,1,NONE,[],"{'CAMERA_1': [], 'CAMERA_2': [], 'CAMERA_3': []}",C_ENTERS,DOOR,NONE,,WAITING,NONE,S_NONE,SERVICE_COUNTER,NONE,,WAITING,NONE,
84,2,NONE,[],"{'CAMERA_1': [], 'CAMERA_2': [], 'CAMERA_3': []}",C_WALKS_TO_CAMERA,CAMERA_3,NONE,,WAITING,NONE,S_GREETS,CAMERA_3,NONE,can I help you?,FACE_TO_FACE,NONE,
84,3,CAMERA_1,['CAMERA_1'],"{'CAMERA_1': [], 'CAMERA_2': [], 'CAMERA_3': []}",C_LOOKING_FOR_A_CAMERA,CAMERA_3,NONE,will I like to buy a camera but I'm not sure which one,FACE_TO_FACE,NONE,S_INTRODUCES_CAMERA,CAMERA_1,,Let me show you this. Here we have the Sony PowerShot ELPH DMC-ZS3.,PRESENT_X,CAMERA_1,39~66
84,4,CAMERA_1,['CAMERA_1'],"{'CAMERA_1': ['weight'], 'CAMERA_2': [], 'CAMERA_3': []}",C_QUESTION_ABOUT_FEATURE,CAMERA_1,weight,okay how about the weight of us I don't want anything that's too heavy,PRESENT_X,CAMERA_1,S_ANSWERS_QUESTION_ABOUT_FEATURE,CAMERA_1,weight,This one weighs 800 grams.,PRESENT_X,CAMERA_1,16~25
84,5,CAMERA_1,['CAMERA_1'],"{'CAMERA_1': ['weight', 'color'], 'CAMERA_2': [], 'CAMERA_3': []}",C_QUESTION_ABOUT_FEATURE,CAMERA_1,color,I don't like any other color,PRESENT_X,CAMERA_1,S_ANSWERS_QUESTION_ABOUT_FEATURE,CAMERA_1,color,This one comes in blue or black.,PRESENT_X,CAMERA_1,18~31
84,6,CAMERA_1,['CAMERA_1'],"{'CAMERA_1': ['weight', 'color', 'settings'], 'CAMERA_2': [], 'CAMERA_3': []}",C_SILENT_OR_BACKCHANNEL,CAMERA_1,NONE,wow that's pretty steep,PRESENT_X,CAMERA_1,S_INTRODUCES_FEATURE,CAMERA_1,settings,This one has limited manual settings.,PRESENT_X,CAMERA_1,13~36
84,7,CAMERA_3,"['CAMERA_1', 'CAMERA_3']","{'CAMERA_1': ['weight', 'color', 'settings'], 'CAMERA_2': [], 'CAMERA_3': []}",C_ANYTHING_ELSE_AVAILABLE,CAMERA_1,NONE,ok do you have any other cameras,PRESENT_X,CAMERA_1,S_INTRODUCES_CAMERA,CAMERA_3,,Let me show you this. Here we have the Fujifilm PowerShot ELPH S2800.,PRESENT_X,CAMERA_3,39~68
84,8,CAMERA_3,"['CAMERA_1', 'CAMERA_3']","{'CAMERA_1': ['weight', 'color', 'settings'], 'CAMERA_2': [], 'CAMERA_3': ['color']}",C_QUESTION_ABOUT_FEATURE,CAMERA_3,color,does it come any in any other colors,PRESENT_X,CAMERA_3,S_ANSWERS_QUESTION_ABOUT_FEATURE,CAMERA_3,color,"This one comes in purple, white, silver, blue, red, or pink.",PRESENT_X,CAMERA_3,18~59
84,9,CAMERA_3,"['CAMERA_1', 'CAMERA_3']","{'CAMERA_1': ['weight', 'color', 'settings'], 'CAMERA_2': [], 'CAMERA_3': ['color', 'settings']}",C_QUESTION_ABOUT_FEATURE,CAMERA_3,settings,Does this camera have preset modes?,PRESENT_X,CAMERA_3,S_ANSWERS_QUESTION_ABOUT_FEATURE,CAMERA_3,settings,"This one has manual control and various automatic settings (video modeburst shooting, etc.).",PRESENT_X,CAMERA_3,13~91
84,10,CAMERA_3,"['CAMERA_1', 'CAMERA_3']","{'CAMERA_1': ['weight', 'color', 'settings'], 'CAMERA_2': [], 'CAMERA_3': ['color', 'settings', 'long_exposure']}",C_SILENT_OR_BACKCHANNEL,CAMERA_3,NONE,okay,PRESENT_X,CAMERA_3,S_INTRODUCES_FEATURE,CAMERA_3,long_exposure,This one can take long exposures up to 30 minutes max with bulb mode.,PRESENT_X,CAMERA_3,39~68
84,11,CAMERA_3,"['CAMERA_1', 'CAMERA_3']","{'CAMERA_1': ['weight', 'color', 'settings'], 'CAMERA_2': [], 'CAMERA_3': ['color', 'settings', 'long_exposure', 'weight']}",C_SILENT_OR_BACKCHANNEL,CAMERA_3,NONE,I see AA ok,PRESENT_X,CAMERA_3,S_INTRODUCES_FEATURE,CAMERA_3,weight,This one weighs 820 grams.,PRESENT_X,CAMERA_3,16~25
84,12,NONE,"['CAMERA_1', 'CAMERA_3']","{'CAMERA_1': ['weight', 'color', 'settings'], 'CAMERA_2': [], 'CAMERA_3': ['color', 'settings', 'long_exposure', 'weight']}",C_THANK_YOU,CAMERA_3,NONE,thank you very much,PRESENT_X,CAMERA_3,S_THANK_YOU,CAMERA_3,NONE,thank you very much.,FACE_TO_FACE,NONE,
84,13,NONE,"['CAMERA_1', 'CAMERA_3']","{'CAMERA_1': ['weight', 'color', 'settings'], 'CAMERA_2': [], 'CAMERA_3': ['color', 'settings', 'long_exposure', 'weight']}",C_LEAVES,DOOR,NONE,,FACE_TO_FACE,NONE,S_RETURNS_TO_COUNTER,SERVICE_COUNTER,NONE,,WAITING,NONE,
85,1,NONE,[],"{'CAMERA_1': [], 'CAMERA_2': [], 'CAMERA_3': []}",C_ENTERS,DOOR,NONE,,WAITING,NONE,S_NONE,SERVICE_COUNTER,NONE,,WAITING,NONE,
85,2,NONE,[],"{'CAMERA_1': [], 'CAMERA_2': [], 'CAMERA_3': []}",C_GREETS,MIDDLE,NONE,excuse me,WAITING,NONE,S_GREETS,MIDDLE,NONE,can I help you?,FACE_TO_FACE,NONE,
85,3,CAMERA_2,['CAMERA_2'],"{'CAMERA_1': [], 'CAMERA_2': [], 'CAMERA_3': []}",C_LOOKING_FOR_A_CAMERA,MIDDLE,NONE,I'm just looking around,FACE_TO_FACE,NONE,S_INTRODUCES_CAMERA,CAMERA_2,,Let me show you this. Here we have the Fujifilm Lumix ILC Camera.,PRESENT_X,CAMERA_2,39~64
85,4,CAMERA_2,['CAMERA_2'],"{'CAMERA_1': [], 'CAMERA_2': ['settings'], 'CAMERA_3': []}",C_QUESTION_ABOUT_FEATURE,CAMERA_2,settings,nice and what about the mental settings,PRESENT_X,CAMERA_2,S_ANSWERS_QUESTION_ABOUT_FEATURE,CAMERA_2,settings,"This one has manual control and various automatic settings (video modeburst shooting, etc.).",PRESENT_X,CAMERA_2,13~91
85,5,NONE,['CAMERA_2'],"{'CAMERA_1': [], 'CAMERA_2': ['settings'], 'CAMERA_3': []}",C_THANK_YOU,CAMERA_2,NONE,thank you for your help,PRESENT_X,CAMERA_2,S_THANK_YOU,CAMERA_2,NONE,thank you very much.,FACE_TO_FACE,NONE,
85,6,NONE,['CAMERA_2'],"{'CAMERA_1': [], 'CAMERA_2': ['settings'], 'CAMERA_3': []}",C_LEAVES,DOOR,NONE,,FACE_TO_FACE,NONE,S_RETURNS_TO_COUNTER,SERVICE_COUNTER,NONE,,WAITING,NONE,
86,1,NONE,[],"{'CAMERA_1': [], 'CAMERA_2': [], 'CAMERA_3': []}",C_ENTERS,DOOR,NONE,,WAITING,NONE,S_NONE,SERVICE_COUNTER,NONE,,WAITING,NONE,
86,2,NONE,[],"{'CAMERA_1': [], 'CAMERA_2': [], 'CAMERA_3': []}",C_WALKS_TO_CAMERA,CAMERA_1,NONE,,WAITING,NONE,S_NONE,SERVICE_COUNTER,NONE,,WAITING,NONE,
86,3,CAMERA_1,['CAMERA_1'],"{'CAMERA_1': ['resolution'], 'CAMERA_2': [], 'CAMERA_3': []}",C_QUESTION_ABOUT_FEATURE,CAMERA_1,resolution,how many megapixels is it,WAITING,NONE,S_ANSWERS_QUESTION_ABOUT_FEATURE,CAMERA_1,resolution,This one has 17.8 megapixels resolution.,PRESENT_X,CAMERA_1,13~28
86,4,CAMERA_1,['CAMERA_1'],"{'CAMERA_1': ['resolution', 'sensor_size'], 'CAMERA_2': [], 'CAMERA_3': []}",C_SILENT_OR_BACKCHANNEL,CAMERA_1,NONE,okay,PRESENT_X,CAMERA_1,S_INTRODUCES_FEATURE,CAMERA_1,sensor_size,This one has a 1/2.3 inch CMOS sensor.,PRESENT_X,CAMERA_1,15~37
86,5,CAMERA_1,['CAMERA_1'],"{'CAMERA_1': ['resolution', 'sensor_size', 'long_exposure'], 'CAMERA_2': [], 'CAMERA_3': []}",C_QUESTION_ABOUT_FEATURE,CAMERA_1,long_exposure,and how about the exposure,PRESENT_X,CAMERA_1,S_ANSWERS_QUESTION_ABOUT_FEATURE,CAMERA_1,long_exposure,This one can take long exposures up to up to 15 seconds with Long Shutter Mode.,PRESENT_X,CAMERA_1,39~78
86,6,CAMERA_1,['CAMERA_1'],"{'CAMERA_1': ['resolution', 'sensor_size', 'long_exposure', 'ISO'], 'CAMERA_2': [], 'CAMERA_3': []}",C_QUESTION_ABOUT_FEATURE,CAMERA_1,ISO,I said what's the ISO on this one,PRESENT_X,CAMERA_1,S_ANSWERS_QUESTION_ABOUT_FEATURE,CAMERA_1,ISO,This one has up to 51200 ISO.,PRESENT_X,CAMERA_1,13~28
86,7,CAMERA_1,['CAMERA_1'],"{'CAMERA_1': ['resolution', 'sensor_size', 'long_exposure', 'ISO', 'optical_zoom'], 'CAMERA_2': [], 'CAMERA_3': []}",C_QUESTION_ABOUT_FEATURE,CAMERA_1,optical_zoom,the optical zoom on this camera what is it,PRESENT_X,CAMERA_1,S_ANSWERS_QUESTION_ABOUT_FEATURE,CAMERA_1,optical_zoom,This one has 21x optical zoom.,PRESENT_X,CAMERA_1,13~29
86,8,CAMERA_1,['CAMERA_1'],"{'CAMERA_1': ['resolution', 'sensor_size', 'long_exposure', 'ISO', 'optical_zoom', 'preset_modes'], 'CAMERA_2': [], 'CAMERA_3': []}",C_QUESTION_ABOUT_FEATURE,CAMERA_1,preset_modes,does it have any preset mode,PRESENT_X,CAMERA_1,S_NOT_SURE,CAMERA_1,,I'm not really sure about that.,PRESENT_X,CAMERA_1,
86,9,CAMERA_1,['CAMERA_1'],"{'CAMERA_1': ['resolution', 'sensor_size', 'long_exposure', 'ISO', 'optical_zoom', 'preset_modes', 'camera_type'], 'CAMERA_2': [], 'CAMERA_3': []}",C_SILENT_OR_BACKCHANNEL,CAMERA_1,NONE,I say,PRESENT_X,CAMERA_1,S_INTRODUCES_FEATURE,CAMERA_1,camera_type,This is a DSLR camera.,PRESENT_X,CAMERA_1,10~14
86,10,CAMERA_1,['CAMERA_1'],"{'CAMERA_1': ['resolution', 'sensor_size', 'long_exposure', 'ISO', 'optical_zoom', 'preset_modes', 'camera_type', 'price'], 'CAMERA_2': [], 'CAMERA_3': []}",C_SILENT_OR_BACKCHANNEL,CAMERA_1,NONE,sounds good,PRESENT_X,CAMERA_1,S_INTRODUCES_FEATURE,CAMERA_1,price,This one costs $450.,PRESENT_X,CAMERA_1,15~19
86,11,CAMERA_1,['CAMERA_1'],"{'CAMERA_1': ['resolution', 'sensor_size', 'long_exposure', 'ISO', 'optical_zoom', 'preset_modes', 'camera_type', 'price', 'effects'], 'CAMERA_2': [], 'CAMERA_3': []}",C_SILENT_OR_BACKCHANNEL,CAMERA_1,NONE,okay,PRESENT_X,CAMERA_1,S_INTRODUCES_FEATURE,CAMERA_1,effects,"This one has 24 glamor retouch effects (miniature, retro, toy camera, etc.).",PRESENT_X,CAMERA_1,13~75
86,12,CAMERA_1,['CAMERA_1'],"{'CAMERA_1': ['resolution', 'sensor_size', 'long_exposure', 'ISO', 'optical_zoom', 'preset_modes', 'camera_type', 'price', 'effects', 'settings'], 'CAMERA_2': [], 'CAMERA_3': []}",C_QUESTION_ABOUT_FEATURE,CAMERA_1,settings,nice and what about the mental settings,PRESENT_X,CAMERA_1,S_ANSWERS_QUESTION_ABOUT_FEATURE,CAMERA_1,settings,This one has limited manual settings.,PRESENT_X,CAMERA_1,13~36
86,13,CAMERA_1,['CAMERA_1'],"{'CAMERA_1': ['resolution', 'sensor_size', 'long_exposure', 'ISO', 'optical_zoom', 'preset_modes', 'camera_type', 'price', 'effects', 'settings', 'autofocus_points'], 'CAMERA_2': [], 'CAMERA_3': []}",C_QUESTION_ABOUT_FEATURE,CAMERA_1,autofocus_points,Lucinda how does the auto focus points can pass the ball to,PRESENT_X,CAMERA_1,S_ANSWERS_QUESTION_ABOUT_FEATURE,CAMERA_1,autofocus_points,This one has 135 autofocus points.,PRESENT_X,CAMERA_1,13~33
86,14,CAMERA_1,['CAMERA_1'],"{'CAMERA_1': ['resolution', 'sensor_size', 'long_exposure', 'ISO', 'optical_zoom', 'preset_modes', 'camera_type', 'price', 'effects', 'settings', 'autofocus_points', 'weight'], 'CAMERA_2': [], 'CAMERA_3': []}",C_QUESTION_ABOUT_FEATURE,CAMERA_1,weight,okay and what about the weight,PRESENT_X,CAMERA_1,S_ANSWERS_QUESTION_ABOUT_FEATURE,CAMERA_1,weight,This one weighs 800 grams.,PRESENT_X,CAMERA_1,16~25
86,15,NONE,['CAMERA_1'],"{'CAMERA_1': ['resolution', 'sensor_size', 'long_exposure', 'ISO', 'optical_zoom', 'preset_modes', 'camera_type', 'price', 'effects', 'settings', 'autofocus_points', 'weight'], 'CAMERA_2': [], 'CAMERA_3': []}",C_THANK_YOU,CAMERA_1,NONE,ok thank you,PRESENT_X,CAMERA_1,S_THANK_YOU,CAMERA_1,NONE,thank you very much.,FACE_TO_FACE,NONE,
86,16,NONE,['CAMERA_1'],"{'CAMERA_1': ['resolution', 'sensor_size', 'long_exposure', 'ISO', 'optical_zoom', 'preset_modes', 'camera_type', 'price', 'effects', 'settings', 'autofocus_points', 'weight'], 'CAMERA_2': [], 'CAMERA_3': []}",C_LEAVES,DOOR,NONE,,FACE_TO_FACE,NONE,S_RETURNS_TO_COUNTER,SERVICE_COUNTER,NONE,,WAITING,NONE,
87,1,NONE,[],"{'CAMERA_1': [], 'CAMERA_2': [], 'CAMERA_3': []}",C_ENTERS,DOOR,NONE,,WAITING,NONE,S_NONE,SERVICE_COUNTER,NONE,,WAITING,NONE,
87,2,NONE,[],"{'CAMERA_1': [], 'CAMERA_2': [], 'CAMERA_3': []}",C_WALKS_TO_CAMERA,CAMERA_1,NONE,,WAITING,NONE,S_GREETS,CAMERA_1,NONE,can I help you?,FACE_TO_FACE,NONE,
87,3,CAMERA_1,['CAMERA_1'],"{'CAMERA_1': [], 'CAMERA_2': [], 'CAMERA_3': []}",C_LOOKING_FOR_A_CAMERA,CAMERA_1,NONE,I came to look for a new camera,FACE_TO_FACE,NONE,S_INTRODUCES_CAMERA,CAMERA_1,,Let me show you this. Here we have the Sony PowerShot ELPH DMC-ZS3.,PRESENT_X,CAMERA_1,39~66
87,4,CAMERA_1,['CAMERA_1'],"{'CAMERA_1': ['settings'], 'CAMERA_2': [], 'CAMERA_3': []}",C_QUESTION_ABOUT_FEATURE,CAMERA_1,settings,K and the manual settings,PRESENT_X,CAMERA_1,S_ANSWERS_QUESTION_ABOUT_FEATURE,CAMERA_1,settings,This one has limited manual settings.,PRESENT_X,CAMERA_1,13~36
87,5,CAMERA_1,['CAMERA_1'],"{'CAMERA_1': ['settings', 'color'], 'CAMERA_2': [], 'CAMERA_3': []}",C_QUESTION_ABOUT_FEATURE,CAMERA_1,color,come in color,PRESENT_X,CAMERA_1,S_ANSWERS_QUESTION_ABOUT_FEATURE,CAMERA_1,color,This one comes in blue or black.,PRESENT_X,CAMERA_1,18~31
87,6,CAMERA_1,['CAMERA_1'],"{'CAMERA_1': ['settings', 'color', 'resolution'], 'CAMERA_2': [], 'CAMERA_3': []}",C_QUESTION_ABOUT_FEATURE,CAMERA_1,resolution,what about the resolution of this camera,PRESENT_X,CAMERA_1,S_ANSWERS_QUESTION_ABOUT_FEATURE,CAMERA_1,resolution,This one has 17.8 megapixels resolution.,PRESENT_X,CAMERA_1,13~28
87,7,NONE,['CAMERA_1'],"{'CAMERA_1': ['settings', 'color', 'resolution'], 'CAMERA_2': [], 'CAMERA_3': []}",C_THANK_YOU,CAMERA_1,NONE,oh okay thank you very much have a good day,PRESENT_X,CAMERA_1,S_THANK_YOU,CAMERA_1,NONE,thank you very much.,FACE_TO_FACE,NONE,
87,8,NONE,['CAMERA_1'],"{'CAMERA_1': ['settings', 'color', 'resolution'], 'CAMERA_2': [], 'CAMERA_3': []}",C_LEAVES,DOOR,NONE,,FACE_TO_FACE,NONE,S_RETURNS_TO_COUNTER,SERVICE_COUNTER,NONE,,WAITING,NONE,
88,1,NONE,[],"{'CAMERA_1': [], 'CAMERA_2': [], 'CAMERA_3': []}",C_ENTERS,DOOR,NONE,,WAITING,NONE,S_NONE,SERVICE_COUNTER,NONE,,WAITING,NONE,
88,2,NONE,[],"{'CAMERA_1': [], 'CAMERA_2': [], 'CAMERA_3': []}",C_WALKS_TO_CAMERA,CAMERA_1,NONE,,WAITING,NONE,S_GREETS,CAMERA_1,NONE,can I help you?,FACE_TO_FACE,NONE,
88,3,CAMERA_3,['CAMERA_3'],"{'CAMERA_1': [], 'CAMERA_2': [], 'CAMERA_3': []}",C_LOOKING_FOR_A_CAMERA,CAMERA_1,NONE,I am interested in photography and I'm looking for good camera is there any in the shop which you can recommend,FACE_TO_FACE,NONE,S_INTRODUCES_CAMERA,CAMERA_3,,Let me show you this. Here we have the Fujifilm PowerShot ELPH S2800.,PRESENT_X,CAMERA_3,39~68
88,4,CAMERA_3,['CAMERA_3'],"{'CAMERA_1': [], 'CAMERA_2': [], 'CAMERA_3': ['color']}",C_QUESTION_ABOUT_FEATURE,CAMERA_3,color,do you know how many colors this camera has,PRESENT_X,CAMERA_3,S_ANSWERS_QUESTION_ABOUT_FEATURE,CAMERA_3,color,"This one comes in purple, white, silver, blue, red, or pink.",PRESENT_X,CAMERA_3,18~59
88,5,CAMERA_3,['CAMERA_3'],"{'CAMERA_1': [], 'CAMERA_2': [], 'CAMERA_3': ['color', 'optical_zoom']}",C_QUESTION_ABOUT_FEATURE,CAMERA_3,optical_zoom,under does it have a zoom,PRESENT_X,CAMERA_3,S_NOT_SURE,CAMERA_3,,I'm not really sure about that.,PRESENT_X,CAMERA_3,
88,6,CAMERA_3,['CAMERA_3'],"{'CAMERA_1': [], 'CAMERA_2': [], 'CAMERA_3': ['color', 'optical_zoom', 'settings']}",C_QUESTION_ABOUT_FEATURE,CAMERA_3,settings,and where about the manual setting,PRESENT_X,CAMERA_3,S_ANSWERS_QUESTION_ABOUT_FEATURE,CAMERA_3,settings,"This one has manual control and various automatic settings (video modeburst shooting, etc.).",PRESENT_X,CAMERA_3,13~91
88,7,CAMERA_3,['CAMERA_3'],"{'CAMERA_1': [], 'CAMERA_2': [], 'CAMERA_3': ['color', 'optical_zoom', 'settings', 'sensor_size']}",C_SILENT_OR_BACKCHANNEL,CAMERA_3,NONE,IC,PRESENT_X,CAMERA_3,S_INTRODUCES_FEATURE,CAMERA_3,sensor_size,This one has a full frame.,PRESENT_X,CAMERA_3,15~25
88,8,NONE,['CAMERA_3'],"{'CAMERA_1': [], 'CAMERA_2': [], 'CAMERA_3': ['color', 'optical_zoom', 'settings', 'sensor_size']}",C_THANK_YOU,CAMERA_3,NONE,well thank you very much for your help,PRESENT_X,CAMERA_3,S_THANK_YOU,CAMERA_3,NONE,thank you very much.,FACE_TO_FACE,NONE,
88,9,NONE,['CAMERA_3'],"{'CAMERA_1': [], 'CAMERA_2': [], 'CAMERA_3': ['color', 'optical_zoom', 'settings', 'sensor_size']}",C_LEAVES,DOOR,NONE,,FACE_TO_FACE,NONE,S_RETURNS_TO_COUNTER,SERVICE_COUNTER,NONE,,WAITING,NONE,
89,1,NONE,[],"{'CAMERA_1': [], 'CAMERA_2': [], 'CAMERA_3': []}",C_ENTERS,DOOR,NONE,,WAITING,NONE,S_NONE,SERVICE_COUNTER,NONE,,WAITING,NONE,
89,2,NONE,[],"{'CAMERA_1': [], 'CAMERA_2': [], 'CAMERA_3': []}",C_GREETS,MIDDLE,NONE,sorry for ask you another question about this camera,WAITING,NONE,S_GREETS,MIDDLE,NONE,can I help you?,FACE_TO_FACE,NONE,
89,3,CAMERA_3,['CAMERA_3'],"{'CAMERA_1': [], 'CAMERA_2': [], 'CAMERA_3': []}",C_LOOKING_FOR_A_CAMERA,MIDDLE,NONE,could I have a look at this camera,FACE_TO_FACE,NONE,S_INTRODUCES_CAMERA,CAMERA_3,,Let me show you this. Here we have the Fujifilm PowerShot ELPH S2800.,PRESENT_X,CAMERA_3,39~68
89,4,CAMERA_3,['CAMERA_3'],"{'CAMERA_1': [], 'CAMERA_2': [], 'CAMERA_3': ['long_exposure']}",C_SILENT_OR_BACKCHANNEL,CAMERA_3,NONE,ok,PRESENT_X,CAMERA_3,S_INTRODUCES_FEATURE,CAMERA_3,long_exposure,This one can take long exposures up to 30 minutes max with bulb mode.,PRESENT_X,CAMERA_3,39~68
89,5,CAMERA_2,"['CAMERA_3', 'CAMERA_2']","{'CAMERA_1': [], 'CAMERA_2': [], 'CAMERA_3': ['long_exposure']}",C_ANYTHING_ELSE_AVAILABLE,CAMERA_3,NONE,So this is the only model you have in your shop,PRESENT_X,CAMERA_3,S_INTRODUCES_CAMERA,CAMERA_2,,Let me show you this. Here we have the Fujifilm Lumix ILC Camera.,PRESENT_X,CAMERA_2,39~64
89,6,CAMERA_2,"['CAMERA_3', 'CAMERA_2']","{'CAMERA_1': [], 'CAMERA_2': ['price'], 'CAMERA_3': ['long_exposure']}",C_QUESTION_ABOUT_FEATURE,CAMERA_2,price,ok I see thank you please tell me about the price in December,PRESENT_X,CAMERA_2,S_ANSWERS_QUESTION_ABOUT_FEATURE,CAMERA_2,price,This one costs $768.,PRESENT_X,CAMERA_2,15~19
89,7,CAMERA_2,"['CAMERA_3', 'CAMERA_2']","{'CAMERA_1': [], 'CAMERA_2': ['price', 'optical_zoom'], 'CAMERA_3': ['long_exposure']}",C_QUESTION_ABOUT_FEATURE,CAMERA_2,optical_zoom,I see what about the optical zoom,PRESENT_X,CAMERA_2,S_ANSWERS_QUESTION_ABOUT_FEATURE,CAMERA_2,optical_zoom,This one has 21x optical zoom.,PRESENT_X,CAMERA_2,13~29
89,8,CAMERA_2,"['CAMERA_3', 'CAMERA_2']","{'CAMERA_1': [], 'CAMERA_2': ['price', 'optical_zoom', 'long_exposure'], 'CAMERA_3': ['long_exposure']}",C_QUESTION_ABOUT_FEATURE,CAMERA_2,long_exposure,and the exposure,PRESENT_X,CAMERA_2,S_ANSWERS_QUESTION_ABOUT_FEATURE,CAMERA_2,long_exposure,This one can take long exposures up to 60 minutes max with bulb mode.,PRESENT_X,CAMERA_2,39~68
89,9,CAMERA_2,"['CAMERA_3', 'CAMERA_2']","{'CAMERA_1': [], 'CAMERA_2': ['price', 'optical_zoom', 'long_exposure', 'color'], 'CAMERA_3': ['long_exposure']}",C_QUESTION_ABOUT_FEATURE,CAMERA_2,color,okay just like question are there just one color or are there many colors,PRESENT_X,CAMERA_2,S_ANSWERS_QUESTION_ABOUT_FEATURE,CAMERA_2,color,This one comes in white or pink.,PRESENT_X,CAMERA_2,18~31
89,10,CAMERA_2,"['CAMERA_3', 'CAMERA_2']","{'CAMERA_1': [], 'CAMERA_2': ['price', 'optical_zoom', 'long_exposure', 'color', 'weight'], 'CAMERA_3': ['long_exposure']}",C_QUESTION_ABOUT_FEATURE,CAMERA_2,weight,oh I see and what about the weight you can make it slide but what's the weight actually,PRESENT_X,CAMERA_2,S_ANSWERS_QUESTION_ABOUT_FEATURE,CAMERA_2,weight,This one weighs 820 grams.,PRESENT_X,CAMERA_2,16~25
89,11,CAMERA_2,"['CAMERA_3', 'CAMERA_2']","{'CAMERA_1': [], 'CAMERA_2': ['price', 'optical_zoom', 'long_exposure', 'color', 'weight', 'effects'], 'CAMERA_3': ['long_exposure']}",C_QUESTION_ABOUT_FEATURE,CAMERA_2,effects,how many autistic affect much does a half,PRESENT_X,CAMERA_2,S_ANSWERS_QUESTION_ABOUT_FEATURE,CAMERA_2,effects,"This one has 24 artistic effect modes (retro, lighter or darker skin tones, sepia, etc.).",PRESENT_X,CAMERA_2,13~88
89,12,CAMERA_2,"['CAMERA_3', 'CAMERA_2']","{'CAMERA_1': [], 'CAMERA_2': ['price', 'optical_zoom', 'long_exposure', 'color', 'weight', 'effects', 'resolution'], 'CAMERA_3': ['long_exposure']}",C_SILENT_OR_BACKCHANNEL,CAMERA_2,NONE,yeah yeah yeah,PRESENT_X,CAMERA_2,S_INTRODUCES_FEATURE,CAMERA_2,resolution,This one has 23.8 megapixels resolution.,PRESENT_X,CAMERA_2,13~28
89,13,NONE,"['CAMERA_3', 'CAMERA_2']","{'CAMERA_1': [], 'CAMERA_2': ['price', 'optical_zoom', 'long_exposure', 'color', 'weight', 'effects', 'resolution'], 'CAMERA_3': ['long_exposure']}",C_THANK_YOU,CAMERA_2,NONE,thank you very much for your help,PRESENT_X,CAMERA_2,S_THANK_YOU,CAMERA_2,NONE,thank you very much.,FACE_TO_FACE,NONE,
89,14,NONE,"['CAMERA_3', 'CAMERA_2']","{'CAMERA_1': [], 'CAMERA_2': ['price', 'optical_zoom', 'long_exposure', 'color', 'weight', 'effects', 'resolution'], 'CAMERA_3': ['long_exposure']}",C_LEAVES,DOOR,NONE,,FACE_TO_FACE,NONE,S_RETURNS_TO_COUNTER,SERVICE_COUNTER,NONE,,WAITING,NONE,
90,1,NONE,[],"{'CAMERA_1': [], 'CAMERA_2': [], 'CAMERA_3': []}",C_ENTERS,DOOR,NONE,,WAITING,NONE,S_NONE,SERVICE_COUNTER,NONE,,WAITING,NONE,
90,2,NONE,[],"{'CAMERA_1': [], 'CAMERA_2': [], 'CAMERA_3': []}",C_WALKS_TO_CAMERA,CAMERA_3,NONE,,WAITING,NONE,S_NONE,SERVICE_COUNTER,NONE,,WAITING,NONE,
90,3,CAMERA_3,['CAMERA_3'],"{'CAMERA_1': [], 'CAMERA_2': [], 'CAMERA_3': ['optical_zoom']}",C_QUESTION_ABOUT_FEATURE,CAMERA_3,optical_zoom,does it have a good zoom,WAITING,NONE,S_NOT_SURE,CAMERA_3,,I'm not really sure about that.,PRESENT_X,CAMERA_3,
90,4,CAMERA_3,['CAMERA_3'],"{'CAMERA_1': [], 'CAMERA_2': [], 'CAMERA_3': ['optical_zoom', 'effects']}",C_SILENT_OR_BACKCHANNEL,CAMERA_3,NONE,yeah yeah I can to try to look on the outside this is a really good one,PRESENT_X,CAMERA_3,S_INTRODUCES_FEATURE,CAMERA_3,effects,"This one has 21 photo effects (small face, retro, big eyes, etc.).",PRESENT_X,CAMERA_3,13~65
90,5,CAMERA_3,['CAMERA_3'],"{'CAMERA_1': [], 'CAMERA_2': [], 'CAMERA_3': ['optical_zoom', 'effects', 'preset_modes']}",C_SILENT_OR_BACKCHANNEL,CAMERA_3,NONE,okay I see,PRESENT_X,CAMERA_3,S_INTRODUCES_FEATURE,CAMERA_3,preset_modes,This one has various preset modes.,PRESENT_X,CAMERA_3,13~33
90,6,CAMERA_3,['CAMERA_3'],"{'CAMERA_1': [], 'CAMERA_2': [], 'CAMERA_3': ['optical_zoom', 'effects', 'preset_modes', 'camera_type']}",C_SILENT_OR_BACKCHANNEL,CAMERA_3,NONE,okay,PRESENT_X,CAMERA_3,S_INTRODUCES_FEATURE,CAMERA_3,camera_type,This is a point and shoot camera.,PRESENT_X,CAMERA_3,10~25
90,7,NONE,['CAMERA_3'],"{'CAMERA_1': [], 'CAMERA_2': [], 'CAMERA_3': ['optical_zoom', 'effects', 'preset_modes', 'camera_type']}",C_THANK_YOU,CAMERA_3,NONE,I see ok thank you very much,PRESENT_X,CAMERA_3,S_THANK_YOU,CAMERA_3,NONE,thank you very much.,FACE_TO_FACE,NONE,
90,8,NONE,['CAMERA_3'],"{'CAMERA_1': [], 'CAMERA_2': [], 'CAMERA_3': ['optical_zoom', 'effects', 'preset_modes', 'camera_type']}",C_LEAVES,DOOR,NONE,,FACE_TO_FACE,NONE,S_RETURNS_TO_COUNTER,SERVICE_COUNTER,NONE,,WAITING,NONE,
91,1,NONE,[],"{'CAMERA_1': [], 'CAMERA_2': [], 'CAMERA_3': []}",C_ENTERS,DOOR,NONE,,WAITING,NONE,S_NONE,SERVICE_COUNTER,NONE,,WAITING,NONE,
91,2,NONE,[],"{'CAMERA_1': [], 'CAMERA_2': [], 'CAMERA_3': []}",C_GREETS,MIDDLE,NONE,Sorry another question,WAITING,NONE,S_GREETS,MIDDLE,NONE,can I help you?,FACE_TO_FACE,NONE,
91,3,CAMERA_3,['CAMERA_3'],"{'CAMERA_1': [], 'CAMERA_2': [], 'CAMERA_3': []}",C_LOOKING_FOR_A_CAMERA,MIDDLE,NONE,I'm looking for a camera for my business,FACE_TO_FACE,NONE,S_INTRODUCES_CAMERA,CAMERA_3,,Let me show you this. Here we have the Fujifilm PowerShot ELPH S2800.,PRESENT_X,CAMERA_3,39~68
91,4,CAMERA_3,['CAMERA_3'],"{'CAMERA_1': [], 'CAMERA_2': [], 'CAMERA_3': ['long_exposure']}",C_SILENT_OR_BACKCHANNEL,CAMERA_3,NONE,ok,PRESENT_X,CAMERA_3,S_INTRODUCES_FEATURE,CAMERA_3,long_exposure,This one can take long exposures up to 30 minutes max with bulb mode.,PRESENT_X,CAMERA_3,39~68
91,5,CAMERA_3,['CAMERA_3'],"{'CAMERA_1': [], 'CAMERA_2': [], 'CAMERA_3': ['long_exposure', 'preset_modes']}",C_SILENT_OR_BACKCHANNEL,CAMERA_3,NONE,okay,PRESENT_X,CAMERA_3,S_INTRODUCES_FEATURE,CAMERA_3,preset_modes,This one has various preset modes.,PRESENT_X,CAMERA_3,13~33
91,6,NONE,['CAMERA_3'],"{'CAMERA_1': [], 'CAMERA_2': [], 'CAMERA_3': ['long_exposure', 'preset_modes']}",C_THANK_YOU,CAMERA_3,NONE,thank you thank you very much,PRESENT_X,CAMERA_3,S_THANK_YOU,CAMERA_3,NONE,thank you very much.,FACE_TO_FACE,NONE,
91,7,NONE,['CAMERA_3'],"{'CAMERA_1': [], 'CAMERA_2': [], 'CAMERA_3': ['long_exposure', 'preset_modes']}",C_LEAVES,DOOR,NONE,,FACE_TO_FACE,NONE,S_RETURNS_TO_COUNTER,SERVICE_COUNTER,NONE,,WAITING,NONE,
92,1,NONE,[],"{'CAMERA_1': [], 'CAMERA_2': [], 'CAMERA_3': []}",C_ENTERS,DOOR,NONE,,WAITING,NONE,S_NONE,SERVICE_COUNTER,NONE,,WAITING,NONE,
92,2,NONE,[],"{'CAMERA_1': [], 'CAMERA_2': [], 'CAMERA_3': []}",C_WALKS_TO_CAMERA,CAMERA_1,NONE,,WAITING,NONE,S_NONE,SERVICE_COUNTER,NONE,,WAITING,NONE,
92,3,NONE,[],"{'CAMERA_1': [], 'CAMERA_2': [], 'CAMERA_3': []}",C_EXAMINES_CAMERA,CAMERA_1,NONE,,WAITING,NONE,S_NONE,SERVICE_COUNTER,NONE,,WAITING,NONE,
92,4,NONE,[],"{'CAMERA_1': [], 'CAMERA_2': [], 'CAMERA_3': []}",C_WALKS_TO_CAMERA,CAMERA_2,NONE,,WAITING,NONE,S_NONE,SERVICE_COUNTER,NONE,,WAITING,NONE,
92,5,NONE,[],"{'CAMERA_1': [], 'CAMERA_2': [], 'CAMERA_3': []}",C_EXAMINES_CAMERA,CAMERA_2,NONE,,WAITING,NONE,S_GREETS,CAMERA_2,NONE,can I help you?,FACE_TO_FACE,NONE,
92,6,CAMERA_3,['CAMERA_3'],"{'CAMERA_1': [], 'CAMERA_2': [], 'CAMERA_3': []}",C_LOOKING_FOR_A_CAMERA,CAMERA_2,NONE,I'm looking for a professional camera,FACE_TO_FACE,NONE,S_INTRODUCES_CAMERA,CAMERA_3,,Let me show you this. Here we have the Fujifilm PowerShot ELPH S2800.,PRESENT_X,CAMERA_3,39~68
92,7,CAMERA_3,['CAMERA_3'],"{'CAMERA_1': [], 'CAMERA_2': [], 'CAMERA_3': ['effects']}",C_QUESTION_ABOUT_FEATURE,CAMERA_3,effects,something that can add an artistic effect,PRESENT_X,CAMERA_3,S_ANSWERS_QUESTION_ABOUT_FEATURE,CAMERA_3,effects,"This one has 21 photo effects (small face, retro, big eyes, etc.).",PRESENT_X,CAMERA_3,13~65
92,8,NONE,['CAMERA_3'],"{'CAMERA_1': [], 'CAMERA_2': [], 'CAMERA_3': ['effects']}",C_THANK_YOU,CAMERA_3,NONE,thank you,PRESENT_X,CAMERA_3,S_THANK_YOU,CAMERA_3,NONE,thank you very much.,FACE_TO_FACE,NONE,
92,9,NONE,['CAMERA_3'],"{'CAMERA_1': [], 'CAMERA_2': [], 'CAMERA_3': ['effects']}",C_LEAVES,DOOR,NONE,,FACE_TO_FACE,NONE,S_RETURNS_TO_COUNTER,SERVICE_COUNTER,NONE,,WAITING,NONE,
93,1,NONE,[],"{'CAMERA_1': [], 'CAMERA_2': [], 'CAMERA_3': []}",C_ENTERS,DOOR,NONE,,WAITING,NONE,S_NONE,SERVICE_COUNTER,NONE,,WAITING,NONE,
93,2,NONE,[],"{'CAMERA_1': [], 'CAMERA_2': [], 'CAMERA_3': []}",C_GREETS,MIDDLE,NONE,hello,WAITING,NONE,S_GREETS,MIDDLE,NONE,can I help you?,FACE_TO_FACE,NONE,
93,3,CAMERA_2,['CAMERA_2'],"{'CAMERA_1': [], 'CAMERA_2': [], 'CAMERA_3': []}",C_LOOKING_FOR_A_CAMERA,MIDDLE,NONE,I want to get a new camera,FACE_TO_FACE,NONE,S_INTRODUCES_CAMERA,CAMERA_2,,Let me show you this. Here we have the Fujifilm Lumix ILC Camera.,PRESENT_X,CAMERA_2,39~64
93,4,CAMERA_2,['CAMERA_2'],"{'CAMERA_1': [], 'CAMERA_2': ['effects'], 'CAMERA_3': []}",C_QUESTION_ABOUT_FEATURE,CAMERA_2,effects,and how does the artistic effect Mode work,PRESENT_X,CAMERA_2,S_ANSWERS_QUESTION_ABOUT_FEATURE,CAMERA_2,effects,"This one has 24 artistic effect modes (retro, lighter or darker skin tones, sepia, etc.).",PRESENT_X,CAMERA_2,13~88
93,5,CAMERA_2,['CAMERA_2'],"{'CAMERA_1': [], 'CAMERA_2': ['effects', 'price'], 'CAMERA_3': []}",C_QUESTION_ABOUT_FEATURE,CAMERA_2,price,how much is it,PRESENT_X,CAMERA_2,S_ANSWERS_QUESTION_ABOUT_FEATURE,CAMERA_2,price,This one costs $768.,PRESENT_X,CAMERA_2,15~19
93,6,CAMERA_2,['CAMERA_2'],"{'CAMERA_1': [], 'CAMERA_2': ['effects', 'price', 'sensor_size'], 'CAMERA_3': []}",C_SILENT_OR_BACKCHANNEL,CAMERA_2,NONE,I say,PRESENT_X,CAMERA_2,S_INTRODUCES_FEATURE,CAMERA_2,sensor_size,This one has a 1/2.33 inch sensor.,PRESENT_X,CAMERA_2,15~33
93,7,NONE,['CAMERA_2'],"{'CAMERA_1': [], 'CAMERA_2': ['effects', 'price', 'sensor_size'], 'CAMERA_3': []}",C_THANK_YOU,CAMERA_2,NONE,thank you,PRESENT_X,CAMERA_2,S_THANK_YOU,CAMERA_2,NONE,thank you very much.,FACE_TO_FACE,NONE,
93,8,NONE,['CAMERA_2'],"{'CAMERA_1': [], 'CAMERA_2': ['effects', 'price', 'sensor_size'], 'CAMERA_3': []}",C_LEAVES,DOOR,NONE,,FACE_TO_FACE,NONE,S_RETURNS_TO_COUNTER,SERVICE_COUNTER,NONE,,WAITING,NONE,
94,1,NONE,[],"{'CAMERA_1': [], 'CAMERA_2': [], 'CAMERA_3': []}",C_ENTERS,DOOR,NONE,,WAITING,NONE,S_NONE,SERVICE_COUNTER,NONE,,WAITING,NONE,
94,2,NONE,[],"{'CAMERA_1': [], 'CAMERA_2': [], 'CAMERA_3': []}",C_WALKS_TO_CAMERA,CAMERA_2,NONE,,WAITING,NONE,S_NONE,SERVICE_COUNTER,NONE,,WAITING,NONE,
94,3,NONE,[],"{'CAMERA_1': [], 'CAMERA_2': [], 'CAMERA_3': []}",C_EXAMINES_CAMERA,CAMERA_2,NONE,,WAITING,NONE,S_GREETS,CAMERA_2,NONE,can I help you?,FACE_TO_FACE,NONE,
94,4,CAMERA_1,['CAMERA_1'],"{'CAMERA_1': [], 'CAMERA_2': [], 'CAMERA_3': []}",C_LOOKING_FOR_A_CAMERA,CAMERA_2,NONE,I want to take a look at the cameras here,FACE_TO_FACE,NONE,S_INTRODUCES_CAMERA,CAMERA_1,,Let me show you this. Here we have the Sony PowerShot ELPH DMC-ZS3.,PRESENT_X,CAMERA_1,39~66
94,5,CAMERA_1,['CAMERA_1'],"{'CAMERA_1': ['preset_modes'], 'CAMERA_2': [], 'CAMERA_3': []}",C_QUESTION_ABOUT_FEATURE,CAMERA_1,preset_modes,does it have any preset mode ready to use,PRESENT_X,CAMERA_1,S_NOT_SURE,CAMERA_1,,I'm not really sure about that.,PRESENT_X,CAMERA_1,
94,6,CAMERA_1,['CAMERA_1'],"{'CAMERA_1': ['preset_modes', 'settings'], 'CAMERA_2': [], 'CAMERA_3': []}",C_QUESTION_ABOUT_FEATURE,CAMERA_1,settings,how about its ability to adjust settings,PRESENT_X,CAMERA_1,S_ANSWERS_QUESTION_ABOUT_FEATURE,CAMERA_1,settings,This one has limited manual settings.,PRESENT_X,CAMERA_1,13~36
94,7,CAMERA_1,['CAMERA_1'],"{'CAMERA_1': ['preset_modes', 'settings', 'autofocus_points'], 'CAMERA_2': [], 'CAMERA_3': []}",C_QUESTION_ABOUT_FEATURE,CAMERA_1,autofocus_points,Lucinda how does the auto focus points can pass the ball to,PRESENT_X,CAMERA_1,S_ANSWERS_QUESTION_ABOUT_FEATURE,CAMERA_1,autofocus_points,This one has 135 autofocus points.,PRESENT_X,CAMERA_1,13~33
94,8,CAMERA_1,['CAMERA_1'],"{'CAMERA_1': ['preset_modes', 'settings', 'autofocus_points', 'ISO'], 'CAMERA_2': [], 'CAMERA_3': []}",C_SILENT_OR_BACKCHANNEL,CAMERA_1,NONE,that looks good,PRESENT_X,CAMERA_1,S_INTRODUCES_FEATURE,CAMERA_1,ISO,This one has up to 51200 ISO.,PRESENT_X,CAMERA_1,13~28
94,9,CAMERA_1,['CAMERA_1'],"{'CAMERA_1': ['preset_modes', 'settings', 'autofocus_points', 'ISO', 'price'], 'CAMERA_2': [], 'CAMERA_3': []}",C_QUESTION_ABOUT_FEATURE,CAMERA_1,price,looks kind of expensive,PRESENT_X,CAMERA_1,S_ANSWERS_QUESTION_ABOUT_FEATURE,CAMERA_1,price,This one costs $450.,PRESENT_X,CAMERA_1,15~19
94,10,CAMERA_1,['CAMERA_1'],"{'CAMERA_1': ['preset_modes', 'settings', 'autofocus_points', 'ISO', 'price', 'optical_zoom'], 'CAMERA_2': [], 'CAMERA_3': []}",C_QUESTION_ABOUT_FEATURE,CAMERA_1,optical_zoom,okay and if I have an optical zoom,PRESENT_X,CAMERA_1,S_ANSWERS_QUESTION_ABOUT_FEATURE,CAMERA_1,optical_zoom,This one has 21x optical zoom.,PRESENT_X,CAMERA_1,13~29
94,11,CAMERA_1,['CAMERA_1'],"{'CAMERA_1': ['preset_modes', 'settings', 'autofocus_points', 'ISO', 'price', 'optical_zoom', 'resolution'], 'CAMERA_2': [], 'CAMERA_3': []}",C_QUESTION_ABOUT_FEATURE,CAMERA_1,resolution,in how many megapixels is this one,PRESENT_X,CAMERA_1,S_ANSWERS_QUESTION_ABOUT_FEATURE,CAMERA_1,resolution,This one has 17.8 megapixels resolution.,PRESENT_X,CAMERA_1,13~28
94,12,CAMERA_1,['CAMERA_1'],"{'CAMERA_1': ['preset_modes', 'settings', 'autofocus_points', 'ISO', 'price', 'optical_zoom', 'resolution', 'color'], 'CAMERA_2': [], 'CAMERA_3': []}",C_SILENT_OR_BACKCHANNEL,CAMERA_1,NONE,that's great,PRESENT_X,CAMERA_1,S_INTRODUCES_FEATURE,CAMERA_1,color,This one comes in blue or black.,PRESENT_X,CAMERA_1,18~31
94,13,CAMERA_1,['CAMERA_1'],"{'CAMERA_1': ['preset_modes', 'settings', 'autofocus_points', 'ISO', 'price', 'optical_zoom', 'resolution', 'color', 'effects'], 'CAMERA_2': [], 'CAMERA_3': []}",C_QUESTION_ABOUT_FEATURE,CAMERA_1,effects,$550 that's not too bad for a camera it says here artistic effect mode what is that,PRESENT_X,CAMERA_1,S_ANSWERS_QUESTION_ABOUT_FEATURE,CAMERA_1,effects,"This one has 24 glamor retouch effects (miniature, retro, toy camera, etc.).",PRESENT_X,CAMERA_1,13~75
94,14,NONE,['CAMERA_1'],"{'CAMERA_1': ['preset_modes', 'settings', 'autofocus_points', 'ISO', 'price', 'optical_zoom', 'resolution', 'color', 'effects'], 'CAMERA_2': [], 'CAMERA_3': []}",C_THANK_YOU,CAMERA_1,NONE,okay sounds good thank you very much,PRESENT_X,CAMERA_1,S_THANK_YOU,CAMERA_1,NONE,thank you very much.,FACE_TO_FACE,NONE,
94,15,NONE,['CAMERA_1'],"{'CAMERA_1': ['preset_modes', 'settings', 'autofocus_points', 'ISO', 'price', 'optical_zoom', 'resolution', 'color', 'effects'], 'CAMERA_2': [], 'CAMERA_3': []}",C_LEAVES,DOOR,NONE,,FACE_TO_FACE,NONE,S_RETURNS_TO_COUNTER,SERVICE_COUNTER,NONE,,WAITING,NONE,
95,1,NONE,[],"{'CAMERA_1': [], 'CAMERA_2': [], 'CAMERA_3': []}",C_ENTERS,DOOR,NONE,,WAITING,NONE,S_NONE,SERVICE_COUNTER,NONE,,WAITING,NONE,
95,2,NONE,[],"{'CAMERA_1': [], 'CAMERA_2': [], 'CAMERA_3': []}",C_WALKS_TO_CAMERA,CAMERA_2,NONE,,WAITING,NONE,S_NONE,SERVICE_COUNTER,NONE,,WAITING,NONE,
95,3,CAMERA_2,['CAMERA_2'],"{'CAMERA_1': [], 'CAMERA_2': ['effects'], 'CAMERA_3': []}",C_QUESTION_ABOUT_FEATURE,CAMERA_2,effects,what about the artistic effect mode how does that work,WAITING,NONE,S_ANSWERS_QUESTION_ABOUT_FEATURE,CAMERA_2,effects,"This one has 24 artistic effect modes (retro, lighter or darker skin tones, sepia, etc.).",PRESENT_X,CAMERA_2,13~88
95,4,CAMERA_2,['CAMERA_2'],"{'CAMERA_1': [], 'CAMERA_2': ['effects', 'settings'], 'CAMERA_3': []}",C_QUESTION_ABOUT_FEATURE,CAMERA_2,settings,and the manual settings how many manual settings does it have,PRESENT_X,CAMERA_2,S_ANSWERS_QUESTION_ABOUT_FEATURE,CAMERA_2,settings,"This one has manual control and various automatic settings (video modeburst shooting, etc.).",PRESENT_X,CAMERA_2,13~91
95,5,CAMERA_2,['CAMERA_2'],"{'CAMERA_1': [], 'CAMERA_2': ['effects', 'settings', 'camera_type'], 'CAMERA_3': []}",C_QUESTION_ABOUT_FEATURE,CAMERA_2,camera_type,what kind of camera is this,PRESENT_X,CAMERA_2,S_ANSWERS_QUESTION_ABOUT_FEATURE,CAMERA_2,camera_type,This is a digital single lens mirrorless camera.,PRESENT_X,CAMERA_2,10~40
95,6,CAMERA_2,['CAMERA_2'],"{'CAMERA_1': [], 'CAMERA_2': ['effects', 'settings', 'camera_type', 'optical_zoom'], 'CAMERA_3': []}",C_SILENT_OR_BACKCHANNEL,CAMERA_2,NONE,ok,PRESENT_X,CAMERA_2,S_INTRODUCES_FEATURE,CAMERA_2,optical_zoom,This one has 21x optical zoom.,PRESENT_X,CAMERA_2,13~29
95,7,NONE,['CAMERA_2'],"{'CAMERA_1': [], 'CAMERA_2': ['effects', 'settings', 'camera_type', 'optical_zoom'], 'CAMERA_3': []}",C_THANK_YOU,CAMERA_2,NONE,thank you,PRESENT_X,CAMERA_2,S_THANK_YOU,CAMERA_2,NONE,thank you very much.,FACE_TO_FACE,NONE,
95,8,NONE,['CAMERA_2'],"{'CAMERA_1': [], 'CAMERA_2': ['effects', 'settings', 'camera_type', 'optical_zoom'], 'CAMERA_3': []}",C_LEAVES,DOOR,NONE,,FACE_TO_FACE,NONE,S_RETURNS_TO_COUNTER,SERVICE_COUNTER,NONE,,WAITING,NONE,
96,1,NONE,[],"{'CAMERA_1': [], 'CAMERA_2': [], 'CAMERA_3': []}",C_ENTERS,DOOR,NONE,,WAITING,NONE,S_NONE,SERVICE_COUNTER,NONE,,WAITING,NONE,
96,2,NONE,[],"{'CAMERA_1': [], 'CAMERA_2': [], 'CAMERA_3': []}",C_WALKS_TO_CAMERA,CAMERA_2,NONE,,WAITING,NONE,S_GREETS,CAMERA_2,NONE,can I help you?,FACE_TO_FACE,NONE,
96,3,CAMERA_1,['CAMERA_1'],"{'CAMERA_1': [], 'CAMERA_2': [], 'CAMERA_3': []}",C_LOOKING_FOR_A_CAMERA,CAMERA_2,NONE,hello I'm looking for a camera with very high is so can you recommend one for me,FACE_TO_FACE,NONE,S_INTRODUCES_CAMERA,CAMERA_1,,Let me show you this. Here we have the Sony PowerShot ELPH DMC-ZS3.,PRESENT_X,CAMERA_1,39~66
96,4,CAMERA_1,['CAMERA_1'],"{'CAMERA_1': ['long_exposure'], 'CAMERA_2': [], 'CAMERA_3': []}",C_QUESTION_ABOUT_FEATURE,CAMERA_1,long_exposure,can you do a long exposure,PRESENT_X,CAMERA_1,S_ANSWERS_QUESTION_ABOUT_FEATURE,CAMERA_1,long_exposure,This one can take long exposures up to up to 15 seconds with Long Shutter Mode.,PRESENT_X,CAMERA_1,39~78
96,5,CAMERA_1,['CAMERA_1'],"{'CAMERA_1': ['long_exposure', 'autofocus_points'], 'CAMERA_2': [], 'CAMERA_3': []}",C_QUESTION_ABOUT_FEATURE,CAMERA_1,autofocus_points,yeah I'm wondering how many auto focus points does this camera have,PRESENT_X,CAMERA_1,S_ANSWERS_QUESTION_ABOUT_FEATURE,CAMERA_1,autofocus_points,This one has 135 autofocus points.,PRESENT_X,CAMERA_1,13~33
96,6,CAMERA_1,['CAMERA_1'],"{'CAMERA_1': ['long_exposure', 'autofocus_points', 'preset_modes'], 'CAMERA_2': [], 'CAMERA_3': []}",C_QUESTION_ABOUT_FEATURE,CAMERA_1,preset_modes,what's bulb mode,PRESENT_X,CAMERA_1,S_NOT_SURE,CAMERA_1,,I'm not really sure about that.,PRESENT_X,CAMERA_1,
96,7,CAMERA_1,['CAMERA_1'],"{'CAMERA_1': ['long_exposure', 'autofocus_points', 'preset_modes', 'ISO'], 'CAMERA_2': [], 'CAMERA_3': []}",C_QUESTION_ABOUT_FEATURE,CAMERA_1,ISO,how high can I set the ISO,PRESENT_X,CAMERA_1,S_ANSWERS_QUESTION_ABOUT_FEATURE,CAMERA_1,ISO,This one has up to 51200 ISO.,PRESENT_X,CAMERA_1,13~28
96,8,CAMERA_1,['CAMERA_1'],"{'CAMERA_1': ['long_exposure', 'autofocus_points', 'preset_modes', 'ISO', 'price'], 'CAMERA_2': [], 'CAMERA_3': []}",C_QUESTION_ABOUT_FEATURE,CAMERA_1,price,and how about the price,PRESENT_X,CAMERA_1,S_ANSWERS_QUESTION_ABOUT_FEATURE,CAMERA_1,price,This one costs $450.,PRESENT_X,CAMERA_1,15~19
96,9,CAMERA_1,['CAMERA_1'],"{'CAMERA_1': ['long_exposure', 'autofocus_points', 'preset_modes', 'ISO', 'price', 'resolution'], 'CAMERA_2': [], 'CAMERA_3': []}",C_SILENT_OR_BACKCHANNEL,CAMERA_1,NONE,that's pretty funky,PRESENT_X,CAMERA_1,S_INTRODUCES_FEATURE,CAMERA_1,resolution,This one has 17.8 megapixels resolution.,PRESENT_X,CAMERA_1,13~28
96,10,CAMERA_1,['CAMERA_1'],"{'CAMERA_1': ['long_exposure', 'autofocus_points', 'preset_modes', 'ISO', 'price', 'resolution', 'color'], 'CAMERA_2': [], 'CAMERA_3': []}",C_SILENT_OR_BACKCHANNEL,CAMERA_1,NONE,that's great we're by the way,PRESENT_X,CAMERA_1,S_INTRODUCES_FEATURE,CAMERA_1,color,This one comes in blue or black.,PRESENT_X,CAMERA_1,18~31
96,11,CAMERA_1,['CAMERA_1'],"{'CAMERA_1': ['long_exposure', 'autofocus_points', 'preset_modes', 'ISO', 'price', 'resolution', 'color', 'effects'], 'CAMERA_2': [], 'CAMERA_3': []}",C_SILENT_OR_BACKCHANNEL,CAMERA_1,NONE,ok,PRESENT_X,CAMERA_1,S_INTRODUCES_FEATURE,CAMERA_1,effects,"This one has 24 glamor retouch effects (miniature, retro, toy camera, etc.).",PRESENT_X,CAMERA_1,13~75
96,12,CAMERA_1,['CAMERA_1'],"{'CAMERA_1': ['long_exposure', 'autofocus_points', 'preset_modes', 'ISO', 'price', 'resolution', 'color', 'effects', 'camera_type'], 'CAMERA_2': [], 'CAMERA_3': []}",C_SILENT_OR_BACKCHANNEL,CAMERA_1,NONE,IC,PRESENT_X,CAMERA_1,S_INTRODUCES_FEATURE,CAMERA_1,camera_type,This is a DSLR camera.,PRESENT_X,CAMERA_1,10~14
96,13,CAMERA_1,['CAMERA_1'],"{'CAMERA_1': ['long_exposure', 'autofocus_points', 'preset_modes', 'ISO', 'price', 'resolution', 'color', 'effects', 'camera_type', 'weight'], 'CAMERA_2': [], 'CAMERA_3': []}",C_SILENT_OR_BACKCHANNEL,CAMERA_1,NONE,I say so,PRESENT_X,CAMERA_1,S_INTRODUCES_FEATURE,CAMERA_1,weight,This one weighs 800 grams.,PRESENT_X,CAMERA_1,16~25
96,14,NONE,['CAMERA_1'],"{'CAMERA_1': ['long_exposure', 'autofocus_points', 'preset_modes', 'ISO', 'price', 'resolution', 'color', 'effects', 'camera_type', 'weight'], 'CAMERA_2': [], 'CAMERA_3': []}",C_THANK_YOU,CAMERA_1,NONE,thank you so much,PRESENT_X,CAMERA_1,S_THANK_YOU,CAMERA_1,NONE,thank you very much.,FACE_TO_FACE,NONE,
96,15,NONE,['CAMERA_1'],"{'CAMERA_1': ['long_exposure', 'autofocus_points', 'preset_modes', 'ISO', 'price', 'resolution', 'color', 'effects', 'camera_type', 'weight'], 'CAMERA_2': [], 'CAMERA_3': []}",C_LEAVES,DOOR,NONE,,FACE_TO_FACE,NONE,S_RETURNS_TO_COUNTER,SERVICE_COUNTER,NONE,,WAITING,NONE,
97,1,NONE,[],"{'CAMERA_1': [], 'CAMERA_2': [], 'CAMERA_3': []}",C_ENTERS,DOOR,NONE,,WAITING,NONE,S_NONE,SERVICE_COUNTER,NONE,,WAITING,NONE,
97,2,NONE,[],"{'CAMERA_1': [], 'CAMERA_2': [], 'CAMERA_3': []}",C_GREETS,MIDDLE,NONE,excuse me,WAITING,NONE,S_GREETS,MIDDLE,NONE,can I help you?,FACE_TO_FACE,NONE,
97,3,CAMERA_1,['CAMERA_1'],"{'CAMERA_1': [], 'CAMERA_2': [], 'CAMERA_3': []}",C_LOOKING_FOR_A_CAMERA,MIDDLE,NONE,I'm looking for a good camera so I can take my photographs to adjust in photography,FACE_TO_FACE,NONE,S_INTRODUCES_CAMERA,CAMERA_1,,Let me show you this. Here we have the Sony PowerShot ELPH DMC-ZS3.,PRESENT_X,CAMERA_1,39~66
97,4,CAMERA_1,['CAMERA_1'],"{'CAMERA_1': ['autofocus_points'], 'CAMERA_2': [], 'CAMERA_3': []}",C_SILENT_OR_BACKCHANNEL,CAMERA_1,NONE,that's great,PRESENT_X,CAMERA_1,S_INTRODUCES_FEATURE,CAMERA_1,autofocus_points,This one has 135 autofocus points.,PRESENT_X,CAMERA_1,13~33
97,5,CAMERA_1,['CAMERA_1'],"{'CAMERA_1': ['autofocus_points', 'settings'], 'CAMERA_2': [], 'CAMERA_3': []}",C_SILENT_OR_BACKCHANNEL,CAMERA_1,NONE,Isis sounds like a really nice cameras have,PRESENT_X,CAMERA_1,S_INTRODUCES_FEATURE,CAMERA_1,settings,This one has limited manual settings.,PRESENT_X,CAMERA_1,13~36
97,6,CAMERA_1,['CAMERA_1'],"{'CAMERA_1': ['autofocus_points', 'settings', 'optical_zoom'], 'CAMERA_2': [], 'CAMERA_3': []}",C_SILENT_OR_BACKCHANNEL,CAMERA_1,NONE,yeah,PRESENT_X,CAMERA_1,S_INTRODUCES_FEATURE,CAMERA_1,optical_zoom,This one has 21x optical zoom.,PRESENT_X,CAMERA_1,13~29
97,7,CAMERA_1,['CAMERA_1'],"{'CAMERA_1': ['autofocus_points', 'settings', 'optical_zoom', 'sensor_size'], 'CAMERA_2': [], 'CAMERA_3': []}",C_QUESTION_ABOUT_FEATURE,CAMERA_1,sensor_size,what about the sensor size,PRESENT_X,CAMERA_1,S_ANSWERS_QUESTION_ABOUT_FEATURE,CAMERA_1,sensor_size,This one has a 1/2.3 inch CMOS sensor.,PRESENT_X,CAMERA_1,15~37
97,8,CAMERA_1,['CAMERA_1'],"{'CAMERA_1': ['autofocus_points', 'settings', 'optical_zoom', 'sensor_size', 'resolution'], 'CAMERA_2': [], 'CAMERA_3': []}",C_QUESTION_ABOUT_FEATURE,CAMERA_1,resolution,how many megapixels does it have,PRESENT_X,CAMERA_1,S_ANSWERS_QUESTION_ABOUT_FEATURE,CAMERA_1,resolution,This one has 17.8 megapixels resolution.,PRESENT_X,CAMERA_1,13~28
97,9,CAMERA_1,['CAMERA_1'],"{'CAMERA_1': ['autofocus_points', 'settings', 'optical_zoom', 'sensor_size', 'resolution', 'long_exposure'], 'CAMERA_2': [], 'CAMERA_3': []}",C_SILENT_OR_BACKCHANNEL,CAMERA_1,NONE,ok,PRESENT_X,CAMERA_1,S_INTRODUCES_FEATURE,CAMERA_1,long_exposure,This one can take long exposures up to up to 15 seconds with Long Shutter Mode.,PRESENT_X,CAMERA_1,39~78
97,10,CAMERA_1,['CAMERA_1'],"{'CAMERA_1': ['autofocus_points', 'settings', 'optical_zoom', 'sensor_size', 'resolution', 'long_exposure', 'weight'], 'CAMERA_2': [], 'CAMERA_3': []}",C_QUESTION_ABOUT_FEATURE,CAMERA_1,weight,oh it's heavy,PRESENT_X,CAMERA_1,S_ANSWERS_QUESTION_ABOUT_FEATURE,CAMERA_1,weight,This one weighs 800 grams.,PRESENT_X,CAMERA_1,16~25
97,11,CAMERA_2,"['CAMERA_1', 'CAMERA_2']","{'CAMERA_1': ['autofocus_points', 'settings', 'optical_zoom', 'sensor_size', 'resolution', 'long_exposure', 'weight'], 'CAMERA_2': [], 'CAMERA_3': []}",C_ANYTHING_ELSE_AVAILABLE,CAMERA_1,NONE,do you have anything better than this,PRESENT_X,CAMERA_1,S_INTRODUCES_CAMERA,CAMERA_2,,Let me show you this. Here we have the Fujifilm Lumix ILC Camera.,PRESENT_X,CAMERA_2,39~64
97,12,CAMERA_2,"['CAMERA_1', 'CAMERA_2']","{'CAMERA_1': ['autofocus_points', 'settings', 'optical_zoom', 'sensor_size', 'resolution', 'long_exposure', 'weight'], 'CAMERA_2': ['autofocus_points'], 'CAMERA_3': []}",C_QUESTION_ABOUT_FEATURE,CAMERA_2,autofocus_points,how many auto focus points does this one have,PRESENT_X,CAMERA_2,S_NOT_SURE,CAMERA_2,,I'm not really sure about that.,PRESENT_X,CAMERA_2,
97,13,CAMERA_2,"['CAMERA_1', 'CAMERA_2']","{'CAMERA_1': ['autofocus_points', 'settings', 'optical_zoom', 'sensor_size', 'resolution', 'long_exposure', 'weight'], 'CAMERA_2': ['autofocus_points', 'long_exposure'], 'CAMERA_3': []}",C_SILENT_OR_BACKCHANNEL,CAMERA_2,NONE,yeah,PRESENT_X,CAMERA_2,S_INTRODUCES_FEATURE,CAMERA_2,long_exposure,This one can take long exposures up to 60 minutes max with bulb mode.,PRESENT_X,CAMERA_2,39~68
97,14,CAMERA_2,"['CAMERA_1', 'CAMERA_2']","{'CAMERA_1': ['autofocus_points', 'settings', 'optical_zoom', 'sensor_size', 'resolution', 'long_exposure', 'weight'], 'CAMERA_2': ['autofocus_points', 'long_exposure', 'effects'], 'CAMERA_3': []}",C_QUESTION_ABOUT_FEATURE,CAMERA_2,effects,what about the artistic effect mode how does that work,PRESENT_X,CAMERA_2,S_ANSWERS_QUESTION_ABOUT_FEATURE,CAMERA_2,effects,"This one has 24 artistic effect modes (retro, lighter or darker skin tones, sepia, etc.).",PRESENT_X,CAMERA_2,13~88
97,15,CAMERA_2,"['CAMERA_1', 'CAMERA_2']","{'CAMERA_1': ['autofocus_points', 'settings', 'optical_zoom', 'sensor_size', 'resolution', 'long_exposure', 'weight'], 'CAMERA_2': ['autofocus_points', 'long_exposure', 'effects', 'resolution'], 'CAMERA_3': []}",C_SILENT_OR_BACKCHANNEL,CAMERA_2,NONE,I said yeah ok,PRESENT_X,CAMERA_2,S_INTRODUCES_FEATURE,CAMERA_2,resolution,This one has 23.8 megapixels resolution.,PRESENT_X,CAMERA_2,13~28
97,16,CAMERA_2,"['CAMERA_1', 'CAMERA_2']","{'CAMERA_1': ['autofocus_points', 'settings', 'optical_zoom', 'sensor_size', 'resolution', 'long_exposure', 'weight'], 'CAMERA_2': ['autofocus_points', 'long_exposure', 'effects', 'resolution', 'price'], 'CAMERA_3': []}",C_SILENT_OR_BACKCHANNEL,CAMERA_2,NONE,ok,PRESENT_X,CAMERA_2,S_INTRODUCES_FEATURE,CAMERA_2,price,This one costs $768.,PRESENT_X,CAMERA_2,15~19
97,17,CAMERA_2,"['CAMERA_1', 'CAMERA_2']","{'CAMERA_1': ['autofocus_points', 'settings', 'optical_zoom', 'sensor_size', 'resolution', 'long_exposure', 'weight'], 'CAMERA_2': ['autofocus_points', 'long_exposure', 'effects', 'resolution', 'price', 'sensor_size'], 'CAMERA_3': []}",C_SILENT_OR_BACKCHANNEL,CAMERA_2,NONE,IC,PRESENT_X,CAMERA_2,S_INTRODUCES_FEATURE,CAMERA_2,sensor_size,This one has a 1/2.33 inch sensor.,PRESENT_X,CAMERA_2,15~33
97,18,CAMERA_3,"['CAMERA_1', 'CAMERA_2', 'CAMERA_3']","{'CAMERA_1': ['autofocus_points', 'settings', 'optical_zoom', 'sensor_size', 'resolution', 'long_exposure', 'weight'], 'CAMERA_2': ['autofocus_points', 'long_exposure', 'effects', 'resolution', 'price', 'sensor_size'], 'CAMERA_3': []}",C_ANYTHING_ELSE_AVAILABLE,CAMERA_2,NONE,do you have any other cameras like this,PRESENT_X,CAMERA_2,S_INTRODUCES_CAMERA,CAMERA_3,,Let me show you this. Here we have the Fujifilm PowerShot ELPH S2800.,PRESENT_X,CAMERA_3,39~68
97,19,CAMERA_3,"['CAMERA_1', 'CAMERA_2', 'CAMERA_3']","{'CAMERA_1': ['autofocus_points', 'settings', 'optical_zoom', 'sensor_size', 'resolution', 'long_exposure', 'weight'], 'CAMERA_2': ['autofocus_points', 'long_exposure', 'effects', 'resolution', 'price', 'sensor_size'], 'CAMERA_3': ['price']}",C_SILENT_OR_BACKCHANNEL,CAMERA_3,NONE,okay I say it,PRESENT_X,CAMERA_3,S_INTRODUCES_FEATURE,CAMERA_3,price,This one costs $518.,PRESENT_X,CAMERA_3,15~19
97,20,,"['CAMERA_1', 'CAMERA_2', 'CAMERA_3']","{'CAMERA_1': ['autofocus_points', 'settings', 'optical_zoom', 'sensor_size', 'resolution', 'long_exposure', 'weight'], 'CAMERA_2': ['autofocus_points', 'long_exposure', 'effects', 'resolution', 'price', 'sensor_size'], 'CAMERA_3': ['price']}",C_ANYTHING_ELSE_AVAILABLE,CAMERA_3,NONE,I see do you have any other options that you can show me,PRESENT_X,CAMERA_3,S_THATS_ALL_WE_HAVE_AVAILABLE,CAMERA_3,,That's all we have available at the moment.,PRESENT_X,CAMERA_3,
97,21,NONE,"['CAMERA_1', 'CAMERA_2', 'CAMERA_3']","{'CAMERA_1': ['autofocus_points', 'settings', 'optical_zoom', 'sensor_size', 'resolution', 'long_exposure', 'weight'], 'CAMERA_2': ['autofocus_points', 'long_exposure', 'effects', 'resolution', 'price', 'sensor_size'], 'CAMERA_3': ['price']}",C_THANK_YOU,CAMERA_3,NONE,thank you,PRESENT_X,CAMERA_3,S_THANK_YOU,CAMERA_3,NONE,thank you very much.,FACE_TO_FACE,NONE,
97,22,NONE,"['CAMERA_1', 'CAMERA_2', 'CAMERA_3']","{'CAMERA_1': ['autofocus_points', 'settings', 'optical_zoom', 'sensor_size', 'resolution', 'long_exposure', 'weight'], 'CAMERA_2': ['autofocus_points', 'long_exposure', 'effects', 'resolution', 'price', 'sensor_size'], 'CAMERA_3': ['price']}",C_LEAVES,DOOR,NONE,,FACE_TO_FACE,NONE,S_RETURNS_TO_COUNTER,SERVICE_COUNTER,NONE,,WAITING,NONE,
98,1,NONE,[],"{'CAMERA_1': [], 'CAMERA_2': [], 'CAMERA_3': []}",C_ENTERS,DOOR,NONE,,WAITING,NONE,S_NONE,SERVICE_COUNTER,NONE,,WAITING,NONE,
98,2,NONE,[],"{'CAMERA_1': [], 'CAMERA_2': [], 'CAMERA_3': []}",C_WALKS_TO_CAMERA,CAMERA_3,NONE,,WAITING,NONE,S_GREETS,CAMERA_3,NONE,can I help you?,FACE_TO_FACE,NONE,
98,3,CAMERA_1,['CAMERA_1'],"{'CAMERA_1': [], 'CAMERA_2': [], 'CAMERA_3': []}",C_LOOKING_FOR_A_CAMERA,CAMERA_3,NONE,ho hey just looking for a camera something more high end,FACE_TO_FACE,NONE,S_INTRODUCES_CAMERA,CAMERA_1,,Let me show you this. Here we have the Sony PowerShot ELPH DMC-ZS3.,PRESENT_X,CAMERA_1,39~66
98,4,CAMERA_1,['CAMERA_1'],"{'CAMERA_1': ['camera_type'], 'CAMERA_2': [], 'CAMERA_3': []}",C_QUESTION_ABOUT_FEATURE,CAMERA_1,camera_type,is this a point and shoot camera,PRESENT_X,CAMERA_1,S_ANSWERS_QUESTION_ABOUT_FEATURE,CAMERA_1,camera_type,This is a DSLR camera.,PRESENT_X,CAMERA_1,10~14
98,5,CAMERA_1,['CAMERA_1'],"{'CAMERA_1': ['camera_type', 'long_exposure'], 'CAMERA_2': [], 'CAMERA_3': []}",C_SILENT_OR_BACKCHANNEL,CAMERA_1,NONE,sounds great how about the synthesized honest,PRESENT_X,CAMERA_1,S_INTRODUCES_FEATURE,CAMERA_1,long_exposure,This one can take long exposures up to up to 15 seconds with Long Shutter Mode.,PRESENT_X,CAMERA_1,39~78
98,6,NONE,['CAMERA_1'],"{'CAMERA_1': ['camera_type', 'long_exposure'], 'CAMERA_2': [], 'CAMERA_3': []}",C_THANK_YOU,CAMERA_1,NONE,yes thank you very much for your help,PRESENT_X,CAMERA_1,S_THANK_YOU,CAMERA_1,NONE,thank you very much.,FACE_TO_FACE,NONE,
98,7,NONE,['CAMERA_1'],"{'CAMERA_1': ['camera_type', 'long_exposure'], 'CAMERA_2': [], 'CAMERA_3': []}",C_LEAVES,DOOR,NONE,,FACE_TO_FACE,NONE,S_RETURNS_TO_COUNTER,SERVICE_COUNTER,NONE,,WAITING,NONE,
99,1,NONE,[],"{'CAMERA_1': [], 'CAMERA_2': [], 'CAMERA_3': []}",C_ENTERS,DOOR,NONE,,WAITING,NONE,S_NONE,SERVICE_COUNTER,NONE,,WAITING,NONE,
99,2,NONE,[],"{'CAMERA_1': [], 'CAMERA_2': [], 'CAMERA_3': []}",C_GREETS,MIDDLE,NONE,Excuse me is this the DSi that you mention earlier,WAITING,NONE,S_GREETS,MIDDLE,NONE,can I help you?,FACE_TO_FACE,NONE,
99,3,CAMERA_2,['CAMERA_2'],"{'CAMERA_1': [], 'CAMERA_2': [], 'CAMERA_3': []}",C_LOOKING_FOR_A_CAMERA,MIDDLE,NONE,hi good afternoon I'm looking for a camera that has a high I just saw with low noise and this is very important for me,FACE_TO_FACE,NONE,S_INTRODUCES_CAMERA,CAMERA_2,,Let me show you this. Here we have the Fujifilm Lumix ILC Camera.,PRESENT_X,CAMERA_2,39~64
99,4,CAMERA_2,['CAMERA_2'],"{'CAMERA_1': [], 'CAMERA_2': ['weight'], 'CAMERA_3': []}",C_SILENT_OR_BACKCHANNEL,CAMERA_2,NONE,IC,PRESENT_X,CAMERA_2,S_INTRODUCES_FEATURE,CAMERA_2,weight,This one weighs 820 grams.,PRESENT_X,CAMERA_2,16~25
99,5,NONE,['CAMERA_2'],"{'CAMERA_1': [], 'CAMERA_2': ['weight'], 'CAMERA_3': []}",C_THANK_YOU,CAMERA_2,NONE,see you have a great day,PRESENT_X,CAMERA_2,S_THANK_YOU,CAMERA_2,NONE,thank you very much.,FACE_TO_FACE,NONE,
99,6,NONE,['CAMERA_2'],"{'CAMERA_1': [], 'CAMERA_2': ['weight'], 'CAMERA_3': []}",C_LEAVES,DOOR,NONE,,FACE_TO_FACE,NONE,S_RETURNS_TO_COUNTER,SERVICE_COUNTER,NONE,,WAITING,NONE,
100,1,NONE,[],"{'CAMERA_1': [], 'CAMERA_2': [], 'CAMERA_3': []}",C_ENTERS,DOOR,NONE,,WAITING,NONE,S_NONE,SERVICE_COUNTER,NONE,,WAITING,NONE,
100,2,NONE,[],"{'CAMERA_1': [], 'CAMERA_2': [], 'CAMERA_3': []}",C_GREETS,MIDDLE,NONE,hello,WAITING,NONE,S_GREETS,MIDDLE,NONE,can I help you?,FACE_TO_FACE,NONE,
100,3,CAMERA_3,['CAMERA_3'],"{'CAMERA_1': [], 'CAMERA_2': [], 'CAMERA_3': []}",C_LOOKING_FOR_A_CAMERA,MIDDLE,NONE,I just want to take a quick look at your cameras,FACE_TO_FACE,NONE,S_INTRODUCES_CAMERA,CAMERA_3,,Let me show you this. Here we have the Fujifilm PowerShot ELPH S2800.,PRESENT_X,CAMERA_3,39~68
100,4,CAMERA_3,['CAMERA_3'],"{'CAMERA_1': [], 'CAMERA_2': [], 'CAMERA_3': ['long_exposure']}",C_SILENT_OR_BACKCHANNEL,CAMERA_3,NONE,IC,PRESENT_X,CAMERA_3,S_INTRODUCES_FEATURE,CAMERA_3,long_exposure,This one can take long exposures up to 30 minutes max with bulb mode.,PRESENT_X,CAMERA_3,39~68
100,5,CAMERA_3,['CAMERA_3'],"{'CAMERA_1': [], 'CAMERA_2': [], 'CAMERA_3': ['long_exposure', 'color']}",C_QUESTION_ABOUT_FEATURE,CAMERA_3,color,tell me what color is this one comes in,PRESENT_X,CAMERA_3,S_ANSWERS_QUESTION_ABOUT_FEATURE,CAMERA_3,color,"This one comes in purple, white, silver, blue, red, or pink.",PRESENT_X,CAMERA_3,18~59
100,6,CAMERA_3,['CAMERA_3'],"{'CAMERA_1': [], 'CAMERA_2': [], 'CAMERA_3': ['long_exposure', 'color', 'resolution']}",C_QUESTION_ABOUT_FEATURE,CAMERA_3,resolution,and how many megapixels does it have,PRESENT_X,CAMERA_3,S_ANSWERS_QUESTION_ABOUT_FEATURE,CAMERA_3,resolution,This one has 23.2 megapixels resolution.,PRESENT_X,CAMERA_3,13~28
100,7,CAMERA_3,['CAMERA_3'],"{'CAMERA_1': [], 'CAMERA_2': [], 'CAMERA_3': ['long_exposure', 'color', 'resolution', 'effects']}",C_QUESTION_ABOUT_FEATURE,CAMERA_3,effects,I don't sense as a cystic effect mode what does that do,PRESENT_X,CAMERA_3,S_ANSWERS_QUESTION_ABOUT_FEATURE,CAMERA_3,effects,"This one has 21 photo effects (small face, retro, big eyes, etc.).",PRESENT_X,CAMERA_3,13~65
100,8,CAMERA_2,"['CAMERA_3', 'CAMERA_2']","{'CAMERA_1': [], 'CAMERA_2': [], 'CAMERA_3': ['long_exposure', 'color', 'resolution', 'effects']}",C_ANYTHING_ELSE_AVAILABLE,CAMERA_3,NONE,do you have any other cameras with preset mode,PRESENT_X,CAMERA_3,S_INTRODUCES_CAMERA,CAMERA_2,,Let me show you this. Here we have the Fujifilm Lumix ILC Camera.,PRESENT_X,CAMERA_2,39~64
100,9,CAMERA_2,"['CAMERA_3', 'CAMERA_2']","{'CAMERA_1': [], 'CAMERA_2': ['camera_type'], 'CAMERA_3': ['long_exposure', 'color', 'resolution', 'effects']}",C_QUESTION_ABOUT_FEATURE,CAMERA_2,camera_type,Is this a mirrorless camera?,PRESENT_X,CAMERA_2,S_ANSWERS_QUESTION_ABOUT_FEATURE,CAMERA_2,camera_type,This is a digital single lens mirrorless camera.,PRESENT_X,CAMERA_2,10~40
100,10,CAMERA_2,"['CAMERA_3', 'CAMERA_2']","{'CAMERA_1': [], 'CAMERA_2': ['camera_type', 'weight'], 'CAMERA_3': ['long_exposure', 'color', 'resolution', 'effects']}",C_QUESTION_ABOUT_FEATURE,CAMERA_2,weight,yeah that should be and what about the weight,PRESENT_X,CAMERA_2,S_ANSWERS_QUESTION_ABOUT_FEATURE,CAMERA_2,weight,This one weighs 820 grams.,PRESENT_X,CAMERA_2,16~25
100,11,CAMERA_2,"['CAMERA_3', 'CAMERA_2']","{'CAMERA_1': [], 'CAMERA_2': ['camera_type', 'weight', 'effects'], 'CAMERA_3': ['long_exposure', 'color', 'resolution', 'effects']}",C_QUESTION_ABOUT_FEATURE,CAMERA_2,effects,$550 that's not too bad for a camera it says here artistic effect mode what is that,PRESENT_X,CAMERA_2,S_ANSWERS_QUESTION_ABOUT_FEATURE,CAMERA_2,effects,"This one has 24 artistic effect modes (retro, lighter or darker skin tones, sepia, etc.).",PRESENT_X,CAMERA_2,13~88
100,12,CAMERA_2,"['CAMERA_3', 'CAMERA_2']","{'CAMERA_1': [], 'CAMERA_2': ['camera_type', 'weight', 'effects', 'optical_zoom'], 'CAMERA_3': ['long_exposure', 'color', 'resolution', 'effects']}",C_SILENT_OR_BACKCHANNEL,CAMERA_2,NONE,IC,PRESENT_X,CAMERA_2,S_INTRODUCES_FEATURE,CAMERA_2,optical_zoom,This one has 21x optical zoom.,PRESENT_X,CAMERA_2,13~29
100,13,NONE,"['CAMERA_3', 'CAMERA_2']","{'CAMERA_1': [], 'CAMERA_2': ['camera_type', 'weight', 'effects', 'optical_zoom'], 'CAMERA_3': ['long_exposure', 'color', 'resolution', 'effects']}",C_THANK_YOU,CAMERA_2,NONE,ok thank you,PRESENT_X,CAMERA_2,S_THANK_YOU,CAMERA_2,NONE,thank you very much.,FACE_TO_FACE,NONE,
100,14,NONE,"['CAMERA_3', 'CAMERA_2']","{'CAMERA_1': [], 'CAMERA_2': ['camera_type', 'weight', 'effects', 'optical_zoom'], 'CAMERA_3': ['long_exposure', 'color', 'resolution', 'effects']}",C_LEAVES,DOOR,NONE,,FACE_TO_FACE,NONE,S_RETURNS_TO_COUNTER,SERVICE_COUNTER,NONE,,WAITING,NONE,
101,1,NONE,[],"{'CAMERA_1': [], 'CAMERA_2': [], 'CAMERA_3': []}",C_ENTERS,DOOR,NONE,,WAITING,NONE,S_NONE,SERVICE_COUNTER,NONE,,WAITING,NONE,
101,2,NONE,[],"{'CAMERA_1': [], 'CAMERA_2': [], 'CAMERA_3': []}",C_GREETS,MIDDLE,NONE,excuse me,WAITING,NONE,S_GREETS,MIDDLE,NONE,can I help you?,FACE_TO_FACE,NONE,
101,3,CAMERA_1,['CAMERA_1'],"{'CAMERA_1': [], 'CAMERA_2': [], 'CAMERA_3': []}",C_LOOKING_FOR_A_CAMERA,MIDDLE,NONE,I'm interested in buying a camera but I'm not sure what I need,FACE_TO_FACE,NONE,S_INTRODUCES_CAMERA,CAMERA_1,,Let me show you this. Here we have the Sony PowerShot ELPH DMC-ZS3.,PRESENT_X,CAMERA_1,39~66
101,4,CAMERA_1,['CAMERA_1'],"{'CAMERA_1': ['sensor_size'], 'CAMERA_2': [], 'CAMERA_3': []}",C_QUESTION_ABOUT_FEATURE,CAMERA_1,sensor_size,What is the synthesize of this camera,PRESENT_X,CAMERA_1,S_ANSWERS_QUESTION_ABOUT_FEATURE,CAMERA_1,sensor_size,This one has a 1/2.3 inch CMOS sensor.,PRESENT_X,CAMERA_1,15~37
101,5,CAMERA_1,['CAMERA_1'],"{'CAMERA_1': ['sensor_size', 'price'], 'CAMERA_2': [], 'CAMERA_3': []}",C_QUESTION_ABOUT_FEATURE,CAMERA_1,price,how much does it cost,PRESENT_X,CAMERA_1,S_ANSWERS_QUESTION_ABOUT_FEATURE,CAMERA_1,price,This one costs $450.,PRESENT_X,CAMERA_1,15~19
101,6,NONE,['CAMERA_1'],"{'CAMERA_1': ['sensor_size', 'price'], 'CAMERA_2': [], 'CAMERA_3': []}",C_THANK_YOU,CAMERA_1,NONE,I see thanks for your help,PRESENT_X,CAMERA_1,S_THANK_YOU,CAMERA_1,NONE,thank you very much.,FACE_TO_FACE,NONE,
101,7,NONE,['CAMERA_1'],"{'CAMERA_1': ['sensor_size', 'price'], 'CAMERA_2': [], 'CAMERA_3': []}",C_LEAVES,DOOR,NONE,,FACE_TO_FACE,NONE,S_RETURNS_TO_COUNTER,SERVICE_COUNTER,NONE,,WAITING,NONE,
102,1,NONE,[],"{'CAMERA_1': [], 'CAMERA_2': [], 'CAMERA_3': []}",C_ENTERS,DOOR,NONE,,WAITING,NONE,S_NONE,SERVICE_COUNTER,NONE,,WAITING,NONE,
102,2,NONE,[],"{'CAMERA_1': [], 'CAMERA_2': [], 'CAMERA_3': []}",C_WALKS_TO_CAMERA,CAMERA_3,NONE,,WAITING,NONE,S_GREETS,CAMERA_3,NONE,can I help you?,FACE_TO_FACE,NONE,
102,3,CAMERA_1,['CAMERA_1'],"{'CAMERA_1': [], 'CAMERA_2': [], 'CAMERA_3': []}",C_LOOKING_FOR_A_CAMERA,CAMERA_3,NONE,I'm looking for a camera,FACE_TO_FACE,NONE,S_INTRODUCES_CAMERA,CAMERA_1,,Let me show you this. Here we have the Sony PowerShot ELPH DMC-ZS3.,PRESENT_X,CAMERA_1,39~66
102,4,CAMERA_1,['CAMERA_1'],"{'CAMERA_1': ['price'], 'CAMERA_2': [], 'CAMERA_3': []}",C_QUESTION_ABOUT_FEATURE,CAMERA_1,price,how much does it cost,PRESENT_X,CAMERA_1,S_ANSWERS_QUESTION_ABOUT_FEATURE,CAMERA_1,price,This one costs $450.,PRESENT_X,CAMERA_1,15~19
102,5,CAMERA_1,['CAMERA_1'],"{'CAMERA_1': ['price', 'color'], 'CAMERA_2': [], 'CAMERA_3': []}",C_QUESTION_ABOUT_FEATURE,CAMERA_1,color,what are the colors does it come in,PRESENT_X,CAMERA_1,S_ANSWERS_QUESTION_ABOUT_FEATURE,CAMERA_1,color,This one comes in blue or black.,PRESENT_X,CAMERA_1,18~31
102,6,CAMERA_1,['CAMERA_1'],"{'CAMERA_1': ['price', 'color', 'preset_modes'], 'CAMERA_2': [], 'CAMERA_3': []}",C_QUESTION_ABOUT_FEATURE,CAMERA_1,preset_modes,is the other one with menu settings is that lighter or heavier than its camera,PRESENT_X,CAMERA_1,S_NOT_SURE,CAMERA_1,,I'm not really sure about that.,PRESENT_X,CAMERA_1,
102,7,CAMERA_3,"['CAMERA_1', 'CAMERA_3']","{'CAMERA_1': ['price', 'color', 'preset_modes'], 'CAMERA_2': [], 'CAMERA_3': []}",C_ANYTHING_ELSE_AVAILABLE,CAMERA_1,NONE,do you have any other cameras that are in this kind,PRESENT_X,CAMERA_1,S_INTRODUCES_CAMERA,CAMERA_3,,Let me show you this. Here we have the Fujifilm PowerShot ELPH S2800.,PRESENT_X,CAMERA_3,39~68
102,8,CAMERA_3,"['CAMERA_1', 'CAMERA_3']","{'CAMERA_1': ['price', 'color', 'preset_modes'], 'CAMERA_2': [], 'CAMERA_3': ['camera_type']}",C_QUESTION_ABOUT_FEATURE,CAMERA_3,camera_type,is this a point and shoot camera,PRESENT_X,CAMERA_3,S_ANSWERS_QUESTION_ABOUT_FEATURE,CAMERA_3,camera_type,This is a point and shoot camera.,PRESENT_X,CAMERA_3,10~25
102,9,CAMERA_3,"['CAMERA_1', 'CAMERA_3']","{'CAMERA_1': ['price', 'color', 'preset_modes'], 'CAMERA_2': [], 'CAMERA_3': ['camera_type', 'ISO']}",C_QUESTION_ABOUT_FEATURE,CAMERA_3,ISO,I see and how far how much how high can you push the ISO,PRESENT_X,CAMERA_3,S_ANSWERS_QUESTION_ABOUT_FEATURE,CAMERA_3,ISO,This one has up to 3200 ISO with little noise.,PRESENT_X,CAMERA_3,13~45
102,10,CAMERA_3,"['CAMERA_1', 'CAMERA_3']","{'CAMERA_1': ['price', 'color', 'preset_modes'], 'CAMERA_2': [], 'CAMERA_3': ['camera_type', 'ISO', 'autofocus_points']}",C_SILENT_OR_BACKCHANNEL,CAMERA_3,NONE,okay,PRESENT_X,CAMERA_3,S_INTRODUCES_FEATURE,CAMERA_3,autofocus_points,This one has 214 autofocus points.,PRESENT_X,CAMERA_3,13~33
102,11,NONE,"['CAMERA_1', 'CAMERA_3']","{'CAMERA_1': ['price', 'color', 'preset_modes'], 'CAMERA_2': [], 'CAMERA_3': ['camera_type', 'ISO', 'autofocus_points']}",C_THANK_YOU,CAMERA_3,NONE,thank you,PRESENT_X,CAMERA_3,S_THANK_YOU,CAMERA_3,NONE,thank you very much.,FACE_TO_FACE,NONE,
102,12,NONE,"['CAMERA_1', 'CAMERA_3']","{'CAMERA_1': ['price', 'color', 'preset_modes'], 'CAMERA_2': [], 'CAMERA_3': ['camera_type', 'ISO', 'autofocus_points']}",C_LEAVES,DOOR,NONE,,FACE_TO_FACE,NONE,S_RETURNS_TO_COUNTER,SERVICE_COUNTER,NONE,,WAITING,NONE,
103,1,NONE,[],"{'CAMERA_1': [], 'CAMERA_2': [], 'CAMERA_3': []}",C_ENTERS,DOOR,NONE,,WAITING,NONE,S_NONE,SERVICE_COUNTER,NONE,,WAITING,NONE,
103,2,NONE,[],"{'CAMERA_1': [], 'CAMERA_2': [], 'CAMERA_3': []}",C_GREETS,MIDDLE,NONE,excuse me,WAITING,NONE,S_GREETS,MIDDLE,NONE,can I help you?,FACE_TO_FACE,NONE,
103,3,CAMERA_1,['CAMERA_1'],"{'CAMERA_1': [], 'CAMERA_2': [], 'CAMERA_3': []}",C_LOOKING_FOR_A_CAMERA,MIDDLE,NONE,hey I'm looking for a compact camera,FACE_TO_FACE,NONE,S_INTRODUCES_CAMERA,CAMERA_1,,Let me show you this. Here we have the Sony PowerShot ELPH DMC-ZS3.,PRESENT_X,CAMERA_1,39~66
103,4,CAMERA_1,['CAMERA_1'],"{'CAMERA_1': ['price'], 'CAMERA_2': [], 'CAMERA_3': []}",C_SILENT_OR_BACKCHANNEL,CAMERA_1,NONE,yeah yeah I can to try to look on the outside this is a really good one,PRESENT_X,CAMERA_1,S_INTRODUCES_FEATURE,CAMERA_1,price,This one costs $450.,PRESENT_X,CAMERA_1,15~19
103,5,NONE,['CAMERA_1'],"{'CAMERA_1': ['price'], 'CAMERA_2': [], 'CAMERA_3': []}",C_THANK_YOU,CAMERA_1,NONE,sweet thanks,PRESENT_X,CAMERA_1,S_THANK_YOU,CAMERA_1,NONE,thank you very much.,FACE_TO_FACE,NONE,
103,6,NONE,['CAMERA_1'],"{'CAMERA_1': ['price'], 'CAMERA_2': [], 'CAMERA_3': []}",C_LEAVES,DOOR,NONE,,FACE_TO_FACE,NONE,S_RETURNS_TO_COUNTER,SERVICE_COUNTER,NONE,,WAITING,NONE,
104,1,NONE,[],"{'CAMERA_1': [], 'CAMERA_2': [], 'CAMERA_3': []}",C_ENTERS,DOOR,NONE,,WAITING,NONE,S_NONE,SERVICE_COUNTER,NONE,,WAITING,NONE,
104,2,NONE,[],"{'CAMERA_1': [], 'CAMERA_2': [], 'CAMERA_3': []}",C_WALKS_TO_CAMERA,CAMERA_1,NONE,,WAITING,NONE,S_NONE,SERVICE_COUNTER,NONE,,WAITING,NONE,
104,3,CAMERA_1,['CAMERA_1'],"{'CAMERA_1': ['color'], 'CAMERA_2': [], 'CAMERA_3': []}",C_QUESTION_ABOUT_FEATURE,CAMERA_1,color,what and what colors does it come in,WAITING,NONE,S_ANSWERS_QUESTION_ABOUT_FEATURE,CAMERA_1,color,This one comes in blue or black.,PRESENT_X,CAMERA_1,18~31
104,4,CAMERA_1,['CAMERA_1'],"{'CAMERA_1': ['color', 'ISO'], 'CAMERA_2': [], 'CAMERA_3': []}",C_SILENT_OR_BACKCHANNEL,CAMERA_1,NONE,IC,PRESENT_X,CAMERA_1,S_INTRODUCES_FEATURE,CAMERA_1,ISO,This one has up to 51200 ISO.,PRESENT_X,CAMERA_1,13~28
104,5,CAMERA_1,['CAMERA_1'],"{'CAMERA_1': ['color', 'ISO', 'autofocus_points'], 'CAMERA_2': [], 'CAMERA_3': []}",C_SILENT_OR_BACKCHANNEL,CAMERA_1,NONE,okay,PRESENT_X,CAMERA_1,S_INTRODUCES_FEATURE,CAMERA_1,autofocus_points,This one has 135 autofocus points.,PRESENT_X,CAMERA_1,13~33
104,6,NONE,['CAMERA_1'],"{'CAMERA_1': ['color', 'ISO', 'autofocus_points'], 'CAMERA_2': [], 'CAMERA_3': []}",C_THANK_YOU,CAMERA_1,NONE,thank you very  much,PRESENT_X,CAMERA_1,S_THANK_YOU,CAMERA_1,NONE,thank you very much.,FACE_TO_FACE,NONE,
104,7,NONE,['CAMERA_1'],"{'CAMERA_1': ['color', 'ISO', 'autofocus_points'], 'CAMERA_2': [], 'CAMERA_3': []}",C_LEAVES,DOOR,NONE,,FACE_TO_FACE,NONE,S_RETURNS_TO_COUNTER,SERVICE_COUNTER,NONE,,WAITING,NONE,
105,1,NONE,[],"{'CAMERA_1': [], 'CAMERA_2': [], 'CAMERA_3': []}",C_ENTERS,DOOR,NONE,,WAITING,NONE,S_NONE,SERVICE_COUNTER,NONE,,WAITING,NONE,
105,2,NONE,[],"{'CAMERA_1': [], 'CAMERA_2': [], 'CAMERA_3': []}",C_WALKS_TO_CAMERA,CAMERA_1,NONE,,WAITING,NONE,S_GREETS,CAMERA_1,NONE,can I help you?,FACE_TO_FACE,NONE,
105,3,CAMERA_3,['CAMERA_3'],"{'CAMERA_1': [], 'CAMERA_2': [], 'CAMERA_3': []}",C_LOOKING_FOR_A_CAMERA,CAMERA_1,NONE,I'm just looking around,FACE_TO_FACE,NONE,S_INTRODUCES_CAMERA,CAMERA_3,,Let me show you this. Here we have the Fujifilm PowerShot ELPH S2800.,PRESENT_X,CAMERA_3,39~68
105,4,CAMERA_3,['CAMERA_3'],"{'CAMERA_1': [], 'CAMERA_2': [], 'CAMERA_3': ['color']}",C_QUESTION_ABOUT_FEATURE,CAMERA_3,color,and it comes in different colors,PRESENT_X,CAMERA_3,S_ANSWERS_QUESTION_ABOUT_FEATURE,CAMERA_3,color,"This one comes in purple, white, silver, blue, red, or pink.",PRESENT_X,CAMERA_3,18~59
105,5,CAMERA_3,['CAMERA_3'],"{'CAMERA_1': [], 'CAMERA_2': [], 'CAMERA_3': ['color', 'ISO']}",C_QUESTION_ABOUT_FEATURE,CAMERA_3,ISO,what about this one with the ISO,PRESENT_X,CAMERA_3,S_ANSWERS_QUESTION_ABOUT_FEATURE,CAMERA_3,ISO,This one has up to 3200 ISO with little noise.,PRESENT_X,CAMERA_3,13~45
105,6,NONE,['CAMERA_3'],"{'CAMERA_1': [], 'CAMERA_2': [], 'CAMERA_3': ['color', 'ISO']}",C_THANK_YOU,CAMERA_3,NONE,oh yeah alright well thank you very much for your help,PRESENT_X,CAMERA_3,S_THANK_YOU,CAMERA_3,NONE,thank you very much.,FACE_TO_FACE,NONE,
105,7,NONE,['CAMERA_3'],"{'CAMERA_1': [], 'CAMERA_2': [], 'CAMERA_3': ['color', 'ISO']}",C_LEAVES,DOOR,NONE,,FACE_TO_FACE,NONE,S_RETURNS_TO_COUNTER,SERVICE_COUNTER,NONE,,WAITING,NONE,
106,1,NONE,[],"{'CAMERA_1': [], 'CAMERA_2': [], 'CAMERA_3': []}",C_ENTERS,DOOR,NONE,,WAITING,NONE,S_NONE,SERVICE_COUNTER,NONE,,WAITING,NONE,
106,2,NONE,[],"{'CAMERA_1': [], 'CAMERA_2': [], 'CAMERA_3': []}",C_WALKS_TO_CAMERA,CAMERA_3,NONE,,WAITING,NONE,S_GREETS,CAMERA_3,NONE,can I help you?,FACE_TO_FACE,NONE,
106,3,CAMERA_2,['CAMERA_2'],"{'CAMERA_1': [], 'CAMERA_2': [], 'CAMERA_3': []}",C_LOOKING_FOR_A_CAMERA,CAMERA_3,NONE,I want to take a look at your cameras,FACE_TO_FACE,NONE,S_INTRODUCES_CAMERA,CAMERA_2,,Let me show you this. Here we have the Fujifilm Lumix ILC Camera.,PRESENT_X,CAMERA_2,39~64
106,4,CAMERA_2,['CAMERA_2'],"{'CAMERA_1': [], 'CAMERA_2': ['camera_type'], 'CAMERA_3': []}",C_SILENT_OR_BACKCHANNEL,CAMERA_2,NONE,I say,PRESENT_X,CAMERA_2,S_INTRODUCES_FEATURE,CAMERA_2,camera_type,This is a digital single lens mirrorless camera.,PRESENT_X,CAMERA_2,10~40
106,5,NONE,['CAMERA_2'],"{'CAMERA_1': [], 'CAMERA_2': ['camera_type'], 'CAMERA_3': []}",C_THANK_YOU,CAMERA_2,NONE,ok thanks,PRESENT_X,CAMERA_2,S_THANK_YOU,CAMERA_2,NONE,thank you very much.,FACE_TO_FACE,NONE,
106,6,NONE,['CAMERA_2'],"{'CAMERA_1': [], 'CAMERA_2': ['camera_type'], 'CAMERA_3': []}",C_LEAVES,DOOR,NONE,,FACE_TO_FACE,NONE,S_RETURNS_TO_COUNTER,SERVICE_COUNTER,NONE,,WAITING,NONE,
107,1,NONE,[],"{'CAMERA_1': [], 'CAMERA_2': [], 'CAMERA_3': []}",C_ENTERS,DOOR,NONE,,WAITING,NONE,S_NONE,SERVICE_COUNTER,NONE,,WAITING,NONE,
107,2,NONE,[],"{'CAMERA_1': [], 'CAMERA_2': [], 'CAMERA_3': []}",C_WALKS_TO_CAMERA,CAMERA_2,NONE,,WAITING,NONE,S_GREETS,CAMERA_2,NONE,can I help you?,FACE_TO_FACE,NONE,
107,3,CAMERA_2,['CAMERA_2'],"{'CAMERA_1': [], 'CAMERA_2': [], 'CAMERA_3': []}",C_LOOKING_FOR_A_CAMERA,CAMERA_2,NONE,hi in them looking for a quick replacement can you show me what options you have,FACE_TO_FACE,NONE,S_INTRODUCES_CAMERA,CAMERA_2,,Let me show you this. Here we have the Fujifilm Lumix ILC Camera.,PRESENT_X,CAMERA_2,39~64
107,4,CAMERA_2,['CAMERA_2'],"{'CAMERA_1': [], 'CAMERA_2': ['ISO'], 'CAMERA_3': []}",C_QUESTION_ABOUT_FEATURE,CAMERA_2,ISO,how high should I so how will is it able to shoot,PRESENT_X,CAMERA_2,S_NOT_SURE,CAMERA_2,,I'm not really sure about that.,PRESENT_X,CAMERA_2,
107,5,CAMERA_1,"['CAMERA_2', 'CAMERA_1']","{'CAMERA_1': [], 'CAMERA_2': ['ISO'], 'CAMERA_3': []}",C_ANYTHING_ELSE_AVAILABLE,CAMERA_2,NONE,can you recommend another camera similar to this,PRESENT_X,CAMERA_2,S_INTRODUCES_CAMERA,CAMERA_1,,Let me show you this. Here we have the Sony PowerShot ELPH DMC-ZS3.,PRESENT_X,CAMERA_1,39~66
107,6,CAMERA_1,"['CAMERA_2', 'CAMERA_1']","{'CAMERA_1': ['resolution'], 'CAMERA_2': ['ISO'], 'CAMERA_3': []}",C_QUESTION_ABOUT_FEATURE,CAMERA_1,resolution,how many megapixels does this got,PRESENT_X,CAMERA_1,S_ANSWERS_QUESTION_ABOUT_FEATURE,CAMERA_1,resolution,This one has 17.8 megapixels resolution.,PRESENT_X,CAMERA_1,13~28
107,7,CAMERA_1,"['CAMERA_2', 'CAMERA_1']","{'CAMERA_1': ['resolution', 'price'], 'CAMERA_2': ['ISO'], 'CAMERA_3': []}",C_QUESTION_ABOUT_FEATURE,CAMERA_1,price,what's the price on this again,PRESENT_X,CAMERA_1,S_ANSWERS_QUESTION_ABOUT_FEATURE,CAMERA_1,price,This one costs $450.,PRESENT_X,CAMERA_1,15~19
107,8,CAMERA_1,"['CAMERA_2', 'CAMERA_1']","{'CAMERA_1': ['resolution', 'price', 'weight'], 'CAMERA_2': ['ISO'], 'CAMERA_3': []}",C_QUESTION_ABOUT_FEATURE,CAMERA_1,weight,it's heavy how much is it,PRESENT_X,CAMERA_1,S_ANSWERS_QUESTION_ABOUT_FEATURE,CAMERA_1,weight,This one weighs 800 grams.,PRESENT_X,CAMERA_1,16~25
107,9,CAMERA_1,"['CAMERA_2', 'CAMERA_1']","{'CAMERA_1': ['resolution', 'price', 'weight', 'autofocus_points'], 'CAMERA_2': ['ISO'], 'CAMERA_3': []}",C_SILENT_OR_BACKCHANNEL,CAMERA_1,NONE,this camera looks good,PRESENT_X,CAMERA_1,S_INTRODUCES_FEATURE,CAMERA_1,autofocus_points,This one has 135 autofocus points.,PRESENT_X,CAMERA_1,13~33
107,10,CAMERA_1,"['CAMERA_2', 'CAMERA_1']","{'CAMERA_1': ['resolution', 'price', 'weight', 'autofocus_points', 'effects'], 'CAMERA_2': ['ISO'], 'CAMERA_3': []}",C_SILENT_OR_BACKCHANNEL,CAMERA_1,NONE,wow this is nice,PRESENT_X,CAMERA_1,S_INTRODUCES_FEATURE,CAMERA_1,effects,"This one has 24 glamor retouch effects (miniature, retro, toy camera, etc.).",PRESENT_X,CAMERA_1,13~75
107,11,NONE,"['CAMERA_2', 'CAMERA_1']","{'CAMERA_1': ['resolution', 'price', 'weight', 'autofocus_points', 'effects'], 'CAMERA_2': ['ISO'], 'CAMERA_3': []}",C_THANK_YOU,CAMERA_1,NONE,I say ahh right thanks for your help I'll be back then,PRESENT_X,CAMERA_1,S_THANK_YOU,CAMERA_1,NONE,thank you very much.,FACE_TO_FACE,NONE,
107,12,NONE,"['CAMERA_2', 'CAMERA_1']","{'CAMERA_1': ['resolution', 'price', 'weight', 'autofocus_points', 'effects'], 'CAMERA_2': ['ISO'], 'CAMERA_3': []}",C_LEAVES,DOOR,NONE,,FACE_TO_FACE,NONE,S_RETURNS_TO_COUNTER,SERVICE_COUNTER,NONE,,WAITING,NONE,
108,1,NONE,[],"{'CAMERA_1': [], 'CAMERA_2': [], 'CAMERA_3': []}",C_ENTERS,DOOR,NONE,,WAITING,NONE,S_NONE,SERVICE_COUNTER,NONE,,WAITING,NONE,
108,2,NONE,[],"{'CAMERA_1': [], 'CAMERA_2': [], 'CAMERA_3': []}",C_WALKS_TO_CAMERA,CAMERA_2,NONE,,WAITING,NONE,S_GREETS,CAMERA_2,NONE,can I help you?,FACE_TO_FACE,NONE,
108,3,CAMERA_3,['CAMERA_3'],"{'CAMERA_1': [], 'CAMERA_2': [], 'CAMERA_3': []}",C_LOOKING_FOR_A_CAMERA,CAMERA_2,NONE,take a look at your cameras,FACE_TO_FACE,NONE,S_INTRODUCES_CAMERA,CAMERA_3,,Let me show you this. Here we have the Fujifilm PowerShot ELPH S2800.,PRESENT_X,CAMERA_3,39~68
108,4,CAMERA_3,['CAMERA_3'],"{'CAMERA_1': [], 'CAMERA_2': [], 'CAMERA_3': ['ISO']}",C_QUESTION_ABOUT_FEATURE,CAMERA_3,ISO,How about the ISO range of this camera,PRESENT_X,CAMERA_3,S_ANSWERS_QUESTION_ABOUT_FEATURE,CAMERA_3,ISO,This one has up to 3200 ISO with little noise.,PRESENT_X,CAMERA_3,13~45
108,5,CAMERA_3,['CAMERA_3'],"{'CAMERA_1': [], 'CAMERA_2': [], 'CAMERA_3': ['ISO', 'resolution']}",C_QUESTION_ABOUT_FEATURE,CAMERA_3,resolution,how many megapixels does this camera have,PRESENT_X,CAMERA_3,S_ANSWERS_QUESTION_ABOUT_FEATURE,CAMERA_3,resolution,This one has 23.2 megapixels resolution.,PRESENT_X,CAMERA_3,13~28
108,6,CAMERA_3,['CAMERA_3'],"{'CAMERA_1': [], 'CAMERA_2': [], 'CAMERA_3': ['ISO', 'resolution', 'camera_type']}",C_SILENT_OR_BACKCHANNEL,CAMERA_3,NONE,I like it,PRESENT_X,CAMERA_3,S_INTRODUCES_FEATURE,CAMERA_3,camera_type,This is a point and shoot camera.,PRESENT_X,CAMERA_3,10~25
108,7,CAMERA_3,['CAMERA_3'],"{'CAMERA_1': [], 'CAMERA_2': [], 'CAMERA_3': ['ISO', 'resolution', 'camera_type', 'long_exposure']}",C_QUESTION_ABOUT_FEATURE,CAMERA_3,long_exposure,is this a long exposure,PRESENT_X,CAMERA_3,S_ANSWERS_QUESTION_ABOUT_FEATURE,CAMERA_3,long_exposure,This one can take long exposures up to 30 minutes max with bulb mode.,PRESENT_X,CAMERA_3,39~68
108,8,CAMERA_2,"['CAMERA_3', 'CAMERA_2']","{'CAMERA_1': [], 'CAMERA_2': [], 'CAMERA_3': ['ISO', 'resolution', 'camera_type', 'long_exposure']}",C_ANYTHING_ELSE_AVAILABLE,CAMERA_3,NONE,okay do you have any other cameras I might be interested,PRESENT_X,CAMERA_3,S_INTRODUCES_CAMERA,CAMERA_2,,Let me show you this. Here we have the Fujifilm Lumix ILC Camera.,PRESENT_X,CAMERA_2,39~64
108,9,CAMERA_2,"['CAMERA_3', 'CAMERA_2']","{'CAMERA_1': [], 'CAMERA_2': ['long_exposure'], 'CAMERA_3': ['ISO', 'resolution', 'camera_type', 'long_exposure']}",C_SILENT_OR_BACKCHANNEL,CAMERA_2,NONE,okay,PRESENT_X,CAMERA_2,S_INTRODUCES_FEATURE,CAMERA_2,long_exposure,This one can take long exposures up to 60 minutes max with bulb mode.,PRESENT_X,CAMERA_2,39~68
108,10,CAMERA_2,"['CAMERA_3', 'CAMERA_2']","{'CAMERA_1': [], 'CAMERA_2': ['long_exposure', 'effects'], 'CAMERA_3': ['ISO', 'resolution', 'camera_type', 'long_exposure']}",C_QUESTION_ABOUT_FEATURE,CAMERA_2,effects,okay good I'm going to take this as autistic effect mode what does that mean exactly,PRESENT_X,CAMERA_2,S_ANSWERS_QUESTION_ABOUT_FEATURE,CAMERA_2,effects,"This one has 24 artistic effect modes (retro, lighter or darker skin tones, sepia, etc.).",PRESENT_X,CAMERA_2,13~88
108,11,CAMERA_2,"['CAMERA_3', 'CAMERA_2']","{'CAMERA_1': [], 'CAMERA_2': ['long_exposure', 'effects', 'price'], 'CAMERA_3': ['ISO', 'resolution', 'camera_type', 'long_exposure']}",C_QUESTION_ABOUT_FEATURE,CAMERA_2,price,you have any how much is this camera,PRESENT_X,CAMERA_2,S_ANSWERS_QUESTION_ABOUT_FEATURE,CAMERA_2,price,This one costs $768.,PRESENT_X,CAMERA_2,15~19
108,12,CAMERA_2,"['CAMERA_3', 'CAMERA_2']","{'CAMERA_1': [], 'CAMERA_2': ['long_exposure', 'effects', 'price', 'sensor_size'], 'CAMERA_3': ['ISO', 'resolution', 'camera_type', 'long_exposure']}",C_SILENT_OR_BACKCHANNEL,CAMERA_2,NONE,IC,PRESENT_X,CAMERA_2,S_INTRODUCES_FEATURE,CAMERA_2,sensor_size,This one has a 1/2.33 inch sensor.,PRESENT_X,CAMERA_2,15~33
108,13,CAMERA_1,"['CAMERA_3', 'CAMERA_2', 'CAMERA_1']","{'CAMERA_1': [], 'CAMERA_2': ['long_exposure', 'effects', 'price', 'sensor_size'], 'CAMERA_3': ['ISO', 'resolution', 'camera_type', 'long_exposure']}",C_ANYTHING_ELSE_AVAILABLE,CAMERA_2,NONE,maybe did you have a another camera you recommend,PRESENT_X,CAMERA_2,S_INTRODUCES_CAMERA,CAMERA_1,,Let me show you this. Here we have the Sony PowerShot ELPH DMC-ZS3.,PRESENT_X,CAMERA_1,39~66
108,14,CAMERA_1,"['CAMERA_3', 'CAMERA_2', 'CAMERA_1']","{'CAMERA_1': ['price'], 'CAMERA_2': ['long_exposure', 'effects', 'price', 'sensor_size'], 'CAMERA_3': ['ISO', 'resolution', 'camera_type', 'long_exposure']}",C_SILENT_OR_BACKCHANNEL,CAMERA_1,NONE,ok,PRESENT_X,CAMERA_1,S_INTRODUCES_FEATURE,CAMERA_1,price,This one costs $450.,PRESENT_X,CAMERA_1,15~19
108,15,CAMERA_1,"['CAMERA_3', 'CAMERA_2', 'CAMERA_1']","{'CAMERA_1': ['price', 'weight'], 'CAMERA_2': ['long_exposure', 'effects', 'price', 'sensor_size'], 'CAMERA_3': ['ISO', 'resolution', 'camera_type', 'long_exposure']}",C_QUESTION_ABOUT_FEATURE,CAMERA_1,weight,I see its not that heavy,PRESENT_X,CAMERA_1,S_ANSWERS_QUESTION_ABOUT_FEATURE,CAMERA_1,weight,This one weighs 800 grams.,PRESENT_X,CAMERA_1,16~25
108,16,CAMERA_1,"['CAMERA_3', 'CAMERA_2', 'CAMERA_1']","{'CAMERA_1': ['price', 'weight', 'ISO'], 'CAMERA_2': ['long_exposure', 'effects', 'price', 'sensor_size'], 'CAMERA_3': ['ISO', 'resolution', 'camera_type', 'long_exposure']}",C_QUESTION_ABOUT_FEATURE,CAMERA_1,ISO,what is iso performance,PRESENT_X,CAMERA_1,S_ANSWERS_QUESTION_ABOUT_FEATURE,CAMERA_1,ISO,This one has up to 51200 ISO.,PRESENT_X,CAMERA_1,13~28
108,17,CAMERA_1,"['CAMERA_3', 'CAMERA_2', 'CAMERA_1']","{'CAMERA_1': ['price', 'weight', 'ISO', 'effects'], 'CAMERA_2': ['long_exposure', 'effects', 'price', 'sensor_size'], 'CAMERA_3': ['ISO', 'resolution', 'camera_type', 'long_exposure']}",C_QUESTION_ABOUT_FEATURE,CAMERA_1,effects,what's an example of one of the effects,PRESENT_X,CAMERA_1,S_ANSWERS_QUESTION_ABOUT_FEATURE,CAMERA_1,effects,"This one has 24 glamor retouch effects (miniature, retro, toy camera, etc.).",PRESENT_X,CAMERA_1,13~75
108,18,CAMERA_1,"['CAMERA_3', 'CAMERA_2', 'CAMERA_1']","{'CAMERA_1': ['price', 'weight', 'ISO', 'effects', 'long_exposure'], 'CAMERA_2': ['long_exposure', 'effects', 'price', 'sensor_size'], 'CAMERA_3': ['ISO', 'resolution', 'camera_type', 'long_exposure']}",C_QUESTION_ABOUT_FEATURE,CAMERA_1,long_exposure,and I see that it does long exposures does it have bulb mode,PRESENT_X,CAMERA_1,S_ANSWERS_QUESTION_ABOUT_FEATURE,CAMERA_1,long_exposure,This one can take long exposures up to up to 15 seconds with Long Shutter Mode.,PRESENT_X,CAMERA_1,39~78
108,19,CAMERA_1,"['CAMERA_3', 'CAMERA_2', 'CAMERA_1']","{'CAMERA_1': ['price', 'weight', 'ISO', 'effects', 'long_exposure', 'sensor_size'], 'CAMERA_2': ['long_exposure', 'effects', 'price', 'sensor_size'], 'CAMERA_3': ['ISO', 'resolution', 'camera_type', 'long_exposure']}",C_QUESTION_ABOUT_FEATURE,CAMERA_1,sensor_size,what is the size of this camera,PRESENT_X,CAMERA_1,S_ANSWERS_QUESTION_ABOUT_FEATURE,CAMERA_1,sensor_size,This one has a 1/2.3 inch CMOS sensor.,PRESENT_X,CAMERA_1,15~37
108,20,CAMERA_1,"['CAMERA_3', 'CAMERA_2', 'CAMERA_1']","{'CAMERA_1': ['price', 'weight', 'ISO', 'effects', 'long_exposure', 'sensor_size', 'resolution'], 'CAMERA_2': ['long_exposure', 'effects', 'price', 'sensor_size'], 'CAMERA_3': ['ISO', 'resolution', 'camera_type', 'long_exposure']}",C_SILENT_OR_BACKCHANNEL,CAMERA_1,NONE,okay that's not too bad for good camera mean he'll us 5d II,PRESENT_X,CAMERA_1,S_INTRODUCES_FEATURE,CAMERA_1,resolution,This one has 17.8 megapixels resolution.,PRESENT_X,CAMERA_1,13~28
108,21,NONE,"['CAMERA_3', 'CAMERA_2', 'CAMERA_1']","{'CAMERA_1': ['price', 'weight', 'ISO', 'effects', 'long_exposure', 'sensor_size', 'resolution'], 'CAMERA_2': ['long_exposure', 'effects', 'price', 'sensor_size'], 'CAMERA_3': ['ISO', 'resolution', 'camera_type', 'long_exposure']}",C_THANK_YOU,CAMERA_1,NONE,thank you very much,PRESENT_X,CAMERA_1,S_THANK_YOU,CAMERA_1,NONE,thank you very much.,FACE_TO_FACE,NONE,
108,22,NONE,"['CAMERA_3', 'CAMERA_2', 'CAMERA_1']","{'CAMERA_1': ['price', 'weight', 'ISO', 'effects', 'long_exposure', 'sensor_size', 'resolution'], 'CAMERA_2': ['long_exposure', 'effects', 'price', 'sensor_size'], 'CAMERA_3': ['ISO', 'resolution', 'camera_type', 'long_exposure']}",C_LEAVES,DOOR,NONE,,FACE_TO_FACE,NONE,S_RETURNS_TO_COUNTER,SERVICE_COUNTER,NONE,,WAITING,NONE,
109,1,NONE,[],"{'CAMERA_1': [], 'CAMERA_2': [], 'CAMERA_3': []}",C_ENTERS,DOOR,NONE,,WAITING,NONE,S_NONE,SERVICE_COUNTER,NONE,,WAITING,NONE,
109,2,NONE,[],"{'CAMERA_1': [], 'CAMERA_2': [], 'CAMERA_3': []}",C_WALKS_TO_CAMERA,CAMERA_2,NONE,,WAITING,NONE,S_NONE,SERVICE_COUNTER,NONE,,WAITING,NONE,
109,3,CAMERA_2,['CAMERA_2'],"{'CAMERA_1': [], 'CAMERA_2': ['weight'], 'CAMERA_3': []}",C_QUESTION_ABOUT_FEATURE,CAMERA_2,weight,I see its not that heavy,WAITING,NONE,S_ANSWERS_QUESTION_ABOUT_FEATURE,CAMERA_2,weight,This one weighs 820 grams.,PRESENT_X,CAMERA_2,16~25
109,4,CAMERA_2,['CAMERA_2'],"{'CAMERA_1': [], 'CAMERA_2': ['weight', 'settings'], 'CAMERA_3': []}",C_QUESTION_ABOUT_FEATURE,CAMERA_2,settings,is this full manual,PRESENT_X,CAMERA_2,S_ANSWERS_QUESTION_ABOUT_FEATURE,CAMERA_2,settings,"This one has manual control and various automatic settings (video modeburst shooting, etc.).",PRESENT_X,CAMERA_2,13~91
109,5,CAMERA_1,"['CAMERA_2', 'CAMERA_1']","{'CAMERA_1': [], 'CAMERA_2': ['weight', 'settings'], 'CAMERA_3': []}",C_ANYTHING_ELSE_AVAILABLE,CAMERA_2,NONE,do you have any other cameras like this,PRESENT_X,CAMERA_2,S_INTRODUCES_CAMERA,CAMERA_1,,Let me show you this. Here we have the Sony PowerShot ELPH DMC-ZS3.,PRESENT_X,CAMERA_1,39~66
109,6,CAMERA_1,"['CAMERA_2', 'CAMERA_1']","{'CAMERA_1': ['color'], 'CAMERA_2': ['weight', 'settings'], 'CAMERA_3': []}",C_QUESTION_ABOUT_FEATURE,CAMERA_1,color,tell me what color is this one comes in,PRESENT_X,CAMERA_1,S_ANSWERS_QUESTION_ABOUT_FEATURE,CAMERA_1,color,This one comes in blue or black.,PRESENT_X,CAMERA_1,18~31
109,7,CAMERA_1,"['CAMERA_2', 'CAMERA_1']","{'CAMERA_1': ['color', 'sensor_size'], 'CAMERA_2': ['weight', 'settings'], 'CAMERA_3': []}",C_SILENT_OR_BACKCHANNEL,CAMERA_1,NONE,okay,PRESENT_X,CAMERA_1,S_INTRODUCES_FEATURE,CAMERA_1,sensor_size,This one has a 1/2.3 inch CMOS sensor.,PRESENT_X,CAMERA_1,15~37
109,8,CAMERA_1,"['CAMERA_2', 'CAMERA_1']","{'CAMERA_1': ['color', 'sensor_size', 'effects'], 'CAMERA_2': ['weight', 'settings'], 'CAMERA_3': []}",C_QUESTION_ABOUT_FEATURE,CAMERA_1,effects,Anakin explain this artistic effect my place,PRESENT_X,CAMERA_1,S_ANSWERS_QUESTION_ABOUT_FEATURE,CAMERA_1,effects,"This one has 24 glamor retouch effects (miniature, retro, toy camera, etc.).",PRESENT_X,CAMERA_1,13~75
109,9,CAMERA_1,"['CAMERA_2', 'CAMERA_1']","{'CAMERA_1': ['color', 'sensor_size', 'effects', 'price'], 'CAMERA_2': ['weight', 'settings'], 'CAMERA_3': []}",C_QUESTION_ABOUT_FEATURE,CAMERA_1,price,do you have it in a different color,PRESENT_X,CAMERA_1,S_ANSWERS_QUESTION_ABOUT_FEATURE,CAMERA_1,price,This one costs $450.,PRESENT_X,CAMERA_1,15~19
109,10,CAMERA_1,"['CAMERA_2', 'CAMERA_1']","{'CAMERA_1': ['color', 'sensor_size', 'effects', 'price', 'autofocus_points'], 'CAMERA_2': ['weight', 'settings'], 'CAMERA_3': []}",C_SILENT_OR_BACKCHANNEL,CAMERA_1,NONE,okay that sounds good,PRESENT_X,CAMERA_1,S_INTRODUCES_FEATURE,CAMERA_1,autofocus_points,This one has 135 autofocus points.,PRESENT_X,CAMERA_1,13~33
109,11,CAMERA_1,"['CAMERA_2', 'CAMERA_1']","{'CAMERA_1': ['color', 'sensor_size', 'effects', 'price', 'autofocus_points', 'camera_type'], 'CAMERA_2': ['weight', 'settings'], 'CAMERA_3': []}",C_SILENT_OR_BACKCHANNEL,CAMERA_1,NONE,ok,PRESENT_X,CAMERA_1,S_INTRODUCES_FEATURE,CAMERA_1,camera_type,This is a DSLR camera.,PRESENT_X,CAMERA_1,10~14
109,12,CAMERA_1,"['CAMERA_2', 'CAMERA_1']","{'CAMERA_1': ['color', 'sensor_size', 'effects', 'price', 'autofocus_points', 'camera_type', 'settings'], 'CAMERA_2': ['weight', 'settings'], 'CAMERA_3': []}",C_SILENT_OR_BACKCHANNEL,CAMERA_1,NONE,ok,PRESENT_X,CAMERA_1,S_INTRODUCES_FEATURE,CAMERA_1,settings,This one has limited manual settings.,PRESENT_X,CAMERA_1,13~36
109,13,CAMERA_3,"['CAMERA_2', 'CAMERA_1', 'CAMERA_3']","{'CAMERA_1': ['color', 'sensor_size', 'effects', 'price', 'autofocus_points', 'camera_type', 'settings'], 'CAMERA_2': ['weight', 'settings'], 'CAMERA_3': []}",C_ANYTHING_ELSE_AVAILABLE,CAMERA_1,NONE,oh I see that's very interesting do you have any other cameras that you can recommend me,PRESENT_X,CAMERA_1,S_INTRODUCES_CAMERA,CAMERA_3,,Let me show you this. Here we have the Fujifilm PowerShot ELPH S2800.,PRESENT_X,CAMERA_3,39~68
109,14,CAMERA_3,"['CAMERA_2', 'CAMERA_1', 'CAMERA_3']","{'CAMERA_1': ['color', 'sensor_size', 'effects', 'price', 'autofocus_points', 'camera_type', 'settings'], 'CAMERA_2': ['weight', 'settings'], 'CAMERA_3': ['camera_type']}",C_SILENT_OR_BACKCHANNEL,CAMERA_3,NONE,IC,PRESENT_X,CAMERA_3,S_INTRODUCES_FEATURE,CAMERA_3,camera_type,This is a point and shoot camera.,PRESENT_X,CAMERA_3,10~25
109,15,CAMERA_3,"['CAMERA_2', 'CAMERA_1', 'CAMERA_3']","{'CAMERA_1': ['color', 'sensor_size', 'effects', 'price', 'autofocus_points', 'camera_type', 'settings'], 'CAMERA_2': ['weight', 'settings'], 'CAMERA_3': ['camera_type', 'long_exposure']}",C_SILENT_OR_BACKCHANNEL,CAMERA_3,NONE,sounds great I'll take one of them with me,PRESENT_X,CAMERA_3,S_INTRODUCES_FEATURE,CAMERA_3,long_exposure,This one can take long exposures up to 30 minutes max with bulb mode.,PRESENT_X,CAMERA_3,39~68
109,16,NONE,"['CAMERA_2', 'CAMERA_1', 'CAMERA_3']","{'CAMERA_1': ['color', 'sensor_size', 'effects', 'price', 'autofocus_points', 'camera_type', 'settings'], 'CAMERA_2': ['weight', 'settings'], 'CAMERA_3': ['camera_type', 'long_exposure']}",C_THANK_YOU,CAMERA_3,NONE,thank you very much,PRESENT_X,CAMERA_3,S_THANK_YOU,CAMERA_3,NONE,thank you very much.,FACE_TO_FACE,NONE,
109,17,NONE,"['CAMERA_2', 'CAMERA_1', 'CAMERA_3']","{'CAMERA_1': ['color', 'sensor_size', 'effects', 'price', 'autofocus_points', 'camera_type', 'settings'], 'CAMERA_2': ['weight', 'settings'], 'CAMERA_3': ['camera_type', 'long_exposure']}",C_LEAVES,DOOR,NONE,,FACE_TO_FACE,NONE,S_RETURNS_TO_COUNTER,SERVICE_COUNTER,NONE,,WAITING,NONE,
110,1,NONE,[],"{'CAMERA_1': [], 'CAMERA_2': [], 'CAMERA_3': []}",C_ENTERS,DOOR,NONE,,WAITING,NONE,S_NONE,SERVICE_COUNTER,NONE,,WAITING,NONE,
110,2,NONE,[],"{'CAMERA_1': [], 'CAMERA_2': [], 'CAMERA_3': []}",C_WALKS_TO_CAMERA,CAMERA_2,NONE,,WAITING,NONE,S_GREETS,CAMERA_2,NONE,can I help you?,FACE_TO_FACE,NONE,
110,3,CAMERA_3,['CAMERA_3'],"{'CAMERA_1': [], 'CAMERA_2': [], 'CAMERA_3': []}",C_LOOKING_FOR_A_CAMERA,CAMERA_2,NONE,oh hi I'm just looking for a camera,FACE_TO_FACE,NONE,S_INTRODUCES_CAMERA,CAMERA_3,,Let me show you this. Here we have the Fujifilm PowerShot ELPH S2800.,PRESENT_X,CAMERA_3,39~68
110,4,CAMERA_3,['CAMERA_3'],"{'CAMERA_1': [], 'CAMERA_2': [], 'CAMERA_3': ['settings']}",C_QUESTION_ABOUT_FEATURE,CAMERA_3,settings,what about the manual settings can I adjust it,PRESENT_X,CAMERA_3,S_ANSWERS_QUESTION_ABOUT_FEATURE,CAMERA_3,settings,"This one has manual control and various automatic settings (video modeburst shooting, etc.).",PRESENT_X,CAMERA_3,13~91
110,5,CAMERA_3,['CAMERA_3'],"{'CAMERA_1': [], 'CAMERA_2': [], 'CAMERA_3': ['settings', 'weight']}",C_QUESTION_ABOUT_FEATURE,CAMERA_3,weight,I see its not that heavy,PRESENT_X,CAMERA_3,S_ANSWERS_QUESTION_ABOUT_FEATURE,CAMERA_3,weight,This one weighs 820 grams.,PRESENT_X,CAMERA_3,16~25
110,6,CAMERA_3,['CAMERA_3'],"{'CAMERA_1': [], 'CAMERA_2': [], 'CAMERA_3': ['settings', 'weight', 'color']}",C_SILENT_OR_BACKCHANNEL,CAMERA_3,NONE,IC,PRESENT_X,CAMERA_3,S_INTRODUCES_FEATURE,CAMERA_3,color,"This one comes in purple, white, silver, blue, red, or pink.",PRESENT_X,CAMERA_3,18~59
110,7,CAMERA_3,['CAMERA_3'],"{'CAMERA_1': [], 'CAMERA_2': [], 'CAMERA_3': ['settings', 'weight', 'color', 'autofocus_points']}",C_QUESTION_ABOUT_FEATURE,CAMERA_3,autofocus_points,How many autofocus points does this Canon camera have,PRESENT_X,CAMERA_3,S_ANSWERS_QUESTION_ABOUT_FEATURE,CAMERA_3,autofocus_points,This one has 214 autofocus points.,PRESENT_X,CAMERA_3,13~33
110,8,CAMERA_3,['CAMERA_3'],"{'CAMERA_1': [], 'CAMERA_2': [], 'CAMERA_3': ['settings', 'weight', 'color', 'autofocus_points', 'effects']}",C_QUESTION_ABOUT_FEATURE,CAMERA_3,effects,$550 that's not too bad for a camera it says here artistic effect mode what is that,PRESENT_X,CAMERA_3,S_ANSWERS_QUESTION_ABOUT_FEATURE,CAMERA_3,effects,"This one has 21 photo effects (small face, retro, big eyes, etc.).",PRESENT_X,CAMERA_3,13~65
110,9,CAMERA_3,['CAMERA_3'],"{'CAMERA_1': [], 'CAMERA_2': [], 'CAMERA_3': ['settings', 'weight', 'color', 'autofocus_points', 'effects', 'price']}",C_QUESTION_ABOUT_FEATURE,CAMERA_3,price,how much does it cost this one,PRESENT_X,CAMERA_3,S_ANSWERS_QUESTION_ABOUT_FEATURE,CAMERA_3,price,This one costs $518.,PRESENT_X,CAMERA_3,15~19
110,10,CAMERA_1,"['CAMERA_3', 'CAMERA_1']","{'CAMERA_1': [], 'CAMERA_2': [], 'CAMERA_3': ['settings', 'weight', 'color', 'autofocus_points', 'effects', 'price']}",C_ANYTHING_ELSE_AVAILABLE,CAMERA_3,NONE,okay do you have any other cameras I might be interested,PRESENT_X,CAMERA_3,S_INTRODUCES_CAMERA,CAMERA_1,,Let me show you this. Here we have the Sony PowerShot ELPH DMC-ZS3.,PRESENT_X,CAMERA_1,39~66
110,11,CAMERA_1,"['CAMERA_3', 'CAMERA_1']","{'CAMERA_1': ['ISO'], 'CAMERA_2': [], 'CAMERA_3': ['settings', 'weight', 'color', 'autofocus_points', 'effects', 'price']}",C_QUESTION_ABOUT_FEATURE,CAMERA_1,ISO,How is the iso performance,PRESENT_X,CAMERA_1,S_ANSWERS_QUESTION_ABOUT_FEATURE,CAMERA_1,ISO,This one has up to 51200 ISO.,PRESENT_X,CAMERA_1,13~28
110,12,CAMERA_1,"['CAMERA_3', 'CAMERA_1']","{'CAMERA_1': ['ISO', 'color'], 'CAMERA_2': [], 'CAMERA_3': ['settings', 'weight', 'color', 'autofocus_points', 'effects', 'price']}",C_QUESTION_ABOUT_FEATURE,CAMERA_1,color,do you have any other colors like maybe you something suitable for goats,PRESENT_X,CAMERA_1,S_ANSWERS_QUESTION_ABOUT_FEATURE,CAMERA_1,color,This one comes in blue or black.,PRESENT_X,CAMERA_1,18~31
110,13,NONE,"['CAMERA_3', 'CAMERA_1']","{'CAMERA_1': ['ISO', 'color'], 'CAMERA_2': [], 'CAMERA_3': ['settings', 'weight', 'color', 'autofocus_points', 'effects', 'price']}",C_THANK_YOU,CAMERA_1,NONE,thank you,PRESENT_X,CAMERA_1,S_THANK_YOU,CAMERA_1,NONE,thank you very much.,FACE_TO_FACE,NONE,
110,14,NONE,"['CAMERA_3', 'CAMERA_1']","{'CAMERA_1': ['ISO', 'color'], 'CAMERA_2': [], 'CAMERA_3': ['settings', 'weight', 'color', 'autofocus_points', 'effects', 'price']}",C_LEAVES,DOOR,NONE,,FACE_TO_FACE,NONE,S_RETURNS_TO_COUNTER,SERVICE_COUNTER,NONE,,WAITING,NONE,
111,1,NONE,[],"{'CAMERA_1': [], 'CAMERA_2': [], 'CAMERA_3': []}",C_ENTERS,DOOR,NONE,,WAITING,NONE,S_NONE,SERVICE_COUNTER,NONE,,WAITING,NONE,
111,2,NONE,[],"{'CAMERA_1': [], 'CAMERA_2': [], 'CAMERA_3': []}",C_GREETS,MIDDLE,NONE,excuse me,WAITING,NONE,S_GREETS,MIDDLE,NONE,can I help you?,FACE_TO_FACE,NONE,
111,3,CAMERA_2,['CAMERA_2'],"{'CAMERA_1': [], 'CAMERA_2': [], 'CAMERA_3': []}",C_LOOKING_FOR_A_CAMERA,MIDDLE,NONE,I know now myself but this is really what I'm looking for actually,FACE_TO_FACE,NONE,S_INTRODUCES_CAMERA,CAMERA_2,,Let me show you this. Here we have the Fujifilm Lumix ILC Camera.,PRESENT_X,CAMERA_2,39~64
111,4,CAMERA_2,['CAMERA_2'],"{'CAMERA_1': [], 'CAMERA_2': ['sensor_size'], 'CAMERA_3': []}",C_QUESTION_ABOUT_FEATURE,CAMERA_2,sensor_size,is this camera fully automatic,PRESENT_X,CAMERA_2,S_ANSWERS_QUESTION_ABOUT_FEATURE,CAMERA_2,sensor_size,This one has a 1/2.33 inch sensor.,PRESENT_X,CAMERA_2,15~33
111,5,CAMERA_2,['CAMERA_2'],"{'CAMERA_1': [], 'CAMERA_2': ['sensor_size', 'resolution'], 'CAMERA_3': []}",C_SILENT_OR_BACKCHANNEL,CAMERA_2,NONE,it seems like a pretty good camera,PRESENT_X,CAMERA_2,S_INTRODUCES_FEATURE,CAMERA_2,resolution,This one has 23.8 megapixels resolution.,PRESENT_X,CAMERA_2,13~28
111,6,NONE,['CAMERA_2'],"{'CAMERA_1': [], 'CAMERA_2': ['sensor_size', 'resolution'], 'CAMERA_3': []}",C_THANK_YOU,CAMERA_2,NONE,okay I'll think about it thank you very much,PRESENT_X,CAMERA_2,S_THANK_YOU,CAMERA_2,NONE,thank you very much.,FACE_TO_FACE,NONE,
111,7,NONE,['CAMERA_2'],"{'CAMERA_1': [], 'CAMERA_2': ['sensor_size', 'resolution'], 'CAMERA_3': []}",C_LEAVES,DOOR,NONE,,FACE_TO_FACE,NONE,S_RETURNS_TO_COUNTER,SERVICE_COUNTER,NONE,,WAITING,NONE,
112,1,NONE,[],"{'CAMERA_1': [], 'CAMERA_2': [], 'CAMERA_3': []}",C_ENTERS,DOOR,NONE,,WAITING,NONE,S_NONE,SERVICE_COUNTER,NONE,,WAITING,NONE,
112,2,NONE,[],"{'CAMERA_1': [], 'CAMERA_2': [], 'CAMERA_3': []}",C_GREETS,MIDDLE,NONE,hello,WAITING,NONE,S_GREETS,MIDDLE,NONE,can I help you?,FACE_TO_FACE,NONE,
112,3,CAMERA_3,['CAMERA_3'],"{'CAMERA_1': [], 'CAMERA_2': [], 'CAMERA_3': []}",C_LOOKING_FOR_A_CAMERA,MIDDLE,NONE,I'm looking for a new camera,FACE_TO_FACE,NONE,S_INTRODUCES_CAMERA,CAMERA_3,,Let me show you this. Here we have the Fujifilm PowerShot ELPH S2800.,PRESENT_X,CAMERA_3,39~68
112,4,CAMERA_3,['CAMERA_3'],"{'CAMERA_1': [], 'CAMERA_2': [], 'CAMERA_3': ['price']}",C_SILENT_OR_BACKCHANNEL,CAMERA_3,NONE,okay,PRESENT_X,CAMERA_3,S_INTRODUCES_FEATURE,CAMERA_3,price,This one costs $518.,PRESENT_X,CAMERA_3,15~19
112,5,NONE,['CAMERA_3'],"{'CAMERA_1': [], 'CAMERA_2': [], 'CAMERA_3': ['price']}",C_THANK_YOU,CAMERA_3,NONE,thank you,PRESENT_X,CAMERA_3,S_THANK_YOU,CAMERA_3,NONE,thank you very much.,FACE_TO_FACE,NONE,
112,6,NONE,['CAMERA_3'],"{'CAMERA_1': [], 'CAMERA_2': [], 'CAMERA_3': ['price']}",C_LEAVES,DOOR,NONE,,FACE_TO_FACE,NONE,S_RETURNS_TO_COUNTER,SERVICE_COUNTER,NONE,,WAITING,NONE,
113,1,NONE,[],"{'CAMERA_1': [], 'CAMERA_2': [], 'CAMERA_3': []}",C_ENTERS,DOOR,NONE,,WAITING,NONE,S_NONE,SERVICE_COUNTER,NONE,,WAITING,NONE,
113,2,NONE,[],"{'CAMERA_1': [], 'CAMERA_2': [], 'CAMERA_3': []}",C_WALKS_TO_CAMERA,CAMERA_2,NONE,,WAITING,NONE,S_GREETS,CAMERA_2,NONE,can I help you?,FACE_TO_FACE,NONE,
113,3,CAMERA_2,['CAMERA_2'],"{'CAMERA_1': [], 'CAMERA_2': [], 'CAMERA_3': []}",C_LOOKING_FOR_A_CAMERA,CAMERA_2,NONE,I'm looking to get a camera for my for my dad,FACE_TO_FACE,NONE,S_INTRODUCES_CAMERA,CAMERA_2,,Let me show you this. Here we have the Fujifilm Lumix ILC Camera.,PRESENT_X,CAMERA_2,39~64
113,4,CAMERA_2,['CAMERA_2'],"{'CAMERA_1': [], 'CAMERA_2': ['optical_zoom'], 'CAMERA_3': []}",C_QUESTION_ABOUT_FEATURE,CAMERA_2,optical_zoom,okay an optical zoom what does this,PRESENT_X,CAMERA_2,S_ANSWERS_QUESTION_ABOUT_FEATURE,CAMERA_2,optical_zoom,This one has 21x optical zoom.,PRESENT_X,CAMERA_2,13~29
113,5,CAMERA_2,['CAMERA_2'],"{'CAMERA_1': [], 'CAMERA_2': ['optical_zoom', 'camera_type'], 'CAMERA_3': []}",C_QUESTION_ABOUT_FEATURE,CAMERA_2,camera_type,is this a DSLR camera,PRESENT_X,CAMERA_2,S_ANSWERS_QUESTION_ABOUT_FEATURE,CAMERA_2,camera_type,This is a digital single lens mirrorless camera.,PRESENT_X,CAMERA_2,10~40
113,6,CAMERA_3,"['CAMERA_2', 'CAMERA_3']","{'CAMERA_1': [], 'CAMERA_2': ['optical_zoom', 'camera_type'], 'CAMERA_3': []}",C_ANYTHING_ELSE_AVAILABLE,CAMERA_2,NONE,can you recommend another camera similar to this,PRESENT_X,CAMERA_2,S_INTRODUCES_CAMERA,CAMERA_3,,Let me show you this. Here we have the Fujifilm PowerShot ELPH S2800.,PRESENT_X,CAMERA_3,39~68
113,7,CAMERA_3,"['CAMERA_2', 'CAMERA_3']","{'CAMERA_1': [], 'CAMERA_2': ['optical_zoom', 'camera_type'], 'CAMERA_3': ['optical_zoom']}",C_QUESTION_ABOUT_FEATURE,CAMERA_3,optical_zoom,that's so many and what's the optical zoom on this phone,PRESENT_X,CAMERA_3,S_NOT_SURE,CAMERA_3,,I'm not really sure about that.,PRESENT_X,CAMERA_3,
113,8,CAMERA_3,"['CAMERA_2', 'CAMERA_3']","{'CAMERA_1': [], 'CAMERA_2': ['optical_zoom', 'camera_type'], 'CAMERA_3': ['optical_zoom', 'effects']}",C_SILENT_OR_BACKCHANNEL,CAMERA_3,NONE,alright,PRESENT_X,CAMERA_3,S_INTRODUCES_FEATURE,CAMERA_3,effects,"This one has 21 photo effects (small face, retro, big eyes, etc.).",PRESENT_X,CAMERA_3,13~65
113,9,NONE,"['CAMERA_2', 'CAMERA_3']","{'CAMERA_1': [], 'CAMERA_2': ['optical_zoom', 'camera_type'], 'CAMERA_3': ['optical_zoom', 'effects']}",C_THANK_YOU,CAMERA_3,NONE,ok thank you very much for your health,PRESENT_X,CAMERA_3,S_THANK_YOU,CAMERA_3,NONE,thank you very much.,FACE_TO_FACE,NONE,
113,10,NONE,"['CAMERA_2', 'CAMERA_3']","{'CAMERA_1': [], 'CAMERA_2': ['optical_zoom', 'camera_type'], 'CAMERA_3': ['optical_zoom', 'effects']}",C_LEAVES,DOOR,NONE,,FACE_TO_FACE,NONE,S_RETURNS_TO_COUNTER,SERVICE_COUNTER,NONE,,WAITING,NONE,
114,1,NONE,[],"{'CAMERA_1': [], 'CAMERA_2': [], 'CAMERA_3': []}",C_ENTERS,DOOR,NONE,,WAITING,NONE,S_NONE,SERVICE_COUNTER,NONE,,WAITING,NONE,
114,2,NONE,[],"{'CAMERA_1': [], 'CAMERA_2': [], 'CAMERA_3': []}",C_GREETS,MIDDLE,NONE,sorry excuse me,WAITING,NONE,S_GREETS,MIDDLE,NONE,can I help you?,FACE_TO_FACE,NONE,
114,3,CAMERA_3,['CAMERA_3'],"{'CAMERA_1': [], 'CAMERA_2': [], 'CAMERA_3': []}",C_LOOKING_FOR_A_CAMERA,MIDDLE,NONE,hydro afternoon I'm looking to buy a camera I just said I'm not really familiar with,FACE_TO_FACE,NONE,S_INTRODUCES_CAMERA,CAMERA_3,,Let me show you this. Here we have the Fujifilm PowerShot ELPH S2800.,PRESENT_X,CAMERA_3,39~68
114,4,CAMERA_3,['CAMERA_3'],"{'CAMERA_1': [], 'CAMERA_2': [], 'CAMERA_3': ['long_exposure']}",C_SILENT_OR_BACKCHANNEL,CAMERA_3,NONE,that's great,PRESENT_X,CAMERA_3,S_INTRODUCES_FEATURE,CAMERA_3,long_exposure,This one can take long exposures up to 30 minutes max with bulb mode.,PRESENT_X,CAMERA_3,39~68
114,5,CAMERA_3,['CAMERA_3'],"{'CAMERA_1': [], 'CAMERA_2': [], 'CAMERA_3': ['long_exposure', 'sensor_size']}",C_SILENT_OR_BACKCHANNEL,CAMERA_3,NONE,ic,PRESENT_X,CAMERA_3,S_INTRODUCES_FEATURE,CAMERA_3,sensor_size,This one has a full frame.,PRESENT_X,CAMERA_3,15~25
114,6,NONE,['CAMERA_3'],"{'CAMERA_1': [], 'CAMERA_2': [], 'CAMERA_3': ['long_exposure', 'sensor_size']}",C_THANK_YOU,CAMERA_3,NONE,thank you,PRESENT_X,CAMERA_3,S_THANK_YOU,CAMERA_3,NONE,thank you very much.,FACE_TO_FACE,NONE,
114,7,NONE,['CAMERA_3'],"{'CAMERA_1': [], 'CAMERA_2': [], 'CAMERA_3': ['long_exposure', 'sensor_size']}",C_LEAVES,DOOR,NONE,,FACE_TO_FACE,NONE,S_RETURNS_TO_COUNTER,SERVICE_COUNTER,NONE,,WAITING,NONE,
115,1,NONE,[],"{'CAMERA_1': [], 'CAMERA_2': [], 'CAMERA_3': []}",C_ENTERS,DOOR,NONE,,WAITING,NONE,S_NONE,SERVICE_COUNTER,NONE,,WAITING,NONE,
115,2,NONE,[],"{'CAMERA_1': [], 'CAMERA_2': [], 'CAMERA_3': []}",C_WALKS_TO_CAMERA,CAMERA_2,NONE,,WAITING,NONE,S_NONE,SERVICE_COUNTER,NONE,,WAITING,NONE,
115,3,CAMERA_2,['CAMERA_2'],"{'CAMERA_1': [], 'CAMERA_2': ['camera_type'], 'CAMERA_3': []}",C_QUESTION_ABOUT_FEATURE,CAMERA_2,camera_type,what kind of camera is this,WAITING,NONE,S_ANSWERS_QUESTION_ABOUT_FEATURE,CAMERA_2,camera_type,This is a digital single lens mirrorless camera.,PRESENT_X,CAMERA_2,10~40
115,4,CAMERA_2,['CAMERA_2'],"{'CAMERA_1': [], 'CAMERA_2': ['camera_type', 'effects'], 'CAMERA_3': []}",C_QUESTION_ABOUT_FEATURE,CAMERA_2,effects,what about artistic effect or something,PRESENT_X,CAMERA_2,S_ANSWERS_QUESTION_ABOUT_FEATURE,CAMERA_2,effects,"This one has 24 artistic effect modes (retro, lighter or darker skin tones, sepia, etc.).",PRESENT_X,CAMERA_2,13~88
115,5,CAMERA_2,['CAMERA_2'],"{'CAMERA_1': [], 'CAMERA_2': ['camera_type', 'effects', 'sensor_size'], 'CAMERA_3': []}",C_SILENT_OR_BACKCHANNEL,CAMERA_2,NONE,I said okay,PRESENT_X,CAMERA_2,S_INTRODUCES_FEATURE,CAMERA_2,sensor_size,This one has a 1/2.33 inch sensor.,PRESENT_X,CAMERA_2,15~33
115,6,CAMERA_2,['CAMERA_2'],"{'CAMERA_1': [], 'CAMERA_2': ['camera_type', 'effects', 'sensor_size', 'long_exposure'], 'CAMERA_3': []}",C_SILENT_OR_BACKCHANNEL,CAMERA_2,NONE,ok is this camera really nice,PRESENT_X,CAMERA_2,S_INTRODUCES_FEATURE,CAMERA_2,long_exposure,This one can take long exposures up to 60 minutes max with bulb mode.,PRESENT_X,CAMERA_2,39~68
115,7,CAMERA_3,"['CAMERA_2', 'CAMERA_3']","{'CAMERA_1': [], 'CAMERA_2': ['camera_type', 'effects', 'sensor_size', 'long_exposure'], 'CAMERA_3': []}",C_ANYTHING_ELSE_AVAILABLE,CAMERA_2,NONE,okay do you have any other cameras I might be interested,PRESENT_X,CAMERA_2,S_INTRODUCES_CAMERA,CAMERA_3,,Let me show you this. Here we have the Fujifilm PowerShot ELPH S2800.,PRESENT_X,CAMERA_3,39~68
115,8,CAMERA_3,"['CAMERA_2', 'CAMERA_3']","{'CAMERA_1': [], 'CAMERA_2': ['camera_type', 'effects', 'sensor_size', 'long_exposure'], 'CAMERA_3': ['ISO']}",C_SILENT_OR_BACKCHANNEL,CAMERA_3,NONE,not too bad,PRESENT_X,CAMERA_3,S_INTRODUCES_FEATURE,CAMERA_3,ISO,This one has up to 3200 ISO with little noise.,PRESENT_X,CAMERA_3,13~45
115,9,CAMERA_3,"['CAMERA_2', 'CAMERA_3']","{'CAMERA_1': [], 'CAMERA_2': ['camera_type', 'effects', 'sensor_size', 'long_exposure'], 'CAMERA_3': ['ISO', 'settings']}",C_QUESTION_ABOUT_FEATURE,CAMERA_3,settings,I would like to ask about is it easy to do I need to set up any manuals for this camera,PRESENT_X,CAMERA_3,S_ANSWERS_QUESTION_ABOUT_FEATURE,CAMERA_3,settings,"This one has manual control and various automatic settings (video modeburst shooting, etc.).",PRESENT_X,CAMERA_3,13~91
115,10,CAMERA_3,"['CAMERA_2', 'CAMERA_3']","{'CAMERA_1': [], 'CAMERA_2': ['camera_type', 'effects', 'sensor_size', 'long_exposure'], 'CAMERA_3': ['ISO', 'settings', 'camera_type']}",C_QUESTION_ABOUT_FEATURE,CAMERA_3,camera_type,is this a DSLR camera,PRESENT_X,CAMERA_3,S_ANSWERS_QUESTION_ABOUT_FEATURE,CAMERA_3,camera_type,This is a point and shoot camera.,PRESENT_X,CAMERA_3,10~25
115,11,CAMERA_3,"['CAMERA_2', 'CAMERA_3']","{'CAMERA_1': [], 'CAMERA_2': ['camera_type', 'effects', 'sensor_size', 'long_exposure'], 'CAMERA_3': ['ISO', 'settings', 'camera_type', 'preset_modes']}",C_QUESTION_ABOUT_FEATURE,CAMERA_3,preset_modes,cool any preset modes,PRESENT_X,CAMERA_3,S_ANSWERS_QUESTION_ABOUT_FEATURE,CAMERA_3,preset_modes,This one has various preset modes.,PRESENT_X,CAMERA_3,13~33
115,12,NONE,"['CAMERA_2', 'CAMERA_3']","{'CAMERA_1': [], 'CAMERA_2': ['camera_type', 'effects', 'sensor_size', 'long_exposure'], 'CAMERA_3': ['ISO', 'settings', 'camera_type', 'preset_modes']}",C_THANK_YOU,CAMERA_3,NONE,thank you very much,PRESENT_X,CAMERA_3,S_THANK_YOU,CAMERA_3,NONE,thank you very much.,FACE_TO_FACE,NONE,
115,13,NONE,"['CAMERA_2', 'CAMERA_3']","{'CAMERA_1': [], 'CAMERA_2': ['camera_type', 'effects', 'sensor_size', 'long_exposure'], 'CAMERA_3': ['ISO', 'settings', 'camera_type', 'preset_modes']}",C_LEAVES,DOOR,NONE,,FACE_TO_FACE,NONE,S_RETURNS_TO_COUNTER,SERVICE_COUNTER,NONE,,WAITING,NONE,
116,1,NONE,[],"{'CAMERA_1': [], 'CAMERA_2': [], 'CAMERA_3': []}",C_ENTERS,DOOR,NONE,,WAITING,NONE,S_NONE,SERVICE_COUNTER,NONE,,WAITING,NONE,
116,2,NONE,[],"{'CAMERA_1': [], 'CAMERA_2': [], 'CAMERA_3': []}",C_GREETS,MIDDLE,NONE,sorry I ask you something,WAITING,NONE,S_GREETS,MIDDLE,NONE,can I help you?,FACE_TO_FACE,NONE,
116,3,CAMERA_3,['CAMERA_3'],"{'CAMERA_1': [], 'CAMERA_2': [], 'CAMERA_3': []}",C_LOOKING_FOR_A_CAMERA,MIDDLE,NONE,yes I'm looking for a camera,FACE_TO_FACE,NONE,S_INTRODUCES_CAMERA,CAMERA_3,,Let me show you this. Here we have the Fujifilm PowerShot ELPH S2800.,PRESENT_X,CAMERA_3,39~68
116,4,CAMERA_3,['CAMERA_3'],"{'CAMERA_1': [], 'CAMERA_2': [], 'CAMERA_3': ['sensor_size']}",C_SILENT_OR_BACKCHANNEL,CAMERA_3,NONE,wow that's really nice to you,PRESENT_X,CAMERA_3,S_INTRODUCES_FEATURE,CAMERA_3,sensor_size,This one has a full frame.,PRESENT_X,CAMERA_3,15~25
116,5,CAMERA_3,['CAMERA_3'],"{'CAMERA_1': [], 'CAMERA_2': [], 'CAMERA_3': ['sensor_size', 'camera_type']}",C_SILENT_OR_BACKCHANNEL,CAMERA_3,NONE,I get,PRESENT_X,CAMERA_3,S_INTRODUCES_FEATURE,CAMERA_3,camera_type,This is a point and shoot camera.,PRESENT_X,CAMERA_3,10~25
116,6,CAMERA_3,['CAMERA_3'],"{'CAMERA_1': [], 'CAMERA_2': [], 'CAMERA_3': ['sensor_size', 'camera_type', 'preset_modes']}",C_SILENT_OR_BACKCHANNEL,CAMERA_3,NONE,okay,PRESENT_X,CAMERA_3,S_INTRODUCES_FEATURE,CAMERA_3,preset_modes,This one has various preset modes.,PRESENT_X,CAMERA_3,13~33
116,7,CAMERA_3,['CAMERA_3'],"{'CAMERA_1': [], 'CAMERA_2': [], 'CAMERA_3': ['sensor_size', 'camera_type', 'preset_modes', 'autofocus_points']}",C_SILENT_OR_BACKCHANNEL,CAMERA_3,NONE,wow this is nice,PRESENT_X,CAMERA_3,S_INTRODUCES_FEATURE,CAMERA_3,autofocus_points,This one has 214 autofocus points.,PRESENT_X,CAMERA_3,13~33
116,8,NONE,['CAMERA_3'],"{'CAMERA_1': [], 'CAMERA_2': [], 'CAMERA_3': ['sensor_size', 'camera_type', 'preset_modes', 'autofocus_points']}",C_THANK_YOU,CAMERA_3,NONE,thank you for your support,PRESENT_X,CAMERA_3,S_THANK_YOU,CAMERA_3,NONE,thank you very much.,FACE_TO_FACE,NONE,
116,9,NONE,['CAMERA_3'],"{'CAMERA_1': [], 'CAMERA_2': [], 'CAMERA_3': ['sensor_size', 'camera_type', 'preset_modes', 'autofocus_points']}",C_LEAVES,DOOR,NONE,,FACE_TO_FACE,NONE,S_RETURNS_TO_COUNTER,SERVICE_COUNTER,NONE,,WAITING,NONE,
117,1,NONE,[],"{'CAMERA_1': [], 'CAMERA_2': [], 'CAMERA_3': []}",C_ENTERS,DOOR,NONE,,WAITING,NONE,S_NONE,SERVICE_COUNTER,NONE,,WAITING,NONE,
117,2,NONE,[],"{'CAMERA_1': [], 'CAMERA_2': [], 'CAMERA_3': []}",C_WALKS_TO_CAMERA,CAMERA_2,NONE,,WAITING,NONE,S_GREETS,CAMERA_2,NONE,can I help you?,FACE_TO_FACE,NONE,
117,3,CAMERA_1,['CAMERA_1'],"{'CAMERA_1': [], 'CAMERA_2': [], 'CAMERA_3': []}",C_LOOKING_FOR_A_CAMERA,CAMERA_2,NONE,hello I'm looking for a camera with very high is so can you recommend one for me,FACE_TO_FACE,NONE,S_INTRODUCES_CAMERA,CAMERA_1,,Let me show you this. Here we have the Sony PowerShot ELPH DMC-ZS3.,PRESENT_X,CAMERA_1,39~66
117,4,CAMERA_1,['CAMERA_1'],"{'CAMERA_1': ['resolution'], 'CAMERA_2': [], 'CAMERA_3': []}",C_QUESTION_ABOUT_FEATURE,CAMERA_1,resolution,powerful is it how many megapixels can it shoot,PRESENT_X,CAMERA_1,S_ANSWERS_QUESTION_ABOUT_FEATURE,CAMERA_1,resolution,This one has 17.8 megapixels resolution.,PRESENT_X,CAMERA_1,13~28
117,5,CAMERA_1,['CAMERA_1'],"{'CAMERA_1': ['resolution', 'price'], 'CAMERA_2': [], 'CAMERA_3': []}",C_QUESTION_ABOUT_FEATURE,CAMERA_1,price,okay and what's the price on this again,PRESENT_X,CAMERA_1,S_ANSWERS_QUESTION_ABOUT_FEATURE,CAMERA_1,price,This one costs $450.,PRESENT_X,CAMERA_1,15~19
117,6,CAMERA_1,['CAMERA_1'],"{'CAMERA_1': ['resolution', 'price', 'long_exposure'], 'CAMERA_2': [], 'CAMERA_3': []}",C_SILENT_OR_BACKCHANNEL,CAMERA_1,NONE,great that's great I know what sits exercise,PRESENT_X,CAMERA_1,S_INTRODUCES_FEATURE,CAMERA_1,long_exposure,This one can take long exposures up to up to 15 seconds with Long Shutter Mode.,PRESENT_X,CAMERA_1,39~78
117,7,CAMERA_1,['CAMERA_1'],"{'CAMERA_1': ['resolution', 'price', 'long_exposure', 'effects'], 'CAMERA_2': [], 'CAMERA_3': []}",C_QUESTION_ABOUT_FEATURE,CAMERA_1,effects,okay good I'm going to take this as autistic effect mode what does that mean exactly,PRESENT_X,CAMERA_1,S_ANSWERS_QUESTION_ABOUT_FEATURE,CAMERA_1,effects,"This one has 24 glamor retouch effects (miniature, retro, toy camera, etc.).",PRESENT_X,CAMERA_1,13~75
117,8,CAMERA_1,['CAMERA_1'],"{'CAMERA_1': ['resolution', 'price', 'long_exposure', 'effects', 'settings'], 'CAMERA_2': [], 'CAMERA_3': []}",C_SILENT_OR_BACKCHANNEL,CAMERA_1,NONE,okay,PRESENT_X,CAMERA_1,S_INTRODUCES_FEATURE,CAMERA_1,settings,This one has limited manual settings.,PRESENT_X,CAMERA_1,13~36
117,9,CAMERA_1,['CAMERA_1'],"{'CAMERA_1': ['resolution', 'price', 'long_exposure', 'effects', 'settings', 'weight'], 'CAMERA_2': [], 'CAMERA_3': []}",C_SILENT_OR_BACKCHANNEL,CAMERA_1,NONE,IC,PRESENT_X,CAMERA_1,S_INTRODUCES_FEATURE,CAMERA_1,weight,This one weighs 800 grams.,PRESENT_X,CAMERA_1,16~25
117,10,CAMERA_1,['CAMERA_1'],"{'CAMERA_1': ['resolution', 'price', 'long_exposure', 'effects', 'settings', 'weight', 'ISO'], 'CAMERA_2': [], 'CAMERA_3': []}",C_QUESTION_ABOUT_FEATURE,CAMERA_1,ISO,a and ISO,PRESENT_X,CAMERA_1,S_ANSWERS_QUESTION_ABOUT_FEATURE,CAMERA_1,ISO,This one has up to 51200 ISO.,PRESENT_X,CAMERA_1,13~28
117,11,CAMERA_1,['CAMERA_1'],"{'CAMERA_1': ['resolution', 'price', 'long_exposure', 'effects', 'settings', 'weight', 'ISO', 'camera_type'], 'CAMERA_2': [], 'CAMERA_3': []}",C_QUESTION_ABOUT_FEATURE,CAMERA_1,camera_type,Is this a mirrorless camera?,PRESENT_X,CAMERA_1,S_ANSWERS_QUESTION_ABOUT_FEATURE,CAMERA_1,camera_type,This is a DSLR camera.,PRESENT_X,CAMERA_1,10~14
117,12,CAMERA_1,['CAMERA_1'],"{'CAMERA_1': ['resolution', 'price', 'long_exposure', 'effects', 'settings', 'weight', 'ISO', 'camera_type', 'sensor_size'], 'CAMERA_2': [], 'CAMERA_3': []}",C_QUESTION_ABOUT_FEATURE,CAMERA_1,sensor_size,what about the sensor size,PRESENT_X,CAMERA_1,S_ANSWERS_QUESTION_ABOUT_FEATURE,CAMERA_1,sensor_size,This one has a 1/2.3 inch CMOS sensor.,PRESENT_X,CAMERA_1,15~37
117,13,CAMERA_1,['CAMERA_1'],"{'CAMERA_1': ['resolution', 'price', 'long_exposure', 'effects', 'settings', 'weight', 'ISO', 'camera_type', 'sensor_size', 'color'], 'CAMERA_2': [], 'CAMERA_3': []}",C_QUESTION_ABOUT_FEATURE,CAMERA_1,color,what colors do you have in this,PRESENT_X,CAMERA_1,S_ANSWERS_QUESTION_ABOUT_FEATURE,CAMERA_1,color,This one comes in blue or black.,PRESENT_X,CAMERA_1,18~31
117,14,CAMERA_1,['CAMERA_1'],"{'CAMERA_1': ['resolution', 'price', 'long_exposure', 'effects', 'settings', 'weight', 'ISO', 'camera_type', 'sensor_size', 'color', 'autofocus_points'], 'CAMERA_2': [], 'CAMERA_3': []}",C_QUESTION_ABOUT_FEATURE,CAMERA_1,autofocus_points,How many autofocus points does this Canon camera have,PRESENT_X,CAMERA_1,S_ANSWERS_QUESTION_ABOUT_FEATURE,CAMERA_1,autofocus_points,This one has 135 autofocus points.,PRESENT_X,CAMERA_1,13~33
117,15,CAMERA_1,['CAMERA_1'],"{'CAMERA_1': ['resolution', 'price', 'long_exposure', 'effects', 'settings', 'weight', 'ISO', 'camera_type', 'sensor_size', 'color', 'autofocus_points', 'optical_zoom'], 'CAMERA_2': [], 'CAMERA_3': []}",C_QUESTION_ABOUT_FEATURE,CAMERA_1,optical_zoom,how about the ability of fight for the zoom how much is optical zoom for this camera,PRESENT_X,CAMERA_1,S_ANSWERS_QUESTION_ABOUT_FEATURE,CAMERA_1,optical_zoom,This one has 21x optical zoom.,PRESENT_X,CAMERA_1,13~29
117,16,CAMERA_1,['CAMERA_1'],"{'CAMERA_1': ['resolution', 'price', 'long_exposure', 'effects', 'settings', 'weight', 'ISO', 'camera_type', 'sensor_size', 'color', 'autofocus_points', 'optical_zoom', 'effects'], 'CAMERA_2': [], 'CAMERA_3': []}",C_SILENT_OR_BACKCHANNEL,CAMERA_1,NONE,ok,PRESENT_X,CAMERA_1,S_INTRODUCES_FEATURE,CAMERA_1,effects,"This one has 24 glamor retouch effects (miniature, retro, toy camera, etc.).",PRESENT_X,CAMERA_1,13~75
117,17,CAMERA_1,['CAMERA_1'],"{'CAMERA_1': ['resolution', 'price', 'long_exposure', 'effects', 'settings', 'weight', 'ISO', 'camera_type', 'sensor_size', 'color', 'autofocus_points', 'optical_zoom', 'effects', 'preset_modes'], 'CAMERA_2': [], 'CAMERA_3': []}",C_QUESTION_ABOUT_FEATURE,CAMERA_1,preset_modes,is it equipped with any preset modes,PRESENT_X,CAMERA_1,S_NOT_SURE,CAMERA_1,,I'm not really sure about that.,PRESENT_X,CAMERA_1,
117,18,NONE,['CAMERA_1'],"{'CAMERA_1': ['resolution', 'price', 'long_exposure', 'effects', 'settings', 'weight', 'ISO', 'camera_type', 'sensor_size', 'color', 'autofocus_points', 'optical_zoom', 'effects', 'preset_modes'], 'CAMERA_2': [], 'CAMERA_3': []}",C_THANK_YOU,CAMERA_1,NONE,thank you very much for your time I'll see you again hopefully,PRESENT_X,CAMERA_1,S_THANK_YOU,CAMERA_1,NONE,thank you very much.,FACE_TO_FACE,NONE,
117,19,NONE,['CAMERA_1'],"{'CAMERA_1': ['resolution', 'price', 'long_exposure', 'effects', 'settings', 'weight', 'ISO', 'camera_type', 'sensor_size', 'color', 'autofocus_points', 'optical_zoom', 'effects', 'preset_modes'], 'CAMERA_2': [], 'CAMERA_3': []}",C_LEAVES,DOOR,NONE,,FACE_TO_FACE,NONE,S_RETURNS_TO_COUNTER,SERVICE_COUNTER,NONE,,WAITING,NONE,
118,1,NONE,[],"{'CAMERA_1': [], 'CAMERA_2': [], 'CAMERA_3': []}",C_ENTERS,DOOR,NONE,,WAITING,NONE,S_NONE,SERVICE_COUNTER,NONE,,WAITING,NONE,
118,2,NONE,[],"{'CAMERA_1': [], 'CAMERA_2': [], 'CAMERA_3': []}",C_WALKS_TO_CAMERA,CAMERA_1,NONE,,WAITING,NONE,S_GREETS,CAMERA_1,NONE,can I help you?,FACE_TO_FACE,NONE,
118,3,CAMERA_1,['CAMERA_1'],"{'CAMERA_1': [], 'CAMERA_2': [], 'CAMERA_3': []}",C_LOOKING_FOR_A_CAMERA,CAMERA_1,NONE,I am looking to buy a body camera end SLR my gracious break so I was wondering if you had anything like that,FACE_TO_FACE,NONE,S_INTRODUCES_CAMERA,CAMERA_1,,Let me show you this. Here we have the Sony PowerShot ELPH DMC-ZS3.,PRESENT_X,CAMERA_1,39~66
118,4,CAMERA_1,['CAMERA_1'],"{'CAMERA_1': ['effects'], 'CAMERA_2': [], 'CAMERA_3': []}",C_QUESTION_ABOUT_FEATURE,CAMERA_1,effects,what about artistic effect or something,PRESENT_X,CAMERA_1,S_ANSWERS_QUESTION_ABOUT_FEATURE,CAMERA_1,effects,"This one has 24 glamor retouch effects (miniature, retro, toy camera, etc.).",PRESENT_X,CAMERA_1,13~75
118,5,CAMERA_1,['CAMERA_1'],"{'CAMERA_1': ['effects', 'ISO'], 'CAMERA_2': [], 'CAMERA_3': []}",C_QUESTION_ABOUT_FEATURE,CAMERA_1,ISO,and how about the iso settings,PRESENT_X,CAMERA_1,S_ANSWERS_QUESTION_ABOUT_FEATURE,CAMERA_1,ISO,This one has up to 51200 ISO.,PRESENT_X,CAMERA_1,13~28
118,6,CAMERA_3,"['CAMERA_1', 'CAMERA_3']","{'CAMERA_1': ['effects', 'ISO'], 'CAMERA_2': [], 'CAMERA_3': []}",C_ANYTHING_ELSE_AVAILABLE,CAMERA_1,NONE,do you have any other cameras that are in this kind,PRESENT_X,CAMERA_1,S_INTRODUCES_CAMERA,CAMERA_3,,Let me show you this. Here we have the Fujifilm PowerShot ELPH S2800.,PRESENT_X,CAMERA_3,39~68
118,7,CAMERA_3,"['CAMERA_1', 'CAMERA_3']","{'CAMERA_1': ['effects', 'ISO'], 'CAMERA_2': [], 'CAMERA_3': ['long_exposure']}",C_QUESTION_ABOUT_FEATURE,CAMERA_3,long_exposure,and what about the exposure,PRESENT_X,CAMERA_3,S_ANSWERS_QUESTION_ABOUT_FEATURE,CAMERA_3,long_exposure,This one can take long exposures up to 30 minutes max with bulb mode.,PRESENT_X,CAMERA_3,39~68
118,8,CAMERA_3,"['CAMERA_1', 'CAMERA_3']","{'CAMERA_1': ['effects', 'ISO'], 'CAMERA_2': [], 'CAMERA_3': ['long_exposure', 'preset_modes']}",C_QUESTION_ABOUT_FEATURE,CAMERA_3,preset_modes,does this camera support for preset mode,PRESENT_X,CAMERA_3,S_ANSWERS_QUESTION_ABOUT_FEATURE,CAMERA_3,preset_modes,This one has various preset modes.,PRESENT_X,CAMERA_3,13~33
118,9,CAMERA_2,"['CAMERA_1', 'CAMERA_3', 'CAMERA_2']","{'CAMERA_1': ['effects', 'ISO'], 'CAMERA_2': [], 'CAMERA_3': ['long_exposure', 'preset_modes']}",C_ANYTHING_ELSE_AVAILABLE,CAMERA_3,NONE,I see do you have any other options that you can show me,PRESENT_X,CAMERA_3,S_INTRODUCES_CAMERA,CAMERA_2,,Let me show you this. Here we have the Fujifilm Lumix ILC Camera.,PRESENT_X,CAMERA_2,39~64
118,10,CAMERA_2,"['CAMERA_1', 'CAMERA_3', 'CAMERA_2']","{'CAMERA_1': ['effects', 'ISO'], 'CAMERA_2': ['preset_modes'], 'CAMERA_3': ['long_exposure', 'preset_modes']}",C_QUESTION_ABOUT_FEATURE,CAMERA_2,preset_modes,does it have any preset mode,PRESENT_X,CAMERA_2,S_NOT_SURE,CAMERA_2,,I'm not really sure about that.,PRESENT_X,CAMERA_2,
118,11,CAMERA_2,"['CAMERA_1', 'CAMERA_3', 'CAMERA_2']","{'CAMERA_1': ['effects', 'ISO'], 'CAMERA_2': ['preset_modes', 'weight'], 'CAMERA_3': ['long_exposure', 'preset_modes']}",C_QUESTION_ABOUT_FEATURE,CAMERA_2,weight,oh it's heavy,PRESENT_X,CAMERA_2,S_ANSWERS_QUESTION_ABOUT_FEATURE,CAMERA_2,weight,This one weighs 820 grams.,PRESENT_X,CAMERA_2,16~25
118,12,CAMERA_2,"['CAMERA_1', 'CAMERA_3', 'CAMERA_2']","{'CAMERA_1': ['effects', 'ISO'], 'CAMERA_2': ['preset_modes', 'weight', 'color'], 'CAMERA_3': ['long_exposure', 'preset_modes']}",C_QUESTION_ABOUT_FEATURE,CAMERA_2,color,does Camry come in any other colors,PRESENT_X,CAMERA_2,S_ANSWERS_QUESTION_ABOUT_FEATURE,CAMERA_2,color,This one comes in white or pink.,PRESENT_X,CAMERA_2,18~31
118,13,CAMERA_2,"['CAMERA_1', 'CAMERA_3', 'CAMERA_2']","{'CAMERA_1': ['effects', 'ISO'], 'CAMERA_2': ['preset_modes', 'weight', 'color', 'resolution'], 'CAMERA_3': ['long_exposure', 'preset_modes']}",C_QUESTION_ABOUT_FEATURE,CAMERA_2,resolution,what about the megapixels camera,PRESENT_X,CAMERA_2,S_ANSWERS_QUESTION_ABOUT_FEATURE,CAMERA_2,resolution,This one has 23.8 megapixels resolution.,PRESENT_X,CAMERA_2,13~28
118,14,CAMERA_2,"['CAMERA_1', 'CAMERA_3', 'CAMERA_2']","{'CAMERA_1': ['effects', 'ISO'], 'CAMERA_2': ['preset_modes', 'weight', 'color', 'resolution', 'ISO'], 'CAMERA_3': ['long_exposure', 'preset_modes']}",C_QUESTION_ABOUT_FEATURE,CAMERA_2,ISO,I see and how far how much how high can you push the ISO,PRESENT_X,CAMERA_2,S_NOT_SURE,CAMERA_2,,I'm not really sure about that.,PRESENT_X,CAMERA_2,
118,15,CAMERA_2,"['CAMERA_1', 'CAMERA_3', 'CAMERA_2']","{'CAMERA_1': ['effects', 'ISO'], 'CAMERA_2': ['preset_modes', 'weight', 'color', 'resolution', 'ISO', 'long_exposure'], 'CAMERA_3': ['long_exposure', 'preset_modes']}",C_SILENT_OR_BACKCHANNEL,CAMERA_2,NONE,okay,PRESENT_X,CAMERA_2,S_INTRODUCES_FEATURE,CAMERA_2,long_exposure,This one can take long exposures up to 60 minutes max with bulb mode.,PRESENT_X,CAMERA_2,39~68
118,16,NONE,"['CAMERA_1', 'CAMERA_3', 'CAMERA_2']","{'CAMERA_1': ['effects', 'ISO'], 'CAMERA_2': ['preset_modes', 'weight', 'color', 'resolution', 'ISO', 'long_exposure'], 'CAMERA_3': ['long_exposure', 'preset_modes']}",C_THANK_YOU,CAMERA_2,NONE,ok thanks,PRESENT_X,CAMERA_2,S_THANK_YOU,CAMERA_2,NONE,thank you very much.,FACE_TO_FACE,NONE,
118,17,NONE,"['CAMERA_1', 'CAMERA_3', 'CAMERA_2']","{'CAMERA_1': ['effects', 'ISO'], 'CAMERA_2': ['preset_modes', 'weight', 'color', 'resolution', 'ISO', 'long_exposure'], 'CAMERA_3': ['long_exposure', 'preset_modes']}",C_LEAVES,DOOR,NONE,,FACE_TO_FACE,NONE,S_RETURNS_TO_COUNTER,SERVICE_COUNTER,NONE,,WAITING,NONE,
119,1,NONE,[],"{'CAMERA_1': [], 'CAMERA_2': [], 'CAMERA_3': []}",C_ENTERS,DOOR,NONE,,WAITING,NONE,S_NONE,SERVICE_COUNTER,NONE,,WAITING,NONE,
119,2,NONE,[],"{'CAMERA_1': [], 'CAMERA_2': [], 'CAMERA_3': []}",C_WALKS_TO_CAMERA,CAMERA_2,NONE,,WAITING,NONE,S_GREETS,CAMERA_2,NONE,can I help you?,FACE_TO_FACE,NONE,
119,3,CAMERA_3,['CAMERA_3'],"{'CAMERA_1': [], 'CAMERA_2': [], 'CAMERA_3': []}",C_LOOKING_FOR_A_CAMERA,CAMERA_2,NONE,just looking to buy a camera,FACE_TO_FACE,NONE,S_INTRODUCES_CAMERA,CAMERA_3,,Let me show you this. Here we have the Fujifilm PowerShot ELPH S2800.,PRESENT_X,CAMERA_3,39~68
119,4,CAMERA_3,['CAMERA_3'],"{'CAMERA_1': [], 'CAMERA_2': [], 'CAMERA_3': ['optical_zoom']}",C_QUESTION_ABOUT_FEATURE,CAMERA_3,optical_zoom,okay so it's not the same kind of zoom,PRESENT_X,CAMERA_3,S_NOT_SURE,CAMERA_3,,I'm not really sure about that.,PRESENT_X,CAMERA_3,
119,5,CAMERA_3,['CAMERA_3'],"{'CAMERA_1': [], 'CAMERA_2': [], 'CAMERA_3': ['optical_zoom', 'resolution']}",C_SILENT_OR_BACKCHANNEL,CAMERA_3,NONE,IC,PRESENT_X,CAMERA_3,S_INTRODUCES_FEATURE,CAMERA_3,resolution,This one has 23.2 megapixels resolution.,PRESENT_X,CAMERA_3,13~28
119,6,CAMERA_3,['CAMERA_3'],"{'CAMERA_1': [], 'CAMERA_2': [], 'CAMERA_3': ['optical_zoom', 'resolution', 'autofocus_points']}",C_SILENT_OR_BACKCHANNEL,CAMERA_3,NONE,okay,PRESENT_X,CAMERA_3,S_INTRODUCES_FEATURE,CAMERA_3,autofocus_points,This one has 214 autofocus points.,PRESENT_X,CAMERA_3,13~33
119,7,CAMERA_3,['CAMERA_3'],"{'CAMERA_1': [], 'CAMERA_2': [], 'CAMERA_3': ['optical_zoom', 'resolution', 'autofocus_points', 'camera_type']}",C_QUESTION_ABOUT_FEATURE,CAMERA_3,camera_type,is this a DSLR camera,PRESENT_X,CAMERA_3,S_ANSWERS_QUESTION_ABOUT_FEATURE,CAMERA_3,camera_type,This is a point and shoot camera.,PRESENT_X,CAMERA_3,10~25
119,8,CAMERA_3,['CAMERA_3'],"{'CAMERA_1': [], 'CAMERA_2': [], 'CAMERA_3': ['optical_zoom', 'resolution', 'autofocus_points', 'camera_type', 'sensor_size']}",C_SILENT_OR_BACKCHANNEL,CAMERA_3,NONE,okay I've read that aps-c is pretty good,PRESENT_X,CAMERA_3,S_INTRODUCES_FEATURE,CAMERA_3,sensor_size,This one has a full frame.,PRESENT_X,CAMERA_3,15~25
119,9,CAMERA_3,['CAMERA_3'],"{'CAMERA_1': [], 'CAMERA_2': [], 'CAMERA_3': ['optical_zoom', 'resolution', 'autofocus_points', 'camera_type', 'sensor_size', 'preset_modes']}",C_SILENT_OR_BACKCHANNEL,CAMERA_3,NONE,okay that's not too bad for good camera mean he'll us 5d II,PRESENT_X,CAMERA_3,S_INTRODUCES_FEATURE,CAMERA_3,preset_modes,This one has various preset modes.,PRESENT_X,CAMERA_3,13~33
119,10,CAMERA_1,"['CAMERA_3', 'CAMERA_1']","{'CAMERA_1': [], 'CAMERA_2': [], 'CAMERA_3': ['optical_zoom', 'resolution', 'autofocus_points', 'camera_type', 'sensor_size', 'preset_modes']}",C_ANYTHING_ELSE_AVAILABLE,CAMERA_3,NONE,okay do you have any other cameras I might be interested,PRESENT_X,CAMERA_3,S_INTRODUCES_CAMERA,CAMERA_1,,Let me show you this. Here we have the Sony PowerShot ELPH DMC-ZS3.,PRESENT_X,CAMERA_1,39~66
119,11,CAMERA_1,"['CAMERA_3', 'CAMERA_1']","{'CAMERA_1': ['autofocus_points'], 'CAMERA_2': [], 'CAMERA_3': ['optical_zoom', 'resolution', 'autofocus_points', 'camera_type', 'sensor_size', 'preset_modes']}",C_QUESTION_ABOUT_FEATURE,CAMERA_1,autofocus_points,how many oz are Focus points,PRESENT_X,CAMERA_1,S_ANSWERS_QUESTION_ABOUT_FEATURE,CAMERA_1,autofocus_points,This one has 135 autofocus points.,PRESENT_X,CAMERA_1,13~33
119,12,CAMERA_1,"['CAMERA_3', 'CAMERA_1']","{'CAMERA_1': ['autofocus_points', 'settings'], 'CAMERA_2': [], 'CAMERA_3': ['optical_zoom', 'resolution', 'autofocus_points', 'camera_type', 'sensor_size', 'preset_modes']}",C_QUESTION_ABOUT_FEATURE,CAMERA_1,settings,so I can just adjust the settings,PRESENT_X,CAMERA_1,S_ANSWERS_QUESTION_ABOUT_FEATURE,CAMERA_1,settings,This one has limited manual settings.,PRESENT_X,CAMERA_1,13~36
119,13,CAMERA_1,"['CAMERA_3', 'CAMERA_1']","{'CAMERA_1': ['autofocus_points', 'settings', 'weight'], 'CAMERA_2': [], 'CAMERA_3': ['optical_zoom', 'resolution', 'autofocus_points', 'camera_type', 'sensor_size', 'preset_modes']}",C_SILENT_OR_BACKCHANNEL,CAMERA_1,NONE,ok,PRESENT_X,CAMERA_1,S_INTRODUCES_FEATURE,CAMERA_1,weight,This one weighs 800 grams.,PRESENT_X,CAMERA_1,16~25
119,14,CAMERA_1,"['CAMERA_3', 'CAMERA_1']","{'CAMERA_1': ['autofocus_points', 'settings', 'weight', 'camera_type'], 'CAMERA_2': [], 'CAMERA_3': ['optical_zoom', 'resolution', 'autofocus_points', 'camera_type', 'sensor_size', 'preset_modes']}",C_QUESTION_ABOUT_FEATURE,CAMERA_1,camera_type,what kind of camera is this,PRESENT_X,CAMERA_1,S_ANSWERS_QUESTION_ABOUT_FEATURE,CAMERA_1,camera_type,This is a DSLR camera.,PRESENT_X,CAMERA_1,10~14
119,15,CAMERA_1,"['CAMERA_3', 'CAMERA_1']","{'CAMERA_1': ['autofocus_points', 'settings', 'weight', 'camera_type', 'price'], 'CAMERA_2': [], 'CAMERA_3': ['optical_zoom', 'resolution', 'autofocus_points', 'camera_type', 'sensor_size', 'preset_modes']}",C_QUESTION_ABOUT_FEATURE,CAMERA_1,price,ants how much does it cost,PRESENT_X,CAMERA_1,S_ANSWERS_QUESTION_ABOUT_FEATURE,CAMERA_1,price,This one costs $450.,PRESENT_X,CAMERA_1,15~19
119,16,CAMERA_1,"['CAMERA_3', 'CAMERA_1']","{'CAMERA_1': ['autofocus_points', 'settings', 'weight', 'camera_type', 'price', 'sensor_size'], 'CAMERA_2': [], 'CAMERA_3': ['optical_zoom', 'resolution', 'autofocus_points', 'camera_type', 'sensor_size', 'preset_modes']}",C_QUESTION_ABOUT_FEATURE,CAMERA_1,sensor_size,what is the sensor size like,PRESENT_X,CAMERA_1,S_ANSWERS_QUESTION_ABOUT_FEATURE,CAMERA_1,sensor_size,This one has a 1/2.3 inch CMOS sensor.,PRESENT_X,CAMERA_1,15~37
119,17,CAMERA_1,"['CAMERA_3', 'CAMERA_1']","{'CAMERA_1': ['autofocus_points', 'settings', 'weight', 'camera_type', 'price', 'sensor_size', 'resolution'], 'CAMERA_2': [], 'CAMERA_3': ['optical_zoom', 'resolution', 'autofocus_points', 'camera_type', 'sensor_size', 'preset_modes']}",C_SILENT_OR_BACKCHANNEL,CAMERA_1,NONE,alright,PRESENT_X,CAMERA_1,S_INTRODUCES_FEATURE,CAMERA_1,resolution,This one has 17.8 megapixels resolution.,PRESENT_X,CAMERA_1,13~28
119,18,CAMERA_1,"['CAMERA_3', 'CAMERA_1']","{'CAMERA_1': ['autofocus_points', 'settings', 'weight', 'camera_type', 'price', 'sensor_size', 'resolution', 'optical_zoom'], 'CAMERA_2': [], 'CAMERA_3': ['optical_zoom', 'resolution', 'autofocus_points', 'camera_type', 'sensor_size', 'preset_modes']}",C_QUESTION_ABOUT_FEATURE,CAMERA_1,optical_zoom,the optical zoom on this camera what is it,PRESENT_X,CAMERA_1,S_ANSWERS_QUESTION_ABOUT_FEATURE,CAMERA_1,optical_zoom,This one has 21x optical zoom.,PRESENT_X,CAMERA_1,13~29
119,19,CAMERA_1,"['CAMERA_3', 'CAMERA_1']","{'CAMERA_1': ['autofocus_points', 'settings', 'weight', 'camera_type', 'price', 'sensor_size', 'resolution', 'optical_zoom', 'ISO'], 'CAMERA_2': [], 'CAMERA_3': ['optical_zoom', 'resolution', 'autofocus_points', 'camera_type', 'sensor_size', 'preset_modes']}",C_QUESTION_ABOUT_FEATURE,CAMERA_1,ISO,ok also the iso rate,PRESENT_X,CAMERA_1,S_ANSWERS_QUESTION_ABOUT_FEATURE,CAMERA_1,ISO,This one has up to 51200 ISO.,PRESENT_X,CAMERA_1,13~28
119,20,CAMERA_1,"['CAMERA_3', 'CAMERA_1']","{'CAMERA_1': ['autofocus_points', 'settings', 'weight', 'camera_type', 'price', 'sensor_size', 'resolution', 'optical_zoom', 'ISO', 'preset_modes'], 'CAMERA_2': [], 'CAMERA_3': ['optical_zoom', 'resolution', 'autofocus_points', 'camera_type', 'sensor_size', 'preset_modes']}",C_QUESTION_ABOUT_FEATURE,CAMERA_1,preset_modes,what about the modes,PRESENT_X,CAMERA_1,S_NOT_SURE,CAMERA_1,,I'm not really sure about that.,PRESENT_X,CAMERA_1,
119,21,NONE,"['CAMERA_3', 'CAMERA_1']","{'CAMERA_1': ['autofocus_points', 'settings', 'weight', 'camera_type', 'price', 'sensor_size', 'resolution', 'optical_zoom', 'ISO', 'preset_modes'], 'CAMERA_2': [], 'CAMERA_3': ['optical_zoom', 'resolution', 'autofocus_points', 'camera_type', 'sensor_size', 'preset_modes']}",C_THANK_YOU,CAMERA_1,NONE,sweet thanks,PRESENT_X,CAMERA_1,S_THANK_YOU,CAMERA_1,NONE,thank you very much.,FACE_TO_FACE,NONE,
119,22,NONE,"['CAMERA_3', 'CAMERA_1']","{'CAMERA_1': ['autofocus_points', 'settings', 'weight', 'camera_type', 'price', 'sensor_size', 'resolution', 'optical_zoom', 'ISO', 'preset_modes'], 'CAMERA_2': [], 'CAMERA_3': ['optical_zoom', 'resolution', 'autofocus_points', 'camera_type', 'sensor_size', 'preset_modes']}",C_LEAVES,DOOR,NONE,,FACE_TO_FACE,NONE,S_RETURNS_TO_COUNTER,SERVICE_COUNTER,NONE,,WAITING,NONE,
120,1,NONE,[],"{'CAMERA_1': [], 'CAMERA_2': [], 'CAMERA_3': []}",C_ENTERS,DOOR,NONE,,WAITING,NONE,S_NONE,SERVICE_COUNTER,NONE,,WAITING,NONE,
120,2,NONE,[],"{'CAMERA_1': [], 'CAMERA_2': [], 'CAMERA_3': []}",C_GREETS,MIDDLE,NONE,excuse me what it is since your size,WAITING,NONE,S_GREETS,MIDDLE,NONE,can I help you?,FACE_TO_FACE,NONE,
120,3,CAMERA_3,['CAMERA_3'],"{'CAMERA_1': [], 'CAMERA_2': [], 'CAMERA_3': []}",C_LOOKING_FOR_A_CAMERA,MIDDLE,NONE,I'm looking for a camera,FACE_TO_FACE,NONE,S_INTRODUCES_CAMERA,CAMERA_3,,Let me show you this. Here we have the Fujifilm PowerShot ELPH S2800.,PRESENT_X,CAMERA_3,39~68
120,4,CAMERA_3,['CAMERA_3'],"{'CAMERA_1': [], 'CAMERA_2': [], 'CAMERA_3': ['effects']}",C_QUESTION_ABOUT_FEATURE,CAMERA_3,effects,how many autistic affect much does a half,PRESENT_X,CAMERA_3,S_ANSWERS_QUESTION_ABOUT_FEATURE,CAMERA_3,effects,"This one has 21 photo effects (small face, retro, big eyes, etc.).",PRESENT_X,CAMERA_3,13~65
120,5,NONE,['CAMERA_3'],"{'CAMERA_1': [], 'CAMERA_2': [], 'CAMERA_3': ['effects']}",C_THANK_YOU,CAMERA_3,NONE,oh I see well thank you very much,PRESENT_X,CAMERA_3,S_THANK_YOU,CAMERA_3,NONE,thank you very much.,FACE_TO_FACE,NONE,
120,6,NONE,['CAMERA_3'],"{'CAMERA_1': [], 'CAMERA_2': [], 'CAMERA_3': ['effects']}",C_LEAVES,DOOR,NONE,,FACE_TO_FACE,NONE,S_RETURNS_TO_COUNTER,SERVICE_COUNTER,NONE,,WAITING,NONE,
121,1,NONE,[],"{'CAMERA_1': [], 'CAMERA_2': [], 'CAMERA_3': []}",C_ENTERS,DOOR,NONE,,WAITING,NONE,S_NONE,SERVICE_COUNTER,NONE,,WAITING,NONE,
121,2,NONE,[],"{'CAMERA_1': [], 'CAMERA_2': [], 'CAMERA_3': []}",C_WALKS_TO_CAMERA,CAMERA_3,NONE,,WAITING,NONE,S_GREETS,CAMERA_3,NONE,can I help you?,FACE_TO_FACE,NONE,
121,3,CAMERA_3,['CAMERA_3'],"{'CAMERA_1': [], 'CAMERA_2': [], 'CAMERA_3': []}",C_LOOKING_FOR_A_CAMERA,CAMERA_3,NONE,online business so I'm just trying to get it started,FACE_TO_FACE,NONE,S_INTRODUCES_CAMERA,CAMERA_3,,Let me show you this. Here we have the Fujifilm PowerShot ELPH S2800.,PRESENT_X,CAMERA_3,39~68
121,4,CAMERA_3,['CAMERA_3'],"{'CAMERA_1': [], 'CAMERA_2': [], 'CAMERA_3': ['long_exposure']}",C_QUESTION_ABOUT_FEATURE,CAMERA_3,long_exposure,okay and how is it for long exposures,PRESENT_X,CAMERA_3,S_ANSWERS_QUESTION_ABOUT_FEATURE,CAMERA_3,long_exposure,This one can take long exposures up to 30 minutes max with bulb mode.,PRESENT_X,CAMERA_3,39~68
121,5,CAMERA_3,['CAMERA_3'],"{'CAMERA_1': [], 'CAMERA_2': [], 'CAMERA_3': ['long_exposure', 'weight']}",C_SILENT_OR_BACKCHANNEL,CAMERA_3,NONE,sounds great how about the synthesized honest,PRESENT_X,CAMERA_3,S_INTRODUCES_FEATURE,CAMERA_3,weight,This one weighs 820 grams.,PRESENT_X,CAMERA_3,16~25
121,6,CAMERA_3,['CAMERA_3'],"{'CAMERA_1': [], 'CAMERA_2': [], 'CAMERA_3': ['long_exposure', 'weight', 'camera_type']}",C_SILENT_OR_BACKCHANNEL,CAMERA_3,NONE,okay that sounds good,PRESENT_X,CAMERA_3,S_INTRODUCES_FEATURE,CAMERA_3,camera_type,This is a point and shoot camera.,PRESENT_X,CAMERA_3,10~25
121,7,CAMERA_3,['CAMERA_3'],"{'CAMERA_1': [], 'CAMERA_2': [], 'CAMERA_3': ['long_exposure', 'weight', 'camera_type', 'settings']}",C_SILENT_OR_BACKCHANNEL,CAMERA_3,NONE,okay,PRESENT_X,CAMERA_3,S_INTRODUCES_FEATURE,CAMERA_3,settings,"This one has manual control and various automatic settings (video modeburst shooting, etc.).",PRESENT_X,CAMERA_3,13~91
121,8,NONE,['CAMERA_3'],"{'CAMERA_1': [], 'CAMERA_2': [], 'CAMERA_3': ['long_exposure', 'weight', 'camera_type', 'settings']}",C_THANK_YOU,CAMERA_3,NONE,okay thanks a lot,PRESENT_X,CAMERA_3,S_THANK_YOU,CAMERA_3,NONE,thank you very much.,FACE_TO_FACE,NONE,
121,9,NONE,['CAMERA_3'],"{'CAMERA_1': [], 'CAMERA_2': [], 'CAMERA_3': ['long_exposure', 'weight', 'camera_type', 'settings']}",C_LEAVES,DOOR,NONE,,FACE_TO_FACE,NONE,S_RETURNS_TO_COUNTER,SERVICE_COUNTER,NONE,,WAITING,NONE,
122,1,NONE,[],"{'CAMERA_1': [], 'CAMERA_2': [], 'CAMERA_3': []}",C_ENTERS,DOOR,NONE,,WAITING,NONE,S_NONE,SERVICE_COUNTER,NONE,,WAITING,NONE,
122,2,NONE,[],"{'CAMERA_1': [], 'CAMERA_2': [], 'CAMERA_3': []}",C_WALKS_TO_CAMERA,CAMERA_2,NONE,,WAITING,NONE,S_NONE,SERVICE_COUNTER,NONE,,WAITING,NONE,
122,3,CAMERA_2,['CAMERA_2'],"{'CAMERA_1': [], 'CAMERA_2': ['weight'], 'CAMERA_3': []}",C_QUESTION_ABOUT_FEATURE,CAMERA_2,weight,now this looks pretty small,WAITING,NONE,S_ANSWERS_QUESTION_ABOUT_FEATURE,CAMERA_2,weight,This one weighs 820 grams.,PRESENT_X,CAMERA_2,16~25
122,4,NONE,['CAMERA_2'],"{'CAMERA_1': [], 'CAMERA_2': ['weight'], 'CAMERA_3': []}",C_THANK_YOU,CAMERA_2,NONE,thank you very much for your assistance and have a great day,PRESENT_X,CAMERA_2,S_THANK_YOU,CAMERA_2,NONE,thank you very much.,FACE_TO_FACE,NONE,
122,5,NONE,['CAMERA_2'],"{'CAMERA_1': [], 'CAMERA_2': ['weight'], 'CAMERA_3': []}",C_LEAVES,DOOR,NONE,,FACE_TO_FACE,NONE,S_RETURNS_TO_COUNTER,SERVICE_COUNTER,NONE,,WAITING,NONE,
123,1,NONE,[],"{'CAMERA_1': [], 'CAMERA_2': [], 'CAMERA_3': []}",C_ENTERS,DOOR,NONE,,WAITING,NONE,S_NONE,SERVICE_COUNTER,NONE,,WAITING,NONE,
123,2,NONE,[],"{'CAMERA_1': [], 'CAMERA_2': [], 'CAMERA_3': []}",C_WALKS_TO_CAMERA,CAMERA_1,NONE,,WAITING,NONE,S_GREETS,CAMERA_1,NONE,can I help you?,FACE_TO_FACE,NONE,
123,3,CAMERA_3,['CAMERA_3'],"{'CAMERA_1': [], 'CAMERA_2': [], 'CAMERA_3': []}",C_LOOKING_FOR_A_CAMERA,CAMERA_1,NONE,I'm actually looking for a camera,FACE_TO_FACE,NONE,S_INTRODUCES_CAMERA,CAMERA_3,,Let me show you this. Here we have the Fujifilm PowerShot ELPH S2800.,PRESENT_X,CAMERA_3,39~68
123,4,CAMERA_3,['CAMERA_3'],"{'CAMERA_1': [], 'CAMERA_2': [], 'CAMERA_3': ['color']}",C_QUESTION_ABOUT_FEATURE,CAMERA_3,color,oh I see in a different color is awful,PRESENT_X,CAMERA_3,S_ANSWERS_QUESTION_ABOUT_FEATURE,CAMERA_3,color,"This one comes in purple, white, silver, blue, red, or pink.",PRESENT_X,CAMERA_3,18~59
123,5,CAMERA_3,['CAMERA_3'],"{'CAMERA_1': [], 'CAMERA_2': [], 'CAMERA_3': ['color', 'sensor_size']}",C_SILENT_OR_BACKCHANNEL,CAMERA_3,NONE,I say so,PRESENT_X,CAMERA_3,S_INTRODUCES_FEATURE,CAMERA_3,sensor_size,This one has a full frame.,PRESENT_X,CAMERA_3,15~25
123,6,CAMERA_3,['CAMERA_3'],"{'CAMERA_1': [], 'CAMERA_2': [], 'CAMERA_3': ['color', 'sensor_size', 'settings']}",C_SILENT_OR_BACKCHANNEL,CAMERA_3,NONE,great,PRESENT_X,CAMERA_3,S_INTRODUCES_FEATURE,CAMERA_3,settings,"This one has manual control and various automatic settings (video modeburst shooting, etc.).",PRESENT_X,CAMERA_3,13~91
123,7,CAMERA_3,['CAMERA_3'],"{'CAMERA_1': [], 'CAMERA_2': [], 'CAMERA_3': ['color', 'sensor_size', 'settings', 'resolution']}",C_SILENT_OR_BACKCHANNEL,CAMERA_3,NONE,ok is this camera really nice,PRESENT_X,CAMERA_3,S_INTRODUCES_FEATURE,CAMERA_3,resolution,This one has 23.2 megapixels resolution.,PRESENT_X,CAMERA_3,13~28
123,8,CAMERA_3,['CAMERA_3'],"{'CAMERA_1': [], 'CAMERA_2': [], 'CAMERA_3': ['color', 'sensor_size', 'settings', 'resolution', 'autofocus_points']}",C_QUESTION_ABOUT_FEATURE,CAMERA_3,autofocus_points,how about the number of autofocus points it has,PRESENT_X,CAMERA_3,S_ANSWERS_QUESTION_ABOUT_FEATURE,CAMERA_3,autofocus_points,This one has 214 autofocus points.,PRESENT_X,CAMERA_3,13~33
123,9,CAMERA_3,['CAMERA_3'],"{'CAMERA_1': [], 'CAMERA_2': [], 'CAMERA_3': ['color', 'sensor_size', 'settings', 'resolution', 'autofocus_points', 'price']}",C_QUESTION_ABOUT_FEATURE,CAMERA_3,price,What about the price,PRESENT_X,CAMERA_3,S_ANSWERS_QUESTION_ABOUT_FEATURE,CAMERA_3,price,This one costs $518.,PRESENT_X,CAMERA_3,15~19
123,10,CAMERA_2,"['CAMERA_3', 'CAMERA_2']","{'CAMERA_1': [], 'CAMERA_2': [], 'CAMERA_3': ['color', 'sensor_size', 'settings', 'resolution', 'autofocus_points', 'price']}",C_ANYTHING_ELSE_AVAILABLE,CAMERA_3,NONE,do you have any other cameras that are in this kind,PRESENT_X,CAMERA_3,S_INTRODUCES_CAMERA,CAMERA_2,,Let me show you this. Here we have the Fujifilm Lumix ILC Camera.,PRESENT_X,CAMERA_2,39~64
123,11,CAMERA_2,"['CAMERA_3', 'CAMERA_2']","{'CAMERA_1': [], 'CAMERA_2': ['long_exposure'], 'CAMERA_3': ['color', 'sensor_size', 'settings', 'resolution', 'autofocus_points', 'price']}",C_QUESTION_ABOUT_FEATURE,CAMERA_2,long_exposure,for the exposure of this one is it the same as the other one,PRESENT_X,CAMERA_2,S_ANSWERS_QUESTION_ABOUT_FEATURE,CAMERA_2,long_exposure,This one can take long exposures up to 60 minutes max with bulb mode.,PRESENT_X,CAMERA_2,39~68
123,12,CAMERA_2,"['CAMERA_3', 'CAMERA_2']","{'CAMERA_1': [], 'CAMERA_2': ['long_exposure', 'optical_zoom'], 'CAMERA_3': ['color', 'sensor_size', 'settings', 'resolution', 'autofocus_points', 'price']}",C_QUESTION_ABOUT_FEATURE,CAMERA_2,optical_zoom,and what about the optical zoom,PRESENT_X,CAMERA_2,S_ANSWERS_QUESTION_ABOUT_FEATURE,CAMERA_2,optical_zoom,This one has 21x optical zoom.,PRESENT_X,CAMERA_2,13~29
123,13,NONE,"['CAMERA_3', 'CAMERA_2']","{'CAMERA_1': [], 'CAMERA_2': ['long_exposure', 'optical_zoom'], 'CAMERA_3': ['color', 'sensor_size', 'settings', 'resolution', 'autofocus_points', 'price']}",C_THANK_YOU,CAMERA_2,NONE,thank you very much you've been very helpful,PRESENT_X,CAMERA_2,S_THANK_YOU,CAMERA_2,NONE,thank you very much.,FACE_TO_FACE,NONE,
123,14,NONE,"['CAMERA_3', 'CAMERA_2']","{'CAMERA_1': [], 'CAMERA_2': ['long_exposure', 'optical_zoom'], 'CAMERA_3': ['color', 'sensor_size', 'settings', 'resolution', 'autofocus_points', 'price']}",C_LEAVES,DOOR,NONE,,FACE_TO_FACE,NONE,S_RETURNS_TO_COUNTER,SERVICE_COUNTER,NONE,,WAITING,NONE,
124,1,NONE,[],"{'CAMERA_1': [], 'CAMERA_2': [], 'CAMERA_3': []}",C_ENTERS,DOOR,NONE,,WAITING,NONE,S_NONE,SERVICE_COUNTER,NONE,,WAITING,NONE,
124,2,NONE,[],"{'CAMERA_1': [], 'CAMERA_2': [], 'CAMERA_3': []}",C_WALKS_TO_CAMERA,CAMERA_1,NONE,,WAITING,NONE,S_GREETS,CAMERA_1,NONE,can I help you?,FACE_TO_FACE,NONE,
124,3,CAMERA_2,['CAMERA_2'],"{'CAMERA_1': [], 'CAMERA_2': [], 'CAMERA_3': []}",C_LOOKING_FOR_A_CAMERA,CAMERA_1,NONE,hi good afternoon I'm looking for a camera that has a high I just saw with low noise and this is very important for me,FACE_TO_FACE,NONE,S_INTRODUCES_CAMERA,CAMERA_2,,Let me show you this. Here we have the Fujifilm Lumix ILC Camera.,PRESENT_X,CAMERA_2,39~64
124,4,CAMERA_2,['CAMERA_2'],"{'CAMERA_1': [], 'CAMERA_2': ['effects'], 'CAMERA_3': []}",C_SILENT_OR_BACKCHANNEL,CAMERA_2,NONE,yeah yeah I can to try to look on the outside this is a really good one,PRESENT_X,CAMERA_2,S_INTRODUCES_FEATURE,CAMERA_2,effects,"This one has 24 artistic effect modes (retro, lighter or darker skin tones, sepia, etc.).",PRESENT_X,CAMERA_2,13~88
124,5,CAMERA_2,['CAMERA_2'],"{'CAMERA_1': [], 'CAMERA_2': ['effects', 'autofocus_points'], 'CAMERA_3': []}",C_QUESTION_ABOUT_FEATURE,CAMERA_2,autofocus_points,how about this camera how many auto focus points does this have,PRESENT_X,CAMERA_2,S_NOT_SURE,CAMERA_2,,I'm not really sure about that.,PRESENT_X,CAMERA_2,
124,6,CAMERA_2,['CAMERA_2'],"{'CAMERA_1': [], 'CAMERA_2': ['effects', 'autofocus_points', 'weight'], 'CAMERA_3': []}",C_SILENT_OR_BACKCHANNEL,CAMERA_2,NONE,this is pretty new does it take good photos,PRESENT_X,CAMERA_2,S_INTRODUCES_FEATURE,CAMERA_2,weight,This one weighs 820 grams.,PRESENT_X,CAMERA_2,16~25
124,7,CAMERA_2,['CAMERA_2'],"{'CAMERA_1': [], 'CAMERA_2': ['effects', 'autofocus_points', 'weight', 'price'], 'CAMERA_3': []}",C_SILENT_OR_BACKCHANNEL,CAMERA_2,NONE,yeah sounds good,PRESENT_X,CAMERA_2,S_INTRODUCES_FEATURE,CAMERA_2,price,This one costs $768.,PRESENT_X,CAMERA_2,15~19
124,8,CAMERA_2,['CAMERA_2'],"{'CAMERA_1': [], 'CAMERA_2': ['effects', 'autofocus_points', 'weight', 'price', 'sensor_size'], 'CAMERA_3': []}",C_QUESTION_ABOUT_FEATURE,CAMERA_2,sensor_size,the sensor on this phone is it full frame,PRESENT_X,CAMERA_2,S_ANSWERS_QUESTION_ABOUT_FEATURE,CAMERA_2,sensor_size,This one has a 1/2.33 inch sensor.,PRESENT_X,CAMERA_2,15~33
124,9,CAMERA_2,['CAMERA_2'],"{'CAMERA_1': [], 'CAMERA_2': ['effects', 'autofocus_points', 'weight', 'price', 'sensor_size', 'optical_zoom'], 'CAMERA_3': []}",C_SILENT_OR_BACKCHANNEL,CAMERA_2,NONE,okay that's good that looks professional and that will impress people,PRESENT_X,CAMERA_2,S_INTRODUCES_FEATURE,CAMERA_2,optical_zoom,This one has 21x optical zoom.,PRESENT_X,CAMERA_2,13~29
124,10,NONE,['CAMERA_2'],"{'CAMERA_1': [], 'CAMERA_2': ['effects', 'autofocus_points', 'weight', 'price', 'sensor_size', 'optical_zoom'], 'CAMERA_3': []}",C_THANK_YOU,CAMERA_2,NONE,no thank you for your help thank you have a good day,PRESENT_X,CAMERA_2,S_THANK_YOU,CAMERA_2,NONE,thank you very much.,FACE_TO_FACE,NONE,
124,11,NONE,['CAMERA_2'],"{'CAMERA_1': [], 'CAMERA_2': ['effects', 'autofocus_points', 'weight', 'price', 'sensor_size', 'optical_zoom'], 'CAMERA_3': []}",C_LEAVES,DOOR,NONE,,FACE_TO_FACE,NONE,S_RETURNS_TO_COUNTER,SERVICE_COUNTER,NONE,,WAITING,NONE,
125,1,NONE,[],"{'CAMERA_1': [], 'CAMERA_2': [], 'CAMERA_3': []}",C_ENTERS,DOOR,NONE,,WAITING,NONE,S_NONE,SERVICE_COUNTER,NONE,,WAITING,NONE,
125,2,NONE,[],"{'CAMERA_1': [], 'CAMERA_2': [], 'CAMERA_3': []}",C_WALKS_TO_CAMERA,CAMERA_2,NONE,,WAITING,NONE,S_NONE,SERVICE_COUNTER,NONE,,WAITING,NONE,
125,3,NONE,[],"{'CAMERA_1': [], 'CAMERA_2': [], 'CAMERA_3': []}",C_EXAMINES_CAMERA,CAMERA_2,NONE,,WAITING,NONE,S_GREETS,CAMERA_2,NONE,can I help you?,FACE_TO_FACE,NONE,
125,4,CAMERA_3,['CAMERA_3'],"{'CAMERA_1': [], 'CAMERA_2': [], 'CAMERA_3': []}",C_LOOKING_FOR_A_CAMERA,CAMERA_2,NONE,I'm just browsing but just trying to find a camera but I don't know what camera is really good,FACE_TO_FACE,NONE,S_INTRODUCES_CAMERA,CAMERA_3,,Let me show you this. Here we have the Fujifilm PowerShot ELPH S2800.,PRESENT_X,CAMERA_3,39~68
125,5,CAMERA_3,['CAMERA_3'],"{'CAMERA_1': [], 'CAMERA_2': [], 'CAMERA_3': ['weight']}",C_QUESTION_ABOUT_FEATURE,CAMERA_3,weight,how much does it weigh,PRESENT_X,CAMERA_3,S_ANSWERS_QUESTION_ABOUT_FEATURE,CAMERA_3,weight,This one weighs 820 grams.,PRESENT_X,CAMERA_3,16~25
125,6,CAMERA_3,['CAMERA_3'],"{'CAMERA_1': [], 'CAMERA_2': [], 'CAMERA_3': ['weight', 'color']}",C_QUESTION_ABOUT_FEATURE,CAMERA_3,color,oh this is very cool what colors does it come in,PRESENT_X,CAMERA_3,S_ANSWERS_QUESTION_ABOUT_FEATURE,CAMERA_3,color,"This one comes in purple, white, silver, blue, red, or pink.",PRESENT_X,CAMERA_3,18~59
125,7,CAMERA_3,['CAMERA_3'],"{'CAMERA_1': [], 'CAMERA_2': [], 'CAMERA_3': ['weight', 'color', 'effects']}",C_QUESTION_ABOUT_FEATURE,CAMERA_3,effects,what is about the artistic effect mode,PRESENT_X,CAMERA_3,S_ANSWERS_QUESTION_ABOUT_FEATURE,CAMERA_3,effects,"This one has 21 photo effects (small face, retro, big eyes, etc.).",PRESENT_X,CAMERA_3,13~65
125,8,CAMERA_3,['CAMERA_3'],"{'CAMERA_1': [], 'CAMERA_2': [], 'CAMERA_3': ['weight', 'color', 'effects', 'autofocus_points']}",C_SILENT_OR_BACKCHANNEL,CAMERA_3,NONE,okay that sounds good,PRESENT_X,CAMERA_3,S_INTRODUCES_FEATURE,CAMERA_3,autofocus_points,This one has 214 autofocus points.,PRESENT_X,CAMERA_3,13~33
125,9,CAMERA_3,['CAMERA_3'],"{'CAMERA_1': [], 'CAMERA_2': [], 'CAMERA_3': ['weight', 'color', 'effects', 'autofocus_points', 'preset_modes']}",C_QUESTION_ABOUT_FEATURE,CAMERA_3,preset_modes,does it have any preset modes,PRESENT_X,CAMERA_3,S_ANSWERS_QUESTION_ABOUT_FEATURE,CAMERA_3,preset_modes,This one has various preset modes.,PRESENT_X,CAMERA_3,13~33
125,10,CAMERA_3,['CAMERA_3'],"{'CAMERA_1': [], 'CAMERA_2': [], 'CAMERA_3': ['weight', 'color', 'effects', 'autofocus_points', 'preset_modes', 'camera_type']}",C_QUESTION_ABOUT_FEATURE,CAMERA_3,camera_type,what kind of camera is this,PRESENT_X,CAMERA_3,S_ANSWERS_QUESTION_ABOUT_FEATURE,CAMERA_3,camera_type,This is a point and shoot camera.,PRESENT_X,CAMERA_3,10~25
125,11,CAMERA_3,['CAMERA_3'],"{'CAMERA_1': [], 'CAMERA_2': [], 'CAMERA_3': ['weight', 'color', 'effects', 'autofocus_points', 'preset_modes', 'camera_type', 'optical_zoom']}",C_QUESTION_ABOUT_FEATURE,CAMERA_3,optical_zoom,how far does the zoom on this one go,PRESENT_X,CAMERA_3,S_NOT_SURE,CAMERA_3,,I'm not really sure about that.,PRESENT_X,CAMERA_3,
125,12,CAMERA_3,['CAMERA_3'],"{'CAMERA_1': [], 'CAMERA_2': [], 'CAMERA_3': ['weight', 'color', 'effects', 'autofocus_points', 'preset_modes', 'camera_type', 'optical_zoom', 'price']}",C_QUESTION_ABOUT_FEATURE,CAMERA_3,price,what is the price,PRESENT_X,CAMERA_3,S_ANSWERS_QUESTION_ABOUT_FEATURE,CAMERA_3,price,This one costs $518.,PRESENT_X,CAMERA_3,15~19
125,13,CAMERA_3,['CAMERA_3'],"{'CAMERA_1': [], 'CAMERA_2': [], 'CAMERA_3': ['weight', 'color', 'effects', 'autofocus_points', 'preset_modes', 'camera_type', 'optical_zoom', 'price', 'ISO']}",C_QUESTION_ABOUT_FEATURE,CAMERA_3,ISO,and how about the iso settings,PRESENT_X,CAMERA_3,S_ANSWERS_QUESTION_ABOUT_FEATURE,CAMERA_3,ISO,This one has up to 3200 ISO with little noise.,PRESENT_X,CAMERA_3,13~45
125,14,CAMERA_3,['CAMERA_3'],"{'CAMERA_1': [], 'CAMERA_2': [], 'CAMERA_3': ['weight', 'color', 'effects', 'autofocus_points', 'preset_modes', 'camera_type', 'optical_zoom', 'price', 'ISO', 'long_exposure']}",C_SILENT_OR_BACKCHANNEL,CAMERA_3,NONE,i see,PRESENT_X,CAMERA_3,S_INTRODUCES_FEATURE,CAMERA_3,long_exposure,This one can take long exposures up to 30 minutes max with bulb mode.,PRESENT_X,CAMERA_3,39~68
125,15,CAMERA_3,['CAMERA_3'],"{'CAMERA_1': [], 'CAMERA_2': [], 'CAMERA_3': ['weight', 'color', 'effects', 'autofocus_points', 'preset_modes', 'camera_type', 'optical_zoom', 'price', 'ISO', 'long_exposure', 'settings']}",C_SILENT_OR_BACKCHANNEL,CAMERA_3,NONE,I think this is not too bad,PRESENT_X,CAMERA_3,S_INTRODUCES_FEATURE,CAMERA_3,settings,"This one has manual control and various automatic settings (video modeburst shooting, etc.).",PRESENT_X,CAMERA_3,13~91
125,16,CAMERA_3,['CAMERA_3'],"{'CAMERA_1': [], 'CAMERA_2': [], 'CAMERA_3': ['weight', 'color', 'effects', 'autofocus_points', 'preset_modes', 'camera_type', 'optical_zoom', 'price', 'ISO', 'long_exposure', 'settings', 'resolution']}",C_QUESTION_ABOUT_FEATURE,CAMERA_3,resolution,I'm not really sure what megapixel means can you please explain to me ,PRESENT_X,CAMERA_3,S_ANSWERS_QUESTION_ABOUT_FEATURE,CAMERA_3,resolution,This one has 23.2 megapixels resolution.,PRESENT_X,CAMERA_3,13~28
125,17,NONE,['CAMERA_3'],"{'CAMERA_1': [], 'CAMERA_2': [], 'CAMERA_3': ['weight', 'color', 'effects', 'autofocus_points', 'preset_modes', 'camera_type', 'optical_zoom', 'price', 'ISO', 'long_exposure', 'settings', 'resolution']}",C_THANK_YOU,CAMERA_3,NONE,I could work with something that yeah okay thanks for your help,PRESENT_X,CAMERA_3,S_THANK_YOU,CAMERA_3,NONE,thank you very much.,FACE_TO_FACE,NONE,
125,18,NONE,['CAMERA_3'],"{'CAMERA_1': [], 'CAMERA_2': [], 'CAMERA_3': ['weight', 'color', 'effects', 'autofocus_points', 'preset_modes', 'camera_type', 'optical_zoom', 'price', 'ISO', 'long_exposure', 'settings', 'resolution']}",C_LEAVES,DOOR,NONE,,FACE_TO_FACE,NONE,S_RETURNS_TO_COUNTER,SERVICE_COUNTER,NONE,,WAITING,NONE,
126,1,NONE,[],"{'CAMERA_1': [], 'CAMERA_2': [], 'CAMERA_3': []}",C_ENTERS,DOOR,NONE,,WAITING,NONE,S_NONE,SERVICE_COUNTER,NONE,,WAITING,NONE,
126,2,NONE,[],"{'CAMERA_1': [], 'CAMERA_2': [], 'CAMERA_3': []}",C_WALKS_TO_CAMERA,CAMERA_1,NONE,,WAITING,NONE,S_GREETS,CAMERA_1,NONE,can I help you?,FACE_TO_FACE,NONE,
126,3,CAMERA_2,['CAMERA_2'],"{'CAMERA_1': [], 'CAMERA_2': [], 'CAMERA_3': []}",C_LOOKING_FOR_A_CAMERA,CAMERA_1,NONE,I'm looking for a professional camera,FACE_TO_FACE,NONE,S_INTRODUCES_CAMERA,CAMERA_2,,Let me show you this. Here we have the Fujifilm Lumix ILC Camera.,PRESENT_X,CAMERA_2,39~64
126,4,CAMERA_2,['CAMERA_2'],"{'CAMERA_1': [], 'CAMERA_2': ['weight'], 'CAMERA_3': []}",C_QUESTION_ABOUT_FEATURE,CAMERA_2,weight,is it heavy,PRESENT_X,CAMERA_2,S_ANSWERS_QUESTION_ABOUT_FEATURE,CAMERA_2,weight,This one weighs 820 grams.,PRESENT_X,CAMERA_2,16~25
126,5,CAMERA_2,['CAMERA_2'],"{'CAMERA_1': [], 'CAMERA_2': ['weight', 'effects'], 'CAMERA_3': []}",C_SILENT_OR_BACKCHANNEL,CAMERA_2,NONE,uh huh I just want to see the cameras,PRESENT_X,CAMERA_2,S_INTRODUCES_FEATURE,CAMERA_2,effects,"This one has 24 artistic effect modes (retro, lighter or darker skin tones, sepia, etc.).",PRESENT_X,CAMERA_2,13~88
126,6,NONE,['CAMERA_2'],"{'CAMERA_1': [], 'CAMERA_2': ['weight', 'effects'], 'CAMERA_3': []}",C_THANK_YOU,CAMERA_2,NONE,ok thanks,PRESENT_X,CAMERA_2,S_THANK_YOU,CAMERA_2,NONE,thank you very much.,FACE_TO_FACE,NONE,
126,7,NONE,['CAMERA_2'],"{'CAMERA_1': [], 'CAMERA_2': ['weight', 'effects'], 'CAMERA_3': []}",C_LEAVES,DOOR,NONE,,FACE_TO_FACE,NONE,S_RETURNS_TO_COUNTER,SERVICE_COUNTER,NONE,,WAITING,NONE,
127,1,NONE,[],"{'CAMERA_1': [], 'CAMERA_2': [], 'CAMERA_3': []}",C_ENTERS,DOOR,NONE,,WAITING,NONE,S_NONE,SERVICE_COUNTER,NONE,,WAITING,NONE,
127,2,NONE,[],"{'CAMERA_1': [], 'CAMERA_2': [], 'CAMERA_3': []}",C_WALKS_TO_CAMERA,CAMERA_1,NONE,,WAITING,NONE,S_NONE,SERVICE_COUNTER,NONE,,WAITING,NONE,
127,3,NONE,[],"{'CAMERA_1': [], 'CAMERA_2': [], 'CAMERA_3': []}",C_EXAMINES_CAMERA,CAMERA_1,NONE,,WAITING,NONE,S_GREETS,CAMERA_1,NONE,can I help you?,FACE_TO_FACE,NONE,
127,4,CAMERA_2,['CAMERA_2'],"{'CAMERA_1': [], 'CAMERA_2': [], 'CAMERA_3': []}",C_LOOKING_FOR_A_CAMERA,CAMERA_1,NONE,I'm just looking around,FACE_TO_FACE,NONE,S_INTRODUCES_CAMERA,CAMERA_2,,Let me show you this. Here we have the Fujifilm Lumix ILC Camera.,PRESENT_X,CAMERA_2,39~64
127,5,CAMERA_2,['CAMERA_2'],"{'CAMERA_1': [], 'CAMERA_2': ['resolution'], 'CAMERA_3': []}",C_QUESTION_ABOUT_FEATURE,CAMERA_2,resolution,Oh what kind of resolution to the house hun,PRESENT_X,CAMERA_2,S_ANSWERS_QUESTION_ABOUT_FEATURE,CAMERA_2,resolution,This one has 23.8 megapixels resolution.,PRESENT_X,CAMERA_2,13~28
127,6,CAMERA_3,"['CAMERA_2', 'CAMERA_3']","{'CAMERA_1': [], 'CAMERA_2': ['resolution'], 'CAMERA_3': []}",C_ANYTHING_ELSE_AVAILABLE,CAMERA_2,NONE,maybe did you have a another camera you recommend,PRESENT_X,CAMERA_2,S_INTRODUCES_CAMERA,CAMERA_3,,Let me show you this. Here we have the Fujifilm PowerShot ELPH S2800.,PRESENT_X,CAMERA_3,39~68
127,7,CAMERA_3,"['CAMERA_2', 'CAMERA_3']","{'CAMERA_1': [], 'CAMERA_2': ['resolution'], 'CAMERA_3': ['settings']}",C_SILENT_OR_BACKCHANNEL,CAMERA_3,NONE,looks nice doesn't match what I want how much is consumed you know I want to sue me in and zoom out,PRESENT_X,CAMERA_3,S_INTRODUCES_FEATURE,CAMERA_3,settings,"This one has manual control and various automatic settings (video modeburst shooting, etc.).",PRESENT_X,CAMERA_3,13~91
127,8,CAMERA_3,"['CAMERA_2', 'CAMERA_3']","{'CAMERA_1': [], 'CAMERA_2': ['resolution'], 'CAMERA_3': ['settings', 'resolution']}",C_SILENT_OR_BACKCHANNEL,CAMERA_3,NONE,I like it,PRESENT_X,CAMERA_3,S_INTRODUCES_FEATURE,CAMERA_3,resolution,This one has 23.2 megapixels resolution.,PRESENT_X,CAMERA_3,13~28
127,9,CAMERA_3,"['CAMERA_2', 'CAMERA_3']","{'CAMERA_1': [], 'CAMERA_2': ['resolution'], 'CAMERA_3': ['settings', 'resolution', 'preset_modes']}",C_SILENT_OR_BACKCHANNEL,CAMERA_3,NONE,that looks good,PRESENT_X,CAMERA_3,S_INTRODUCES_FEATURE,CAMERA_3,preset_modes,This one has various preset modes.,PRESENT_X,CAMERA_3,13~33
127,10,CAMERA_3,"['CAMERA_2', 'CAMERA_3']","{'CAMERA_1': [], 'CAMERA_2': ['resolution'], 'CAMERA_3': ['settings', 'resolution', 'preset_modes', 'long_exposure']}",C_SILENT_OR_BACKCHANNEL,CAMERA_3,NONE,that sounds good,PRESENT_X,CAMERA_3,S_INTRODUCES_FEATURE,CAMERA_3,long_exposure,This one can take long exposures up to 30 minutes max with bulb mode.,PRESENT_X,CAMERA_3,39~68
127,11,CAMERA_1,"['CAMERA_2', 'CAMERA_3', 'CAMERA_1']","{'CAMERA_1': [], 'CAMERA_2': ['resolution'], 'CAMERA_3': ['settings', 'resolution', 'preset_modes', 'long_exposure']}",C_ANYTHING_ELSE_AVAILABLE,CAMERA_3,NONE,ok do you have any other cameras,PRESENT_X,CAMERA_3,S_INTRODUCES_CAMERA,CAMERA_1,,Let me show you this. Here we have the Sony PowerShot ELPH DMC-ZS3.,PRESENT_X,CAMERA_1,39~66
127,12,CAMERA_1,"['CAMERA_2', 'CAMERA_3', 'CAMERA_1']","{'CAMERA_1': ['weight'], 'CAMERA_2': ['resolution'], 'CAMERA_3': ['settings', 'resolution', 'preset_modes', 'long_exposure']}",C_SILENT_OR_BACKCHANNEL,CAMERA_1,NONE,this camera sounds pretty good,PRESENT_X,CAMERA_1,S_INTRODUCES_FEATURE,CAMERA_1,weight,This one weighs 800 grams.,PRESENT_X,CAMERA_1,16~25
127,13,CAMERA_1,"['CAMERA_2', 'CAMERA_3', 'CAMERA_1']","{'CAMERA_1': ['weight', 'price'], 'CAMERA_2': ['resolution'], 'CAMERA_3': ['settings', 'resolution', 'preset_modes', 'long_exposure']}",C_SILENT_OR_BACKCHANNEL,CAMERA_1,NONE,let's see,PRESENT_X,CAMERA_1,S_INTRODUCES_FEATURE,CAMERA_1,price,This one costs $450.,PRESENT_X,CAMERA_1,15~19
127,14,CAMERA_1,"['CAMERA_2', 'CAMERA_3', 'CAMERA_1']","{'CAMERA_1': ['weight', 'price', 'sensor_size'], 'CAMERA_2': ['resolution'], 'CAMERA_3': ['settings', 'resolution', 'preset_modes', 'long_exposure']}",C_QUESTION_ABOUT_FEATURE,CAMERA_1,sensor_size,the sensor on this phone is it full frame,PRESENT_X,CAMERA_1,S_ANSWERS_QUESTION_ABOUT_FEATURE,CAMERA_1,sensor_size,This one has a 1/2.3 inch CMOS sensor.,PRESENT_X,CAMERA_1,15~37
127,15,CAMERA_1,"['CAMERA_2', 'CAMERA_3', 'CAMERA_1']","{'CAMERA_1': ['weight', 'price', 'sensor_size', 'optical_zoom'], 'CAMERA_2': ['resolution'], 'CAMERA_3': ['settings', 'resolution', 'preset_modes', 'long_exposure']}",C_SILENT_OR_BACKCHANNEL,CAMERA_1,NONE,let's see,PRESENT_X,CAMERA_1,S_INTRODUCES_FEATURE,CAMERA_1,optical_zoom,This one has 21x optical zoom.,PRESENT_X,CAMERA_1,13~29
127,16,NONE,"['CAMERA_2', 'CAMERA_3', 'CAMERA_1']","{'CAMERA_1': ['weight', 'price', 'sensor_size', 'optical_zoom'], 'CAMERA_2': ['resolution'], 'CAMERA_3': ['settings', 'resolution', 'preset_modes', 'long_exposure']}",C_THANK_YOU,CAMERA_1,NONE,alright I think that I thought that was good enough for today but also think about us anyway thank you very much for your help thank you,PRESENT_X,CAMERA_1,S_THANK_YOU,CAMERA_1,NONE,thank you very much.,FACE_TO_FACE,NONE,
127,17,NONE,"['CAMERA_2', 'CAMERA_3', 'CAMERA_1']","{'CAMERA_1': ['weight', 'price', 'sensor_size', 'optical_zoom'], 'CAMERA_2': ['resolution'], 'CAMERA_3': ['settings', 'resolution', 'preset_modes', 'long_exposure']}",C_LEAVES,DOOR,NONE,,FACE_TO_FACE,NONE,S_RETURNS_TO_COUNTER,SERVICE_COUNTER,NONE,,WAITING,NONE,
128,1,NONE,[],"{'CAMERA_1': [], 'CAMERA_2': [], 'CAMERA_3': []}",C_ENTERS,DOOR,NONE,,WAITING,NONE,S_NONE,SERVICE_COUNTER,NONE,,WAITING,NONE,
128,2,NONE,[],"{'CAMERA_1': [], 'CAMERA_2': [], 'CAMERA_3': []}",C_GREETS,MIDDLE,NONE,hello,WAITING,NONE,S_GREETS,MIDDLE,NONE,can I help you?,FACE_TO_FACE,NONE,
128,3,CAMERA_1,['CAMERA_1'],"{'CAMERA_1': [], 'CAMERA_2': [], 'CAMERA_3': []}",C_LOOKING_FOR_A_CAMERA,MIDDLE,NONE,hello I just want to take a look at your camera,FACE_TO_FACE,NONE,S_INTRODUCES_CAMERA,CAMERA_1,,Let me show you this. Here we have the Sony PowerShot ELPH DMC-ZS3.,PRESENT_X,CAMERA_1,39~66
128,4,CAMERA_1,['CAMERA_1'],"{'CAMERA_1': ['effects'], 'CAMERA_2': [], 'CAMERA_3': []}",C_SILENT_OR_BACKCHANNEL,CAMERA_1,NONE,I said yeah ok,PRESENT_X,CAMERA_1,S_INTRODUCES_FEATURE,CAMERA_1,effects,"This one has 24 glamor retouch effects (miniature, retro, toy camera, etc.).",PRESENT_X,CAMERA_1,13~75
128,5,CAMERA_1,['CAMERA_1'],"{'CAMERA_1': ['effects', 'long_exposure'], 'CAMERA_2': [], 'CAMERA_3': []}",C_SILENT_OR_BACKCHANNEL,CAMERA_1,NONE,ok,PRESENT_X,CAMERA_1,S_INTRODUCES_FEATURE,CAMERA_1,long_exposure,This one can take long exposures up to up to 15 seconds with Long Shutter Mode.,PRESENT_X,CAMERA_1,39~78
128,6,CAMERA_1,['CAMERA_1'],"{'CAMERA_1': ['effects', 'long_exposure', 'weight'], 'CAMERA_2': [], 'CAMERA_3': []}",C_SILENT_OR_BACKCHANNEL,CAMERA_1,NONE,I said uh,PRESENT_X,CAMERA_1,S_INTRODUCES_FEATURE,CAMERA_1,weight,This one weighs 800 grams.,PRESENT_X,CAMERA_1,16~25
128,7,CAMERA_2,"['CAMERA_1', 'CAMERA_2']","{'CAMERA_1': ['effects', 'long_exposure', 'weight'], 'CAMERA_2': [], 'CAMERA_3': []}",C_ANYTHING_ELSE_AVAILABLE,CAMERA_1,NONE,do you have any other cameras like this,PRESENT_X,CAMERA_1,S_INTRODUCES_CAMERA,CAMERA_2,,Let me show you this. Here we have the Fujifilm Lumix ILC Camera.,PRESENT_X,CAMERA_2,39~64
128,8,CAMERA_2,"['CAMERA_1', 'CAMERA_2']","{'CAMERA_1': ['effects', 'long_exposure', 'weight'], 'CAMERA_2': ['preset_modes'], 'CAMERA_3': []}",C_QUESTION_ABOUT_FEATURE,CAMERA_2,preset_modes,do they have pet mode,PRESENT_X,CAMERA_2,S_NOT_SURE,CAMERA_2,,I'm not really sure about that.,PRESENT_X,CAMERA_2,
128,9,CAMERA_2,"['CAMERA_1', 'CAMERA_2']","{'CAMERA_1': ['effects', 'long_exposure', 'weight'], 'CAMERA_2': ['preset_modes', 'resolution'], 'CAMERA_3': []}",C_QUESTION_ABOUT_FEATURE,CAMERA_2,resolution,how many megapixels is this camera,PRESENT_X,CAMERA_2,S_ANSWERS_QUESTION_ABOUT_FEATURE,CAMERA_2,resolution,This one has 23.8 megapixels resolution.,PRESENT_X,CAMERA_2,13~28
128,10,CAMERA_2,"['CAMERA_1', 'CAMERA_2']","{'CAMERA_1': ['effects', 'long_exposure', 'weight'], 'CAMERA_2': ['preset_modes', 'resolution', 'weight'], 'CAMERA_3': []}",C_SILENT_OR_BACKCHANNEL,CAMERA_2,NONE,ok,PRESENT_X,CAMERA_2,S_INTRODUCES_FEATURE,CAMERA_2,weight,This one weighs 820 grams.,PRESENT_X,CAMERA_2,16~25
128,11,CAMERA_2,"['CAMERA_1', 'CAMERA_2']","{'CAMERA_1': ['effects', 'long_exposure', 'weight'], 'CAMERA_2': ['preset_modes', 'resolution', 'weight', 'ISO'], 'CAMERA_3': []}",C_QUESTION_ABOUT_FEATURE,CAMERA_2,ISO,how high should I so how will is it able to shoot,PRESENT_X,CAMERA_2,S_NOT_SURE,CAMERA_2,,I'm not really sure about that.,PRESENT_X,CAMERA_2,
128,12,NONE,"['CAMERA_1', 'CAMERA_2']","{'CAMERA_1': ['effects', 'long_exposure', 'weight'], 'CAMERA_2': ['preset_modes', 'resolution', 'weight', 'ISO'], 'CAMERA_3': []}",C_THANK_YOU,CAMERA_2,NONE,ok thank you,PRESENT_X,CAMERA_2,S_THANK_YOU,CAMERA_2,NONE,thank you very much.,FACE_TO_FACE,NONE,
128,13,NONE,"['CAMERA_1', 'CAMERA_2']","{'CAMERA_1': ['effects', 'long_exposure', 'weight'], 'CAMERA_2': ['preset_modes', 'resolution', 'weight', 'ISO'], 'CAMERA_3': []}",C_LEAVES,DOOR,NONE,,FACE_TO_FACE,NONE,S_RETURNS_TO_COUNTER,SERVICE_COUNTER,NONE,,WAITING,NONE,
129,1,NONE,[],"{'CAMERA_1': [], 'CAMERA_2': [], 'CAMERA_3': []}",C_ENTERS,DOOR,NONE,,WAITING,NONE,S_NONE,SERVICE_COUNTER,NONE,,WAITING,NONE,
129,2,NONE,[],"{'CAMERA_1': [], 'CAMERA_2': [], 'CAMERA_3': []}",C_GREETS,MIDDLE,NONE,hi,WAITING,NONE,S_GREETS,MIDDLE,NONE,can I help you?,FACE_TO_FACE,NONE,
129,3,CAMERA_2,['CAMERA_2'],"{'CAMERA_1': [], 'CAMERA_2': [], 'CAMERA_3': []}",C_LOOKING_FOR_A_CAMERA,MIDDLE,NONE,just looking to buy a camera,FACE_TO_FACE,NONE,S_INTRODUCES_CAMERA,CAMERA_2,,Let me show you this. Here we have the Fujifilm Lumix ILC Camera.,PRESENT_X,CAMERA_2,39~64
129,4,CAMERA_2,['CAMERA_2'],"{'CAMERA_1': [], 'CAMERA_2': ['color'], 'CAMERA_3': []}",C_SILENT_OR_BACKCHANNEL,CAMERA_2,NONE,IC,PRESENT_X,CAMERA_2,S_INTRODUCES_FEATURE,CAMERA_2,color,This one comes in white or pink.,PRESENT_X,CAMERA_2,18~31
129,5,CAMERA_2,['CAMERA_2'],"{'CAMERA_1': [], 'CAMERA_2': ['color', 'price'], 'CAMERA_3': []}",C_SILENT_OR_BACKCHANNEL,CAMERA_2,NONE,that looks very good,PRESENT_X,CAMERA_2,S_INTRODUCES_FEATURE,CAMERA_2,price,This one costs $768.,PRESENT_X,CAMERA_2,15~19
129,6,NONE,['CAMERA_2'],"{'CAMERA_1': [], 'CAMERA_2': ['color', 'price'], 'CAMERA_3': []}",C_THANK_YOU,CAMERA_2,NONE,thank you,PRESENT_X,CAMERA_2,S_THANK_YOU,CAMERA_2,NONE,thank you very much.,FACE_TO_FACE,NONE,
129,7,NONE,['CAMERA_2'],"{'CAMERA_1': [], 'CAMERA_2': ['color', 'price'], 'CAMERA_3': []}",C_LEAVES,DOOR,NONE,,FACE_TO_FACE,NONE,S_RETURNS_TO_COUNTER,SERVICE_COUNTER,NONE,,WAITING,NONE,
130,1,NONE,[],"{'CAMERA_1': [], 'CAMERA_2': [], 'CAMERA_3': []}",C_ENTERS,DOOR,NONE,,WAITING,NONE,S_NONE,SERVICE_COUNTER,NONE,,WAITING,NONE,
130,2,NONE,[],"{'CAMERA_1': [], 'CAMERA_2': [], 'CAMERA_3': []}",C_WALKS_TO_CAMERA,CAMERA_1,NONE,,WAITING,NONE,S_GREETS,CAMERA_1,NONE,can I help you?,FACE_TO_FACE,NONE,
130,3,CAMERA_2,['CAMERA_2'],"{'CAMERA_1': [], 'CAMERA_2': [], 'CAMERA_3': []}",C_LOOKING_FOR_A_CAMERA,CAMERA_1,NONE,well I'm not sure I quite know what I want to,FACE_TO_FACE,NONE,S_INTRODUCES_CAMERA,CAMERA_2,,Let me show you this. Here we have the Fujifilm Lumix ILC Camera.,PRESENT_X,CAMERA_2,39~64
130,4,CAMERA_2,['CAMERA_2'],"{'CAMERA_1': [], 'CAMERA_2': ['camera_type'], 'CAMERA_3': []}",C_SILENT_OR_BACKCHANNEL,CAMERA_2,NONE,IC,PRESENT_X,CAMERA_2,S_INTRODUCES_FEATURE,CAMERA_2,camera_type,This is a digital single lens mirrorless camera.,PRESENT_X,CAMERA_2,10~40
130,5,CAMERA_2,['CAMERA_2'],"{'CAMERA_1': [], 'CAMERA_2': ['camera_type', 'resolution'], 'CAMERA_3': []}",C_QUESTION_ABOUT_FEATURE,CAMERA_2,resolution,how many megapixels does it have,PRESENT_X,CAMERA_2,S_ANSWERS_QUESTION_ABOUT_FEATURE,CAMERA_2,resolution,This one has 23.8 megapixels resolution.,PRESENT_X,CAMERA_2,13~28
130,6,CAMERA_2,['CAMERA_2'],"{'CAMERA_1': [], 'CAMERA_2': ['camera_type', 'resolution', 'color'], 'CAMERA_3': []}",C_SILENT_OR_BACKCHANNEL,CAMERA_2,NONE,ok is this camera really nice,PRESENT_X,CAMERA_2,S_INTRODUCES_FEATURE,CAMERA_2,color,This one comes in white or pink.,PRESENT_X,CAMERA_2,18~31
130,7,CAMERA_2,['CAMERA_2'],"{'CAMERA_1': [], 'CAMERA_2': ['camera_type', 'resolution', 'color', 'settings'], 'CAMERA_3': []}",C_QUESTION_ABOUT_FEATURE,CAMERA_2,settings,what sort of control can I do with it,PRESENT_X,CAMERA_2,S_ANSWERS_QUESTION_ABOUT_FEATURE,CAMERA_2,settings,"This one has manual control and various automatic settings (video modeburst shooting, etc.).",PRESENT_X,CAMERA_2,13~91
130,8,CAMERA_2,['CAMERA_2'],"{'CAMERA_1': [], 'CAMERA_2': ['camera_type', 'resolution', 'color', 'settings', 'preset_modes'], 'CAMERA_3': []}",C_QUESTION_ABOUT_FEATURE,CAMERA_2,preset_modes,is it equipped with any preset modes,PRESENT_X,CAMERA_2,S_NOT_SURE,CAMERA_2,,I'm not really sure about that.,PRESENT_X,CAMERA_2,
130,9,CAMERA_2,['CAMERA_2'],"{'CAMERA_1': [], 'CAMERA_2': ['camera_type', 'resolution', 'color', 'settings', 'preset_modes', 'sensor_size'], 'CAMERA_3': []}",C_SILENT_OR_BACKCHANNEL,CAMERA_2,NONE,this camera looks good,PRESENT_X,CAMERA_2,S_INTRODUCES_FEATURE,CAMERA_2,sensor_size,This one has a 1/2.33 inch sensor.,PRESENT_X,CAMERA_2,15~33
130,10,CAMERA_2,['CAMERA_2'],"{'CAMERA_1': [], 'CAMERA_2': ['camera_type', 'resolution', 'color', 'settings', 'preset_modes', 'sensor_size', 'price'], 'CAMERA_3': []}",C_SILENT_OR_BACKCHANNEL,CAMERA_2,NONE,IC,PRESENT_X,CAMERA_2,S_INTRODUCES_FEATURE,CAMERA_2,price,This one costs $768.,PRESENT_X,CAMERA_2,15~19
130,11,NONE,['CAMERA_2'],"{'CAMERA_1': [], 'CAMERA_2': ['camera_type', 'resolution', 'color', 'settings', 'preset_modes', 'sensor_size', 'price'], 'CAMERA_3': []}",C_THANK_YOU,CAMERA_2,NONE,ok thank you,PRESENT_X,CAMERA_2,S_THANK_YOU,CAMERA_2,NONE,thank you very much.,FACE_TO_FACE,NONE,
130,12,NONE,['CAMERA_2'],"{'CAMERA_1': [], 'CAMERA_2': ['camera_type', 'resolution', 'color', 'settings', 'preset_modes', 'sensor_size', 'price'], 'CAMERA_3': []}",C_LEAVES,DOOR,NONE,,FACE_TO_FACE,NONE,S_RETURNS_TO_COUNTER,SERVICE_COUNTER,NONE,,WAITING,NONE,
131,1,NONE,[],"{'CAMERA_1': [], 'CAMERA_2': [], 'CAMERA_3': []}",C_ENTERS,DOOR,NONE,,WAITING,NONE,S_NONE,SERVICE_COUNTER,NONE,,WAITING,NONE,
131,2,NONE,[],"{'CAMERA_1': [], 'CAMERA_2': [], 'CAMERA_3': []}",C_WALKS_TO_CAMERA,CAMERA_2,NONE,,WAITING,NONE,S_GREETS,CAMERA_2,NONE,can I help you?,FACE_TO_FACE,NONE,
131,3,CAMERA_1,['CAMERA_1'],"{'CAMERA_1': [], 'CAMERA_2': [], 'CAMERA_3': []}",C_LOOKING_FOR_A_CAMERA,CAMERA_2,NONE,yes I'm looking for a camera for my photoshop my other camera broke and I need another one,FACE_TO_FACE,NONE,S_INTRODUCES_CAMERA,CAMERA_1,,Let me show you this. Here we have the Sony PowerShot ELPH DMC-ZS3.,PRESENT_X,CAMERA_1,39~66
131,4,CAMERA_1,['CAMERA_1'],"{'CAMERA_1': ['color'], 'CAMERA_2': [], 'CAMERA_3': []}",C_SILENT_OR_BACKCHANNEL,CAMERA_1,NONE,ok,PRESENT_X,CAMERA_1,S_INTRODUCES_FEATURE,CAMERA_1,color,This one comes in blue or black.,PRESENT_X,CAMERA_1,18~31
131,5,CAMERA_1,['CAMERA_1'],"{'CAMERA_1': ['color', 'long_exposure'], 'CAMERA_2': [], 'CAMERA_3': []}",C_QUESTION_ABOUT_FEATURE,CAMERA_1,long_exposure,is the exposure over 20 seconds,PRESENT_X,CAMERA_1,S_ANSWERS_QUESTION_ABOUT_FEATURE,CAMERA_1,long_exposure,This one can take long exposures up to up to 15 seconds with Long Shutter Mode.,PRESENT_X,CAMERA_1,39~78
131,6,CAMERA_1,['CAMERA_1'],"{'CAMERA_1': ['color', 'long_exposure', 'settings'], 'CAMERA_2': [], 'CAMERA_3': []}",C_QUESTION_ABOUT_FEATURE,CAMERA_1,settings,hey I just wanted to know the beauty of this camera to adjust settings,PRESENT_X,CAMERA_1,S_ANSWERS_QUESTION_ABOUT_FEATURE,CAMERA_1,settings,This one has limited manual settings.,PRESENT_X,CAMERA_1,13~36
131,7,CAMERA_1,['CAMERA_1'],"{'CAMERA_1': ['color', 'long_exposure', 'settings', 'autofocus_points'], 'CAMERA_2': [], 'CAMERA_3': []}",C_QUESTION_ABOUT_FEATURE,CAMERA_1,autofocus_points,what do I use the autofocus points for,PRESENT_X,CAMERA_1,S_ANSWERS_QUESTION_ABOUT_FEATURE,CAMERA_1,autofocus_points,This one has 135 autofocus points.,PRESENT_X,CAMERA_1,13~33
131,8,CAMERA_1,['CAMERA_1'],"{'CAMERA_1': ['color', 'long_exposure', 'settings', 'autofocus_points', 'camera_type'], 'CAMERA_2': [], 'CAMERA_3': []}",C_SILENT_OR_BACKCHANNEL,CAMERA_1,NONE,what about the is so great how long is that,PRESENT_X,CAMERA_1,S_INTRODUCES_FEATURE,CAMERA_1,camera_type,This is a DSLR camera.,PRESENT_X,CAMERA_1,10~14
131,9,CAMERA_2,"['CAMERA_1', 'CAMERA_2']","{'CAMERA_1': ['color', 'long_exposure', 'settings', 'autofocus_points', 'camera_type'], 'CAMERA_2': [], 'CAMERA_3': []}",C_ANYTHING_ELSE_AVAILABLE,CAMERA_1,NONE,maybe did you have a another camera you recommend,PRESENT_X,CAMERA_1,S_INTRODUCES_CAMERA,CAMERA_2,,Let me show you this. Here we have the Fujifilm Lumix ILC Camera.,PRESENT_X,CAMERA_2,39~64
131,10,CAMERA_2,"['CAMERA_1', 'CAMERA_2']","{'CAMERA_1': ['color', 'long_exposure', 'settings', 'autofocus_points', 'camera_type'], 'CAMERA_2': ['resolution'], 'CAMERA_3': []}",C_QUESTION_ABOUT_FEATURE,CAMERA_2,resolution,how many megapixels is it,PRESENT_X,CAMERA_2,S_ANSWERS_QUESTION_ABOUT_FEATURE,CAMERA_2,resolution,This one has 23.8 megapixels resolution.,PRESENT_X,CAMERA_2,13~28
131,11,CAMERA_2,"['CAMERA_1', 'CAMERA_2']","{'CAMERA_1': ['color', 'long_exposure', 'settings', 'autofocus_points', 'camera_type'], 'CAMERA_2': ['resolution', 'camera_type'], 'CAMERA_3': []}",C_SILENT_OR_BACKCHANNEL,CAMERA_2,NONE,okay that's looks good anything else any other colors for a Camaro,PRESENT_X,CAMERA_2,S_INTRODUCES_FEATURE,CAMERA_2,camera_type,This is a digital single lens mirrorless camera.,PRESENT_X,CAMERA_2,10~40
131,12,NONE,"['CAMERA_1', 'CAMERA_2']","{'CAMERA_1': ['color', 'long_exposure', 'settings', 'autofocus_points', 'camera_type'], 'CAMERA_2': ['resolution', 'camera_type'], 'CAMERA_3': []}",C_THANK_YOU,CAMERA_2,NONE,that's a lot to think about thank you very much have a good afternoon,PRESENT_X,CAMERA_2,S_THANK_YOU,CAMERA_2,NONE,thank you very much.,FACE_TO_FACE,NONE,
131,13,NONE,"['CAMERA_1', 'CAMERA_2']","{'CAMERA_1': ['color', 'long_exposure', 'settings', 'autofocus_points', 'camera_type'], 'CAMERA_2': ['resolution', 'camera_type'], 'CAMERA_3': []}",C_LEAVES,DOOR,NONE,,FACE_TO_FACE,NONE,S_RETURNS_TO_COUNTER,SERVICE_COUNTER,NONE,,WAITING,NONE,
132,1,NONE,[],"{'CAMERA_1': [], 'CAMERA_2': [], 'CAMERA_3': []}",C_ENTERS,DOOR,NONE,,WAITING,NONE,S_NONE,SERVICE_COUNTER,NONE,,WAITING,NONE,
132,2,NONE,[],"{'CAMERA_1': [], 'CAMERA_2': [], 'CAMERA_3': []}",C_WALKS_TO_CAMERA,CAMERA_3,NONE,,WAITING,NONE,S_GREETS,CAMERA_3,NONE,can I help you?,FACE_TO_FACE,NONE,
132,3,CAMERA_3,['CAMERA_3'],"{'CAMERA_1': [], 'CAMERA_2': [], 'CAMERA_3': []}",C_LOOKING_FOR_A_CAMERA,CAMERA_3,NONE,I'm looking to buy a new camera how loose affordable,FACE_TO_FACE,NONE,S_INTRODUCES_CAMERA,CAMERA_3,,Let me show you this. Here we have the Fujifilm PowerShot ELPH S2800.,PRESENT_X,CAMERA_3,39~68
132,4,CAMERA_3,['CAMERA_3'],"{'CAMERA_1': [], 'CAMERA_2': [], 'CAMERA_3': ['preset_modes']}",C_QUESTION_ABOUT_FEATURE,CAMERA_3,preset_modes,does it have dog mode,PRESENT_X,CAMERA_3,S_ANSWERS_QUESTION_ABOUT_FEATURE,CAMERA_3,preset_modes,This one has various preset modes.,PRESENT_X,CAMERA_3,13~33
132,5,CAMERA_3,['CAMERA_3'],"{'CAMERA_1': [], 'CAMERA_2': [], 'CAMERA_3': ['preset_modes', 'price']}",C_QUESTION_ABOUT_FEATURE,CAMERA_3,price,ok cool prices,PRESENT_X,CAMERA_3,S_ANSWERS_QUESTION_ABOUT_FEATURE,CAMERA_3,price,This one costs $518.,PRESENT_X,CAMERA_3,15~19
132,6,CAMERA_3,['CAMERA_3'],"{'CAMERA_1': [], 'CAMERA_2': [], 'CAMERA_3': ['preset_modes', 'price', 'resolution']}",C_SILENT_OR_BACKCHANNEL,CAMERA_3,NONE,looks pretty good,PRESENT_X,CAMERA_3,S_INTRODUCES_FEATURE,CAMERA_3,resolution,This one has 23.2 megapixels resolution.,PRESENT_X,CAMERA_3,13~28
132,7,CAMERA_3,['CAMERA_3'],"{'CAMERA_1': [], 'CAMERA_2': [], 'CAMERA_3': ['preset_modes', 'price', 'resolution', 'sensor_size']}",C_SILENT_OR_BACKCHANNEL,CAMERA_3,NONE,okay let me see,PRESENT_X,CAMERA_3,S_INTRODUCES_FEATURE,CAMERA_3,sensor_size,This one has a full frame.,PRESENT_X,CAMERA_3,15~25
132,8,CAMERA_3,['CAMERA_3'],"{'CAMERA_1': [], 'CAMERA_2': [], 'CAMERA_3': ['preset_modes', 'price', 'resolution', 'sensor_size', 'long_exposure']}",C_SILENT_OR_BACKCHANNEL,CAMERA_3,NONE,I get,PRESENT_X,CAMERA_3,S_INTRODUCES_FEATURE,CAMERA_3,long_exposure,This one can take long exposures up to 30 minutes max with bulb mode.,PRESENT_X,CAMERA_3,39~68
132,9,NONE,['CAMERA_3'],"{'CAMERA_1': [], 'CAMERA_2': [], 'CAMERA_3': ['preset_modes', 'price', 'resolution', 'sensor_size', 'long_exposure']}",C_THANK_YOU,CAMERA_3,NONE,okay thank you very much,PRESENT_X,CAMERA_3,S_THANK_YOU,CAMERA_3,NONE,thank you very much.,FACE_TO_FACE,NONE,
132,10,NONE,['CAMERA_3'],"{'CAMERA_1': [], 'CAMERA_2': [], 'CAMERA_3': ['preset_modes', 'price', 'resolution', 'sensor_size', 'long_exposure']}",C_LEAVES,DOOR,NONE,,FACE_TO_FACE,NONE,S_RETURNS_TO_COUNTER,SERVICE_COUNTER,NONE,,WAITING,NONE,
133,1,NONE,[],"{'CAMERA_1': [], 'CAMERA_2': [], 'CAMERA_3': []}",C_ENTERS,DOOR,NONE,,WAITING,NONE,S_NONE,SERVICE_COUNTER,NONE,,WAITING,NONE,
133,2,NONE,[],"{'CAMERA_1': [], 'CAMERA_2': [], 'CAMERA_3': []}",C_GREETS,MIDDLE,NONE,hello,WAITING,NONE,S_GREETS,MIDDLE,NONE,can I help you?,FACE_TO_FACE,NONE,
133,3,CAMERA_3,['CAMERA_3'],"{'CAMERA_1': [], 'CAMERA_2': [], 'CAMERA_3': []}",C_LOOKING_FOR_A_CAMERA,MIDDLE,NONE,hi good afternoon I'm starting college next semester and I'll be taking at school need a camera that has professional pictures,FACE_TO_FACE,NONE,S_INTRODUCES_CAMERA,CAMERA_3,,Let me show you this. Here we have the Fujifilm PowerShot ELPH S2800.,PRESENT_X,CAMERA_3,39~68
133,4,CAMERA_3,['CAMERA_3'],"{'CAMERA_1': [], 'CAMERA_2': [], 'CAMERA_3': ['resolution']}",C_QUESTION_ABOUT_FEATURE,CAMERA_3,resolution,I said he's got the glamour of a touch affect what what does that mean,PRESENT_X,CAMERA_3,S_ANSWERS_QUESTION_ABOUT_FEATURE,CAMERA_3,resolution,This one has 23.2 megapixels resolution.,PRESENT_X,CAMERA_3,13~28
133,5,CAMERA_3,['CAMERA_3'],"{'CAMERA_1': [], 'CAMERA_2': [], 'CAMERA_3': ['resolution', 'settings']}",C_SILENT_OR_BACKCHANNEL,CAMERA_3,NONE,sounds pretty good,PRESENT_X,CAMERA_3,S_INTRODUCES_FEATURE,CAMERA_3,settings,"This one has manual control and various automatic settings (video modeburst shooting, etc.).",PRESENT_X,CAMERA_3,13~91
133,6,CAMERA_3,['CAMERA_3'],"{'CAMERA_1': [], 'CAMERA_2': [], 'CAMERA_3': ['resolution', 'settings', 'weight']}",C_QUESTION_ABOUT_FEATURE,CAMERA_3,weight,may I know the weight of this ,PRESENT_X,CAMERA_3,S_ANSWERS_QUESTION_ABOUT_FEATURE,CAMERA_3,weight,This one weighs 820 grams.,PRESENT_X,CAMERA_3,16~25
133,7,CAMERA_3,['CAMERA_3'],"{'CAMERA_1': [], 'CAMERA_2': [], 'CAMERA_3': ['resolution', 'settings', 'weight', 'long_exposure']}",C_QUESTION_ABOUT_FEATURE,CAMERA_3,long_exposure,for the exposure of this one is it the same as the other one,PRESENT_X,CAMERA_3,S_ANSWERS_QUESTION_ABOUT_FEATURE,CAMERA_3,long_exposure,This one can take long exposures up to 30 minutes max with bulb mode.,PRESENT_X,CAMERA_3,39~68
133,8,NONE,['CAMERA_3'],"{'CAMERA_1': [], 'CAMERA_2': [], 'CAMERA_3': ['resolution', 'settings', 'weight', 'long_exposure']}",C_THANK_YOU,CAMERA_3,NONE,a good thank you very much,PRESENT_X,CAMERA_3,S_THANK_YOU,CAMERA_3,NONE,thank you very much.,FACE_TO_FACE,NONE,
133,9,NONE,['CAMERA_3'],"{'CAMERA_1': [], 'CAMERA_2': [], 'CAMERA_3': ['resolution', 'settings', 'weight', 'long_exposure']}",C_LEAVES,DOOR,NONE,,FACE_TO_FACE,NONE,S_RETURNS_TO_COUNTER,SERVICE_COUNTER,NONE,,WAITING,NONE,
134,1,NONE,[],"{'CAMERA_1': [], 'CAMERA_2': [], 'CAMERA_3': []}",C_ENTERS,DOOR,NONE,,WAITING,NONE,S_NONE,SERVICE_COUNTER,NONE,,WAITING,NONE,
134,2,NONE,[],"{'CAMERA_1': [], 'CAMERA_2': [], 'CAMERA_3': []}",C_WALKS_TO_CAMERA,CAMERA_2,NONE,,WAITING,NONE,S_GREETS,CAMERA_2,NONE,can I help you?,FACE_TO_FACE,NONE,
134,3,CAMERA_3,['CAMERA_3'],"{'CAMERA_1': [], 'CAMERA_2': [], 'CAMERA_3': []}",C_LOOKING_FOR_A_CAMERA,CAMERA_2,NONE,I am looking to buy a body camera end SLR my gracious break so I was wondering if you had anything like that,FACE_TO_FACE,NONE,S_INTRODUCES_CAMERA,CAMERA_3,,Let me show you this. Here we have the Fujifilm PowerShot ELPH S2800.,PRESENT_X,CAMERA_3,39~68
134,4,CAMERA_3,['CAMERA_3'],"{'CAMERA_1': [], 'CAMERA_2': [], 'CAMERA_3': ['price']}",C_QUESTION_ABOUT_FEATURE,CAMERA_3,price,you have any how much is this camera,PRESENT_X,CAMERA_3,S_ANSWERS_QUESTION_ABOUT_FEATURE,CAMERA_3,price,This one costs $518.,PRESENT_X,CAMERA_3,15~19
134,5,CAMERA_3,['CAMERA_3'],"{'CAMERA_1': [], 'CAMERA_2': [], 'CAMERA_3': ['price', 'settings']}",C_SILENT_OR_BACKCHANNEL,CAMERA_3,NONE,so it can be saved on a computer Library,PRESENT_X,CAMERA_3,S_INTRODUCES_FEATURE,CAMERA_3,settings,"This one has manual control and various automatic settings (video modeburst shooting, etc.).",PRESENT_X,CAMERA_3,13~91
134,6,CAMERA_3,['CAMERA_3'],"{'CAMERA_1': [], 'CAMERA_2': [], 'CAMERA_3': ['price', 'settings', 'preset_modes']}",C_QUESTION_ABOUT_FEATURE,CAMERA_3,preset_modes,does it have any preset modes,PRESENT_X,CAMERA_3,S_ANSWERS_QUESTION_ABOUT_FEATURE,CAMERA_3,preset_modes,This one has various preset modes.,PRESENT_X,CAMERA_3,13~33
134,7,CAMERA_3,['CAMERA_3'],"{'CAMERA_1': [], 'CAMERA_2': [], 'CAMERA_3': ['price', 'settings', 'preset_modes', 'color']}",C_QUESTION_ABOUT_FEATURE,CAMERA_3,color,what are the colors do you have,PRESENT_X,CAMERA_3,S_ANSWERS_QUESTION_ABOUT_FEATURE,CAMERA_3,color,"This one comes in purple, white, silver, blue, red, or pink.",PRESENT_X,CAMERA_3,18~59
134,8,CAMERA_3,['CAMERA_3'],"{'CAMERA_1': [], 'CAMERA_2': [], 'CAMERA_3': ['price', 'settings', 'preset_modes', 'color', 'long_exposure']}",C_QUESTION_ABOUT_FEATURE,CAMERA_3,long_exposure,what about the exposure what can it handle,PRESENT_X,CAMERA_3,S_ANSWERS_QUESTION_ABOUT_FEATURE,CAMERA_3,long_exposure,This one can take long exposures up to 30 minutes max with bulb mode.,PRESENT_X,CAMERA_3,39~68
134,9,CAMERA_3,['CAMERA_3'],"{'CAMERA_1': [], 'CAMERA_2': [], 'CAMERA_3': ['price', 'settings', 'preset_modes', 'color', 'long_exposure', 'autofocus_points']}",C_QUESTION_ABOUT_FEATURE,CAMERA_3,autofocus_points,is it equipped with autofocus,PRESENT_X,CAMERA_3,S_ANSWERS_QUESTION_ABOUT_FEATURE,CAMERA_3,autofocus_points,This one has 214 autofocus points.,PRESENT_X,CAMERA_3,13~33
134,10,CAMERA_2,"['CAMERA_3', 'CAMERA_2']","{'CAMERA_1': [], 'CAMERA_2': [], 'CAMERA_3': ['price', 'settings', 'preset_modes', 'color', 'long_exposure', 'autofocus_points']}",C_ANYTHING_ELSE_AVAILABLE,CAMERA_3,NONE,oh I see that's very interesting do you have any other cameras that you can recommend me,PRESENT_X,CAMERA_3,S_INTRODUCES_CAMERA,CAMERA_2,,Let me show you this. Here we have the Fujifilm Lumix ILC Camera.,PRESENT_X,CAMERA_2,39~64
134,11,CAMERA_2,"['CAMERA_3', 'CAMERA_2']","{'CAMERA_1': [], 'CAMERA_2': ['optical_zoom'], 'CAMERA_3': ['price', 'settings', 'preset_modes', 'color', 'long_exposure', 'autofocus_points']}",C_QUESTION_ABOUT_FEATURE,CAMERA_2,optical_zoom,does it have optical zoom,PRESENT_X,CAMERA_2,S_ANSWERS_QUESTION_ABOUT_FEATURE,CAMERA_2,optical_zoom,This one has 21x optical zoom.,PRESENT_X,CAMERA_2,13~29
134,12,CAMERA_2,"['CAMERA_3', 'CAMERA_2']","{'CAMERA_1': [], 'CAMERA_2': ['optical_zoom', 'price'], 'CAMERA_3': ['price', 'settings', 'preset_modes', 'color', 'long_exposure', 'autofocus_points']}",C_SILENT_OR_BACKCHANNEL,CAMERA_2,NONE,alright so I say,PRESENT_X,CAMERA_2,S_INTRODUCES_FEATURE,CAMERA_2,price,This one costs $768.,PRESENT_X,CAMERA_2,15~19
134,13,CAMERA_2,"['CAMERA_3', 'CAMERA_2']","{'CAMERA_1': [], 'CAMERA_2': ['optical_zoom', 'price', 'preset_modes'], 'CAMERA_3': ['price', 'settings', 'preset_modes', 'color', 'long_exposure', 'autofocus_points']}",C_QUESTION_ABOUT_FEATURE,CAMERA_2,preset_modes,does it have like candle mode,PRESENT_X,CAMERA_2,S_NOT_SURE,CAMERA_2,,I'm not really sure about that.,PRESENT_X,CAMERA_2,
134,14,CAMERA_2,"['CAMERA_3', 'CAMERA_2']","{'CAMERA_1': [], 'CAMERA_2': ['optical_zoom', 'price', 'preset_modes', 'ISO'], 'CAMERA_3': ['price', 'settings', 'preset_modes', 'color', 'long_exposure', 'autofocus_points']}",C_QUESTION_ABOUT_FEATURE,CAMERA_2,ISO,how is iso performance of this camera,PRESENT_X,CAMERA_2,S_NOT_SURE,CAMERA_2,,I'm not really sure about that.,PRESENT_X,CAMERA_2,
134,15,CAMERA_2,"['CAMERA_3', 'CAMERA_2']","{'CAMERA_1': [], 'CAMERA_2': ['optical_zoom', 'price', 'preset_modes', 'ISO', 'effects'], 'CAMERA_3': ['price', 'settings', 'preset_modes', 'color', 'long_exposure', 'autofocus_points']}",C_QUESTION_ABOUT_FEATURE,CAMERA_2,effects,can you explain the artistic effects modes available with this one,PRESENT_X,CAMERA_2,S_ANSWERS_QUESTION_ABOUT_FEATURE,CAMERA_2,effects,"This one has 24 artistic effect modes (retro, lighter or darker skin tones, sepia, etc.).",PRESENT_X,CAMERA_2,13~88
134,16,CAMERA_2,"['CAMERA_3', 'CAMERA_2']","{'CAMERA_1': [], 'CAMERA_2': ['optical_zoom', 'price', 'preset_modes', 'ISO', 'effects', 'autofocus_points'], 'CAMERA_3': ['price', 'settings', 'preset_modes', 'color', 'long_exposure', 'autofocus_points']}",C_QUESTION_ABOUT_FEATURE,CAMERA_2,autofocus_points,How many autofocus points does this Canon camera have,PRESENT_X,CAMERA_2,S_NOT_SURE,CAMERA_2,,I'm not really sure about that.,PRESENT_X,CAMERA_2,
134,17,CAMERA_2,"['CAMERA_3', 'CAMERA_2']","{'CAMERA_1': [], 'CAMERA_2': ['optical_zoom', 'price', 'preset_modes', 'ISO', 'effects', 'autofocus_points', 'long_exposure'], 'CAMERA_3': ['price', 'settings', 'preset_modes', 'color', 'long_exposure', 'autofocus_points']}",C_QUESTION_ABOUT_FEATURE,CAMERA_2,long_exposure,There is time when I need to open the shutter for longer than 30 seconds is it possible with this camera,PRESENT_X,CAMERA_2,S_ANSWERS_QUESTION_ABOUT_FEATURE,CAMERA_2,long_exposure,This one can take long exposures up to 60 minutes max with bulb mode.,PRESENT_X,CAMERA_2,39~68
134,18,CAMERA_2,"['CAMERA_3', 'CAMERA_2']","{'CAMERA_1': [], 'CAMERA_2': ['optical_zoom', 'price', 'preset_modes', 'ISO', 'effects', 'autofocus_points', 'long_exposure', 'sensor_size'], 'CAMERA_3': ['price', 'settings', 'preset_modes', 'color', 'long_exposure', 'autofocus_points']}",C_QUESTION_ABOUT_FEATURE,CAMERA_2,sensor_size,and what about the sense of sight,PRESENT_X,CAMERA_2,S_ANSWERS_QUESTION_ABOUT_FEATURE,CAMERA_2,sensor_size,This one has a 1/2.33 inch sensor.,PRESENT_X,CAMERA_2,15~33
134,19,NONE,"['CAMERA_3', 'CAMERA_2']","{'CAMERA_1': [], 'CAMERA_2': ['optical_zoom', 'price', 'preset_modes', 'ISO', 'effects', 'autofocus_points', 'long_exposure', 'sensor_size'], 'CAMERA_3': ['price', 'settings', 'preset_modes', 'color', 'long_exposure', 'autofocus_points']}",C_THANK_YOU,CAMERA_2,NONE,thank you so much,PRESENT_X,CAMERA_2,S_THANK_YOU,CAMERA_2,NONE,thank you very much.,FACE_TO_FACE,NONE,
134,20,NONE,"['CAMERA_3', 'CAMERA_2']","{'CAMERA_1': [], 'CAMERA_2': ['optical_zoom', 'price', 'preset_modes', 'ISO', 'effects', 'autofocus_points', 'long_exposure', 'sensor_size'], 'CAMERA_3': ['price', 'settings', 'preset_modes', 'color', 'long_exposure', 'autofocus_points']}",C_LEAVES,DOOR,NONE,,FACE_TO_FACE,NONE,S_RETURNS_TO_COUNTER,SERVICE_COUNTER,NONE,,WAITING,NONE,
135,1,NONE,[],"{'CAMERA_1': [], 'CAMERA_2': [], 'CAMERA_3': []}",C_ENTERS,DOOR,NONE,,WAITING,NONE,S_NONE,SERVICE_COUNTER,NONE,,WAITING,NONE,
135,2,NONE,[],"{'CAMERA_1': [], 'CAMERA_2': [], 'CAMERA_3': []}",C_GREETS,MIDDLE,NONE,excuse me,WAITING,NONE,S_GREETS,MIDDLE,NONE,can I help you?,FACE_TO_FACE,NONE,
135,3,CAMERA_2,['CAMERA_2'],"{'CAMERA_1': [], 'CAMERA_2': [], 'CAMERA_3': []}",C_LOOKING_FOR_A_CAMERA,MIDDLE,NONE,the room I'm looking for a new camera that has a professional photographer,FACE_TO_FACE,NONE,S_INTRODUCES_CAMERA,CAMERA_2,,Let me show you this. Here we have the Fujifilm Lumix ILC Camera.,PRESENT_X,CAMERA_2,39~64
135,4,CAMERA_2,['CAMERA_2'],"{'CAMERA_1': [], 'CAMERA_2': ['sensor_size'], 'CAMERA_3': []}",C_SILENT_OR_BACKCHANNEL,CAMERA_2,NONE,IC,PRESENT_X,CAMERA_2,S_INTRODUCES_FEATURE,CAMERA_2,sensor_size,This one has a 1/2.33 inch sensor.,PRESENT_X,CAMERA_2,15~33
135,5,CAMERA_2,['CAMERA_2'],"{'CAMERA_1': [], 'CAMERA_2': ['sensor_size', 'color'], 'CAMERA_3': []}",C_SILENT_OR_BACKCHANNEL,CAMERA_2,NONE,IC,PRESENT_X,CAMERA_2,S_INTRODUCES_FEATURE,CAMERA_2,color,This one comes in white or pink.,PRESENT_X,CAMERA_2,18~31
135,6,CAMERA_2,['CAMERA_2'],"{'CAMERA_1': [], 'CAMERA_2': ['sensor_size', 'color', 'long_exposure'], 'CAMERA_3': []}",C_SILENT_OR_BACKCHANNEL,CAMERA_2,NONE,I see AA ok,PRESENT_X,CAMERA_2,S_INTRODUCES_FEATURE,CAMERA_2,long_exposure,This one can take long exposures up to 60 minutes max with bulb mode.,PRESENT_X,CAMERA_2,39~68
135,7,CAMERA_2,['CAMERA_2'],"{'CAMERA_1': [], 'CAMERA_2': ['sensor_size', 'color', 'long_exposure', 'effects'], 'CAMERA_3': []}",C_SILENT_OR_BACKCHANNEL,CAMERA_2,NONE,how it looks really good,PRESENT_X,CAMERA_2,S_INTRODUCES_FEATURE,CAMERA_2,effects,"This one has 24 artistic effect modes (retro, lighter or darker skin tones, sepia, etc.).",PRESENT_X,CAMERA_2,13~88
135,8,CAMERA_2,['CAMERA_2'],"{'CAMERA_1': [], 'CAMERA_2': ['sensor_size', 'color', 'long_exposure', 'effects', 'autofocus_points'], 'CAMERA_3': []}",C_QUESTION_ABOUT_FEATURE,CAMERA_2,autofocus_points,how many autofocus points does it have,PRESENT_X,CAMERA_2,S_NOT_SURE,CAMERA_2,,I'm not really sure about that.,PRESENT_X,CAMERA_2,
135,9,NONE,['CAMERA_2'],"{'CAMERA_1': [], 'CAMERA_2': ['sensor_size', 'color', 'long_exposure', 'effects', 'autofocus_points'], 'CAMERA_3': []}",C_THANK_YOU,CAMERA_2,NONE,no thank you for your help thank you have a good day,PRESENT_X,CAMERA_2,S_THANK_YOU,CAMERA_2,NONE,thank you very much.,FACE_TO_FACE,NONE,
135,10,NONE,['CAMERA_2'],"{'CAMERA_1': [], 'CAMERA_2': ['sensor_size', 'color', 'long_exposure', 'effects', 'autofocus_points'], 'CAMERA_3': []}",C_LEAVES,DOOR,NONE,,FACE_TO_FACE,NONE,S_RETURNS_TO_COUNTER,SERVICE_COUNTER,NONE,,WAITING,NONE,
136,1,NONE,[],"{'CAMERA_1': [], 'CAMERA_2': [], 'CAMERA_3': []}",C_ENTERS,DOOR,NONE,,WAITING,NONE,S_NONE,SERVICE_COUNTER,NONE,,WAITING,NONE,
136,2,NONE,[],"{'CAMERA_1': [], 'CAMERA_2': [], 'CAMERA_3': []}",C_WALKS_TO_CAMERA,CAMERA_1,NONE,,WAITING,NONE,S_GREETS,CAMERA_1,NONE,can I help you?,FACE_TO_FACE,NONE,
136,3,CAMERA_2,['CAMERA_2'],"{'CAMERA_1': [], 'CAMERA_2': [], 'CAMERA_3': []}",C_LOOKING_FOR_A_CAMERA,CAMERA_1,NONE,online business so I'm just trying to get it started,FACE_TO_FACE,NONE,S_INTRODUCES_CAMERA,CAMERA_2,,Let me show you this. Here we have the Fujifilm Lumix ILC Camera.,PRESENT_X,CAMERA_2,39~64
136,4,CAMERA_2,['CAMERA_2'],"{'CAMERA_1': [], 'CAMERA_2': ['autofocus_points'], 'CAMERA_3': []}",C_QUESTION_ABOUT_FEATURE,CAMERA_2,autofocus_points,how about how many auto focus points does this have,PRESENT_X,CAMERA_2,S_NOT_SURE,CAMERA_2,,I'm not really sure about that.,PRESENT_X,CAMERA_2,
136,5,NONE,['CAMERA_2'],"{'CAMERA_1': [], 'CAMERA_2': ['autofocus_points'], 'CAMERA_3': []}",C_THANK_YOU,CAMERA_2,NONE,thank you very much hun I see you then tomorrow,PRESENT_X,CAMERA_2,S_THANK_YOU,CAMERA_2,NONE,thank you very much.,FACE_TO_FACE,NONE,
136,6,NONE,['CAMERA_2'],"{'CAMERA_1': [], 'CAMERA_2': ['autofocus_points'], 'CAMERA_3': []}",C_LEAVES,DOOR,NONE,,FACE_TO_FACE,NONE,S_RETURNS_TO_COUNTER,SERVICE_COUNTER,NONE,,WAITING,NONE,
137,1,NONE,[],"{'CAMERA_1': [], 'CAMERA_2': [], 'CAMERA_3': []}",C_ENTERS,DOOR,NONE,,WAITING,NONE,S_NONE,SERVICE_COUNTER,NONE,,WAITING,NONE,
137,2,NONE,[],"{'CAMERA_1': [], 'CAMERA_2': [], 'CAMERA_3': []}",C_GREETS,MIDDLE,NONE,excuse me,WAITING,NONE,S_GREETS,MIDDLE,NONE,can I help you?,FACE_TO_FACE,NONE,
137,3,CAMERA_3,['CAMERA_3'],"{'CAMERA_1': [], 'CAMERA_2': [], 'CAMERA_3': []}",C_LOOKING_FOR_A_CAMERA,MIDDLE,NONE,yeah actually I did but I am looking for a better one,FACE_TO_FACE,NONE,S_INTRODUCES_CAMERA,CAMERA_3,,Let me show you this. Here we have the Fujifilm PowerShot ELPH S2800.,PRESENT_X,CAMERA_3,39~68
137,4,CAMERA_3,['CAMERA_3'],"{'CAMERA_1': [], 'CAMERA_2': [], 'CAMERA_3': ['effects']}",C_QUESTION_ABOUT_FEATURE,CAMERA_3,effects,what kind of effects does it have,PRESENT_X,CAMERA_3,S_ANSWERS_QUESTION_ABOUT_FEATURE,CAMERA_3,effects,"This one has 21 photo effects (small face, retro, big eyes, etc.).",PRESENT_X,CAMERA_3,13~65
137,5,NONE,['CAMERA_3'],"{'CAMERA_1': [], 'CAMERA_2': [], 'CAMERA_3': ['effects']}",C_THANK_YOU,CAMERA_3,NONE,thank you,PRESENT_X,CAMERA_3,S_THANK_YOU,CAMERA_3,NONE,thank you very much.,FACE_TO_FACE,NONE,
137,6,NONE,['CAMERA_3'],"{'CAMERA_1': [], 'CAMERA_2': [], 'CAMERA_3': ['effects']}",C_LEAVES,DOOR,NONE,,FACE_TO_FACE,NONE,S_RETURNS_TO_COUNTER,SERVICE_COUNTER,NONE,,WAITING,NONE,
138,1,NONE,[],"{'CAMERA_1': [], 'CAMERA_2': [], 'CAMERA_3': []}",C_ENTERS,DOOR,NONE,,WAITING,NONE,S_NONE,SERVICE_COUNTER,NONE,,WAITING,NONE,
138,2,NONE,[],"{'CAMERA_1': [], 'CAMERA_2': [], 'CAMERA_3': []}",C_WALKS_TO_CAMERA,CAMERA_3,NONE,,WAITING,NONE,S_GREETS,CAMERA_3,NONE,can I help you?,FACE_TO_FACE,NONE,
138,3,CAMERA_3,['CAMERA_3'],"{'CAMERA_1': [], 'CAMERA_2': [], 'CAMERA_3': []}",C_LOOKING_FOR_A_CAMERA,CAMERA_3,NONE,I'm looking for a camera for traveling so this seems to be good because of Light how much does it weigh,FACE_TO_FACE,NONE,S_INTRODUCES_CAMERA,CAMERA_3,,Let me show you this. Here we have the Fujifilm PowerShot ELPH S2800.,PRESENT_X,CAMERA_3,39~68
138,4,CAMERA_3,['CAMERA_3'],"{'CAMERA_1': [], 'CAMERA_2': [], 'CAMERA_3': ['sensor_size']}",C_SILENT_OR_BACKCHANNEL,CAMERA_3,NONE,I see so this is very nice accusing,PRESENT_X,CAMERA_3,S_INTRODUCES_FEATURE,CAMERA_3,sensor_size,This one has a full frame.,PRESENT_X,CAMERA_3,15~25
138,5,CAMERA_2,"['CAMERA_3', 'CAMERA_2']","{'CAMERA_1': [], 'CAMERA_2': [], 'CAMERA_3': ['sensor_size']}",C_ANYTHING_ELSE_AVAILABLE,CAMERA_3,NONE,do you have any other cameras that are in this kind,PRESENT_X,CAMERA_3,S_INTRODUCES_CAMERA,CAMERA_2,,Let me show you this. Here we have the Fujifilm Lumix ILC Camera.,PRESENT_X,CAMERA_2,39~64
138,6,CAMERA_2,"['CAMERA_3', 'CAMERA_2']","{'CAMERA_1': [], 'CAMERA_2': ['settings'], 'CAMERA_3': ['sensor_size']}",C_SILENT_OR_BACKCHANNEL,CAMERA_2,NONE,wow that's pretty impressive,PRESENT_X,CAMERA_2,S_INTRODUCES_FEATURE,CAMERA_2,settings,"This one has manual control and various automatic settings (video modeburst shooting, etc.).",PRESENT_X,CAMERA_2,13~91
138,7,CAMERA_2,"['CAMERA_3', 'CAMERA_2']","{'CAMERA_1': [], 'CAMERA_2': ['settings', 'camera_type'], 'CAMERA_3': ['sensor_size']}",C_SILENT_OR_BACKCHANNEL,CAMERA_2,NONE,great and finally what is the price,PRESENT_X,CAMERA_2,S_INTRODUCES_FEATURE,CAMERA_2,camera_type,This is a digital single lens mirrorless camera.,PRESENT_X,CAMERA_2,10~40
138,8,NONE,"['CAMERA_3', 'CAMERA_2']","{'CAMERA_1': [], 'CAMERA_2': ['settings', 'camera_type'], 'CAMERA_3': ['sensor_size']}",C_THANK_YOU,CAMERA_2,NONE,thank you,PRESENT_X,CAMERA_2,S_THANK_YOU,CAMERA_2,NONE,thank you very much.,FACE_TO_FACE,NONE,
138,9,NONE,"['CAMERA_3', 'CAMERA_2']","{'CAMERA_1': [], 'CAMERA_2': ['settings', 'camera_type'], 'CAMERA_3': ['sensor_size']}",C_LEAVES,DOOR,NONE,,FACE_TO_FACE,NONE,S_RETURNS_TO_COUNTER,SERVICE_COUNTER,NONE,,WAITING,NONE,
139,1,NONE,[],"{'CAMERA_1': [], 'CAMERA_2': [], 'CAMERA_3': []}",C_ENTERS,DOOR,NONE,,WAITING,NONE,S_NONE,SERVICE_COUNTER,NONE,,WAITING,NONE,
139,2,NONE,[],"{'CAMERA_1': [], 'CAMERA_2': [], 'CAMERA_3': []}",C_GREETS,MIDDLE,NONE,excuse me,WAITING,NONE,S_GREETS,MIDDLE,NONE,can I help you?,FACE_TO_FACE,NONE,
139,3,CAMERA_3,['CAMERA_3'],"{'CAMERA_1': [], 'CAMERA_2': [], 'CAMERA_3': []}",C_LOOKING_FOR_A_CAMERA,MIDDLE,NONE,I'm looking for a camera with very specific pictures,FACE_TO_FACE,NONE,S_INTRODUCES_CAMERA,CAMERA_3,,Let me show you this. Here we have the Fujifilm PowerShot ELPH S2800.,PRESENT_X,CAMERA_3,39~68
139,4,CAMERA_3,['CAMERA_3'],"{'CAMERA_1': [], 'CAMERA_2': [], 'CAMERA_3': ['preset_modes']}",C_QUESTION_ABOUT_FEATURE,CAMERA_3,preset_modes,does this camera support for preset mode,PRESENT_X,CAMERA_3,S_ANSWERS_QUESTION_ABOUT_FEATURE,CAMERA_3,preset_modes,This one has various preset modes.,PRESENT_X,CAMERA_3,13~33
139,5,CAMERA_3,['CAMERA_3'],"{'CAMERA_1': [], 'CAMERA_2': [], 'CAMERA_3': ['preset_modes', 'camera_type']}",C_QUESTION_ABOUT_FEATURE,CAMERA_3,camera_type,what kind of camera is this,PRESENT_X,CAMERA_3,S_ANSWERS_QUESTION_ABOUT_FEATURE,CAMERA_3,camera_type,This is a point and shoot camera.,PRESENT_X,CAMERA_3,10~25
139,6,CAMERA_3,['CAMERA_3'],"{'CAMERA_1': [], 'CAMERA_2': [], 'CAMERA_3': ['preset_modes', 'camera_type', 'settings']}",C_QUESTION_ABOUT_FEATURE,CAMERA_3,settings,EOS 5d ALK and how many manual settings does it come in,PRESENT_X,CAMERA_3,S_ANSWERS_QUESTION_ABOUT_FEATURE,CAMERA_3,settings,"This one has manual control and various automatic settings (video modeburst shooting, etc.).",PRESENT_X,CAMERA_3,13~91
139,7,CAMERA_3,['CAMERA_3'],"{'CAMERA_1': [], 'CAMERA_2': [], 'CAMERA_3': ['preset_modes', 'camera_type', 'settings', 'autofocus_points']}",C_SILENT_OR_BACKCHANNEL,CAMERA_3,NONE,you too seems not too bad though,PRESENT_X,CAMERA_3,S_INTRODUCES_FEATURE,CAMERA_3,autofocus_points,This one has 214 autofocus points.,PRESENT_X,CAMERA_3,13~33
139,8,CAMERA_1,"['CAMERA_3', 'CAMERA_1']","{'CAMERA_1': [], 'CAMERA_2': [], 'CAMERA_3': ['preset_modes', 'camera_type', 'settings', 'autofocus_points']}",C_ANYTHING_ELSE_AVAILABLE,CAMERA_3,NONE,ok do you have any other cameras,PRESENT_X,CAMERA_3,S_INTRODUCES_CAMERA,CAMERA_1,,Let me show you this. Here we have the Sony PowerShot ELPH DMC-ZS3.,PRESENT_X,CAMERA_1,39~66
139,9,CAMERA_1,"['CAMERA_3', 'CAMERA_1']","{'CAMERA_1': ['resolution'], 'CAMERA_2': [], 'CAMERA_3': ['preset_modes', 'camera_type', 'settings', 'autofocus_points']}",C_QUESTION_ABOUT_FEATURE,CAMERA_1,resolution,um how about the megapixels for the camera,PRESENT_X,CAMERA_1,S_ANSWERS_QUESTION_ABOUT_FEATURE,CAMERA_1,resolution,This one has 17.8 megapixels resolution.,PRESENT_X,CAMERA_1,13~28
139,10,CAMERA_1,"['CAMERA_3', 'CAMERA_1']","{'CAMERA_1': ['resolution', 'camera_type'], 'CAMERA_2': [], 'CAMERA_3': ['preset_modes', 'camera_type', 'settings', 'autofocus_points']}",C_QUESTION_ABOUT_FEATURE,CAMERA_1,camera_type,is this a DSLR camera,PRESENT_X,CAMERA_1,S_ANSWERS_QUESTION_ABOUT_FEATURE,CAMERA_1,camera_type,This is a DSLR camera.,PRESENT_X,CAMERA_1,10~14
139,11,CAMERA_1,"['CAMERA_3', 'CAMERA_1']","{'CAMERA_1': ['resolution', 'camera_type', 'autofocus_points'], 'CAMERA_2': [], 'CAMERA_3': ['preset_modes', 'camera_type', 'settings', 'autofocus_points']}",C_QUESTION_ABOUT_FEATURE,CAMERA_1,autofocus_points,what about the other two focus points of this camera,PRESENT_X,CAMERA_1,S_ANSWERS_QUESTION_ABOUT_FEATURE,CAMERA_1,autofocus_points,This one has 135 autofocus points.,PRESENT_X,CAMERA_1,13~33
139,12,CAMERA_1,"['CAMERA_3', 'CAMERA_1']","{'CAMERA_1': ['resolution', 'camera_type', 'autofocus_points', 'settings'], 'CAMERA_2': [], 'CAMERA_3': ['preset_modes', 'camera_type', 'settings', 'autofocus_points']}",C_QUESTION_ABOUT_FEATURE,CAMERA_1,settings,what about the manual settings it seems is quite taken to put everything in manual mode and I am used to this kind of coming,PRESENT_X,CAMERA_1,S_ANSWERS_QUESTION_ABOUT_FEATURE,CAMERA_1,settings,This one has limited manual settings.,PRESENT_X,CAMERA_1,13~36
139,13,CAMERA_1,"['CAMERA_3', 'CAMERA_1']","{'CAMERA_1': ['resolution', 'camera_type', 'autofocus_points', 'settings', 'effects'], 'CAMERA_2': [], 'CAMERA_3': ['preset_modes', 'camera_type', 'settings', 'autofocus_points']}",C_QUESTION_ABOUT_FEATURE,CAMERA_1,effects,what's an example of one of the effects,PRESENT_X,CAMERA_1,S_ANSWERS_QUESTION_ABOUT_FEATURE,CAMERA_1,effects,"This one has 24 glamor retouch effects (miniature, retro, toy camera, etc.).",PRESENT_X,CAMERA_1,13~75
139,14,CAMERA_1,"['CAMERA_3', 'CAMERA_1']","{'CAMERA_1': ['resolution', 'camera_type', 'autofocus_points', 'settings', 'effects', 'long_exposure'], 'CAMERA_2': [], 'CAMERA_3': ['preset_modes', 'camera_type', 'settings', 'autofocus_points']}",C_QUESTION_ABOUT_FEATURE,CAMERA_1,long_exposure,and what's the long exposure on this,PRESENT_X,CAMERA_1,S_ANSWERS_QUESTION_ABOUT_FEATURE,CAMERA_1,long_exposure,This one can take long exposures up to up to 15 seconds with Long Shutter Mode.,PRESENT_X,CAMERA_1,39~78
139,15,CAMERA_1,"['CAMERA_3', 'CAMERA_1']","{'CAMERA_1': ['resolution', 'camera_type', 'autofocus_points', 'settings', 'effects', 'long_exposure', 'price'], 'CAMERA_2': [], 'CAMERA_3': ['preset_modes', 'camera_type', 'settings', 'autofocus_points']}",C_SILENT_OR_BACKCHANNEL,CAMERA_1,NONE,that's nice how much is it,PRESENT_X,CAMERA_1,S_INTRODUCES_FEATURE,CAMERA_1,price,This one costs $450.,PRESENT_X,CAMERA_1,15~19
139,16,CAMERA_1,"['CAMERA_3', 'CAMERA_1']","{'CAMERA_1': ['resolution', 'camera_type', 'autofocus_points', 'settings', 'effects', 'long_exposure', 'price', 'ISO'], 'CAMERA_2': [], 'CAMERA_3': ['preset_modes', 'camera_type', 'settings', 'autofocus_points']}",C_QUESTION_ABOUT_FEATURE,CAMERA_1,ISO,how high is the ISO,PRESENT_X,CAMERA_1,S_ANSWERS_QUESTION_ABOUT_FEATURE,CAMERA_1,ISO,This one has up to 51200 ISO.,PRESENT_X,CAMERA_1,13~28
139,17,CAMERA_1,"['CAMERA_3', 'CAMERA_1']","{'CAMERA_1': ['resolution', 'camera_type', 'autofocus_points', 'settings', 'effects', 'long_exposure', 'price', 'ISO', 'preset_modes'], 'CAMERA_2': [], 'CAMERA_3': ['preset_modes', 'camera_type', 'settings', 'autofocus_points']}",C_QUESTION_ABOUT_FEATURE,CAMERA_1,preset_modes,does it have like candle mode,PRESENT_X,CAMERA_1,S_NOT_SURE,CAMERA_1,,I'm not really sure about that.,PRESENT_X,CAMERA_1,
139,18,CAMERA_1,"['CAMERA_3', 'CAMERA_1']","{'CAMERA_1': ['resolution', 'camera_type', 'autofocus_points', 'settings', 'effects', 'long_exposure', 'price', 'ISO', 'preset_modes', 'weight'], 'CAMERA_2': [], 'CAMERA_3': ['preset_modes', 'camera_type', 'settings', 'autofocus_points']}",C_QUESTION_ABOUT_FEATURE,CAMERA_1,weight,oh yeah it's a bit heavy how much does it weight,PRESENT_X,CAMERA_1,S_ANSWERS_QUESTION_ABOUT_FEATURE,CAMERA_1,weight,This one weighs 800 grams.,PRESENT_X,CAMERA_1,16~25
139,19,CAMERA_1,"['CAMERA_3', 'CAMERA_1']","{'CAMERA_1': ['resolution', 'camera_type', 'autofocus_points', 'settings', 'effects', 'long_exposure', 'price', 'ISO', 'preset_modes', 'weight', 'color'], 'CAMERA_2': [], 'CAMERA_3': ['preset_modes', 'camera_type', 'settings', 'autofocus_points']}",C_QUESTION_ABOUT_FEATURE,CAMERA_1,color,pandas are there any other color swallow this,PRESENT_X,CAMERA_1,S_ANSWERS_QUESTION_ABOUT_FEATURE,CAMERA_1,color,This one comes in blue or black.,PRESENT_X,CAMERA_1,18~31
139,20,CAMERA_2,"['CAMERA_3', 'CAMERA_1', 'CAMERA_2']","{'CAMERA_1': ['resolution', 'camera_type', 'autofocus_points', 'settings', 'effects', 'long_exposure', 'price', 'ISO', 'preset_modes', 'weight', 'color'], 'CAMERA_2': [], 'CAMERA_3': ['preset_modes', 'camera_type', 'settings', 'autofocus_points']}",C_ANYTHING_ELSE_AVAILABLE,CAMERA_1,NONE,ok do you have any other cameras,PRESENT_X,CAMERA_1,S_INTRODUCES_CAMERA,CAMERA_2,,Let me show you this. Here we have the Fujifilm Lumix ILC Camera.,PRESENT_X,CAMERA_2,39~64
139,21,CAMERA_2,"['CAMERA_3', 'CAMERA_1', 'CAMERA_2']","{'CAMERA_1': ['resolution', 'camera_type', 'autofocus_points', 'settings', 'effects', 'long_exposure', 'price', 'ISO', 'preset_modes', 'weight', 'color'], 'CAMERA_2': ['preset_modes'], 'CAMERA_3': ['preset_modes', 'camera_type', 'settings', 'autofocus_points']}",C_QUESTION_ABOUT_FEATURE,CAMERA_2,preset_modes,what's bulb mode,PRESENT_X,CAMERA_2,S_NOT_SURE,CAMERA_2,,I'm not really sure about that.,PRESENT_X,CAMERA_2,
139,22,CAMERA_2,"['CAMERA_3', 'CAMERA_1', 'CAMERA_2']","{'CAMERA_1': ['resolution', 'camera_type', 'autofocus_points', 'settings', 'effects', 'long_exposure', 'price', 'ISO', 'preset_modes', 'weight', 'color'], 'CAMERA_2': ['preset_modes', 'autofocus_points'], 'CAMERA_3': ['preset_modes', 'camera_type', 'settings', 'autofocus_points']}",C_QUESTION_ABOUT_FEATURE,CAMERA_2,autofocus_points,what is the auto focus points for this camera,PRESENT_X,CAMERA_2,S_NOT_SURE,CAMERA_2,,I'm not really sure about that.,PRESENT_X,CAMERA_2,
139,23,CAMERA_2,"['CAMERA_3', 'CAMERA_1', 'CAMERA_2']","{'CAMERA_1': ['resolution', 'camera_type', 'autofocus_points', 'settings', 'effects', 'long_exposure', 'price', 'ISO', 'preset_modes', 'weight', 'color'], 'CAMERA_2': ['preset_modes', 'autofocus_points', 'weight'], 'CAMERA_3': ['preset_modes', 'camera_type', 'settings', 'autofocus_points']}",C_QUESTION_ABOUT_FEATURE,CAMERA_2,weight,what is the weight of this,PRESENT_X,CAMERA_2,S_ANSWERS_QUESTION_ABOUT_FEATURE,CAMERA_2,weight,This one weighs 820 grams.,PRESENT_X,CAMERA_2,16~25
139,24,CAMERA_2,"['CAMERA_3', 'CAMERA_1', 'CAMERA_2']","{'CAMERA_1': ['resolution', 'camera_type', 'autofocus_points', 'settings', 'effects', 'long_exposure', 'price', 'ISO', 'preset_modes', 'weight', 'color'], 'CAMERA_2': ['preset_modes', 'autofocus_points', 'weight', 'settings'], 'CAMERA_3': ['preset_modes', 'camera_type', 'settings', 'autofocus_points']}",C_QUESTION_ABOUT_FEATURE,CAMERA_2,settings,is this full manual,PRESENT_X,CAMERA_2,S_ANSWERS_QUESTION_ABOUT_FEATURE,CAMERA_2,settings,"This one has manual control and various automatic settings (video modeburst shooting, etc.).",PRESENT_X,CAMERA_2,13~91
139,25,CAMERA_2,"['CAMERA_3', 'CAMERA_1', 'CAMERA_2']","{'CAMERA_1': ['resolution', 'camera_type', 'autofocus_points', 'settings', 'effects', 'long_exposure', 'price', 'ISO', 'preset_modes', 'weight', 'color'], 'CAMERA_2': ['preset_modes', 'autofocus_points', 'weight', 'settings', 'camera_type'], 'CAMERA_3': ['preset_modes', 'camera_type', 'settings', 'autofocus_points']}",C_QUESTION_ABOUT_FEATURE,CAMERA_2,camera_type,is this a point and shoot camera,PRESENT_X,CAMERA_2,S_ANSWERS_QUESTION_ABOUT_FEATURE,CAMERA_2,camera_type,This is a digital single lens mirrorless camera.,PRESENT_X,CAMERA_2,10~40
139,26,CAMERA_2,"['CAMERA_3', 'CAMERA_1', 'CAMERA_2']","{'CAMERA_1': ['resolution', 'camera_type', 'autofocus_points', 'settings', 'effects', 'long_exposure', 'price', 'ISO', 'preset_modes', 'weight', 'color'], 'CAMERA_2': ['preset_modes', 'autofocus_points', 'weight', 'settings', 'camera_type', 'resolution'], 'CAMERA_3': ['preset_modes', 'camera_type', 'settings', 'autofocus_points']}",C_QUESTION_ABOUT_FEATURE,CAMERA_2,resolution,Honda how many mega pixels on the screen,PRESENT_X,CAMERA_2,S_ANSWERS_QUESTION_ABOUT_FEATURE,CAMERA_2,resolution,This one has 23.8 megapixels resolution.,PRESENT_X,CAMERA_2,13~28
139,27,CAMERA_2,"['CAMERA_3', 'CAMERA_1', 'CAMERA_2']","{'CAMERA_1': ['resolution', 'camera_type', 'autofocus_points', 'settings', 'effects', 'long_exposure', 'price', 'ISO', 'preset_modes', 'weight', 'color'], 'CAMERA_2': ['preset_modes', 'autofocus_points', 'weight', 'settings', 'camera_type', 'resolution', 'long_exposure'], 'CAMERA_3': ['preset_modes', 'camera_type', 'settings', 'autofocus_points']}",C_QUESTION_ABOUT_FEATURE,CAMERA_2,long_exposure,is the exposure over 20 seconds,PRESENT_X,CAMERA_2,S_ANSWERS_QUESTION_ABOUT_FEATURE,CAMERA_2,long_exposure,This one can take long exposures up to 60 minutes max with bulb mode.,PRESENT_X,CAMERA_2,39~68
139,28,CAMERA_2,"['CAMERA_3', 'CAMERA_1', 'CAMERA_2']","{'CAMERA_1': ['resolution', 'camera_type', 'autofocus_points', 'settings', 'effects', 'long_exposure', 'price', 'ISO', 'preset_modes', 'weight', 'color'], 'CAMERA_2': ['preset_modes', 'autofocus_points', 'weight', 'settings', 'camera_type', 'resolution', 'long_exposure', 'ISO'], 'CAMERA_3': ['preset_modes', 'camera_type', 'settings', 'autofocus_points']}",C_QUESTION_ABOUT_FEATURE,CAMERA_2,ISO,and the ISO,PRESENT_X,CAMERA_2,S_NOT_SURE,CAMERA_2,,I'm not really sure about that.,PRESENT_X,CAMERA_2,
139,29,CAMERA_2,"['CAMERA_3', 'CAMERA_1', 'CAMERA_2']","{'CAMERA_1': ['resolution', 'camera_type', 'autofocus_points', 'settings', 'effects', 'long_exposure', 'price', 'ISO', 'preset_modes', 'weight', 'color'], 'CAMERA_2': ['preset_modes', 'autofocus_points', 'weight', 'settings', 'camera_type', 'resolution', 'long_exposure', 'ISO', 'optical_zoom'], 'CAMERA_3': ['preset_modes', 'camera_type', 'settings', 'autofocus_points']}",C_QUESTION_ABOUT_FEATURE,CAMERA_2,optical_zoom,how much does a bowl to zoom,PRESENT_X,CAMERA_2,S_ANSWERS_QUESTION_ABOUT_FEATURE,CAMERA_2,optical_zoom,This one has 21x optical zoom.,PRESENT_X,CAMERA_2,13~29
139,30,CAMERA_2,"['CAMERA_3', 'CAMERA_1', 'CAMERA_2']","{'CAMERA_1': ['resolution', 'camera_type', 'autofocus_points', 'settings', 'effects', 'long_exposure', 'price', 'ISO', 'preset_modes', 'weight', 'color'], 'CAMERA_2': ['preset_modes', 'autofocus_points', 'weight', 'settings', 'camera_type', 'resolution', 'long_exposure', 'ISO', 'optical_zoom', 'sensor_size'], 'CAMERA_3': ['preset_modes', 'camera_type', 'settings', 'autofocus_points']}",C_QUESTION_ABOUT_FEATURE,CAMERA_2,sensor_size,what is the sensor size,PRESENT_X,CAMERA_2,S_ANSWERS_QUESTION_ABOUT_FEATURE,CAMERA_2,sensor_size,This one has a 1/2.33 inch sensor.,PRESENT_X,CAMERA_2,15~33
139,31,,"['CAMERA_3', 'CAMERA_1', 'CAMERA_2']","{'CAMERA_1': ['resolution', 'camera_type', 'autofocus_points', 'settings', 'effects', 'long_exposure', 'price', 'ISO', 'preset_modes', 'weight', 'color'], 'CAMERA_2': ['preset_modes', 'autofocus_points', 'weight', 'settings', 'camera_type', 'resolution', 'long_exposure', 'ISO', 'optical_zoom', 'sensor_size'], 'CAMERA_3': ['preset_modes', 'camera_type', 'settings', 'autofocus_points']}",C_ANYTHING_ELSE_AVAILABLE,CAMERA_2,NONE,okay do you have any other cameras I might be interested,PRESENT_X,CAMERA_2,S_THATS_ALL_WE_HAVE_AVAILABLE,CAMERA_2,,That's all we have available at the moment.,PRESENT_X,CAMERA_2,
139,32,NONE,"['CAMERA_3', 'CAMERA_1', 'CAMERA_2']","{'CAMERA_1': ['resolution', 'camera_type', 'autofocus_points', 'settings', 'effects', 'long_exposure', 'price', 'ISO', 'preset_modes', 'weight', 'color'], 'CAMERA_2': ['preset_modes', 'autofocus_points', 'weight', 'settings', 'camera_type', 'resolution', 'long_exposure', 'ISO', 'optical_zoom', 'sensor_size'], 'CAMERA_3': ['preset_modes', 'camera_type', 'settings', 'autofocus_points']}",C_THANK_YOU,CAMERA_2,NONE,okay thank you for your help I'll be in touch,PRESENT_X,CAMERA_2,S_THANK_YOU,CAMERA_2,NONE,thank you very much.,FACE_TO_FACE,NONE,
139,33,NONE,"['CAMERA_3', 'CAMERA_1', 'CAMERA_2']","{'CAMERA_1': ['resolution', 'camera_type', 'autofocus_points', 'settings', 'effects', 'long_exposure', 'price', 'ISO', 'preset_modes', 'weight', 'color'], 'CAMERA_2': ['preset_modes', 'autofocus_points', 'weight', 'settings', 'camera_type', 'resolution', 'long_exposure', 'ISO', 'optical_zoom', 'sensor_size'], 'CAMERA_3': ['preset_modes', 'camera_type', 'settings', 'autofocus_points']}",C_LEAVES,DOOR,NONE,,FACE_TO_FACE,NONE,S_RETURNS_TO_COUNTER,SERVICE_COUNTER,NONE,,WAITING,NONE,
140,1,NONE,[],"{'CAMERA_1': [], 'CAMERA_2': [], 'CAMERA_3': []}",C_ENTERS,DOOR,NONE,,WAITING,NONE,S_NONE,SERVICE_COUNTER,NONE,,WAITING,NONE,
140,2,NONE,[],"{'CAMERA_1': [], 'CAMERA_2': [], 'CAMERA_3': []}",C_GREETS,MIDDLE,NONE,excuse me,WAITING,NONE,S_GREETS,MIDDLE,NONE,can I help you?,FACE_TO_FACE,NONE,
140,3,CAMERA_2,['CAMERA_2'],"{'CAMERA_1': [], 'CAMERA_2': [], 'CAMERA_3': []}",C_LOOKING_FOR_A_CAMERA,MIDDLE,NONE,I am looking to buy a body camera end SLR my gracious break so I was wondering if you had anything like that,FACE_TO_FACE,NONE,S_INTRODUCES_CAMERA,CAMERA_2,,Let me show you this. Here we have the Fujifilm Lumix ILC Camera.,PRESENT_X,CAMERA_2,39~64
140,4,CAMERA_2,['CAMERA_2'],"{'CAMERA_1': [], 'CAMERA_2': ['preset_modes'], 'CAMERA_3': []}",C_QUESTION_ABOUT_FEATURE,CAMERA_2,preset_modes,okay and does it have any menu settings,PRESENT_X,CAMERA_2,S_NOT_SURE,CAMERA_2,,I'm not really sure about that.,PRESENT_X,CAMERA_2,
140,5,CAMERA_2,['CAMERA_2'],"{'CAMERA_1': [], 'CAMERA_2': ['preset_modes', 'long_exposure'], 'CAMERA_3': []}",C_SILENT_OR_BACKCHANNEL,CAMERA_2,NONE,looks nice doesn't match what I want how much is consumed you know I want to sue me in and zoom out,PRESENT_X,CAMERA_2,S_INTRODUCES_FEATURE,CAMERA_2,long_exposure,This one can take long exposures up to 60 minutes max with bulb mode.,PRESENT_X,CAMERA_2,39~68
140,6,CAMERA_2,['CAMERA_2'],"{'CAMERA_1': [], 'CAMERA_2': ['preset_modes', 'long_exposure', 'effects'], 'CAMERA_3': []}",C_SILENT_OR_BACKCHANNEL,CAMERA_2,NONE,IC,PRESENT_X,CAMERA_2,S_INTRODUCES_FEATURE,CAMERA_2,effects,"This one has 24 artistic effect modes (retro, lighter or darker skin tones, sepia, etc.).",PRESENT_X,CAMERA_2,13~88
140,7,NONE,['CAMERA_2'],"{'CAMERA_1': [], 'CAMERA_2': ['preset_modes', 'long_exposure', 'effects'], 'CAMERA_3': []}",C_THANK_YOU,CAMERA_2,NONE,thank you very much I'll look around and come back,PRESENT_X,CAMERA_2,S_THANK_YOU,CAMERA_2,NONE,thank you very much.,FACE_TO_FACE,NONE,
140,8,NONE,['CAMERA_2'],"{'CAMERA_1': [], 'CAMERA_2': ['preset_modes', 'long_exposure', 'effects'], 'CAMERA_3': []}",C_LEAVES,DOOR,NONE,,FACE_TO_FACE,NONE,S_RETURNS_TO_COUNTER,SERVICE_COUNTER,NONE,,WAITING,NONE,
141,1,NONE,[],"{'CAMERA_1': [], 'CAMERA_2': [], 'CAMERA_3': []}",C_ENTERS,DOOR,NONE,,WAITING,NONE,S_NONE,SERVICE_COUNTER,NONE,,WAITING,NONE,
141,2,NONE,[],"{'CAMERA_1': [], 'CAMERA_2': [], 'CAMERA_3': []}",C_GREETS,MIDDLE,NONE,hello,WAITING,NONE,S_GREETS,MIDDLE,NONE,can I help you?,FACE_TO_FACE,NONE,
141,3,CAMERA_3,['CAMERA_3'],"{'CAMERA_1': [], 'CAMERA_2': [], 'CAMERA_3': []}",C_LOOKING_FOR_A_CAMERA,MIDDLE,NONE,I'm just looking around for nothing,FACE_TO_FACE,NONE,S_INTRODUCES_CAMERA,CAMERA_3,,Let me show you this. Here we have the Fujifilm PowerShot ELPH S2800.,PRESENT_X,CAMERA_3,39~68
141,4,CAMERA_3,['CAMERA_3'],"{'CAMERA_1': [], 'CAMERA_2': [], 'CAMERA_3': ['settings']}",C_SILENT_OR_BACKCHANNEL,CAMERA_3,NONE,ok,PRESENT_X,CAMERA_3,S_INTRODUCES_FEATURE,CAMERA_3,settings,"This one has manual control and various automatic settings (video modeburst shooting, etc.).",PRESENT_X,CAMERA_3,13~91
141,5,CAMERA_3,['CAMERA_3'],"{'CAMERA_1': [], 'CAMERA_2': [], 'CAMERA_3': ['settings', 'effects']}",C_QUESTION_ABOUT_FEATURE,CAMERA_3,effects,what about artistic effect or something,PRESENT_X,CAMERA_3,S_ANSWERS_QUESTION_ABOUT_FEATURE,CAMERA_3,effects,"This one has 21 photo effects (small face, retro, big eyes, etc.).",PRESENT_X,CAMERA_3,13~65
141,6,NONE,['CAMERA_3'],"{'CAMERA_1': [], 'CAMERA_2': [], 'CAMERA_3': ['settings', 'effects']}",C_THANK_YOU,CAMERA_3,NONE,true thank you very much for your help,PRESENT_X,CAMERA_3,S_THANK_YOU,CAMERA_3,NONE,thank you very much.,FACE_TO_FACE,NONE,
141,7,NONE,['CAMERA_3'],"{'CAMERA_1': [], 'CAMERA_2': [], 'CAMERA_3': ['settings', 'effects']}",C_LEAVES,DOOR,NONE,,FACE_TO_FACE,NONE,S_RETURNS_TO_COUNTER,SERVICE_COUNTER,NONE,,WAITING,NONE,
142,1,NONE,[],"{'CAMERA_1': [], 'CAMERA_2': [], 'CAMERA_3': []}",C_ENTERS,DOOR,NONE,,WAITING,NONE,S_NONE,SERVICE_COUNTER,NONE,,WAITING,NONE,
142,2,NONE,[],"{'CAMERA_1': [], 'CAMERA_2': [], 'CAMERA_3': []}",C_GREETS,MIDDLE,NONE,hi,WAITING,NONE,S_GREETS,MIDDLE,NONE,can I help you?,FACE_TO_FACE,NONE,
142,3,CAMERA_3,['CAMERA_3'],"{'CAMERA_1': [], 'CAMERA_2': [], 'CAMERA_3': []}",C_LOOKING_FOR_A_CAMERA,MIDDLE,NONE,yes I'm looking for a camera for daily use,FACE_TO_FACE,NONE,S_INTRODUCES_CAMERA,CAMERA_3,,Let me show you this. Here we have the Fujifilm PowerShot ELPH S2800.,PRESENT_X,CAMERA_3,39~68
142,4,CAMERA_3,['CAMERA_3'],"{'CAMERA_1': [], 'CAMERA_2': [], 'CAMERA_3': ['optical_zoom']}",C_QUESTION_ABOUT_FEATURE,CAMERA_3,optical_zoom,good that's a good effect okay how about the optical zooms,PRESENT_X,CAMERA_3,S_NOT_SURE,CAMERA_3,,I'm not really sure about that.,PRESENT_X,CAMERA_3,
142,5,CAMERA_3,['CAMERA_3'],"{'CAMERA_1': [], 'CAMERA_2': [], 'CAMERA_3': ['optical_zoom', 'ISO']}",C_SILENT_OR_BACKCHANNEL,CAMERA_3,NONE,ok,PRESENT_X,CAMERA_3,S_INTRODUCES_FEATURE,CAMERA_3,ISO,This one has up to 3200 ISO with little noise.,PRESENT_X,CAMERA_3,13~45
142,6,NONE,['CAMERA_3'],"{'CAMERA_1': [], 'CAMERA_2': [], 'CAMERA_3': ['optical_zoom', 'ISO']}",C_THANK_YOU,CAMERA_3,NONE,ok thanks,PRESENT_X,CAMERA_3,S_THANK_YOU,CAMERA_3,NONE,thank you very much.,FACE_TO_FACE,NONE,
142,7,NONE,['CAMERA_3'],"{'CAMERA_1': [], 'CAMERA_2': [], 'CAMERA_3': ['optical_zoom', 'ISO']}",C_LEAVES,DOOR,NONE,,FACE_TO_FACE,NONE,S_RETURNS_TO_COUNTER,SERVICE_COUNTER,NONE,,WAITING,NONE,
143,1,NONE,[],"{'CAMERA_1': [], 'CAMERA_2': [], 'CAMERA_3': []}",C_ENTERS,DOOR,NONE,,WAITING,NONE,S_NONE,SERVICE_COUNTER,NONE,,WAITING,NONE,
143,2,NONE,[],"{'CAMERA_1': [], 'CAMERA_2': [], 'CAMERA_3': []}",C_GREETS,MIDDLE,NONE,excuse me,WAITING,NONE,S_GREETS,MIDDLE,NONE,can I help you?,FACE_TO_FACE,NONE,
143,3,CAMERA_2,['CAMERA_2'],"{'CAMERA_1': [], 'CAMERA_2': [], 'CAMERA_3': []}",C_LOOKING_FOR_A_CAMERA,MIDDLE,NONE,I'm looking for camera so I can take good shots on when I go travelling I miss you very interested in photography so do you recommend this camera,FACE_TO_FACE,NONE,S_INTRODUCES_CAMERA,CAMERA_2,,Let me show you this. Here we have the Fujifilm Lumix ILC Camera.,PRESENT_X,CAMERA_2,39~64
143,4,CAMERA_2,['CAMERA_2'],"{'CAMERA_1': [], 'CAMERA_2': ['price'], 'CAMERA_3': []}",C_QUESTION_ABOUT_FEATURE,CAMERA_2,price,and how much does it cost,PRESENT_X,CAMERA_2,S_ANSWERS_QUESTION_ABOUT_FEATURE,CAMERA_2,price,This one costs $768.,PRESENT_X,CAMERA_2,15~19
143,5,CAMERA_2,['CAMERA_2'],"{'CAMERA_1': [], 'CAMERA_2': ['price', 'resolution'], 'CAMERA_3': []}",C_QUESTION_ABOUT_FEATURE,CAMERA_2,resolution,I'm not really sure what megapixel means can you please explain to me ,PRESENT_X,CAMERA_2,S_ANSWERS_QUESTION_ABOUT_FEATURE,CAMERA_2,resolution,This one has 23.8 megapixels resolution.,PRESENT_X,CAMERA_2,13~28
143,6,CAMERA_2,['CAMERA_2'],"{'CAMERA_1': [], 'CAMERA_2': ['price', 'resolution', 'camera_type'], 'CAMERA_3': []}",C_QUESTION_ABOUT_FEATURE,CAMERA_2,camera_type,is this a point and shoot camera,PRESENT_X,CAMERA_2,S_ANSWERS_QUESTION_ABOUT_FEATURE,CAMERA_2,camera_type,This is a digital single lens mirrorless camera.,PRESENT_X,CAMERA_2,10~40
143,7,NONE,['CAMERA_2'],"{'CAMERA_1': [], 'CAMERA_2': ['price', 'resolution', 'camera_type'], 'CAMERA_3': []}",C_THANK_YOU,CAMERA_2,NONE,hey. It's okay good okay thank you very much,PRESENT_X,CAMERA_2,S_THANK_YOU,CAMERA_2,NONE,thank you very much.,FACE_TO_FACE,NONE,
143,8,NONE,['CAMERA_2'],"{'CAMERA_1': [], 'CAMERA_2': ['price', 'resolution', 'camera_type'], 'CAMERA_3': []}",C_LEAVES,DOOR,NONE,,FACE_TO_FACE,NONE,S_RETURNS_TO_COUNTER,SERVICE_COUNTER,NONE,,WAITING,NONE,
144,1,NONE,[],"{'CAMERA_1': [], 'CAMERA_2': [], 'CAMERA_3': []}",C_ENTERS,DOOR,NONE,,WAITING,NONE,S_NONE,SERVICE_COUNTER,NONE,,WAITING,NONE,
144,2,NONE,[],"{'CAMERA_1': [], 'CAMERA_2': [], 'CAMERA_3': []}",C_GREETS,MIDDLE,NONE,kiss me,WAITING,NONE,S_GREETS,MIDDLE,NONE,can I help you?,FACE_TO_FACE,NONE,
144,3,CAMERA_2,['CAMERA_2'],"{'CAMERA_1': [], 'CAMERA_2': [], 'CAMERA_3': []}",C_LOOKING_FOR_A_CAMERA,MIDDLE,NONE,I'm interested in buying a camera but I'm not sure what I need,FACE_TO_FACE,NONE,S_INTRODUCES_CAMERA,CAMERA_2,,Let me show you this. Here we have the Fujifilm Lumix ILC Camera.,PRESENT_X,CAMERA_2,39~64
144,4,CAMERA_2,['CAMERA_2'],"{'CAMERA_1': [], 'CAMERA_2': ['sensor_size'], 'CAMERA_3': []}",C_QUESTION_ABOUT_FEATURE,CAMERA_2,sensor_size,and the sensor size,PRESENT_X,CAMERA_2,S_ANSWERS_QUESTION_ABOUT_FEATURE,CAMERA_2,sensor_size,This one has a 1/2.33 inch sensor.,PRESENT_X,CAMERA_2,15~33
144,5,CAMERA_2,['CAMERA_2'],"{'CAMERA_1': [], 'CAMERA_2': ['sensor_size', 'weight'], 'CAMERA_3': []}",C_SILENT_OR_BACKCHANNEL,CAMERA_2,NONE,that sounds good,PRESENT_X,CAMERA_2,S_INTRODUCES_FEATURE,CAMERA_2,weight,This one weighs 820 grams.,PRESENT_X,CAMERA_2,16~25
144,6,CAMERA_2,['CAMERA_2'],"{'CAMERA_1': [], 'CAMERA_2': ['sensor_size', 'weight', 'color'], 'CAMERA_3': []}",C_QUESTION_ABOUT_FEATURE,CAMERA_2,color,what colors does it come in,PRESENT_X,CAMERA_2,S_ANSWERS_QUESTION_ABOUT_FEATURE,CAMERA_2,color,This one comes in white or pink.,PRESENT_X,CAMERA_2,18~31
144,7,CAMERA_2,['CAMERA_2'],"{'CAMERA_1': [], 'CAMERA_2': ['sensor_size', 'weight', 'color', 'effects'], 'CAMERA_3': []}",C_SILENT_OR_BACKCHANNEL,CAMERA_2,NONE,IC,PRESENT_X,CAMERA_2,S_INTRODUCES_FEATURE,CAMERA_2,effects,"This one has 24 artistic effect modes (retro, lighter or darker skin tones, sepia, etc.).",PRESENT_X,CAMERA_2,13~88
144,8,CAMERA_2,['CAMERA_2'],"{'CAMERA_1': [], 'CAMERA_2': ['sensor_size', 'weight', 'color', 'effects', 'ISO'], 'CAMERA_3': []}",C_QUESTION_ABOUT_FEATURE,CAMERA_2,ISO,ok what about the I don't know what the ISO,PRESENT_X,CAMERA_2,S_NOT_SURE,CAMERA_2,,I'm not really sure about that.,PRESENT_X,CAMERA_2,
144,9,CAMERA_2,['CAMERA_2'],"{'CAMERA_1': [], 'CAMERA_2': ['sensor_size', 'weight', 'color', 'effects', 'ISO', 'long_exposure'], 'CAMERA_3': []}",C_QUESTION_ABOUT_FEATURE,CAMERA_2,long_exposure,and the exposure,PRESENT_X,CAMERA_2,S_ANSWERS_QUESTION_ABOUT_FEATURE,CAMERA_2,long_exposure,This one can take long exposures up to 60 minutes max with bulb mode.,PRESENT_X,CAMERA_2,39~68
144,10,CAMERA_2,['CAMERA_2'],"{'CAMERA_1': [], 'CAMERA_2': ['sensor_size', 'weight', 'color', 'effects', 'ISO', 'long_exposure', 'autofocus_points'], 'CAMERA_3': []}",C_QUESTION_ABOUT_FEATURE,CAMERA_2,autofocus_points,what about this cameras number of auto focus points,PRESENT_X,CAMERA_2,S_NOT_SURE,CAMERA_2,,I'm not really sure about that.,PRESENT_X,CAMERA_2,
144,11,CAMERA_2,['CAMERA_2'],"{'CAMERA_1': [], 'CAMERA_2': ['sensor_size', 'weight', 'color', 'effects', 'ISO', 'long_exposure', 'autofocus_points', 'optical_zoom'], 'CAMERA_3': []}",C_SILENT_OR_BACKCHANNEL,CAMERA_2,NONE,IC,PRESENT_X,CAMERA_2,S_INTRODUCES_FEATURE,CAMERA_2,optical_zoom,This one has 21x optical zoom.,PRESENT_X,CAMERA_2,13~29
144,12,CAMERA_2,['CAMERA_2'],"{'CAMERA_1': [], 'CAMERA_2': ['sensor_size', 'weight', 'color', 'effects', 'ISO', 'long_exposure', 'autofocus_points', 'optical_zoom', 'resolution'], 'CAMERA_3': []}",C_SILENT_OR_BACKCHANNEL,CAMERA_2,NONE,yeah,PRESENT_X,CAMERA_2,S_INTRODUCES_FEATURE,CAMERA_2,resolution,This one has 23.8 megapixels resolution.,PRESENT_X,CAMERA_2,13~28
144,13,CAMERA_2,['CAMERA_2'],"{'CAMERA_1': [], 'CAMERA_2': ['sensor_size', 'weight', 'color', 'effects', 'ISO', 'long_exposure', 'autofocus_points', 'optical_zoom', 'resolution', 'camera_type'], 'CAMERA_3': []}",C_QUESTION_ABOUT_FEATURE,CAMERA_2,camera_type,Is this a mirrorless camera?,PRESENT_X,CAMERA_2,S_ANSWERS_QUESTION_ABOUT_FEATURE,CAMERA_2,camera_type,This is a digital single lens mirrorless camera.,PRESENT_X,CAMERA_2,10~40
144,14,NONE,['CAMERA_2'],"{'CAMERA_1': [], 'CAMERA_2': ['sensor_size', 'weight', 'color', 'effects', 'ISO', 'long_exposure', 'autofocus_points', 'optical_zoom', 'resolution', 'camera_type'], 'CAMERA_3': []}",C_THANK_YOU,CAMERA_2,NONE,thank you for your help,PRESENT_X,CAMERA_2,S_THANK_YOU,CAMERA_2,NONE,thank you very much.,FACE_TO_FACE,NONE,
144,15,NONE,['CAMERA_2'],"{'CAMERA_1': [], 'CAMERA_2': ['sensor_size', 'weight', 'color', 'effects', 'ISO', 'long_exposure', 'autofocus_points', 'optical_zoom', 'resolution', 'camera_type'], 'CAMERA_3': []}",C_LEAVES,DOOR,NONE,,FACE_TO_FACE,NONE,S_RETURNS_TO_COUNTER,SERVICE_COUNTER,NONE,,WAITING,NONE,
145,1,NONE,[],"{'CAMERA_1': [], 'CAMERA_2': [], 'CAMERA_3': []}",C_ENTERS,DOOR,NONE,,WAITING,NONE,S_NONE,SERVICE_COUNTER,NONE,,WAITING,NONE,
145,2,NONE,[],"{'CAMERA_1': [], 'CAMERA_2': [], 'CAMERA_3': []}",C_GREETS,MIDDLE,NONE,excuse me,WAITING,NONE,S_GREETS,MIDDLE,NONE,can I help you?,FACE_TO_FACE,NONE,
145,3,CAMERA_1,['CAMERA_1'],"{'CAMERA_1': [], 'CAMERA_2': [], 'CAMERA_3': []}",C_LOOKING_FOR_A_CAMERA,MIDDLE,NONE,I'm looking for a new camera,FACE_TO_FACE,NONE,S_INTRODUCES_CAMERA,CAMERA_1,,Let me show you this. Here we have the Sony PowerShot ELPH DMC-ZS3.,PRESENT_X,CAMERA_1,39~66
145,4,CAMERA_1,['CAMERA_1'],"{'CAMERA_1': ['price'], 'CAMERA_2': [], 'CAMERA_3': []}",C_QUESTION_ABOUT_FEATURE,CAMERA_1,price,how much is this,PRESENT_X,CAMERA_1,S_ANSWERS_QUESTION_ABOUT_FEATURE,CAMERA_1,price,This one costs $450.,PRESENT_X,CAMERA_1,15~19
145,5,CAMERA_1,['CAMERA_1'],"{'CAMERA_1': ['price', 'preset_modes'], 'CAMERA_2': [], 'CAMERA_3': []}",C_QUESTION_ABOUT_FEATURE,CAMERA_1,preset_modes,do they have pet mode,PRESENT_X,CAMERA_1,S_NOT_SURE,CAMERA_1,,I'm not really sure about that.,PRESENT_X,CAMERA_1,
145,6,CAMERA_1,['CAMERA_1'],"{'CAMERA_1': ['price', 'preset_modes', 'camera_type'], 'CAMERA_2': [], 'CAMERA_3': []}",C_SILENT_OR_BACKCHANNEL,CAMERA_1,NONE,oh wow this is very nice okay I like this one,PRESENT_X,CAMERA_1,S_INTRODUCES_FEATURE,CAMERA_1,camera_type,This is a DSLR camera.,PRESENT_X,CAMERA_1,10~14
145,7,CAMERA_1,['CAMERA_1'],"{'CAMERA_1': ['price', 'preset_modes', 'camera_type', 'long_exposure'], 'CAMERA_2': [], 'CAMERA_3': []}",C_SILENT_OR_BACKCHANNEL,CAMERA_1,NONE,I see AA ok,PRESENT_X,CAMERA_1,S_INTRODUCES_FEATURE,CAMERA_1,long_exposure,This one can take long exposures up to up to 15 seconds with Long Shutter Mode.,PRESENT_X,CAMERA_1,39~78
145,8,CAMERA_1,['CAMERA_1'],"{'CAMERA_1': ['price', 'preset_modes', 'camera_type', 'long_exposure', 'effects'], 'CAMERA_2': [], 'CAMERA_3': []}",C_SILENT_OR_BACKCHANNEL,CAMERA_1,NONE,okay that sounds great,PRESENT_X,CAMERA_1,S_INTRODUCES_FEATURE,CAMERA_1,effects,"This one has 24 glamor retouch effects (miniature, retro, toy camera, etc.).",PRESENT_X,CAMERA_1,13~75
145,9,CAMERA_1,['CAMERA_1'],"{'CAMERA_1': ['price', 'preset_modes', 'camera_type', 'long_exposure', 'effects', 'autofocus_points'], 'CAMERA_2': [], 'CAMERA_3': []}",C_SILENT_OR_BACKCHANNEL,CAMERA_1,NONE,I say,PRESENT_X,CAMERA_1,S_INTRODUCES_FEATURE,CAMERA_1,autofocus_points,This one has 135 autofocus points.,PRESENT_X,CAMERA_1,13~33
145,10,NONE,['CAMERA_1'],"{'CAMERA_1': ['price', 'preset_modes', 'camera_type', 'long_exposure', 'effects', 'autofocus_points'], 'CAMERA_2': [], 'CAMERA_3': []}",C_THANK_YOU,CAMERA_1,NONE,helpful thank you,PRESENT_X,CAMERA_1,S_THANK_YOU,CAMERA_1,NONE,thank you very much.,FACE_TO_FACE,NONE,
145,11,NONE,['CAMERA_1'],"{'CAMERA_1': ['price', 'preset_modes', 'camera_type', 'long_exposure', 'effects', 'autofocus_points'], 'CAMERA_2': [], 'CAMERA_3': []}",C_LEAVES,DOOR,NONE,,FACE_TO_FACE,NONE,S_RETURNS_TO_COUNTER,SERVICE_COUNTER,NONE,,WAITING,NONE,
146,1,NONE,[],"{'CAMERA_1': [], 'CAMERA_2': [], 'CAMERA_3': []}",C_ENTERS,DOOR,NONE,,WAITING,NONE,S_NONE,SERVICE_COUNTER,NONE,,WAITING,NONE,
146,2,NONE,[],"{'CAMERA_1': [], 'CAMERA_2': [], 'CAMERA_3': []}",C_GREETS,MIDDLE,NONE,use me,WAITING,NONE,S_GREETS,MIDDLE,NONE,can I help you?,FACE_TO_FACE,NONE,
146,3,CAMERA_3,['CAMERA_3'],"{'CAMERA_1': [], 'CAMERA_2': [], 'CAMERA_3': []}",C_LOOKING_FOR_A_CAMERA,MIDDLE,NONE,I am looking for a camera that is reasonably priced but it's delicious the same time,FACE_TO_FACE,NONE,S_INTRODUCES_CAMERA,CAMERA_3,,Let me show you this. Here we have the Fujifilm PowerShot ELPH S2800.,PRESENT_X,CAMERA_3,39~68
146,4,CAMERA_3,['CAMERA_3'],"{'CAMERA_1': [], 'CAMERA_2': [], 'CAMERA_3': ['long_exposure']}",C_SILENT_OR_BACKCHANNEL,CAMERA_3,NONE,ic,PRESENT_X,CAMERA_3,S_INTRODUCES_FEATURE,CAMERA_3,long_exposure,This one can take long exposures up to 30 minutes max with bulb mode.,PRESENT_X,CAMERA_3,39~68
146,5,CAMERA_1,"['CAMERA_3', 'CAMERA_1']","{'CAMERA_1': [], 'CAMERA_2': [], 'CAMERA_3': ['long_exposure']}",C_ANYTHING_ELSE_AVAILABLE,CAMERA_3,NONE,Do you have any other cameras under $300,PRESENT_X,CAMERA_3,S_INTRODUCES_CAMERA,CAMERA_1,,Let me show you this. Here we have the Sony PowerShot ELPH DMC-ZS3.,PRESENT_X,CAMERA_1,39~66
146,6,CAMERA_1,"['CAMERA_3', 'CAMERA_1']","{'CAMERA_1': ['optical_zoom'], 'CAMERA_2': [], 'CAMERA_3': ['long_exposure']}",C_QUESTION_ABOUT_FEATURE,CAMERA_1,optical_zoom,how about the ability of fight for the zoom how much is optical zoom for this camera,PRESENT_X,CAMERA_1,S_ANSWERS_QUESTION_ABOUT_FEATURE,CAMERA_1,optical_zoom,This one has 21x optical zoom.,PRESENT_X,CAMERA_1,13~29
146,7,NONE,"['CAMERA_3', 'CAMERA_1']","{'CAMERA_1': ['optical_zoom'], 'CAMERA_2': [], 'CAMERA_3': ['long_exposure']}",C_THANK_YOU,CAMERA_1,NONE,I see thank you for your help,PRESENT_X,CAMERA_1,S_THANK_YOU,CAMERA_1,NONE,thank you very much.,FACE_TO_FACE,NONE,
146,8,NONE,"['CAMERA_3', 'CAMERA_1']","{'CAMERA_1': ['optical_zoom'], 'CAMERA_2': [], 'CAMERA_3': ['long_exposure']}",C_LEAVES,DOOR,NONE,,FACE_TO_FACE,NONE,S_RETURNS_TO_COUNTER,SERVICE_COUNTER,NONE,,WAITING,NONE,
147,1,NONE,[],"{'CAMERA_1': [], 'CAMERA_2': [], 'CAMERA_3': []}",C_ENTERS,DOOR,NONE,,WAITING,NONE,S_NONE,SERVICE_COUNTER,NONE,,WAITING,NONE,
147,2,NONE,[],"{'CAMERA_1': [], 'CAMERA_2': [], 'CAMERA_3': []}",C_GREETS,MIDDLE,NONE,they almost one kilo I'm sorry I dropped it,WAITING,NONE,S_GREETS,MIDDLE,NONE,can I help you?,FACE_TO_FACE,NONE,
147,3,CAMERA_3,['CAMERA_3'],"{'CAMERA_1': [], 'CAMERA_2': [], 'CAMERA_3': []}",C_LOOKING_FOR_A_CAMERA,MIDDLE,NONE,I'm looking for a new camera today,FACE_TO_FACE,NONE,S_INTRODUCES_CAMERA,CAMERA_3,,Let me show you this. Here we have the Fujifilm PowerShot ELPH S2800.,PRESENT_X,CAMERA_3,39~68
147,4,CAMERA_3,['CAMERA_3'],"{'CAMERA_1': [], 'CAMERA_2': [], 'CAMERA_3': ['ISO']}",C_QUESTION_ABOUT_FEATURE,CAMERA_3,ISO,great under how about the ISO,PRESENT_X,CAMERA_3,S_ANSWERS_QUESTION_ABOUT_FEATURE,CAMERA_3,ISO,This one has up to 3200 ISO with little noise.,PRESENT_X,CAMERA_3,13~45
147,5,CAMERA_3,['CAMERA_3'],"{'CAMERA_1': [], 'CAMERA_2': [], 'CAMERA_3': ['ISO', 'autofocus_points']}",C_QUESTION_ABOUT_FEATURE,CAMERA_3,autofocus_points,okay uh how many autofocus points are there,PRESENT_X,CAMERA_3,S_ANSWERS_QUESTION_ABOUT_FEATURE,CAMERA_3,autofocus_points,This one has 214 autofocus points.,PRESENT_X,CAMERA_3,13~33
147,6,CAMERA_3,['CAMERA_3'],"{'CAMERA_1': [], 'CAMERA_2': [], 'CAMERA_3': ['ISO', 'autofocus_points', 'weight']}",C_SILENT_OR_BACKCHANNEL,CAMERA_3,NONE,okay I've read that aps-c is pretty good,PRESENT_X,CAMERA_3,S_INTRODUCES_FEATURE,CAMERA_3,weight,This one weighs 820 grams.,PRESENT_X,CAMERA_3,16~25
147,7,CAMERA_3,['CAMERA_3'],"{'CAMERA_1': [], 'CAMERA_2': [], 'CAMERA_3': ['ISO', 'autofocus_points', 'weight', 'resolution']}",C_QUESTION_ABOUT_FEATURE,CAMERA_3,resolution,Honda how many mega pixels on the screen,PRESENT_X,CAMERA_3,S_ANSWERS_QUESTION_ABOUT_FEATURE,CAMERA_3,resolution,This one has 23.2 megapixels resolution.,PRESENT_X,CAMERA_3,13~28
147,8,CAMERA_2,"['CAMERA_3', 'CAMERA_2']","{'CAMERA_1': [], 'CAMERA_2': [], 'CAMERA_3': ['ISO', 'autofocus_points', 'weight', 'resolution']}",C_ANYTHING_ELSE_AVAILABLE,CAMERA_3,NONE,Do you have any other cameras under $300,PRESENT_X,CAMERA_3,S_INTRODUCES_CAMERA,CAMERA_2,,Let me show you this. Here we have the Fujifilm Lumix ILC Camera.,PRESENT_X,CAMERA_2,39~64
147,9,CAMERA_2,"['CAMERA_3', 'CAMERA_2']","{'CAMERA_1': [], 'CAMERA_2': ['weight'], 'CAMERA_3': ['ISO', 'autofocus_points', 'weight', 'resolution']}",C_SILENT_OR_BACKCHANNEL,CAMERA_2,NONE,ok,PRESENT_X,CAMERA_2,S_INTRODUCES_FEATURE,CAMERA_2,weight,This one weighs 820 grams.,PRESENT_X,CAMERA_2,16~25
147,10,CAMERA_2,"['CAMERA_3', 'CAMERA_2']","{'CAMERA_1': [], 'CAMERA_2': ['weight', 'settings'], 'CAMERA_3': ['ISO', 'autofocus_points', 'weight', 'resolution']}",C_SILENT_OR_BACKCHANNEL,CAMERA_2,NONE,sounds like a pretty good option,PRESENT_X,CAMERA_2,S_INTRODUCES_FEATURE,CAMERA_2,settings,"This one has manual control and various automatic settings (video modeburst shooting, etc.).",PRESENT_X,CAMERA_2,13~91
147,11,CAMERA_2,"['CAMERA_3', 'CAMERA_2']","{'CAMERA_1': [], 'CAMERA_2': ['weight', 'settings', 'long_exposure'], 'CAMERA_3': ['ISO', 'autofocus_points', 'weight', 'resolution']}",C_SILENT_OR_BACKCHANNEL,CAMERA_2,NONE,wow,PRESENT_X,CAMERA_2,S_INTRODUCES_FEATURE,CAMERA_2,long_exposure,This one can take long exposures up to 60 minutes max with bulb mode.,PRESENT_X,CAMERA_2,39~68
147,12,CAMERA_2,"['CAMERA_3', 'CAMERA_2']","{'CAMERA_1': [], 'CAMERA_2': ['weight', 'settings', 'long_exposure', 'sensor_size'], 'CAMERA_3': ['ISO', 'autofocus_points', 'weight', 'resolution']}",C_SILENT_OR_BACKCHANNEL,CAMERA_2,NONE,sounds good,PRESENT_X,CAMERA_2,S_INTRODUCES_FEATURE,CAMERA_2,sensor_size,This one has a 1/2.33 inch sensor.,PRESENT_X,CAMERA_2,15~33
147,13,CAMERA_2,"['CAMERA_3', 'CAMERA_2']","{'CAMERA_1': [], 'CAMERA_2': ['weight', 'settings', 'long_exposure', 'sensor_size', 'ISO'], 'CAMERA_3': ['ISO', 'autofocus_points', 'weight', 'resolution']}",C_QUESTION_ABOUT_FEATURE,CAMERA_2,ISO,in the iso what is the ISO on this camera,PRESENT_X,CAMERA_2,S_NOT_SURE,CAMERA_2,,I'm not really sure about that.,PRESENT_X,CAMERA_2,
147,14,CAMERA_2,"['CAMERA_3', 'CAMERA_2']","{'CAMERA_1': [], 'CAMERA_2': ['weight', 'settings', 'long_exposure', 'sensor_size', 'ISO', 'autofocus_points'], 'CAMERA_3': ['ISO', 'autofocus_points', 'weight', 'resolution']}",C_QUESTION_ABOUT_FEATURE,CAMERA_2,autofocus_points,how about how many auto focus points does this have,PRESENT_X,CAMERA_2,S_NOT_SURE,CAMERA_2,,I'm not really sure about that.,PRESENT_X,CAMERA_2,
147,15,CAMERA_2,"['CAMERA_3', 'CAMERA_2']","{'CAMERA_1': [], 'CAMERA_2': ['weight', 'settings', 'long_exposure', 'sensor_size', 'ISO', 'autofocus_points', 'preset_modes'], 'CAMERA_3': ['ISO', 'autofocus_points', 'weight', 'resolution']}",C_QUESTION_ABOUT_FEATURE,CAMERA_2,preset_modes,does he have any menu settings at all,PRESENT_X,CAMERA_2,S_NOT_SURE,CAMERA_2,,I'm not really sure about that.,PRESENT_X,CAMERA_2,
147,16,CAMERA_2,"['CAMERA_3', 'CAMERA_2']","{'CAMERA_1': [], 'CAMERA_2': ['weight', 'settings', 'long_exposure', 'sensor_size', 'ISO', 'autofocus_points', 'preset_modes', 'resolution'], 'CAMERA_3': ['ISO', 'autofocus_points', 'weight', 'resolution']}",C_SILENT_OR_BACKCHANNEL,CAMERA_2,NONE,I say but yeah okay,PRESENT_X,CAMERA_2,S_INTRODUCES_FEATURE,CAMERA_2,resolution,This one has 23.8 megapixels resolution.,PRESENT_X,CAMERA_2,13~28
147,17,NONE,"['CAMERA_3', 'CAMERA_2']","{'CAMERA_1': [], 'CAMERA_2': ['weight', 'settings', 'long_exposure', 'sensor_size', 'ISO', 'autofocus_points', 'preset_modes', 'resolution'], 'CAMERA_3': ['ISO', 'autofocus_points', 'weight', 'resolution']}",C_THANK_YOU,CAMERA_2,NONE,thank you so much,PRESENT_X,CAMERA_2,S_THANK_YOU,CAMERA_2,NONE,thank you very much.,FACE_TO_FACE,NONE,
147,18,NONE,"['CAMERA_3', 'CAMERA_2']","{'CAMERA_1': [], 'CAMERA_2': ['weight', 'settings', 'long_exposure', 'sensor_size', 'ISO', 'autofocus_points', 'preset_modes', 'resolution'], 'CAMERA_3': ['ISO', 'autofocus_points', 'weight', 'resolution']}",C_LEAVES,DOOR,NONE,,FACE_TO_FACE,NONE,S_RETURNS_TO_COUNTER,SERVICE_COUNTER,NONE,,WAITING,NONE,
148,1,NONE,[],"{'CAMERA_1': [], 'CAMERA_2': [], 'CAMERA_3': []}",C_ENTERS,DOOR,NONE,,WAITING,NONE,S_NONE,SERVICE_COUNTER,NONE,,WAITING,NONE,
148,2,NONE,[],"{'CAMERA_1': [], 'CAMERA_2': [], 'CAMERA_3': []}",C_WALKS_TO_CAMERA,CAMERA_1,NONE,,WAITING,NONE,S_GREETS,CAMERA_1,NONE,can I help you?,FACE_TO_FACE,NONE,
148,3,CAMERA_1,['CAMERA_1'],"{'CAMERA_1': [], 'CAMERA_2': [], 'CAMERA_3': []}",C_LOOKING_FOR_A_CAMERA,CAMERA_1,NONE,I'll get off today and I'm just looking around at the moment I'm not really sure what I'm after,FACE_TO_FACE,NONE,S_INTRODUCES_CAMERA,CAMERA_1,,Let me show you this. Here we have the Sony PowerShot ELPH DMC-ZS3.,PRESENT_X,CAMERA_1,39~66
148,4,CAMERA_1,['CAMERA_1'],"{'CAMERA_1': ['weight'], 'CAMERA_2': [], 'CAMERA_3': []}",C_SILENT_OR_BACKCHANNEL,CAMERA_1,NONE,okay I say it,PRESENT_X,CAMERA_1,S_INTRODUCES_FEATURE,CAMERA_1,weight,This one weighs 800 grams.,PRESENT_X,CAMERA_1,16~25
148,5,CAMERA_1,['CAMERA_1'],"{'CAMERA_1': ['weight', 'price'], 'CAMERA_2': [], 'CAMERA_3': []}",C_QUESTION_ABOUT_FEATURE,CAMERA_1,price,how much does it come away,PRESENT_X,CAMERA_1,S_ANSWERS_QUESTION_ABOUT_FEATURE,CAMERA_1,price,This one costs $450.,PRESENT_X,CAMERA_1,15~19
148,6,CAMERA_1,['CAMERA_1'],"{'CAMERA_1': ['weight', 'price', 'camera_type'], 'CAMERA_2': [], 'CAMERA_3': []}",C_QUESTION_ABOUT_FEATURE,CAMERA_1,camera_type,is this a DSLR camera,PRESENT_X,CAMERA_1,S_ANSWERS_QUESTION_ABOUT_FEATURE,CAMERA_1,camera_type,This is a DSLR camera.,PRESENT_X,CAMERA_1,10~14
148,7,CAMERA_1,['CAMERA_1'],"{'CAMERA_1': ['weight', 'price', 'camera_type', 'sensor_size'], 'CAMERA_2': [], 'CAMERA_3': []}",C_SILENT_OR_BACKCHANNEL,CAMERA_1,NONE,I get,PRESENT_X,CAMERA_1,S_INTRODUCES_FEATURE,CAMERA_1,sensor_size,This one has a 1/2.3 inch CMOS sensor.,PRESENT_X,CAMERA_1,15~37
148,8,CAMERA_1,['CAMERA_1'],"{'CAMERA_1': ['weight', 'price', 'camera_type', 'sensor_size', 'color'], 'CAMERA_2': [], 'CAMERA_3': []}",C_SILENT_OR_BACKCHANNEL,CAMERA_1,NONE,ic,PRESENT_X,CAMERA_1,S_INTRODUCES_FEATURE,CAMERA_1,color,This one comes in blue or black.,PRESENT_X,CAMERA_1,18~31
148,9,NONE,['CAMERA_1'],"{'CAMERA_1': ['weight', 'price', 'camera_type', 'sensor_size', 'color'], 'CAMERA_2': [], 'CAMERA_3': []}",C_THANK_YOU,CAMERA_1,NONE,helpful thank you,PRESENT_X,CAMERA_1,S_THANK_YOU,CAMERA_1,NONE,thank you very much.,FACE_TO_FACE,NONE,
148,10,NONE,['CAMERA_1'],"{'CAMERA_1': ['weight', 'price', 'camera_type', 'sensor_size', 'color'], 'CAMERA_2': [], 'CAMERA_3': []}",C_LEAVES,DOOR,NONE,,FACE_TO_FACE,NONE,S_RETURNS_TO_COUNTER,SERVICE_COUNTER,NONE,,WAITING,NONE,
149,1,NONE,[],"{'CAMERA_1': [], 'CAMERA_2': [], 'CAMERA_3': []}",C_ENTERS,DOOR,NONE,,WAITING,NONE,S_NONE,SERVICE_COUNTER,NONE,,WAITING,NONE,
149,2,NONE,[],"{'CAMERA_1': [], 'CAMERA_2': [], 'CAMERA_3': []}",C_WALKS_TO_CAMERA,CAMERA_3,NONE,,WAITING,NONE,S_GREETS,CAMERA_3,NONE,can I help you?,FACE_TO_FACE,NONE,
149,3,CAMERA_2,['CAMERA_2'],"{'CAMERA_1': [], 'CAMERA_2': [], 'CAMERA_3': []}",C_LOOKING_FOR_A_CAMERA,CAMERA_3,NONE,I'm interested in buying a camera but I'm not sure what I need,FACE_TO_FACE,NONE,S_INTRODUCES_CAMERA,CAMERA_2,,Let me show you this. Here we have the Fujifilm Lumix ILC Camera.,PRESENT_X,CAMERA_2,39~64
149,4,CAMERA_2,['CAMERA_2'],"{'CAMERA_1': [], 'CAMERA_2': ['ISO'], 'CAMERA_3': []}",C_QUESTION_ABOUT_FEATURE,CAMERA_2,ISO,and how high does the iso good,PRESENT_X,CAMERA_2,S_NOT_SURE,CAMERA_2,,I'm not really sure about that.,PRESENT_X,CAMERA_2,
149,5,CAMERA_2,['CAMERA_2'],"{'CAMERA_1': [], 'CAMERA_2': ['ISO', 'optical_zoom'], 'CAMERA_3': []}",C_QUESTION_ABOUT_FEATURE,CAMERA_2,optical_zoom,how about the optical zoom,PRESENT_X,CAMERA_2,S_ANSWERS_QUESTION_ABOUT_FEATURE,CAMERA_2,optical_zoom,This one has 21x optical zoom.,PRESENT_X,CAMERA_2,13~29
149,6,CAMERA_2,['CAMERA_2'],"{'CAMERA_1': [], 'CAMERA_2': ['ISO', 'optical_zoom', 'price'], 'CAMERA_3': []}",C_SILENT_OR_BACKCHANNEL,CAMERA_2,NONE,ok,PRESENT_X,CAMERA_2,S_INTRODUCES_FEATURE,CAMERA_2,price,This one costs $768.,PRESENT_X,CAMERA_2,15~19
149,7,CAMERA_2,['CAMERA_2'],"{'CAMERA_1': [], 'CAMERA_2': ['ISO', 'optical_zoom', 'price', 'effects'], 'CAMERA_3': []}",C_SILENT_OR_BACKCHANNEL,CAMERA_2,NONE,IC,PRESENT_X,CAMERA_2,S_INTRODUCES_FEATURE,CAMERA_2,effects,"This one has 24 artistic effect modes (retro, lighter or darker skin tones, sepia, etc.).",PRESENT_X,CAMERA_2,13~88
149,8,CAMERA_3,"['CAMERA_2', 'CAMERA_3']","{'CAMERA_1': [], 'CAMERA_2': ['ISO', 'optical_zoom', 'price', 'effects'], 'CAMERA_3': []}",C_ANYTHING_ELSE_AVAILABLE,CAMERA_2,NONE,maybe did you have a another camera you recommend,PRESENT_X,CAMERA_2,S_INTRODUCES_CAMERA,CAMERA_3,,Let me show you this. Here we have the Fujifilm PowerShot ELPH S2800.,PRESENT_X,CAMERA_3,39~68
149,9,CAMERA_3,"['CAMERA_2', 'CAMERA_3']","{'CAMERA_1': [], 'CAMERA_2': ['ISO', 'optical_zoom', 'price', 'effects'], 'CAMERA_3': ['settings']}",C_QUESTION_ABOUT_FEATURE,CAMERA_3,settings,how many manual settings is it outside,PRESENT_X,CAMERA_3,S_ANSWERS_QUESTION_ABOUT_FEATURE,CAMERA_3,settings,"This one has manual control and various automatic settings (video modeburst shooting, etc.).",PRESENT_X,CAMERA_3,13~91
149,10,CAMERA_3,"['CAMERA_2', 'CAMERA_3']","{'CAMERA_1': [], 'CAMERA_2': ['ISO', 'optical_zoom', 'price', 'effects'], 'CAMERA_3': ['settings', 'preset_modes']}",C_QUESTION_ABOUT_FEATURE,CAMERA_3,preset_modes,cool any preset modes,PRESENT_X,CAMERA_3,S_ANSWERS_QUESTION_ABOUT_FEATURE,CAMERA_3,preset_modes,This one has various preset modes.,PRESENT_X,CAMERA_3,13~33
149,11,CAMERA_3,"['CAMERA_2', 'CAMERA_3']","{'CAMERA_1': [], 'CAMERA_2': ['ISO', 'optical_zoom', 'price', 'effects'], 'CAMERA_3': ['settings', 'preset_modes', 'long_exposure']}",C_SILENT_OR_BACKCHANNEL,CAMERA_3,NONE,okay that sounds great,PRESENT_X,CAMERA_3,S_INTRODUCES_FEATURE,CAMERA_3,long_exposure,This one can take long exposures up to 30 minutes max with bulb mode.,PRESENT_X,CAMERA_3,39~68
149,12,CAMERA_3,"['CAMERA_2', 'CAMERA_3']","{'CAMERA_1': [], 'CAMERA_2': ['ISO', 'optical_zoom', 'price', 'effects'], 'CAMERA_3': ['settings', 'preset_modes', 'long_exposure', 'resolution']}",C_QUESTION_ABOUT_FEATURE,CAMERA_3,resolution,I feel like the resolution is not very good,PRESENT_X,CAMERA_3,S_ANSWERS_QUESTION_ABOUT_FEATURE,CAMERA_3,resolution,This one has 23.2 megapixels resolution.,PRESENT_X,CAMERA_3,13~28
149,13,CAMERA_3,"['CAMERA_2', 'CAMERA_3']","{'CAMERA_1': [], 'CAMERA_2': ['ISO', 'optical_zoom', 'price', 'effects'], 'CAMERA_3': ['settings', 'preset_modes', 'long_exposure', 'resolution', 'optical_zoom']}",C_QUESTION_ABOUT_FEATURE,CAMERA_3,optical_zoom,okay that's the drawback okay and he comes here with optical zoom,PRESENT_X,CAMERA_3,S_NOT_SURE,CAMERA_3,,I'm not really sure about that.,PRESENT_X,CAMERA_3,
149,14,NONE,"['CAMERA_2', 'CAMERA_3']","{'CAMERA_1': [], 'CAMERA_2': ['ISO', 'optical_zoom', 'price', 'effects'], 'CAMERA_3': ['settings', 'preset_modes', 'long_exposure', 'resolution', 'optical_zoom']}",C_THANK_YOU,CAMERA_3,NONE,thank you,PRESENT_X,CAMERA_3,S_THANK_YOU,CAMERA_3,NONE,thank you very much.,FACE_TO_FACE,NONE,
149,15,NONE,"['CAMERA_2', 'CAMERA_3']","{'CAMERA_1': [], 'CAMERA_2': ['ISO', 'optical_zoom', 'price', 'effects'], 'CAMERA_3': ['settings', 'preset_modes', 'long_exposure', 'resolution', 'optical_zoom']}",C_LEAVES,DOOR,NONE,,FACE_TO_FACE,NONE,S_RETURNS_TO_COUNTER,SERVICE_COUNTER,NONE,,WAITING,NONE,
150,1,NONE,[],"{'CAMERA_1': [], 'CAMERA_2': [], 'CAMERA_3': []}",C_ENTERS,DOOR,NONE,,WAITING,NONE,S_NONE,SERVICE_COUNTER,NONE,,WAITING,NONE,
150,2,NONE,[],"{'CAMERA_1': [], 'CAMERA_2': [], 'CAMERA_3': []}",C_WALKS_TO_CAMERA,CAMERA_3,NONE,,WAITING,NONE,S_GREETS,CAMERA_3,NONE,can I help you?,FACE_TO_FACE,NONE,
150,3,CAMERA_3,['CAMERA_3'],"{'CAMERA_1': [], 'CAMERA_2': [], 'CAMERA_3': []}",C_LOOKING_FOR_A_CAMERA,CAMERA_3,NONE,I'm looking to get a camera for my for my dad,FACE_TO_FACE,NONE,S_INTRODUCES_CAMERA,CAMERA_3,,Let me show you this. Here we have the Fujifilm PowerShot ELPH S2800.,PRESENT_X,CAMERA_3,39~68
150,4,CAMERA_3,['CAMERA_3'],"{'CAMERA_1': [], 'CAMERA_2': [], 'CAMERA_3': ['long_exposure']}",C_QUESTION_ABOUT_FEATURE,CAMERA_3,long_exposure,and what about the exposure,PRESENT_X,CAMERA_3,S_ANSWERS_QUESTION_ABOUT_FEATURE,CAMERA_3,long_exposure,This one can take long exposures up to 30 minutes max with bulb mode.,PRESENT_X,CAMERA_3,39~68
150,5,CAMERA_3,['CAMERA_3'],"{'CAMERA_1': [], 'CAMERA_2': [], 'CAMERA_3': ['long_exposure', 'price']}",C_QUESTION_ABOUT_FEATURE,CAMERA_3,price,how much is this,PRESENT_X,CAMERA_3,S_ANSWERS_QUESTION_ABOUT_FEATURE,CAMERA_3,price,This one costs $518.,PRESENT_X,CAMERA_3,15~19
150,6,CAMERA_3,['CAMERA_3'],"{'CAMERA_1': [], 'CAMERA_2': [], 'CAMERA_3': ['long_exposure', 'price', 'camera_type']}",C_QUESTION_ABOUT_FEATURE,CAMERA_3,camera_type,what kind of camera is this,PRESENT_X,CAMERA_3,S_ANSWERS_QUESTION_ABOUT_FEATURE,CAMERA_3,camera_type,This is a point and shoot camera.,PRESENT_X,CAMERA_3,10~25
150,7,CAMERA_3,['CAMERA_3'],"{'CAMERA_1': [], 'CAMERA_2': [], 'CAMERA_3': ['long_exposure', 'price', 'camera_type', 'settings']}",C_QUESTION_ABOUT_FEATURE,CAMERA_3,settings,I mainly shoot in manual mode is that capable,PRESENT_X,CAMERA_3,S_ANSWERS_QUESTION_ABOUT_FEATURE,CAMERA_3,settings,"This one has manual control and various automatic settings (video modeburst shooting, etc.).",PRESENT_X,CAMERA_3,13~91
150,8,CAMERA_3,['CAMERA_3'],"{'CAMERA_1': [], 'CAMERA_2': [], 'CAMERA_3': ['long_exposure', 'price', 'camera_type', 'settings', 'color']}",C_QUESTION_ABOUT_FEATURE,CAMERA_3,color,what colors does it come in,PRESENT_X,CAMERA_3,S_ANSWERS_QUESTION_ABOUT_FEATURE,CAMERA_3,color,"This one comes in purple, white, silver, blue, red, or pink.",PRESENT_X,CAMERA_3,18~59
150,9,CAMERA_2,"['CAMERA_3', 'CAMERA_2']","{'CAMERA_1': [], 'CAMERA_2': [], 'CAMERA_3': ['long_exposure', 'price', 'camera_type', 'settings', 'color']}",C_ANYTHING_ELSE_AVAILABLE,CAMERA_3,NONE,So this is the only model you have in your shop,PRESENT_X,CAMERA_3,S_INTRODUCES_CAMERA,CAMERA_2,,Let me show you this. Here we have the Fujifilm Lumix ILC Camera.,PRESENT_X,CAMERA_2,39~64
150,10,CAMERA_2,"['CAMERA_3', 'CAMERA_2']","{'CAMERA_1': [], 'CAMERA_2': ['sensor_size'], 'CAMERA_3': ['long_exposure', 'price', 'camera_type', 'settings', 'color']}",C_SILENT_OR_BACKCHANNEL,CAMERA_2,NONE,okay great can I use the thirty-second look into booster at ISO 3200,PRESENT_X,CAMERA_2,S_INTRODUCES_FEATURE,CAMERA_2,sensor_size,This one has a 1/2.33 inch sensor.,PRESENT_X,CAMERA_2,15~33
150,11,CAMERA_2,"['CAMERA_3', 'CAMERA_2']","{'CAMERA_1': [], 'CAMERA_2': ['sensor_size', 'camera_type'], 'CAMERA_3': ['long_exposure', 'price', 'camera_type', 'settings', 'color']}",C_QUESTION_ABOUT_FEATURE,CAMERA_2,camera_type,Is this a mirrorless camera?,PRESENT_X,CAMERA_2,S_ANSWERS_QUESTION_ABOUT_FEATURE,CAMERA_2,camera_type,This is a digital single lens mirrorless camera.,PRESENT_X,CAMERA_2,10~40
150,12,CAMERA_2,"['CAMERA_3', 'CAMERA_2']","{'CAMERA_1': [], 'CAMERA_2': ['sensor_size', 'camera_type', 'weight'], 'CAMERA_3': ['long_exposure', 'price', 'camera_type', 'settings', 'color']}",C_QUESTION_ABOUT_FEATURE,CAMERA_2,weight,how much does it weight,PRESENT_X,CAMERA_2,S_ANSWERS_QUESTION_ABOUT_FEATURE,CAMERA_2,weight,This one weighs 820 grams.,PRESENT_X,CAMERA_2,16~25
150,13,CAMERA_2,"['CAMERA_3', 'CAMERA_2']","{'CAMERA_1': [], 'CAMERA_2': ['sensor_size', 'camera_type', 'weight', 'color'], 'CAMERA_3': ['long_exposure', 'price', 'camera_type', 'settings', 'color']}",C_QUESTION_ABOUT_FEATURE,CAMERA_2,color,do you have any other colors like maybe you something suitable for goats,PRESENT_X,CAMERA_2,S_ANSWERS_QUESTION_ABOUT_FEATURE,CAMERA_2,color,This one comes in white or pink.,PRESENT_X,CAMERA_2,18~31
150,14,CAMERA_2,"['CAMERA_3', 'CAMERA_2']","{'CAMERA_1': [], 'CAMERA_2': ['sensor_size', 'camera_type', 'weight', 'color', 'long_exposure'], 'CAMERA_3': ['long_exposure', 'price', 'camera_type', 'settings', 'color']}",C_QUESTION_ABOUT_FEATURE,CAMERA_2,long_exposure,what is the exposure like,PRESENT_X,CAMERA_2,S_ANSWERS_QUESTION_ABOUT_FEATURE,CAMERA_2,long_exposure,This one can take long exposures up to 60 minutes max with bulb mode.,PRESENT_X,CAMERA_2,39~68
150,15,CAMERA_2,"['CAMERA_3', 'CAMERA_2']","{'CAMERA_1': [], 'CAMERA_2': ['sensor_size', 'camera_type', 'weight', 'color', 'long_exposure', 'resolution'], 'CAMERA_3': ['long_exposure', 'price', 'camera_type', 'settings', 'color']}",C_QUESTION_ABOUT_FEATURE,CAMERA_2,resolution,Honda how many mega pixels on the screen,PRESENT_X,CAMERA_2,S_ANSWERS_QUESTION_ABOUT_FEATURE,CAMERA_2,resolution,This one has 23.8 megapixels resolution.,PRESENT_X,CAMERA_2,13~28
150,16,CAMERA_2,"['CAMERA_3', 'CAMERA_2']","{'CAMERA_1': [], 'CAMERA_2': ['sensor_size', 'camera_type', 'weight', 'color', 'long_exposure', 'resolution', 'price'], 'CAMERA_3': ['long_exposure', 'price', 'camera_type', 'settings', 'color']}",C_SILENT_OR_BACKCHANNEL,CAMERA_2,NONE,that's good,PRESENT_X,CAMERA_2,S_INTRODUCES_FEATURE,CAMERA_2,price,This one costs $768.,PRESENT_X,CAMERA_2,15~19
150,17,CAMERA_2,"['CAMERA_3', 'CAMERA_2']","{'CAMERA_1': [], 'CAMERA_2': ['sensor_size', 'camera_type', 'weight', 'color', 'long_exposure', 'resolution', 'price', 'settings'], 'CAMERA_3': ['long_exposure', 'price', 'camera_type', 'settings', 'color']}",C_SILENT_OR_BACKCHANNEL,CAMERA_2,NONE,wow that's really interesting ,PRESENT_X,CAMERA_2,S_INTRODUCES_FEATURE,CAMERA_2,settings,"This one has manual control and various automatic settings (video modeburst shooting, etc.).",PRESENT_X,CAMERA_2,13~91
150,18,CAMERA_2,"['CAMERA_3', 'CAMERA_2']","{'CAMERA_1': [], 'CAMERA_2': ['sensor_size', 'camera_type', 'weight', 'color', 'long_exposure', 'resolution', 'price', 'settings', 'effects'], 'CAMERA_3': ['long_exposure', 'price', 'camera_type', 'settings', 'color']}",C_SILENT_OR_BACKCHANNEL,CAMERA_2,NONE,IC,PRESENT_X,CAMERA_2,S_INTRODUCES_FEATURE,CAMERA_2,effects,"This one has 24 artistic effect modes (retro, lighter or darker skin tones, sepia, etc.).",PRESENT_X,CAMERA_2,13~88
150,19,NONE,"['CAMERA_3', 'CAMERA_2']","{'CAMERA_1': [], 'CAMERA_2': ['sensor_size', 'camera_type', 'weight', 'color', 'long_exposure', 'resolution', 'price', 'settings', 'effects'], 'CAMERA_3': ['long_exposure', 'price', 'camera_type', 'settings', 'color']}",C_THANK_YOU,CAMERA_2,NONE,Alright I will think about it thank you very much,PRESENT_X,CAMERA_2,S_THANK_YOU,CAMERA_2,NONE,thank you very much.,FACE_TO_FACE,NONE,
150,20,NONE,"['CAMERA_3', 'CAMERA_2']","{'CAMERA_1': [], 'CAMERA_2': ['sensor_size', 'camera_type', 'weight', 'color', 'long_exposure', 'resolution', 'price', 'settings', 'effects'], 'CAMERA_3': ['long_exposure', 'price', 'camera_type', 'settings', 'color']}",C_LEAVES,DOOR,NONE,,FACE_TO_FACE,NONE,S_RETURNS_TO_COUNTER,SERVICE_COUNTER,NONE,,WAITING,NONE,
151,1,NONE,[],"{'CAMERA_1': [], 'CAMERA_2': [], 'CAMERA_3': []}",C_ENTERS,DOOR,NONE,,WAITING,NONE,S_NONE,SERVICE_COUNTER,NONE,,WAITING,NONE,
151,2,NONE,[],"{'CAMERA_1': [], 'CAMERA_2': [], 'CAMERA_3': []}",C_GREETS,MIDDLE,NONE,hi can I ask something,WAITING,NONE,S_GREETS,MIDDLE,NONE,can I help you?,FACE_TO_FACE,NONE,
151,3,CAMERA_2,['CAMERA_2'],"{'CAMERA_1': [], 'CAMERA_2': [], 'CAMERA_3': []}",C_LOOKING_FOR_A_CAMERA,MIDDLE,NONE,I'm looking for a camera,FACE_TO_FACE,NONE,S_INTRODUCES_CAMERA,CAMERA_2,,Let me show you this. Here we have the Fujifilm Lumix ILC Camera.,PRESENT_X,CAMERA_2,39~64
151,4,CAMERA_2,['CAMERA_2'],"{'CAMERA_1': [], 'CAMERA_2': ['price'], 'CAMERA_3': []}",C_QUESTION_ABOUT_FEATURE,CAMERA_2,price,and how about the price,PRESENT_X,CAMERA_2,S_ANSWERS_QUESTION_ABOUT_FEATURE,CAMERA_2,price,This one costs $768.,PRESENT_X,CAMERA_2,15~19
151,5,CAMERA_2,['CAMERA_2'],"{'CAMERA_1': [], 'CAMERA_2': ['price', 'autofocus_points'], 'CAMERA_3': []}",C_QUESTION_ABOUT_FEATURE,CAMERA_2,autofocus_points,How many autofocus points does this Canon camera have,PRESENT_X,CAMERA_2,S_NOT_SURE,CAMERA_2,,I'm not really sure about that.,PRESENT_X,CAMERA_2,
151,6,CAMERA_2,['CAMERA_2'],"{'CAMERA_1': [], 'CAMERA_2': ['price', 'autofocus_points', 'effects'], 'CAMERA_3': []}",C_QUESTION_ABOUT_FEATURE,CAMERA_2,effects,does it have artistic effect mode,PRESENT_X,CAMERA_2,S_ANSWERS_QUESTION_ABOUT_FEATURE,CAMERA_2,effects,"This one has 24 artistic effect modes (retro, lighter or darker skin tones, sepia, etc.).",PRESENT_X,CAMERA_2,13~88
151,7,CAMERA_3,"['CAMERA_2', 'CAMERA_3']","{'CAMERA_1': [], 'CAMERA_2': ['price', 'autofocus_points', 'effects'], 'CAMERA_3': []}",C_ANYTHING_ELSE_AVAILABLE,CAMERA_2,NONE,that's good that's okay I like it when do you have other models in this area,PRESENT_X,CAMERA_2,S_INTRODUCES_CAMERA,CAMERA_3,,Let me show you this. Here we have the Fujifilm PowerShot ELPH S2800.,PRESENT_X,CAMERA_3,39~68
151,8,CAMERA_3,"['CAMERA_2', 'CAMERA_3']","{'CAMERA_1': [], 'CAMERA_2': ['price', 'autofocus_points', 'effects'], 'CAMERA_3': ['resolution']}",C_SILENT_OR_BACKCHANNEL,CAMERA_3,NONE,this camera looks good how high does the iso go,PRESENT_X,CAMERA_3,S_INTRODUCES_FEATURE,CAMERA_3,resolution,This one has 23.2 megapixels resolution.,PRESENT_X,CAMERA_3,13~28
151,9,CAMERA_3,"['CAMERA_2', 'CAMERA_3']","{'CAMERA_1': [], 'CAMERA_2': ['price', 'autofocus_points', 'effects'], 'CAMERA_3': ['resolution', 'price']}",C_QUESTION_ABOUT_FEATURE,CAMERA_3,price,how much is this camera,PRESENT_X,CAMERA_3,S_ANSWERS_QUESTION_ABOUT_FEATURE,CAMERA_3,price,This one costs $518.,PRESENT_X,CAMERA_3,15~19
151,10,CAMERA_3,"['CAMERA_2', 'CAMERA_3']","{'CAMERA_1': [], 'CAMERA_2': ['price', 'autofocus_points', 'effects'], 'CAMERA_3': ['resolution', 'price', 'ISO']}",C_QUESTION_ABOUT_FEATURE,CAMERA_3,ISO,how is iso,PRESENT_X,CAMERA_3,S_ANSWERS_QUESTION_ABOUT_FEATURE,CAMERA_3,ISO,This one has up to 3200 ISO with little noise.,PRESENT_X,CAMERA_3,13~45
151,11,CAMERA_1,"['CAMERA_2', 'CAMERA_3', 'CAMERA_1']","{'CAMERA_1': [], 'CAMERA_2': ['price', 'autofocus_points', 'effects'], 'CAMERA_3': ['resolution', 'price', 'ISO']}",C_ANYTHING_ELSE_AVAILABLE,CAMERA_3,NONE,do you have anything better than this,PRESENT_X,CAMERA_3,S_INTRODUCES_CAMERA,CAMERA_1,,Let me show you this. Here we have the Sony PowerShot ELPH DMC-ZS3.,PRESENT_X,CAMERA_1,39~66
151,12,CAMERA_1,"['CAMERA_2', 'CAMERA_3', 'CAMERA_1']","{'CAMERA_1': ['preset_modes'], 'CAMERA_2': ['price', 'autofocus_points', 'effects'], 'CAMERA_3': ['resolution', 'price', 'ISO']}",C_QUESTION_ABOUT_FEATURE,CAMERA_1,preset_modes,Does camera support for preset Morsi,PRESENT_X,CAMERA_1,S_NOT_SURE,CAMERA_1,,I'm not really sure about that.,PRESENT_X,CAMERA_1,
151,13,CAMERA_1,"['CAMERA_2', 'CAMERA_3', 'CAMERA_1']","{'CAMERA_1': ['preset_modes', 'settings'], 'CAMERA_2': ['price', 'autofocus_points', 'effects'], 'CAMERA_3': ['resolution', 'price', 'ISO']}",C_QUESTION_ABOUT_FEATURE,CAMERA_1,settings,is it full manual,PRESENT_X,CAMERA_1,S_ANSWERS_QUESTION_ABOUT_FEATURE,CAMERA_1,settings,This one has limited manual settings.,PRESENT_X,CAMERA_1,13~36
151,14,CAMERA_1,"['CAMERA_2', 'CAMERA_3', 'CAMERA_1']","{'CAMERA_1': ['preset_modes', 'settings', 'optical_zoom'], 'CAMERA_2': ['price', 'autofocus_points', 'effects'], 'CAMERA_3': ['resolution', 'price', 'ISO']}",C_QUESTION_ABOUT_FEATURE,CAMERA_1,optical_zoom,and what about the optical zoom,PRESENT_X,CAMERA_1,S_ANSWERS_QUESTION_ABOUT_FEATURE,CAMERA_1,optical_zoom,This one has 21x optical zoom.,PRESENT_X,CAMERA_1,13~29
151,15,CAMERA_1,"['CAMERA_2', 'CAMERA_3', 'CAMERA_1']","{'CAMERA_1': ['preset_modes', 'settings', 'optical_zoom', 'resolution'], 'CAMERA_2': ['price', 'autofocus_points', 'effects'], 'CAMERA_3': ['resolution', 'price', 'ISO']}",C_QUESTION_ABOUT_FEATURE,CAMERA_1,resolution,um how about the megapixels for the camera,PRESENT_X,CAMERA_1,S_ANSWERS_QUESTION_ABOUT_FEATURE,CAMERA_1,resolution,This one has 17.8 megapixels resolution.,PRESENT_X,CAMERA_1,13~28
151,16,CAMERA_1,"['CAMERA_2', 'CAMERA_3', 'CAMERA_1']","{'CAMERA_1': ['preset_modes', 'settings', 'optical_zoom', 'resolution', 'long_exposure'], 'CAMERA_2': ['price', 'autofocus_points', 'effects'], 'CAMERA_3': ['resolution', 'price', 'ISO']}",C_QUESTION_ABOUT_FEATURE,CAMERA_1,long_exposure,and what about the exposure folding,PRESENT_X,CAMERA_1,S_ANSWERS_QUESTION_ABOUT_FEATURE,CAMERA_1,long_exposure,This one can take long exposures up to up to 15 seconds with Long Shutter Mode.,PRESENT_X,CAMERA_1,39~78
151,17,CAMERA_1,"['CAMERA_2', 'CAMERA_3', 'CAMERA_1']","{'CAMERA_1': ['preset_modes', 'settings', 'optical_zoom', 'resolution', 'long_exposure', 'sensor_size'], 'CAMERA_2': ['price', 'autofocus_points', 'effects'], 'CAMERA_3': ['resolution', 'price', 'ISO']}",C_SILENT_OR_BACKCHANNEL,CAMERA_1,NONE,yes but it didn't take really nice pictures the detail was pretty bad and so was the colors,PRESENT_X,CAMERA_1,S_INTRODUCES_FEATURE,CAMERA_1,sensor_size,This one has a 1/2.3 inch CMOS sensor.,PRESENT_X,CAMERA_1,15~37
151,18,NONE,"['CAMERA_2', 'CAMERA_3', 'CAMERA_1']","{'CAMERA_1': ['preset_modes', 'settings', 'optical_zoom', 'resolution', 'long_exposure', 'sensor_size'], 'CAMERA_2': ['price', 'autofocus_points', 'effects'], 'CAMERA_3': ['resolution', 'price', 'ISO']}",C_THANK_YOU,CAMERA_1,NONE,I will think about it then thank you,PRESENT_X,CAMERA_1,S_THANK_YOU,CAMERA_1,NONE,thank you very much.,FACE_TO_FACE,NONE,
151,19,NONE,"['CAMERA_2', 'CAMERA_3', 'CAMERA_1']","{'CAMERA_1': ['preset_modes', 'settings', 'optical_zoom', 'resolution', 'long_exposure', 'sensor_size'], 'CAMERA_2': ['price', 'autofocus_points', 'effects'], 'CAMERA_3': ['resolution', 'price', 'ISO']}",C_LEAVES,DOOR,NONE,,FACE_TO_FACE,NONE,S_RETURNS_TO_COUNTER,SERVICE_COUNTER,NONE,,WAITING,NONE,
152,1,NONE,[],"{'CAMERA_1': [], 'CAMERA_2': [], 'CAMERA_3': []}",C_ENTERS,DOOR,NONE,,WAITING,NONE,S_NONE,SERVICE_COUNTER,NONE,,WAITING,NONE,
152,2,NONE,[],"{'CAMERA_1': [], 'CAMERA_2': [], 'CAMERA_3': []}",C_GREETS,MIDDLE,NONE,hello,WAITING,NONE,S_GREETS,MIDDLE,NONE,can I help you?,FACE_TO_FACE,NONE,
152,3,CAMERA_1,['CAMERA_1'],"{'CAMERA_1': [], 'CAMERA_2': [], 'CAMERA_3': []}",C_LOOKING_FOR_A_CAMERA,MIDDLE,NONE,I'm looking for a camera to replace my old one,FACE_TO_FACE,NONE,S_INTRODUCES_CAMERA,CAMERA_1,,Let me show you this. Here we have the Sony PowerShot ELPH DMC-ZS3.,PRESENT_X,CAMERA_1,39~66
152,4,CAMERA_1,['CAMERA_1'],"{'CAMERA_1': ['price'], 'CAMERA_2': [], 'CAMERA_3': []}",C_SILENT_OR_BACKCHANNEL,CAMERA_1,NONE,very nice what colors does it come,PRESENT_X,CAMERA_1,S_INTRODUCES_FEATURE,CAMERA_1,price,This one costs $450.,PRESENT_X,CAMERA_1,15~19
152,5,CAMERA_1,['CAMERA_1'],"{'CAMERA_1': ['price', 'resolution'], 'CAMERA_2': [], 'CAMERA_3': []}",C_QUESTION_ABOUT_FEATURE,CAMERA_1,resolution,how many megapixels does it have,PRESENT_X,CAMERA_1,S_ANSWERS_QUESTION_ABOUT_FEATURE,CAMERA_1,resolution,This one has 17.8 megapixels resolution.,PRESENT_X,CAMERA_1,13~28
152,6,CAMERA_1,['CAMERA_1'],"{'CAMERA_1': ['price', 'resolution', 'ISO'], 'CAMERA_2': [], 'CAMERA_3': []}",C_QUESTION_ABOUT_FEATURE,CAMERA_1,ISO,what about the ISO,PRESENT_X,CAMERA_1,S_ANSWERS_QUESTION_ABOUT_FEATURE,CAMERA_1,ISO,This one has up to 51200 ISO.,PRESENT_X,CAMERA_1,13~28
152,7,CAMERA_1,['CAMERA_1'],"{'CAMERA_1': ['price', 'resolution', 'ISO', 'long_exposure'], 'CAMERA_2': [], 'CAMERA_3': []}",C_QUESTION_ABOUT_FEATURE,CAMERA_1,long_exposure,that's great and has a long exposure might as well,PRESENT_X,CAMERA_1,S_ANSWERS_QUESTION_ABOUT_FEATURE,CAMERA_1,long_exposure,This one can take long exposures up to up to 15 seconds with Long Shutter Mode.,PRESENT_X,CAMERA_1,39~78
152,8,CAMERA_1,['CAMERA_1'],"{'CAMERA_1': ['price', 'resolution', 'ISO', 'long_exposure', 'effects'], 'CAMERA_2': [], 'CAMERA_3': []}",C_QUESTION_ABOUT_FEATURE,CAMERA_1,effects,something that can add an artistic effect,PRESENT_X,CAMERA_1,S_ANSWERS_QUESTION_ABOUT_FEATURE,CAMERA_1,effects,"This one has 24 glamor retouch effects (miniature, retro, toy camera, etc.).",PRESENT_X,CAMERA_1,13~75
152,9,CAMERA_3,"['CAMERA_1', 'CAMERA_3']","{'CAMERA_1': ['price', 'resolution', 'ISO', 'long_exposure', 'effects'], 'CAMERA_2': [], 'CAMERA_3': []}",C_ANYTHING_ELSE_AVAILABLE,CAMERA_1,NONE,do you have anything better than this,PRESENT_X,CAMERA_1,S_INTRODUCES_CAMERA,CAMERA_3,,Let me show you this. Here we have the Fujifilm PowerShot ELPH S2800.,PRESENT_X,CAMERA_3,39~68
152,10,CAMERA_3,"['CAMERA_1', 'CAMERA_3']","{'CAMERA_1': ['price', 'resolution', 'ISO', 'long_exposure', 'effects'], 'CAMERA_2': [], 'CAMERA_3': ['autofocus_points']}",C_SILENT_OR_BACKCHANNEL,CAMERA_3,NONE,that sounds good,PRESENT_X,CAMERA_3,S_INTRODUCES_FEATURE,CAMERA_3,autofocus_points,This one has 214 autofocus points.,PRESENT_X,CAMERA_3,13~33
152,11,CAMERA_3,"['CAMERA_1', 'CAMERA_3']","{'CAMERA_1': ['price', 'resolution', 'ISO', 'long_exposure', 'effects'], 'CAMERA_2': [], 'CAMERA_3': ['autofocus_points', 'ISO']}",C_QUESTION_ABOUT_FEATURE,CAMERA_3,ISO,what is a ISO on a camera,PRESENT_X,CAMERA_3,S_ANSWERS_QUESTION_ABOUT_FEATURE,CAMERA_3,ISO,This one has up to 3200 ISO with little noise.,PRESENT_X,CAMERA_3,13~45
152,12,CAMERA_3,"['CAMERA_1', 'CAMERA_3']","{'CAMERA_1': ['price', 'resolution', 'ISO', 'long_exposure', 'effects'], 'CAMERA_2': [], 'CAMERA_3': ['autofocus_points', 'ISO', 'camera_type']}",C_SILENT_OR_BACKCHANNEL,CAMERA_3,NONE,ok,PRESENT_X,CAMERA_3,S_INTRODUCES_FEATURE,CAMERA_3,camera_type,This is a point and shoot camera.,PRESENT_X,CAMERA_3,10~25
152,13,CAMERA_3,"['CAMERA_1', 'CAMERA_3']","{'CAMERA_1': ['price', 'resolution', 'ISO', 'long_exposure', 'effects'], 'CAMERA_2': [], 'CAMERA_3': ['autofocus_points', 'ISO', 'camera_type', 'color']}",C_SILENT_OR_BACKCHANNEL,CAMERA_3,NONE,ok,PRESENT_X,CAMERA_3,S_INTRODUCES_FEATURE,CAMERA_3,color,"This one comes in purple, white, silver, blue, red, or pink.",PRESENT_X,CAMERA_3,18~59
152,14,CAMERA_3,"['CAMERA_1', 'CAMERA_3']","{'CAMERA_1': ['price', 'resolution', 'ISO', 'long_exposure', 'effects'], 'CAMERA_2': [], 'CAMERA_3': ['autofocus_points', 'ISO', 'camera_type', 'color', 'weight']}",C_QUESTION_ABOUT_FEATURE,CAMERA_3,weight,and what's the weight on it,PRESENT_X,CAMERA_3,S_ANSWERS_QUESTION_ABOUT_FEATURE,CAMERA_3,weight,This one weighs 820 grams.,PRESENT_X,CAMERA_3,16~25
152,15,CAMERA_2,"['CAMERA_1', 'CAMERA_3', 'CAMERA_2']","{'CAMERA_1': ['price', 'resolution', 'ISO', 'long_exposure', 'effects'], 'CAMERA_2': [], 'CAMERA_3': ['autofocus_points', 'ISO', 'camera_type', 'color', 'weight']}",C_ANYTHING_ELSE_AVAILABLE,CAMERA_3,NONE,So this is the only model you have in your shop,PRESENT_X,CAMERA_3,S_INTRODUCES_CAMERA,CAMERA_2,,Let me show you this. Here we have the Fujifilm Lumix ILC Camera.,PRESENT_X,CAMERA_2,39~64
152,16,CAMERA_2,"['CAMERA_1', 'CAMERA_3', 'CAMERA_2']","{'CAMERA_1': ['price', 'resolution', 'ISO', 'long_exposure', 'effects'], 'CAMERA_2': ['optical_zoom'], 'CAMERA_3': ['autofocus_points', 'ISO', 'camera_type', 'color', 'weight']}",C_QUESTION_ABOUT_FEATURE,CAMERA_2,optical_zoom,What about the Zoom,PRESENT_X,CAMERA_2,S_ANSWERS_QUESTION_ABOUT_FEATURE,CAMERA_2,optical_zoom,This one has 21x optical zoom.,PRESENT_X,CAMERA_2,13~29
152,17,CAMERA_2,"['CAMERA_1', 'CAMERA_3', 'CAMERA_2']","{'CAMERA_1': ['price', 'resolution', 'ISO', 'long_exposure', 'effects'], 'CAMERA_2': ['optical_zoom', 'weight'], 'CAMERA_3': ['autofocus_points', 'ISO', 'camera_type', 'color', 'weight']}",C_QUESTION_ABOUT_FEATURE,CAMERA_2,weight,and how much this one way,PRESENT_X,CAMERA_2,S_ANSWERS_QUESTION_ABOUT_FEATURE,CAMERA_2,weight,This one weighs 820 grams.,PRESENT_X,CAMERA_2,16~25
152,18,,"['CAMERA_1', 'CAMERA_3', 'CAMERA_2']","{'CAMERA_1': ['price', 'resolution', 'ISO', 'long_exposure', 'effects'], 'CAMERA_2': ['optical_zoom', 'weight'], 'CAMERA_3': ['autofocus_points', 'ISO', 'camera_type', 'color', 'weight']}",C_ANYTHING_ELSE_AVAILABLE,CAMERA_2,NONE,So this is the only model you have in your shop,PRESENT_X,CAMERA_2,S_THATS_ALL_WE_HAVE_AVAILABLE,CAMERA_2,,That's all we have available at the moment.,PRESENT_X,CAMERA_2,
152,19,NONE,"['CAMERA_1', 'CAMERA_3', 'CAMERA_2']","{'CAMERA_1': ['price', 'resolution', 'ISO', 'long_exposure', 'effects'], 'CAMERA_2': ['optical_zoom', 'weight'], 'CAMERA_3': ['autofocus_points', 'ISO', 'camera_type', 'color', 'weight']}",C_THANK_YOU,CAMERA_2,NONE,okay thank you very much,PRESENT_X,CAMERA_2,S_THANK_YOU,CAMERA_2,NONE,thank you very much.,FACE_TO_FACE,NONE,
152,20,NONE,"['CAMERA_1', 'CAMERA_3', 'CAMERA_2']","{'CAMERA_1': ['price', 'resolution', 'ISO', 'long_exposure', 'effects'], 'CAMERA_2': ['optical_zoom', 'weight'], 'CAMERA_3': ['autofocus_points', 'ISO', 'camera_type', 'color', 'weight']}",C_LEAVES,DOOR,NONE,,FACE_TO_FACE,NONE,S_RETURNS_TO_COUNTER,SERVICE_COUNTER,NONE,,WAITING,NONE,
153,1,NONE,[],"{'CAMERA_1': [], 'CAMERA_2': [], 'CAMERA_3': []}",C_ENTERS,DOOR,NONE,,WAITING,NONE,S_NONE,SERVICE_COUNTER,NONE,,WAITING,NONE,
153,2,NONE,[],"{'CAMERA_1': [], 'CAMERA_2': [], 'CAMERA_3': []}",C_WALKS_TO_CAMERA,CAMERA_1,NONE,,WAITING,NONE,S_NONE,SERVICE_COUNTER,NONE,,WAITING,NONE,
153,3,CAMERA_1,['CAMERA_1'],"{'CAMERA_1': ['effects'], 'CAMERA_2': [], 'CAMERA_3': []}",C_QUESTION_ABOUT_FEATURE,CAMERA_1,effects,what about artistic effect or something,WAITING,NONE,S_ANSWERS_QUESTION_ABOUT_FEATURE,CAMERA_1,effects,"This one has 24 glamor retouch effects (miniature, retro, toy camera, etc.).",PRESENT_X,CAMERA_1,13~75
153,4,CAMERA_3,"['CAMERA_1', 'CAMERA_3']","{'CAMERA_1': ['effects'], 'CAMERA_2': [], 'CAMERA_3': []}",C_ANYTHING_ELSE_AVAILABLE,CAMERA_1,NONE,can you recommend another camera similar to this,PRESENT_X,CAMERA_1,S_INTRODUCES_CAMERA,CAMERA_3,,Let me show you this. Here we have the Fujifilm PowerShot ELPH S2800.,PRESENT_X,CAMERA_3,39~68
153,5,CAMERA_3,"['CAMERA_1', 'CAMERA_3']","{'CAMERA_1': ['effects'], 'CAMERA_2': [], 'CAMERA_3': ['ISO']}",C_QUESTION_ABOUT_FEATURE,CAMERA_3,ISO,and how does the iso compared with the cannon,PRESENT_X,CAMERA_3,S_ANSWERS_QUESTION_ABOUT_FEATURE,CAMERA_3,ISO,This one has up to 3200 ISO with little noise.,PRESENT_X,CAMERA_3,13~45
153,6,CAMERA_3,"['CAMERA_1', 'CAMERA_3']","{'CAMERA_1': ['effects'], 'CAMERA_2': [], 'CAMERA_3': ['ISO', 'preset_modes']}",C_QUESTION_ABOUT_FEATURE,CAMERA_3,preset_modes,does it have any preset mode ready to use,PRESENT_X,CAMERA_3,S_ANSWERS_QUESTION_ABOUT_FEATURE,CAMERA_3,preset_modes,This one has various preset modes.,PRESENT_X,CAMERA_3,13~33
153,7,CAMERA_3,"['CAMERA_1', 'CAMERA_3']","{'CAMERA_1': ['effects'], 'CAMERA_2': [], 'CAMERA_3': ['ISO', 'preset_modes', 'color']}",C_QUESTION_ABOUT_FEATURE,CAMERA_3,color,hopefully this camera had any colors,PRESENT_X,CAMERA_3,S_ANSWERS_QUESTION_ABOUT_FEATURE,CAMERA_3,color,"This one comes in purple, white, silver, blue, red, or pink.",PRESENT_X,CAMERA_3,18~59
153,8,CAMERA_3,"['CAMERA_1', 'CAMERA_3']","{'CAMERA_1': ['effects'], 'CAMERA_2': [], 'CAMERA_3': ['ISO', 'preset_modes', 'color', 'autofocus_points']}",C_SILENT_OR_BACKCHANNEL,CAMERA_3,NONE,IC,PRESENT_X,CAMERA_3,S_INTRODUCES_FEATURE,CAMERA_3,autofocus_points,This one has 214 autofocus points.,PRESENT_X,CAMERA_3,13~33
153,9,CAMERA_3,"['CAMERA_1', 'CAMERA_3']","{'CAMERA_1': ['effects'], 'CAMERA_2': [], 'CAMERA_3': ['ISO', 'preset_modes', 'color', 'autofocus_points', 'settings']}",C_QUESTION_ABOUT_FEATURE,CAMERA_3,settings,I mainly shoot in manual mode is that capable,PRESENT_X,CAMERA_3,S_ANSWERS_QUESTION_ABOUT_FEATURE,CAMERA_3,settings,"This one has manual control and various automatic settings (video modeburst shooting, etc.).",PRESENT_X,CAMERA_3,13~91
153,10,CAMERA_3,"['CAMERA_1', 'CAMERA_3']","{'CAMERA_1': ['effects'], 'CAMERA_2': [], 'CAMERA_3': ['ISO', 'preset_modes', 'color', 'autofocus_points', 'settings', 'effects']}",C_SILENT_OR_BACKCHANNEL,CAMERA_3,NONE,IC,PRESENT_X,CAMERA_3,S_INTRODUCES_FEATURE,CAMERA_3,effects,"This one has 21 photo effects (small face, retro, big eyes, etc.).",PRESENT_X,CAMERA_3,13~65
153,11,CAMERA_3,"['CAMERA_1', 'CAMERA_3']","{'CAMERA_1': ['effects'], 'CAMERA_2': [], 'CAMERA_3': ['ISO', 'preset_modes', 'color', 'autofocus_points', 'settings', 'effects', 'sensor_size']}",C_QUESTION_ABOUT_FEATURE,CAMERA_3,sensor_size,what's sensor size,PRESENT_X,CAMERA_3,S_ANSWERS_QUESTION_ABOUT_FEATURE,CAMERA_3,sensor_size,This one has a full frame.,PRESENT_X,CAMERA_3,15~25
153,12,CAMERA_2,"['CAMERA_1', 'CAMERA_3', 'CAMERA_2']","{'CAMERA_1': ['effects'], 'CAMERA_2': [], 'CAMERA_3': ['ISO', 'preset_modes', 'color', 'autofocus_points', 'settings', 'effects', 'sensor_size']}",C_ANYTHING_ELSE_AVAILABLE,CAMERA_3,NONE,can you recommend another camera similar to this,PRESENT_X,CAMERA_3,S_INTRODUCES_CAMERA,CAMERA_2,,Let me show you this. Here we have the Fujifilm Lumix ILC Camera.,PRESENT_X,CAMERA_2,39~64
153,13,CAMERA_2,"['CAMERA_1', 'CAMERA_3', 'CAMERA_2']","{'CAMERA_1': ['effects'], 'CAMERA_2': ['camera_type'], 'CAMERA_3': ['ISO', 'preset_modes', 'color', 'autofocus_points', 'settings', 'effects', 'sensor_size']}",C_QUESTION_ABOUT_FEATURE,CAMERA_2,camera_type,is this a point and shoot camera,PRESENT_X,CAMERA_2,S_ANSWERS_QUESTION_ABOUT_FEATURE,CAMERA_2,camera_type,This is a digital single lens mirrorless camera.,PRESENT_X,CAMERA_2,10~40
153,14,CAMERA_2,"['CAMERA_1', 'CAMERA_3', 'CAMERA_2']","{'CAMERA_1': ['effects'], 'CAMERA_2': ['camera_type', 'long_exposure'], 'CAMERA_3': ['ISO', 'preset_modes', 'color', 'autofocus_points', 'settings', 'effects', 'sensor_size']}",C_QUESTION_ABOUT_FEATURE,CAMERA_2,long_exposure,is the exposure over 20 seconds,PRESENT_X,CAMERA_2,S_ANSWERS_QUESTION_ABOUT_FEATURE,CAMERA_2,long_exposure,This one can take long exposures up to 60 minutes max with bulb mode.,PRESENT_X,CAMERA_2,39~68
153,15,CAMERA_2,"['CAMERA_1', 'CAMERA_3', 'CAMERA_2']","{'CAMERA_1': ['effects'], 'CAMERA_2': ['camera_type', 'long_exposure', 'resolution'], 'CAMERA_3': ['ISO', 'preset_modes', 'color', 'autofocus_points', 'settings', 'effects', 'sensor_size']}",C_QUESTION_ABOUT_FEATURE,CAMERA_2,resolution,I feel like the resolution is not very good,PRESENT_X,CAMERA_2,S_ANSWERS_QUESTION_ABOUT_FEATURE,CAMERA_2,resolution,This one has 23.8 megapixels resolution.,PRESENT_X,CAMERA_2,13~28
153,16,CAMERA_2,"['CAMERA_1', 'CAMERA_3', 'CAMERA_2']","{'CAMERA_1': ['effects'], 'CAMERA_2': ['camera_type', 'long_exposure', 'resolution', 'settings'], 'CAMERA_3': ['ISO', 'preset_modes', 'color', 'autofocus_points', 'settings', 'effects', 'sensor_size']}",C_QUESTION_ABOUT_FEATURE,CAMERA_2,settings,so um how about its ability to adjust settings is it manual,PRESENT_X,CAMERA_2,S_ANSWERS_QUESTION_ABOUT_FEATURE,CAMERA_2,settings,"This one has manual control and various automatic settings (video modeburst shooting, etc.).",PRESENT_X,CAMERA_2,13~91
153,17,CAMERA_2,"['CAMERA_1', 'CAMERA_3', 'CAMERA_2']","{'CAMERA_1': ['effects'], 'CAMERA_2': ['camera_type', 'long_exposure', 'resolution', 'settings', 'optical_zoom'], 'CAMERA_3': ['ISO', 'preset_modes', 'color', 'autofocus_points', 'settings', 'effects', 'sensor_size']}",C_SILENT_OR_BACKCHANNEL,CAMERA_2,NONE,yes but it didn't take really nice pictures the detail was pretty bad and so was the colors,PRESENT_X,CAMERA_2,S_INTRODUCES_FEATURE,CAMERA_2,optical_zoom,This one has 21x optical zoom.,PRESENT_X,CAMERA_2,13~29
153,18,CAMERA_2,"['CAMERA_1', 'CAMERA_3', 'CAMERA_2']","{'CAMERA_1': ['effects'], 'CAMERA_2': ['camera_type', 'long_exposure', 'resolution', 'settings', 'optical_zoom', 'autofocus_points'], 'CAMERA_3': ['ISO', 'preset_modes', 'color', 'autofocus_points', 'settings', 'effects', 'sensor_size']}",C_QUESTION_ABOUT_FEATURE,CAMERA_2,autofocus_points,and the autofocus points,PRESENT_X,CAMERA_2,S_NOT_SURE,CAMERA_2,,I'm not really sure about that.,PRESENT_X,CAMERA_2,
153,19,NONE,"['CAMERA_1', 'CAMERA_3', 'CAMERA_2']","{'CAMERA_1': ['effects'], 'CAMERA_2': ['camera_type', 'long_exposure', 'resolution', 'settings', 'optical_zoom', 'autofocus_points'], 'CAMERA_3': ['ISO', 'preset_modes', 'color', 'autofocus_points', 'settings', 'effects', 'sensor_size']}",C_THANK_YOU,CAMERA_2,NONE,thank you have a great day,PRESENT_X,CAMERA_2,S_THANK_YOU,CAMERA_2,NONE,thank you very much.,FACE_TO_FACE,NONE,
153,20,NONE,"['CAMERA_1', 'CAMERA_3', 'CAMERA_2']","{'CAMERA_1': ['effects'], 'CAMERA_2': ['camera_type', 'long_exposure', 'resolution', 'settings', 'optical_zoom', 'autofocus_points'], 'CAMERA_3': ['ISO', 'preset_modes', 'color', 'autofocus_points', 'settings', 'effects', 'sensor_size']}",C_LEAVES,DOOR,NONE,,FACE_TO_FACE,NONE,S_RETURNS_TO_COUNTER,SERVICE_COUNTER,NONE,,WAITING,NONE,
154,1,NONE,[],"{'CAMERA_1': [], 'CAMERA_2': [], 'CAMERA_3': []}",C_ENTERS,DOOR,NONE,,WAITING,NONE,S_NONE,SERVICE_COUNTER,NONE,,WAITING,NONE,
154,2,NONE,[],"{'CAMERA_1': [], 'CAMERA_2': [], 'CAMERA_3': []}",C_GREETS,MIDDLE,NONE,excuse me,WAITING,NONE,S_GREETS,MIDDLE,NONE,can I help you?,FACE_TO_FACE,NONE,
154,3,CAMERA_3,['CAMERA_3'],"{'CAMERA_1': [], 'CAMERA_2': [], 'CAMERA_3': []}",C_LOOKING_FOR_A_CAMERA,MIDDLE,NONE,I'm looking for a camera,FACE_TO_FACE,NONE,S_INTRODUCES_CAMERA,CAMERA_3,,Let me show you this. Here we have the Fujifilm PowerShot ELPH S2800.,PRESENT_X,CAMERA_3,39~68
154,4,CAMERA_3,['CAMERA_3'],"{'CAMERA_1': [], 'CAMERA_2': [], 'CAMERA_3': ['effects']}",C_QUESTION_ABOUT_FEATURE,CAMERA_3,effects,and what is the artistic effect mode on this camera,PRESENT_X,CAMERA_3,S_ANSWERS_QUESTION_ABOUT_FEATURE,CAMERA_3,effects,"This one has 21 photo effects (small face, retro, big eyes, etc.).",PRESENT_X,CAMERA_3,13~65
154,5,NONE,['CAMERA_3'],"{'CAMERA_1': [], 'CAMERA_2': [], 'CAMERA_3': ['effects']}",C_THANK_YOU,CAMERA_3,NONE,thank you very much,PRESENT_X,CAMERA_3,S_THANK_YOU,CAMERA_3,NONE,thank you very much.,FACE_TO_FACE,NONE,
154,6,NONE,['CAMERA_3'],"{'CAMERA_1': [], 'CAMERA_2': [], 'CAMERA_3': ['effects']}",C_LEAVES,DOOR,NONE,,FACE_TO_FACE,NONE,S_RETURNS_TO_COUNTER,SERVICE_COUNTER,NONE,,WAITING,NONE,
155,1,NONE,[],"{'CAMERA_1': [], 'CAMERA_2': [], 'CAMERA_3': []}",C_ENTERS,DOOR,NONE,,WAITING,NONE,S_NONE,SERVICE_COUNTER,NONE,,WAITING,NONE,
155,2,NONE,[],"{'CAMERA_1': [], 'CAMERA_2': [], 'CAMERA_3': []}",C_GREETS,MIDDLE,NONE,excuse me,WAITING,NONE,S_GREETS,MIDDLE,NONE,can I help you?,FACE_TO_FACE,NONE,
155,3,CAMERA_1,['CAMERA_1'],"{'CAMERA_1': [], 'CAMERA_2': [], 'CAMERA_3': []}",C_LOOKING_FOR_A_CAMERA,MIDDLE,NONE,oh hi I'm just looking for a camera,FACE_TO_FACE,NONE,S_INTRODUCES_CAMERA,CAMERA_1,,Let me show you this. Here we have the Sony PowerShot ELPH DMC-ZS3.,PRESENT_X,CAMERA_1,39~66
155,4,CAMERA_1,['CAMERA_1'],"{'CAMERA_1': ['settings'], 'CAMERA_2': [], 'CAMERA_3': []}",C_QUESTION_ABOUT_FEATURE,CAMERA_1,settings,sounds good what about the manual settings,PRESENT_X,CAMERA_1,S_ANSWERS_QUESTION_ABOUT_FEATURE,CAMERA_1,settings,This one has limited manual settings.,PRESENT_X,CAMERA_1,13~36
155,5,CAMERA_1,['CAMERA_1'],"{'CAMERA_1': ['settings', 'effects'], 'CAMERA_2': [], 'CAMERA_3': []}",C_SILENT_OR_BACKCHANNEL,CAMERA_1,NONE,oh wow this is awesome all God,PRESENT_X,CAMERA_1,S_INTRODUCES_FEATURE,CAMERA_1,effects,"This one has 24 glamor retouch effects (miniature, retro, toy camera, etc.).",PRESENT_X,CAMERA_1,13~75
155,6,NONE,['CAMERA_1'],"{'CAMERA_1': ['settings', 'effects'], 'CAMERA_2': [], 'CAMERA_3': []}",C_THANK_YOU,CAMERA_1,NONE,ok thanks,PRESENT_X,CAMERA_1,S_THANK_YOU,CAMERA_1,NONE,thank you very much.,FACE_TO_FACE,NONE,
155,7,NONE,['CAMERA_1'],"{'CAMERA_1': ['settings', 'effects'], 'CAMERA_2': [], 'CAMERA_3': []}",C_LEAVES,DOOR,NONE,,FACE_TO_FACE,NONE,S_RETURNS_TO_COUNTER,SERVICE_COUNTER,NONE,,WAITING,NONE,
156,1,NONE,[],"{'CAMERA_1': [], 'CAMERA_2': [], 'CAMERA_3': []}",C_ENTERS,DOOR,NONE,,WAITING,NONE,S_NONE,SERVICE_COUNTER,NONE,,WAITING,NONE,
156,2,NONE,[],"{'CAMERA_1': [], 'CAMERA_2': [], 'CAMERA_3': []}",C_GREETS,MIDDLE,NONE,excuse me you have two other cameras which is cheapest,WAITING,NONE,S_GREETS,MIDDLE,NONE,can I help you?,FACE_TO_FACE,NONE,
156,3,CAMERA_2,['CAMERA_2'],"{'CAMERA_1': [], 'CAMERA_2': [], 'CAMERA_3': []}",C_LOOKING_FOR_A_CAMERA,MIDDLE,NONE,I'm looking for a camera for my business,FACE_TO_FACE,NONE,S_INTRODUCES_CAMERA,CAMERA_2,,Let me show you this. Here we have the Fujifilm Lumix ILC Camera.,PRESENT_X,CAMERA_2,39~64
156,4,CAMERA_2,['CAMERA_2'],"{'CAMERA_1': [], 'CAMERA_2': ['weight'], 'CAMERA_3': []}",C_QUESTION_ABOUT_FEATURE,CAMERA_2,weight,is it heavy,PRESENT_X,CAMERA_2,S_ANSWERS_QUESTION_ABOUT_FEATURE,CAMERA_2,weight,This one weighs 820 grams.,PRESENT_X,CAMERA_2,16~25
156,5,CAMERA_2,['CAMERA_2'],"{'CAMERA_1': [], 'CAMERA_2': ['weight', 'sensor_size'], 'CAMERA_3': []}",C_QUESTION_ABOUT_FEATURE,CAMERA_2,sensor_size,and what's the sensor size on this,PRESENT_X,CAMERA_2,S_ANSWERS_QUESTION_ABOUT_FEATURE,CAMERA_2,sensor_size,This one has a 1/2.33 inch sensor.,PRESENT_X,CAMERA_2,15~33
156,6,CAMERA_2,['CAMERA_2'],"{'CAMERA_1': [], 'CAMERA_2': ['weight', 'sensor_size', 'price'], 'CAMERA_3': []}",C_QUESTION_ABOUT_FEATURE,CAMERA_2,price,how much is this camera,PRESENT_X,CAMERA_2,S_ANSWERS_QUESTION_ABOUT_FEATURE,CAMERA_2,price,This one costs $768.,PRESENT_X,CAMERA_2,15~19
156,7,CAMERA_2,['CAMERA_2'],"{'CAMERA_1': [], 'CAMERA_2': ['weight', 'sensor_size', 'price', 'resolution'], 'CAMERA_3': []}",C_SILENT_OR_BACKCHANNEL,CAMERA_2,NONE,okay good,PRESENT_X,CAMERA_2,S_INTRODUCES_FEATURE,CAMERA_2,resolution,This one has 23.8 megapixels resolution.,PRESENT_X,CAMERA_2,13~28
156,8,CAMERA_1,"['CAMERA_2', 'CAMERA_1']","{'CAMERA_1': [], 'CAMERA_2': ['weight', 'sensor_size', 'price', 'resolution'], 'CAMERA_3': []}",C_ANYTHING_ELSE_AVAILABLE,CAMERA_2,NONE,I see do you have any other options that you can show me,PRESENT_X,CAMERA_2,S_INTRODUCES_CAMERA,CAMERA_1,,Let me show you this. Here we have the Sony PowerShot ELPH DMC-ZS3.,PRESENT_X,CAMERA_1,39~66
156,9,CAMERA_1,"['CAMERA_2', 'CAMERA_1']","{'CAMERA_1': ['long_exposure'], 'CAMERA_2': ['weight', 'sensor_size', 'price', 'resolution'], 'CAMERA_3': []}",C_QUESTION_ABOUT_FEATURE,CAMERA_1,long_exposure,what's the long exposure,PRESENT_X,CAMERA_1,S_ANSWERS_QUESTION_ABOUT_FEATURE,CAMERA_1,long_exposure,This one can take long exposures up to up to 15 seconds with Long Shutter Mode.,PRESENT_X,CAMERA_1,39~78
156,10,CAMERA_1,"['CAMERA_2', 'CAMERA_1']","{'CAMERA_1': ['long_exposure', 'preset_modes'], 'CAMERA_2': ['weight', 'sensor_size', 'price', 'resolution'], 'CAMERA_3': []}",C_QUESTION_ABOUT_FEATURE,CAMERA_1,preset_modes,the menu settings of this camera are they same as the Canon,PRESENT_X,CAMERA_1,S_NOT_SURE,CAMERA_1,,I'm not really sure about that.,PRESENT_X,CAMERA_1,
156,11,CAMERA_1,"['CAMERA_2', 'CAMERA_1']","{'CAMERA_1': ['long_exposure', 'preset_modes', 'sensor_size'], 'CAMERA_2': ['weight', 'sensor_size', 'price', 'resolution'], 'CAMERA_3': []}",C_QUESTION_ABOUT_FEATURE,CAMERA_1,sensor_size,oh I see and what about this sensor site,PRESENT_X,CAMERA_1,S_ANSWERS_QUESTION_ABOUT_FEATURE,CAMERA_1,sensor_size,This one has a 1/2.3 inch CMOS sensor.,PRESENT_X,CAMERA_1,15~37
156,12,CAMERA_1,"['CAMERA_2', 'CAMERA_1']","{'CAMERA_1': ['long_exposure', 'preset_modes', 'sensor_size', 'color'], 'CAMERA_2': ['weight', 'sensor_size', 'price', 'resolution'], 'CAMERA_3': []}",C_QUESTION_ABOUT_FEATURE,CAMERA_1,color,when does this come in another color,PRESENT_X,CAMERA_1,S_ANSWERS_QUESTION_ABOUT_FEATURE,CAMERA_1,color,This one comes in blue or black.,PRESENT_X,CAMERA_1,18~31
156,13,CAMERA_1,"['CAMERA_2', 'CAMERA_1']","{'CAMERA_1': ['long_exposure', 'preset_modes', 'sensor_size', 'color', 'price'], 'CAMERA_2': ['weight', 'sensor_size', 'price', 'resolution'], 'CAMERA_3': []}",C_QUESTION_ABOUT_FEATURE,CAMERA_1,price,how much is it,PRESENT_X,CAMERA_1,S_ANSWERS_QUESTION_ABOUT_FEATURE,CAMERA_1,price,This one costs $450.,PRESENT_X,CAMERA_1,15~19
156,14,CAMERA_1,"['CAMERA_2', 'CAMERA_1']","{'CAMERA_1': ['long_exposure', 'preset_modes', 'sensor_size', 'color', 'price', 'weight'], 'CAMERA_2': ['weight', 'sensor_size', 'price', 'resolution'], 'CAMERA_3': []}",C_QUESTION_ABOUT_FEATURE,CAMERA_1,weight,and what's the weight on it,PRESENT_X,CAMERA_1,S_ANSWERS_QUESTION_ABOUT_FEATURE,CAMERA_1,weight,This one weighs 800 grams.,PRESENT_X,CAMERA_1,16~25
156,15,CAMERA_3,"['CAMERA_2', 'CAMERA_1', 'CAMERA_3']","{'CAMERA_1': ['long_exposure', 'preset_modes', 'sensor_size', 'color', 'price', 'weight'], 'CAMERA_2': ['weight', 'sensor_size', 'price', 'resolution'], 'CAMERA_3': []}",C_ANYTHING_ELSE_AVAILABLE,CAMERA_1,NONE,So this is the only model you have in your shop,PRESENT_X,CAMERA_1,S_INTRODUCES_CAMERA,CAMERA_3,,Let me show you this. Here we have the Fujifilm PowerShot ELPH S2800.,PRESENT_X,CAMERA_3,39~68
156,16,CAMERA_3,"['CAMERA_2', 'CAMERA_1', 'CAMERA_3']","{'CAMERA_1': ['long_exposure', 'preset_modes', 'sensor_size', 'color', 'price', 'weight'], 'CAMERA_2': ['weight', 'sensor_size', 'price', 'resolution'], 'CAMERA_3': ['settings']}",C_QUESTION_ABOUT_FEATURE,CAMERA_3,settings,how much Freedom do you have with this like what what can I set according to my liking,PRESENT_X,CAMERA_3,S_ANSWERS_QUESTION_ABOUT_FEATURE,CAMERA_3,settings,"This one has manual control and various automatic settings (video modeburst shooting, etc.).",PRESENT_X,CAMERA_3,13~91
156,17,CAMERA_3,"['CAMERA_2', 'CAMERA_1', 'CAMERA_3']","{'CAMERA_1': ['long_exposure', 'preset_modes', 'sensor_size', 'color', 'price', 'weight'], 'CAMERA_2': ['weight', 'sensor_size', 'price', 'resolution'], 'CAMERA_3': ['settings', 'effects']}",C_SILENT_OR_BACKCHANNEL,CAMERA_3,NONE,hm,PRESENT_X,CAMERA_3,S_INTRODUCES_FEATURE,CAMERA_3,effects,"This one has 21 photo effects (small face, retro, big eyes, etc.).",PRESENT_X,CAMERA_3,13~65
156,18,CAMERA_3,"['CAMERA_2', 'CAMERA_1', 'CAMERA_3']","{'CAMERA_1': ['long_exposure', 'preset_modes', 'sensor_size', 'color', 'price', 'weight'], 'CAMERA_2': ['weight', 'sensor_size', 'price', 'resolution'], 'CAMERA_3': ['settings', 'effects', 'preset_modes']}",C_SILENT_OR_BACKCHANNEL,CAMERA_3,NONE,that's great we're by the way,PRESENT_X,CAMERA_3,S_INTRODUCES_FEATURE,CAMERA_3,preset_modes,This one has various preset modes.,PRESENT_X,CAMERA_3,13~33
156,19,NONE,"['CAMERA_2', 'CAMERA_1', 'CAMERA_3']","{'CAMERA_1': ['long_exposure', 'preset_modes', 'sensor_size', 'color', 'price', 'weight'], 'CAMERA_2': ['weight', 'sensor_size', 'price', 'resolution'], 'CAMERA_3': ['settings', 'effects', 'preset_modes']}",C_THANK_YOU,CAMERA_3,NONE,I see well thank you for your time,PRESENT_X,CAMERA_3,S_THANK_YOU,CAMERA_3,NONE,thank you very much.,FACE_TO_FACE,NONE,
156,20,NONE,"['CAMERA_2', 'CAMERA_1', 'CAMERA_3']","{'CAMERA_1': ['long_exposure', 'preset_modes', 'sensor_size', 'color', 'price', 'weight'], 'CAMERA_2': ['weight', 'sensor_size', 'price', 'resolution'], 'CAMERA_3': ['settings', 'effects', 'preset_modes']}",C_LEAVES,DOOR,NONE,,FACE_TO_FACE,NONE,S_RETURNS_TO_COUNTER,SERVICE_COUNTER,NONE,,WAITING,NONE,
157,1,NONE,[],"{'CAMERA_1': [], 'CAMERA_2': [], 'CAMERA_3': []}",C_ENTERS,DOOR,NONE,,WAITING,NONE,S_NONE,SERVICE_COUNTER,NONE,,WAITING,NONE,
157,2,NONE,[],"{'CAMERA_1': [], 'CAMERA_2': [], 'CAMERA_3': []}",C_WALKS_TO_CAMERA,CAMERA_1,NONE,,WAITING,NONE,S_NONE,SERVICE_COUNTER,NONE,,WAITING,NONE,
157,3,NONE,[],"{'CAMERA_1': [], 'CAMERA_2': [], 'CAMERA_3': []}",C_EXAMINES_CAMERA,CAMERA_1,NONE,,WAITING,NONE,S_NONE,SERVICE_COUNTER,NONE,,WAITING,NONE,
157,4,NONE,[],"{'CAMERA_1': [], 'CAMERA_2': [], 'CAMERA_3': []}",C_WALKS_TO_CAMERA,CAMERA_3,NONE,,WAITING,NONE,S_NONE,SERVICE_COUNTER,NONE,,WAITING,NONE,
157,5,NONE,[],"{'CAMERA_1': [], 'CAMERA_2': [], 'CAMERA_3': []}",C_EXAMINES_CAMERA,CAMERA_3,NONE,,WAITING,NONE,S_GREETS,CAMERA_3,NONE,can I help you?,FACE_TO_FACE,NONE,
157,6,CAMERA_2,['CAMERA_2'],"{'CAMERA_1': [], 'CAMERA_2': [], 'CAMERA_3': []}",C_LOOKING_FOR_A_CAMERA,CAMERA_3,NONE,on looking for a camera for my best friend but I'm looking for something cheap,FACE_TO_FACE,NONE,S_INTRODUCES_CAMERA,CAMERA_2,,Let me show you this. Here we have the Fujifilm Lumix ILC Camera.,PRESENT_X,CAMERA_2,39~64
157,7,CAMERA_2,['CAMERA_2'],"{'CAMERA_1': [], 'CAMERA_2': ['optical_zoom'], 'CAMERA_3': []}",C_QUESTION_ABOUT_FEATURE,CAMERA_2,optical_zoom,under does it have a zoom,PRESENT_X,CAMERA_2,S_ANSWERS_QUESTION_ABOUT_FEATURE,CAMERA_2,optical_zoom,This one has 21x optical zoom.,PRESENT_X,CAMERA_2,13~29
157,8,CAMERA_3,"['CAMERA_2', 'CAMERA_3']","{'CAMERA_1': [], 'CAMERA_2': ['optical_zoom'], 'CAMERA_3': []}",C_ANYTHING_ELSE_AVAILABLE,CAMERA_2,NONE,I see do you have any other options that you can show me,PRESENT_X,CAMERA_2,S_INTRODUCES_CAMERA,CAMERA_3,,Let me show you this. Here we have the Fujifilm PowerShot ELPH S2800.,PRESENT_X,CAMERA_3,39~68
157,9,CAMERA_3,"['CAMERA_2', 'CAMERA_3']","{'CAMERA_1': [], 'CAMERA_2': ['optical_zoom'], 'CAMERA_3': ['ISO']}",C_QUESTION_ABOUT_FEATURE,CAMERA_3,ISO,I see and what about the ISO,PRESENT_X,CAMERA_3,S_ANSWERS_QUESTION_ABOUT_FEATURE,CAMERA_3,ISO,This one has up to 3200 ISO with little noise.,PRESENT_X,CAMERA_3,13~45
157,10,CAMERA_3,"['CAMERA_2', 'CAMERA_3']","{'CAMERA_1': [], 'CAMERA_2': ['optical_zoom'], 'CAMERA_3': ['ISO', 'resolution']}",C_QUESTION_ABOUT_FEATURE,CAMERA_3,resolution,what about the resolution of this camera,PRESENT_X,CAMERA_3,S_ANSWERS_QUESTION_ABOUT_FEATURE,CAMERA_3,resolution,This one has 23.2 megapixels resolution.,PRESENT_X,CAMERA_3,13~28
157,11,CAMERA_3,"['CAMERA_2', 'CAMERA_3']","{'CAMERA_1': [], 'CAMERA_2': ['optical_zoom'], 'CAMERA_3': ['ISO', 'resolution', 'camera_type']}",C_SILENT_OR_BACKCHANNEL,CAMERA_3,NONE,okay,PRESENT_X,CAMERA_3,S_INTRODUCES_FEATURE,CAMERA_3,camera_type,This is a point and shoot camera.,PRESENT_X,CAMERA_3,10~25
157,12,CAMERA_3,"['CAMERA_2', 'CAMERA_3']","{'CAMERA_1': [], 'CAMERA_2': ['optical_zoom'], 'CAMERA_3': ['ISO', 'resolution', 'camera_type', 'weight']}",C_SILENT_OR_BACKCHANNEL,CAMERA_3,NONE,sounds good,PRESENT_X,CAMERA_3,S_INTRODUCES_FEATURE,CAMERA_3,weight,This one weighs 820 grams.,PRESENT_X,CAMERA_3,16~25
157,13,CAMERA_3,"['CAMERA_2', 'CAMERA_3']","{'CAMERA_1': [], 'CAMERA_2': ['optical_zoom'], 'CAMERA_3': ['ISO', 'resolution', 'camera_type', 'weight', 'effects']}",C_SILENT_OR_BACKCHANNEL,CAMERA_3,NONE,Ice Age,PRESENT_X,CAMERA_3,S_INTRODUCES_FEATURE,CAMERA_3,effects,"This one has 21 photo effects (small face, retro, big eyes, etc.).",PRESENT_X,CAMERA_3,13~65
157,14,CAMERA_3,"['CAMERA_2', 'CAMERA_3']","{'CAMERA_1': [], 'CAMERA_2': ['optical_zoom'], 'CAMERA_3': ['ISO', 'resolution', 'camera_type', 'weight', 'effects', 'color']}",C_QUESTION_ABOUT_FEATURE,CAMERA_3,color,when did you mention about color at  just one color and I am wondering that,PRESENT_X,CAMERA_3,S_ANSWERS_QUESTION_ABOUT_FEATURE,CAMERA_3,color,"This one comes in purple, white, silver, blue, red, or pink.",PRESENT_X,CAMERA_3,18~59
157,15,NONE,"['CAMERA_2', 'CAMERA_3']","{'CAMERA_1': [], 'CAMERA_2': ['optical_zoom'], 'CAMERA_3': ['ISO', 'resolution', 'camera_type', 'weight', 'effects', 'color']}",C_THANK_YOU,CAMERA_3,NONE,I see thanks for your help,PRESENT_X,CAMERA_3,S_THANK_YOU,CAMERA_3,NONE,thank you very much.,FACE_TO_FACE,NONE,
157,16,NONE,"['CAMERA_2', 'CAMERA_3']","{'CAMERA_1': [], 'CAMERA_2': ['optical_zoom'], 'CAMERA_3': ['ISO', 'resolution', 'camera_type', 'weight', 'effects', 'color']}",C_LEAVES,DOOR,NONE,,FACE_TO_FACE,NONE,S_RETURNS_TO_COUNTER,SERVICE_COUNTER,NONE,,WAITING,NONE,
158,1,NONE,[],"{'CAMERA_1': [], 'CAMERA_2': [], 'CAMERA_3': []}",C_ENTERS,DOOR,NONE,,WAITING,NONE,S_NONE,SERVICE_COUNTER,NONE,,WAITING,NONE,
158,2,NONE,[],"{'CAMERA_1': [], 'CAMERA_2': [], 'CAMERA_3': []}",C_WALKS_TO_CAMERA,CAMERA_1,NONE,,WAITING,NONE,S_NONE,SERVICE_COUNTER,NONE,,WAITING,NONE,
158,3,NONE,[],"{'CAMERA_1': [], 'CAMERA_2': [], 'CAMERA_3': []}",C_EXAMINES_CAMERA,CAMERA_1,NONE,,WAITING,NONE,S_GREETS,CAMERA_1,NONE,can I help you?,FACE_TO_FACE,NONE,
158,4,CAMERA_3,['CAMERA_3'],"{'CAMERA_1': [], 'CAMERA_2': [], 'CAMERA_3': []}",C_LOOKING_FOR_A_CAMERA,CAMERA_1,NONE,I'm looking for a camera,FACE_TO_FACE,NONE,S_INTRODUCES_CAMERA,CAMERA_3,,Let me show you this. Here we have the Fujifilm PowerShot ELPH S2800.,PRESENT_X,CAMERA_3,39~68
158,5,CAMERA_3,['CAMERA_3'],"{'CAMERA_1': [], 'CAMERA_2': [], 'CAMERA_3': ['weight']}",C_SILENT_OR_BACKCHANNEL,CAMERA_3,NONE,hi this camera looks good,PRESENT_X,CAMERA_3,S_INTRODUCES_FEATURE,CAMERA_3,weight,This one weighs 820 grams.,PRESENT_X,CAMERA_3,16~25
158,6,CAMERA_3,['CAMERA_3'],"{'CAMERA_1': [], 'CAMERA_2': [], 'CAMERA_3': ['weight', 'color']}",C_SILENT_OR_BACKCHANNEL,CAMERA_3,NONE,this one also looks kind of good,PRESENT_X,CAMERA_3,S_INTRODUCES_FEATURE,CAMERA_3,color,"This one comes in purple, white, silver, blue, red, or pink.",PRESENT_X,CAMERA_3,18~59
158,7,CAMERA_3,['CAMERA_3'],"{'CAMERA_1': [], 'CAMERA_2': [], 'CAMERA_3': ['weight', 'color', 'optical_zoom']}",C_QUESTION_ABOUT_FEATURE,CAMERA_3,optical_zoom,you mention about optical zooms what does that mean can you explain to me,PRESENT_X,CAMERA_3,S_NOT_SURE,CAMERA_3,,I'm not really sure about that.,PRESENT_X,CAMERA_3,
158,8,CAMERA_3,['CAMERA_3'],"{'CAMERA_1': [], 'CAMERA_2': [], 'CAMERA_3': ['weight', 'color', 'optical_zoom', 'price']}",C_QUESTION_ABOUT_FEATURE,CAMERA_3,price,KN what is the price on it,PRESENT_X,CAMERA_3,S_ANSWERS_QUESTION_ABOUT_FEATURE,CAMERA_3,price,This one costs $518.,PRESENT_X,CAMERA_3,15~19
158,9,CAMERA_3,['CAMERA_3'],"{'CAMERA_1': [], 'CAMERA_2': [], 'CAMERA_3': ['weight', 'color', 'optical_zoom', 'price', 'preset_modes']}",C_SILENT_OR_BACKCHANNEL,CAMERA_3,NONE,I like it,PRESENT_X,CAMERA_3,S_INTRODUCES_FEATURE,CAMERA_3,preset_modes,This one has various preset modes.,PRESENT_X,CAMERA_3,13~33
158,10,CAMERA_3,['CAMERA_3'],"{'CAMERA_1': [], 'CAMERA_2': [], 'CAMERA_3': ['weight', 'color', 'optical_zoom', 'price', 'preset_modes', 'ISO']}",C_SILENT_OR_BACKCHANNEL,CAMERA_3,NONE,nice,PRESENT_X,CAMERA_3,S_INTRODUCES_FEATURE,CAMERA_3,ISO,This one has up to 3200 ISO with little noise.,PRESENT_X,CAMERA_3,13~45
158,11,NONE,['CAMERA_3'],"{'CAMERA_1': [], 'CAMERA_2': [], 'CAMERA_3': ['weight', 'color', 'optical_zoom', 'price', 'preset_modes', 'ISO']}",C_THANK_YOU,CAMERA_3,NONE,thank you,PRESENT_X,CAMERA_3,S_THANK_YOU,CAMERA_3,NONE,thank you very much.,FACE_TO_FACE,NONE,
158,12,NONE,['CAMERA_3'],"{'CAMERA_1': [], 'CAMERA_2': [], 'CAMERA_3': ['weight', 'color', 'optical_zoom', 'price', 'preset_modes', 'ISO']}",C_LEAVES,DOOR,NONE,,FACE_TO_FACE,NONE,S_RETURNS_TO_COUNTER,SERVICE_COUNTER,NONE,,WAITING,NONE,
159,1,NONE,[],"{'CAMERA_1': [], 'CAMERA_2': [], 'CAMERA_3': []}",C_ENTERS,DOOR,NONE,,WAITING,NONE,S_NONE,SERVICE_COUNTER,NONE,,WAITING,NONE,
159,2,NONE,[],"{'CAMERA_1': [], 'CAMERA_2': [], 'CAMERA_3': []}",C_GREETS,MIDDLE,NONE,excuse me,WAITING,NONE,S_GREETS,MIDDLE,NONE,can I help you?,FACE_TO_FACE,NONE,
159,3,CAMERA_3,['CAMERA_3'],"{'CAMERA_1': [], 'CAMERA_2': [], 'CAMERA_3': []}",C_LOOKING_FOR_A_CAMERA,MIDDLE,NONE,will I like to buy a camera but I'm not sure which one,FACE_TO_FACE,NONE,S_INTRODUCES_CAMERA,CAMERA_3,,Let me show you this. Here we have the Fujifilm PowerShot ELPH S2800.,PRESENT_X,CAMERA_3,39~68
159,4,CAMERA_3,['CAMERA_3'],"{'CAMERA_1': [], 'CAMERA_2': [], 'CAMERA_3': ['color']}",C_QUESTION_ABOUT_FEATURE,CAMERA_3,color,Does this come in any other colors,PRESENT_X,CAMERA_3,S_ANSWERS_QUESTION_ABOUT_FEATURE,CAMERA_3,color,"This one comes in purple, white, silver, blue, red, or pink.",PRESENT_X,CAMERA_3,18~59
159,5,NONE,['CAMERA_3'],"{'CAMERA_1': [], 'CAMERA_2': [], 'CAMERA_3': ['color']}",C_THANK_YOU,CAMERA_3,NONE,thank you very much for your help,PRESENT_X,CAMERA_3,S_THANK_YOU,CAMERA_3,NONE,thank you very much.,FACE_TO_FACE,NONE,
159,6,NONE,['CAMERA_3'],"{'CAMERA_1': [], 'CAMERA_2': [], 'CAMERA_3': ['color']}",C_LEAVES,DOOR,NONE,,FACE_TO_FACE,NONE,S_RETURNS_TO_COUNTER,SERVICE_COUNTER,NONE,,WAITING,NONE,
160,1,NONE,[],"{'CAMERA_1': [], 'CAMERA_2': [], 'CAMERA_3': []}",C_ENTERS,DOOR,NONE,,WAITING,NONE,S_NONE,SERVICE_COUNTER,NONE,,WAITING,NONE,
160,2,NONE,[],"{'CAMERA_1': [], 'CAMERA_2': [], 'CAMERA_3': []}",C_GREETS,MIDDLE,NONE,excuse me,WAITING,NONE,S_GREETS,MIDDLE,NONE,can I help you?,FACE_TO_FACE,NONE,
160,3,CAMERA_2,['CAMERA_2'],"{'CAMERA_1': [], 'CAMERA_2': [], 'CAMERA_3': []}",C_LOOKING_FOR_A_CAMERA,MIDDLE,NONE,will I like to buy a camera but I'm not sure which one,FACE_TO_FACE,NONE,S_INTRODUCES_CAMERA,CAMERA_2,,Let me show you this. Here we have the Fujifilm Lumix ILC Camera.,PRESENT_X,CAMERA_2,39~64
160,4,CAMERA_2,['CAMERA_2'],"{'CAMERA_1': [], 'CAMERA_2': ['effects'], 'CAMERA_3': []}",C_QUESTION_ABOUT_FEATURE,CAMERA_2,effects,does it have artistic effect lights,PRESENT_X,CAMERA_2,S_ANSWERS_QUESTION_ABOUT_FEATURE,CAMERA_2,effects,"This one has 24 artistic effect modes (retro, lighter or darker skin tones, sepia, etc.).",PRESENT_X,CAMERA_2,13~88
160,5,CAMERA_2,['CAMERA_2'],"{'CAMERA_1': [], 'CAMERA_2': ['effects', 'weight'], 'CAMERA_3': []}",C_SILENT_OR_BACKCHANNEL,CAMERA_2,NONE,okay,PRESENT_X,CAMERA_2,S_INTRODUCES_FEATURE,CAMERA_2,weight,This one weighs 820 grams.,PRESENT_X,CAMERA_2,16~25
160,6,CAMERA_2,['CAMERA_2'],"{'CAMERA_1': [], 'CAMERA_2': ['effects', 'weight', 'camera_type'], 'CAMERA_3': []}",C_QUESTION_ABOUT_FEATURE,CAMERA_2,camera_type,is this a DSLR camera,PRESENT_X,CAMERA_2,S_ANSWERS_QUESTION_ABOUT_FEATURE,CAMERA_2,camera_type,This is a digital single lens mirrorless camera.,PRESENT_X,CAMERA_2,10~40
160,7,CAMERA_1,"['CAMERA_2', 'CAMERA_1']","{'CAMERA_1': [], 'CAMERA_2': ['effects', 'weight', 'camera_type'], 'CAMERA_3': []}",C_ANYTHING_ELSE_AVAILABLE,CAMERA_2,NONE,that's good that's okay I like it when do you have other models in this area,PRESENT_X,CAMERA_2,S_INTRODUCES_CAMERA,CAMERA_1,,Let me show you this. Here we have the Sony PowerShot ELPH DMC-ZS3.,PRESENT_X,CAMERA_1,39~66
160,8,CAMERA_1,"['CAMERA_2', 'CAMERA_1']","{'CAMERA_1': ['price'], 'CAMERA_2': ['effects', 'weight', 'camera_type'], 'CAMERA_3': []}",C_QUESTION_ABOUT_FEATURE,CAMERA_1,price,how much does it come away,PRESENT_X,CAMERA_1,S_ANSWERS_QUESTION_ABOUT_FEATURE,CAMERA_1,price,This one costs $450.,PRESENT_X,CAMERA_1,15~19
160,9,CAMERA_1,"['CAMERA_2', 'CAMERA_1']","{'CAMERA_1': ['price', 'sensor_size'], 'CAMERA_2': ['effects', 'weight', 'camera_type'], 'CAMERA_3': []}",C_SILENT_OR_BACKCHANNEL,CAMERA_1,NONE,great,PRESENT_X,CAMERA_1,S_INTRODUCES_FEATURE,CAMERA_1,sensor_size,This one has a 1/2.3 inch CMOS sensor.,PRESENT_X,CAMERA_1,15~37
160,10,NONE,"['CAMERA_2', 'CAMERA_1']","{'CAMERA_1': ['price', 'sensor_size'], 'CAMERA_2': ['effects', 'weight', 'camera_type'], 'CAMERA_3': []}",C_THANK_YOU,CAMERA_1,NONE,ok thank you very much for your health,PRESENT_X,CAMERA_1,S_THANK_YOU,CAMERA_1,NONE,thank you very much.,FACE_TO_FACE,NONE,
160,11,NONE,"['CAMERA_2', 'CAMERA_1']","{'CAMERA_1': ['price', 'sensor_size'], 'CAMERA_2': ['effects', 'weight', 'camera_type'], 'CAMERA_3': []}",C_LEAVES,DOOR,NONE,,FACE_TO_FACE,NONE,S_RETURNS_TO_COUNTER,SERVICE_COUNTER,NONE,,WAITING,NONE,
161,1,NONE,[],"{'CAMERA_1': [], 'CAMERA_2': [], 'CAMERA_3': []}",C_ENTERS,DOOR,NONE,,WAITING,NONE,S_NONE,SERVICE_COUNTER,NONE,,WAITING,NONE,
161,2,NONE,[],"{'CAMERA_1': [], 'CAMERA_2': [], 'CAMERA_3': []}",C_GREETS,MIDDLE,NONE,excuse me,WAITING,NONE,S_GREETS,MIDDLE,NONE,can I help you?,FACE_TO_FACE,NONE,
161,3,CAMERA_2,['CAMERA_2'],"{'CAMERA_1': [], 'CAMERA_2': [], 'CAMERA_3': []}",C_LOOKING_FOR_A_CAMERA,MIDDLE,NONE,I want to look at the new cameras that you have,FACE_TO_FACE,NONE,S_INTRODUCES_CAMERA,CAMERA_2,,Let me show you this. Here we have the Fujifilm Lumix ILC Camera.,PRESENT_X,CAMERA_2,39~64
161,4,CAMERA_2,['CAMERA_2'],"{'CAMERA_1': [], 'CAMERA_2': ['effects'], 'CAMERA_3': []}",C_SILENT_OR_BACKCHANNEL,CAMERA_2,NONE,okay,PRESENT_X,CAMERA_2,S_INTRODUCES_FEATURE,CAMERA_2,effects,"This one has 24 artistic effect modes (retro, lighter or darker skin tones, sepia, etc.).",PRESENT_X,CAMERA_2,13~88
161,5,CAMERA_2,['CAMERA_2'],"{'CAMERA_1': [], 'CAMERA_2': ['effects', 'optical_zoom'], 'CAMERA_3': []}",C_QUESTION_ABOUT_FEATURE,CAMERA_2,optical_zoom,how about the ability of fight for the zoom how much is optical zoom for this camera,PRESENT_X,CAMERA_2,S_ANSWERS_QUESTION_ABOUT_FEATURE,CAMERA_2,optical_zoom,This one has 21x optical zoom.,PRESENT_X,CAMERA_2,13~29
161,6,CAMERA_2,['CAMERA_2'],"{'CAMERA_1': [], 'CAMERA_2': ['effects', 'optical_zoom', 'price'], 'CAMERA_3': []}",C_SILENT_OR_BACKCHANNEL,CAMERA_2,NONE,IC,PRESENT_X,CAMERA_2,S_INTRODUCES_FEATURE,CAMERA_2,price,This one costs $768.,PRESENT_X,CAMERA_2,15~19
161,7,CAMERA_2,['CAMERA_2'],"{'CAMERA_1': [], 'CAMERA_2': ['effects', 'optical_zoom', 'price', 'sensor_size'], 'CAMERA_3': []}",C_QUESTION_ABOUT_FEATURE,CAMERA_2,sensor_size,what about the sensor size,PRESENT_X,CAMERA_2,S_ANSWERS_QUESTION_ABOUT_FEATURE,CAMERA_2,sensor_size,This one has a 1/2.33 inch sensor.,PRESENT_X,CAMERA_2,15~33
161,8,CAMERA_2,['CAMERA_2'],"{'CAMERA_1': [], 'CAMERA_2': ['effects', 'optical_zoom', 'price', 'sensor_size', 'camera_type'], 'CAMERA_3': []}",C_QUESTION_ABOUT_FEATURE,CAMERA_2,camera_type,is this a point and shoot camera,PRESENT_X,CAMERA_2,S_ANSWERS_QUESTION_ABOUT_FEATURE,CAMERA_2,camera_type,This is a digital single lens mirrorless camera.,PRESENT_X,CAMERA_2,10~40
161,9,CAMERA_2,['CAMERA_2'],"{'CAMERA_1': [], 'CAMERA_2': ['effects', 'optical_zoom', 'price', 'sensor_size', 'camera_type', 'settings'], 'CAMERA_3': []}",C_SILENT_OR_BACKCHANNEL,CAMERA_2,NONE,that's not bad,PRESENT_X,CAMERA_2,S_INTRODUCES_FEATURE,CAMERA_2,settings,"This one has manual control and various automatic settings (video modeburst shooting, etc.).",PRESENT_X,CAMERA_2,13~91
161,10,CAMERA_3,"['CAMERA_2', 'CAMERA_3']","{'CAMERA_1': [], 'CAMERA_2': ['effects', 'optical_zoom', 'price', 'sensor_size', 'camera_type', 'settings'], 'CAMERA_3': []}",C_ANYTHING_ELSE_AVAILABLE,CAMERA_2,NONE,oh I see that's very interesting do you have any other cameras that you can recommend me,PRESENT_X,CAMERA_2,S_INTRODUCES_CAMERA,CAMERA_3,,Let me show you this. Here we have the Fujifilm PowerShot ELPH S2800.,PRESENT_X,CAMERA_3,39~68
161,11,CAMERA_3,"['CAMERA_2', 'CAMERA_3']","{'CAMERA_1': [], 'CAMERA_2': ['effects', 'optical_zoom', 'price', 'sensor_size', 'camera_type', 'settings'], 'CAMERA_3': ['long_exposure']}",C_SILENT_OR_BACKCHANNEL,CAMERA_3,NONE,good,PRESENT_X,CAMERA_3,S_INTRODUCES_FEATURE,CAMERA_3,long_exposure,This one can take long exposures up to 30 minutes max with bulb mode.,PRESENT_X,CAMERA_3,39~68
161,12,NONE,"['CAMERA_2', 'CAMERA_3']","{'CAMERA_1': [], 'CAMERA_2': ['effects', 'optical_zoom', 'price', 'sensor_size', 'camera_type', 'settings'], 'CAMERA_3': ['long_exposure']}",C_THANK_YOU,CAMERA_3,NONE,thank you,PRESENT_X,CAMERA_3,S_THANK_YOU,CAMERA_3,NONE,thank you very much.,FACE_TO_FACE,NONE,
161,13,NONE,"['CAMERA_2', 'CAMERA_3']","{'CAMERA_1': [], 'CAMERA_2': ['effects', 'optical_zoom', 'price', 'sensor_size', 'camera_type', 'settings'], 'CAMERA_3': ['long_exposure']}",C_LEAVES,DOOR,NONE,,FACE_TO_FACE,NONE,S_RETURNS_TO_COUNTER,SERVICE_COUNTER,NONE,,WAITING,NONE,
162,1,NONE,[],"{'CAMERA_1': [], 'CAMERA_2': [], 'CAMERA_3': []}",C_ENTERS,DOOR,NONE,,WAITING,NONE,S_NONE,SERVICE_COUNTER,NONE,,WAITING,NONE,
162,2,NONE,[],"{'CAMERA_1': [], 'CAMERA_2': [], 'CAMERA_3': []}",C_WALKS_TO_CAMERA,CAMERA_2,NONE,,WAITING,NONE,S_NONE,SERVICE_COUNTER,NONE,,WAITING,NONE,
162,3,CAMERA_2,['CAMERA_2'],"{'CAMERA_1': [], 'CAMERA_2': ['long_exposure'], 'CAMERA_3': []}",C_QUESTION_ABOUT_FEATURE,CAMERA_2,long_exposure,what about the exposure what can it handle,WAITING,NONE,S_ANSWERS_QUESTION_ABOUT_FEATURE,CAMERA_2,long_exposure,This one can take long exposures up to 60 minutes max with bulb mode.,PRESENT_X,CAMERA_2,39~68
162,4,CAMERA_2,['CAMERA_2'],"{'CAMERA_1': [], 'CAMERA_2': ['long_exposure', 'price'], 'CAMERA_3': []}",C_QUESTION_ABOUT_FEATURE,CAMERA_2,price,what about the price,PRESENT_X,CAMERA_2,S_ANSWERS_QUESTION_ABOUT_FEATURE,CAMERA_2,price,This one costs $768.,PRESENT_X,CAMERA_2,15~19
162,5,CAMERA_2,['CAMERA_2'],"{'CAMERA_1': [], 'CAMERA_2': ['long_exposure', 'price', 'sensor_size'], 'CAMERA_3': []}",C_SILENT_OR_BACKCHANNEL,CAMERA_2,NONE,I get,PRESENT_X,CAMERA_2,S_INTRODUCES_FEATURE,CAMERA_2,sensor_size,This one has a 1/2.33 inch sensor.,PRESENT_X,CAMERA_2,15~33
162,6,CAMERA_1,"['CAMERA_2', 'CAMERA_1']","{'CAMERA_1': [], 'CAMERA_2': ['long_exposure', 'price', 'sensor_size'], 'CAMERA_3': []}",C_ANYTHING_ELSE_AVAILABLE,CAMERA_2,NONE,I see do you have any other options that you can show me,PRESENT_X,CAMERA_2,S_INTRODUCES_CAMERA,CAMERA_1,,Let me show you this. Here we have the Sony PowerShot ELPH DMC-ZS3.,PRESENT_X,CAMERA_1,39~66
162,7,CAMERA_1,"['CAMERA_2', 'CAMERA_1']","{'CAMERA_1': ['preset_modes'], 'CAMERA_2': ['long_exposure', 'price', 'sensor_size'], 'CAMERA_3': []}",C_QUESTION_ABOUT_FEATURE,CAMERA_1,preset_modes,does this camera also have bulb mode,PRESENT_X,CAMERA_1,S_NOT_SURE,CAMERA_1,,I'm not really sure about that.,PRESENT_X,CAMERA_1,
162,8,CAMERA_1,"['CAMERA_2', 'CAMERA_1']","{'CAMERA_1': ['preset_modes', 'color'], 'CAMERA_2': ['long_exposure', 'price', 'sensor_size'], 'CAMERA_3': []}",C_QUESTION_ABOUT_FEATURE,CAMERA_1,color,does Camry come in any other colors,PRESENT_X,CAMERA_1,S_ANSWERS_QUESTION_ABOUT_FEATURE,CAMERA_1,color,This one comes in blue or black.,PRESENT_X,CAMERA_1,18~31
162,9,CAMERA_1,"['CAMERA_2', 'CAMERA_1']","{'CAMERA_1': ['preset_modes', 'color', 'effects'], 'CAMERA_2': ['long_exposure', 'price', 'sensor_size'], 'CAMERA_3': []}",C_QUESTION_ABOUT_FEATURE,CAMERA_1,effects,does it have any effect modes,PRESENT_X,CAMERA_1,S_ANSWERS_QUESTION_ABOUT_FEATURE,CAMERA_1,effects,"This one has 24 glamor retouch effects (miniature, retro, toy camera, etc.).",PRESENT_X,CAMERA_1,13~75
162,10,CAMERA_1,"['CAMERA_2', 'CAMERA_1']","{'CAMERA_1': ['preset_modes', 'color', 'effects', 'sensor_size'], 'CAMERA_2': ['long_exposure', 'price', 'sensor_size'], 'CAMERA_3': []}",C_SILENT_OR_BACKCHANNEL,CAMERA_1,NONE,ok,PRESENT_X,CAMERA_1,S_INTRODUCES_FEATURE,CAMERA_1,sensor_size,This one has a 1/2.3 inch CMOS sensor.,PRESENT_X,CAMERA_1,15~37
162,11,CAMERA_1,"['CAMERA_2', 'CAMERA_1']","{'CAMERA_1': ['preset_modes', 'color', 'effects', 'sensor_size', 'camera_type'], 'CAMERA_2': ['long_exposure', 'price', 'sensor_size'], 'CAMERA_3': []}",C_SILENT_OR_BACKCHANNEL,CAMERA_1,NONE,okay,PRESENT_X,CAMERA_1,S_INTRODUCES_FEATURE,CAMERA_1,camera_type,This is a DSLR camera.,PRESENT_X,CAMERA_1,10~14
162,12,CAMERA_1,"['CAMERA_2', 'CAMERA_1']","{'CAMERA_1': ['preset_modes', 'color', 'effects', 'sensor_size', 'camera_type', 'resolution'], 'CAMERA_2': ['long_exposure', 'price', 'sensor_size'], 'CAMERA_3': []}",C_SILENT_OR_BACKCHANNEL,CAMERA_1,NONE,that sounds great what about the price,PRESENT_X,CAMERA_1,S_INTRODUCES_FEATURE,CAMERA_1,resolution,This one has 17.8 megapixels resolution.,PRESENT_X,CAMERA_1,13~28
162,13,CAMERA_1,"['CAMERA_2', 'CAMERA_1']","{'CAMERA_1': ['preset_modes', 'color', 'effects', 'sensor_size', 'camera_type', 'resolution', 'long_exposure'], 'CAMERA_2': ['long_exposure', 'price', 'sensor_size'], 'CAMERA_3': []}",C_SILENT_OR_BACKCHANNEL,CAMERA_1,NONE,that's great,PRESENT_X,CAMERA_1,S_INTRODUCES_FEATURE,CAMERA_1,long_exposure,This one can take long exposures up to up to 15 seconds with Long Shutter Mode.,PRESENT_X,CAMERA_1,39~78
162,14,CAMERA_1,"['CAMERA_2', 'CAMERA_1']","{'CAMERA_1': ['preset_modes', 'color', 'effects', 'sensor_size', 'camera_type', 'resolution', 'long_exposure', 'autofocus_points'], 'CAMERA_2': ['long_exposure', 'price', 'sensor_size'], 'CAMERA_3': []}",C_QUESTION_ABOUT_FEATURE,CAMERA_1,autofocus_points,How about auto focus points for this,PRESENT_X,CAMERA_1,S_ANSWERS_QUESTION_ABOUT_FEATURE,CAMERA_1,autofocus_points,This one has 135 autofocus points.,PRESENT_X,CAMERA_1,13~33
162,15,CAMERA_1,"['CAMERA_2', 'CAMERA_1']","{'CAMERA_1': ['preset_modes', 'color', 'effects', 'sensor_size', 'camera_type', 'resolution', 'long_exposure', 'autofocus_points', 'optical_zoom'], 'CAMERA_2': ['long_exposure', 'price', 'sensor_size'], 'CAMERA_3': []}",C_QUESTION_ABOUT_FEATURE,CAMERA_1,optical_zoom,that's so many and what's the optical zoom on this phone,PRESENT_X,CAMERA_1,S_ANSWERS_QUESTION_ABOUT_FEATURE,CAMERA_1,optical_zoom,This one has 21x optical zoom.,PRESENT_X,CAMERA_1,13~29
162,16,CAMERA_3,"['CAMERA_2', 'CAMERA_1', 'CAMERA_3']","{'CAMERA_1': ['preset_modes', 'color', 'effects', 'sensor_size', 'camera_type', 'resolution', 'long_exposure', 'autofocus_points', 'optical_zoom'], 'CAMERA_2': ['long_exposure', 'price', 'sensor_size'], 'CAMERA_3': []}",C_ANYTHING_ELSE_AVAILABLE,CAMERA_1,NONE,So this is the only model you have in your shop,PRESENT_X,CAMERA_1,S_INTRODUCES_CAMERA,CAMERA_3,,Let me show you this. Here we have the Fujifilm PowerShot ELPH S2800.,PRESENT_X,CAMERA_3,39~68
162,17,CAMERA_3,"['CAMERA_2', 'CAMERA_1', 'CAMERA_3']","{'CAMERA_1': ['preset_modes', 'color', 'effects', 'sensor_size', 'camera_type', 'resolution', 'long_exposure', 'autofocus_points', 'optical_zoom'], 'CAMERA_2': ['long_exposure', 'price', 'sensor_size'], 'CAMERA_3': ['preset_modes']}",C_QUESTION_ABOUT_FEATURE,CAMERA_3,preset_modes,Is this camera support for basic mode,PRESENT_X,CAMERA_3,S_ANSWERS_QUESTION_ABOUT_FEATURE,CAMERA_3,preset_modes,This one has various preset modes.,PRESENT_X,CAMERA_3,13~33
162,18,CAMERA_3,"['CAMERA_2', 'CAMERA_1', 'CAMERA_3']","{'CAMERA_1': ['preset_modes', 'color', 'effects', 'sensor_size', 'camera_type', 'resolution', 'long_exposure', 'autofocus_points', 'optical_zoom'], 'CAMERA_2': ['long_exposure', 'price', 'sensor_size'], 'CAMERA_3': ['preset_modes', 'settings']}",C_QUESTION_ABOUT_FEATURE,CAMERA_3,settings,ok and manual settings how many manual settings does it have,PRESENT_X,CAMERA_3,S_ANSWERS_QUESTION_ABOUT_FEATURE,CAMERA_3,settings,"This one has manual control and various automatic settings (video modeburst shooting, etc.).",PRESENT_X,CAMERA_3,13~91
162,19,CAMERA_3,"['CAMERA_2', 'CAMERA_1', 'CAMERA_3']","{'CAMERA_1': ['preset_modes', 'color', 'effects', 'sensor_size', 'camera_type', 'resolution', 'long_exposure', 'autofocus_points', 'optical_zoom'], 'CAMERA_2': ['long_exposure', 'price', 'sensor_size'], 'CAMERA_3': ['preset_modes', 'settings', 'autofocus_points']}",C_QUESTION_ABOUT_FEATURE,CAMERA_3,autofocus_points,how about how many auto focus points does this have,PRESENT_X,CAMERA_3,S_ANSWERS_QUESTION_ABOUT_FEATURE,CAMERA_3,autofocus_points,This one has 214 autofocus points.,PRESENT_X,CAMERA_3,13~33
162,20,CAMERA_3,"['CAMERA_2', 'CAMERA_1', 'CAMERA_3']","{'CAMERA_1': ['preset_modes', 'color', 'effects', 'sensor_size', 'camera_type', 'resolution', 'long_exposure', 'autofocus_points', 'optical_zoom'], 'CAMERA_2': ['long_exposure', 'price', 'sensor_size'], 'CAMERA_3': ['preset_modes', 'settings', 'autofocus_points', 'ISO']}",C_QUESTION_ABOUT_FEATURE,CAMERA_3,ISO,a and ISO,PRESENT_X,CAMERA_3,S_ANSWERS_QUESTION_ABOUT_FEATURE,CAMERA_3,ISO,This one has up to 3200 ISO with little noise.,PRESENT_X,CAMERA_3,13~45
162,21,CAMERA_3,"['CAMERA_2', 'CAMERA_1', 'CAMERA_3']","{'CAMERA_1': ['preset_modes', 'color', 'effects', 'sensor_size', 'camera_type', 'resolution', 'long_exposure', 'autofocus_points', 'optical_zoom'], 'CAMERA_2': ['long_exposure', 'price', 'sensor_size'], 'CAMERA_3': ['preset_modes', 'settings', 'autofocus_points', 'ISO', 'long_exposure']}",C_SILENT_OR_BACKCHANNEL,CAMERA_3,NONE,okay,PRESENT_X,CAMERA_3,S_INTRODUCES_FEATURE,CAMERA_3,long_exposure,This one can take long exposures up to 30 minutes max with bulb mode.,PRESENT_X,CAMERA_3,39~68
162,22,NONE,"['CAMERA_2', 'CAMERA_1', 'CAMERA_3']","{'CAMERA_1': ['preset_modes', 'color', 'effects', 'sensor_size', 'camera_type', 'resolution', 'long_exposure', 'autofocus_points', 'optical_zoom'], 'CAMERA_2': ['long_exposure', 'price', 'sensor_size'], 'CAMERA_3': ['preset_modes', 'settings', 'autofocus_points', 'ISO', 'long_exposure']}",C_THANK_YOU,CAMERA_3,NONE,thank you,PRESENT_X,CAMERA_3,S_THANK_YOU,CAMERA_3,NONE,thank you very much.,FACE_TO_FACE,NONE,
162,23,NONE,"['CAMERA_2', 'CAMERA_1', 'CAMERA_3']","{'CAMERA_1': ['preset_modes', 'color', 'effects', 'sensor_size', 'camera_type', 'resolution', 'long_exposure', 'autofocus_points', 'optical_zoom'], 'CAMERA_2': ['long_exposure', 'price', 'sensor_size'], 'CAMERA_3': ['preset_modes', 'settings', 'autofocus_points', 'ISO', 'long_exposure']}",C_LEAVES,DOOR,NONE,,FACE_TO_FACE,NONE,S_RETURNS_TO_COUNTER,SERVICE_COUNTER,NONE,,WAITING,NONE,
163,1,NONE,[],"{'CAMERA_1': [], 'CAMERA_2': [], 'CAMERA_3': []}",C_ENTERS,DOOR,NONE,,WAITING,NONE,S_NONE,SERVICE_COUNTER,NONE,,WAITING,NONE,
163,2,NONE,[],"{'CAMERA_1': [], 'CAMERA_2': [], 'CAMERA_3': []}",C_GREETS,MIDDLE,NONE,hello,WAITING,NONE,S_GREETS,MIDDLE,NONE,can I help you?,FACE_TO_FACE,NONE,
163,3,CAMERA_3,['CAMERA_3'],"{'CAMERA_1': [], 'CAMERA_2': [], 'CAMERA_3': []}",C_LOOKING_FOR_A_CAMERA,MIDDLE,NONE,it's actually my first time buying a camera so I'm not very sure which is a good one,FACE_TO_FACE,NONE,S_INTRODUCES_CAMERA,CAMERA_3,,Let me show you this. Here we have the Fujifilm PowerShot ELPH S2800.,PRESENT_X,CAMERA_3,39~68
163,4,CAMERA_3,['CAMERA_3'],"{'CAMERA_1': [], 'CAMERA_2': [], 'CAMERA_3': ['effects']}",C_SILENT_OR_BACKCHANNEL,CAMERA_3,NONE,ok is this camera really nice,PRESENT_X,CAMERA_3,S_INTRODUCES_FEATURE,CAMERA_3,effects,"This one has 21 photo effects (small face, retro, big eyes, etc.).",PRESENT_X,CAMERA_3,13~65
163,5,CAMERA_1,"['CAMERA_3', 'CAMERA_1']","{'CAMERA_1': [], 'CAMERA_2': [], 'CAMERA_3': ['effects']}",C_ANYTHING_ELSE_AVAILABLE,CAMERA_3,NONE,So this is the only model you have in your shop,PRESENT_X,CAMERA_3,S_INTRODUCES_CAMERA,CAMERA_1,,Let me show you this. Here we have the Sony PowerShot ELPH DMC-ZS3.,PRESENT_X,CAMERA_1,39~66
163,6,CAMERA_1,"['CAMERA_3', 'CAMERA_1']","{'CAMERA_1': ['ISO'], 'CAMERA_2': [], 'CAMERA_3': ['effects']}",C_SILENT_OR_BACKCHANNEL,CAMERA_1,NONE,oh that's great,PRESENT_X,CAMERA_1,S_INTRODUCES_FEATURE,CAMERA_1,ISO,This one has up to 51200 ISO.,PRESENT_X,CAMERA_1,13~28
163,7,CAMERA_1,"['CAMERA_3', 'CAMERA_1']","{'CAMERA_1': ['ISO', 'settings'], 'CAMERA_2': [], 'CAMERA_3': ['effects']}",C_QUESTION_ABOUT_FEATURE,CAMERA_1,settings,is this full manual camera,PRESENT_X,CAMERA_1,S_ANSWERS_QUESTION_ABOUT_FEATURE,CAMERA_1,settings,This one has limited manual settings.,PRESENT_X,CAMERA_1,13~36
163,8,CAMERA_1,"['CAMERA_3', 'CAMERA_1']","{'CAMERA_1': ['ISO', 'settings', 'sensor_size'], 'CAMERA_2': [], 'CAMERA_3': ['effects']}",C_QUESTION_ABOUT_FEATURE,CAMERA_1,sensor_size,oh this looks very good actually what is the size of the sensor of this camera,PRESENT_X,CAMERA_1,S_ANSWERS_QUESTION_ABOUT_FEATURE,CAMERA_1,sensor_size,This one has a 1/2.3 inch CMOS sensor.,PRESENT_X,CAMERA_1,15~37
163,9,CAMERA_1,"['CAMERA_3', 'CAMERA_1']","{'CAMERA_1': ['ISO', 'settings', 'sensor_size', 'resolution'], 'CAMERA_2': [], 'CAMERA_3': ['effects']}",C_QUESTION_ABOUT_FEATURE,CAMERA_1,resolution,and how many megapixels does it have,PRESENT_X,CAMERA_1,S_ANSWERS_QUESTION_ABOUT_FEATURE,CAMERA_1,resolution,This one has 17.8 megapixels resolution.,PRESENT_X,CAMERA_1,13~28
163,10,CAMERA_1,"['CAMERA_3', 'CAMERA_1']","{'CAMERA_1': ['ISO', 'settings', 'sensor_size', 'resolution', 'preset_modes'], 'CAMERA_2': [], 'CAMERA_3': ['effects']}",C_QUESTION_ABOUT_FEATURE,CAMERA_1,preset_modes,does it have any preset mode ready to use,PRESENT_X,CAMERA_1,S_NOT_SURE,CAMERA_1,,I'm not really sure about that.,PRESENT_X,CAMERA_1,
163,11,CAMERA_1,"['CAMERA_3', 'CAMERA_1']","{'CAMERA_1': ['ISO', 'settings', 'sensor_size', 'resolution', 'preset_modes', 'weight'], 'CAMERA_2': [], 'CAMERA_3': ['effects']}",C_QUESTION_ABOUT_FEATURE,CAMERA_1,weight,yeah looks going to wait how much does it weigh,PRESENT_X,CAMERA_1,S_ANSWERS_QUESTION_ABOUT_FEATURE,CAMERA_1,weight,This one weighs 800 grams.,PRESENT_X,CAMERA_1,16~25
163,12,CAMERA_1,"['CAMERA_3', 'CAMERA_1']","{'CAMERA_1': ['ISO', 'settings', 'sensor_size', 'resolution', 'preset_modes', 'weight', 'optical_zoom'], 'CAMERA_2': [], 'CAMERA_3': ['effects']}",C_QUESTION_ABOUT_FEATURE,CAMERA_1,optical_zoom,and the optical zoom whats the optical zoom on that,PRESENT_X,CAMERA_1,S_ANSWERS_QUESTION_ABOUT_FEATURE,CAMERA_1,optical_zoom,This one has 21x optical zoom.,PRESENT_X,CAMERA_1,13~29
163,13,CAMERA_1,"['CAMERA_3', 'CAMERA_1']","{'CAMERA_1': ['ISO', 'settings', 'sensor_size', 'resolution', 'preset_modes', 'weight', 'optical_zoom', 'effects'], 'CAMERA_2': [], 'CAMERA_3': ['effects']}",C_QUESTION_ABOUT_FEATURE,CAMERA_1,effects,okay good I'm going to take this as autistic effect mode what does that mean exactly,PRESENT_X,CAMERA_1,S_ANSWERS_QUESTION_ABOUT_FEATURE,CAMERA_1,effects,"This one has 24 glamor retouch effects (miniature, retro, toy camera, etc.).",PRESENT_X,CAMERA_1,13~75
163,14,CAMERA_1,"['CAMERA_3', 'CAMERA_1']","{'CAMERA_1': ['ISO', 'settings', 'sensor_size', 'resolution', 'preset_modes', 'weight', 'optical_zoom', 'effects', 'color'], 'CAMERA_2': [], 'CAMERA_3': ['effects']}",C_QUESTION_ABOUT_FEATURE,CAMERA_1,color,does this come in any other colors,PRESENT_X,CAMERA_1,S_ANSWERS_QUESTION_ABOUT_FEATURE,CAMERA_1,color,This one comes in blue or black.,PRESENT_X,CAMERA_1,18~31
163,15,CAMERA_1,"['CAMERA_3', 'CAMERA_1']","{'CAMERA_1': ['ISO', 'settings', 'sensor_size', 'resolution', 'preset_modes', 'weight', 'optical_zoom', 'effects', 'color', 'autofocus_points'], 'CAMERA_2': [], 'CAMERA_3': ['effects']}",C_QUESTION_ABOUT_FEATURE,CAMERA_1,autofocus_points,Smith Ellis camera how many holes are Focus points does it have,PRESENT_X,CAMERA_1,S_ANSWERS_QUESTION_ABOUT_FEATURE,CAMERA_1,autofocus_points,This one has 135 autofocus points.,PRESENT_X,CAMERA_1,13~33
163,16,CAMERA_1,"['CAMERA_3', 'CAMERA_1']","{'CAMERA_1': ['ISO', 'settings', 'sensor_size', 'resolution', 'preset_modes', 'weight', 'optical_zoom', 'effects', 'color', 'autofocus_points', 'price'], 'CAMERA_2': [], 'CAMERA_3': ['effects']}",C_QUESTION_ABOUT_FEATURE,CAMERA_1,price,and how much does it cost,PRESENT_X,CAMERA_1,S_ANSWERS_QUESTION_ABOUT_FEATURE,CAMERA_1,price,This one costs $450.,PRESENT_X,CAMERA_1,15~19
163,17,CAMERA_2,"['CAMERA_3', 'CAMERA_1', 'CAMERA_2']","{'CAMERA_1': ['ISO', 'settings', 'sensor_size', 'resolution', 'preset_modes', 'weight', 'optical_zoom', 'effects', 'color', 'autofocus_points', 'price'], 'CAMERA_2': [], 'CAMERA_3': ['effects']}",C_ANYTHING_ELSE_AVAILABLE,CAMERA_1,NONE,that's good that's okay I like it when do you have other models in this area,PRESENT_X,CAMERA_1,S_INTRODUCES_CAMERA,CAMERA_2,,Let me show you this. Here we have the Fujifilm Lumix ILC Camera.,PRESENT_X,CAMERA_2,39~64
163,18,CAMERA_2,"['CAMERA_3', 'CAMERA_1', 'CAMERA_2']","{'CAMERA_1': ['ISO', 'settings', 'sensor_size', 'resolution', 'preset_modes', 'weight', 'optical_zoom', 'effects', 'color', 'autofocus_points', 'price'], 'CAMERA_2': ['sensor_size'], 'CAMERA_3': ['effects']}",C_QUESTION_ABOUT_FEATURE,CAMERA_2,sensor_size,what about the sensor size,PRESENT_X,CAMERA_2,S_ANSWERS_QUESTION_ABOUT_FEATURE,CAMERA_2,sensor_size,This one has a 1/2.33 inch sensor.,PRESENT_X,CAMERA_2,15~33
163,19,CAMERA_2,"['CAMERA_3', 'CAMERA_1', 'CAMERA_2']","{'CAMERA_1': ['ISO', 'settings', 'sensor_size', 'resolution', 'preset_modes', 'weight', 'optical_zoom', 'effects', 'color', 'autofocus_points', 'price'], 'CAMERA_2': ['sensor_size', 'price'], 'CAMERA_3': ['effects']}",C_QUESTION_ABOUT_FEATURE,CAMERA_2,price,how much does this phone cost,PRESENT_X,CAMERA_2,S_ANSWERS_QUESTION_ABOUT_FEATURE,CAMERA_2,price,This one costs $768.,PRESENT_X,CAMERA_2,15~19
163,20,CAMERA_2,"['CAMERA_3', 'CAMERA_1', 'CAMERA_2']","{'CAMERA_1': ['ISO', 'settings', 'sensor_size', 'resolution', 'preset_modes', 'weight', 'optical_zoom', 'effects', 'color', 'autofocus_points', 'price'], 'CAMERA_2': ['sensor_size', 'price', 'effects'], 'CAMERA_3': ['effects']}",C_SILENT_OR_BACKCHANNEL,CAMERA_2,NONE,it looks like a good camera what this iso mean,PRESENT_X,CAMERA_2,S_INTRODUCES_FEATURE,CAMERA_2,effects,"This one has 24 artistic effect modes (retro, lighter or darker skin tones, sepia, etc.).",PRESENT_X,CAMERA_2,13~88
163,21,CAMERA_2,"['CAMERA_3', 'CAMERA_1', 'CAMERA_2']","{'CAMERA_1': ['ISO', 'settings', 'sensor_size', 'resolution', 'preset_modes', 'weight', 'optical_zoom', 'effects', 'color', 'autofocus_points', 'price'], 'CAMERA_2': ['sensor_size', 'price', 'effects', 'weight'], 'CAMERA_3': ['effects']}",C_QUESTION_ABOUT_FEATURE,CAMERA_2,weight,what about the wait is it light or is it heavy,PRESENT_X,CAMERA_2,S_ANSWERS_QUESTION_ABOUT_FEATURE,CAMERA_2,weight,This one weighs 820 grams.,PRESENT_X,CAMERA_2,16~25
163,22,CAMERA_2,"['CAMERA_3', 'CAMERA_1', 'CAMERA_2']","{'CAMERA_1': ['ISO', 'settings', 'sensor_size', 'resolution', 'preset_modes', 'weight', 'optical_zoom', 'effects', 'color', 'autofocus_points', 'price'], 'CAMERA_2': ['sensor_size', 'price', 'effects', 'weight', 'ISO'], 'CAMERA_3': ['effects']}",C_QUESTION_ABOUT_FEATURE,CAMERA_2,ISO,what is this ISO thing,PRESENT_X,CAMERA_2,S_NOT_SURE,CAMERA_2,,I'm not really sure about that.,PRESENT_X,CAMERA_2,
163,23,CAMERA_2,"['CAMERA_3', 'CAMERA_1', 'CAMERA_2']","{'CAMERA_1': ['ISO', 'settings', 'sensor_size', 'resolution', 'preset_modes', 'weight', 'optical_zoom', 'effects', 'color', 'autofocus_points', 'price'], 'CAMERA_2': ['sensor_size', 'price', 'effects', 'weight', 'ISO', 'long_exposure'], 'CAMERA_3': ['effects']}",C_QUESTION_ABOUT_FEATURE,CAMERA_2,long_exposure,I'm going to do long exposure,PRESENT_X,CAMERA_2,S_ANSWERS_QUESTION_ABOUT_FEATURE,CAMERA_2,long_exposure,This one can take long exposures up to 60 minutes max with bulb mode.,PRESENT_X,CAMERA_2,39~68
163,24,CAMERA_2,"['CAMERA_3', 'CAMERA_1', 'CAMERA_2']","{'CAMERA_1': ['ISO', 'settings', 'sensor_size', 'resolution', 'preset_modes', 'weight', 'optical_zoom', 'effects', 'color', 'autofocus_points', 'price'], 'CAMERA_2': ['sensor_size', 'price', 'effects', 'weight', 'ISO', 'long_exposure', 'settings'], 'CAMERA_3': ['effects']}",C_QUESTION_ABOUT_FEATURE,CAMERA_2,settings,nice and what about the mental settings,PRESENT_X,CAMERA_2,S_ANSWERS_QUESTION_ABOUT_FEATURE,CAMERA_2,settings,"This one has manual control and various automatic settings (video modeburst shooting, etc.).",PRESENT_X,CAMERA_2,13~91
163,25,CAMERA_2,"['CAMERA_3', 'CAMERA_1', 'CAMERA_2']","{'CAMERA_1': ['ISO', 'settings', 'sensor_size', 'resolution', 'preset_modes', 'weight', 'optical_zoom', 'effects', 'color', 'autofocus_points', 'price'], 'CAMERA_2': ['sensor_size', 'price', 'effects', 'weight', 'ISO', 'long_exposure', 'settings', 'resolution'], 'CAMERA_3': ['effects']}",C_QUESTION_ABOUT_FEATURE,CAMERA_2,resolution,how many megapixels does it have,PRESENT_X,CAMERA_2,S_ANSWERS_QUESTION_ABOUT_FEATURE,CAMERA_2,resolution,This one has 23.8 megapixels resolution.,PRESENT_X,CAMERA_2,13~28
163,26,CAMERA_2,"['CAMERA_3', 'CAMERA_1', 'CAMERA_2']","{'CAMERA_1': ['ISO', 'settings', 'sensor_size', 'resolution', 'preset_modes', 'weight', 'optical_zoom', 'effects', 'color', 'autofocus_points', 'price'], 'CAMERA_2': ['sensor_size', 'price', 'effects', 'weight', 'ISO', 'long_exposure', 'settings', 'resolution', 'preset_modes'], 'CAMERA_3': ['effects']}",C_QUESTION_ABOUT_FEATURE,CAMERA_2,preset_modes,can you please explain me more about the their priests mode,PRESENT_X,CAMERA_2,S_NOT_SURE,CAMERA_2,,I'm not really sure about that.,PRESENT_X,CAMERA_2,
163,27,CAMERA_2,"['CAMERA_3', 'CAMERA_1', 'CAMERA_2']","{'CAMERA_1': ['ISO', 'settings', 'sensor_size', 'resolution', 'preset_modes', 'weight', 'optical_zoom', 'effects', 'color', 'autofocus_points', 'price'], 'CAMERA_2': ['sensor_size', 'price', 'effects', 'weight', 'ISO', 'long_exposure', 'settings', 'resolution', 'preset_modes', 'autofocus_points'], 'CAMERA_3': ['effects']}",C_QUESTION_ABOUT_FEATURE,CAMERA_2,autofocus_points,how about how many auto focus points does this have,PRESENT_X,CAMERA_2,S_NOT_SURE,CAMERA_2,,I'm not really sure about that.,PRESENT_X,CAMERA_2,
163,28,CAMERA_2,"['CAMERA_3', 'CAMERA_1', 'CAMERA_2']","{'CAMERA_1': ['ISO', 'settings', 'sensor_size', 'resolution', 'preset_modes', 'weight', 'optical_zoom', 'effects', 'color', 'autofocus_points', 'price'], 'CAMERA_2': ['sensor_size', 'price', 'effects', 'weight', 'ISO', 'long_exposure', 'settings', 'resolution', 'preset_modes', 'autofocus_points', 'optical_zoom'], 'CAMERA_3': ['effects']}",C_SILENT_OR_BACKCHANNEL,CAMERA_2,NONE,that's not bad,PRESENT_X,CAMERA_2,S_INTRODUCES_FEATURE,CAMERA_2,optical_zoom,This one has 21x optical zoom.,PRESENT_X,CAMERA_2,13~29
163,29,CAMERA_2,"['CAMERA_3', 'CAMERA_1', 'CAMERA_2']","{'CAMERA_1': ['ISO', 'settings', 'sensor_size', 'resolution', 'preset_modes', 'weight', 'optical_zoom', 'effects', 'color', 'autofocus_points', 'price'], 'CAMERA_2': ['sensor_size', 'price', 'effects', 'weight', 'ISO', 'long_exposure', 'settings', 'resolution', 'preset_modes', 'autofocus_points', 'optical_zoom', 'color'], 'CAMERA_3': ['effects']}",C_SILENT_OR_BACKCHANNEL,CAMERA_2,NONE,ok,PRESENT_X,CAMERA_2,S_INTRODUCES_FEATURE,CAMERA_2,color,This one comes in white or pink.,PRESENT_X,CAMERA_2,18~31
163,30,CAMERA_2,"['CAMERA_3', 'CAMERA_1', 'CAMERA_2']","{'CAMERA_1': ['ISO', 'settings', 'sensor_size', 'resolution', 'preset_modes', 'weight', 'optical_zoom', 'effects', 'color', 'autofocus_points', 'price'], 'CAMERA_2': ['sensor_size', 'price', 'effects', 'weight', 'ISO', 'long_exposure', 'settings', 'resolution', 'preset_modes', 'autofocus_points', 'optical_zoom', 'color', 'camera_type'], 'CAMERA_3': ['effects']}",C_QUESTION_ABOUT_FEATURE,CAMERA_2,camera_type,Is this a mirrorless camera?,PRESENT_X,CAMERA_2,S_ANSWERS_QUESTION_ABOUT_FEATURE,CAMERA_2,camera_type,This is a digital single lens mirrorless camera.,PRESENT_X,CAMERA_2,10~40
163,31,CAMERA_2,"['CAMERA_3', 'CAMERA_1', 'CAMERA_2']","{'CAMERA_1': ['ISO', 'settings', 'sensor_size', 'resolution', 'preset_modes', 'weight', 'optical_zoom', 'effects', 'color', 'autofocus_points', 'price'], 'CAMERA_2': ['sensor_size', 'price', 'effects', 'weight', 'ISO', 'long_exposure', 'settings', 'resolution', 'preset_modes', 'autofocus_points', 'optical_zoom', 'color', 'camera_type', 'long_exposure'], 'CAMERA_3': ['effects']}",C_QUESTION_ABOUT_FEATURE,CAMERA_2,long_exposure,what's up with the long exposure,PRESENT_X,CAMERA_2,S_ANSWERS_QUESTION_ABOUT_FEATURE,CAMERA_2,long_exposure,This one can take long exposures up to 60 minutes max with bulb mode.,PRESENT_X,CAMERA_2,39~68
163,32,CAMERA_2,"['CAMERA_3', 'CAMERA_1', 'CAMERA_2']","{'CAMERA_1': ['ISO', 'settings', 'sensor_size', 'resolution', 'preset_modes', 'weight', 'optical_zoom', 'effects', 'color', 'autofocus_points', 'price'], 'CAMERA_2': ['sensor_size', 'price', 'effects', 'weight', 'ISO', 'long_exposure', 'settings', 'resolution', 'preset_modes', 'autofocus_points', 'optical_zoom', 'color', 'camera_type', 'long_exposure', 'resolution'], 'CAMERA_3': ['effects']}",C_QUESTION_ABOUT_FEATURE,CAMERA_2,resolution,what about the resolution,PRESENT_X,CAMERA_2,S_ANSWERS_QUESTION_ABOUT_FEATURE,CAMERA_2,resolution,This one has 23.8 megapixels resolution.,PRESENT_X,CAMERA_2,13~28
163,33,CAMERA_2,"['CAMERA_3', 'CAMERA_1', 'CAMERA_2']","{'CAMERA_1': ['ISO', 'settings', 'sensor_size', 'resolution', 'preset_modes', 'weight', 'optical_zoom', 'effects', 'color', 'autofocus_points', 'price'], 'CAMERA_2': ['sensor_size', 'price', 'effects', 'weight', 'ISO', 'long_exposure', 'settings', 'resolution', 'preset_modes', 'autofocus_points', 'optical_zoom', 'color', 'camera_type', 'long_exposure', 'resolution', 'sensor_size'], 'CAMERA_3': ['effects']}",C_SILENT_OR_BACKCHANNEL,CAMERA_2,NONE,ok,PRESENT_X,CAMERA_2,S_INTRODUCES_FEATURE,CAMERA_2,sensor_size,This one has a 1/2.33 inch sensor.,PRESENT_X,CAMERA_2,15~33
163,34,CAMERA_2,"['CAMERA_3', 'CAMERA_1', 'CAMERA_2']","{'CAMERA_1': ['ISO', 'settings', 'sensor_size', 'resolution', 'preset_modes', 'weight', 'optical_zoom', 'effects', 'color', 'autofocus_points', 'price'], 'CAMERA_2': ['sensor_size', 'price', 'effects', 'weight', 'ISO', 'long_exposure', 'settings', 'resolution', 'preset_modes', 'autofocus_points', 'optical_zoom', 'color', 'camera_type', 'long_exposure', 'resolution', 'sensor_size', 'long_exposure'], 'CAMERA_3': ['effects']}",C_SILENT_OR_BACKCHANNEL,CAMERA_2,NONE,that's nice how much is it,PRESENT_X,CAMERA_2,S_INTRODUCES_FEATURE,CAMERA_2,long_exposure,This one can take long exposures up to 60 minutes max with bulb mode.,PRESENT_X,CAMERA_2,39~68
163,35,NONE,"['CAMERA_3', 'CAMERA_1', 'CAMERA_2']","{'CAMERA_1': ['ISO', 'settings', 'sensor_size', 'resolution', 'preset_modes', 'weight', 'optical_zoom', 'effects', 'color', 'autofocus_points', 'price'], 'CAMERA_2': ['sensor_size', 'price', 'effects', 'weight', 'ISO', 'long_exposure', 'settings', 'resolution', 'preset_modes', 'autofocus_points', 'optical_zoom', 'color', 'camera_type', 'long_exposure', 'resolution', 'sensor_size', 'long_exposure'], 'CAMERA_3': ['effects']}",C_THANK_YOU,CAMERA_2,NONE,thank you so much,PRESENT_X,CAMERA_2,S_THANK_YOU,CAMERA_2,NONE,thank you very much.,FACE_TO_FACE,NONE,
163,36,NONE,"['CAMERA_3', 'CAMERA_1', 'CAMERA_2']","{'CAMERA_1': ['ISO', 'settings', 'sensor_size', 'resolution', 'preset_modes', 'weight', 'optical_zoom', 'effects', 'color', 'autofocus_points', 'price'], 'CAMERA_2': ['sensor_size', 'price', 'effects', 'weight', 'ISO', 'long_exposure', 'settings', 'resolution', 'preset_modes', 'autofocus_points', 'optical_zoom', 'color', 'camera_type', 'long_exposure', 'resolution', 'sensor_size', 'long_exposure'], 'CAMERA_3': ['effects']}",C_LEAVES,DOOR,NONE,,FACE_TO_FACE,NONE,S_RETURNS_TO_COUNTER,SERVICE_COUNTER,NONE,,WAITING,NONE,
164,1,NONE,[],"{'CAMERA_1': [], 'CAMERA_2': [], 'CAMERA_3': []}",C_ENTERS,DOOR,NONE,,WAITING,NONE,S_NONE,SERVICE_COUNTER,NONE,,WAITING,NONE,
164,2,NONE,[],"{'CAMERA_1': [], 'CAMERA_2': [], 'CAMERA_3': []}",C_WALKS_TO_CAMERA,CAMERA_3,NONE,,WAITING,NONE,S_GREETS,CAMERA_3,NONE,can I help you?,FACE_TO_FACE,NONE,
164,3,CAMERA_1,['CAMERA_1'],"{'CAMERA_1': [], 'CAMERA_2': [], 'CAMERA_3': []}",C_LOOKING_FOR_A_CAMERA,CAMERA_3,NONE,I guess I'm just looking for a new camera,FACE_TO_FACE,NONE,S_INTRODUCES_CAMERA,CAMERA_1,,Let me show you this. Here we have the Sony PowerShot ELPH DMC-ZS3.,PRESENT_X,CAMERA_1,39~66
164,4,CAMERA_1,['CAMERA_1'],"{'CAMERA_1': ['long_exposure'], 'CAMERA_2': [], 'CAMERA_3': []}",C_QUESTION_ABOUT_FEATURE,CAMERA_1,long_exposure,and what's the long exposure on this,PRESENT_X,CAMERA_1,S_ANSWERS_QUESTION_ABOUT_FEATURE,CAMERA_1,long_exposure,This one can take long exposures up to up to 15 seconds with Long Shutter Mode.,PRESENT_X,CAMERA_1,39~78
164,5,CAMERA_1,['CAMERA_1'],"{'CAMERA_1': ['long_exposure', 'color'], 'CAMERA_2': [], 'CAMERA_3': []}",C_SILENT_OR_BACKCHANNEL,CAMERA_1,NONE,ok,PRESENT_X,CAMERA_1,S_INTRODUCES_FEATURE,CAMERA_1,color,This one comes in blue or black.,PRESENT_X,CAMERA_1,18~31
164,6,CAMERA_1,['CAMERA_1'],"{'CAMERA_1': ['long_exposure', 'color', 'sensor_size'], 'CAMERA_2': [], 'CAMERA_3': []}",C_SILENT_OR_BACKCHANNEL,CAMERA_1,NONE,wow that's really interesting ,PRESENT_X,CAMERA_1,S_INTRODUCES_FEATURE,CAMERA_1,sensor_size,This one has a 1/2.3 inch CMOS sensor.,PRESENT_X,CAMERA_1,15~37
164,7,CAMERA_1,['CAMERA_1'],"{'CAMERA_1': ['long_exposure', 'color', 'sensor_size', 'resolution'], 'CAMERA_2': [], 'CAMERA_3': []}",C_QUESTION_ABOUT_FEATURE,CAMERA_1,resolution,and this is a touch screen,PRESENT_X,CAMERA_1,S_ANSWERS_QUESTION_ABOUT_FEATURE,CAMERA_1,resolution,This one has 17.8 megapixels resolution.,PRESENT_X,CAMERA_1,13~28
164,8,CAMERA_1,['CAMERA_1'],"{'CAMERA_1': ['long_exposure', 'color', 'sensor_size', 'resolution', 'price'], 'CAMERA_2': [], 'CAMERA_3': []}",C_QUESTION_ABOUT_FEATURE,CAMERA_1,price,how about the price,PRESENT_X,CAMERA_1,S_ANSWERS_QUESTION_ABOUT_FEATURE,CAMERA_1,price,This one costs $450.,PRESENT_X,CAMERA_1,15~19
164,9,NONE,['CAMERA_1'],"{'CAMERA_1': ['long_exposure', 'color', 'sensor_size', 'resolution', 'price'], 'CAMERA_2': [], 'CAMERA_3': []}",C_THANK_YOU,CAMERA_1,NONE,thanks,PRESENT_X,CAMERA_1,S_THANK_YOU,CAMERA_1,NONE,thank you very much.,FACE_TO_FACE,NONE,
164,10,NONE,['CAMERA_1'],"{'CAMERA_1': ['long_exposure', 'color', 'sensor_size', 'resolution', 'price'], 'CAMERA_2': [], 'CAMERA_3': []}",C_LEAVES,DOOR,NONE,,FACE_TO_FACE,NONE,S_RETURNS_TO_COUNTER,SERVICE_COUNTER,NONE,,WAITING,NONE,
165,1,NONE,[],"{'CAMERA_1': [], 'CAMERA_2': [], 'CAMERA_3': []}",C_ENTERS,DOOR,NONE,,WAITING,NONE,S_NONE,SERVICE_COUNTER,NONE,,WAITING,NONE,
165,2,NONE,[],"{'CAMERA_1': [], 'CAMERA_2': [], 'CAMERA_3': []}",C_GREETS,MIDDLE,NONE,excuse me,WAITING,NONE,S_GREETS,MIDDLE,NONE,can I help you?,FACE_TO_FACE,NONE,
165,3,CAMERA_2,['CAMERA_2'],"{'CAMERA_1': [], 'CAMERA_2': [], 'CAMERA_3': []}",C_LOOKING_FOR_A_CAMERA,MIDDLE,NONE,hi good afternoon I'm looking to buy a new camera,FACE_TO_FACE,NONE,S_INTRODUCES_CAMERA,CAMERA_2,,Let me show you this. Here we have the Fujifilm Lumix ILC Camera.,PRESENT_X,CAMERA_2,39~64
165,4,CAMERA_2,['CAMERA_2'],"{'CAMERA_1': [], 'CAMERA_2': ['price'], 'CAMERA_3': []}",C_SILENT_OR_BACKCHANNEL,CAMERA_2,NONE,oh I see this looks nice looks like and I like the color but what about the price this ,PRESENT_X,CAMERA_2,S_INTRODUCES_FEATURE,CAMERA_2,price,This one costs $768.,PRESENT_X,CAMERA_2,15~19
165,5,CAMERA_1,"['CAMERA_2', 'CAMERA_1']","{'CAMERA_1': [], 'CAMERA_2': ['price'], 'CAMERA_3': []}",C_ANYTHING_ELSE_AVAILABLE,CAMERA_2,NONE,do you have anything better than this,PRESENT_X,CAMERA_2,S_INTRODUCES_CAMERA,CAMERA_1,,Let me show you this. Here we have the Sony PowerShot ELPH DMC-ZS3.,PRESENT_X,CAMERA_1,39~66
165,6,CAMERA_1,"['CAMERA_2', 'CAMERA_1']","{'CAMERA_1': ['color'], 'CAMERA_2': ['price'], 'CAMERA_3': []}",C_QUESTION_ABOUT_FEATURE,CAMERA_1,color,does this come in any other colors,PRESENT_X,CAMERA_1,S_ANSWERS_QUESTION_ABOUT_FEATURE,CAMERA_1,color,This one comes in blue or black.,PRESENT_X,CAMERA_1,18~31
165,7,NONE,"['CAMERA_2', 'CAMERA_1']","{'CAMERA_1': ['color'], 'CAMERA_2': ['price'], 'CAMERA_3': []}",C_THANK_YOU,CAMERA_1,NONE,thank you for your help I'm going to think about it,PRESENT_X,CAMERA_1,S_THANK_YOU,CAMERA_1,NONE,thank you very much.,FACE_TO_FACE,NONE,
165,8,NONE,"['CAMERA_2', 'CAMERA_1']","{'CAMERA_1': ['color'], 'CAMERA_2': ['price'], 'CAMERA_3': []}",C_LEAVES,DOOR,NONE,,FACE_TO_FACE,NONE,S_RETURNS_TO_COUNTER,SERVICE_COUNTER,NONE,,WAITING,NONE,
166,1,NONE,[],"{'CAMERA_1': [], 'CAMERA_2': [], 'CAMERA_3': []}",C_ENTERS,DOOR,NONE,,WAITING,NONE,S_NONE,SERVICE_COUNTER,NONE,,WAITING,NONE,
166,2,NONE,[],"{'CAMERA_1': [], 'CAMERA_2': [], 'CAMERA_3': []}",C_GREETS,MIDDLE,NONE,excuse me,WAITING,NONE,S_GREETS,MIDDLE,NONE,can I help you?,FACE_TO_FACE,NONE,
166,3,CAMERA_3,['CAMERA_3'],"{'CAMERA_1': [], 'CAMERA_2': [], 'CAMERA_3': []}",C_LOOKING_FOR_A_CAMERA,MIDDLE,NONE,I'm looking for camera to take family pictures,FACE_TO_FACE,NONE,S_INTRODUCES_CAMERA,CAMERA_3,,Let me show you this. Here we have the Fujifilm PowerShot ELPH S2800.,PRESENT_X,CAMERA_3,39~68
166,4,CAMERA_3,['CAMERA_3'],"{'CAMERA_1': [], 'CAMERA_2': [], 'CAMERA_3': ['preset_modes']}",C_QUESTION_ABOUT_FEATURE,CAMERA_3,preset_modes,does it have like candle mode,PRESENT_X,CAMERA_3,S_ANSWERS_QUESTION_ABOUT_FEATURE,CAMERA_3,preset_modes,This one has various preset modes.,PRESENT_X,CAMERA_3,13~33
166,5,CAMERA_3,['CAMERA_3'],"{'CAMERA_1': [], 'CAMERA_2': [], 'CAMERA_3': ['preset_modes', 'effects']}",C_QUESTION_ABOUT_FEATURE,CAMERA_3,effects,yeah but I don't really know that stuff does it have any effect modes,PRESENT_X,CAMERA_3,S_ANSWERS_QUESTION_ABOUT_FEATURE,CAMERA_3,effects,"This one has 21 photo effects (small face, retro, big eyes, etc.).",PRESENT_X,CAMERA_3,13~65
166,6,CAMERA_3,['CAMERA_3'],"{'CAMERA_1': [], 'CAMERA_2': [], 'CAMERA_3': ['preset_modes', 'effects', 'ISO']}",C_QUESTION_ABOUT_FEATURE,CAMERA_3,ISO,Ohio ISOs so how well is the able to shoot,PRESENT_X,CAMERA_3,S_ANSWERS_QUESTION_ABOUT_FEATURE,CAMERA_3,ISO,This one has up to 3200 ISO with little noise.,PRESENT_X,CAMERA_3,13~45
166,7,CAMERA_3,['CAMERA_3'],"{'CAMERA_1': [], 'CAMERA_2': [], 'CAMERA_3': ['preset_modes', 'effects', 'ISO', 'resolution']}",C_QUESTION_ABOUT_FEATURE,CAMERA_3,resolution,how many megapixels is it house,PRESENT_X,CAMERA_3,S_ANSWERS_QUESTION_ABOUT_FEATURE,CAMERA_3,resolution,This one has 23.2 megapixels resolution.,PRESENT_X,CAMERA_3,13~28
166,8,CAMERA_3,['CAMERA_3'],"{'CAMERA_1': [], 'CAMERA_2': [], 'CAMERA_3': ['preset_modes', 'effects', 'ISO', 'resolution', 'settings']}",C_QUESTION_ABOUT_FEATURE,CAMERA_3,settings,Does this camera have preset modes?,PRESENT_X,CAMERA_3,S_ANSWERS_QUESTION_ABOUT_FEATURE,CAMERA_3,settings,"This one has manual control and various automatic settings (video modeburst shooting, etc.).",PRESENT_X,CAMERA_3,13~91
166,9,CAMERA_3,['CAMERA_3'],"{'CAMERA_1': [], 'CAMERA_2': [], 'CAMERA_3': ['preset_modes', 'effects', 'ISO', 'resolution', 'settings', 'camera_type']}",C_QUESTION_ABOUT_FEATURE,CAMERA_3,camera_type,Is this a mirrorless camera?,PRESENT_X,CAMERA_3,S_ANSWERS_QUESTION_ABOUT_FEATURE,CAMERA_3,camera_type,This is a point and shoot camera.,PRESENT_X,CAMERA_3,10~25
166,10,CAMERA_2,"['CAMERA_3', 'CAMERA_2']","{'CAMERA_1': [], 'CAMERA_2': [], 'CAMERA_3': ['preset_modes', 'effects', 'ISO', 'resolution', 'settings', 'camera_type']}",C_ANYTHING_ELSE_AVAILABLE,CAMERA_3,NONE,I see do you have any other options that you can show me,PRESENT_X,CAMERA_3,S_INTRODUCES_CAMERA,CAMERA_2,,Let me show you this. Here we have the Fujifilm Lumix ILC Camera.,PRESENT_X,CAMERA_2,39~64
166,11,CAMERA_2,"['CAMERA_3', 'CAMERA_2']","{'CAMERA_1': [], 'CAMERA_2': ['camera_type'], 'CAMERA_3': ['preset_modes', 'effects', 'ISO', 'resolution', 'settings', 'camera_type']}",C_SILENT_OR_BACKCHANNEL,CAMERA_2,NONE,that sounds good,PRESENT_X,CAMERA_2,S_INTRODUCES_FEATURE,CAMERA_2,camera_type,This is a digital single lens mirrorless camera.,PRESENT_X,CAMERA_2,10~40
166,12,CAMERA_2,"['CAMERA_3', 'CAMERA_2']","{'CAMERA_1': [], 'CAMERA_2': ['camera_type', 'color'], 'CAMERA_3': ['preset_modes', 'effects', 'ISO', 'resolution', 'settings', 'camera_type']}",C_QUESTION_ABOUT_FEATURE,CAMERA_2,color,that sounds a bit heavy does it come in any other colors,PRESENT_X,CAMERA_2,S_ANSWERS_QUESTION_ABOUT_FEATURE,CAMERA_2,color,This one comes in white or pink.,PRESENT_X,CAMERA_2,18~31
166,13,NONE,"['CAMERA_3', 'CAMERA_2']","{'CAMERA_1': [], 'CAMERA_2': ['camera_type', 'color'], 'CAMERA_3': ['preset_modes', 'effects', 'ISO', 'resolution', 'settings', 'camera_type']}",C_THANK_YOU,CAMERA_2,NONE,I say ahh right thanks for your help I'll be back then,PRESENT_X,CAMERA_2,S_THANK_YOU,CAMERA_2,NONE,thank you very much.,FACE_TO_FACE,NONE,
166,14,NONE,"['CAMERA_3', 'CAMERA_2']","{'CAMERA_1': [], 'CAMERA_2': ['camera_type', 'color'], 'CAMERA_3': ['preset_modes', 'effects', 'ISO', 'resolution', 'settings', 'camera_type']}",C_LEAVES,DOOR,NONE,,FACE_TO_FACE,NONE,S_RETURNS_TO_COUNTER,SERVICE_COUNTER,NONE,,WAITING,NONE,
167,1,NONE,[],"{'CAMERA_1': [], 'CAMERA_2': [], 'CAMERA_3': []}",C_ENTERS,DOOR,NONE,,WAITING,NONE,S_NONE,SERVICE_COUNTER,NONE,,WAITING,NONE,
167,2,NONE,[],"{'CAMERA_1': [], 'CAMERA_2': [], 'CAMERA_3': []}",C_GREETS,MIDDLE,NONE,hello,WAITING,NONE,S_GREETS,MIDDLE,NONE,can I help you?,FACE_TO_FACE,NONE,
167,3,CAMERA_3,['CAMERA_3'],"{'CAMERA_1': [], 'CAMERA_2': [], 'CAMERA_3': []}",C_LOOKING_FOR_A_CAMERA,MIDDLE,NONE,I'm looking for a camera,FACE_TO_FACE,NONE,S_INTRODUCES_CAMERA,CAMERA_3,,Let me show you this. Here we have the Fujifilm PowerShot ELPH S2800.,PRESENT_X,CAMERA_3,39~68
167,4,CAMERA_3,['CAMERA_3'],"{'CAMERA_1': [], 'CAMERA_2': [], 'CAMERA_3': ['autofocus_points']}",C_QUESTION_ABOUT_FEATURE,CAMERA_3,autofocus_points,and how many autofocus points does it have,PRESENT_X,CAMERA_3,S_ANSWERS_QUESTION_ABOUT_FEATURE,CAMERA_3,autofocus_points,This one has 214 autofocus points.,PRESENT_X,CAMERA_3,13~33
167,5,CAMERA_3,['CAMERA_3'],"{'CAMERA_1': [], 'CAMERA_2': [], 'CAMERA_3': ['autofocus_points', 'camera_type']}",C_SILENT_OR_BACKCHANNEL,CAMERA_3,NONE,ok,PRESENT_X,CAMERA_3,S_INTRODUCES_FEATURE,CAMERA_3,camera_type,This is a point and shoot camera.,PRESENT_X,CAMERA_3,10~25
167,6,CAMERA_1,"['CAMERA_3', 'CAMERA_1']","{'CAMERA_1': [], 'CAMERA_2': [], 'CAMERA_3': ['autofocus_points', 'camera_type']}",C_ANYTHING_ELSE_AVAILABLE,CAMERA_3,NONE,do you have any other cameras that are in this kind,PRESENT_X,CAMERA_3,S_INTRODUCES_CAMERA,CAMERA_1,,Let me show you this. Here we have the Sony PowerShot ELPH DMC-ZS3.,PRESENT_X,CAMERA_1,39~66
167,7,CAMERA_1,"['CAMERA_3', 'CAMERA_1']","{'CAMERA_1': ['sensor_size'], 'CAMERA_2': [], 'CAMERA_3': ['autofocus_points', 'camera_type']}",C_QUESTION_ABOUT_FEATURE,CAMERA_1,sensor_size,what about the sensor size,PRESENT_X,CAMERA_1,S_ANSWERS_QUESTION_ABOUT_FEATURE,CAMERA_1,sensor_size,This one has a 1/2.3 inch CMOS sensor.,PRESENT_X,CAMERA_1,15~37
167,8,CAMERA_2,"['CAMERA_3', 'CAMERA_1', 'CAMERA_2']","{'CAMERA_1': ['sensor_size'], 'CAMERA_2': [], 'CAMERA_3': ['autofocus_points', 'camera_type']}",C_ANYTHING_ELSE_AVAILABLE,CAMERA_1,NONE,Do you have other cameras that I could afford,PRESENT_X,CAMERA_1,S_INTRODUCES_CAMERA,CAMERA_2,,Let me show you this. Here we have the Fujifilm Lumix ILC Camera.,PRESENT_X,CAMERA_2,39~64
167,9,CAMERA_2,"['CAMERA_3', 'CAMERA_1', 'CAMERA_2']","{'CAMERA_1': ['sensor_size'], 'CAMERA_2': ['resolution'], 'CAMERA_3': ['autofocus_points', 'camera_type']}",C_SILENT_OR_BACKCHANNEL,CAMERA_2,NONE,uh huh I just want to see the cameras,PRESENT_X,CAMERA_2,S_INTRODUCES_FEATURE,CAMERA_2,resolution,This one has 23.8 megapixels resolution.,PRESENT_X,CAMERA_2,13~28
167,10,CAMERA_2,"['CAMERA_3', 'CAMERA_1', 'CAMERA_2']","{'CAMERA_1': ['sensor_size'], 'CAMERA_2': ['resolution', 'price'], 'CAMERA_3': ['autofocus_points', 'camera_type']}",C_QUESTION_ABOUT_FEATURE,CAMERA_2,price,KN what is the price on it,PRESENT_X,CAMERA_2,S_ANSWERS_QUESTION_ABOUT_FEATURE,CAMERA_2,price,This one costs $768.,PRESENT_X,CAMERA_2,15~19
167,11,CAMERA_2,"['CAMERA_3', 'CAMERA_1', 'CAMERA_2']","{'CAMERA_1': ['sensor_size'], 'CAMERA_2': ['resolution', 'price', 'sensor_size'], 'CAMERA_3': ['autofocus_points', 'camera_type']}",C_SILENT_OR_BACKCHANNEL,CAMERA_2,NONE,okay,PRESENT_X,CAMERA_2,S_INTRODUCES_FEATURE,CAMERA_2,sensor_size,This one has a 1/2.33 inch sensor.,PRESENT_X,CAMERA_2,15~33
167,12,CAMERA_2,"['CAMERA_3', 'CAMERA_1', 'CAMERA_2']","{'CAMERA_1': ['sensor_size'], 'CAMERA_2': ['resolution', 'price', 'sensor_size', 'color'], 'CAMERA_3': ['autofocus_points', 'camera_type']}",C_QUESTION_ABOUT_FEATURE,CAMERA_2,color,did this camera come in any other colors,PRESENT_X,CAMERA_2,S_ANSWERS_QUESTION_ABOUT_FEATURE,CAMERA_2,color,This one comes in white or pink.,PRESENT_X,CAMERA_2,18~31
167,13,CAMERA_2,"['CAMERA_3', 'CAMERA_1', 'CAMERA_2']","{'CAMERA_1': ['sensor_size'], 'CAMERA_2': ['resolution', 'price', 'sensor_size', 'color', 'long_exposure'], 'CAMERA_3': ['autofocus_points', 'camera_type']}",C_SILENT_OR_BACKCHANNEL,CAMERA_2,NONE,okay that's good that looks professional and that will impress people,PRESENT_X,CAMERA_2,S_INTRODUCES_FEATURE,CAMERA_2,long_exposure,This one can take long exposures up to 60 minutes max with bulb mode.,PRESENT_X,CAMERA_2,39~68
167,14,NONE,"['CAMERA_3', 'CAMERA_1', 'CAMERA_2']","{'CAMERA_1': ['sensor_size'], 'CAMERA_2': ['resolution', 'price', 'sensor_size', 'color', 'long_exposure'], 'CAMERA_3': ['autofocus_points', 'camera_type']}",C_THANK_YOU,CAMERA_2,NONE,okay thank you very much,PRESENT_X,CAMERA_2,S_THANK_YOU,CAMERA_2,NONE,thank you very much.,FACE_TO_FACE,NONE,
167,15,NONE,"['CAMERA_3', 'CAMERA_1', 'CAMERA_2']","{'CAMERA_1': ['sensor_size'], 'CAMERA_2': ['resolution', 'price', 'sensor_size', 'color', 'long_exposure'], 'CAMERA_3': ['autofocus_points', 'camera_type']}",C_LEAVES,DOOR,NONE,,FACE_TO_FACE,NONE,S_RETURNS_TO_COUNTER,SERVICE_COUNTER,NONE,,WAITING,NONE,
168,1,NONE,[],"{'CAMERA_1': [], 'CAMERA_2': [], 'CAMERA_3': []}",C_ENTERS,DOOR,NONE,,WAITING,NONE,S_NONE,SERVICE_COUNTER,NONE,,WAITING,NONE,
168,2,NONE,[],"{'CAMERA_1': [], 'CAMERA_2': [], 'CAMERA_3': []}",C_WALKS_TO_CAMERA,CAMERA_3,NONE,,WAITING,NONE,S_NONE,SERVICE_COUNTER,NONE,,WAITING,NONE,
168,3,CAMERA_3,['CAMERA_3'],"{'CAMERA_1': [], 'CAMERA_2': [], 'CAMERA_3': ['settings']}",C_QUESTION_ABOUT_FEATURE,CAMERA_3,settings,so um how about its ability to adjust settings is it manual,WAITING,NONE,S_ANSWERS_QUESTION_ABOUT_FEATURE,CAMERA_3,settings,"This one has manual control and various automatic settings (video modeburst shooting, etc.).",PRESENT_X,CAMERA_3,13~91
168,4,CAMERA_3,['CAMERA_3'],"{'CAMERA_1': [], 'CAMERA_2': [], 'CAMERA_3': ['settings', 'ISO']}",C_SILENT_OR_BACKCHANNEL,CAMERA_3,NONE,okay that sounds good too,PRESENT_X,CAMERA_3,S_INTRODUCES_FEATURE,CAMERA_3,ISO,This one has up to 3200 ISO with little noise.,PRESENT_X,CAMERA_3,13~45
168,5,CAMERA_3,['CAMERA_3'],"{'CAMERA_1': [], 'CAMERA_2': [], 'CAMERA_3': ['settings', 'ISO', 'preset_modes']}",C_QUESTION_ABOUT_FEATURE,CAMERA_3,preset_modes,cool any preset modes,PRESENT_X,CAMERA_3,S_ANSWERS_QUESTION_ABOUT_FEATURE,CAMERA_3,preset_modes,This one has various preset modes.,PRESENT_X,CAMERA_3,13~33
168,6,CAMERA_3,['CAMERA_3'],"{'CAMERA_1': [], 'CAMERA_2': [], 'CAMERA_3': ['settings', 'ISO', 'preset_modes', 'optical_zoom']}",C_QUESTION_ABOUT_FEATURE,CAMERA_3,optical_zoom,the optical zoom on this camera what is it,PRESENT_X,CAMERA_3,S_NOT_SURE,CAMERA_3,,I'm not really sure about that.,PRESENT_X,CAMERA_3,
168,7,CAMERA_3,['CAMERA_3'],"{'CAMERA_1': [], 'CAMERA_2': [], 'CAMERA_3': ['settings', 'ISO', 'preset_modes', 'optical_zoom', 'camera_type']}",C_QUESTION_ABOUT_FEATURE,CAMERA_3,camera_type,is this a point and shoot camera,PRESENT_X,CAMERA_3,S_ANSWERS_QUESTION_ABOUT_FEATURE,CAMERA_3,camera_type,This is a point and shoot camera.,PRESENT_X,CAMERA_3,10~25
168,8,CAMERA_3,['CAMERA_3'],"{'CAMERA_1': [], 'CAMERA_2': [], 'CAMERA_3': ['settings', 'ISO', 'preset_modes', 'optical_zoom', 'camera_type', 'resolution']}",C_QUESTION_ABOUT_FEATURE,CAMERA_3,resolution,I'm not really sure what megapixel means can you please explain to me ,PRESENT_X,CAMERA_3,S_ANSWERS_QUESTION_ABOUT_FEATURE,CAMERA_3,resolution,This one has 23.2 megapixels resolution.,PRESENT_X,CAMERA_3,13~28
168,9,NONE,['CAMERA_3'],"{'CAMERA_1': [], 'CAMERA_2': [], 'CAMERA_3': ['settings', 'ISO', 'preset_modes', 'optical_zoom', 'camera_type', 'resolution']}",C_THANK_YOU,CAMERA_3,NONE,thank you so much,PRESENT_X,CAMERA_3,S_THANK_YOU,CAMERA_3,NONE,thank you very much.,FACE_TO_FACE,NONE,
168,10,NONE,['CAMERA_3'],"{'CAMERA_1': [], 'CAMERA_2': [], 'CAMERA_3': ['settings', 'ISO', 'preset_modes', 'optical_zoom', 'camera_type', 'resolution']}",C_LEAVES,DOOR,NONE,,FACE_TO_FACE,NONE,S_RETURNS_TO_COUNTER,SERVICE_COUNTER,NONE,,WAITING,NONE,
169,1,NONE,[],"{'CAMERA_1': [], 'CAMERA_2': [], 'CAMERA_3': []}",C_ENTERS,DOOR,NONE,,WAITING,NONE,S_NONE,SERVICE_COUNTER,NONE,,WAITING,NONE,
169,2,NONE,[],"{'CAMERA_1': [], 'CAMERA_2': [], 'CAMERA_3': []}",C_WALKS_TO_CAMERA,CAMERA_3,NONE,,WAITING,NONE,S_GREETS,CAMERA_3,NONE,can I help you?,FACE_TO_FACE,NONE,
169,3,CAMERA_2,['CAMERA_2'],"{'CAMERA_1': [], 'CAMERA_2': [], 'CAMERA_3': []}",C_LOOKING_FOR_A_CAMERA,CAMERA_3,NONE,hi afternoon I'm here in Japan for vacations and I would like to buy a new camera can you help me with this,FACE_TO_FACE,NONE,S_INTRODUCES_CAMERA,CAMERA_2,,Let me show you this. Here we have the Fujifilm Lumix ILC Camera.,PRESENT_X,CAMERA_2,39~64
169,4,CAMERA_2,['CAMERA_2'],"{'CAMERA_1': [], 'CAMERA_2': ['effects'], 'CAMERA_3': []}",C_QUESTION_ABOUT_FEATURE,CAMERA_2,effects,does it have an artistic effect mode,PRESENT_X,CAMERA_2,S_ANSWERS_QUESTION_ABOUT_FEATURE,CAMERA_2,effects,"This one has 24 artistic effect modes (retro, lighter or darker skin tones, sepia, etc.).",PRESENT_X,CAMERA_2,13~88
169,5,CAMERA_2,['CAMERA_2'],"{'CAMERA_1': [], 'CAMERA_2': ['effects', 'price'], 'CAMERA_3': []}",C_SILENT_OR_BACKCHANNEL,CAMERA_2,NONE,that's great,PRESENT_X,CAMERA_2,S_INTRODUCES_FEATURE,CAMERA_2,price,This one costs $768.,PRESENT_X,CAMERA_2,15~19
169,6,CAMERA_2,['CAMERA_2'],"{'CAMERA_1': [], 'CAMERA_2': ['effects', 'price', 'resolution'], 'CAMERA_3': []}",C_SILENT_OR_BACKCHANNEL,CAMERA_2,NONE,this one also looks kind of good,PRESENT_X,CAMERA_2,S_INTRODUCES_FEATURE,CAMERA_2,resolution,This one has 23.8 megapixels resolution.,PRESENT_X,CAMERA_2,13~28
169,7,NONE,['CAMERA_2'],"{'CAMERA_1': [], 'CAMERA_2': ['effects', 'price', 'resolution'], 'CAMERA_3': []}",C_THANK_YOU,CAMERA_2,NONE,yes thanks,PRESENT_X,CAMERA_2,S_THANK_YOU,CAMERA_2,NONE,thank you very much.,FACE_TO_FACE,NONE,
169,8,NONE,['CAMERA_2'],"{'CAMERA_1': [], 'CAMERA_2': ['effects', 'price', 'resolution'], 'CAMERA_3': []}",C_LEAVES,DOOR,NONE,,FACE_TO_FACE,NONE,S_RETURNS_TO_COUNTER,SERVICE_COUNTER,NONE,,WAITING,NONE,
170,1,NONE,[],"{'CAMERA_1': [], 'CAMERA_2': [], 'CAMERA_3': []}",C_ENTERS,DOOR,NONE,,WAITING,NONE,S_NONE,SERVICE_COUNTER,NONE,,WAITING,NONE,
170,2,NONE,[],"{'CAMERA_1': [], 'CAMERA_2': [], 'CAMERA_3': []}",C_GREETS,MIDDLE,NONE,excuse me,WAITING,NONE,S_GREETS,MIDDLE,NONE,can I help you?,FACE_TO_FACE,NONE,
170,3,CAMERA_3,['CAMERA_3'],"{'CAMERA_1': [], 'CAMERA_2': [], 'CAMERA_3': []}",C_LOOKING_FOR_A_CAMERA,MIDDLE,NONE,take a look at your cameras,FACE_TO_FACE,NONE,S_INTRODUCES_CAMERA,CAMERA_3,,Let me show you this. Here we have the Fujifilm PowerShot ELPH S2800.,PRESENT_X,CAMERA_3,39~68
170,4,CAMERA_3,['CAMERA_3'],"{'CAMERA_1': [], 'CAMERA_2': [], 'CAMERA_3': ['resolution']}",C_SILENT_OR_BACKCHANNEL,CAMERA_3,NONE,ok is this camera really nice,PRESENT_X,CAMERA_3,S_INTRODUCES_FEATURE,CAMERA_3,resolution,This one has 23.2 megapixels resolution.,PRESENT_X,CAMERA_3,13~28
170,5,CAMERA_3,['CAMERA_3'],"{'CAMERA_1': [], 'CAMERA_2': [], 'CAMERA_3': ['resolution', 'long_exposure']}",C_QUESTION_ABOUT_FEATURE,CAMERA_3,long_exposure,and how about the exposure,PRESENT_X,CAMERA_3,S_ANSWERS_QUESTION_ABOUT_FEATURE,CAMERA_3,long_exposure,This one can take long exposures up to 30 minutes max with bulb mode.,PRESENT_X,CAMERA_3,39~68
170,6,CAMERA_3,['CAMERA_3'],"{'CAMERA_1': [], 'CAMERA_2': [], 'CAMERA_3': ['resolution', 'long_exposure', 'camera_type']}",C_QUESTION_ABOUT_FEATURE,CAMERA_3,camera_type,is this a point and shoot camera,PRESENT_X,CAMERA_3,S_ANSWERS_QUESTION_ABOUT_FEATURE,CAMERA_3,camera_type,This is a point and shoot camera.,PRESENT_X,CAMERA_3,10~25
170,7,NONE,['CAMERA_3'],"{'CAMERA_1': [], 'CAMERA_2': [], 'CAMERA_3': ['resolution', 'long_exposure', 'camera_type']}",C_THANK_YOU,CAMERA_3,NONE,okay thank you,PRESENT_X,CAMERA_3,S_THANK_YOU,CAMERA_3,NONE,thank you very much.,FACE_TO_FACE,NONE,
170,8,NONE,['CAMERA_3'],"{'CAMERA_1': [], 'CAMERA_2': [], 'CAMERA_3': ['resolution', 'long_exposure', 'camera_type']}",C_LEAVES,DOOR,NONE,,FACE_TO_FACE,NONE,S_RETURNS_TO_COUNTER,SERVICE_COUNTER,NONE,,WAITING,NONE,
171,1,NONE,[],"{'CAMERA_1': [], 'CAMERA_2': [], 'CAMERA_3': []}",C_ENTERS,DOOR,NONE,,WAITING,NONE,S_NONE,SERVICE_COUNTER,NONE,,WAITING,NONE,
171,2,NONE,[],"{'CAMERA_1': [], 'CAMERA_2': [], 'CAMERA_3': []}",C_GREETS,MIDDLE,NONE,kiss me,WAITING,NONE,S_GREETS,MIDDLE,NONE,can I help you?,FACE_TO_FACE,NONE,
171,3,CAMERA_2,['CAMERA_2'],"{'CAMERA_1': [], 'CAMERA_2': [], 'CAMERA_3': []}",C_LOOKING_FOR_A_CAMERA,MIDDLE,NONE,I'm looking for a cheap camera I dropped my old phone in the toilet,FACE_TO_FACE,NONE,S_INTRODUCES_CAMERA,CAMERA_2,,Let me show you this. Here we have the Fujifilm Lumix ILC Camera.,PRESENT_X,CAMERA_2,39~64
171,4,CAMERA_2,['CAMERA_2'],"{'CAMERA_1': [], 'CAMERA_2': ['sensor_size'], 'CAMERA_3': []}",C_QUESTION_ABOUT_FEATURE,CAMERA_2,sensor_size,and how big is it,PRESENT_X,CAMERA_2,S_ANSWERS_QUESTION_ABOUT_FEATURE,CAMERA_2,sensor_size,This one has a 1/2.33 inch sensor.,PRESENT_X,CAMERA_2,15~33
171,5,CAMERA_2,['CAMERA_2'],"{'CAMERA_1': [], 'CAMERA_2': ['sensor_size', 'preset_modes'], 'CAMERA_3': []}",C_QUESTION_ABOUT_FEATURE,CAMERA_2,preset_modes,is the other one with menu settings is that lighter or heavier than its camera,PRESENT_X,CAMERA_2,S_NOT_SURE,CAMERA_2,,I'm not really sure about that.,PRESENT_X,CAMERA_2,
171,6,CAMERA_2,['CAMERA_2'],"{'CAMERA_1': [], 'CAMERA_2': ['sensor_size', 'preset_modes', 'effects'], 'CAMERA_3': []}",C_SILENT_OR_BACKCHANNEL,CAMERA_2,NONE,I guess it's a pretty good camera then,PRESENT_X,CAMERA_2,S_INTRODUCES_FEATURE,CAMERA_2,effects,"This one has 24 artistic effect modes (retro, lighter or darker skin tones, sepia, etc.).",PRESENT_X,CAMERA_2,13~88
171,7,CAMERA_2,['CAMERA_2'],"{'CAMERA_1': [], 'CAMERA_2': ['sensor_size', 'preset_modes', 'effects', 'ISO'], 'CAMERA_3': []}",C_QUESTION_ABOUT_FEATURE,CAMERA_2,ISO,is this camera able to shoot in high iso,PRESENT_X,CAMERA_2,S_NOT_SURE,CAMERA_2,,I'm not really sure about that.,PRESENT_X,CAMERA_2,
171,8,CAMERA_2,['CAMERA_2'],"{'CAMERA_1': [], 'CAMERA_2': ['sensor_size', 'preset_modes', 'effects', 'ISO', 'long_exposure'], 'CAMERA_3': []}",C_QUESTION_ABOUT_FEATURE,CAMERA_2,long_exposure,ICN worry about their long exposure,PRESENT_X,CAMERA_2,S_ANSWERS_QUESTION_ABOUT_FEATURE,CAMERA_2,long_exposure,This one can take long exposures up to 60 minutes max with bulb mode.,PRESENT_X,CAMERA_2,39~68
171,9,NONE,['CAMERA_2'],"{'CAMERA_1': [], 'CAMERA_2': ['sensor_size', 'preset_modes', 'effects', 'ISO', 'long_exposure'], 'CAMERA_3': []}",C_THANK_YOU,CAMERA_2,NONE,thank you for your help,PRESENT_X,CAMERA_2,S_THANK_YOU,CAMERA_2,NONE,thank you very much.,FACE_TO_FACE,NONE,
171,10,NONE,['CAMERA_2'],"{'CAMERA_1': [], 'CAMERA_2': ['sensor_size', 'preset_modes', 'effects', 'ISO', 'long_exposure'], 'CAMERA_3': []}",C_LEAVES,DOOR,NONE,,FACE_TO_FACE,NONE,S_RETURNS_TO_COUNTER,SERVICE_COUNTER,NONE,,WAITING,NONE,
172,1,NONE,[],"{'CAMERA_1': [], 'CAMERA_2': [], 'CAMERA_3': []}",C_ENTERS,DOOR,NONE,,WAITING,NONE,S_NONE,SERVICE_COUNTER,NONE,,WAITING,NONE,
172,2,NONE,[],"{'CAMERA_1': [], 'CAMERA_2': [], 'CAMERA_3': []}",C_WALKS_TO_CAMERA,CAMERA_1,NONE,,WAITING,NONE,S_GREETS,CAMERA_1,NONE,can I help you?,FACE_TO_FACE,NONE,
172,3,CAMERA_3,['CAMERA_3'],"{'CAMERA_1': [], 'CAMERA_2': [], 'CAMERA_3': []}",C_LOOKING_FOR_A_CAMERA,CAMERA_1,NONE,Yes simple point and shoot but I'm looking for something nicer,FACE_TO_FACE,NONE,S_INTRODUCES_CAMERA,CAMERA_3,,Let me show you this. Here we have the Fujifilm PowerShot ELPH S2800.,PRESENT_X,CAMERA_3,39~68
172,4,CAMERA_3,['CAMERA_3'],"{'CAMERA_1': [], 'CAMERA_2': [], 'CAMERA_3': ['ISO']}",C_SILENT_OR_BACKCHANNEL,CAMERA_3,NONE,that sounds great although having a look for myself and diamonds and,PRESENT_X,CAMERA_3,S_INTRODUCES_FEATURE,CAMERA_3,ISO,This one has up to 3200 ISO with little noise.,PRESENT_X,CAMERA_3,13~45
172,5,CAMERA_3,['CAMERA_3'],"{'CAMERA_1': [], 'CAMERA_2': [], 'CAMERA_3': ['ISO', 'price']}",C_QUESTION_ABOUT_FEATURE,CAMERA_3,price,how much does it cost in cost,PRESENT_X,CAMERA_3,S_ANSWERS_QUESTION_ABOUT_FEATURE,CAMERA_3,price,This one costs $518.,PRESENT_X,CAMERA_3,15~19
172,6,CAMERA_3,['CAMERA_3'],"{'CAMERA_1': [], 'CAMERA_2': [], 'CAMERA_3': ['ISO', 'price', 'camera_type']}",C_QUESTION_ABOUT_FEATURE,CAMERA_3,camera_type,Is this a mirrorless camera?,PRESENT_X,CAMERA_3,S_ANSWERS_QUESTION_ABOUT_FEATURE,CAMERA_3,camera_type,This is a point and shoot camera.,PRESENT_X,CAMERA_3,10~25
172,7,CAMERA_3,['CAMERA_3'],"{'CAMERA_1': [], 'CAMERA_2': [], 'CAMERA_3': ['ISO', 'price', 'camera_type', 'optical_zoom']}",C_QUESTION_ABOUT_FEATURE,CAMERA_3,optical_zoom,and the optical zoom whats the optical zoom on that,PRESENT_X,CAMERA_3,S_NOT_SURE,CAMERA_3,,I'm not really sure about that.,PRESENT_X,CAMERA_3,
172,8,CAMERA_1,"['CAMERA_3', 'CAMERA_1']","{'CAMERA_1': [], 'CAMERA_2': [], 'CAMERA_3': ['ISO', 'price', 'camera_type', 'optical_zoom']}",C_ANYTHING_ELSE_AVAILABLE,CAMERA_3,NONE,okay do you have any other cameras I might be interested,PRESENT_X,CAMERA_3,S_INTRODUCES_CAMERA,CAMERA_1,,Let me show you this. Here we have the Sony PowerShot ELPH DMC-ZS3.,PRESENT_X,CAMERA_1,39~66
172,9,CAMERA_1,"['CAMERA_3', 'CAMERA_1']","{'CAMERA_1': ['effects'], 'CAMERA_2': [], 'CAMERA_3': ['ISO', 'price', 'camera_type', 'optical_zoom']}",C_SILENT_OR_BACKCHANNEL,CAMERA_1,NONE,very nice what colors does it come,PRESENT_X,CAMERA_1,S_INTRODUCES_FEATURE,CAMERA_1,effects,"This one has 24 glamor retouch effects (miniature, retro, toy camera, etc.).",PRESENT_X,CAMERA_1,13~75
172,10,CAMERA_1,"['CAMERA_3', 'CAMERA_1']","{'CAMERA_1': ['effects', 'optical_zoom'], 'CAMERA_2': [], 'CAMERA_3': ['ISO', 'price', 'camera_type', 'optical_zoom']}",C_SILENT_OR_BACKCHANNEL,CAMERA_1,NONE,that looks very good,PRESENT_X,CAMERA_1,S_INTRODUCES_FEATURE,CAMERA_1,optical_zoom,This one has 21x optical zoom.,PRESENT_X,CAMERA_1,13~29
172,11,CAMERA_1,"['CAMERA_3', 'CAMERA_1']","{'CAMERA_1': ['effects', 'optical_zoom', 'settings'], 'CAMERA_2': [], 'CAMERA_3': ['ISO', 'price', 'camera_type', 'optical_zoom']}",C_SILENT_OR_BACKCHANNEL,CAMERA_1,NONE,pretty cool,PRESENT_X,CAMERA_1,S_INTRODUCES_FEATURE,CAMERA_1,settings,This one has limited manual settings.,PRESENT_X,CAMERA_1,13~36
172,12,CAMERA_1,"['CAMERA_3', 'CAMERA_1']","{'CAMERA_1': ['effects', 'optical_zoom', 'settings', 'ISO'], 'CAMERA_2': [], 'CAMERA_3': ['ISO', 'price', 'camera_type', 'optical_zoom']}",C_QUESTION_ABOUT_FEATURE,CAMERA_1,ISO,I said what's the ISO on this one,PRESENT_X,CAMERA_1,S_ANSWERS_QUESTION_ABOUT_FEATURE,CAMERA_1,ISO,This one has up to 51200 ISO.,PRESENT_X,CAMERA_1,13~28
172,13,CAMERA_2,"['CAMERA_3', 'CAMERA_1', 'CAMERA_2']","{'CAMERA_1': ['effects', 'optical_zoom', 'settings', 'ISO'], 'CAMERA_2': [], 'CAMERA_3': ['ISO', 'price', 'camera_type', 'optical_zoom']}",C_ANYTHING_ELSE_AVAILABLE,CAMERA_1,NONE,So this is the only model you have in your shop,PRESENT_X,CAMERA_1,S_INTRODUCES_CAMERA,CAMERA_2,,Let me show you this. Here we have the Fujifilm Lumix ILC Camera.,PRESENT_X,CAMERA_2,39~64
172,14,CAMERA_2,"['CAMERA_3', 'CAMERA_1', 'CAMERA_2']","{'CAMERA_1': ['effects', 'optical_zoom', 'settings', 'ISO'], 'CAMERA_2': ['effects'], 'CAMERA_3': ['ISO', 'price', 'camera_type', 'optical_zoom']}",C_QUESTION_ABOUT_FEATURE,CAMERA_2,effects,what's an example of one of the effects,PRESENT_X,CAMERA_2,S_ANSWERS_QUESTION_ABOUT_FEATURE,CAMERA_2,effects,"This one has 24 artistic effect modes (retro, lighter or darker skin tones, sepia, etc.).",PRESENT_X,CAMERA_2,13~88
172,15,CAMERA_2,"['CAMERA_3', 'CAMERA_1', 'CAMERA_2']","{'CAMERA_1': ['effects', 'optical_zoom', 'settings', 'ISO'], 'CAMERA_2': ['effects', 'color'], 'CAMERA_3': ['ISO', 'price', 'camera_type', 'optical_zoom']}",C_QUESTION_ABOUT_FEATURE,CAMERA_2,color,does this come in any other colors,PRESENT_X,CAMERA_2,S_ANSWERS_QUESTION_ABOUT_FEATURE,CAMERA_2,color,This one comes in white or pink.,PRESENT_X,CAMERA_2,18~31
172,16,CAMERA_2,"['CAMERA_3', 'CAMERA_1', 'CAMERA_2']","{'CAMERA_1': ['effects', 'optical_zoom', 'settings', 'ISO'], 'CAMERA_2': ['effects', 'color', 'ISO'], 'CAMERA_3': ['ISO', 'price', 'camera_type', 'optical_zoom']}",C_QUESTION_ABOUT_FEATURE,CAMERA_2,ISO,is this camera able to shoot in high iso,PRESENT_X,CAMERA_2,S_NOT_SURE,CAMERA_2,,I'm not really sure about that.,PRESENT_X,CAMERA_2,
172,17,CAMERA_2,"['CAMERA_3', 'CAMERA_1', 'CAMERA_2']","{'CAMERA_1': ['effects', 'optical_zoom', 'settings', 'ISO'], 'CAMERA_2': ['effects', 'color', 'ISO', 'camera_type'], 'CAMERA_3': ['ISO', 'price', 'camera_type', 'optical_zoom']}",C_QUESTION_ABOUT_FEATURE,CAMERA_2,camera_type,what kind of camera is this,PRESENT_X,CAMERA_2,S_ANSWERS_QUESTION_ABOUT_FEATURE,CAMERA_2,camera_type,This is a digital single lens mirrorless camera.,PRESENT_X,CAMERA_2,10~40
172,18,NONE,"['CAMERA_3', 'CAMERA_1', 'CAMERA_2']","{'CAMERA_1': ['effects', 'optical_zoom', 'settings', 'ISO'], 'CAMERA_2': ['effects', 'color', 'ISO', 'camera_type'], 'CAMERA_3': ['ISO', 'price', 'camera_type', 'optical_zoom']}",C_THANK_YOU,CAMERA_2,NONE,okay thank you for your help today,PRESENT_X,CAMERA_2,S_THANK_YOU,CAMERA_2,NONE,thank you very much.,FACE_TO_FACE,NONE,
172,19,NONE,"['CAMERA_3', 'CAMERA_1', 'CAMERA_2']","{'CAMERA_1': ['effects', 'optical_zoom', 'settings', 'ISO'], 'CAMERA_2': ['effects', 'color', 'ISO', 'camera_type'], 'CAMERA_3': ['ISO', 'price', 'camera_type', 'optical_zoom']}",C_LEAVES,DOOR,NONE,,FACE_TO_FACE,NONE,S_RETURNS_TO_COUNTER,SERVICE_COUNTER,NONE,,WAITING,NONE,
173,1,NONE,[],"{'CAMERA_1': [], 'CAMERA_2': [], 'CAMERA_3': []}",C_ENTERS,DOOR,NONE,,WAITING,NONE,S_NONE,SERVICE_COUNTER,NONE,,WAITING,NONE,
173,2,NONE,[],"{'CAMERA_1': [], 'CAMERA_2': [], 'CAMERA_3': []}",C_GREETS,MIDDLE,NONE,kiss me,WAITING,NONE,S_GREETS,MIDDLE,NONE,can I help you?,FACE_TO_FACE,NONE,
173,3,CAMERA_2,['CAMERA_2'],"{'CAMERA_1': [], 'CAMERA_2': [], 'CAMERA_3': []}",C_LOOKING_FOR_A_CAMERA,MIDDLE,NONE,you know I want a good camera can you suggest me,FACE_TO_FACE,NONE,S_INTRODUCES_CAMERA,CAMERA_2,,Let me show you this. Here we have the Fujifilm Lumix ILC Camera.,PRESENT_X,CAMERA_2,39~64
173,4,CAMERA_2,['CAMERA_2'],"{'CAMERA_1': [], 'CAMERA_2': ['autofocus_points'], 'CAMERA_3': []}",C_QUESTION_ABOUT_FEATURE,CAMERA_2,autofocus_points,And the auto Focus points how many points does it have,PRESENT_X,CAMERA_2,S_NOT_SURE,CAMERA_2,,I'm not really sure about that.,PRESENT_X,CAMERA_2,
173,5,CAMERA_1,"['CAMERA_2', 'CAMERA_1']","{'CAMERA_1': [], 'CAMERA_2': ['autofocus_points'], 'CAMERA_3': []}",C_ANYTHING_ELSE_AVAILABLE,CAMERA_2,NONE,So this is the only model you have in your shop,PRESENT_X,CAMERA_2,S_INTRODUCES_CAMERA,CAMERA_1,,Let me show you this. Here we have the Sony PowerShot ELPH DMC-ZS3.,PRESENT_X,CAMERA_1,39~66
173,6,CAMERA_1,"['CAMERA_2', 'CAMERA_1']","{'CAMERA_1': ['preset_modes'], 'CAMERA_2': ['autofocus_points'], 'CAMERA_3': []}",C_QUESTION_ABOUT_FEATURE,CAMERA_1,preset_modes,oh I see and what about the automatic settings I just wanted to press a button and take a picture,PRESENT_X,CAMERA_1,S_NOT_SURE,CAMERA_1,,I'm not really sure about that.,PRESENT_X,CAMERA_1,
173,7,CAMERA_1,"['CAMERA_2', 'CAMERA_1']","{'CAMERA_1': ['preset_modes', 'optical_zoom'], 'CAMERA_2': ['autofocus_points'], 'CAMERA_3': []}",C_SILENT_OR_BACKCHANNEL,CAMERA_1,NONE,okay,PRESENT_X,CAMERA_1,S_INTRODUCES_FEATURE,CAMERA_1,optical_zoom,This one has 21x optical zoom.,PRESENT_X,CAMERA_1,13~29
173,8,CAMERA_1,"['CAMERA_2', 'CAMERA_1']","{'CAMERA_1': ['preset_modes', 'optical_zoom', 'camera_type'], 'CAMERA_2': ['autofocus_points'], 'CAMERA_3': []}",C_SILENT_OR_BACKCHANNEL,CAMERA_1,NONE,okay I've read that aps-c is pretty good,PRESENT_X,CAMERA_1,S_INTRODUCES_FEATURE,CAMERA_1,camera_type,This is a DSLR camera.,PRESENT_X,CAMERA_1,10~14
173,9,CAMERA_1,"['CAMERA_2', 'CAMERA_1']","{'CAMERA_1': ['preset_modes', 'optical_zoom', 'camera_type', 'ISO'], 'CAMERA_2': ['autofocus_points'], 'CAMERA_3': []}",C_QUESTION_ABOUT_FEATURE,CAMERA_1,ISO,ok also the iso rate,PRESENT_X,CAMERA_1,S_ANSWERS_QUESTION_ABOUT_FEATURE,CAMERA_1,ISO,This one has up to 51200 ISO.,PRESENT_X,CAMERA_1,13~28
173,10,CAMERA_1,"['CAMERA_2', 'CAMERA_1']","{'CAMERA_1': ['preset_modes', 'optical_zoom', 'camera_type', 'ISO', 'color'], 'CAMERA_2': ['autofocus_points'], 'CAMERA_3': []}",C_SILENT_OR_BACKCHANNEL,CAMERA_1,NONE,okay,PRESENT_X,CAMERA_1,S_INTRODUCES_FEATURE,CAMERA_1,color,This one comes in blue or black.,PRESENT_X,CAMERA_1,18~31
173,11,CAMERA_3,"['CAMERA_2', 'CAMERA_1', 'CAMERA_3']","{'CAMERA_1': ['preset_modes', 'optical_zoom', 'camera_type', 'ISO', 'color'], 'CAMERA_2': ['autofocus_points'], 'CAMERA_3': []}",C_ANYTHING_ELSE_AVAILABLE,CAMERA_1,NONE,So this is the only model you have in your shop,PRESENT_X,CAMERA_1,S_INTRODUCES_CAMERA,CAMERA_3,,Let me show you this. Here we have the Fujifilm PowerShot ELPH S2800.,PRESENT_X,CAMERA_3,39~68
173,12,CAMERA_3,"['CAMERA_2', 'CAMERA_1', 'CAMERA_3']","{'CAMERA_1': ['preset_modes', 'optical_zoom', 'camera_type', 'ISO', 'color'], 'CAMERA_2': ['autofocus_points'], 'CAMERA_3': ['preset_modes']}",C_SILENT_OR_BACKCHANNEL,CAMERA_3,NONE,that's great we're by the way,PRESENT_X,CAMERA_3,S_INTRODUCES_FEATURE,CAMERA_3,preset_modes,This one has various preset modes.,PRESENT_X,CAMERA_3,13~33
173,13,NONE,"['CAMERA_2', 'CAMERA_1', 'CAMERA_3']","{'CAMERA_1': ['preset_modes', 'optical_zoom', 'camera_type', 'ISO', 'color'], 'CAMERA_2': ['autofocus_points'], 'CAMERA_3': ['preset_modes']}",C_THANK_YOU,CAMERA_3,NONE,thanks,PRESENT_X,CAMERA_3,S_THANK_YOU,CAMERA_3,NONE,thank you very much.,FACE_TO_FACE,NONE,
173,14,NONE,"['CAMERA_2', 'CAMERA_1', 'CAMERA_3']","{'CAMERA_1': ['preset_modes', 'optical_zoom', 'camera_type', 'ISO', 'color'], 'CAMERA_2': ['autofocus_points'], 'CAMERA_3': ['preset_modes']}",C_LEAVES,DOOR,NONE,,FACE_TO_FACE,NONE,S_RETURNS_TO_COUNTER,SERVICE_COUNTER,NONE,,WAITING,NONE,
174,1,NONE,[],"{'CAMERA_1': [], 'CAMERA_2': [], 'CAMERA_3': []}",C_ENTERS,DOOR,NONE,,WAITING,NONE,S_NONE,SERVICE_COUNTER,NONE,,WAITING,NONE,
174,2,NONE,[],"{'CAMERA_1': [], 'CAMERA_2': [], 'CAMERA_3': []}",C_GREETS,MIDDLE,NONE,sorry for ask you another question about this camera,WAITING,NONE,S_GREETS,MIDDLE,NONE,can I help you?,FACE_TO_FACE,NONE,
174,3,CAMERA_2,['CAMERA_2'],"{'CAMERA_1': [], 'CAMERA_2': [], 'CAMERA_3': []}",C_LOOKING_FOR_A_CAMERA,MIDDLE,NONE,I'm looking for camera to take family pictures,FACE_TO_FACE,NONE,S_INTRODUCES_CAMERA,CAMERA_2,,Let me show you this. Here we have the Fujifilm Lumix ILC Camera.,PRESENT_X,CAMERA_2,39~64
174,4,CAMERA_2,['CAMERA_2'],"{'CAMERA_1': [], 'CAMERA_2': ['effects'], 'CAMERA_3': []}",C_SILENT_OR_BACKCHANNEL,CAMERA_2,NONE,yeah actually looks very good,PRESENT_X,CAMERA_2,S_INTRODUCES_FEATURE,CAMERA_2,effects,"This one has 24 artistic effect modes (retro, lighter or darker skin tones, sepia, etc.).",PRESENT_X,CAMERA_2,13~88
174,5,CAMERA_2,['CAMERA_2'],"{'CAMERA_1': [], 'CAMERA_2': ['effects', 'preset_modes'], 'CAMERA_3': []}",C_QUESTION_ABOUT_FEATURE,CAMERA_2,preset_modes,cool any preset modes,PRESENT_X,CAMERA_2,S_NOT_SURE,CAMERA_2,,I'm not really sure about that.,PRESENT_X,CAMERA_2,
174,6,CAMERA_2,['CAMERA_2'],"{'CAMERA_1': [], 'CAMERA_2': ['effects', 'preset_modes', 'resolution'], 'CAMERA_3': []}",C_SILENT_OR_BACKCHANNEL,CAMERA_2,NONE,okay I guess this one's got a pretty good sense size,PRESENT_X,CAMERA_2,S_INTRODUCES_FEATURE,CAMERA_2,resolution,This one has 23.8 megapixels resolution.,PRESENT_X,CAMERA_2,13~28
174,7,CAMERA_2,['CAMERA_2'],"{'CAMERA_1': [], 'CAMERA_2': ['effects', 'preset_modes', 'resolution', 'optical_zoom'], 'CAMERA_3': []}",C_SILENT_OR_BACKCHANNEL,CAMERA_2,NONE,yeah yeah I can to try to look on the outside this is a really good one,PRESENT_X,CAMERA_2,S_INTRODUCES_FEATURE,CAMERA_2,optical_zoom,This one has 21x optical zoom.,PRESENT_X,CAMERA_2,13~29
174,8,CAMERA_2,['CAMERA_2'],"{'CAMERA_1': [], 'CAMERA_2': ['effects', 'preset_modes', 'resolution', 'optical_zoom', 'weight'], 'CAMERA_3': []}",C_QUESTION_ABOUT_FEATURE,CAMERA_2,weight,the weight,PRESENT_X,CAMERA_2,S_ANSWERS_QUESTION_ABOUT_FEATURE,CAMERA_2,weight,This one weighs 820 grams.,PRESENT_X,CAMERA_2,16~25
174,9,CAMERA_1,"['CAMERA_2', 'CAMERA_1']","{'CAMERA_1': [], 'CAMERA_2': ['effects', 'preset_modes', 'resolution', 'optical_zoom', 'weight'], 'CAMERA_3': []}",C_ANYTHING_ELSE_AVAILABLE,CAMERA_2,NONE,ok do you have any other cameras that can just look at,PRESENT_X,CAMERA_2,S_INTRODUCES_CAMERA,CAMERA_1,,Let me show you this. Here we have the Sony PowerShot ELPH DMC-ZS3.,PRESENT_X,CAMERA_1,39~66
174,10,CAMERA_1,"['CAMERA_2', 'CAMERA_1']","{'CAMERA_1': ['optical_zoom'], 'CAMERA_2': ['effects', 'preset_modes', 'resolution', 'optical_zoom', 'weight'], 'CAMERA_3': []}",C_QUESTION_ABOUT_FEATURE,CAMERA_1,optical_zoom,okay and if I have an optical zoom,PRESENT_X,CAMERA_1,S_ANSWERS_QUESTION_ABOUT_FEATURE,CAMERA_1,optical_zoom,This one has 21x optical zoom.,PRESENT_X,CAMERA_1,13~29
174,11,CAMERA_1,"['CAMERA_2', 'CAMERA_1']","{'CAMERA_1': ['optical_zoom', 'sensor_size'], 'CAMERA_2': ['effects', 'preset_modes', 'resolution', 'optical_zoom', 'weight'], 'CAMERA_3': []}",C_SILENT_OR_BACKCHANNEL,CAMERA_1,NONE,ok,PRESENT_X,CAMERA_1,S_INTRODUCES_FEATURE,CAMERA_1,sensor_size,This one has a 1/2.3 inch CMOS sensor.,PRESENT_X,CAMERA_1,15~37
174,12,NONE,"['CAMERA_2', 'CAMERA_1']","{'CAMERA_1': ['optical_zoom', 'sensor_size'], 'CAMERA_2': ['effects', 'preset_modes', 'resolution', 'optical_zoom', 'weight'], 'CAMERA_3': []}",C_THANK_YOU,CAMERA_1,NONE,I see kinda makes sense ah ok thanks for help,PRESENT_X,CAMERA_1,S_THANK_YOU,CAMERA_1,NONE,thank you very much.,FACE_TO_FACE,NONE,
174,13,NONE,"['CAMERA_2', 'CAMERA_1']","{'CAMERA_1': ['optical_zoom', 'sensor_size'], 'CAMERA_2': ['effects', 'preset_modes', 'resolution', 'optical_zoom', 'weight'], 'CAMERA_3': []}",C_LEAVES,DOOR,NONE,,FACE_TO_FACE,NONE,S_RETURNS_TO_COUNTER,SERVICE_COUNTER,NONE,,WAITING,NONE,
175,1,NONE,[],"{'CAMERA_1': [], 'CAMERA_2': [], 'CAMERA_3': []}",C_ENTERS,DOOR,NONE,,WAITING,NONE,S_NONE,SERVICE_COUNTER,NONE,,WAITING,NONE,
175,2,NONE,[],"{'CAMERA_1': [], 'CAMERA_2': [], 'CAMERA_3': []}",C_WALKS_TO_CAMERA,CAMERA_3,NONE,,WAITING,NONE,S_NONE,SERVICE_COUNTER,NONE,,WAITING,NONE,
175,3,CAMERA_3,['CAMERA_3'],"{'CAMERA_1': [], 'CAMERA_2': [], 'CAMERA_3': ['settings']}",C_QUESTION_ABOUT_FEATURE,CAMERA_3,settings,and I can control of the settings myself right,WAITING,NONE,S_ANSWERS_QUESTION_ABOUT_FEATURE,CAMERA_3,settings,"This one has manual control and various automatic settings (video modeburst shooting, etc.).",PRESENT_X,CAMERA_3,13~91
175,4,CAMERA_2,"['CAMERA_3', 'CAMERA_2']","{'CAMERA_1': [], 'CAMERA_2': [], 'CAMERA_3': ['settings']}",C_ANYTHING_ELSE_AVAILABLE,CAMERA_3,NONE,maybe did you have a another camera you recommend,PRESENT_X,CAMERA_3,S_INTRODUCES_CAMERA,CAMERA_2,,Let me show you this. Here we have the Fujifilm Lumix ILC Camera.,PRESENT_X,CAMERA_2,39~64
175,5,CAMERA_2,"['CAMERA_3', 'CAMERA_2']","{'CAMERA_1': [], 'CAMERA_2': ['resolution'], 'CAMERA_3': ['settings']}",C_QUESTION_ABOUT_FEATURE,CAMERA_2,resolution,and how many megapixels does it have,PRESENT_X,CAMERA_2,S_ANSWERS_QUESTION_ABOUT_FEATURE,CAMERA_2,resolution,This one has 23.8 megapixels resolution.,PRESENT_X,CAMERA_2,13~28
175,6,CAMERA_2,"['CAMERA_3', 'CAMERA_2']","{'CAMERA_1': [], 'CAMERA_2': ['resolution', 'price'], 'CAMERA_3': ['settings']}",C_QUESTION_ABOUT_FEATURE,CAMERA_2,price,how much does it cost,PRESENT_X,CAMERA_2,S_ANSWERS_QUESTION_ABOUT_FEATURE,CAMERA_2,price,This one costs $768.,PRESENT_X,CAMERA_2,15~19
175,7,CAMERA_1,"['CAMERA_3', 'CAMERA_2', 'CAMERA_1']","{'CAMERA_1': [], 'CAMERA_2': ['resolution', 'price'], 'CAMERA_3': ['settings']}",C_ANYTHING_ELSE_AVAILABLE,CAMERA_2,NONE,do you have any other cameras that are in this kind,PRESENT_X,CAMERA_2,S_INTRODUCES_CAMERA,CAMERA_1,,Let me show you this. Here we have the Sony PowerShot ELPH DMC-ZS3.,PRESENT_X,CAMERA_1,39~66
175,8,CAMERA_1,"['CAMERA_3', 'CAMERA_2', 'CAMERA_1']","{'CAMERA_1': ['color'], 'CAMERA_2': ['resolution', 'price'], 'CAMERA_3': ['settings']}",C_QUESTION_ABOUT_FEATURE,CAMERA_1,color,what colors does it come in,PRESENT_X,CAMERA_1,S_ANSWERS_QUESTION_ABOUT_FEATURE,CAMERA_1,color,This one comes in blue or black.,PRESENT_X,CAMERA_1,18~31
175,9,CAMERA_1,"['CAMERA_3', 'CAMERA_2', 'CAMERA_1']","{'CAMERA_1': ['color', 'autofocus_points'], 'CAMERA_2': ['resolution', 'price'], 'CAMERA_3': ['settings']}",C_SILENT_OR_BACKCHANNEL,CAMERA_1,NONE,listen to be a very nice camera,PRESENT_X,CAMERA_1,S_INTRODUCES_FEATURE,CAMERA_1,autofocus_points,This one has 135 autofocus points.,PRESENT_X,CAMERA_1,13~33
175,10,CAMERA_1,"['CAMERA_3', 'CAMERA_2', 'CAMERA_1']","{'CAMERA_1': ['color', 'autofocus_points', 'weight'], 'CAMERA_2': ['resolution', 'price'], 'CAMERA_3': ['settings']}",C_QUESTION_ABOUT_FEATURE,CAMERA_1,weight,and how much does it weight,PRESENT_X,CAMERA_1,S_ANSWERS_QUESTION_ABOUT_FEATURE,CAMERA_1,weight,This one weighs 800 grams.,PRESENT_X,CAMERA_1,16~25
175,11,CAMERA_1,"['CAMERA_3', 'CAMERA_2', 'CAMERA_1']","{'CAMERA_1': ['color', 'autofocus_points', 'weight', 'price'], 'CAMERA_2': ['resolution', 'price'], 'CAMERA_3': ['settings']}",C_SILENT_OR_BACKCHANNEL,CAMERA_1,NONE,chore,PRESENT_X,CAMERA_1,S_INTRODUCES_FEATURE,CAMERA_1,price,This one costs $450.,PRESENT_X,CAMERA_1,15~19
175,12,CAMERA_1,"['CAMERA_3', 'CAMERA_2', 'CAMERA_1']","{'CAMERA_1': ['color', 'autofocus_points', 'weight', 'price', 'resolution'], 'CAMERA_2': ['resolution', 'price'], 'CAMERA_3': ['settings']}",C_SILENT_OR_BACKCHANNEL,CAMERA_1,NONE,this is pretty new does it take good photos,PRESENT_X,CAMERA_1,S_INTRODUCES_FEATURE,CAMERA_1,resolution,This one has 17.8 megapixels resolution.,PRESENT_X,CAMERA_1,13~28
175,13,CAMERA_1,"['CAMERA_3', 'CAMERA_2', 'CAMERA_1']","{'CAMERA_1': ['color', 'autofocus_points', 'weight', 'price', 'resolution', 'sensor_size'], 'CAMERA_2': ['resolution', 'price'], 'CAMERA_3': ['settings']}",C_QUESTION_ABOUT_FEATURE,CAMERA_1,sensor_size,and the sensor size,PRESENT_X,CAMERA_1,S_ANSWERS_QUESTION_ABOUT_FEATURE,CAMERA_1,sensor_size,This one has a 1/2.3 inch CMOS sensor.,PRESENT_X,CAMERA_1,15~37
175,14,NONE,"['CAMERA_3', 'CAMERA_2', 'CAMERA_1']","{'CAMERA_1': ['color', 'autofocus_points', 'weight', 'price', 'resolution', 'sensor_size'], 'CAMERA_2': ['resolution', 'price'], 'CAMERA_3': ['settings']}",C_THANK_YOU,CAMERA_1,NONE,thank you,PRESENT_X,CAMERA_1,S_THANK_YOU,CAMERA_1,NONE,thank you very much.,FACE_TO_FACE,NONE,
175,15,NONE,"['CAMERA_3', 'CAMERA_2', 'CAMERA_1']","{'CAMERA_1': ['color', 'autofocus_points', 'weight', 'price', 'resolution', 'sensor_size'], 'CAMERA_2': ['resolution', 'price'], 'CAMERA_3': ['settings']}",C_LEAVES,DOOR,NONE,,FACE_TO_FACE,NONE,S_RETURNS_TO_COUNTER,SERVICE_COUNTER,NONE,,WAITING,NONE,
176,1,NONE,[],"{'CAMERA_1': [], 'CAMERA_2': [], 'CAMERA_3': []}",C_ENTERS,DOOR,NONE,,WAITING,NONE,S_NONE,SERVICE_COUNTER,NONE,,WAITING,NONE,
176,2,NONE,[],"{'CAMERA_1': [], 'CAMERA_2': [], 'CAMERA_3': []}",C_WALKS_TO_CAMERA,CAMERA_1,NONE,,WAITING,NONE,S_GREETS,CAMERA_1,NONE,can I help you?,FACE_TO_FACE,NONE,
176,3,CAMERA_3,['CAMERA_3'],"{'CAMERA_1': [], 'CAMERA_2': [], 'CAMERA_3': []}",C_LOOKING_FOR_A_CAMERA,CAMERA_1,NONE,I want to look at your camera,FACE_TO_FACE,NONE,S_INTRODUCES_CAMERA,CAMERA_3,,Let me show you this. Here we have the Fujifilm PowerShot ELPH S2800.,PRESENT_X,CAMERA_3,39~68
176,4,CAMERA_3,['CAMERA_3'],"{'CAMERA_1': [], 'CAMERA_2': [], 'CAMERA_3': ['weight']}",C_SILENT_OR_BACKCHANNEL,CAMERA_3,NONE,I'm looking at this dslr it looks pretty good,PRESENT_X,CAMERA_3,S_INTRODUCES_FEATURE,CAMERA_3,weight,This one weighs 820 grams.,PRESENT_X,CAMERA_3,16~25
176,5,CAMERA_3,['CAMERA_3'],"{'CAMERA_1': [], 'CAMERA_2': [], 'CAMERA_3': ['weight', 'sensor_size']}",C_SILENT_OR_BACKCHANNEL,CAMERA_3,NONE,Wow super cheap,PRESENT_X,CAMERA_3,S_INTRODUCES_FEATURE,CAMERA_3,sensor_size,This one has a full frame.,PRESENT_X,CAMERA_3,15~25
176,6,CAMERA_3,['CAMERA_3'],"{'CAMERA_1': [], 'CAMERA_2': [], 'CAMERA_3': ['weight', 'sensor_size', 'optical_zoom']}",C_QUESTION_ABOUT_FEATURE,CAMERA_3,optical_zoom,good good good and it has the optical zoom,PRESENT_X,CAMERA_3,S_NOT_SURE,CAMERA_3,,I'm not really sure about that.,PRESENT_X,CAMERA_3,
176,7,CAMERA_3,['CAMERA_3'],"{'CAMERA_1': [], 'CAMERA_2': [], 'CAMERA_3': ['weight', 'sensor_size', 'optical_zoom', 'settings']}",C_SILENT_OR_BACKCHANNEL,CAMERA_3,NONE,hm,PRESENT_X,CAMERA_3,S_INTRODUCES_FEATURE,CAMERA_3,settings,"This one has manual control and various automatic settings (video modeburst shooting, etc.).",PRESENT_X,CAMERA_3,13~91
176,8,NONE,['CAMERA_3'],"{'CAMERA_1': [], 'CAMERA_2': [], 'CAMERA_3': ['weight', 'sensor_size', 'optical_zoom', 'settings']}",C_THANK_YOU,CAMERA_3,NONE,I see thanks so much for your help,PRESENT_X,CAMERA_3,S_THANK_YOU,CAMERA_3,NONE,thank you very much.,FACE_TO_FACE,NONE,
176,9,NONE,['CAMERA_3'],"{'CAMERA_1': [], 'CAMERA_2': [], 'CAMERA_3': ['weight', 'sensor_size', 'optical_zoom', 'settings']}",C_LEAVES,DOOR,NONE,,FACE_TO_FACE,NONE,S_RETURNS_TO_COUNTER,SERVICE_COUNTER,NONE,,WAITING,NONE,
177,1,NONE,[],"{'CAMERA_1': [], 'CAMERA_2': [], 'CAMERA_3': []}",C_ENTERS,DOOR,NONE,,WAITING,NONE,S_NONE,SERVICE_COUNTER,NONE,,WAITING,NONE,
177,2,NONE,[],"{'CAMERA_1': [], 'CAMERA_2': [], 'CAMERA_3': []}",C_GREETS,MIDDLE,NONE,excuse me,WAITING,NONE,S_GREETS,MIDDLE,NONE,can I help you?,FACE_TO_FACE,NONE,
177,3,CAMERA_1,['CAMERA_1'],"{'CAMERA_1': [], 'CAMERA_2': [], 'CAMERA_3': []}",C_LOOKING_FOR_A_CAMERA,MIDDLE,NONE,online business so I'm just trying to get it started,FACE_TO_FACE,NONE,S_INTRODUCES_CAMERA,CAMERA_1,,Let me show you this. Here we have the Sony PowerShot ELPH DMC-ZS3.,PRESENT_X,CAMERA_1,39~66
177,4,CAMERA_1,['CAMERA_1'],"{'CAMERA_1': ['sensor_size'], 'CAMERA_2': [], 'CAMERA_3': []}",C_SILENT_OR_BACKCHANNEL,CAMERA_1,NONE,okay let's see,PRESENT_X,CAMERA_1,S_INTRODUCES_FEATURE,CAMERA_1,sensor_size,This one has a 1/2.3 inch CMOS sensor.,PRESENT_X,CAMERA_1,15~37
177,5,NONE,['CAMERA_1'],"{'CAMERA_1': ['sensor_size'], 'CAMERA_2': [], 'CAMERA_3': []}",C_THANK_YOU,CAMERA_1,NONE,ok thanks,PRESENT_X,CAMERA_1,S_THANK_YOU,CAMERA_1,NONE,thank you very much.,FACE_TO_FACE,NONE,
177,6,NONE,['CAMERA_1'],"{'CAMERA_1': ['sensor_size'], 'CAMERA_2': [], 'CAMERA_3': []}",C_LEAVES,DOOR,NONE,,FACE_TO_FACE,NONE,S_RETURNS_TO_COUNTER,SERVICE_COUNTER,NONE,,WAITING,NONE,
178,1,NONE,[],"{'CAMERA_1': [], 'CAMERA_2': [], 'CAMERA_3': []}",C_ENTERS,DOOR,NONE,,WAITING,NONE,S_NONE,SERVICE_COUNTER,NONE,,WAITING,NONE,
178,2,NONE,[],"{'CAMERA_1': [], 'CAMERA_2': [], 'CAMERA_3': []}",C_WALKS_TO_CAMERA,CAMERA_2,NONE,,WAITING,NONE,S_GREETS,CAMERA_2,NONE,can I help you?,FACE_TO_FACE,NONE,
178,3,CAMERA_3,['CAMERA_3'],"{'CAMERA_1': [], 'CAMERA_2': [], 'CAMERA_3': []}",C_LOOKING_FOR_A_CAMERA,CAMERA_2,NONE,yeah I'm looking for a camera something a little bit trendy,FACE_TO_FACE,NONE,S_INTRODUCES_CAMERA,CAMERA_3,,Let me show you this. Here we have the Fujifilm PowerShot ELPH S2800.,PRESENT_X,CAMERA_3,39~68
178,4,CAMERA_3,['CAMERA_3'],"{'CAMERA_1': [], 'CAMERA_2': [], 'CAMERA_3': ['effects']}",C_QUESTION_ABOUT_FEATURE,CAMERA_3,effects,can you explain the artistic effects modes available with this one,PRESENT_X,CAMERA_3,S_ANSWERS_QUESTION_ABOUT_FEATURE,CAMERA_3,effects,"This one has 21 photo effects (small face, retro, big eyes, etc.).",PRESENT_X,CAMERA_3,13~65
178,5,CAMERA_3,['CAMERA_3'],"{'CAMERA_1': [], 'CAMERA_2': [], 'CAMERA_3': ['effects', 'camera_type']}",C_QUESTION_ABOUT_FEATURE,CAMERA_3,camera_type,is this a point and shoot camera,PRESENT_X,CAMERA_3,S_ANSWERS_QUESTION_ABOUT_FEATURE,CAMERA_3,camera_type,This is a point and shoot camera.,PRESENT_X,CAMERA_3,10~25
178,6,CAMERA_2,"['CAMERA_3', 'CAMERA_2']","{'CAMERA_1': [], 'CAMERA_2': [], 'CAMERA_3': ['effects', 'camera_type']}",C_ANYTHING_ELSE_AVAILABLE,CAMERA_3,NONE,do you have any other cameras that are in this kind,PRESENT_X,CAMERA_3,S_INTRODUCES_CAMERA,CAMERA_2,,Let me show you this. Here we have the Fujifilm Lumix ILC Camera.,PRESENT_X,CAMERA_2,39~64
178,7,CAMERA_2,"['CAMERA_3', 'CAMERA_2']","{'CAMERA_1': [], 'CAMERA_2': ['resolution'], 'CAMERA_3': ['effects', 'camera_type']}",C_SILENT_OR_BACKCHANNEL,CAMERA_2,NONE,I see AA ok,PRESENT_X,CAMERA_2,S_INTRODUCES_FEATURE,CAMERA_2,resolution,This one has 23.8 megapixels resolution.,PRESENT_X,CAMERA_2,13~28
178,8,CAMERA_2,"['CAMERA_3', 'CAMERA_2']","{'CAMERA_1': [], 'CAMERA_2': ['resolution', 'color'], 'CAMERA_3': ['effects', 'camera_type']}",C_QUESTION_ABOUT_FEATURE,CAMERA_2,color,oh I see in a different color is awful,PRESENT_X,CAMERA_2,S_ANSWERS_QUESTION_ABOUT_FEATURE,CAMERA_2,color,This one comes in white or pink.,PRESENT_X,CAMERA_2,18~31
178,9,CAMERA_1,"['CAMERA_3', 'CAMERA_2', 'CAMERA_1']","{'CAMERA_1': [], 'CAMERA_2': ['resolution', 'color'], 'CAMERA_3': ['effects', 'camera_type']}",C_ANYTHING_ELSE_AVAILABLE,CAMERA_2,NONE,So this is the only model you have in your shop,PRESENT_X,CAMERA_2,S_INTRODUCES_CAMERA,CAMERA_1,,Let me show you this. Here we have the Sony PowerShot ELPH DMC-ZS3.,PRESENT_X,CAMERA_1,39~66
178,10,CAMERA_1,"['CAMERA_3', 'CAMERA_2', 'CAMERA_1']","{'CAMERA_1': ['sensor_size'], 'CAMERA_2': ['resolution', 'color'], 'CAMERA_3': ['effects', 'camera_type']}",C_SILENT_OR_BACKCHANNEL,CAMERA_1,NONE,yeah it's so that's nice if anything else,PRESENT_X,CAMERA_1,S_INTRODUCES_FEATURE,CAMERA_1,sensor_size,This one has a 1/2.3 inch CMOS sensor.,PRESENT_X,CAMERA_1,15~37
178,11,CAMERA_1,"['CAMERA_3', 'CAMERA_2', 'CAMERA_1']","{'CAMERA_1': ['sensor_size', 'autofocus_points'], 'CAMERA_2': ['resolution', 'color'], 'CAMERA_3': ['effects', 'camera_type']}",C_SILENT_OR_BACKCHANNEL,CAMERA_1,NONE,this camera looks pretty good but I was wondering about this is so,PRESENT_X,CAMERA_1,S_INTRODUCES_FEATURE,CAMERA_1,autofocus_points,This one has 135 autofocus points.,PRESENT_X,CAMERA_1,13~33
178,12,CAMERA_1,"['CAMERA_3', 'CAMERA_2', 'CAMERA_1']","{'CAMERA_1': ['sensor_size', 'autofocus_points', 'settings'], 'CAMERA_2': ['resolution', 'color'], 'CAMERA_3': ['effects', 'camera_type']}",C_QUESTION_ABOUT_FEATURE,CAMERA_1,settings,and how many setting is that again,PRESENT_X,CAMERA_1,S_ANSWERS_QUESTION_ABOUT_FEATURE,CAMERA_1,settings,This one has limited manual settings.,PRESENT_X,CAMERA_1,13~36
178,13,CAMERA_1,"['CAMERA_3', 'CAMERA_2', 'CAMERA_1']","{'CAMERA_1': ['sensor_size', 'autofocus_points', 'settings', 'price'], 'CAMERA_2': ['resolution', 'color'], 'CAMERA_3': ['effects', 'camera_type']}",C_QUESTION_ABOUT_FEATURE,CAMERA_1,price,hi can I know how much this camera cost,PRESENT_X,CAMERA_1,S_ANSWERS_QUESTION_ABOUT_FEATURE,CAMERA_1,price,This one costs $450.,PRESENT_X,CAMERA_1,15~19
178,14,CAMERA_1,"['CAMERA_3', 'CAMERA_2', 'CAMERA_1']","{'CAMERA_1': ['sensor_size', 'autofocus_points', 'settings', 'price', 'color'], 'CAMERA_2': ['resolution', 'color'], 'CAMERA_3': ['effects', 'camera_type']}",C_QUESTION_ABOUT_FEATURE,CAMERA_1,color,I am just studying photography does it come in any other colors,PRESENT_X,CAMERA_1,S_ANSWERS_QUESTION_ABOUT_FEATURE,CAMERA_1,color,This one comes in blue or black.,PRESENT_X,CAMERA_1,18~31
178,15,CAMERA_1,"['CAMERA_3', 'CAMERA_2', 'CAMERA_1']","{'CAMERA_1': ['sensor_size', 'autofocus_points', 'settings', 'price', 'color', 'optical_zoom'], 'CAMERA_2': ['resolution', 'color'], 'CAMERA_3': ['effects', 'camera_type']}",C_QUESTION_ABOUT_FEATURE,CAMERA_1,optical_zoom,okay an optical zoom what does this,PRESENT_X,CAMERA_1,S_ANSWERS_QUESTION_ABOUT_FEATURE,CAMERA_1,optical_zoom,This one has 21x optical zoom.,PRESENT_X,CAMERA_1,13~29
178,16,CAMERA_1,"['CAMERA_3', 'CAMERA_2', 'CAMERA_1']","{'CAMERA_1': ['sensor_size', 'autofocus_points', 'settings', 'price', 'color', 'optical_zoom', 'weight'], 'CAMERA_2': ['resolution', 'color'], 'CAMERA_3': ['effects', 'camera_type']}",C_SILENT_OR_BACKCHANNEL,CAMERA_1,NONE,that looks good,PRESENT_X,CAMERA_1,S_INTRODUCES_FEATURE,CAMERA_1,weight,This one weighs 800 grams.,PRESENT_X,CAMERA_1,16~25
178,17,NONE,"['CAMERA_3', 'CAMERA_2', 'CAMERA_1']","{'CAMERA_1': ['sensor_size', 'autofocus_points', 'settings', 'price', 'color', 'optical_zoom', 'weight'], 'CAMERA_2': ['resolution', 'color'], 'CAMERA_3': ['effects', 'camera_type']}",C_THANK_YOU,CAMERA_1,NONE,thank you,PRESENT_X,CAMERA_1,S_THANK_YOU,CAMERA_1,NONE,thank you very much.,FACE_TO_FACE,NONE,
178,18,NONE,"['CAMERA_3', 'CAMERA_2', 'CAMERA_1']","{'CAMERA_1': ['sensor_size', 'autofocus_points', 'settings', 'price', 'color', 'optical_zoom', 'weight'], 'CAMERA_2': ['resolution', 'color'], 'CAMERA_3': ['effects', 'camera_type']}",C_LEAVES,DOOR,NONE,,FACE_TO_FACE,NONE,S_RETURNS_TO_COUNTER,SERVICE_COUNTER,NONE,,WAITING,NONE,
179,1,NONE,[],"{'CAMERA_1': [], 'CAMERA_2': [], 'CAMERA_3': []}",C_ENTERS,DOOR,NONE,,WAITING,NONE,S_NONE,SERVICE_COUNTER,NONE,,WAITING,NONE,
179,2,NONE,[],"{'CAMERA_1': [], 'CAMERA_2': [], 'CAMERA_3': []}",C_GREETS,MIDDLE,NONE,hello,WAITING,NONE,S_GREETS,MIDDLE,NONE,can I help you?,FACE_TO_FACE,NONE,
179,3,CAMERA_2,['CAMERA_2'],"{'CAMERA_1': [], 'CAMERA_2': [], 'CAMERA_3': []}",C_LOOKING_FOR_A_CAMERA,MIDDLE,NONE,I'm here to see the cameras I want a new one,FACE_TO_FACE,NONE,S_INTRODUCES_CAMERA,CAMERA_2,,Let me show you this. Here we have the Fujifilm Lumix ILC Camera.,PRESENT_X,CAMERA_2,39~64
179,4,CAMERA_2,['CAMERA_2'],"{'CAMERA_1': [], 'CAMERA_2': ['color'], 'CAMERA_3': []}",C_SILENT_OR_BACKCHANNEL,CAMERA_2,NONE,nice,PRESENT_X,CAMERA_2,S_INTRODUCES_FEATURE,CAMERA_2,color,This one comes in white or pink.,PRESENT_X,CAMERA_2,18~31
179,5,CAMERA_2,['CAMERA_2'],"{'CAMERA_1': [], 'CAMERA_2': ['color', 'price'], 'CAMERA_3': []}",C_SILENT_OR_BACKCHANNEL,CAMERA_2,NONE,okay that sounds great,PRESENT_X,CAMERA_2,S_INTRODUCES_FEATURE,CAMERA_2,price,This one costs $768.,PRESENT_X,CAMERA_2,15~19
179,6,NONE,['CAMERA_2'],"{'CAMERA_1': [], 'CAMERA_2': ['color', 'price'], 'CAMERA_3': []}",C_THANK_YOU,CAMERA_2,NONE,thank you very much for your help and have a great day,PRESENT_X,CAMERA_2,S_THANK_YOU,CAMERA_2,NONE,thank you very much.,FACE_TO_FACE,NONE,
179,7,NONE,['CAMERA_2'],"{'CAMERA_1': [], 'CAMERA_2': ['color', 'price'], 'CAMERA_3': []}",C_LEAVES,DOOR,NONE,,FACE_TO_FACE,NONE,S_RETURNS_TO_COUNTER,SERVICE_COUNTER,NONE,,WAITING,NONE,
180,1,NONE,[],"{'CAMERA_1': [], 'CAMERA_2': [], 'CAMERA_3': []}",C_ENTERS,DOOR,NONE,,WAITING,NONE,S_NONE,SERVICE_COUNTER,NONE,,WAITING,NONE,
180,2,NONE,[],"{'CAMERA_1': [], 'CAMERA_2': [], 'CAMERA_3': []}",C_GREETS,MIDDLE,NONE,hello,WAITING,NONE,S_GREETS,MIDDLE,NONE,can I help you?,FACE_TO_FACE,NONE,
180,3,CAMERA_3,['CAMERA_3'],"{'CAMERA_1': [], 'CAMERA_2': [], 'CAMERA_3': []}",C_LOOKING_FOR_A_CAMERA,MIDDLE,NONE,hi afternoon I'm here in Japan for vacations and I would like to buy a new camera can you help me with this,FACE_TO_FACE,NONE,S_INTRODUCES_CAMERA,CAMERA_3,,Let me show you this. Here we have the Fujifilm PowerShot ELPH S2800.,PRESENT_X,CAMERA_3,39~68
180,4,CAMERA_3,['CAMERA_3'],"{'CAMERA_1': [], 'CAMERA_2': [], 'CAMERA_3': ['camera_type']}",C_QUESTION_ABOUT_FEATURE,CAMERA_3,camera_type,is this a point and shoot camera,PRESENT_X,CAMERA_3,S_ANSWERS_QUESTION_ABOUT_FEATURE,CAMERA_3,camera_type,This is a point and shoot camera.,PRESENT_X,CAMERA_3,10~25
180,5,CAMERA_3,['CAMERA_3'],"{'CAMERA_1': [], 'CAMERA_2': [], 'CAMERA_3': ['camera_type', 'weight']}",C_QUESTION_ABOUT_FEATURE,CAMERA_3,weight,oh I see and what about the weight you can make it slide but what's the weight actually,PRESENT_X,CAMERA_3,S_ANSWERS_QUESTION_ABOUT_FEATURE,CAMERA_3,weight,This one weighs 820 grams.,PRESENT_X,CAMERA_3,16~25
180,6,CAMERA_3,['CAMERA_3'],"{'CAMERA_1': [], 'CAMERA_2': [], 'CAMERA_3': ['camera_type', 'weight', 'resolution']}",C_QUESTION_ABOUT_FEATURE,CAMERA_3,resolution,how many megapixels does it have,PRESENT_X,CAMERA_3,S_ANSWERS_QUESTION_ABOUT_FEATURE,CAMERA_3,resolution,This one has 23.2 megapixels resolution.,PRESENT_X,CAMERA_3,13~28
180,7,CAMERA_3,['CAMERA_3'],"{'CAMERA_1': [], 'CAMERA_2': [], 'CAMERA_3': ['camera_type', 'weight', 'resolution', 'preset_modes']}",C_QUESTION_ABOUT_FEATURE,CAMERA_3,preset_modes,does this camera support for preset mod,PRESENT_X,CAMERA_3,S_ANSWERS_QUESTION_ABOUT_FEATURE,CAMERA_3,preset_modes,This one has various preset modes.,PRESENT_X,CAMERA_3,13~33
180,8,CAMERA_2,"['CAMERA_3', 'CAMERA_2']","{'CAMERA_1': [], 'CAMERA_2': [], 'CAMERA_3': ['camera_type', 'weight', 'resolution', 'preset_modes']}",C_ANYTHING_ELSE_AVAILABLE,CAMERA_3,NONE,ok do you have any other cameras,PRESENT_X,CAMERA_3,S_INTRODUCES_CAMERA,CAMERA_2,,Let me show you this. Here we have the Fujifilm Lumix ILC Camera.,PRESENT_X,CAMERA_2,39~64
180,9,CAMERA_2,"['CAMERA_3', 'CAMERA_2']","{'CAMERA_1': [], 'CAMERA_2': ['weight'], 'CAMERA_3': ['camera_type', 'weight', 'resolution', 'preset_modes']}",C_SILENT_OR_BACKCHANNEL,CAMERA_2,NONE,oh wow this is very nice okay I like this one,PRESENT_X,CAMERA_2,S_INTRODUCES_FEATURE,CAMERA_2,weight,This one weighs 820 grams.,PRESENT_X,CAMERA_2,16~25
180,10,CAMERA_2,"['CAMERA_3', 'CAMERA_2']","{'CAMERA_1': [], 'CAMERA_2': ['weight', 'resolution'], 'CAMERA_3': ['camera_type', 'weight', 'resolution', 'preset_modes']}",C_QUESTION_ABOUT_FEATURE,CAMERA_2,resolution,how many megapixels is it house,PRESENT_X,CAMERA_2,S_ANSWERS_QUESTION_ABOUT_FEATURE,CAMERA_2,resolution,This one has 23.8 megapixels resolution.,PRESENT_X,CAMERA_2,13~28
180,11,NONE,"['CAMERA_3', 'CAMERA_2']","{'CAMERA_1': [], 'CAMERA_2': ['weight', 'resolution'], 'CAMERA_3': ['camera_type', 'weight', 'resolution', 'preset_modes']}",C_THANK_YOU,CAMERA_2,NONE,ok thank you very much,PRESENT_X,CAMERA_2,S_THANK_YOU,CAMERA_2,NONE,thank you very much.,FACE_TO_FACE,NONE,
180,12,NONE,"['CAMERA_3', 'CAMERA_2']","{'CAMERA_1': [], 'CAMERA_2': ['weight', 'resolution'], 'CAMERA_3': ['camera_type', 'weight', 'resolution', 'preset_modes']}",C_LEAVES,DOOR,NONE,,FACE_TO_FACE,NONE,S_RETURNS_TO_COUNTER,SERVICE_COUNTER,NONE,,WAITING,NONE,
181,1,NONE,[],"{'CAMERA_1': [], 'CAMERA_2': [], 'CAMERA_3': []}",C_ENTERS,DOOR,NONE,,WAITING,NONE,S_NONE,SERVICE_COUNTER,NONE,,WAITING,NONE,
181,2,NONE,[],"{'CAMERA_1': [], 'CAMERA_2': [], 'CAMERA_3': []}",C_WALKS_TO_CAMERA,CAMERA_3,NONE,,WAITING,NONE,S_GREETS,CAMERA_3,NONE,can I help you?,FACE_TO_FACE,NONE,
181,3,CAMERA_1,['CAMERA_1'],"{'CAMERA_1': [], 'CAMERA_2': [], 'CAMERA_3': []}",C_LOOKING_FOR_A_CAMERA,CAMERA_3,NONE,I'm looking for a nice camera,FACE_TO_FACE,NONE,S_INTRODUCES_CAMERA,CAMERA_1,,Let me show you this. Here we have the Sony PowerShot ELPH DMC-ZS3.,PRESENT_X,CAMERA_1,39~66
181,4,CAMERA_1,['CAMERA_1'],"{'CAMERA_1': ['optical_zoom'], 'CAMERA_2': [], 'CAMERA_3': []}",C_SILENT_OR_BACKCHANNEL,CAMERA_1,NONE,I say so,PRESENT_X,CAMERA_1,S_INTRODUCES_FEATURE,CAMERA_1,optical_zoom,This one has 21x optical zoom.,PRESENT_X,CAMERA_1,13~29
181,5,CAMERA_1,['CAMERA_1'],"{'CAMERA_1': ['optical_zoom', 'settings'], 'CAMERA_2': [], 'CAMERA_3': []}",C_SILENT_OR_BACKCHANNEL,CAMERA_1,NONE,wow that's pretty impressive,PRESENT_X,CAMERA_1,S_INTRODUCES_FEATURE,CAMERA_1,settings,This one has limited manual settings.,PRESENT_X,CAMERA_1,13~36
181,6,NONE,['CAMERA_1'],"{'CAMERA_1': ['optical_zoom', 'settings'], 'CAMERA_2': [], 'CAMERA_3': []}",C_THANK_YOU,CAMERA_1,NONE,thanks,PRESENT_X,CAMERA_1,S_THANK_YOU,CAMERA_1,NONE,thank you very much.,FACE_TO_FACE,NONE,
181,7,NONE,['CAMERA_1'],"{'CAMERA_1': ['optical_zoom', 'settings'], 'CAMERA_2': [], 'CAMERA_3': []}",C_LEAVES,DOOR,NONE,,FACE_TO_FACE,NONE,S_RETURNS_TO_COUNTER,SERVICE_COUNTER,NONE,,WAITING,NONE,
182,1,NONE,[],"{'CAMERA_1': [], 'CAMERA_2': [], 'CAMERA_3': []}",C_ENTERS,DOOR,NONE,,WAITING,NONE,S_NONE,SERVICE_COUNTER,NONE,,WAITING,NONE,
182,2,NONE,[],"{'CAMERA_1': [], 'CAMERA_2': [], 'CAMERA_3': []}",C_GREETS,MIDDLE,NONE,excuse me,WAITING,NONE,S_GREETS,MIDDLE,NONE,can I help you?,FACE_TO_FACE,NONE,
182,3,CAMERA_2,['CAMERA_2'],"{'CAMERA_1': [], 'CAMERA_2': [], 'CAMERA_3': []}",C_LOOKING_FOR_A_CAMERA,MIDDLE,NONE,I need a camera but not a professional camera but something I can use in my business that will give me some good pictures,FACE_TO_FACE,NONE,S_INTRODUCES_CAMERA,CAMERA_2,,Let me show you this. Here we have the Fujifilm Lumix ILC Camera.,PRESENT_X,CAMERA_2,39~64
182,4,CAMERA_2,['CAMERA_2'],"{'CAMERA_1': [], 'CAMERA_2': ['autofocus_points'], 'CAMERA_3': []}",C_QUESTION_ABOUT_FEATURE,CAMERA_2,autofocus_points,how many autofocus points does it have,PRESENT_X,CAMERA_2,S_NOT_SURE,CAMERA_2,,I'm not really sure about that.,PRESENT_X,CAMERA_2,
182,5,CAMERA_2,['CAMERA_2'],"{'CAMERA_1': [], 'CAMERA_2': ['autofocus_points', 'ISO'], 'CAMERA_3': []}",C_QUESTION_ABOUT_FEATURE,CAMERA_2,ISO,and how about the ISO,PRESENT_X,CAMERA_2,S_NOT_SURE,CAMERA_2,,I'm not really sure about that.,PRESENT_X,CAMERA_2,
182,6,CAMERA_2,['CAMERA_2'],"{'CAMERA_1': [], 'CAMERA_2': ['autofocus_points', 'ISO', 'effects'], 'CAMERA_3': []}",C_QUESTION_ABOUT_FEATURE,CAMERA_2,effects,I don't sense as a cystic effect mode what does that do,PRESENT_X,CAMERA_2,S_ANSWERS_QUESTION_ABOUT_FEATURE,CAMERA_2,effects,"This one has 24 artistic effect modes (retro, lighter or darker skin tones, sepia, etc.).",PRESENT_X,CAMERA_2,13~88
182,7,CAMERA_2,['CAMERA_2'],"{'CAMERA_1': [], 'CAMERA_2': ['autofocus_points', 'ISO', 'effects', 'settings'], 'CAMERA_3': []}",C_SILENT_OR_BACKCHANNEL,CAMERA_2,NONE,okay,PRESENT_X,CAMERA_2,S_INTRODUCES_FEATURE,CAMERA_2,settings,"This one has manual control and various automatic settings (video modeburst shooting, etc.).",PRESENT_X,CAMERA_2,13~91
182,8,CAMERA_2,['CAMERA_2'],"{'CAMERA_1': [], 'CAMERA_2': ['autofocus_points', 'ISO', 'effects', 'settings', 'optical_zoom'], 'CAMERA_3': []}",C_QUESTION_ABOUT_FEATURE,CAMERA_2,optical_zoom,I see what about the optical zoom,PRESENT_X,CAMERA_2,S_ANSWERS_QUESTION_ABOUT_FEATURE,CAMERA_2,optical_zoom,This one has 21x optical zoom.,PRESENT_X,CAMERA_2,13~29
182,9,CAMERA_2,['CAMERA_2'],"{'CAMERA_1': [], 'CAMERA_2': ['autofocus_points', 'ISO', 'effects', 'settings', 'optical_zoom', 'resolution'], 'CAMERA_3': []}",C_SILENT_OR_BACKCHANNEL,CAMERA_2,NONE,IC,PRESENT_X,CAMERA_2,S_INTRODUCES_FEATURE,CAMERA_2,resolution,This one has 23.8 megapixels resolution.,PRESENT_X,CAMERA_2,13~28
182,10,CAMERA_2,['CAMERA_2'],"{'CAMERA_1': [], 'CAMERA_2': ['autofocus_points', 'ISO', 'effects', 'settings', 'optical_zoom', 'resolution', 'sensor_size'], 'CAMERA_3': []}",C_SILENT_OR_BACKCHANNEL,CAMERA_2,NONE,that sounds great although having a look for myself and diamonds and,PRESENT_X,CAMERA_2,S_INTRODUCES_FEATURE,CAMERA_2,sensor_size,This one has a 1/2.33 inch sensor.,PRESENT_X,CAMERA_2,15~33
182,11,CAMERA_2,['CAMERA_2'],"{'CAMERA_1': [], 'CAMERA_2': ['autofocus_points', 'ISO', 'effects', 'settings', 'optical_zoom', 'resolution', 'sensor_size', 'preset_modes'], 'CAMERA_3': []}",C_QUESTION_ABOUT_FEATURE,CAMERA_2,preset_modes,do you have any cameras with landscape night mode and menu settings,PRESENT_X,CAMERA_2,S_NOT_SURE,CAMERA_2,,I'm not really sure about that.,PRESENT_X,CAMERA_2,
182,12,CAMERA_2,['CAMERA_2'],"{'CAMERA_1': [], 'CAMERA_2': ['autofocus_points', 'ISO', 'effects', 'settings', 'optical_zoom', 'resolution', 'sensor_size', 'preset_modes', 'camera_type'], 'CAMERA_3': []}",C_SILENT_OR_BACKCHANNEL,CAMERA_2,NONE,you're actually it's the way is feels really nice,PRESENT_X,CAMERA_2,S_INTRODUCES_FEATURE,CAMERA_2,camera_type,This is a digital single lens mirrorless camera.,PRESENT_X,CAMERA_2,10~40
182,13,CAMERA_2,['CAMERA_2'],"{'CAMERA_1': [], 'CAMERA_2': ['autofocus_points', 'ISO', 'effects', 'settings', 'optical_zoom', 'resolution', 'sensor_size', 'preset_modes', 'camera_type', 'price'], 'CAMERA_3': []}",C_SILENT_OR_BACKCHANNEL,CAMERA_2,NONE,IC,PRESENT_X,CAMERA_2,S_INTRODUCES_FEATURE,CAMERA_2,price,This one costs $768.,PRESENT_X,CAMERA_2,15~19
182,14,CAMERA_2,['CAMERA_2'],"{'CAMERA_1': [], 'CAMERA_2': ['autofocus_points', 'ISO', 'effects', 'settings', 'optical_zoom', 'resolution', 'sensor_size', 'preset_modes', 'camera_type', 'price', 'weight'], 'CAMERA_3': []}",C_QUESTION_ABOUT_FEATURE,CAMERA_2,weight,okay and what about the weight,PRESENT_X,CAMERA_2,S_ANSWERS_QUESTION_ABOUT_FEATURE,CAMERA_2,weight,This one weighs 820 grams.,PRESENT_X,CAMERA_2,16~25
182,15,CAMERA_2,['CAMERA_2'],"{'CAMERA_1': [], 'CAMERA_2': ['autofocus_points', 'ISO', 'effects', 'settings', 'optical_zoom', 'resolution', 'sensor_size', 'preset_modes', 'camera_type', 'price', 'weight', 'long_exposure'], 'CAMERA_3': []}",C_QUESTION_ABOUT_FEATURE,CAMERA_2,long_exposure,Odysseus up with long exposure,PRESENT_X,CAMERA_2,S_ANSWERS_QUESTION_ABOUT_FEATURE,CAMERA_2,long_exposure,This one can take long exposures up to 60 minutes max with bulb mode.,PRESENT_X,CAMERA_2,39~68
182,16,CAMERA_2,['CAMERA_2'],"{'CAMERA_1': [], 'CAMERA_2': ['autofocus_points', 'ISO', 'effects', 'settings', 'optical_zoom', 'resolution', 'sensor_size', 'preset_modes', 'camera_type', 'price', 'weight', 'long_exposure', 'color'], 'CAMERA_3': []}",C_SILENT_OR_BACKCHANNEL,CAMERA_2,NONE,IC,PRESENT_X,CAMERA_2,S_INTRODUCES_FEATURE,CAMERA_2,color,This one comes in white or pink.,PRESENT_X,CAMERA_2,18~31
182,17,CAMERA_2,['CAMERA_2'],"{'CAMERA_1': [], 'CAMERA_2': ['autofocus_points', 'ISO', 'effects', 'settings', 'optical_zoom', 'resolution', 'sensor_size', 'preset_modes', 'camera_type', 'price', 'weight', 'long_exposure', 'color', 'weight'], 'CAMERA_3': []}",C_SILENT_OR_BACKCHANNEL,CAMERA_2,NONE,IC,PRESENT_X,CAMERA_2,S_INTRODUCES_FEATURE,CAMERA_2,weight,This one weighs 820 grams.,PRESENT_X,CAMERA_2,16~25
182,18,CAMERA_2,['CAMERA_2'],"{'CAMERA_1': [], 'CAMERA_2': ['autofocus_points', 'ISO', 'effects', 'settings', 'optical_zoom', 'resolution', 'sensor_size', 'preset_modes', 'camera_type', 'price', 'weight', 'long_exposure', 'color', 'weight', 'preset_modes'], 'CAMERA_3': []}",C_QUESTION_ABOUT_FEATURE,CAMERA_2,preset_modes,is it equipped with any preset modes,PRESENT_X,CAMERA_2,S_NOT_SURE,CAMERA_2,,I'm not really sure about that.,PRESENT_X,CAMERA_2,
182,19,CAMERA_2,['CAMERA_2'],"{'CAMERA_1': [], 'CAMERA_2': ['autofocus_points', 'ISO', 'effects', 'settings', 'optical_zoom', 'resolution', 'sensor_size', 'preset_modes', 'camera_type', 'price', 'weight', 'long_exposure', 'color', 'weight', 'preset_modes', 'settings'], 'CAMERA_3': []}",C_QUESTION_ABOUT_FEATURE,CAMERA_2,settings,what about the manual settings it seems is quite taken to put everything in manual mode and I am used to this kind of coming,PRESENT_X,CAMERA_2,S_ANSWERS_QUESTION_ABOUT_FEATURE,CAMERA_2,settings,"This one has manual control and various automatic settings (video modeburst shooting, etc.).",PRESENT_X,CAMERA_2,13~91
182,20,CAMERA_3,"['CAMERA_2', 'CAMERA_3']","{'CAMERA_1': [], 'CAMERA_2': ['autofocus_points', 'ISO', 'effects', 'settings', 'optical_zoom', 'resolution', 'sensor_size', 'preset_modes', 'camera_type', 'price', 'weight', 'long_exposure', 'color', 'weight', 'preset_modes', 'settings'], 'CAMERA_3': []}",C_ANYTHING_ELSE_AVAILABLE,CAMERA_2,NONE,oh I see that's very interesting do you have any other cameras that you can recommend me,PRESENT_X,CAMERA_2,S_INTRODUCES_CAMERA,CAMERA_3,,Let me show you this. Here we have the Fujifilm PowerShot ELPH S2800.,PRESENT_X,CAMERA_3,39~68
182,21,CAMERA_3,"['CAMERA_2', 'CAMERA_3']","{'CAMERA_1': [], 'CAMERA_2': ['autofocus_points', 'ISO', 'effects', 'settings', 'optical_zoom', 'resolution', 'sensor_size', 'preset_modes', 'camera_type', 'price', 'weight', 'long_exposure', 'color', 'weight', 'preset_modes', 'settings'], 'CAMERA_3': ['ISO']}",C_SILENT_OR_BACKCHANNEL,CAMERA_3,NONE,looks pretty good,PRESENT_X,CAMERA_3,S_INTRODUCES_FEATURE,CAMERA_3,ISO,This one has up to 3200 ISO with little noise.,PRESENT_X,CAMERA_3,13~45
182,22,NONE,"['CAMERA_2', 'CAMERA_3']","{'CAMERA_1': [], 'CAMERA_2': ['autofocus_points', 'ISO', 'effects', 'settings', 'optical_zoom', 'resolution', 'sensor_size', 'preset_modes', 'camera_type', 'price', 'weight', 'long_exposure', 'color', 'weight', 'preset_modes', 'settings'], 'CAMERA_3': ['ISO']}",C_THANK_YOU,CAMERA_3,NONE,Thanks,PRESENT_X,CAMERA_3,S_THANK_YOU,CAMERA_3,NONE,thank you very much.,FACE_TO_FACE,NONE,
182,23,NONE,"['CAMERA_2', 'CAMERA_3']","{'CAMERA_1': [], 'CAMERA_2': ['autofocus_points', 'ISO', 'effects', 'settings', 'optical_zoom', 'resolution', 'sensor_size', 'preset_modes', 'camera_type', 'price', 'weight', 'long_exposure', 'color', 'weight', 'preset_modes', 'settings'], 'CAMERA_3': ['ISO']}",C_LEAVES,DOOR,NONE,,FACE_TO_FACE,NONE,S_RETURNS_TO_COUNTER,SERVICE_COUNTER,NONE,,WAITING,NONE,
183,1,NONE,[],"{'CAMERA_1': [], 'CAMERA_2': [], 'CAMERA_3': []}",C_ENTERS,DOOR,NONE,,WAITING,NONE,S_NONE,SERVICE_COUNTER,NONE,,WAITING,NONE,
183,2,NONE,[],"{'CAMERA_1': [], 'CAMERA_2': [], 'CAMERA_3': []}",C_GREETS,MIDDLE,NONE,hello,WAITING,NONE,S_GREETS,MIDDLE,NONE,can I help you?,FACE_TO_FACE,NONE,
183,3,CAMERA_1,['CAMERA_1'],"{'CAMERA_1': [], 'CAMERA_2': [], 'CAMERA_3': []}",C_LOOKING_FOR_A_CAMERA,MIDDLE,NONE,good afternoon I'm looking to buy a new camera just that I'm not a professional photographer so can you please show me the ones you have,FACE_TO_FACE,NONE,S_INTRODUCES_CAMERA,CAMERA_1,,Let me show you this. Here we have the Sony PowerShot ELPH DMC-ZS3.,PRESENT_X,CAMERA_1,39~66
183,4,CAMERA_1,['CAMERA_1'],"{'CAMERA_1': ['resolution'], 'CAMERA_2': [], 'CAMERA_3': []}",C_QUESTION_ABOUT_FEATURE,CAMERA_1,resolution,what about the resolution of this camera,PRESENT_X,CAMERA_1,S_ANSWERS_QUESTION_ABOUT_FEATURE,CAMERA_1,resolution,This one has 17.8 megapixels resolution.,PRESENT_X,CAMERA_1,13~28
183,5,CAMERA_2,"['CAMERA_1', 'CAMERA_2']","{'CAMERA_1': ['resolution'], 'CAMERA_2': [], 'CAMERA_3': []}",C_ANYTHING_ELSE_AVAILABLE,CAMERA_1,NONE,Do you have other cameras that I could afford,PRESENT_X,CAMERA_1,S_INTRODUCES_CAMERA,CAMERA_2,,Let me show you this. Here we have the Fujifilm Lumix ILC Camera.,PRESENT_X,CAMERA_2,39~64
183,6,CAMERA_2,"['CAMERA_1', 'CAMERA_2']","{'CAMERA_1': ['resolution'], 'CAMERA_2': ['optical_zoom'], 'CAMERA_3': []}",C_SILENT_OR_BACKCHANNEL,CAMERA_2,NONE,looks pretty good,PRESENT_X,CAMERA_2,S_INTRODUCES_FEATURE,CAMERA_2,optical_zoom,This one has 21x optical zoom.,PRESENT_X,CAMERA_2,13~29
183,7,CAMERA_2,"['CAMERA_1', 'CAMERA_2']","{'CAMERA_1': ['resolution'], 'CAMERA_2': ['optical_zoom', 'camera_type'], 'CAMERA_3': []}",C_SILENT_OR_BACKCHANNEL,CAMERA_2,NONE,I'm interested in this cannon he looks pretty good,PRESENT_X,CAMERA_2,S_INTRODUCES_FEATURE,CAMERA_2,camera_type,This is a digital single lens mirrorless camera.,PRESENT_X,CAMERA_2,10~40
183,8,NONE,"['CAMERA_1', 'CAMERA_2']","{'CAMERA_1': ['resolution'], 'CAMERA_2': ['optical_zoom', 'camera_type'], 'CAMERA_3': []}",C_THANK_YOU,CAMERA_2,NONE,thanks,PRESENT_X,CAMERA_2,S_THANK_YOU,CAMERA_2,NONE,thank you very much.,FACE_TO_FACE,NONE,
183,9,NONE,"['CAMERA_1', 'CAMERA_2']","{'CAMERA_1': ['resolution'], 'CAMERA_2': ['optical_zoom', 'camera_type'], 'CAMERA_3': []}",C_LEAVES,DOOR,NONE,,FACE_TO_FACE,NONE,S_RETURNS_TO_COUNTER,SERVICE_COUNTER,NONE,,WAITING,NONE,
184,1,NONE,[],"{'CAMERA_1': [], 'CAMERA_2': [], 'CAMERA_3': []}",C_ENTERS,DOOR,NONE,,WAITING,NONE,S_NONE,SERVICE_COUNTER,NONE,,WAITING,NONE,
184,2,NONE,[],"{'CAMERA_1': [], 'CAMERA_2': [], 'CAMERA_3': []}",C_WALKS_TO_CAMERA,CAMERA_3,NONE,,WAITING,NONE,S_GREETS,CAMERA_3,NONE,can I help you?,FACE_TO_FACE,NONE,
184,3,CAMERA_3,['CAMERA_3'],"{'CAMERA_1': [], 'CAMERA_2': [], 'CAMERA_3': []}",C_LOOKING_FOR_A_CAMERA,CAMERA_3,NONE,I'm looking for a camera to replace my old one,FACE_TO_FACE,NONE,S_INTRODUCES_CAMERA,CAMERA_3,,Let me show you this. Here we have the Fujifilm PowerShot ELPH S2800.,PRESENT_X,CAMERA_3,39~68
184,4,CAMERA_3,['CAMERA_3'],"{'CAMERA_1': [], 'CAMERA_2': [], 'CAMERA_3': ['long_exposure']}",C_SILENT_OR_BACKCHANNEL,CAMERA_3,NONE,alright,PRESENT_X,CAMERA_3,S_INTRODUCES_FEATURE,CAMERA_3,long_exposure,This one can take long exposures up to 30 minutes max with bulb mode.,PRESENT_X,CAMERA_3,39~68
184,5,CAMERA_3,['CAMERA_3'],"{'CAMERA_1': [], 'CAMERA_2': [], 'CAMERA_3': ['long_exposure', 'resolution']}",C_SILENT_OR_BACKCHANNEL,CAMERA_3,NONE,let me see,PRESENT_X,CAMERA_3,S_INTRODUCES_FEATURE,CAMERA_3,resolution,This one has 23.2 megapixels resolution.,PRESENT_X,CAMERA_3,13~28
184,6,CAMERA_3,['CAMERA_3'],"{'CAMERA_1': [], 'CAMERA_2': [], 'CAMERA_3': ['long_exposure', 'resolution', 'preset_modes']}",C_SILENT_OR_BACKCHANNEL,CAMERA_3,NONE,okay,PRESENT_X,CAMERA_3,S_INTRODUCES_FEATURE,CAMERA_3,preset_modes,This one has various preset modes.,PRESENT_X,CAMERA_3,13~33
184,7,CAMERA_3,['CAMERA_3'],"{'CAMERA_1': [], 'CAMERA_2': [], 'CAMERA_3': ['long_exposure', 'resolution', 'preset_modes', 'ISO']}",C_SILENT_OR_BACKCHANNEL,CAMERA_3,NONE,that's not bad,PRESENT_X,CAMERA_3,S_INTRODUCES_FEATURE,CAMERA_3,ISO,This one has up to 3200 ISO with little noise.,PRESENT_X,CAMERA_3,13~45
184,8,CAMERA_1,"['CAMERA_3', 'CAMERA_1']","{'CAMERA_1': [], 'CAMERA_2': [], 'CAMERA_3': ['long_exposure', 'resolution', 'preset_modes', 'ISO']}",C_ANYTHING_ELSE_AVAILABLE,CAMERA_3,NONE,ok do you have any other cameras,PRESENT_X,CAMERA_3,S_INTRODUCES_CAMERA,CAMERA_1,,Let me show you this. Here we have the Sony PowerShot ELPH DMC-ZS3.,PRESENT_X,CAMERA_1,39~66
184,9,CAMERA_1,"['CAMERA_3', 'CAMERA_1']","{'CAMERA_1': ['resolution'], 'CAMERA_2': [], 'CAMERA_3': ['long_exposure', 'resolution', 'preset_modes', 'ISO']}",C_QUESTION_ABOUT_FEATURE,CAMERA_1,resolution,how many megapixels does it have,PRESENT_X,CAMERA_1,S_ANSWERS_QUESTION_ABOUT_FEATURE,CAMERA_1,resolution,This one has 17.8 megapixels resolution.,PRESENT_X,CAMERA_1,13~28
184,10,CAMERA_1,"['CAMERA_3', 'CAMERA_1']","{'CAMERA_1': ['resolution', 'settings'], 'CAMERA_2': [], 'CAMERA_3': ['long_exposure', 'resolution', 'preset_modes', 'ISO']}",C_QUESTION_ABOUT_FEATURE,CAMERA_1,settings,is this full manual,PRESENT_X,CAMERA_1,S_ANSWERS_QUESTION_ABOUT_FEATURE,CAMERA_1,settings,This one has limited manual settings.,PRESENT_X,CAMERA_1,13~36
184,11,CAMERA_2,"['CAMERA_3', 'CAMERA_1', 'CAMERA_2']","{'CAMERA_1': ['resolution', 'settings'], 'CAMERA_2': [], 'CAMERA_3': ['long_exposure', 'resolution', 'preset_modes', 'ISO']}",C_ANYTHING_ELSE_AVAILABLE,CAMERA_1,NONE,okay do you have any other cameras I might be interested,PRESENT_X,CAMERA_1,S_INTRODUCES_CAMERA,CAMERA_2,,Let me show you this. Here we have the Fujifilm Lumix ILC Camera.,PRESENT_X,CAMERA_2,39~64
184,12,CAMERA_2,"['CAMERA_3', 'CAMERA_1', 'CAMERA_2']","{'CAMERA_1': ['resolution', 'settings'], 'CAMERA_2': ['price'], 'CAMERA_3': ['long_exposure', 'resolution', 'preset_modes', 'ISO']}",C_QUESTION_ABOUT_FEATURE,CAMERA_2,price,do you have any different color,PRESENT_X,CAMERA_2,S_ANSWERS_QUESTION_ABOUT_FEATURE,CAMERA_2,price,This one costs $768.,PRESENT_X,CAMERA_2,15~19
184,13,CAMERA_2,"['CAMERA_3', 'CAMERA_1', 'CAMERA_2']","{'CAMERA_1': ['resolution', 'settings'], 'CAMERA_2': ['price', 'weight'], 'CAMERA_3': ['long_exposure', 'resolution', 'preset_modes', 'ISO']}",C_SILENT_OR_BACKCHANNEL,CAMERA_2,NONE,interesting,PRESENT_X,CAMERA_2,S_INTRODUCES_FEATURE,CAMERA_2,weight,This one weighs 820 grams.,PRESENT_X,CAMERA_2,16~25
184,14,NONE,"['CAMERA_3', 'CAMERA_1', 'CAMERA_2']","{'CAMERA_1': ['resolution', 'settings'], 'CAMERA_2': ['price', 'weight'], 'CAMERA_3': ['long_exposure', 'resolution', 'preset_modes', 'ISO']}",C_THANK_YOU,CAMERA_2,NONE,Alright I will think about it thank you very much,PRESENT_X,CAMERA_2,S_THANK_YOU,CAMERA_2,NONE,thank you very much.,FACE_TO_FACE,NONE,
184,15,NONE,"['CAMERA_3', 'CAMERA_1', 'CAMERA_2']","{'CAMERA_1': ['resolution', 'settings'], 'CAMERA_2': ['price', 'weight'], 'CAMERA_3': ['long_exposure', 'resolution', 'preset_modes', 'ISO']}",C_LEAVES,DOOR,NONE,,FACE_TO_FACE,NONE,S_RETURNS_TO_COUNTER,SERVICE_COUNTER,NONE,,WAITING,NONE,
185,1,NONE,[],"{'CAMERA_1': [], 'CAMERA_2': [], 'CAMERA_3': []}",C_ENTERS,DOOR,NONE,,WAITING,NONE,S_NONE,SERVICE_COUNTER,NONE,,WAITING,NONE,
185,2,NONE,[],"{'CAMERA_1': [], 'CAMERA_2': [], 'CAMERA_3': []}",C_GREETS,MIDDLE,NONE,use me,WAITING,NONE,S_GREETS,MIDDLE,NONE,can I help you?,FACE_TO_FACE,NONE,
185,3,CAMERA_2,['CAMERA_2'],"{'CAMERA_1': [], 'CAMERA_2': [], 'CAMERA_3': []}",C_LOOKING_FOR_A_CAMERA,MIDDLE,NONE,yes I'm looking for a camera for my photoshop my other camera broke and I need another one,FACE_TO_FACE,NONE,S_INTRODUCES_CAMERA,CAMERA_2,,Let me show you this. Here we have the Fujifilm Lumix ILC Camera.,PRESENT_X,CAMERA_2,39~64
185,4,CAMERA_2,['CAMERA_2'],"{'CAMERA_1': [], 'CAMERA_2': ['weight'], 'CAMERA_3': []}",C_SILENT_OR_BACKCHANNEL,CAMERA_2,NONE,ok let's see,PRESENT_X,CAMERA_2,S_INTRODUCES_FEATURE,CAMERA_2,weight,This one weighs 820 grams.,PRESENT_X,CAMERA_2,16~25
185,5,NONE,['CAMERA_2'],"{'CAMERA_1': [], 'CAMERA_2': ['weight'], 'CAMERA_3': []}",C_THANK_YOU,CAMERA_2,NONE,thank you for your help and have a great day,PRESENT_X,CAMERA_2,S_THANK_YOU,CAMERA_2,NONE,thank you very much.,FACE_TO_FACE,NONE,
185,6,NONE,['CAMERA_2'],"{'CAMERA_1': [], 'CAMERA_2': ['weight'], 'CAMERA_3': []}",C_LEAVES,DOOR,NONE,,FACE_TO_FACE,NONE,S_RETURNS_TO_COUNTER,SERVICE_COUNTER,NONE,,WAITING,NONE,
186,1,NONE,[],"{'CAMERA_1': [], 'CAMERA_2': [], 'CAMERA_3': []}",C_ENTERS,DOOR,NONE,,WAITING,NONE,S_NONE,SERVICE_COUNTER,NONE,,WAITING,NONE,
186,2,NONE,[],"{'CAMERA_1': [], 'CAMERA_2': [], 'CAMERA_3': []}",C_WALKS_TO_CAMERA,CAMERA_1,NONE,,WAITING,NONE,S_GREETS,CAMERA_1,NONE,can I help you?,FACE_TO_FACE,NONE,
186,3,CAMERA_2,['CAMERA_2'],"{'CAMERA_1': [], 'CAMERA_2': [], 'CAMERA_3': []}",C_LOOKING_FOR_A_CAMERA,CAMERA_1,NONE,I'm looking to upgrade my old camera for one with a higher ISO,FACE_TO_FACE,NONE,S_INTRODUCES_CAMERA,CAMERA_2,,Let me show you this. Here we have the Fujifilm Lumix ILC Camera.,PRESENT_X,CAMERA_2,39~64
186,4,CAMERA_2,['CAMERA_2'],"{'CAMERA_1': [], 'CAMERA_2': ['color'], 'CAMERA_3': []}",C_QUESTION_ABOUT_FEATURE,CAMERA_2,color,oh I see in a different color is awful,PRESENT_X,CAMERA_2,S_ANSWERS_QUESTION_ABOUT_FEATURE,CAMERA_2,color,This one comes in white or pink.,PRESENT_X,CAMERA_2,18~31
186,5,CAMERA_2,['CAMERA_2'],"{'CAMERA_1': [], 'CAMERA_2': ['color', 'optical_zoom'], 'CAMERA_3': []}",C_SILENT_OR_BACKCHANNEL,CAMERA_2,NONE,$68 that's great,PRESENT_X,CAMERA_2,S_INTRODUCES_FEATURE,CAMERA_2,optical_zoom,This one has 21x optical zoom.,PRESENT_X,CAMERA_2,13~29
186,6,NONE,['CAMERA_2'],"{'CAMERA_1': [], 'CAMERA_2': ['color', 'optical_zoom'], 'CAMERA_3': []}",C_THANK_YOU,CAMERA_2,NONE,thank you,PRESENT_X,CAMERA_2,S_THANK_YOU,CAMERA_2,NONE,thank you very much.,FACE_TO_FACE,NONE,
186,7,NONE,['CAMERA_2'],"{'CAMERA_1': [], 'CAMERA_2': ['color', 'optical_zoom'], 'CAMERA_3': []}",C_LEAVES,DOOR,NONE,,FACE_TO_FACE,NONE,S_RETURNS_TO_COUNTER,SERVICE_COUNTER,NONE,,WAITING,NONE,
187,1,NONE,[],"{'CAMERA_1': [], 'CAMERA_2': [], 'CAMERA_3': []}",C_ENTERS,DOOR,NONE,,WAITING,NONE,S_NONE,SERVICE_COUNTER,NONE,,WAITING,NONE,
187,2,NONE,[],"{'CAMERA_1': [], 'CAMERA_2': [], 'CAMERA_3': []}",C_GREETS,MIDDLE,NONE,kiss me can I ask you something,WAITING,NONE,S_GREETS,MIDDLE,NONE,can I help you?,FACE_TO_FACE,NONE,
187,3,CAMERA_3,['CAMERA_3'],"{'CAMERA_1': [], 'CAMERA_2': [], 'CAMERA_3': []}",C_LOOKING_FOR_A_CAMERA,MIDDLE,NONE,I'm looking for a camera,FACE_TO_FACE,NONE,S_INTRODUCES_CAMERA,CAMERA_3,,Let me show you this. Here we have the Fujifilm PowerShot ELPH S2800.,PRESENT_X,CAMERA_3,39~68
187,4,CAMERA_3,['CAMERA_3'],"{'CAMERA_1': [], 'CAMERA_2': [], 'CAMERA_3': ['long_exposure']}",C_QUESTION_ABOUT_FEATURE,CAMERA_3,long_exposure,ICN worry about their long exposure,PRESENT_X,CAMERA_3,S_ANSWERS_QUESTION_ABOUT_FEATURE,CAMERA_3,long_exposure,This one can take long exposures up to 30 minutes max with bulb mode.,PRESENT_X,CAMERA_3,39~68
187,5,CAMERA_3,['CAMERA_3'],"{'CAMERA_1': [], 'CAMERA_2': [], 'CAMERA_3': ['long_exposure', 'price']}",C_QUESTION_ABOUT_FEATURE,CAMERA_3,price,how much does it cost,PRESENT_X,CAMERA_3,S_ANSWERS_QUESTION_ABOUT_FEATURE,CAMERA_3,price,This one costs $518.,PRESENT_X,CAMERA_3,15~19
187,6,NONE,['CAMERA_3'],"{'CAMERA_1': [], 'CAMERA_2': [], 'CAMERA_3': ['long_exposure', 'price']}",C_THANK_YOU,CAMERA_3,NONE,thank you very much,PRESENT_X,CAMERA_3,S_THANK_YOU,CAMERA_3,NONE,thank you very much.,FACE_TO_FACE,NONE,
187,7,NONE,['CAMERA_3'],"{'CAMERA_1': [], 'CAMERA_2': [], 'CAMERA_3': ['long_exposure', 'price']}",C_LEAVES,DOOR,NONE,,FACE_TO_FACE,NONE,S_RETURNS_TO_COUNTER,SERVICE_COUNTER,NONE,,WAITING,NONE,
188,1,NONE,[],"{'CAMERA_1': [], 'CAMERA_2': [], 'CAMERA_3': []}",C_ENTERS,DOOR,NONE,,WAITING,NONE,S_NONE,SERVICE_COUNTER,NONE,,WAITING,NONE,
188,2,NONE,[],"{'CAMERA_1': [], 'CAMERA_2': [], 'CAMERA_3': []}",C_WALKS_TO_CAMERA,CAMERA_2,NONE,,WAITING,NONE,S_GREETS,CAMERA_2,NONE,can I help you?,FACE_TO_FACE,NONE,
188,3,CAMERA_1,['CAMERA_1'],"{'CAMERA_1': [], 'CAMERA_2': [], 'CAMERA_3': []}",C_LOOKING_FOR_A_CAMERA,CAMERA_2,NONE,well I'm not sure I quite know what I want to,FACE_TO_FACE,NONE,S_INTRODUCES_CAMERA,CAMERA_1,,Let me show you this. Here we have the Sony PowerShot ELPH DMC-ZS3.,PRESENT_X,CAMERA_1,39~66
188,4,CAMERA_1,['CAMERA_1'],"{'CAMERA_1': ['color'], 'CAMERA_2': [], 'CAMERA_3': []}",C_QUESTION_ABOUT_FEATURE,CAMERA_1,color,what color do you have,PRESENT_X,CAMERA_1,S_ANSWERS_QUESTION_ABOUT_FEATURE,CAMERA_1,color,This one comes in blue or black.,PRESENT_X,CAMERA_1,18~31
188,5,CAMERA_3,"['CAMERA_1', 'CAMERA_3']","{'CAMERA_1': ['color'], 'CAMERA_2': [], 'CAMERA_3': []}",C_ANYTHING_ELSE_AVAILABLE,CAMERA_1,NONE,I see do you have any other options that you can show me,PRESENT_X,CAMERA_1,S_INTRODUCES_CAMERA,CAMERA_3,,Let me show you this. Here we have the Fujifilm PowerShot ELPH S2800.,PRESENT_X,CAMERA_3,39~68
188,6,CAMERA_3,"['CAMERA_1', 'CAMERA_3']","{'CAMERA_1': ['color'], 'CAMERA_2': [], 'CAMERA_3': ['effects']}",C_QUESTION_ABOUT_FEATURE,CAMERA_3,effects,what other effects does it have,PRESENT_X,CAMERA_3,S_ANSWERS_QUESTION_ABOUT_FEATURE,CAMERA_3,effects,"This one has 21 photo effects (small face, retro, big eyes, etc.).",PRESENT_X,CAMERA_3,13~65
188,7,CAMERA_3,"['CAMERA_1', 'CAMERA_3']","{'CAMERA_1': ['color'], 'CAMERA_2': [], 'CAMERA_3': ['effects', 'autofocus_points']}",C_QUESTION_ABOUT_FEATURE,CAMERA_3,autofocus_points,how many oz are Focus points,PRESENT_X,CAMERA_3,S_ANSWERS_QUESTION_ABOUT_FEATURE,CAMERA_3,autofocus_points,This one has 214 autofocus points.,PRESENT_X,CAMERA_3,13~33
188,8,CAMERA_3,"['CAMERA_1', 'CAMERA_3']","{'CAMERA_1': ['color'], 'CAMERA_2': [], 'CAMERA_3': ['effects', 'autofocus_points', 'weight']}",C_QUESTION_ABOUT_FEATURE,CAMERA_3,weight,what is the weight on on this,PRESENT_X,CAMERA_3,S_ANSWERS_QUESTION_ABOUT_FEATURE,CAMERA_3,weight,This one weighs 820 grams.,PRESENT_X,CAMERA_3,16~25
188,9,CAMERA_3,"['CAMERA_1', 'CAMERA_3']","{'CAMERA_1': ['color'], 'CAMERA_2': [], 'CAMERA_3': ['effects', 'autofocus_points', 'weight', 'long_exposure']}",C_QUESTION_ABOUT_FEATURE,CAMERA_3,long_exposure,and I see that it does long exposures does it have bulb mode,PRESENT_X,CAMERA_3,S_ANSWERS_QUESTION_ABOUT_FEATURE,CAMERA_3,long_exposure,This one can take long exposures up to 30 minutes max with bulb mode.,PRESENT_X,CAMERA_3,39~68
188,10,CAMERA_3,"['CAMERA_1', 'CAMERA_3']","{'CAMERA_1': ['color'], 'CAMERA_2': [], 'CAMERA_3': ['effects', 'autofocus_points', 'weight', 'long_exposure', 'ISO']}",C_SILENT_OR_BACKCHANNEL,CAMERA_3,NONE,sounds good,PRESENT_X,CAMERA_3,S_INTRODUCES_FEATURE,CAMERA_3,ISO,This one has up to 3200 ISO with little noise.,PRESENT_X,CAMERA_3,13~45
188,11,NONE,"['CAMERA_1', 'CAMERA_3']","{'CAMERA_1': ['color'], 'CAMERA_2': [], 'CAMERA_3': ['effects', 'autofocus_points', 'weight', 'long_exposure', 'ISO']}",C_THANK_YOU,CAMERA_3,NONE,thank you for your help,PRESENT_X,CAMERA_3,S_THANK_YOU,CAMERA_3,NONE,thank you very much.,FACE_TO_FACE,NONE,
188,12,NONE,"['CAMERA_1', 'CAMERA_3']","{'CAMERA_1': ['color'], 'CAMERA_2': [], 'CAMERA_3': ['effects', 'autofocus_points', 'weight', 'long_exposure', 'ISO']}",C_LEAVES,DOOR,NONE,,FACE_TO_FACE,NONE,S_RETURNS_TO_COUNTER,SERVICE_COUNTER,NONE,,WAITING,NONE,
189,1,NONE,[],"{'CAMERA_1': [], 'CAMERA_2': [], 'CAMERA_3': []}",C_ENTERS,DOOR,NONE,,WAITING,NONE,S_NONE,SERVICE_COUNTER,NONE,,WAITING,NONE,
189,2,NONE,[],"{'CAMERA_1': [], 'CAMERA_2': [], 'CAMERA_3': []}",C_GREETS,MIDDLE,NONE,excuse me,WAITING,NONE,S_GREETS,MIDDLE,NONE,can I help you?,FACE_TO_FACE,NONE,
189,3,CAMERA_2,['CAMERA_2'],"{'CAMERA_1': [], 'CAMERA_2': [], 'CAMERA_3': []}",C_LOOKING_FOR_A_CAMERA,MIDDLE,NONE,I want a All Around camera I try to use my smartphone but the pictures don't come out so good,FACE_TO_FACE,NONE,S_INTRODUCES_CAMERA,CAMERA_2,,Let me show you this. Here we have the Fujifilm Lumix ILC Camera.,PRESENT_X,CAMERA_2,39~64
189,4,CAMERA_2,['CAMERA_2'],"{'CAMERA_1': [], 'CAMERA_2': ['price'], 'CAMERA_3': []}",C_SILENT_OR_BACKCHANNEL,CAMERA_2,NONE,ok,PRESENT_X,CAMERA_2,S_INTRODUCES_FEATURE,CAMERA_2,price,This one costs $768.,PRESENT_X,CAMERA_2,15~19
189,5,CAMERA_2,['CAMERA_2'],"{'CAMERA_1': [], 'CAMERA_2': ['price', 'sensor_size'], 'CAMERA_3': []}",C_SILENT_OR_BACKCHANNEL,CAMERA_2,NONE,oh I see this looks nice looks like and I like the color but what about the price this ,PRESENT_X,CAMERA_2,S_INTRODUCES_FEATURE,CAMERA_2,sensor_size,This one has a 1/2.33 inch sensor.,PRESENT_X,CAMERA_2,15~33
189,6,CAMERA_2,['CAMERA_2'],"{'CAMERA_1': [], 'CAMERA_2': ['price', 'sensor_size', 'camera_type'], 'CAMERA_3': []}",C_SILENT_OR_BACKCHANNEL,CAMERA_2,NONE,IC,PRESENT_X,CAMERA_2,S_INTRODUCES_FEATURE,CAMERA_2,camera_type,This is a digital single lens mirrorless camera.,PRESENT_X,CAMERA_2,10~40
189,7,NONE,['CAMERA_2'],"{'CAMERA_1': [], 'CAMERA_2': ['price', 'sensor_size', 'camera_type'], 'CAMERA_3': []}",C_THANK_YOU,CAMERA_2,NONE,ok thank you,PRESENT_X,CAMERA_2,S_THANK_YOU,CAMERA_2,NONE,thank you very much.,FACE_TO_FACE,NONE,
189,8,NONE,['CAMERA_2'],"{'CAMERA_1': [], 'CAMERA_2': ['price', 'sensor_size', 'camera_type'], 'CAMERA_3': []}",C_LEAVES,DOOR,NONE,,FACE_TO_FACE,NONE,S_RETURNS_TO_COUNTER,SERVICE_COUNTER,NONE,,WAITING,NONE,
190,1,NONE,[],"{'CAMERA_1': [], 'CAMERA_2': [], 'CAMERA_3': []}",C_ENTERS,DOOR,NONE,,WAITING,NONE,S_NONE,SERVICE_COUNTER,NONE,,WAITING,NONE,
190,2,NONE,[],"{'CAMERA_1': [], 'CAMERA_2': [], 'CAMERA_3': []}",C_WALKS_TO_CAMERA,CAMERA_3,NONE,,WAITING,NONE,S_GREETS,CAMERA_3,NONE,can I help you?,FACE_TO_FACE,NONE,
190,3,CAMERA_2,['CAMERA_2'],"{'CAMERA_1': [], 'CAMERA_2': [], 'CAMERA_3': []}",C_LOOKING_FOR_A_CAMERA,CAMERA_3,NONE,hi good afternoon I'm looking for a camera with very specific about the pictures,FACE_TO_FACE,NONE,S_INTRODUCES_CAMERA,CAMERA_2,,Let me show you this. Here we have the Fujifilm Lumix ILC Camera.,PRESENT_X,CAMERA_2,39~64
190,4,CAMERA_2,['CAMERA_2'],"{'CAMERA_1': [], 'CAMERA_2': ['autofocus_points'], 'CAMERA_3': []}",C_QUESTION_ABOUT_FEATURE,CAMERA_2,autofocus_points,how about the number of autofocus points it has,PRESENT_X,CAMERA_2,S_NOT_SURE,CAMERA_2,,I'm not really sure about that.,PRESENT_X,CAMERA_2,
190,5,CAMERA_2,['CAMERA_2'],"{'CAMERA_1': [], 'CAMERA_2': ['autofocus_points', 'resolution'], 'CAMERA_3': []}",C_QUESTION_ABOUT_FEATURE,CAMERA_2,resolution,and how many megapixels does it have,PRESENT_X,CAMERA_2,S_ANSWERS_QUESTION_ABOUT_FEATURE,CAMERA_2,resolution,This one has 23.8 megapixels resolution.,PRESENT_X,CAMERA_2,13~28
190,6,CAMERA_2,['CAMERA_2'],"{'CAMERA_1': [], 'CAMERA_2': ['autofocus_points', 'resolution', 'ISO'], 'CAMERA_3': []}",C_QUESTION_ABOUT_FEATURE,CAMERA_2,ISO,how hot is the iso guns,PRESENT_X,CAMERA_2,S_NOT_SURE,CAMERA_2,,I'm not really sure about that.,PRESENT_X,CAMERA_2,
190,7,NONE,['CAMERA_2'],"{'CAMERA_1': [], 'CAMERA_2': ['autofocus_points', 'resolution', 'ISO'], 'CAMERA_3': []}",C_THANK_YOU,CAMERA_2,NONE,you very much have a great day,PRESENT_X,CAMERA_2,S_THANK_YOU,CAMERA_2,NONE,thank you very much.,FACE_TO_FACE,NONE,
190,8,NONE,['CAMERA_2'],"{'CAMERA_1': [], 'CAMERA_2': ['autofocus_points', 'resolution', 'ISO'], 'CAMERA_3': []}",C_LEAVES,DOOR,NONE,,FACE_TO_FACE,NONE,S_RETURNS_TO_COUNTER,SERVICE_COUNTER,NONE,,WAITING,NONE,
191,1,NONE,[],"{'CAMERA_1': [], 'CAMERA_2': [], 'CAMERA_3': []}",C_ENTERS,DOOR,NONE,,WAITING,NONE,S_NONE,SERVICE_COUNTER,NONE,,WAITING,NONE,
191,2,NONE,[],"{'CAMERA_1': [], 'CAMERA_2': [], 'CAMERA_3': []}",C_WALKS_TO_CAMERA,CAMERA_1,NONE,,WAITING,NONE,S_GREETS,CAMERA_1,NONE,can I help you?,FACE_TO_FACE,NONE,
191,3,CAMERA_1,['CAMERA_1'],"{'CAMERA_1': [], 'CAMERA_2': [], 'CAMERA_3': []}",C_LOOKING_FOR_A_CAMERA,CAMERA_1,NONE,I'm looking for a camera with very specific pictures,FACE_TO_FACE,NONE,S_INTRODUCES_CAMERA,CAMERA_1,,Let me show you this. Here we have the Sony PowerShot ELPH DMC-ZS3.,PRESENT_X,CAMERA_1,39~66
191,4,CAMERA_1,['CAMERA_1'],"{'CAMERA_1': ['sensor_size'], 'CAMERA_2': [], 'CAMERA_3': []}",C_QUESTION_ABOUT_FEATURE,CAMERA_1,sensor_size,what is the sensor size like,PRESENT_X,CAMERA_1,S_ANSWERS_QUESTION_ABOUT_FEATURE,CAMERA_1,sensor_size,This one has a 1/2.3 inch CMOS sensor.,PRESENT_X,CAMERA_1,15~37
191,5,CAMERA_2,"['CAMERA_1', 'CAMERA_2']","{'CAMERA_1': ['sensor_size'], 'CAMERA_2': [], 'CAMERA_3': []}",C_ANYTHING_ELSE_AVAILABLE,CAMERA_1,NONE,ok do you have any other cameras,PRESENT_X,CAMERA_1,S_INTRODUCES_CAMERA,CAMERA_2,,Let me show you this. Here we have the Fujifilm Lumix ILC Camera.,PRESENT_X,CAMERA_2,39~64
191,6,CAMERA_2,"['CAMERA_1', 'CAMERA_2']","{'CAMERA_1': ['sensor_size'], 'CAMERA_2': ['price'], 'CAMERA_3': []}",C_SILENT_OR_BACKCHANNEL,CAMERA_2,NONE,IC,PRESENT_X,CAMERA_2,S_INTRODUCES_FEATURE,CAMERA_2,price,This one costs $768.,PRESENT_X,CAMERA_2,15~19
191,7,CAMERA_2,"['CAMERA_1', 'CAMERA_2']","{'CAMERA_1': ['sensor_size'], 'CAMERA_2': ['price', 'sensor_size'], 'CAMERA_3': []}",C_SILENT_OR_BACKCHANNEL,CAMERA_2,NONE,IC,PRESENT_X,CAMERA_2,S_INTRODUCES_FEATURE,CAMERA_2,sensor_size,This one has a 1/2.33 inch sensor.,PRESENT_X,CAMERA_2,15~33
191,8,NONE,"['CAMERA_1', 'CAMERA_2']","{'CAMERA_1': ['sensor_size'], 'CAMERA_2': ['price', 'sensor_size'], 'CAMERA_3': []}",C_THANK_YOU,CAMERA_2,NONE,ok thank you,PRESENT_X,CAMERA_2,S_THANK_YOU,CAMERA_2,NONE,thank you very much.,FACE_TO_FACE,NONE,
191,9,NONE,"['CAMERA_1', 'CAMERA_2']","{'CAMERA_1': ['sensor_size'], 'CAMERA_2': ['price', 'sensor_size'], 'CAMERA_3': []}",C_LEAVES,DOOR,NONE,,FACE_TO_FACE,NONE,S_RETURNS_TO_COUNTER,SERVICE_COUNTER,NONE,,WAITING,NONE,
192,1,NONE,[],"{'CAMERA_1': [], 'CAMERA_2': [], 'CAMERA_3': []}",C_ENTERS,DOOR,NONE,,WAITING,NONE,S_NONE,SERVICE_COUNTER,NONE,,WAITING,NONE,
192,2,NONE,[],"{'CAMERA_1': [], 'CAMERA_2': [], 'CAMERA_3': []}",C_WALKS_TO_CAMERA,CAMERA_3,NONE,,WAITING,NONE,S_GREETS,CAMERA_3,NONE,can I help you?,FACE_TO_FACE,NONE,
192,3,CAMERA_1,['CAMERA_1'],"{'CAMERA_1': [], 'CAMERA_2': [], 'CAMERA_3': []}",C_LOOKING_FOR_A_CAMERA,CAMERA_3,NONE,yes I'm looking for a camera for my photoshop my other camera broke and I need another one,FACE_TO_FACE,NONE,S_INTRODUCES_CAMERA,CAMERA_1,,Let me show you this. Here we have the Sony PowerShot ELPH DMC-ZS3.,PRESENT_X,CAMERA_1,39~66
192,4,CAMERA_1,['CAMERA_1'],"{'CAMERA_1': ['ISO'], 'CAMERA_2': [], 'CAMERA_3': []}",C_QUESTION_ABOUT_FEATURE,CAMERA_1,ISO,and how about the iso settings,PRESENT_X,CAMERA_1,S_ANSWERS_QUESTION_ABOUT_FEATURE,CAMERA_1,ISO,This one has up to 51200 ISO.,PRESENT_X,CAMERA_1,13~28
192,5,CAMERA_1,['CAMERA_1'],"{'CAMERA_1': ['ISO', 'price'], 'CAMERA_2': [], 'CAMERA_3': []}",C_QUESTION_ABOUT_FEATURE,CAMERA_1,price,I see and how much does this phone cost,PRESENT_X,CAMERA_1,S_ANSWERS_QUESTION_ABOUT_FEATURE,CAMERA_1,price,This one costs $450.,PRESENT_X,CAMERA_1,15~19
192,6,NONE,['CAMERA_1'],"{'CAMERA_1': ['ISO', 'price'], 'CAMERA_2': [], 'CAMERA_3': []}",C_THANK_YOU,CAMERA_1,NONE,thank you,PRESENT_X,CAMERA_1,S_THANK_YOU,CAMERA_1,NONE,thank you very much.,FACE_TO_FACE,NONE,
192,7,NONE,['CAMERA_1'],"{'CAMERA_1': ['ISO', 'price'], 'CAMERA_2': [], 'CAMERA_3': []}",C_LEAVES,DOOR,NONE,,FACE_TO_FACE,NONE,S_RETURNS_TO_COUNTER,SERVICE_COUNTER,NONE,,WAITING,NONE,
193,1,NONE,[],"{'CAMERA_1': [], 'CAMERA_2': [], 'CAMERA_3': []}",C_ENTERS,DOOR,NONE,,WAITING,NONE,S_NONE,SERVICE_COUNTER,NONE,,WAITING,NONE,
193,2,NONE,[],"{'CAMERA_1': [], 'CAMERA_2': [], 'CAMERA_3': []}",C_GREETS,MIDDLE,NONE,excuse me,WAITING,NONE,S_GREETS,MIDDLE,NONE,can I help you?,FACE_TO_FACE,NONE,
193,3,CAMERA_1,['CAMERA_1'],"{'CAMERA_1': [], 'CAMERA_2': [], 'CAMERA_3': []}",C_LOOKING_FOR_A_CAMERA,MIDDLE,NONE,hi good afternoon I'm looking to buy a new camera and I just needed to be a portable and easy to use ,FACE_TO_FACE,NONE,S_INTRODUCES_CAMERA,CAMERA_1,,Let me show you this. Here we have the Sony PowerShot ELPH DMC-ZS3.,PRESENT_X,CAMERA_1,39~66
193,4,CAMERA_1,['CAMERA_1'],"{'CAMERA_1': ['effects'], 'CAMERA_2': [], 'CAMERA_3': []}",C_QUESTION_ABOUT_FEATURE,CAMERA_1,effects,how many autistic affect much does a half,PRESENT_X,CAMERA_1,S_ANSWERS_QUESTION_ABOUT_FEATURE,CAMERA_1,effects,"This one has 24 glamor retouch effects (miniature, retro, toy camera, etc.).",PRESENT_X,CAMERA_1,13~75
193,5,CAMERA_1,['CAMERA_1'],"{'CAMERA_1': ['effects', 'optical_zoom'], 'CAMERA_2': [], 'CAMERA_3': []}",C_SILENT_OR_BACKCHANNEL,CAMERA_1,NONE,ok,PRESENT_X,CAMERA_1,S_INTRODUCES_FEATURE,CAMERA_1,optical_zoom,This one has 21x optical zoom.,PRESENT_X,CAMERA_1,13~29
193,6,CAMERA_1,['CAMERA_1'],"{'CAMERA_1': ['effects', 'optical_zoom', 'sensor_size'], 'CAMERA_2': [], 'CAMERA_3': []}",C_QUESTION_ABOUT_FEATURE,CAMERA_1,sensor_size,$100 affordable and I like the style of this camera,PRESENT_X,CAMERA_1,S_ANSWERS_QUESTION_ABOUT_FEATURE,CAMERA_1,sensor_size,This one has a 1/2.3 inch CMOS sensor.,PRESENT_X,CAMERA_1,15~37
193,7,CAMERA_1,['CAMERA_1'],"{'CAMERA_1': ['effects', 'optical_zoom', 'sensor_size', 'camera_type'], 'CAMERA_2': [], 'CAMERA_3': []}",C_QUESTION_ABOUT_FEATURE,CAMERA_1,camera_type,what kind of camera is this,PRESENT_X,CAMERA_1,S_ANSWERS_QUESTION_ABOUT_FEATURE,CAMERA_1,camera_type,This is a DSLR camera.,PRESENT_X,CAMERA_1,10~14
193,8,CAMERA_1,['CAMERA_1'],"{'CAMERA_1': ['effects', 'optical_zoom', 'sensor_size', 'camera_type', 'color'], 'CAMERA_2': [], 'CAMERA_3': []}",C_SILENT_OR_BACKCHANNEL,CAMERA_1,NONE,I say but yeah okay,PRESENT_X,CAMERA_1,S_INTRODUCES_FEATURE,CAMERA_1,color,This one comes in blue or black.,PRESENT_X,CAMERA_1,18~31
193,9,CAMERA_2,"['CAMERA_1', 'CAMERA_2']","{'CAMERA_1': ['effects', 'optical_zoom', 'sensor_size', 'camera_type', 'color'], 'CAMERA_2': [], 'CAMERA_3': []}",C_ANYTHING_ELSE_AVAILABLE,CAMERA_1,NONE,maybe did you have a another camera you recommend,PRESENT_X,CAMERA_1,S_INTRODUCES_CAMERA,CAMERA_2,,Let me show you this. Here we have the Fujifilm Lumix ILC Camera.,PRESENT_X,CAMERA_2,39~64
193,10,CAMERA_2,"['CAMERA_1', 'CAMERA_2']","{'CAMERA_1': ['effects', 'optical_zoom', 'sensor_size', 'camera_type', 'color'], 'CAMERA_2': ['resolution'], 'CAMERA_3': []}",C_QUESTION_ABOUT_FEATURE,CAMERA_2,resolution,what it what is mega pixels,PRESENT_X,CAMERA_2,S_ANSWERS_QUESTION_ABOUT_FEATURE,CAMERA_2,resolution,This one has 23.8 megapixels resolution.,PRESENT_X,CAMERA_2,13~28
193,11,CAMERA_2,"['CAMERA_1', 'CAMERA_2']","{'CAMERA_1': ['effects', 'optical_zoom', 'sensor_size', 'camera_type', 'color'], 'CAMERA_2': ['resolution', 'price'], 'CAMERA_3': []}",C_SILENT_OR_BACKCHANNEL,CAMERA_2,NONE,okay,PRESENT_X,CAMERA_2,S_INTRODUCES_FEATURE,CAMERA_2,price,This one costs $768.,PRESENT_X,CAMERA_2,15~19
193,12,CAMERA_2,"['CAMERA_1', 'CAMERA_2']","{'CAMERA_1': ['effects', 'optical_zoom', 'sensor_size', 'camera_type', 'color'], 'CAMERA_2': ['resolution', 'price', 'weight'], 'CAMERA_3': []}",C_SILENT_OR_BACKCHANNEL,CAMERA_2,NONE,ok let's see,PRESENT_X,CAMERA_2,S_INTRODUCES_FEATURE,CAMERA_2,weight,This one weighs 820 grams.,PRESENT_X,CAMERA_2,16~25
193,13,NONE,"['CAMERA_1', 'CAMERA_2']","{'CAMERA_1': ['effects', 'optical_zoom', 'sensor_size', 'camera_type', 'color'], 'CAMERA_2': ['resolution', 'price', 'weight'], 'CAMERA_3': []}",C_THANK_YOU,CAMERA_2,NONE,thank you very much,PRESENT_X,CAMERA_2,S_THANK_YOU,CAMERA_2,NONE,thank you very much.,FACE_TO_FACE,NONE,
193,14,NONE,"['CAMERA_1', 'CAMERA_2']","{'CAMERA_1': ['effects', 'optical_zoom', 'sensor_size', 'camera_type', 'color'], 'CAMERA_2': ['resolution', 'price', 'weight'], 'CAMERA_3': []}",C_LEAVES,DOOR,NONE,,FACE_TO_FACE,NONE,S_RETURNS_TO_COUNTER,SERVICE_COUNTER,NONE,,WAITING,NONE,
194,1,NONE,[],"{'CAMERA_1': [], 'CAMERA_2': [], 'CAMERA_3': []}",C_ENTERS,DOOR,NONE,,WAITING,NONE,S_NONE,SERVICE_COUNTER,NONE,,WAITING,NONE,
194,2,NONE,[],"{'CAMERA_1': [], 'CAMERA_2': [], 'CAMERA_3': []}",C_GREETS,MIDDLE,NONE,excuse me can you help me with this,WAITING,NONE,S_GREETS,MIDDLE,NONE,can I help you?,FACE_TO_FACE,NONE,
194,3,CAMERA_2,['CAMERA_2'],"{'CAMERA_1': [], 'CAMERA_2': [], 'CAMERA_3': []}",C_LOOKING_FOR_A_CAMERA,MIDDLE,NONE,I'm just looking around at the moment thanks,FACE_TO_FACE,NONE,S_INTRODUCES_CAMERA,CAMERA_2,,Let me show you this. Here we have the Fujifilm Lumix ILC Camera.,PRESENT_X,CAMERA_2,39~64
194,4,CAMERA_2,['CAMERA_2'],"{'CAMERA_1': [], 'CAMERA_2': ['color'], 'CAMERA_3': []}",C_QUESTION_ABOUT_FEATURE,CAMERA_2,color,what colors do you have in this,PRESENT_X,CAMERA_2,S_ANSWERS_QUESTION_ABOUT_FEATURE,CAMERA_2,color,This one comes in white or pink.,PRESENT_X,CAMERA_2,18~31
194,5,CAMERA_2,['CAMERA_2'],"{'CAMERA_1': [], 'CAMERA_2': ['color', 'weight'], 'CAMERA_3': []}",C_QUESTION_ABOUT_FEATURE,CAMERA_2,weight,how about the weight how is it,PRESENT_X,CAMERA_2,S_ANSWERS_QUESTION_ABOUT_FEATURE,CAMERA_2,weight,This one weighs 820 grams.,PRESENT_X,CAMERA_2,16~25
194,6,CAMERA_3,"['CAMERA_2', 'CAMERA_3']","{'CAMERA_1': [], 'CAMERA_2': ['color', 'weight'], 'CAMERA_3': []}",C_ANYTHING_ELSE_AVAILABLE,CAMERA_2,NONE,do you have any other cameras that are in this kind,PRESENT_X,CAMERA_2,S_INTRODUCES_CAMERA,CAMERA_3,,Let me show you this. Here we have the Fujifilm PowerShot ELPH S2800.,PRESENT_X,CAMERA_3,39~68
194,7,CAMERA_3,"['CAMERA_2', 'CAMERA_3']","{'CAMERA_1': [], 'CAMERA_2': ['color', 'weight'], 'CAMERA_3': ['weight']}",C_QUESTION_ABOUT_FEATURE,CAMERA_3,weight,it's heavy how much is it,PRESENT_X,CAMERA_3,S_ANSWERS_QUESTION_ABOUT_FEATURE,CAMERA_3,weight,This one weighs 820 grams.,PRESENT_X,CAMERA_3,16~25
194,8,CAMERA_3,"['CAMERA_2', 'CAMERA_3']","{'CAMERA_1': [], 'CAMERA_2': ['color', 'weight'], 'CAMERA_3': ['weight', 'settings']}",C_QUESTION_ABOUT_FEATURE,CAMERA_3,settings,what kind of settings does it have,PRESENT_X,CAMERA_3,S_ANSWERS_QUESTION_ABOUT_FEATURE,CAMERA_3,settings,"This one has manual control and various automatic settings (video modeburst shooting, etc.).",PRESENT_X,CAMERA_3,13~91
194,9,CAMERA_3,"['CAMERA_2', 'CAMERA_3']","{'CAMERA_1': [], 'CAMERA_2': ['color', 'weight'], 'CAMERA_3': ['weight', 'settings', 'color']}",C_QUESTION_ABOUT_FEATURE,CAMERA_3,color,does this thing on camera and they come in silver color,PRESENT_X,CAMERA_3,S_ANSWERS_QUESTION_ABOUT_FEATURE,CAMERA_3,color,"This one comes in purple, white, silver, blue, red, or pink.",PRESENT_X,CAMERA_3,18~59
194,10,CAMERA_3,"['CAMERA_2', 'CAMERA_3']","{'CAMERA_1': [], 'CAMERA_2': ['color', 'weight'], 'CAMERA_3': ['weight', 'settings', 'color', 'effects']}",C_SILENT_OR_BACKCHANNEL,CAMERA_3,NONE,IC,PRESENT_X,CAMERA_3,S_INTRODUCES_FEATURE,CAMERA_3,effects,"This one has 21 photo effects (small face, retro, big eyes, etc.).",PRESENT_X,CAMERA_3,13~65
194,11,CAMERA_3,"['CAMERA_2', 'CAMERA_3']","{'CAMERA_1': [], 'CAMERA_2': ['color', 'weight'], 'CAMERA_3': ['weight', 'settings', 'color', 'effects', 'autofocus_points']}",C_SILENT_OR_BACKCHANNEL,CAMERA_3,NONE,okay that sounds good,PRESENT_X,CAMERA_3,S_INTRODUCES_FEATURE,CAMERA_3,autofocus_points,This one has 214 autofocus points.,PRESENT_X,CAMERA_3,13~33
194,12,NONE,"['CAMERA_2', 'CAMERA_3']","{'CAMERA_1': [], 'CAMERA_2': ['color', 'weight'], 'CAMERA_3': ['weight', 'settings', 'color', 'effects', 'autofocus_points']}",C_THANK_YOU,CAMERA_3,NONE,that would be good thank you very much,PRESENT_X,CAMERA_3,S_THANK_YOU,CAMERA_3,NONE,thank you very much.,FACE_TO_FACE,NONE,
194,13,NONE,"['CAMERA_2', 'CAMERA_3']","{'CAMERA_1': [], 'CAMERA_2': ['color', 'weight'], 'CAMERA_3': ['weight', 'settings', 'color', 'effects', 'autofocus_points']}",C_LEAVES,DOOR,NONE,,FACE_TO_FACE,NONE,S_RETURNS_TO_COUNTER,SERVICE_COUNTER,NONE,,WAITING,NONE,
195,1,NONE,[],"{'CAMERA_1': [], 'CAMERA_2': [], 'CAMERA_3': []}",C_ENTERS,DOOR,NONE,,WAITING,NONE,S_NONE,SERVICE_COUNTER,NONE,,WAITING,NONE,
195,2,NONE,[],"{'CAMERA_1': [], 'CAMERA_2': [], 'CAMERA_3': []}",C_GREETS,MIDDLE,NONE,excuse me,WAITING,NONE,S_GREETS,MIDDLE,NONE,can I help you?,FACE_TO_FACE,NONE,
195,3,CAMERA_3,['CAMERA_3'],"{'CAMERA_1': [], 'CAMERA_2': [], 'CAMERA_3': []}",C_LOOKING_FOR_A_CAMERA,MIDDLE,NONE,I'm just browsing but just trying to find a camera but I don't know what camera is really good,FACE_TO_FACE,NONE,S_INTRODUCES_CAMERA,CAMERA_3,,Let me show you this. Here we have the Fujifilm PowerShot ELPH S2800.,PRESENT_X,CAMERA_3,39~68
195,4,CAMERA_3,['CAMERA_3'],"{'CAMERA_1': [], 'CAMERA_2': [], 'CAMERA_3': ['weight']}",C_SILENT_OR_BACKCHANNEL,CAMERA_3,NONE,sounds great how about the synthesized honest,PRESENT_X,CAMERA_3,S_INTRODUCES_FEATURE,CAMERA_3,weight,This one weighs 820 grams.,PRESENT_X,CAMERA_3,16~25
195,5,CAMERA_3,['CAMERA_3'],"{'CAMERA_1': [], 'CAMERA_2': [], 'CAMERA_3': ['weight', 'color']}",C_SILENT_OR_BACKCHANNEL,CAMERA_3,NONE,it looks like a good camera what this iso mean,PRESENT_X,CAMERA_3,S_INTRODUCES_FEATURE,CAMERA_3,color,"This one comes in purple, white, silver, blue, red, or pink.",PRESENT_X,CAMERA_3,18~59
195,6,CAMERA_3,['CAMERA_3'],"{'CAMERA_1': [], 'CAMERA_2': [], 'CAMERA_3': ['weight', 'color', 'sensor_size']}",C_SILENT_OR_BACKCHANNEL,CAMERA_3,NONE,IC,PRESENT_X,CAMERA_3,S_INTRODUCES_FEATURE,CAMERA_3,sensor_size,This one has a full frame.,PRESENT_X,CAMERA_3,15~25
195,7,CAMERA_3,['CAMERA_3'],"{'CAMERA_1': [], 'CAMERA_2': [], 'CAMERA_3': ['weight', 'color', 'sensor_size', 'resolution']}",C_SILENT_OR_BACKCHANNEL,CAMERA_3,NONE,let's see,PRESENT_X,CAMERA_3,S_INTRODUCES_FEATURE,CAMERA_3,resolution,This one has 23.2 megapixels resolution.,PRESENT_X,CAMERA_3,13~28
195,8,CAMERA_3,['CAMERA_3'],"{'CAMERA_1': [], 'CAMERA_2': [], 'CAMERA_3': ['weight', 'color', 'sensor_size', 'resolution', 'autofocus_points']}",C_SILENT_OR_BACKCHANNEL,CAMERA_3,NONE,yeah pretty good pocket size,PRESENT_X,CAMERA_3,S_INTRODUCES_FEATURE,CAMERA_3,autofocus_points,This one has 214 autofocus points.,PRESENT_X,CAMERA_3,13~33
195,9,CAMERA_3,['CAMERA_3'],"{'CAMERA_1': [], 'CAMERA_2': [], 'CAMERA_3': ['weight', 'color', 'sensor_size', 'resolution', 'autofocus_points', 'ISO']}",C_QUESTION_ABOUT_FEATURE,CAMERA_3,ISO,I see how high can the iso be,PRESENT_X,CAMERA_3,S_ANSWERS_QUESTION_ABOUT_FEATURE,CAMERA_3,ISO,This one has up to 3200 ISO with little noise.,PRESENT_X,CAMERA_3,13~45
195,10,NONE,['CAMERA_3'],"{'CAMERA_1': [], 'CAMERA_2': [], 'CAMERA_3': ['weight', 'color', 'sensor_size', 'resolution', 'autofocus_points', 'ISO']}",C_THANK_YOU,CAMERA_3,NONE,thank you,PRESENT_X,CAMERA_3,S_THANK_YOU,CAMERA_3,NONE,thank you very much.,FACE_TO_FACE,NONE,
195,11,NONE,['CAMERA_3'],"{'CAMERA_1': [], 'CAMERA_2': [], 'CAMERA_3': ['weight', 'color', 'sensor_size', 'resolution', 'autofocus_points', 'ISO']}",C_LEAVES,DOOR,NONE,,FACE_TO_FACE,NONE,S_RETURNS_TO_COUNTER,SERVICE_COUNTER,NONE,,WAITING,NONE,
196,1,NONE,[],"{'CAMERA_1': [], 'CAMERA_2': [], 'CAMERA_3': []}",C_ENTERS,DOOR,NONE,,WAITING,NONE,S_NONE,SERVICE_COUNTER,NONE,,WAITING,NONE,
196,2,NONE,[],"{'CAMERA_1': [], 'CAMERA_2': [], 'CAMERA_3': []}",C_GREETS,MIDDLE,NONE,I can you help,WAITING,NONE,S_GREETS,MIDDLE,NONE,can I help you?,FACE_TO_FACE,NONE,
196,3,CAMERA_1,['CAMERA_1'],"{'CAMERA_1': [], 'CAMERA_2': [], 'CAMERA_3': []}",C_LOOKING_FOR_A_CAMERA,MIDDLE,NONE,I'm just browsing but just trying to find a camera but I don't know what camera is really good,FACE_TO_FACE,NONE,S_INTRODUCES_CAMERA,CAMERA_1,,Let me show you this. Here we have the Sony PowerShot ELPH DMC-ZS3.,PRESENT_X,CAMERA_1,39~66
196,4,CAMERA_1,['CAMERA_1'],"{'CAMERA_1': ['resolution'], 'CAMERA_2': [], 'CAMERA_3': []}",C_SILENT_OR_BACKCHANNEL,CAMERA_1,NONE,let's see,PRESENT_X,CAMERA_1,S_INTRODUCES_FEATURE,CAMERA_1,resolution,This one has 17.8 megapixels resolution.,PRESENT_X,CAMERA_1,13~28
196,5,NONE,['CAMERA_1'],"{'CAMERA_1': ['resolution'], 'CAMERA_2': [], 'CAMERA_3': []}",C_THANK_YOU,CAMERA_1,NONE,I say ahh right thanks for your help I'll be back then,PRESENT_X,CAMERA_1,S_THANK_YOU,CAMERA_1,NONE,thank you very much.,FACE_TO_FACE,NONE,
196,6,NONE,['CAMERA_1'],"{'CAMERA_1': ['resolution'], 'CAMERA_2': [], 'CAMERA_3': []}",C_LEAVES,DOOR,NONE,,FACE_TO_FACE,NONE,S_RETURNS_TO_COUNTER,SERVICE_COUNTER,NONE,,WAITING,NONE,
197,1,NONE,[],"{'CAMERA_1': [], 'CAMERA_2': [], 'CAMERA_3': []}",C_ENTERS,DOOR,NONE,,WAITING,NONE,S_NONE,SERVICE_COUNTER,NONE,,WAITING,NONE,
197,2,NONE,[],"{'CAMERA_1': [], 'CAMERA_2': [], 'CAMERA_3': []}",C_WALKS_TO_CAMERA,CAMERA_3,NONE,,WAITING,NONE,S_GREETS,CAMERA_3,NONE,can I help you?,FACE_TO_FACE,NONE,
197,3,CAMERA_3,['CAMERA_3'],"{'CAMERA_1': [], 'CAMERA_2': [], 'CAMERA_3': []}",C_LOOKING_FOR_A_CAMERA,CAMERA_3,NONE,I'm just looking around,FACE_TO_FACE,NONE,S_INTRODUCES_CAMERA,CAMERA_3,,Let me show you this. Here we have the Fujifilm PowerShot ELPH S2800.,PRESENT_X,CAMERA_3,39~68
197,4,CAMERA_3,['CAMERA_3'],"{'CAMERA_1': [], 'CAMERA_2': [], 'CAMERA_3': ['preset_modes']}",C_QUESTION_ABOUT_FEATURE,CAMERA_3,preset_modes,does this camera support for preset mod,PRESENT_X,CAMERA_3,S_ANSWERS_QUESTION_ABOUT_FEATURE,CAMERA_3,preset_modes,This one has various preset modes.,PRESENT_X,CAMERA_3,13~33
197,5,CAMERA_3,['CAMERA_3'],"{'CAMERA_1': [], 'CAMERA_2': [], 'CAMERA_3': ['preset_modes', 'camera_type']}",C_QUESTION_ABOUT_FEATURE,CAMERA_3,camera_type,Is this a mirrorless camera?,PRESENT_X,CAMERA_3,S_ANSWERS_QUESTION_ABOUT_FEATURE,CAMERA_3,camera_type,This is a point and shoot camera.,PRESENT_X,CAMERA_3,10~25
197,6,CAMERA_3,['CAMERA_3'],"{'CAMERA_1': [], 'CAMERA_2': [], 'CAMERA_3': ['preset_modes', 'camera_type', 'effects']}",C_QUESTION_ABOUT_FEATURE,CAMERA_3,effects,can I use this artistic effect mode to smooth my skin,PRESENT_X,CAMERA_3,S_ANSWERS_QUESTION_ABOUT_FEATURE,CAMERA_3,effects,"This one has 21 photo effects (small face, retro, big eyes, etc.).",PRESENT_X,CAMERA_3,13~65
197,7,CAMERA_3,['CAMERA_3'],"{'CAMERA_1': [], 'CAMERA_2': [], 'CAMERA_3': ['preset_modes', 'camera_type', 'effects', 'settings']}",C_QUESTION_ABOUT_FEATURE,CAMERA_3,settings,on the manual settings,PRESENT_X,CAMERA_3,S_ANSWERS_QUESTION_ABOUT_FEATURE,CAMERA_3,settings,"This one has manual control and various automatic settings (video modeburst shooting, etc.).",PRESENT_X,CAMERA_3,13~91
197,8,CAMERA_3,['CAMERA_3'],"{'CAMERA_1': [], 'CAMERA_2': [], 'CAMERA_3': ['preset_modes', 'camera_type', 'effects', 'settings', 'autofocus_points']}",C_QUESTION_ABOUT_FEATURE,CAMERA_3,autofocus_points,and the autofocus points,PRESENT_X,CAMERA_3,S_ANSWERS_QUESTION_ABOUT_FEATURE,CAMERA_3,autofocus_points,This one has 214 autofocus points.,PRESENT_X,CAMERA_3,13~33
197,9,CAMERA_3,['CAMERA_3'],"{'CAMERA_1': [], 'CAMERA_2': [], 'CAMERA_3': ['preset_modes', 'camera_type', 'effects', 'settings', 'autofocus_points', 'weight']}",C_QUESTION_ABOUT_FEATURE,CAMERA_3,weight,this feels quite heavy how much does it weigh,PRESENT_X,CAMERA_3,S_ANSWERS_QUESTION_ABOUT_FEATURE,CAMERA_3,weight,This one weighs 820 grams.,PRESENT_X,CAMERA_3,16~25
197,10,CAMERA_3,['CAMERA_3'],"{'CAMERA_1': [], 'CAMERA_2': [], 'CAMERA_3': ['preset_modes', 'camera_type', 'effects', 'settings', 'autofocus_points', 'weight', 'sensor_size']}",C_QUESTION_ABOUT_FEATURE,CAMERA_3,sensor_size,and how big is it,PRESENT_X,CAMERA_3,S_ANSWERS_QUESTION_ABOUT_FEATURE,CAMERA_3,sensor_size,This one has a full frame.,PRESENT_X,CAMERA_3,15~25
197,11,CAMERA_3,['CAMERA_3'],"{'CAMERA_1': [], 'CAMERA_2': [], 'CAMERA_3': ['preset_modes', 'camera_type', 'effects', 'settings', 'autofocus_points', 'weight', 'sensor_size', 'ISO']}",C_QUESTION_ABOUT_FEATURE,CAMERA_3,ISO,sounds good how high does the iso go,PRESENT_X,CAMERA_3,S_ANSWERS_QUESTION_ABOUT_FEATURE,CAMERA_3,ISO,This one has up to 3200 ISO with little noise.,PRESENT_X,CAMERA_3,13~45
197,12,CAMERA_3,['CAMERA_3'],"{'CAMERA_1': [], 'CAMERA_2': [], 'CAMERA_3': ['preset_modes', 'camera_type', 'effects', 'settings', 'autofocus_points', 'weight', 'sensor_size', 'ISO', 'price']}",C_SILENT_OR_BACKCHANNEL,CAMERA_3,NONE,yeah ok,PRESENT_X,CAMERA_3,S_INTRODUCES_FEATURE,CAMERA_3,price,This one costs $518.,PRESENT_X,CAMERA_3,15~19
197,13,CAMERA_3,['CAMERA_3'],"{'CAMERA_1': [], 'CAMERA_2': [], 'CAMERA_3': ['preset_modes', 'camera_type', 'effects', 'settings', 'autofocus_points', 'weight', 'sensor_size', 'ISO', 'price', 'long_exposure']}",C_QUESTION_ABOUT_FEATURE,CAMERA_3,long_exposure,that's great and has a long exposure might as well,PRESENT_X,CAMERA_3,S_ANSWERS_QUESTION_ABOUT_FEATURE,CAMERA_3,long_exposure,This one can take long exposures up to 30 minutes max with bulb mode.,PRESENT_X,CAMERA_3,39~68
197,14,NONE,['CAMERA_3'],"{'CAMERA_1': [], 'CAMERA_2': [], 'CAMERA_3': ['preset_modes', 'camera_type', 'effects', 'settings', 'autofocus_points', 'weight', 'sensor_size', 'ISO', 'price', 'long_exposure']}",C_THANK_YOU,CAMERA_3,NONE,thank you thank you very much,PRESENT_X,CAMERA_3,S_THANK_YOU,CAMERA_3,NONE,thank you very much.,FACE_TO_FACE,NONE,
197,15,NONE,['CAMERA_3'],"{'CAMERA_1': [], 'CAMERA_2': [], 'CAMERA_3': ['preset_modes', 'camera_type', 'effects', 'settings', 'autofocus_points', 'weight', 'sensor_size', 'ISO', 'price', 'long_exposure']}",C_LEAVES,DOOR,NONE,,FACE_TO_FACE,NONE,S_RETURNS_TO_COUNTER,SERVICE_COUNTER,NONE,,WAITING,NONE,
198,1,NONE,[],"{'CAMERA_1': [], 'CAMERA_2': [], 'CAMERA_3': []}",C_ENTERS,DOOR,NONE,,WAITING,NONE,S_NONE,SERVICE_COUNTER,NONE,,WAITING,NONE,
198,2,NONE,[],"{'CAMERA_1': [], 'CAMERA_2': [], 'CAMERA_3': []}",C_WALKS_TO_CAMERA,CAMERA_1,NONE,,WAITING,NONE,S_GREETS,CAMERA_1,NONE,can I help you?,FACE_TO_FACE,NONE,
198,3,CAMERA_1,['CAMERA_1'],"{'CAMERA_1': [], 'CAMERA_2': [], 'CAMERA_3': []}",C_LOOKING_FOR_A_CAMERA,CAMERA_1,NONE,I'm just looking around at the moment thanks,FACE_TO_FACE,NONE,S_INTRODUCES_CAMERA,CAMERA_1,,Let me show you this. Here we have the Sony PowerShot ELPH DMC-ZS3.,PRESENT_X,CAMERA_1,39~66
198,4,CAMERA_1,['CAMERA_1'],"{'CAMERA_1': ['color'], 'CAMERA_2': [], 'CAMERA_3': []}",C_QUESTION_ABOUT_FEATURE,CAMERA_1,color,and it comes in different colors,PRESENT_X,CAMERA_1,S_ANSWERS_QUESTION_ABOUT_FEATURE,CAMERA_1,color,This one comes in blue or black.,PRESENT_X,CAMERA_1,18~31
198,5,CAMERA_1,['CAMERA_1'],"{'CAMERA_1': ['color', 'weight'], 'CAMERA_2': [], 'CAMERA_3': []}",C_QUESTION_ABOUT_FEATURE,CAMERA_1,weight,and what is the weight of the body of this tomorrow,PRESENT_X,CAMERA_1,S_ANSWERS_QUESTION_ABOUT_FEATURE,CAMERA_1,weight,This one weighs 800 grams.,PRESENT_X,CAMERA_1,16~25
198,6,CAMERA_1,['CAMERA_1'],"{'CAMERA_1': ['color', 'weight', 'autofocus_points'], 'CAMERA_2': [], 'CAMERA_3': []}",C_QUESTION_ABOUT_FEATURE,CAMERA_1,autofocus_points,how about this camera how many auto focus points does this have,PRESENT_X,CAMERA_1,S_ANSWERS_QUESTION_ABOUT_FEATURE,CAMERA_1,autofocus_points,This one has 135 autofocus points.,PRESENT_X,CAMERA_1,13~33
198,7,CAMERA_1,['CAMERA_1'],"{'CAMERA_1': ['color', 'weight', 'autofocus_points', 'ISO'], 'CAMERA_2': [], 'CAMERA_3': []}",C_QUESTION_ABOUT_FEATURE,CAMERA_1,ISO,I see and how far how much how high can you push the ISO,PRESENT_X,CAMERA_1,S_ANSWERS_QUESTION_ABOUT_FEATURE,CAMERA_1,ISO,This one has up to 51200 ISO.,PRESENT_X,CAMERA_1,13~28
198,8,CAMERA_1,['CAMERA_1'],"{'CAMERA_1': ['color', 'weight', 'autofocus_points', 'ISO', 'long_exposure'], 'CAMERA_2': [], 'CAMERA_3': []}",C_QUESTION_ABOUT_FEATURE,CAMERA_1,long_exposure,how about the exposure for this is it able to be exposed long,PRESENT_X,CAMERA_1,S_ANSWERS_QUESTION_ABOUT_FEATURE,CAMERA_1,long_exposure,This one can take long exposures up to up to 15 seconds with Long Shutter Mode.,PRESENT_X,CAMERA_1,39~78
198,9,CAMERA_1,['CAMERA_1'],"{'CAMERA_1': ['color', 'weight', 'autofocus_points', 'ISO', 'long_exposure', 'resolution'], 'CAMERA_2': [], 'CAMERA_3': []}",C_SILENT_OR_BACKCHANNEL,CAMERA_1,NONE,that's great do I have to worry about setting things manually,PRESENT_X,CAMERA_1,S_INTRODUCES_FEATURE,CAMERA_1,resolution,This one has 17.8 megapixels resolution.,PRESENT_X,CAMERA_1,13~28
198,10,NONE,['CAMERA_1'],"{'CAMERA_1': ['color', 'weight', 'autofocus_points', 'ISO', 'long_exposure', 'resolution'], 'CAMERA_2': [], 'CAMERA_3': []}",C_THANK_YOU,CAMERA_1,NONE,thank you,PRESENT_X,CAMERA_1,S_THANK_YOU,CAMERA_1,NONE,thank you very much.,FACE_TO_FACE,NONE,
198,11,NONE,['CAMERA_1'],"{'CAMERA_1': ['color', 'weight', 'autofocus_points', 'ISO', 'long_exposure', 'resolution'], 'CAMERA_2': [], 'CAMERA_3': []}",C_LEAVES,DOOR,NONE,,FACE_TO_FACE,NONE,S_RETURNS_TO_COUNTER,SERVICE_COUNTER,NONE,,WAITING,NONE,
199,1,NONE,[],"{'CAMERA_1': [], 'CAMERA_2': [], 'CAMERA_3': []}",C_ENTERS,DOOR,NONE,,WAITING,NONE,S_NONE,SERVICE_COUNTER,NONE,,WAITING,NONE,
199,2,NONE,[],"{'CAMERA_1': [], 'CAMERA_2': [], 'CAMERA_3': []}",C_GREETS,MIDDLE,NONE,good morning,WAITING,NONE,S_GREETS,MIDDLE,NONE,can I help you?,FACE_TO_FACE,NONE,
199,3,CAMERA_3,['CAMERA_3'],"{'CAMERA_1': [], 'CAMERA_2': [], 'CAMERA_3': []}",C_LOOKING_FOR_A_CAMERA,MIDDLE,NONE,I'm just looking around at the moment thanks,FACE_TO_FACE,NONE,S_INTRODUCES_CAMERA,CAMERA_3,,Let me show you this. Here we have the Fujifilm PowerShot ELPH S2800.,PRESENT_X,CAMERA_3,39~68
199,4,CAMERA_3,['CAMERA_3'],"{'CAMERA_1': [], 'CAMERA_2': [], 'CAMERA_3': ['resolution']}",C_QUESTION_ABOUT_FEATURE,CAMERA_3,resolution,how many megapixels does it have,PRESENT_X,CAMERA_3,S_ANSWERS_QUESTION_ABOUT_FEATURE,CAMERA_3,resolution,This one has 23.2 megapixels resolution.,PRESENT_X,CAMERA_3,13~28
199,5,CAMERA_3,['CAMERA_3'],"{'CAMERA_1': [], 'CAMERA_2': [], 'CAMERA_3': ['resolution', 'autofocus_points']}",C_QUESTION_ABOUT_FEATURE,CAMERA_3,autofocus_points,what about the auto focus points,PRESENT_X,CAMERA_3,S_ANSWERS_QUESTION_ABOUT_FEATURE,CAMERA_3,autofocus_points,This one has 214 autofocus points.,PRESENT_X,CAMERA_3,13~33
199,6,NONE,['CAMERA_3'],"{'CAMERA_1': [], 'CAMERA_2': [], 'CAMERA_3': ['resolution', 'autofocus_points']}",C_THANK_YOU,CAMERA_3,NONE,okay thank you very much,PRESENT_X,CAMERA_3,S_THANK_YOU,CAMERA_3,NONE,thank you very much.,FACE_TO_FACE,NONE,
199,7,NONE,['CAMERA_3'],"{'CAMERA_1': [], 'CAMERA_2': [], 'CAMERA_3': ['resolution', 'autofocus_points']}",C_LEAVES,DOOR,NONE,,FACE_TO_FACE,NONE,S_RETURNS_TO_COUNTER,SERVICE_COUNTER,NONE,,WAITING,NONE,
200,1,NONE,[],"{'CAMERA_1': [], 'CAMERA_2': [], 'CAMERA_3': []}",C_ENTERS,DOOR,NONE,,WAITING,NONE,S_NONE,SERVICE_COUNTER,NONE,,WAITING,NONE,
200,2,NONE,[],"{'CAMERA_1': [], 'CAMERA_2': [], 'CAMERA_3': []}",C_GREETS,MIDDLE,NONE,hello,WAITING,NONE,S_GREETS,MIDDLE,NONE,can I help you?,FACE_TO_FACE,NONE,
200,3,CAMERA_2,['CAMERA_2'],"{'CAMERA_1': [], 'CAMERA_2': [], 'CAMERA_3': []}",C_LOOKING_FOR_A_CAMERA,MIDDLE,NONE,I'm looking for a camera,FACE_TO_FACE,NONE,S_INTRODUCES_CAMERA,CAMERA_2,,Let me show you this. Here we have the Fujifilm Lumix ILC Camera.,PRESENT_X,CAMERA_2,39~64
200,4,CAMERA_2,['CAMERA_2'],"{'CAMERA_1': [], 'CAMERA_2': ['camera_type'], 'CAMERA_3': []}",C_QUESTION_ABOUT_FEATURE,CAMERA_2,camera_type,Is this a mirrorless camera?,PRESENT_X,CAMERA_2,S_ANSWERS_QUESTION_ABOUT_FEATURE,CAMERA_2,camera_type,This is a digital single lens mirrorless camera.,PRESENT_X,CAMERA_2,10~40
200,5,CAMERA_2,['CAMERA_2'],"{'CAMERA_1': [], 'CAMERA_2': ['camera_type', 'effects'], 'CAMERA_3': []}",C_SILENT_OR_BACKCHANNEL,CAMERA_2,NONE,alright,PRESENT_X,CAMERA_2,S_INTRODUCES_FEATURE,CAMERA_2,effects,"This one has 24 artistic effect modes (retro, lighter or darker skin tones, sepia, etc.).",PRESENT_X,CAMERA_2,13~88
200,6,CAMERA_2,['CAMERA_2'],"{'CAMERA_1': [], 'CAMERA_2': ['camera_type', 'effects', 'color'], 'CAMERA_3': []}",C_SILENT_OR_BACKCHANNEL,CAMERA_2,NONE,that sounds great what about the price,PRESENT_X,CAMERA_2,S_INTRODUCES_FEATURE,CAMERA_2,color,This one comes in white or pink.,PRESENT_X,CAMERA_2,18~31
200,7,CAMERA_2,['CAMERA_2'],"{'CAMERA_1': [], 'CAMERA_2': ['camera_type', 'effects', 'color', 'optical_zoom'], 'CAMERA_3': []}",C_SILENT_OR_BACKCHANNEL,CAMERA_2,NONE,okay interesting,PRESENT_X,CAMERA_2,S_INTRODUCES_FEATURE,CAMERA_2,optical_zoom,This one has 21x optical zoom.,PRESENT_X,CAMERA_2,13~29
200,8,CAMERA_1,"['CAMERA_2', 'CAMERA_1']","{'CAMERA_1': [], 'CAMERA_2': ['camera_type', 'effects', 'color', 'optical_zoom'], 'CAMERA_3': []}",C_ANYTHING_ELSE_AVAILABLE,CAMERA_2,NONE,ok do you have any other cameras,PRESENT_X,CAMERA_2,S_INTRODUCES_CAMERA,CAMERA_1,,Let me show you this. Here we have the Sony PowerShot ELPH DMC-ZS3.,PRESENT_X,CAMERA_1,39~66
200,9,CAMERA_1,"['CAMERA_2', 'CAMERA_1']","{'CAMERA_1': ['settings'], 'CAMERA_2': ['camera_type', 'effects', 'color', 'optical_zoom'], 'CAMERA_3': []}",C_QUESTION_ABOUT_FEATURE,CAMERA_1,settings,so I can just adjust the settings,PRESENT_X,CAMERA_1,S_ANSWERS_QUESTION_ABOUT_FEATURE,CAMERA_1,settings,This one has limited manual settings.,PRESENT_X,CAMERA_1,13~36
200,10,CAMERA_1,"['CAMERA_2', 'CAMERA_1']","{'CAMERA_1': ['settings', 'optical_zoom'], 'CAMERA_2': ['camera_type', 'effects', 'color', 'optical_zoom'], 'CAMERA_3': []}",C_QUESTION_ABOUT_FEATURE,CAMERA_1,optical_zoom,how good is it for the optical zoom ,PRESENT_X,CAMERA_1,S_ANSWERS_QUESTION_ABOUT_FEATURE,CAMERA_1,optical_zoom,This one has 21x optical zoom.,PRESENT_X,CAMERA_1,13~29
200,11,CAMERA_1,"['CAMERA_2', 'CAMERA_1']","{'CAMERA_1': ['settings', 'optical_zoom', 'autofocus_points'], 'CAMERA_2': ['camera_type', 'effects', 'color', 'optical_zoom'], 'CAMERA_3': []}",C_QUESTION_ABOUT_FEATURE,CAMERA_1,autofocus_points,how many autofocus points does it out,PRESENT_X,CAMERA_1,S_ANSWERS_QUESTION_ABOUT_FEATURE,CAMERA_1,autofocus_points,This one has 135 autofocus points.,PRESENT_X,CAMERA_1,13~33
200,12,CAMERA_1,"['CAMERA_2', 'CAMERA_1']","{'CAMERA_1': ['settings', 'optical_zoom', 'autofocus_points', 'resolution'], 'CAMERA_2': ['camera_type', 'effects', 'color', 'optical_zoom'], 'CAMERA_3': []}",C_SILENT_OR_BACKCHANNEL,CAMERA_1,NONE,IC,PRESENT_X,CAMERA_1,S_INTRODUCES_FEATURE,CAMERA_1,resolution,This one has 17.8 megapixels resolution.,PRESENT_X,CAMERA_1,13~28
200,13,CAMERA_3,"['CAMERA_2', 'CAMERA_1', 'CAMERA_3']","{'CAMERA_1': ['settings', 'optical_zoom', 'autofocus_points', 'resolution'], 'CAMERA_2': ['camera_type', 'effects', 'color', 'optical_zoom'], 'CAMERA_3': []}",C_ANYTHING_ELSE_AVAILABLE,CAMERA_1,NONE,ok do you have any other cameras that can just look at,PRESENT_X,CAMERA_1,S_INTRODUCES_CAMERA,CAMERA_3,,Let me show you this. Here we have the Fujifilm PowerShot ELPH S2800.,PRESENT_X,CAMERA_3,39~68
200,14,CAMERA_3,"['CAMERA_2', 'CAMERA_1', 'CAMERA_3']","{'CAMERA_1': ['settings', 'optical_zoom', 'autofocus_points', 'resolution'], 'CAMERA_2': ['camera_type', 'effects', 'color', 'optical_zoom'], 'CAMERA_3': ['sensor_size']}",C_SILENT_OR_BACKCHANNEL,CAMERA_3,NONE,okay good,PRESENT_X,CAMERA_3,S_INTRODUCES_FEATURE,CAMERA_3,sensor_size,This one has a full frame.,PRESENT_X,CAMERA_3,15~25
200,15,CAMERA_3,"['CAMERA_2', 'CAMERA_1', 'CAMERA_3']","{'CAMERA_1': ['settings', 'optical_zoom', 'autofocus_points', 'resolution'], 'CAMERA_2': ['camera_type', 'effects', 'color', 'optical_zoom'], 'CAMERA_3': ['sensor_size', 'effects']}",C_QUESTION_ABOUT_FEATURE,CAMERA_3,effects,Anakin explain this artistic effect my place,PRESENT_X,CAMERA_3,S_ANSWERS_QUESTION_ABOUT_FEATURE,CAMERA_3,effects,"This one has 21 photo effects (small face, retro, big eyes, etc.).",PRESENT_X,CAMERA_3,13~65
200,16,CAMERA_3,"['CAMERA_2', 'CAMERA_1', 'CAMERA_3']","{'CAMERA_1': ['settings', 'optical_zoom', 'autofocus_points', 'resolution'], 'CAMERA_2': ['camera_type', 'effects', 'color', 'optical_zoom'], 'CAMERA_3': ['sensor_size', 'effects', 'price']}",C_SILENT_OR_BACKCHANNEL,CAMERA_3,NONE,ok,PRESENT_X,CAMERA_3,S_INTRODUCES_FEATURE,CAMERA_3,price,This one costs $518.,PRESENT_X,CAMERA_3,15~19
200,17,NONE,"['CAMERA_2', 'CAMERA_1', 'CAMERA_3']","{'CAMERA_1': ['settings', 'optical_zoom', 'autofocus_points', 'resolution'], 'CAMERA_2': ['camera_type', 'effects', 'color', 'optical_zoom'], 'CAMERA_3': ['sensor_size', 'effects', 'price']}",C_THANK_YOU,CAMERA_3,NONE,thanks,PRESENT_X,CAMERA_3,S_THANK_YOU,CAMERA_3,NONE,thank you very much.,FACE_TO_FACE,NONE,
200,18,NONE,"['CAMERA_2', 'CAMERA_1', 'CAMERA_3']","{'CAMERA_1': ['settings', 'optical_zoom', 'autofocus_points', 'resolution'], 'CAMERA_2': ['camera_type', 'effects', 'color', 'optical_zoom'], 'CAMERA_3': ['sensor_size', 'effects', 'price']}",C_LEAVES,DOOR,NONE,,FACE_TO_FACE,NONE,S_RETURNS_TO_COUNTER,SERVICE_COUNTER,NONE,,WAITING,NONE,
201,1,NONE,[],"{'CAMERA_1': [], 'CAMERA_2': [], 'CAMERA_3': []}",C_ENTERS,DOOR,NONE,,WAITING,NONE,S_NONE,SERVICE_COUNTER,NONE,,WAITING,NONE,
201,2,NONE,[],"{'CAMERA_1': [], 'CAMERA_2': [], 'CAMERA_3': []}",C_GREETS,MIDDLE,NONE,excuse me,WAITING,NONE,S_GREETS,MIDDLE,NONE,can I help you?,FACE_TO_FACE,NONE,
201,3,CAMERA_2,['CAMERA_2'],"{'CAMERA_1': [], 'CAMERA_2': [], 'CAMERA_3': []}",C_LOOKING_FOR_A_CAMERA,MIDDLE,NONE,will I like to buy a camera but I'm not sure which one,FACE_TO_FACE,NONE,S_INTRODUCES_CAMERA,CAMERA_2,,Let me show you this. Here we have the Fujifilm Lumix ILC Camera.,PRESENT_X,CAMERA_2,39~64
201,4,CAMERA_2,['CAMERA_2'],"{'CAMERA_1': [], 'CAMERA_2': ['weight'], 'CAMERA_3': []}",C_QUESTION_ABOUT_FEATURE,CAMERA_2,weight,ok ok what about the wait is it heavy,PRESENT_X,CAMERA_2,S_ANSWERS_QUESTION_ABOUT_FEATURE,CAMERA_2,weight,This one weighs 820 grams.,PRESENT_X,CAMERA_2,16~25
201,5,CAMERA_2,['CAMERA_2'],"{'CAMERA_1': [], 'CAMERA_2': ['weight', 'settings'], 'CAMERA_3': []}",C_QUESTION_ABOUT_FEATURE,CAMERA_2,settings,how much Freedom do I get when using this camera,PRESENT_X,CAMERA_2,S_ANSWERS_QUESTION_ABOUT_FEATURE,CAMERA_2,settings,"This one has manual control and various automatic settings (video modeburst shooting, etc.).",PRESENT_X,CAMERA_2,13~91
201,6,NONE,['CAMERA_2'],"{'CAMERA_1': [], 'CAMERA_2': ['weight', 'settings'], 'CAMERA_3': []}",C_THANK_YOU,CAMERA_2,NONE,you okay thank you very much for your help have a good afternoon,PRESENT_X,CAMERA_2,S_THANK_YOU,CAMERA_2,NONE,thank you very much.,FACE_TO_FACE,NONE,
201,7,NONE,['CAMERA_2'],"{'CAMERA_1': [], 'CAMERA_2': ['weight', 'settings'], 'CAMERA_3': []}",C_LEAVES,DOOR,NONE,,FACE_TO_FACE,NONE,S_RETURNS_TO_COUNTER,SERVICE_COUNTER,NONE,,WAITING,NONE,
202,1,NONE,[],"{'CAMERA_1': [], 'CAMERA_2': [], 'CAMERA_3': []}",C_ENTERS,DOOR,NONE,,WAITING,NONE,S_NONE,SERVICE_COUNTER,NONE,,WAITING,NONE,
202,2,NONE,[],"{'CAMERA_1': [], 'CAMERA_2': [], 'CAMERA_3': []}",C_GREETS,MIDDLE,NONE,excuse me,WAITING,NONE,S_GREETS,MIDDLE,NONE,can I help you?,FACE_TO_FACE,NONE,
202,3,CAMERA_2,['CAMERA_2'],"{'CAMERA_1': [], 'CAMERA_2': [], 'CAMERA_3': []}",C_LOOKING_FOR_A_CAMERA,MIDDLE,NONE,on looking for a camera for my best friend but I'm looking for something cheap,FACE_TO_FACE,NONE,S_INTRODUCES_CAMERA,CAMERA_2,,Let me show you this. Here we have the Fujifilm Lumix ILC Camera.,PRESENT_X,CAMERA_2,39~64
202,4,CAMERA_2,['CAMERA_2'],"{'CAMERA_1': [], 'CAMERA_2': ['weight'], 'CAMERA_3': []}",C_QUESTION_ABOUT_FEATURE,CAMERA_2,weight,ok ok what about the wait is it heavy,PRESENT_X,CAMERA_2,S_ANSWERS_QUESTION_ABOUT_FEATURE,CAMERA_2,weight,This one weighs 820 grams.,PRESENT_X,CAMERA_2,16~25
202,5,CAMERA_2,['CAMERA_2'],"{'CAMERA_1': [], 'CAMERA_2': ['weight', 'ISO'], 'CAMERA_3': []}",C_QUESTION_ABOUT_FEATURE,CAMERA_2,ISO,how is the iso performance,PRESENT_X,CAMERA_2,S_NOT_SURE,CAMERA_2,,I'm not really sure about that.,PRESENT_X,CAMERA_2,
202,6,CAMERA_2,['CAMERA_2'],"{'CAMERA_1': [], 'CAMERA_2': ['weight', 'ISO', 'resolution'], 'CAMERA_3': []}",C_QUESTION_ABOUT_FEATURE,CAMERA_2,resolution,I said he's got the glamour of a touch affect what what does that mean,PRESENT_X,CAMERA_2,S_ANSWERS_QUESTION_ABOUT_FEATURE,CAMERA_2,resolution,This one has 23.8 megapixels resolution.,PRESENT_X,CAMERA_2,13~28
202,7,CAMERA_2,['CAMERA_2'],"{'CAMERA_1': [], 'CAMERA_2': ['weight', 'ISO', 'resolution', 'settings'], 'CAMERA_3': []}",C_QUESTION_ABOUT_FEATURE,CAMERA_2,settings,does it comes with manual settings,PRESENT_X,CAMERA_2,S_ANSWERS_QUESTION_ABOUT_FEATURE,CAMERA_2,settings,"This one has manual control and various automatic settings (video modeburst shooting, etc.).",PRESENT_X,CAMERA_2,13~91
202,8,CAMERA_2,['CAMERA_2'],"{'CAMERA_1': [], 'CAMERA_2': ['weight', 'ISO', 'resolution', 'settings', 'camera_type'], 'CAMERA_3': []}",C_QUESTION_ABOUT_FEATURE,CAMERA_2,camera_type,is this a point and shoot camera,PRESENT_X,CAMERA_2,S_ANSWERS_QUESTION_ABOUT_FEATURE,CAMERA_2,camera_type,This is a digital single lens mirrorless camera.,PRESENT_X,CAMERA_2,10~40
202,9,NONE,['CAMERA_2'],"{'CAMERA_1': [], 'CAMERA_2': ['weight', 'ISO', 'resolution', 'settings', 'camera_type'], 'CAMERA_3': []}",C_THANK_YOU,CAMERA_2,NONE,thank you,PRESENT_X,CAMERA_2,S_THANK_YOU,CAMERA_2,NONE,thank you very much.,FACE_TO_FACE,NONE,
202,10,NONE,['CAMERA_2'],"{'CAMERA_1': [], 'CAMERA_2': ['weight', 'ISO', 'resolution', 'settings', 'camera_type'], 'CAMERA_3': []}",C_LEAVES,DOOR,NONE,,FACE_TO_FACE,NONE,S_RETURNS_TO_COUNTER,SERVICE_COUNTER,NONE,,WAITING,NONE,
203,1,NONE,[],"{'CAMERA_1': [], 'CAMERA_2': [], 'CAMERA_3': []}",C_ENTERS,DOOR,NONE,,WAITING,NONE,S_NONE,SERVICE_COUNTER,NONE,,WAITING,NONE,
203,2,NONE,[],"{'CAMERA_1': [], 'CAMERA_2': [], 'CAMERA_3': []}",C_WALKS_TO_CAMERA,CAMERA_1,NONE,,WAITING,NONE,S_GREETS,CAMERA_1,NONE,can I help you?,FACE_TO_FACE,NONE,
203,3,CAMERA_2,['CAMERA_2'],"{'CAMERA_1': [], 'CAMERA_2': [], 'CAMERA_3': []}",C_LOOKING_FOR_A_CAMERA,CAMERA_1,NONE,I'm looking for camera so I can take good shots on when I go travelling I miss you very interested in photography so do you recommend this camera,FACE_TO_FACE,NONE,S_INTRODUCES_CAMERA,CAMERA_2,,Let me show you this. Here we have the Fujifilm Lumix ILC Camera.,PRESENT_X,CAMERA_2,39~64
203,4,CAMERA_2,['CAMERA_2'],"{'CAMERA_1': [], 'CAMERA_2': ['price'], 'CAMERA_3': []}",C_QUESTION_ABOUT_FEATURE,CAMERA_2,price,seems like a good camera how much is this one,PRESENT_X,CAMERA_2,S_ANSWERS_QUESTION_ABOUT_FEATURE,CAMERA_2,price,This one costs $768.,PRESENT_X,CAMERA_2,15~19
203,5,CAMERA_2,['CAMERA_2'],"{'CAMERA_1': [], 'CAMERA_2': ['price', 'long_exposure'], 'CAMERA_3': []}",C_SILENT_OR_BACKCHANNEL,CAMERA_2,NONE,oh wow this is awesome all God,PRESENT_X,CAMERA_2,S_INTRODUCES_FEATURE,CAMERA_2,long_exposure,This one can take long exposures up to 60 minutes max with bulb mode.,PRESENT_X,CAMERA_2,39~68
203,6,NONE,['CAMERA_2'],"{'CAMERA_1': [], 'CAMERA_2': ['price', 'long_exposure'], 'CAMERA_3': []}",C_THANK_YOU,CAMERA_2,NONE,let me consider thank you,PRESENT_X,CAMERA_2,S_THANK_YOU,CAMERA_2,NONE,thank you very much.,FACE_TO_FACE,NONE,
203,7,NONE,['CAMERA_2'],"{'CAMERA_1': [], 'CAMERA_2': ['price', 'long_exposure'], 'CAMERA_3': []}",C_LEAVES,DOOR,NONE,,FACE_TO_FACE,NONE,S_RETURNS_TO_COUNTER,SERVICE_COUNTER,NONE,,WAITING,NONE,
204,1,NONE,[],"{'CAMERA_1': [], 'CAMERA_2': [], 'CAMERA_3': []}",C_ENTERS,DOOR,NONE,,WAITING,NONE,S_NONE,SERVICE_COUNTER,NONE,,WAITING,NONE,
204,2,NONE,[],"{'CAMERA_1': [], 'CAMERA_2': [], 'CAMERA_3': []}",C_GREETS,MIDDLE,NONE,Excuse me is this the DSi that you mention earlier,WAITING,NONE,S_GREETS,MIDDLE,NONE,can I help you?,FACE_TO_FACE,NONE,
204,3,CAMERA_3,['CAMERA_3'],"{'CAMERA_1': [], 'CAMERA_2': [], 'CAMERA_3': []}",C_LOOKING_FOR_A_CAMERA,MIDDLE,NONE,I'm just looking around,FACE_TO_FACE,NONE,S_INTRODUCES_CAMERA,CAMERA_3,,Let me show you this. Here we have the Fujifilm PowerShot ELPH S2800.,PRESENT_X,CAMERA_3,39~68
204,4,CAMERA_3,['CAMERA_3'],"{'CAMERA_1': [], 'CAMERA_2': [], 'CAMERA_3': ['price']}",C_SILENT_OR_BACKCHANNEL,CAMERA_3,NONE,yeah,PRESENT_X,CAMERA_3,S_INTRODUCES_FEATURE,CAMERA_3,price,This one costs $518.,PRESENT_X,CAMERA_3,15~19
204,5,CAMERA_3,['CAMERA_3'],"{'CAMERA_1': [], 'CAMERA_2': [], 'CAMERA_3': ['price', 'weight']}",C_QUESTION_ABOUT_FEATURE,CAMERA_3,weight,okay and what's the weight,PRESENT_X,CAMERA_3,S_ANSWERS_QUESTION_ABOUT_FEATURE,CAMERA_3,weight,This one weighs 820 grams.,PRESENT_X,CAMERA_3,16~25
204,6,CAMERA_3,['CAMERA_3'],"{'CAMERA_1': [], 'CAMERA_2': [], 'CAMERA_3': ['price', 'weight', 'long_exposure']}",C_QUESTION_ABOUT_FEATURE,CAMERA_3,long_exposure,and how about its exposure,PRESENT_X,CAMERA_3,S_ANSWERS_QUESTION_ABOUT_FEATURE,CAMERA_3,long_exposure,This one can take long exposures up to 30 minutes max with bulb mode.,PRESENT_X,CAMERA_3,39~68
204,7,CAMERA_3,['CAMERA_3'],"{'CAMERA_1': [], 'CAMERA_2': [], 'CAMERA_3': ['price', 'weight', 'long_exposure', 'preset_modes']}",C_QUESTION_ABOUT_FEATURE,CAMERA_3,preset_modes,Does this support for does mode,PRESENT_X,CAMERA_3,S_ANSWERS_QUESTION_ABOUT_FEATURE,CAMERA_3,preset_modes,This one has various preset modes.,PRESENT_X,CAMERA_3,13~33
204,8,CAMERA_3,['CAMERA_3'],"{'CAMERA_1': [], 'CAMERA_2': [], 'CAMERA_3': ['price', 'weight', 'long_exposure', 'preset_modes', 'sensor_size']}",C_QUESTION_ABOUT_FEATURE,CAMERA_3,sensor_size,ok what about the sensor size,PRESENT_X,CAMERA_3,S_ANSWERS_QUESTION_ABOUT_FEATURE,CAMERA_3,sensor_size,This one has a full frame.,PRESENT_X,CAMERA_3,15~25
204,9,CAMERA_3,['CAMERA_3'],"{'CAMERA_1': [], 'CAMERA_2': [], 'CAMERA_3': ['price', 'weight', 'long_exposure', 'preset_modes', 'sensor_size', 'autofocus_points']}",C_QUESTION_ABOUT_FEATURE,CAMERA_3,autofocus_points,Lucinda how does the auto focus points can pass the ball to,PRESENT_X,CAMERA_3,S_ANSWERS_QUESTION_ABOUT_FEATURE,CAMERA_3,autofocus_points,This one has 214 autofocus points.,PRESENT_X,CAMERA_3,13~33
204,10,CAMERA_3,['CAMERA_3'],"{'CAMERA_1': [], 'CAMERA_2': [], 'CAMERA_3': ['price', 'weight', 'long_exposure', 'preset_modes', 'sensor_size', 'autofocus_points', 'color']}",C_QUESTION_ABOUT_FEATURE,CAMERA_3,color,so this is come in gold,PRESENT_X,CAMERA_3,S_ANSWERS_QUESTION_ABOUT_FEATURE,CAMERA_3,color,"This one comes in purple, white, silver, blue, red, or pink.",PRESENT_X,CAMERA_3,18~59
204,11,CAMERA_3,['CAMERA_3'],"{'CAMERA_1': [], 'CAMERA_2': [], 'CAMERA_3': ['price', 'weight', 'long_exposure', 'preset_modes', 'sensor_size', 'autofocus_points', 'color', 'ISO']}",C_QUESTION_ABOUT_FEATURE,CAMERA_3,ISO,what about the iso how good it is,PRESENT_X,CAMERA_3,S_ANSWERS_QUESTION_ABOUT_FEATURE,CAMERA_3,ISO,This one has up to 3200 ISO with little noise.,PRESENT_X,CAMERA_3,13~45
204,12,CAMERA_3,['CAMERA_3'],"{'CAMERA_1': [], 'CAMERA_2': [], 'CAMERA_3': ['price', 'weight', 'long_exposure', 'preset_modes', 'sensor_size', 'autofocus_points', 'color', 'ISO', 'resolution']}",C_QUESTION_ABOUT_FEATURE,CAMERA_3,resolution,how many megapixels does this camera have,PRESENT_X,CAMERA_3,S_ANSWERS_QUESTION_ABOUT_FEATURE,CAMERA_3,resolution,This one has 23.2 megapixels resolution.,PRESENT_X,CAMERA_3,13~28
204,13,CAMERA_3,['CAMERA_3'],"{'CAMERA_1': [], 'CAMERA_2': [], 'CAMERA_3': ['price', 'weight', 'long_exposure', 'preset_modes', 'sensor_size', 'autofocus_points', 'color', 'ISO', 'resolution', 'effects']}",C_SILENT_OR_BACKCHANNEL,CAMERA_3,NONE,yeah ok,PRESENT_X,CAMERA_3,S_INTRODUCES_FEATURE,CAMERA_3,effects,"This one has 21 photo effects (small face, retro, big eyes, etc.).",PRESENT_X,CAMERA_3,13~65
204,14,NONE,['CAMERA_3'],"{'CAMERA_1': [], 'CAMERA_2': [], 'CAMERA_3': ['price', 'weight', 'long_exposure', 'preset_modes', 'sensor_size', 'autofocus_points', 'color', 'ISO', 'resolution', 'effects']}",C_THANK_YOU,CAMERA_3,NONE,okay I'll think about it then thank you very much,PRESENT_X,CAMERA_3,S_THANK_YOU,CAMERA_3,NONE,thank you very much.,FACE_TO_FACE,NONE,
204,15,NONE,['CAMERA_3'],"{'CAMERA_1': [], 'CAMERA_2': [], 'CAMERA_3': ['price', 'weight', 'long_exposure', 'preset_modes', 'sensor_size', 'autofocus_points', 'color', 'ISO', 'resolution', 'effects']}",C_LEAVES,DOOR,NONE,,FACE_TO_FACE,NONE,S_RETURNS_TO_COUNTER,SERVICE_COUNTER,NONE,,WAITING,NONE,
205,1,NONE,[],"{'CAMERA_1': [], 'CAMERA_2': [], 'CAMERA_3': []}",C_ENTERS,DOOR,NONE,,WAITING,NONE,S_NONE,SERVICE_COUNTER,NONE,,WAITING,NONE,
205,2,NONE,[],"{'CAMERA_1': [], 'CAMERA_2': [], 'CAMERA_3': []}",C_GREETS,MIDDLE,NONE,excuse me,WAITING,NONE,S_GREETS,MIDDLE,NONE,can I help you?,FACE_TO_FACE,NONE,
205,3,CAMERA_3,['CAMERA_3'],"{'CAMERA_1': [], 'CAMERA_2': [], 'CAMERA_3': []}",C_LOOKING_FOR_A_CAMERA,MIDDLE,NONE,hey I'm looking for a compact camera,FACE_TO_FACE,NONE,S_INTRODUCES_CAMERA,CAMERA_3,,Let me show you this. Here we have the Fujifilm PowerShot ELPH S2800.,PRESENT_X,CAMERA_3,39~68
205,4,CAMERA_3,['CAMERA_3'],"{'CAMERA_1': [], 'CAMERA_2': [], 'CAMERA_3': ['price']}",C_SILENT_OR_BACKCHANNEL,CAMERA_3,NONE,that's not bad,PRESENT_X,CAMERA_3,S_INTRODUCES_FEATURE,CAMERA_3,price,This one costs $518.,PRESENT_X,CAMERA_3,15~19
205,5,NONE,['CAMERA_3'],"{'CAMERA_1': [], 'CAMERA_2': [], 'CAMERA_3': ['price']}",C_THANK_YOU,CAMERA_3,NONE,thank you very much for your time I'll see you again hopefully,PRESENT_X,CAMERA_3,S_THANK_YOU,CAMERA_3,NONE,thank you very much.,FACE_TO_FACE,NONE,
205,6,NONE,['CAMERA_3'],"{'CAMERA_1': [], 'CAMERA_2': [], 'CAMERA_3': ['price']}",C_LEAVES,DOOR,NONE,,FACE_TO_FACE,NONE,S_RETURNS_TO_COUNTER,SERVICE_COUNTER,NONE,,WAITING,NONE,
206,1,NONE,[],"{'CAMERA_1': [], 'CAMERA_2': [], 'CAMERA_3': []}",C_ENTERS,DOOR,NONE,,WAITING,NONE,S_NONE,SERVICE_COUNTER,NONE,,WAITING,NONE,
206,2,NONE,[],"{'CAMERA_1': [], 'CAMERA_2': [], 'CAMERA_3': []}",C_WALKS_TO_CAMERA,CAMERA_1,NONE,,WAITING,NONE,S_GREETS,CAMERA_1,NONE,can I help you?,FACE_TO_FACE,NONE,
206,3,CAMERA_2,['CAMERA_2'],"{'CAMERA_1': [], 'CAMERA_2': [], 'CAMERA_3': []}",C_LOOKING_FOR_A_CAMERA,CAMERA_1,NONE,I'm looking to buy a new camera,FACE_TO_FACE,NONE,S_INTRODUCES_CAMERA,CAMERA_2,,Let me show you this. Here we have the Fujifilm Lumix ILC Camera.,PRESENT_X,CAMERA_2,39~64
206,4,CAMERA_2,['CAMERA_2'],"{'CAMERA_1': [], 'CAMERA_2': ['optical_zoom'], 'CAMERA_3': []}",C_QUESTION_ABOUT_FEATURE,CAMERA_2,optical_zoom,under does it have a zoom,PRESENT_X,CAMERA_2,S_ANSWERS_QUESTION_ABOUT_FEATURE,CAMERA_2,optical_zoom,This one has 21x optical zoom.,PRESENT_X,CAMERA_2,13~29
206,5,CAMERA_2,['CAMERA_2'],"{'CAMERA_1': [], 'CAMERA_2': ['optical_zoom', 'settings'], 'CAMERA_3': []}",C_SILENT_OR_BACKCHANNEL,CAMERA_2,NONE,that sounds great what about the price,PRESENT_X,CAMERA_2,S_INTRODUCES_FEATURE,CAMERA_2,settings,"This one has manual control and various automatic settings (video modeburst shooting, etc.).",PRESENT_X,CAMERA_2,13~91
206,6,CAMERA_2,['CAMERA_2'],"{'CAMERA_1': [], 'CAMERA_2': ['optical_zoom', 'settings', 'preset_modes'], 'CAMERA_3': []}",C_QUESTION_ABOUT_FEATURE,CAMERA_2,preset_modes,oh I see and what about the automatic settings I just wanted to press a button and take a picture,PRESENT_X,CAMERA_2,S_NOT_SURE,CAMERA_2,,I'm not really sure about that.,PRESENT_X,CAMERA_2,
206,7,NONE,['CAMERA_2'],"{'CAMERA_1': [], 'CAMERA_2': ['optical_zoom', 'settings', 'preset_modes'], 'CAMERA_3': []}",C_THANK_YOU,CAMERA_2,NONE,thank you very much for your help,PRESENT_X,CAMERA_2,S_THANK_YOU,CAMERA_2,NONE,thank you very much.,FACE_TO_FACE,NONE,
206,8,NONE,['CAMERA_2'],"{'CAMERA_1': [], 'CAMERA_2': ['optical_zoom', 'settings', 'preset_modes'], 'CAMERA_3': []}",C_LEAVES,DOOR,NONE,,FACE_TO_FACE,NONE,S_RETURNS_TO_COUNTER,SERVICE_COUNTER,NONE,,WAITING,NONE,
207,1,NONE,[],"{'CAMERA_1': [], 'CAMERA_2': [], 'CAMERA_3': []}",C_ENTERS,DOOR,NONE,,WAITING,NONE,S_NONE,SERVICE_COUNTER,NONE,,WAITING,NONE,
207,2,NONE,[],"{'CAMERA_1': [], 'CAMERA_2': [], 'CAMERA_3': []}",C_GREETS,MIDDLE,NONE,excuse me,WAITING,NONE,S_GREETS,MIDDLE,NONE,can I help you?,FACE_TO_FACE,NONE,
207,3,CAMERA_2,['CAMERA_2'],"{'CAMERA_1': [], 'CAMERA_2': [], 'CAMERA_3': []}",C_LOOKING_FOR_A_CAMERA,MIDDLE,NONE,I'm looking for a nice camera,FACE_TO_FACE,NONE,S_INTRODUCES_CAMERA,CAMERA_2,,Let me show you this. Here we have the Fujifilm Lumix ILC Camera.,PRESENT_X,CAMERA_2,39~64
207,4,CAMERA_2,['CAMERA_2'],"{'CAMERA_1': [], 'CAMERA_2': ['camera_type'], 'CAMERA_3': []}",C_QUESTION_ABOUT_FEATURE,CAMERA_2,camera_type,Is this a mirrorless camera?,PRESENT_X,CAMERA_2,S_ANSWERS_QUESTION_ABOUT_FEATURE,CAMERA_2,camera_type,This is a digital single lens mirrorless camera.,PRESENT_X,CAMERA_2,10~40
207,5,NONE,['CAMERA_2'],"{'CAMERA_1': [], 'CAMERA_2': ['camera_type'], 'CAMERA_3': []}",C_THANK_YOU,CAMERA_2,NONE,thank you very much for your help,PRESENT_X,CAMERA_2,S_THANK_YOU,CAMERA_2,NONE,thank you very much.,FACE_TO_FACE,NONE,
207,6,NONE,['CAMERA_2'],"{'CAMERA_1': [], 'CAMERA_2': ['camera_type'], 'CAMERA_3': []}",C_LEAVES,DOOR,NONE,,FACE_TO_FACE,NONE,S_RETURNS_TO_COUNTER,SERVICE_COUNTER,NONE,,WAITING,NONE,
208,1,NONE,[],"{'CAMERA_1': [], 'CAMERA_2': [], 'CAMERA_3': []}",C_ENTERS,DOOR,NONE,,WAITING,NONE,S_NONE,SERVICE_COUNTER,NONE,,WAITING,NONE,
208,2,NONE,[],"{'CAMERA_1': [], 'CAMERA_2': [], 'CAMERA_3': []}",C_GREETS,MIDDLE,NONE,Excuse Me Miss,WAITING,NONE,S_GREETS,MIDDLE,NONE,can I help you?,FACE_TO_FACE,NONE,
208,3,CAMERA_1,['CAMERA_1'],"{'CAMERA_1': [], 'CAMERA_2': [], 'CAMERA_3': []}",C_LOOKING_FOR_A_CAMERA,MIDDLE,NONE,I'm looking for a camera with very specific pictures,FACE_TO_FACE,NONE,S_INTRODUCES_CAMERA,CAMERA_1,,Let me show you this. Here we have the Sony PowerShot ELPH DMC-ZS3.,PRESENT_X,CAMERA_1,39~66
208,4,CAMERA_1,['CAMERA_1'],"{'CAMERA_1': ['long_exposure'], 'CAMERA_2': [], 'CAMERA_3': []}",C_QUESTION_ABOUT_FEATURE,CAMERA_1,long_exposure,is the exposure any good,PRESENT_X,CAMERA_1,S_ANSWERS_QUESTION_ABOUT_FEATURE,CAMERA_1,long_exposure,This one can take long exposures up to up to 15 seconds with Long Shutter Mode.,PRESENT_X,CAMERA_1,39~78
208,5,CAMERA_1,['CAMERA_1'],"{'CAMERA_1': ['long_exposure', 'price'], 'CAMERA_2': [], 'CAMERA_3': []}",C_SILENT_OR_BACKCHANNEL,CAMERA_1,NONE,IC,PRESENT_X,CAMERA_1,S_INTRODUCES_FEATURE,CAMERA_1,price,This one costs $450.,PRESENT_X,CAMERA_1,15~19
208,6,CAMERA_1,['CAMERA_1'],"{'CAMERA_1': ['long_exposure', 'price', 'optical_zoom'], 'CAMERA_2': [], 'CAMERA_3': []}",C_SILENT_OR_BACKCHANNEL,CAMERA_1,NONE,let me see,PRESENT_X,CAMERA_1,S_INTRODUCES_FEATURE,CAMERA_1,optical_zoom,This one has 21x optical zoom.,PRESENT_X,CAMERA_1,13~29
208,7,CAMERA_1,['CAMERA_1'],"{'CAMERA_1': ['long_exposure', 'price', 'optical_zoom', 'resolution'], 'CAMERA_2': [], 'CAMERA_3': []}",C_QUESTION_ABOUT_FEATURE,CAMERA_1,resolution,and how many megapixels does it have,PRESENT_X,CAMERA_1,S_ANSWERS_QUESTION_ABOUT_FEATURE,CAMERA_1,resolution,This one has 17.8 megapixels resolution.,PRESENT_X,CAMERA_1,13~28
208,8,CAMERA_1,['CAMERA_1'],"{'CAMERA_1': ['long_exposure', 'price', 'optical_zoom', 'resolution', 'effects'], 'CAMERA_2': [], 'CAMERA_3': []}",C_SILENT_OR_BACKCHANNEL,CAMERA_1,NONE,okay,PRESENT_X,CAMERA_1,S_INTRODUCES_FEATURE,CAMERA_1,effects,"This one has 24 glamor retouch effects (miniature, retro, toy camera, etc.).",PRESENT_X,CAMERA_1,13~75
208,9,CAMERA_1,['CAMERA_1'],"{'CAMERA_1': ['long_exposure', 'price', 'optical_zoom', 'resolution', 'effects', 'preset_modes'], 'CAMERA_2': [], 'CAMERA_3': []}",C_QUESTION_ABOUT_FEATURE,CAMERA_1,preset_modes,does it have any preset mode,PRESENT_X,CAMERA_1,S_NOT_SURE,CAMERA_1,,I'm not really sure about that.,PRESENT_X,CAMERA_1,
208,10,CAMERA_1,['CAMERA_1'],"{'CAMERA_1': ['long_exposure', 'price', 'optical_zoom', 'resolution', 'effects', 'preset_modes', 'autofocus_points'], 'CAMERA_2': [], 'CAMERA_3': []}",C_QUESTION_ABOUT_FEATURE,CAMERA_1,autofocus_points,what about the other two focus points of this camera,PRESENT_X,CAMERA_1,S_ANSWERS_QUESTION_ABOUT_FEATURE,CAMERA_1,autofocus_points,This one has 135 autofocus points.,PRESENT_X,CAMERA_1,13~33
208,11,CAMERA_1,['CAMERA_1'],"{'CAMERA_1': ['long_exposure', 'price', 'optical_zoom', 'resolution', 'effects', 'preset_modes', 'autofocus_points', 'sensor_size'], 'CAMERA_2': [], 'CAMERA_3': []}",C_QUESTION_ABOUT_FEATURE,CAMERA_1,sensor_size,hello how big is there is a sensor,PRESENT_X,CAMERA_1,S_ANSWERS_QUESTION_ABOUT_FEATURE,CAMERA_1,sensor_size,This one has a 1/2.3 inch CMOS sensor.,PRESENT_X,CAMERA_1,15~37
208,12,CAMERA_1,['CAMERA_1'],"{'CAMERA_1': ['long_exposure', 'price', 'optical_zoom', 'resolution', 'effects', 'preset_modes', 'autofocus_points', 'sensor_size', 'ISO'], 'CAMERA_2': [], 'CAMERA_3': []}",C_QUESTION_ABOUT_FEATURE,CAMERA_1,ISO,I see okay and the ISO,PRESENT_X,CAMERA_1,S_ANSWERS_QUESTION_ABOUT_FEATURE,CAMERA_1,ISO,This one has up to 51200 ISO.,PRESENT_X,CAMERA_1,13~28
208,13,NONE,['CAMERA_1'],"{'CAMERA_1': ['long_exposure', 'price', 'optical_zoom', 'resolution', 'effects', 'preset_modes', 'autofocus_points', 'sensor_size', 'ISO'], 'CAMERA_2': [], 'CAMERA_3': []}",C_THANK_YOU,CAMERA_1,NONE,okay thanks very much,PRESENT_X,CAMERA_1,S_THANK_YOU,CAMERA_1,NONE,thank you very much.,FACE_TO_FACE,NONE,
208,14,NONE,['CAMERA_1'],"{'CAMERA_1': ['long_exposure', 'price', 'optical_zoom', 'resolution', 'effects', 'preset_modes', 'autofocus_points', 'sensor_size', 'ISO'], 'CAMERA_2': [], 'CAMERA_3': []}",C_LEAVES,DOOR,NONE,,FACE_TO_FACE,NONE,S_RETURNS_TO_COUNTER,SERVICE_COUNTER,NONE,,WAITING,NONE,
209,1,NONE,[],"{'CAMERA_1': [], 'CAMERA_2': [], 'CAMERA_3': []}",C_ENTERS,DOOR,NONE,,WAITING,NONE,S_NONE,SERVICE_COUNTER,NONE,,WAITING,NONE,
209,2,NONE,[],"{'CAMERA_1': [], 'CAMERA_2': [], 'CAMERA_3': []}",C_GREETS,MIDDLE,NONE,hello,WAITING,NONE,S_GREETS,MIDDLE,NONE,can I help you?,FACE_TO_FACE,NONE,
209,3,CAMERA_2,['CAMERA_2'],"{'CAMERA_1': [], 'CAMERA_2': [], 'CAMERA_3': []}",C_LOOKING_FOR_A_CAMERA,MIDDLE,NONE,good afternoon I just graduated from high school am looking to buy a new camera,FACE_TO_FACE,NONE,S_INTRODUCES_CAMERA,CAMERA_2,,Let me show you this. Here we have the Fujifilm Lumix ILC Camera.,PRESENT_X,CAMERA_2,39~64
209,4,CAMERA_2,['CAMERA_2'],"{'CAMERA_1': [], 'CAMERA_2': ['price'], 'CAMERA_3': []}",C_QUESTION_ABOUT_FEATURE,CAMERA_2,price,how much is this,PRESENT_X,CAMERA_2,S_ANSWERS_QUESTION_ABOUT_FEATURE,CAMERA_2,price,This one costs $768.,PRESENT_X,CAMERA_2,15~19
209,5,CAMERA_3,"['CAMERA_2', 'CAMERA_3']","{'CAMERA_1': [], 'CAMERA_2': ['price'], 'CAMERA_3': []}",C_ANYTHING_ELSE_AVAILABLE,CAMERA_2,NONE,do you have any other cameras that are in this kind,PRESENT_X,CAMERA_2,S_INTRODUCES_CAMERA,CAMERA_3,,Let me show you this. Here we have the Fujifilm PowerShot ELPH S2800.,PRESENT_X,CAMERA_3,39~68
209,6,CAMERA_3,"['CAMERA_2', 'CAMERA_3']","{'CAMERA_1': [], 'CAMERA_2': ['price'], 'CAMERA_3': ['long_exposure']}",C_QUESTION_ABOUT_FEATURE,CAMERA_3,long_exposure,for the exposure of this one is it the same as the other one,PRESENT_X,CAMERA_3,S_ANSWERS_QUESTION_ABOUT_FEATURE,CAMERA_3,long_exposure,This one can take long exposures up to 30 minutes max with bulb mode.,PRESENT_X,CAMERA_3,39~68
209,7,CAMERA_3,"['CAMERA_2', 'CAMERA_3']","{'CAMERA_1': [], 'CAMERA_2': ['price'], 'CAMERA_3': ['long_exposure', 'effects']}",C_QUESTION_ABOUT_FEATURE,CAMERA_3,effects,okay good I'm going to take this as autistic effect mode what does that mean exactly,PRESENT_X,CAMERA_3,S_ANSWERS_QUESTION_ABOUT_FEATURE,CAMERA_3,effects,"This one has 21 photo effects (small face, retro, big eyes, etc.).",PRESENT_X,CAMERA_3,13~65
209,8,NONE,"['CAMERA_2', 'CAMERA_3']","{'CAMERA_1': [], 'CAMERA_2': ['price'], 'CAMERA_3': ['long_exposure', 'effects']}",C_THANK_YOU,CAMERA_3,NONE,thank you,PRESENT_X,CAMERA_3,S_THANK_YOU,CAMERA_3,NONE,thank you very much.,FACE_TO_FACE,NONE,
209,9,NONE,"['CAMERA_2', 'CAMERA_3']","{'CAMERA_1': [], 'CAMERA_2': ['price'], 'CAMERA_3': ['long_exposure', 'effects']}",C_LEAVES,DOOR,NONE,,FACE_TO_FACE,NONE,S_RETURNS_TO_COUNTER,SERVICE_COUNTER,NONE,,WAITING,NONE,
210,1,NONE,[],"{'CAMERA_1': [], 'CAMERA_2': [], 'CAMERA_3': []}",C_ENTERS,DOOR,NONE,,WAITING,NONE,S_NONE,SERVICE_COUNTER,NONE,,WAITING,NONE,
210,2,NONE,[],"{'CAMERA_1': [], 'CAMERA_2': [], 'CAMERA_3': []}",C_WALKS_TO_CAMERA,CAMERA_2,NONE,,WAITING,NONE,S_GREETS,CAMERA_2,NONE,can I help you?,FACE_TO_FACE,NONE,
210,3,CAMERA_2,['CAMERA_2'],"{'CAMERA_1': [], 'CAMERA_2': [], 'CAMERA_3': []}",C_LOOKING_FOR_A_CAMERA,CAMERA_2,NONE,I'm looking for a camera,FACE_TO_FACE,NONE,S_INTRODUCES_CAMERA,CAMERA_2,,Let me show you this. Here we have the Fujifilm Lumix ILC Camera.,PRESENT_X,CAMERA_2,39~64
210,4,CAMERA_2,['CAMERA_2'],"{'CAMERA_1': [], 'CAMERA_2': ['price'], 'CAMERA_3': []}",C_SILENT_OR_BACKCHANNEL,CAMERA_2,NONE,great sounds like a great camera,PRESENT_X,CAMERA_2,S_INTRODUCES_FEATURE,CAMERA_2,price,This one costs $768.,PRESENT_X,CAMERA_2,15~19
210,5,CAMERA_2,['CAMERA_2'],"{'CAMERA_1': [], 'CAMERA_2': ['price', 'ISO'], 'CAMERA_3': []}",C_QUESTION_ABOUT_FEATURE,CAMERA_2,ISO,is this able to shoot high iso,PRESENT_X,CAMERA_2,S_NOT_SURE,CAMERA_2,,I'm not really sure about that.,PRESENT_X,CAMERA_2,
210,6,CAMERA_2,['CAMERA_2'],"{'CAMERA_1': [], 'CAMERA_2': ['price', 'ISO', 'color'], 'CAMERA_3': []}",C_SILENT_OR_BACKCHANNEL,CAMERA_2,NONE,IC,PRESENT_X,CAMERA_2,S_INTRODUCES_FEATURE,CAMERA_2,color,This one comes in white or pink.,PRESENT_X,CAMERA_2,18~31
210,7,CAMERA_2,['CAMERA_2'],"{'CAMERA_1': [], 'CAMERA_2': ['price', 'ISO', 'color', 'settings'], 'CAMERA_3': []}",C_QUESTION_ABOUT_FEATURE,CAMERA_2,settings,how much Freedom do I get when using this camera,PRESENT_X,CAMERA_2,S_ANSWERS_QUESTION_ABOUT_FEATURE,CAMERA_2,settings,"This one has manual control and various automatic settings (video modeburst shooting, etc.).",PRESENT_X,CAMERA_2,13~91
210,8,CAMERA_2,['CAMERA_2'],"{'CAMERA_1': [], 'CAMERA_2': ['price', 'ISO', 'color', 'settings', 'effects'], 'CAMERA_3': []}",C_SILENT_OR_BACKCHANNEL,CAMERA_2,NONE,that looks very good,PRESENT_X,CAMERA_2,S_INTRODUCES_FEATURE,CAMERA_2,effects,"This one has 24 artistic effect modes (retro, lighter or darker skin tones, sepia, etc.).",PRESENT_X,CAMERA_2,13~88
210,9,CAMERA_2,['CAMERA_2'],"{'CAMERA_1': [], 'CAMERA_2': ['price', 'ISO', 'color', 'settings', 'effects', 'camera_type'], 'CAMERA_3': []}",C_SILENT_OR_BACKCHANNEL,CAMERA_2,NONE,okay,PRESENT_X,CAMERA_2,S_INTRODUCES_FEATURE,CAMERA_2,camera_type,This is a digital single lens mirrorless camera.,PRESENT_X,CAMERA_2,10~40
210,10,CAMERA_2,['CAMERA_2'],"{'CAMERA_1': [], 'CAMERA_2': ['price', 'ISO', 'color', 'settings', 'effects', 'camera_type', 'resolution'], 'CAMERA_3': []}",C_SILENT_OR_BACKCHANNEL,CAMERA_2,NONE,ok,PRESENT_X,CAMERA_2,S_INTRODUCES_FEATURE,CAMERA_2,resolution,This one has 23.8 megapixels resolution.,PRESENT_X,CAMERA_2,13~28
210,11,NONE,['CAMERA_2'],"{'CAMERA_1': [], 'CAMERA_2': ['price', 'ISO', 'color', 'settings', 'effects', 'camera_type', 'resolution'], 'CAMERA_3': []}",C_THANK_YOU,CAMERA_2,NONE,thank you,PRESENT_X,CAMERA_2,S_THANK_YOU,CAMERA_2,NONE,thank you very much.,FACE_TO_FACE,NONE,
210,12,NONE,['CAMERA_2'],"{'CAMERA_1': [], 'CAMERA_2': ['price', 'ISO', 'color', 'settings', 'effects', 'camera_type', 'resolution'], 'CAMERA_3': []}",C_LEAVES,DOOR,NONE,,FACE_TO_FACE,NONE,S_RETURNS_TO_COUNTER,SERVICE_COUNTER,NONE,,WAITING,NONE,
211,1,NONE,[],"{'CAMERA_1': [], 'CAMERA_2': [], 'CAMERA_3': []}",C_ENTERS,DOOR,NONE,,WAITING,NONE,S_NONE,SERVICE_COUNTER,NONE,,WAITING,NONE,
211,2,NONE,[],"{'CAMERA_1': [], 'CAMERA_2': [], 'CAMERA_3': []}",C_WALKS_TO_CAMERA,CAMERA_1,NONE,,WAITING,NONE,S_NONE,SERVICE_COUNTER,NONE,,WAITING,NONE,
211,3,NONE,[],"{'CAMERA_1': [], 'CAMERA_2': [], 'CAMERA_3': []}",C_EXAMINES_CAMERA,CAMERA_1,NONE,,WAITING,NONE,S_GREETS,CAMERA_1,NONE,can I help you?,FACE_TO_FACE,NONE,
211,4,CAMERA_3,['CAMERA_3'],"{'CAMERA_1': [], 'CAMERA_2': [], 'CAMERA_3': []}",C_LOOKING_FOR_A_CAMERA,CAMERA_1,NONE,I want to buy I want to buy a camera but I'm not sure which I need,FACE_TO_FACE,NONE,S_INTRODUCES_CAMERA,CAMERA_3,,Let me show you this. Here we have the Fujifilm PowerShot ELPH S2800.,PRESENT_X,CAMERA_3,39~68
211,5,CAMERA_3,['CAMERA_3'],"{'CAMERA_1': [], 'CAMERA_2': [], 'CAMERA_3': ['price']}",C_SILENT_OR_BACKCHANNEL,CAMERA_3,NONE,ok,PRESENT_X,CAMERA_3,S_INTRODUCES_FEATURE,CAMERA_3,price,This one costs $518.,PRESENT_X,CAMERA_3,15~19
211,6,CAMERA_3,['CAMERA_3'],"{'CAMERA_1': [], 'CAMERA_2': [], 'CAMERA_3': ['price', 'preset_modes']}",C_QUESTION_ABOUT_FEATURE,CAMERA_3,preset_modes,does this camera support for preset mode,PRESENT_X,CAMERA_3,S_ANSWERS_QUESTION_ABOUT_FEATURE,CAMERA_3,preset_modes,This one has various preset modes.,PRESENT_X,CAMERA_3,13~33
211,7,CAMERA_3,['CAMERA_3'],"{'CAMERA_1': [], 'CAMERA_2': [], 'CAMERA_3': ['price', 'preset_modes', 'effects']}",C_QUESTION_ABOUT_FEATURE,CAMERA_3,effects,and what is the artistic effect mode on this camera,PRESENT_X,CAMERA_3,S_ANSWERS_QUESTION_ABOUT_FEATURE,CAMERA_3,effects,"This one has 21 photo effects (small face, retro, big eyes, etc.).",PRESENT_X,CAMERA_3,13~65
211,8,CAMERA_3,['CAMERA_3'],"{'CAMERA_1': [], 'CAMERA_2': [], 'CAMERA_3': ['price', 'preset_modes', 'effects', 'resolution']}",C_QUESTION_ABOUT_FEATURE,CAMERA_3,resolution,how many megapixels is it house,PRESENT_X,CAMERA_3,S_ANSWERS_QUESTION_ABOUT_FEATURE,CAMERA_3,resolution,This one has 23.2 megapixels resolution.,PRESENT_X,CAMERA_3,13~28
211,9,CAMERA_3,['CAMERA_3'],"{'CAMERA_1': [], 'CAMERA_2': [], 'CAMERA_3': ['price', 'preset_modes', 'effects', 'resolution', 'autofocus_points']}",C_SILENT_OR_BACKCHANNEL,CAMERA_3,NONE,oh wow its looks nice,PRESENT_X,CAMERA_3,S_INTRODUCES_FEATURE,CAMERA_3,autofocus_points,This one has 214 autofocus points.,PRESENT_X,CAMERA_3,13~33
211,10,CAMERA_3,['CAMERA_3'],"{'CAMERA_1': [], 'CAMERA_2': [], 'CAMERA_3': ['price', 'preset_modes', 'effects', 'resolution', 'autofocus_points', 'camera_type']}",C_QUESTION_ABOUT_FEATURE,CAMERA_3,camera_type,is this a DSLR camera,PRESENT_X,CAMERA_3,S_ANSWERS_QUESTION_ABOUT_FEATURE,CAMERA_3,camera_type,This is a point and shoot camera.,PRESENT_X,CAMERA_3,10~25
211,11,NONE,['CAMERA_3'],"{'CAMERA_1': [], 'CAMERA_2': [], 'CAMERA_3': ['price', 'preset_modes', 'effects', 'resolution', 'autofocus_points', 'camera_type']}",C_THANK_YOU,CAMERA_3,NONE,thank you,PRESENT_X,CAMERA_3,S_THANK_YOU,CAMERA_3,NONE,thank you very much.,FACE_TO_FACE,NONE,
211,12,NONE,['CAMERA_3'],"{'CAMERA_1': [], 'CAMERA_2': [], 'CAMERA_3': ['price', 'preset_modes', 'effects', 'resolution', 'autofocus_points', 'camera_type']}",C_LEAVES,DOOR,NONE,,FACE_TO_FACE,NONE,S_RETURNS_TO_COUNTER,SERVICE_COUNTER,NONE,,WAITING,NONE,
212,1,NONE,[],"{'CAMERA_1': [], 'CAMERA_2': [], 'CAMERA_3': []}",C_ENTERS,DOOR,NONE,,WAITING,NONE,S_NONE,SERVICE_COUNTER,NONE,,WAITING,NONE,
212,2,NONE,[],"{'CAMERA_1': [], 'CAMERA_2': [], 'CAMERA_3': []}",C_GREETS,MIDDLE,NONE,excuse me how does this canon and how much does how much does this canon cost,WAITING,NONE,S_GREETS,MIDDLE,NONE,can I help you?,FACE_TO_FACE,NONE,
212,3,CAMERA_2,['CAMERA_2'],"{'CAMERA_1': [], 'CAMERA_2': [], 'CAMERA_3': []}",C_LOOKING_FOR_A_CAMERA,MIDDLE,NONE,I'm looking for a camera,FACE_TO_FACE,NONE,S_INTRODUCES_CAMERA,CAMERA_2,,Let me show you this. Here we have the Fujifilm Lumix ILC Camera.,PRESENT_X,CAMERA_2,39~64
212,4,CAMERA_2,['CAMERA_2'],"{'CAMERA_1': [], 'CAMERA_2': ['long_exposure'], 'CAMERA_3': []}",C_QUESTION_ABOUT_FEATURE,CAMERA_2,long_exposure,what is the exposure like,PRESENT_X,CAMERA_2,S_ANSWERS_QUESTION_ABOUT_FEATURE,CAMERA_2,long_exposure,This one can take long exposures up to 60 minutes max with bulb mode.,PRESENT_X,CAMERA_2,39~68
212,5,CAMERA_2,['CAMERA_2'],"{'CAMERA_1': [], 'CAMERA_2': ['long_exposure', 'weight'], 'CAMERA_3': []}",C_SILENT_OR_BACKCHANNEL,CAMERA_2,NONE,I say,PRESENT_X,CAMERA_2,S_INTRODUCES_FEATURE,CAMERA_2,weight,This one weighs 820 grams.,PRESENT_X,CAMERA_2,16~25
212,6,CAMERA_2,['CAMERA_2'],"{'CAMERA_1': [], 'CAMERA_2': ['long_exposure', 'weight', 'price'], 'CAMERA_3': []}",C_QUESTION_ABOUT_FEATURE,CAMERA_2,price,okay and what is the price on this,PRESENT_X,CAMERA_2,S_ANSWERS_QUESTION_ABOUT_FEATURE,CAMERA_2,price,This one costs $768.,PRESENT_X,CAMERA_2,15~19
212,7,CAMERA_2,['CAMERA_2'],"{'CAMERA_1': [], 'CAMERA_2': ['long_exposure', 'weight', 'price', 'sensor_size'], 'CAMERA_3': []}",C_QUESTION_ABOUT_FEATURE,CAMERA_2,sensor_size,what about it census ice,PRESENT_X,CAMERA_2,S_ANSWERS_QUESTION_ABOUT_FEATURE,CAMERA_2,sensor_size,This one has a 1/2.33 inch sensor.,PRESENT_X,CAMERA_2,15~33
212,8,CAMERA_2,['CAMERA_2'],"{'CAMERA_1': [], 'CAMERA_2': ['long_exposure', 'weight', 'price', 'sensor_size', 'camera_type'], 'CAMERA_3': []}",C_SILENT_OR_BACKCHANNEL,CAMERA_2,NONE,yeah i see,PRESENT_X,CAMERA_2,S_INTRODUCES_FEATURE,CAMERA_2,camera_type,This is a digital single lens mirrorless camera.,PRESENT_X,CAMERA_2,10~40
212,9,CAMERA_2,['CAMERA_2'],"{'CAMERA_1': [], 'CAMERA_2': ['long_exposure', 'weight', 'price', 'sensor_size', 'camera_type', 'effects'], 'CAMERA_3': []}",C_SILENT_OR_BACKCHANNEL,CAMERA_2,NONE,okay,PRESENT_X,CAMERA_2,S_INTRODUCES_FEATURE,CAMERA_2,effects,"This one has 24 artistic effect modes (retro, lighter or darker skin tones, sepia, etc.).",PRESENT_X,CAMERA_2,13~88
212,10,CAMERA_2,['CAMERA_2'],"{'CAMERA_1': [], 'CAMERA_2': ['long_exposure', 'weight', 'price', 'sensor_size', 'camera_type', 'effects', 'settings'], 'CAMERA_3': []}",C_SILENT_OR_BACKCHANNEL,CAMERA_2,NONE,IC,PRESENT_X,CAMERA_2,S_INTRODUCES_FEATURE,CAMERA_2,settings,"This one has manual control and various automatic settings (video modeburst shooting, etc.).",PRESENT_X,CAMERA_2,13~91
212,11,CAMERA_2,['CAMERA_2'],"{'CAMERA_1': [], 'CAMERA_2': ['long_exposure', 'weight', 'price', 'sensor_size', 'camera_type', 'effects', 'settings', 'optical_zoom'], 'CAMERA_3': []}",C_SILENT_OR_BACKCHANNEL,CAMERA_2,NONE,I said okay,PRESENT_X,CAMERA_2,S_INTRODUCES_FEATURE,CAMERA_2,optical_zoom,This one has 21x optical zoom.,PRESENT_X,CAMERA_2,13~29
212,12,CAMERA_2,['CAMERA_2'],"{'CAMERA_1': [], 'CAMERA_2': ['long_exposure', 'weight', 'price', 'sensor_size', 'camera_type', 'effects', 'settings', 'optical_zoom', 'resolution'], 'CAMERA_3': []}",C_SILENT_OR_BACKCHANNEL,CAMERA_2,NONE,okay,PRESENT_X,CAMERA_2,S_INTRODUCES_FEATURE,CAMERA_2,resolution,This one has 23.8 megapixels resolution.,PRESENT_X,CAMERA_2,13~28
212,13,CAMERA_3,"['CAMERA_2', 'CAMERA_3']","{'CAMERA_1': [], 'CAMERA_2': ['long_exposure', 'weight', 'price', 'sensor_size', 'camera_type', 'effects', 'settings', 'optical_zoom', 'resolution'], 'CAMERA_3': []}",C_ANYTHING_ELSE_AVAILABLE,CAMERA_2,NONE,can you recommend another camera similar to this,PRESENT_X,CAMERA_2,S_INTRODUCES_CAMERA,CAMERA_3,,Let me show you this. Here we have the Fujifilm PowerShot ELPH S2800.,PRESENT_X,CAMERA_3,39~68
212,14,CAMERA_3,"['CAMERA_2', 'CAMERA_3']","{'CAMERA_1': [], 'CAMERA_2': ['long_exposure', 'weight', 'price', 'sensor_size', 'camera_type', 'effects', 'settings', 'optical_zoom', 'resolution'], 'CAMERA_3': ['color']}",C_SILENT_OR_BACKCHANNEL,CAMERA_3,NONE,let me see,PRESENT_X,CAMERA_3,S_INTRODUCES_FEATURE,CAMERA_3,color,"This one comes in purple, white, silver, blue, red, or pink.",PRESENT_X,CAMERA_3,18~59
212,15,CAMERA_3,"['CAMERA_2', 'CAMERA_3']","{'CAMERA_1': [], 'CAMERA_2': ['long_exposure', 'weight', 'price', 'sensor_size', 'camera_type', 'effects', 'settings', 'optical_zoom', 'resolution'], 'CAMERA_3': ['color', 'camera_type']}",C_QUESTION_ABOUT_FEATURE,CAMERA_3,camera_type,is this a point and shoot camera,PRESENT_X,CAMERA_3,S_ANSWERS_QUESTION_ABOUT_FEATURE,CAMERA_3,camera_type,This is a point and shoot camera.,PRESENT_X,CAMERA_3,10~25
212,16,CAMERA_1,"['CAMERA_2', 'CAMERA_3', 'CAMERA_1']","{'CAMERA_1': [], 'CAMERA_2': ['long_exposure', 'weight', 'price', 'sensor_size', 'camera_type', 'effects', 'settings', 'optical_zoom', 'resolution'], 'CAMERA_3': ['color', 'camera_type']}",C_ANYTHING_ELSE_AVAILABLE,CAMERA_3,NONE,Do you have other cameras that I could afford,PRESENT_X,CAMERA_3,S_INTRODUCES_CAMERA,CAMERA_1,,Let me show you this. Here we have the Sony PowerShot ELPH DMC-ZS3.,PRESENT_X,CAMERA_1,39~66
212,17,CAMERA_1,"['CAMERA_2', 'CAMERA_3', 'CAMERA_1']","{'CAMERA_1': ['weight'], 'CAMERA_2': ['long_exposure', 'weight', 'price', 'sensor_size', 'camera_type', 'effects', 'settings', 'optical_zoom', 'resolution'], 'CAMERA_3': ['color', 'camera_type']}",C_QUESTION_ABOUT_FEATURE,CAMERA_1,weight,is it heavy,PRESENT_X,CAMERA_1,S_ANSWERS_QUESTION_ABOUT_FEATURE,CAMERA_1,weight,This one weighs 800 grams.,PRESENT_X,CAMERA_1,16~25
212,18,CAMERA_1,"['CAMERA_2', 'CAMERA_3', 'CAMERA_1']","{'CAMERA_1': ['weight', 'camera_type'], 'CAMERA_2': ['long_exposure', 'weight', 'price', 'sensor_size', 'camera_type', 'effects', 'settings', 'optical_zoom', 'resolution'], 'CAMERA_3': ['color', 'camera_type']}",C_SILENT_OR_BACKCHANNEL,CAMERA_1,NONE,IC,PRESENT_X,CAMERA_1,S_INTRODUCES_FEATURE,CAMERA_1,camera_type,This is a DSLR camera.,PRESENT_X,CAMERA_1,10~14
212,19,CAMERA_1,"['CAMERA_2', 'CAMERA_3', 'CAMERA_1']","{'CAMERA_1': ['weight', 'camera_type', 'ISO'], 'CAMERA_2': ['long_exposure', 'weight', 'price', 'sensor_size', 'camera_type', 'effects', 'settings', 'optical_zoom', 'resolution'], 'CAMERA_3': ['color', 'camera_type']}",C_QUESTION_ABOUT_FEATURE,CAMERA_1,ISO,what about the ISO,PRESENT_X,CAMERA_1,S_ANSWERS_QUESTION_ABOUT_FEATURE,CAMERA_1,ISO,This one has up to 51200 ISO.,PRESENT_X,CAMERA_1,13~28
212,20,CAMERA_1,"['CAMERA_2', 'CAMERA_3', 'CAMERA_1']","{'CAMERA_1': ['weight', 'camera_type', 'ISO', 'long_exposure'], 'CAMERA_2': ['long_exposure', 'weight', 'price', 'sensor_size', 'camera_type', 'effects', 'settings', 'optical_zoom', 'resolution'], 'CAMERA_3': ['color', 'camera_type']}",C_QUESTION_ABOUT_FEATURE,CAMERA_1,long_exposure,and the exposure is,PRESENT_X,CAMERA_1,S_ANSWERS_QUESTION_ABOUT_FEATURE,CAMERA_1,long_exposure,This one can take long exposures up to up to 15 seconds with Long Shutter Mode.,PRESENT_X,CAMERA_1,39~78
212,21,CAMERA_1,"['CAMERA_2', 'CAMERA_3', 'CAMERA_1']","{'CAMERA_1': ['weight', 'camera_type', 'ISO', 'long_exposure', 'autofocus_points'], 'CAMERA_2': ['long_exposure', 'weight', 'price', 'sensor_size', 'camera_type', 'effects', 'settings', 'optical_zoom', 'resolution'], 'CAMERA_3': ['color', 'camera_type']}",C_SILENT_OR_BACKCHANNEL,CAMERA_1,NONE,wow that's really interesting ,PRESENT_X,CAMERA_1,S_INTRODUCES_FEATURE,CAMERA_1,autofocus_points,This one has 135 autofocus points.,PRESENT_X,CAMERA_1,13~33
212,22,CAMERA_1,"['CAMERA_2', 'CAMERA_3', 'CAMERA_1']","{'CAMERA_1': ['weight', 'camera_type', 'ISO', 'long_exposure', 'autofocus_points', 'effects'], 'CAMERA_2': ['long_exposure', 'weight', 'price', 'sensor_size', 'camera_type', 'effects', 'settings', 'optical_zoom', 'resolution'], 'CAMERA_3': ['color', 'camera_type']}",C_QUESTION_ABOUT_FEATURE,CAMERA_1,effects,and what about this artistic artistic effect mode ,PRESENT_X,CAMERA_1,S_ANSWERS_QUESTION_ABOUT_FEATURE,CAMERA_1,effects,"This one has 24 glamor retouch effects (miniature, retro, toy camera, etc.).",PRESENT_X,CAMERA_1,13~75
212,23,CAMERA_1,"['CAMERA_2', 'CAMERA_3', 'CAMERA_1']","{'CAMERA_1': ['weight', 'camera_type', 'ISO', 'long_exposure', 'autofocus_points', 'effects', 'sensor_size'], 'CAMERA_2': ['long_exposure', 'weight', 'price', 'sensor_size', 'camera_type', 'effects', 'settings', 'optical_zoom', 'resolution'], 'CAMERA_3': ['color', 'camera_type']}",C_SILENT_OR_BACKCHANNEL,CAMERA_1,NONE,IC,PRESENT_X,CAMERA_1,S_INTRODUCES_FEATURE,CAMERA_1,sensor_size,This one has a 1/2.3 inch CMOS sensor.,PRESENT_X,CAMERA_1,15~37
212,24,CAMERA_1,"['CAMERA_2', 'CAMERA_3', 'CAMERA_1']","{'CAMERA_1': ['weight', 'camera_type', 'ISO', 'long_exposure', 'autofocus_points', 'effects', 'sensor_size', 'optical_zoom'], 'CAMERA_2': ['long_exposure', 'weight', 'price', 'sensor_size', 'camera_type', 'effects', 'settings', 'optical_zoom', 'resolution'], 'CAMERA_3': ['color', 'camera_type']}",C_SILENT_OR_BACKCHANNEL,CAMERA_1,NONE,I say so,PRESENT_X,CAMERA_1,S_INTRODUCES_FEATURE,CAMERA_1,optical_zoom,This one has 21x optical zoom.,PRESENT_X,CAMERA_1,13~29
212,25,CAMERA_1,"['CAMERA_2', 'CAMERA_3', 'CAMERA_1']","{'CAMERA_1': ['weight', 'camera_type', 'ISO', 'long_exposure', 'autofocus_points', 'effects', 'sensor_size', 'optical_zoom', 'price'], 'CAMERA_2': ['long_exposure', 'weight', 'price', 'sensor_size', 'camera_type', 'effects', 'settings', 'optical_zoom', 'resolution'], 'CAMERA_3': ['color', 'camera_type']}",C_SILENT_OR_BACKCHANNEL,CAMERA_1,NONE,I see AA ok,PRESENT_X,CAMERA_1,S_INTRODUCES_FEATURE,CAMERA_1,price,This one costs $450.,PRESENT_X,CAMERA_1,15~19
212,26,CAMERA_1,"['CAMERA_2', 'CAMERA_3', 'CAMERA_1']","{'CAMERA_1': ['weight', 'camera_type', 'ISO', 'long_exposure', 'autofocus_points', 'effects', 'sensor_size', 'optical_zoom', 'price', 'resolution'], 'CAMERA_2': ['long_exposure', 'weight', 'price', 'sensor_size', 'camera_type', 'effects', 'settings', 'optical_zoom', 'resolution'], 'CAMERA_3': ['color', 'camera_type']}",C_QUESTION_ABOUT_FEATURE,CAMERA_1,resolution,how many megapixels is it house,PRESENT_X,CAMERA_1,S_ANSWERS_QUESTION_ABOUT_FEATURE,CAMERA_1,resolution,This one has 17.8 megapixels resolution.,PRESENT_X,CAMERA_1,13~28
212,27,CAMERA_1,"['CAMERA_2', 'CAMERA_3', 'CAMERA_1']","{'CAMERA_1': ['weight', 'camera_type', 'ISO', 'long_exposure', 'autofocus_points', 'effects', 'sensor_size', 'optical_zoom', 'price', 'resolution', 'settings'], 'CAMERA_2': ['long_exposure', 'weight', 'price', 'sensor_size', 'camera_type', 'effects', 'settings', 'optical_zoom', 'resolution'], 'CAMERA_3': ['color', 'camera_type']}",C_SILENT_OR_BACKCHANNEL,CAMERA_1,NONE,IC,PRESENT_X,CAMERA_1,S_INTRODUCES_FEATURE,CAMERA_1,settings,This one has limited manual settings.,PRESENT_X,CAMERA_1,13~36
212,28,CAMERA_1,"['CAMERA_2', 'CAMERA_3', 'CAMERA_1']","{'CAMERA_1': ['weight', 'camera_type', 'ISO', 'long_exposure', 'autofocus_points', 'effects', 'sensor_size', 'optical_zoom', 'price', 'resolution', 'settings', 'preset_modes'], 'CAMERA_2': ['long_exposure', 'weight', 'price', 'sensor_size', 'camera_type', 'effects', 'settings', 'optical_zoom', 'resolution'], 'CAMERA_3': ['color', 'camera_type']}",C_QUESTION_ABOUT_FEATURE,CAMERA_1,preset_modes,the menu settings of this camera are they same as the Canon,PRESENT_X,CAMERA_1,S_NOT_SURE,CAMERA_1,,I'm not really sure about that.,PRESENT_X,CAMERA_1,
212,29,CAMERA_1,"['CAMERA_2', 'CAMERA_3', 'CAMERA_1']","{'CAMERA_1': ['weight', 'camera_type', 'ISO', 'long_exposure', 'autofocus_points', 'effects', 'sensor_size', 'optical_zoom', 'price', 'resolution', 'settings', 'preset_modes', 'color'], 'CAMERA_2': ['long_exposure', 'weight', 'price', 'sensor_size', 'camera_type', 'effects', 'settings', 'optical_zoom', 'resolution'], 'CAMERA_3': ['color', 'camera_type']}",C_SILENT_OR_BACKCHANNEL,CAMERA_1,NONE,oh yeah I thought the flight,PRESENT_X,CAMERA_1,S_INTRODUCES_FEATURE,CAMERA_1,color,This one comes in blue or black.,PRESENT_X,CAMERA_1,18~31
212,30,CAMERA_1,"['CAMERA_2', 'CAMERA_3', 'CAMERA_1']","{'CAMERA_1': ['weight', 'camera_type', 'ISO', 'long_exposure', 'autofocus_points', 'effects', 'sensor_size', 'optical_zoom', 'price', 'resolution', 'settings', 'preset_modes', 'color', 'ISO'], 'CAMERA_2': ['long_exposure', 'weight', 'price', 'sensor_size', 'camera_type', 'effects', 'settings', 'optical_zoom', 'resolution'], 'CAMERA_3': ['color', 'camera_type']}",C_QUESTION_ABOUT_FEATURE,CAMERA_1,ISO,what is this ISO thing,PRESENT_X,CAMERA_1,S_ANSWERS_QUESTION_ABOUT_FEATURE,CAMERA_1,ISO,This one has up to 51200 ISO.,PRESENT_X,CAMERA_1,13~28
212,31,CAMERA_1,"['CAMERA_2', 'CAMERA_3', 'CAMERA_1']","{'CAMERA_1': ['weight', 'camera_type', 'ISO', 'long_exposure', 'autofocus_points', 'effects', 'sensor_size', 'optical_zoom', 'price', 'resolution', 'settings', 'preset_modes', 'color', 'ISO', 'resolution'], 'CAMERA_2': ['long_exposure', 'weight', 'price', 'sensor_size', 'camera_type', 'effects', 'settings', 'optical_zoom', 'resolution'], 'CAMERA_3': ['color', 'camera_type']}",C_SILENT_OR_BACKCHANNEL,CAMERA_1,NONE,IC,PRESENT_X,CAMERA_1,S_INTRODUCES_FEATURE,CAMERA_1,resolution,This one has 17.8 megapixels resolution.,PRESENT_X,CAMERA_1,13~28
212,32,CAMERA_1,"['CAMERA_2', 'CAMERA_3', 'CAMERA_1']","{'CAMERA_1': ['weight', 'camera_type', 'ISO', 'long_exposure', 'autofocus_points', 'effects', 'sensor_size', 'optical_zoom', 'price', 'resolution', 'settings', 'preset_modes', 'color', 'ISO', 'resolution', 'price'], 'CAMERA_2': ['long_exposure', 'weight', 'price', 'sensor_size', 'camera_type', 'effects', 'settings', 'optical_zoom', 'resolution'], 'CAMERA_3': ['color', 'camera_type']}",C_SILENT_OR_BACKCHANNEL,CAMERA_1,NONE,this camera looks good,PRESENT_X,CAMERA_1,S_INTRODUCES_FEATURE,CAMERA_1,price,This one costs $450.,PRESENT_X,CAMERA_1,15~19
212,33,CAMERA_1,"['CAMERA_2', 'CAMERA_3', 'CAMERA_1']","{'CAMERA_1': ['weight', 'camera_type', 'ISO', 'long_exposure', 'autofocus_points', 'effects', 'sensor_size', 'optical_zoom', 'price', 'resolution', 'settings', 'preset_modes', 'color', 'ISO', 'resolution', 'price', 'resolution'], 'CAMERA_2': ['long_exposure', 'weight', 'price', 'sensor_size', 'camera_type', 'effects', 'settings', 'optical_zoom', 'resolution'], 'CAMERA_3': ['color', 'camera_type']}",C_QUESTION_ABOUT_FEATURE,CAMERA_1,resolution,what it what is mega pixels,PRESENT_X,CAMERA_1,S_ANSWERS_QUESTION_ABOUT_FEATURE,CAMERA_1,resolution,This one has 17.8 megapixels resolution.,PRESENT_X,CAMERA_1,13~28
212,34,CAMERA_1,"['CAMERA_2', 'CAMERA_3', 'CAMERA_1']","{'CAMERA_1': ['weight', 'camera_type', 'ISO', 'long_exposure', 'autofocus_points', 'effects', 'sensor_size', 'optical_zoom', 'price', 'resolution', 'settings', 'preset_modes', 'color', 'ISO', 'resolution', 'price', 'resolution', 'preset_modes'], 'CAMERA_2': ['long_exposure', 'weight', 'price', 'sensor_size', 'camera_type', 'effects', 'settings', 'optical_zoom', 'resolution'], 'CAMERA_3': ['color', 'camera_type']}",C_QUESTION_ABOUT_FEATURE,CAMERA_1,preset_modes,Is this support preset mode,PRESENT_X,CAMERA_1,S_NOT_SURE,CAMERA_1,,I'm not really sure about that.,PRESENT_X,CAMERA_1,
212,35,CAMERA_1,"['CAMERA_2', 'CAMERA_3', 'CAMERA_1']","{'CAMERA_1': ['weight', 'camera_type', 'ISO', 'long_exposure', 'autofocus_points', 'effects', 'sensor_size', 'optical_zoom', 'price', 'resolution', 'settings', 'preset_modes', 'color', 'ISO', 'resolution', 'price', 'resolution', 'preset_modes', 'camera_type'], 'CAMERA_2': ['long_exposure', 'weight', 'price', 'sensor_size', 'camera_type', 'effects', 'settings', 'optical_zoom', 'resolution'], 'CAMERA_3': ['color', 'camera_type']}",C_QUESTION_ABOUT_FEATURE,CAMERA_1,camera_type,is this a point and shoot camera,PRESENT_X,CAMERA_1,S_ANSWERS_QUESTION_ABOUT_FEATURE,CAMERA_1,camera_type,This is a DSLR camera.,PRESENT_X,CAMERA_1,10~14
212,36,CAMERA_1,"['CAMERA_2', 'CAMERA_3', 'CAMERA_1']","{'CAMERA_1': ['weight', 'camera_type', 'ISO', 'long_exposure', 'autofocus_points', 'effects', 'sensor_size', 'optical_zoom', 'price', 'resolution', 'settings', 'preset_modes', 'color', 'ISO', 'resolution', 'price', 'resolution', 'preset_modes', 'camera_type', 'autofocus_points'], 'CAMERA_2': ['long_exposure', 'weight', 'price', 'sensor_size', 'camera_type', 'effects', 'settings', 'optical_zoom', 'resolution'], 'CAMERA_3': ['color', 'camera_type']}",C_QUESTION_ABOUT_FEATURE,CAMERA_1,autofocus_points,how many autofocus points does it have,PRESENT_X,CAMERA_1,S_ANSWERS_QUESTION_ABOUT_FEATURE,CAMERA_1,autofocus_points,This one has 135 autofocus points.,PRESENT_X,CAMERA_1,13~33
212,37,CAMERA_1,"['CAMERA_2', 'CAMERA_3', 'CAMERA_1']","{'CAMERA_1': ['weight', 'camera_type', 'ISO', 'long_exposure', 'autofocus_points', 'effects', 'sensor_size', 'optical_zoom', 'price', 'resolution', 'settings', 'preset_modes', 'color', 'ISO', 'resolution', 'price', 'resolution', 'preset_modes', 'camera_type', 'autofocus_points', 'long_exposure'], 'CAMERA_2': ['long_exposure', 'weight', 'price', 'sensor_size', 'camera_type', 'effects', 'settings', 'optical_zoom', 'resolution'], 'CAMERA_3': ['color', 'camera_type']}",C_QUESTION_ABOUT_FEATURE,CAMERA_1,long_exposure,what what's the exposure how long how high does it go,PRESENT_X,CAMERA_1,S_ANSWERS_QUESTION_ABOUT_FEATURE,CAMERA_1,long_exposure,This one can take long exposures up to up to 15 seconds with Long Shutter Mode.,PRESENT_X,CAMERA_1,39~78
212,38,CAMERA_1,"['CAMERA_2', 'CAMERA_3', 'CAMERA_1']","{'CAMERA_1': ['weight', 'camera_type', 'ISO', 'long_exposure', 'autofocus_points', 'effects', 'sensor_size', 'optical_zoom', 'price', 'resolution', 'settings', 'preset_modes', 'color', 'ISO', 'resolution', 'price', 'resolution', 'preset_modes', 'camera_type', 'autofocus_points', 'long_exposure', 'color'], 'CAMERA_2': ['long_exposure', 'weight', 'price', 'sensor_size', 'camera_type', 'effects', 'settings', 'optical_zoom', 'resolution'], 'CAMERA_3': ['color', 'camera_type']}",C_SILENT_OR_BACKCHANNEL,CAMERA_1,NONE,I say,PRESENT_X,CAMERA_1,S_INTRODUCES_FEATURE,CAMERA_1,color,This one comes in blue or black.,PRESENT_X,CAMERA_1,18~31
212,39,CAMERA_1,"['CAMERA_2', 'CAMERA_3', 'CAMERA_1']","{'CAMERA_1': ['weight', 'camera_type', 'ISO', 'long_exposure', 'autofocus_points', 'effects', 'sensor_size', 'optical_zoom', 'price', 'resolution', 'settings', 'preset_modes', 'color', 'ISO', 'resolution', 'price', 'resolution', 'preset_modes', 'camera_type', 'autofocus_points', 'long_exposure', 'color', 'resolution'], 'CAMERA_2': ['long_exposure', 'weight', 'price', 'sensor_size', 'camera_type', 'effects', 'settings', 'optical_zoom', 'resolution'], 'CAMERA_3': ['color', 'camera_type']}",C_QUESTION_ABOUT_FEATURE,CAMERA_1,resolution,how many megapixels is this camera,PRESENT_X,CAMERA_1,S_ANSWERS_QUESTION_ABOUT_FEATURE,CAMERA_1,resolution,This one has 17.8 megapixels resolution.,PRESENT_X,CAMERA_1,13~28
212,40,CAMERA_1,"['CAMERA_2', 'CAMERA_3', 'CAMERA_1']","{'CAMERA_1': ['weight', 'camera_type', 'ISO', 'long_exposure', 'autofocus_points', 'effects', 'sensor_size', 'optical_zoom', 'price', 'resolution', 'settings', 'preset_modes', 'color', 'ISO', 'resolution', 'price', 'resolution', 'preset_modes', 'camera_type', 'autofocus_points', 'long_exposure', 'color', 'resolution', 'price'], 'CAMERA_2': ['long_exposure', 'weight', 'price', 'sensor_size', 'camera_type', 'effects', 'settings', 'optical_zoom', 'resolution'], 'CAMERA_3': ['color', 'camera_type']}",C_SILENT_OR_BACKCHANNEL,CAMERA_1,NONE,I say,PRESENT_X,CAMERA_1,S_INTRODUCES_FEATURE,CAMERA_1,price,This one costs $450.,PRESENT_X,CAMERA_1,15~19
212,41,CAMERA_1,"['CAMERA_2', 'CAMERA_3', 'CAMERA_1']","{'CAMERA_1': ['weight', 'camera_type', 'ISO', 'long_exposure', 'autofocus_points', 'effects', 'sensor_size', 'optical_zoom', 'price', 'resolution', 'settings', 'preset_modes', 'color', 'ISO', 'resolution', 'price', 'resolution', 'preset_modes', 'camera_type', 'autofocus_points', 'long_exposure', 'color', 'resolution', 'price', 'price'], 'CAMERA_2': ['long_exposure', 'weight', 'price', 'sensor_size', 'camera_type', 'effects', 'settings', 'optical_zoom', 'resolution'], 'CAMERA_3': ['color', 'camera_type']}",C_QUESTION_ABOUT_FEATURE,CAMERA_1,price,how much is this,PRESENT_X,CAMERA_1,S_ANSWERS_QUESTION_ABOUT_FEATURE,CAMERA_1,price,This one costs $450.,PRESENT_X,CAMERA_1,15~19
212,42,CAMERA_1,"['CAMERA_2', 'CAMERA_3', 'CAMERA_1']","{'CAMERA_1': ['weight', 'camera_type', 'ISO', 'long_exposure', 'autofocus_points', 'effects', 'sensor_size', 'optical_zoom', 'price', 'resolution', 'settings', 'preset_modes', 'color', 'ISO', 'resolution', 'price', 'resolution', 'preset_modes', 'camera_type', 'autofocus_points', 'long_exposure', 'color', 'resolution', 'price', 'price', 'ISO'], 'CAMERA_2': ['long_exposure', 'weight', 'price', 'sensor_size', 'camera_type', 'effects', 'settings', 'optical_zoom', 'resolution'], 'CAMERA_3': ['color', 'camera_type']}",C_SILENT_OR_BACKCHANNEL,CAMERA_1,NONE,okay I say yeah,PRESENT_X,CAMERA_1,S_INTRODUCES_FEATURE,CAMERA_1,ISO,This one has up to 51200 ISO.,PRESENT_X,CAMERA_1,13~28
212,43,NONE,"['CAMERA_2', 'CAMERA_3', 'CAMERA_1']","{'CAMERA_1': ['weight', 'camera_type', 'ISO', 'long_exposure', 'autofocus_points', 'effects', 'sensor_size', 'optical_zoom', 'price', 'resolution', 'settings', 'preset_modes', 'color', 'ISO', 'resolution', 'price', 'resolution', 'preset_modes', 'camera_type', 'autofocus_points', 'long_exposure', 'color', 'resolution', 'price', 'price', 'ISO'], 'CAMERA_2': ['long_exposure', 'weight', 'price', 'sensor_size', 'camera_type', 'effects', 'settings', 'optical_zoom', 'resolution'], 'CAMERA_3': ['color', 'camera_type']}",C_THANK_YOU,CAMERA_1,NONE,thank you for your help,PRESENT_X,CAMERA_1,S_THANK_YOU,CAMERA_1,NONE,thank you very much.,FACE_TO_FACE,NONE,
212,44,NONE,"['CAMERA_2', 'CAMERA_3', 'CAMERA_1']","{'CAMERA_1': ['weight', 'camera_type', 'ISO', 'long_exposure', 'autofocus_points', 'effects', 'sensor_size', 'optical_zoom', 'price', 'resolution', 'settings', 'preset_modes', 'color', 'ISO', 'resolution', 'price', 'resolution', 'preset_modes', 'camera_type', 'autofocus_points', 'long_exposure', 'color', 'resolution', 'price', 'price', 'ISO'], 'CAMERA_2': ['long_exposure', 'weight', 'price', 'sensor_size', 'camera_type', 'effects', 'settings', 'optical_zoom', 'resolution'], 'CAMERA_3': ['color', 'camera_type']}",C_LEAVES,DOOR,NONE,,FACE_TO_FACE,NONE,S_RETURNS_TO_COUNTER,SERVICE_COUNTER,NONE,,WAITING,NONE,
213,1,NONE,[],"{'CAMERA_1': [], 'CAMERA_2': [], 'CAMERA_3': []}",C_ENTERS,DOOR,NONE,,WAITING,NONE,S_NONE,SERVICE_COUNTER,NONE,,WAITING,NONE,
213,2,NONE,[],"{'CAMERA_1': [], 'CAMERA_2': [], 'CAMERA_3': []}",C_GREETS,MIDDLE,NONE,excuse me,WAITING,NONE,S_GREETS,MIDDLE,NONE,can I help you?,FACE_TO_FACE,NONE,
213,3,CAMERA_1,['CAMERA_1'],"{'CAMERA_1': [], 'CAMERA_2': [], 'CAMERA_3': []}",C_LOOKING_FOR_A_CAMERA,MIDDLE,NONE,yes I'm looking for a camera,FACE_TO_FACE,NONE,S_INTRODUCES_CAMERA,CAMERA_1,,Let me show you this. Here we have the Sony PowerShot ELPH DMC-ZS3.,PRESENT_X,CAMERA_1,39~66
213,4,CAMERA_1,['CAMERA_1'],"{'CAMERA_1': ['preset_modes'], 'CAMERA_2': [], 'CAMERA_3': []}",C_QUESTION_ABOUT_FEATURE,CAMERA_1,preset_modes,does it have any preset mode,PRESENT_X,CAMERA_1,S_NOT_SURE,CAMERA_1,,I'm not really sure about that.,PRESENT_X,CAMERA_1,
213,5,CAMERA_1,['CAMERA_1'],"{'CAMERA_1': ['preset_modes', 'weight'], 'CAMERA_2': [], 'CAMERA_3': []}",C_QUESTION_ABOUT_FEATURE,CAMERA_1,weight,it looks heavy though how much does it weight,PRESENT_X,CAMERA_1,S_ANSWERS_QUESTION_ABOUT_FEATURE,CAMERA_1,weight,This one weighs 800 grams.,PRESENT_X,CAMERA_1,16~25
213,6,CAMERA_1,['CAMERA_1'],"{'CAMERA_1': ['preset_modes', 'weight', 'settings'], 'CAMERA_2': [], 'CAMERA_3': []}",C_QUESTION_ABOUT_FEATURE,CAMERA_1,settings,and where about the manual setting,PRESENT_X,CAMERA_1,S_ANSWERS_QUESTION_ABOUT_FEATURE,CAMERA_1,settings,This one has limited manual settings.,PRESENT_X,CAMERA_1,13~36
213,7,CAMERA_1,['CAMERA_1'],"{'CAMERA_1': ['preset_modes', 'weight', 'settings', 'effects'], 'CAMERA_2': [], 'CAMERA_3': []}",C_QUESTION_ABOUT_FEATURE,CAMERA_1,effects,does it have artistic effect lights,PRESENT_X,CAMERA_1,S_ANSWERS_QUESTION_ABOUT_FEATURE,CAMERA_1,effects,"This one has 24 glamor retouch effects (miniature, retro, toy camera, etc.).",PRESENT_X,CAMERA_1,13~75
213,8,CAMERA_1,['CAMERA_1'],"{'CAMERA_1': ['preset_modes', 'weight', 'settings', 'effects', 'color'], 'CAMERA_2': [], 'CAMERA_3': []}",C_SILENT_OR_BACKCHANNEL,CAMERA_1,NONE,interesting ok,PRESENT_X,CAMERA_1,S_INTRODUCES_FEATURE,CAMERA_1,color,This one comes in blue or black.,PRESENT_X,CAMERA_1,18~31
213,9,CAMERA_3,"['CAMERA_1', 'CAMERA_3']","{'CAMERA_1': ['preset_modes', 'weight', 'settings', 'effects', 'color'], 'CAMERA_2': [], 'CAMERA_3': []}",C_ANYTHING_ELSE_AVAILABLE,CAMERA_1,NONE,ok do you have any other cameras that can just look at,PRESENT_X,CAMERA_1,S_INTRODUCES_CAMERA,CAMERA_3,,Let me show you this. Here we have the Fujifilm PowerShot ELPH S2800.,PRESENT_X,CAMERA_3,39~68
213,10,CAMERA_3,"['CAMERA_1', 'CAMERA_3']","{'CAMERA_1': ['preset_modes', 'weight', 'settings', 'effects', 'color'], 'CAMERA_2': [], 'CAMERA_3': ['long_exposure']}",C_QUESTION_ABOUT_FEATURE,CAMERA_3,long_exposure,and I see that it does long exposures does it have bulb mode,PRESENT_X,CAMERA_3,S_ANSWERS_QUESTION_ABOUT_FEATURE,CAMERA_3,long_exposure,This one can take long exposures up to 30 minutes max with bulb mode.,PRESENT_X,CAMERA_3,39~68
213,11,CAMERA_3,"['CAMERA_1', 'CAMERA_3']","{'CAMERA_1': ['preset_modes', 'weight', 'settings', 'effects', 'color'], 'CAMERA_2': [], 'CAMERA_3': ['long_exposure', 'preset_modes']}",C_QUESTION_ABOUT_FEATURE,CAMERA_3,preset_modes,does it have any preset mode ready to use,PRESENT_X,CAMERA_3,S_ANSWERS_QUESTION_ABOUT_FEATURE,CAMERA_3,preset_modes,This one has various preset modes.,PRESENT_X,CAMERA_3,13~33
213,12,CAMERA_3,"['CAMERA_1', 'CAMERA_3']","{'CAMERA_1': ['preset_modes', 'weight', 'settings', 'effects', 'color'], 'CAMERA_2': [], 'CAMERA_3': ['long_exposure', 'preset_modes', 'autofocus_points']}",C_SILENT_OR_BACKCHANNEL,CAMERA_3,NONE,that's pretty funky,PRESENT_X,CAMERA_3,S_INTRODUCES_FEATURE,CAMERA_3,autofocus_points,This one has 214 autofocus points.,PRESENT_X,CAMERA_3,13~33
213,13,CAMERA_3,"['CAMERA_1', 'CAMERA_3']","{'CAMERA_1': ['preset_modes', 'weight', 'settings', 'effects', 'color'], 'CAMERA_2': [], 'CAMERA_3': ['long_exposure', 'preset_modes', 'autofocus_points', 'price']}",C_SILENT_OR_BACKCHANNEL,CAMERA_3,NONE,okay that sounds great,PRESENT_X,CAMERA_3,S_INTRODUCES_FEATURE,CAMERA_3,price,This one costs $518.,PRESENT_X,CAMERA_3,15~19
213,14,CAMERA_3,"['CAMERA_1', 'CAMERA_3']","{'CAMERA_1': ['preset_modes', 'weight', 'settings', 'effects', 'color'], 'CAMERA_2': [], 'CAMERA_3': ['long_exposure', 'preset_modes', 'autofocus_points', 'price', 'ISO']}",C_SILENT_OR_BACKCHANNEL,CAMERA_3,NONE,nice how much is a pricing,PRESENT_X,CAMERA_3,S_INTRODUCES_FEATURE,CAMERA_3,ISO,This one has up to 3200 ISO with little noise.,PRESENT_X,CAMERA_3,13~45
213,15,CAMERA_2,"['CAMERA_1', 'CAMERA_3', 'CAMERA_2']","{'CAMERA_1': ['preset_modes', 'weight', 'settings', 'effects', 'color'], 'CAMERA_2': [], 'CAMERA_3': ['long_exposure', 'preset_modes', 'autofocus_points', 'price', 'ISO']}",C_ANYTHING_ELSE_AVAILABLE,CAMERA_3,NONE,that's good that's okay I like it when do you have other models in this area,PRESENT_X,CAMERA_3,S_INTRODUCES_CAMERA,CAMERA_2,,Let me show you this. Here we have the Fujifilm Lumix ILC Camera.,PRESENT_X,CAMERA_2,39~64
213,16,CAMERA_2,"['CAMERA_1', 'CAMERA_3', 'CAMERA_2']","{'CAMERA_1': ['preset_modes', 'weight', 'settings', 'effects', 'color'], 'CAMERA_2': ['settings'], 'CAMERA_3': ['long_exposure', 'preset_modes', 'autofocus_points', 'price', 'ISO']}",C_SILENT_OR_BACKCHANNEL,CAMERA_2,NONE,IC,PRESENT_X,CAMERA_2,S_INTRODUCES_FEATURE,CAMERA_2,settings,"This one has manual control and various automatic settings (video modeburst shooting, etc.).",PRESENT_X,CAMERA_2,13~91
213,17,CAMERA_2,"['CAMERA_1', 'CAMERA_3', 'CAMERA_2']","{'CAMERA_1': ['preset_modes', 'weight', 'settings', 'effects', 'color'], 'CAMERA_2': ['settings', 'resolution'], 'CAMERA_3': ['long_exposure', 'preset_modes', 'autofocus_points', 'price', 'ISO']}",C_SILENT_OR_BACKCHANNEL,CAMERA_2,NONE,sounds good,PRESENT_X,CAMERA_2,S_INTRODUCES_FEATURE,CAMERA_2,resolution,This one has 23.8 megapixels resolution.,PRESENT_X,CAMERA_2,13~28
213,18,NONE,"['CAMERA_1', 'CAMERA_3', 'CAMERA_2']","{'CAMERA_1': ['preset_modes', 'weight', 'settings', 'effects', 'color'], 'CAMERA_2': ['settings', 'resolution'], 'CAMERA_3': ['long_exposure', 'preset_modes', 'autofocus_points', 'price', 'ISO']}",C_THANK_YOU,CAMERA_2,NONE,thank you very much,PRESENT_X,CAMERA_2,S_THANK_YOU,CAMERA_2,NONE,thank you very much.,FACE_TO_FACE,NONE,
213,19,NONE,"['CAMERA_1', 'CAMERA_3', 'CAMERA_2']","{'CAMERA_1': ['preset_modes', 'weight', 'settings', 'effects', 'color'], 'CAMERA_2': ['settings', 'resolution'], 'CAMERA_3': ['long_exposure', 'preset_modes', 'autofocus_points', 'price', 'ISO']}",C_LEAVES,DOOR,NONE,,FACE_TO_FACE,NONE,S_RETURNS_TO_COUNTER,SERVICE_COUNTER,NONE,,WAITING,NONE,
214,1,NONE,[],"{'CAMERA_1': [], 'CAMERA_2': [], 'CAMERA_3': []}",C_ENTERS,DOOR,NONE,,WAITING,NONE,S_NONE,SERVICE_COUNTER,NONE,,WAITING,NONE,
214,2,NONE,[],"{'CAMERA_1': [], 'CAMERA_2': [], 'CAMERA_3': []}",C_GREETS,MIDDLE,NONE,oh I'm sorry I forgot I forgot I forgot to ask you what's optical zoom,WAITING,NONE,S_GREETS,MIDDLE,NONE,can I help you?,FACE_TO_FACE,NONE,
214,3,CAMERA_3,['CAMERA_3'],"{'CAMERA_1': [], 'CAMERA_2': [], 'CAMERA_3': []}",C_LOOKING_FOR_A_CAMERA,MIDDLE,NONE,I'm just looking around,FACE_TO_FACE,NONE,S_INTRODUCES_CAMERA,CAMERA_3,,Let me show you this. Here we have the Fujifilm PowerShot ELPH S2800.,PRESENT_X,CAMERA_3,39~68
214,4,CAMERA_3,['CAMERA_3'],"{'CAMERA_1': [], 'CAMERA_2': [], 'CAMERA_3': ['long_exposure']}",C_SILENT_OR_BACKCHANNEL,CAMERA_3,NONE,ok,PRESENT_X,CAMERA_3,S_INTRODUCES_FEATURE,CAMERA_3,long_exposure,This one can take long exposures up to 30 minutes max with bulb mode.,PRESENT_X,CAMERA_3,39~68
214,5,CAMERA_2,"['CAMERA_3', 'CAMERA_2']","{'CAMERA_1': [], 'CAMERA_2': [], 'CAMERA_3': ['long_exposure']}",C_ANYTHING_ELSE_AVAILABLE,CAMERA_3,NONE,ok do you have any other cameras,PRESENT_X,CAMERA_3,S_INTRODUCES_CAMERA,CAMERA_2,,Let me show you this. Here we have the Fujifilm Lumix ILC Camera.,PRESENT_X,CAMERA_2,39~64
214,6,CAMERA_2,"['CAMERA_3', 'CAMERA_2']","{'CAMERA_1': [], 'CAMERA_2': ['long_exposure'], 'CAMERA_3': ['long_exposure']}",C_SILENT_OR_BACKCHANNEL,CAMERA_2,NONE,okay,PRESENT_X,CAMERA_2,S_INTRODUCES_FEATURE,CAMERA_2,long_exposure,This one can take long exposures up to 60 minutes max with bulb mode.,PRESENT_X,CAMERA_2,39~68
214,7,CAMERA_2,"['CAMERA_3', 'CAMERA_2']","{'CAMERA_1': [], 'CAMERA_2': ['long_exposure', 'settings'], 'CAMERA_3': ['long_exposure']}",C_SILENT_OR_BACKCHANNEL,CAMERA_2,NONE,ok,PRESENT_X,CAMERA_2,S_INTRODUCES_FEATURE,CAMERA_2,settings,"This one has manual control and various automatic settings (video modeburst shooting, etc.).",PRESENT_X,CAMERA_2,13~91
214,8,CAMERA_2,"['CAMERA_3', 'CAMERA_2']","{'CAMERA_1': [], 'CAMERA_2': ['long_exposure', 'settings', 'resolution'], 'CAMERA_3': ['long_exposure']}",C_SILENT_OR_BACKCHANNEL,CAMERA_2,NONE,ok,PRESENT_X,CAMERA_2,S_INTRODUCES_FEATURE,CAMERA_2,resolution,This one has 23.8 megapixels resolution.,PRESENT_X,CAMERA_2,13~28
214,9,CAMERA_2,"['CAMERA_3', 'CAMERA_2']","{'CAMERA_1': [], 'CAMERA_2': ['long_exposure', 'settings', 'resolution', 'price'], 'CAMERA_3': ['long_exposure']}",C_SILENT_OR_BACKCHANNEL,CAMERA_2,NONE,IC,PRESENT_X,CAMERA_2,S_INTRODUCES_FEATURE,CAMERA_2,price,This one costs $768.,PRESENT_X,CAMERA_2,15~19
214,10,CAMERA_2,"['CAMERA_3', 'CAMERA_2']","{'CAMERA_1': [], 'CAMERA_2': ['long_exposure', 'settings', 'resolution', 'price', 'autofocus_points'], 'CAMERA_3': ['long_exposure']}",C_QUESTION_ABOUT_FEATURE,CAMERA_2,autofocus_points,what is the auto focus points for this camera,PRESENT_X,CAMERA_2,S_NOT_SURE,CAMERA_2,,I'm not really sure about that.,PRESENT_X,CAMERA_2,
214,11,NONE,"['CAMERA_3', 'CAMERA_2']","{'CAMERA_1': [], 'CAMERA_2': ['long_exposure', 'settings', 'resolution', 'price', 'autofocus_points'], 'CAMERA_3': ['long_exposure']}",C_THANK_YOU,CAMERA_2,NONE,alright thanks,PRESENT_X,CAMERA_2,S_THANK_YOU,CAMERA_2,NONE,thank you very much.,FACE_TO_FACE,NONE,
214,12,NONE,"['CAMERA_3', 'CAMERA_2']","{'CAMERA_1': [], 'CAMERA_2': ['long_exposure', 'settings', 'resolution', 'price', 'autofocus_points'], 'CAMERA_3': ['long_exposure']}",C_LEAVES,DOOR,NONE,,FACE_TO_FACE,NONE,S_RETURNS_TO_COUNTER,SERVICE_COUNTER,NONE,,WAITING,NONE,
215,1,NONE,[],"{'CAMERA_1': [], 'CAMERA_2': [], 'CAMERA_3': []}",C_ENTERS,DOOR,NONE,,WAITING,NONE,S_NONE,SERVICE_COUNTER,NONE,,WAITING,NONE,
215,2,NONE,[],"{'CAMERA_1': [], 'CAMERA_2': [], 'CAMERA_3': []}",C_WALKS_TO_CAMERA,CAMERA_1,NONE,,WAITING,NONE,S_NONE,SERVICE_COUNTER,NONE,,WAITING,NONE,
215,3,NONE,[],"{'CAMERA_1': [], 'CAMERA_2': [], 'CAMERA_3': []}",C_EXAMINES_CAMERA,CAMERA_1,NONE,,WAITING,NONE,S_NONE,SERVICE_COUNTER,NONE,,WAITING,NONE,
215,4,NONE,[],"{'CAMERA_1': [], 'CAMERA_2': [], 'CAMERA_3': []}",C_EXAMINES_CAMERA,CAMERA_1,NONE,,WAITING,NONE,S_GREETS,CAMERA_1,NONE,can I help you?,FACE_TO_FACE,NONE,
215,5,CAMERA_2,['CAMERA_2'],"{'CAMERA_1': [], 'CAMERA_2': [], 'CAMERA_3': []}",C_LOOKING_FOR_A_CAMERA,CAMERA_1,NONE,I'm looking for a new camera,FACE_TO_FACE,NONE,S_INTRODUCES_CAMERA,CAMERA_2,,Let me show you this. Here we have the Fujifilm Lumix ILC Camera.,PRESENT_X,CAMERA_2,39~64
215,6,CAMERA_2,['CAMERA_2'],"{'CAMERA_1': [], 'CAMERA_2': ['effects'], 'CAMERA_3': []}",C_SILENT_OR_BACKCHANNEL,CAMERA_2,NONE,that sounds good,PRESENT_X,CAMERA_2,S_INTRODUCES_FEATURE,CAMERA_2,effects,"This one has 24 artistic effect modes (retro, lighter or darker skin tones, sepia, etc.).",PRESENT_X,CAMERA_2,13~88
215,7,CAMERA_2,['CAMERA_2'],"{'CAMERA_1': [], 'CAMERA_2': ['effects', 'resolution'], 'CAMERA_3': []}",C_QUESTION_ABOUT_FEATURE,CAMERA_2,resolution,how many megapixels does this got,PRESENT_X,CAMERA_2,S_ANSWERS_QUESTION_ABOUT_FEATURE,CAMERA_2,resolution,This one has 23.8 megapixels resolution.,PRESENT_X,CAMERA_2,13~28
215,8,CAMERA_2,['CAMERA_2'],"{'CAMERA_1': [], 'CAMERA_2': ['effects', 'resolution', 'camera_type'], 'CAMERA_3': []}",C_SILENT_OR_BACKCHANNEL,CAMERA_2,NONE,ok let's see,PRESENT_X,CAMERA_2,S_INTRODUCES_FEATURE,CAMERA_2,camera_type,This is a digital single lens mirrorless camera.,PRESENT_X,CAMERA_2,10~40
215,9,CAMERA_2,['CAMERA_2'],"{'CAMERA_1': [], 'CAMERA_2': ['effects', 'resolution', 'camera_type', 'price'], 'CAMERA_3': []}",C_SILENT_OR_BACKCHANNEL,CAMERA_2,NONE,great so no matter how bad the light that can be photoshopped or modified on my computer,PRESENT_X,CAMERA_2,S_INTRODUCES_FEATURE,CAMERA_2,price,This one costs $768.,PRESENT_X,CAMERA_2,15~19
215,10,CAMERA_2,['CAMERA_2'],"{'CAMERA_1': [], 'CAMERA_2': ['effects', 'resolution', 'camera_type', 'price', 'sensor_size'], 'CAMERA_3': []}",C_SILENT_OR_BACKCHANNEL,CAMERA_2,NONE,that's great we're by the way,PRESENT_X,CAMERA_2,S_INTRODUCES_FEATURE,CAMERA_2,sensor_size,This one has a 1/2.33 inch sensor.,PRESENT_X,CAMERA_2,15~33
215,11,CAMERA_1,"['CAMERA_2', 'CAMERA_1']","{'CAMERA_1': [], 'CAMERA_2': ['effects', 'resolution', 'camera_type', 'price', 'sensor_size'], 'CAMERA_3': []}",C_ANYTHING_ELSE_AVAILABLE,CAMERA_2,NONE,okay do you have any other cameras I might be interested,PRESENT_X,CAMERA_2,S_INTRODUCES_CAMERA,CAMERA_1,,Let me show you this. Here we have the Sony PowerShot ELPH DMC-ZS3.,PRESENT_X,CAMERA_1,39~66
215,12,CAMERA_1,"['CAMERA_2', 'CAMERA_1']","{'CAMERA_1': ['price'], 'CAMERA_2': ['effects', 'resolution', 'camera_type', 'price', 'sensor_size'], 'CAMERA_3': []}",C_SILENT_OR_BACKCHANNEL,CAMERA_1,NONE,okay,PRESENT_X,CAMERA_1,S_INTRODUCES_FEATURE,CAMERA_1,price,This one costs $450.,PRESENT_X,CAMERA_1,15~19
215,13,CAMERA_3,"['CAMERA_2', 'CAMERA_1', 'CAMERA_3']","{'CAMERA_1': ['price'], 'CAMERA_2': ['effects', 'resolution', 'camera_type', 'price', 'sensor_size'], 'CAMERA_3': []}",C_ANYTHING_ELSE_AVAILABLE,CAMERA_1,NONE,Do you have any other cameras under $300,PRESENT_X,CAMERA_1,S_INTRODUCES_CAMERA,CAMERA_3,,Let me show you this. Here we have the Fujifilm PowerShot ELPH S2800.,PRESENT_X,CAMERA_3,39~68
215,14,CAMERA_3,"['CAMERA_2', 'CAMERA_1', 'CAMERA_3']","{'CAMERA_1': ['price'], 'CAMERA_2': ['effects', 'resolution', 'camera_type', 'price', 'sensor_size'], 'CAMERA_3': ['effects']}",C_QUESTION_ABOUT_FEATURE,CAMERA_3,effects,what about the artistic effect,PRESENT_X,CAMERA_3,S_ANSWERS_QUESTION_ABOUT_FEATURE,CAMERA_3,effects,"This one has 21 photo effects (small face, retro, big eyes, etc.).",PRESENT_X,CAMERA_3,13~65
215,15,CAMERA_3,"['CAMERA_2', 'CAMERA_1', 'CAMERA_3']","{'CAMERA_1': ['price'], 'CAMERA_2': ['effects', 'resolution', 'camera_type', 'price', 'sensor_size'], 'CAMERA_3': ['effects', 'autofocus_points']}",C_QUESTION_ABOUT_FEATURE,CAMERA_3,autofocus_points,yes I wanted to know how many points does it have,PRESENT_X,CAMERA_3,S_ANSWERS_QUESTION_ABOUT_FEATURE,CAMERA_3,autofocus_points,This one has 214 autofocus points.,PRESENT_X,CAMERA_3,13~33
215,16,CAMERA_3,"['CAMERA_2', 'CAMERA_1', 'CAMERA_3']","{'CAMERA_1': ['price'], 'CAMERA_2': ['effects', 'resolution', 'camera_type', 'price', 'sensor_size'], 'CAMERA_3': ['effects', 'autofocus_points', 'camera_type']}",C_QUESTION_ABOUT_FEATURE,CAMERA_3,camera_type,Is this a mirrorless camera?,PRESENT_X,CAMERA_3,S_ANSWERS_QUESTION_ABOUT_FEATURE,CAMERA_3,camera_type,This is a point and shoot camera.,PRESENT_X,CAMERA_3,10~25
215,17,CAMERA_3,"['CAMERA_2', 'CAMERA_1', 'CAMERA_3']","{'CAMERA_1': ['price'], 'CAMERA_2': ['effects', 'resolution', 'camera_type', 'price', 'sensor_size'], 'CAMERA_3': ['effects', 'autofocus_points', 'camera_type', 'preset_modes']}",C_SILENT_OR_BACKCHANNEL,CAMERA_3,NONE,IC,PRESENT_X,CAMERA_3,S_INTRODUCES_FEATURE,CAMERA_3,preset_modes,This one has various preset modes.,PRESENT_X,CAMERA_3,13~33
215,18,CAMERA_3,"['CAMERA_2', 'CAMERA_1', 'CAMERA_3']","{'CAMERA_1': ['price'], 'CAMERA_2': ['effects', 'resolution', 'camera_type', 'price', 'sensor_size'], 'CAMERA_3': ['effects', 'autofocus_points', 'camera_type', 'preset_modes', 'resolution']}",C_SILENT_OR_BACKCHANNEL,CAMERA_3,NONE,ok,PRESENT_X,CAMERA_3,S_INTRODUCES_FEATURE,CAMERA_3,resolution,This one has 23.2 megapixels resolution.,PRESENT_X,CAMERA_3,13~28
215,19,CAMERA_3,"['CAMERA_2', 'CAMERA_1', 'CAMERA_3']","{'CAMERA_1': ['price'], 'CAMERA_2': ['effects', 'resolution', 'camera_type', 'price', 'sensor_size'], 'CAMERA_3': ['effects', 'autofocus_points', 'camera_type', 'preset_modes', 'resolution', 'sensor_size']}",C_SILENT_OR_BACKCHANNEL,CAMERA_3,NONE,ok,PRESENT_X,CAMERA_3,S_INTRODUCES_FEATURE,CAMERA_3,sensor_size,This one has a full frame.,PRESENT_X,CAMERA_3,15~25
215,20,CAMERA_3,"['CAMERA_2', 'CAMERA_1', 'CAMERA_3']","{'CAMERA_1': ['price'], 'CAMERA_2': ['effects', 'resolution', 'camera_type', 'price', 'sensor_size'], 'CAMERA_3': ['effects', 'autofocus_points', 'camera_type', 'preset_modes', 'resolution', 'sensor_size', 'optical_zoom']}",C_QUESTION_ABOUT_FEATURE,CAMERA_3,optical_zoom,what what is the what is the of the optical zoom how does it work how far can I zoom,PRESENT_X,CAMERA_3,S_NOT_SURE,CAMERA_3,,I'm not really sure about that.,PRESENT_X,CAMERA_3,
215,21,CAMERA_3,"['CAMERA_2', 'CAMERA_1', 'CAMERA_3']","{'CAMERA_1': ['price'], 'CAMERA_2': ['effects', 'resolution', 'camera_type', 'price', 'sensor_size'], 'CAMERA_3': ['effects', 'autofocus_points', 'camera_type', 'preset_modes', 'resolution', 'sensor_size', 'optical_zoom', 'color']}",C_SILENT_OR_BACKCHANNEL,CAMERA_3,NONE,okay,PRESENT_X,CAMERA_3,S_INTRODUCES_FEATURE,CAMERA_3,color,"This one comes in purple, white, silver, blue, red, or pink.",PRESENT_X,CAMERA_3,18~59
215,22,CAMERA_3,"['CAMERA_2', 'CAMERA_1', 'CAMERA_3']","{'CAMERA_1': ['price'], 'CAMERA_2': ['effects', 'resolution', 'camera_type', 'price', 'sensor_size'], 'CAMERA_3': ['effects', 'autofocus_points', 'camera_type', 'preset_modes', 'resolution', 'sensor_size', 'optical_zoom', 'color', 'long_exposure']}",C_SILENT_OR_BACKCHANNEL,CAMERA_3,NONE,so it can be saved on a computer Library,PRESENT_X,CAMERA_3,S_INTRODUCES_FEATURE,CAMERA_3,long_exposure,This one can take long exposures up to 30 minutes max with bulb mode.,PRESENT_X,CAMERA_3,39~68
215,23,CAMERA_3,"['CAMERA_2', 'CAMERA_1', 'CAMERA_3']","{'CAMERA_1': ['price'], 'CAMERA_2': ['effects', 'resolution', 'camera_type', 'price', 'sensor_size'], 'CAMERA_3': ['effects', 'autofocus_points', 'camera_type', 'preset_modes', 'resolution', 'sensor_size', 'optical_zoom', 'color', 'long_exposure', 'ISO']}",C_QUESTION_ABOUT_FEATURE,CAMERA_3,ISO,in the iso what is the ISO on this camera,PRESENT_X,CAMERA_3,S_ANSWERS_QUESTION_ABOUT_FEATURE,CAMERA_3,ISO,This one has up to 3200 ISO with little noise.,PRESENT_X,CAMERA_3,13~45
215,24,CAMERA_3,"['CAMERA_2', 'CAMERA_1', 'CAMERA_3']","{'CAMERA_1': ['price'], 'CAMERA_2': ['effects', 'resolution', 'camera_type', 'price', 'sensor_size'], 'CAMERA_3': ['effects', 'autofocus_points', 'camera_type', 'preset_modes', 'resolution', 'sensor_size', 'optical_zoom', 'color', 'long_exposure', 'ISO', 'weight']}",C_QUESTION_ABOUT_FEATURE,CAMERA_3,weight,what is the weight of this camera,PRESENT_X,CAMERA_3,S_ANSWERS_QUESTION_ABOUT_FEATURE,CAMERA_3,weight,This one weighs 820 grams.,PRESENT_X,CAMERA_3,16~25
215,25,CAMERA_3,"['CAMERA_2', 'CAMERA_1', 'CAMERA_3']","{'CAMERA_1': ['price'], 'CAMERA_2': ['effects', 'resolution', 'camera_type', 'price', 'sensor_size'], 'CAMERA_3': ['effects', 'autofocus_points', 'camera_type', 'preset_modes', 'resolution', 'sensor_size', 'optical_zoom', 'color', 'long_exposure', 'ISO', 'weight', 'price']}",C_SILENT_OR_BACKCHANNEL,CAMERA_3,NONE,huh,PRESENT_X,CAMERA_3,S_INTRODUCES_FEATURE,CAMERA_3,price,This one costs $518.,PRESENT_X,CAMERA_3,15~19
215,26,,"['CAMERA_2', 'CAMERA_1', 'CAMERA_3']","{'CAMERA_1': ['price'], 'CAMERA_2': ['effects', 'resolution', 'camera_type', 'price', 'sensor_size'], 'CAMERA_3': ['effects', 'autofocus_points', 'camera_type', 'preset_modes', 'resolution', 'sensor_size', 'optical_zoom', 'color', 'long_exposure', 'ISO', 'weight', 'price']}",C_ANYTHING_ELSE_AVAILABLE,CAMERA_3,NONE,do you have any other cameras with preset mode,PRESENT_X,CAMERA_3,S_THATS_ALL_WE_HAVE_AVAILABLE,CAMERA_3,,That's all we have available at the moment.,PRESENT_X,CAMERA_3,
215,27,NONE,"['CAMERA_2', 'CAMERA_1', 'CAMERA_3']","{'CAMERA_1': ['price'], 'CAMERA_2': ['effects', 'resolution', 'camera_type', 'price', 'sensor_size'], 'CAMERA_3': ['effects', 'autofocus_points', 'camera_type', 'preset_modes', 'resolution', 'sensor_size', 'optical_zoom', 'color', 'long_exposure', 'ISO', 'weight', 'price']}",C_THANK_YOU,CAMERA_3,NONE,alright thank you very much,PRESENT_X,CAMERA_3,S_THANK_YOU,CAMERA_3,NONE,thank you very much.,FACE_TO_FACE,NONE,
215,28,NONE,"['CAMERA_2', 'CAMERA_1', 'CAMERA_3']","{'CAMERA_1': ['price'], 'CAMERA_2': ['effects', 'resolution', 'camera_type', 'price', 'sensor_size'], 'CAMERA_3': ['effects', 'autofocus_points', 'camera_type', 'preset_modes', 'resolution', 'sensor_size', 'optical_zoom', 'color', 'long_exposure', 'ISO', 'weight', 'price']}",C_LEAVES,DOOR,NONE,,FACE_TO_FACE,NONE,S_RETURNS_TO_COUNTER,SERVICE_COUNTER,NONE,,WAITING,NONE,
216,1,NONE,[],"{'CAMERA_1': [], 'CAMERA_2': [], 'CAMERA_3': []}",C_ENTERS,DOOR,NONE,,WAITING,NONE,S_NONE,SERVICE_COUNTER,NONE,,WAITING,NONE,
216,2,NONE,[],"{'CAMERA_1': [], 'CAMERA_2': [], 'CAMERA_3': []}",C_WALKS_TO_CAMERA,CAMERA_3,NONE,,WAITING,NONE,S_GREETS,CAMERA_3,NONE,can I help you?,FACE_TO_FACE,NONE,
216,3,CAMERA_2,['CAMERA_2'],"{'CAMERA_1': [], 'CAMERA_2': [], 'CAMERA_3': []}",C_LOOKING_FOR_A_CAMERA,CAMERA_3,NONE,I'm looking for camera to take family pictures,FACE_TO_FACE,NONE,S_INTRODUCES_CAMERA,CAMERA_2,,Let me show you this. Here we have the Fujifilm Lumix ILC Camera.,PRESENT_X,CAMERA_2,39~64
216,4,CAMERA_2,['CAMERA_2'],"{'CAMERA_1': [], 'CAMERA_2': ['effects'], 'CAMERA_3': []}",C_SILENT_OR_BACKCHANNEL,CAMERA_2,NONE,IC,PRESENT_X,CAMERA_2,S_INTRODUCES_FEATURE,CAMERA_2,effects,"This one has 24 artistic effect modes (retro, lighter or darker skin tones, sepia, etc.).",PRESENT_X,CAMERA_2,13~88
216,5,CAMERA_2,['CAMERA_2'],"{'CAMERA_1': [], 'CAMERA_2': ['effects', 'price'], 'CAMERA_3': []}",C_QUESTION_ABOUT_FEATURE,CAMERA_2,price,and what is the price on this,PRESENT_X,CAMERA_2,S_ANSWERS_QUESTION_ABOUT_FEATURE,CAMERA_2,price,This one costs $768.,PRESENT_X,CAMERA_2,15~19
216,6,CAMERA_2,['CAMERA_2'],"{'CAMERA_1': [], 'CAMERA_2': ['effects', 'price', 'resolution'], 'CAMERA_3': []}",C_SILENT_OR_BACKCHANNEL,CAMERA_2,NONE,ok,PRESENT_X,CAMERA_2,S_INTRODUCES_FEATURE,CAMERA_2,resolution,This one has 23.8 megapixels resolution.,PRESENT_X,CAMERA_2,13~28
216,7,CAMERA_2,['CAMERA_2'],"{'CAMERA_1': [], 'CAMERA_2': ['effects', 'price', 'resolution', 'camera_type'], 'CAMERA_3': []}",C_QUESTION_ABOUT_FEATURE,CAMERA_2,camera_type,is this a DSLR camera,PRESENT_X,CAMERA_2,S_ANSWERS_QUESTION_ABOUT_FEATURE,CAMERA_2,camera_type,This is a digital single lens mirrorless camera.,PRESENT_X,CAMERA_2,10~40
216,8,CAMERA_2,['CAMERA_2'],"{'CAMERA_1': [], 'CAMERA_2': ['effects', 'price', 'resolution', 'camera_type', 'preset_modes'], 'CAMERA_3': []}",C_QUESTION_ABOUT_FEATURE,CAMERA_2,preset_modes,do they have pet mode,PRESENT_X,CAMERA_2,S_NOT_SURE,CAMERA_2,,I'm not really sure about that.,PRESENT_X,CAMERA_2,
216,9,CAMERA_1,"['CAMERA_2', 'CAMERA_1']","{'CAMERA_1': [], 'CAMERA_2': ['effects', 'price', 'resolution', 'camera_type', 'preset_modes'], 'CAMERA_3': []}",C_ANYTHING_ELSE_AVAILABLE,CAMERA_2,NONE,maybe did you have a another camera you recommend,PRESENT_X,CAMERA_2,S_INTRODUCES_CAMERA,CAMERA_1,,Let me show you this. Here we have the Sony PowerShot ELPH DMC-ZS3.,PRESENT_X,CAMERA_1,39~66
216,10,CAMERA_1,"['CAMERA_2', 'CAMERA_1']","{'CAMERA_1': ['settings'], 'CAMERA_2': ['effects', 'price', 'resolution', 'camera_type', 'preset_modes'], 'CAMERA_3': []}",C_QUESTION_ABOUT_FEATURE,CAMERA_1,settings,does it comes with manual settings,PRESENT_X,CAMERA_1,S_ANSWERS_QUESTION_ABOUT_FEATURE,CAMERA_1,settings,This one has limited manual settings.,PRESENT_X,CAMERA_1,13~36
216,11,NONE,"['CAMERA_2', 'CAMERA_1']","{'CAMERA_1': ['settings'], 'CAMERA_2': ['effects', 'price', 'resolution', 'camera_type', 'preset_modes'], 'CAMERA_3': []}",C_THANK_YOU,CAMERA_1,NONE,thank you,PRESENT_X,CAMERA_1,S_THANK_YOU,CAMERA_1,NONE,thank you very much.,FACE_TO_FACE,NONE,
216,12,NONE,"['CAMERA_2', 'CAMERA_1']","{'CAMERA_1': ['settings'], 'CAMERA_2': ['effects', 'price', 'resolution', 'camera_type', 'preset_modes'], 'CAMERA_3': []}",C_LEAVES,DOOR,NONE,,FACE_TO_FACE,NONE,S_RETURNS_TO_COUNTER,SERVICE_COUNTER,NONE,,WAITING,NONE,
217,1,NONE,[],"{'CAMERA_1': [], 'CAMERA_2': [], 'CAMERA_3': []}",C_ENTERS,DOOR,NONE,,WAITING,NONE,S_NONE,SERVICE_COUNTER,NONE,,WAITING,NONE,
217,2,NONE,[],"{'CAMERA_1': [], 'CAMERA_2': [], 'CAMERA_3': []}",C_GREETS,MIDDLE,NONE,hello,WAITING,NONE,S_GREETS,MIDDLE,NONE,can I help you?,FACE_TO_FACE,NONE,
217,3,CAMERA_2,['CAMERA_2'],"{'CAMERA_1': [], 'CAMERA_2': [], 'CAMERA_3': []}",C_LOOKING_FOR_A_CAMERA,MIDDLE,NONE,just looking to buy a camera,FACE_TO_FACE,NONE,S_INTRODUCES_CAMERA,CAMERA_2,,Let me show you this. Here we have the Fujifilm Lumix ILC Camera.,PRESENT_X,CAMERA_2,39~64
217,4,CAMERA_2,['CAMERA_2'],"{'CAMERA_1': [], 'CAMERA_2': ['long_exposure'], 'CAMERA_3': []}",C_QUESTION_ABOUT_FEATURE,CAMERA_2,long_exposure,what's the long exposure,PRESENT_X,CAMERA_2,S_ANSWERS_QUESTION_ABOUT_FEATURE,CAMERA_2,long_exposure,This one can take long exposures up to 60 minutes max with bulb mode.,PRESENT_X,CAMERA_2,39~68
217,5,CAMERA_2,['CAMERA_2'],"{'CAMERA_1': [], 'CAMERA_2': ['long_exposure', 'price'], 'CAMERA_3': []}",C_QUESTION_ABOUT_FEATURE,CAMERA_2,price,how much does this cost,PRESENT_X,CAMERA_2,S_ANSWERS_QUESTION_ABOUT_FEATURE,CAMERA_2,price,This one costs $768.,PRESENT_X,CAMERA_2,15~19
217,6,CAMERA_2,['CAMERA_2'],"{'CAMERA_1': [], 'CAMERA_2': ['long_exposure', 'price', 'effects'], 'CAMERA_3': []}",C_SILENT_OR_BACKCHANNEL,CAMERA_2,NONE,not too bad,PRESENT_X,CAMERA_2,S_INTRODUCES_FEATURE,CAMERA_2,effects,"This one has 24 artistic effect modes (retro, lighter or darker skin tones, sepia, etc.).",PRESENT_X,CAMERA_2,13~88
217,7,NONE,['CAMERA_2'],"{'CAMERA_1': [], 'CAMERA_2': ['long_exposure', 'price', 'effects'], 'CAMERA_3': []}",C_THANK_YOU,CAMERA_2,NONE,thank you,PRESENT_X,CAMERA_2,S_THANK_YOU,CAMERA_2,NONE,thank you very much.,FACE_TO_FACE,NONE,
217,8,NONE,['CAMERA_2'],"{'CAMERA_1': [], 'CAMERA_2': ['long_exposure', 'price', 'effects'], 'CAMERA_3': []}",C_LEAVES,DOOR,NONE,,FACE_TO_FACE,NONE,S_RETURNS_TO_COUNTER,SERVICE_COUNTER,NONE,,WAITING,NONE,
218,1,NONE,[],"{'CAMERA_1': [], 'CAMERA_2': [], 'CAMERA_3': []}",C_ENTERS,DOOR,NONE,,WAITING,NONE,S_NONE,SERVICE_COUNTER,NONE,,WAITING,NONE,
218,2,NONE,[],"{'CAMERA_1': [], 'CAMERA_2': [], 'CAMERA_3': []}",C_GREETS,MIDDLE,NONE,excuse me,WAITING,NONE,S_GREETS,MIDDLE,NONE,can I help you?,FACE_TO_FACE,NONE,
218,3,CAMERA_3,['CAMERA_3'],"{'CAMERA_1': [], 'CAMERA_2': [], 'CAMERA_3': []}",C_LOOKING_FOR_A_CAMERA,MIDDLE,NONE,I'm looking for simple camera,FACE_TO_FACE,NONE,S_INTRODUCES_CAMERA,CAMERA_3,,Let me show you this. Here we have the Fujifilm PowerShot ELPH S2800.,PRESENT_X,CAMERA_3,39~68
218,4,CAMERA_3,['CAMERA_3'],"{'CAMERA_1': [], 'CAMERA_2': [], 'CAMERA_3': ['color']}",C_QUESTION_ABOUT_FEATURE,CAMERA_3,color,Do you have it in any other colors,PRESENT_X,CAMERA_3,S_ANSWERS_QUESTION_ABOUT_FEATURE,CAMERA_3,color,"This one comes in purple, white, silver, blue, red, or pink.",PRESENT_X,CAMERA_3,18~59
218,5,CAMERA_3,['CAMERA_3'],"{'CAMERA_1': [], 'CAMERA_2': [], 'CAMERA_3': ['color', 'autofocus_points']}",C_QUESTION_ABOUT_FEATURE,CAMERA_3,autofocus_points,how many autofocus points does it have,PRESENT_X,CAMERA_3,S_ANSWERS_QUESTION_ABOUT_FEATURE,CAMERA_3,autofocus_points,This one has 214 autofocus points.,PRESENT_X,CAMERA_3,13~33
218,6,CAMERA_2,"['CAMERA_3', 'CAMERA_2']","{'CAMERA_1': [], 'CAMERA_2': [], 'CAMERA_3': ['color', 'autofocus_points']}",C_ANYTHING_ELSE_AVAILABLE,CAMERA_3,NONE,can you recommend another camera similar to this,PRESENT_X,CAMERA_3,S_INTRODUCES_CAMERA,CAMERA_2,,Let me show you this. Here we have the Fujifilm Lumix ILC Camera.,PRESENT_X,CAMERA_2,39~64
218,7,CAMERA_2,"['CAMERA_3', 'CAMERA_2']","{'CAMERA_1': [], 'CAMERA_2': ['effects'], 'CAMERA_3': ['color', 'autofocus_points']}",C_QUESTION_ABOUT_FEATURE,CAMERA_2,effects,something that can add an artistic effect,PRESENT_X,CAMERA_2,S_ANSWERS_QUESTION_ABOUT_FEATURE,CAMERA_2,effects,"This one has 24 artistic effect modes (retro, lighter or darker skin tones, sepia, etc.).",PRESENT_X,CAMERA_2,13~88
218,8,CAMERA_2,"['CAMERA_3', 'CAMERA_2']","{'CAMERA_1': [], 'CAMERA_2': ['effects', 'weight'], 'CAMERA_3': ['color', 'autofocus_points']}",C_SILENT_OR_BACKCHANNEL,CAMERA_2,NONE,what about the is so great how long is that,PRESENT_X,CAMERA_2,S_INTRODUCES_FEATURE,CAMERA_2,weight,This one weighs 820 grams.,PRESENT_X,CAMERA_2,16~25
218,9,CAMERA_2,"['CAMERA_3', 'CAMERA_2']","{'CAMERA_1': [], 'CAMERA_2': ['effects', 'weight', 'resolution'], 'CAMERA_3': ['color', 'autofocus_points']}",C_QUESTION_ABOUT_FEATURE,CAMERA_2,resolution,how many megapixels does this got,PRESENT_X,CAMERA_2,S_ANSWERS_QUESTION_ABOUT_FEATURE,CAMERA_2,resolution,This one has 23.8 megapixels resolution.,PRESENT_X,CAMERA_2,13~28
218,10,CAMERA_1,"['CAMERA_3', 'CAMERA_2', 'CAMERA_1']","{'CAMERA_1': [], 'CAMERA_2': ['effects', 'weight', 'resolution'], 'CAMERA_3': ['color', 'autofocus_points']}",C_ANYTHING_ELSE_AVAILABLE,CAMERA_2,NONE,okay do you have any other cameras I might be interested,PRESENT_X,CAMERA_2,S_INTRODUCES_CAMERA,CAMERA_1,,Let me show you this. Here we have the Sony PowerShot ELPH DMC-ZS3.,PRESENT_X,CAMERA_1,39~66
218,11,CAMERA_1,"['CAMERA_3', 'CAMERA_2', 'CAMERA_1']","{'CAMERA_1': ['camera_type'], 'CAMERA_2': ['effects', 'weight', 'resolution'], 'CAMERA_3': ['color', 'autofocus_points']}",C_QUESTION_ABOUT_FEATURE,CAMERA_1,camera_type,Is this a mirrorless camera?,PRESENT_X,CAMERA_1,S_ANSWERS_QUESTION_ABOUT_FEATURE,CAMERA_1,camera_type,This is a DSLR camera.,PRESENT_X,CAMERA_1,10~14
218,12,CAMERA_1,"['CAMERA_3', 'CAMERA_2', 'CAMERA_1']","{'CAMERA_1': ['camera_type', 'ISO'], 'CAMERA_2': ['effects', 'weight', 'resolution'], 'CAMERA_3': ['color', 'autofocus_points']}",C_QUESTION_ABOUT_FEATURE,CAMERA_1,ISO,what about this one with the ISO,PRESENT_X,CAMERA_1,S_ANSWERS_QUESTION_ABOUT_FEATURE,CAMERA_1,ISO,This one has up to 51200 ISO.,PRESENT_X,CAMERA_1,13~28
218,13,CAMERA_1,"['CAMERA_3', 'CAMERA_2', 'CAMERA_1']","{'CAMERA_1': ['camera_type', 'ISO', 'effects'], 'CAMERA_2': ['effects', 'weight', 'resolution'], 'CAMERA_3': ['color', 'autofocus_points']}",C_QUESTION_ABOUT_FEATURE,CAMERA_1,effects,okay let's see what about the artistic effect mode is it really good or is it ok,PRESENT_X,CAMERA_1,S_ANSWERS_QUESTION_ABOUT_FEATURE,CAMERA_1,effects,"This one has 24 glamor retouch effects (miniature, retro, toy camera, etc.).",PRESENT_X,CAMERA_1,13~75
218,14,CAMERA_1,"['CAMERA_3', 'CAMERA_2', 'CAMERA_1']","{'CAMERA_1': ['camera_type', 'ISO', 'effects', 'color'], 'CAMERA_2': ['effects', 'weight', 'resolution'], 'CAMERA_3': ['color', 'autofocus_points']}",C_SILENT_OR_BACKCHANNEL,CAMERA_1,NONE,yeah that's right this is very nice,PRESENT_X,CAMERA_1,S_INTRODUCES_FEATURE,CAMERA_1,color,This one comes in blue or black.,PRESENT_X,CAMERA_1,18~31
218,15,CAMERA_1,"['CAMERA_3', 'CAMERA_2', 'CAMERA_1']","{'CAMERA_1': ['camera_type', 'ISO', 'effects', 'color', 'resolution'], 'CAMERA_2': ['effects', 'weight', 'resolution'], 'CAMERA_3': ['color', 'autofocus_points']}",C_SILENT_OR_BACKCHANNEL,CAMERA_1,NONE,oh this is nice but we have any medicine color,PRESENT_X,CAMERA_1,S_INTRODUCES_FEATURE,CAMERA_1,resolution,This one has 17.8 megapixels resolution.,PRESENT_X,CAMERA_1,13~28
218,16,CAMERA_1,"['CAMERA_3', 'CAMERA_2', 'CAMERA_1']","{'CAMERA_1': ['camera_type', 'ISO', 'effects', 'color', 'resolution', 'long_exposure'], 'CAMERA_2': ['effects', 'weight', 'resolution'], 'CAMERA_3': ['color', 'autofocus_points']}",C_QUESTION_ABOUT_FEATURE,CAMERA_1,long_exposure,and how about its exposure,PRESENT_X,CAMERA_1,S_ANSWERS_QUESTION_ABOUT_FEATURE,CAMERA_1,long_exposure,This one can take long exposures up to up to 15 seconds with Long Shutter Mode.,PRESENT_X,CAMERA_1,39~78
218,17,CAMERA_1,"['CAMERA_3', 'CAMERA_2', 'CAMERA_1']","{'CAMERA_1': ['camera_type', 'ISO', 'effects', 'color', 'resolution', 'long_exposure', 'sensor_size'], 'CAMERA_2': ['effects', 'weight', 'resolution'], 'CAMERA_3': ['color', 'autofocus_points']}",C_QUESTION_ABOUT_FEATURE,CAMERA_1,sensor_size,what about it census ice,PRESENT_X,CAMERA_1,S_ANSWERS_QUESTION_ABOUT_FEATURE,CAMERA_1,sensor_size,This one has a 1/2.3 inch CMOS sensor.,PRESENT_X,CAMERA_1,15~37
218,18,CAMERA_1,"['CAMERA_3', 'CAMERA_2', 'CAMERA_1']","{'CAMERA_1': ['camera_type', 'ISO', 'effects', 'color', 'resolution', 'long_exposure', 'sensor_size', 'optical_zoom'], 'CAMERA_2': ['effects', 'weight', 'resolution'], 'CAMERA_3': ['color', 'autofocus_points']}",C_SILENT_OR_BACKCHANNEL,CAMERA_1,NONE,IC,PRESENT_X,CAMERA_1,S_INTRODUCES_FEATURE,CAMERA_1,optical_zoom,This one has 21x optical zoom.,PRESENT_X,CAMERA_1,13~29
218,19,NONE,"['CAMERA_3', 'CAMERA_2', 'CAMERA_1']","{'CAMERA_1': ['camera_type', 'ISO', 'effects', 'color', 'resolution', 'long_exposure', 'sensor_size', 'optical_zoom'], 'CAMERA_2': ['effects', 'weight', 'resolution'], 'CAMERA_3': ['color', 'autofocus_points']}",C_THANK_YOU,CAMERA_1,NONE,thank you very much okay thank you,PRESENT_X,CAMERA_1,S_THANK_YOU,CAMERA_1,NONE,thank you very much.,FACE_TO_FACE,NONE,
218,20,NONE,"['CAMERA_3', 'CAMERA_2', 'CAMERA_1']","{'CAMERA_1': ['camera_type', 'ISO', 'effects', 'color', 'resolution', 'long_exposure', 'sensor_size', 'optical_zoom'], 'CAMERA_2': ['effects', 'weight', 'resolution'], 'CAMERA_3': ['color', 'autofocus_points']}",C_LEAVES,DOOR,NONE,,FACE_TO_FACE,NONE,S_RETURNS_TO_COUNTER,SERVICE_COUNTER,NONE,,WAITING,NONE,
219,1,NONE,[],"{'CAMERA_1': [], 'CAMERA_2': [], 'CAMERA_3': []}",C_ENTERS,DOOR,NONE,,WAITING,NONE,S_NONE,SERVICE_COUNTER,NONE,,WAITING,NONE,
219,2,NONE,[],"{'CAMERA_1': [], 'CAMERA_2': [], 'CAMERA_3': []}",C_GREETS,MIDDLE,NONE,excuse me,WAITING,NONE,S_GREETS,MIDDLE,NONE,can I help you?,FACE_TO_FACE,NONE,
219,3,CAMERA_2,['CAMERA_2'],"{'CAMERA_1': [], 'CAMERA_2': [], 'CAMERA_3': []}",C_LOOKING_FOR_A_CAMERA,MIDDLE,NONE,well I am looking for a camera but I'm not sure what to buy,FACE_TO_FACE,NONE,S_INTRODUCES_CAMERA,CAMERA_2,,Let me show you this. Here we have the Fujifilm Lumix ILC Camera.,PRESENT_X,CAMERA_2,39~64
219,4,CAMERA_2,['CAMERA_2'],"{'CAMERA_1': [], 'CAMERA_2': ['autofocus_points'], 'CAMERA_3': []}",C_QUESTION_ABOUT_FEATURE,CAMERA_2,autofocus_points,is it equipped with autofocus,PRESENT_X,CAMERA_2,S_NOT_SURE,CAMERA_2,,I'm not really sure about that.,PRESENT_X,CAMERA_2,
219,5,CAMERA_2,['CAMERA_2'],"{'CAMERA_1': [], 'CAMERA_2': ['autofocus_points', 'resolution'], 'CAMERA_3': []}",C_QUESTION_ABOUT_FEATURE,CAMERA_2,resolution,Honda how many mega pixels on the screen,PRESENT_X,CAMERA_2,S_ANSWERS_QUESTION_ABOUT_FEATURE,CAMERA_2,resolution,This one has 23.8 megapixels resolution.,PRESENT_X,CAMERA_2,13~28
219,6,CAMERA_2,['CAMERA_2'],"{'CAMERA_1': [], 'CAMERA_2': ['autofocus_points', 'resolution', 'price'], 'CAMERA_3': []}",C_QUESTION_ABOUT_FEATURE,CAMERA_2,price,how much does it cost,PRESENT_X,CAMERA_2,S_ANSWERS_QUESTION_ABOUT_FEATURE,CAMERA_2,price,This one costs $768.,PRESENT_X,CAMERA_2,15~19
219,7,NONE,['CAMERA_2'],"{'CAMERA_1': [], 'CAMERA_2': ['autofocus_points', 'resolution', 'price'], 'CAMERA_3': []}",C_THANK_YOU,CAMERA_2,NONE,thank you,PRESENT_X,CAMERA_2,S_THANK_YOU,CAMERA_2,NONE,thank you very much.,FACE_TO_FACE,NONE,
219,8,NONE,['CAMERA_2'],"{'CAMERA_1': [], 'CAMERA_2': ['autofocus_points', 'resolution', 'price'], 'CAMERA_3': []}",C_LEAVES,DOOR,NONE,,FACE_TO_FACE,NONE,S_RETURNS_TO_COUNTER,SERVICE_COUNTER,NONE,,WAITING,NONE,
220,1,NONE,[],"{'CAMERA_1': [], 'CAMERA_2': [], 'CAMERA_3': []}",C_ENTERS,DOOR,NONE,,WAITING,NONE,S_NONE,SERVICE_COUNTER,NONE,,WAITING,NONE,
220,2,NONE,[],"{'CAMERA_1': [], 'CAMERA_2': [], 'CAMERA_3': []}",C_WALKS_TO_CAMERA,CAMERA_2,NONE,,WAITING,NONE,S_GREETS,CAMERA_2,NONE,can I help you?,FACE_TO_FACE,NONE,
220,3,CAMERA_3,['CAMERA_3'],"{'CAMERA_1': [], 'CAMERA_2': [], 'CAMERA_3': []}",C_LOOKING_FOR_A_CAMERA,CAMERA_2,NONE,yeah actually I did but I am looking for a better one,FACE_TO_FACE,NONE,S_INTRODUCES_CAMERA,CAMERA_3,,Let me show you this. Here we have the Fujifilm PowerShot ELPH S2800.,PRESENT_X,CAMERA_3,39~68
220,4,CAMERA_3,['CAMERA_3'],"{'CAMERA_1': [], 'CAMERA_2': [], 'CAMERA_3': ['price']}",C_SILENT_OR_BACKCHANNEL,CAMERA_3,NONE,yeah yeah yeah,PRESENT_X,CAMERA_3,S_INTRODUCES_FEATURE,CAMERA_3,price,This one costs $518.,PRESENT_X,CAMERA_3,15~19
220,5,CAMERA_3,['CAMERA_3'],"{'CAMERA_1': [], 'CAMERA_2': [], 'CAMERA_3': ['price', 'ISO']}",C_SILENT_OR_BACKCHANNEL,CAMERA_3,NONE,wow that's pretty advanced technology what about the price,PRESENT_X,CAMERA_3,S_INTRODUCES_FEATURE,CAMERA_3,ISO,This one has up to 3200 ISO with little noise.,PRESENT_X,CAMERA_3,13~45
220,6,CAMERA_3,['CAMERA_3'],"{'CAMERA_1': [], 'CAMERA_2': [], 'CAMERA_3': ['price', 'ISO', 'long_exposure']}",C_SILENT_OR_BACKCHANNEL,CAMERA_3,NONE,ok let's see,PRESENT_X,CAMERA_3,S_INTRODUCES_FEATURE,CAMERA_3,long_exposure,This one can take long exposures up to 30 minutes max with bulb mode.,PRESENT_X,CAMERA_3,39~68
220,7,CAMERA_3,['CAMERA_3'],"{'CAMERA_1': [], 'CAMERA_2': [], 'CAMERA_3': ['price', 'ISO', 'long_exposure', 'resolution']}",C_QUESTION_ABOUT_FEATURE,CAMERA_3,resolution,how many megapixels is it,PRESENT_X,CAMERA_3,S_ANSWERS_QUESTION_ABOUT_FEATURE,CAMERA_3,resolution,This one has 23.2 megapixels resolution.,PRESENT_X,CAMERA_3,13~28
220,8,CAMERA_3,['CAMERA_3'],"{'CAMERA_1': [], 'CAMERA_2': [], 'CAMERA_3': ['price', 'ISO', 'long_exposure', 'resolution', 'effects']}",C_QUESTION_ABOUT_FEATURE,CAMERA_3,effects,what about the artistic effect mode how does that work,PRESENT_X,CAMERA_3,S_ANSWERS_QUESTION_ABOUT_FEATURE,CAMERA_3,effects,"This one has 21 photo effects (small face, retro, big eyes, etc.).",PRESENT_X,CAMERA_3,13~65
220,9,CAMERA_3,['CAMERA_3'],"{'CAMERA_1': [], 'CAMERA_2': [], 'CAMERA_3': ['price', 'ISO', 'long_exposure', 'resolution', 'effects', 'camera_type']}",C_QUESTION_ABOUT_FEATURE,CAMERA_3,camera_type,what kind of camera is this,PRESENT_X,CAMERA_3,S_ANSWERS_QUESTION_ABOUT_FEATURE,CAMERA_3,camera_type,This is a point and shoot camera.,PRESENT_X,CAMERA_3,10~25
220,10,CAMERA_2,"['CAMERA_3', 'CAMERA_2']","{'CAMERA_1': [], 'CAMERA_2': [], 'CAMERA_3': ['price', 'ISO', 'long_exposure', 'resolution', 'effects', 'camera_type']}",C_ANYTHING_ELSE_AVAILABLE,CAMERA_3,NONE,do you have anything better than this,PRESENT_X,CAMERA_3,S_INTRODUCES_CAMERA,CAMERA_2,,Let me show you this. Here we have the Fujifilm Lumix ILC Camera.,PRESENT_X,CAMERA_2,39~64
220,11,CAMERA_2,"['CAMERA_3', 'CAMERA_2']","{'CAMERA_1': [], 'CAMERA_2': ['color'], 'CAMERA_3': ['price', 'ISO', 'long_exposure', 'resolution', 'effects', 'camera_type']}",C_SILENT_OR_BACKCHANNEL,CAMERA_2,NONE,wow,PRESENT_X,CAMERA_2,S_INTRODUCES_FEATURE,CAMERA_2,color,This one comes in white or pink.,PRESENT_X,CAMERA_2,18~31
220,12,CAMERA_2,"['CAMERA_3', 'CAMERA_2']","{'CAMERA_1': [], 'CAMERA_2': ['color', 'weight'], 'CAMERA_3': ['price', 'ISO', 'long_exposure', 'resolution', 'effects', 'camera_type']}",C_QUESTION_ABOUT_FEATURE,CAMERA_2,weight,I actually do it this way to write how much is it,PRESENT_X,CAMERA_2,S_ANSWERS_QUESTION_ABOUT_FEATURE,CAMERA_2,weight,This one weighs 820 grams.,PRESENT_X,CAMERA_2,16~25
220,13,CAMERA_2,"['CAMERA_3', 'CAMERA_2']","{'CAMERA_1': [], 'CAMERA_2': ['color', 'weight', 'optical_zoom'], 'CAMERA_3': ['price', 'ISO', 'long_exposure', 'resolution', 'effects', 'camera_type']}",C_SILENT_OR_BACKCHANNEL,CAMERA_2,NONE,yeah that's right this is very nice,PRESENT_X,CAMERA_2,S_INTRODUCES_FEATURE,CAMERA_2,optical_zoom,This one has 21x optical zoom.,PRESENT_X,CAMERA_2,13~29
220,14,CAMERA_2,"['CAMERA_3', 'CAMERA_2']","{'CAMERA_1': [], 'CAMERA_2': ['color', 'weight', 'optical_zoom', 'preset_modes'], 'CAMERA_3': ['price', 'ISO', 'long_exposure', 'resolution', 'effects', 'camera_type']}",C_QUESTION_ABOUT_FEATURE,CAMERA_2,preset_modes,does it have dog mode,PRESENT_X,CAMERA_2,S_NOT_SURE,CAMERA_2,,I'm not really sure about that.,PRESENT_X,CAMERA_2,
220,15,CAMERA_2,"['CAMERA_3', 'CAMERA_2']","{'CAMERA_1': [], 'CAMERA_2': ['color', 'weight', 'optical_zoom', 'preset_modes', 'long_exposure'], 'CAMERA_3': ['price', 'ISO', 'long_exposure', 'resolution', 'effects', 'camera_type']}",C_QUESTION_ABOUT_FEATURE,CAMERA_2,long_exposure,that's great and has a long exposure might as well,PRESENT_X,CAMERA_2,S_ANSWERS_QUESTION_ABOUT_FEATURE,CAMERA_2,long_exposure,This one can take long exposures up to 60 minutes max with bulb mode.,PRESENT_X,CAMERA_2,39~68
220,16,CAMERA_1,"['CAMERA_3', 'CAMERA_2', 'CAMERA_1']","{'CAMERA_1': [], 'CAMERA_2': ['color', 'weight', 'optical_zoom', 'preset_modes', 'long_exposure'], 'CAMERA_3': ['price', 'ISO', 'long_exposure', 'resolution', 'effects', 'camera_type']}",C_ANYTHING_ELSE_AVAILABLE,CAMERA_2,NONE,I see do you have any other options that you can show me,PRESENT_X,CAMERA_2,S_INTRODUCES_CAMERA,CAMERA_1,,Let me show you this. Here we have the Sony PowerShot ELPH DMC-ZS3.,PRESENT_X,CAMERA_1,39~66
220,17,CAMERA_1,"['CAMERA_3', 'CAMERA_2', 'CAMERA_1']","{'CAMERA_1': ['camera_type'], 'CAMERA_2': ['color', 'weight', 'optical_zoom', 'preset_modes', 'long_exposure'], 'CAMERA_3': ['price', 'ISO', 'long_exposure', 'resolution', 'effects', 'camera_type']}",C_SILENT_OR_BACKCHANNEL,CAMERA_1,NONE,ok,PRESENT_X,CAMERA_1,S_INTRODUCES_FEATURE,CAMERA_1,camera_type,This is a DSLR camera.,PRESENT_X,CAMERA_1,10~14
220,18,,"['CAMERA_3', 'CAMERA_2', 'CAMERA_1']","{'CAMERA_1': ['camera_type'], 'CAMERA_2': ['color', 'weight', 'optical_zoom', 'preset_modes', 'long_exposure'], 'CAMERA_3': ['price', 'ISO', 'long_exposure', 'resolution', 'effects', 'camera_type']}",C_ANYTHING_ELSE_AVAILABLE,CAMERA_1,NONE,Do you have other cameras that I could afford,PRESENT_X,CAMERA_1,S_THATS_ALL_WE_HAVE_AVAILABLE,CAMERA_1,,That's all we have available at the moment.,PRESENT_X,CAMERA_1,
220,19,NONE,"['CAMERA_3', 'CAMERA_2', 'CAMERA_1']","{'CAMERA_1': ['camera_type'], 'CAMERA_2': ['color', 'weight', 'optical_zoom', 'preset_modes', 'long_exposure'], 'CAMERA_3': ['price', 'ISO', 'long_exposure', 'resolution', 'effects', 'camera_type']}",C_THANK_YOU,CAMERA_1,NONE,thank you,PRESENT_X,CAMERA_1,S_THANK_YOU,CAMERA_1,NONE,thank you very much.,FACE_TO_FACE,NONE,
220,20,NONE,"['CAMERA_3', 'CAMERA_2', 'CAMERA_1']","{'CAMERA_1': ['camera_type'], 'CAMERA_2': ['color', 'weight', 'optical_zoom', 'preset_modes', 'long_exposure'], 'CAMERA_3': ['price', 'ISO', 'long_exposure', 'resolution', 'effects', 'camera_type']}",C_LEAVES,DOOR,NONE,,FACE_TO_FACE,NONE,S_RETURNS_TO_COUNTER,SERVICE_COUNTER,NONE,,WAITING,NONE,
221,1,NONE,[],"{'CAMERA_1': [], 'CAMERA_2': [], 'CAMERA_3': []}",C_ENTERS,DOOR,NONE,,WAITING,NONE,S_NONE,SERVICE_COUNTER,NONE,,WAITING,NONE,
221,2,NONE,[],"{'CAMERA_1': [], 'CAMERA_2': [], 'CAMERA_3': []}",C_WALKS_TO_CAMERA,CAMERA_2,NONE,,WAITING,NONE,S_GREETS,CAMERA_2,NONE,can I help you?,FACE_TO_FACE,NONE,
221,3,CAMERA_3,['CAMERA_3'],"{'CAMERA_1': [], 'CAMERA_2': [], 'CAMERA_3': []}",C_LOOKING_FOR_A_CAMERA,CAMERA_2,NONE,I'm looking for a camera for my business,FACE_TO_FACE,NONE,S_INTRODUCES_CAMERA,CAMERA_3,,Let me show you this. Here we have the Fujifilm PowerShot ELPH S2800.,PRESENT_X,CAMERA_3,39~68
221,4,CAMERA_3,['CAMERA_3'],"{'CAMERA_1': [], 'CAMERA_2': [], 'CAMERA_3': ['autofocus_points']}",C_SILENT_OR_BACKCHANNEL,CAMERA_3,NONE,okay great can I use the thirty-second look into booster at ISO 3200,PRESENT_X,CAMERA_3,S_INTRODUCES_FEATURE,CAMERA_3,autofocus_points,This one has 214 autofocus points.,PRESENT_X,CAMERA_3,13~33
221,5,CAMERA_3,['CAMERA_3'],"{'CAMERA_1': [], 'CAMERA_2': [], 'CAMERA_3': ['autofocus_points', 'color']}",C_QUESTION_ABOUT_FEATURE,CAMERA_3,color,Do you have it in any other colors,PRESENT_X,CAMERA_3,S_ANSWERS_QUESTION_ABOUT_FEATURE,CAMERA_3,color,"This one comes in purple, white, silver, blue, red, or pink.",PRESENT_X,CAMERA_3,18~59
221,6,CAMERA_3,['CAMERA_3'],"{'CAMERA_1': [], 'CAMERA_2': [], 'CAMERA_3': ['autofocus_points', 'color', 'settings']}",C_SILENT_OR_BACKCHANNEL,CAMERA_3,NONE,this is pretty new does it take good photos,PRESENT_X,CAMERA_3,S_INTRODUCES_FEATURE,CAMERA_3,settings,"This one has manual control and various automatic settings (video modeburst shooting, etc.).",PRESENT_X,CAMERA_3,13~91
221,7,CAMERA_3,['CAMERA_3'],"{'CAMERA_1': [], 'CAMERA_2': [], 'CAMERA_3': ['autofocus_points', 'color', 'settings', 'resolution']}",C_QUESTION_ABOUT_FEATURE,CAMERA_3,resolution,how many megapixels does it have,PRESENT_X,CAMERA_3,S_ANSWERS_QUESTION_ABOUT_FEATURE,CAMERA_3,resolution,This one has 23.2 megapixels resolution.,PRESENT_X,CAMERA_3,13~28
221,8,CAMERA_3,['CAMERA_3'],"{'CAMERA_1': [], 'CAMERA_2': [], 'CAMERA_3': ['autofocus_points', 'color', 'settings', 'resolution', 'optical_zoom']}",C_QUESTION_ABOUT_FEATURE,CAMERA_3,optical_zoom,What about the Zoom,PRESENT_X,CAMERA_3,S_NOT_SURE,CAMERA_3,,I'm not really sure about that.,PRESENT_X,CAMERA_3,
221,9,CAMERA_3,['CAMERA_3'],"{'CAMERA_1': [], 'CAMERA_2': [], 'CAMERA_3': ['autofocus_points', 'color', 'settings', 'resolution', 'optical_zoom', 'sensor_size']}",C_QUESTION_ABOUT_FEATURE,CAMERA_3,sensor_size,how big is the sensor,PRESENT_X,CAMERA_3,S_ANSWERS_QUESTION_ABOUT_FEATURE,CAMERA_3,sensor_size,This one has a full frame.,PRESENT_X,CAMERA_3,15~25
221,10,CAMERA_3,['CAMERA_3'],"{'CAMERA_1': [], 'CAMERA_2': [], 'CAMERA_3': ['autofocus_points', 'color', 'settings', 'resolution', 'optical_zoom', 'sensor_size', 'preset_modes']}",C_QUESTION_ABOUT_FEATURE,CAMERA_3,preset_modes,the menu settings of this camera are they same as the Canon,PRESENT_X,CAMERA_3,S_ANSWERS_QUESTION_ABOUT_FEATURE,CAMERA_3,preset_modes,This one has various preset modes.,PRESENT_X,CAMERA_3,13~33
221,11,CAMERA_3,['CAMERA_3'],"{'CAMERA_1': [], 'CAMERA_2': [], 'CAMERA_3': ['autofocus_points', 'color', 'settings', 'resolution', 'optical_zoom', 'sensor_size', 'preset_modes', 'camera_type']}",C_SILENT_OR_BACKCHANNEL,CAMERA_3,NONE,ok,PRESENT_X,CAMERA_3,S_INTRODUCES_FEATURE,CAMERA_3,camera_type,This is a point and shoot camera.,PRESENT_X,CAMERA_3,10~25
221,12,CAMERA_3,['CAMERA_3'],"{'CAMERA_1': [], 'CAMERA_2': [], 'CAMERA_3': ['autofocus_points', 'color', 'settings', 'resolution', 'optical_zoom', 'sensor_size', 'preset_modes', 'camera_type', 'ISO']}",C_QUESTION_ABOUT_FEATURE,CAMERA_3,ISO,how is the iso,PRESENT_X,CAMERA_3,S_ANSWERS_QUESTION_ABOUT_FEATURE,CAMERA_3,ISO,This one has up to 3200 ISO with little noise.,PRESENT_X,CAMERA_3,13~45
221,13,CAMERA_3,['CAMERA_3'],"{'CAMERA_1': [], 'CAMERA_2': [], 'CAMERA_3': ['autofocus_points', 'color', 'settings', 'resolution', 'optical_zoom', 'sensor_size', 'preset_modes', 'camera_type', 'ISO', 'long_exposure']}",C_QUESTION_ABOUT_FEATURE,CAMERA_3,long_exposure,what's the long exposure,PRESENT_X,CAMERA_3,S_ANSWERS_QUESTION_ABOUT_FEATURE,CAMERA_3,long_exposure,This one can take long exposures up to 30 minutes max with bulb mode.,PRESENT_X,CAMERA_3,39~68
221,14,NONE,['CAMERA_3'],"{'CAMERA_1': [], 'CAMERA_2': [], 'CAMERA_3': ['autofocus_points', 'color', 'settings', 'resolution', 'optical_zoom', 'sensor_size', 'preset_modes', 'camera_type', 'ISO', 'long_exposure']}",C_THANK_YOU,CAMERA_3,NONE,thank you,PRESENT_X,CAMERA_3,S_THANK_YOU,CAMERA_3,NONE,thank you very much.,FACE_TO_FACE,NONE,
221,15,NONE,['CAMERA_3'],"{'CAMERA_1': [], 'CAMERA_2': [], 'CAMERA_3': ['autofocus_points', 'color', 'settings', 'resolution', 'optical_zoom', 'sensor_size', 'preset_modes', 'camera_type', 'ISO', 'long_exposure']}",C_LEAVES,DOOR,NONE,,FACE_TO_FACE,NONE,S_RETURNS_TO_COUNTER,SERVICE_COUNTER,NONE,,WAITING,NONE,
222,1,NONE,[],"{'CAMERA_1': [], 'CAMERA_2': [], 'CAMERA_3': []}",C_ENTERS,DOOR,NONE,,WAITING,NONE,S_NONE,SERVICE_COUNTER,NONE,,WAITING,NONE,
222,2,NONE,[],"{'CAMERA_1': [], 'CAMERA_2': [], 'CAMERA_3': []}",C_WALKS_TO_CAMERA,CAMERA_3,NONE,,WAITING,NONE,S_GREETS,CAMERA_3,NONE,can I help you?,FACE_TO_FACE,NONE,
222,3,CAMERA_1,['CAMERA_1'],"{'CAMERA_1': [], 'CAMERA_2': [], 'CAMERA_3': []}",C_LOOKING_FOR_A_CAMERA,CAMERA_3,NONE,oh honey I'm just looking to buy a camera for my high school graduation,FACE_TO_FACE,NONE,S_INTRODUCES_CAMERA,CAMERA_1,,Let me show you this. Here we have the Sony PowerShot ELPH DMC-ZS3.,PRESENT_X,CAMERA_1,39~66
222,4,CAMERA_1,['CAMERA_1'],"{'CAMERA_1': ['camera_type'], 'CAMERA_2': [], 'CAMERA_3': []}",C_SILENT_OR_BACKCHANNEL,CAMERA_1,NONE,sounds good,PRESENT_X,CAMERA_1,S_INTRODUCES_FEATURE,CAMERA_1,camera_type,This is a DSLR camera.,PRESENT_X,CAMERA_1,10~14
222,5,NONE,['CAMERA_1'],"{'CAMERA_1': ['camera_type'], 'CAMERA_2': [], 'CAMERA_3': []}",C_THANK_YOU,CAMERA_1,NONE,let me consider thank you,PRESENT_X,CAMERA_1,S_THANK_YOU,CAMERA_1,NONE,thank you very much.,FACE_TO_FACE,NONE,
222,6,NONE,['CAMERA_1'],"{'CAMERA_1': ['camera_type'], 'CAMERA_2': [], 'CAMERA_3': []}",C_LEAVES,DOOR,NONE,,FACE_TO_FACE,NONE,S_RETURNS_TO_COUNTER,SERVICE_COUNTER,NONE,,WAITING,NONE,
223,1,NONE,[],"{'CAMERA_1': [], 'CAMERA_2': [], 'CAMERA_3': []}",C_ENTERS,DOOR,NONE,,WAITING,NONE,S_NONE,SERVICE_COUNTER,NONE,,WAITING,NONE,
223,2,NONE,[],"{'CAMERA_1': [], 'CAMERA_2': [], 'CAMERA_3': []}",C_GREETS,MIDDLE,NONE,hello how you doing,WAITING,NONE,S_GREETS,MIDDLE,NONE,can I help you?,FACE_TO_FACE,NONE,
223,3,CAMERA_1,['CAMERA_1'],"{'CAMERA_1': [], 'CAMERA_2': [], 'CAMERA_3': []}",C_LOOKING_FOR_A_CAMERA,MIDDLE,NONE,I want to look at your camera,FACE_TO_FACE,NONE,S_INTRODUCES_CAMERA,CAMERA_1,,Let me show you this. Here we have the Sony PowerShot ELPH DMC-ZS3.,PRESENT_X,CAMERA_1,39~66
223,4,CAMERA_1,['CAMERA_1'],"{'CAMERA_1': ['price'], 'CAMERA_2': [], 'CAMERA_3': []}",C_QUESTION_ABOUT_FEATURE,CAMERA_1,price,and how much does it cost,PRESENT_X,CAMERA_1,S_ANSWERS_QUESTION_ABOUT_FEATURE,CAMERA_1,price,This one costs $450.,PRESENT_X,CAMERA_1,15~19
223,5,CAMERA_1,['CAMERA_1'],"{'CAMERA_1': ['price', 'resolution'], 'CAMERA_2': [], 'CAMERA_3': []}",C_SILENT_OR_BACKCHANNEL,CAMERA_1,NONE,okay I say it,PRESENT_X,CAMERA_1,S_INTRODUCES_FEATURE,CAMERA_1,resolution,This one has 17.8 megapixels resolution.,PRESENT_X,CAMERA_1,13~28
223,6,CAMERA_1,['CAMERA_1'],"{'CAMERA_1': ['price', 'resolution', 'autofocus_points'], 'CAMERA_2': [], 'CAMERA_3': []}",C_SILENT_OR_BACKCHANNEL,CAMERA_1,NONE,let's see,PRESENT_X,CAMERA_1,S_INTRODUCES_FEATURE,CAMERA_1,autofocus_points,This one has 135 autofocus points.,PRESENT_X,CAMERA_1,13~33
223,7,CAMERA_1,['CAMERA_1'],"{'CAMERA_1': ['price', 'resolution', 'autofocus_points', 'sensor_size'], 'CAMERA_2': [], 'CAMERA_3': []}",C_SILENT_OR_BACKCHANNEL,CAMERA_1,NONE,okay that sounds good,PRESENT_X,CAMERA_1,S_INTRODUCES_FEATURE,CAMERA_1,sensor_size,This one has a 1/2.3 inch CMOS sensor.,PRESENT_X,CAMERA_1,15~37
223,8,NONE,['CAMERA_1'],"{'CAMERA_1': ['price', 'resolution', 'autofocus_points', 'sensor_size'], 'CAMERA_2': [], 'CAMERA_3': []}",C_THANK_YOU,CAMERA_1,NONE,you okay thank you very much for your help have a good afternoon,PRESENT_X,CAMERA_1,S_THANK_YOU,CAMERA_1,NONE,thank you very much.,FACE_TO_FACE,NONE,
223,9,NONE,['CAMERA_1'],"{'CAMERA_1': ['price', 'resolution', 'autofocus_points', 'sensor_size'], 'CAMERA_2': [], 'CAMERA_3': []}",C_LEAVES,DOOR,NONE,,FACE_TO_FACE,NONE,S_RETURNS_TO_COUNTER,SERVICE_COUNTER,NONE,,WAITING,NONE,
224,1,NONE,[],"{'CAMERA_1': [], 'CAMERA_2': [], 'CAMERA_3': []}",C_ENTERS,DOOR,NONE,,WAITING,NONE,S_NONE,SERVICE_COUNTER,NONE,,WAITING,NONE,
224,2,NONE,[],"{'CAMERA_1': [], 'CAMERA_2': [], 'CAMERA_3': []}",C_WALKS_TO_CAMERA,CAMERA_3,NONE,,WAITING,NONE,S_GREETS,CAMERA_3,NONE,can I help you?,FACE_TO_FACE,NONE,
224,3,CAMERA_1,['CAMERA_1'],"{'CAMERA_1': [], 'CAMERA_2': [], 'CAMERA_3': []}",C_LOOKING_FOR_A_CAMERA,CAMERA_3,NONE,I'm looking for a camera for my business,FACE_TO_FACE,NONE,S_INTRODUCES_CAMERA,CAMERA_1,,Let me show you this. Here we have the Sony PowerShot ELPH DMC-ZS3.,PRESENT_X,CAMERA_1,39~66
224,4,CAMERA_1,['CAMERA_1'],"{'CAMERA_1': ['price'], 'CAMERA_2': [], 'CAMERA_3': []}",C_QUESTION_ABOUT_FEATURE,CAMERA_1,price,how much is it,PRESENT_X,CAMERA_1,S_ANSWERS_QUESTION_ABOUT_FEATURE,CAMERA_1,price,This one costs $450.,PRESENT_X,CAMERA_1,15~19
224,5,CAMERA_1,['CAMERA_1'],"{'CAMERA_1': ['price', 'resolution'], 'CAMERA_2': [], 'CAMERA_3': []}",C_SILENT_OR_BACKCHANNEL,CAMERA_1,NONE,yeah it's so that's nice if anything else,PRESENT_X,CAMERA_1,S_INTRODUCES_FEATURE,CAMERA_1,resolution,This one has 17.8 megapixels resolution.,PRESENT_X,CAMERA_1,13~28
224,6,CAMERA_1,['CAMERA_1'],"{'CAMERA_1': ['price', 'resolution', 'effects'], 'CAMERA_2': [], 'CAMERA_3': []}",C_SILENT_OR_BACKCHANNEL,CAMERA_1,NONE,looks pretty good,PRESENT_X,CAMERA_1,S_INTRODUCES_FEATURE,CAMERA_1,effects,"This one has 24 glamor retouch effects (miniature, retro, toy camera, etc.).",PRESENT_X,CAMERA_1,13~75
224,7,CAMERA_1,['CAMERA_1'],"{'CAMERA_1': ['price', 'resolution', 'effects', 'long_exposure'], 'CAMERA_2': [], 'CAMERA_3': []}",C_SILENT_OR_BACKCHANNEL,CAMERA_1,NONE,IC,PRESENT_X,CAMERA_1,S_INTRODUCES_FEATURE,CAMERA_1,long_exposure,This one can take long exposures up to up to 15 seconds with Long Shutter Mode.,PRESENT_X,CAMERA_1,39~78
224,8,CAMERA_1,['CAMERA_1'],"{'CAMERA_1': ['price', 'resolution', 'effects', 'long_exposure', 'preset_modes'], 'CAMERA_2': [], 'CAMERA_3': []}",C_QUESTION_ABOUT_FEATURE,CAMERA_1,preset_modes,what about the modes,PRESENT_X,CAMERA_1,S_NOT_SURE,CAMERA_1,,I'm not really sure about that.,PRESENT_X,CAMERA_1,
224,9,CAMERA_1,['CAMERA_1'],"{'CAMERA_1': ['price', 'resolution', 'effects', 'long_exposure', 'preset_modes', 'autofocus_points'], 'CAMERA_2': [], 'CAMERA_3': []}",C_QUESTION_ABOUT_FEATURE,CAMERA_1,autofocus_points,how to focus points of this camera have,PRESENT_X,CAMERA_1,S_ANSWERS_QUESTION_ABOUT_FEATURE,CAMERA_1,autofocus_points,This one has 135 autofocus points.,PRESENT_X,CAMERA_1,13~33
224,10,CAMERA_1,['CAMERA_1'],"{'CAMERA_1': ['price', 'resolution', 'effects', 'long_exposure', 'preset_modes', 'autofocus_points', 'camera_type'], 'CAMERA_2': [], 'CAMERA_3': []}",C_QUESTION_ABOUT_FEATURE,CAMERA_1,camera_type,is this a DSLR camera,PRESENT_X,CAMERA_1,S_ANSWERS_QUESTION_ABOUT_FEATURE,CAMERA_1,camera_type,This is a DSLR camera.,PRESENT_X,CAMERA_1,10~14
224,11,CAMERA_3,"['CAMERA_1', 'CAMERA_3']","{'CAMERA_1': ['price', 'resolution', 'effects', 'long_exposure', 'preset_modes', 'autofocus_points', 'camera_type'], 'CAMERA_2': [], 'CAMERA_3': []}",C_ANYTHING_ELSE_AVAILABLE,CAMERA_1,NONE,okay do you have any other cameras I might be interested,PRESENT_X,CAMERA_1,S_INTRODUCES_CAMERA,CAMERA_3,,Let me show you this. Here we have the Fujifilm PowerShot ELPH S2800.,PRESENT_X,CAMERA_3,39~68
224,12,CAMERA_3,"['CAMERA_1', 'CAMERA_3']","{'CAMERA_1': ['price', 'resolution', 'effects', 'long_exposure', 'preset_modes', 'autofocus_points', 'camera_type'], 'CAMERA_2': [], 'CAMERA_3': ['color']}",C_QUESTION_ABOUT_FEATURE,CAMERA_3,color,is there any other colors of this camera,PRESENT_X,CAMERA_3,S_ANSWERS_QUESTION_ABOUT_FEATURE,CAMERA_3,color,"This one comes in purple, white, silver, blue, red, or pink.",PRESENT_X,CAMERA_3,18~59
224,13,CAMERA_3,"['CAMERA_1', 'CAMERA_3']","{'CAMERA_1': ['price', 'resolution', 'effects', 'long_exposure', 'preset_modes', 'autofocus_points', 'camera_type'], 'CAMERA_2': [], 'CAMERA_3': ['color', 'settings']}",C_QUESTION_ABOUT_FEATURE,CAMERA_3,settings,how about its ability to adjust settings,PRESENT_X,CAMERA_3,S_ANSWERS_QUESTION_ABOUT_FEATURE,CAMERA_3,settings,"This one has manual control and various automatic settings (video modeburst shooting, etc.).",PRESENT_X,CAMERA_3,13~91
224,14,NONE,"['CAMERA_1', 'CAMERA_3']","{'CAMERA_1': ['price', 'resolution', 'effects', 'long_exposure', 'preset_modes', 'autofocus_points', 'camera_type'], 'CAMERA_2': [], 'CAMERA_3': ['color', 'settings']}",C_THANK_YOU,CAMERA_3,NONE,okay thank you,PRESENT_X,CAMERA_3,S_THANK_YOU,CAMERA_3,NONE,thank you very much.,FACE_TO_FACE,NONE,
224,15,NONE,"['CAMERA_1', 'CAMERA_3']","{'CAMERA_1': ['price', 'resolution', 'effects', 'long_exposure', 'preset_modes', 'autofocus_points', 'camera_type'], 'CAMERA_2': [], 'CAMERA_3': ['color', 'settings']}",C_LEAVES,DOOR,NONE,,FACE_TO_FACE,NONE,S_RETURNS_TO_COUNTER,SERVICE_COUNTER,NONE,,WAITING,NONE,
225,1,NONE,[],"{'CAMERA_1': [], 'CAMERA_2': [], 'CAMERA_3': []}",C_ENTERS,DOOR,NONE,,WAITING,NONE,S_NONE,SERVICE_COUNTER,NONE,,WAITING,NONE,
225,2,NONE,[],"{'CAMERA_1': [], 'CAMERA_2': [], 'CAMERA_3': []}",C_WALKS_TO_CAMERA,CAMERA_1,NONE,,WAITING,NONE,S_GREETS,CAMERA_1,NONE,can I help you?,FACE_TO_FACE,NONE,
225,3,CAMERA_3,['CAMERA_3'],"{'CAMERA_1': [], 'CAMERA_2': [], 'CAMERA_3': []}",C_LOOKING_FOR_A_CAMERA,CAMERA_1,NONE,hi good afternoon I'm looking for a camera that has a high I just saw with low noise and this is very important for me,FACE_TO_FACE,NONE,S_INTRODUCES_CAMERA,CAMERA_3,,Let me show you this. Here we have the Fujifilm PowerShot ELPH S2800.,PRESENT_X,CAMERA_3,39~68
225,4,CAMERA_3,['CAMERA_3'],"{'CAMERA_1': [], 'CAMERA_2': [], 'CAMERA_3': ['price']}",C_QUESTION_ABOUT_FEATURE,CAMERA_3,price,how much is this,PRESENT_X,CAMERA_3,S_ANSWERS_QUESTION_ABOUT_FEATURE,CAMERA_3,price,This one costs $518.,PRESENT_X,CAMERA_3,15~19
225,5,CAMERA_3,['CAMERA_3'],"{'CAMERA_1': [], 'CAMERA_2': [], 'CAMERA_3': ['price', 'sensor_size']}",C_QUESTION_ABOUT_FEATURE,CAMERA_3,sensor_size,and the sensor size what what's the size of the sensor,PRESENT_X,CAMERA_3,S_ANSWERS_QUESTION_ABOUT_FEATURE,CAMERA_3,sensor_size,This one has a full frame.,PRESENT_X,CAMERA_3,15~25
225,6,CAMERA_3,['CAMERA_3'],"{'CAMERA_1': [], 'CAMERA_2': [], 'CAMERA_3': ['price', 'sensor_size', 'ISO']}",C_QUESTION_ABOUT_FEATURE,CAMERA_3,ISO,I see how high can the iso be,PRESENT_X,CAMERA_3,S_ANSWERS_QUESTION_ABOUT_FEATURE,CAMERA_3,ISO,This one has up to 3200 ISO with little noise.,PRESENT_X,CAMERA_3,13~45
225,7,CAMERA_3,['CAMERA_3'],"{'CAMERA_1': [], 'CAMERA_2': [], 'CAMERA_3': ['price', 'sensor_size', 'ISO', 'optical_zoom']}",C_QUESTION_ABOUT_FEATURE,CAMERA_3,optical_zoom,Sharp Images High and optical zoom does that mean the lens comes out,PRESENT_X,CAMERA_3,S_NOT_SURE,CAMERA_3,,I'm not really sure about that.,PRESENT_X,CAMERA_3,
225,8,CAMERA_3,['CAMERA_3'],"{'CAMERA_1': [], 'CAMERA_2': [], 'CAMERA_3': ['price', 'sensor_size', 'ISO', 'optical_zoom', 'preset_modes']}",C_QUESTION_ABOUT_FEATURE,CAMERA_3,preset_modes,Does camera support for preset Morsi,PRESENT_X,CAMERA_3,S_ANSWERS_QUESTION_ABOUT_FEATURE,CAMERA_3,preset_modes,This one has various preset modes.,PRESENT_X,CAMERA_3,13~33
225,9,CAMERA_3,['CAMERA_3'],"{'CAMERA_1': [], 'CAMERA_2': [], 'CAMERA_3': ['price', 'sensor_size', 'ISO', 'optical_zoom', 'preset_modes', 'camera_type']}",C_SILENT_OR_BACKCHANNEL,CAMERA_3,NONE,this camera looks good how high does the iso go,PRESENT_X,CAMERA_3,S_INTRODUCES_FEATURE,CAMERA_3,camera_type,This is a point and shoot camera.,PRESENT_X,CAMERA_3,10~25
225,10,NONE,['CAMERA_3'],"{'CAMERA_1': [], 'CAMERA_2': [], 'CAMERA_3': ['price', 'sensor_size', 'ISO', 'optical_zoom', 'preset_modes', 'camera_type']}",C_THANK_YOU,CAMERA_3,NONE,ok thank you,PRESENT_X,CAMERA_3,S_THANK_YOU,CAMERA_3,NONE,thank you very much.,FACE_TO_FACE,NONE,
225,11,NONE,['CAMERA_3'],"{'CAMERA_1': [], 'CAMERA_2': [], 'CAMERA_3': ['price', 'sensor_size', 'ISO', 'optical_zoom', 'preset_modes', 'camera_type']}",C_LEAVES,DOOR,NONE,,FACE_TO_FACE,NONE,S_RETURNS_TO_COUNTER,SERVICE_COUNTER,NONE,,WAITING,NONE,
226,1,NONE,[],"{'CAMERA_1': [], 'CAMERA_2': [], 'CAMERA_3': []}",C_ENTERS,DOOR,NONE,,WAITING,NONE,S_NONE,SERVICE_COUNTER,NONE,,WAITING,NONE,
226,2,NONE,[],"{'CAMERA_1': [], 'CAMERA_2': [], 'CAMERA_3': []}",C_GREETS,MIDDLE,NONE,kiss me,WAITING,NONE,S_GREETS,MIDDLE,NONE,can I help you?,FACE_TO_FACE,NONE,
226,3,CAMERA_2,['CAMERA_2'],"{'CAMERA_1': [], 'CAMERA_2': [], 'CAMERA_3': []}",C_LOOKING_FOR_A_CAMERA,MIDDLE,NONE,I'm looking for a camera,FACE_TO_FACE,NONE,S_INTRODUCES_CAMERA,CAMERA_2,,Let me show you this. Here we have the Fujifilm Lumix ILC Camera.,PRESENT_X,CAMERA_2,39~64
226,4,CAMERA_2,['CAMERA_2'],"{'CAMERA_1': [], 'CAMERA_2': ['price'], 'CAMERA_3': []}",C_QUESTION_ABOUT_FEATURE,CAMERA_2,price,how much is this,PRESENT_X,CAMERA_2,S_ANSWERS_QUESTION_ABOUT_FEATURE,CAMERA_2,price,This one costs $768.,PRESENT_X,CAMERA_2,15~19
226,5,CAMERA_2,['CAMERA_2'],"{'CAMERA_1': [], 'CAMERA_2': ['price', 'preset_modes'], 'CAMERA_3': []}",C_QUESTION_ABOUT_FEATURE,CAMERA_2,preset_modes,does it have any preset modes,PRESENT_X,CAMERA_2,S_NOT_SURE,CAMERA_2,,I'm not really sure about that.,PRESENT_X,CAMERA_2,
226,6,CAMERA_2,['CAMERA_2'],"{'CAMERA_1': [], 'CAMERA_2': ['price', 'preset_modes', 'optical_zoom'], 'CAMERA_3': []}",C_SILENT_OR_BACKCHANNEL,CAMERA_2,NONE,okay,PRESENT_X,CAMERA_2,S_INTRODUCES_FEATURE,CAMERA_2,optical_zoom,This one has 21x optical zoom.,PRESENT_X,CAMERA_2,13~29
226,7,NONE,['CAMERA_2'],"{'CAMERA_1': [], 'CAMERA_2': ['price', 'preset_modes', 'optical_zoom'], 'CAMERA_3': []}",C_THANK_YOU,CAMERA_2,NONE,oh yeah alright well thank you very much for your help,PRESENT_X,CAMERA_2,S_THANK_YOU,CAMERA_2,NONE,thank you very much.,FACE_TO_FACE,NONE,
226,8,NONE,['CAMERA_2'],"{'CAMERA_1': [], 'CAMERA_2': ['price', 'preset_modes', 'optical_zoom'], 'CAMERA_3': []}",C_LEAVES,DOOR,NONE,,FACE_TO_FACE,NONE,S_RETURNS_TO_COUNTER,SERVICE_COUNTER,NONE,,WAITING,NONE,
227,1,NONE,[],"{'CAMERA_1': [], 'CAMERA_2': [], 'CAMERA_3': []}",C_ENTERS,DOOR,NONE,,WAITING,NONE,S_NONE,SERVICE_COUNTER,NONE,,WAITING,NONE,
227,2,NONE,[],"{'CAMERA_1': [], 'CAMERA_2': [], 'CAMERA_3': []}",C_GREETS,MIDDLE,NONE,excuse me can you help me sir,WAITING,NONE,S_GREETS,MIDDLE,NONE,can I help you?,FACE_TO_FACE,NONE,
227,3,CAMERA_2,['CAMERA_2'],"{'CAMERA_1': [], 'CAMERA_2': [], 'CAMERA_3': []}",C_LOOKING_FOR_A_CAMERA,MIDDLE,NONE,I guess I'm just looking for a new camera,FACE_TO_FACE,NONE,S_INTRODUCES_CAMERA,CAMERA_2,,Let me show you this. Here we have the Fujifilm Lumix ILC Camera.,PRESENT_X,CAMERA_2,39~64
227,4,CAMERA_2,['CAMERA_2'],"{'CAMERA_1': [], 'CAMERA_2': ['resolution'], 'CAMERA_3': []}",C_QUESTION_ABOUT_FEATURE,CAMERA_2,resolution,I said he's got the glamour of a touch affect what what does that mean,PRESENT_X,CAMERA_2,S_ANSWERS_QUESTION_ABOUT_FEATURE,CAMERA_2,resolution,This one has 23.8 megapixels resolution.,PRESENT_X,CAMERA_2,13~28
227,5,CAMERA_1,"['CAMERA_2', 'CAMERA_1']","{'CAMERA_1': [], 'CAMERA_2': ['resolution'], 'CAMERA_3': []}",C_ANYTHING_ELSE_AVAILABLE,CAMERA_2,NONE,that's good that's okay I like it when do you have other models in this area,PRESENT_X,CAMERA_2,S_INTRODUCES_CAMERA,CAMERA_1,,Let me show you this. Here we have the Sony PowerShot ELPH DMC-ZS3.,PRESENT_X,CAMERA_1,39~66
227,6,CAMERA_1,"['CAMERA_2', 'CAMERA_1']","{'CAMERA_1': ['effects'], 'CAMERA_2': ['resolution'], 'CAMERA_3': []}",C_SILENT_OR_BACKCHANNEL,CAMERA_1,NONE,ok,PRESENT_X,CAMERA_1,S_INTRODUCES_FEATURE,CAMERA_1,effects,"This one has 24 glamor retouch effects (miniature, retro, toy camera, etc.).",PRESENT_X,CAMERA_1,13~75
227,7,CAMERA_1,"['CAMERA_2', 'CAMERA_1']","{'CAMERA_1': ['effects', 'price'], 'CAMERA_2': ['resolution'], 'CAMERA_3': []}",C_SILENT_OR_BACKCHANNEL,CAMERA_1,NONE,okay,PRESENT_X,CAMERA_1,S_INTRODUCES_FEATURE,CAMERA_1,price,This one costs $450.,PRESENT_X,CAMERA_1,15~19
227,8,CAMERA_1,"['CAMERA_2', 'CAMERA_1']","{'CAMERA_1': ['effects', 'price', 'ISO'], 'CAMERA_2': ['resolution'], 'CAMERA_3': []}",C_QUESTION_ABOUT_FEATURE,CAMERA_1,ISO,ok what about the I don't know what the ISO,PRESENT_X,CAMERA_1,S_ANSWERS_QUESTION_ABOUT_FEATURE,CAMERA_1,ISO,This one has up to 51200 ISO.,PRESENT_X,CAMERA_1,13~28
227,9,CAMERA_1,"['CAMERA_2', 'CAMERA_1']","{'CAMERA_1': ['effects', 'price', 'ISO', 'resolution'], 'CAMERA_2': ['resolution'], 'CAMERA_3': []}",C_SILENT_OR_BACKCHANNEL,CAMERA_1,NONE,that's good,PRESENT_X,CAMERA_1,S_INTRODUCES_FEATURE,CAMERA_1,resolution,This one has 17.8 megapixels resolution.,PRESENT_X,CAMERA_1,13~28
227,10,CAMERA_1,"['CAMERA_2', 'CAMERA_1']","{'CAMERA_1': ['effects', 'price', 'ISO', 'resolution', 'optical_zoom'], 'CAMERA_2': ['resolution'], 'CAMERA_3': []}",C_SILENT_OR_BACKCHANNEL,CAMERA_1,NONE,that looks good,PRESENT_X,CAMERA_1,S_INTRODUCES_FEATURE,CAMERA_1,optical_zoom,This one has 21x optical zoom.,PRESENT_X,CAMERA_1,13~29
227,11,CAMERA_1,"['CAMERA_2', 'CAMERA_1']","{'CAMERA_1': ['effects', 'price', 'ISO', 'resolution', 'optical_zoom', 'settings'], 'CAMERA_2': ['resolution'], 'CAMERA_3': []}",C_QUESTION_ABOUT_FEATURE,CAMERA_1,settings,on the manual settings,PRESENT_X,CAMERA_1,S_ANSWERS_QUESTION_ABOUT_FEATURE,CAMERA_1,settings,This one has limited manual settings.,PRESENT_X,CAMERA_1,13~36
227,12,CAMERA_1,"['CAMERA_2', 'CAMERA_1']","{'CAMERA_1': ['effects', 'price', 'ISO', 'resolution', 'optical_zoom', 'settings', 'color'], 'CAMERA_2': ['resolution'], 'CAMERA_3': []}",C_QUESTION_ABOUT_FEATURE,CAMERA_1,color,can I know if you have any other colors,PRESENT_X,CAMERA_1,S_ANSWERS_QUESTION_ABOUT_FEATURE,CAMERA_1,color,This one comes in blue or black.,PRESENT_X,CAMERA_1,18~31
227,13,CAMERA_1,"['CAMERA_2', 'CAMERA_1']","{'CAMERA_1': ['effects', 'price', 'ISO', 'resolution', 'optical_zoom', 'settings', 'color', 'autofocus_points'], 'CAMERA_2': ['resolution'], 'CAMERA_3': []}",C_QUESTION_ABOUT_FEATURE,CAMERA_1,autofocus_points,how many autofocus points does it have ,PRESENT_X,CAMERA_1,S_ANSWERS_QUESTION_ABOUT_FEATURE,CAMERA_1,autofocus_points,This one has 135 autofocus points.,PRESENT_X,CAMERA_1,13~33
227,14,CAMERA_1,"['CAMERA_2', 'CAMERA_1']","{'CAMERA_1': ['effects', 'price', 'ISO', 'resolution', 'optical_zoom', 'settings', 'color', 'autofocus_points', 'long_exposure'], 'CAMERA_2': ['resolution'], 'CAMERA_3': []}",C_SILENT_OR_BACKCHANNEL,CAMERA_1,NONE,I'm looking at this dslr it looks pretty good,PRESENT_X,CAMERA_1,S_INTRODUCES_FEATURE,CAMERA_1,long_exposure,This one can take long exposures up to up to 15 seconds with Long Shutter Mode.,PRESENT_X,CAMERA_1,39~78
227,15,CAMERA_1,"['CAMERA_2', 'CAMERA_1']","{'CAMERA_1': ['effects', 'price', 'ISO', 'resolution', 'optical_zoom', 'settings', 'color', 'autofocus_points', 'long_exposure', 'preset_modes'], 'CAMERA_2': ['resolution'], 'CAMERA_3': []}",C_QUESTION_ABOUT_FEATURE,CAMERA_1,preset_modes,is it equipped with any preset modes,PRESENT_X,CAMERA_1,S_NOT_SURE,CAMERA_1,,I'm not really sure about that.,PRESENT_X,CAMERA_1,
227,16,CAMERA_3,"['CAMERA_2', 'CAMERA_1', 'CAMERA_3']","{'CAMERA_1': ['effects', 'price', 'ISO', 'resolution', 'optical_zoom', 'settings', 'color', 'autofocus_points', 'long_exposure', 'preset_modes'], 'CAMERA_2': ['resolution'], 'CAMERA_3': []}",C_ANYTHING_ELSE_AVAILABLE,CAMERA_1,NONE,do you have any other cameras like this,PRESENT_X,CAMERA_1,S_INTRODUCES_CAMERA,CAMERA_3,,Let me show you this. Here we have the Fujifilm PowerShot ELPH S2800.,PRESENT_X,CAMERA_3,39~68
227,17,CAMERA_3,"['CAMERA_2', 'CAMERA_1', 'CAMERA_3']","{'CAMERA_1': ['effects', 'price', 'ISO', 'resolution', 'optical_zoom', 'settings', 'color', 'autofocus_points', 'long_exposure', 'preset_modes'], 'CAMERA_2': ['resolution'], 'CAMERA_3': ['autofocus_points']}",C_SILENT_OR_BACKCHANNEL,CAMERA_3,NONE,alright,PRESENT_X,CAMERA_3,S_INTRODUCES_FEATURE,CAMERA_3,autofocus_points,This one has 214 autofocus points.,PRESENT_X,CAMERA_3,13~33
227,18,,"['CAMERA_2', 'CAMERA_1', 'CAMERA_3']","{'CAMERA_1': ['effects', 'price', 'ISO', 'resolution', 'optical_zoom', 'settings', 'color', 'autofocus_points', 'long_exposure', 'preset_modes'], 'CAMERA_2': ['resolution'], 'CAMERA_3': ['autofocus_points']}",C_ANYTHING_ELSE_AVAILABLE,CAMERA_3,NONE,Do you have any other cameras under $300,PRESENT_X,CAMERA_3,S_THATS_ALL_WE_HAVE_AVAILABLE,CAMERA_3,,That's all we have available at the moment.,PRESENT_X,CAMERA_3,
227,19,NONE,"['CAMERA_2', 'CAMERA_1', 'CAMERA_3']","{'CAMERA_1': ['effects', 'price', 'ISO', 'resolution', 'optical_zoom', 'settings', 'color', 'autofocus_points', 'long_exposure', 'preset_modes'], 'CAMERA_2': ['resolution'], 'CAMERA_3': ['autofocus_points']}",C_THANK_YOU,CAMERA_3,NONE,thank you,PRESENT_X,CAMERA_3,S_THANK_YOU,CAMERA_3,NONE,thank you very much.,FACE_TO_FACE,NONE,
227,20,NONE,"['CAMERA_2', 'CAMERA_1', 'CAMERA_3']","{'CAMERA_1': ['effects', 'price', 'ISO', 'resolution', 'optical_zoom', 'settings', 'color', 'autofocus_points', 'long_exposure', 'preset_modes'], 'CAMERA_2': ['resolution'], 'CAMERA_3': ['autofocus_points']}",C_LEAVES,DOOR,NONE,,FACE_TO_FACE,NONE,S_RETURNS_TO_COUNTER,SERVICE_COUNTER,NONE,,WAITING,NONE,
228,1,NONE,[],"{'CAMERA_1': [], 'CAMERA_2': [], 'CAMERA_3': []}",C_ENTERS,DOOR,NONE,,WAITING,NONE,S_NONE,SERVICE_COUNTER,NONE,,WAITING,NONE,
228,2,NONE,[],"{'CAMERA_1': [], 'CAMERA_2': [], 'CAMERA_3': []}",C_GREETS,MIDDLE,NONE,hello,WAITING,NONE,S_GREETS,MIDDLE,NONE,can I help you?,FACE_TO_FACE,NONE,
228,3,CAMERA_3,['CAMERA_3'],"{'CAMERA_1': [], 'CAMERA_2': [], 'CAMERA_3': []}",C_LOOKING_FOR_A_CAMERA,MIDDLE,NONE,the room I'm looking for a new camera that has a professional photographer,FACE_TO_FACE,NONE,S_INTRODUCES_CAMERA,CAMERA_3,,Let me show you this. Here we have the Fujifilm PowerShot ELPH S2800.,PRESENT_X,CAMERA_3,39~68
228,4,CAMERA_3,['CAMERA_3'],"{'CAMERA_1': [], 'CAMERA_2': [], 'CAMERA_3': ['weight']}",C_SILENT_OR_BACKCHANNEL,CAMERA_3,NONE,I get,PRESENT_X,CAMERA_3,S_INTRODUCES_FEATURE,CAMERA_3,weight,This one weighs 820 grams.,PRESENT_X,CAMERA_3,16~25
228,5,CAMERA_3,['CAMERA_3'],"{'CAMERA_1': [], 'CAMERA_2': [], 'CAMERA_3': ['weight', 'camera_type']}",C_QUESTION_ABOUT_FEATURE,CAMERA_3,camera_type,what kind of camera is this,PRESENT_X,CAMERA_3,S_ANSWERS_QUESTION_ABOUT_FEATURE,CAMERA_3,camera_type,This is a point and shoot camera.,PRESENT_X,CAMERA_3,10~25
228,6,CAMERA_1,"['CAMERA_3', 'CAMERA_1']","{'CAMERA_1': [], 'CAMERA_2': [], 'CAMERA_3': ['weight', 'camera_type']}",C_ANYTHING_ELSE_AVAILABLE,CAMERA_3,NONE,that's good that's okay I like it when do you have other models in this area,PRESENT_X,CAMERA_3,S_INTRODUCES_CAMERA,CAMERA_1,,Let me show you this. Here we have the Sony PowerShot ELPH DMC-ZS3.,PRESENT_X,CAMERA_1,39~66
228,7,CAMERA_1,"['CAMERA_3', 'CAMERA_1']","{'CAMERA_1': ['effects'], 'CAMERA_2': [], 'CAMERA_3': ['weight', 'camera_type']}",C_SILENT_OR_BACKCHANNEL,CAMERA_1,NONE,wow,PRESENT_X,CAMERA_1,S_INTRODUCES_FEATURE,CAMERA_1,effects,"This one has 24 glamor retouch effects (miniature, retro, toy camera, etc.).",PRESENT_X,CAMERA_1,13~75
228,8,CAMERA_1,"['CAMERA_3', 'CAMERA_1']","{'CAMERA_1': ['effects', 'ISO'], 'CAMERA_2': [], 'CAMERA_3': ['weight', 'camera_type']}",C_SILENT_OR_BACKCHANNEL,CAMERA_1,NONE,okay,PRESENT_X,CAMERA_1,S_INTRODUCES_FEATURE,CAMERA_1,ISO,This one has up to 51200 ISO.,PRESENT_X,CAMERA_1,13~28
228,9,CAMERA_1,"['CAMERA_3', 'CAMERA_1']","{'CAMERA_1': ['effects', 'ISO', 'autofocus_points'], 'CAMERA_2': [], 'CAMERA_3': ['weight', 'camera_type']}",C_QUESTION_ABOUT_FEATURE,CAMERA_1,autofocus_points,oh I see and what about the autofocus points and the ISO,PRESENT_X,CAMERA_1,S_ANSWERS_QUESTION_ABOUT_FEATURE,CAMERA_1,autofocus_points,This one has 135 autofocus points.,PRESENT_X,CAMERA_1,13~33
228,10,CAMERA_1,"['CAMERA_3', 'CAMERA_1']","{'CAMERA_1': ['effects', 'ISO', 'autofocus_points', 'long_exposure'], 'CAMERA_2': [], 'CAMERA_3': ['weight', 'camera_type']}",C_SILENT_OR_BACKCHANNEL,CAMERA_1,NONE,I say,PRESENT_X,CAMERA_1,S_INTRODUCES_FEATURE,CAMERA_1,long_exposure,This one can take long exposures up to up to 15 seconds with Long Shutter Mode.,PRESENT_X,CAMERA_1,39~78
228,11,NONE,"['CAMERA_3', 'CAMERA_1']","{'CAMERA_1': ['effects', 'ISO', 'autofocus_points', 'long_exposure'], 'CAMERA_2': [], 'CAMERA_3': ['weight', 'camera_type']}",C_THANK_YOU,CAMERA_1,NONE,a good thank you very much,PRESENT_X,CAMERA_1,S_THANK_YOU,CAMERA_1,NONE,thank you very much.,FACE_TO_FACE,NONE,
228,12,NONE,"['CAMERA_3', 'CAMERA_1']","{'CAMERA_1': ['effects', 'ISO', 'autofocus_points', 'long_exposure'], 'CAMERA_2': [], 'CAMERA_3': ['weight', 'camera_type']}",C_LEAVES,DOOR,NONE,,FACE_TO_FACE,NONE,S_RETURNS_TO_COUNTER,SERVICE_COUNTER,NONE,,WAITING,NONE,
229,1,NONE,[],"{'CAMERA_1': [], 'CAMERA_2': [], 'CAMERA_3': []}",C_ENTERS,DOOR,NONE,,WAITING,NONE,S_NONE,SERVICE_COUNTER,NONE,,WAITING,NONE,
229,2,NONE,[],"{'CAMERA_1': [], 'CAMERA_2': [], 'CAMERA_3': []}",C_WALKS_TO_CAMERA,CAMERA_1,NONE,,WAITING,NONE,S_GREETS,CAMERA_1,NONE,can I help you?,FACE_TO_FACE,NONE,
229,3,CAMERA_2,['CAMERA_2'],"{'CAMERA_1': [], 'CAMERA_2': [], 'CAMERA_3': []}",C_LOOKING_FOR_A_CAMERA,CAMERA_1,NONE,I'm looking for a mid mid range priced camera,FACE_TO_FACE,NONE,S_INTRODUCES_CAMERA,CAMERA_2,,Let me show you this. Here we have the Fujifilm Lumix ILC Camera.,PRESENT_X,CAMERA_2,39~64
229,4,CAMERA_2,['CAMERA_2'],"{'CAMERA_1': [], 'CAMERA_2': ['optical_zoom'], 'CAMERA_3': []}",C_QUESTION_ABOUT_FEATURE,CAMERA_2,optical_zoom,what what is the what is the of the optical zoom how does it work how far can I zoom,PRESENT_X,CAMERA_2,S_ANSWERS_QUESTION_ABOUT_FEATURE,CAMERA_2,optical_zoom,This one has 21x optical zoom.,PRESENT_X,CAMERA_2,13~29
229,5,NONE,['CAMERA_2'],"{'CAMERA_1': [], 'CAMERA_2': ['optical_zoom'], 'CAMERA_3': []}",C_THANK_YOU,CAMERA_2,NONE,that's great thank you very much for your help,PRESENT_X,CAMERA_2,S_THANK_YOU,CAMERA_2,NONE,thank you very much.,FACE_TO_FACE,NONE,
229,6,NONE,['CAMERA_2'],"{'CAMERA_1': [], 'CAMERA_2': ['optical_zoom'], 'CAMERA_3': []}",C_LEAVES,DOOR,NONE,,FACE_TO_FACE,NONE,S_RETURNS_TO_COUNTER,SERVICE_COUNTER,NONE,,WAITING,NONE,
230,1,NONE,[],"{'CAMERA_1': [], 'CAMERA_2': [], 'CAMERA_3': []}",C_ENTERS,DOOR,NONE,,WAITING,NONE,S_NONE,SERVICE_COUNTER,NONE,,WAITING,NONE,
230,2,NONE,[],"{'CAMERA_1': [], 'CAMERA_2': [], 'CAMERA_3': []}",C_WALKS_TO_CAMERA,CAMERA_3,NONE,,WAITING,NONE,S_GREETS,CAMERA_3,NONE,can I help you?,FACE_TO_FACE,NONE,
230,3,CAMERA_1,['CAMERA_1'],"{'CAMERA_1': [], 'CAMERA_2': [], 'CAMERA_3': []}",C_LOOKING_FOR_A_CAMERA,CAMERA_3,NONE,I need a camera but not a professional camera but something I can use in my business that will give me some good pictures,FACE_TO_FACE,NONE,S_INTRODUCES_CAMERA,CAMERA_1,,Let me show you this. Here we have the Sony PowerShot ELPH DMC-ZS3.,PRESENT_X,CAMERA_1,39~66
230,4,CAMERA_1,['CAMERA_1'],"{'CAMERA_1': ['resolution'], 'CAMERA_2': [], 'CAMERA_3': []}",C_QUESTION_ABOUT_FEATURE,CAMERA_1,resolution,how many megapixels does it have,PRESENT_X,CAMERA_1,S_ANSWERS_QUESTION_ABOUT_FEATURE,CAMERA_1,resolution,This one has 17.8 megapixels resolution.,PRESENT_X,CAMERA_1,13~28
230,5,CAMERA_1,['CAMERA_1'],"{'CAMERA_1': ['resolution', 'long_exposure'], 'CAMERA_2': [], 'CAMERA_3': []}",C_QUESTION_ABOUT_FEATURE,CAMERA_1,long_exposure,ICN worry about their long exposure,PRESENT_X,CAMERA_1,S_ANSWERS_QUESTION_ABOUT_FEATURE,CAMERA_1,long_exposure,This one can take long exposures up to up to 15 seconds with Long Shutter Mode.,PRESENT_X,CAMERA_1,39~78
230,6,CAMERA_1,['CAMERA_1'],"{'CAMERA_1': ['resolution', 'long_exposure', 'ISO'], 'CAMERA_2': [], 'CAMERA_3': []}",C_QUESTION_ABOUT_FEATURE,CAMERA_1,ISO,okay I see and can you please explain me about the ISO,PRESENT_X,CAMERA_1,S_ANSWERS_QUESTION_ABOUT_FEATURE,CAMERA_1,ISO,This one has up to 51200 ISO.,PRESENT_X,CAMERA_1,13~28
230,7,CAMERA_1,['CAMERA_1'],"{'CAMERA_1': ['resolution', 'long_exposure', 'ISO', 'price'], 'CAMERA_2': [], 'CAMERA_3': []}",C_SILENT_OR_BACKCHANNEL,CAMERA_1,NONE,ok let me see,PRESENT_X,CAMERA_1,S_INTRODUCES_FEATURE,CAMERA_1,price,This one costs $450.,PRESENT_X,CAMERA_1,15~19
230,8,CAMERA_1,['CAMERA_1'],"{'CAMERA_1': ['resolution', 'long_exposure', 'ISO', 'price', 'effects'], 'CAMERA_2': [], 'CAMERA_3': []}",C_QUESTION_ABOUT_FEATURE,CAMERA_1,effects,does it have an artistic effect mode,PRESENT_X,CAMERA_1,S_ANSWERS_QUESTION_ABOUT_FEATURE,CAMERA_1,effects,"This one has 24 glamor retouch effects (miniature, retro, toy camera, etc.).",PRESENT_X,CAMERA_1,13~75
230,9,CAMERA_1,['CAMERA_1'],"{'CAMERA_1': ['resolution', 'long_exposure', 'ISO', 'price', 'effects', 'autofocus_points'], 'CAMERA_2': [], 'CAMERA_3': []}",C_QUESTION_ABOUT_FEATURE,CAMERA_1,autofocus_points,and how many autofocus points does it have,PRESENT_X,CAMERA_1,S_ANSWERS_QUESTION_ABOUT_FEATURE,CAMERA_1,autofocus_points,This one has 135 autofocus points.,PRESENT_X,CAMERA_1,13~33
230,10,CAMERA_1,['CAMERA_1'],"{'CAMERA_1': ['resolution', 'long_exposure', 'ISO', 'price', 'effects', 'autofocus_points', 'sensor_size'], 'CAMERA_2': [], 'CAMERA_3': []}",C_SILENT_OR_BACKCHANNEL,CAMERA_1,NONE,great so no matter how bad the light that can be photoshopped or modified on my computer,PRESENT_X,CAMERA_1,S_INTRODUCES_FEATURE,CAMERA_1,sensor_size,This one has a 1/2.3 inch CMOS sensor.,PRESENT_X,CAMERA_1,15~37
230,11,CAMERA_1,['CAMERA_1'],"{'CAMERA_1': ['resolution', 'long_exposure', 'ISO', 'price', 'effects', 'autofocus_points', 'sensor_size', 'optical_zoom'], 'CAMERA_2': [], 'CAMERA_3': []}",C_SILENT_OR_BACKCHANNEL,CAMERA_1,NONE,yeah pretty good pocket size,PRESENT_X,CAMERA_1,S_INTRODUCES_FEATURE,CAMERA_1,optical_zoom,This one has 21x optical zoom.,PRESENT_X,CAMERA_1,13~29
230,12,CAMERA_1,['CAMERA_1'],"{'CAMERA_1': ['resolution', 'long_exposure', 'ISO', 'price', 'effects', 'autofocus_points', 'sensor_size', 'optical_zoom', 'weight'], 'CAMERA_2': [], 'CAMERA_3': []}",C_SILENT_OR_BACKCHANNEL,CAMERA_1,NONE,okay,PRESENT_X,CAMERA_1,S_INTRODUCES_FEATURE,CAMERA_1,weight,This one weighs 800 grams.,PRESENT_X,CAMERA_1,16~25
230,13,CAMERA_2,"['CAMERA_1', 'CAMERA_2']","{'CAMERA_1': ['resolution', 'long_exposure', 'ISO', 'price', 'effects', 'autofocus_points', 'sensor_size', 'optical_zoom', 'weight'], 'CAMERA_2': [], 'CAMERA_3': []}",C_ANYTHING_ELSE_AVAILABLE,CAMERA_1,NONE,oh I see that's very interesting do you have any other cameras that you can recommend me,PRESENT_X,CAMERA_1,S_INTRODUCES_CAMERA,CAMERA_2,,Let me show you this. Here we have the Fujifilm Lumix ILC Camera.,PRESENT_X,CAMERA_2,39~64
230,14,CAMERA_2,"['CAMERA_1', 'CAMERA_2']","{'CAMERA_1': ['resolution', 'long_exposure', 'ISO', 'price', 'effects', 'autofocus_points', 'sensor_size', 'optical_zoom', 'weight'], 'CAMERA_2': ['camera_type'], 'CAMERA_3': []}",C_SILENT_OR_BACKCHANNEL,CAMERA_2,NONE,ok,PRESENT_X,CAMERA_2,S_INTRODUCES_FEATURE,CAMERA_2,camera_type,This is a digital single lens mirrorless camera.,PRESENT_X,CAMERA_2,10~40
230,15,CAMERA_2,"['CAMERA_1', 'CAMERA_2']","{'CAMERA_1': ['resolution', 'long_exposure', 'ISO', 'price', 'effects', 'autofocus_points', 'sensor_size', 'optical_zoom', 'weight'], 'CAMERA_2': ['camera_type', 'weight'], 'CAMERA_3': []}",C_SILENT_OR_BACKCHANNEL,CAMERA_2,NONE,ok,PRESENT_X,CAMERA_2,S_INTRODUCES_FEATURE,CAMERA_2,weight,This one weighs 820 grams.,PRESENT_X,CAMERA_2,16~25
230,16,CAMERA_2,"['CAMERA_1', 'CAMERA_2']","{'CAMERA_1': ['resolution', 'long_exposure', 'ISO', 'price', 'effects', 'autofocus_points', 'sensor_size', 'optical_zoom', 'weight'], 'CAMERA_2': ['camera_type', 'weight', 'sensor_size'], 'CAMERA_3': []}",C_QUESTION_ABOUT_FEATURE,CAMERA_2,sensor_size,size of a sensor,PRESENT_X,CAMERA_2,S_ANSWERS_QUESTION_ABOUT_FEATURE,CAMERA_2,sensor_size,This one has a 1/2.33 inch sensor.,PRESENT_X,CAMERA_2,15~33
230,17,CAMERA_2,"['CAMERA_1', 'CAMERA_2']","{'CAMERA_1': ['resolution', 'long_exposure', 'ISO', 'price', 'effects', 'autofocus_points', 'sensor_size', 'optical_zoom', 'weight'], 'CAMERA_2': ['camera_type', 'weight', 'sensor_size', 'effects'], 'CAMERA_3': []}",C_QUESTION_ABOUT_FEATURE,CAMERA_2,effects,what about the artistic effect mode how does that work,PRESENT_X,CAMERA_2,S_ANSWERS_QUESTION_ABOUT_FEATURE,CAMERA_2,effects,"This one has 24 artistic effect modes (retro, lighter or darker skin tones, sepia, etc.).",PRESENT_X,CAMERA_2,13~88
230,18,CAMERA_2,"['CAMERA_1', 'CAMERA_2']","{'CAMERA_1': ['resolution', 'long_exposure', 'ISO', 'price', 'effects', 'autofocus_points', 'sensor_size', 'optical_zoom', 'weight'], 'CAMERA_2': ['camera_type', 'weight', 'sensor_size', 'effects', 'ISO'], 'CAMERA_3': []}",C_QUESTION_ABOUT_FEATURE,CAMERA_2,ISO,in the iso what is the ISO on this camera,PRESENT_X,CAMERA_2,S_NOT_SURE,CAMERA_2,,I'm not really sure about that.,PRESENT_X,CAMERA_2,
230,19,CAMERA_2,"['CAMERA_1', 'CAMERA_2']","{'CAMERA_1': ['resolution', 'long_exposure', 'ISO', 'price', 'effects', 'autofocus_points', 'sensor_size', 'optical_zoom', 'weight'], 'CAMERA_2': ['camera_type', 'weight', 'sensor_size', 'effects', 'ISO', 'resolution'], 'CAMERA_3': []}",C_QUESTION_ABOUT_FEATURE,CAMERA_2,resolution,Yahara actually like to do that and then what how many megapixels does it have,PRESENT_X,CAMERA_2,S_ANSWERS_QUESTION_ABOUT_FEATURE,CAMERA_2,resolution,This one has 23.8 megapixels resolution.,PRESENT_X,CAMERA_2,13~28
230,20,CAMERA_2,"['CAMERA_1', 'CAMERA_2']","{'CAMERA_1': ['resolution', 'long_exposure', 'ISO', 'price', 'effects', 'autofocus_points', 'sensor_size', 'optical_zoom', 'weight'], 'CAMERA_2': ['camera_type', 'weight', 'sensor_size', 'effects', 'ISO', 'resolution', 'color'], 'CAMERA_3': []}",C_QUESTION_ABOUT_FEATURE,CAMERA_2,color,does it come in other color option,PRESENT_X,CAMERA_2,S_ANSWERS_QUESTION_ABOUT_FEATURE,CAMERA_2,color,This one comes in white or pink.,PRESENT_X,CAMERA_2,18~31
230,21,CAMERA_2,"['CAMERA_1', 'CAMERA_2']","{'CAMERA_1': ['resolution', 'long_exposure', 'ISO', 'price', 'effects', 'autofocus_points', 'sensor_size', 'optical_zoom', 'weight'], 'CAMERA_2': ['camera_type', 'weight', 'sensor_size', 'effects', 'ISO', 'resolution', 'color', 'autofocus_points'], 'CAMERA_3': []}",C_QUESTION_ABOUT_FEATURE,CAMERA_2,autofocus_points,Hacienda how many autofocus points does it have,PRESENT_X,CAMERA_2,S_NOT_SURE,CAMERA_2,,I'm not really sure about that.,PRESENT_X,CAMERA_2,
230,22,NONE,"['CAMERA_1', 'CAMERA_2']","{'CAMERA_1': ['resolution', 'long_exposure', 'ISO', 'price', 'effects', 'autofocus_points', 'sensor_size', 'optical_zoom', 'weight'], 'CAMERA_2': ['camera_type', 'weight', 'sensor_size', 'effects', 'ISO', 'resolution', 'color', 'autofocus_points'], 'CAMERA_3': []}",C_THANK_YOU,CAMERA_2,NONE,no thank you for your help thank you have a good day,PRESENT_X,CAMERA_2,S_THANK_YOU,CAMERA_2,NONE,thank you very much.,FACE_TO_FACE,NONE,
230,23,NONE,"['CAMERA_1', 'CAMERA_2']","{'CAMERA_1': ['resolution', 'long_exposure', 'ISO', 'price', 'effects', 'autofocus_points', 'sensor_size', 'optical_zoom', 'weight'], 'CAMERA_2': ['camera_type', 'weight', 'sensor_size', 'effects', 'ISO', 'resolution', 'color', 'autofocus_points'], 'CAMERA_3': []}",C_LEAVES,DOOR,NONE,,FACE_TO_FACE,NONE,S_RETURNS_TO_COUNTER,SERVICE_COUNTER,NONE,,WAITING,NONE,
231,1,NONE,[],"{'CAMERA_1': [], 'CAMERA_2': [], 'CAMERA_3': []}",C_ENTERS,DOOR,NONE,,WAITING,NONE,S_NONE,SERVICE_COUNTER,NONE,,WAITING,NONE,
231,2,NONE,[],"{'CAMERA_1': [], 'CAMERA_2': [], 'CAMERA_3': []}",C_GREETS,MIDDLE,NONE,sorry for ask you another question about this camera,WAITING,NONE,S_GREETS,MIDDLE,NONE,can I help you?,FACE_TO_FACE,NONE,
231,3,CAMERA_1,['CAMERA_1'],"{'CAMERA_1': [], 'CAMERA_2': [], 'CAMERA_3': []}",C_LOOKING_FOR_A_CAMERA,MIDDLE,NONE,oh hi I'm looking for a new camera I just broke mine,FACE_TO_FACE,NONE,S_INTRODUCES_CAMERA,CAMERA_1,,Let me show you this. Here we have the Sony PowerShot ELPH DMC-ZS3.,PRESENT_X,CAMERA_1,39~66
231,4,CAMERA_1,['CAMERA_1'],"{'CAMERA_1': ['autofocus_points'], 'CAMERA_2': [], 'CAMERA_3': []}",C_QUESTION_ABOUT_FEATURE,CAMERA_1,autofocus_points,and it has auto focus points,PRESENT_X,CAMERA_1,S_ANSWERS_QUESTION_ABOUT_FEATURE,CAMERA_1,autofocus_points,This one has 135 autofocus points.,PRESENT_X,CAMERA_1,13~33
231,5,CAMERA_1,['CAMERA_1'],"{'CAMERA_1': ['autofocus_points', 'settings'], 'CAMERA_2': [], 'CAMERA_3': []}",C_SILENT_OR_BACKCHANNEL,CAMERA_1,NONE,that's nice how much is it,PRESENT_X,CAMERA_1,S_INTRODUCES_FEATURE,CAMERA_1,settings,This one has limited manual settings.,PRESENT_X,CAMERA_1,13~36
231,6,CAMERA_1,['CAMERA_1'],"{'CAMERA_1': ['autofocus_points', 'settings', 'ISO'], 'CAMERA_2': [], 'CAMERA_3': []}",C_SILENT_OR_BACKCHANNEL,CAMERA_1,NONE,I see,PRESENT_X,CAMERA_1,S_INTRODUCES_FEATURE,CAMERA_1,ISO,This one has up to 51200 ISO.,PRESENT_X,CAMERA_1,13~28
231,7,CAMERA_1,['CAMERA_1'],"{'CAMERA_1': ['autofocus_points', 'settings', 'ISO', 'optical_zoom'], 'CAMERA_2': [], 'CAMERA_3': []}",C_SILENT_OR_BACKCHANNEL,CAMERA_1,NONE,I say,PRESENT_X,CAMERA_1,S_INTRODUCES_FEATURE,CAMERA_1,optical_zoom,This one has 21x optical zoom.,PRESENT_X,CAMERA_1,13~29
231,8,NONE,['CAMERA_1'],"{'CAMERA_1': ['autofocus_points', 'settings', 'ISO', 'optical_zoom'], 'CAMERA_2': [], 'CAMERA_3': []}",C_THANK_YOU,CAMERA_1,NONE,okay thanks,PRESENT_X,CAMERA_1,S_THANK_YOU,CAMERA_1,NONE,thank you very much.,FACE_TO_FACE,NONE,
231,9,NONE,['CAMERA_1'],"{'CAMERA_1': ['autofocus_points', 'settings', 'ISO', 'optical_zoom'], 'CAMERA_2': [], 'CAMERA_3': []}",C_LEAVES,DOOR,NONE,,FACE_TO_FACE,NONE,S_RETURNS_TO_COUNTER,SERVICE_COUNTER,NONE,,WAITING,NONE,
232,1,NONE,[],"{'CAMERA_1': [], 'CAMERA_2': [], 'CAMERA_3': []}",C_ENTERS,DOOR,NONE,,WAITING,NONE,S_NONE,SERVICE_COUNTER,NONE,,WAITING,NONE,
232,2,NONE,[],"{'CAMERA_1': [], 'CAMERA_2': [], 'CAMERA_3': []}",C_GREETS,MIDDLE,NONE,excuse me,WAITING,NONE,S_GREETS,MIDDLE,NONE,can I help you?,FACE_TO_FACE,NONE,
232,3,CAMERA_1,['CAMERA_1'],"{'CAMERA_1': [], 'CAMERA_2': [], 'CAMERA_3': []}",C_LOOKING_FOR_A_CAMERA,MIDDLE,NONE,I'm just looking for a camera,FACE_TO_FACE,NONE,S_INTRODUCES_CAMERA,CAMERA_1,,Let me show you this. Here we have the Sony PowerShot ELPH DMC-ZS3.,PRESENT_X,CAMERA_1,39~66
232,4,CAMERA_1,['CAMERA_1'],"{'CAMERA_1': ['weight'], 'CAMERA_2': [], 'CAMERA_3': []}",C_QUESTION_ABOUT_FEATURE,CAMERA_1,weight,and the weight of this camera is it ever,PRESENT_X,CAMERA_1,S_ANSWERS_QUESTION_ABOUT_FEATURE,CAMERA_1,weight,This one weighs 800 grams.,PRESENT_X,CAMERA_1,16~25
232,5,CAMERA_2,"['CAMERA_1', 'CAMERA_2']","{'CAMERA_1': ['weight'], 'CAMERA_2': [], 'CAMERA_3': []}",C_ANYTHING_ELSE_AVAILABLE,CAMERA_1,NONE,Do you have other cameras that I could afford,PRESENT_X,CAMERA_1,S_INTRODUCES_CAMERA,CAMERA_2,,Let me show you this. Here we have the Fujifilm Lumix ILC Camera.,PRESENT_X,CAMERA_2,39~64
232,6,CAMERA_2,"['CAMERA_1', 'CAMERA_2']","{'CAMERA_1': ['weight'], 'CAMERA_2': ['autofocus_points'], 'CAMERA_3': []}",C_QUESTION_ABOUT_FEATURE,CAMERA_2,autofocus_points,and how many autofocus points does it have,PRESENT_X,CAMERA_2,S_NOT_SURE,CAMERA_2,,I'm not really sure about that.,PRESENT_X,CAMERA_2,
232,7,CAMERA_2,"['CAMERA_1', 'CAMERA_2']","{'CAMERA_1': ['weight'], 'CAMERA_2': ['autofocus_points', 'color'], 'CAMERA_3': []}",C_SILENT_OR_BACKCHANNEL,CAMERA_2,NONE,okay,PRESENT_X,CAMERA_2,S_INTRODUCES_FEATURE,CAMERA_2,color,This one comes in white or pink.,PRESENT_X,CAMERA_2,18~31
232,8,CAMERA_2,"['CAMERA_1', 'CAMERA_2']","{'CAMERA_1': ['weight'], 'CAMERA_2': ['autofocus_points', 'color', 'price'], 'CAMERA_3': []}",C_QUESTION_ABOUT_FEATURE,CAMERA_2,price,how much does this phone cost,PRESENT_X,CAMERA_2,S_ANSWERS_QUESTION_ABOUT_FEATURE,CAMERA_2,price,This one costs $768.,PRESENT_X,CAMERA_2,15~19
232,9,CAMERA_2,"['CAMERA_1', 'CAMERA_2']","{'CAMERA_1': ['weight'], 'CAMERA_2': ['autofocus_points', 'color', 'price', 'settings'], 'CAMERA_3': []}",C_SILENT_OR_BACKCHANNEL,CAMERA_2,NONE,alright,PRESENT_X,CAMERA_2,S_INTRODUCES_FEATURE,CAMERA_2,settings,"This one has manual control and various automatic settings (video modeburst shooting, etc.).",PRESENT_X,CAMERA_2,13~91
232,10,CAMERA_2,"['CAMERA_1', 'CAMERA_2']","{'CAMERA_1': ['weight'], 'CAMERA_2': ['autofocus_points', 'color', 'price', 'settings', 'long_exposure'], 'CAMERA_3': []}",C_SILENT_OR_BACKCHANNEL,CAMERA_2,NONE,sounds good,PRESENT_X,CAMERA_2,S_INTRODUCES_FEATURE,CAMERA_2,long_exposure,This one can take long exposures up to 60 minutes max with bulb mode.,PRESENT_X,CAMERA_2,39~68
232,11,CAMERA_2,"['CAMERA_1', 'CAMERA_2']","{'CAMERA_1': ['weight'], 'CAMERA_2': ['autofocus_points', 'color', 'price', 'settings', 'long_exposure', 'weight'], 'CAMERA_3': []}",C_QUESTION_ABOUT_FEATURE,CAMERA_2,weight,House the weight,PRESENT_X,CAMERA_2,S_ANSWERS_QUESTION_ABOUT_FEATURE,CAMERA_2,weight,This one weighs 820 grams.,PRESENT_X,CAMERA_2,16~25
232,12,CAMERA_2,"['CAMERA_1', 'CAMERA_2']","{'CAMERA_1': ['weight'], 'CAMERA_2': ['autofocus_points', 'color', 'price', 'settings', 'long_exposure', 'weight', 'ISO'], 'CAMERA_3': []}",C_QUESTION_ABOUT_FEATURE,CAMERA_2,ISO,ISO option is,PRESENT_X,CAMERA_2,S_NOT_SURE,CAMERA_2,,I'm not really sure about that.,PRESENT_X,CAMERA_2,
232,13,NONE,"['CAMERA_1', 'CAMERA_2']","{'CAMERA_1': ['weight'], 'CAMERA_2': ['autofocus_points', 'color', 'price', 'settings', 'long_exposure', 'weight', 'ISO'], 'CAMERA_3': []}",C_THANK_YOU,CAMERA_2,NONE,thank you for your support,PRESENT_X,CAMERA_2,S_THANK_YOU,CAMERA_2,NONE,thank you very much.,FACE_TO_FACE,NONE,
232,14,NONE,"['CAMERA_1', 'CAMERA_2']","{'CAMERA_1': ['weight'], 'CAMERA_2': ['autofocus_points', 'color', 'price', 'settings', 'long_exposure', 'weight', 'ISO'], 'CAMERA_3': []}",C_LEAVES,DOOR,NONE,,FACE_TO_FACE,NONE,S_RETURNS_TO_COUNTER,SERVICE_COUNTER,NONE,,WAITING,NONE,
233,1,NONE,[],"{'CAMERA_1': [], 'CAMERA_2': [], 'CAMERA_3': []}",C_ENTERS,DOOR,NONE,,WAITING,NONE,S_NONE,SERVICE_COUNTER,NONE,,WAITING,NONE,
233,2,NONE,[],"{'CAMERA_1': [], 'CAMERA_2': [], 'CAMERA_3': []}",C_GREETS,MIDDLE,NONE,excuse me,WAITING,NONE,S_GREETS,MIDDLE,NONE,can I help you?,FACE_TO_FACE,NONE,
233,3,CAMERA_2,['CAMERA_2'],"{'CAMERA_1': [], 'CAMERA_2': [], 'CAMERA_3': []}",C_LOOKING_FOR_A_CAMERA,MIDDLE,NONE,well I'm not sure I quite know what I want to,FACE_TO_FACE,NONE,S_INTRODUCES_CAMERA,CAMERA_2,,Let me show you this. Here we have the Fujifilm Lumix ILC Camera.,PRESENT_X,CAMERA_2,39~64
233,4,CAMERA_2,['CAMERA_2'],"{'CAMERA_1': [], 'CAMERA_2': ['long_exposure'], 'CAMERA_3': []}",C_QUESTION_ABOUT_FEATURE,CAMERA_2,long_exposure,and what's the long exposure on this,PRESENT_X,CAMERA_2,S_ANSWERS_QUESTION_ABOUT_FEATURE,CAMERA_2,long_exposure,This one can take long exposures up to 60 minutes max with bulb mode.,PRESENT_X,CAMERA_2,39~68
233,5,CAMERA_2,['CAMERA_2'],"{'CAMERA_1': [], 'CAMERA_2': ['long_exposure', 'color'], 'CAMERA_3': []}",C_QUESTION_ABOUT_FEATURE,CAMERA_2,color,what and what colors does it come in,PRESENT_X,CAMERA_2,S_ANSWERS_QUESTION_ABOUT_FEATURE,CAMERA_2,color,This one comes in white or pink.,PRESENT_X,CAMERA_2,18~31
233,6,CAMERA_2,['CAMERA_2'],"{'CAMERA_1': [], 'CAMERA_2': ['long_exposure', 'color', 'camera_type'], 'CAMERA_3': []}",C_SILENT_OR_BACKCHANNEL,CAMERA_2,NONE,IC,PRESENT_X,CAMERA_2,S_INTRODUCES_FEATURE,CAMERA_2,camera_type,This is a digital single lens mirrorless camera.,PRESENT_X,CAMERA_2,10~40
233,7,CAMERA_3,"['CAMERA_2', 'CAMERA_3']","{'CAMERA_1': [], 'CAMERA_2': ['long_exposure', 'color', 'camera_type'], 'CAMERA_3': []}",C_ANYTHING_ELSE_AVAILABLE,CAMERA_2,NONE,ok do you have any other cameras,PRESENT_X,CAMERA_2,S_INTRODUCES_CAMERA,CAMERA_3,,Let me show you this. Here we have the Fujifilm PowerShot ELPH S2800.,PRESENT_X,CAMERA_3,39~68
233,8,CAMERA_3,"['CAMERA_2', 'CAMERA_3']","{'CAMERA_1': [], 'CAMERA_2': ['long_exposure', 'color', 'camera_type'], 'CAMERA_3': ['price']}",C_QUESTION_ABOUT_FEATURE,CAMERA_3,price,wonderful and can you please tell me about the price of this camera,PRESENT_X,CAMERA_3,S_ANSWERS_QUESTION_ABOUT_FEATURE,CAMERA_3,price,This one costs $518.,PRESENT_X,CAMERA_3,15~19
233,9,NONE,"['CAMERA_2', 'CAMERA_3']","{'CAMERA_1': [], 'CAMERA_2': ['long_exposure', 'color', 'camera_type'], 'CAMERA_3': ['price']}",C_THANK_YOU,CAMERA_3,NONE,thank you,PRESENT_X,CAMERA_3,S_THANK_YOU,CAMERA_3,NONE,thank you very much.,FACE_TO_FACE,NONE,
233,10,NONE,"['CAMERA_2', 'CAMERA_3']","{'CAMERA_1': [], 'CAMERA_2': ['long_exposure', 'color', 'camera_type'], 'CAMERA_3': ['price']}",C_LEAVES,DOOR,NONE,,FACE_TO_FACE,NONE,S_RETURNS_TO_COUNTER,SERVICE_COUNTER,NONE,,WAITING,NONE,
234,1,NONE,[],"{'CAMERA_1': [], 'CAMERA_2': [], 'CAMERA_3': []}",C_ENTERS,DOOR,NONE,,WAITING,NONE,S_NONE,SERVICE_COUNTER,NONE,,WAITING,NONE,
234,2,NONE,[],"{'CAMERA_1': [], 'CAMERA_2': [], 'CAMERA_3': []}",C_GREETS,MIDDLE,NONE,hello,WAITING,NONE,S_GREETS,MIDDLE,NONE,can I help you?,FACE_TO_FACE,NONE,
234,3,CAMERA_2,['CAMERA_2'],"{'CAMERA_1': [], 'CAMERA_2': [], 'CAMERA_3': []}",C_LOOKING_FOR_A_CAMERA,MIDDLE,NONE,I'm just here looking at the new cameras at your home,FACE_TO_FACE,NONE,S_INTRODUCES_CAMERA,CAMERA_2,,Let me show you this. Here we have the Fujifilm Lumix ILC Camera.,PRESENT_X,CAMERA_2,39~64
234,4,CAMERA_2,['CAMERA_2'],"{'CAMERA_1': [], 'CAMERA_2': ['optical_zoom'], 'CAMERA_3': []}",C_QUESTION_ABOUT_FEATURE,CAMERA_2,optical_zoom,I see ok can the optical zoom what does that do,PRESENT_X,CAMERA_2,S_ANSWERS_QUESTION_ABOUT_FEATURE,CAMERA_2,optical_zoom,This one has 21x optical zoom.,PRESENT_X,CAMERA_2,13~29
234,5,CAMERA_2,['CAMERA_2'],"{'CAMERA_1': [], 'CAMERA_2': ['optical_zoom', 'settings'], 'CAMERA_3': []}",C_QUESTION_ABOUT_FEATURE,CAMERA_2,settings,how about its ability to adjust settings,PRESENT_X,CAMERA_2,S_ANSWERS_QUESTION_ABOUT_FEATURE,CAMERA_2,settings,"This one has manual control and various automatic settings (video modeburst shooting, etc.).",PRESENT_X,CAMERA_2,13~91
234,6,CAMERA_2,['CAMERA_2'],"{'CAMERA_1': [], 'CAMERA_2': ['optical_zoom', 'settings', 'preset_modes'], 'CAMERA_3': []}",C_QUESTION_ABOUT_FEATURE,CAMERA_2,preset_modes,is the other one with menu settings is that lighter or heavier than its camera,PRESENT_X,CAMERA_2,S_NOT_SURE,CAMERA_2,,I'm not really sure about that.,PRESENT_X,CAMERA_2,
234,7,CAMERA_2,['CAMERA_2'],"{'CAMERA_1': [], 'CAMERA_2': ['optical_zoom', 'settings', 'preset_modes', 'price'], 'CAMERA_3': []}",C_SILENT_OR_BACKCHANNEL,CAMERA_2,NONE,okay,PRESENT_X,CAMERA_2,S_INTRODUCES_FEATURE,CAMERA_2,price,This one costs $768.,PRESENT_X,CAMERA_2,15~19
234,8,CAMERA_1,"['CAMERA_2', 'CAMERA_1']","{'CAMERA_1': [], 'CAMERA_2': ['optical_zoom', 'settings', 'preset_modes', 'price'], 'CAMERA_3': []}",C_ANYTHING_ELSE_AVAILABLE,CAMERA_2,NONE,oh I see that's very interesting do you have any other cameras that you can recommend me,PRESENT_X,CAMERA_2,S_INTRODUCES_CAMERA,CAMERA_1,,Let me show you this. Here we have the Sony PowerShot ELPH DMC-ZS3.,PRESENT_X,CAMERA_1,39~66
234,9,CAMERA_1,"['CAMERA_2', 'CAMERA_1']","{'CAMERA_1': ['settings'], 'CAMERA_2': ['optical_zoom', 'settings', 'preset_modes', 'price'], 'CAMERA_3': []}",C_QUESTION_ABOUT_FEATURE,CAMERA_1,settings,is this full manual,PRESENT_X,CAMERA_1,S_ANSWERS_QUESTION_ABOUT_FEATURE,CAMERA_1,settings,This one has limited manual settings.,PRESENT_X,CAMERA_1,13~36
234,10,CAMERA_3,"['CAMERA_2', 'CAMERA_1', 'CAMERA_3']","{'CAMERA_1': ['settings'], 'CAMERA_2': ['optical_zoom', 'settings', 'preset_modes', 'price'], 'CAMERA_3': []}",C_ANYTHING_ELSE_AVAILABLE,CAMERA_1,NONE,that's good that's okay I like it when do you have other models in this area,PRESENT_X,CAMERA_1,S_INTRODUCES_CAMERA,CAMERA_3,,Let me show you this. Here we have the Fujifilm PowerShot ELPH S2800.,PRESENT_X,CAMERA_3,39~68
234,11,CAMERA_3,"['CAMERA_2', 'CAMERA_1', 'CAMERA_3']","{'CAMERA_1': ['settings'], 'CAMERA_2': ['optical_zoom', 'settings', 'preset_modes', 'price'], 'CAMERA_3': ['price']}",C_QUESTION_ABOUT_FEATURE,CAMERA_3,price,how great and how much this phone cost,PRESENT_X,CAMERA_3,S_ANSWERS_QUESTION_ABOUT_FEATURE,CAMERA_3,price,This one costs $518.,PRESENT_X,CAMERA_3,15~19
234,12,CAMERA_3,"['CAMERA_2', 'CAMERA_1', 'CAMERA_3']","{'CAMERA_1': ['settings'], 'CAMERA_2': ['optical_zoom', 'settings', 'preset_modes', 'price'], 'CAMERA_3': ['price', 'camera_type']}",C_QUESTION_ABOUT_FEATURE,CAMERA_3,camera_type,is this a DSLR camera,PRESENT_X,CAMERA_3,S_ANSWERS_QUESTION_ABOUT_FEATURE,CAMERA_3,camera_type,This is a point and shoot camera.,PRESENT_X,CAMERA_3,10~25
234,13,CAMERA_3,"['CAMERA_2', 'CAMERA_1', 'CAMERA_3']","{'CAMERA_1': ['settings'], 'CAMERA_2': ['optical_zoom', 'settings', 'preset_modes', 'price'], 'CAMERA_3': ['price', 'camera_type', 'effects']}",C_QUESTION_ABOUT_FEATURE,CAMERA_3,effects,how many autistic affect much does a half,PRESENT_X,CAMERA_3,S_ANSWERS_QUESTION_ABOUT_FEATURE,CAMERA_3,effects,"This one has 21 photo effects (small face, retro, big eyes, etc.).",PRESENT_X,CAMERA_3,13~65
234,14,NONE,"['CAMERA_2', 'CAMERA_1', 'CAMERA_3']","{'CAMERA_1': ['settings'], 'CAMERA_2': ['optical_zoom', 'settings', 'preset_modes', 'price'], 'CAMERA_3': ['price', 'camera_type', 'effects']}",C_THANK_YOU,CAMERA_3,NONE,thank you very much,PRESENT_X,CAMERA_3,S_THANK_YOU,CAMERA_3,NONE,thank you very much.,FACE_TO_FACE,NONE,
234,15,NONE,"['CAMERA_2', 'CAMERA_1', 'CAMERA_3']","{'CAMERA_1': ['settings'], 'CAMERA_2': ['optical_zoom', 'settings', 'preset_modes', 'price'], 'CAMERA_3': ['price', 'camera_type', 'effects']}",C_LEAVES,DOOR,NONE,,FACE_TO_FACE,NONE,S_RETURNS_TO_COUNTER,SERVICE_COUNTER,NONE,,WAITING,NONE,
235,1,NONE,[],"{'CAMERA_1': [], 'CAMERA_2': [], 'CAMERA_3': []}",C_ENTERS,DOOR,NONE,,WAITING,NONE,S_NONE,SERVICE_COUNTER,NONE,,WAITING,NONE,
235,2,NONE,[],"{'CAMERA_1': [], 'CAMERA_2': [], 'CAMERA_3': []}",C_WALKS_TO_CAMERA,CAMERA_2,NONE,,WAITING,NONE,S_GREETS,CAMERA_2,NONE,can I help you?,FACE_TO_FACE,NONE,
235,3,CAMERA_2,['CAMERA_2'],"{'CAMERA_1': [], 'CAMERA_2': [], 'CAMERA_3': []}",C_LOOKING_FOR_A_CAMERA,CAMERA_2,NONE,I'm looking for a mid mid range priced camera,FACE_TO_FACE,NONE,S_INTRODUCES_CAMERA,CAMERA_2,,Let me show you this. Here we have the Fujifilm Lumix ILC Camera.,PRESENT_X,CAMERA_2,39~64
235,4,CAMERA_2,['CAMERA_2'],"{'CAMERA_1': [], 'CAMERA_2': ['camera_type'], 'CAMERA_3': []}",C_QUESTION_ABOUT_FEATURE,CAMERA_2,camera_type,what kind of camera is this,PRESENT_X,CAMERA_2,S_ANSWERS_QUESTION_ABOUT_FEATURE,CAMERA_2,camera_type,This is a digital single lens mirrorless camera.,PRESENT_X,CAMERA_2,10~40
235,5,CAMERA_2,['CAMERA_2'],"{'CAMERA_1': [], 'CAMERA_2': ['camera_type', 'ISO'], 'CAMERA_3': []}",C_QUESTION_ABOUT_FEATURE,CAMERA_2,ISO,what is this ISO thing,PRESENT_X,CAMERA_2,S_NOT_SURE,CAMERA_2,,I'm not really sure about that.,PRESENT_X,CAMERA_2,
235,6,CAMERA_2,['CAMERA_2'],"{'CAMERA_1': [], 'CAMERA_2': ['camera_type', 'ISO', 'optical_zoom'], 'CAMERA_3': []}",C_SILENT_OR_BACKCHANNEL,CAMERA_2,NONE,IC,PRESENT_X,CAMERA_2,S_INTRODUCES_FEATURE,CAMERA_2,optical_zoom,This one has 21x optical zoom.,PRESENT_X,CAMERA_2,13~29
235,7,CAMERA_2,['CAMERA_2'],"{'CAMERA_1': [], 'CAMERA_2': ['camera_type', 'ISO', 'optical_zoom', 'color'], 'CAMERA_3': []}",C_QUESTION_ABOUT_FEATURE,CAMERA_2,color,what colors does it come in,PRESENT_X,CAMERA_2,S_ANSWERS_QUESTION_ABOUT_FEATURE,CAMERA_2,color,This one comes in white or pink.,PRESENT_X,CAMERA_2,18~31
235,8,CAMERA_2,['CAMERA_2'],"{'CAMERA_1': [], 'CAMERA_2': ['camera_type', 'ISO', 'optical_zoom', 'color', 'settings'], 'CAMERA_3': []}",C_QUESTION_ABOUT_FEATURE,CAMERA_2,settings,Does this camera have preset modes?,PRESENT_X,CAMERA_2,S_ANSWERS_QUESTION_ABOUT_FEATURE,CAMERA_2,settings,"This one has manual control and various automatic settings (video modeburst shooting, etc.).",PRESENT_X,CAMERA_2,13~91
235,9,CAMERA_2,['CAMERA_2'],"{'CAMERA_1': [], 'CAMERA_2': ['camera_type', 'ISO', 'optical_zoom', 'color', 'settings', 'resolution'], 'CAMERA_3': []}",C_SILENT_OR_BACKCHANNEL,CAMERA_2,NONE,that looks very good,PRESENT_X,CAMERA_2,S_INTRODUCES_FEATURE,CAMERA_2,resolution,This one has 23.8 megapixels resolution.,PRESENT_X,CAMERA_2,13~28
235,10,CAMERA_2,['CAMERA_2'],"{'CAMERA_1': [], 'CAMERA_2': ['camera_type', 'ISO', 'optical_zoom', 'color', 'settings', 'resolution', 'autofocus_points'], 'CAMERA_3': []}",C_QUESTION_ABOUT_FEATURE,CAMERA_2,autofocus_points,can I know how many auto focus points does this camera have,PRESENT_X,CAMERA_2,S_NOT_SURE,CAMERA_2,,I'm not really sure about that.,PRESENT_X,CAMERA_2,
235,11,CAMERA_2,['CAMERA_2'],"{'CAMERA_1': [], 'CAMERA_2': ['camera_type', 'ISO', 'optical_zoom', 'color', 'settings', 'resolution', 'autofocus_points', 'effects'], 'CAMERA_3': []}",C_QUESTION_ABOUT_FEATURE,CAMERA_2,effects,what are these a special artistic effect mode features,PRESENT_X,CAMERA_2,S_ANSWERS_QUESTION_ABOUT_FEATURE,CAMERA_2,effects,"This one has 24 artistic effect modes (retro, lighter or darker skin tones, sepia, etc.).",PRESENT_X,CAMERA_2,13~88
235,12,CAMERA_2,['CAMERA_2'],"{'CAMERA_1': [], 'CAMERA_2': ['camera_type', 'ISO', 'optical_zoom', 'color', 'settings', 'resolution', 'autofocus_points', 'effects', 'weight'], 'CAMERA_3': []}",C_SILENT_OR_BACKCHANNEL,CAMERA_2,NONE,ok,PRESENT_X,CAMERA_2,S_INTRODUCES_FEATURE,CAMERA_2,weight,This one weighs 820 grams.,PRESENT_X,CAMERA_2,16~25
235,13,NONE,['CAMERA_2'],"{'CAMERA_1': [], 'CAMERA_2': ['camera_type', 'ISO', 'optical_zoom', 'color', 'settings', 'resolution', 'autofocus_points', 'effects', 'weight'], 'CAMERA_3': []}",C_THANK_YOU,CAMERA_2,NONE,I will call you if I need your help,PRESENT_X,CAMERA_2,S_THANK_YOU,CAMERA_2,NONE,thank you very much.,FACE_TO_FACE,NONE,
235,14,NONE,['CAMERA_2'],"{'CAMERA_1': [], 'CAMERA_2': ['camera_type', 'ISO', 'optical_zoom', 'color', 'settings', 'resolution', 'autofocus_points', 'effects', 'weight'], 'CAMERA_3': []}",C_LEAVES,DOOR,NONE,,FACE_TO_FACE,NONE,S_RETURNS_TO_COUNTER,SERVICE_COUNTER,NONE,,WAITING,NONE,
236,1,NONE,[],"{'CAMERA_1': [], 'CAMERA_2': [], 'CAMERA_3': []}",C_ENTERS,DOOR,NONE,,WAITING,NONE,S_NONE,SERVICE_COUNTER,NONE,,WAITING,NONE,
236,2,NONE,[],"{'CAMERA_1': [], 'CAMERA_2': [], 'CAMERA_3': []}",C_WALKS_TO_CAMERA,CAMERA_1,NONE,,WAITING,NONE,S_GREETS,CAMERA_1,NONE,can I help you?,FACE_TO_FACE,NONE,
236,3,CAMERA_2,['CAMERA_2'],"{'CAMERA_1': [], 'CAMERA_2': [], 'CAMERA_3': []}",C_LOOKING_FOR_A_CAMERA,CAMERA_1,NONE,I'm looking for a new camera,FACE_TO_FACE,NONE,S_INTRODUCES_CAMERA,CAMERA_2,,Let me show you this. Here we have the Fujifilm Lumix ILC Camera.,PRESENT_X,CAMERA_2,39~64
236,4,CAMERA_2,['CAMERA_2'],"{'CAMERA_1': [], 'CAMERA_2': ['camera_type'], 'CAMERA_3': []}",C_QUESTION_ABOUT_FEATURE,CAMERA_2,camera_type,what kind of camera is this,PRESENT_X,CAMERA_2,S_ANSWERS_QUESTION_ABOUT_FEATURE,CAMERA_2,camera_type,This is a digital single lens mirrorless camera.,PRESENT_X,CAMERA_2,10~40
236,5,CAMERA_3,"['CAMERA_2', 'CAMERA_3']","{'CAMERA_1': [], 'CAMERA_2': ['camera_type'], 'CAMERA_3': []}",C_ANYTHING_ELSE_AVAILABLE,CAMERA_2,NONE,can you recommend another camera similar to this,PRESENT_X,CAMERA_2,S_INTRODUCES_CAMERA,CAMERA_3,,Let me show you this. Here we have the Fujifilm PowerShot ELPH S2800.,PRESENT_X,CAMERA_3,39~68
236,6,CAMERA_3,"['CAMERA_2', 'CAMERA_3']","{'CAMERA_1': [], 'CAMERA_2': ['camera_type'], 'CAMERA_3': ['sensor_size']}",C_SILENT_OR_BACKCHANNEL,CAMERA_3,NONE,okay that sounds good,PRESENT_X,CAMERA_3,S_INTRODUCES_FEATURE,CAMERA_3,sensor_size,This one has a full frame.,PRESENT_X,CAMERA_3,15~25
236,7,CAMERA_3,"['CAMERA_2', 'CAMERA_3']","{'CAMERA_1': [], 'CAMERA_2': ['camera_type'], 'CAMERA_3': ['sensor_size', 'camera_type']}",C_SILENT_OR_BACKCHANNEL,CAMERA_3,NONE,okay that's not too bad for good camera mean he'll us 5d II,PRESENT_X,CAMERA_3,S_INTRODUCES_FEATURE,CAMERA_3,camera_type,This is a point and shoot camera.,PRESENT_X,CAMERA_3,10~25
236,8,CAMERA_3,"['CAMERA_2', 'CAMERA_3']","{'CAMERA_1': [], 'CAMERA_2': ['camera_type'], 'CAMERA_3': ['sensor_size', 'camera_type', 'price']}",C_SILENT_OR_BACKCHANNEL,CAMERA_3,NONE,IC,PRESENT_X,CAMERA_3,S_INTRODUCES_FEATURE,CAMERA_3,price,This one costs $518.,PRESENT_X,CAMERA_3,15~19
236,9,NONE,"['CAMERA_2', 'CAMERA_3']","{'CAMERA_1': [], 'CAMERA_2': ['camera_type'], 'CAMERA_3': ['sensor_size', 'camera_type', 'price']}",C_THANK_YOU,CAMERA_3,NONE,awesome okay thanks a lot,PRESENT_X,CAMERA_3,S_THANK_YOU,CAMERA_3,NONE,thank you very much.,FACE_TO_FACE,NONE,
236,10,NONE,"['CAMERA_2', 'CAMERA_3']","{'CAMERA_1': [], 'CAMERA_2': ['camera_type'], 'CAMERA_3': ['sensor_size', 'camera_type', 'price']}",C_LEAVES,DOOR,NONE,,FACE_TO_FACE,NONE,S_RETURNS_TO_COUNTER,SERVICE_COUNTER,NONE,,WAITING,NONE,
237,1,NONE,[],"{'CAMERA_1': [], 'CAMERA_2': [], 'CAMERA_3': []}",C_ENTERS,DOOR,NONE,,WAITING,NONE,S_NONE,SERVICE_COUNTER,NONE,,WAITING,NONE,
237,2,NONE,[],"{'CAMERA_1': [], 'CAMERA_2': [], 'CAMERA_3': []}",C_WALKS_TO_CAMERA,CAMERA_1,NONE,,WAITING,NONE,S_NONE,SERVICE_COUNTER,NONE,,WAITING,NONE,
237,3,NONE,[],"{'CAMERA_1': [], 'CAMERA_2': [], 'CAMERA_3': []}",C_EXAMINES_CAMERA,CAMERA_1,NONE,,WAITING,NONE,S_GREETS,CAMERA_1,NONE,can I help you?,FACE_TO_FACE,NONE,
237,4,CAMERA_2,['CAMERA_2'],"{'CAMERA_1': [], 'CAMERA_2': [], 'CAMERA_3': []}",C_LOOKING_FOR_A_CAMERA,CAMERA_1,NONE,hello I'm looking for a camera with very high is so can you recommend one for me,FACE_TO_FACE,NONE,S_INTRODUCES_CAMERA,CAMERA_2,,Let me show you this. Here we have the Fujifilm Lumix ILC Camera.,PRESENT_X,CAMERA_2,39~64
237,5,CAMERA_2,['CAMERA_2'],"{'CAMERA_1': [], 'CAMERA_2': ['price'], 'CAMERA_3': []}",C_SILENT_OR_BACKCHANNEL,CAMERA_2,NONE,that'd be great,PRESENT_X,CAMERA_2,S_INTRODUCES_FEATURE,CAMERA_2,price,This one costs $768.,PRESENT_X,CAMERA_2,15~19
237,6,CAMERA_3,"['CAMERA_2', 'CAMERA_3']","{'CAMERA_1': [], 'CAMERA_2': ['price'], 'CAMERA_3': []}",C_ANYTHING_ELSE_AVAILABLE,CAMERA_2,NONE,Do you have other cameras that I could afford,PRESENT_X,CAMERA_2,S_INTRODUCES_CAMERA,CAMERA_3,,Let me show you this. Here we have the Fujifilm PowerShot ELPH S2800.,PRESENT_X,CAMERA_3,39~68
237,7,CAMERA_3,"['CAMERA_2', 'CAMERA_3']","{'CAMERA_1': [], 'CAMERA_2': ['price'], 'CAMERA_3': ['preset_modes']}",C_QUESTION_ABOUT_FEATURE,CAMERA_3,preset_modes,does it have preset modes,PRESENT_X,CAMERA_3,S_ANSWERS_QUESTION_ABOUT_FEATURE,CAMERA_3,preset_modes,This one has various preset modes.,PRESENT_X,CAMERA_3,13~33
237,8,CAMERA_3,"['CAMERA_2', 'CAMERA_3']","{'CAMERA_1': [], 'CAMERA_2': ['price'], 'CAMERA_3': ['preset_modes', 'resolution']}",C_QUESTION_ABOUT_FEATURE,CAMERA_3,resolution,Yahara actually like to do that and then what how many megapixels does it have,PRESENT_X,CAMERA_3,S_ANSWERS_QUESTION_ABOUT_FEATURE,CAMERA_3,resolution,This one has 23.2 megapixels resolution.,PRESENT_X,CAMERA_3,13~28
237,9,CAMERA_1,"['CAMERA_2', 'CAMERA_3', 'CAMERA_1']","{'CAMERA_1': [], 'CAMERA_2': ['price'], 'CAMERA_3': ['preset_modes', 'resolution']}",C_ANYTHING_ELSE_AVAILABLE,CAMERA_3,NONE,do you have anything better than this,PRESENT_X,CAMERA_3,S_INTRODUCES_CAMERA,CAMERA_1,,Let me show you this. Here we have the Sony PowerShot ELPH DMC-ZS3.,PRESENT_X,CAMERA_1,39~66
237,10,CAMERA_1,"['CAMERA_2', 'CAMERA_3', 'CAMERA_1']","{'CAMERA_1': ['ISO'], 'CAMERA_2': ['price'], 'CAMERA_3': ['preset_modes', 'resolution']}",C_QUESTION_ABOUT_FEATURE,CAMERA_1,ISO,what is the iso setting on it,PRESENT_X,CAMERA_1,S_ANSWERS_QUESTION_ABOUT_FEATURE,CAMERA_1,ISO,This one has up to 51200 ISO.,PRESENT_X,CAMERA_1,13~28
237,11,CAMERA_1,"['CAMERA_2', 'CAMERA_3', 'CAMERA_1']","{'CAMERA_1': ['ISO', 'weight'], 'CAMERA_2': ['price'], 'CAMERA_3': ['preset_modes', 'resolution']}",C_QUESTION_ABOUT_FEATURE,CAMERA_1,weight,is it heavy though,PRESENT_X,CAMERA_1,S_ANSWERS_QUESTION_ABOUT_FEATURE,CAMERA_1,weight,This one weighs 800 grams.,PRESENT_X,CAMERA_1,16~25
237,12,CAMERA_1,"['CAMERA_2', 'CAMERA_3', 'CAMERA_1']","{'CAMERA_1': ['ISO', 'weight', 'optical_zoom'], 'CAMERA_2': ['price'], 'CAMERA_3': ['preset_modes', 'resolution']}",C_SILENT_OR_BACKCHANNEL,CAMERA_1,NONE,okay,PRESENT_X,CAMERA_1,S_INTRODUCES_FEATURE,CAMERA_1,optical_zoom,This one has 21x optical zoom.,PRESENT_X,CAMERA_1,13~29
237,13,CAMERA_1,"['CAMERA_2', 'CAMERA_3', 'CAMERA_1']","{'CAMERA_1': ['ISO', 'weight', 'optical_zoom', 'sensor_size'], 'CAMERA_2': ['price'], 'CAMERA_3': ['preset_modes', 'resolution']}",C_QUESTION_ABOUT_FEATURE,CAMERA_1,sensor_size,and what's the sensor size on this,PRESENT_X,CAMERA_1,S_ANSWERS_QUESTION_ABOUT_FEATURE,CAMERA_1,sensor_size,This one has a 1/2.3 inch CMOS sensor.,PRESENT_X,CAMERA_1,15~37
237,14,CAMERA_1,"['CAMERA_2', 'CAMERA_3', 'CAMERA_1']","{'CAMERA_1': ['ISO', 'weight', 'optical_zoom', 'sensor_size', 'effects'], 'CAMERA_2': ['price'], 'CAMERA_3': ['preset_modes', 'resolution']}",C_QUESTION_ABOUT_FEATURE,CAMERA_1,effects,does it have artistic effect lights,PRESENT_X,CAMERA_1,S_ANSWERS_QUESTION_ABOUT_FEATURE,CAMERA_1,effects,"This one has 24 glamor retouch effects (miniature, retro, toy camera, etc.).",PRESENT_X,CAMERA_1,13~75
237,15,CAMERA_1,"['CAMERA_2', 'CAMERA_3', 'CAMERA_1']","{'CAMERA_1': ['ISO', 'weight', 'optical_zoom', 'sensor_size', 'effects', 'color'], 'CAMERA_2': ['price'], 'CAMERA_3': ['preset_modes', 'resolution']}",C_SILENT_OR_BACKCHANNEL,CAMERA_1,NONE,IC,PRESENT_X,CAMERA_1,S_INTRODUCES_FEATURE,CAMERA_1,color,This one comes in blue or black.,PRESENT_X,CAMERA_1,18~31
237,16,CAMERA_1,"['CAMERA_2', 'CAMERA_3', 'CAMERA_1']","{'CAMERA_1': ['ISO', 'weight', 'optical_zoom', 'sensor_size', 'effects', 'color', 'long_exposure'], 'CAMERA_2': ['price'], 'CAMERA_3': ['preset_modes', 'resolution']}",C_QUESTION_ABOUT_FEATURE,CAMERA_1,long_exposure,maybe that's not so good for me then when I was preset settings but also has long exposure,PRESENT_X,CAMERA_1,S_ANSWERS_QUESTION_ABOUT_FEATURE,CAMERA_1,long_exposure,This one can take long exposures up to up to 15 seconds with Long Shutter Mode.,PRESENT_X,CAMERA_1,39~78
237,17,CAMERA_1,"['CAMERA_2', 'CAMERA_3', 'CAMERA_1']","{'CAMERA_1': ['ISO', 'weight', 'optical_zoom', 'sensor_size', 'effects', 'color', 'long_exposure', 'autofocus_points'], 'CAMERA_2': ['price'], 'CAMERA_3': ['preset_modes', 'resolution']}",C_QUESTION_ABOUT_FEATURE,CAMERA_1,autofocus_points,yeah good afternoon I am a Sports photographers so I need a good camera with many autofocus point and also has a high shutter speed so you have any recommendations for me,PRESENT_X,CAMERA_1,S_ANSWERS_QUESTION_ABOUT_FEATURE,CAMERA_1,autofocus_points,This one has 135 autofocus points.,PRESENT_X,CAMERA_1,13~33
237,18,CAMERA_1,"['CAMERA_2', 'CAMERA_3', 'CAMERA_1']","{'CAMERA_1': ['ISO', 'weight', 'optical_zoom', 'sensor_size', 'effects', 'color', 'long_exposure', 'autofocus_points', 'preset_modes'], 'CAMERA_2': ['price'], 'CAMERA_3': ['preset_modes', 'resolution']}",C_QUESTION_ABOUT_FEATURE,CAMERA_1,preset_modes,does it have any preset modes,PRESENT_X,CAMERA_1,S_NOT_SURE,CAMERA_1,,I'm not really sure about that.,PRESENT_X,CAMERA_1,
237,19,CAMERA_1,"['CAMERA_2', 'CAMERA_3', 'CAMERA_1']","{'CAMERA_1': ['ISO', 'weight', 'optical_zoom', 'sensor_size', 'effects', 'color', 'long_exposure', 'autofocus_points', 'preset_modes', 'resolution'], 'CAMERA_2': ['price'], 'CAMERA_3': ['preset_modes', 'resolution']}",C_SILENT_OR_BACKCHANNEL,CAMERA_1,NONE,sounds good,PRESENT_X,CAMERA_1,S_INTRODUCES_FEATURE,CAMERA_1,resolution,This one has 17.8 megapixels resolution.,PRESENT_X,CAMERA_1,13~28
237,20,NONE,"['CAMERA_2', 'CAMERA_3', 'CAMERA_1']","{'CAMERA_1': ['ISO', 'weight', 'optical_zoom', 'sensor_size', 'effects', 'color', 'long_exposure', 'autofocus_points', 'preset_modes', 'resolution'], 'CAMERA_2': ['price'], 'CAMERA_3': ['preset_modes', 'resolution']}",C_THANK_YOU,CAMERA_1,NONE,okay thank you very much,PRESENT_X,CAMERA_1,S_THANK_YOU,CAMERA_1,NONE,thank you very much.,FACE_TO_FACE,NONE,
237,21,NONE,"['CAMERA_2', 'CAMERA_3', 'CAMERA_1']","{'CAMERA_1': ['ISO', 'weight', 'optical_zoom', 'sensor_size', 'effects', 'color', 'long_exposure', 'autofocus_points', 'preset_modes', 'resolution'], 'CAMERA_2': ['price'], 'CAMERA_3': ['preset_modes', 'resolution']}",C_LEAVES,DOOR,NONE,,FACE_TO_FACE,NONE,S_RETURNS_TO_COUNTER,SERVICE_COUNTER,NONE,,WAITING,NONE,
238,1,NONE,[],"{'CAMERA_1': [], 'CAMERA_2': [], 'CAMERA_3': []}",C_ENTERS,DOOR,NONE,,WAITING,NONE,S_NONE,SERVICE_COUNTER,NONE,,WAITING,NONE,
238,2,NONE,[],"{'CAMERA_1': [], 'CAMERA_2': [], 'CAMERA_3': []}",C_GREETS,MIDDLE,NONE,hello,WAITING,NONE,S_GREETS,MIDDLE,NONE,can I help you?,FACE_TO_FACE,NONE,
238,3,CAMERA_2,['CAMERA_2'],"{'CAMERA_1': [], 'CAMERA_2': [], 'CAMERA_3': []}",C_LOOKING_FOR_A_CAMERA,MIDDLE,NONE,I'm just browsing but just trying to find a camera but I don't know what camera is really good,FACE_TO_FACE,NONE,S_INTRODUCES_CAMERA,CAMERA_2,,Let me show you this. Here we have the Fujifilm Lumix ILC Camera.,PRESENT_X,CAMERA_2,39~64
238,4,CAMERA_2,['CAMERA_2'],"{'CAMERA_1': [], 'CAMERA_2': ['autofocus_points'], 'CAMERA_3': []}",C_QUESTION_ABOUT_FEATURE,CAMERA_2,autofocus_points,Lucinda how does the auto focus points can pass the ball to,PRESENT_X,CAMERA_2,S_NOT_SURE,CAMERA_2,,I'm not really sure about that.,PRESENT_X,CAMERA_2,
238,5,CAMERA_2,['CAMERA_2'],"{'CAMERA_1': [], 'CAMERA_2': ['autofocus_points', 'color'], 'CAMERA_3': []}",C_SILENT_OR_BACKCHANNEL,CAMERA_2,NONE,ok,PRESENT_X,CAMERA_2,S_INTRODUCES_FEATURE,CAMERA_2,color,This one comes in white or pink.,PRESENT_X,CAMERA_2,18~31
238,6,CAMERA_2,['CAMERA_2'],"{'CAMERA_1': [], 'CAMERA_2': ['autofocus_points', 'color', 'sensor_size'], 'CAMERA_3': []}",C_QUESTION_ABOUT_FEATURE,CAMERA_2,sensor_size,size of a sensor,PRESENT_X,CAMERA_2,S_ANSWERS_QUESTION_ABOUT_FEATURE,CAMERA_2,sensor_size,This one has a 1/2.33 inch sensor.,PRESENT_X,CAMERA_2,15~33
238,7,CAMERA_2,['CAMERA_2'],"{'CAMERA_1': [], 'CAMERA_2': ['autofocus_points', 'color', 'sensor_size', 'effects'], 'CAMERA_3': []}",C_QUESTION_ABOUT_FEATURE,CAMERA_2,effects,can you explain the artistic effects modes available with this one,PRESENT_X,CAMERA_2,S_ANSWERS_QUESTION_ABOUT_FEATURE,CAMERA_2,effects,"This one has 24 artistic effect modes (retro, lighter or darker skin tones, sepia, etc.).",PRESENT_X,CAMERA_2,13~88
238,8,CAMERA_2,['CAMERA_2'],"{'CAMERA_1': [], 'CAMERA_2': ['autofocus_points', 'color', 'sensor_size', 'effects', 'price'], 'CAMERA_3': []}",C_SILENT_OR_BACKCHANNEL,CAMERA_2,NONE,ok,PRESENT_X,CAMERA_2,S_INTRODUCES_FEATURE,CAMERA_2,price,This one costs $768.,PRESENT_X,CAMERA_2,15~19
238,9,CAMERA_2,['CAMERA_2'],"{'CAMERA_1': [], 'CAMERA_2': ['autofocus_points', 'color', 'sensor_size', 'effects', 'price', 'optical_zoom'], 'CAMERA_3': []}",C_SILENT_OR_BACKCHANNEL,CAMERA_2,NONE,okay,PRESENT_X,CAMERA_2,S_INTRODUCES_FEATURE,CAMERA_2,optical_zoom,This one has 21x optical zoom.,PRESENT_X,CAMERA_2,13~29
238,10,CAMERA_3,"['CAMERA_2', 'CAMERA_3']","{'CAMERA_1': [], 'CAMERA_2': ['autofocus_points', 'color', 'sensor_size', 'effects', 'price', 'optical_zoom'], 'CAMERA_3': []}",C_ANYTHING_ELSE_AVAILABLE,CAMERA_2,NONE,oh I see that's very interesting do you have any other cameras that you can recommend me,PRESENT_X,CAMERA_2,S_INTRODUCES_CAMERA,CAMERA_3,,Let me show you this. Here we have the Fujifilm PowerShot ELPH S2800.,PRESENT_X,CAMERA_3,39~68
238,11,CAMERA_3,"['CAMERA_2', 'CAMERA_3']","{'CAMERA_1': [], 'CAMERA_2': ['autofocus_points', 'color', 'sensor_size', 'effects', 'price', 'optical_zoom'], 'CAMERA_3': ['weight']}",C_QUESTION_ABOUT_FEATURE,CAMERA_3,weight,ok ok what about the wait is it heavy,PRESENT_X,CAMERA_3,S_ANSWERS_QUESTION_ABOUT_FEATURE,CAMERA_3,weight,This one weighs 820 grams.,PRESENT_X,CAMERA_3,16~25
238,12,CAMERA_3,"['CAMERA_2', 'CAMERA_3']","{'CAMERA_1': [], 'CAMERA_2': ['autofocus_points', 'color', 'sensor_size', 'effects', 'price', 'optical_zoom'], 'CAMERA_3': ['weight', 'optical_zoom']}",C_QUESTION_ABOUT_FEATURE,CAMERA_3,optical_zoom,can I lick a zoom in,PRESENT_X,CAMERA_3,S_NOT_SURE,CAMERA_3,,I'm not really sure about that.,PRESENT_X,CAMERA_3,
238,13,CAMERA_3,"['CAMERA_2', 'CAMERA_3']","{'CAMERA_1': [], 'CAMERA_2': ['autofocus_points', 'color', 'sensor_size', 'effects', 'price', 'optical_zoom'], 'CAMERA_3': ['weight', 'optical_zoom', 'settings']}",C_QUESTION_ABOUT_FEATURE,CAMERA_3,settings,what sort of control can I do with it,PRESENT_X,CAMERA_3,S_ANSWERS_QUESTION_ABOUT_FEATURE,CAMERA_3,settings,"This one has manual control and various automatic settings (video modeburst shooting, etc.).",PRESENT_X,CAMERA_3,13~91
238,14,CAMERA_3,"['CAMERA_2', 'CAMERA_3']","{'CAMERA_1': [], 'CAMERA_2': ['autofocus_points', 'color', 'sensor_size', 'effects', 'price', 'optical_zoom'], 'CAMERA_3': ['weight', 'optical_zoom', 'settings', 'color']}",C_QUESTION_ABOUT_FEATURE,CAMERA_3,color,and what colors does it come in,PRESENT_X,CAMERA_3,S_ANSWERS_QUESTION_ABOUT_FEATURE,CAMERA_3,color,"This one comes in purple, white, silver, blue, red, or pink.",PRESENT_X,CAMERA_3,18~59
238,15,CAMERA_3,"['CAMERA_2', 'CAMERA_3']","{'CAMERA_1': [], 'CAMERA_2': ['autofocus_points', 'color', 'sensor_size', 'effects', 'price', 'optical_zoom'], 'CAMERA_3': ['weight', 'optical_zoom', 'settings', 'color', 'autofocus_points']}",C_QUESTION_ABOUT_FEATURE,CAMERA_3,autofocus_points,how many auto focus points does this camera have,PRESENT_X,CAMERA_3,S_ANSWERS_QUESTION_ABOUT_FEATURE,CAMERA_3,autofocus_points,This one has 214 autofocus points.,PRESENT_X,CAMERA_3,13~33
238,16,CAMERA_3,"['CAMERA_2', 'CAMERA_3']","{'CAMERA_1': [], 'CAMERA_2': ['autofocus_points', 'color', 'sensor_size', 'effects', 'price', 'optical_zoom'], 'CAMERA_3': ['weight', 'optical_zoom', 'settings', 'color', 'autofocus_points', 'long_exposure']}",C_SILENT_OR_BACKCHANNEL,CAMERA_3,NONE,IC,PRESENT_X,CAMERA_3,S_INTRODUCES_FEATURE,CAMERA_3,long_exposure,This one can take long exposures up to 30 minutes max with bulb mode.,PRESENT_X,CAMERA_3,39~68
238,17,CAMERA_3,"['CAMERA_2', 'CAMERA_3']","{'CAMERA_1': [], 'CAMERA_2': ['autofocus_points', 'color', 'sensor_size', 'effects', 'price', 'optical_zoom'], 'CAMERA_3': ['weight', 'optical_zoom', 'settings', 'color', 'autofocus_points', 'long_exposure', 'effects']}",C_QUESTION_ABOUT_FEATURE,CAMERA_3,effects,does it have artistic effect mode,PRESENT_X,CAMERA_3,S_ANSWERS_QUESTION_ABOUT_FEATURE,CAMERA_3,effects,"This one has 21 photo effects (small face, retro, big eyes, etc.).",PRESENT_X,CAMERA_3,13~65
238,18,CAMERA_3,"['CAMERA_2', 'CAMERA_3']","{'CAMERA_1': [], 'CAMERA_2': ['autofocus_points', 'color', 'sensor_size', 'effects', 'price', 'optical_zoom'], 'CAMERA_3': ['weight', 'optical_zoom', 'settings', 'color', 'autofocus_points', 'long_exposure', 'effects', 'preset_modes']}",C_QUESTION_ABOUT_FEATURE,CAMERA_3,preset_modes,Is this camera support for basic mode,PRESENT_X,CAMERA_3,S_ANSWERS_QUESTION_ABOUT_FEATURE,CAMERA_3,preset_modes,This one has various preset modes.,PRESENT_X,CAMERA_3,13~33
238,19,CAMERA_3,"['CAMERA_2', 'CAMERA_3']","{'CAMERA_1': [], 'CAMERA_2': ['autofocus_points', 'color', 'sensor_size', 'effects', 'price', 'optical_zoom'], 'CAMERA_3': ['weight', 'optical_zoom', 'settings', 'color', 'autofocus_points', 'long_exposure', 'effects', 'preset_modes', 'ISO']}",C_SILENT_OR_BACKCHANNEL,CAMERA_3,NONE,ok,PRESENT_X,CAMERA_3,S_INTRODUCES_FEATURE,CAMERA_3,ISO,This one has up to 3200 ISO with little noise.,PRESENT_X,CAMERA_3,13~45
238,20,CAMERA_3,"['CAMERA_2', 'CAMERA_3']","{'CAMERA_1': [], 'CAMERA_2': ['autofocus_points', 'color', 'sensor_size', 'effects', 'price', 'optical_zoom'], 'CAMERA_3': ['weight', 'optical_zoom', 'settings', 'color', 'autofocus_points', 'long_exposure', 'effects', 'preset_modes', 'ISO', 'camera_type']}",C_SILENT_OR_BACKCHANNEL,CAMERA_3,NONE,yeah sounds good,PRESENT_X,CAMERA_3,S_INTRODUCES_FEATURE,CAMERA_3,camera_type,This is a point and shoot camera.,PRESENT_X,CAMERA_3,10~25
238,21,CAMERA_3,"['CAMERA_2', 'CAMERA_3']","{'CAMERA_1': [], 'CAMERA_2': ['autofocus_points', 'color', 'sensor_size', 'effects', 'price', 'optical_zoom'], 'CAMERA_3': ['weight', 'optical_zoom', 'settings', 'color', 'autofocus_points', 'long_exposure', 'effects', 'preset_modes', 'ISO', 'camera_type', 'price']}",C_SILENT_OR_BACKCHANNEL,CAMERA_3,NONE,the result does look good,PRESENT_X,CAMERA_3,S_INTRODUCES_FEATURE,CAMERA_3,price,This one costs $518.,PRESENT_X,CAMERA_3,15~19
238,22,NONE,"['CAMERA_2', 'CAMERA_3']","{'CAMERA_1': [], 'CAMERA_2': ['autofocus_points', 'color', 'sensor_size', 'effects', 'price', 'optical_zoom'], 'CAMERA_3': ['weight', 'optical_zoom', 'settings', 'color', 'autofocus_points', 'long_exposure', 'effects', 'preset_modes', 'ISO', 'camera_type', 'price']}",C_THANK_YOU,CAMERA_3,NONE,okay okay thank you very much ,PRESENT_X,CAMERA_3,S_THANK_YOU,CAMERA_3,NONE,thank you very much.,FACE_TO_FACE,NONE,
238,23,NONE,"['CAMERA_2', 'CAMERA_3']","{'CAMERA_1': [], 'CAMERA_2': ['autofocus_points', 'color', 'sensor_size', 'effects', 'price', 'optical_zoom'], 'CAMERA_3': ['weight', 'optical_zoom', 'settings', 'color', 'autofocus_points', 'long_exposure', 'effects', 'preset_modes', 'ISO', 'camera_type', 'price']}",C_LEAVES,DOOR,NONE,,FACE_TO_FACE,NONE,S_RETURNS_TO_COUNTER,SERVICE_COUNTER,NONE,,WAITING,NONE,
239,1,NONE,[],"{'CAMERA_1': [], 'CAMERA_2': [], 'CAMERA_3': []}",C_ENTERS,DOOR,NONE,,WAITING,NONE,S_NONE,SERVICE_COUNTER,NONE,,WAITING,NONE,
239,2,NONE,[],"{'CAMERA_1': [], 'CAMERA_2': [], 'CAMERA_3': []}",C_GREETS,MIDDLE,NONE,use me,WAITING,NONE,S_GREETS,MIDDLE,NONE,can I help you?,FACE_TO_FACE,NONE,
239,3,CAMERA_1,['CAMERA_1'],"{'CAMERA_1': [], 'CAMERA_2': [], 'CAMERA_3': []}",C_LOOKING_FOR_A_CAMERA,MIDDLE,NONE,I want to buy I want to buy a camera but I'm not sure which I need,FACE_TO_FACE,NONE,S_INTRODUCES_CAMERA,CAMERA_1,,Let me show you this. Here we have the Sony PowerShot ELPH DMC-ZS3.,PRESENT_X,CAMERA_1,39~66
239,4,CAMERA_1,['CAMERA_1'],"{'CAMERA_1': ['settings'], 'CAMERA_2': [], 'CAMERA_3': []}",C_QUESTION_ABOUT_FEATURE,CAMERA_1,settings,that's great do I have to worry about setting things manually,PRESENT_X,CAMERA_1,S_ANSWERS_QUESTION_ABOUT_FEATURE,CAMERA_1,settings,This one has limited manual settings.,PRESENT_X,CAMERA_1,13~36
239,5,CAMERA_3,"['CAMERA_1', 'CAMERA_3']","{'CAMERA_1': ['settings'], 'CAMERA_2': [], 'CAMERA_3': []}",C_ANYTHING_ELSE_AVAILABLE,CAMERA_1,NONE,do you have any other cameras that are in this kind,PRESENT_X,CAMERA_1,S_INTRODUCES_CAMERA,CAMERA_3,,Let me show you this. Here we have the Fujifilm PowerShot ELPH S2800.,PRESENT_X,CAMERA_3,39~68
239,6,CAMERA_3,"['CAMERA_1', 'CAMERA_3']","{'CAMERA_1': ['settings'], 'CAMERA_2': [], 'CAMERA_3': ['price']}",C_QUESTION_ABOUT_FEATURE,CAMERA_3,price,how much will this cost,PRESENT_X,CAMERA_3,S_ANSWERS_QUESTION_ABOUT_FEATURE,CAMERA_3,price,This one costs $518.,PRESENT_X,CAMERA_3,15~19
239,7,NONE,"['CAMERA_1', 'CAMERA_3']","{'CAMERA_1': ['settings'], 'CAMERA_2': [], 'CAMERA_3': ['price']}",C_THANK_YOU,CAMERA_3,NONE,thank you,PRESENT_X,CAMERA_3,S_THANK_YOU,CAMERA_3,NONE,thank you very much.,FACE_TO_FACE,NONE,
239,8,NONE,"['CAMERA_1', 'CAMERA_3']","{'CAMERA_1': ['settings'], 'CAMERA_2': [], 'CAMERA_3': ['price']}",C_LEAVES,DOOR,NONE,,FACE_TO_FACE,NONE,S_RETURNS_TO_COUNTER,SERVICE_COUNTER,NONE,,WAITING,NONE,
240,1,NONE,[],"{'CAMERA_1': [], 'CAMERA_2': [], 'CAMERA_3': []}",C_ENTERS,DOOR,NONE,,WAITING,NONE,S_NONE,SERVICE_COUNTER,NONE,,WAITING,NONE,
240,2,NONE,[],"{'CAMERA_1': [], 'CAMERA_2': [], 'CAMERA_3': []}",C_GREETS,MIDDLE,NONE,she's me,WAITING,NONE,S_GREETS,MIDDLE,NONE,can I help you?,FACE_TO_FACE,NONE,
240,3,CAMERA_2,['CAMERA_2'],"{'CAMERA_1': [], 'CAMERA_2': [], 'CAMERA_3': []}",C_LOOKING_FOR_A_CAMERA,MIDDLE,NONE,I'm looking to get a camera for my for my dad,FACE_TO_FACE,NONE,S_INTRODUCES_CAMERA,CAMERA_2,,Let me show you this. Here we have the Fujifilm Lumix ILC Camera.,PRESENT_X,CAMERA_2,39~64
240,4,CAMERA_2,['CAMERA_2'],"{'CAMERA_1': [], 'CAMERA_2': ['camera_type'], 'CAMERA_3': []}",C_QUESTION_ABOUT_FEATURE,CAMERA_2,camera_type,is this a point and shoot camera,PRESENT_X,CAMERA_2,S_ANSWERS_QUESTION_ABOUT_FEATURE,CAMERA_2,camera_type,This is a digital single lens mirrorless camera.,PRESENT_X,CAMERA_2,10~40
240,5,CAMERA_2,['CAMERA_2'],"{'CAMERA_1': [], 'CAMERA_2': ['camera_type', 'color'], 'CAMERA_3': []}",C_SILENT_OR_BACKCHANNEL,CAMERA_2,NONE,ok,PRESENT_X,CAMERA_2,S_INTRODUCES_FEATURE,CAMERA_2,color,This one comes in white or pink.,PRESENT_X,CAMERA_2,18~31
240,6,CAMERA_2,['CAMERA_2'],"{'CAMERA_1': [], 'CAMERA_2': ['camera_type', 'color', 'weight'], 'CAMERA_3': []}",C_SILENT_OR_BACKCHANNEL,CAMERA_2,NONE,ok,PRESENT_X,CAMERA_2,S_INTRODUCES_FEATURE,CAMERA_2,weight,This one weighs 820 grams.,PRESENT_X,CAMERA_2,16~25
240,7,CAMERA_2,['CAMERA_2'],"{'CAMERA_1': [], 'CAMERA_2': ['camera_type', 'color', 'weight', 'long_exposure'], 'CAMERA_3': []}",C_QUESTION_ABOUT_FEATURE,CAMERA_2,long_exposure,and what about the exposure,PRESENT_X,CAMERA_2,S_ANSWERS_QUESTION_ABOUT_FEATURE,CAMERA_2,long_exposure,This one can take long exposures up to 60 minutes max with bulb mode.,PRESENT_X,CAMERA_2,39~68
240,8,CAMERA_2,['CAMERA_2'],"{'CAMERA_1': [], 'CAMERA_2': ['camera_type', 'color', 'weight', 'long_exposure', 'settings'], 'CAMERA_3': []}",C_SILENT_OR_BACKCHANNEL,CAMERA_2,NONE,ok,PRESENT_X,CAMERA_2,S_INTRODUCES_FEATURE,CAMERA_2,settings,"This one has manual control and various automatic settings (video modeburst shooting, etc.).",PRESENT_X,CAMERA_2,13~91
240,9,NONE,['CAMERA_2'],"{'CAMERA_1': [], 'CAMERA_2': ['camera_type', 'color', 'weight', 'long_exposure', 'settings'], 'CAMERA_3': []}",C_THANK_YOU,CAMERA_2,NONE,ok thank you,PRESENT_X,CAMERA_2,S_THANK_YOU,CAMERA_2,NONE,thank you very much.,FACE_TO_FACE,NONE,
240,10,NONE,['CAMERA_2'],"{'CAMERA_1': [], 'CAMERA_2': ['camera_type', 'color', 'weight', 'long_exposure', 'settings'], 'CAMERA_3': []}",C_LEAVES,DOOR,NONE,,FACE_TO_FACE,NONE,S_RETURNS_TO_COUNTER,SERVICE_COUNTER,NONE,,WAITING,NONE,
241,1,NONE,[],"{'CAMERA_1': [], 'CAMERA_2': [], 'CAMERA_3': []}",C_ENTERS,DOOR,NONE,,WAITING,NONE,S_NONE,SERVICE_COUNTER,NONE,,WAITING,NONE,
241,2,NONE,[],"{'CAMERA_1': [], 'CAMERA_2': [], 'CAMERA_3': []}",C_WALKS_TO_CAMERA,CAMERA_2,NONE,,WAITING,NONE,S_GREETS,CAMERA_2,NONE,can I help you?,FACE_TO_FACE,NONE,
241,3,CAMERA_3,['CAMERA_3'],"{'CAMERA_1': [], 'CAMERA_2': [], 'CAMERA_3': []}",C_LOOKING_FOR_A_CAMERA,CAMERA_2,NONE,I'm just looking around,FACE_TO_FACE,NONE,S_INTRODUCES_CAMERA,CAMERA_3,,Let me show you this. Here we have the Fujifilm PowerShot ELPH S2800.,PRESENT_X,CAMERA_3,39~68
241,4,CAMERA_3,['CAMERA_3'],"{'CAMERA_1': [], 'CAMERA_2': [], 'CAMERA_3': ['weight']}",C_QUESTION_ABOUT_FEATURE,CAMERA_3,weight,oh I see what about the weight of this one,PRESENT_X,CAMERA_3,S_ANSWERS_QUESTION_ABOUT_FEATURE,CAMERA_3,weight,This one weighs 820 grams.,PRESENT_X,CAMERA_3,16~25
241,5,CAMERA_1,"['CAMERA_3', 'CAMERA_1']","{'CAMERA_1': [], 'CAMERA_2': [], 'CAMERA_3': ['weight']}",C_ANYTHING_ELSE_AVAILABLE,CAMERA_3,NONE,So this is the only model you have in your shop,PRESENT_X,CAMERA_3,S_INTRODUCES_CAMERA,CAMERA_1,,Let me show you this. Here we have the Sony PowerShot ELPH DMC-ZS3.,PRESENT_X,CAMERA_1,39~66
241,6,CAMERA_1,"['CAMERA_3', 'CAMERA_1']","{'CAMERA_1': ['autofocus_points'], 'CAMERA_2': [], 'CAMERA_3': ['weight']}",C_SILENT_OR_BACKCHANNEL,CAMERA_1,NONE,I like it,PRESENT_X,CAMERA_1,S_INTRODUCES_FEATURE,CAMERA_1,autofocus_points,This one has 135 autofocus points.,PRESENT_X,CAMERA_1,13~33
241,7,NONE,"['CAMERA_3', 'CAMERA_1']","{'CAMERA_1': ['autofocus_points'], 'CAMERA_2': [], 'CAMERA_3': ['weight']}",C_THANK_YOU,CAMERA_1,NONE,why am I feeling really needs to help with the ugly,PRESENT_X,CAMERA_1,S_THANK_YOU,CAMERA_1,NONE,thank you very much.,FACE_TO_FACE,NONE,
241,8,NONE,"['CAMERA_3', 'CAMERA_1']","{'CAMERA_1': ['autofocus_points'], 'CAMERA_2': [], 'CAMERA_3': ['weight']}",C_LEAVES,DOOR,NONE,,FACE_TO_FACE,NONE,S_RETURNS_TO_COUNTER,SERVICE_COUNTER,NONE,,WAITING,NONE,
242,1,NONE,[],"{'CAMERA_1': [], 'CAMERA_2': [], 'CAMERA_3': []}",C_ENTERS,DOOR,NONE,,WAITING,NONE,S_NONE,SERVICE_COUNTER,NONE,,WAITING,NONE,
242,2,NONE,[],"{'CAMERA_1': [], 'CAMERA_2': [], 'CAMERA_3': []}",C_WALKS_TO_CAMERA,CAMERA_2,NONE,,WAITING,NONE,S_GREETS,CAMERA_2,NONE,can I help you?,FACE_TO_FACE,NONE,
242,3,CAMERA_3,['CAMERA_3'],"{'CAMERA_1': [], 'CAMERA_2': [], 'CAMERA_3': []}",C_LOOKING_FOR_A_CAMERA,CAMERA_2,NONE,I'm looking for a good camera which I can use to take photographs,FACE_TO_FACE,NONE,S_INTRODUCES_CAMERA,CAMERA_3,,Let me show you this. Here we have the Fujifilm PowerShot ELPH S2800.,PRESENT_X,CAMERA_3,39~68
242,4,CAMERA_3,['CAMERA_3'],"{'CAMERA_1': [], 'CAMERA_2': [], 'CAMERA_3': ['color']}",C_QUESTION_ABOUT_FEATURE,CAMERA_3,color,I am just studying photography does it come in any other colors,PRESENT_X,CAMERA_3,S_ANSWERS_QUESTION_ABOUT_FEATURE,CAMERA_3,color,"This one comes in purple, white, silver, blue, red, or pink.",PRESENT_X,CAMERA_3,18~59
242,5,CAMERA_2,"['CAMERA_3', 'CAMERA_2']","{'CAMERA_1': [], 'CAMERA_2': [], 'CAMERA_3': ['color']}",C_ANYTHING_ELSE_AVAILABLE,CAMERA_3,NONE,do you have any other cameras like this,PRESENT_X,CAMERA_3,S_INTRODUCES_CAMERA,CAMERA_2,,Let me show you this. Here we have the Fujifilm Lumix ILC Camera.,PRESENT_X,CAMERA_2,39~64
242,6,CAMERA_2,"['CAMERA_3', 'CAMERA_2']","{'CAMERA_1': [], 'CAMERA_2': ['long_exposure'], 'CAMERA_3': ['color']}",C_SILENT_OR_BACKCHANNEL,CAMERA_2,NONE,ok,PRESENT_X,CAMERA_2,S_INTRODUCES_FEATURE,CAMERA_2,long_exposure,This one can take long exposures up to 60 minutes max with bulb mode.,PRESENT_X,CAMERA_2,39~68
242,7,CAMERA_2,"['CAMERA_3', 'CAMERA_2']","{'CAMERA_1': [], 'CAMERA_2': ['long_exposure', 'resolution'], 'CAMERA_3': ['color']}",C_QUESTION_ABOUT_FEATURE,CAMERA_2,resolution,what it what is mega pixels,PRESENT_X,CAMERA_2,S_ANSWERS_QUESTION_ABOUT_FEATURE,CAMERA_2,resolution,This one has 23.8 megapixels resolution.,PRESENT_X,CAMERA_2,13~28
242,8,CAMERA_2,"['CAMERA_3', 'CAMERA_2']","{'CAMERA_1': [], 'CAMERA_2': ['long_exposure', 'resolution', 'sensor_size'], 'CAMERA_3': ['color']}",C_QUESTION_ABOUT_FEATURE,CAMERA_2,sensor_size,what is the sensor size,PRESENT_X,CAMERA_2,S_ANSWERS_QUESTION_ABOUT_FEATURE,CAMERA_2,sensor_size,This one has a 1/2.33 inch sensor.,PRESENT_X,CAMERA_2,15~33
242,9,CAMERA_1,"['CAMERA_3', 'CAMERA_2', 'CAMERA_1']","{'CAMERA_1': [], 'CAMERA_2': ['long_exposure', 'resolution', 'sensor_size'], 'CAMERA_3': ['color']}",C_ANYTHING_ELSE_AVAILABLE,CAMERA_2,NONE,ok do you have any other cameras that can just look at,PRESENT_X,CAMERA_2,S_INTRODUCES_CAMERA,CAMERA_1,,Let me show you this. Here we have the Sony PowerShot ELPH DMC-ZS3.,PRESENT_X,CAMERA_1,39~66
242,10,CAMERA_1,"['CAMERA_3', 'CAMERA_2', 'CAMERA_1']","{'CAMERA_1': ['color'], 'CAMERA_2': ['long_exposure', 'resolution', 'sensor_size'], 'CAMERA_3': ['color']}",C_QUESTION_ABOUT_FEATURE,CAMERA_1,color,Does this one come in any other color,PRESENT_X,CAMERA_1,S_ANSWERS_QUESTION_ABOUT_FEATURE,CAMERA_1,color,This one comes in blue or black.,PRESENT_X,CAMERA_1,18~31
242,11,NONE,"['CAMERA_3', 'CAMERA_2', 'CAMERA_1']","{'CAMERA_1': ['color'], 'CAMERA_2': ['long_exposure', 'resolution', 'sensor_size'], 'CAMERA_3': ['color']}",C_THANK_YOU,CAMERA_1,NONE,oh okay thank you very much have a good day,PRESENT_X,CAMERA_1,S_THANK_YOU,CAMERA_1,NONE,thank you very much.,FACE_TO_FACE,NONE,
242,12,NONE,"['CAMERA_3', 'CAMERA_2', 'CAMERA_1']","{'CAMERA_1': ['color'], 'CAMERA_2': ['long_exposure', 'resolution', 'sensor_size'], 'CAMERA_3': ['color']}",C_LEAVES,DOOR,NONE,,FACE_TO_FACE,NONE,S_RETURNS_TO_COUNTER,SERVICE_COUNTER,NONE,,WAITING,NONE,
243,1,NONE,[],"{'CAMERA_1': [], 'CAMERA_2': [], 'CAMERA_3': []}",C_ENTERS,DOOR,NONE,,WAITING,NONE,S_NONE,SERVICE_COUNTER,NONE,,WAITING,NONE,
243,2,NONE,[],"{'CAMERA_1': [], 'CAMERA_2': [], 'CAMERA_3': []}",C_WALKS_TO_CAMERA,CAMERA_1,NONE,,WAITING,NONE,S_GREETS,CAMERA_1,NONE,can I help you?,FACE_TO_FACE,NONE,
243,3,CAMERA_1,['CAMERA_1'],"{'CAMERA_1': [], 'CAMERA_2': [], 'CAMERA_3': []}",C_LOOKING_FOR_A_CAMERA,CAMERA_1,NONE,I want a All Around camera I try to use my smartphone but the pictures don't come out so good,FACE_TO_FACE,NONE,S_INTRODUCES_CAMERA,CAMERA_1,,Let me show you this. Here we have the Sony PowerShot ELPH DMC-ZS3.,PRESENT_X,CAMERA_1,39~66
243,4,CAMERA_1,['CAMERA_1'],"{'CAMERA_1': ['weight'], 'CAMERA_2': [], 'CAMERA_3': []}",C_QUESTION_ABOUT_FEATURE,CAMERA_1,weight,this feels quite heavy how much does it weigh,PRESENT_X,CAMERA_1,S_ANSWERS_QUESTION_ABOUT_FEATURE,CAMERA_1,weight,This one weighs 800 grams.,PRESENT_X,CAMERA_1,16~25
243,5,CAMERA_1,['CAMERA_1'],"{'CAMERA_1': ['weight', 'color'], 'CAMERA_2': [], 'CAMERA_3': []}",C_QUESTION_ABOUT_FEATURE,CAMERA_1,color,does this thing on camera and they come in silver color,PRESENT_X,CAMERA_1,S_ANSWERS_QUESTION_ABOUT_FEATURE,CAMERA_1,color,This one comes in blue or black.,PRESENT_X,CAMERA_1,18~31
243,6,CAMERA_1,['CAMERA_1'],"{'CAMERA_1': ['weight', 'color', 'effects'], 'CAMERA_2': [], 'CAMERA_3': []}",C_SILENT_OR_BACKCHANNEL,CAMERA_1,NONE,hm,PRESENT_X,CAMERA_1,S_INTRODUCES_FEATURE,CAMERA_1,effects,"This one has 24 glamor retouch effects (miniature, retro, toy camera, etc.).",PRESENT_X,CAMERA_1,13~75
243,7,CAMERA_1,['CAMERA_1'],"{'CAMERA_1': ['weight', 'color', 'effects', 'ISO'], 'CAMERA_2': [], 'CAMERA_3': []}",C_SILENT_OR_BACKCHANNEL,CAMERA_1,NONE,great and finally what is the price,PRESENT_X,CAMERA_1,S_INTRODUCES_FEATURE,CAMERA_1,ISO,This one has up to 51200 ISO.,PRESENT_X,CAMERA_1,13~28
243,8,CAMERA_2,"['CAMERA_1', 'CAMERA_2']","{'CAMERA_1': ['weight', 'color', 'effects', 'ISO'], 'CAMERA_2': [], 'CAMERA_3': []}",C_ANYTHING_ELSE_AVAILABLE,CAMERA_1,NONE,do you have any other cameras with preset mode,PRESENT_X,CAMERA_1,S_INTRODUCES_CAMERA,CAMERA_2,,Let me show you this. Here we have the Fujifilm Lumix ILC Camera.,PRESENT_X,CAMERA_2,39~64
243,9,CAMERA_2,"['CAMERA_1', 'CAMERA_2']","{'CAMERA_1': ['weight', 'color', 'effects', 'ISO'], 'CAMERA_2': ['price'], 'CAMERA_3': []}",C_QUESTION_ABOUT_FEATURE,CAMERA_2,price,umpire me know how much is this camera ,PRESENT_X,CAMERA_2,S_ANSWERS_QUESTION_ABOUT_FEATURE,CAMERA_2,price,This one costs $768.,PRESENT_X,CAMERA_2,15~19
243,10,CAMERA_3,"['CAMERA_1', 'CAMERA_2', 'CAMERA_3']","{'CAMERA_1': ['weight', 'color', 'effects', 'ISO'], 'CAMERA_2': ['price'], 'CAMERA_3': []}",C_ANYTHING_ELSE_AVAILABLE,CAMERA_2,NONE,ok do you have any other cameras,PRESENT_X,CAMERA_2,S_INTRODUCES_CAMERA,CAMERA_3,,Let me show you this. Here we have the Fujifilm PowerShot ELPH S2800.,PRESENT_X,CAMERA_3,39~68
243,11,CAMERA_3,"['CAMERA_1', 'CAMERA_2', 'CAMERA_3']","{'CAMERA_1': ['weight', 'color', 'effects', 'ISO'], 'CAMERA_2': ['price'], 'CAMERA_3': ['ISO']}",C_SILENT_OR_BACKCHANNEL,CAMERA_3,NONE,yeah that's right this is very nice,PRESENT_X,CAMERA_3,S_INTRODUCES_FEATURE,CAMERA_3,ISO,This one has up to 3200 ISO with little noise.,PRESENT_X,CAMERA_3,13~45
243,12,CAMERA_3,"['CAMERA_1', 'CAMERA_2', 'CAMERA_3']","{'CAMERA_1': ['weight', 'color', 'effects', 'ISO'], 'CAMERA_2': ['price'], 'CAMERA_3': ['ISO', 'resolution']}",C_QUESTION_ABOUT_FEATURE,CAMERA_3,resolution,in how many megapixels is this one,PRESENT_X,CAMERA_3,S_ANSWERS_QUESTION_ABOUT_FEATURE,CAMERA_3,resolution,This one has 23.2 megapixels resolution.,PRESENT_X,CAMERA_3,13~28
243,13,,"['CAMERA_1', 'CAMERA_2', 'CAMERA_3']","{'CAMERA_1': ['weight', 'color', 'effects', 'ISO'], 'CAMERA_2': ['price'], 'CAMERA_3': ['ISO', 'resolution']}",C_ANYTHING_ELSE_AVAILABLE,CAMERA_3,NONE,I see do you have any other options that you can show me,PRESENT_X,CAMERA_3,S_THATS_ALL_WE_HAVE_AVAILABLE,CAMERA_3,,That's all we have available at the moment.,PRESENT_X,CAMERA_3,
243,14,NONE,"['CAMERA_1', 'CAMERA_2', 'CAMERA_3']","{'CAMERA_1': ['weight', 'color', 'effects', 'ISO'], 'CAMERA_2': ['price'], 'CAMERA_3': ['ISO', 'resolution']}",C_THANK_YOU,CAMERA_3,NONE,thank you very much I really appreciate your help have a great day,PRESENT_X,CAMERA_3,S_THANK_YOU,CAMERA_3,NONE,thank you very much.,FACE_TO_FACE,NONE,
243,15,NONE,"['CAMERA_1', 'CAMERA_2', 'CAMERA_3']","{'CAMERA_1': ['weight', 'color', 'effects', 'ISO'], 'CAMERA_2': ['price'], 'CAMERA_3': ['ISO', 'resolution']}",C_LEAVES,DOOR,NONE,,FACE_TO_FACE,NONE,S_RETURNS_TO_COUNTER,SERVICE_COUNTER,NONE,,WAITING,NONE,
244,1,NONE,[],"{'CAMERA_1': [], 'CAMERA_2': [], 'CAMERA_3': []}",C_ENTERS,DOOR,NONE,,WAITING,NONE,S_NONE,SERVICE_COUNTER,NONE,,WAITING,NONE,
244,2,NONE,[],"{'CAMERA_1': [], 'CAMERA_2': [], 'CAMERA_3': []}",C_GREETS,MIDDLE,NONE,excuse me,WAITING,NONE,S_GREETS,MIDDLE,NONE,can I help you?,FACE_TO_FACE,NONE,
244,3,CAMERA_1,['CAMERA_1'],"{'CAMERA_1': [], 'CAMERA_2': [], 'CAMERA_3': []}",C_LOOKING_FOR_A_CAMERA,MIDDLE,NONE,I'm looking for a camera,FACE_TO_FACE,NONE,S_INTRODUCES_CAMERA,CAMERA_1,,Let me show you this. Here we have the Sony PowerShot ELPH DMC-ZS3.,PRESENT_X,CAMERA_1,39~66
244,4,CAMERA_1,['CAMERA_1'],"{'CAMERA_1': ['long_exposure'], 'CAMERA_2': [], 'CAMERA_3': []}",C_QUESTION_ABOUT_FEATURE,CAMERA_1,long_exposure,and exposure,PRESENT_X,CAMERA_1,S_ANSWERS_QUESTION_ABOUT_FEATURE,CAMERA_1,long_exposure,This one can take long exposures up to up to 15 seconds with Long Shutter Mode.,PRESENT_X,CAMERA_1,39~78
244,5,CAMERA_1,['CAMERA_1'],"{'CAMERA_1': ['long_exposure', 'optical_zoom'], 'CAMERA_2': [], 'CAMERA_3': []}",C_SILENT_OR_BACKCHANNEL,CAMERA_1,NONE,great and finally what is the price,PRESENT_X,CAMERA_1,S_INTRODUCES_FEATURE,CAMERA_1,optical_zoom,This one has 21x optical zoom.,PRESENT_X,CAMERA_1,13~29
244,6,CAMERA_1,['CAMERA_1'],"{'CAMERA_1': ['long_exposure', 'optical_zoom', 'autofocus_points'], 'CAMERA_2': [], 'CAMERA_3': []}",C_SILENT_OR_BACKCHANNEL,CAMERA_1,NONE,ok let's see,PRESENT_X,CAMERA_1,S_INTRODUCES_FEATURE,CAMERA_1,autofocus_points,This one has 135 autofocus points.,PRESENT_X,CAMERA_1,13~33
244,7,CAMERA_2,"['CAMERA_1', 'CAMERA_2']","{'CAMERA_1': ['long_exposure', 'optical_zoom', 'autofocus_points'], 'CAMERA_2': [], 'CAMERA_3': []}",C_ANYTHING_ELSE_AVAILABLE,CAMERA_1,NONE,Do you have any other cameras under $300,PRESENT_X,CAMERA_1,S_INTRODUCES_CAMERA,CAMERA_2,,Let me show you this. Here we have the Fujifilm Lumix ILC Camera.,PRESENT_X,CAMERA_2,39~64
244,8,CAMERA_2,"['CAMERA_1', 'CAMERA_2']","{'CAMERA_1': ['long_exposure', 'optical_zoom', 'autofocus_points'], 'CAMERA_2': ['settings'], 'CAMERA_3': []}",C_SILENT_OR_BACKCHANNEL,CAMERA_2,NONE,ok let me see,PRESENT_X,CAMERA_2,S_INTRODUCES_FEATURE,CAMERA_2,settings,"This one has manual control and various automatic settings (video modeburst shooting, etc.).",PRESENT_X,CAMERA_2,13~91
244,9,CAMERA_2,"['CAMERA_1', 'CAMERA_2']","{'CAMERA_1': ['long_exposure', 'optical_zoom', 'autofocus_points'], 'CAMERA_2': ['settings', 'color'], 'CAMERA_3': []}",C_SILENT_OR_BACKCHANNEL,CAMERA_2,NONE,yeah sounds good,PRESENT_X,CAMERA_2,S_INTRODUCES_FEATURE,CAMERA_2,color,This one comes in white or pink.,PRESENT_X,CAMERA_2,18~31
244,10,NONE,"['CAMERA_1', 'CAMERA_2']","{'CAMERA_1': ['long_exposure', 'optical_zoom', 'autofocus_points'], 'CAMERA_2': ['settings', 'color'], 'CAMERA_3': []}",C_THANK_YOU,CAMERA_2,NONE,thank you very much,PRESENT_X,CAMERA_2,S_THANK_YOU,CAMERA_2,NONE,thank you very much.,FACE_TO_FACE,NONE,
244,11,NONE,"['CAMERA_1', 'CAMERA_2']","{'CAMERA_1': ['long_exposure', 'optical_zoom', 'autofocus_points'], 'CAMERA_2': ['settings', 'color'], 'CAMERA_3': []}",C_LEAVES,DOOR,NONE,,FACE_TO_FACE,NONE,S_RETURNS_TO_COUNTER,SERVICE_COUNTER,NONE,,WAITING,NONE,
245,1,NONE,[],"{'CAMERA_1': [], 'CAMERA_2': [], 'CAMERA_3': []}",C_ENTERS,DOOR,NONE,,WAITING,NONE,S_NONE,SERVICE_COUNTER,NONE,,WAITING,NONE,
245,2,NONE,[],"{'CAMERA_1': [], 'CAMERA_2': [], 'CAMERA_3': []}",C_WALKS_TO_CAMERA,CAMERA_3,NONE,,WAITING,NONE,S_GREETS,CAMERA_3,NONE,can I help you?,FACE_TO_FACE,NONE,
245,3,CAMERA_1,['CAMERA_1'],"{'CAMERA_1': [], 'CAMERA_2': [], 'CAMERA_3': []}",C_LOOKING_FOR_A_CAMERA,CAMERA_3,NONE,Yes simple point and shoot but I'm looking for something nicer,FACE_TO_FACE,NONE,S_INTRODUCES_CAMERA,CAMERA_1,,Let me show you this. Here we have the Sony PowerShot ELPH DMC-ZS3.,PRESENT_X,CAMERA_1,39~66
245,4,CAMERA_1,['CAMERA_1'],"{'CAMERA_1': ['camera_type'], 'CAMERA_2': [], 'CAMERA_3': []}",C_SILENT_OR_BACKCHANNEL,CAMERA_1,NONE,ok,PRESENT_X,CAMERA_1,S_INTRODUCES_FEATURE,CAMERA_1,camera_type,This is a DSLR camera.,PRESENT_X,CAMERA_1,10~14
245,5,NONE,['CAMERA_1'],"{'CAMERA_1': ['camera_type'], 'CAMERA_2': [], 'CAMERA_3': []}",C_THANK_YOU,CAMERA_1,NONE,thank you very much,PRESENT_X,CAMERA_1,S_THANK_YOU,CAMERA_1,NONE,thank you very much.,FACE_TO_FACE,NONE,
245,6,NONE,['CAMERA_1'],"{'CAMERA_1': ['camera_type'], 'CAMERA_2': [], 'CAMERA_3': []}",C_LEAVES,DOOR,NONE,,FACE_TO_FACE,NONE,S_RETURNS_TO_COUNTER,SERVICE_COUNTER,NONE,,WAITING,NONE,
246,1,NONE,[],"{'CAMERA_1': [], 'CAMERA_2': [], 'CAMERA_3': []}",C_ENTERS,DOOR,NONE,,WAITING,NONE,S_NONE,SERVICE_COUNTER,NONE,,WAITING,NONE,
246,2,NONE,[],"{'CAMERA_1': [], 'CAMERA_2': [], 'CAMERA_3': []}",C_WALKS_TO_CAMERA,CAMERA_2,NONE,,WAITING,NONE,S_NONE,SERVICE_COUNTER,NONE,,WAITING,NONE,
246,3,NONE,[],"{'CAMERA_1': [], 'CAMERA_2': [], 'CAMERA_3': []}",C_EXAMINES_CAMERA,CAMERA_2,NONE,,WAITING,NONE,S_GREETS,CAMERA_2,NONE,can I help you?,FACE_TO_FACE,NONE,
246,4,CAMERA_3,['CAMERA_3'],"{'CAMERA_1': [], 'CAMERA_2': [], 'CAMERA_3': []}",C_LOOKING_FOR_A_CAMERA,CAMERA_2,NONE,I'm looking for a camera for traveling so this seems to be good because of Light how much does it weigh,FACE_TO_FACE,NONE,S_INTRODUCES_CAMERA,CAMERA_3,,Let me show you this. Here we have the Fujifilm PowerShot ELPH S2800.,PRESENT_X,CAMERA_3,39~68
246,5,CAMERA_3,['CAMERA_3'],"{'CAMERA_1': [], 'CAMERA_2': [], 'CAMERA_3': ['weight']}",C_QUESTION_ABOUT_FEATURE,CAMERA_3,weight,that's wonderful and what about the weight,PRESENT_X,CAMERA_3,S_ANSWERS_QUESTION_ABOUT_FEATURE,CAMERA_3,weight,This one weighs 820 grams.,PRESENT_X,CAMERA_3,16~25
246,6,CAMERA_3,['CAMERA_3'],"{'CAMERA_1': [], 'CAMERA_2': [], 'CAMERA_3': ['weight', 'resolution']}",C_QUESTION_ABOUT_FEATURE,CAMERA_3,resolution,what about the resolution of this,PRESENT_X,CAMERA_3,S_ANSWERS_QUESTION_ABOUT_FEATURE,CAMERA_3,resolution,This one has 23.2 megapixels resolution.,PRESENT_X,CAMERA_3,13~28
246,7,CAMERA_3,['CAMERA_3'],"{'CAMERA_1': [], 'CAMERA_2': [], 'CAMERA_3': ['weight', 'resolution', 'long_exposure']}",C_QUESTION_ABOUT_FEATURE,CAMERA_3,long_exposure,and what's the long exposure on this,PRESENT_X,CAMERA_3,S_ANSWERS_QUESTION_ABOUT_FEATURE,CAMERA_3,long_exposure,This one can take long exposures up to 30 minutes max with bulb mode.,PRESENT_X,CAMERA_3,39~68
246,8,CAMERA_3,['CAMERA_3'],"{'CAMERA_1': [], 'CAMERA_2': [], 'CAMERA_3': ['weight', 'resolution', 'long_exposure', 'ISO']}",C_QUESTION_ABOUT_FEATURE,CAMERA_3,ISO,that's cool and what about the iso setting,PRESENT_X,CAMERA_3,S_ANSWERS_QUESTION_ABOUT_FEATURE,CAMERA_3,ISO,This one has up to 3200 ISO with little noise.,PRESENT_X,CAMERA_3,13~45
246,9,CAMERA_3,['CAMERA_3'],"{'CAMERA_1': [], 'CAMERA_2': [], 'CAMERA_3': ['weight', 'resolution', 'long_exposure', 'ISO', 'settings']}",C_QUESTION_ABOUT_FEATURE,CAMERA_3,settings,Does this camera have preset modes?,PRESENT_X,CAMERA_3,S_ANSWERS_QUESTION_ABOUT_FEATURE,CAMERA_3,settings,"This one has manual control and various automatic settings (video modeburst shooting, etc.).",PRESENT_X,CAMERA_3,13~91
246,10,CAMERA_3,['CAMERA_3'],"{'CAMERA_1': [], 'CAMERA_2': [], 'CAMERA_3': ['weight', 'resolution', 'long_exposure', 'ISO', 'settings', 'price']}",C_QUESTION_ABOUT_FEATURE,CAMERA_3,price,how much is it,PRESENT_X,CAMERA_3,S_ANSWERS_QUESTION_ABOUT_FEATURE,CAMERA_3,price,This one costs $518.,PRESENT_X,CAMERA_3,15~19
246,11,CAMERA_3,['CAMERA_3'],"{'CAMERA_1': [], 'CAMERA_2': [], 'CAMERA_3': ['weight', 'resolution', 'long_exposure', 'ISO', 'settings', 'price', 'autofocus_points']}",C_QUESTION_ABOUT_FEATURE,CAMERA_3,autofocus_points,and for this model how many auto focus points does it have,PRESENT_X,CAMERA_3,S_ANSWERS_QUESTION_ABOUT_FEATURE,CAMERA_3,autofocus_points,This one has 214 autofocus points.,PRESENT_X,CAMERA_3,13~33
246,12,CAMERA_3,['CAMERA_3'],"{'CAMERA_1': [], 'CAMERA_2': [], 'CAMERA_3': ['weight', 'resolution', 'long_exposure', 'ISO', 'settings', 'price', 'autofocus_points', 'optical_zoom']}",C_QUESTION_ABOUT_FEATURE,CAMERA_3,optical_zoom,and what about the optical zoom,PRESENT_X,CAMERA_3,S_NOT_SURE,CAMERA_3,,I'm not really sure about that.,PRESENT_X,CAMERA_3,
246,13,CAMERA_3,['CAMERA_3'],"{'CAMERA_1': [], 'CAMERA_2': [], 'CAMERA_3': ['weight', 'resolution', 'long_exposure', 'ISO', 'settings', 'price', 'autofocus_points', 'optical_zoom', 'sensor_size']}",C_QUESTION_ABOUT_FEATURE,CAMERA_3,sensor_size,what's sensor size,PRESENT_X,CAMERA_3,S_ANSWERS_QUESTION_ABOUT_FEATURE,CAMERA_3,sensor_size,This one has a full frame.,PRESENT_X,CAMERA_3,15~25
246,14,CAMERA_3,['CAMERA_3'],"{'CAMERA_1': [], 'CAMERA_2': [], 'CAMERA_3': ['weight', 'resolution', 'long_exposure', 'ISO', 'settings', 'price', 'autofocus_points', 'optical_zoom', 'sensor_size', 'preset_modes']}",C_SILENT_OR_BACKCHANNEL,CAMERA_3,NONE,oh yeah ok,PRESENT_X,CAMERA_3,S_INTRODUCES_FEATURE,CAMERA_3,preset_modes,This one has various preset modes.,PRESENT_X,CAMERA_3,13~33
246,15,CAMERA_3,['CAMERA_3'],"{'CAMERA_1': [], 'CAMERA_2': [], 'CAMERA_3': ['weight', 'resolution', 'long_exposure', 'ISO', 'settings', 'price', 'autofocus_points', 'optical_zoom', 'sensor_size', 'preset_modes', 'color']}",C_QUESTION_ABOUT_FEATURE,CAMERA_3,color,silver so boring though this come in any other colors,PRESENT_X,CAMERA_3,S_ANSWERS_QUESTION_ABOUT_FEATURE,CAMERA_3,color,"This one comes in purple, white, silver, blue, red, or pink.",PRESENT_X,CAMERA_3,18~59
246,16,CAMERA_3,['CAMERA_3'],"{'CAMERA_1': [], 'CAMERA_2': [], 'CAMERA_3': ['weight', 'resolution', 'long_exposure', 'ISO', 'settings', 'price', 'autofocus_points', 'optical_zoom', 'sensor_size', 'preset_modes', 'color', 'camera_type']}",C_SILENT_OR_BACKCHANNEL,CAMERA_3,NONE,ok,PRESENT_X,CAMERA_3,S_INTRODUCES_FEATURE,CAMERA_3,camera_type,This is a point and shoot camera.,PRESENT_X,CAMERA_3,10~25
246,17,CAMERA_2,"['CAMERA_3', 'CAMERA_2']","{'CAMERA_1': [], 'CAMERA_2': [], 'CAMERA_3': ['weight', 'resolution', 'long_exposure', 'ISO', 'settings', 'price', 'autofocus_points', 'optical_zoom', 'sensor_size', 'preset_modes', 'color', 'camera_type']}",C_ANYTHING_ELSE_AVAILABLE,CAMERA_3,NONE,oh I see that's very interesting do you have any other cameras that you can recommend me,PRESENT_X,CAMERA_3,S_INTRODUCES_CAMERA,CAMERA_2,,Let me show you this. Here we have the Fujifilm Lumix ILC Camera.,PRESENT_X,CAMERA_2,39~64
246,18,CAMERA_2,"['CAMERA_3', 'CAMERA_2']","{'CAMERA_1': [], 'CAMERA_2': ['settings'], 'CAMERA_3': ['weight', 'resolution', 'long_exposure', 'ISO', 'settings', 'price', 'autofocus_points', 'optical_zoom', 'sensor_size', 'preset_modes', 'color', 'camera_type']}",C_QUESTION_ABOUT_FEATURE,CAMERA_2,settings,is this full manual,PRESENT_X,CAMERA_2,S_ANSWERS_QUESTION_ABOUT_FEATURE,CAMERA_2,settings,"This one has manual control and various automatic settings (video modeburst shooting, etc.).",PRESENT_X,CAMERA_2,13~91
246,19,CAMERA_2,"['CAMERA_3', 'CAMERA_2']","{'CAMERA_1': [], 'CAMERA_2': ['settings', 'long_exposure'], 'CAMERA_3': ['weight', 'resolution', 'long_exposure', 'ISO', 'settings', 'price', 'autofocus_points', 'optical_zoom', 'sensor_size', 'preset_modes', 'color', 'camera_type']}",C_SILENT_OR_BACKCHANNEL,CAMERA_2,NONE,yeah,PRESENT_X,CAMERA_2,S_INTRODUCES_FEATURE,CAMERA_2,long_exposure,This one can take long exposures up to 60 minutes max with bulb mode.,PRESENT_X,CAMERA_2,39~68
246,20,CAMERA_2,"['CAMERA_3', 'CAMERA_2']","{'CAMERA_1': [], 'CAMERA_2': ['settings', 'long_exposure', 'camera_type'], 'CAMERA_3': ['weight', 'resolution', 'long_exposure', 'ISO', 'settings', 'price', 'autofocus_points', 'optical_zoom', 'sensor_size', 'preset_modes', 'color', 'camera_type']}",C_SILENT_OR_BACKCHANNEL,CAMERA_2,NONE,ok,PRESENT_X,CAMERA_2,S_INTRODUCES_FEATURE,CAMERA_2,camera_type,This is a digital single lens mirrorless camera.,PRESENT_X,CAMERA_2,10~40
246,21,CAMERA_1,"['CAMERA_3', 'CAMERA_2', 'CAMERA_1']","{'CAMERA_1': [], 'CAMERA_2': ['settings', 'long_exposure', 'camera_type'], 'CAMERA_3': ['weight', 'resolution', 'long_exposure', 'ISO', 'settings', 'price', 'autofocus_points', 'optical_zoom', 'sensor_size', 'preset_modes', 'color', 'camera_type']}",C_ANYTHING_ELSE_AVAILABLE,CAMERA_2,NONE,okay do you have any other cameras I might be interested,PRESENT_X,CAMERA_2,S_INTRODUCES_CAMERA,CAMERA_1,,Let me show you this. Here we have the Sony PowerShot ELPH DMC-ZS3.,PRESENT_X,CAMERA_1,39~66
246,22,CAMERA_1,"['CAMERA_3', 'CAMERA_2', 'CAMERA_1']","{'CAMERA_1': ['autofocus_points'], 'CAMERA_2': ['settings', 'long_exposure', 'camera_type'], 'CAMERA_3': ['weight', 'resolution', 'long_exposure', 'ISO', 'settings', 'price', 'autofocus_points', 'optical_zoom', 'sensor_size', 'preset_modes', 'color', 'camera_type']}",C_QUESTION_ABOUT_FEATURE,CAMERA_1,autofocus_points,okay uh how many autofocus points are there,PRESENT_X,CAMERA_1,S_ANSWERS_QUESTION_ABOUT_FEATURE,CAMERA_1,autofocus_points,This one has 135 autofocus points.,PRESENT_X,CAMERA_1,13~33
246,23,CAMERA_1,"['CAMERA_3', 'CAMERA_2', 'CAMERA_1']","{'CAMERA_1': ['autofocus_points', 'ISO'], 'CAMERA_2': ['settings', 'long_exposure', 'camera_type'], 'CAMERA_3': ['weight', 'resolution', 'long_exposure', 'ISO', 'settings', 'price', 'autofocus_points', 'optical_zoom', 'sensor_size', 'preset_modes', 'color', 'camera_type']}",C_QUESTION_ABOUT_FEATURE,CAMERA_1,ISO,okay I see and can you please explain me about the ISO,PRESENT_X,CAMERA_1,S_ANSWERS_QUESTION_ABOUT_FEATURE,CAMERA_1,ISO,This one has up to 51200 ISO.,PRESENT_X,CAMERA_1,13~28
246,24,CAMERA_1,"['CAMERA_3', 'CAMERA_2', 'CAMERA_1']","{'CAMERA_1': ['autofocus_points', 'ISO', 'sensor_size'], 'CAMERA_2': ['settings', 'long_exposure', 'camera_type'], 'CAMERA_3': ['weight', 'resolution', 'long_exposure', 'ISO', 'settings', 'price', 'autofocus_points', 'optical_zoom', 'sensor_size', 'preset_modes', 'color', 'camera_type']}",C_SILENT_OR_BACKCHANNEL,CAMERA_1,NONE,it seems like a pretty good camera,PRESENT_X,CAMERA_1,S_INTRODUCES_FEATURE,CAMERA_1,sensor_size,This one has a 1/2.3 inch CMOS sensor.,PRESENT_X,CAMERA_1,15~37
246,25,CAMERA_1,"['CAMERA_3', 'CAMERA_2', 'CAMERA_1']","{'CAMERA_1': ['autofocus_points', 'ISO', 'sensor_size', 'optical_zoom'], 'CAMERA_2': ['settings', 'long_exposure', 'camera_type'], 'CAMERA_3': ['weight', 'resolution', 'long_exposure', 'ISO', 'settings', 'price', 'autofocus_points', 'optical_zoom', 'sensor_size', 'preset_modes', 'color', 'camera_type']}",C_QUESTION_ABOUT_FEATURE,CAMERA_1,optical_zoom,what about the optical zoom,PRESENT_X,CAMERA_1,S_ANSWERS_QUESTION_ABOUT_FEATURE,CAMERA_1,optical_zoom,This one has 21x optical zoom.,PRESENT_X,CAMERA_1,13~29
246,26,CAMERA_1,"['CAMERA_3', 'CAMERA_2', 'CAMERA_1']","{'CAMERA_1': ['autofocus_points', 'ISO', 'sensor_size', 'optical_zoom', 'preset_modes'], 'CAMERA_2': ['settings', 'long_exposure', 'camera_type'], 'CAMERA_3': ['weight', 'resolution', 'long_exposure', 'ISO', 'settings', 'price', 'autofocus_points', 'optical_zoom', 'sensor_size', 'preset_modes', 'color', 'camera_type']}",C_QUESTION_ABOUT_FEATURE,CAMERA_1,preset_modes,do they have pet mode,PRESENT_X,CAMERA_1,S_NOT_SURE,CAMERA_1,,I'm not really sure about that.,PRESENT_X,CAMERA_1,
246,27,CAMERA_1,"['CAMERA_3', 'CAMERA_2', 'CAMERA_1']","{'CAMERA_1': ['autofocus_points', 'ISO', 'sensor_size', 'optical_zoom', 'preset_modes', 'camera_type'], 'CAMERA_2': ['settings', 'long_exposure', 'camera_type'], 'CAMERA_3': ['weight', 'resolution', 'long_exposure', 'ISO', 'settings', 'price', 'autofocus_points', 'optical_zoom', 'sensor_size', 'preset_modes', 'color', 'camera_type']}",C_SILENT_OR_BACKCHANNEL,CAMERA_1,NONE,oh wow its looks nice,PRESENT_X,CAMERA_1,S_INTRODUCES_FEATURE,CAMERA_1,camera_type,This is a DSLR camera.,PRESENT_X,CAMERA_1,10~14
246,28,CAMERA_1,"['CAMERA_3', 'CAMERA_2', 'CAMERA_1']","{'CAMERA_1': ['autofocus_points', 'ISO', 'sensor_size', 'optical_zoom', 'preset_modes', 'camera_type', 'effects'], 'CAMERA_2': ['settings', 'long_exposure', 'camera_type'], 'CAMERA_3': ['weight', 'resolution', 'long_exposure', 'ISO', 'settings', 'price', 'autofocus_points', 'optical_zoom', 'sensor_size', 'preset_modes', 'color', 'camera_type']}",C_QUESTION_ABOUT_FEATURE,CAMERA_1,effects,okay let's see what about the artistic effect mode is it really good or is it ok,PRESENT_X,CAMERA_1,S_ANSWERS_QUESTION_ABOUT_FEATURE,CAMERA_1,effects,"This one has 24 glamor retouch effects (miniature, retro, toy camera, etc.).",PRESENT_X,CAMERA_1,13~75
246,29,CAMERA_1,"['CAMERA_3', 'CAMERA_2', 'CAMERA_1']","{'CAMERA_1': ['autofocus_points', 'ISO', 'sensor_size', 'optical_zoom', 'preset_modes', 'camera_type', 'effects', 'long_exposure'], 'CAMERA_2': ['settings', 'long_exposure', 'camera_type'], 'CAMERA_3': ['weight', 'resolution', 'long_exposure', 'ISO', 'settings', 'price', 'autofocus_points', 'optical_zoom', 'sensor_size', 'preset_modes', 'color', 'camera_type']}",C_SILENT_OR_BACKCHANNEL,CAMERA_1,NONE,ok,PRESENT_X,CAMERA_1,S_INTRODUCES_FEATURE,CAMERA_1,long_exposure,This one can take long exposures up to up to 15 seconds with Long Shutter Mode.,PRESENT_X,CAMERA_1,39~78
246,30,CAMERA_1,"['CAMERA_3', 'CAMERA_2', 'CAMERA_1']","{'CAMERA_1': ['autofocus_points', 'ISO', 'sensor_size', 'optical_zoom', 'preset_modes', 'camera_type', 'effects', 'long_exposure', 'resolution'], 'CAMERA_2': ['settings', 'long_exposure', 'camera_type'], 'CAMERA_3': ['weight', 'resolution', 'long_exposure', 'ISO', 'settings', 'price', 'autofocus_points', 'optical_zoom', 'sensor_size', 'preset_modes', 'color', 'camera_type']}",C_QUESTION_ABOUT_FEATURE,CAMERA_1,resolution,Yahara actually like to do that and then what how many megapixels does it have,PRESENT_X,CAMERA_1,S_ANSWERS_QUESTION_ABOUT_FEATURE,CAMERA_1,resolution,This one has 17.8 megapixels resolution.,PRESENT_X,CAMERA_1,13~28
246,31,CAMERA_1,"['CAMERA_3', 'CAMERA_2', 'CAMERA_1']","{'CAMERA_1': ['autofocus_points', 'ISO', 'sensor_size', 'optical_zoom', 'preset_modes', 'camera_type', 'effects', 'long_exposure', 'resolution', 'weight'], 'CAMERA_2': ['settings', 'long_exposure', 'camera_type'], 'CAMERA_3': ['weight', 'resolution', 'long_exposure', 'ISO', 'settings', 'price', 'autofocus_points', 'optical_zoom', 'sensor_size', 'preset_modes', 'color', 'camera_type']}",C_QUESTION_ABOUT_FEATURE,CAMERA_1,weight,it's filled with a lightweight,PRESENT_X,CAMERA_1,S_ANSWERS_QUESTION_ABOUT_FEATURE,CAMERA_1,weight,This one weighs 800 grams.,PRESENT_X,CAMERA_1,16~25
246,32,CAMERA_1,"['CAMERA_3', 'CAMERA_2', 'CAMERA_1']","{'CAMERA_1': ['autofocus_points', 'ISO', 'sensor_size', 'optical_zoom', 'preset_modes', 'camera_type', 'effects', 'long_exposure', 'resolution', 'weight', 'price'], 'CAMERA_2': ['settings', 'long_exposure', 'camera_type'], 'CAMERA_3': ['weight', 'resolution', 'long_exposure', 'ISO', 'settings', 'price', 'autofocus_points', 'optical_zoom', 'sensor_size', 'preset_modes', 'color', 'camera_type']}",C_QUESTION_ABOUT_FEATURE,CAMERA_1,price,how much does a condom cost,PRESENT_X,CAMERA_1,S_ANSWERS_QUESTION_ABOUT_FEATURE,CAMERA_1,price,This one costs $450.,PRESENT_X,CAMERA_1,15~19
246,33,CAMERA_1,"['CAMERA_3', 'CAMERA_2', 'CAMERA_1']","{'CAMERA_1': ['autofocus_points', 'ISO', 'sensor_size', 'optical_zoom', 'preset_modes', 'camera_type', 'effects', 'long_exposure', 'resolution', 'weight', 'price', 'color'], 'CAMERA_2': ['settings', 'long_exposure', 'camera_type'], 'CAMERA_3': ['weight', 'resolution', 'long_exposure', 'ISO', 'settings', 'price', 'autofocus_points', 'optical_zoom', 'sensor_size', 'preset_modes', 'color', 'camera_type']}",C_QUESTION_ABOUT_FEATURE,CAMERA_1,color,and it comes in different colors,PRESENT_X,CAMERA_1,S_ANSWERS_QUESTION_ABOUT_FEATURE,CAMERA_1,color,This one comes in blue or black.,PRESENT_X,CAMERA_1,18~31
246,34,,"['CAMERA_3', 'CAMERA_2', 'CAMERA_1']","{'CAMERA_1': ['autofocus_points', 'ISO', 'sensor_size', 'optical_zoom', 'preset_modes', 'camera_type', 'effects', 'long_exposure', 'resolution', 'weight', 'price', 'color'], 'CAMERA_2': ['settings', 'long_exposure', 'camera_type'], 'CAMERA_3': ['weight', 'resolution', 'long_exposure', 'ISO', 'settings', 'price', 'autofocus_points', 'optical_zoom', 'sensor_size', 'preset_modes', 'color', 'camera_type']}",C_ANYTHING_ELSE_AVAILABLE,CAMERA_1,NONE,ok do you have any other cameras,PRESENT_X,CAMERA_1,S_THATS_ALL_WE_HAVE_AVAILABLE,CAMERA_1,,That's all we have available at the moment.,PRESENT_X,CAMERA_1,
246,35,NONE,"['CAMERA_3', 'CAMERA_2', 'CAMERA_1']","{'CAMERA_1': ['autofocus_points', 'ISO', 'sensor_size', 'optical_zoom', 'preset_modes', 'camera_type', 'effects', 'long_exposure', 'resolution', 'weight', 'price', 'color'], 'CAMERA_2': ['settings', 'long_exposure', 'camera_type'], 'CAMERA_3': ['weight', 'resolution', 'long_exposure', 'ISO', 'settings', 'price', 'autofocus_points', 'optical_zoom', 'sensor_size', 'preset_modes', 'color', 'camera_type']}",C_THANK_YOU,CAMERA_1,NONE,thanks,PRESENT_X,CAMERA_1,S_THANK_YOU,CAMERA_1,NONE,thank you very much.,FACE_TO_FACE,NONE,
246,36,NONE,"['CAMERA_3', 'CAMERA_2', 'CAMERA_1']","{'CAMERA_1': ['autofocus_points', 'ISO', 'sensor_size', 'optical_zoom', 'preset_modes', 'camera_type', 'effects', 'long_exposure', 'resolution', 'weight', 'price', 'color'], 'CAMERA_2': ['settings', 'long_exposure', 'camera_type'], 'CAMERA_3': ['weight', 'resolution', 'long_exposure', 'ISO', 'settings', 'price', 'autofocus_points', 'optical_zoom', 'sensor_size', 'preset_modes', 'color', 'camera_type']}",C_LEAVES,DOOR,NONE,,FACE_TO_FACE,NONE,S_RETURNS_TO_COUNTER,SERVICE_COUNTER,NONE,,WAITING,NONE,
247,1,NONE,[],"{'CAMERA_1': [], 'CAMERA_2': [], 'CAMERA_3': []}",C_ENTERS,DOOR,NONE,,WAITING,NONE,S_NONE,SERVICE_COUNTER,NONE,,WAITING,NONE,
247,2,NONE,[],"{'CAMERA_1': [], 'CAMERA_2': [], 'CAMERA_3': []}",C_WALKS_TO_CAMERA,CAMERA_3,NONE,,WAITING,NONE,S_NONE,SERVICE_COUNTER,NONE,,WAITING,NONE,
247,3,CAMERA_3,['CAMERA_3'],"{'CAMERA_1': [], 'CAMERA_2': [], 'CAMERA_3': ['color']}",C_QUESTION_ABOUT_FEATURE,CAMERA_3,color,when does it come in any other color other than Silva ,WAITING,NONE,S_ANSWERS_QUESTION_ABOUT_FEATURE,CAMERA_3,color,"This one comes in purple, white, silver, blue, red, or pink.",PRESENT_X,CAMERA_3,18~59
247,4,CAMERA_3,['CAMERA_3'],"{'CAMERA_1': [], 'CAMERA_2': [], 'CAMERA_3': ['color', 'resolution']}",C_QUESTION_ABOUT_FEATURE,CAMERA_3,resolution,Yahara actually like to do that and then what how many megapixels does it have,PRESENT_X,CAMERA_3,S_ANSWERS_QUESTION_ABOUT_FEATURE,CAMERA_3,resolution,This one has 23.2 megapixels resolution.,PRESENT_X,CAMERA_3,13~28
247,5,CAMERA_3,['CAMERA_3'],"{'CAMERA_1': [], 'CAMERA_2': [], 'CAMERA_3': ['color', 'resolution', 'settings']}",C_QUESTION_ABOUT_FEATURE,CAMERA_3,settings,pretty good how much how many manual settings it is does it have,PRESENT_X,CAMERA_3,S_ANSWERS_QUESTION_ABOUT_FEATURE,CAMERA_3,settings,"This one has manual control and various automatic settings (video modeburst shooting, etc.).",PRESENT_X,CAMERA_3,13~91
247,6,CAMERA_3,['CAMERA_3'],"{'CAMERA_1': [], 'CAMERA_2': [], 'CAMERA_3': ['color', 'resolution', 'settings', 'preset_modes']}",C_SILENT_OR_BACKCHANNEL,CAMERA_3,NONE,okay sounds good,PRESENT_X,CAMERA_3,S_INTRODUCES_FEATURE,CAMERA_3,preset_modes,This one has various preset modes.,PRESENT_X,CAMERA_3,13~33
247,7,CAMERA_3,['CAMERA_3'],"{'CAMERA_1': [], 'CAMERA_2': [], 'CAMERA_3': ['color', 'resolution', 'settings', 'preset_modes', 'price']}",C_SILENT_OR_BACKCHANNEL,CAMERA_3,NONE,this camera sounds pretty good,PRESENT_X,CAMERA_3,S_INTRODUCES_FEATURE,CAMERA_3,price,This one costs $518.,PRESENT_X,CAMERA_3,15~19
247,8,CAMERA_3,['CAMERA_3'],"{'CAMERA_1': [], 'CAMERA_2': [], 'CAMERA_3': ['color', 'resolution', 'settings', 'preset_modes', 'price', 'camera_type']}",C_SILENT_OR_BACKCHANNEL,CAMERA_3,NONE,okay let's see,PRESENT_X,CAMERA_3,S_INTRODUCES_FEATURE,CAMERA_3,camera_type,This is a point and shoot camera.,PRESENT_X,CAMERA_3,10~25
247,9,NONE,['CAMERA_3'],"{'CAMERA_1': [], 'CAMERA_2': [], 'CAMERA_3': ['color', 'resolution', 'settings', 'preset_modes', 'price', 'camera_type']}",C_THANK_YOU,CAMERA_3,NONE,okay thank you have a good day,PRESENT_X,CAMERA_3,S_THANK_YOU,CAMERA_3,NONE,thank you very much.,FACE_TO_FACE,NONE,
247,10,NONE,['CAMERA_3'],"{'CAMERA_1': [], 'CAMERA_2': [], 'CAMERA_3': ['color', 'resolution', 'settings', 'preset_modes', 'price', 'camera_type']}",C_LEAVES,DOOR,NONE,,FACE_TO_FACE,NONE,S_RETURNS_TO_COUNTER,SERVICE_COUNTER,NONE,,WAITING,NONE,
248,1,NONE,[],"{'CAMERA_1': [], 'CAMERA_2': [], 'CAMERA_3': []}",C_ENTERS,DOOR,NONE,,WAITING,NONE,S_NONE,SERVICE_COUNTER,NONE,,WAITING,NONE,
248,2,NONE,[],"{'CAMERA_1': [], 'CAMERA_2': [], 'CAMERA_3': []}",C_WALKS_TO_CAMERA,CAMERA_1,NONE,,WAITING,NONE,S_GREETS,CAMERA_1,NONE,can I help you?,FACE_TO_FACE,NONE,
248,3,CAMERA_1,['CAMERA_1'],"{'CAMERA_1': [], 'CAMERA_2': [], 'CAMERA_3': []}",C_LOOKING_FOR_A_CAMERA,CAMERA_1,NONE,I'm here to see the cameras I want a new one,FACE_TO_FACE,NONE,S_INTRODUCES_CAMERA,CAMERA_1,,Let me show you this. Here we have the Sony PowerShot ELPH DMC-ZS3.,PRESENT_X,CAMERA_1,39~66
248,4,CAMERA_1,['CAMERA_1'],"{'CAMERA_1': ['color'], 'CAMERA_2': [], 'CAMERA_3': []}",C_SILENT_OR_BACKCHANNEL,CAMERA_1,NONE,yeah that sounds great to me I don't have to worry about the technical stuff,PRESENT_X,CAMERA_1,S_INTRODUCES_FEATURE,CAMERA_1,color,This one comes in blue or black.,PRESENT_X,CAMERA_1,18~31
248,5,CAMERA_3,"['CAMERA_1', 'CAMERA_3']","{'CAMERA_1': ['color'], 'CAMERA_2': [], 'CAMERA_3': []}",C_ANYTHING_ELSE_AVAILABLE,CAMERA_1,NONE,do you have any other cameras with preset mode,PRESENT_X,CAMERA_1,S_INTRODUCES_CAMERA,CAMERA_3,,Let me show you this. Here we have the Fujifilm PowerShot ELPH S2800.,PRESENT_X,CAMERA_3,39~68
248,6,CAMERA_3,"['CAMERA_1', 'CAMERA_3']","{'CAMERA_1': ['color'], 'CAMERA_2': [], 'CAMERA_3': ['resolution']}",C_QUESTION_ABOUT_FEATURE,CAMERA_3,resolution,what it what is mega pixels,PRESENT_X,CAMERA_3,S_ANSWERS_QUESTION_ABOUT_FEATURE,CAMERA_3,resolution,This one has 23.2 megapixels resolution.,PRESENT_X,CAMERA_3,13~28
248,7,CAMERA_3,"['CAMERA_1', 'CAMERA_3']","{'CAMERA_1': ['color'], 'CAMERA_2': [], 'CAMERA_3': ['resolution', 'settings']}",C_QUESTION_ABOUT_FEATURE,CAMERA_3,settings,thank you tell me about the ability to adjust the settings,PRESENT_X,CAMERA_3,S_ANSWERS_QUESTION_ABOUT_FEATURE,CAMERA_3,settings,"This one has manual control and various automatic settings (video modeburst shooting, etc.).",PRESENT_X,CAMERA_3,13~91
248,8,CAMERA_3,"['CAMERA_1', 'CAMERA_3']","{'CAMERA_1': ['color'], 'CAMERA_2': [], 'CAMERA_3': ['resolution', 'settings', 'preset_modes']}",C_QUESTION_ABOUT_FEATURE,CAMERA_3,preset_modes,do they have pet mode,PRESENT_X,CAMERA_3,S_ANSWERS_QUESTION_ABOUT_FEATURE,CAMERA_3,preset_modes,This one has various preset modes.,PRESENT_X,CAMERA_3,13~33
248,9,CAMERA_3,"['CAMERA_1', 'CAMERA_3']","{'CAMERA_1': ['color'], 'CAMERA_2': [], 'CAMERA_3': ['resolution', 'settings', 'preset_modes', 'color']}",C_QUESTION_ABOUT_FEATURE,CAMERA_3,color,and it comes in different colors,PRESENT_X,CAMERA_3,S_ANSWERS_QUESTION_ABOUT_FEATURE,CAMERA_3,color,"This one comes in purple, white, silver, blue, red, or pink.",PRESENT_X,CAMERA_3,18~59
248,10,CAMERA_3,"['CAMERA_1', 'CAMERA_3']","{'CAMERA_1': ['color'], 'CAMERA_2': [], 'CAMERA_3': ['resolution', 'settings', 'preset_modes', 'color', 'weight']}",C_QUESTION_ABOUT_FEATURE,CAMERA_3,weight,how heavy is this camera,PRESENT_X,CAMERA_3,S_ANSWERS_QUESTION_ABOUT_FEATURE,CAMERA_3,weight,This one weighs 820 grams.,PRESENT_X,CAMERA_3,16~25
248,11,NONE,"['CAMERA_1', 'CAMERA_3']","{'CAMERA_1': ['color'], 'CAMERA_2': [], 'CAMERA_3': ['resolution', 'settings', 'preset_modes', 'color', 'weight']}",C_THANK_YOU,CAMERA_3,NONE,thank you so much,PRESENT_X,CAMERA_3,S_THANK_YOU,CAMERA_3,NONE,thank you very much.,FACE_TO_FACE,NONE,
248,12,NONE,"['CAMERA_1', 'CAMERA_3']","{'CAMERA_1': ['color'], 'CAMERA_2': [], 'CAMERA_3': ['resolution', 'settings', 'preset_modes', 'color', 'weight']}",C_LEAVES,DOOR,NONE,,FACE_TO_FACE,NONE,S_RETURNS_TO_COUNTER,SERVICE_COUNTER,NONE,,WAITING,NONE,
249,1,NONE,[],"{'CAMERA_1': [], 'CAMERA_2': [], 'CAMERA_3': []}",C_ENTERS,DOOR,NONE,,WAITING,NONE,S_NONE,SERVICE_COUNTER,NONE,,WAITING,NONE,
249,2,NONE,[],"{'CAMERA_1': [], 'CAMERA_2': [], 'CAMERA_3': []}",C_GREETS,MIDDLE,NONE,sorry excuse him ,WAITING,NONE,S_GREETS,MIDDLE,NONE,can I help you?,FACE_TO_FACE,NONE,
249,3,CAMERA_2,['CAMERA_2'],"{'CAMERA_1': [], 'CAMERA_2': [], 'CAMERA_3': []}",C_LOOKING_FOR_A_CAMERA,MIDDLE,NONE,hi good afternoon I'm looking for a camera with very specific about the pictures,FACE_TO_FACE,NONE,S_INTRODUCES_CAMERA,CAMERA_2,,Let me show you this. Here we have the Fujifilm Lumix ILC Camera.,PRESENT_X,CAMERA_2,39~64
249,4,CAMERA_2,['CAMERA_2'],"{'CAMERA_1': [], 'CAMERA_2': ['ISO'], 'CAMERA_3': []}",C_QUESTION_ABOUT_FEATURE,CAMERA_2,ISO,how about the ISO something,PRESENT_X,CAMERA_2,S_NOT_SURE,CAMERA_2,,I'm not really sure about that.,PRESENT_X,CAMERA_2,
249,5,CAMERA_1,"['CAMERA_2', 'CAMERA_1']","{'CAMERA_1': [], 'CAMERA_2': ['ISO'], 'CAMERA_3': []}",C_ANYTHING_ELSE_AVAILABLE,CAMERA_2,NONE,Do you have any other cameras under $300,PRESENT_X,CAMERA_2,S_INTRODUCES_CAMERA,CAMERA_1,,Let me show you this. Here we have the Sony PowerShot ELPH DMC-ZS3.,PRESENT_X,CAMERA_1,39~66
249,6,CAMERA_1,"['CAMERA_2', 'CAMERA_1']","{'CAMERA_1': ['optical_zoom'], 'CAMERA_2': ['ISO'], 'CAMERA_3': []}",C_QUESTION_ABOUT_FEATURE,CAMERA_1,optical_zoom,okay and if I have an optical zoom,PRESENT_X,CAMERA_1,S_ANSWERS_QUESTION_ABOUT_FEATURE,CAMERA_1,optical_zoom,This one has 21x optical zoom.,PRESENT_X,CAMERA_1,13~29
249,7,NONE,"['CAMERA_2', 'CAMERA_1']","{'CAMERA_1': ['optical_zoom'], 'CAMERA_2': ['ISO'], 'CAMERA_3': []}",C_THANK_YOU,CAMERA_1,NONE,thank you,PRESENT_X,CAMERA_1,S_THANK_YOU,CAMERA_1,NONE,thank you very much.,FACE_TO_FACE,NONE,
249,8,NONE,"['CAMERA_2', 'CAMERA_1']","{'CAMERA_1': ['optical_zoom'], 'CAMERA_2': ['ISO'], 'CAMERA_3': []}",C_LEAVES,DOOR,NONE,,FACE_TO_FACE,NONE,S_RETURNS_TO_COUNTER,SERVICE_COUNTER,NONE,,WAITING,NONE,
250,1,NONE,[],"{'CAMERA_1': [], 'CAMERA_2': [], 'CAMERA_3': []}",C_ENTERS,DOOR,NONE,,WAITING,NONE,S_NONE,SERVICE_COUNTER,NONE,,WAITING,NONE,
250,2,NONE,[],"{'CAMERA_1': [], 'CAMERA_2': [], 'CAMERA_3': []}",C_WALKS_TO_CAMERA,CAMERA_1,NONE,,WAITING,NONE,S_GREETS,CAMERA_1,NONE,can I help you?,FACE_TO_FACE,NONE,
250,3,CAMERA_3,['CAMERA_3'],"{'CAMERA_1': [], 'CAMERA_2': [], 'CAMERA_3': []}",C_LOOKING_FOR_A_CAMERA,CAMERA_1,NONE,nothing fancy I just I'm just looking for the second camera I don't have money,FACE_TO_FACE,NONE,S_INTRODUCES_CAMERA,CAMERA_3,,Let me show you this. Here we have the Fujifilm PowerShot ELPH S2800.,PRESENT_X,CAMERA_3,39~68
250,4,CAMERA_3,['CAMERA_3'],"{'CAMERA_1': [], 'CAMERA_2': [], 'CAMERA_3': ['price']}",C_QUESTION_ABOUT_FEATURE,CAMERA_3,price,how much does a whale together,PRESENT_X,CAMERA_3,S_ANSWERS_QUESTION_ABOUT_FEATURE,CAMERA_3,price,This one costs $518.,PRESENT_X,CAMERA_3,15~19
250,5,CAMERA_3,['CAMERA_3'],"{'CAMERA_1': [], 'CAMERA_2': [], 'CAMERA_3': ['price', 'weight']}",C_QUESTION_ABOUT_FEATURE,CAMERA_3,weight,fender what is the weight for this camera,PRESENT_X,CAMERA_3,S_ANSWERS_QUESTION_ABOUT_FEATURE,CAMERA_3,weight,This one weighs 820 grams.,PRESENT_X,CAMERA_3,16~25
250,6,CAMERA_3,['CAMERA_3'],"{'CAMERA_1': [], 'CAMERA_2': [], 'CAMERA_3': ['price', 'weight', 'camera_type']}",C_SILENT_OR_BACKCHANNEL,CAMERA_3,NONE,I see,PRESENT_X,CAMERA_3,S_INTRODUCES_FEATURE,CAMERA_3,camera_type,This is a point and shoot camera.,PRESENT_X,CAMERA_3,10~25
250,7,CAMERA_3,['CAMERA_3'],"{'CAMERA_1': [], 'CAMERA_2': [], 'CAMERA_3': ['price', 'weight', 'camera_type', 'effects']}",C_QUESTION_ABOUT_FEATURE,CAMERA_3,effects,okay that's a record and how many of those effects does it have,PRESENT_X,CAMERA_3,S_ANSWERS_QUESTION_ABOUT_FEATURE,CAMERA_3,effects,"This one has 21 photo effects (small face, retro, big eyes, etc.).",PRESENT_X,CAMERA_3,13~65
250,8,CAMERA_2,"['CAMERA_3', 'CAMERA_2']","{'CAMERA_1': [], 'CAMERA_2': [], 'CAMERA_3': ['price', 'weight', 'camera_type', 'effects']}",C_ANYTHING_ELSE_AVAILABLE,CAMERA_3,NONE,ok do you have any other cameras,PRESENT_X,CAMERA_3,S_INTRODUCES_CAMERA,CAMERA_2,,Let me show you this. Here we have the Fujifilm Lumix ILC Camera.,PRESENT_X,CAMERA_2,39~64
250,9,CAMERA_2,"['CAMERA_3', 'CAMERA_2']","{'CAMERA_1': [], 'CAMERA_2': ['settings'], 'CAMERA_3': ['price', 'weight', 'camera_type', 'effects']}",C_QUESTION_ABOUT_FEATURE,CAMERA_2,settings,and the manual settings how many manual settings does it have,PRESENT_X,CAMERA_2,S_ANSWERS_QUESTION_ABOUT_FEATURE,CAMERA_2,settings,"This one has manual control and various automatic settings (video modeburst shooting, etc.).",PRESENT_X,CAMERA_2,13~91
250,10,CAMERA_1,"['CAMERA_3', 'CAMERA_2', 'CAMERA_1']","{'CAMERA_1': [], 'CAMERA_2': ['settings'], 'CAMERA_3': ['price', 'weight', 'camera_type', 'effects']}",C_ANYTHING_ELSE_AVAILABLE,CAMERA_2,NONE,do you have any other cameras like this,PRESENT_X,CAMERA_2,S_INTRODUCES_CAMERA,CAMERA_1,,Let me show you this. Here we have the Sony PowerShot ELPH DMC-ZS3.,PRESENT_X,CAMERA_1,39~66
250,11,CAMERA_1,"['CAMERA_3', 'CAMERA_2', 'CAMERA_1']","{'CAMERA_1': ['resolution'], 'CAMERA_2': ['settings'], 'CAMERA_3': ['price', 'weight', 'camera_type', 'effects']}",C_QUESTION_ABOUT_FEATURE,CAMERA_1,resolution,I said he's got the glamour of a touch affect what what does that mean,PRESENT_X,CAMERA_1,S_ANSWERS_QUESTION_ABOUT_FEATURE,CAMERA_1,resolution,This one has 17.8 megapixels resolution.,PRESENT_X,CAMERA_1,13~28
250,12,CAMERA_1,"['CAMERA_3', 'CAMERA_2', 'CAMERA_1']","{'CAMERA_1': ['resolution', 'autofocus_points'], 'CAMERA_2': ['settings'], 'CAMERA_3': ['price', 'weight', 'camera_type', 'effects']}",C_SILENT_OR_BACKCHANNEL,CAMERA_1,NONE,ok is this camera really nice,PRESENT_X,CAMERA_1,S_INTRODUCES_FEATURE,CAMERA_1,autofocus_points,This one has 135 autofocus points.,PRESENT_X,CAMERA_1,13~33
250,13,CAMERA_1,"['CAMERA_3', 'CAMERA_2', 'CAMERA_1']","{'CAMERA_1': ['resolution', 'autofocus_points', 'optical_zoom'], 'CAMERA_2': ['settings'], 'CAMERA_3': ['price', 'weight', 'camera_type', 'effects']}",C_SILENT_OR_BACKCHANNEL,CAMERA_1,NONE,that sounds great although having a look for myself and diamonds and,PRESENT_X,CAMERA_1,S_INTRODUCES_FEATURE,CAMERA_1,optical_zoom,This one has 21x optical zoom.,PRESENT_X,CAMERA_1,13~29
250,14,,"['CAMERA_3', 'CAMERA_2', 'CAMERA_1']","{'CAMERA_1': ['resolution', 'autofocus_points', 'optical_zoom'], 'CAMERA_2': ['settings'], 'CAMERA_3': ['price', 'weight', 'camera_type', 'effects']}",C_ANYTHING_ELSE_AVAILABLE,CAMERA_1,NONE,ok do you have any other cameras that can just look at,PRESENT_X,CAMERA_1,S_THATS_ALL_WE_HAVE_AVAILABLE,CAMERA_1,,That's all we have available at the moment.,PRESENT_X,CAMERA_1,
250,15,NONE,"['CAMERA_3', 'CAMERA_2', 'CAMERA_1']","{'CAMERA_1': ['resolution', 'autofocus_points', 'optical_zoom'], 'CAMERA_2': ['settings'], 'CAMERA_3': ['price', 'weight', 'camera_type', 'effects']}",C_THANK_YOU,CAMERA_1,NONE,okay okay okay thank you,PRESENT_X,CAMERA_1,S_THANK_YOU,CAMERA_1,NONE,thank you very much.,FACE_TO_FACE,NONE,
250,16,NONE,"['CAMERA_3', 'CAMERA_2', 'CAMERA_1']","{'CAMERA_1': ['resolution', 'autofocus_points', 'optical_zoom'], 'CAMERA_2': ['settings'], 'CAMERA_3': ['price', 'weight', 'camera_type', 'effects']}",C_LEAVES,DOOR,NONE,,FACE_TO_FACE,NONE,S_RETURNS_TO_COUNTER,SERVICE_COUNTER,NONE,,WAITING,NONE,
251,1,NONE,[],"{'CAMERA_1': [], 'CAMERA_2': [], 'CAMERA_3': []}",C_ENTERS,DOOR,NONE,,WAITING,NONE,S_NONE,SERVICE_COUNTER,NONE,,WAITING,NONE,
251,2,NONE,[],"{'CAMERA_1': [], 'CAMERA_2': [], 'CAMERA_3': []}",C_GREETS,MIDDLE,NONE,excuse me,WAITING,NONE,S_GREETS,MIDDLE,NONE,can I help you?,FACE_TO_FACE,NONE,
251,3,CAMERA_1,['CAMERA_1'],"{'CAMERA_1': [], 'CAMERA_2': [], 'CAMERA_3': []}",C_LOOKING_FOR_A_CAMERA,MIDDLE,NONE,I have a smartphone but I'm not smart enough to use it,FACE_TO_FACE,NONE,S_INTRODUCES_CAMERA,CAMERA_1,,Let me show you this. Here we have the Sony PowerShot ELPH DMC-ZS3.,PRESENT_X,CAMERA_1,39~66
251,4,CAMERA_1,['CAMERA_1'],"{'CAMERA_1': ['settings'], 'CAMERA_2': [], 'CAMERA_3': []}",C_QUESTION_ABOUT_FEATURE,CAMERA_1,settings,is this full manual camera,PRESENT_X,CAMERA_1,S_ANSWERS_QUESTION_ABOUT_FEATURE,CAMERA_1,settings,This one has limited manual settings.,PRESENT_X,CAMERA_1,13~36
251,5,CAMERA_3,"['CAMERA_1', 'CAMERA_3']","{'CAMERA_1': ['settings'], 'CAMERA_2': [], 'CAMERA_3': []}",C_ANYTHING_ELSE_AVAILABLE,CAMERA_1,NONE,do you have any other cameras that are in this kind,PRESENT_X,CAMERA_1,S_INTRODUCES_CAMERA,CAMERA_3,,Let me show you this. Here we have the Fujifilm PowerShot ELPH S2800.,PRESENT_X,CAMERA_3,39~68
251,6,CAMERA_3,"['CAMERA_1', 'CAMERA_3']","{'CAMERA_1': ['settings'], 'CAMERA_2': [], 'CAMERA_3': ['weight']}",C_QUESTION_ABOUT_FEATURE,CAMERA_3,weight,oh I see what about the weight of this one,PRESENT_X,CAMERA_3,S_ANSWERS_QUESTION_ABOUT_FEATURE,CAMERA_3,weight,This one weighs 820 grams.,PRESENT_X,CAMERA_3,16~25
251,7,CAMERA_3,"['CAMERA_1', 'CAMERA_3']","{'CAMERA_1': ['settings'], 'CAMERA_2': [], 'CAMERA_3': ['weight', 'ISO']}",C_SILENT_OR_BACKCHANNEL,CAMERA_3,NONE,okay,PRESENT_X,CAMERA_3,S_INTRODUCES_FEATURE,CAMERA_3,ISO,This one has up to 3200 ISO with little noise.,PRESENT_X,CAMERA_3,13~45
251,8,CAMERA_3,"['CAMERA_1', 'CAMERA_3']","{'CAMERA_1': ['settings'], 'CAMERA_2': [], 'CAMERA_3': ['weight', 'ISO', 'effects']}",C_SILENT_OR_BACKCHANNEL,CAMERA_3,NONE,IC,PRESENT_X,CAMERA_3,S_INTRODUCES_FEATURE,CAMERA_3,effects,"This one has 21 photo effects (small face, retro, big eyes, etc.).",PRESENT_X,CAMERA_3,13~65
251,9,CAMERA_3,"['CAMERA_1', 'CAMERA_3']","{'CAMERA_1': ['settings'], 'CAMERA_2': [], 'CAMERA_3': ['weight', 'ISO', 'effects', 'camera_type']}",C_SILENT_OR_BACKCHANNEL,CAMERA_3,NONE,okay,PRESENT_X,CAMERA_3,S_INTRODUCES_FEATURE,CAMERA_3,camera_type,This is a point and shoot camera.,PRESENT_X,CAMERA_3,10~25
251,10,CAMERA_3,"['CAMERA_1', 'CAMERA_3']","{'CAMERA_1': ['settings'], 'CAMERA_2': [], 'CAMERA_3': ['weight', 'ISO', 'effects', 'camera_type', 'long_exposure']}",C_SILENT_OR_BACKCHANNEL,CAMERA_3,NONE,IC,PRESENT_X,CAMERA_3,S_INTRODUCES_FEATURE,CAMERA_3,long_exposure,This one can take long exposures up to 30 minutes max with bulb mode.,PRESENT_X,CAMERA_3,39~68
251,11,CAMERA_3,"['CAMERA_1', 'CAMERA_3']","{'CAMERA_1': ['settings'], 'CAMERA_2': [], 'CAMERA_3': ['weight', 'ISO', 'effects', 'camera_type', 'long_exposure', 'color']}",C_QUESTION_ABOUT_FEATURE,CAMERA_3,color,that sounds a bit heavy does it come in any other colors,PRESENT_X,CAMERA_3,S_ANSWERS_QUESTION_ABOUT_FEATURE,CAMERA_3,color,"This one comes in purple, white, silver, blue, red, or pink.",PRESENT_X,CAMERA_3,18~59
251,12,CAMERA_3,"['CAMERA_1', 'CAMERA_3']","{'CAMERA_1': ['settings'], 'CAMERA_2': [], 'CAMERA_3': ['weight', 'ISO', 'effects', 'camera_type', 'long_exposure', 'color', 'settings']}",C_QUESTION_ABOUT_FEATURE,CAMERA_3,settings,what about the settings,PRESENT_X,CAMERA_3,S_ANSWERS_QUESTION_ABOUT_FEATURE,CAMERA_3,settings,"This one has manual control and various automatic settings (video modeburst shooting, etc.).",PRESENT_X,CAMERA_3,13~91
251,13,CAMERA_3,"['CAMERA_1', 'CAMERA_3']","{'CAMERA_1': ['settings'], 'CAMERA_2': [], 'CAMERA_3': ['weight', 'ISO', 'effects', 'camera_type', 'long_exposure', 'color', 'settings', 'autofocus_points']}",C_QUESTION_ABOUT_FEATURE,CAMERA_3,autofocus_points,how to focus points of this camera have,PRESENT_X,CAMERA_3,S_ANSWERS_QUESTION_ABOUT_FEATURE,CAMERA_3,autofocus_points,This one has 214 autofocus points.,PRESENT_X,CAMERA_3,13~33
251,14,CAMERA_3,"['CAMERA_1', 'CAMERA_3']","{'CAMERA_1': ['settings'], 'CAMERA_2': [], 'CAMERA_3': ['weight', 'ISO', 'effects', 'camera_type', 'long_exposure', 'color', 'settings', 'autofocus_points', 'price']}",C_QUESTION_ABOUT_FEATURE,CAMERA_3,price,it looks kind of expensive,PRESENT_X,CAMERA_3,S_ANSWERS_QUESTION_ABOUT_FEATURE,CAMERA_3,price,This one costs $518.,PRESENT_X,CAMERA_3,15~19
251,15,CAMERA_3,"['CAMERA_1', 'CAMERA_3']","{'CAMERA_1': ['settings'], 'CAMERA_2': [], 'CAMERA_3': ['weight', 'ISO', 'effects', 'camera_type', 'long_exposure', 'color', 'settings', 'autofocus_points', 'price', 'resolution']}",C_SILENT_OR_BACKCHANNEL,CAMERA_3,NONE,that's not bad,PRESENT_X,CAMERA_3,S_INTRODUCES_FEATURE,CAMERA_3,resolution,This one has 23.2 megapixels resolution.,PRESENT_X,CAMERA_3,13~28
251,16,NONE,"['CAMERA_1', 'CAMERA_3']","{'CAMERA_1': ['settings'], 'CAMERA_2': [], 'CAMERA_3': ['weight', 'ISO', 'effects', 'camera_type', 'long_exposure', 'color', 'settings', 'autofocus_points', 'price', 'resolution']}",C_THANK_YOU,CAMERA_3,NONE,okay thanks,PRESENT_X,CAMERA_3,S_THANK_YOU,CAMERA_3,NONE,thank you very much.,FACE_TO_FACE,NONE,
251,17,NONE,"['CAMERA_1', 'CAMERA_3']","{'CAMERA_1': ['settings'], 'CAMERA_2': [], 'CAMERA_3': ['weight', 'ISO', 'effects', 'camera_type', 'long_exposure', 'color', 'settings', 'autofocus_points', 'price', 'resolution']}",C_LEAVES,DOOR,NONE,,FACE_TO_FACE,NONE,S_RETURNS_TO_COUNTER,SERVICE_COUNTER,NONE,,WAITING,NONE,
252,1,NONE,[],"{'CAMERA_1': [], 'CAMERA_2': [], 'CAMERA_3': []}",C_ENTERS,DOOR,NONE,,WAITING,NONE,S_NONE,SERVICE_COUNTER,NONE,,WAITING,NONE,
252,2,NONE,[],"{'CAMERA_1': [], 'CAMERA_2': [], 'CAMERA_3': []}",C_WALKS_TO_CAMERA,CAMERA_2,NONE,,WAITING,NONE,S_GREETS,CAMERA_2,NONE,can I help you?,FACE_TO_FACE,NONE,
252,3,CAMERA_2,['CAMERA_2'],"{'CAMERA_1': [], 'CAMERA_2': [], 'CAMERA_3': []}",C_LOOKING_FOR_A_CAMERA,CAMERA_2,NONE,you know I want a good camera can you suggest me,FACE_TO_FACE,NONE,S_INTRODUCES_CAMERA,CAMERA_2,,Let me show you this. Here we have the Fujifilm Lumix ILC Camera.,PRESENT_X,CAMERA_2,39~64
252,4,CAMERA_2,['CAMERA_2'],"{'CAMERA_1': [], 'CAMERA_2': ['resolution'], 'CAMERA_3': []}",C_SILENT_OR_BACKCHANNEL,CAMERA_2,NONE,IC,PRESENT_X,CAMERA_2,S_INTRODUCES_FEATURE,CAMERA_2,resolution,This one has 23.8 megapixels resolution.,PRESENT_X,CAMERA_2,13~28
252,5,CAMERA_2,['CAMERA_2'],"{'CAMERA_1': [], 'CAMERA_2': ['resolution', 'price'], 'CAMERA_3': []}",C_SILENT_OR_BACKCHANNEL,CAMERA_2,NONE,wow that's pretty expensive is there a payment plan,PRESENT_X,CAMERA_2,S_INTRODUCES_FEATURE,CAMERA_2,price,This one costs $768.,PRESENT_X,CAMERA_2,15~19
252,6,CAMERA_2,['CAMERA_2'],"{'CAMERA_1': [], 'CAMERA_2': ['resolution', 'price', 'optical_zoom'], 'CAMERA_3': []}",C_QUESTION_ABOUT_FEATURE,CAMERA_2,optical_zoom,ok perfect for my budget okay do you know the optical zoom range,PRESENT_X,CAMERA_2,S_ANSWERS_QUESTION_ABOUT_FEATURE,CAMERA_2,optical_zoom,This one has 21x optical zoom.,PRESENT_X,CAMERA_2,13~29
252,7,CAMERA_2,['CAMERA_2'],"{'CAMERA_1': [], 'CAMERA_2': ['resolution', 'price', 'optical_zoom', 'weight'], 'CAMERA_3': []}",C_QUESTION_ABOUT_FEATURE,CAMERA_2,weight,yeah looks going to wait how much does it weigh,PRESENT_X,CAMERA_2,S_ANSWERS_QUESTION_ABOUT_FEATURE,CAMERA_2,weight,This one weighs 820 grams.,PRESENT_X,CAMERA_2,16~25
252,8,CAMERA_2,['CAMERA_2'],"{'CAMERA_1': [], 'CAMERA_2': ['resolution', 'price', 'optical_zoom', 'weight', 'color'], 'CAMERA_3': []}",C_QUESTION_ABOUT_FEATURE,CAMERA_2,color,what color do you have,PRESENT_X,CAMERA_2,S_ANSWERS_QUESTION_ABOUT_FEATURE,CAMERA_2,color,This one comes in white or pink.,PRESENT_X,CAMERA_2,18~31
252,9,NONE,['CAMERA_2'],"{'CAMERA_1': [], 'CAMERA_2': ['resolution', 'price', 'optical_zoom', 'weight', 'color'], 'CAMERA_3': []}",C_THANK_YOU,CAMERA_2,NONE,okay thank you,PRESENT_X,CAMERA_2,S_THANK_YOU,CAMERA_2,NONE,thank you very much.,FACE_TO_FACE,NONE,
252,10,NONE,['CAMERA_2'],"{'CAMERA_1': [], 'CAMERA_2': ['resolution', 'price', 'optical_zoom', 'weight', 'color'], 'CAMERA_3': []}",C_LEAVES,DOOR,NONE,,FACE_TO_FACE,NONE,S_RETURNS_TO_COUNTER,SERVICE_COUNTER,NONE,,WAITING,NONE,
253,1,NONE,[],"{'CAMERA_1': [], 'CAMERA_2': [], 'CAMERA_3': []}",C_ENTERS,DOOR,NONE,,WAITING,NONE,S_NONE,SERVICE_COUNTER,NONE,,WAITING,NONE,
253,2,NONE,[],"{'CAMERA_1': [], 'CAMERA_2': [], 'CAMERA_3': []}",C_WALKS_TO_CAMERA,CAMERA_1,NONE,,WAITING,NONE,S_GREETS,CAMERA_1,NONE,can I help you?,FACE_TO_FACE,NONE,
253,3,CAMERA_3,['CAMERA_3'],"{'CAMERA_1': [], 'CAMERA_2': [], 'CAMERA_3': []}",C_LOOKING_FOR_A_CAMERA,CAMERA_1,NONE,well I am looking for a camera but I'm not sure what to buy,FACE_TO_FACE,NONE,S_INTRODUCES_CAMERA,CAMERA_3,,Let me show you this. Here we have the Fujifilm PowerShot ELPH S2800.,PRESENT_X,CAMERA_3,39~68
253,4,CAMERA_3,['CAMERA_3'],"{'CAMERA_1': [], 'CAMERA_2': [], 'CAMERA_3': ['price']}",C_SILENT_OR_BACKCHANNEL,CAMERA_3,NONE,wow,PRESENT_X,CAMERA_3,S_INTRODUCES_FEATURE,CAMERA_3,price,This one costs $518.,PRESENT_X,CAMERA_3,15~19
253,5,CAMERA_3,['CAMERA_3'],"{'CAMERA_1': [], 'CAMERA_2': [], 'CAMERA_3': ['price', 'sensor_size']}",C_QUESTION_ABOUT_FEATURE,CAMERA_3,sensor_size,and the sensor size what what's the size of the sensor,PRESENT_X,CAMERA_3,S_ANSWERS_QUESTION_ABOUT_FEATURE,CAMERA_3,sensor_size,This one has a full frame.,PRESENT_X,CAMERA_3,15~25
253,6,CAMERA_3,['CAMERA_3'],"{'CAMERA_1': [], 'CAMERA_2': [], 'CAMERA_3': ['price', 'sensor_size', 'resolution']}",C_QUESTION_ABOUT_FEATURE,CAMERA_3,resolution,how many megapixels does this camera have,PRESENT_X,CAMERA_3,S_ANSWERS_QUESTION_ABOUT_FEATURE,CAMERA_3,resolution,This one has 23.2 megapixels resolution.,PRESENT_X,CAMERA_3,13~28
253,7,CAMERA_3,['CAMERA_3'],"{'CAMERA_1': [], 'CAMERA_2': [], 'CAMERA_3': ['price', 'sensor_size', 'resolution', 'long_exposure']}",C_SILENT_OR_BACKCHANNEL,CAMERA_3,NONE,wow that's pretty advanced technology what about the price,PRESENT_X,CAMERA_3,S_INTRODUCES_FEATURE,CAMERA_3,long_exposure,This one can take long exposures up to 30 minutes max with bulb mode.,PRESENT_X,CAMERA_3,39~68
253,8,CAMERA_3,['CAMERA_3'],"{'CAMERA_1': [], 'CAMERA_2': [], 'CAMERA_3': ['price', 'sensor_size', 'resolution', 'long_exposure', 'weight']}",C_SILENT_OR_BACKCHANNEL,CAMERA_3,NONE,ok,PRESENT_X,CAMERA_3,S_INTRODUCES_FEATURE,CAMERA_3,weight,This one weighs 820 grams.,PRESENT_X,CAMERA_3,16~25
253,9,CAMERA_3,['CAMERA_3'],"{'CAMERA_1': [], 'CAMERA_2': [], 'CAMERA_3': ['price', 'sensor_size', 'resolution', 'long_exposure', 'weight', 'optical_zoom']}",C_QUESTION_ABOUT_FEATURE,CAMERA_3,optical_zoom,how far does the zoom on this one go,PRESENT_X,CAMERA_3,S_NOT_SURE,CAMERA_3,,I'm not really sure about that.,PRESENT_X,CAMERA_3,
253,10,CAMERA_3,['CAMERA_3'],"{'CAMERA_1': [], 'CAMERA_2': [], 'CAMERA_3': ['price', 'sensor_size', 'resolution', 'long_exposure', 'weight', 'optical_zoom', 'color']}",C_QUESTION_ABOUT_FEATURE,CAMERA_3,color,silver so boring though this come in any other colors,PRESENT_X,CAMERA_3,S_ANSWERS_QUESTION_ABOUT_FEATURE,CAMERA_3,color,"This one comes in purple, white, silver, blue, red, or pink.",PRESENT_X,CAMERA_3,18~59
253,11,CAMERA_3,['CAMERA_3'],"{'CAMERA_1': [], 'CAMERA_2': [], 'CAMERA_3': ['price', 'sensor_size', 'resolution', 'long_exposure', 'weight', 'optical_zoom', 'color', 'preset_modes']}",C_SILENT_OR_BACKCHANNEL,CAMERA_3,NONE,I see,PRESENT_X,CAMERA_3,S_INTRODUCES_FEATURE,CAMERA_3,preset_modes,This one has various preset modes.,PRESENT_X,CAMERA_3,13~33
253,12,CAMERA_2,"['CAMERA_3', 'CAMERA_2']","{'CAMERA_1': [], 'CAMERA_2': [], 'CAMERA_3': ['price', 'sensor_size', 'resolution', 'long_exposure', 'weight', 'optical_zoom', 'color', 'preset_modes']}",C_ANYTHING_ELSE_AVAILABLE,CAMERA_3,NONE,can you recommend another camera similar to this,PRESENT_X,CAMERA_3,S_INTRODUCES_CAMERA,CAMERA_2,,Let me show you this. Here we have the Fujifilm Lumix ILC Camera.,PRESENT_X,CAMERA_2,39~64
253,13,CAMERA_2,"['CAMERA_3', 'CAMERA_2']","{'CAMERA_1': [], 'CAMERA_2': ['preset_modes'], 'CAMERA_3': ['price', 'sensor_size', 'resolution', 'long_exposure', 'weight', 'optical_zoom', 'color', 'preset_modes']}",C_QUESTION_ABOUT_FEATURE,CAMERA_2,preset_modes,what about the modes,PRESENT_X,CAMERA_2,S_NOT_SURE,CAMERA_2,,I'm not really sure about that.,PRESENT_X,CAMERA_2,
253,14,CAMERA_1,"['CAMERA_3', 'CAMERA_2', 'CAMERA_1']","{'CAMERA_1': [], 'CAMERA_2': ['preset_modes'], 'CAMERA_3': ['price', 'sensor_size', 'resolution', 'long_exposure', 'weight', 'optical_zoom', 'color', 'preset_modes']}",C_ANYTHING_ELSE_AVAILABLE,CAMERA_2,NONE,oh I see that's very interesting do you have any other cameras that you can recommend me,PRESENT_X,CAMERA_2,S_INTRODUCES_CAMERA,CAMERA_1,,Let me show you this. Here we have the Sony PowerShot ELPH DMC-ZS3.,PRESENT_X,CAMERA_1,39~66
253,15,CAMERA_1,"['CAMERA_3', 'CAMERA_2', 'CAMERA_1']","{'CAMERA_1': ['effects'], 'CAMERA_2': ['preset_modes'], 'CAMERA_3': ['price', 'sensor_size', 'resolution', 'long_exposure', 'weight', 'optical_zoom', 'color', 'preset_modes']}",C_SILENT_OR_BACKCHANNEL,CAMERA_1,NONE,IC,PRESENT_X,CAMERA_1,S_INTRODUCES_FEATURE,CAMERA_1,effects,"This one has 24 glamor retouch effects (miniature, retro, toy camera, etc.).",PRESENT_X,CAMERA_1,13~75
253,16,,"['CAMERA_3', 'CAMERA_2', 'CAMERA_1']","{'CAMERA_1': ['effects'], 'CAMERA_2': ['preset_modes'], 'CAMERA_3': ['price', 'sensor_size', 'resolution', 'long_exposure', 'weight', 'optical_zoom', 'color', 'preset_modes']}",C_ANYTHING_ELSE_AVAILABLE,CAMERA_1,NONE,do you have anything better than this,PRESENT_X,CAMERA_1,S_THATS_ALL_WE_HAVE_AVAILABLE,CAMERA_1,,That's all we have available at the moment.,PRESENT_X,CAMERA_1,
253,17,NONE,"['CAMERA_3', 'CAMERA_2', 'CAMERA_1']","{'CAMERA_1': ['effects'], 'CAMERA_2': ['preset_modes'], 'CAMERA_3': ['price', 'sensor_size', 'resolution', 'long_exposure', 'weight', 'optical_zoom', 'color', 'preset_modes']}",C_THANK_YOU,CAMERA_1,NONE,thank you very much,PRESENT_X,CAMERA_1,S_THANK_YOU,CAMERA_1,NONE,thank you very much.,FACE_TO_FACE,NONE,
253,18,NONE,"['CAMERA_3', 'CAMERA_2', 'CAMERA_1']","{'CAMERA_1': ['effects'], 'CAMERA_2': ['preset_modes'], 'CAMERA_3': ['price', 'sensor_size', 'resolution', 'long_exposure', 'weight', 'optical_zoom', 'color', 'preset_modes']}",C_LEAVES,DOOR,NONE,,FACE_TO_FACE,NONE,S_RETURNS_TO_COUNTER,SERVICE_COUNTER,NONE,,WAITING,NONE,
254,1,NONE,[],"{'CAMERA_1': [], 'CAMERA_2': [], 'CAMERA_3': []}",C_ENTERS,DOOR,NONE,,WAITING,NONE,S_NONE,SERVICE_COUNTER,NONE,,WAITING,NONE,
254,2,NONE,[],"{'CAMERA_1': [], 'CAMERA_2': [], 'CAMERA_3': []}",C_GREETS,MIDDLE,NONE,excuse me,WAITING,NONE,S_GREETS,MIDDLE,NONE,can I help you?,FACE_TO_FACE,NONE,
254,3,CAMERA_1,['CAMERA_1'],"{'CAMERA_1': [], 'CAMERA_2': [], 'CAMERA_3': []}",C_LOOKING_FOR_A_CAMERA,MIDDLE,NONE,I'm just browsing around just searching for a camera,FACE_TO_FACE,NONE,S_INTRODUCES_CAMERA,CAMERA_1,,Let me show you this. Here we have the Sony PowerShot ELPH DMC-ZS3.,PRESENT_X,CAMERA_1,39~66
254,4,CAMERA_1,['CAMERA_1'],"{'CAMERA_1': ['price'], 'CAMERA_2': [], 'CAMERA_3': []}",C_QUESTION_ABOUT_FEATURE,CAMERA_1,price,okay 950 grams of the body only and what is the price on this,PRESENT_X,CAMERA_1,S_ANSWERS_QUESTION_ABOUT_FEATURE,CAMERA_1,price,This one costs $450.,PRESENT_X,CAMERA_1,15~19
254,5,CAMERA_1,['CAMERA_1'],"{'CAMERA_1': ['price', 'long_exposure'], 'CAMERA_2': [], 'CAMERA_3': []}",C_SILENT_OR_BACKCHANNEL,CAMERA_1,NONE,nice what's the pricing on it,PRESENT_X,CAMERA_1,S_INTRODUCES_FEATURE,CAMERA_1,long_exposure,This one can take long exposures up to up to 15 seconds with Long Shutter Mode.,PRESENT_X,CAMERA_1,39~78
254,6,CAMERA_1,['CAMERA_1'],"{'CAMERA_1': ['price', 'long_exposure', 'settings'], 'CAMERA_2': [], 'CAMERA_3': []}",C_QUESTION_ABOUT_FEATURE,CAMERA_1,settings,Honeywell settings,PRESENT_X,CAMERA_1,S_ANSWERS_QUESTION_ABOUT_FEATURE,CAMERA_1,settings,This one has limited manual settings.,PRESENT_X,CAMERA_1,13~36
254,7,CAMERA_1,['CAMERA_1'],"{'CAMERA_1': ['price', 'long_exposure', 'settings', 'autofocus_points'], 'CAMERA_2': [], 'CAMERA_3': []}",C_SILENT_OR_BACKCHANNEL,CAMERA_1,NONE,IC,PRESENT_X,CAMERA_1,S_INTRODUCES_FEATURE,CAMERA_1,autofocus_points,This one has 135 autofocus points.,PRESENT_X,CAMERA_1,13~33
254,8,CAMERA_1,['CAMERA_1'],"{'CAMERA_1': ['price', 'long_exposure', 'settings', 'autofocus_points', 'ISO'], 'CAMERA_2': [], 'CAMERA_3': []}",C_SILENT_OR_BACKCHANNEL,CAMERA_1,NONE,that's nice how much is it,PRESENT_X,CAMERA_1,S_INTRODUCES_FEATURE,CAMERA_1,ISO,This one has up to 51200 ISO.,PRESENT_X,CAMERA_1,13~28
254,9,CAMERA_1,['CAMERA_1'],"{'CAMERA_1': ['price', 'long_exposure', 'settings', 'autofocus_points', 'ISO', 'sensor_size'], 'CAMERA_2': [], 'CAMERA_3': []}",C_QUESTION_ABOUT_FEATURE,CAMERA_1,sensor_size,and the sensor size,PRESENT_X,CAMERA_1,S_ANSWERS_QUESTION_ABOUT_FEATURE,CAMERA_1,sensor_size,This one has a 1/2.3 inch CMOS sensor.,PRESENT_X,CAMERA_1,15~37
254,10,CAMERA_1,['CAMERA_1'],"{'CAMERA_1': ['price', 'long_exposure', 'settings', 'autofocus_points', 'ISO', 'sensor_size', 'camera_type'], 'CAMERA_2': [], 'CAMERA_3': []}",C_QUESTION_ABOUT_FEATURE,CAMERA_1,camera_type,is this a DSLR camera,PRESENT_X,CAMERA_1,S_ANSWERS_QUESTION_ABOUT_FEATURE,CAMERA_1,camera_type,This is a DSLR camera.,PRESENT_X,CAMERA_1,10~14
254,11,CAMERA_1,['CAMERA_1'],"{'CAMERA_1': ['price', 'long_exposure', 'settings', 'autofocus_points', 'ISO', 'sensor_size', 'camera_type', 'weight'], 'CAMERA_2': [], 'CAMERA_3': []}",C_SILENT_OR_BACKCHANNEL,CAMERA_1,NONE,okay that's great to know so two thousand dollars how much do the lenses go for,PRESENT_X,CAMERA_1,S_INTRODUCES_FEATURE,CAMERA_1,weight,This one weighs 800 grams.,PRESENT_X,CAMERA_1,16~25
254,12,CAMERA_3,"['CAMERA_1', 'CAMERA_3']","{'CAMERA_1': ['price', 'long_exposure', 'settings', 'autofocus_points', 'ISO', 'sensor_size', 'camera_type', 'weight'], 'CAMERA_2': [], 'CAMERA_3': []}",C_ANYTHING_ELSE_AVAILABLE,CAMERA_1,NONE,So this is the only model you have in your shop,PRESENT_X,CAMERA_1,S_INTRODUCES_CAMERA,CAMERA_3,,Let me show you this. Here we have the Fujifilm PowerShot ELPH S2800.,PRESENT_X,CAMERA_3,39~68
254,13,CAMERA_3,"['CAMERA_1', 'CAMERA_3']","{'CAMERA_1': ['price', 'long_exposure', 'settings', 'autofocus_points', 'ISO', 'sensor_size', 'camera_type', 'weight'], 'CAMERA_2': [], 'CAMERA_3': ['autofocus_points']}",C_QUESTION_ABOUT_FEATURE,CAMERA_3,autofocus_points,how many autofocus points does it have,PRESENT_X,CAMERA_3,S_ANSWERS_QUESTION_ABOUT_FEATURE,CAMERA_3,autofocus_points,This one has 214 autofocus points.,PRESENT_X,CAMERA_3,13~33
254,14,CAMERA_3,"['CAMERA_1', 'CAMERA_3']","{'CAMERA_1': ['price', 'long_exposure', 'settings', 'autofocus_points', 'ISO', 'sensor_size', 'camera_type', 'weight'], 'CAMERA_2': [], 'CAMERA_3': ['autofocus_points', 'preset_modes']}",C_SILENT_OR_BACKCHANNEL,CAMERA_3,NONE,good,PRESENT_X,CAMERA_3,S_INTRODUCES_FEATURE,CAMERA_3,preset_modes,This one has various preset modes.,PRESENT_X,CAMERA_3,13~33
254,15,NONE,"['CAMERA_1', 'CAMERA_3']","{'CAMERA_1': ['price', 'long_exposure', 'settings', 'autofocus_points', 'ISO', 'sensor_size', 'camera_type', 'weight'], 'CAMERA_2': [], 'CAMERA_3': ['autofocus_points', 'preset_modes']}",C_THANK_YOU,CAMERA_3,NONE,thank you for your help today,PRESENT_X,CAMERA_3,S_THANK_YOU,CAMERA_3,NONE,thank you very much.,FACE_TO_FACE,NONE,
254,16,NONE,"['CAMERA_1', 'CAMERA_3']","{'CAMERA_1': ['price', 'long_exposure', 'settings', 'autofocus_points', 'ISO', 'sensor_size', 'camera_type', 'weight'], 'CAMERA_2': [], 'CAMERA_3': ['autofocus_points', 'preset_modes']}",C_LEAVES,DOOR,NONE,,FACE_TO_FACE,NONE,S_RETURNS_TO_COUNTER,SERVICE_COUNTER,NONE,,WAITING,NONE,
255,1,NONE,[],"{'CAMERA_1': [], 'CAMERA_2': [], 'CAMERA_3': []}",C_ENTERS,DOOR,NONE,,WAITING,NONE,S_NONE,SERVICE_COUNTER,NONE,,WAITING,NONE,
255,2,NONE,[],"{'CAMERA_1': [], 'CAMERA_2': [], 'CAMERA_3': []}",C_GREETS,MIDDLE,NONE,sorry I ask you something,WAITING,NONE,S_GREETS,MIDDLE,NONE,can I help you?,FACE_TO_FACE,NONE,
255,3,CAMERA_3,['CAMERA_3'],"{'CAMERA_1': [], 'CAMERA_2': [], 'CAMERA_3': []}",C_LOOKING_FOR_A_CAMERA,MIDDLE,NONE,I am looking to buy a body camera end SLR my gracious break so I was wondering if you had anything like that,FACE_TO_FACE,NONE,S_INTRODUCES_CAMERA,CAMERA_3,,Let me show you this. Here we have the Fujifilm PowerShot ELPH S2800.,PRESENT_X,CAMERA_3,39~68
255,4,CAMERA_3,['CAMERA_3'],"{'CAMERA_1': [], 'CAMERA_2': [], 'CAMERA_3': ['sensor_size']}",C_SILENT_OR_BACKCHANNEL,CAMERA_3,NONE,okay,PRESENT_X,CAMERA_3,S_INTRODUCES_FEATURE,CAMERA_3,sensor_size,This one has a full frame.,PRESENT_X,CAMERA_3,15~25
255,5,CAMERA_2,"['CAMERA_3', 'CAMERA_2']","{'CAMERA_1': [], 'CAMERA_2': [], 'CAMERA_3': ['sensor_size']}",C_ANYTHING_ELSE_AVAILABLE,CAMERA_3,NONE,that's good that's okay I like it when do you have other models in this area,PRESENT_X,CAMERA_3,S_INTRODUCES_CAMERA,CAMERA_2,,Let me show you this. Here we have the Fujifilm Lumix ILC Camera.,PRESENT_X,CAMERA_2,39~64
255,6,CAMERA_2,"['CAMERA_3', 'CAMERA_2']","{'CAMERA_1': [], 'CAMERA_2': ['ISO'], 'CAMERA_3': ['sensor_size']}",C_QUESTION_ABOUT_FEATURE,CAMERA_2,ISO,ok what about the I don't know what the ISO,PRESENT_X,CAMERA_2,S_NOT_SURE,CAMERA_2,,I'm not really sure about that.,PRESENT_X,CAMERA_2,
255,7,CAMERA_2,"['CAMERA_3', 'CAMERA_2']","{'CAMERA_1': [], 'CAMERA_2': ['ISO', 'color'], 'CAMERA_3': ['sensor_size']}",C_QUESTION_ABOUT_FEATURE,CAMERA_2,color,great and do you have any discolor or are there any other colors,PRESENT_X,CAMERA_2,S_ANSWERS_QUESTION_ABOUT_FEATURE,CAMERA_2,color,This one comes in white or pink.,PRESENT_X,CAMERA_2,18~31
255,8,CAMERA_2,"['CAMERA_3', 'CAMERA_2']","{'CAMERA_1': [], 'CAMERA_2': ['ISO', 'color', 'effects'], 'CAMERA_3': ['sensor_size']}",C_QUESTION_ABOUT_FEATURE,CAMERA_2,effects,I don't sense as a cystic effect mode what does that do,PRESENT_X,CAMERA_2,S_ANSWERS_QUESTION_ABOUT_FEATURE,CAMERA_2,effects,"This one has 24 artistic effect modes (retro, lighter or darker skin tones, sepia, etc.).",PRESENT_X,CAMERA_2,13~88
255,9,CAMERA_2,"['CAMERA_3', 'CAMERA_2']","{'CAMERA_1': [], 'CAMERA_2': ['ISO', 'color', 'effects', 'resolution'], 'CAMERA_3': ['sensor_size']}",C_SILENT_OR_BACKCHANNEL,CAMERA_2,NONE,okay,PRESENT_X,CAMERA_2,S_INTRODUCES_FEATURE,CAMERA_2,resolution,This one has 23.8 megapixels resolution.,PRESENT_X,CAMERA_2,13~28
255,10,CAMERA_2,"['CAMERA_3', 'CAMERA_2']","{'CAMERA_1': [], 'CAMERA_2': ['ISO', 'color', 'effects', 'resolution', 'sensor_size'], 'CAMERA_3': ['sensor_size']}",C_QUESTION_ABOUT_FEATURE,CAMERA_2,sensor_size,and the sensor size,PRESENT_X,CAMERA_2,S_ANSWERS_QUESTION_ABOUT_FEATURE,CAMERA_2,sensor_size,This one has a 1/2.33 inch sensor.,PRESENT_X,CAMERA_2,15~33
255,11,CAMERA_2,"['CAMERA_3', 'CAMERA_2']","{'CAMERA_1': [], 'CAMERA_2': ['ISO', 'color', 'effects', 'resolution', 'sensor_size', 'camera_type'], 'CAMERA_3': ['sensor_size']}",C_SILENT_OR_BACKCHANNEL,CAMERA_2,NONE,okay that's good that looks professional and that will impress people,PRESENT_X,CAMERA_2,S_INTRODUCES_FEATURE,CAMERA_2,camera_type,This is a digital single lens mirrorless camera.,PRESENT_X,CAMERA_2,10~40
255,12,NONE,"['CAMERA_3', 'CAMERA_2']","{'CAMERA_1': [], 'CAMERA_2': ['ISO', 'color', 'effects', 'resolution', 'sensor_size', 'camera_type'], 'CAMERA_3': ['sensor_size']}",C_THANK_YOU,CAMERA_2,NONE,okay thank you so much for the help,PRESENT_X,CAMERA_2,S_THANK_YOU,CAMERA_2,NONE,thank you very much.,FACE_TO_FACE,NONE,
255,13,NONE,"['CAMERA_3', 'CAMERA_2']","{'CAMERA_1': [], 'CAMERA_2': ['ISO', 'color', 'effects', 'resolution', 'sensor_size', 'camera_type'], 'CAMERA_3': ['sensor_size']}",C_LEAVES,DOOR,NONE,,FACE_TO_FACE,NONE,S_RETURNS_TO_COUNTER,SERVICE_COUNTER,NONE,,WAITING,NONE,
256,1,NONE,[],"{'CAMERA_1': [], 'CAMERA_2': [], 'CAMERA_3': []}",C_ENTERS,DOOR,NONE,,WAITING,NONE,S_NONE,SERVICE_COUNTER,NONE,,WAITING,NONE,
256,2,NONE,[],"{'CAMERA_1': [], 'CAMERA_2': [], 'CAMERA_3': []}",C_WALKS_TO_CAMERA,CAMERA_1,NONE,,WAITING,NONE,S_GREETS,CAMERA_1,NONE,can I help you?,FACE_TO_FACE,NONE,
256,3,CAMERA_2,['CAMERA_2'],"{'CAMERA_1': [], 'CAMERA_2': [], 'CAMERA_3': []}",C_LOOKING_FOR_A_CAMERA,CAMERA_1,NONE,I'll get off today and I'm just looking around at the moment I'm not really sure what I'm after,FACE_TO_FACE,NONE,S_INTRODUCES_CAMERA,CAMERA_2,,Let me show you this. Here we have the Fujifilm Lumix ILC Camera.,PRESENT_X,CAMERA_2,39~64
256,4,CAMERA_2,['CAMERA_2'],"{'CAMERA_1': [], 'CAMERA_2': ['color'], 'CAMERA_3': []}",C_QUESTION_ABOUT_FEATURE,CAMERA_2,color,when does it come in any other color,PRESENT_X,CAMERA_2,S_ANSWERS_QUESTION_ABOUT_FEATURE,CAMERA_2,color,This one comes in white or pink.,PRESENT_X,CAMERA_2,18~31
256,5,CAMERA_2,['CAMERA_2'],"{'CAMERA_1': [], 'CAMERA_2': ['color', 'optical_zoom'], 'CAMERA_3': []}",C_QUESTION_ABOUT_FEATURE,CAMERA_2,optical_zoom,how good is it for the optical zoom ,PRESENT_X,CAMERA_2,S_ANSWERS_QUESTION_ABOUT_FEATURE,CAMERA_2,optical_zoom,This one has 21x optical zoom.,PRESENT_X,CAMERA_2,13~29
256,6,CAMERA_2,['CAMERA_2'],"{'CAMERA_1': [], 'CAMERA_2': ['color', 'optical_zoom', 'camera_type'], 'CAMERA_3': []}",C_QUESTION_ABOUT_FEATURE,CAMERA_2,camera_type,Is this a mirrorless camera?,PRESENT_X,CAMERA_2,S_ANSWERS_QUESTION_ABOUT_FEATURE,CAMERA_2,camera_type,This is a digital single lens mirrorless camera.,PRESENT_X,CAMERA_2,10~40
256,7,CAMERA_2,['CAMERA_2'],"{'CAMERA_1': [], 'CAMERA_2': ['color', 'optical_zoom', 'camera_type', 'price'], 'CAMERA_3': []}",C_QUESTION_ABOUT_FEATURE,CAMERA_2,price,how much does it cost,PRESENT_X,CAMERA_2,S_ANSWERS_QUESTION_ABOUT_FEATURE,CAMERA_2,price,This one costs $768.,PRESENT_X,CAMERA_2,15~19
256,8,CAMERA_2,['CAMERA_2'],"{'CAMERA_1': [], 'CAMERA_2': ['color', 'optical_zoom', 'camera_type', 'price', 'settings'], 'CAMERA_3': []}",C_SILENT_OR_BACKCHANNEL,CAMERA_2,NONE,yeah that sounds great to me I don't have to worry about the technical stuff,PRESENT_X,CAMERA_2,S_INTRODUCES_FEATURE,CAMERA_2,settings,"This one has manual control and various automatic settings (video modeburst shooting, etc.).",PRESENT_X,CAMERA_2,13~91
256,9,CAMERA_2,['CAMERA_2'],"{'CAMERA_1': [], 'CAMERA_2': ['color', 'optical_zoom', 'camera_type', 'price', 'settings', 'effects'], 'CAMERA_3': []}",C_SILENT_OR_BACKCHANNEL,CAMERA_2,NONE,that sounds good,PRESENT_X,CAMERA_2,S_INTRODUCES_FEATURE,CAMERA_2,effects,"This one has 24 artistic effect modes (retro, lighter or darker skin tones, sepia, etc.).",PRESENT_X,CAMERA_2,13~88
256,10,CAMERA_2,['CAMERA_2'],"{'CAMERA_1': [], 'CAMERA_2': ['color', 'optical_zoom', 'camera_type', 'price', 'settings', 'effects', 'weight'], 'CAMERA_3': []}",C_QUESTION_ABOUT_FEATURE,CAMERA_2,weight,what about it weight ,PRESENT_X,CAMERA_2,S_ANSWERS_QUESTION_ABOUT_FEATURE,CAMERA_2,weight,This one weighs 820 grams.,PRESENT_X,CAMERA_2,16~25
256,11,CAMERA_2,['CAMERA_2'],"{'CAMERA_1': [], 'CAMERA_2': ['color', 'optical_zoom', 'camera_type', 'price', 'settings', 'effects', 'weight', 'preset_modes'], 'CAMERA_3': []}",C_QUESTION_ABOUT_FEATURE,CAMERA_2,preset_modes,does this camera support for preset mod,PRESENT_X,CAMERA_2,S_NOT_SURE,CAMERA_2,,I'm not really sure about that.,PRESENT_X,CAMERA_2,
256,12,CAMERA_2,['CAMERA_2'],"{'CAMERA_1': [], 'CAMERA_2': ['color', 'optical_zoom', 'camera_type', 'price', 'settings', 'effects', 'weight', 'preset_modes', 'sensor_size'], 'CAMERA_3': []}",C_SILENT_OR_BACKCHANNEL,CAMERA_2,NONE,okay,PRESENT_X,CAMERA_2,S_INTRODUCES_FEATURE,CAMERA_2,sensor_size,This one has a 1/2.33 inch sensor.,PRESENT_X,CAMERA_2,15~33
256,13,CAMERA_2,['CAMERA_2'],"{'CAMERA_1': [], 'CAMERA_2': ['color', 'optical_zoom', 'camera_type', 'price', 'settings', 'effects', 'weight', 'preset_modes', 'sensor_size', 'long_exposure'], 'CAMERA_3': []}",C_SILENT_OR_BACKCHANNEL,CAMERA_2,NONE,this one also looks kind of good,PRESENT_X,CAMERA_2,S_INTRODUCES_FEATURE,CAMERA_2,long_exposure,This one can take long exposures up to 60 minutes max with bulb mode.,PRESENT_X,CAMERA_2,39~68
256,14,CAMERA_2,['CAMERA_2'],"{'CAMERA_1': [], 'CAMERA_2': ['color', 'optical_zoom', 'camera_type', 'price', 'settings', 'effects', 'weight', 'preset_modes', 'sensor_size', 'long_exposure', 'autofocus_points'], 'CAMERA_3': []}",C_QUESTION_ABOUT_FEATURE,CAMERA_2,autofocus_points,what do I use the autofocus points for,PRESENT_X,CAMERA_2,S_NOT_SURE,CAMERA_2,,I'm not really sure about that.,PRESENT_X,CAMERA_2,
256,15,CAMERA_2,['CAMERA_2'],"{'CAMERA_1': [], 'CAMERA_2': ['color', 'optical_zoom', 'camera_type', 'price', 'settings', 'effects', 'weight', 'preset_modes', 'sensor_size', 'long_exposure', 'autofocus_points', 'ISO'], 'CAMERA_3': []}",C_QUESTION_ABOUT_FEATURE,CAMERA_2,ISO,How about the ISO range of this camera,PRESENT_X,CAMERA_2,S_NOT_SURE,CAMERA_2,,I'm not really sure about that.,PRESENT_X,CAMERA_2,
256,16,CAMERA_2,['CAMERA_2'],"{'CAMERA_1': [], 'CAMERA_2': ['color', 'optical_zoom', 'camera_type', 'price', 'settings', 'effects', 'weight', 'preset_modes', 'sensor_size', 'long_exposure', 'autofocus_points', 'ISO', 'resolution'], 'CAMERA_3': []}",C_SILENT_OR_BACKCHANNEL,CAMERA_2,NONE,I see,PRESENT_X,CAMERA_2,S_INTRODUCES_FEATURE,CAMERA_2,resolution,This one has 23.8 megapixels resolution.,PRESENT_X,CAMERA_2,13~28
256,17,CAMERA_2,['CAMERA_2'],"{'CAMERA_1': [], 'CAMERA_2': ['color', 'optical_zoom', 'camera_type', 'price', 'settings', 'effects', 'weight', 'preset_modes', 'sensor_size', 'long_exposure', 'autofocus_points', 'ISO', 'resolution', 'autofocus_points'], 'CAMERA_3': []}",C_QUESTION_ABOUT_FEATURE,CAMERA_2,autofocus_points,and what about the auto focus points,PRESENT_X,CAMERA_2,S_NOT_SURE,CAMERA_2,,I'm not really sure about that.,PRESENT_X,CAMERA_2,
256,18,CAMERA_2,['CAMERA_2'],"{'CAMERA_1': [], 'CAMERA_2': ['color', 'optical_zoom', 'camera_type', 'price', 'settings', 'effects', 'weight', 'preset_modes', 'sensor_size', 'long_exposure', 'autofocus_points', 'ISO', 'resolution', 'autofocus_points', 'settings'], 'CAMERA_3': []}",C_QUESTION_ABOUT_FEATURE,CAMERA_2,settings,How many manual settings on this,PRESENT_X,CAMERA_2,S_ANSWERS_QUESTION_ABOUT_FEATURE,CAMERA_2,settings,"This one has manual control and various automatic settings (video modeburst shooting, etc.).",PRESENT_X,CAMERA_2,13~91
256,19,CAMERA_2,['CAMERA_2'],"{'CAMERA_1': [], 'CAMERA_2': ['color', 'optical_zoom', 'camera_type', 'price', 'settings', 'effects', 'weight', 'preset_modes', 'sensor_size', 'long_exposure', 'autofocus_points', 'ISO', 'resolution', 'autofocus_points', 'settings', 'camera_type'], 'CAMERA_3': []}",C_SILENT_OR_BACKCHANNEL,CAMERA_2,NONE,I see,PRESENT_X,CAMERA_2,S_INTRODUCES_FEATURE,CAMERA_2,camera_type,This is a digital single lens mirrorless camera.,PRESENT_X,CAMERA_2,10~40
256,20,CAMERA_2,['CAMERA_2'],"{'CAMERA_1': [], 'CAMERA_2': ['color', 'optical_zoom', 'camera_type', 'price', 'settings', 'effects', 'weight', 'preset_modes', 'sensor_size', 'long_exposure', 'autofocus_points', 'ISO', 'resolution', 'autofocus_points', 'settings', 'camera_type', 'color'], 'CAMERA_3': []}",C_SILENT_OR_BACKCHANNEL,CAMERA_2,NONE,yeah pretty good pocket size,PRESENT_X,CAMERA_2,S_INTRODUCES_FEATURE,CAMERA_2,color,This one comes in white or pink.,PRESENT_X,CAMERA_2,18~31
256,21,CAMERA_2,['CAMERA_2'],"{'CAMERA_1': [], 'CAMERA_2': ['color', 'optical_zoom', 'camera_type', 'price', 'settings', 'effects', 'weight', 'preset_modes', 'sensor_size', 'long_exposure', 'autofocus_points', 'ISO', 'resolution', 'autofocus_points', 'settings', 'camera_type', 'color', 'effects'], 'CAMERA_3': []}",C_SILENT_OR_BACKCHANNEL,CAMERA_2,NONE,cic,PRESENT_X,CAMERA_2,S_INTRODUCES_FEATURE,CAMERA_2,effects,"This one has 24 artistic effect modes (retro, lighter or darker skin tones, sepia, etc.).",PRESENT_X,CAMERA_2,13~88
256,22,CAMERA_2,['CAMERA_2'],"{'CAMERA_1': [], 'CAMERA_2': ['color', 'optical_zoom', 'camera_type', 'price', 'settings', 'effects', 'weight', 'preset_modes', 'sensor_size', 'long_exposure', 'autofocus_points', 'ISO', 'resolution', 'autofocus_points', 'settings', 'camera_type', 'color', 'effects', 'settings'], 'CAMERA_3': []}",C_QUESTION_ABOUT_FEATURE,CAMERA_2,settings,under what city is the setting on this phone,PRESENT_X,CAMERA_2,S_ANSWERS_QUESTION_ABOUT_FEATURE,CAMERA_2,settings,"This one has manual control and various automatic settings (video modeburst shooting, etc.).",PRESENT_X,CAMERA_2,13~91
256,23,CAMERA_2,['CAMERA_2'],"{'CAMERA_1': [], 'CAMERA_2': ['color', 'optical_zoom', 'camera_type', 'price', 'settings', 'effects', 'weight', 'preset_modes', 'sensor_size', 'long_exposure', 'autofocus_points', 'ISO', 'resolution', 'autofocus_points', 'settings', 'camera_type', 'color', 'effects', 'settings', 'optical_zoom'], 'CAMERA_3': []}",C_SILENT_OR_BACKCHANNEL,CAMERA_2,NONE,I get,PRESENT_X,CAMERA_2,S_INTRODUCES_FEATURE,CAMERA_2,optical_zoom,This one has 21x optical zoom.,PRESENT_X,CAMERA_2,13~29
256,24,CAMERA_2,['CAMERA_2'],"{'CAMERA_1': [], 'CAMERA_2': ['color', 'optical_zoom', 'camera_type', 'price', 'settings', 'effects', 'weight', 'preset_modes', 'sensor_size', 'long_exposure', 'autofocus_points', 'ISO', 'resolution', 'autofocus_points', 'settings', 'camera_type', 'color', 'effects', 'settings', 'optical_zoom', 'weight'], 'CAMERA_3': []}",C_QUESTION_ABOUT_FEATURE,CAMERA_2,weight,recently I'm getting older and every time I go out with my family I don't want to bring what kind of thing you know it's also exposure so you have to know what kind of semi pro model,PRESENT_X,CAMERA_2,S_ANSWERS_QUESTION_ABOUT_FEATURE,CAMERA_2,weight,This one weighs 820 grams.,PRESENT_X,CAMERA_2,16~25
256,25,CAMERA_1,"['CAMERA_2', 'CAMERA_1']","{'CAMERA_1': [], 'CAMERA_2': ['color', 'optical_zoom', 'camera_type', 'price', 'settings', 'effects', 'weight', 'preset_modes', 'sensor_size', 'long_exposure', 'autofocus_points', 'ISO', 'resolution', 'autofocus_points', 'settings', 'camera_type', 'color', 'effects', 'settings', 'optical_zoom', 'weight'], 'CAMERA_3': []}",C_ANYTHING_ELSE_AVAILABLE,CAMERA_2,NONE,do you have any other cameras with preset mode,PRESENT_X,CAMERA_2,S_INTRODUCES_CAMERA,CAMERA_1,,Let me show you this. Here we have the Sony PowerShot ELPH DMC-ZS3.,PRESENT_X,CAMERA_1,39~66
256,26,CAMERA_1,"['CAMERA_2', 'CAMERA_1']","{'CAMERA_1': ['price'], 'CAMERA_2': ['color', 'optical_zoom', 'camera_type', 'price', 'settings', 'effects', 'weight', 'preset_modes', 'sensor_size', 'long_exposure', 'autofocus_points', 'ISO', 'resolution', 'autofocus_points', 'settings', 'camera_type', 'color', 'effects', 'settings', 'optical_zoom', 'weight'], 'CAMERA_3': []}",C_QUESTION_ABOUT_FEATURE,CAMERA_1,price,and how about the price,PRESENT_X,CAMERA_1,S_ANSWERS_QUESTION_ABOUT_FEATURE,CAMERA_1,price,This one costs $450.,PRESENT_X,CAMERA_1,15~19
256,27,CAMERA_1,"['CAMERA_2', 'CAMERA_1']","{'CAMERA_1': ['price', 'long_exposure'], 'CAMERA_2': ['color', 'optical_zoom', 'camera_type', 'price', 'settings', 'effects', 'weight', 'preset_modes', 'sensor_size', 'long_exposure', 'autofocus_points', 'ISO', 'resolution', 'autofocus_points', 'settings', 'camera_type', 'color', 'effects', 'settings', 'optical_zoom', 'weight'], 'CAMERA_3': []}",C_QUESTION_ABOUT_FEATURE,CAMERA_1,long_exposure,I'm going to do long exposure,PRESENT_X,CAMERA_1,S_ANSWERS_QUESTION_ABOUT_FEATURE,CAMERA_1,long_exposure,This one can take long exposures up to up to 15 seconds with Long Shutter Mode.,PRESENT_X,CAMERA_1,39~78
256,28,CAMERA_1,"['CAMERA_2', 'CAMERA_1']","{'CAMERA_1': ['price', 'long_exposure', 'autofocus_points'], 'CAMERA_2': ['color', 'optical_zoom', 'camera_type', 'price', 'settings', 'effects', 'weight', 'preset_modes', 'sensor_size', 'long_exposure', 'autofocus_points', 'ISO', 'resolution', 'autofocus_points', 'settings', 'camera_type', 'color', 'effects', 'settings', 'optical_zoom', 'weight'], 'CAMERA_3': []}",C_SILENT_OR_BACKCHANNEL,CAMERA_1,NONE,I'm looking at this dslr it looks pretty good,PRESENT_X,CAMERA_1,S_INTRODUCES_FEATURE,CAMERA_1,autofocus_points,This one has 135 autofocus points.,PRESENT_X,CAMERA_1,13~33
256,29,CAMERA_1,"['CAMERA_2', 'CAMERA_1']","{'CAMERA_1': ['price', 'long_exposure', 'autofocus_points', 'ISO'], 'CAMERA_2': ['color', 'optical_zoom', 'camera_type', 'price', 'settings', 'effects', 'weight', 'preset_modes', 'sensor_size', 'long_exposure', 'autofocus_points', 'ISO', 'resolution', 'autofocus_points', 'settings', 'camera_type', 'color', 'effects', 'settings', 'optical_zoom', 'weight'], 'CAMERA_3': []}",C_SILENT_OR_BACKCHANNEL,CAMERA_1,NONE,that'd be great,PRESENT_X,CAMERA_1,S_INTRODUCES_FEATURE,CAMERA_1,ISO,This one has up to 51200 ISO.,PRESENT_X,CAMERA_1,13~28
256,30,CAMERA_1,"['CAMERA_2', 'CAMERA_1']","{'CAMERA_1': ['price', 'long_exposure', 'autofocus_points', 'ISO', 'weight'], 'CAMERA_2': ['color', 'optical_zoom', 'camera_type', 'price', 'settings', 'effects', 'weight', 'preset_modes', 'sensor_size', 'long_exposure', 'autofocus_points', 'ISO', 'resolution', 'autofocus_points', 'settings', 'camera_type', 'color', 'effects', 'settings', 'optical_zoom', 'weight'], 'CAMERA_3': []}",C_QUESTION_ABOUT_FEATURE,CAMERA_1,weight,is it very heavy,PRESENT_X,CAMERA_1,S_ANSWERS_QUESTION_ABOUT_FEATURE,CAMERA_1,weight,This one weighs 800 grams.,PRESENT_X,CAMERA_1,16~25
256,31,CAMERA_1,"['CAMERA_2', 'CAMERA_1']","{'CAMERA_1': ['price', 'long_exposure', 'autofocus_points', 'ISO', 'weight', 'camera_type'], 'CAMERA_2': ['color', 'optical_zoom', 'camera_type', 'price', 'settings', 'effects', 'weight', 'preset_modes', 'sensor_size', 'long_exposure', 'autofocus_points', 'ISO', 'resolution', 'autofocus_points', 'settings', 'camera_type', 'color', 'effects', 'settings', 'optical_zoom', 'weight'], 'CAMERA_3': []}",C_QUESTION_ABOUT_FEATURE,CAMERA_1,camera_type,is this a DSLR camera,PRESENT_X,CAMERA_1,S_ANSWERS_QUESTION_ABOUT_FEATURE,CAMERA_1,camera_type,This is a DSLR camera.,PRESENT_X,CAMERA_1,10~14
256,32,CAMERA_1,"['CAMERA_2', 'CAMERA_1']","{'CAMERA_1': ['price', 'long_exposure', 'autofocus_points', 'ISO', 'weight', 'camera_type', 'resolution'], 'CAMERA_2': ['color', 'optical_zoom', 'camera_type', 'price', 'settings', 'effects', 'weight', 'preset_modes', 'sensor_size', 'long_exposure', 'autofocus_points', 'ISO', 'resolution', 'autofocus_points', 'settings', 'camera_type', 'color', 'effects', 'settings', 'optical_zoom', 'weight'], 'CAMERA_3': []}",C_QUESTION_ABOUT_FEATURE,CAMERA_1,resolution,how many megapixels is it,PRESENT_X,CAMERA_1,S_ANSWERS_QUESTION_ABOUT_FEATURE,CAMERA_1,resolution,This one has 17.8 megapixels resolution.,PRESENT_X,CAMERA_1,13~28
256,33,CAMERA_1,"['CAMERA_2', 'CAMERA_1']","{'CAMERA_1': ['price', 'long_exposure', 'autofocus_points', 'ISO', 'weight', 'camera_type', 'resolution', 'color'], 'CAMERA_2': ['color', 'optical_zoom', 'camera_type', 'price', 'settings', 'effects', 'weight', 'preset_modes', 'sensor_size', 'long_exposure', 'autofocus_points', 'ISO', 'resolution', 'autofocus_points', 'settings', 'camera_type', 'color', 'effects', 'settings', 'optical_zoom', 'weight'], 'CAMERA_3': []}",C_QUESTION_ABOUT_FEATURE,CAMERA_1,color,sounds like I am does it come in different colors,PRESENT_X,CAMERA_1,S_ANSWERS_QUESTION_ABOUT_FEATURE,CAMERA_1,color,This one comes in blue or black.,PRESENT_X,CAMERA_1,18~31
256,34,CAMERA_1,"['CAMERA_2', 'CAMERA_1']","{'CAMERA_1': ['price', 'long_exposure', 'autofocus_points', 'ISO', 'weight', 'camera_type', 'resolution', 'color', 'settings'], 'CAMERA_2': ['color', 'optical_zoom', 'camera_type', 'price', 'settings', 'effects', 'weight', 'preset_modes', 'sensor_size', 'long_exposure', 'autofocus_points', 'ISO', 'resolution', 'autofocus_points', 'settings', 'camera_type', 'color', 'effects', 'settings', 'optical_zoom', 'weight'], 'CAMERA_3': []}",C_QUESTION_ABOUT_FEATURE,CAMERA_1,settings,okay uh are there any automatic settings on this phone,PRESENT_X,CAMERA_1,S_ANSWERS_QUESTION_ABOUT_FEATURE,CAMERA_1,settings,This one has limited manual settings.,PRESENT_X,CAMERA_1,13~36
256,35,CAMERA_1,"['CAMERA_2', 'CAMERA_1']","{'CAMERA_1': ['price', 'long_exposure', 'autofocus_points', 'ISO', 'weight', 'camera_type', 'resolution', 'color', 'settings', 'sensor_size'], 'CAMERA_2': ['color', 'optical_zoom', 'camera_type', 'price', 'settings', 'effects', 'weight', 'preset_modes', 'sensor_size', 'long_exposure', 'autofocus_points', 'ISO', 'resolution', 'autofocus_points', 'settings', 'camera_type', 'color', 'effects', 'settings', 'optical_zoom', 'weight'], 'CAMERA_3': []}",C_SILENT_OR_BACKCHANNEL,CAMERA_1,NONE,that would be nice,PRESENT_X,CAMERA_1,S_INTRODUCES_FEATURE,CAMERA_1,sensor_size,This one has a 1/2.3 inch CMOS sensor.,PRESENT_X,CAMERA_1,15~37
256,36,CAMERA_1,"['CAMERA_2', 'CAMERA_1']","{'CAMERA_1': ['price', 'long_exposure', 'autofocus_points', 'ISO', 'weight', 'camera_type', 'resolution', 'color', 'settings', 'sensor_size', 'effects'], 'CAMERA_2': ['color', 'optical_zoom', 'camera_type', 'price', 'settings', 'effects', 'weight', 'preset_modes', 'sensor_size', 'long_exposure', 'autofocus_points', 'ISO', 'resolution', 'autofocus_points', 'settings', 'camera_type', 'color', 'effects', 'settings', 'optical_zoom', 'weight'], 'CAMERA_3': []}",C_SILENT_OR_BACKCHANNEL,CAMERA_1,NONE,okay interesting,PRESENT_X,CAMERA_1,S_INTRODUCES_FEATURE,CAMERA_1,effects,"This one has 24 glamor retouch effects (miniature, retro, toy camera, etc.).",PRESENT_X,CAMERA_1,13~75
256,37,CAMERA_1,"['CAMERA_2', 'CAMERA_1']","{'CAMERA_1': ['price', 'long_exposure', 'autofocus_points', 'ISO', 'weight', 'camera_type', 'resolution', 'color', 'settings', 'sensor_size', 'effects', 'optical_zoom'], 'CAMERA_2': ['color', 'optical_zoom', 'camera_type', 'price', 'settings', 'effects', 'weight', 'preset_modes', 'sensor_size', 'long_exposure', 'autofocus_points', 'ISO', 'resolution', 'autofocus_points', 'settings', 'camera_type', 'color', 'effects', 'settings', 'optical_zoom', 'weight'], 'CAMERA_3': []}",C_QUESTION_ABOUT_FEATURE,CAMERA_1,optical_zoom,okay can you tell me what optical zoom it has,PRESENT_X,CAMERA_1,S_ANSWERS_QUESTION_ABOUT_FEATURE,CAMERA_1,optical_zoom,This one has 21x optical zoom.,PRESENT_X,CAMERA_1,13~29
256,38,CAMERA_1,"['CAMERA_2', 'CAMERA_1']","{'CAMERA_1': ['price', 'long_exposure', 'autofocus_points', 'ISO', 'weight', 'camera_type', 'resolution', 'color', 'settings', 'sensor_size', 'effects', 'optical_zoom', 'effects'], 'CAMERA_2': ['color', 'optical_zoom', 'camera_type', 'price', 'settings', 'effects', 'weight', 'preset_modes', 'sensor_size', 'long_exposure', 'autofocus_points', 'ISO', 'resolution', 'autofocus_points', 'settings', 'camera_type', 'color', 'effects', 'settings', 'optical_zoom', 'weight'], 'CAMERA_3': []}",C_SILENT_OR_BACKCHANNEL,CAMERA_1,NONE,wow these cameras look so nice,PRESENT_X,CAMERA_1,S_INTRODUCES_FEATURE,CAMERA_1,effects,"This one has 24 glamor retouch effects (miniature, retro, toy camera, etc.).",PRESENT_X,CAMERA_1,13~75
256,39,NONE,"['CAMERA_2', 'CAMERA_1']","{'CAMERA_1': ['price', 'long_exposure', 'autofocus_points', 'ISO', 'weight', 'camera_type', 'resolution', 'color', 'settings', 'sensor_size', 'effects', 'optical_zoom', 'effects'], 'CAMERA_2': ['color', 'optical_zoom', 'camera_type', 'price', 'settings', 'effects', 'weight', 'preset_modes', 'sensor_size', 'long_exposure', 'autofocus_points', 'ISO', 'resolution', 'autofocus_points', 'settings', 'camera_type', 'color', 'effects', 'settings', 'optical_zoom', 'weight'], 'CAMERA_3': []}",C_THANK_YOU,CAMERA_1,NONE,hey. It's okay good okay thank you very much,PRESENT_X,CAMERA_1,S_THANK_YOU,CAMERA_1,NONE,thank you very much.,FACE_TO_FACE,NONE,
256,40,NONE,"['CAMERA_2', 'CAMERA_1']","{'CAMERA_1': ['price', 'long_exposure', 'autofocus_points', 'ISO', 'weight', 'camera_type', 'resolution', 'color', 'settings', 'sensor_size', 'effects', 'optical_zoom', 'effects'], 'CAMERA_2': ['color', 'optical_zoom', 'camera_type', 'price', 'settings', 'effects', 'weight', 'preset_modes', 'sensor_size', 'long_exposure', 'autofocus_points', 'ISO', 'resolution', 'autofocus_points', 'settings', 'camera_type', 'color', 'effects', 'settings', 'optical_zoom', 'weight'], 'CAMERA_3': []}",C_LEAVES,DOOR,NONE,,FACE_TO_FACE,NONE,S_RETURNS_TO_COUNTER,SERVICE_COUNTER,NONE,,WAITING,NONE,
257,1,NONE,[],"{'CAMERA_1': [], 'CAMERA_2': [], 'CAMERA_3': []}",C_ENTERS,DOOR,NONE,,WAITING,NONE,S_NONE,SERVICE_COUNTER,NONE,,WAITING,NONE,
257,2,NONE,[],"{'CAMERA_1': [], 'CAMERA_2': [], 'CAMERA_3': []}",C_GREETS,MIDDLE,NONE,hello,WAITING,NONE,S_GREETS,MIDDLE,NONE,can I help you?,FACE_TO_FACE,NONE,
257,3,CAMERA_2,['CAMERA_2'],"{'CAMERA_1': [], 'CAMERA_2': [], 'CAMERA_3': []}",C_LOOKING_FOR_A_CAMERA,MIDDLE,NONE,I am looking for a camera that is reasonably priced but it's delicious the same time,FACE_TO_FACE,NONE,S_INTRODUCES_CAMERA,CAMERA_2,,Let me show you this. Here we have the Fujifilm Lumix ILC Camera.,PRESENT_X,CAMERA_2,39~64
257,4,CAMERA_2,['CAMERA_2'],"{'CAMERA_1': [], 'CAMERA_2': ['settings'], 'CAMERA_3': []}",C_SILENT_OR_BACKCHANNEL,CAMERA_2,NONE,okay I've read that aps-c is pretty good,PRESENT_X,CAMERA_2,S_INTRODUCES_FEATURE,CAMERA_2,settings,"This one has manual control and various automatic settings (video modeburst shooting, etc.).",PRESENT_X,CAMERA_2,13~91
257,5,CAMERA_2,['CAMERA_2'],"{'CAMERA_1': [], 'CAMERA_2': ['settings', 'price'], 'CAMERA_3': []}",C_SILENT_OR_BACKCHANNEL,CAMERA_2,NONE,ok,PRESENT_X,CAMERA_2,S_INTRODUCES_FEATURE,CAMERA_2,price,This one costs $768.,PRESENT_X,CAMERA_2,15~19
257,6,CAMERA_2,['CAMERA_2'],"{'CAMERA_1': [], 'CAMERA_2': ['settings', 'price', 'autofocus_points'], 'CAMERA_3': []}",C_QUESTION_ABOUT_FEATURE,CAMERA_2,autofocus_points,how about how many auto focus points does this have,PRESENT_X,CAMERA_2,S_NOT_SURE,CAMERA_2,,I'm not really sure about that.,PRESENT_X,CAMERA_2,
257,7,NONE,['CAMERA_2'],"{'CAMERA_1': [], 'CAMERA_2': ['settings', 'price', 'autofocus_points'], 'CAMERA_3': []}",C_THANK_YOU,CAMERA_2,NONE,Thanks,PRESENT_X,CAMERA_2,S_THANK_YOU,CAMERA_2,NONE,thank you very much.,FACE_TO_FACE,NONE,
257,8,NONE,['CAMERA_2'],"{'CAMERA_1': [], 'CAMERA_2': ['settings', 'price', 'autofocus_points'], 'CAMERA_3': []}",C_LEAVES,DOOR,NONE,,FACE_TO_FACE,NONE,S_RETURNS_TO_COUNTER,SERVICE_COUNTER,NONE,,WAITING,NONE,
258,1,NONE,[],"{'CAMERA_1': [], 'CAMERA_2': [], 'CAMERA_3': []}",C_ENTERS,DOOR,NONE,,WAITING,NONE,S_NONE,SERVICE_COUNTER,NONE,,WAITING,NONE,
258,2,NONE,[],"{'CAMERA_1': [], 'CAMERA_2': [], 'CAMERA_3': []}",C_WALKS_TO_CAMERA,CAMERA_1,NONE,,WAITING,NONE,S_GREETS,CAMERA_1,NONE,can I help you?,FACE_TO_FACE,NONE,
258,3,CAMERA_1,['CAMERA_1'],"{'CAMERA_1': [], 'CAMERA_2': [], 'CAMERA_3': []}",C_LOOKING_FOR_A_CAMERA,CAMERA_1,NONE,I'm looking for a new camera,FACE_TO_FACE,NONE,S_INTRODUCES_CAMERA,CAMERA_1,,Let me show you this. Here we have the Sony PowerShot ELPH DMC-ZS3.,PRESENT_X,CAMERA_1,39~66
258,4,CAMERA_1,['CAMERA_1'],"{'CAMERA_1': ['autofocus_points'], 'CAMERA_2': [], 'CAMERA_3': []}",C_QUESTION_ABOUT_FEATURE,CAMERA_1,autofocus_points,how many ordered Focus points to the previous camera have,PRESENT_X,CAMERA_1,S_ANSWERS_QUESTION_ABOUT_FEATURE,CAMERA_1,autofocus_points,This one has 135 autofocus points.,PRESENT_X,CAMERA_1,13~33
258,5,CAMERA_1,['CAMERA_1'],"{'CAMERA_1': ['autofocus_points', 'optical_zoom'], 'CAMERA_2': [], 'CAMERA_3': []}",C_QUESTION_ABOUT_FEATURE,CAMERA_1,optical_zoom,does it have optical zoom,PRESENT_X,CAMERA_1,S_ANSWERS_QUESTION_ABOUT_FEATURE,CAMERA_1,optical_zoom,This one has 21x optical zoom.,PRESENT_X,CAMERA_1,13~29
258,6,CAMERA_1,['CAMERA_1'],"{'CAMERA_1': ['autofocus_points', 'optical_zoom', 'camera_type'], 'CAMERA_2': [], 'CAMERA_3': []}",C_QUESTION_ABOUT_FEATURE,CAMERA_1,camera_type,Is this a mirrorless camera?,PRESENT_X,CAMERA_1,S_ANSWERS_QUESTION_ABOUT_FEATURE,CAMERA_1,camera_type,This is a DSLR camera.,PRESENT_X,CAMERA_1,10~14
258,7,CAMERA_1,['CAMERA_1'],"{'CAMERA_1': ['autofocus_points', 'optical_zoom', 'camera_type', 'color'], 'CAMERA_2': [], 'CAMERA_3': []}",C_QUESTION_ABOUT_FEATURE,CAMERA_1,color,and it comes in different colors,PRESENT_X,CAMERA_1,S_ANSWERS_QUESTION_ABOUT_FEATURE,CAMERA_1,color,This one comes in blue or black.,PRESENT_X,CAMERA_1,18~31
258,8,CAMERA_1,['CAMERA_1'],"{'CAMERA_1': ['autofocus_points', 'optical_zoom', 'camera_type', 'color', 'price'], 'CAMERA_2': [], 'CAMERA_3': []}",C_SILENT_OR_BACKCHANNEL,CAMERA_1,NONE,let's see,PRESENT_X,CAMERA_1,S_INTRODUCES_FEATURE,CAMERA_1,price,This one costs $450.,PRESENT_X,CAMERA_1,15~19
258,9,CAMERA_1,['CAMERA_1'],"{'CAMERA_1': ['autofocus_points', 'optical_zoom', 'camera_type', 'color', 'price', 'weight'], 'CAMERA_2': [], 'CAMERA_3': []}",C_QUESTION_ABOUT_FEATURE,CAMERA_1,weight,how much does it weigh,PRESENT_X,CAMERA_1,S_ANSWERS_QUESTION_ABOUT_FEATURE,CAMERA_1,weight,This one weighs 800 grams.,PRESENT_X,CAMERA_1,16~25
258,10,CAMERA_1,['CAMERA_1'],"{'CAMERA_1': ['autofocus_points', 'optical_zoom', 'camera_type', 'color', 'price', 'weight', 'resolution'], 'CAMERA_2': [], 'CAMERA_3': []}",C_SILENT_OR_BACKCHANNEL,CAMERA_1,NONE,ok,PRESENT_X,CAMERA_1,S_INTRODUCES_FEATURE,CAMERA_1,resolution,This one has 17.8 megapixels resolution.,PRESENT_X,CAMERA_1,13~28
258,11,CAMERA_1,['CAMERA_1'],"{'CAMERA_1': ['autofocus_points', 'optical_zoom', 'camera_type', 'color', 'price', 'weight', 'resolution', 'long_exposure'], 'CAMERA_2': [], 'CAMERA_3': []}",C_SILENT_OR_BACKCHANNEL,CAMERA_1,NONE,ok,PRESENT_X,CAMERA_1,S_INTRODUCES_FEATURE,CAMERA_1,long_exposure,This one can take long exposures up to up to 15 seconds with Long Shutter Mode.,PRESENT_X,CAMERA_1,39~78
258,12,NONE,['CAMERA_1'],"{'CAMERA_1': ['autofocus_points', 'optical_zoom', 'camera_type', 'color', 'price', 'weight', 'resolution', 'long_exposure'], 'CAMERA_2': [], 'CAMERA_3': []}",C_THANK_YOU,CAMERA_1,NONE,alright thank you,PRESENT_X,CAMERA_1,S_THANK_YOU,CAMERA_1,NONE,thank you very much.,FACE_TO_FACE,NONE,
258,13,NONE,['CAMERA_1'],"{'CAMERA_1': ['autofocus_points', 'optical_zoom', 'camera_type', 'color', 'price', 'weight', 'resolution', 'long_exposure'], 'CAMERA_2': [], 'CAMERA_3': []}",C_LEAVES,DOOR,NONE,,FACE_TO_FACE,NONE,S_RETURNS_TO_COUNTER,SERVICE_COUNTER,NONE,,WAITING,NONE,
259,1,NONE,[],"{'CAMERA_1': [], 'CAMERA_2': [], 'CAMERA_3': []}",C_ENTERS,DOOR,NONE,,WAITING,NONE,S_NONE,SERVICE_COUNTER,NONE,,WAITING,NONE,
259,2,NONE,[],"{'CAMERA_1': [], 'CAMERA_2': [], 'CAMERA_3': []}",C_WALKS_TO_CAMERA,CAMERA_1,NONE,,WAITING,NONE,S_GREETS,CAMERA_1,NONE,can I help you?,FACE_TO_FACE,NONE,
259,3,CAMERA_2,['CAMERA_2'],"{'CAMERA_1': [], 'CAMERA_2': [], 'CAMERA_3': []}",C_LOOKING_FOR_A_CAMERA,CAMERA_1,NONE,afternoon I'm looking for a new camera is it to use stylus and affordable,FACE_TO_FACE,NONE,S_INTRODUCES_CAMERA,CAMERA_2,,Let me show you this. Here we have the Fujifilm Lumix ILC Camera.,PRESENT_X,CAMERA_2,39~64
259,4,CAMERA_2,['CAMERA_2'],"{'CAMERA_1': [], 'CAMERA_2': ['settings'], 'CAMERA_3': []}",C_QUESTION_ABOUT_FEATURE,CAMERA_2,settings,is this full manual camera,PRESENT_X,CAMERA_2,S_ANSWERS_QUESTION_ABOUT_FEATURE,CAMERA_2,settings,"This one has manual control and various automatic settings (video modeburst shooting, etc.).",PRESENT_X,CAMERA_2,13~91
259,5,CAMERA_1,"['CAMERA_2', 'CAMERA_1']","{'CAMERA_1': [], 'CAMERA_2': ['settings'], 'CAMERA_3': []}",C_ANYTHING_ELSE_AVAILABLE,CAMERA_2,NONE,oh I see that's very interesting do you have any other cameras that you can recommend me,PRESENT_X,CAMERA_2,S_INTRODUCES_CAMERA,CAMERA_1,,Let me show you this. Here we have the Sony PowerShot ELPH DMC-ZS3.,PRESENT_X,CAMERA_1,39~66
259,6,CAMERA_1,"['CAMERA_2', 'CAMERA_1']","{'CAMERA_1': ['color'], 'CAMERA_2': ['settings'], 'CAMERA_3': []}",C_QUESTION_ABOUT_FEATURE,CAMERA_1,color,does it come in any colors close to White,PRESENT_X,CAMERA_1,S_ANSWERS_QUESTION_ABOUT_FEATURE,CAMERA_1,color,This one comes in blue or black.,PRESENT_X,CAMERA_1,18~31
259,7,NONE,"['CAMERA_2', 'CAMERA_1']","{'CAMERA_1': ['color'], 'CAMERA_2': ['settings'], 'CAMERA_3': []}",C_THANK_YOU,CAMERA_1,NONE,thank you,PRESENT_X,CAMERA_1,S_THANK_YOU,CAMERA_1,NONE,thank you very much.,FACE_TO_FACE,NONE,
259,8,NONE,"['CAMERA_2', 'CAMERA_1']","{'CAMERA_1': ['color'], 'CAMERA_2': ['settings'], 'CAMERA_3': []}",C_LEAVES,DOOR,NONE,,FACE_TO_FACE,NONE,S_RETURNS_TO_COUNTER,SERVICE_COUNTER,NONE,,WAITING,NONE,
260,1,NONE,[],"{'CAMERA_1': [], 'CAMERA_2': [], 'CAMERA_3': []}",C_ENTERS,DOOR,NONE,,WAITING,NONE,S_NONE,SERVICE_COUNTER,NONE,,WAITING,NONE,
260,2,NONE,[],"{'CAMERA_1': [], 'CAMERA_2': [], 'CAMERA_3': []}",C_WALKS_TO_CAMERA,CAMERA_2,NONE,,WAITING,NONE,S_GREETS,CAMERA_2,NONE,can I help you?,FACE_TO_FACE,NONE,
260,3,CAMERA_3,['CAMERA_3'],"{'CAMERA_1': [], 'CAMERA_2': [], 'CAMERA_3': []}",C_LOOKING_FOR_A_CAMERA,CAMERA_2,NONE,you know I want a good camera can you suggest me,FACE_TO_FACE,NONE,S_INTRODUCES_CAMERA,CAMERA_3,,Let me show you this. Here we have the Fujifilm PowerShot ELPH S2800.,PRESENT_X,CAMERA_3,39~68
260,4,CAMERA_3,['CAMERA_3'],"{'CAMERA_1': [], 'CAMERA_2': [], 'CAMERA_3': ['preset_modes']}",C_QUESTION_ABOUT_FEATURE,CAMERA_3,preset_modes,okay and does it have any menu settings,PRESENT_X,CAMERA_3,S_ANSWERS_QUESTION_ABOUT_FEATURE,CAMERA_3,preset_modes,This one has various preset modes.,PRESENT_X,CAMERA_3,13~33
260,5,CAMERA_3,['CAMERA_3'],"{'CAMERA_1': [], 'CAMERA_2': [], 'CAMERA_3': ['preset_modes', 'optical_zoom']}",C_QUESTION_ABOUT_FEATURE,CAMERA_3,optical_zoom,how about the optical zoom,PRESENT_X,CAMERA_3,S_NOT_SURE,CAMERA_3,,I'm not really sure about that.,PRESENT_X,CAMERA_3,
260,6,CAMERA_3,['CAMERA_3'],"{'CAMERA_1': [], 'CAMERA_2': [], 'CAMERA_3': ['preset_modes', 'optical_zoom', 'price']}",C_QUESTION_ABOUT_FEATURE,CAMERA_3,price,yeah but just kind of want to have a cool looking camera that looks very expensive,PRESENT_X,CAMERA_3,S_ANSWERS_QUESTION_ABOUT_FEATURE,CAMERA_3,price,This one costs $518.,PRESENT_X,CAMERA_3,15~19
260,7,CAMERA_1,"['CAMERA_3', 'CAMERA_1']","{'CAMERA_1': [], 'CAMERA_2': [], 'CAMERA_3': ['preset_modes', 'optical_zoom', 'price']}",C_ANYTHING_ELSE_AVAILABLE,CAMERA_3,NONE,oh I see that's very interesting do you have any other cameras that you can recommend me,PRESENT_X,CAMERA_3,S_INTRODUCES_CAMERA,CAMERA_1,,Let me show you this. Here we have the Sony PowerShot ELPH DMC-ZS3.,PRESENT_X,CAMERA_1,39~66
260,8,CAMERA_1,"['CAMERA_3', 'CAMERA_1']","{'CAMERA_1': ['settings'], 'CAMERA_2': [], 'CAMERA_3': ['preset_modes', 'optical_zoom', 'price']}",C_QUESTION_ABOUT_FEATURE,CAMERA_1,settings,I mainly shoot in manual mode is that capable,PRESENT_X,CAMERA_1,S_ANSWERS_QUESTION_ABOUT_FEATURE,CAMERA_1,settings,This one has limited manual settings.,PRESENT_X,CAMERA_1,13~36
260,9,CAMERA_1,"['CAMERA_3', 'CAMERA_1']","{'CAMERA_1': ['settings', 'preset_modes'], 'CAMERA_2': [], 'CAMERA_3': ['preset_modes', 'optical_zoom', 'price']}",C_QUESTION_ABOUT_FEATURE,CAMERA_1,preset_modes,do you have any cameras with landscape night mode and menu settings,PRESENT_X,CAMERA_1,S_NOT_SURE,CAMERA_1,,I'm not really sure about that.,PRESENT_X,CAMERA_1,
260,10,CAMERA_1,"['CAMERA_3', 'CAMERA_1']","{'CAMERA_1': ['settings', 'preset_modes', 'long_exposure'], 'CAMERA_2': [], 'CAMERA_3': ['preset_modes', 'optical_zoom', 'price']}",C_SILENT_OR_BACKCHANNEL,CAMERA_1,NONE,IC,PRESENT_X,CAMERA_1,S_INTRODUCES_FEATURE,CAMERA_1,long_exposure,This one can take long exposures up to up to 15 seconds with Long Shutter Mode.,PRESENT_X,CAMERA_1,39~78
260,11,CAMERA_1,"['CAMERA_3', 'CAMERA_1']","{'CAMERA_1': ['settings', 'preset_modes', 'long_exposure', 'color'], 'CAMERA_2': [], 'CAMERA_3': ['preset_modes', 'optical_zoom', 'price']}",C_SILENT_OR_BACKCHANNEL,CAMERA_1,NONE,yeah,PRESENT_X,CAMERA_1,S_INTRODUCES_FEATURE,CAMERA_1,color,This one comes in blue or black.,PRESENT_X,CAMERA_1,18~31
260,12,CAMERA_1,"['CAMERA_3', 'CAMERA_1']","{'CAMERA_1': ['settings', 'preset_modes', 'long_exposure', 'color', 'effects'], 'CAMERA_2': [], 'CAMERA_3': ['preset_modes', 'optical_zoom', 'price']}",C_SILENT_OR_BACKCHANNEL,CAMERA_1,NONE,this is pretty new does it take good photos,PRESENT_X,CAMERA_1,S_INTRODUCES_FEATURE,CAMERA_1,effects,"This one has 24 glamor retouch effects (miniature, retro, toy camera, etc.).",PRESENT_X,CAMERA_1,13~75
260,13,CAMERA_1,"['CAMERA_3', 'CAMERA_1']","{'CAMERA_1': ['settings', 'preset_modes', 'long_exposure', 'color', 'effects', 'weight'], 'CAMERA_2': [], 'CAMERA_3': ['preset_modes', 'optical_zoom', 'price']}",C_SILENT_OR_BACKCHANNEL,CAMERA_1,NONE,ok,PRESENT_X,CAMERA_1,S_INTRODUCES_FEATURE,CAMERA_1,weight,This one weighs 800 grams.,PRESENT_X,CAMERA_1,16~25
260,14,CAMERA_1,"['CAMERA_3', 'CAMERA_1']","{'CAMERA_1': ['settings', 'preset_modes', 'long_exposure', 'color', 'effects', 'weight', 'camera_type'], 'CAMERA_2': [], 'CAMERA_3': ['preset_modes', 'optical_zoom', 'price']}",C_SILENT_OR_BACKCHANNEL,CAMERA_1,NONE,yeah I think that that's great I'll take a look at that and I have to probably help me you know the side,PRESENT_X,CAMERA_1,S_INTRODUCES_FEATURE,CAMERA_1,camera_type,This is a DSLR camera.,PRESENT_X,CAMERA_1,10~14
260,15,NONE,"['CAMERA_3', 'CAMERA_1']","{'CAMERA_1': ['settings', 'preset_modes', 'long_exposure', 'color', 'effects', 'weight', 'camera_type'], 'CAMERA_2': [], 'CAMERA_3': ['preset_modes', 'optical_zoom', 'price']}",C_THANK_YOU,CAMERA_1,NONE,thank you so much for your help,PRESENT_X,CAMERA_1,S_THANK_YOU,CAMERA_1,NONE,thank you very much.,FACE_TO_FACE,NONE,
260,16,NONE,"['CAMERA_3', 'CAMERA_1']","{'CAMERA_1': ['settings', 'preset_modes', 'long_exposure', 'color', 'effects', 'weight', 'camera_type'], 'CAMERA_2': [], 'CAMERA_3': ['preset_modes', 'optical_zoom', 'price']}",C_LEAVES,DOOR,NONE,,FACE_TO_FACE,NONE,S_RETURNS_TO_COUNTER,SERVICE_COUNTER,NONE,,WAITING,NONE,
261,1,NONE,[],"{'CAMERA_1': [], 'CAMERA_2': [], 'CAMERA_3': []}",C_ENTERS,DOOR,NONE,,WAITING,NONE,S_NONE,SERVICE_COUNTER,NONE,,WAITING,NONE,
261,2,NONE,[],"{'CAMERA_1': [], 'CAMERA_2': [], 'CAMERA_3': []}",C_GREETS,MIDDLE,NONE,good morning,WAITING,NONE,S_GREETS,MIDDLE,NONE,can I help you?,FACE_TO_FACE,NONE,
261,3,CAMERA_2,['CAMERA_2'],"{'CAMERA_1': [], 'CAMERA_2': [], 'CAMERA_3': []}",C_LOOKING_FOR_A_CAMERA,MIDDLE,NONE,hi good afternoon I'm looking for a camera with very specific about the pictures,FACE_TO_FACE,NONE,S_INTRODUCES_CAMERA,CAMERA_2,,Let me show you this. Here we have the Fujifilm Lumix ILC Camera.,PRESENT_X,CAMERA_2,39~64
261,4,CAMERA_2,['CAMERA_2'],"{'CAMERA_1': [], 'CAMERA_2': ['preset_modes'], 'CAMERA_3': []}",C_QUESTION_ABOUT_FEATURE,CAMERA_2,preset_modes,does this camera support for preset mode,PRESENT_X,CAMERA_2,S_NOT_SURE,CAMERA_2,,I'm not really sure about that.,PRESENT_X,CAMERA_2,
261,5,NONE,['CAMERA_2'],"{'CAMERA_1': [], 'CAMERA_2': ['preset_modes'], 'CAMERA_3': []}",C_THANK_YOU,CAMERA_2,NONE,thank you,PRESENT_X,CAMERA_2,S_THANK_YOU,CAMERA_2,NONE,thank you very much.,FACE_TO_FACE,NONE,
261,6,NONE,['CAMERA_2'],"{'CAMERA_1': [], 'CAMERA_2': ['preset_modes'], 'CAMERA_3': []}",C_LEAVES,DOOR,NONE,,FACE_TO_FACE,NONE,S_RETURNS_TO_COUNTER,SERVICE_COUNTER,NONE,,WAITING,NONE,
262,1,NONE,[],"{'CAMERA_1': [], 'CAMERA_2': [], 'CAMERA_3': []}",C_ENTERS,DOOR,NONE,,WAITING,NONE,S_NONE,SERVICE_COUNTER,NONE,,WAITING,NONE,
262,2,NONE,[],"{'CAMERA_1': [], 'CAMERA_2': [], 'CAMERA_3': []}",C_WALKS_TO_CAMERA,CAMERA_2,NONE,,WAITING,NONE,S_GREETS,CAMERA_2,NONE,can I help you?,FACE_TO_FACE,NONE,
262,3,CAMERA_2,['CAMERA_2'],"{'CAMERA_1': [], 'CAMERA_2': [], 'CAMERA_3': []}",C_LOOKING_FOR_A_CAMERA,CAMERA_2,NONE,I'm here to see the cameras I want a new one,FACE_TO_FACE,NONE,S_INTRODUCES_CAMERA,CAMERA_2,,Let me show you this. Here we have the Fujifilm Lumix ILC Camera.,PRESENT_X,CAMERA_2,39~64
262,4,CAMERA_2,['CAMERA_2'],"{'CAMERA_1': [], 'CAMERA_2': ['price'], 'CAMERA_3': []}",C_SILENT_OR_BACKCHANNEL,CAMERA_2,NONE,oh wow that seems quite high,PRESENT_X,CAMERA_2,S_INTRODUCES_FEATURE,CAMERA_2,price,This one costs $768.,PRESENT_X,CAMERA_2,15~19
262,5,NONE,['CAMERA_2'],"{'CAMERA_1': [], 'CAMERA_2': ['price'], 'CAMERA_3': []}",C_THANK_YOU,CAMERA_2,NONE,thank you,PRESENT_X,CAMERA_2,S_THANK_YOU,CAMERA_2,NONE,thank you very much.,FACE_TO_FACE,NONE,
262,6,NONE,['CAMERA_2'],"{'CAMERA_1': [], 'CAMERA_2': ['price'], 'CAMERA_3': []}",C_LEAVES,DOOR,NONE,,FACE_TO_FACE,NONE,S_RETURNS_TO_COUNTER,SERVICE_COUNTER,NONE,,WAITING,NONE,
263,1,NONE,[],"{'CAMERA_1': [], 'CAMERA_2': [], 'CAMERA_3': []}",C_ENTERS,DOOR,NONE,,WAITING,NONE,S_NONE,SERVICE_COUNTER,NONE,,WAITING,NONE,
263,2,NONE,[],"{'CAMERA_1': [], 'CAMERA_2': [], 'CAMERA_3': []}",C_GREETS,MIDDLE,NONE,hello,WAITING,NONE,S_GREETS,MIDDLE,NONE,can I help you?,FACE_TO_FACE,NONE,
263,3,CAMERA_1,['CAMERA_1'],"{'CAMERA_1': [], 'CAMERA_2': [], 'CAMERA_3': []}",C_LOOKING_FOR_A_CAMERA,MIDDLE,NONE,the room I'm looking for a new camera that has a professional photographer,FACE_TO_FACE,NONE,S_INTRODUCES_CAMERA,CAMERA_1,,Let me show you this. Here we have the Sony PowerShot ELPH DMC-ZS3.,PRESENT_X,CAMERA_1,39~66
263,4,CAMERA_1,['CAMERA_1'],"{'CAMERA_1': ['optical_zoom'], 'CAMERA_2': [], 'CAMERA_3': []}",C_SILENT_OR_BACKCHANNEL,CAMERA_1,NONE,not too bad,PRESENT_X,CAMERA_1,S_INTRODUCES_FEATURE,CAMERA_1,optical_zoom,This one has 21x optical zoom.,PRESENT_X,CAMERA_1,13~29
263,5,NONE,['CAMERA_1'],"{'CAMERA_1': ['optical_zoom'], 'CAMERA_2': [], 'CAMERA_3': []}",C_THANK_YOU,CAMERA_1,NONE,thank you,PRESENT_X,CAMERA_1,S_THANK_YOU,CAMERA_1,NONE,thank you very much.,FACE_TO_FACE,NONE,
263,6,NONE,['CAMERA_1'],"{'CAMERA_1': ['optical_zoom'], 'CAMERA_2': [], 'CAMERA_3': []}",C_LEAVES,DOOR,NONE,,FACE_TO_FACE,NONE,S_RETURNS_TO_COUNTER,SERVICE_COUNTER,NONE,,WAITING,NONE,
264,1,NONE,[],"{'CAMERA_1': [], 'CAMERA_2': [], 'CAMERA_3': []}",C_ENTERS,DOOR,NONE,,WAITING,NONE,S_NONE,SERVICE_COUNTER,NONE,,WAITING,NONE,
264,2,NONE,[],"{'CAMERA_1': [], 'CAMERA_2': [], 'CAMERA_3': []}",C_WALKS_TO_CAMERA,CAMERA_2,NONE,,WAITING,NONE,S_NONE,SERVICE_COUNTER,NONE,,WAITING,NONE,
264,3,CAMERA_2,['CAMERA_2'],"{'CAMERA_1': [], 'CAMERA_2': ['effects'], 'CAMERA_3': []}",C_QUESTION_ABOUT_FEATURE,CAMERA_2,effects,and what is the artistic effect mode on this camera,WAITING,NONE,S_ANSWERS_QUESTION_ABOUT_FEATURE,CAMERA_2,effects,"This one has 24 artistic effect modes (retro, lighter or darker skin tones, sepia, etc.).",PRESENT_X,CAMERA_2,13~88
264,4,CAMERA_1,"['CAMERA_2', 'CAMERA_1']","{'CAMERA_1': [], 'CAMERA_2': ['effects'], 'CAMERA_3': []}",C_ANYTHING_ELSE_AVAILABLE,CAMERA_2,NONE,do you have any other cameras with preset mode,PRESENT_X,CAMERA_2,S_INTRODUCES_CAMERA,CAMERA_1,,Let me show you this. Here we have the Sony PowerShot ELPH DMC-ZS3.,PRESENT_X,CAMERA_1,39~66
264,5,CAMERA_1,"['CAMERA_2', 'CAMERA_1']","{'CAMERA_1': ['sensor_size'], 'CAMERA_2': ['effects'], 'CAMERA_3': []}",C_SILENT_OR_BACKCHANNEL,CAMERA_1,NONE,I get,PRESENT_X,CAMERA_1,S_INTRODUCES_FEATURE,CAMERA_1,sensor_size,This one has a 1/2.3 inch CMOS sensor.,PRESENT_X,CAMERA_1,15~37
264,6,NONE,"['CAMERA_2', 'CAMERA_1']","{'CAMERA_1': ['sensor_size'], 'CAMERA_2': ['effects'], 'CAMERA_3': []}",C_THANK_YOU,CAMERA_1,NONE,okay thank you very much,PRESENT_X,CAMERA_1,S_THANK_YOU,CAMERA_1,NONE,thank you very much.,FACE_TO_FACE,NONE,
264,7,NONE,"['CAMERA_2', 'CAMERA_1']","{'CAMERA_1': ['sensor_size'], 'CAMERA_2': ['effects'], 'CAMERA_3': []}",C_LEAVES,DOOR,NONE,,FACE_TO_FACE,NONE,S_RETURNS_TO_COUNTER,SERVICE_COUNTER,NONE,,WAITING,NONE,
265,1,NONE,[],"{'CAMERA_1': [], 'CAMERA_2': [], 'CAMERA_3': []}",C_ENTERS,DOOR,NONE,,WAITING,NONE,S_NONE,SERVICE_COUNTER,NONE,,WAITING,NONE,
265,2,NONE,[],"{'CAMERA_1': [], 'CAMERA_2': [], 'CAMERA_3': []}",C_GREETS,MIDDLE,NONE,I'm sorry excuse me,WAITING,NONE,S_GREETS,MIDDLE,NONE,can I help you?,FACE_TO_FACE,NONE,
265,3,CAMERA_1,['CAMERA_1'],"{'CAMERA_1': [], 'CAMERA_2': [], 'CAMERA_3': []}",C_LOOKING_FOR_A_CAMERA,MIDDLE,NONE,I'm looking for a camera,FACE_TO_FACE,NONE,S_INTRODUCES_CAMERA,CAMERA_1,,Let me show you this. Here we have the Sony PowerShot ELPH DMC-ZS3.,PRESENT_X,CAMERA_1,39~66
265,4,CAMERA_1,['CAMERA_1'],"{'CAMERA_1': ['preset_modes'], 'CAMERA_2': [], 'CAMERA_3': []}",C_QUESTION_ABOUT_FEATURE,CAMERA_1,preset_modes,what about the present mode what is that,PRESENT_X,CAMERA_1,S_NOT_SURE,CAMERA_1,,I'm not really sure about that.,PRESENT_X,CAMERA_1,
265,5,CAMERA_1,['CAMERA_1'],"{'CAMERA_1': ['preset_modes', 'camera_type'], 'CAMERA_2': [], 'CAMERA_3': []}",C_QUESTION_ABOUT_FEATURE,CAMERA_1,camera_type,is this a DSLR camera,PRESENT_X,CAMERA_1,S_ANSWERS_QUESTION_ABOUT_FEATURE,CAMERA_1,camera_type,This is a DSLR camera.,PRESENT_X,CAMERA_1,10~14
265,6,CAMERA_3,"['CAMERA_1', 'CAMERA_3']","{'CAMERA_1': ['preset_modes', 'camera_type'], 'CAMERA_2': [], 'CAMERA_3': []}",C_ANYTHING_ELSE_AVAILABLE,CAMERA_1,NONE,So this is the only model you have in your shop,PRESENT_X,CAMERA_1,S_INTRODUCES_CAMERA,CAMERA_3,,Let me show you this. Here we have the Fujifilm PowerShot ELPH S2800.,PRESENT_X,CAMERA_3,39~68
265,7,CAMERA_3,"['CAMERA_1', 'CAMERA_3']","{'CAMERA_1': ['preset_modes', 'camera_type'], 'CAMERA_2': [], 'CAMERA_3': ['camera_type']}",C_QUESTION_ABOUT_FEATURE,CAMERA_3,camera_type,is this a DSLR camera,PRESENT_X,CAMERA_3,S_ANSWERS_QUESTION_ABOUT_FEATURE,CAMERA_3,camera_type,This is a point and shoot camera.,PRESENT_X,CAMERA_3,10~25
265,8,CAMERA_3,"['CAMERA_1', 'CAMERA_3']","{'CAMERA_1': ['preset_modes', 'camera_type'], 'CAMERA_2': [], 'CAMERA_3': ['camera_type', 'weight']}",C_SILENT_OR_BACKCHANNEL,CAMERA_3,NONE,this camera sounds pretty good,PRESENT_X,CAMERA_3,S_INTRODUCES_FEATURE,CAMERA_3,weight,This one weighs 820 grams.,PRESENT_X,CAMERA_3,16~25
265,9,CAMERA_3,"['CAMERA_1', 'CAMERA_3']","{'CAMERA_1': ['preset_modes', 'camera_type'], 'CAMERA_2': [], 'CAMERA_3': ['camera_type', 'weight', 'color']}",C_SILENT_OR_BACKCHANNEL,CAMERA_3,NONE,oh I see,PRESENT_X,CAMERA_3,S_INTRODUCES_FEATURE,CAMERA_3,color,"This one comes in purple, white, silver, blue, red, or pink.",PRESENT_X,CAMERA_3,18~59
265,10,CAMERA_2,"['CAMERA_1', 'CAMERA_3', 'CAMERA_2']","{'CAMERA_1': ['preset_modes', 'camera_type'], 'CAMERA_2': [], 'CAMERA_3': ['camera_type', 'weight', 'color']}",C_ANYTHING_ELSE_AVAILABLE,CAMERA_3,NONE,do you have anything better than this,PRESENT_X,CAMERA_3,S_INTRODUCES_CAMERA,CAMERA_2,,Let me show you this. Here we have the Fujifilm Lumix ILC Camera.,PRESENT_X,CAMERA_2,39~64
265,11,CAMERA_2,"['CAMERA_1', 'CAMERA_3', 'CAMERA_2']","{'CAMERA_1': ['preset_modes', 'camera_type'], 'CAMERA_2': ['settings'], 'CAMERA_3': ['camera_type', 'weight', 'color']}",C_QUESTION_ABOUT_FEATURE,CAMERA_2,settings,okay uh are there any automatic settings on this phone,PRESENT_X,CAMERA_2,S_ANSWERS_QUESTION_ABOUT_FEATURE,CAMERA_2,settings,"This one has manual control and various automatic settings (video modeburst shooting, etc.).",PRESENT_X,CAMERA_2,13~91
265,12,CAMERA_2,"['CAMERA_1', 'CAMERA_3', 'CAMERA_2']","{'CAMERA_1': ['preset_modes', 'camera_type'], 'CAMERA_2': ['settings', 'long_exposure'], 'CAMERA_3': ['camera_type', 'weight', 'color']}",C_QUESTION_ABOUT_FEATURE,CAMERA_2,long_exposure,okay and how long is the exposure,PRESENT_X,CAMERA_2,S_ANSWERS_QUESTION_ABOUT_FEATURE,CAMERA_2,long_exposure,This one can take long exposures up to 60 minutes max with bulb mode.,PRESENT_X,CAMERA_2,39~68
265,13,NONE,"['CAMERA_1', 'CAMERA_3', 'CAMERA_2']","{'CAMERA_1': ['preset_modes', 'camera_type'], 'CAMERA_2': ['settings', 'long_exposure'], 'CAMERA_3': ['camera_type', 'weight', 'color']}",C_THANK_YOU,CAMERA_2,NONE,I will call you if I need your help,PRESENT_X,CAMERA_2,S_THANK_YOU,CAMERA_2,NONE,thank you very much.,FACE_TO_FACE,NONE,
265,14,NONE,"['CAMERA_1', 'CAMERA_3', 'CAMERA_2']","{'CAMERA_1': ['preset_modes', 'camera_type'], 'CAMERA_2': ['settings', 'long_exposure'], 'CAMERA_3': ['camera_type', 'weight', 'color']}",C_LEAVES,DOOR,NONE,,FACE_TO_FACE,NONE,S_RETURNS_TO_COUNTER,SERVICE_COUNTER,NONE,,WAITING,NONE,
266,1,NONE,[],"{'CAMERA_1': [], 'CAMERA_2': [], 'CAMERA_3': []}",C_ENTERS,DOOR,NONE,,WAITING,NONE,S_NONE,SERVICE_COUNTER,NONE,,WAITING,NONE,
266,2,NONE,[],"{'CAMERA_1': [], 'CAMERA_2': [], 'CAMERA_3': []}",C_WALKS_TO_CAMERA,CAMERA_3,NONE,,WAITING,NONE,S_GREETS,CAMERA_3,NONE,can I help you?,FACE_TO_FACE,NONE,
266,3,CAMERA_2,['CAMERA_2'],"{'CAMERA_1': [], 'CAMERA_2': [], 'CAMERA_3': []}",C_LOOKING_FOR_A_CAMERA,CAMERA_3,NONE,on looking for a camera for my best friend but I'm looking for something cheap,FACE_TO_FACE,NONE,S_INTRODUCES_CAMERA,CAMERA_2,,Let me show you this. Here we have the Fujifilm Lumix ILC Camera.,PRESENT_X,CAMERA_2,39~64
266,4,CAMERA_2,['CAMERA_2'],"{'CAMERA_1': [], 'CAMERA_2': ['sensor_size'], 'CAMERA_3': []}",C_QUESTION_ABOUT_FEATURE,CAMERA_2,sensor_size,and how big is it,PRESENT_X,CAMERA_2,S_ANSWERS_QUESTION_ABOUT_FEATURE,CAMERA_2,sensor_size,This one has a 1/2.33 inch sensor.,PRESENT_X,CAMERA_2,15~33
266,5,NONE,['CAMERA_2'],"{'CAMERA_1': [], 'CAMERA_2': ['sensor_size'], 'CAMERA_3': []}",C_THANK_YOU,CAMERA_2,NONE,thank you,PRESENT_X,CAMERA_2,S_THANK_YOU,CAMERA_2,NONE,thank you very much.,FACE_TO_FACE,NONE,
266,6,NONE,['CAMERA_2'],"{'CAMERA_1': [], 'CAMERA_2': ['sensor_size'], 'CAMERA_3': []}",C_LEAVES,DOOR,NONE,,FACE_TO_FACE,NONE,S_RETURNS_TO_COUNTER,SERVICE_COUNTER,NONE,,WAITING,NONE,
267,1,NONE,[],"{'CAMERA_1': [], 'CAMERA_2': [], 'CAMERA_3': []}",C_ENTERS,DOOR,NONE,,WAITING,NONE,S_NONE,SERVICE_COUNTER,NONE,,WAITING,NONE,
267,2,NONE,[],"{'CAMERA_1': [], 'CAMERA_2': [], 'CAMERA_3': []}",C_GREETS,MIDDLE,NONE,excuse me,WAITING,NONE,S_GREETS,MIDDLE,NONE,can I help you?,FACE_TO_FACE,NONE,
267,3,CAMERA_1,['CAMERA_1'],"{'CAMERA_1': [], 'CAMERA_2': [], 'CAMERA_3': []}",C_LOOKING_FOR_A_CAMERA,MIDDLE,NONE,I'm looking for camera to take family pictures,FACE_TO_FACE,NONE,S_INTRODUCES_CAMERA,CAMERA_1,,Let me show you this. Here we have the Sony PowerShot ELPH DMC-ZS3.,PRESENT_X,CAMERA_1,39~66
267,4,CAMERA_1,['CAMERA_1'],"{'CAMERA_1': ['preset_modes'], 'CAMERA_2': [], 'CAMERA_3': []}",C_QUESTION_ABOUT_FEATURE,CAMERA_1,preset_modes,does it have like candle mode,PRESENT_X,CAMERA_1,S_NOT_SURE,CAMERA_1,,I'm not really sure about that.,PRESENT_X,CAMERA_1,
267,5,CAMERA_1,['CAMERA_1'],"{'CAMERA_1': ['preset_modes', 'settings'], 'CAMERA_2': [], 'CAMERA_3': []}",C_SILENT_OR_BACKCHANNEL,CAMERA_1,NONE,good,PRESENT_X,CAMERA_1,S_INTRODUCES_FEATURE,CAMERA_1,settings,This one has limited manual settings.,PRESENT_X,CAMERA_1,13~36
267,6,CAMERA_1,['CAMERA_1'],"{'CAMERA_1': ['preset_modes', 'settings', 'long_exposure'], 'CAMERA_2': [], 'CAMERA_3': []}",C_QUESTION_ABOUT_FEATURE,CAMERA_1,long_exposure,and exposure,PRESENT_X,CAMERA_1,S_ANSWERS_QUESTION_ABOUT_FEATURE,CAMERA_1,long_exposure,This one can take long exposures up to up to 15 seconds with Long Shutter Mode.,PRESENT_X,CAMERA_1,39~78
267,7,CAMERA_1,['CAMERA_1'],"{'CAMERA_1': ['preset_modes', 'settings', 'long_exposure', 'autofocus_points'], 'CAMERA_2': [], 'CAMERA_3': []}",C_SILENT_OR_BACKCHANNEL,CAMERA_1,NONE,ok,PRESENT_X,CAMERA_1,S_INTRODUCES_FEATURE,CAMERA_1,autofocus_points,This one has 135 autofocus points.,PRESENT_X,CAMERA_1,13~33
267,8,NONE,['CAMERA_1'],"{'CAMERA_1': ['preset_modes', 'settings', 'long_exposure', 'autofocus_points'], 'CAMERA_2': [], 'CAMERA_3': []}",C_THANK_YOU,CAMERA_1,NONE,I will call you if I need your help,PRESENT_X,CAMERA_1,S_THANK_YOU,CAMERA_1,NONE,thank you very much.,FACE_TO_FACE,NONE,
267,9,NONE,['CAMERA_1'],"{'CAMERA_1': ['preset_modes', 'settings', 'long_exposure', 'autofocus_points'], 'CAMERA_2': [], 'CAMERA_3': []}",C_LEAVES,DOOR,NONE,,FACE_TO_FACE,NONE,S_RETURNS_TO_COUNTER,SERVICE_COUNTER,NONE,,WAITING,NONE,
268,1,NONE,[],"{'CAMERA_1': [], 'CAMERA_2': [], 'CAMERA_3': []}",C_ENTERS,DOOR,NONE,,WAITING,NONE,S_NONE,SERVICE_COUNTER,NONE,,WAITING,NONE,
268,2,NONE,[],"{'CAMERA_1': [], 'CAMERA_2': [], 'CAMERA_3': []}",C_GREETS,MIDDLE,NONE,excuse me,WAITING,NONE,S_GREETS,MIDDLE,NONE,can I help you?,FACE_TO_FACE,NONE,
268,3,CAMERA_3,['CAMERA_3'],"{'CAMERA_1': [], 'CAMERA_2': [], 'CAMERA_3': []}",C_LOOKING_FOR_A_CAMERA,MIDDLE,NONE,I'm looking for a camera,FACE_TO_FACE,NONE,S_INTRODUCES_CAMERA,CAMERA_3,,Let me show you this. Here we have the Fujifilm PowerShot ELPH S2800.,PRESENT_X,CAMERA_3,39~68
268,4,CAMERA_3,['CAMERA_3'],"{'CAMERA_1': [], 'CAMERA_2': [], 'CAMERA_3': ['preset_modes']}",C_SILENT_OR_BACKCHANNEL,CAMERA_3,NONE,interesting,PRESENT_X,CAMERA_3,S_INTRODUCES_FEATURE,CAMERA_3,preset_modes,This one has various preset modes.,PRESENT_X,CAMERA_3,13~33
268,5,CAMERA_3,['CAMERA_3'],"{'CAMERA_1': [], 'CAMERA_2': [], 'CAMERA_3': ['preset_modes', 'settings']}",C_SILENT_OR_BACKCHANNEL,CAMERA_3,NONE,okay,PRESENT_X,CAMERA_3,S_INTRODUCES_FEATURE,CAMERA_3,settings,"This one has manual control and various automatic settings (video modeburst shooting, etc.).",PRESENT_X,CAMERA_3,13~91
268,6,NONE,['CAMERA_3'],"{'CAMERA_1': [], 'CAMERA_2': [], 'CAMERA_3': ['preset_modes', 'settings']}",C_THANK_YOU,CAMERA_3,NONE,thank you,PRESENT_X,CAMERA_3,S_THANK_YOU,CAMERA_3,NONE,thank you very much.,FACE_TO_FACE,NONE,
268,7,NONE,['CAMERA_3'],"{'CAMERA_1': [], 'CAMERA_2': [], 'CAMERA_3': ['preset_modes', 'settings']}",C_LEAVES,DOOR,NONE,,FACE_TO_FACE,NONE,S_RETURNS_TO_COUNTER,SERVICE_COUNTER,NONE,,WAITING,NONE,
269,1,NONE,[],"{'CAMERA_1': [], 'CAMERA_2': [], 'CAMERA_3': []}",C_ENTERS,DOOR,NONE,,WAITING,NONE,S_NONE,SERVICE_COUNTER,NONE,,WAITING,NONE,
269,2,NONE,[],"{'CAMERA_1': [], 'CAMERA_2': [], 'CAMERA_3': []}",C_GREETS,MIDDLE,NONE,excuse me,WAITING,NONE,S_GREETS,MIDDLE,NONE,can I help you?,FACE_TO_FACE,NONE,
269,3,CAMERA_1,['CAMERA_1'],"{'CAMERA_1': [], 'CAMERA_2': [], 'CAMERA_3': []}",C_LOOKING_FOR_A_CAMERA,MIDDLE,NONE,I'm looking for a camera for traveling so this seems to be good because of Light how much does it weigh,FACE_TO_FACE,NONE,S_INTRODUCES_CAMERA,CAMERA_1,,Let me show you this. Here we have the Sony PowerShot ELPH DMC-ZS3.,PRESENT_X,CAMERA_1,39~66
269,4,CAMERA_1,['CAMERA_1'],"{'CAMERA_1': ['camera_type'], 'CAMERA_2': [], 'CAMERA_3': []}",C_SILENT_OR_BACKCHANNEL,CAMERA_1,NONE,oh that's great,PRESENT_X,CAMERA_1,S_INTRODUCES_FEATURE,CAMERA_1,camera_type,This is a DSLR camera.,PRESENT_X,CAMERA_1,10~14
269,5,CAMERA_1,['CAMERA_1'],"{'CAMERA_1': ['camera_type', 'long_exposure'], 'CAMERA_2': [], 'CAMERA_3': []}",C_QUESTION_ABOUT_FEATURE,CAMERA_1,long_exposure,is this a long exposure,PRESENT_X,CAMERA_1,S_ANSWERS_QUESTION_ABOUT_FEATURE,CAMERA_1,long_exposure,This one can take long exposures up to up to 15 seconds with Long Shutter Mode.,PRESENT_X,CAMERA_1,39~78
269,6,NONE,['CAMERA_1'],"{'CAMERA_1': ['camera_type', 'long_exposure'], 'CAMERA_2': [], 'CAMERA_3': []}",C_THANK_YOU,CAMERA_1,NONE,yes thank you very much for your help,PRESENT_X,CAMERA_1,S_THANK_YOU,CAMERA_1,NONE,thank you very much.,FACE_TO_FACE,NONE,
269,7,NONE,['CAMERA_1'],"{'CAMERA_1': ['camera_type', 'long_exposure'], 'CAMERA_2': [], 'CAMERA_3': []}",C_LEAVES,DOOR,NONE,,FACE_TO_FACE,NONE,S_RETURNS_TO_COUNTER,SERVICE_COUNTER,NONE,,WAITING,NONE,
270,1,NONE,[],"{'CAMERA_1': [], 'CAMERA_2': [], 'CAMERA_3': []}",C_ENTERS,DOOR,NONE,,WAITING,NONE,S_NONE,SERVICE_COUNTER,NONE,,WAITING,NONE,
270,2,NONE,[],"{'CAMERA_1': [], 'CAMERA_2': [], 'CAMERA_3': []}",C_GREETS,MIDDLE,NONE,excuse me,WAITING,NONE,S_GREETS,MIDDLE,NONE,can I help you?,FACE_TO_FACE,NONE,
270,3,CAMERA_1,['CAMERA_1'],"{'CAMERA_1': [], 'CAMERA_2': [], 'CAMERA_3': []}",C_LOOKING_FOR_A_CAMERA,MIDDLE,NONE,I'm just looking for a camera,FACE_TO_FACE,NONE,S_INTRODUCES_CAMERA,CAMERA_1,,Let me show you this. Here we have the Sony PowerShot ELPH DMC-ZS3.,PRESENT_X,CAMERA_1,39~66
270,4,CAMERA_1,['CAMERA_1'],"{'CAMERA_1': ['resolution'], 'CAMERA_2': [], 'CAMERA_3': []}",C_QUESTION_ABOUT_FEATURE,CAMERA_1,resolution,I said he's got the glamour of a touch affect what what does that mean,PRESENT_X,CAMERA_1,S_ANSWERS_QUESTION_ABOUT_FEATURE,CAMERA_1,resolution,This one has 17.8 megapixels resolution.,PRESENT_X,CAMERA_1,13~28
270,5,CAMERA_1,['CAMERA_1'],"{'CAMERA_1': ['resolution', 'color'], 'CAMERA_2': [], 'CAMERA_3': []}",C_SILENT_OR_BACKCHANNEL,CAMERA_1,NONE,that's not bad,PRESENT_X,CAMERA_1,S_INTRODUCES_FEATURE,CAMERA_1,color,This one comes in blue or black.,PRESENT_X,CAMERA_1,18~31
270,6,CAMERA_1,['CAMERA_1'],"{'CAMERA_1': ['resolution', 'color', 'price'], 'CAMERA_2': [], 'CAMERA_3': []}",C_SILENT_OR_BACKCHANNEL,CAMERA_1,NONE,okay,PRESENT_X,CAMERA_1,S_INTRODUCES_FEATURE,CAMERA_1,price,This one costs $450.,PRESENT_X,CAMERA_1,15~19
270,7,CAMERA_1,['CAMERA_1'],"{'CAMERA_1': ['resolution', 'color', 'price', 'optical_zoom'], 'CAMERA_2': [], 'CAMERA_3': []}",C_QUESTION_ABOUT_FEATURE,CAMERA_1,optical_zoom,I see ok can the optical zoom what does that do,PRESENT_X,CAMERA_1,S_ANSWERS_QUESTION_ABOUT_FEATURE,CAMERA_1,optical_zoom,This one has 21x optical zoom.,PRESENT_X,CAMERA_1,13~29
270,8,CAMERA_1,['CAMERA_1'],"{'CAMERA_1': ['resolution', 'color', 'price', 'optical_zoom', 'preset_modes'], 'CAMERA_2': [], 'CAMERA_3': []}",C_QUESTION_ABOUT_FEATURE,CAMERA_1,preset_modes,Is this support preset mode,PRESENT_X,CAMERA_1,S_NOT_SURE,CAMERA_1,,I'm not really sure about that.,PRESENT_X,CAMERA_1,
270,9,CAMERA_2,"['CAMERA_1', 'CAMERA_2']","{'CAMERA_1': ['resolution', 'color', 'price', 'optical_zoom', 'preset_modes'], 'CAMERA_2': [], 'CAMERA_3': []}",C_ANYTHING_ELSE_AVAILABLE,CAMERA_1,NONE,So this is the only model you have in your shop,PRESENT_X,CAMERA_1,S_INTRODUCES_CAMERA,CAMERA_2,,Let me show you this. Here we have the Fujifilm Lumix ILC Camera.,PRESENT_X,CAMERA_2,39~64
270,10,CAMERA_2,"['CAMERA_1', 'CAMERA_2']","{'CAMERA_1': ['resolution', 'color', 'price', 'optical_zoom', 'preset_modes'], 'CAMERA_2': ['price'], 'CAMERA_3': []}",C_QUESTION_ABOUT_FEATURE,CAMERA_2,price,how much does it cost,PRESENT_X,CAMERA_2,S_ANSWERS_QUESTION_ABOUT_FEATURE,CAMERA_2,price,This one costs $768.,PRESENT_X,CAMERA_2,15~19
270,11,CAMERA_2,"['CAMERA_1', 'CAMERA_2']","{'CAMERA_1': ['resolution', 'color', 'price', 'optical_zoom', 'preset_modes'], 'CAMERA_2': ['price', 'ISO'], 'CAMERA_3': []}",C_QUESTION_ABOUT_FEATURE,CAMERA_2,ISO,so what is the high ISO performance like,PRESENT_X,CAMERA_2,S_NOT_SURE,CAMERA_2,,I'm not really sure about that.,PRESENT_X,CAMERA_2,
270,12,NONE,"['CAMERA_1', 'CAMERA_2']","{'CAMERA_1': ['resolution', 'color', 'price', 'optical_zoom', 'preset_modes'], 'CAMERA_2': ['price', 'ISO'], 'CAMERA_3': []}",C_THANK_YOU,CAMERA_2,NONE,thank you so much,PRESENT_X,CAMERA_2,S_THANK_YOU,CAMERA_2,NONE,thank you very much.,FACE_TO_FACE,NONE,
270,13,NONE,"['CAMERA_1', 'CAMERA_2']","{'CAMERA_1': ['resolution', 'color', 'price', 'optical_zoom', 'preset_modes'], 'CAMERA_2': ['price', 'ISO'], 'CAMERA_3': []}",C_LEAVES,DOOR,NONE,,FACE_TO_FACE,NONE,S_RETURNS_TO_COUNTER,SERVICE_COUNTER,NONE,,WAITING,NONE,
271,1,NONE,[],"{'CAMERA_1': [], 'CAMERA_2': [], 'CAMERA_3': []}",C_ENTERS,DOOR,NONE,,WAITING,NONE,S_NONE,SERVICE_COUNTER,NONE,,WAITING,NONE,
271,2,NONE,[],"{'CAMERA_1': [], 'CAMERA_2': [], 'CAMERA_3': []}",C_GREETS,MIDDLE,NONE,hello good morning,WAITING,NONE,S_GREETS,MIDDLE,NONE,can I help you?,FACE_TO_FACE,NONE,
271,3,CAMERA_2,['CAMERA_2'],"{'CAMERA_1': [], 'CAMERA_2': [], 'CAMERA_3': []}",C_LOOKING_FOR_A_CAMERA,MIDDLE,NONE,hiker afternoon looking to buy a new camera,FACE_TO_FACE,NONE,S_INTRODUCES_CAMERA,CAMERA_2,,Let me show you this. Here we have the Fujifilm Lumix ILC Camera.,PRESENT_X,CAMERA_2,39~64
271,4,CAMERA_2,['CAMERA_2'],"{'CAMERA_1': [], 'CAMERA_2': ['price'], 'CAMERA_3': []}",C_QUESTION_ABOUT_FEATURE,CAMERA_2,price,how much does it cost,PRESENT_X,CAMERA_2,S_ANSWERS_QUESTION_ABOUT_FEATURE,CAMERA_2,price,This one costs $768.,PRESENT_X,CAMERA_2,15~19
271,5,CAMERA_1,"['CAMERA_2', 'CAMERA_1']","{'CAMERA_1': [], 'CAMERA_2': ['price'], 'CAMERA_3': []}",C_ANYTHING_ELSE_AVAILABLE,CAMERA_2,NONE,ok do you have any other cameras,PRESENT_X,CAMERA_2,S_INTRODUCES_CAMERA,CAMERA_1,,Let me show you this. Here we have the Sony PowerShot ELPH DMC-ZS3.,PRESENT_X,CAMERA_1,39~66
271,6,CAMERA_1,"['CAMERA_2', 'CAMERA_1']","{'CAMERA_1': ['ISO'], 'CAMERA_2': ['price'], 'CAMERA_3': []}",C_QUESTION_ABOUT_FEATURE,CAMERA_1,ISO,how high can I set the ISO,PRESENT_X,CAMERA_1,S_ANSWERS_QUESTION_ABOUT_FEATURE,CAMERA_1,ISO,This one has up to 51200 ISO.,PRESENT_X,CAMERA_1,13~28
271,7,CAMERA_1,"['CAMERA_2', 'CAMERA_1']","{'CAMERA_1': ['ISO', 'price'], 'CAMERA_2': ['price'], 'CAMERA_3': []}",C_QUESTION_ABOUT_FEATURE,CAMERA_1,price,what's the price,PRESENT_X,CAMERA_1,S_ANSWERS_QUESTION_ABOUT_FEATURE,CAMERA_1,price,This one costs $450.,PRESENT_X,CAMERA_1,15~19
271,8,CAMERA_1,"['CAMERA_2', 'CAMERA_1']","{'CAMERA_1': ['ISO', 'price', 'color'], 'CAMERA_2': ['price'], 'CAMERA_3': []}",C_QUESTION_ABOUT_FEATURE,CAMERA_1,color,is there any other colors,PRESENT_X,CAMERA_1,S_ANSWERS_QUESTION_ABOUT_FEATURE,CAMERA_1,color,This one comes in blue or black.,PRESENT_X,CAMERA_1,18~31
271,9,CAMERA_1,"['CAMERA_2', 'CAMERA_1']","{'CAMERA_1': ['ISO', 'price', 'color', 'autofocus_points'], 'CAMERA_2': ['price'], 'CAMERA_3': []}",C_SILENT_OR_BACKCHANNEL,CAMERA_1,NONE,okay,PRESENT_X,CAMERA_1,S_INTRODUCES_FEATURE,CAMERA_1,autofocus_points,This one has 135 autofocus points.,PRESENT_X,CAMERA_1,13~33
271,10,CAMERA_1,"['CAMERA_2', 'CAMERA_1']","{'CAMERA_1': ['ISO', 'price', 'color', 'autofocus_points', 'resolution'], 'CAMERA_2': ['price'], 'CAMERA_3': []}",C_SILENT_OR_BACKCHANNEL,CAMERA_1,NONE,it seems like a pretty good camera,PRESENT_X,CAMERA_1,S_INTRODUCES_FEATURE,CAMERA_1,resolution,This one has 17.8 megapixels resolution.,PRESENT_X,CAMERA_1,13~28
271,11,CAMERA_1,"['CAMERA_2', 'CAMERA_1']","{'CAMERA_1': ['ISO', 'price', 'color', 'autofocus_points', 'resolution', 'sensor_size'], 'CAMERA_2': ['price'], 'CAMERA_3': []}",C_SILENT_OR_BACKCHANNEL,CAMERA_1,NONE,sounds great I'll take one of them with me,PRESENT_X,CAMERA_1,S_INTRODUCES_FEATURE,CAMERA_1,sensor_size,This one has a 1/2.3 inch CMOS sensor.,PRESENT_X,CAMERA_1,15~37
271,12,CAMERA_1,"['CAMERA_2', 'CAMERA_1']","{'CAMERA_1': ['ISO', 'price', 'color', 'autofocus_points', 'resolution', 'sensor_size', 'camera_type'], 'CAMERA_2': ['price'], 'CAMERA_3': []}",C_SILENT_OR_BACKCHANNEL,CAMERA_1,NONE,i see,PRESENT_X,CAMERA_1,S_INTRODUCES_FEATURE,CAMERA_1,camera_type,This is a DSLR camera.,PRESENT_X,CAMERA_1,10~14
271,13,NONE,"['CAMERA_2', 'CAMERA_1']","{'CAMERA_1': ['ISO', 'price', 'color', 'autofocus_points', 'resolution', 'sensor_size', 'camera_type'], 'CAMERA_2': ['price'], 'CAMERA_3': []}",C_THANK_YOU,CAMERA_1,NONE,alright thank you,PRESENT_X,CAMERA_1,S_THANK_YOU,CAMERA_1,NONE,thank you very much.,FACE_TO_FACE,NONE,
271,14,NONE,"['CAMERA_2', 'CAMERA_1']","{'CAMERA_1': ['ISO', 'price', 'color', 'autofocus_points', 'resolution', 'sensor_size', 'camera_type'], 'CAMERA_2': ['price'], 'CAMERA_3': []}",C_LEAVES,DOOR,NONE,,FACE_TO_FACE,NONE,S_RETURNS_TO_COUNTER,SERVICE_COUNTER,NONE,,WAITING,NONE,
272,1,NONE,[],"{'CAMERA_1': [], 'CAMERA_2': [], 'CAMERA_3': []}",C_ENTERS,DOOR,NONE,,WAITING,NONE,S_NONE,SERVICE_COUNTER,NONE,,WAITING,NONE,
272,2,NONE,[],"{'CAMERA_1': [], 'CAMERA_2': [], 'CAMERA_3': []}",C_GREETS,MIDDLE,NONE,I'm sorry I am which mode,WAITING,NONE,S_GREETS,MIDDLE,NONE,can I help you?,FACE_TO_FACE,NONE,
272,3,CAMERA_1,['CAMERA_1'],"{'CAMERA_1': [], 'CAMERA_2': [], 'CAMERA_3': []}",C_LOOKING_FOR_A_CAMERA,MIDDLE,NONE,I'm just looking around,FACE_TO_FACE,NONE,S_INTRODUCES_CAMERA,CAMERA_1,,Let me show you this. Here we have the Sony PowerShot ELPH DMC-ZS3.,PRESENT_X,CAMERA_1,39~66
272,4,CAMERA_1,['CAMERA_1'],"{'CAMERA_1': ['preset_modes'], 'CAMERA_2': [], 'CAMERA_3': []}",C_QUESTION_ABOUT_FEATURE,CAMERA_1,preset_modes,does he have any menu settings at all,PRESENT_X,CAMERA_1,S_NOT_SURE,CAMERA_1,,I'm not really sure about that.,PRESENT_X,CAMERA_1,
272,5,CAMERA_1,['CAMERA_1'],"{'CAMERA_1': ['preset_modes', 'settings'], 'CAMERA_2': [], 'CAMERA_3': []}",C_QUESTION_ABOUT_FEATURE,CAMERA_1,settings,great so can you please explain me more about this manual settings,PRESENT_X,CAMERA_1,S_ANSWERS_QUESTION_ABOUT_FEATURE,CAMERA_1,settings,This one has limited manual settings.,PRESENT_X,CAMERA_1,13~36
272,6,NONE,['CAMERA_1'],"{'CAMERA_1': ['preset_modes', 'settings'], 'CAMERA_2': [], 'CAMERA_3': []}",C_THANK_YOU,CAMERA_1,NONE,thank you,PRESENT_X,CAMERA_1,S_THANK_YOU,CAMERA_1,NONE,thank you very much.,FACE_TO_FACE,NONE,
272,7,NONE,['CAMERA_1'],"{'CAMERA_1': ['preset_modes', 'settings'], 'CAMERA_2': [], 'CAMERA_3': []}",C_LEAVES,DOOR,NONE,,FACE_TO_FACE,NONE,S_RETURNS_TO_COUNTER,SERVICE_COUNTER,NONE,,WAITING,NONE,
273,1,NONE,[],"{'CAMERA_1': [], 'CAMERA_2': [], 'CAMERA_3': []}",C_ENTERS,DOOR,NONE,,WAITING,NONE,S_NONE,SERVICE_COUNTER,NONE,,WAITING,NONE,
273,2,NONE,[],"{'CAMERA_1': [], 'CAMERA_2': [], 'CAMERA_3': []}",C_WALKS_TO_CAMERA,CAMERA_2,NONE,,WAITING,NONE,S_GREETS,CAMERA_2,NONE,can I help you?,FACE_TO_FACE,NONE,
273,3,CAMERA_2,['CAMERA_2'],"{'CAMERA_1': [], 'CAMERA_2': [], 'CAMERA_3': []}",C_LOOKING_FOR_A_CAMERA,CAMERA_2,NONE,hi good afternoon I'm looking for a camera for my next trip to Singapore can you help me with that,FACE_TO_FACE,NONE,S_INTRODUCES_CAMERA,CAMERA_2,,Let me show you this. Here we have the Fujifilm Lumix ILC Camera.,PRESENT_X,CAMERA_2,39~64
273,4,CAMERA_2,['CAMERA_2'],"{'CAMERA_1': [], 'CAMERA_2': ['weight'], 'CAMERA_3': []}",C_SILENT_OR_BACKCHANNEL,CAMERA_2,NONE,cic,PRESENT_X,CAMERA_2,S_INTRODUCES_FEATURE,CAMERA_2,weight,This one weighs 820 grams.,PRESENT_X,CAMERA_2,16~25
273,5,CAMERA_2,['CAMERA_2'],"{'CAMERA_1': [], 'CAMERA_2': ['weight', 'settings'], 'CAMERA_3': []}",C_SILENT_OR_BACKCHANNEL,CAMERA_2,NONE,IC,PRESENT_X,CAMERA_2,S_INTRODUCES_FEATURE,CAMERA_2,settings,"This one has manual control and various automatic settings (video modeburst shooting, etc.).",PRESENT_X,CAMERA_2,13~91
273,6,CAMERA_2,['CAMERA_2'],"{'CAMERA_1': [], 'CAMERA_2': ['weight', 'settings', 'price'], 'CAMERA_3': []}",C_QUESTION_ABOUT_FEATURE,CAMERA_2,price,how much is this camera,PRESENT_X,CAMERA_2,S_ANSWERS_QUESTION_ABOUT_FEATURE,CAMERA_2,price,This one costs $768.,PRESENT_X,CAMERA_2,15~19
273,7,CAMERA_1,"['CAMERA_2', 'CAMERA_1']","{'CAMERA_1': [], 'CAMERA_2': ['weight', 'settings', 'price'], 'CAMERA_3': []}",C_ANYTHING_ELSE_AVAILABLE,CAMERA_2,NONE,Do you have any other cameras under $300,PRESENT_X,CAMERA_2,S_INTRODUCES_CAMERA,CAMERA_1,,Let me show you this. Here we have the Sony PowerShot ELPH DMC-ZS3.,PRESENT_X,CAMERA_1,39~66
273,8,CAMERA_1,"['CAMERA_2', 'CAMERA_1']","{'CAMERA_1': ['color'], 'CAMERA_2': ['weight', 'settings', 'price'], 'CAMERA_3': []}",C_QUESTION_ABOUT_FEATURE,CAMERA_1,color,does it come in any other colors,PRESENT_X,CAMERA_1,S_ANSWERS_QUESTION_ABOUT_FEATURE,CAMERA_1,color,This one comes in blue or black.,PRESENT_X,CAMERA_1,18~31
273,9,CAMERA_1,"['CAMERA_2', 'CAMERA_1']","{'CAMERA_1': ['color', 'autofocus_points'], 'CAMERA_2': ['weight', 'settings', 'price'], 'CAMERA_3': []}",C_QUESTION_ABOUT_FEATURE,CAMERA_1,autofocus_points,How many autofocus points does this Canon camera have,PRESENT_X,CAMERA_1,S_ANSWERS_QUESTION_ABOUT_FEATURE,CAMERA_1,autofocus_points,This one has 135 autofocus points.,PRESENT_X,CAMERA_1,13~33
273,10,CAMERA_1,"['CAMERA_2', 'CAMERA_1']","{'CAMERA_1': ['color', 'autofocus_points', 'long_exposure'], 'CAMERA_2': ['weight', 'settings', 'price'], 'CAMERA_3': []}",C_SILENT_OR_BACKCHANNEL,CAMERA_1,NONE,Wow it also seems very friendly to use,PRESENT_X,CAMERA_1,S_INTRODUCES_FEATURE,CAMERA_1,long_exposure,This one can take long exposures up to up to 15 seconds with Long Shutter Mode.,PRESENT_X,CAMERA_1,39~78
273,11,NONE,"['CAMERA_2', 'CAMERA_1']","{'CAMERA_1': ['color', 'autofocus_points', 'long_exposure'], 'CAMERA_2': ['weight', 'settings', 'price'], 'CAMERA_3': []}",C_THANK_YOU,CAMERA_1,NONE,thank you,PRESENT_X,CAMERA_1,S_THANK_YOU,CAMERA_1,NONE,thank you very much.,FACE_TO_FACE,NONE,
273,12,NONE,"['CAMERA_2', 'CAMERA_1']","{'CAMERA_1': ['color', 'autofocus_points', 'long_exposure'], 'CAMERA_2': ['weight', 'settings', 'price'], 'CAMERA_3': []}",C_LEAVES,DOOR,NONE,,FACE_TO_FACE,NONE,S_RETURNS_TO_COUNTER,SERVICE_COUNTER,NONE,,WAITING,NONE,
274,1,NONE,[],"{'CAMERA_1': [], 'CAMERA_2': [], 'CAMERA_3': []}",C_ENTERS,DOOR,NONE,,WAITING,NONE,S_NONE,SERVICE_COUNTER,NONE,,WAITING,NONE,
274,2,NONE,[],"{'CAMERA_1': [], 'CAMERA_2': [], 'CAMERA_3': []}",C_GREETS,MIDDLE,NONE,excuse me,WAITING,NONE,S_GREETS,MIDDLE,NONE,can I help you?,FACE_TO_FACE,NONE,
274,3,CAMERA_2,['CAMERA_2'],"{'CAMERA_1': [], 'CAMERA_2': [], 'CAMERA_3': []}",C_LOOKING_FOR_A_CAMERA,MIDDLE,NONE,I'm looking for a professional camera,FACE_TO_FACE,NONE,S_INTRODUCES_CAMERA,CAMERA_2,,Let me show you this. Here we have the Fujifilm Lumix ILC Camera.,PRESENT_X,CAMERA_2,39~64
274,4,CAMERA_2,['CAMERA_2'],"{'CAMERA_1': [], 'CAMERA_2': ['effects'], 'CAMERA_3': []}",C_SILENT_OR_BACKCHANNEL,CAMERA_2,NONE,IC,PRESENT_X,CAMERA_2,S_INTRODUCES_FEATURE,CAMERA_2,effects,"This one has 24 artistic effect modes (retro, lighter or darker skin tones, sepia, etc.).",PRESENT_X,CAMERA_2,13~88
274,5,NONE,['CAMERA_2'],"{'CAMERA_1': [], 'CAMERA_2': ['effects'], 'CAMERA_3': []}",C_THANK_YOU,CAMERA_2,NONE,thank you very much for your assistance and have a great day,PRESENT_X,CAMERA_2,S_THANK_YOU,CAMERA_2,NONE,thank you very much.,FACE_TO_FACE,NONE,
274,6,NONE,['CAMERA_2'],"{'CAMERA_1': [], 'CAMERA_2': ['effects'], 'CAMERA_3': []}",C_LEAVES,DOOR,NONE,,FACE_TO_FACE,NONE,S_RETURNS_TO_COUNTER,SERVICE_COUNTER,NONE,,WAITING,NONE,
275,1,NONE,[],"{'CAMERA_1': [], 'CAMERA_2': [], 'CAMERA_3': []}",C_ENTERS,DOOR,NONE,,WAITING,NONE,S_NONE,SERVICE_COUNTER,NONE,,WAITING,NONE,
275,2,NONE,[],"{'CAMERA_1': [], 'CAMERA_2': [], 'CAMERA_3': []}",C_GREETS,MIDDLE,NONE,hello,WAITING,NONE,S_GREETS,MIDDLE,NONE,can I help you?,FACE_TO_FACE,NONE,
275,3,CAMERA_3,['CAMERA_3'],"{'CAMERA_1': [], 'CAMERA_2': [], 'CAMERA_3': []}",C_LOOKING_FOR_A_CAMERA,MIDDLE,NONE,I'm just here looking at the new cameras at your home,FACE_TO_FACE,NONE,S_INTRODUCES_CAMERA,CAMERA_3,,Let me show you this. Here we have the Fujifilm PowerShot ELPH S2800.,PRESENT_X,CAMERA_3,39~68
275,4,CAMERA_3,['CAMERA_3'],"{'CAMERA_1': [], 'CAMERA_2': [], 'CAMERA_3': ['ISO']}",C_QUESTION_ABOUT_FEATURE,CAMERA_3,ISO,how is iso performance,PRESENT_X,CAMERA_3,S_ANSWERS_QUESTION_ABOUT_FEATURE,CAMERA_3,ISO,This one has up to 3200 ISO with little noise.,PRESENT_X,CAMERA_3,13~45
275,5,CAMERA_3,['CAMERA_3'],"{'CAMERA_1': [], 'CAMERA_2': [], 'CAMERA_3': ['ISO', 'resolution']}",C_SILENT_OR_BACKCHANNEL,CAMERA_3,NONE,I think this is not too bad,PRESENT_X,CAMERA_3,S_INTRODUCES_FEATURE,CAMERA_3,resolution,This one has 23.2 megapixels resolution.,PRESENT_X,CAMERA_3,13~28
275,6,NONE,['CAMERA_3'],"{'CAMERA_1': [], 'CAMERA_2': [], 'CAMERA_3': ['ISO', 'resolution']}",C_THANK_YOU,CAMERA_3,NONE,thank you,PRESENT_X,CAMERA_3,S_THANK_YOU,CAMERA_3,NONE,thank you very much.,FACE_TO_FACE,NONE,
275,7,NONE,['CAMERA_3'],"{'CAMERA_1': [], 'CAMERA_2': [], 'CAMERA_3': ['ISO', 'resolution']}",C_LEAVES,DOOR,NONE,,FACE_TO_FACE,NONE,S_RETURNS_TO_COUNTER,SERVICE_COUNTER,NONE,,WAITING,NONE,
276,1,NONE,[],"{'CAMERA_1': [], 'CAMERA_2': [], 'CAMERA_3': []}",C_ENTERS,DOOR,NONE,,WAITING,NONE,S_NONE,SERVICE_COUNTER,NONE,,WAITING,NONE,
276,2,NONE,[],"{'CAMERA_1': [], 'CAMERA_2': [], 'CAMERA_3': []}",C_GREETS,MIDDLE,NONE,Hi do you have anything by nikon that's good,WAITING,NONE,S_GREETS,MIDDLE,NONE,can I help you?,FACE_TO_FACE,NONE,
276,3,CAMERA_3,['CAMERA_3'],"{'CAMERA_1': [], 'CAMERA_2': [], 'CAMERA_3': []}",C_LOOKING_FOR_A_CAMERA,MIDDLE,NONE,I'm looking for a DSLR type camera,FACE_TO_FACE,NONE,S_INTRODUCES_CAMERA,CAMERA_3,,Let me show you this. Here we have the Fujifilm PowerShot ELPH S2800.,PRESENT_X,CAMERA_3,39~68
276,4,CAMERA_3,['CAMERA_3'],"{'CAMERA_1': [], 'CAMERA_2': [], 'CAMERA_3': ['weight']}",C_QUESTION_ABOUT_FEATURE,CAMERA_3,weight,what about it weight ,PRESENT_X,CAMERA_3,S_ANSWERS_QUESTION_ABOUT_FEATURE,CAMERA_3,weight,This one weighs 820 grams.,PRESENT_X,CAMERA_3,16~25
276,5,CAMERA_3,['CAMERA_3'],"{'CAMERA_1': [], 'CAMERA_2': [], 'CAMERA_3': ['weight', 'optical_zoom']}",C_QUESTION_ABOUT_FEATURE,CAMERA_3,optical_zoom,can I lick a zoom in,PRESENT_X,CAMERA_3,S_NOT_SURE,CAMERA_3,,I'm not really sure about that.,PRESENT_X,CAMERA_3,
276,6,CAMERA_3,['CAMERA_3'],"{'CAMERA_1': [], 'CAMERA_2': [], 'CAMERA_3': ['weight', 'optical_zoom', 'price']}",C_SILENT_OR_BACKCHANNEL,CAMERA_3,NONE,it's not bad not bad,PRESENT_X,CAMERA_3,S_INTRODUCES_FEATURE,CAMERA_3,price,This one costs $518.,PRESENT_X,CAMERA_3,15~19
276,7,CAMERA_3,['CAMERA_3'],"{'CAMERA_1': [], 'CAMERA_2': [], 'CAMERA_3': ['weight', 'optical_zoom', 'price', 'settings']}",C_SILENT_OR_BACKCHANNEL,CAMERA_3,NONE,so it can be saved on a computer Library,PRESENT_X,CAMERA_3,S_INTRODUCES_FEATURE,CAMERA_3,settings,"This one has manual control and various automatic settings (video modeburst shooting, etc.).",PRESENT_X,CAMERA_3,13~91
276,8,CAMERA_3,['CAMERA_3'],"{'CAMERA_1': [], 'CAMERA_2': [], 'CAMERA_3': ['weight', 'optical_zoom', 'price', 'settings', 'color']}",C_QUESTION_ABOUT_FEATURE,CAMERA_3,color,how about the colors and what color does it come in,PRESENT_X,CAMERA_3,S_ANSWERS_QUESTION_ABOUT_FEATURE,CAMERA_3,color,"This one comes in purple, white, silver, blue, red, or pink.",PRESENT_X,CAMERA_3,18~59
276,9,NONE,['CAMERA_3'],"{'CAMERA_1': [], 'CAMERA_2': [], 'CAMERA_3': ['weight', 'optical_zoom', 'price', 'settings', 'color']}",C_THANK_YOU,CAMERA_3,NONE,you okay thank you very much for your help have a good afternoon,PRESENT_X,CAMERA_3,S_THANK_YOU,CAMERA_3,NONE,thank you very much.,FACE_TO_FACE,NONE,
276,10,NONE,['CAMERA_3'],"{'CAMERA_1': [], 'CAMERA_2': [], 'CAMERA_3': ['weight', 'optical_zoom', 'price', 'settings', 'color']}",C_LEAVES,DOOR,NONE,,FACE_TO_FACE,NONE,S_RETURNS_TO_COUNTER,SERVICE_COUNTER,NONE,,WAITING,NONE,
277,1,NONE,[],"{'CAMERA_1': [], 'CAMERA_2': [], 'CAMERA_3': []}",C_ENTERS,DOOR,NONE,,WAITING,NONE,S_NONE,SERVICE_COUNTER,NONE,,WAITING,NONE,
277,2,NONE,[],"{'CAMERA_1': [], 'CAMERA_2': [], 'CAMERA_3': []}",C_GREETS,MIDDLE,NONE,hello,WAITING,NONE,S_GREETS,MIDDLE,NONE,can I help you?,FACE_TO_FACE,NONE,
277,3,CAMERA_3,['CAMERA_3'],"{'CAMERA_1': [], 'CAMERA_2': [], 'CAMERA_3': []}",C_LOOKING_FOR_A_CAMERA,MIDDLE,NONE,just looking to buy a camera,FACE_TO_FACE,NONE,S_INTRODUCES_CAMERA,CAMERA_3,,Let me show you this. Here we have the Fujifilm PowerShot ELPH S2800.,PRESENT_X,CAMERA_3,39~68
277,4,CAMERA_3,['CAMERA_3'],"{'CAMERA_1': [], 'CAMERA_2': [], 'CAMERA_3': ['effects']}",C_QUESTION_ABOUT_FEATURE,CAMERA_3,effects,can you explain the artistic effects modes available with this one,PRESENT_X,CAMERA_3,S_ANSWERS_QUESTION_ABOUT_FEATURE,CAMERA_3,effects,"This one has 21 photo effects (small face, retro, big eyes, etc.).",PRESENT_X,CAMERA_3,13~65
277,5,CAMERA_3,['CAMERA_3'],"{'CAMERA_1': [], 'CAMERA_2': [], 'CAMERA_3': ['effects', 'resolution']}",C_QUESTION_ABOUT_FEATURE,CAMERA_3,resolution,and this is a touch screen,PRESENT_X,CAMERA_3,S_ANSWERS_QUESTION_ABOUT_FEATURE,CAMERA_3,resolution,This one has 23.2 megapixels resolution.,PRESENT_X,CAMERA_3,13~28
277,6,CAMERA_3,['CAMERA_3'],"{'CAMERA_1': [], 'CAMERA_2': [], 'CAMERA_3': ['effects', 'resolution', 'preset_modes']}",C_SILENT_OR_BACKCHANNEL,CAMERA_3,NONE,ok,PRESENT_X,CAMERA_3,S_INTRODUCES_FEATURE,CAMERA_3,preset_modes,This one has various preset modes.,PRESENT_X,CAMERA_3,13~33
277,7,NONE,['CAMERA_3'],"{'CAMERA_1': [], 'CAMERA_2': [], 'CAMERA_3': ['effects', 'resolution', 'preset_modes']}",C_THANK_YOU,CAMERA_3,NONE,thank you,PRESENT_X,CAMERA_3,S_THANK_YOU,CAMERA_3,NONE,thank you very much.,FACE_TO_FACE,NONE,
277,8,NONE,['CAMERA_3'],"{'CAMERA_1': [], 'CAMERA_2': [], 'CAMERA_3': ['effects', 'resolution', 'preset_modes']}",C_LEAVES,DOOR,NONE,,FACE_TO_FACE,NONE,S_RETURNS_TO_COUNTER,SERVICE_COUNTER,NONE,,WAITING,NONE,
278,1,NONE,[],"{'CAMERA_1': [], 'CAMERA_2': [], 'CAMERA_3': []}",C_ENTERS,DOOR,NONE,,WAITING,NONE,S_NONE,SERVICE_COUNTER,NONE,,WAITING,NONE,
278,2,NONE,[],"{'CAMERA_1': [], 'CAMERA_2': [], 'CAMERA_3': []}",C_GREETS,MIDDLE,NONE,excuse me,WAITING,NONE,S_GREETS,MIDDLE,NONE,can I help you?,FACE_TO_FACE,NONE,
278,3,CAMERA_3,['CAMERA_3'],"{'CAMERA_1': [], 'CAMERA_2': [], 'CAMERA_3': []}",C_LOOKING_FOR_A_CAMERA,MIDDLE,NONE,I want to get a new camera,FACE_TO_FACE,NONE,S_INTRODUCES_CAMERA,CAMERA_3,,Let me show you this. Here we have the Fujifilm PowerShot ELPH S2800.,PRESENT_X,CAMERA_3,39~68
278,4,CAMERA_3,['CAMERA_3'],"{'CAMERA_1': [], 'CAMERA_2': [], 'CAMERA_3': ['settings']}",C_SILENT_OR_BACKCHANNEL,CAMERA_3,NONE,I say so,PRESENT_X,CAMERA_3,S_INTRODUCES_FEATURE,CAMERA_3,settings,"This one has manual control and various automatic settings (video modeburst shooting, etc.).",PRESENT_X,CAMERA_3,13~91
278,5,CAMERA_2,"['CAMERA_3', 'CAMERA_2']","{'CAMERA_1': [], 'CAMERA_2': [], 'CAMERA_3': ['settings']}",C_ANYTHING_ELSE_AVAILABLE,CAMERA_3,NONE,do you have any other cameras with preset mode,PRESENT_X,CAMERA_3,S_INTRODUCES_CAMERA,CAMERA_2,,Let me show you this. Here we have the Fujifilm Lumix ILC Camera.,PRESENT_X,CAMERA_2,39~64
278,6,CAMERA_2,"['CAMERA_3', 'CAMERA_2']","{'CAMERA_1': [], 'CAMERA_2': ['color'], 'CAMERA_3': ['settings']}",C_QUESTION_ABOUT_FEATURE,CAMERA_2,color,did this camera come in any other colors,PRESENT_X,CAMERA_2,S_ANSWERS_QUESTION_ABOUT_FEATURE,CAMERA_2,color,This one comes in white or pink.,PRESENT_X,CAMERA_2,18~31
278,7,NONE,"['CAMERA_3', 'CAMERA_2']","{'CAMERA_1': [], 'CAMERA_2': ['color'], 'CAMERA_3': ['settings']}",C_THANK_YOU,CAMERA_2,NONE,Okay let me think about it do you have a more is this the most stylish camera,PRESENT_X,CAMERA_2,S_THANK_YOU,CAMERA_2,NONE,thank you very much.,FACE_TO_FACE,NONE,
278,8,NONE,"['CAMERA_3', 'CAMERA_2']","{'CAMERA_1': [], 'CAMERA_2': ['color'], 'CAMERA_3': ['settings']}",C_LEAVES,DOOR,NONE,,FACE_TO_FACE,NONE,S_RETURNS_TO_COUNTER,SERVICE_COUNTER,NONE,,WAITING,NONE,
279,1,NONE,[],"{'CAMERA_1': [], 'CAMERA_2': [], 'CAMERA_3': []}",C_ENTERS,DOOR,NONE,,WAITING,NONE,S_NONE,SERVICE_COUNTER,NONE,,WAITING,NONE,
279,2,NONE,[],"{'CAMERA_1': [], 'CAMERA_2': [], 'CAMERA_3': []}",C_WALKS_TO_CAMERA,CAMERA_3,NONE,,WAITING,NONE,S_GREETS,CAMERA_3,NONE,can I help you?,FACE_TO_FACE,NONE,
279,3,CAMERA_3,['CAMERA_3'],"{'CAMERA_1': [], 'CAMERA_2': [], 'CAMERA_3': []}",C_LOOKING_FOR_A_CAMERA,CAMERA_3,NONE,you know I want a good camera can you suggest me,FACE_TO_FACE,NONE,S_INTRODUCES_CAMERA,CAMERA_3,,Let me show you this. Here we have the Fujifilm PowerShot ELPH S2800.,PRESENT_X,CAMERA_3,39~68
279,4,CAMERA_3,['CAMERA_3'],"{'CAMERA_1': [], 'CAMERA_2': [], 'CAMERA_3': ['price']}",C_QUESTION_ABOUT_FEATURE,CAMERA_3,price,and how much does it cost,PRESENT_X,CAMERA_3,S_ANSWERS_QUESTION_ABOUT_FEATURE,CAMERA_3,price,This one costs $518.,PRESENT_X,CAMERA_3,15~19
279,5,CAMERA_3,['CAMERA_3'],"{'CAMERA_1': [], 'CAMERA_2': [], 'CAMERA_3': ['price', 'settings']}",C_QUESTION_ABOUT_FEATURE,CAMERA_3,settings,what about the manual settings still all the manual settings of the old one,PRESENT_X,CAMERA_3,S_ANSWERS_QUESTION_ABOUT_FEATURE,CAMERA_3,settings,"This one has manual control and various automatic settings (video modeburst shooting, etc.).",PRESENT_X,CAMERA_3,13~91
279,6,CAMERA_3,['CAMERA_3'],"{'CAMERA_1': [], 'CAMERA_2': [], 'CAMERA_3': ['price', 'settings', 'color']}",C_QUESTION_ABOUT_FEATURE,CAMERA_3,color,alright does it come in any other color ,PRESENT_X,CAMERA_3,S_ANSWERS_QUESTION_ABOUT_FEATURE,CAMERA_3,color,"This one comes in purple, white, silver, blue, red, or pink.",PRESENT_X,CAMERA_3,18~59
279,7,NONE,['CAMERA_3'],"{'CAMERA_1': [], 'CAMERA_2': [], 'CAMERA_3': ['price', 'settings', 'color']}",C_THANK_YOU,CAMERA_3,NONE,thank you,PRESENT_X,CAMERA_3,S_THANK_YOU,CAMERA_3,NONE,thank you very much.,FACE_TO_FACE,NONE,
279,8,NONE,['CAMERA_3'],"{'CAMERA_1': [], 'CAMERA_2': [], 'CAMERA_3': ['price', 'settings', 'color']}",C_LEAVES,DOOR,NONE,,FACE_TO_FACE,NONE,S_RETURNS_TO_COUNTER,SERVICE_COUNTER,NONE,,WAITING,NONE,
280,1,NONE,[],"{'CAMERA_1': [], 'CAMERA_2': [], 'CAMERA_3': []}",C_ENTERS,DOOR,NONE,,WAITING,NONE,S_NONE,SERVICE_COUNTER,NONE,,WAITING,NONE,
280,2,NONE,[],"{'CAMERA_1': [], 'CAMERA_2': [], 'CAMERA_3': []}",C_GREETS,MIDDLE,NONE,excuse me,WAITING,NONE,S_GREETS,MIDDLE,NONE,can I help you?,FACE_TO_FACE,NONE,
280,3,CAMERA_2,['CAMERA_2'],"{'CAMERA_1': [], 'CAMERA_2': [], 'CAMERA_3': []}",C_LOOKING_FOR_A_CAMERA,MIDDLE,NONE,I'm just looking around,FACE_TO_FACE,NONE,S_INTRODUCES_CAMERA,CAMERA_2,,Let me show you this. Here we have the Fujifilm Lumix ILC Camera.,PRESENT_X,CAMERA_2,39~64
280,4,CAMERA_2,['CAMERA_2'],"{'CAMERA_1': [], 'CAMERA_2': ['settings'], 'CAMERA_3': []}",C_SILENT_OR_BACKCHANNEL,CAMERA_2,NONE,ok is this camera really nice,PRESENT_X,CAMERA_2,S_INTRODUCES_FEATURE,CAMERA_2,settings,"This one has manual control and various automatic settings (video modeburst shooting, etc.).",PRESENT_X,CAMERA_2,13~91
280,5,CAMERA_2,['CAMERA_2'],"{'CAMERA_1': [], 'CAMERA_2': ['settings', 'camera_type'], 'CAMERA_3': []}",C_QUESTION_ABOUT_FEATURE,CAMERA_2,camera_type,is this a DSLR camera,PRESENT_X,CAMERA_2,S_ANSWERS_QUESTION_ABOUT_FEATURE,CAMERA_2,camera_type,This is a digital single lens mirrorless camera.,PRESENT_X,CAMERA_2,10~40
280,6,CAMERA_2,['CAMERA_2'],"{'CAMERA_1': [], 'CAMERA_2': ['settings', 'camera_type', 'optical_zoom'], 'CAMERA_3': []}",C_QUESTION_ABOUT_FEATURE,CAMERA_2,optical_zoom,okay and if I have an optical zoom,PRESENT_X,CAMERA_2,S_ANSWERS_QUESTION_ABOUT_FEATURE,CAMERA_2,optical_zoom,This one has 21x optical zoom.,PRESENT_X,CAMERA_2,13~29
280,7,CAMERA_2,['CAMERA_2'],"{'CAMERA_1': [], 'CAMERA_2': ['settings', 'camera_type', 'optical_zoom', 'ISO'], 'CAMERA_3': []}",C_QUESTION_ABOUT_FEATURE,CAMERA_2,ISO,how high is the ISO,PRESENT_X,CAMERA_2,S_NOT_SURE,CAMERA_2,,I'm not really sure about that.,PRESENT_X,CAMERA_2,
280,8,CAMERA_2,['CAMERA_2'],"{'CAMERA_1': [], 'CAMERA_2': ['settings', 'camera_type', 'optical_zoom', 'ISO', 'effects'], 'CAMERA_3': []}",C_SILENT_OR_BACKCHANNEL,CAMERA_2,NONE,ic,PRESENT_X,CAMERA_2,S_INTRODUCES_FEATURE,CAMERA_2,effects,"This one has 24 artistic effect modes (retro, lighter or darker skin tones, sepia, etc.).",PRESENT_X,CAMERA_2,13~88
280,9,CAMERA_2,['CAMERA_2'],"{'CAMERA_1': [], 'CAMERA_2': ['settings', 'camera_type', 'optical_zoom', 'ISO', 'effects', 'weight'], 'CAMERA_3': []}",C_SILENT_OR_BACKCHANNEL,CAMERA_2,NONE,IC,PRESENT_X,CAMERA_2,S_INTRODUCES_FEATURE,CAMERA_2,weight,This one weighs 820 grams.,PRESENT_X,CAMERA_2,16~25
280,10,CAMERA_2,['CAMERA_2'],"{'CAMERA_1': [], 'CAMERA_2': ['settings', 'camera_type', 'optical_zoom', 'ISO', 'effects', 'weight', 'sensor_size'], 'CAMERA_3': []}",C_SILENT_OR_BACKCHANNEL,CAMERA_2,NONE,that's nice how much is it,PRESENT_X,CAMERA_2,S_INTRODUCES_FEATURE,CAMERA_2,sensor_size,This one has a 1/2.33 inch sensor.,PRESENT_X,CAMERA_2,15~33
280,11,CAMERA_2,['CAMERA_2'],"{'CAMERA_1': [], 'CAMERA_2': ['settings', 'camera_type', 'optical_zoom', 'ISO', 'effects', 'weight', 'sensor_size', 'color'], 'CAMERA_3': []}",C_SILENT_OR_BACKCHANNEL,CAMERA_2,NONE,I'm looking at this dslr it looks pretty good,PRESENT_X,CAMERA_2,S_INTRODUCES_FEATURE,CAMERA_2,color,This one comes in white or pink.,PRESENT_X,CAMERA_2,18~31
280,12,CAMERA_2,['CAMERA_2'],"{'CAMERA_1': [], 'CAMERA_2': ['settings', 'camera_type', 'optical_zoom', 'ISO', 'effects', 'weight', 'sensor_size', 'color', 'price'], 'CAMERA_3': []}",C_SILENT_OR_BACKCHANNEL,CAMERA_2,NONE,IC,PRESENT_X,CAMERA_2,S_INTRODUCES_FEATURE,CAMERA_2,price,This one costs $768.,PRESENT_X,CAMERA_2,15~19
280,13,CAMERA_2,['CAMERA_2'],"{'CAMERA_1': [], 'CAMERA_2': ['settings', 'camera_type', 'optical_zoom', 'ISO', 'effects', 'weight', 'sensor_size', 'color', 'price', 'long_exposure'], 'CAMERA_3': []}",C_SILENT_OR_BACKCHANNEL,CAMERA_2,NONE,you too seems not too bad though,PRESENT_X,CAMERA_2,S_INTRODUCES_FEATURE,CAMERA_2,long_exposure,This one can take long exposures up to 60 minutes max with bulb mode.,PRESENT_X,CAMERA_2,39~68
280,14,CAMERA_2,['CAMERA_2'],"{'CAMERA_1': [], 'CAMERA_2': ['settings', 'camera_type', 'optical_zoom', 'ISO', 'effects', 'weight', 'sensor_size', 'color', 'price', 'long_exposure', 'resolution'], 'CAMERA_3': []}",C_SILENT_OR_BACKCHANNEL,CAMERA_2,NONE,good,PRESENT_X,CAMERA_2,S_INTRODUCES_FEATURE,CAMERA_2,resolution,This one has 23.8 megapixels resolution.,PRESENT_X,CAMERA_2,13~28
280,15,NONE,['CAMERA_2'],"{'CAMERA_1': [], 'CAMERA_2': ['settings', 'camera_type', 'optical_zoom', 'ISO', 'effects', 'weight', 'sensor_size', 'color', 'price', 'long_exposure', 'resolution'], 'CAMERA_3': []}",C_THANK_YOU,CAMERA_2,NONE,okay thanks,PRESENT_X,CAMERA_2,S_THANK_YOU,CAMERA_2,NONE,thank you very much.,FACE_TO_FACE,NONE,
280,16,NONE,['CAMERA_2'],"{'CAMERA_1': [], 'CAMERA_2': ['settings', 'camera_type', 'optical_zoom', 'ISO', 'effects', 'weight', 'sensor_size', 'color', 'price', 'long_exposure', 'resolution'], 'CAMERA_3': []}",C_LEAVES,DOOR,NONE,,FACE_TO_FACE,NONE,S_RETURNS_TO_COUNTER,SERVICE_COUNTER,NONE,,WAITING,NONE,
281,1,NONE,[],"{'CAMERA_1': [], 'CAMERA_2': [], 'CAMERA_3': []}",C_ENTERS,DOOR,NONE,,WAITING,NONE,S_NONE,SERVICE_COUNTER,NONE,,WAITING,NONE,
281,2,NONE,[],"{'CAMERA_1': [], 'CAMERA_2': [], 'CAMERA_3': []}",C_WALKS_TO_CAMERA,CAMERA_3,NONE,,WAITING,NONE,S_GREETS,CAMERA_3,NONE,can I help you?,FACE_TO_FACE,NONE,
281,3,CAMERA_1,['CAMERA_1'],"{'CAMERA_1': [], 'CAMERA_2': [], 'CAMERA_3': []}",C_LOOKING_FOR_A_CAMERA,CAMERA_3,NONE,I want to get a new camera,FACE_TO_FACE,NONE,S_INTRODUCES_CAMERA,CAMERA_1,,Let me show you this. Here we have the Sony PowerShot ELPH DMC-ZS3.,PRESENT_X,CAMERA_1,39~66
281,4,CAMERA_1,['CAMERA_1'],"{'CAMERA_1': ['long_exposure'], 'CAMERA_2': [], 'CAMERA_3': []}",C_SILENT_OR_BACKCHANNEL,CAMERA_1,NONE,IC,PRESENT_X,CAMERA_1,S_INTRODUCES_FEATURE,CAMERA_1,long_exposure,This one can take long exposures up to up to 15 seconds with Long Shutter Mode.,PRESENT_X,CAMERA_1,39~78
281,5,CAMERA_1,['CAMERA_1'],"{'CAMERA_1': ['long_exposure', 'resolution'], 'CAMERA_2': [], 'CAMERA_3': []}",C_SILENT_OR_BACKCHANNEL,CAMERA_1,NONE,okay,PRESENT_X,CAMERA_1,S_INTRODUCES_FEATURE,CAMERA_1,resolution,This one has 17.8 megapixels resolution.,PRESENT_X,CAMERA_1,13~28
281,6,NONE,['CAMERA_1'],"{'CAMERA_1': ['long_exposure', 'resolution'], 'CAMERA_2': [], 'CAMERA_3': []}",C_THANK_YOU,CAMERA_1,NONE,"indeed that will be great, butt hole so think about it and see what I do that anyway thank you very much for your help",PRESENT_X,CAMERA_1,S_THANK_YOU,CAMERA_1,NONE,thank you very much.,FACE_TO_FACE,NONE,
281,7,NONE,['CAMERA_1'],"{'CAMERA_1': ['long_exposure', 'resolution'], 'CAMERA_2': [], 'CAMERA_3': []}",C_LEAVES,DOOR,NONE,,FACE_TO_FACE,NONE,S_RETURNS_TO_COUNTER,SERVICE_COUNTER,NONE,,WAITING,NONE,
282,1,NONE,[],"{'CAMERA_1': [], 'CAMERA_2': [], 'CAMERA_3': []}",C_ENTERS,DOOR,NONE,,WAITING,NONE,S_NONE,SERVICE_COUNTER,NONE,,WAITING,NONE,
282,2,NONE,[],"{'CAMERA_1': [], 'CAMERA_2': [], 'CAMERA_3': []}",C_GREETS,MIDDLE,NONE,hi bye bye,WAITING,NONE,S_GREETS,MIDDLE,NONE,can I help you?,FACE_TO_FACE,NONE,
282,3,CAMERA_2,['CAMERA_2'],"{'CAMERA_1': [], 'CAMERA_2': [], 'CAMERA_3': []}",C_LOOKING_FOR_A_CAMERA,MIDDLE,NONE,I know now myself but this is really what I'm looking for actually,FACE_TO_FACE,NONE,S_INTRODUCES_CAMERA,CAMERA_2,,Let me show you this. Here we have the Fujifilm Lumix ILC Camera.,PRESENT_X,CAMERA_2,39~64
282,4,CAMERA_2,['CAMERA_2'],"{'CAMERA_1': [], 'CAMERA_2': ['weight'], 'CAMERA_3': []}",C_SILENT_OR_BACKCHANNEL,CAMERA_2,NONE,alright,PRESENT_X,CAMERA_2,S_INTRODUCES_FEATURE,CAMERA_2,weight,This one weighs 820 grams.,PRESENT_X,CAMERA_2,16~25
282,5,CAMERA_2,['CAMERA_2'],"{'CAMERA_1': [], 'CAMERA_2': ['weight', 'sensor_size'], 'CAMERA_3': []}",C_QUESTION_ABOUT_FEATURE,CAMERA_2,sensor_size,and what's the sensor size on this,PRESENT_X,CAMERA_2,S_ANSWERS_QUESTION_ABOUT_FEATURE,CAMERA_2,sensor_size,This one has a 1/2.33 inch sensor.,PRESENT_X,CAMERA_2,15~33
282,6,CAMERA_3,"['CAMERA_2', 'CAMERA_3']","{'CAMERA_1': [], 'CAMERA_2': ['weight', 'sensor_size'], 'CAMERA_3': []}",C_ANYTHING_ELSE_AVAILABLE,CAMERA_2,NONE,Do you have other cameras that I could afford,PRESENT_X,CAMERA_2,S_INTRODUCES_CAMERA,CAMERA_3,,Let me show you this. Here we have the Fujifilm PowerShot ELPH S2800.,PRESENT_X,CAMERA_3,39~68
282,7,CAMERA_3,"['CAMERA_2', 'CAMERA_3']","{'CAMERA_1': [], 'CAMERA_2': ['weight', 'sensor_size'], 'CAMERA_3': ['settings']}",C_QUESTION_ABOUT_FEATURE,CAMERA_3,settings,hey I just wanted to know the beauty of this camera to adjust settings,PRESENT_X,CAMERA_3,S_ANSWERS_QUESTION_ABOUT_FEATURE,CAMERA_3,settings,"This one has manual control and various automatic settings (video modeburst shooting, etc.).",PRESENT_X,CAMERA_3,13~91
282,8,CAMERA_3,"['CAMERA_2', 'CAMERA_3']","{'CAMERA_1': [], 'CAMERA_2': ['weight', 'sensor_size'], 'CAMERA_3': ['settings', 'long_exposure']}",C_SILENT_OR_BACKCHANNEL,CAMERA_3,NONE,okay,PRESENT_X,CAMERA_3,S_INTRODUCES_FEATURE,CAMERA_3,long_exposure,This one can take long exposures up to 30 minutes max with bulb mode.,PRESENT_X,CAMERA_3,39~68
282,9,NONE,"['CAMERA_2', 'CAMERA_3']","{'CAMERA_1': [], 'CAMERA_2': ['weight', 'sensor_size'], 'CAMERA_3': ['settings', 'long_exposure']}",C_THANK_YOU,CAMERA_3,NONE,thank you very much,PRESENT_X,CAMERA_3,S_THANK_YOU,CAMERA_3,NONE,thank you very much.,FACE_TO_FACE,NONE,
282,10,NONE,"['CAMERA_2', 'CAMERA_3']","{'CAMERA_1': [], 'CAMERA_2': ['weight', 'sensor_size'], 'CAMERA_3': ['settings', 'long_exposure']}",C_LEAVES,DOOR,NONE,,FACE_TO_FACE,NONE,S_RETURNS_TO_COUNTER,SERVICE_COUNTER,NONE,,WAITING,NONE,
283,1,NONE,[],"{'CAMERA_1': [], 'CAMERA_2': [], 'CAMERA_3': []}",C_ENTERS,DOOR,NONE,,WAITING,NONE,S_NONE,SERVICE_COUNTER,NONE,,WAITING,NONE,
283,2,NONE,[],"{'CAMERA_1': [], 'CAMERA_2': [], 'CAMERA_3': []}",C_GREETS,MIDDLE,NONE,kiss me,WAITING,NONE,S_GREETS,MIDDLE,NONE,can I help you?,FACE_TO_FACE,NONE,
283,3,CAMERA_2,['CAMERA_2'],"{'CAMERA_1': [], 'CAMERA_2': [], 'CAMERA_3': []}",C_LOOKING_FOR_A_CAMERA,MIDDLE,NONE,nothing fancy I just I'm just looking for the second camera I don't have money,FACE_TO_FACE,NONE,S_INTRODUCES_CAMERA,CAMERA_2,,Let me show you this. Here we have the Fujifilm Lumix ILC Camera.,PRESENT_X,CAMERA_2,39~64
283,4,CAMERA_2,['CAMERA_2'],"{'CAMERA_1': [], 'CAMERA_2': ['optical_zoom'], 'CAMERA_3': []}",C_QUESTION_ABOUT_FEATURE,CAMERA_2,optical_zoom,how much does a bowl to zoom,PRESENT_X,CAMERA_2,S_ANSWERS_QUESTION_ABOUT_FEATURE,CAMERA_2,optical_zoom,This one has 21x optical zoom.,PRESENT_X,CAMERA_2,13~29
283,5,CAMERA_2,['CAMERA_2'],"{'CAMERA_1': [], 'CAMERA_2': ['optical_zoom', 'color'], 'CAMERA_3': []}",C_QUESTION_ABOUT_FEATURE,CAMERA_2,color,is there any other colors,PRESENT_X,CAMERA_2,S_ANSWERS_QUESTION_ABOUT_FEATURE,CAMERA_2,color,This one comes in white or pink.,PRESENT_X,CAMERA_2,18~31
283,6,CAMERA_2,['CAMERA_2'],"{'CAMERA_1': [], 'CAMERA_2': ['optical_zoom', 'color', 'long_exposure'], 'CAMERA_3': []}",C_QUESTION_ABOUT_FEATURE,CAMERA_2,long_exposure,and the exposure is,PRESENT_X,CAMERA_2,S_ANSWERS_QUESTION_ABOUT_FEATURE,CAMERA_2,long_exposure,This one can take long exposures up to 60 minutes max with bulb mode.,PRESENT_X,CAMERA_2,39~68
283,7,CAMERA_2,['CAMERA_2'],"{'CAMERA_1': [], 'CAMERA_2': ['optical_zoom', 'color', 'long_exposure', 'effects'], 'CAMERA_3': []}",C_QUESTION_ABOUT_FEATURE,CAMERA_2,effects,I don't sense as a cystic effect mode what does that do,PRESENT_X,CAMERA_2,S_ANSWERS_QUESTION_ABOUT_FEATURE,CAMERA_2,effects,"This one has 24 artistic effect modes (retro, lighter or darker skin tones, sepia, etc.).",PRESENT_X,CAMERA_2,13~88
283,8,CAMERA_2,['CAMERA_2'],"{'CAMERA_1': [], 'CAMERA_2': ['optical_zoom', 'color', 'long_exposure', 'effects', 'resolution'], 'CAMERA_3': []}",C_SILENT_OR_BACKCHANNEL,CAMERA_2,NONE,let me see,PRESENT_X,CAMERA_2,S_INTRODUCES_FEATURE,CAMERA_2,resolution,This one has 23.8 megapixels resolution.,PRESENT_X,CAMERA_2,13~28
283,9,CAMERA_3,"['CAMERA_2', 'CAMERA_3']","{'CAMERA_1': [], 'CAMERA_2': ['optical_zoom', 'color', 'long_exposure', 'effects', 'resolution'], 'CAMERA_3': []}",C_ANYTHING_ELSE_AVAILABLE,CAMERA_2,NONE,I see do you have any other options that you can show me,PRESENT_X,CAMERA_2,S_INTRODUCES_CAMERA,CAMERA_3,,Let me show you this. Here we have the Fujifilm PowerShot ELPH S2800.,PRESENT_X,CAMERA_3,39~68
283,10,CAMERA_3,"['CAMERA_2', 'CAMERA_3']","{'CAMERA_1': [], 'CAMERA_2': ['optical_zoom', 'color', 'long_exposure', 'effects', 'resolution'], 'CAMERA_3': ['preset_modes']}",C_QUESTION_ABOUT_FEATURE,CAMERA_3,preset_modes,is it equipped with any preset modes,PRESENT_X,CAMERA_3,S_ANSWERS_QUESTION_ABOUT_FEATURE,CAMERA_3,preset_modes,This one has various preset modes.,PRESENT_X,CAMERA_3,13~33
283,11,CAMERA_3,"['CAMERA_2', 'CAMERA_3']","{'CAMERA_1': [], 'CAMERA_2': ['optical_zoom', 'color', 'long_exposure', 'effects', 'resolution'], 'CAMERA_3': ['preset_modes', 'resolution']}",C_QUESTION_ABOUT_FEATURE,CAMERA_3,resolution,how many megapixels is it,PRESENT_X,CAMERA_3,S_ANSWERS_QUESTION_ABOUT_FEATURE,CAMERA_3,resolution,This one has 23.2 megapixels resolution.,PRESENT_X,CAMERA_3,13~28
283,12,CAMERA_3,"['CAMERA_2', 'CAMERA_3']","{'CAMERA_1': [], 'CAMERA_2': ['optical_zoom', 'color', 'long_exposure', 'effects', 'resolution'], 'CAMERA_3': ['preset_modes', 'resolution', 'color']}",C_QUESTION_ABOUT_FEATURE,CAMERA_3,color,is there any other colors for this camera,PRESENT_X,CAMERA_3,S_ANSWERS_QUESTION_ABOUT_FEATURE,CAMERA_3,color,"This one comes in purple, white, silver, blue, red, or pink.",PRESENT_X,CAMERA_3,18~59
283,13,CAMERA_3,"['CAMERA_2', 'CAMERA_3']","{'CAMERA_1': [], 'CAMERA_2': ['optical_zoom', 'color', 'long_exposure', 'effects', 'resolution'], 'CAMERA_3': ['preset_modes', 'resolution', 'color', 'autofocus_points']}",C_QUESTION_ABOUT_FEATURE,CAMERA_3,autofocus_points,how many oz are Focus points,PRESENT_X,CAMERA_3,S_ANSWERS_QUESTION_ABOUT_FEATURE,CAMERA_3,autofocus_points,This one has 214 autofocus points.,PRESENT_X,CAMERA_3,13~33
283,14,CAMERA_3,"['CAMERA_2', 'CAMERA_3']","{'CAMERA_1': [], 'CAMERA_2': ['optical_zoom', 'color', 'long_exposure', 'effects', 'resolution'], 'CAMERA_3': ['preset_modes', 'resolution', 'color', 'autofocus_points', 'weight']}",C_SILENT_OR_BACKCHANNEL,CAMERA_3,NONE,that sounds pretty good like a really good camera,PRESENT_X,CAMERA_3,S_INTRODUCES_FEATURE,CAMERA_3,weight,This one weighs 820 grams.,PRESENT_X,CAMERA_3,16~25
283,15,CAMERA_1,"['CAMERA_2', 'CAMERA_3', 'CAMERA_1']","{'CAMERA_1': [], 'CAMERA_2': ['optical_zoom', 'color', 'long_exposure', 'effects', 'resolution'], 'CAMERA_3': ['preset_modes', 'resolution', 'color', 'autofocus_points', 'weight']}",C_ANYTHING_ELSE_AVAILABLE,CAMERA_3,NONE,So this is the only model you have in your shop,PRESENT_X,CAMERA_3,S_INTRODUCES_CAMERA,CAMERA_1,,Let me show you this. Here we have the Sony PowerShot ELPH DMC-ZS3.,PRESENT_X,CAMERA_1,39~66
283,16,CAMERA_1,"['CAMERA_2', 'CAMERA_3', 'CAMERA_1']","{'CAMERA_1': ['resolution'], 'CAMERA_2': ['optical_zoom', 'color', 'long_exposure', 'effects', 'resolution'], 'CAMERA_3': ['preset_modes', 'resolution', 'color', 'autofocus_points', 'weight']}",C_SILENT_OR_BACKCHANNEL,CAMERA_1,NONE,sounds good,PRESENT_X,CAMERA_1,S_INTRODUCES_FEATURE,CAMERA_1,resolution,This one has 17.8 megapixels resolution.,PRESENT_X,CAMERA_1,13~28
283,17,CAMERA_1,"['CAMERA_2', 'CAMERA_3', 'CAMERA_1']","{'CAMERA_1': ['resolution', 'preset_modes'], 'CAMERA_2': ['optical_zoom', 'color', 'long_exposure', 'effects', 'resolution'], 'CAMERA_3': ['preset_modes', 'resolution', 'color', 'autofocus_points', 'weight']}",C_QUESTION_ABOUT_FEATURE,CAMERA_1,preset_modes,the menu settings of this camera are they same as the Canon,PRESENT_X,CAMERA_1,S_NOT_SURE,CAMERA_1,,I'm not really sure about that.,PRESENT_X,CAMERA_1,
283,18,CAMERA_1,"['CAMERA_2', 'CAMERA_3', 'CAMERA_1']","{'CAMERA_1': ['resolution', 'preset_modes', 'camera_type'], 'CAMERA_2': ['optical_zoom', 'color', 'long_exposure', 'effects', 'resolution'], 'CAMERA_3': ['preset_modes', 'resolution', 'color', 'autofocus_points', 'weight']}",C_SILENT_OR_BACKCHANNEL,CAMERA_1,NONE,oh wow that seems quite high,PRESENT_X,CAMERA_1,S_INTRODUCES_FEATURE,CAMERA_1,camera_type,This is a DSLR camera.,PRESENT_X,CAMERA_1,10~14
283,19,CAMERA_1,"['CAMERA_2', 'CAMERA_3', 'CAMERA_1']","{'CAMERA_1': ['resolution', 'preset_modes', 'camera_type', 'settings'], 'CAMERA_2': ['optical_zoom', 'color', 'long_exposure', 'effects', 'resolution'], 'CAMERA_3': ['preset_modes', 'resolution', 'color', 'autofocus_points', 'weight']}",C_SILENT_OR_BACKCHANNEL,CAMERA_1,NONE,ok,PRESENT_X,CAMERA_1,S_INTRODUCES_FEATURE,CAMERA_1,settings,This one has limited manual settings.,PRESENT_X,CAMERA_1,13~36
283,20,CAMERA_1,"['CAMERA_2', 'CAMERA_3', 'CAMERA_1']","{'CAMERA_1': ['resolution', 'preset_modes', 'camera_type', 'settings', 'weight'], 'CAMERA_2': ['optical_zoom', 'color', 'long_exposure', 'effects', 'resolution'], 'CAMERA_3': ['preset_modes', 'resolution', 'color', 'autofocus_points', 'weight']}",C_SILENT_OR_BACKCHANNEL,CAMERA_1,NONE,you're actually it's the way is feels really nice,PRESENT_X,CAMERA_1,S_INTRODUCES_FEATURE,CAMERA_1,weight,This one weighs 800 grams.,PRESENT_X,CAMERA_1,16~25
283,21,CAMERA_1,"['CAMERA_2', 'CAMERA_3', 'CAMERA_1']","{'CAMERA_1': ['resolution', 'preset_modes', 'camera_type', 'settings', 'weight', 'ISO'], 'CAMERA_2': ['optical_zoom', 'color', 'long_exposure', 'effects', 'resolution'], 'CAMERA_3': ['preset_modes', 'resolution', 'color', 'autofocus_points', 'weight']}",C_QUESTION_ABOUT_FEATURE,CAMERA_1,ISO,so what is the high ISO performance like,PRESENT_X,CAMERA_1,S_ANSWERS_QUESTION_ABOUT_FEATURE,CAMERA_1,ISO,This one has up to 51200 ISO.,PRESENT_X,CAMERA_1,13~28
283,22,CAMERA_1,"['CAMERA_2', 'CAMERA_3', 'CAMERA_1']","{'CAMERA_1': ['resolution', 'preset_modes', 'camera_type', 'settings', 'weight', 'ISO', 'autofocus_points'], 'CAMERA_2': ['optical_zoom', 'color', 'long_exposure', 'effects', 'resolution'], 'CAMERA_3': ['preset_modes', 'resolution', 'color', 'autofocus_points', 'weight']}",C_QUESTION_ABOUT_FEATURE,CAMERA_1,autofocus_points,what about the other two focus points of this camera,PRESENT_X,CAMERA_1,S_ANSWERS_QUESTION_ABOUT_FEATURE,CAMERA_1,autofocus_points,This one has 135 autofocus points.,PRESENT_X,CAMERA_1,13~33
283,23,CAMERA_1,"['CAMERA_2', 'CAMERA_3', 'CAMERA_1']","{'CAMERA_1': ['resolution', 'preset_modes', 'camera_type', 'settings', 'weight', 'ISO', 'autofocus_points', 'color'], 'CAMERA_2': ['optical_zoom', 'color', 'long_exposure', 'effects', 'resolution'], 'CAMERA_3': ['preset_modes', 'resolution', 'color', 'autofocus_points', 'weight']}",C_QUESTION_ABOUT_FEATURE,CAMERA_1,color,I am just studying photography does it come in any other colors,PRESENT_X,CAMERA_1,S_ANSWERS_QUESTION_ABOUT_FEATURE,CAMERA_1,color,This one comes in blue or black.,PRESENT_X,CAMERA_1,18~31
283,24,CAMERA_1,"['CAMERA_2', 'CAMERA_3', 'CAMERA_1']","{'CAMERA_1': ['resolution', 'preset_modes', 'camera_type', 'settings', 'weight', 'ISO', 'autofocus_points', 'color', 'long_exposure'], 'CAMERA_2': ['optical_zoom', 'color', 'long_exposure', 'effects', 'resolution'], 'CAMERA_3': ['preset_modes', 'resolution', 'color', 'autofocus_points', 'weight']}",C_QUESTION_ABOUT_FEATURE,CAMERA_1,long_exposure,okay and how is it for long exposures,PRESENT_X,CAMERA_1,S_ANSWERS_QUESTION_ABOUT_FEATURE,CAMERA_1,long_exposure,This one can take long exposures up to up to 15 seconds with Long Shutter Mode.,PRESENT_X,CAMERA_1,39~78
283,25,CAMERA_1,"['CAMERA_2', 'CAMERA_3', 'CAMERA_1']","{'CAMERA_1': ['resolution', 'preset_modes', 'camera_type', 'settings', 'weight', 'ISO', 'autofocus_points', 'color', 'long_exposure', 'effects'], 'CAMERA_2': ['optical_zoom', 'color', 'long_exposure', 'effects', 'resolution'], 'CAMERA_3': ['preset_modes', 'resolution', 'color', 'autofocus_points', 'weight']}",C_QUESTION_ABOUT_FEATURE,CAMERA_1,effects,what's an example of one of the effects,PRESENT_X,CAMERA_1,S_ANSWERS_QUESTION_ABOUT_FEATURE,CAMERA_1,effects,"This one has 24 glamor retouch effects (miniature, retro, toy camera, etc.).",PRESENT_X,CAMERA_1,13~75
283,26,CAMERA_1,"['CAMERA_2', 'CAMERA_3', 'CAMERA_1']","{'CAMERA_1': ['resolution', 'preset_modes', 'camera_type', 'settings', 'weight', 'ISO', 'autofocus_points', 'color', 'long_exposure', 'effects', 'optical_zoom'], 'CAMERA_2': ['optical_zoom', 'color', 'long_exposure', 'effects', 'resolution'], 'CAMERA_3': ['preset_modes', 'resolution', 'color', 'autofocus_points', 'weight']}",C_SILENT_OR_BACKCHANNEL,CAMERA_1,NONE,IC,PRESENT_X,CAMERA_1,S_INTRODUCES_FEATURE,CAMERA_1,optical_zoom,This one has 21x optical zoom.,PRESENT_X,CAMERA_1,13~29
283,27,CAMERA_1,"['CAMERA_2', 'CAMERA_3', 'CAMERA_1']","{'CAMERA_1': ['resolution', 'preset_modes', 'camera_type', 'settings', 'weight', 'ISO', 'autofocus_points', 'color', 'long_exposure', 'effects', 'optical_zoom', 'price'], 'CAMERA_2': ['optical_zoom', 'color', 'long_exposure', 'effects', 'resolution'], 'CAMERA_3': ['preset_modes', 'resolution', 'color', 'autofocus_points', 'weight']}",C_SILENT_OR_BACKCHANNEL,CAMERA_1,NONE,uh huh I just want to see the cameras,PRESENT_X,CAMERA_1,S_INTRODUCES_FEATURE,CAMERA_1,price,This one costs $450.,PRESENT_X,CAMERA_1,15~19
283,28,CAMERA_1,"['CAMERA_2', 'CAMERA_3', 'CAMERA_1']","{'CAMERA_1': ['resolution', 'preset_modes', 'camera_type', 'settings', 'weight', 'ISO', 'autofocus_points', 'color', 'long_exposure', 'effects', 'optical_zoom', 'price', 'sensor_size'], 'CAMERA_2': ['optical_zoom', 'color', 'long_exposure', 'effects', 'resolution'], 'CAMERA_3': ['preset_modes', 'resolution', 'color', 'autofocus_points', 'weight']}",C_SILENT_OR_BACKCHANNEL,CAMERA_1,NONE,IC,PRESENT_X,CAMERA_1,S_INTRODUCES_FEATURE,CAMERA_1,sensor_size,This one has a 1/2.3 inch CMOS sensor.,PRESENT_X,CAMERA_1,15~37
283,29,CAMERA_1,"['CAMERA_2', 'CAMERA_3', 'CAMERA_1']","{'CAMERA_1': ['resolution', 'preset_modes', 'camera_type', 'settings', 'weight', 'ISO', 'autofocus_points', 'color', 'long_exposure', 'effects', 'optical_zoom', 'price', 'sensor_size', 'effects'], 'CAMERA_2': ['optical_zoom', 'color', 'long_exposure', 'effects', 'resolution'], 'CAMERA_3': ['preset_modes', 'resolution', 'color', 'autofocus_points', 'weight']}",C_SILENT_OR_BACKCHANNEL,CAMERA_1,NONE,okay interesting,PRESENT_X,CAMERA_1,S_INTRODUCES_FEATURE,CAMERA_1,effects,"This one has 24 glamor retouch effects (miniature, retro, toy camera, etc.).",PRESENT_X,CAMERA_1,13~75
283,30,CAMERA_1,"['CAMERA_2', 'CAMERA_3', 'CAMERA_1']","{'CAMERA_1': ['resolution', 'preset_modes', 'camera_type', 'settings', 'weight', 'ISO', 'autofocus_points', 'color', 'long_exposure', 'effects', 'optical_zoom', 'price', 'sensor_size', 'effects', 'camera_type'], 'CAMERA_2': ['optical_zoom', 'color', 'long_exposure', 'effects', 'resolution'], 'CAMERA_3': ['preset_modes', 'resolution', 'color', 'autofocus_points', 'weight']}",C_SILENT_OR_BACKCHANNEL,CAMERA_1,NONE,okay that sounds good too,PRESENT_X,CAMERA_1,S_INTRODUCES_FEATURE,CAMERA_1,camera_type,This is a DSLR camera.,PRESENT_X,CAMERA_1,10~14
283,31,CAMERA_1,"['CAMERA_2', 'CAMERA_3', 'CAMERA_1']","{'CAMERA_1': ['resolution', 'preset_modes', 'camera_type', 'settings', 'weight', 'ISO', 'autofocus_points', 'color', 'long_exposure', 'effects', 'optical_zoom', 'price', 'sensor_size', 'effects', 'camera_type', 'long_exposure'], 'CAMERA_2': ['optical_zoom', 'color', 'long_exposure', 'effects', 'resolution'], 'CAMERA_3': ['preset_modes', 'resolution', 'color', 'autofocus_points', 'weight']}",C_SILENT_OR_BACKCHANNEL,CAMERA_1,NONE,okay,PRESENT_X,CAMERA_1,S_INTRODUCES_FEATURE,CAMERA_1,long_exposure,This one can take long exposures up to up to 15 seconds with Long Shutter Mode.,PRESENT_X,CAMERA_1,39~78
283,32,NONE,"['CAMERA_2', 'CAMERA_3', 'CAMERA_1']","{'CAMERA_1': ['resolution', 'preset_modes', 'camera_type', 'settings', 'weight', 'ISO', 'autofocus_points', 'color', 'long_exposure', 'effects', 'optical_zoom', 'price', 'sensor_size', 'effects', 'camera_type', 'long_exposure'], 'CAMERA_2': ['optical_zoom', 'color', 'long_exposure', 'effects', 'resolution'], 'CAMERA_3': ['preset_modes', 'resolution', 'color', 'autofocus_points', 'weight']}",C_THANK_YOU,CAMERA_1,NONE,thank you,PRESENT_X,CAMERA_1,S_THANK_YOU,CAMERA_1,NONE,thank you very much.,FACE_TO_FACE,NONE,
283,33,NONE,"['CAMERA_2', 'CAMERA_3', 'CAMERA_1']","{'CAMERA_1': ['resolution', 'preset_modes', 'camera_type', 'settings', 'weight', 'ISO', 'autofocus_points', 'color', 'long_exposure', 'effects', 'optical_zoom', 'price', 'sensor_size', 'effects', 'camera_type', 'long_exposure'], 'CAMERA_2': ['optical_zoom', 'color', 'long_exposure', 'effects', 'resolution'], 'CAMERA_3': ['preset_modes', 'resolution', 'color', 'autofocus_points', 'weight']}",C_LEAVES,DOOR,NONE,,FACE_TO_FACE,NONE,S_RETURNS_TO_COUNTER,SERVICE_COUNTER,NONE,,WAITING,NONE,
284,1,NONE,[],"{'CAMERA_1': [], 'CAMERA_2': [], 'CAMERA_3': []}",C_ENTERS,DOOR,NONE,,WAITING,NONE,S_NONE,SERVICE_COUNTER,NONE,,WAITING,NONE,
284,2,NONE,[],"{'CAMERA_1': [], 'CAMERA_2': [], 'CAMERA_3': []}",C_WALKS_TO_CAMERA,CAMERA_2,NONE,,WAITING,NONE,S_NONE,SERVICE_COUNTER,NONE,,WAITING,NONE,
284,3,CAMERA_2,['CAMERA_2'],"{'CAMERA_1': [], 'CAMERA_2': ['price'], 'CAMERA_3': []}",C_QUESTION_ABOUT_FEATURE,CAMERA_2,price,it looks kind of expensive,WAITING,NONE,S_ANSWERS_QUESTION_ABOUT_FEATURE,CAMERA_2,price,This one costs $768.,PRESENT_X,CAMERA_2,15~19
284,4,CAMERA_2,['CAMERA_2'],"{'CAMERA_1': [], 'CAMERA_2': ['price', 'optical_zoom'], 'CAMERA_3': []}",C_SILENT_OR_BACKCHANNEL,CAMERA_2,NONE,what about the is so great how long is that,PRESENT_X,CAMERA_2,S_INTRODUCES_FEATURE,CAMERA_2,optical_zoom,This one has 21x optical zoom.,PRESENT_X,CAMERA_2,13~29
284,5,CAMERA_1,"['CAMERA_2', 'CAMERA_1']","{'CAMERA_1': [], 'CAMERA_2': ['price', 'optical_zoom'], 'CAMERA_3': []}",C_ANYTHING_ELSE_AVAILABLE,CAMERA_2,NONE,Do you have other cameras that I could afford,PRESENT_X,CAMERA_2,S_INTRODUCES_CAMERA,CAMERA_1,,Let me show you this. Here we have the Sony PowerShot ELPH DMC-ZS3.,PRESENT_X,CAMERA_1,39~66
284,6,CAMERA_1,"['CAMERA_2', 'CAMERA_1']","{'CAMERA_1': ['resolution'], 'CAMERA_2': ['price', 'optical_zoom'], 'CAMERA_3': []}",C_QUESTION_ABOUT_FEATURE,CAMERA_1,resolution,I'm not really sure what megapixel means can you please explain to me ,PRESENT_X,CAMERA_1,S_ANSWERS_QUESTION_ABOUT_FEATURE,CAMERA_1,resolution,This one has 17.8 megapixels resolution.,PRESENT_X,CAMERA_1,13~28
284,7,CAMERA_1,"['CAMERA_2', 'CAMERA_1']","{'CAMERA_1': ['resolution', 'autofocus_points'], 'CAMERA_2': ['price', 'optical_zoom'], 'CAMERA_3': []}",C_SILENT_OR_BACKCHANNEL,CAMERA_1,NONE,great that's great I know what sits exercise,PRESENT_X,CAMERA_1,S_INTRODUCES_FEATURE,CAMERA_1,autofocus_points,This one has 135 autofocus points.,PRESENT_X,CAMERA_1,13~33
284,8,CAMERA_1,"['CAMERA_2', 'CAMERA_1']","{'CAMERA_1': ['resolution', 'autofocus_points', 'effects'], 'CAMERA_2': ['price', 'optical_zoom'], 'CAMERA_3': []}",C_SILENT_OR_BACKCHANNEL,CAMERA_1,NONE,ok,PRESENT_X,CAMERA_1,S_INTRODUCES_FEATURE,CAMERA_1,effects,"This one has 24 glamor retouch effects (miniature, retro, toy camera, etc.).",PRESENT_X,CAMERA_1,13~75
284,9,CAMERA_1,"['CAMERA_2', 'CAMERA_1']","{'CAMERA_1': ['resolution', 'autofocus_points', 'effects', 'price'], 'CAMERA_2': ['price', 'optical_zoom'], 'CAMERA_3': []}",C_SILENT_OR_BACKCHANNEL,CAMERA_1,NONE,ok,PRESENT_X,CAMERA_1,S_INTRODUCES_FEATURE,CAMERA_1,price,This one costs $450.,PRESENT_X,CAMERA_1,15~19
284,10,CAMERA_1,"['CAMERA_2', 'CAMERA_1']","{'CAMERA_1': ['resolution', 'autofocus_points', 'effects', 'price', 'weight'], 'CAMERA_2': ['price', 'optical_zoom'], 'CAMERA_3': []}",C_QUESTION_ABOUT_FEATURE,CAMERA_1,weight,wonderful and what about the weight,PRESENT_X,CAMERA_1,S_ANSWERS_QUESTION_ABOUT_FEATURE,CAMERA_1,weight,This one weighs 800 grams.,PRESENT_X,CAMERA_1,16~25
284,11,NONE,"['CAMERA_2', 'CAMERA_1']","{'CAMERA_1': ['resolution', 'autofocus_points', 'effects', 'price', 'weight'], 'CAMERA_2': ['price', 'optical_zoom'], 'CAMERA_3': []}",C_THANK_YOU,CAMERA_1,NONE,thank you for your support,PRESENT_X,CAMERA_1,S_THANK_YOU,CAMERA_1,NONE,thank you very much.,FACE_TO_FACE,NONE,
284,12,NONE,"['CAMERA_2', 'CAMERA_1']","{'CAMERA_1': ['resolution', 'autofocus_points', 'effects', 'price', 'weight'], 'CAMERA_2': ['price', 'optical_zoom'], 'CAMERA_3': []}",C_LEAVES,DOOR,NONE,,FACE_TO_FACE,NONE,S_RETURNS_TO_COUNTER,SERVICE_COUNTER,NONE,,WAITING,NONE,
285,1,NONE,[],"{'CAMERA_1': [], 'CAMERA_2': [], 'CAMERA_3': []}",C_ENTERS,DOOR,NONE,,WAITING,NONE,S_NONE,SERVICE_COUNTER,NONE,,WAITING,NONE,
285,2,NONE,[],"{'CAMERA_1': [], 'CAMERA_2': [], 'CAMERA_3': []}",C_WALKS_TO_CAMERA,CAMERA_2,NONE,,WAITING,NONE,S_GREETS,CAMERA_2,NONE,can I help you?,FACE_TO_FACE,NONE,
285,3,CAMERA_1,['CAMERA_1'],"{'CAMERA_1': [], 'CAMERA_2': [], 'CAMERA_3': []}",C_LOOKING_FOR_A_CAMERA,CAMERA_2,NONE,will I like to buy a camera but I'm not sure which one,FACE_TO_FACE,NONE,S_INTRODUCES_CAMERA,CAMERA_1,,Let me show you this. Here we have the Sony PowerShot ELPH DMC-ZS3.,PRESENT_X,CAMERA_1,39~66
285,4,CAMERA_1,['CAMERA_1'],"{'CAMERA_1': ['resolution'], 'CAMERA_2': [], 'CAMERA_3': []}",C_QUESTION_ABOUT_FEATURE,CAMERA_1,resolution,in how many megapixels is this one,PRESENT_X,CAMERA_1,S_ANSWERS_QUESTION_ABOUT_FEATURE,CAMERA_1,resolution,This one has 17.8 megapixels resolution.,PRESENT_X,CAMERA_1,13~28
285,5,CAMERA_2,"['CAMERA_1', 'CAMERA_2']","{'CAMERA_1': ['resolution'], 'CAMERA_2': [], 'CAMERA_3': []}",C_ANYTHING_ELSE_AVAILABLE,CAMERA_1,NONE,do you have anything better than this,PRESENT_X,CAMERA_1,S_INTRODUCES_CAMERA,CAMERA_2,,Let me show you this. Here we have the Fujifilm Lumix ILC Camera.,PRESENT_X,CAMERA_2,39~64
285,6,CAMERA_2,"['CAMERA_1', 'CAMERA_2']","{'CAMERA_1': ['resolution'], 'CAMERA_2': ['preset_modes'], 'CAMERA_3': []}",C_QUESTION_ABOUT_FEATURE,CAMERA_2,preset_modes,does it have any preset modes,PRESENT_X,CAMERA_2,S_NOT_SURE,CAMERA_2,,I'm not really sure about that.,PRESENT_X,CAMERA_2,
285,7,CAMERA_2,"['CAMERA_1', 'CAMERA_2']","{'CAMERA_1': ['resolution'], 'CAMERA_2': ['preset_modes', 'weight'], 'CAMERA_3': []}",C_SILENT_OR_BACKCHANNEL,CAMERA_2,NONE,sounds great,PRESENT_X,CAMERA_2,S_INTRODUCES_FEATURE,CAMERA_2,weight,This one weighs 820 grams.,PRESENT_X,CAMERA_2,16~25
285,8,CAMERA_2,"['CAMERA_1', 'CAMERA_2']","{'CAMERA_1': ['resolution'], 'CAMERA_2': ['preset_modes', 'weight', 'color'], 'CAMERA_3': []}",C_SILENT_OR_BACKCHANNEL,CAMERA_2,NONE,huh,PRESENT_X,CAMERA_2,S_INTRODUCES_FEATURE,CAMERA_2,color,This one comes in white or pink.,PRESENT_X,CAMERA_2,18~31
285,9,CAMERA_2,"['CAMERA_1', 'CAMERA_2']","{'CAMERA_1': ['resolution'], 'CAMERA_2': ['preset_modes', 'weight', 'color', 'price'], 'CAMERA_3': []}",C_SILENT_OR_BACKCHANNEL,CAMERA_2,NONE,IC,PRESENT_X,CAMERA_2,S_INTRODUCES_FEATURE,CAMERA_2,price,This one costs $768.,PRESENT_X,CAMERA_2,15~19
285,10,NONE,"['CAMERA_1', 'CAMERA_2']","{'CAMERA_1': ['resolution'], 'CAMERA_2': ['preset_modes', 'weight', 'color', 'price'], 'CAMERA_3': []}",C_THANK_YOU,CAMERA_2,NONE,I will think about this thank you,PRESENT_X,CAMERA_2,S_THANK_YOU,CAMERA_2,NONE,thank you very much.,FACE_TO_FACE,NONE,
285,11,NONE,"['CAMERA_1', 'CAMERA_2']","{'CAMERA_1': ['resolution'], 'CAMERA_2': ['preset_modes', 'weight', 'color', 'price'], 'CAMERA_3': []}",C_LEAVES,DOOR,NONE,,FACE_TO_FACE,NONE,S_RETURNS_TO_COUNTER,SERVICE_COUNTER,NONE,,WAITING,NONE,
286,1,NONE,[],"{'CAMERA_1': [], 'CAMERA_2': [], 'CAMERA_3': []}",C_ENTERS,DOOR,NONE,,WAITING,NONE,S_NONE,SERVICE_COUNTER,NONE,,WAITING,NONE,
286,2,NONE,[],"{'CAMERA_1': [], 'CAMERA_2': [], 'CAMERA_3': []}",C_WALKS_TO_CAMERA,CAMERA_3,NONE,,WAITING,NONE,S_GREETS,CAMERA_3,NONE,can I help you?,FACE_TO_FACE,NONE,
286,3,CAMERA_2,['CAMERA_2'],"{'CAMERA_1': [], 'CAMERA_2': [], 'CAMERA_3': []}",C_LOOKING_FOR_A_CAMERA,CAMERA_3,NONE,anyone would do I'm just trying to get a camera real fast,FACE_TO_FACE,NONE,S_INTRODUCES_CAMERA,CAMERA_2,,Let me show you this. Here we have the Fujifilm Lumix ILC Camera.,PRESENT_X,CAMERA_2,39~64
286,4,CAMERA_2,['CAMERA_2'],"{'CAMERA_1': [], 'CAMERA_2': ['weight'], 'CAMERA_3': []}",C_SILENT_OR_BACKCHANNEL,CAMERA_2,NONE,IC,PRESENT_X,CAMERA_2,S_INTRODUCES_FEATURE,CAMERA_2,weight,This one weighs 820 grams.,PRESENT_X,CAMERA_2,16~25
286,5,CAMERA_2,['CAMERA_2'],"{'CAMERA_1': [], 'CAMERA_2': ['weight', 'ISO'], 'CAMERA_3': []}",C_QUESTION_ABOUT_FEATURE,CAMERA_2,ISO,I see and what about the ISO,PRESENT_X,CAMERA_2,S_NOT_SURE,CAMERA_2,,I'm not really sure about that.,PRESENT_X,CAMERA_2,
286,6,CAMERA_2,['CAMERA_2'],"{'CAMERA_1': [], 'CAMERA_2': ['weight', 'ISO', 'autofocus_points'], 'CAMERA_3': []}",C_QUESTION_ABOUT_FEATURE,CAMERA_2,autofocus_points,And the auto Focus points how many points does it have,PRESENT_X,CAMERA_2,S_NOT_SURE,CAMERA_2,,I'm not really sure about that.,PRESENT_X,CAMERA_2,
286,7,CAMERA_2,['CAMERA_2'],"{'CAMERA_1': [], 'CAMERA_2': ['weight', 'ISO', 'autofocus_points', 'camera_type'], 'CAMERA_3': []}",C_SILENT_OR_BACKCHANNEL,CAMERA_2,NONE,IC,PRESENT_X,CAMERA_2,S_INTRODUCES_FEATURE,CAMERA_2,camera_type,This is a digital single lens mirrorless camera.,PRESENT_X,CAMERA_2,10~40
286,8,NONE,['CAMERA_2'],"{'CAMERA_1': [], 'CAMERA_2': ['weight', 'ISO', 'autofocus_points', 'camera_type'], 'CAMERA_3': []}",C_THANK_YOU,CAMERA_2,NONE,no thank you for your help thank you have a good day,PRESENT_X,CAMERA_2,S_THANK_YOU,CAMERA_2,NONE,thank you very much.,FACE_TO_FACE,NONE,
286,9,NONE,['CAMERA_2'],"{'CAMERA_1': [], 'CAMERA_2': ['weight', 'ISO', 'autofocus_points', 'camera_type'], 'CAMERA_3': []}",C_LEAVES,DOOR,NONE,,FACE_TO_FACE,NONE,S_RETURNS_TO_COUNTER,SERVICE_COUNTER,NONE,,WAITING,NONE,
287,1,NONE,[],"{'CAMERA_1': [], 'CAMERA_2': [], 'CAMERA_3': []}",C_ENTERS,DOOR,NONE,,WAITING,NONE,S_NONE,SERVICE_COUNTER,NONE,,WAITING,NONE,
287,2,NONE,[],"{'CAMERA_1': [], 'CAMERA_2': [], 'CAMERA_3': []}",C_GREETS,MIDDLE,NONE,hi,WAITING,NONE,S_GREETS,MIDDLE,NONE,can I help you?,FACE_TO_FACE,NONE,
287,3,CAMERA_1,['CAMERA_1'],"{'CAMERA_1': [], 'CAMERA_2': [], 'CAMERA_3': []}",C_LOOKING_FOR_A_CAMERA,MIDDLE,NONE,I'm looking for a professional camera,FACE_TO_FACE,NONE,S_INTRODUCES_CAMERA,CAMERA_1,,Let me show you this. Here we have the Sony PowerShot ELPH DMC-ZS3.,PRESENT_X,CAMERA_1,39~66
287,4,CAMERA_1,['CAMERA_1'],"{'CAMERA_1': ['resolution'], 'CAMERA_2': [], 'CAMERA_3': []}",C_QUESTION_ABOUT_FEATURE,CAMERA_1,resolution,I feel like the resolution is not very good,PRESENT_X,CAMERA_1,S_ANSWERS_QUESTION_ABOUT_FEATURE,CAMERA_1,resolution,This one has 17.8 megapixels resolution.,PRESENT_X,CAMERA_1,13~28
287,5,CAMERA_1,['CAMERA_1'],"{'CAMERA_1': ['resolution', 'camera_type'], 'CAMERA_2': [], 'CAMERA_3': []}",C_QUESTION_ABOUT_FEATURE,CAMERA_1,camera_type,Is this a mirrorless camera?,PRESENT_X,CAMERA_1,S_ANSWERS_QUESTION_ABOUT_FEATURE,CAMERA_1,camera_type,This is a DSLR camera.,PRESENT_X,CAMERA_1,10~14
287,6,CAMERA_1,['CAMERA_1'],"{'CAMERA_1': ['resolution', 'camera_type', 'optical_zoom'], 'CAMERA_2': [], 'CAMERA_3': []}",C_QUESTION_ABOUT_FEATURE,CAMERA_1,optical_zoom,how far does the zoom on this one go,PRESENT_X,CAMERA_1,S_ANSWERS_QUESTION_ABOUT_FEATURE,CAMERA_1,optical_zoom,This one has 21x optical zoom.,PRESENT_X,CAMERA_1,13~29
287,7,CAMERA_1,['CAMERA_1'],"{'CAMERA_1': ['resolution', 'camera_type', 'optical_zoom', 'ISO'], 'CAMERA_2': [], 'CAMERA_3': []}",C_QUESTION_ABOUT_FEATURE,CAMERA_1,ISO,how is the ISO performance,PRESENT_X,CAMERA_1,S_ANSWERS_QUESTION_ABOUT_FEATURE,CAMERA_1,ISO,This one has up to 51200 ISO.,PRESENT_X,CAMERA_1,13~28
287,8,CAMERA_1,['CAMERA_1'],"{'CAMERA_1': ['resolution', 'camera_type', 'optical_zoom', 'ISO', 'settings'], 'CAMERA_2': [], 'CAMERA_3': []}",C_QUESTION_ABOUT_FEATURE,CAMERA_1,settings,Does this camera have manual settings?,PRESENT_X,CAMERA_1,S_ANSWERS_QUESTION_ABOUT_FEATURE,CAMERA_1,settings,This one has limited manual settings.,PRESENT_X,CAMERA_1,13~36
287,9,CAMERA_1,['CAMERA_1'],"{'CAMERA_1': ['resolution', 'camera_type', 'optical_zoom', 'ISO', 'settings', 'price'], 'CAMERA_2': [], 'CAMERA_3': []}",C_QUESTION_ABOUT_FEATURE,CAMERA_1,price,I see on can you please tell me about the out of focus points,PRESENT_X,CAMERA_1,S_ANSWERS_QUESTION_ABOUT_FEATURE,CAMERA_1,price,This one costs $450.,PRESENT_X,CAMERA_1,15~19
287,10,CAMERA_1,['CAMERA_1'],"{'CAMERA_1': ['resolution', 'camera_type', 'optical_zoom', 'ISO', 'settings', 'price', 'color'], 'CAMERA_2': [], 'CAMERA_3': []}",C_QUESTION_ABOUT_FEATURE,CAMERA_1,color,what and what colors does it come in,PRESENT_X,CAMERA_1,S_ANSWERS_QUESTION_ABOUT_FEATURE,CAMERA_1,color,This one comes in blue or black.,PRESENT_X,CAMERA_1,18~31
287,11,CAMERA_1,['CAMERA_1'],"{'CAMERA_1': ['resolution', 'camera_type', 'optical_zoom', 'ISO', 'settings', 'price', 'color', 'long_exposure'], 'CAMERA_2': [], 'CAMERA_3': []}",C_SILENT_OR_BACKCHANNEL,CAMERA_1,NONE,okay,PRESENT_X,CAMERA_1,S_INTRODUCES_FEATURE,CAMERA_1,long_exposure,This one can take long exposures up to up to 15 seconds with Long Shutter Mode.,PRESENT_X,CAMERA_1,39~78
287,12,NONE,['CAMERA_1'],"{'CAMERA_1': ['resolution', 'camera_type', 'optical_zoom', 'ISO', 'settings', 'price', 'color', 'long_exposure'], 'CAMERA_2': [], 'CAMERA_3': []}",C_THANK_YOU,CAMERA_1,NONE,thanks,PRESENT_X,CAMERA_1,S_THANK_YOU,CAMERA_1,NONE,thank you very much.,FACE_TO_FACE,NONE,
287,13,NONE,['CAMERA_1'],"{'CAMERA_1': ['resolution', 'camera_type', 'optical_zoom', 'ISO', 'settings', 'price', 'color', 'long_exposure'], 'CAMERA_2': [], 'CAMERA_3': []}",C_LEAVES,DOOR,NONE,,FACE_TO_FACE,NONE,S_RETURNS_TO_COUNTER,SERVICE_COUNTER,NONE,,WAITING,NONE,
288,1,NONE,[],"{'CAMERA_1': [], 'CAMERA_2': [], 'CAMERA_3': []}",C_ENTERS,DOOR,NONE,,WAITING,NONE,S_NONE,SERVICE_COUNTER,NONE,,WAITING,NONE,
288,2,NONE,[],"{'CAMERA_1': [], 'CAMERA_2': [], 'CAMERA_3': []}",C_GREETS,MIDDLE,NONE,sorry I have another question,WAITING,NONE,S_GREETS,MIDDLE,NONE,can I help you?,FACE_TO_FACE,NONE,
288,3,CAMERA_3,['CAMERA_3'],"{'CAMERA_1': [], 'CAMERA_2': [], 'CAMERA_3': []}",C_LOOKING_FOR_A_CAMERA,MIDDLE,NONE,I'm looking for a nice camera,FACE_TO_FACE,NONE,S_INTRODUCES_CAMERA,CAMERA_3,,Let me show you this. Here we have the Fujifilm PowerShot ELPH S2800.,PRESENT_X,CAMERA_3,39~68
288,4,CAMERA_3,['CAMERA_3'],"{'CAMERA_1': [], 'CAMERA_2': [], 'CAMERA_3': ['optical_zoom']}",C_QUESTION_ABOUT_FEATURE,CAMERA_3,optical_zoom,I see ok can the optical zoom what does that do,PRESENT_X,CAMERA_3,S_NOT_SURE,CAMERA_3,,I'm not really sure about that.,PRESENT_X,CAMERA_3,
288,5,CAMERA_3,['CAMERA_3'],"{'CAMERA_1': [], 'CAMERA_2': [], 'CAMERA_3': ['optical_zoom', 'effects']}",C_QUESTION_ABOUT_FEATURE,CAMERA_3,effects,does it have an artistic effect mode,PRESENT_X,CAMERA_3,S_ANSWERS_QUESTION_ABOUT_FEATURE,CAMERA_3,effects,"This one has 21 photo effects (small face, retro, big eyes, etc.).",PRESENT_X,CAMERA_3,13~65
288,6,CAMERA_3,['CAMERA_3'],"{'CAMERA_1': [], 'CAMERA_2': [], 'CAMERA_3': ['optical_zoom', 'effects', 'camera_type']}",C_QUESTION_ABOUT_FEATURE,CAMERA_3,camera_type,is this a point and shoot camera,PRESENT_X,CAMERA_3,S_ANSWERS_QUESTION_ABOUT_FEATURE,CAMERA_3,camera_type,This is a point and shoot camera.,PRESENT_X,CAMERA_3,10~25
288,7,NONE,['CAMERA_3'],"{'CAMERA_1': [], 'CAMERA_2': [], 'CAMERA_3': ['optical_zoom', 'effects', 'camera_type']}",C_THANK_YOU,CAMERA_3,NONE,okay thank you have a good day,PRESENT_X,CAMERA_3,S_THANK_YOU,CAMERA_3,NONE,thank you very much.,FACE_TO_FACE,NONE,
288,8,NONE,['CAMERA_3'],"{'CAMERA_1': [], 'CAMERA_2': [], 'CAMERA_3': ['optical_zoom', 'effects', 'camera_type']}",C_LEAVES,DOOR,NONE,,FACE_TO_FACE,NONE,S_RETURNS_TO_COUNTER,SERVICE_COUNTER,NONE,,WAITING,NONE,
289,1,NONE,[],"{'CAMERA_1': [], 'CAMERA_2': [], 'CAMERA_3': []}",C_ENTERS,DOOR,NONE,,WAITING,NONE,S_NONE,SERVICE_COUNTER,NONE,,WAITING,NONE,
289,2,NONE,[],"{'CAMERA_1': [], 'CAMERA_2': [], 'CAMERA_3': []}",C_GREETS,MIDDLE,NONE,excuse me,WAITING,NONE,S_GREETS,MIDDLE,NONE,can I help you?,FACE_TO_FACE,NONE,
289,3,CAMERA_3,['CAMERA_3'],"{'CAMERA_1': [], 'CAMERA_2': [], 'CAMERA_3': []}",C_LOOKING_FOR_A_CAMERA,MIDDLE,NONE,hello I just want to take a look at your camera,FACE_TO_FACE,NONE,S_INTRODUCES_CAMERA,CAMERA_3,,Let me show you this. Here we have the Fujifilm PowerShot ELPH S2800.,PRESENT_X,CAMERA_3,39~68
289,4,CAMERA_3,['CAMERA_3'],"{'CAMERA_1': [], 'CAMERA_2': [], 'CAMERA_3': ['settings']}",C_SILENT_OR_BACKCHANNEL,CAMERA_3,NONE,IC,PRESENT_X,CAMERA_3,S_INTRODUCES_FEATURE,CAMERA_3,settings,"This one has manual control and various automatic settings (video modeburst shooting, etc.).",PRESENT_X,CAMERA_3,13~91
289,5,CAMERA_3,['CAMERA_3'],"{'CAMERA_1': [], 'CAMERA_2': [], 'CAMERA_3': ['settings', 'camera_type']}",C_QUESTION_ABOUT_FEATURE,CAMERA_3,camera_type,is this a point and shoot camera,PRESENT_X,CAMERA_3,S_ANSWERS_QUESTION_ABOUT_FEATURE,CAMERA_3,camera_type,This is a point and shoot camera.,PRESENT_X,CAMERA_3,10~25
289,6,CAMERA_3,['CAMERA_3'],"{'CAMERA_1': [], 'CAMERA_2': [], 'CAMERA_3': ['settings', 'camera_type', 'autofocus_points']}",C_QUESTION_ABOUT_FEATURE,CAMERA_3,autofocus_points,How about auto focus points for this,PRESENT_X,CAMERA_3,S_ANSWERS_QUESTION_ABOUT_FEATURE,CAMERA_3,autofocus_points,This one has 214 autofocus points.,PRESENT_X,CAMERA_3,13~33
289,7,CAMERA_3,['CAMERA_3'],"{'CAMERA_1': [], 'CAMERA_2': [], 'CAMERA_3': ['settings', 'camera_type', 'autofocus_points', 'color']}",C_QUESTION_ABOUT_FEATURE,CAMERA_3,color,so this is come in gold,PRESENT_X,CAMERA_3,S_ANSWERS_QUESTION_ABOUT_FEATURE,CAMERA_3,color,"This one comes in purple, white, silver, blue, red, or pink.",PRESENT_X,CAMERA_3,18~59
289,8,CAMERA_3,['CAMERA_3'],"{'CAMERA_1': [], 'CAMERA_2': [], 'CAMERA_3': ['settings', 'camera_type', 'autofocus_points', 'color', 'optical_zoom']}",C_QUESTION_ABOUT_FEATURE,CAMERA_3,optical_zoom,excuse me what does it mean by optical zoom,PRESENT_X,CAMERA_3,S_NOT_SURE,CAMERA_3,,I'm not really sure about that.,PRESENT_X,CAMERA_3,
289,9,NONE,['CAMERA_3'],"{'CAMERA_1': [], 'CAMERA_2': [], 'CAMERA_3': ['settings', 'camera_type', 'autofocus_points', 'color', 'optical_zoom']}",C_THANK_YOU,CAMERA_3,NONE,thanks for your help today,PRESENT_X,CAMERA_3,S_THANK_YOU,CAMERA_3,NONE,thank you very much.,FACE_TO_FACE,NONE,
289,10,NONE,['CAMERA_3'],"{'CAMERA_1': [], 'CAMERA_2': [], 'CAMERA_3': ['settings', 'camera_type', 'autofocus_points', 'color', 'optical_zoom']}",C_LEAVES,DOOR,NONE,,FACE_TO_FACE,NONE,S_RETURNS_TO_COUNTER,SERVICE_COUNTER,NONE,,WAITING,NONE,
290,1,NONE,[],"{'CAMERA_1': [], 'CAMERA_2': [], 'CAMERA_3': []}",C_ENTERS,DOOR,NONE,,WAITING,NONE,S_NONE,SERVICE_COUNTER,NONE,,WAITING,NONE,
290,2,NONE,[],"{'CAMERA_1': [], 'CAMERA_2': [], 'CAMERA_3': []}",C_GREETS,MIDDLE,NONE,hi,WAITING,NONE,S_GREETS,MIDDLE,NONE,can I help you?,FACE_TO_FACE,NONE,
290,3,CAMERA_3,['CAMERA_3'],"{'CAMERA_1': [], 'CAMERA_2': [], 'CAMERA_3': []}",C_LOOKING_FOR_A_CAMERA,MIDDLE,NONE,I'm looking for a DSLR type camera,FACE_TO_FACE,NONE,S_INTRODUCES_CAMERA,CAMERA_3,,Let me show you this. Here we have the Fujifilm PowerShot ELPH S2800.,PRESENT_X,CAMERA_3,39~68
290,4,CAMERA_3,['CAMERA_3'],"{'CAMERA_1': [], 'CAMERA_2': [], 'CAMERA_3': ['color']}",C_SILENT_OR_BACKCHANNEL,CAMERA_3,NONE,ok,PRESENT_X,CAMERA_3,S_INTRODUCES_FEATURE,CAMERA_3,color,"This one comes in purple, white, silver, blue, red, or pink.",PRESENT_X,CAMERA_3,18~59
290,5,CAMERA_3,['CAMERA_3'],"{'CAMERA_1': [], 'CAMERA_2': [], 'CAMERA_3': ['color', 'resolution']}",C_QUESTION_ABOUT_FEATURE,CAMERA_3,resolution,what is the resolution,PRESENT_X,CAMERA_3,S_ANSWERS_QUESTION_ABOUT_FEATURE,CAMERA_3,resolution,This one has 23.2 megapixels resolution.,PRESENT_X,CAMERA_3,13~28
290,6,CAMERA_3,['CAMERA_3'],"{'CAMERA_1': [], 'CAMERA_2': [], 'CAMERA_3': ['color', 'resolution', 'effects']}",C_QUESTION_ABOUT_FEATURE,CAMERA_3,effects,what's the artistic effect mode,PRESENT_X,CAMERA_3,S_ANSWERS_QUESTION_ABOUT_FEATURE,CAMERA_3,effects,"This one has 21 photo effects (small face, retro, big eyes, etc.).",PRESENT_X,CAMERA_3,13~65
290,7,CAMERA_3,['CAMERA_3'],"{'CAMERA_1': [], 'CAMERA_2': [], 'CAMERA_3': ['color', 'resolution', 'effects', 'sensor_size']}",C_SILENT_OR_BACKCHANNEL,CAMERA_3,NONE,wow that's pretty steep,PRESENT_X,CAMERA_3,S_INTRODUCES_FEATURE,CAMERA_3,sensor_size,This one has a full frame.,PRESENT_X,CAMERA_3,15~25
290,8,CAMERA_3,['CAMERA_3'],"{'CAMERA_1': [], 'CAMERA_2': [], 'CAMERA_3': ['color', 'resolution', 'effects', 'sensor_size', 'price']}",C_SILENT_OR_BACKCHANNEL,CAMERA_3,NONE,I said okay,PRESENT_X,CAMERA_3,S_INTRODUCES_FEATURE,CAMERA_3,price,This one costs $518.,PRESENT_X,CAMERA_3,15~19
290,9,CAMERA_3,['CAMERA_3'],"{'CAMERA_1': [], 'CAMERA_2': [], 'CAMERA_3': ['color', 'resolution', 'effects', 'sensor_size', 'price', 'camera_type']}",C_SILENT_OR_BACKCHANNEL,CAMERA_3,NONE,okay I say it,PRESENT_X,CAMERA_3,S_INTRODUCES_FEATURE,CAMERA_3,camera_type,This is a point and shoot camera.,PRESENT_X,CAMERA_3,10~25
290,10,NONE,['CAMERA_3'],"{'CAMERA_1': [], 'CAMERA_2': [], 'CAMERA_3': ['color', 'resolution', 'effects', 'sensor_size', 'price', 'camera_type']}",C_THANK_YOU,CAMERA_3,NONE,that's a lot to think about thank you very much have a good afternoon,PRESENT_X,CAMERA_3,S_THANK_YOU,CAMERA_3,NONE,thank you very much.,FACE_TO_FACE,NONE,
290,11,NONE,['CAMERA_3'],"{'CAMERA_1': [], 'CAMERA_2': [], 'CAMERA_3': ['color', 'resolution', 'effects', 'sensor_size', 'price', 'camera_type']}",C_LEAVES,DOOR,NONE,,FACE_TO_FACE,NONE,S_RETURNS_TO_COUNTER,SERVICE_COUNTER,NONE,,WAITING,NONE,
291,1,NONE,[],"{'CAMERA_1': [], 'CAMERA_2': [], 'CAMERA_3': []}",C_ENTERS,DOOR,NONE,,WAITING,NONE,S_NONE,SERVICE_COUNTER,NONE,,WAITING,NONE,
291,2,NONE,[],"{'CAMERA_1': [], 'CAMERA_2': [], 'CAMERA_3': []}",C_GREETS,MIDDLE,NONE,excuse me,WAITING,NONE,S_GREETS,MIDDLE,NONE,can I help you?,FACE_TO_FACE,NONE,
291,3,CAMERA_3,['CAMERA_3'],"{'CAMERA_1': [], 'CAMERA_2': [], 'CAMERA_3': []}",C_LOOKING_FOR_A_CAMERA,MIDDLE,NONE,I'm looking for a camera,FACE_TO_FACE,NONE,S_INTRODUCES_CAMERA,CAMERA_3,,Let me show you this. Here we have the Fujifilm PowerShot ELPH S2800.,PRESENT_X,CAMERA_3,39~68
291,4,CAMERA_3,['CAMERA_3'],"{'CAMERA_1': [], 'CAMERA_2': [], 'CAMERA_3': ['long_exposure']}",C_QUESTION_ABOUT_FEATURE,CAMERA_3,long_exposure,and the exposure is,PRESENT_X,CAMERA_3,S_ANSWERS_QUESTION_ABOUT_FEATURE,CAMERA_3,long_exposure,This one can take long exposures up to 30 minutes max with bulb mode.,PRESENT_X,CAMERA_3,39~68
291,5,CAMERA_3,['CAMERA_3'],"{'CAMERA_1': [], 'CAMERA_2': [], 'CAMERA_3': ['long_exposure', 'optical_zoom']}",C_QUESTION_ABOUT_FEATURE,CAMERA_3,optical_zoom,does it have optical zoom,PRESENT_X,CAMERA_3,S_NOT_SURE,CAMERA_3,,I'm not really sure about that.,PRESENT_X,CAMERA_3,
291,6,CAMERA_3,['CAMERA_3'],"{'CAMERA_1': [], 'CAMERA_2': [], 'CAMERA_3': ['long_exposure', 'optical_zoom', 'price']}",C_SILENT_OR_BACKCHANNEL,CAMERA_3,NONE,you're actually it's the way is feels really nice,PRESENT_X,CAMERA_3,S_INTRODUCES_FEATURE,CAMERA_3,price,This one costs $518.,PRESENT_X,CAMERA_3,15~19
291,7,CAMERA_2,"['CAMERA_3', 'CAMERA_2']","{'CAMERA_1': [], 'CAMERA_2': [], 'CAMERA_3': ['long_exposure', 'optical_zoom', 'price']}",C_ANYTHING_ELSE_AVAILABLE,CAMERA_3,NONE,Do you have other cameras that I could afford,PRESENT_X,CAMERA_3,S_INTRODUCES_CAMERA,CAMERA_2,,Let me show you this. Here we have the Fujifilm Lumix ILC Camera.,PRESENT_X,CAMERA_2,39~64
291,8,CAMERA_2,"['CAMERA_3', 'CAMERA_2']","{'CAMERA_1': [], 'CAMERA_2': ['color'], 'CAMERA_3': ['long_exposure', 'optical_zoom', 'price']}",C_QUESTION_ABOUT_FEATURE,CAMERA_2,color,that's cool what colors does it come in,PRESENT_X,CAMERA_2,S_ANSWERS_QUESTION_ABOUT_FEATURE,CAMERA_2,color,This one comes in white or pink.,PRESENT_X,CAMERA_2,18~31
291,9,CAMERA_2,"['CAMERA_3', 'CAMERA_2']","{'CAMERA_1': [], 'CAMERA_2': ['color', 'price'], 'CAMERA_3': ['long_exposure', 'optical_zoom', 'price']}",C_QUESTION_ABOUT_FEATURE,CAMERA_2,price,wonderful and what about the price,PRESENT_X,CAMERA_2,S_ANSWERS_QUESTION_ABOUT_FEATURE,CAMERA_2,price,This one costs $768.,PRESENT_X,CAMERA_2,15~19
291,10,CAMERA_2,"['CAMERA_3', 'CAMERA_2']","{'CAMERA_1': [], 'CAMERA_2': ['color', 'price', 'camera_type'], 'CAMERA_3': ['long_exposure', 'optical_zoom', 'price']}",C_QUESTION_ABOUT_FEATURE,CAMERA_2,camera_type,is this a DSLR camera,PRESENT_X,CAMERA_2,S_ANSWERS_QUESTION_ABOUT_FEATURE,CAMERA_2,camera_type,This is a digital single lens mirrorless camera.,PRESENT_X,CAMERA_2,10~40
291,11,CAMERA_2,"['CAMERA_3', 'CAMERA_2']","{'CAMERA_1': [], 'CAMERA_2': ['color', 'price', 'camera_type', 'long_exposure'], 'CAMERA_3': ['long_exposure', 'optical_zoom', 'price']}",C_SILENT_OR_BACKCHANNEL,CAMERA_2,NONE,ok,PRESENT_X,CAMERA_2,S_INTRODUCES_FEATURE,CAMERA_2,long_exposure,This one can take long exposures up to 60 minutes max with bulb mode.,PRESENT_X,CAMERA_2,39~68
291,12,NONE,"['CAMERA_3', 'CAMERA_2']","{'CAMERA_1': [], 'CAMERA_2': ['color', 'price', 'camera_type', 'long_exposure'], 'CAMERA_3': ['long_exposure', 'optical_zoom', 'price']}",C_THANK_YOU,CAMERA_2,NONE,okay thanks for the help,PRESENT_X,CAMERA_2,S_THANK_YOU,CAMERA_2,NONE,thank you very much.,FACE_TO_FACE,NONE,
291,13,NONE,"['CAMERA_3', 'CAMERA_2']","{'CAMERA_1': [], 'CAMERA_2': ['color', 'price', 'camera_type', 'long_exposure'], 'CAMERA_3': ['long_exposure', 'optical_zoom', 'price']}",C_LEAVES,DOOR,NONE,,FACE_TO_FACE,NONE,S_RETURNS_TO_COUNTER,SERVICE_COUNTER,NONE,,WAITING,NONE,
292,1,NONE,[],"{'CAMERA_1': [], 'CAMERA_2': [], 'CAMERA_3': []}",C_ENTERS,DOOR,NONE,,WAITING,NONE,S_NONE,SERVICE_COUNTER,NONE,,WAITING,NONE,
292,2,NONE,[],"{'CAMERA_1': [], 'CAMERA_2': [], 'CAMERA_3': []}",C_WALKS_TO_CAMERA,CAMERA_2,NONE,,WAITING,NONE,S_GREETS,CAMERA_2,NONE,can I help you?,FACE_TO_FACE,NONE,
292,3,CAMERA_3,['CAMERA_3'],"{'CAMERA_1': [], 'CAMERA_2': [], 'CAMERA_3': []}",C_LOOKING_FOR_A_CAMERA,CAMERA_2,NONE,I'm looking to upgrade my old camera for one with a higher ISO,FACE_TO_FACE,NONE,S_INTRODUCES_CAMERA,CAMERA_3,,Let me show you this. Here we have the Fujifilm PowerShot ELPH S2800.,PRESENT_X,CAMERA_3,39~68
292,4,CAMERA_3,['CAMERA_3'],"{'CAMERA_1': [], 'CAMERA_2': [], 'CAMERA_3': ['sensor_size']}",C_QUESTION_ABOUT_FEATURE,CAMERA_3,sensor_size,what about the sensor size,PRESENT_X,CAMERA_3,S_ANSWERS_QUESTION_ABOUT_FEATURE,CAMERA_3,sensor_size,This one has a full frame.,PRESENT_X,CAMERA_3,15~25
292,5,CAMERA_3,['CAMERA_3'],"{'CAMERA_1': [], 'CAMERA_2': [], 'CAMERA_3': ['sensor_size', 'settings']}",C_SILENT_OR_BACKCHANNEL,CAMERA_3,NONE,Okay.,PRESENT_X,CAMERA_3,S_INTRODUCES_FEATURE,CAMERA_3,settings,"This one has manual control and various automatic settings (video modeburst shooting, etc.).",PRESENT_X,CAMERA_3,13~91
292,6,NONE,['CAMERA_3'],"{'CAMERA_1': [], 'CAMERA_2': [], 'CAMERA_3': ['sensor_size', 'settings']}",C_THANK_YOU,CAMERA_3,NONE,thanks,PRESENT_X,CAMERA_3,S_THANK_YOU,CAMERA_3,NONE,thank you very much.,FACE_TO_FACE,NONE,
292,7,NONE,['CAMERA_3'],"{'CAMERA_1': [], 'CAMERA_2': [], 'CAMERA_3': ['sensor_size', 'settings']}",C_LEAVES,DOOR,NONE,,FACE_TO_FACE,NONE,S_RETURNS_TO_COUNTER,SERVICE_COUNTER,NONE,,WAITING,NONE,
293,1,NONE,[],"{'CAMERA_1': [], 'CAMERA_2': [], 'CAMERA_3': []}",C_ENTERS,DOOR,NONE,,WAITING,NONE,S_NONE,SERVICE_COUNTER,NONE,,WAITING,NONE,
293,2,NONE,[],"{'CAMERA_1': [], 'CAMERA_2': [], 'CAMERA_3': []}",C_GREETS,MIDDLE,NONE,hi can I ask something,WAITING,NONE,S_GREETS,MIDDLE,NONE,can I help you?,FACE_TO_FACE,NONE,
293,3,CAMERA_3,['CAMERA_3'],"{'CAMERA_1': [], 'CAMERA_2': [], 'CAMERA_3': []}",C_LOOKING_FOR_A_CAMERA,MIDDLE,NONE,ho hey just looking for a camera something more high end,FACE_TO_FACE,NONE,S_INTRODUCES_CAMERA,CAMERA_3,,Let me show you this. Here we have the Fujifilm PowerShot ELPH S2800.,PRESENT_X,CAMERA_3,39~68
293,4,CAMERA_3,['CAMERA_3'],"{'CAMERA_1': [], 'CAMERA_2': [], 'CAMERA_3': ['settings']}",C_SILENT_OR_BACKCHANNEL,CAMERA_3,NONE,ok,PRESENT_X,CAMERA_3,S_INTRODUCES_FEATURE,CAMERA_3,settings,"This one has manual control and various automatic settings (video modeburst shooting, etc.).",PRESENT_X,CAMERA_3,13~91
293,5,CAMERA_1,"['CAMERA_3', 'CAMERA_1']","{'CAMERA_1': [], 'CAMERA_2': [], 'CAMERA_3': ['settings']}",C_ANYTHING_ELSE_AVAILABLE,CAMERA_3,NONE,Do you have any other cameras under $300,PRESENT_X,CAMERA_3,S_INTRODUCES_CAMERA,CAMERA_1,,Let me show you this. Here we have the Sony PowerShot ELPH DMC-ZS3.,PRESENT_X,CAMERA_1,39~66
293,6,CAMERA_1,"['CAMERA_3', 'CAMERA_1']","{'CAMERA_1': ['sensor_size'], 'CAMERA_2': [], 'CAMERA_3': ['settings']}",C_QUESTION_ABOUT_FEATURE,CAMERA_1,sensor_size,what is the size of this camera,PRESENT_X,CAMERA_1,S_ANSWERS_QUESTION_ABOUT_FEATURE,CAMERA_1,sensor_size,This one has a 1/2.3 inch CMOS sensor.,PRESENT_X,CAMERA_1,15~37
293,7,CAMERA_1,"['CAMERA_3', 'CAMERA_1']","{'CAMERA_1': ['sensor_size', 'resolution'], 'CAMERA_2': [], 'CAMERA_3': ['settings']}",C_SILENT_OR_BACKCHANNEL,CAMERA_1,NONE,it's not bad not bad,PRESENT_X,CAMERA_1,S_INTRODUCES_FEATURE,CAMERA_1,resolution,This one has 17.8 megapixels resolution.,PRESENT_X,CAMERA_1,13~28
293,8,CAMERA_1,"['CAMERA_3', 'CAMERA_1']","{'CAMERA_1': ['sensor_size', 'resolution', 'price'], 'CAMERA_2': [], 'CAMERA_3': ['settings']}",C_SILENT_OR_BACKCHANNEL,CAMERA_1,NONE,cic,PRESENT_X,CAMERA_1,S_INTRODUCES_FEATURE,CAMERA_1,price,This one costs $450.,PRESENT_X,CAMERA_1,15~19
293,9,CAMERA_1,"['CAMERA_3', 'CAMERA_1']","{'CAMERA_1': ['sensor_size', 'resolution', 'price', 'settings'], 'CAMERA_2': [], 'CAMERA_3': ['settings']}",C_SILENT_OR_BACKCHANNEL,CAMERA_1,NONE,yeah,PRESENT_X,CAMERA_1,S_INTRODUCES_FEATURE,CAMERA_1,settings,This one has limited manual settings.,PRESENT_X,CAMERA_1,13~36
293,10,NONE,"['CAMERA_3', 'CAMERA_1']","{'CAMERA_1': ['sensor_size', 'resolution', 'price', 'settings'], 'CAMERA_2': [], 'CAMERA_3': ['settings']}",C_THANK_YOU,CAMERA_1,NONE,thank you,PRESENT_X,CAMERA_1,S_THANK_YOU,CAMERA_1,NONE,thank you very much.,FACE_TO_FACE,NONE,
293,11,NONE,"['CAMERA_3', 'CAMERA_1']","{'CAMERA_1': ['sensor_size', 'resolution', 'price', 'settings'], 'CAMERA_2': [], 'CAMERA_3': ['settings']}",C_LEAVES,DOOR,NONE,,FACE_TO_FACE,NONE,S_RETURNS_TO_COUNTER,SERVICE_COUNTER,NONE,,WAITING,NONE,
294,1,NONE,[],"{'CAMERA_1': [], 'CAMERA_2': [], 'CAMERA_3': []}",C_ENTERS,DOOR,NONE,,WAITING,NONE,S_NONE,SERVICE_COUNTER,NONE,,WAITING,NONE,
294,2,NONE,[],"{'CAMERA_1': [], 'CAMERA_2': [], 'CAMERA_3': []}",C_GREETS,MIDDLE,NONE,excuse me,WAITING,NONE,S_GREETS,MIDDLE,NONE,can I help you?,FACE_TO_FACE,NONE,
294,3,CAMERA_3,['CAMERA_3'],"{'CAMERA_1': [], 'CAMERA_2': [], 'CAMERA_3': []}",C_LOOKING_FOR_A_CAMERA,MIDDLE,NONE,I'm looking to upgrade my old camera for one with a higher ISO,FACE_TO_FACE,NONE,S_INTRODUCES_CAMERA,CAMERA_3,,Let me show you this. Here we have the Fujifilm PowerShot ELPH S2800.,PRESENT_X,CAMERA_3,39~68
294,4,CAMERA_3,['CAMERA_3'],"{'CAMERA_1': [], 'CAMERA_2': [], 'CAMERA_3': ['effects']}",C_QUESTION_ABOUT_FEATURE,CAMERA_3,effects,what about artistic effect or something,PRESENT_X,CAMERA_3,S_ANSWERS_QUESTION_ABOUT_FEATURE,CAMERA_3,effects,"This one has 21 photo effects (small face, retro, big eyes, etc.).",PRESENT_X,CAMERA_3,13~65
294,5,CAMERA_1,"['CAMERA_3', 'CAMERA_1']","{'CAMERA_1': [], 'CAMERA_2': [], 'CAMERA_3': ['effects']}",C_ANYTHING_ELSE_AVAILABLE,CAMERA_3,NONE,Do you have other cameras that I could afford,PRESENT_X,CAMERA_3,S_INTRODUCES_CAMERA,CAMERA_1,,Let me show you this. Here we have the Sony PowerShot ELPH DMC-ZS3.,PRESENT_X,CAMERA_1,39~66
294,6,CAMERA_1,"['CAMERA_3', 'CAMERA_1']","{'CAMERA_1': ['price'], 'CAMERA_2': [], 'CAMERA_3': ['effects']}",C_QUESTION_ABOUT_FEATURE,CAMERA_1,price,how much is it,PRESENT_X,CAMERA_1,S_ANSWERS_QUESTION_ABOUT_FEATURE,CAMERA_1,price,This one costs $450.,PRESENT_X,CAMERA_1,15~19
294,7,CAMERA_1,"['CAMERA_3', 'CAMERA_1']","{'CAMERA_1': ['price', 'color'], 'CAMERA_2': [], 'CAMERA_3': ['effects']}",C_QUESTION_ABOUT_FEATURE,CAMERA_1,color,what colors does it come in,PRESENT_X,CAMERA_1,S_ANSWERS_QUESTION_ABOUT_FEATURE,CAMERA_1,color,This one comes in blue or black.,PRESENT_X,CAMERA_1,18~31
294,8,CAMERA_1,"['CAMERA_3', 'CAMERA_1']","{'CAMERA_1': ['price', 'color', 'sensor_size'], 'CAMERA_2': [], 'CAMERA_3': ['effects']}",C_QUESTION_ABOUT_FEATURE,CAMERA_1,sensor_size,oh this looks very good actually what is the size of the sensor of this camera,PRESENT_X,CAMERA_1,S_ANSWERS_QUESTION_ABOUT_FEATURE,CAMERA_1,sensor_size,This one has a 1/2.3 inch CMOS sensor.,PRESENT_X,CAMERA_1,15~37
294,9,CAMERA_1,"['CAMERA_3', 'CAMERA_1']","{'CAMERA_1': ['price', 'color', 'sensor_size', 'settings'], 'CAMERA_2': [], 'CAMERA_3': ['effects']}",C_QUESTION_ABOUT_FEATURE,CAMERA_1,settings,thank you tell me about the ability to adjust the settings,PRESENT_X,CAMERA_1,S_ANSWERS_QUESTION_ABOUT_FEATURE,CAMERA_1,settings,This one has limited manual settings.,PRESENT_X,CAMERA_1,13~36
294,10,CAMERA_1,"['CAMERA_3', 'CAMERA_1']","{'CAMERA_1': ['price', 'color', 'sensor_size', 'settings', 'ISO'], 'CAMERA_2': [], 'CAMERA_3': ['effects']}",C_QUESTION_ABOUT_FEATURE,CAMERA_1,ISO,what about the ISO,PRESENT_X,CAMERA_1,S_ANSWERS_QUESTION_ABOUT_FEATURE,CAMERA_1,ISO,This one has up to 51200 ISO.,PRESENT_X,CAMERA_1,13~28
294,11,CAMERA_1,"['CAMERA_3', 'CAMERA_1']","{'CAMERA_1': ['price', 'color', 'sensor_size', 'settings', 'ISO', 'preset_modes'], 'CAMERA_2': [], 'CAMERA_3': ['effects']}",C_QUESTION_ABOUT_FEATURE,CAMERA_1,preset_modes,does it have dog mode,PRESENT_X,CAMERA_1,S_NOT_SURE,CAMERA_1,,I'm not really sure about that.,PRESENT_X,CAMERA_1,
294,12,CAMERA_1,"['CAMERA_3', 'CAMERA_1']","{'CAMERA_1': ['price', 'color', 'sensor_size', 'settings', 'ISO', 'preset_modes', 'long_exposure'], 'CAMERA_2': [], 'CAMERA_3': ['effects']}",C_SILENT_OR_BACKCHANNEL,CAMERA_1,NONE,ok,PRESENT_X,CAMERA_1,S_INTRODUCES_FEATURE,CAMERA_1,long_exposure,This one can take long exposures up to up to 15 seconds with Long Shutter Mode.,PRESENT_X,CAMERA_1,39~78
294,13,CAMERA_2,"['CAMERA_3', 'CAMERA_1', 'CAMERA_2']","{'CAMERA_1': ['price', 'color', 'sensor_size', 'settings', 'ISO', 'preset_modes', 'long_exposure'], 'CAMERA_2': [], 'CAMERA_3': ['effects']}",C_ANYTHING_ELSE_AVAILABLE,CAMERA_1,NONE,maybe did you have a another camera you recommend,PRESENT_X,CAMERA_1,S_INTRODUCES_CAMERA,CAMERA_2,,Let me show you this. Here we have the Fujifilm Lumix ILC Camera.,PRESENT_X,CAMERA_2,39~64
294,14,CAMERA_2,"['CAMERA_3', 'CAMERA_1', 'CAMERA_2']","{'CAMERA_1': ['price', 'color', 'sensor_size', 'settings', 'ISO', 'preset_modes', 'long_exposure'], 'CAMERA_2': ['resolution'], 'CAMERA_3': ['effects']}",C_QUESTION_ABOUT_FEATURE,CAMERA_2,resolution,how many megapixels is this camera information of the resolution,PRESENT_X,CAMERA_2,S_ANSWERS_QUESTION_ABOUT_FEATURE,CAMERA_2,resolution,This one has 23.8 megapixels resolution.,PRESENT_X,CAMERA_2,13~28
294,15,CAMERA_2,"['CAMERA_3', 'CAMERA_1', 'CAMERA_2']","{'CAMERA_1': ['price', 'color', 'sensor_size', 'settings', 'ISO', 'preset_modes', 'long_exposure'], 'CAMERA_2': ['resolution', 'sensor_size'], 'CAMERA_3': ['effects']}",C_SILENT_OR_BACKCHANNEL,CAMERA_2,NONE,alright,PRESENT_X,CAMERA_2,S_INTRODUCES_FEATURE,CAMERA_2,sensor_size,This one has a 1/2.33 inch sensor.,PRESENT_X,CAMERA_2,15~33
294,16,NONE,"['CAMERA_3', 'CAMERA_1', 'CAMERA_2']","{'CAMERA_1': ['price', 'color', 'sensor_size', 'settings', 'ISO', 'preset_modes', 'long_exposure'], 'CAMERA_2': ['resolution', 'sensor_size'], 'CAMERA_3': ['effects']}",C_THANK_YOU,CAMERA_2,NONE,I see kinda makes sense ah ok thanks for help,PRESENT_X,CAMERA_2,S_THANK_YOU,CAMERA_2,NONE,thank you very much.,FACE_TO_FACE,NONE,
294,17,NONE,"['CAMERA_3', 'CAMERA_1', 'CAMERA_2']","{'CAMERA_1': ['price', 'color', 'sensor_size', 'settings', 'ISO', 'preset_modes', 'long_exposure'], 'CAMERA_2': ['resolution', 'sensor_size'], 'CAMERA_3': ['effects']}",C_LEAVES,DOOR,NONE,,FACE_TO_FACE,NONE,S_RETURNS_TO_COUNTER,SERVICE_COUNTER,NONE,,WAITING,NONE,
295,1,NONE,[],"{'CAMERA_1': [], 'CAMERA_2': [], 'CAMERA_3': []}",C_ENTERS,DOOR,NONE,,WAITING,NONE,S_NONE,SERVICE_COUNTER,NONE,,WAITING,NONE,
295,2,NONE,[],"{'CAMERA_1': [], 'CAMERA_2': [], 'CAMERA_3': []}",C_GREETS,MIDDLE,NONE,kiss me,WAITING,NONE,S_GREETS,MIDDLE,NONE,can I help you?,FACE_TO_FACE,NONE,
295,3,CAMERA_3,['CAMERA_3'],"{'CAMERA_1': [], 'CAMERA_2': [], 'CAMERA_3': []}",C_LOOKING_FOR_A_CAMERA,MIDDLE,NONE,ho hey just looking for a camera something more high end,FACE_TO_FACE,NONE,S_INTRODUCES_CAMERA,CAMERA_3,,Let me show you this. Here we have the Fujifilm PowerShot ELPH S2800.,PRESENT_X,CAMERA_3,39~68
295,4,CAMERA_3,['CAMERA_3'],"{'CAMERA_1': [], 'CAMERA_2': [], 'CAMERA_3': ['resolution']}",C_SILENT_OR_BACKCHANNEL,CAMERA_3,NONE,alright,PRESENT_X,CAMERA_3,S_INTRODUCES_FEATURE,CAMERA_3,resolution,This one has 23.2 megapixels resolution.,PRESENT_X,CAMERA_3,13~28
295,5,CAMERA_3,['CAMERA_3'],"{'CAMERA_1': [], 'CAMERA_2': [], 'CAMERA_3': ['resolution', 'sensor_size']}",C_SILENT_OR_BACKCHANNEL,CAMERA_3,NONE,nice how much is a pricing,PRESENT_X,CAMERA_3,S_INTRODUCES_FEATURE,CAMERA_3,sensor_size,This one has a full frame.,PRESENT_X,CAMERA_3,15~25
295,6,NONE,['CAMERA_3'],"{'CAMERA_1': [], 'CAMERA_2': [], 'CAMERA_3': ['resolution', 'sensor_size']}",C_THANK_YOU,CAMERA_3,NONE,thesaurus that you've already been very helpful thank you thank you very much,PRESENT_X,CAMERA_3,S_THANK_YOU,CAMERA_3,NONE,thank you very much.,FACE_TO_FACE,NONE,
295,7,NONE,['CAMERA_3'],"{'CAMERA_1': [], 'CAMERA_2': [], 'CAMERA_3': ['resolution', 'sensor_size']}",C_LEAVES,DOOR,NONE,,FACE_TO_FACE,NONE,S_RETURNS_TO_COUNTER,SERVICE_COUNTER,NONE,,WAITING,NONE,
296,1,NONE,[],"{'CAMERA_1': [], 'CAMERA_2': [], 'CAMERA_3': []}",C_ENTERS,DOOR,NONE,,WAITING,NONE,S_NONE,SERVICE_COUNTER,NONE,,WAITING,NONE,
296,2,NONE,[],"{'CAMERA_1': [], 'CAMERA_2': [], 'CAMERA_3': []}",C_WALKS_TO_CAMERA,CAMERA_2,NONE,,WAITING,NONE,S_GREETS,CAMERA_2,NONE,can I help you?,FACE_TO_FACE,NONE,
296,3,CAMERA_1,['CAMERA_1'],"{'CAMERA_1': [], 'CAMERA_2': [], 'CAMERA_3': []}",C_LOOKING_FOR_A_CAMERA,CAMERA_2,NONE,I'm looking for a camera,FACE_TO_FACE,NONE,S_INTRODUCES_CAMERA,CAMERA_1,,Let me show you this. Here we have the Sony PowerShot ELPH DMC-ZS3.,PRESENT_X,CAMERA_1,39~66
296,4,CAMERA_1,['CAMERA_1'],"{'CAMERA_1': ['sensor_size'], 'CAMERA_2': [], 'CAMERA_3': []}",C_QUESTION_ABOUT_FEATURE,CAMERA_1,sensor_size,what's is a like on this camera,PRESENT_X,CAMERA_1,S_ANSWERS_QUESTION_ABOUT_FEATURE,CAMERA_1,sensor_size,This one has a 1/2.3 inch CMOS sensor.,PRESENT_X,CAMERA_1,15~37
296,5,CAMERA_1,['CAMERA_1'],"{'CAMERA_1': ['sensor_size', 'preset_modes'], 'CAMERA_2': [], 'CAMERA_3': []}",C_QUESTION_ABOUT_FEATURE,CAMERA_1,preset_modes,is the other one with menu settings is that lighter or heavier than its camera,PRESENT_X,CAMERA_1,S_NOT_SURE,CAMERA_1,,I'm not really sure about that.,PRESENT_X,CAMERA_1,
296,6,CAMERA_1,['CAMERA_1'],"{'CAMERA_1': ['sensor_size', 'preset_modes', 'settings'], 'CAMERA_2': [], 'CAMERA_3': []}",C_SILENT_OR_BACKCHANNEL,CAMERA_1,NONE,okay,PRESENT_X,CAMERA_1,S_INTRODUCES_FEATURE,CAMERA_1,settings,This one has limited manual settings.,PRESENT_X,CAMERA_1,13~36
296,7,CAMERA_1,['CAMERA_1'],"{'CAMERA_1': ['sensor_size', 'preset_modes', 'settings', 'optical_zoom'], 'CAMERA_2': [], 'CAMERA_3': []}",C_SILENT_OR_BACKCHANNEL,CAMERA_1,NONE,sounds great,PRESENT_X,CAMERA_1,S_INTRODUCES_FEATURE,CAMERA_1,optical_zoom,This one has 21x optical zoom.,PRESENT_X,CAMERA_1,13~29
296,8,NONE,['CAMERA_1'],"{'CAMERA_1': ['sensor_size', 'preset_modes', 'settings', 'optical_zoom'], 'CAMERA_2': [], 'CAMERA_3': []}",C_THANK_YOU,CAMERA_1,NONE,okay thank you let me think about that,PRESENT_X,CAMERA_1,S_THANK_YOU,CAMERA_1,NONE,thank you very much.,FACE_TO_FACE,NONE,
296,9,NONE,['CAMERA_1'],"{'CAMERA_1': ['sensor_size', 'preset_modes', 'settings', 'optical_zoom'], 'CAMERA_2': [], 'CAMERA_3': []}",C_LEAVES,DOOR,NONE,,FACE_TO_FACE,NONE,S_RETURNS_TO_COUNTER,SERVICE_COUNTER,NONE,,WAITING,NONE,
297,1,NONE,[],"{'CAMERA_1': [], 'CAMERA_2': [], 'CAMERA_3': []}",C_ENTERS,DOOR,NONE,,WAITING,NONE,S_NONE,SERVICE_COUNTER,NONE,,WAITING,NONE,
297,2,NONE,[],"{'CAMERA_1': [], 'CAMERA_2': [], 'CAMERA_3': []}",C_GREETS,MIDDLE,NONE,I can you help,WAITING,NONE,S_GREETS,MIDDLE,NONE,can I help you?,FACE_TO_FACE,NONE,
297,3,CAMERA_3,['CAMERA_3'],"{'CAMERA_1': [], 'CAMERA_2': [], 'CAMERA_3': []}",C_LOOKING_FOR_A_CAMERA,MIDDLE,NONE,I am looking for a camera that is reasonably priced but it's delicious the same time,FACE_TO_FACE,NONE,S_INTRODUCES_CAMERA,CAMERA_3,,Let me show you this. Here we have the Fujifilm PowerShot ELPH S2800.,PRESENT_X,CAMERA_3,39~68
297,4,CAMERA_3,['CAMERA_3'],"{'CAMERA_1': [], 'CAMERA_2': [], 'CAMERA_3': ['resolution']}",C_QUESTION_ABOUT_FEATURE,CAMERA_3,resolution,and this is a touch screen,PRESENT_X,CAMERA_3,S_ANSWERS_QUESTION_ABOUT_FEATURE,CAMERA_3,resolution,This one has 23.2 megapixels resolution.,PRESENT_X,CAMERA_3,13~28
297,5,NONE,['CAMERA_3'],"{'CAMERA_1': [], 'CAMERA_2': [], 'CAMERA_3': ['resolution']}",C_THANK_YOU,CAMERA_3,NONE,thank you,PRESENT_X,CAMERA_3,S_THANK_YOU,CAMERA_3,NONE,thank you very much.,FACE_TO_FACE,NONE,
297,6,NONE,['CAMERA_3'],"{'CAMERA_1': [], 'CAMERA_2': [], 'CAMERA_3': ['resolution']}",C_LEAVES,DOOR,NONE,,FACE_TO_FACE,NONE,S_RETURNS_TO_COUNTER,SERVICE_COUNTER,NONE,,WAITING,NONE,
298,1,NONE,[],"{'CAMERA_1': [], 'CAMERA_2': [], 'CAMERA_3': []}",C_ENTERS,DOOR,NONE,,WAITING,NONE,S_NONE,SERVICE_COUNTER,NONE,,WAITING,NONE,
298,2,NONE,[],"{'CAMERA_1': [], 'CAMERA_2': [], 'CAMERA_3': []}",C_WALKS_TO_CAMERA,CAMERA_3,NONE,,WAITING,NONE,S_GREETS,CAMERA_3,NONE,can I help you?,FACE_TO_FACE,NONE,
298,3,CAMERA_2,['CAMERA_2'],"{'CAMERA_1': [], 'CAMERA_2': [], 'CAMERA_3': []}",C_LOOKING_FOR_A_CAMERA,CAMERA_3,NONE,nothing fancy I just I'm just looking for the second camera I don't have money,FACE_TO_FACE,NONE,S_INTRODUCES_CAMERA,CAMERA_2,,Let me show you this. Here we have the Fujifilm Lumix ILC Camera.,PRESENT_X,CAMERA_2,39~64
298,4,CAMERA_2,['CAMERA_2'],"{'CAMERA_1': [], 'CAMERA_2': ['long_exposure'], 'CAMERA_3': []}",C_SILENT_OR_BACKCHANNEL,CAMERA_2,NONE,IC,PRESENT_X,CAMERA_2,S_INTRODUCES_FEATURE,CAMERA_2,long_exposure,This one can take long exposures up to 60 minutes max with bulb mode.,PRESENT_X,CAMERA_2,39~68
298,5,CAMERA_2,['CAMERA_2'],"{'CAMERA_1': [], 'CAMERA_2': ['long_exposure', 'settings'], 'CAMERA_3': []}",C_SILENT_OR_BACKCHANNEL,CAMERA_2,NONE,Ice Age,PRESENT_X,CAMERA_2,S_INTRODUCES_FEATURE,CAMERA_2,settings,"This one has manual control and various automatic settings (video modeburst shooting, etc.).",PRESENT_X,CAMERA_2,13~91
298,6,CAMERA_2,['CAMERA_2'],"{'CAMERA_1': [], 'CAMERA_2': ['long_exposure', 'settings', 'camera_type'], 'CAMERA_3': []}",C_QUESTION_ABOUT_FEATURE,CAMERA_2,camera_type,is this a DSLR camera,PRESENT_X,CAMERA_2,S_ANSWERS_QUESTION_ABOUT_FEATURE,CAMERA_2,camera_type,This is a digital single lens mirrorless camera.,PRESENT_X,CAMERA_2,10~40
298,7,CAMERA_2,['CAMERA_2'],"{'CAMERA_1': [], 'CAMERA_2': ['long_exposure', 'settings', 'camera_type', 'sensor_size'], 'CAMERA_3': []}",C_QUESTION_ABOUT_FEATURE,CAMERA_2,sensor_size,is this camera fully automatic,PRESENT_X,CAMERA_2,S_ANSWERS_QUESTION_ABOUT_FEATURE,CAMERA_2,sensor_size,This one has a 1/2.33 inch sensor.,PRESENT_X,CAMERA_2,15~33
298,8,CAMERA_2,['CAMERA_2'],"{'CAMERA_1': [], 'CAMERA_2': ['long_exposure', 'settings', 'camera_type', 'sensor_size', 'effects'], 'CAMERA_3': []}",C_SILENT_OR_BACKCHANNEL,CAMERA_2,NONE,$68 that's great,PRESENT_X,CAMERA_2,S_INTRODUCES_FEATURE,CAMERA_2,effects,"This one has 24 artistic effect modes (retro, lighter or darker skin tones, sepia, etc.).",PRESENT_X,CAMERA_2,13~88
298,9,CAMERA_3,"['CAMERA_2', 'CAMERA_3']","{'CAMERA_1': [], 'CAMERA_2': ['long_exposure', 'settings', 'camera_type', 'sensor_size', 'effects'], 'CAMERA_3': []}",C_ANYTHING_ELSE_AVAILABLE,CAMERA_2,NONE,do you have any other cameras that are in this kind,PRESENT_X,CAMERA_2,S_INTRODUCES_CAMERA,CAMERA_3,,Let me show you this. Here we have the Fujifilm PowerShot ELPH S2800.,PRESENT_X,CAMERA_3,39~68
298,10,CAMERA_3,"['CAMERA_2', 'CAMERA_3']","{'CAMERA_1': [], 'CAMERA_2': ['long_exposure', 'settings', 'camera_type', 'sensor_size', 'effects'], 'CAMERA_3': ['effects']}",C_SILENT_OR_BACKCHANNEL,CAMERA_3,NONE,okay,PRESENT_X,CAMERA_3,S_INTRODUCES_FEATURE,CAMERA_3,effects,"This one has 21 photo effects (small face, retro, big eyes, etc.).",PRESENT_X,CAMERA_3,13~65
298,11,CAMERA_3,"['CAMERA_2', 'CAMERA_3']","{'CAMERA_1': [], 'CAMERA_2': ['long_exposure', 'settings', 'camera_type', 'sensor_size', 'effects'], 'CAMERA_3': ['effects', 'autofocus_points']}",C_SILENT_OR_BACKCHANNEL,CAMERA_3,NONE,IC,PRESENT_X,CAMERA_3,S_INTRODUCES_FEATURE,CAMERA_3,autofocus_points,This one has 214 autofocus points.,PRESENT_X,CAMERA_3,13~33
298,12,CAMERA_3,"['CAMERA_2', 'CAMERA_3']","{'CAMERA_1': [], 'CAMERA_2': ['long_exposure', 'settings', 'camera_type', 'sensor_size', 'effects'], 'CAMERA_3': ['effects', 'autofocus_points', 'resolution']}",C_QUESTION_ABOUT_FEATURE,CAMERA_3,resolution,what it what is mega pixels,PRESENT_X,CAMERA_3,S_ANSWERS_QUESTION_ABOUT_FEATURE,CAMERA_3,resolution,This one has 23.2 megapixels resolution.,PRESENT_X,CAMERA_3,13~28
298,13,CAMERA_3,"['CAMERA_2', 'CAMERA_3']","{'CAMERA_1': [], 'CAMERA_2': ['long_exposure', 'settings', 'camera_type', 'sensor_size', 'effects'], 'CAMERA_3': ['effects', 'autofocus_points', 'resolution', 'camera_type']}",C_QUESTION_ABOUT_FEATURE,CAMERA_3,camera_type,Is this a mirrorless camera?,PRESENT_X,CAMERA_3,S_ANSWERS_QUESTION_ABOUT_FEATURE,CAMERA_3,camera_type,This is a point and shoot camera.,PRESENT_X,CAMERA_3,10~25
298,14,NONE,"['CAMERA_2', 'CAMERA_3']","{'CAMERA_1': [], 'CAMERA_2': ['long_exposure', 'settings', 'camera_type', 'sensor_size', 'effects'], 'CAMERA_3': ['effects', 'autofocus_points', 'resolution', 'camera_type']}",C_THANK_YOU,CAMERA_3,NONE,I could work with something that yeah okay thanks for your help,PRESENT_X,CAMERA_3,S_THANK_YOU,CAMERA_3,NONE,thank you very much.,FACE_TO_FACE,NONE,
298,15,NONE,"['CAMERA_2', 'CAMERA_3']","{'CAMERA_1': [], 'CAMERA_2': ['long_exposure', 'settings', 'camera_type', 'sensor_size', 'effects'], 'CAMERA_3': ['effects', 'autofocus_points', 'resolution', 'camera_type']}",C_LEAVES,DOOR,NONE,,FACE_TO_FACE,NONE,S_RETURNS_TO_COUNTER,SERVICE_COUNTER,NONE,,WAITING,NONE,
299,1,NONE,[],"{'CAMERA_1': [], 'CAMERA_2': [], 'CAMERA_3': []}",C_ENTERS,DOOR,NONE,,WAITING,NONE,S_NONE,SERVICE_COUNTER,NONE,,WAITING,NONE,
299,2,NONE,[],"{'CAMERA_1': [], 'CAMERA_2': [], 'CAMERA_3': []}",C_GREETS,MIDDLE,NONE,hello,WAITING,NONE,S_GREETS,MIDDLE,NONE,can I help you?,FACE_TO_FACE,NONE,
299,3,CAMERA_2,['CAMERA_2'],"{'CAMERA_1': [], 'CAMERA_2': [], 'CAMERA_3': []}",C_LOOKING_FOR_A_CAMERA,MIDDLE,NONE,oh hi I'm just looking for a camera,FACE_TO_FACE,NONE,S_INTRODUCES_CAMERA,CAMERA_2,,Let me show you this. Here we have the Fujifilm Lumix ILC Camera.,PRESENT_X,CAMERA_2,39~64
299,4,CAMERA_2,['CAMERA_2'],"{'CAMERA_1': [], 'CAMERA_2': ['long_exposure'], 'CAMERA_3': []}",C_QUESTION_ABOUT_FEATURE,CAMERA_2,long_exposure,what what's the exposure how long how high does it go,PRESENT_X,CAMERA_2,S_ANSWERS_QUESTION_ABOUT_FEATURE,CAMERA_2,long_exposure,This one can take long exposures up to 60 minutes max with bulb mode.,PRESENT_X,CAMERA_2,39~68
299,5,CAMERA_2,['CAMERA_2'],"{'CAMERA_1': [], 'CAMERA_2': ['long_exposure', 'color'], 'CAMERA_3': []}",C_QUESTION_ABOUT_FEATURE,CAMERA_2,color,Does this come in any other colors,PRESENT_X,CAMERA_2,S_ANSWERS_QUESTION_ABOUT_FEATURE,CAMERA_2,color,This one comes in white or pink.,PRESENT_X,CAMERA_2,18~31
299,6,CAMERA_2,['CAMERA_2'],"{'CAMERA_1': [], 'CAMERA_2': ['long_exposure', 'color', 'camera_type'], 'CAMERA_3': []}",C_QUESTION_ABOUT_FEATURE,CAMERA_2,camera_type,Is this a mirrorless camera?,PRESENT_X,CAMERA_2,S_ANSWERS_QUESTION_ABOUT_FEATURE,CAMERA_2,camera_type,This is a digital single lens mirrorless camera.,PRESENT_X,CAMERA_2,10~40
299,7,CAMERA_1,"['CAMERA_2', 'CAMERA_1']","{'CAMERA_1': [], 'CAMERA_2': ['long_exposure', 'color', 'camera_type'], 'CAMERA_3': []}",C_ANYTHING_ELSE_AVAILABLE,CAMERA_2,NONE,Do you have any other cameras under $300,PRESENT_X,CAMERA_2,S_INTRODUCES_CAMERA,CAMERA_1,,Let me show you this. Here we have the Sony PowerShot ELPH DMC-ZS3.,PRESENT_X,CAMERA_1,39~66
299,8,CAMERA_1,"['CAMERA_2', 'CAMERA_1']","{'CAMERA_1': ['price'], 'CAMERA_2': ['long_exposure', 'color', 'camera_type'], 'CAMERA_3': []}",C_SILENT_OR_BACKCHANNEL,CAMERA_1,NONE,oh wow its looks nice,PRESENT_X,CAMERA_1,S_INTRODUCES_FEATURE,CAMERA_1,price,This one costs $450.,PRESENT_X,CAMERA_1,15~19
299,9,CAMERA_1,"['CAMERA_2', 'CAMERA_1']","{'CAMERA_1': ['price', 'optical_zoom'], 'CAMERA_2': ['long_exposure', 'color', 'camera_type'], 'CAMERA_3': []}",C_QUESTION_ABOUT_FEATURE,CAMERA_1,optical_zoom,how much does a bowl to zoom,PRESENT_X,CAMERA_1,S_ANSWERS_QUESTION_ABOUT_FEATURE,CAMERA_1,optical_zoom,This one has 21x optical zoom.,PRESENT_X,CAMERA_1,13~29
299,10,CAMERA_1,"['CAMERA_2', 'CAMERA_1']","{'CAMERA_1': ['price', 'optical_zoom', 'camera_type'], 'CAMERA_2': ['long_exposure', 'color', 'camera_type'], 'CAMERA_3': []}",C_QUESTION_ABOUT_FEATURE,CAMERA_1,camera_type,is this a DSLR camera,PRESENT_X,CAMERA_1,S_ANSWERS_QUESTION_ABOUT_FEATURE,CAMERA_1,camera_type,This is a DSLR camera.,PRESENT_X,CAMERA_1,10~14
299,11,CAMERA_1,"['CAMERA_2', 'CAMERA_1']","{'CAMERA_1': ['price', 'optical_zoom', 'camera_type', 'sensor_size'], 'CAMERA_2': ['long_exposure', 'color', 'camera_type'], 'CAMERA_3': []}",C_QUESTION_ABOUT_FEATURE,CAMERA_1,sensor_size,and what's the sensor size on this phone,PRESENT_X,CAMERA_1,S_ANSWERS_QUESTION_ABOUT_FEATURE,CAMERA_1,sensor_size,This one has a 1/2.3 inch CMOS sensor.,PRESENT_X,CAMERA_1,15~37
299,12,CAMERA_3,"['CAMERA_2', 'CAMERA_1', 'CAMERA_3']","{'CAMERA_1': ['price', 'optical_zoom', 'camera_type', 'sensor_size'], 'CAMERA_2': ['long_exposure', 'color', 'camera_type'], 'CAMERA_3': []}",C_ANYTHING_ELSE_AVAILABLE,CAMERA_1,NONE,Do you have other cameras that I could afford,PRESENT_X,CAMERA_1,S_INTRODUCES_CAMERA,CAMERA_3,,Let me show you this. Here we have the Fujifilm PowerShot ELPH S2800.,PRESENT_X,CAMERA_3,39~68
299,13,CAMERA_3,"['CAMERA_2', 'CAMERA_1', 'CAMERA_3']","{'CAMERA_1': ['price', 'optical_zoom', 'camera_type', 'sensor_size'], 'CAMERA_2': ['long_exposure', 'color', 'camera_type'], 'CAMERA_3': ['long_exposure']}",C_QUESTION_ABOUT_FEATURE,CAMERA_3,long_exposure,what is the exposure like,PRESENT_X,CAMERA_3,S_ANSWERS_QUESTION_ABOUT_FEATURE,CAMERA_3,long_exposure,This one can take long exposures up to 30 minutes max with bulb mode.,PRESENT_X,CAMERA_3,39~68
299,14,CAMERA_3,"['CAMERA_2', 'CAMERA_1', 'CAMERA_3']","{'CAMERA_1': ['price', 'optical_zoom', 'camera_type', 'sensor_size'], 'CAMERA_2': ['long_exposure', 'color', 'camera_type'], 'CAMERA_3': ['long_exposure', 'resolution']}",C_SILENT_OR_BACKCHANNEL,CAMERA_3,NONE,ok,PRESENT_X,CAMERA_3,S_INTRODUCES_FEATURE,CAMERA_3,resolution,This one has 23.2 megapixels resolution.,PRESENT_X,CAMERA_3,13~28
299,15,CAMERA_3,"['CAMERA_2', 'CAMERA_1', 'CAMERA_3']","{'CAMERA_1': ['price', 'optical_zoom', 'camera_type', 'sensor_size'], 'CAMERA_2': ['long_exposure', 'color', 'camera_type'], 'CAMERA_3': ['long_exposure', 'resolution', 'ISO']}",C_QUESTION_ABOUT_FEATURE,CAMERA_3,ISO,what is iso performance,PRESENT_X,CAMERA_3,S_ANSWERS_QUESTION_ABOUT_FEATURE,CAMERA_3,ISO,This one has up to 3200 ISO with little noise.,PRESENT_X,CAMERA_3,13~45
299,16,CAMERA_3,"['CAMERA_2', 'CAMERA_1', 'CAMERA_3']","{'CAMERA_1': ['price', 'optical_zoom', 'camera_type', 'sensor_size'], 'CAMERA_2': ['long_exposure', 'color', 'camera_type'], 'CAMERA_3': ['long_exposure', 'resolution', 'ISO', 'camera_type']}",C_QUESTION_ABOUT_FEATURE,CAMERA_3,camera_type,is this a DSLR camera,PRESENT_X,CAMERA_3,S_ANSWERS_QUESTION_ABOUT_FEATURE,CAMERA_3,camera_type,This is a point and shoot camera.,PRESENT_X,CAMERA_3,10~25
299,17,CAMERA_3,"['CAMERA_2', 'CAMERA_1', 'CAMERA_3']","{'CAMERA_1': ['price', 'optical_zoom', 'camera_type', 'sensor_size'], 'CAMERA_2': ['long_exposure', 'color', 'camera_type'], 'CAMERA_3': ['long_exposure', 'resolution', 'ISO', 'camera_type', 'preset_modes']}",C_SILENT_OR_BACKCHANNEL,CAMERA_3,NONE,I get,PRESENT_X,CAMERA_3,S_INTRODUCES_FEATURE,CAMERA_3,preset_modes,This one has various preset modes.,PRESENT_X,CAMERA_3,13~33
299,18,NONE,"['CAMERA_2', 'CAMERA_1', 'CAMERA_3']","{'CAMERA_1': ['price', 'optical_zoom', 'camera_type', 'sensor_size'], 'CAMERA_2': ['long_exposure', 'color', 'camera_type'], 'CAMERA_3': ['long_exposure', 'resolution', 'ISO', 'camera_type', 'preset_modes']}",C_THANK_YOU,CAMERA_3,NONE,thank you very much for your help,PRESENT_X,CAMERA_3,S_THANK_YOU,CAMERA_3,NONE,thank you very much.,FACE_TO_FACE,NONE,
299,19,NONE,"['CAMERA_2', 'CAMERA_1', 'CAMERA_3']","{'CAMERA_1': ['price', 'optical_zoom', 'camera_type', 'sensor_size'], 'CAMERA_2': ['long_exposure', 'color', 'camera_type'], 'CAMERA_3': ['long_exposure', 'resolution', 'ISO', 'camera_type', 'preset_modes']}",C_LEAVES,DOOR,NONE,,FACE_TO_FACE,NONE,S_RETURNS_TO_COUNTER,SERVICE_COUNTER,NONE,,WAITING,NONE,
300,1,NONE,[],"{'CAMERA_1': [], 'CAMERA_2': [], 'CAMERA_3': []}",C_ENTERS,DOOR,NONE,,WAITING,NONE,S_NONE,SERVICE_COUNTER,NONE,,WAITING,NONE,
300,2,NONE,[],"{'CAMERA_1': [], 'CAMERA_2': [], 'CAMERA_3': []}",C_WALKS_TO_CAMERA,CAMERA_3,NONE,,WAITING,NONE,S_GREETS,CAMERA_3,NONE,can I help you?,FACE_TO_FACE,NONE,
300,3,CAMERA_3,['CAMERA_3'],"{'CAMERA_1': [], 'CAMERA_2': [], 'CAMERA_3': []}",C_LOOKING_FOR_A_CAMERA,CAMERA_3,NONE,on looking for a camera for my best friend but I'm looking for something cheap,FACE_TO_FACE,NONE,S_INTRODUCES_CAMERA,CAMERA_3,,Let me show you this. Here we have the Fujifilm PowerShot ELPH S2800.,PRESENT_X,CAMERA_3,39~68
300,4,CAMERA_3,['CAMERA_3'],"{'CAMERA_1': [], 'CAMERA_2': [], 'CAMERA_3': ['ISO']}",C_QUESTION_ABOUT_FEATURE,CAMERA_3,ISO,compared to the previous camera how does the iso right,PRESENT_X,CAMERA_3,S_ANSWERS_QUESTION_ABOUT_FEATURE,CAMERA_3,ISO,This one has up to 3200 ISO with little noise.,PRESENT_X,CAMERA_3,13~45
300,5,CAMERA_3,['CAMERA_3'],"{'CAMERA_1': [], 'CAMERA_2': [], 'CAMERA_3': ['ISO', 'sensor_size']}",C_QUESTION_ABOUT_FEATURE,CAMERA_3,sensor_size,synthesize of this camera,PRESENT_X,CAMERA_3,S_ANSWERS_QUESTION_ABOUT_FEATURE,CAMERA_3,sensor_size,This one has a full frame.,PRESENT_X,CAMERA_3,15~25
300,6,CAMERA_1,"['CAMERA_3', 'CAMERA_1']","{'CAMERA_1': [], 'CAMERA_2': [], 'CAMERA_3': ['ISO', 'sensor_size']}",C_ANYTHING_ELSE_AVAILABLE,CAMERA_3,NONE,ok do you have any other cameras that can just look at,PRESENT_X,CAMERA_3,S_INTRODUCES_CAMERA,CAMERA_1,,Let me show you this. Here we have the Sony PowerShot ELPH DMC-ZS3.,PRESENT_X,CAMERA_1,39~66
300,7,CAMERA_1,"['CAMERA_3', 'CAMERA_1']","{'CAMERA_1': ['price'], 'CAMERA_2': [], 'CAMERA_3': ['ISO', 'sensor_size']}",C_SILENT_OR_BACKCHANNEL,CAMERA_1,NONE,yeah i see,PRESENT_X,CAMERA_1,S_INTRODUCES_FEATURE,CAMERA_1,price,This one costs $450.,PRESENT_X,CAMERA_1,15~19
300,8,NONE,"['CAMERA_3', 'CAMERA_1']","{'CAMERA_1': ['price'], 'CAMERA_2': [], 'CAMERA_3': ['ISO', 'sensor_size']}",C_THANK_YOU,CAMERA_1,NONE,okay thank you very much,PRESENT_X,CAMERA_1,S_THANK_YOU,CAMERA_1,NONE,thank you very much.,FACE_TO_FACE,NONE,
300,9,NONE,"['CAMERA_3', 'CAMERA_1']","{'CAMERA_1': ['price'], 'CAMERA_2': [], 'CAMERA_3': ['ISO', 'sensor_size']}",C_LEAVES,DOOR,NONE,,FACE_TO_FACE,NONE,S_RETURNS_TO_COUNTER,SERVICE_COUNTER,NONE,,WAITING,NONE,
301,1,NONE,[],"{'CAMERA_1': [], 'CAMERA_2': [], 'CAMERA_3': []}",C_ENTERS,DOOR,NONE,,WAITING,NONE,S_NONE,SERVICE_COUNTER,NONE,,WAITING,NONE,
301,2,NONE,[],"{'CAMERA_1': [], 'CAMERA_2': [], 'CAMERA_3': []}",C_GREETS,MIDDLE,NONE,I'm sorry,WAITING,NONE,S_GREETS,MIDDLE,NONE,can I help you?,FACE_TO_FACE,NONE,
301,3,CAMERA_1,['CAMERA_1'],"{'CAMERA_1': [], 'CAMERA_2': [], 'CAMERA_3': []}",C_LOOKING_FOR_A_CAMERA,MIDDLE,NONE,I'm looking for a camera,FACE_TO_FACE,NONE,S_INTRODUCES_CAMERA,CAMERA_1,,Let me show you this. Here we have the Sony PowerShot ELPH DMC-ZS3.,PRESENT_X,CAMERA_1,39~66
301,4,CAMERA_1,['CAMERA_1'],"{'CAMERA_1': ['camera_type'], 'CAMERA_2': [], 'CAMERA_3': []}",C_SILENT_OR_BACKCHANNEL,CAMERA_1,NONE,wow these cameras look so nice,PRESENT_X,CAMERA_1,S_INTRODUCES_FEATURE,CAMERA_1,camera_type,This is a DSLR camera.,PRESENT_X,CAMERA_1,10~14
301,5,NONE,['CAMERA_1'],"{'CAMERA_1': ['camera_type'], 'CAMERA_2': [], 'CAMERA_3': []}",C_THANK_YOU,CAMERA_1,NONE,okay thanks,PRESENT_X,CAMERA_1,S_THANK_YOU,CAMERA_1,NONE,thank you very much.,FACE_TO_FACE,NONE,
301,6,NONE,['CAMERA_1'],"{'CAMERA_1': ['camera_type'], 'CAMERA_2': [], 'CAMERA_3': []}",C_LEAVES,DOOR,NONE,,FACE_TO_FACE,NONE,S_RETURNS_TO_COUNTER,SERVICE_COUNTER,NONE,,WAITING,NONE,
302,1,NONE,[],"{'CAMERA_1': [], 'CAMERA_2': [], 'CAMERA_3': []}",C_ENTERS,DOOR,NONE,,WAITING,NONE,S_NONE,SERVICE_COUNTER,NONE,,WAITING,NONE,
302,2,NONE,[],"{'CAMERA_1': [], 'CAMERA_2': [], 'CAMERA_3': []}",C_GREETS,MIDDLE,NONE,excuse me,WAITING,NONE,S_GREETS,MIDDLE,NONE,can I help you?,FACE_TO_FACE,NONE,
302,3,CAMERA_2,['CAMERA_2'],"{'CAMERA_1': [], 'CAMERA_2': [], 'CAMERA_3': []}",C_LOOKING_FOR_A_CAMERA,MIDDLE,NONE,I'm looking for a new camera,FACE_TO_FACE,NONE,S_INTRODUCES_CAMERA,CAMERA_2,,Let me show you this. Here we have the Fujifilm Lumix ILC Camera.,PRESENT_X,CAMERA_2,39~64
302,4,CAMERA_2,['CAMERA_2'],"{'CAMERA_1': [], 'CAMERA_2': ['price'], 'CAMERA_3': []}",C_QUESTION_ABOUT_FEATURE,CAMERA_2,price,how much does it cost,PRESENT_X,CAMERA_2,S_ANSWERS_QUESTION_ABOUT_FEATURE,CAMERA_2,price,This one costs $768.,PRESENT_X,CAMERA_2,15~19
302,5,CAMERA_2,['CAMERA_2'],"{'CAMERA_1': [], 'CAMERA_2': ['price', 'weight'], 'CAMERA_3': []}",C_QUESTION_ABOUT_FEATURE,CAMERA_2,weight,yeah that should be and what about the weight,PRESENT_X,CAMERA_2,S_ANSWERS_QUESTION_ABOUT_FEATURE,CAMERA_2,weight,This one weighs 820 grams.,PRESENT_X,CAMERA_2,16~25
302,6,CAMERA_2,['CAMERA_2'],"{'CAMERA_1': [], 'CAMERA_2': ['price', 'weight', 'resolution'], 'CAMERA_3': []}",C_SILENT_OR_BACKCHANNEL,CAMERA_2,NONE,okay I say yeah,PRESENT_X,CAMERA_2,S_INTRODUCES_FEATURE,CAMERA_2,resolution,This one has 23.8 megapixels resolution.,PRESENT_X,CAMERA_2,13~28
302,7,CAMERA_2,['CAMERA_2'],"{'CAMERA_1': [], 'CAMERA_2': ['price', 'weight', 'resolution', 'settings'], 'CAMERA_3': []}",C_SILENT_OR_BACKCHANNEL,CAMERA_2,NONE,that looks very good,PRESENT_X,CAMERA_2,S_INTRODUCES_FEATURE,CAMERA_2,settings,"This one has manual control and various automatic settings (video modeburst shooting, etc.).",PRESENT_X,CAMERA_2,13~91
302,8,CAMERA_2,['CAMERA_2'],"{'CAMERA_1': [], 'CAMERA_2': ['price', 'weight', 'resolution', 'settings', 'camera_type'], 'CAMERA_3': []}",C_SILENT_OR_BACKCHANNEL,CAMERA_2,NONE,okay good,PRESENT_X,CAMERA_2,S_INTRODUCES_FEATURE,CAMERA_2,camera_type,This is a digital single lens mirrorless camera.,PRESENT_X,CAMERA_2,10~40
302,9,CAMERA_2,['CAMERA_2'],"{'CAMERA_1': [], 'CAMERA_2': ['price', 'weight', 'resolution', 'settings', 'camera_type', 'optical_zoom'], 'CAMERA_3': []}",C_SILENT_OR_BACKCHANNEL,CAMERA_2,NONE,oh wow its looks nice,PRESENT_X,CAMERA_2,S_INTRODUCES_FEATURE,CAMERA_2,optical_zoom,This one has 21x optical zoom.,PRESENT_X,CAMERA_2,13~29
302,10,CAMERA_2,['CAMERA_2'],"{'CAMERA_1': [], 'CAMERA_2': ['price', 'weight', 'resolution', 'settings', 'camera_type', 'optical_zoom', 'autofocus_points'], 'CAMERA_3': []}",C_QUESTION_ABOUT_FEATURE,CAMERA_2,autofocus_points,how many auto focus points does this have,PRESENT_X,CAMERA_2,S_NOT_SURE,CAMERA_2,,I'm not really sure about that.,PRESENT_X,CAMERA_2,
302,11,CAMERA_2,['CAMERA_2'],"{'CAMERA_1': [], 'CAMERA_2': ['price', 'weight', 'resolution', 'settings', 'camera_type', 'optical_zoom', 'autofocus_points', 'long_exposure'], 'CAMERA_3': []}",C_QUESTION_ABOUT_FEATURE,CAMERA_2,long_exposure,ICN worry about their long exposure,PRESENT_X,CAMERA_2,S_ANSWERS_QUESTION_ABOUT_FEATURE,CAMERA_2,long_exposure,This one can take long exposures up to 60 minutes max with bulb mode.,PRESENT_X,CAMERA_2,39~68
302,12,CAMERA_2,['CAMERA_2'],"{'CAMERA_1': [], 'CAMERA_2': ['price', 'weight', 'resolution', 'settings', 'camera_type', 'optical_zoom', 'autofocus_points', 'long_exposure', 'preset_modes'], 'CAMERA_3': []}",C_QUESTION_ABOUT_FEATURE,CAMERA_2,preset_modes,and it has bulb mode right,PRESENT_X,CAMERA_2,S_NOT_SURE,CAMERA_2,,I'm not really sure about that.,PRESENT_X,CAMERA_2,
302,13,CAMERA_2,['CAMERA_2'],"{'CAMERA_1': [], 'CAMERA_2': ['price', 'weight', 'resolution', 'settings', 'camera_type', 'optical_zoom', 'autofocus_points', 'long_exposure', 'preset_modes', 'effects'], 'CAMERA_3': []}",C_QUESTION_ABOUT_FEATURE,CAMERA_2,effects,and what is the artistic effect mode on this camera,PRESENT_X,CAMERA_2,S_ANSWERS_QUESTION_ABOUT_FEATURE,CAMERA_2,effects,"This one has 24 artistic effect modes (retro, lighter or darker skin tones, sepia, etc.).",PRESENT_X,CAMERA_2,13~88
302,14,CAMERA_2,['CAMERA_2'],"{'CAMERA_1': [], 'CAMERA_2': ['price', 'weight', 'resolution', 'settings', 'camera_type', 'optical_zoom', 'autofocus_points', 'long_exposure', 'preset_modes', 'effects', 'color'], 'CAMERA_3': []}",C_SILENT_OR_BACKCHANNEL,CAMERA_2,NONE,very nice what colors does it come,PRESENT_X,CAMERA_2,S_INTRODUCES_FEATURE,CAMERA_2,color,This one comes in white or pink.,PRESENT_X,CAMERA_2,18~31
302,15,CAMERA_2,['CAMERA_2'],"{'CAMERA_1': [], 'CAMERA_2': ['price', 'weight', 'resolution', 'settings', 'camera_type', 'optical_zoom', 'autofocus_points', 'long_exposure', 'preset_modes', 'effects', 'color', 'ISO'], 'CAMERA_3': []}",C_QUESTION_ABOUT_FEATURE,CAMERA_2,ISO,How is the iso performance,PRESENT_X,CAMERA_2,S_NOT_SURE,CAMERA_2,,I'm not really sure about that.,PRESENT_X,CAMERA_2,
302,16,CAMERA_2,['CAMERA_2'],"{'CAMERA_1': [], 'CAMERA_2': ['price', 'weight', 'resolution', 'settings', 'camera_type', 'optical_zoom', 'autofocus_points', 'long_exposure', 'preset_modes', 'effects', 'color', 'ISO', 'sensor_size'], 'CAMERA_3': []}",C_QUESTION_ABOUT_FEATURE,CAMERA_2,sensor_size,oh I see and what about this sensor site,PRESENT_X,CAMERA_2,S_ANSWERS_QUESTION_ABOUT_FEATURE,CAMERA_2,sensor_size,This one has a 1/2.33 inch sensor.,PRESENT_X,CAMERA_2,15~33
302,17,CAMERA_2,['CAMERA_2'],"{'CAMERA_1': [], 'CAMERA_2': ['price', 'weight', 'resolution', 'settings', 'camera_type', 'optical_zoom', 'autofocus_points', 'long_exposure', 'preset_modes', 'effects', 'color', 'ISO', 'sensor_size', 'sensor_size'], 'CAMERA_3': []}",C_SILENT_OR_BACKCHANNEL,CAMERA_2,NONE,yeah ok,PRESENT_X,CAMERA_2,S_INTRODUCES_FEATURE,CAMERA_2,sensor_size,This one has a 1/2.33 inch sensor.,PRESENT_X,CAMERA_2,15~33
302,18,NONE,['CAMERA_2'],"{'CAMERA_1': [], 'CAMERA_2': ['price', 'weight', 'resolution', 'settings', 'camera_type', 'optical_zoom', 'autofocus_points', 'long_exposure', 'preset_modes', 'effects', 'color', 'ISO', 'sensor_size', 'sensor_size'], 'CAMERA_3': []}",C_THANK_YOU,CAMERA_2,NONE,thank you,PRESENT_X,CAMERA_2,S_THANK_YOU,CAMERA_2,NONE,thank you very much.,FACE_TO_FACE,NONE,
302,19,NONE,['CAMERA_2'],"{'CAMERA_1': [], 'CAMERA_2': ['price', 'weight', 'resolution', 'settings', 'camera_type', 'optical_zoom', 'autofocus_points', 'long_exposure', 'preset_modes', 'effects', 'color', 'ISO', 'sensor_size', 'sensor_size'], 'CAMERA_3': []}",C_LEAVES,DOOR,NONE,,FACE_TO_FACE,NONE,S_RETURNS_TO_COUNTER,SERVICE_COUNTER,NONE,,WAITING,NONE,
303,1,NONE,[],"{'CAMERA_1': [], 'CAMERA_2': [], 'CAMERA_3': []}",C_ENTERS,DOOR,NONE,,WAITING,NONE,S_NONE,SERVICE_COUNTER,NONE,,WAITING,NONE,
303,2,NONE,[],"{'CAMERA_1': [], 'CAMERA_2': [], 'CAMERA_3': []}",C_GREETS,MIDDLE,NONE,excuse me,WAITING,NONE,S_GREETS,MIDDLE,NONE,can I help you?,FACE_TO_FACE,NONE,
303,3,CAMERA_3,['CAMERA_3'],"{'CAMERA_1': [], 'CAMERA_2': [], 'CAMERA_3': []}",C_LOOKING_FOR_A_CAMERA,MIDDLE,NONE,hi in them looking for a quick replacement can you show me what options you have,FACE_TO_FACE,NONE,S_INTRODUCES_CAMERA,CAMERA_3,,Let me show you this. Here we have the Fujifilm PowerShot ELPH S2800.,PRESENT_X,CAMERA_3,39~68
303,4,CAMERA_3,['CAMERA_3'],"{'CAMERA_1': [], 'CAMERA_2': [], 'CAMERA_3': ['weight']}",C_SILENT_OR_BACKCHANNEL,CAMERA_3,NONE,yeah that's right this is very nice,PRESENT_X,CAMERA_3,S_INTRODUCES_FEATURE,CAMERA_3,weight,This one weighs 820 grams.,PRESENT_X,CAMERA_3,16~25
303,5,CAMERA_3,['CAMERA_3'],"{'CAMERA_1': [], 'CAMERA_2': [], 'CAMERA_3': ['weight', 'sensor_size']}",C_SILENT_OR_BACKCHANNEL,CAMERA_3,NONE,wow that's really nice to you,PRESENT_X,CAMERA_3,S_INTRODUCES_FEATURE,CAMERA_3,sensor_size,This one has a full frame.,PRESENT_X,CAMERA_3,15~25
303,6,NONE,['CAMERA_3'],"{'CAMERA_1': [], 'CAMERA_2': [], 'CAMERA_3': ['weight', 'sensor_size']}",C_THANK_YOU,CAMERA_3,NONE,what are right that's very good to know thank you,PRESENT_X,CAMERA_3,S_THANK_YOU,CAMERA_3,NONE,thank you very much.,FACE_TO_FACE,NONE,
303,7,NONE,['CAMERA_3'],"{'CAMERA_1': [], 'CAMERA_2': [], 'CAMERA_3': ['weight', 'sensor_size']}",C_LEAVES,DOOR,NONE,,FACE_TO_FACE,NONE,S_RETURNS_TO_COUNTER,SERVICE_COUNTER,NONE,,WAITING,NONE,
304,1,NONE,[],"{'CAMERA_1': [], 'CAMERA_2': [], 'CAMERA_3': []}",C_ENTERS,DOOR,NONE,,WAITING,NONE,S_NONE,SERVICE_COUNTER,NONE,,WAITING,NONE,
304,2,NONE,[],"{'CAMERA_1': [], 'CAMERA_2': [], 'CAMERA_3': []}",C_GREETS,MIDDLE,NONE,hi,WAITING,NONE,S_GREETS,MIDDLE,NONE,can I help you?,FACE_TO_FACE,NONE,
304,3,CAMERA_3,['CAMERA_3'],"{'CAMERA_1': [], 'CAMERA_2': [], 'CAMERA_3': []}",C_LOOKING_FOR_A_CAMERA,MIDDLE,NONE,excuse me I'm looking for a professional camera,FACE_TO_FACE,NONE,S_INTRODUCES_CAMERA,CAMERA_3,,Let me show you this. Here we have the Fujifilm PowerShot ELPH S2800.,PRESENT_X,CAMERA_3,39~68
304,4,CAMERA_3,['CAMERA_3'],"{'CAMERA_1': [], 'CAMERA_2': [], 'CAMERA_3': ['sensor_size']}",C_SILENT_OR_BACKCHANNEL,CAMERA_3,NONE,this is pretty new does it take good photos,PRESENT_X,CAMERA_3,S_INTRODUCES_FEATURE,CAMERA_3,sensor_size,This one has a full frame.,PRESENT_X,CAMERA_3,15~25
304,5,CAMERA_3,['CAMERA_3'],"{'CAMERA_1': [], 'CAMERA_2': [], 'CAMERA_3': ['sensor_size', 'settings']}",C_QUESTION_ABOUT_FEATURE,CAMERA_3,settings,does it comes with manual settings,PRESENT_X,CAMERA_3,S_ANSWERS_QUESTION_ABOUT_FEATURE,CAMERA_3,settings,"This one has manual control and various automatic settings (video modeburst shooting, etc.).",PRESENT_X,CAMERA_3,13~91
304,6,CAMERA_3,['CAMERA_3'],"{'CAMERA_1': [], 'CAMERA_2': [], 'CAMERA_3': ['sensor_size', 'settings', 'color']}",C_QUESTION_ABOUT_FEATURE,CAMERA_3,color,Do you have it in any other colors,PRESENT_X,CAMERA_3,S_ANSWERS_QUESTION_ABOUT_FEATURE,CAMERA_3,color,"This one comes in purple, white, silver, blue, red, or pink.",PRESENT_X,CAMERA_3,18~59
304,7,CAMERA_3,['CAMERA_3'],"{'CAMERA_1': [], 'CAMERA_2': [], 'CAMERA_3': ['sensor_size', 'settings', 'color', 'resolution']}",C_QUESTION_ABOUT_FEATURE,CAMERA_3,resolution,its so so but the resolution is not good I'm looking for something with better megapixels,PRESENT_X,CAMERA_3,S_ANSWERS_QUESTION_ABOUT_FEATURE,CAMERA_3,resolution,This one has 23.2 megapixels resolution.,PRESENT_X,CAMERA_3,13~28
304,8,CAMERA_3,['CAMERA_3'],"{'CAMERA_1': [], 'CAMERA_2': [], 'CAMERA_3': ['sensor_size', 'settings', 'color', 'resolution', 'optical_zoom']}",C_QUESTION_ABOUT_FEATURE,CAMERA_3,optical_zoom,how much does a bowl to zoom,PRESENT_X,CAMERA_3,S_NOT_SURE,CAMERA_3,,I'm not really sure about that.,PRESENT_X,CAMERA_3,
304,9,NONE,['CAMERA_3'],"{'CAMERA_1': [], 'CAMERA_2': [], 'CAMERA_3': ['sensor_size', 'settings', 'color', 'resolution', 'optical_zoom']}",C_THANK_YOU,CAMERA_3,NONE,ok thank you,PRESENT_X,CAMERA_3,S_THANK_YOU,CAMERA_3,NONE,thank you very much.,FACE_TO_FACE,NONE,
304,10,NONE,['CAMERA_3'],"{'CAMERA_1': [], 'CAMERA_2': [], 'CAMERA_3': ['sensor_size', 'settings', 'color', 'resolution', 'optical_zoom']}",C_LEAVES,DOOR,NONE,,FACE_TO_FACE,NONE,S_RETURNS_TO_COUNTER,SERVICE_COUNTER,NONE,,WAITING,NONE,
305,1,NONE,[],"{'CAMERA_1': [], 'CAMERA_2': [], 'CAMERA_3': []}",C_ENTERS,DOOR,NONE,,WAITING,NONE,S_NONE,SERVICE_COUNTER,NONE,,WAITING,NONE,
305,2,NONE,[],"{'CAMERA_1': [], 'CAMERA_2': [], 'CAMERA_3': []}",C_WALKS_TO_CAMERA,CAMERA_3,NONE,,WAITING,NONE,S_GREETS,CAMERA_3,NONE,can I help you?,FACE_TO_FACE,NONE,
305,3,CAMERA_1,['CAMERA_1'],"{'CAMERA_1': [], 'CAMERA_2': [], 'CAMERA_3': []}",C_LOOKING_FOR_A_CAMERA,CAMERA_3,NONE,I'm just browsing around just searching for a camera,FACE_TO_FACE,NONE,S_INTRODUCES_CAMERA,CAMERA_1,,Let me show you this. Here we have the Sony PowerShot ELPH DMC-ZS3.,PRESENT_X,CAMERA_1,39~66
305,4,CAMERA_1,['CAMERA_1'],"{'CAMERA_1': ['optical_zoom'], 'CAMERA_2': [], 'CAMERA_3': []}",C_QUESTION_ABOUT_FEATURE,CAMERA_1,optical_zoom,does it have a good zoom,PRESENT_X,CAMERA_1,S_ANSWERS_QUESTION_ABOUT_FEATURE,CAMERA_1,optical_zoom,This one has 21x optical zoom.,PRESENT_X,CAMERA_1,13~29
305,5,CAMERA_1,['CAMERA_1'],"{'CAMERA_1': ['optical_zoom', 'autofocus_points'], 'CAMERA_2': [], 'CAMERA_3': []}",C_QUESTION_ABOUT_FEATURE,CAMERA_1,autofocus_points,can I know how many auto focus points does this camera have,PRESENT_X,CAMERA_1,S_ANSWERS_QUESTION_ABOUT_FEATURE,CAMERA_1,autofocus_points,This one has 135 autofocus points.,PRESENT_X,CAMERA_1,13~33
305,6,CAMERA_1,['CAMERA_1'],"{'CAMERA_1': ['optical_zoom', 'autofocus_points', 'sensor_size'], 'CAMERA_2': [], 'CAMERA_3': []}",C_SILENT_OR_BACKCHANNEL,CAMERA_1,NONE,okay,PRESENT_X,CAMERA_1,S_INTRODUCES_FEATURE,CAMERA_1,sensor_size,This one has a 1/2.3 inch CMOS sensor.,PRESENT_X,CAMERA_1,15~37
305,7,CAMERA_2,"['CAMERA_1', 'CAMERA_2']","{'CAMERA_1': ['optical_zoom', 'autofocus_points', 'sensor_size'], 'CAMERA_2': [], 'CAMERA_3': []}",C_ANYTHING_ELSE_AVAILABLE,CAMERA_1,NONE,So this is the only model you have in your shop,PRESENT_X,CAMERA_1,S_INTRODUCES_CAMERA,CAMERA_2,,Let me show you this. Here we have the Fujifilm Lumix ILC Camera.,PRESENT_X,CAMERA_2,39~64
305,8,CAMERA_2,"['CAMERA_1', 'CAMERA_2']","{'CAMERA_1': ['optical_zoom', 'autofocus_points', 'sensor_size'], 'CAMERA_2': ['weight'], 'CAMERA_3': []}",C_QUESTION_ABOUT_FEATURE,CAMERA_2,weight,how heavy is it,PRESENT_X,CAMERA_2,S_ANSWERS_QUESTION_ABOUT_FEATURE,CAMERA_2,weight,This one weighs 820 grams.,PRESENT_X,CAMERA_2,16~25
305,9,CAMERA_2,"['CAMERA_1', 'CAMERA_2']","{'CAMERA_1': ['optical_zoom', 'autofocus_points', 'sensor_size'], 'CAMERA_2': ['weight', 'settings'], 'CAMERA_3': []}",C_SILENT_OR_BACKCHANNEL,CAMERA_2,NONE,chore,PRESENT_X,CAMERA_2,S_INTRODUCES_FEATURE,CAMERA_2,settings,"This one has manual control and various automatic settings (video modeburst shooting, etc.).",PRESENT_X,CAMERA_2,13~91
305,10,CAMERA_2,"['CAMERA_1', 'CAMERA_2']","{'CAMERA_1': ['optical_zoom', 'autofocus_points', 'sensor_size'], 'CAMERA_2': ['weight', 'settings', 'sensor_size'], 'CAMERA_3': []}",C_QUESTION_ABOUT_FEATURE,CAMERA_2,sensor_size,And the sensor size on this one,PRESENT_X,CAMERA_2,S_ANSWERS_QUESTION_ABOUT_FEATURE,CAMERA_2,sensor_size,This one has a 1/2.33 inch sensor.,PRESENT_X,CAMERA_2,15~33
305,11,CAMERA_2,"['CAMERA_1', 'CAMERA_2']","{'CAMERA_1': ['optical_zoom', 'autofocus_points', 'sensor_size'], 'CAMERA_2': ['weight', 'settings', 'sensor_size', 'resolution'], 'CAMERA_3': []}",C_QUESTION_ABOUT_FEATURE,CAMERA_2,resolution,how many megapixels,PRESENT_X,CAMERA_2,S_ANSWERS_QUESTION_ABOUT_FEATURE,CAMERA_2,resolution,This one has 23.8 megapixels resolution.,PRESENT_X,CAMERA_2,13~28
305,12,CAMERA_2,"['CAMERA_1', 'CAMERA_2']","{'CAMERA_1': ['optical_zoom', 'autofocus_points', 'sensor_size'], 'CAMERA_2': ['weight', 'settings', 'sensor_size', 'resolution', 'camera_type'], 'CAMERA_3': []}",C_QUESTION_ABOUT_FEATURE,CAMERA_2,camera_type,is this a DSLR camera,PRESENT_X,CAMERA_2,S_ANSWERS_QUESTION_ABOUT_FEATURE,CAMERA_2,camera_type,This is a digital single lens mirrorless camera.,PRESENT_X,CAMERA_2,10~40
305,13,CAMERA_2,"['CAMERA_1', 'CAMERA_2']","{'CAMERA_1': ['optical_zoom', 'autofocus_points', 'sensor_size'], 'CAMERA_2': ['weight', 'settings', 'sensor_size', 'resolution', 'camera_type', 'effects'], 'CAMERA_3': []}",C_SILENT_OR_BACKCHANNEL,CAMERA_2,NONE,this camera looks good how high does the iso go,PRESENT_X,CAMERA_2,S_INTRODUCES_FEATURE,CAMERA_2,effects,"This one has 24 artistic effect modes (retro, lighter or darker skin tones, sepia, etc.).",PRESENT_X,CAMERA_2,13~88
305,14,CAMERA_2,"['CAMERA_1', 'CAMERA_2']","{'CAMERA_1': ['optical_zoom', 'autofocus_points', 'sensor_size'], 'CAMERA_2': ['weight', 'settings', 'sensor_size', 'resolution', 'camera_type', 'effects', 'autofocus_points'], 'CAMERA_3': []}",C_QUESTION_ABOUT_FEATURE,CAMERA_2,autofocus_points,how about the number of autofocus points it has,PRESENT_X,CAMERA_2,S_NOT_SURE,CAMERA_2,,I'm not really sure about that.,PRESENT_X,CAMERA_2,
305,15,CAMERA_2,"['CAMERA_1', 'CAMERA_2']","{'CAMERA_1': ['optical_zoom', 'autofocus_points', 'sensor_size'], 'CAMERA_2': ['weight', 'settings', 'sensor_size', 'resolution', 'camera_type', 'effects', 'autofocus_points', 'color'], 'CAMERA_3': []}",C_SILENT_OR_BACKCHANNEL,CAMERA_2,NONE,sounds great I'll take one of them with me,PRESENT_X,CAMERA_2,S_INTRODUCES_FEATURE,CAMERA_2,color,This one comes in white or pink.,PRESENT_X,CAMERA_2,18~31
305,16,CAMERA_2,"['CAMERA_1', 'CAMERA_2']","{'CAMERA_1': ['optical_zoom', 'autofocus_points', 'sensor_size'], 'CAMERA_2': ['weight', 'settings', 'sensor_size', 'resolution', 'camera_type', 'effects', 'autofocus_points', 'color', 'ISO'], 'CAMERA_3': []}",C_QUESTION_ABOUT_FEATURE,CAMERA_2,ISO,so what is the high ISO performance like,PRESENT_X,CAMERA_2,S_NOT_SURE,CAMERA_2,,I'm not really sure about that.,PRESENT_X,CAMERA_2,
305,17,CAMERA_3,"['CAMERA_1', 'CAMERA_2', 'CAMERA_3']","{'CAMERA_1': ['optical_zoom', 'autofocus_points', 'sensor_size'], 'CAMERA_2': ['weight', 'settings', 'sensor_size', 'resolution', 'camera_type', 'effects', 'autofocus_points', 'color', 'ISO'], 'CAMERA_3': []}",C_ANYTHING_ELSE_AVAILABLE,CAMERA_2,NONE,ok do you have any other cameras that can just look at,PRESENT_X,CAMERA_2,S_INTRODUCES_CAMERA,CAMERA_3,,Let me show you this. Here we have the Fujifilm PowerShot ELPH S2800.,PRESENT_X,CAMERA_3,39~68
305,18,CAMERA_3,"['CAMERA_1', 'CAMERA_2', 'CAMERA_3']","{'CAMERA_1': ['optical_zoom', 'autofocus_points', 'sensor_size'], 'CAMERA_2': ['weight', 'settings', 'sensor_size', 'resolution', 'camera_type', 'effects', 'autofocus_points', 'color', 'ISO'], 'CAMERA_3': ['resolution']}",C_QUESTION_ABOUT_FEATURE,CAMERA_3,resolution,Honda how many mega pixels on the screen,PRESENT_X,CAMERA_3,S_ANSWERS_QUESTION_ABOUT_FEATURE,CAMERA_3,resolution,This one has 23.2 megapixels resolution.,PRESENT_X,CAMERA_3,13~28
305,19,CAMERA_3,"['CAMERA_1', 'CAMERA_2', 'CAMERA_3']","{'CAMERA_1': ['optical_zoom', 'autofocus_points', 'sensor_size'], 'CAMERA_2': ['weight', 'settings', 'sensor_size', 'resolution', 'camera_type', 'effects', 'autofocus_points', 'color', 'ISO'], 'CAMERA_3': ['resolution', 'settings']}",C_SILENT_OR_BACKCHANNEL,CAMERA_3,NONE,ok is this camera really nice,PRESENT_X,CAMERA_3,S_INTRODUCES_FEATURE,CAMERA_3,settings,"This one has manual control and various automatic settings (video modeburst shooting, etc.).",PRESENT_X,CAMERA_3,13~91
305,20,NONE,"['CAMERA_1', 'CAMERA_2', 'CAMERA_3']","{'CAMERA_1': ['optical_zoom', 'autofocus_points', 'sensor_size'], 'CAMERA_2': ['weight', 'settings', 'sensor_size', 'resolution', 'camera_type', 'effects', 'autofocus_points', 'color', 'ISO'], 'CAMERA_3': ['resolution', 'settings']}",C_THANK_YOU,CAMERA_3,NONE,okay thank you,PRESENT_X,CAMERA_3,S_THANK_YOU,CAMERA_3,NONE,thank you very much.,FACE_TO_FACE,NONE,
305,21,NONE,"['CAMERA_1', 'CAMERA_2', 'CAMERA_3']","{'CAMERA_1': ['optical_zoom', 'autofocus_points', 'sensor_size'], 'CAMERA_2': ['weight', 'settings', 'sensor_size', 'resolution', 'camera_type', 'effects', 'autofocus_points', 'color', 'ISO'], 'CAMERA_3': ['resolution', 'settings']}",C_LEAVES,DOOR,NONE,,FACE_TO_FACE,NONE,S_RETURNS_TO_COUNTER,SERVICE_COUNTER,NONE,,WAITING,NONE,
306,1,NONE,[],"{'CAMERA_1': [], 'CAMERA_2': [], 'CAMERA_3': []}",C_ENTERS,DOOR,NONE,,WAITING,NONE,S_NONE,SERVICE_COUNTER,NONE,,WAITING,NONE,
306,2,NONE,[],"{'CAMERA_1': [], 'CAMERA_2': [], 'CAMERA_3': []}",C_WALKS_TO_CAMERA,CAMERA_3,NONE,,WAITING,NONE,S_GREETS,CAMERA_3,NONE,can I help you?,FACE_TO_FACE,NONE,
306,3,CAMERA_3,['CAMERA_3'],"{'CAMERA_1': [], 'CAMERA_2': [], 'CAMERA_3': []}",C_LOOKING_FOR_A_CAMERA,CAMERA_3,NONE,I'm just looking for a basic camera to take selfies with,FACE_TO_FACE,NONE,S_INTRODUCES_CAMERA,CAMERA_3,,Let me show you this. Here we have the Fujifilm PowerShot ELPH S2800.,PRESENT_X,CAMERA_3,39~68
306,4,CAMERA_3,['CAMERA_3'],"{'CAMERA_1': [], 'CAMERA_2': [], 'CAMERA_3': ['long_exposure']}",C_QUESTION_ABOUT_FEATURE,CAMERA_3,long_exposure,for the exposure of this one is it the same as the other one,PRESENT_X,CAMERA_3,S_ANSWERS_QUESTION_ABOUT_FEATURE,CAMERA_3,long_exposure,This one can take long exposures up to 30 minutes max with bulb mode.,PRESENT_X,CAMERA_3,39~68
306,5,CAMERA_3,['CAMERA_3'],"{'CAMERA_1': [], 'CAMERA_2': [], 'CAMERA_3': ['long_exposure', 'resolution']}",C_QUESTION_ABOUT_FEATURE,CAMERA_3,resolution,what about the resolution,PRESENT_X,CAMERA_3,S_ANSWERS_QUESTION_ABOUT_FEATURE,CAMERA_3,resolution,This one has 23.2 megapixels resolution.,PRESENT_X,CAMERA_3,13~28
306,6,CAMERA_3,['CAMERA_3'],"{'CAMERA_1': [], 'CAMERA_2': [], 'CAMERA_3': ['long_exposure', 'resolution', 'settings']}",C_SILENT_OR_BACKCHANNEL,CAMERA_3,NONE,ok let me see,PRESENT_X,CAMERA_3,S_INTRODUCES_FEATURE,CAMERA_3,settings,"This one has manual control and various automatic settings (video modeburst shooting, etc.).",PRESENT_X,CAMERA_3,13~91
306,7,CAMERA_3,['CAMERA_3'],"{'CAMERA_1': [], 'CAMERA_2': [], 'CAMERA_3': ['long_exposure', 'resolution', 'settings', 'effects']}",C_SILENT_OR_BACKCHANNEL,CAMERA_3,NONE,okay,PRESENT_X,CAMERA_3,S_INTRODUCES_FEATURE,CAMERA_3,effects,"This one has 21 photo effects (small face, retro, big eyes, etc.).",PRESENT_X,CAMERA_3,13~65
306,8,NONE,['CAMERA_3'],"{'CAMERA_1': [], 'CAMERA_2': [], 'CAMERA_3': ['long_exposure', 'resolution', 'settings', 'effects']}",C_THANK_YOU,CAMERA_3,NONE,thank you very much and see you later,PRESENT_X,CAMERA_3,S_THANK_YOU,CAMERA_3,NONE,thank you very much.,FACE_TO_FACE,NONE,
306,9,NONE,['CAMERA_3'],"{'CAMERA_1': [], 'CAMERA_2': [], 'CAMERA_3': ['long_exposure', 'resolution', 'settings', 'effects']}",C_LEAVES,DOOR,NONE,,FACE_TO_FACE,NONE,S_RETURNS_TO_COUNTER,SERVICE_COUNTER,NONE,,WAITING,NONE,
307,1,NONE,[],"{'CAMERA_1': [], 'CAMERA_2': [], 'CAMERA_3': []}",C_ENTERS,DOOR,NONE,,WAITING,NONE,S_NONE,SERVICE_COUNTER,NONE,,WAITING,NONE,
307,2,NONE,[],"{'CAMERA_1': [], 'CAMERA_2': [], 'CAMERA_3': []}",C_GREETS,MIDDLE,NONE,excuse me,WAITING,NONE,S_GREETS,MIDDLE,NONE,can I help you?,FACE_TO_FACE,NONE,
307,3,CAMERA_3,['CAMERA_3'],"{'CAMERA_1': [], 'CAMERA_2': [], 'CAMERA_3': []}",C_LOOKING_FOR_A_CAMERA,MIDDLE,NONE,nothing fancy I just I'm just looking for the second camera I don't have money,FACE_TO_FACE,NONE,S_INTRODUCES_CAMERA,CAMERA_3,,Let me show you this. Here we have the Fujifilm PowerShot ELPH S2800.,PRESENT_X,CAMERA_3,39~68
307,4,CAMERA_3,['CAMERA_3'],"{'CAMERA_1': [], 'CAMERA_2': [], 'CAMERA_3': ['weight']}",C_SILENT_OR_BACKCHANNEL,CAMERA_3,NONE,okay great let's take care of business,PRESENT_X,CAMERA_3,S_INTRODUCES_FEATURE,CAMERA_3,weight,This one weighs 820 grams.,PRESENT_X,CAMERA_3,16~25
307,5,CAMERA_3,['CAMERA_3'],"{'CAMERA_1': [], 'CAMERA_2': [], 'CAMERA_3': ['weight', 'optical_zoom']}",C_QUESTION_ABOUT_FEATURE,CAMERA_3,optical_zoom,how about the optical zoom,PRESENT_X,CAMERA_3,S_NOT_SURE,CAMERA_3,,I'm not really sure about that.,PRESENT_X,CAMERA_3,
307,6,CAMERA_3,['CAMERA_3'],"{'CAMERA_1': [], 'CAMERA_2': [], 'CAMERA_3': ['weight', 'optical_zoom', 'camera_type']}",C_QUESTION_ABOUT_FEATURE,CAMERA_3,camera_type,Is this a mirrorless camera?,PRESENT_X,CAMERA_3,S_ANSWERS_QUESTION_ABOUT_FEATURE,CAMERA_3,camera_type,This is a point and shoot camera.,PRESENT_X,CAMERA_3,10~25
307,7,CAMERA_3,['CAMERA_3'],"{'CAMERA_1': [], 'CAMERA_2': [], 'CAMERA_3': ['weight', 'optical_zoom', 'camera_type', 'long_exposure']}",C_QUESTION_ABOUT_FEATURE,CAMERA_3,long_exposure,and what about the exposure,PRESENT_X,CAMERA_3,S_ANSWERS_QUESTION_ABOUT_FEATURE,CAMERA_3,long_exposure,This one can take long exposures up to 30 minutes max with bulb mode.,PRESENT_X,CAMERA_3,39~68
307,8,CAMERA_3,['CAMERA_3'],"{'CAMERA_1': [], 'CAMERA_2': [], 'CAMERA_3': ['weight', 'optical_zoom', 'camera_type', 'long_exposure', 'price']}",C_QUESTION_ABOUT_FEATURE,CAMERA_3,price,ok how much is this camera close again,PRESENT_X,CAMERA_3,S_ANSWERS_QUESTION_ABOUT_FEATURE,CAMERA_3,price,This one costs $518.,PRESENT_X,CAMERA_3,15~19
307,9,CAMERA_3,['CAMERA_3'],"{'CAMERA_1': [], 'CAMERA_2': [], 'CAMERA_3': ['weight', 'optical_zoom', 'camera_type', 'long_exposure', 'price', 'sensor_size']}",C_SILENT_OR_BACKCHANNEL,CAMERA_3,NONE,ok,PRESENT_X,CAMERA_3,S_INTRODUCES_FEATURE,CAMERA_3,sensor_size,This one has a full frame.,PRESENT_X,CAMERA_3,15~25
307,10,CAMERA_3,['CAMERA_3'],"{'CAMERA_1': [], 'CAMERA_2': [], 'CAMERA_3': ['weight', 'optical_zoom', 'camera_type', 'long_exposure', 'price', 'sensor_size', 'ISO']}",C_SILENT_OR_BACKCHANNEL,CAMERA_3,NONE,okay,PRESENT_X,CAMERA_3,S_INTRODUCES_FEATURE,CAMERA_3,ISO,This one has up to 3200 ISO with little noise.,PRESENT_X,CAMERA_3,13~45
307,11,CAMERA_3,['CAMERA_3'],"{'CAMERA_1': [], 'CAMERA_2': [], 'CAMERA_3': ['weight', 'optical_zoom', 'camera_type', 'long_exposure', 'price', 'sensor_size', 'ISO', 'resolution']}",C_SILENT_OR_BACKCHANNEL,CAMERA_3,NONE,that looks very good,PRESENT_X,CAMERA_3,S_INTRODUCES_FEATURE,CAMERA_3,resolution,This one has 23.2 megapixels resolution.,PRESENT_X,CAMERA_3,13~28
307,12,CAMERA_3,['CAMERA_3'],"{'CAMERA_1': [], 'CAMERA_2': [], 'CAMERA_3': ['weight', 'optical_zoom', 'camera_type', 'long_exposure', 'price', 'sensor_size', 'ISO', 'resolution', 'color']}",C_QUESTION_ABOUT_FEATURE,CAMERA_3,color,sounds like I am does it come in different colors,PRESENT_X,CAMERA_3,S_ANSWERS_QUESTION_ABOUT_FEATURE,CAMERA_3,color,"This one comes in purple, white, silver, blue, red, or pink.",PRESENT_X,CAMERA_3,18~59
307,13,CAMERA_2,"['CAMERA_3', 'CAMERA_2']","{'CAMERA_1': [], 'CAMERA_2': [], 'CAMERA_3': ['weight', 'optical_zoom', 'camera_type', 'long_exposure', 'price', 'sensor_size', 'ISO', 'resolution', 'color']}",C_ANYTHING_ELSE_AVAILABLE,CAMERA_3,NONE,oh I see that's very interesting do you have any other cameras that you can recommend me,PRESENT_X,CAMERA_3,S_INTRODUCES_CAMERA,CAMERA_2,,Let me show you this. Here we have the Fujifilm Lumix ILC Camera.,PRESENT_X,CAMERA_2,39~64
307,14,CAMERA_2,"['CAMERA_3', 'CAMERA_2']","{'CAMERA_1': [], 'CAMERA_2': ['resolution'], 'CAMERA_3': ['weight', 'optical_zoom', 'camera_type', 'long_exposure', 'price', 'sensor_size', 'ISO', 'resolution', 'color']}",C_SILENT_OR_BACKCHANNEL,CAMERA_2,NONE,ic,PRESENT_X,CAMERA_2,S_INTRODUCES_FEATURE,CAMERA_2,resolution,This one has 23.8 megapixels resolution.,PRESENT_X,CAMERA_2,13~28
307,15,CAMERA_2,"['CAMERA_3', 'CAMERA_2']","{'CAMERA_1': [], 'CAMERA_2': ['resolution', 'long_exposure'], 'CAMERA_3': ['weight', 'optical_zoom', 'camera_type', 'long_exposure', 'price', 'sensor_size', 'ISO', 'resolution', 'color']}",C_QUESTION_ABOUT_FEATURE,CAMERA_2,long_exposure,Odysseus up with long exposure,PRESENT_X,CAMERA_2,S_ANSWERS_QUESTION_ABOUT_FEATURE,CAMERA_2,long_exposure,This one can take long exposures up to 60 minutes max with bulb mode.,PRESENT_X,CAMERA_2,39~68
307,16,CAMERA_2,"['CAMERA_3', 'CAMERA_2']","{'CAMERA_1': [], 'CAMERA_2': ['resolution', 'long_exposure', 'sensor_size'], 'CAMERA_3': ['weight', 'optical_zoom', 'camera_type', 'long_exposure', 'price', 'sensor_size', 'ISO', 'resolution', 'color']}",C_QUESTION_ABOUT_FEATURE,CAMERA_2,sensor_size,what's the sensor size on this phone,PRESENT_X,CAMERA_2,S_ANSWERS_QUESTION_ABOUT_FEATURE,CAMERA_2,sensor_size,This one has a 1/2.33 inch sensor.,PRESENT_X,CAMERA_2,15~33
307,17,CAMERA_2,"['CAMERA_3', 'CAMERA_2']","{'CAMERA_1': [], 'CAMERA_2': ['resolution', 'long_exposure', 'sensor_size', 'camera_type'], 'CAMERA_3': ['weight', 'optical_zoom', 'camera_type', 'long_exposure', 'price', 'sensor_size', 'ISO', 'resolution', 'color']}",C_SILENT_OR_BACKCHANNEL,CAMERA_2,NONE,okay,PRESENT_X,CAMERA_2,S_INTRODUCES_FEATURE,CAMERA_2,camera_type,This is a digital single lens mirrorless camera.,PRESENT_X,CAMERA_2,10~40
307,18,CAMERA_2,"['CAMERA_3', 'CAMERA_2']","{'CAMERA_1': [], 'CAMERA_2': ['resolution', 'long_exposure', 'sensor_size', 'camera_type', 'ISO'], 'CAMERA_3': ['weight', 'optical_zoom', 'camera_type', 'long_exposure', 'price', 'sensor_size', 'ISO', 'resolution', 'color']}",C_QUESTION_ABOUT_FEATURE,CAMERA_2,ISO,so what is the high ISO performance like,PRESENT_X,CAMERA_2,S_NOT_SURE,CAMERA_2,,I'm not really sure about that.,PRESENT_X,CAMERA_2,
307,19,CAMERA_1,"['CAMERA_3', 'CAMERA_2', 'CAMERA_1']","{'CAMERA_1': [], 'CAMERA_2': ['resolution', 'long_exposure', 'sensor_size', 'camera_type', 'ISO'], 'CAMERA_3': ['weight', 'optical_zoom', 'camera_type', 'long_exposure', 'price', 'sensor_size', 'ISO', 'resolution', 'color']}",C_ANYTHING_ELSE_AVAILABLE,CAMERA_2,NONE,Do you have other cameras that I could afford,PRESENT_X,CAMERA_2,S_INTRODUCES_CAMERA,CAMERA_1,,Let me show you this. Here we have the Sony PowerShot ELPH DMC-ZS3.,PRESENT_X,CAMERA_1,39~66
307,20,CAMERA_1,"['CAMERA_3', 'CAMERA_2', 'CAMERA_1']","{'CAMERA_1': ['price'], 'CAMERA_2': ['resolution', 'long_exposure', 'sensor_size', 'camera_type', 'ISO'], 'CAMERA_3': ['weight', 'optical_zoom', 'camera_type', 'long_exposure', 'price', 'sensor_size', 'ISO', 'resolution', 'color']}",C_QUESTION_ABOUT_FEATURE,CAMERA_1,price,and what is the price on this,PRESENT_X,CAMERA_1,S_ANSWERS_QUESTION_ABOUT_FEATURE,CAMERA_1,price,This one costs $450.,PRESENT_X,CAMERA_1,15~19
307,21,CAMERA_1,"['CAMERA_3', 'CAMERA_2', 'CAMERA_1']","{'CAMERA_1': ['price', 'settings'], 'CAMERA_2': ['resolution', 'long_exposure', 'sensor_size', 'camera_type', 'ISO'], 'CAMERA_3': ['weight', 'optical_zoom', 'camera_type', 'long_exposure', 'price', 'sensor_size', 'ISO', 'resolution', 'color']}",C_SILENT_OR_BACKCHANNEL,CAMERA_1,NONE,let's see,PRESENT_X,CAMERA_1,S_INTRODUCES_FEATURE,CAMERA_1,settings,This one has limited manual settings.,PRESENT_X,CAMERA_1,13~36
307,22,NONE,"['CAMERA_3', 'CAMERA_2', 'CAMERA_1']","{'CAMERA_1': ['price', 'settings'], 'CAMERA_2': ['resolution', 'long_exposure', 'sensor_size', 'camera_type', 'ISO'], 'CAMERA_3': ['weight', 'optical_zoom', 'camera_type', 'long_exposure', 'price', 'sensor_size', 'ISO', 'resolution', 'color']}",C_THANK_YOU,CAMERA_1,NONE,okay sounds good thank you very much,PRESENT_X,CAMERA_1,S_THANK_YOU,CAMERA_1,NONE,thank you very much.,FACE_TO_FACE,NONE,
307,23,NONE,"['CAMERA_3', 'CAMERA_2', 'CAMERA_1']","{'CAMERA_1': ['price', 'settings'], 'CAMERA_2': ['resolution', 'long_exposure', 'sensor_size', 'camera_type', 'ISO'], 'CAMERA_3': ['weight', 'optical_zoom', 'camera_type', 'long_exposure', 'price', 'sensor_size', 'ISO', 'resolution', 'color']}",C_LEAVES,DOOR,NONE,,FACE_TO_FACE,NONE,S_RETURNS_TO_COUNTER,SERVICE_COUNTER,NONE,,WAITING,NONE,
308,1,NONE,[],"{'CAMERA_1': [], 'CAMERA_2': [], 'CAMERA_3': []}",C_ENTERS,DOOR,NONE,,WAITING,NONE,S_NONE,SERVICE_COUNTER,NONE,,WAITING,NONE,
308,2,NONE,[],"{'CAMERA_1': [], 'CAMERA_2': [], 'CAMERA_3': []}",C_WALKS_TO_CAMERA,CAMERA_3,NONE,,WAITING,NONE,S_GREETS,CAMERA_3,NONE,can I help you?,FACE_TO_FACE,NONE,
308,3,CAMERA_3,['CAMERA_3'],"{'CAMERA_1': [], 'CAMERA_2': [], 'CAMERA_3': []}",C_LOOKING_FOR_A_CAMERA,CAMERA_3,NONE,how to write a message to take a look at your new cameras,FACE_TO_FACE,NONE,S_INTRODUCES_CAMERA,CAMERA_3,,Let me show you this. Here we have the Fujifilm PowerShot ELPH S2800.,PRESENT_X,CAMERA_3,39~68
308,4,CAMERA_3,['CAMERA_3'],"{'CAMERA_1': [], 'CAMERA_2': [], 'CAMERA_3': ['preset_modes']}",C_QUESTION_ABOUT_FEATURE,CAMERA_3,preset_modes,Is this camera support for basic mode,PRESENT_X,CAMERA_3,S_ANSWERS_QUESTION_ABOUT_FEATURE,CAMERA_3,preset_modes,This one has various preset modes.,PRESENT_X,CAMERA_3,13~33
308,5,CAMERA_3,['CAMERA_3'],"{'CAMERA_1': [], 'CAMERA_2': [], 'CAMERA_3': ['preset_modes', 'long_exposure']}",C_QUESTION_ABOUT_FEATURE,CAMERA_3,long_exposure,is this long exposure,PRESENT_X,CAMERA_3,S_ANSWERS_QUESTION_ABOUT_FEATURE,CAMERA_3,long_exposure,This one can take long exposures up to 30 minutes max with bulb mode.,PRESENT_X,CAMERA_3,39~68
308,6,CAMERA_3,['CAMERA_3'],"{'CAMERA_1': [], 'CAMERA_2': [], 'CAMERA_3': ['preset_modes', 'long_exposure', 'autofocus_points']}",C_SILENT_OR_BACKCHANNEL,CAMERA_3,NONE,okay,PRESENT_X,CAMERA_3,S_INTRODUCES_FEATURE,CAMERA_3,autofocus_points,This one has 214 autofocus points.,PRESENT_X,CAMERA_3,13~33
308,7,CAMERA_3,['CAMERA_3'],"{'CAMERA_1': [], 'CAMERA_2': [], 'CAMERA_3': ['preset_modes', 'long_exposure', 'autofocus_points', 'sensor_size']}",C_QUESTION_ABOUT_FEATURE,CAMERA_3,sensor_size,what is the size of the sensor,PRESENT_X,CAMERA_3,S_ANSWERS_QUESTION_ABOUT_FEATURE,CAMERA_3,sensor_size,This one has a full frame.,PRESENT_X,CAMERA_3,15~25
308,8,CAMERA_3,['CAMERA_3'],"{'CAMERA_1': [], 'CAMERA_2': [], 'CAMERA_3': ['preset_modes', 'long_exposure', 'autofocus_points', 'sensor_size', 'camera_type']}",C_SILENT_OR_BACKCHANNEL,CAMERA_3,NONE,very nice what colors does it come,PRESENT_X,CAMERA_3,S_INTRODUCES_FEATURE,CAMERA_3,camera_type,This is a point and shoot camera.,PRESENT_X,CAMERA_3,10~25
308,9,CAMERA_3,['CAMERA_3'],"{'CAMERA_1': [], 'CAMERA_2': [], 'CAMERA_3': ['preset_modes', 'long_exposure', 'autofocus_points', 'sensor_size', 'camera_type', 'weight']}",C_QUESTION_ABOUT_FEATURE,CAMERA_3,weight,how much does this phone way,PRESENT_X,CAMERA_3,S_ANSWERS_QUESTION_ABOUT_FEATURE,CAMERA_3,weight,This one weighs 820 grams.,PRESENT_X,CAMERA_3,16~25
308,10,CAMERA_3,['CAMERA_3'],"{'CAMERA_1': [], 'CAMERA_2': [], 'CAMERA_3': ['preset_modes', 'long_exposure', 'autofocus_points', 'sensor_size', 'camera_type', 'weight', 'effects']}",C_QUESTION_ABOUT_FEATURE,CAMERA_3,effects,what about the artistic effect mode how does that work,PRESENT_X,CAMERA_3,S_ANSWERS_QUESTION_ABOUT_FEATURE,CAMERA_3,effects,"This one has 21 photo effects (small face, retro, big eyes, etc.).",PRESENT_X,CAMERA_3,13~65
308,11,CAMERA_3,['CAMERA_3'],"{'CAMERA_1': [], 'CAMERA_2': [], 'CAMERA_3': ['preset_modes', 'long_exposure', 'autofocus_points', 'sensor_size', 'camera_type', 'weight', 'effects', 'resolution']}",C_SILENT_OR_BACKCHANNEL,CAMERA_3,NONE,yeah ok,PRESENT_X,CAMERA_3,S_INTRODUCES_FEATURE,CAMERA_3,resolution,This one has 23.2 megapixels resolution.,PRESENT_X,CAMERA_3,13~28
308,12,CAMERA_3,['CAMERA_3'],"{'CAMERA_1': [], 'CAMERA_2': [], 'CAMERA_3': ['preset_modes', 'long_exposure', 'autofocus_points', 'sensor_size', 'camera_type', 'weight', 'effects', 'resolution', 'ISO']}",C_QUESTION_ABOUT_FEATURE,CAMERA_3,ISO,how high is the ISO,PRESENT_X,CAMERA_3,S_ANSWERS_QUESTION_ABOUT_FEATURE,CAMERA_3,ISO,This one has up to 3200 ISO with little noise.,PRESENT_X,CAMERA_3,13~45
308,13,CAMERA_2,"['CAMERA_3', 'CAMERA_2']","{'CAMERA_1': [], 'CAMERA_2': [], 'CAMERA_3': ['preset_modes', 'long_exposure', 'autofocus_points', 'sensor_size', 'camera_type', 'weight', 'effects', 'resolution', 'ISO']}",C_ANYTHING_ELSE_AVAILABLE,CAMERA_3,NONE,okay do you have any other cameras I might be interested,PRESENT_X,CAMERA_3,S_INTRODUCES_CAMERA,CAMERA_2,,Let me show you this. Here we have the Fujifilm Lumix ILC Camera.,PRESENT_X,CAMERA_2,39~64
308,14,CAMERA_2,"['CAMERA_3', 'CAMERA_2']","{'CAMERA_1': [], 'CAMERA_2': ['ISO'], 'CAMERA_3': ['preset_modes', 'long_exposure', 'autofocus_points', 'sensor_size', 'camera_type', 'weight', 'effects', 'resolution', 'ISO']}",C_QUESTION_ABOUT_FEATURE,CAMERA_2,ISO,how about the ISO something,PRESENT_X,CAMERA_2,S_NOT_SURE,CAMERA_2,,I'm not really sure about that.,PRESENT_X,CAMERA_2,
308,15,CAMERA_2,"['CAMERA_3', 'CAMERA_2']","{'CAMERA_1': [], 'CAMERA_2': ['ISO', 'optical_zoom'], 'CAMERA_3': ['preset_modes', 'long_exposure', 'autofocus_points', 'sensor_size', 'camera_type', 'weight', 'effects', 'resolution', 'ISO']}",C_SILENT_OR_BACKCHANNEL,CAMERA_2,NONE,ok let me see,PRESENT_X,CAMERA_2,S_INTRODUCES_FEATURE,CAMERA_2,optical_zoom,This one has 21x optical zoom.,PRESENT_X,CAMERA_2,13~29
308,16,CAMERA_2,"['CAMERA_3', 'CAMERA_2']","{'CAMERA_1': [], 'CAMERA_2': ['ISO', 'optical_zoom', 'sensor_size'], 'CAMERA_3': ['preset_modes', 'long_exposure', 'autofocus_points', 'sensor_size', 'camera_type', 'weight', 'effects', 'resolution', 'ISO']}",C_SILENT_OR_BACKCHANNEL,CAMERA_2,NONE,nice,PRESENT_X,CAMERA_2,S_INTRODUCES_FEATURE,CAMERA_2,sensor_size,This one has a 1/2.33 inch sensor.,PRESENT_X,CAMERA_2,15~33
308,17,CAMERA_1,"['CAMERA_3', 'CAMERA_2', 'CAMERA_1']","{'CAMERA_1': [], 'CAMERA_2': ['ISO', 'optical_zoom', 'sensor_size'], 'CAMERA_3': ['preset_modes', 'long_exposure', 'autofocus_points', 'sensor_size', 'camera_type', 'weight', 'effects', 'resolution', 'ISO']}",C_ANYTHING_ELSE_AVAILABLE,CAMERA_2,NONE,ok do you have any other cameras,PRESENT_X,CAMERA_2,S_INTRODUCES_CAMERA,CAMERA_1,,Let me show you this. Here we have the Sony PowerShot ELPH DMC-ZS3.,PRESENT_X,CAMERA_1,39~66
308,18,CAMERA_1,"['CAMERA_3', 'CAMERA_2', 'CAMERA_1']","{'CAMERA_1': ['price'], 'CAMERA_2': ['ISO', 'optical_zoom', 'sensor_size'], 'CAMERA_3': ['preset_modes', 'long_exposure', 'autofocus_points', 'sensor_size', 'camera_type', 'weight', 'effects', 'resolution', 'ISO']}",C_QUESTION_ABOUT_FEATURE,CAMERA_1,price,how much does this phone cost,PRESENT_X,CAMERA_1,S_ANSWERS_QUESTION_ABOUT_FEATURE,CAMERA_1,price,This one costs $450.,PRESENT_X,CAMERA_1,15~19
308,19,CAMERA_1,"['CAMERA_3', 'CAMERA_2', 'CAMERA_1']","{'CAMERA_1': ['price', 'optical_zoom'], 'CAMERA_2': ['ISO', 'optical_zoom', 'sensor_size'], 'CAMERA_3': ['preset_modes', 'long_exposure', 'autofocus_points', 'sensor_size', 'camera_type', 'weight', 'effects', 'resolution', 'ISO']}",C_SILENT_OR_BACKCHANNEL,CAMERA_1,NONE,listen to be a very nice camera,PRESENT_X,CAMERA_1,S_INTRODUCES_FEATURE,CAMERA_1,optical_zoom,This one has 21x optical zoom.,PRESENT_X,CAMERA_1,13~29
308,20,CAMERA_1,"['CAMERA_3', 'CAMERA_2', 'CAMERA_1']","{'CAMERA_1': ['price', 'optical_zoom', 'camera_type'], 'CAMERA_2': ['ISO', 'optical_zoom', 'sensor_size'], 'CAMERA_3': ['preset_modes', 'long_exposure', 'autofocus_points', 'sensor_size', 'camera_type', 'weight', 'effects', 'resolution', 'ISO']}",C_QUESTION_ABOUT_FEATURE,CAMERA_1,camera_type,what kind of camera is this,PRESENT_X,CAMERA_1,S_ANSWERS_QUESTION_ABOUT_FEATURE,CAMERA_1,camera_type,This is a DSLR camera.,PRESENT_X,CAMERA_1,10~14
308,21,,"['CAMERA_3', 'CAMERA_2', 'CAMERA_1']","{'CAMERA_1': ['price', 'optical_zoom', 'camera_type'], 'CAMERA_2': ['ISO', 'optical_zoom', 'sensor_size'], 'CAMERA_3': ['preset_modes', 'long_exposure', 'autofocus_points', 'sensor_size', 'camera_type', 'weight', 'effects', 'resolution', 'ISO']}",C_ANYTHING_ELSE_AVAILABLE,CAMERA_1,NONE,do you have any other cameras that are in this kind,PRESENT_X,CAMERA_1,S_THATS_ALL_WE_HAVE_AVAILABLE,CAMERA_1,,That's all we have available at the moment.,PRESENT_X,CAMERA_1,
308,22,NONE,"['CAMERA_3', 'CAMERA_2', 'CAMERA_1']","{'CAMERA_1': ['price', 'optical_zoom', 'camera_type'], 'CAMERA_2': ['ISO', 'optical_zoom', 'sensor_size'], 'CAMERA_3': ['preset_modes', 'long_exposure', 'autofocus_points', 'sensor_size', 'camera_type', 'weight', 'effects', 'resolution', 'ISO']}",C_THANK_YOU,CAMERA_1,NONE,thank you,PRESENT_X,CAMERA_1,S_THANK_YOU,CAMERA_1,NONE,thank you very much.,FACE_TO_FACE,NONE,
308,23,NONE,"['CAMERA_3', 'CAMERA_2', 'CAMERA_1']","{'CAMERA_1': ['price', 'optical_zoom', 'camera_type'], 'CAMERA_2': ['ISO', 'optical_zoom', 'sensor_size'], 'CAMERA_3': ['preset_modes', 'long_exposure', 'autofocus_points', 'sensor_size', 'camera_type', 'weight', 'effects', 'resolution', 'ISO']}",C_LEAVES,DOOR,NONE,,FACE_TO_FACE,NONE,S_RETURNS_TO_COUNTER,SERVICE_COUNTER,NONE,,WAITING,NONE,
309,1,NONE,[],"{'CAMERA_1': [], 'CAMERA_2': [], 'CAMERA_3': []}",C_ENTERS,DOOR,NONE,,WAITING,NONE,S_NONE,SERVICE_COUNTER,NONE,,WAITING,NONE,
309,2,NONE,[],"{'CAMERA_1': [], 'CAMERA_2': [], 'CAMERA_3': []}",C_WALKS_TO_CAMERA,CAMERA_2,NONE,,WAITING,NONE,S_NONE,SERVICE_COUNTER,NONE,,WAITING,NONE,
309,3,NONE,[],"{'CAMERA_1': [], 'CAMERA_2': [], 'CAMERA_3': []}",C_EXAMINES_CAMERA,CAMERA_2,NONE,,WAITING,NONE,S_GREETS,CAMERA_2,NONE,can I help you?,FACE_TO_FACE,NONE,
309,4,CAMERA_1,['CAMERA_1'],"{'CAMERA_1': [], 'CAMERA_2': [], 'CAMERA_3': []}",C_LOOKING_FOR_A_CAMERA,CAMERA_2,NONE,I'm interested in buying a camera but I'm not sure what I need,FACE_TO_FACE,NONE,S_INTRODUCES_CAMERA,CAMERA_1,,Let me show you this. Here we have the Sony PowerShot ELPH DMC-ZS3.,PRESENT_X,CAMERA_1,39~66
309,5,CAMERA_1,['CAMERA_1'],"{'CAMERA_1': ['weight'], 'CAMERA_2': [], 'CAMERA_3': []}",C_QUESTION_ABOUT_FEATURE,CAMERA_1,weight,how heavy is this camera,PRESENT_X,CAMERA_1,S_ANSWERS_QUESTION_ABOUT_FEATURE,CAMERA_1,weight,This one weighs 800 grams.,PRESENT_X,CAMERA_1,16~25
309,6,CAMERA_1,['CAMERA_1'],"{'CAMERA_1': ['weight', 'preset_modes'], 'CAMERA_2': [], 'CAMERA_3': []}",C_QUESTION_ABOUT_FEATURE,CAMERA_1,preset_modes,does this camera also have bulb mode,PRESENT_X,CAMERA_1,S_NOT_SURE,CAMERA_1,,I'm not really sure about that.,PRESENT_X,CAMERA_1,
309,7,CAMERA_1,['CAMERA_1'],"{'CAMERA_1': ['weight', 'preset_modes', 'color'], 'CAMERA_2': [], 'CAMERA_3': []}",C_QUESTION_ABOUT_FEATURE,CAMERA_1,color,Comes in different colors what colors does it come in,PRESENT_X,CAMERA_1,S_ANSWERS_QUESTION_ABOUT_FEATURE,CAMERA_1,color,This one comes in blue or black.,PRESENT_X,CAMERA_1,18~31
309,8,CAMERA_1,['CAMERA_1'],"{'CAMERA_1': ['weight', 'preset_modes', 'color', 'settings'], 'CAMERA_2': [], 'CAMERA_3': []}",C_QUESTION_ABOUT_FEATURE,CAMERA_1,settings,K and do what manual settings what are the manual settings on this,PRESENT_X,CAMERA_1,S_ANSWERS_QUESTION_ABOUT_FEATURE,CAMERA_1,settings,This one has limited manual settings.,PRESENT_X,CAMERA_1,13~36
309,9,CAMERA_1,['CAMERA_1'],"{'CAMERA_1': ['weight', 'preset_modes', 'color', 'settings', 'camera_type'], 'CAMERA_2': [], 'CAMERA_3': []}",C_QUESTION_ABOUT_FEATURE,CAMERA_1,camera_type,is this a point and shoot camera,PRESENT_X,CAMERA_1,S_ANSWERS_QUESTION_ABOUT_FEATURE,CAMERA_1,camera_type,This is a DSLR camera.,PRESENT_X,CAMERA_1,10~14
309,10,CAMERA_1,['CAMERA_1'],"{'CAMERA_1': ['weight', 'preset_modes', 'color', 'settings', 'camera_type', 'resolution'], 'CAMERA_2': [], 'CAMERA_3': []}",C_QUESTION_ABOUT_FEATURE,CAMERA_1,resolution,Honda how many mega pixels on the screen,PRESENT_X,CAMERA_1,S_ANSWERS_QUESTION_ABOUT_FEATURE,CAMERA_1,resolution,This one has 17.8 megapixels resolution.,PRESENT_X,CAMERA_1,13~28
309,11,CAMERA_1,['CAMERA_1'],"{'CAMERA_1': ['weight', 'preset_modes', 'color', 'settings', 'camera_type', 'resolution', 'ISO'], 'CAMERA_2': [], 'CAMERA_3': []}",C_QUESTION_ABOUT_FEATURE,CAMERA_1,ISO,what is this ISO thing,PRESENT_X,CAMERA_1,S_ANSWERS_QUESTION_ABOUT_FEATURE,CAMERA_1,ISO,This one has up to 51200 ISO.,PRESENT_X,CAMERA_1,13~28
309,12,CAMERA_1,['CAMERA_1'],"{'CAMERA_1': ['weight', 'preset_modes', 'color', 'settings', 'camera_type', 'resolution', 'ISO', 'optical_zoom'], 'CAMERA_2': [], 'CAMERA_3': []}",C_QUESTION_ABOUT_FEATURE,CAMERA_1,optical_zoom,okay can you tell me what optical zoom it has,PRESENT_X,CAMERA_1,S_ANSWERS_QUESTION_ABOUT_FEATURE,CAMERA_1,optical_zoom,This one has 21x optical zoom.,PRESENT_X,CAMERA_1,13~29
309,13,CAMERA_1,['CAMERA_1'],"{'CAMERA_1': ['weight', 'preset_modes', 'color', 'settings', 'camera_type', 'resolution', 'ISO', 'optical_zoom', 'sensor_size'], 'CAMERA_2': [], 'CAMERA_3': []}",C_QUESTION_ABOUT_FEATURE,CAMERA_1,sensor_size,what is the size of this camera,PRESENT_X,CAMERA_1,S_ANSWERS_QUESTION_ABOUT_FEATURE,CAMERA_1,sensor_size,This one has a 1/2.3 inch CMOS sensor.,PRESENT_X,CAMERA_1,15~37
309,14,CAMERA_1,['CAMERA_1'],"{'CAMERA_1': ['weight', 'preset_modes', 'color', 'settings', 'camera_type', 'resolution', 'ISO', 'optical_zoom', 'sensor_size', 'autofocus_points'], 'CAMERA_2': [], 'CAMERA_3': []}",C_QUESTION_ABOUT_FEATURE,CAMERA_1,autofocus_points,and for this model how many auto focus points does it have,PRESENT_X,CAMERA_1,S_ANSWERS_QUESTION_ABOUT_FEATURE,CAMERA_1,autofocus_points,This one has 135 autofocus points.,PRESENT_X,CAMERA_1,13~33
309,15,CAMERA_2,"['CAMERA_1', 'CAMERA_2']","{'CAMERA_1': ['weight', 'preset_modes', 'color', 'settings', 'camera_type', 'resolution', 'ISO', 'optical_zoom', 'sensor_size', 'autofocus_points'], 'CAMERA_2': [], 'CAMERA_3': []}",C_ANYTHING_ELSE_AVAILABLE,CAMERA_1,NONE,do you have any other cameras that are in this kind,PRESENT_X,CAMERA_1,S_INTRODUCES_CAMERA,CAMERA_2,,Let me show you this. Here we have the Fujifilm Lumix ILC Camera.,PRESENT_X,CAMERA_2,39~64
309,16,CAMERA_2,"['CAMERA_1', 'CAMERA_2']","{'CAMERA_1': ['weight', 'preset_modes', 'color', 'settings', 'camera_type', 'resolution', 'ISO', 'optical_zoom', 'sensor_size', 'autofocus_points'], 'CAMERA_2': ['settings'], 'CAMERA_3': []}",C_QUESTION_ABOUT_FEATURE,CAMERA_2,settings,ok and manual settings how many manual settings does it have,PRESENT_X,CAMERA_2,S_ANSWERS_QUESTION_ABOUT_FEATURE,CAMERA_2,settings,"This one has manual control and various automatic settings (video modeburst shooting, etc.).",PRESENT_X,CAMERA_2,13~91
309,17,CAMERA_2,"['CAMERA_1', 'CAMERA_2']","{'CAMERA_1': ['weight', 'preset_modes', 'color', 'settings', 'camera_type', 'resolution', 'ISO', 'optical_zoom', 'sensor_size', 'autofocus_points'], 'CAMERA_2': ['settings', 'autofocus_points'], 'CAMERA_3': []}",C_QUESTION_ABOUT_FEATURE,CAMERA_2,autofocus_points,how many auto focus points does this camera have,PRESENT_X,CAMERA_2,S_NOT_SURE,CAMERA_2,,I'm not really sure about that.,PRESENT_X,CAMERA_2,
309,18,CAMERA_3,"['CAMERA_1', 'CAMERA_2', 'CAMERA_3']","{'CAMERA_1': ['weight', 'preset_modes', 'color', 'settings', 'camera_type', 'resolution', 'ISO', 'optical_zoom', 'sensor_size', 'autofocus_points'], 'CAMERA_2': ['settings', 'autofocus_points'], 'CAMERA_3': []}",C_ANYTHING_ELSE_AVAILABLE,CAMERA_2,NONE,Do you have any other cameras under $300,PRESENT_X,CAMERA_2,S_INTRODUCES_CAMERA,CAMERA_3,,Let me show you this. Here we have the Fujifilm PowerShot ELPH S2800.,PRESENT_X,CAMERA_3,39~68
309,19,CAMERA_3,"['CAMERA_1', 'CAMERA_2', 'CAMERA_3']","{'CAMERA_1': ['weight', 'preset_modes', 'color', 'settings', 'camera_type', 'resolution', 'ISO', 'optical_zoom', 'sensor_size', 'autofocus_points'], 'CAMERA_2': ['settings', 'autofocus_points'], 'CAMERA_3': ['settings']}",C_SILENT_OR_BACKCHANNEL,CAMERA_3,NONE,okay that sounds good,PRESENT_X,CAMERA_3,S_INTRODUCES_FEATURE,CAMERA_3,settings,"This one has manual control and various automatic settings (video modeburst shooting, etc.).",PRESENT_X,CAMERA_3,13~91
309,20,CAMERA_3,"['CAMERA_1', 'CAMERA_2', 'CAMERA_3']","{'CAMERA_1': ['weight', 'preset_modes', 'color', 'settings', 'camera_type', 'resolution', 'ISO', 'optical_zoom', 'sensor_size', 'autofocus_points'], 'CAMERA_2': ['settings', 'autofocus_points'], 'CAMERA_3': ['settings', 'autofocus_points']}",C_SILENT_OR_BACKCHANNEL,CAMERA_3,NONE,the picture is very nice,PRESENT_X,CAMERA_3,S_INTRODUCES_FEATURE,CAMERA_3,autofocus_points,This one has 214 autofocus points.,PRESENT_X,CAMERA_3,13~33
309,21,CAMERA_3,"['CAMERA_1', 'CAMERA_2', 'CAMERA_3']","{'CAMERA_1': ['weight', 'preset_modes', 'color', 'settings', 'camera_type', 'resolution', 'ISO', 'optical_zoom', 'sensor_size', 'autofocus_points'], 'CAMERA_2': ['settings', 'autofocus_points'], 'CAMERA_3': ['settings', 'autofocus_points', 'long_exposure']}",C_SILENT_OR_BACKCHANNEL,CAMERA_3,NONE,that looks very good,PRESENT_X,CAMERA_3,S_INTRODUCES_FEATURE,CAMERA_3,long_exposure,This one can take long exposures up to 30 minutes max with bulb mode.,PRESENT_X,CAMERA_3,39~68
309,22,NONE,"['CAMERA_1', 'CAMERA_2', 'CAMERA_3']","{'CAMERA_1': ['weight', 'preset_modes', 'color', 'settings', 'camera_type', 'resolution', 'ISO', 'optical_zoom', 'sensor_size', 'autofocus_points'], 'CAMERA_2': ['settings', 'autofocus_points'], 'CAMERA_3': ['settings', 'autofocus_points', 'long_exposure']}",C_THANK_YOU,CAMERA_3,NONE,thank you very much thank you,PRESENT_X,CAMERA_3,S_THANK_YOU,CAMERA_3,NONE,thank you very much.,FACE_TO_FACE,NONE,
309,23,NONE,"['CAMERA_1', 'CAMERA_2', 'CAMERA_3']","{'CAMERA_1': ['weight', 'preset_modes', 'color', 'settings', 'camera_type', 'resolution', 'ISO', 'optical_zoom', 'sensor_size', 'autofocus_points'], 'CAMERA_2': ['settings', 'autofocus_points'], 'CAMERA_3': ['settings', 'autofocus_points', 'long_exposure']}",C_LEAVES,DOOR,NONE,,FACE_TO_FACE,NONE,S_RETURNS_TO_COUNTER,SERVICE_COUNTER,NONE,,WAITING,NONE,
310,1,NONE,[],"{'CAMERA_1': [], 'CAMERA_2': [], 'CAMERA_3': []}",C_ENTERS,DOOR,NONE,,WAITING,NONE,S_NONE,SERVICE_COUNTER,NONE,,WAITING,NONE,
310,2,NONE,[],"{'CAMERA_1': [], 'CAMERA_2': [], 'CAMERA_3': []}",C_GREETS,MIDDLE,NONE,use me,WAITING,NONE,S_GREETS,MIDDLE,NONE,can I help you?,FACE_TO_FACE,NONE,
310,3,CAMERA_1,['CAMERA_1'],"{'CAMERA_1': [], 'CAMERA_2': [], 'CAMERA_3': []}",C_LOOKING_FOR_A_CAMERA,MIDDLE,NONE,how to write a message to take a look at your new cameras,FACE_TO_FACE,NONE,S_INTRODUCES_CAMERA,CAMERA_1,,Let me show you this. Here we have the Sony PowerShot ELPH DMC-ZS3.,PRESENT_X,CAMERA_1,39~66
310,4,CAMERA_1,['CAMERA_1'],"{'CAMERA_1': ['long_exposure'], 'CAMERA_2': [], 'CAMERA_3': []}",C_QUESTION_ABOUT_FEATURE,CAMERA_1,long_exposure,and how about the exposure,PRESENT_X,CAMERA_1,S_ANSWERS_QUESTION_ABOUT_FEATURE,CAMERA_1,long_exposure,This one can take long exposures up to up to 15 seconds with Long Shutter Mode.,PRESENT_X,CAMERA_1,39~78
310,5,CAMERA_1,['CAMERA_1'],"{'CAMERA_1': ['long_exposure', 'autofocus_points'], 'CAMERA_2': [], 'CAMERA_3': []}",C_SILENT_OR_BACKCHANNEL,CAMERA_1,NONE,ok,PRESENT_X,CAMERA_1,S_INTRODUCES_FEATURE,CAMERA_1,autofocus_points,This one has 135 autofocus points.,PRESENT_X,CAMERA_1,13~33
310,6,CAMERA_3,"['CAMERA_1', 'CAMERA_3']","{'CAMERA_1': ['long_exposure', 'autofocus_points'], 'CAMERA_2': [], 'CAMERA_3': []}",C_ANYTHING_ELSE_AVAILABLE,CAMERA_1,NONE,Do you have any other cameras under $300,PRESENT_X,CAMERA_1,S_INTRODUCES_CAMERA,CAMERA_3,,Let me show you this. Here we have the Fujifilm PowerShot ELPH S2800.,PRESENT_X,CAMERA_3,39~68
310,7,CAMERA_3,"['CAMERA_1', 'CAMERA_3']","{'CAMERA_1': ['long_exposure', 'autofocus_points'], 'CAMERA_2': [], 'CAMERA_3': ['color']}",C_QUESTION_ABOUT_FEATURE,CAMERA_3,color,great and do you have any discolor or are there any other colors,PRESENT_X,CAMERA_3,S_ANSWERS_QUESTION_ABOUT_FEATURE,CAMERA_3,color,"This one comes in purple, white, silver, blue, red, or pink.",PRESENT_X,CAMERA_3,18~59
310,8,CAMERA_3,"['CAMERA_1', 'CAMERA_3']","{'CAMERA_1': ['long_exposure', 'autofocus_points'], 'CAMERA_2': [], 'CAMERA_3': ['color', 'long_exposure']}",C_SILENT_OR_BACKCHANNEL,CAMERA_3,NONE,wow these cameras look so nice,PRESENT_X,CAMERA_3,S_INTRODUCES_FEATURE,CAMERA_3,long_exposure,This one can take long exposures up to 30 minutes max with bulb mode.,PRESENT_X,CAMERA_3,39~68
310,9,CAMERA_3,"['CAMERA_1', 'CAMERA_3']","{'CAMERA_1': ['long_exposure', 'autofocus_points'], 'CAMERA_2': [], 'CAMERA_3': ['color', 'long_exposure', 'price']}",C_QUESTION_ABOUT_FEATURE,CAMERA_3,price,what is the price,PRESENT_X,CAMERA_3,S_ANSWERS_QUESTION_ABOUT_FEATURE,CAMERA_3,price,This one costs $518.,PRESENT_X,CAMERA_3,15~19
310,10,CAMERA_3,"['CAMERA_1', 'CAMERA_3']","{'CAMERA_1': ['long_exposure', 'autofocus_points'], 'CAMERA_2': [], 'CAMERA_3': ['color', 'long_exposure', 'price', 'camera_type']}",C_SILENT_OR_BACKCHANNEL,CAMERA_3,NONE,that'd be great,PRESENT_X,CAMERA_3,S_INTRODUCES_FEATURE,CAMERA_3,camera_type,This is a point and shoot camera.,PRESENT_X,CAMERA_3,10~25
310,11,CAMERA_3,"['CAMERA_1', 'CAMERA_3']","{'CAMERA_1': ['long_exposure', 'autofocus_points'], 'CAMERA_2': [], 'CAMERA_3': ['color', 'long_exposure', 'price', 'camera_type', 'autofocus_points']}",C_QUESTION_ABOUT_FEATURE,CAMERA_3,autofocus_points,How about auto focus points for this,PRESENT_X,CAMERA_3,S_ANSWERS_QUESTION_ABOUT_FEATURE,CAMERA_3,autofocus_points,This one has 214 autofocus points.,PRESENT_X,CAMERA_3,13~33
310,12,NONE,"['CAMERA_1', 'CAMERA_3']","{'CAMERA_1': ['long_exposure', 'autofocus_points'], 'CAMERA_2': [], 'CAMERA_3': ['color', 'long_exposure', 'price', 'camera_type', 'autofocus_points']}",C_THANK_YOU,CAMERA_3,NONE,okay thanks,PRESENT_X,CAMERA_3,S_THANK_YOU,CAMERA_3,NONE,thank you very much.,FACE_TO_FACE,NONE,
310,13,NONE,"['CAMERA_1', 'CAMERA_3']","{'CAMERA_1': ['long_exposure', 'autofocus_points'], 'CAMERA_2': [], 'CAMERA_3': ['color', 'long_exposure', 'price', 'camera_type', 'autofocus_points']}",C_LEAVES,DOOR,NONE,,FACE_TO_FACE,NONE,S_RETURNS_TO_COUNTER,SERVICE_COUNTER,NONE,,WAITING,NONE,
311,1,NONE,[],"{'CAMERA_1': [], 'CAMERA_2': [], 'CAMERA_3': []}",C_ENTERS,DOOR,NONE,,WAITING,NONE,S_NONE,SERVICE_COUNTER,NONE,,WAITING,NONE,
311,2,NONE,[],"{'CAMERA_1': [], 'CAMERA_2': [], 'CAMERA_3': []}",C_WALKS_TO_CAMERA,CAMERA_1,NONE,,WAITING,NONE,S_GREETS,CAMERA_1,NONE,can I help you?,FACE_TO_FACE,NONE,
311,3,CAMERA_2,['CAMERA_2'],"{'CAMERA_1': [], 'CAMERA_2': [], 'CAMERA_3': []}",C_LOOKING_FOR_A_CAMERA,CAMERA_1,NONE,mmm I'm just browsing the camera for myself just something a little better than my camera,FACE_TO_FACE,NONE,S_INTRODUCES_CAMERA,CAMERA_2,,Let me show you this. Here we have the Fujifilm Lumix ILC Camera.,PRESENT_X,CAMERA_2,39~64
311,4,CAMERA_2,['CAMERA_2'],"{'CAMERA_1': [], 'CAMERA_2': ['color'], 'CAMERA_3': []}",C_QUESTION_ABOUT_FEATURE,CAMERA_2,color,in how many colors does it come in,PRESENT_X,CAMERA_2,S_ANSWERS_QUESTION_ABOUT_FEATURE,CAMERA_2,color,This one comes in white or pink.,PRESENT_X,CAMERA_2,18~31
311,5,NONE,['CAMERA_2'],"{'CAMERA_1': [], 'CAMERA_2': ['color'], 'CAMERA_3': []}",C_THANK_YOU,CAMERA_2,NONE,ok thank you,PRESENT_X,CAMERA_2,S_THANK_YOU,CAMERA_2,NONE,thank you very much.,FACE_TO_FACE,NONE,
311,6,NONE,['CAMERA_2'],"{'CAMERA_1': [], 'CAMERA_2': ['color'], 'CAMERA_3': []}",C_LEAVES,DOOR,NONE,,FACE_TO_FACE,NONE,S_RETURNS_TO_COUNTER,SERVICE_COUNTER,NONE,,WAITING,NONE,
312,1,NONE,[],"{'CAMERA_1': [], 'CAMERA_2': [], 'CAMERA_3': []}",C_ENTERS,DOOR,NONE,,WAITING,NONE,S_NONE,SERVICE_COUNTER,NONE,,WAITING,NONE,
312,2,NONE,[],"{'CAMERA_1': [], 'CAMERA_2': [], 'CAMERA_3': []}",C_GREETS,MIDDLE,NONE,excuse me,WAITING,NONE,S_GREETS,MIDDLE,NONE,can I help you?,FACE_TO_FACE,NONE,
312,3,CAMERA_2,['CAMERA_2'],"{'CAMERA_1': [], 'CAMERA_2': [], 'CAMERA_3': []}",C_LOOKING_FOR_A_CAMERA,MIDDLE,NONE,I am looking for camera,FACE_TO_FACE,NONE,S_INTRODUCES_CAMERA,CAMERA_2,,Let me show you this. Here we have the Fujifilm Lumix ILC Camera.,PRESENT_X,CAMERA_2,39~64
312,4,CAMERA_2,['CAMERA_2'],"{'CAMERA_1': [], 'CAMERA_2': ['camera_type'], 'CAMERA_3': []}",C_QUESTION_ABOUT_FEATURE,CAMERA_2,camera_type,Is this a mirrorless camera?,PRESENT_X,CAMERA_2,S_ANSWERS_QUESTION_ABOUT_FEATURE,CAMERA_2,camera_type,This is a digital single lens mirrorless camera.,PRESENT_X,CAMERA_2,10~40
312,5,CAMERA_2,['CAMERA_2'],"{'CAMERA_1': [], 'CAMERA_2': ['camera_type', 'effects'], 'CAMERA_3': []}",C_SILENT_OR_BACKCHANNEL,CAMERA_2,NONE,wow that's pretty steep,PRESENT_X,CAMERA_2,S_INTRODUCES_FEATURE,CAMERA_2,effects,"This one has 24 artistic effect modes (retro, lighter or darker skin tones, sepia, etc.).",PRESENT_X,CAMERA_2,13~88
312,6,CAMERA_2,['CAMERA_2'],"{'CAMERA_1': [], 'CAMERA_2': ['camera_type', 'effects', 'weight'], 'CAMERA_3': []}",C_QUESTION_ABOUT_FEATURE,CAMERA_2,weight,and is it heavy,PRESENT_X,CAMERA_2,S_ANSWERS_QUESTION_ABOUT_FEATURE,CAMERA_2,weight,This one weighs 820 grams.,PRESENT_X,CAMERA_2,16~25
312,7,CAMERA_2,['CAMERA_2'],"{'CAMERA_1': [], 'CAMERA_2': ['camera_type', 'effects', 'weight', 'settings'], 'CAMERA_3': []}",C_QUESTION_ABOUT_FEATURE,CAMERA_2,settings,sounds good what about the manual settings,PRESENT_X,CAMERA_2,S_ANSWERS_QUESTION_ABOUT_FEATURE,CAMERA_2,settings,"This one has manual control and various automatic settings (video modeburst shooting, etc.).",PRESENT_X,CAMERA_2,13~91
312,8,CAMERA_2,['CAMERA_2'],"{'CAMERA_1': [], 'CAMERA_2': ['camera_type', 'effects', 'weight', 'settings', 'optical_zoom'], 'CAMERA_3': []}",C_SILENT_OR_BACKCHANNEL,CAMERA_2,NONE,I see AA ok,PRESENT_X,CAMERA_2,S_INTRODUCES_FEATURE,CAMERA_2,optical_zoom,This one has 21x optical zoom.,PRESENT_X,CAMERA_2,13~29
312,9,CAMERA_2,['CAMERA_2'],"{'CAMERA_1': [], 'CAMERA_2': ['camera_type', 'effects', 'weight', 'settings', 'optical_zoom', 'long_exposure'], 'CAMERA_3': []}",C_QUESTION_ABOUT_FEATURE,CAMERA_2,long_exposure,how about the exposure for this is it able to be exposed long,PRESENT_X,CAMERA_2,S_ANSWERS_QUESTION_ABOUT_FEATURE,CAMERA_2,long_exposure,This one can take long exposures up to 60 minutes max with bulb mode.,PRESENT_X,CAMERA_2,39~68
312,10,CAMERA_2,['CAMERA_2'],"{'CAMERA_1': [], 'CAMERA_2': ['camera_type', 'effects', 'weight', 'settings', 'optical_zoom', 'long_exposure', 'autofocus_points'], 'CAMERA_3': []}",C_QUESTION_ABOUT_FEATURE,CAMERA_2,autofocus_points,how many autofocus points does it out,PRESENT_X,CAMERA_2,S_NOT_SURE,CAMERA_2,,I'm not really sure about that.,PRESENT_X,CAMERA_2,
312,11,CAMERA_2,['CAMERA_2'],"{'CAMERA_1': [], 'CAMERA_2': ['camera_type', 'effects', 'weight', 'settings', 'optical_zoom', 'long_exposure', 'autofocus_points', 'color'], 'CAMERA_3': []}",C_QUESTION_ABOUT_FEATURE,CAMERA_2,color,does it come any in any other colors,PRESENT_X,CAMERA_2,S_ANSWERS_QUESTION_ABOUT_FEATURE,CAMERA_2,color,This one comes in white or pink.,PRESENT_X,CAMERA_2,18~31
312,12,CAMERA_2,['CAMERA_2'],"{'CAMERA_1': [], 'CAMERA_2': ['camera_type', 'effects', 'weight', 'settings', 'optical_zoom', 'long_exposure', 'autofocus_points', 'color', 'preset_modes'], 'CAMERA_3': []}",C_QUESTION_ABOUT_FEATURE,CAMERA_2,preset_modes,does this camera support for preset mod,PRESENT_X,CAMERA_2,S_NOT_SURE,CAMERA_2,,I'm not really sure about that.,PRESENT_X,CAMERA_2,
312,13,NONE,['CAMERA_2'],"{'CAMERA_1': [], 'CAMERA_2': ['camera_type', 'effects', 'weight', 'settings', 'optical_zoom', 'long_exposure', 'autofocus_points', 'color', 'preset_modes'], 'CAMERA_3': []}",C_THANK_YOU,CAMERA_2,NONE,I see thanks for your help,PRESENT_X,CAMERA_2,S_THANK_YOU,CAMERA_2,NONE,thank you very much.,FACE_TO_FACE,NONE,
312,14,NONE,['CAMERA_2'],"{'CAMERA_1': [], 'CAMERA_2': ['camera_type', 'effects', 'weight', 'settings', 'optical_zoom', 'long_exposure', 'autofocus_points', 'color', 'preset_modes'], 'CAMERA_3': []}",C_LEAVES,DOOR,NONE,,FACE_TO_FACE,NONE,S_RETURNS_TO_COUNTER,SERVICE_COUNTER,NONE,,WAITING,NONE,
313,1,NONE,[],"{'CAMERA_1': [], 'CAMERA_2': [], 'CAMERA_3': []}",C_ENTERS,DOOR,NONE,,WAITING,NONE,S_NONE,SERVICE_COUNTER,NONE,,WAITING,NONE,
313,2,NONE,[],"{'CAMERA_1': [], 'CAMERA_2': [], 'CAMERA_3': []}",C_WALKS_TO_CAMERA,CAMERA_2,NONE,,WAITING,NONE,S_GREETS,CAMERA_2,NONE,can I help you?,FACE_TO_FACE,NONE,
313,3,CAMERA_3,['CAMERA_3'],"{'CAMERA_1': [], 'CAMERA_2': [], 'CAMERA_3': []}",C_LOOKING_FOR_A_CAMERA,CAMERA_2,NONE,I just want to take a quick look at your cameras,FACE_TO_FACE,NONE,S_INTRODUCES_CAMERA,CAMERA_3,,Let me show you this. Here we have the Fujifilm PowerShot ELPH S2800.,PRESENT_X,CAMERA_3,39~68
313,4,CAMERA_3,['CAMERA_3'],"{'CAMERA_1': [], 'CAMERA_2': [], 'CAMERA_3': ['resolution']}",C_SILENT_OR_BACKCHANNEL,CAMERA_3,NONE,that's great,PRESENT_X,CAMERA_3,S_INTRODUCES_FEATURE,CAMERA_3,resolution,This one has 23.2 megapixels resolution.,PRESENT_X,CAMERA_3,13~28
313,5,CAMERA_3,['CAMERA_3'],"{'CAMERA_1': [], 'CAMERA_2': [], 'CAMERA_3': ['resolution', 'ISO']}",C_QUESTION_ABOUT_FEATURE,CAMERA_3,ISO,in the iso what is the ISO on this camera,PRESENT_X,CAMERA_3,S_ANSWERS_QUESTION_ABOUT_FEATURE,CAMERA_3,ISO,This one has up to 3200 ISO with little noise.,PRESENT_X,CAMERA_3,13~45
313,6,NONE,['CAMERA_3'],"{'CAMERA_1': [], 'CAMERA_2': [], 'CAMERA_3': ['resolution', 'ISO']}",C_THANK_YOU,CAMERA_3,NONE,thank you for your help,PRESENT_X,CAMERA_3,S_THANK_YOU,CAMERA_3,NONE,thank you very much.,FACE_TO_FACE,NONE,
313,7,NONE,['CAMERA_3'],"{'CAMERA_1': [], 'CAMERA_2': [], 'CAMERA_3': ['resolution', 'ISO']}",C_LEAVES,DOOR,NONE,,FACE_TO_FACE,NONE,S_RETURNS_TO_COUNTER,SERVICE_COUNTER,NONE,,WAITING,NONE,
314,1,NONE,[],"{'CAMERA_1': [], 'CAMERA_2': [], 'CAMERA_3': []}",C_ENTERS,DOOR,NONE,,WAITING,NONE,S_NONE,SERVICE_COUNTER,NONE,,WAITING,NONE,
314,2,NONE,[],"{'CAMERA_1': [], 'CAMERA_2': [], 'CAMERA_3': []}",C_WALKS_TO_CAMERA,CAMERA_3,NONE,,WAITING,NONE,S_NONE,SERVICE_COUNTER,NONE,,WAITING,NONE,
314,3,CAMERA_3,['CAMERA_3'],"{'CAMERA_1': [], 'CAMERA_2': [], 'CAMERA_3': ['color']}",C_QUESTION_ABOUT_FEATURE,CAMERA_3,color,What kind of colors do you have available for this summer,WAITING,NONE,S_ANSWERS_QUESTION_ABOUT_FEATURE,CAMERA_3,color,"This one comes in purple, white, silver, blue, red, or pink.",PRESENT_X,CAMERA_3,18~59
314,4,NONE,['CAMERA_3'],"{'CAMERA_1': [], 'CAMERA_2': [], 'CAMERA_3': ['color']}",C_THANK_YOU,CAMERA_3,NONE,thank you very much I really appreciate your help have a great day,PRESENT_X,CAMERA_3,S_THANK_YOU,CAMERA_3,NONE,thank you very much.,FACE_TO_FACE,NONE,
314,5,NONE,['CAMERA_3'],"{'CAMERA_1': [], 'CAMERA_2': [], 'CAMERA_3': ['color']}",C_LEAVES,DOOR,NONE,,FACE_TO_FACE,NONE,S_RETURNS_TO_COUNTER,SERVICE_COUNTER,NONE,,WAITING,NONE,
315,1,NONE,[],"{'CAMERA_1': [], 'CAMERA_2': [], 'CAMERA_3': []}",C_ENTERS,DOOR,NONE,,WAITING,NONE,S_NONE,SERVICE_COUNTER,NONE,,WAITING,NONE,
315,2,NONE,[],"{'CAMERA_1': [], 'CAMERA_2': [], 'CAMERA_3': []}",C_GREETS,MIDDLE,NONE,Hi can you help me,WAITING,NONE,S_GREETS,MIDDLE,NONE,can I help you?,FACE_TO_FACE,NONE,
315,3,CAMERA_1,['CAMERA_1'],"{'CAMERA_1': [], 'CAMERA_2': [], 'CAMERA_3': []}",C_LOOKING_FOR_A_CAMERA,MIDDLE,NONE,I want to take a look at your cameras,FACE_TO_FACE,NONE,S_INTRODUCES_CAMERA,CAMERA_1,,Let me show you this. Here we have the Sony PowerShot ELPH DMC-ZS3.,PRESENT_X,CAMERA_1,39~66
315,4,CAMERA_1,['CAMERA_1'],"{'CAMERA_1': ['optical_zoom'], 'CAMERA_2': [], 'CAMERA_3': []}",C_QUESTION_ABOUT_FEATURE,CAMERA_1,optical_zoom,I see what about the optical zoom,PRESENT_X,CAMERA_1,S_ANSWERS_QUESTION_ABOUT_FEATURE,CAMERA_1,optical_zoom,This one has 21x optical zoom.,PRESENT_X,CAMERA_1,13~29
315,5,CAMERA_1,['CAMERA_1'],"{'CAMERA_1': ['optical_zoom', 'ISO'], 'CAMERA_2': [], 'CAMERA_3': []}",C_SILENT_OR_BACKCHANNEL,CAMERA_1,NONE,yeah yeah I can to try to look on the outside this is a really good one,PRESENT_X,CAMERA_1,S_INTRODUCES_FEATURE,CAMERA_1,ISO,This one has up to 51200 ISO.,PRESENT_X,CAMERA_1,13~28
315,6,CAMERA_1,['CAMERA_1'],"{'CAMERA_1': ['optical_zoom', 'ISO', 'long_exposure'], 'CAMERA_2': [], 'CAMERA_3': []}",C_SILENT_OR_BACKCHANNEL,CAMERA_1,NONE,this camera looks good how high does the iso go,PRESENT_X,CAMERA_1,S_INTRODUCES_FEATURE,CAMERA_1,long_exposure,This one can take long exposures up to up to 15 seconds with Long Shutter Mode.,PRESENT_X,CAMERA_1,39~78
315,7,NONE,['CAMERA_1'],"{'CAMERA_1': ['optical_zoom', 'ISO', 'long_exposure'], 'CAMERA_2': [], 'CAMERA_3': []}",C_THANK_YOU,CAMERA_1,NONE,okay thanks for help,PRESENT_X,CAMERA_1,S_THANK_YOU,CAMERA_1,NONE,thank you very much.,FACE_TO_FACE,NONE,
315,8,NONE,['CAMERA_1'],"{'CAMERA_1': ['optical_zoom', 'ISO', 'long_exposure'], 'CAMERA_2': [], 'CAMERA_3': []}",C_LEAVES,DOOR,NONE,,FACE_TO_FACE,NONE,S_RETURNS_TO_COUNTER,SERVICE_COUNTER,NONE,,WAITING,NONE,
316,1,NONE,[],"{'CAMERA_1': [], 'CAMERA_2': [], 'CAMERA_3': []}",C_ENTERS,DOOR,NONE,,WAITING,NONE,S_NONE,SERVICE_COUNTER,NONE,,WAITING,NONE,
316,2,NONE,[],"{'CAMERA_1': [], 'CAMERA_2': [], 'CAMERA_3': []}",C_GREETS,MIDDLE,NONE,excuse me,WAITING,NONE,S_GREETS,MIDDLE,NONE,can I help you?,FACE_TO_FACE,NONE,
316,3,CAMERA_3,['CAMERA_3'],"{'CAMERA_1': [], 'CAMERA_2': [], 'CAMERA_3': []}",C_LOOKING_FOR_A_CAMERA,MIDDLE,NONE,I want to take a look at your cameras,FACE_TO_FACE,NONE,S_INTRODUCES_CAMERA,CAMERA_3,,Let me show you this. Here we have the Fujifilm PowerShot ELPH S2800.,PRESENT_X,CAMERA_3,39~68
316,4,CAMERA_3,['CAMERA_3'],"{'CAMERA_1': [], 'CAMERA_2': [], 'CAMERA_3': ['long_exposure']}",C_QUESTION_ABOUT_FEATURE,CAMERA_3,long_exposure,that's good how long can I set the exposure to,PRESENT_X,CAMERA_3,S_ANSWERS_QUESTION_ABOUT_FEATURE,CAMERA_3,long_exposure,This one can take long exposures up to 30 minutes max with bulb mode.,PRESENT_X,CAMERA_3,39~68
316,5,CAMERA_3,['CAMERA_3'],"{'CAMERA_1': [], 'CAMERA_2': [], 'CAMERA_3': ['long_exposure', 'preset_modes']}",C_SILENT_OR_BACKCHANNEL,CAMERA_3,NONE,ok,PRESENT_X,CAMERA_3,S_INTRODUCES_FEATURE,CAMERA_3,preset_modes,This one has various preset modes.,PRESENT_X,CAMERA_3,13~33
316,6,CAMERA_3,['CAMERA_3'],"{'CAMERA_1': [], 'CAMERA_2': [], 'CAMERA_3': ['long_exposure', 'preset_modes', 'ISO']}",C_QUESTION_ABOUT_FEATURE,CAMERA_3,ISO,what is the ISO,PRESENT_X,CAMERA_3,S_ANSWERS_QUESTION_ABOUT_FEATURE,CAMERA_3,ISO,This one has up to 3200 ISO with little noise.,PRESENT_X,CAMERA_3,13~45
316,7,NONE,['CAMERA_3'],"{'CAMERA_1': [], 'CAMERA_2': [], 'CAMERA_3': ['long_exposure', 'preset_modes', 'ISO']}",C_THANK_YOU,CAMERA_3,NONE,I see thanks for your help,PRESENT_X,CAMERA_3,S_THANK_YOU,CAMERA_3,NONE,thank you very much.,FACE_TO_FACE,NONE,
316,8,NONE,['CAMERA_3'],"{'CAMERA_1': [], 'CAMERA_2': [], 'CAMERA_3': ['long_exposure', 'preset_modes', 'ISO']}",C_LEAVES,DOOR,NONE,,FACE_TO_FACE,NONE,S_RETURNS_TO_COUNTER,SERVICE_COUNTER,NONE,,WAITING,NONE,
317,1,NONE,[],"{'CAMERA_1': [], 'CAMERA_2': [], 'CAMERA_3': []}",C_ENTERS,DOOR,NONE,,WAITING,NONE,S_NONE,SERVICE_COUNTER,NONE,,WAITING,NONE,
317,2,NONE,[],"{'CAMERA_1': [], 'CAMERA_2': [], 'CAMERA_3': []}",C_WALKS_TO_CAMERA,CAMERA_3,NONE,,WAITING,NONE,S_NONE,SERVICE_COUNTER,NONE,,WAITING,NONE,
317,3,NONE,[],"{'CAMERA_1': [], 'CAMERA_2': [], 'CAMERA_3': []}",C_EXAMINES_CAMERA,CAMERA_3,NONE,,WAITING,NONE,S_NONE,SERVICE_COUNTER,NONE,,WAITING,NONE,
317,4,NONE,[],"{'CAMERA_1': [], 'CAMERA_2': [], 'CAMERA_3': []}",C_WALKS_TO_CAMERA,CAMERA_1,NONE,,WAITING,NONE,S_GREETS,CAMERA_1,NONE,can I help you?,FACE_TO_FACE,NONE,
317,5,CAMERA_1,['CAMERA_1'],"{'CAMERA_1': [], 'CAMERA_2': [], 'CAMERA_3': []}",C_LOOKING_FOR_A_CAMERA,CAMERA_1,NONE,I'll get off today and I'm just looking around at the moment I'm not really sure what I'm after,FACE_TO_FACE,NONE,S_INTRODUCES_CAMERA,CAMERA_1,,Let me show you this. Here we have the Sony PowerShot ELPH DMC-ZS3.,PRESENT_X,CAMERA_1,39~66
317,6,CAMERA_1,['CAMERA_1'],"{'CAMERA_1': ['weight'], 'CAMERA_2': [], 'CAMERA_3': []}",C_SILENT_OR_BACKCHANNEL,CAMERA_1,NONE,$68 wow that's great,PRESENT_X,CAMERA_1,S_INTRODUCES_FEATURE,CAMERA_1,weight,This one weighs 800 grams.,PRESENT_X,CAMERA_1,16~25
317,7,CAMERA_1,['CAMERA_1'],"{'CAMERA_1': ['weight', 'optical_zoom'], 'CAMERA_2': [], 'CAMERA_3': []}",C_QUESTION_ABOUT_FEATURE,CAMERA_1,optical_zoom,how's the zoom on it,PRESENT_X,CAMERA_1,S_ANSWERS_QUESTION_ABOUT_FEATURE,CAMERA_1,optical_zoom,This one has 21x optical zoom.,PRESENT_X,CAMERA_1,13~29
317,8,NONE,['CAMERA_1'],"{'CAMERA_1': ['weight', 'optical_zoom'], 'CAMERA_2': [], 'CAMERA_3': []}",C_THANK_YOU,CAMERA_1,NONE,okay that's good thank you very much thank you,PRESENT_X,CAMERA_1,S_THANK_YOU,CAMERA_1,NONE,thank you very much.,FACE_TO_FACE,NONE,
317,9,NONE,['CAMERA_1'],"{'CAMERA_1': ['weight', 'optical_zoom'], 'CAMERA_2': [], 'CAMERA_3': []}",C_LEAVES,DOOR,NONE,,FACE_TO_FACE,NONE,S_RETURNS_TO_COUNTER,SERVICE_COUNTER,NONE,,WAITING,NONE,
318,1,NONE,[],"{'CAMERA_1': [], 'CAMERA_2': [], 'CAMERA_3': []}",C_ENTERS,DOOR,NONE,,WAITING,NONE,S_NONE,SERVICE_COUNTER,NONE,,WAITING,NONE,
318,2,NONE,[],"{'CAMERA_1': [], 'CAMERA_2': [], 'CAMERA_3': []}",C_GREETS,MIDDLE,NONE,excuse me,WAITING,NONE,S_GREETS,MIDDLE,NONE,can I help you?,FACE_TO_FACE,NONE,
318,3,CAMERA_2,['CAMERA_2'],"{'CAMERA_1': [], 'CAMERA_2': [], 'CAMERA_3': []}",C_LOOKING_FOR_A_CAMERA,MIDDLE,NONE,I'm really just looking at the moment thanks,FACE_TO_FACE,NONE,S_INTRODUCES_CAMERA,CAMERA_2,,Let me show you this. Here we have the Fujifilm Lumix ILC Camera.,PRESENT_X,CAMERA_2,39~64
318,4,CAMERA_2,['CAMERA_2'],"{'CAMERA_1': [], 'CAMERA_2': ['price'], 'CAMERA_3': []}",C_QUESTION_ABOUT_FEATURE,CAMERA_2,price,and how much does this cost,PRESENT_X,CAMERA_2,S_ANSWERS_QUESTION_ABOUT_FEATURE,CAMERA_2,price,This one costs $768.,PRESENT_X,CAMERA_2,15~19
318,5,CAMERA_2,['CAMERA_2'],"{'CAMERA_1': [], 'CAMERA_2': ['price', 'camera_type'], 'CAMERA_3': []}",C_QUESTION_ABOUT_FEATURE,CAMERA_2,camera_type,is this a DSLR camera,PRESENT_X,CAMERA_2,S_ANSWERS_QUESTION_ABOUT_FEATURE,CAMERA_2,camera_type,This is a digital single lens mirrorless camera.,PRESENT_X,CAMERA_2,10~40
318,6,CAMERA_2,['CAMERA_2'],"{'CAMERA_1': [], 'CAMERA_2': ['price', 'camera_type', 'color'], 'CAMERA_3': []}",C_SILENT_OR_BACKCHANNEL,CAMERA_2,NONE,sounds like a pretty good option,PRESENT_X,CAMERA_2,S_INTRODUCES_FEATURE,CAMERA_2,color,This one comes in white or pink.,PRESENT_X,CAMERA_2,18~31
318,7,CAMERA_3,"['CAMERA_2', 'CAMERA_3']","{'CAMERA_1': [], 'CAMERA_2': ['price', 'camera_type', 'color'], 'CAMERA_3': []}",C_ANYTHING_ELSE_AVAILABLE,CAMERA_2,NONE,ok do you have any other cameras,PRESENT_X,CAMERA_2,S_INTRODUCES_CAMERA,CAMERA_3,,Let me show you this. Here we have the Fujifilm PowerShot ELPH S2800.,PRESENT_X,CAMERA_3,39~68
318,8,CAMERA_3,"['CAMERA_2', 'CAMERA_3']","{'CAMERA_1': [], 'CAMERA_2': ['price', 'camera_type', 'color'], 'CAMERA_3': ['color']}",C_SILENT_OR_BACKCHANNEL,CAMERA_3,NONE,okay I see,PRESENT_X,CAMERA_3,S_INTRODUCES_FEATURE,CAMERA_3,color,"This one comes in purple, white, silver, blue, red, or pink.",PRESENT_X,CAMERA_3,18~59
318,9,CAMERA_3,"['CAMERA_2', 'CAMERA_3']","{'CAMERA_1': [], 'CAMERA_2': ['price', 'camera_type', 'color'], 'CAMERA_3': ['color', 'settings']}",C_SILENT_OR_BACKCHANNEL,CAMERA_3,NONE,ok,PRESENT_X,CAMERA_3,S_INTRODUCES_FEATURE,CAMERA_3,settings,"This one has manual control and various automatic settings (video modeburst shooting, etc.).",PRESENT_X,CAMERA_3,13~91
318,10,NONE,"['CAMERA_2', 'CAMERA_3']","{'CAMERA_1': [], 'CAMERA_2': ['price', 'camera_type', 'color'], 'CAMERA_3': ['color', 'settings']}",C_THANK_YOU,CAMERA_3,NONE,thank you for your help,PRESENT_X,CAMERA_3,S_THANK_YOU,CAMERA_3,NONE,thank you very much.,FACE_TO_FACE,NONE,
318,11,NONE,"['CAMERA_2', 'CAMERA_3']","{'CAMERA_1': [], 'CAMERA_2': ['price', 'camera_type', 'color'], 'CAMERA_3': ['color', 'settings']}",C_LEAVES,DOOR,NONE,,FACE_TO_FACE,NONE,S_RETURNS_TO_COUNTER,SERVICE_COUNTER,NONE,,WAITING,NONE,
319,1,NONE,[],"{'CAMERA_1': [], 'CAMERA_2': [], 'CAMERA_3': []}",C_ENTERS,DOOR,NONE,,WAITING,NONE,S_NONE,SERVICE_COUNTER,NONE,,WAITING,NONE,
319,2,NONE,[],"{'CAMERA_1': [], 'CAMERA_2': [], 'CAMERA_3': []}",C_GREETS,MIDDLE,NONE,excuse me,WAITING,NONE,S_GREETS,MIDDLE,NONE,can I help you?,FACE_TO_FACE,NONE,
319,3,CAMERA_1,['CAMERA_1'],"{'CAMERA_1': [], 'CAMERA_2': [], 'CAMERA_3': []}",C_LOOKING_FOR_A_CAMERA,MIDDLE,NONE,I want to take a look at the cameras here,FACE_TO_FACE,NONE,S_INTRODUCES_CAMERA,CAMERA_1,,Let me show you this. Here we have the Sony PowerShot ELPH DMC-ZS3.,PRESENT_X,CAMERA_1,39~66
319,4,CAMERA_1,['CAMERA_1'],"{'CAMERA_1': ['autofocus_points'], 'CAMERA_2': [], 'CAMERA_3': []}",C_QUESTION_ABOUT_FEATURE,CAMERA_1,autofocus_points,And the auto Focus points how many points does it have,PRESENT_X,CAMERA_1,S_ANSWERS_QUESTION_ABOUT_FEATURE,CAMERA_1,autofocus_points,This one has 135 autofocus points.,PRESENT_X,CAMERA_1,13~33
319,5,CAMERA_1,['CAMERA_1'],"{'CAMERA_1': ['autofocus_points', 'long_exposure'], 'CAMERA_2': [], 'CAMERA_3': []}",C_SILENT_OR_BACKCHANNEL,CAMERA_1,NONE,sounds pretty good,PRESENT_X,CAMERA_1,S_INTRODUCES_FEATURE,CAMERA_1,long_exposure,This one can take long exposures up to up to 15 seconds with Long Shutter Mode.,PRESENT_X,CAMERA_1,39~78
319,6,CAMERA_1,['CAMERA_1'],"{'CAMERA_1': ['autofocus_points', 'long_exposure', 'effects'], 'CAMERA_2': [], 'CAMERA_3': []}",C_QUESTION_ABOUT_FEATURE,CAMERA_1,effects,what about artistic effect or something,PRESENT_X,CAMERA_1,S_ANSWERS_QUESTION_ABOUT_FEATURE,CAMERA_1,effects,"This one has 24 glamor retouch effects (miniature, retro, toy camera, etc.).",PRESENT_X,CAMERA_1,13~75
319,7,CAMERA_3,"['CAMERA_1', 'CAMERA_3']","{'CAMERA_1': ['autofocus_points', 'long_exposure', 'effects'], 'CAMERA_2': [], 'CAMERA_3': []}",C_ANYTHING_ELSE_AVAILABLE,CAMERA_1,NONE,ok do you have any other cameras,PRESENT_X,CAMERA_1,S_INTRODUCES_CAMERA,CAMERA_3,,Let me show you this. Here we have the Fujifilm PowerShot ELPH S2800.,PRESENT_X,CAMERA_3,39~68
319,8,CAMERA_3,"['CAMERA_1', 'CAMERA_3']","{'CAMERA_1': ['autofocus_points', 'long_exposure', 'effects'], 'CAMERA_2': [], 'CAMERA_3': ['color']}",C_SILENT_OR_BACKCHANNEL,CAMERA_3,NONE,ok,PRESENT_X,CAMERA_3,S_INTRODUCES_FEATURE,CAMERA_3,color,"This one comes in purple, white, silver, blue, red, or pink.",PRESENT_X,CAMERA_3,18~59
319,9,CAMERA_3,"['CAMERA_1', 'CAMERA_3']","{'CAMERA_1': ['autofocus_points', 'long_exposure', 'effects'], 'CAMERA_2': [], 'CAMERA_3': ['color', 'effects']}",C_SILENT_OR_BACKCHANNEL,CAMERA_3,NONE,IC,PRESENT_X,CAMERA_3,S_INTRODUCES_FEATURE,CAMERA_3,effects,"This one has 21 photo effects (small face, retro, big eyes, etc.).",PRESENT_X,CAMERA_3,13~65
319,10,CAMERA_3,"['CAMERA_1', 'CAMERA_3']","{'CAMERA_1': ['autofocus_points', 'long_exposure', 'effects'], 'CAMERA_2': [], 'CAMERA_3': ['color', 'effects', 'ISO']}",C_QUESTION_ABOUT_FEATURE,CAMERA_3,ISO,how high is the ISO,PRESENT_X,CAMERA_3,S_ANSWERS_QUESTION_ABOUT_FEATURE,CAMERA_3,ISO,This one has up to 3200 ISO with little noise.,PRESENT_X,CAMERA_3,13~45
319,11,CAMERA_3,"['CAMERA_1', 'CAMERA_3']","{'CAMERA_1': ['autofocus_points', 'long_exposure', 'effects'], 'CAMERA_2': [], 'CAMERA_3': ['color', 'effects', 'ISO', 'preset_modes']}",C_QUESTION_ABOUT_FEATURE,CAMERA_3,preset_modes,is the other one with menu settings is that lighter or heavier than its camera,PRESENT_X,CAMERA_3,S_ANSWERS_QUESTION_ABOUT_FEATURE,CAMERA_3,preset_modes,This one has various preset modes.,PRESENT_X,CAMERA_3,13~33
319,12,CAMERA_3,"['CAMERA_1', 'CAMERA_3']","{'CAMERA_1': ['autofocus_points', 'long_exposure', 'effects'], 'CAMERA_2': [], 'CAMERA_3': ['color', 'effects', 'ISO', 'preset_modes', 'sensor_size']}",C_SILENT_OR_BACKCHANNEL,CAMERA_3,NONE,yeah pretty good pocket size,PRESENT_X,CAMERA_3,S_INTRODUCES_FEATURE,CAMERA_3,sensor_size,This one has a full frame.,PRESENT_X,CAMERA_3,15~25
319,13,CAMERA_3,"['CAMERA_1', 'CAMERA_3']","{'CAMERA_1': ['autofocus_points', 'long_exposure', 'effects'], 'CAMERA_2': [], 'CAMERA_3': ['color', 'effects', 'ISO', 'preset_modes', 'sensor_size', 'long_exposure']}",C_SILENT_OR_BACKCHANNEL,CAMERA_3,NONE,oh wow its looks nice,PRESENT_X,CAMERA_3,S_INTRODUCES_FEATURE,CAMERA_3,long_exposure,This one can take long exposures up to 30 minutes max with bulb mode.,PRESENT_X,CAMERA_3,39~68
319,14,CAMERA_3,"['CAMERA_1', 'CAMERA_3']","{'CAMERA_1': ['autofocus_points', 'long_exposure', 'effects'], 'CAMERA_2': [], 'CAMERA_3': ['color', 'effects', 'ISO', 'preset_modes', 'sensor_size', 'long_exposure', 'price']}",C_SILENT_OR_BACKCHANNEL,CAMERA_3,NONE,ok,PRESENT_X,CAMERA_3,S_INTRODUCES_FEATURE,CAMERA_3,price,This one costs $518.,PRESENT_X,CAMERA_3,15~19
319,15,NONE,"['CAMERA_1', 'CAMERA_3']","{'CAMERA_1': ['autofocus_points', 'long_exposure', 'effects'], 'CAMERA_2': [], 'CAMERA_3': ['color', 'effects', 'ISO', 'preset_modes', 'sensor_size', 'long_exposure', 'price']}",C_THANK_YOU,CAMERA_3,NONE,ok thanks,PRESENT_X,CAMERA_3,S_THANK_YOU,CAMERA_3,NONE,thank you very much.,FACE_TO_FACE,NONE,
319,16,NONE,"['CAMERA_1', 'CAMERA_3']","{'CAMERA_1': ['autofocus_points', 'long_exposure', 'effects'], 'CAMERA_2': [], 'CAMERA_3': ['color', 'effects', 'ISO', 'preset_modes', 'sensor_size', 'long_exposure', 'price']}",C_LEAVES,DOOR,NONE,,FACE_TO_FACE,NONE,S_RETURNS_TO_COUNTER,SERVICE_COUNTER,NONE,,WAITING,NONE,
320,1,NONE,[],"{'CAMERA_1': [], 'CAMERA_2': [], 'CAMERA_3': []}",C_ENTERS,DOOR,NONE,,WAITING,NONE,S_NONE,SERVICE_COUNTER,NONE,,WAITING,NONE,
320,2,NONE,[],"{'CAMERA_1': [], 'CAMERA_2': [], 'CAMERA_3': []}",C_GREETS,MIDDLE,NONE,excuse me,WAITING,NONE,S_GREETS,MIDDLE,NONE,can I help you?,FACE_TO_FACE,NONE,
320,3,CAMERA_3,['CAMERA_3'],"{'CAMERA_1': [], 'CAMERA_2': [], 'CAMERA_3': []}",C_LOOKING_FOR_A_CAMERA,MIDDLE,NONE,I'm looking to buy a new camera,FACE_TO_FACE,NONE,S_INTRODUCES_CAMERA,CAMERA_3,,Let me show you this. Here we have the Fujifilm PowerShot ELPH S2800.,PRESENT_X,CAMERA_3,39~68
320,4,CAMERA_3,['CAMERA_3'],"{'CAMERA_1': [], 'CAMERA_2': [], 'CAMERA_3': ['ISO']}",C_SILENT_OR_BACKCHANNEL,CAMERA_3,NONE,ok,PRESENT_X,CAMERA_3,S_INTRODUCES_FEATURE,CAMERA_3,ISO,This one has up to 3200 ISO with little noise.,PRESENT_X,CAMERA_3,13~45
320,5,CAMERA_3,['CAMERA_3'],"{'CAMERA_1': [], 'CAMERA_2': [], 'CAMERA_3': ['ISO', 'optical_zoom']}",C_QUESTION_ABOUT_FEATURE,CAMERA_3,optical_zoom,okay so it's not the same kind of zoom,PRESENT_X,CAMERA_3,S_NOT_SURE,CAMERA_3,,I'm not really sure about that.,PRESENT_X,CAMERA_3,
320,6,CAMERA_3,['CAMERA_3'],"{'CAMERA_1': [], 'CAMERA_2': [], 'CAMERA_3': ['ISO', 'optical_zoom', 'preset_modes']}",C_SILENT_OR_BACKCHANNEL,CAMERA_3,NONE,okay,PRESENT_X,CAMERA_3,S_INTRODUCES_FEATURE,CAMERA_3,preset_modes,This one has various preset modes.,PRESENT_X,CAMERA_3,13~33
320,7,CAMERA_3,['CAMERA_3'],"{'CAMERA_1': [], 'CAMERA_2': [], 'CAMERA_3': ['ISO', 'optical_zoom', 'preset_modes', 'effects']}",C_QUESTION_ABOUT_FEATURE,CAMERA_3,effects,okay that's a record and how many of those effects does it have,PRESENT_X,CAMERA_3,S_ANSWERS_QUESTION_ABOUT_FEATURE,CAMERA_3,effects,"This one has 21 photo effects (small face, retro, big eyes, etc.).",PRESENT_X,CAMERA_3,13~65
320,8,CAMERA_3,['CAMERA_3'],"{'CAMERA_1': [], 'CAMERA_2': [], 'CAMERA_3': ['ISO', 'optical_zoom', 'preset_modes', 'effects', 'autofocus_points']}",C_QUESTION_ABOUT_FEATURE,CAMERA_3,autofocus_points,how many auto focus points does this have,PRESENT_X,CAMERA_3,S_ANSWERS_QUESTION_ABOUT_FEATURE,CAMERA_3,autofocus_points,This one has 214 autofocus points.,PRESENT_X,CAMERA_3,13~33
320,9,CAMERA_3,['CAMERA_3'],"{'CAMERA_1': [], 'CAMERA_2': [], 'CAMERA_3': ['ISO', 'optical_zoom', 'preset_modes', 'effects', 'autofocus_points', 'weight']}",C_SILENT_OR_BACKCHANNEL,CAMERA_3,NONE,I see,PRESENT_X,CAMERA_3,S_INTRODUCES_FEATURE,CAMERA_3,weight,This one weighs 820 grams.,PRESENT_X,CAMERA_3,16~25
320,10,CAMERA_3,['CAMERA_3'],"{'CAMERA_1': [], 'CAMERA_2': [], 'CAMERA_3': ['ISO', 'optical_zoom', 'preset_modes', 'effects', 'autofocus_points', 'weight', 'price']}",C_QUESTION_ABOUT_FEATURE,CAMERA_3,price,do you have it in a different color,PRESENT_X,CAMERA_3,S_ANSWERS_QUESTION_ABOUT_FEATURE,CAMERA_3,price,This one costs $518.,PRESENT_X,CAMERA_3,15~19
320,11,CAMERA_3,['CAMERA_3'],"{'CAMERA_1': [], 'CAMERA_2': [], 'CAMERA_3': ['ISO', 'optical_zoom', 'preset_modes', 'effects', 'autofocus_points', 'weight', 'price', 'long_exposure']}",C_SILENT_OR_BACKCHANNEL,CAMERA_3,NONE,okay I see,PRESENT_X,CAMERA_3,S_INTRODUCES_FEATURE,CAMERA_3,long_exposure,This one can take long exposures up to 30 minutes max with bulb mode.,PRESENT_X,CAMERA_3,39~68
320,12,CAMERA_3,['CAMERA_3'],"{'CAMERA_1': [], 'CAMERA_2': [], 'CAMERA_3': ['ISO', 'optical_zoom', 'preset_modes', 'effects', 'autofocus_points', 'weight', 'price', 'long_exposure', 'color']}",C_SILENT_OR_BACKCHANNEL,CAMERA_3,NONE,sounds great,PRESENT_X,CAMERA_3,S_INTRODUCES_FEATURE,CAMERA_3,color,"This one comes in purple, white, silver, blue, red, or pink.",PRESENT_X,CAMERA_3,18~59
320,13,CAMERA_3,['CAMERA_3'],"{'CAMERA_1': [], 'CAMERA_2': [], 'CAMERA_3': ['ISO', 'optical_zoom', 'preset_modes', 'effects', 'autofocus_points', 'weight', 'price', 'long_exposure', 'color', 'camera_type']}",C_SILENT_OR_BACKCHANNEL,CAMERA_3,NONE,Isis sounds like a really nice cameras have,PRESENT_X,CAMERA_3,S_INTRODUCES_FEATURE,CAMERA_3,camera_type,This is a point and shoot camera.,PRESENT_X,CAMERA_3,10~25
320,14,CAMERA_3,['CAMERA_3'],"{'CAMERA_1': [], 'CAMERA_2': [], 'CAMERA_3': ['ISO', 'optical_zoom', 'preset_modes', 'effects', 'autofocus_points', 'weight', 'price', 'long_exposure', 'color', 'camera_type', 'sensor_size']}",C_SILENT_OR_BACKCHANNEL,CAMERA_3,NONE,wow that's pretty advanced technology what about the price,PRESENT_X,CAMERA_3,S_INTRODUCES_FEATURE,CAMERA_3,sensor_size,This one has a full frame.,PRESENT_X,CAMERA_3,15~25
320,15,CAMERA_3,['CAMERA_3'],"{'CAMERA_1': [], 'CAMERA_2': [], 'CAMERA_3': ['ISO', 'optical_zoom', 'preset_modes', 'effects', 'autofocus_points', 'weight', 'price', 'long_exposure', 'color', 'camera_type', 'sensor_size', 'resolution']}",C_QUESTION_ABOUT_FEATURE,CAMERA_3,resolution,I said he's got the glamour of a touch affect what what does that mean,PRESENT_X,CAMERA_3,S_ANSWERS_QUESTION_ABOUT_FEATURE,CAMERA_3,resolution,This one has 23.2 megapixels resolution.,PRESENT_X,CAMERA_3,13~28
320,16,CAMERA_3,['CAMERA_3'],"{'CAMERA_1': [], 'CAMERA_2': [], 'CAMERA_3': ['ISO', 'optical_zoom', 'preset_modes', 'effects', 'autofocus_points', 'weight', 'price', 'long_exposure', 'color', 'camera_type', 'sensor_size', 'resolution', 'settings']}",C_QUESTION_ABOUT_FEATURE,CAMERA_3,settings,what would I use the manual settings for,PRESENT_X,CAMERA_3,S_ANSWERS_QUESTION_ABOUT_FEATURE,CAMERA_3,settings,"This one has manual control and various automatic settings (video modeburst shooting, etc.).",PRESENT_X,CAMERA_3,13~91
320,17,CAMERA_3,['CAMERA_3'],"{'CAMERA_1': [], 'CAMERA_2': [], 'CAMERA_3': ['ISO', 'optical_zoom', 'preset_modes', 'effects', 'autofocus_points', 'weight', 'price', 'long_exposure', 'color', 'camera_type', 'sensor_size', 'resolution', 'settings', 'camera_type']}",C_SILENT_OR_BACKCHANNEL,CAMERA_3,NONE,IC,PRESENT_X,CAMERA_3,S_INTRODUCES_FEATURE,CAMERA_3,camera_type,This is a point and shoot camera.,PRESENT_X,CAMERA_3,10~25
320,18,CAMERA_1,"['CAMERA_3', 'CAMERA_1']","{'CAMERA_1': [], 'CAMERA_2': [], 'CAMERA_3': ['ISO', 'optical_zoom', 'preset_modes', 'effects', 'autofocus_points', 'weight', 'price', 'long_exposure', 'color', 'camera_type', 'sensor_size', 'resolution', 'settings', 'camera_type']}",C_ANYTHING_ELSE_AVAILABLE,CAMERA_3,NONE,do you have any other cameras that are in this kind,PRESENT_X,CAMERA_3,S_INTRODUCES_CAMERA,CAMERA_1,,Let me show you this. Here we have the Sony PowerShot ELPH DMC-ZS3.,PRESENT_X,CAMERA_1,39~66
320,19,CAMERA_1,"['CAMERA_3', 'CAMERA_1']","{'CAMERA_1': ['price'], 'CAMERA_2': [], 'CAMERA_3': ['ISO', 'optical_zoom', 'preset_modes', 'effects', 'autofocus_points', 'weight', 'price', 'long_exposure', 'color', 'camera_type', 'sensor_size', 'resolution', 'settings', 'camera_type']}",C_QUESTION_ABOUT_FEATURE,CAMERA_1,price,you have any how much is this camera,PRESENT_X,CAMERA_1,S_ANSWERS_QUESTION_ABOUT_FEATURE,CAMERA_1,price,This one costs $450.,PRESENT_X,CAMERA_1,15~19
320,20,CAMERA_1,"['CAMERA_3', 'CAMERA_1']","{'CAMERA_1': ['price', 'preset_modes'], 'CAMERA_2': [], 'CAMERA_3': ['ISO', 'optical_zoom', 'preset_modes', 'effects', 'autofocus_points', 'weight', 'price', 'long_exposure', 'color', 'camera_type', 'sensor_size', 'resolution', 'settings', 'camera_type']}",C_QUESTION_ABOUT_FEATURE,CAMERA_1,preset_modes,does this camera also have bulb mode,PRESENT_X,CAMERA_1,S_NOT_SURE,CAMERA_1,,I'm not really sure about that.,PRESENT_X,CAMERA_1,
320,21,CAMERA_2,"['CAMERA_3', 'CAMERA_1', 'CAMERA_2']","{'CAMERA_1': ['price', 'preset_modes'], 'CAMERA_2': [], 'CAMERA_3': ['ISO', 'optical_zoom', 'preset_modes', 'effects', 'autofocus_points', 'weight', 'price', 'long_exposure', 'color', 'camera_type', 'sensor_size', 'resolution', 'settings', 'camera_type']}",C_ANYTHING_ELSE_AVAILABLE,CAMERA_1,NONE,do you have any other cameras that are in this kind,PRESENT_X,CAMERA_1,S_INTRODUCES_CAMERA,CAMERA_2,,Let me show you this. Here we have the Fujifilm Lumix ILC Camera.,PRESENT_X,CAMERA_2,39~64
320,22,CAMERA_2,"['CAMERA_3', 'CAMERA_1', 'CAMERA_2']","{'CAMERA_1': ['price', 'preset_modes'], 'CAMERA_2': ['price'], 'CAMERA_3': ['ISO', 'optical_zoom', 'preset_modes', 'effects', 'autofocus_points', 'weight', 'price', 'long_exposure', 'color', 'camera_type', 'sensor_size', 'resolution', 'settings', 'camera_type']}",C_QUESTION_ABOUT_FEATURE,CAMERA_2,price,how much does this cost,PRESENT_X,CAMERA_2,S_ANSWERS_QUESTION_ABOUT_FEATURE,CAMERA_2,price,This one costs $768.,PRESENT_X,CAMERA_2,15~19
320,23,CAMERA_2,"['CAMERA_3', 'CAMERA_1', 'CAMERA_2']","{'CAMERA_1': ['price', 'preset_modes'], 'CAMERA_2': ['price', 'resolution'], 'CAMERA_3': ['ISO', 'optical_zoom', 'preset_modes', 'effects', 'autofocus_points', 'weight', 'price', 'long_exposure', 'color', 'camera_type', 'sensor_size', 'resolution', 'settings', 'camera_type']}",C_SILENT_OR_BACKCHANNEL,CAMERA_2,NONE,okay,PRESENT_X,CAMERA_2,S_INTRODUCES_FEATURE,CAMERA_2,resolution,This one has 23.8 megapixels resolution.,PRESENT_X,CAMERA_2,13~28
320,24,CAMERA_2,"['CAMERA_3', 'CAMERA_1', 'CAMERA_2']","{'CAMERA_1': ['price', 'preset_modes'], 'CAMERA_2': ['price', 'resolution', 'settings'], 'CAMERA_3': ['ISO', 'optical_zoom', 'preset_modes', 'effects', 'autofocus_points', 'weight', 'price', 'long_exposure', 'color', 'camera_type', 'sensor_size', 'resolution', 'settings', 'camera_type']}",C_SILENT_OR_BACKCHANNEL,CAMERA_2,NONE,okay I say it,PRESENT_X,CAMERA_2,S_INTRODUCES_FEATURE,CAMERA_2,settings,"This one has manual control and various automatic settings (video modeburst shooting, etc.).",PRESENT_X,CAMERA_2,13~91
320,25,CAMERA_2,"['CAMERA_3', 'CAMERA_1', 'CAMERA_2']","{'CAMERA_1': ['price', 'preset_modes'], 'CAMERA_2': ['price', 'resolution', 'settings', 'weight'], 'CAMERA_3': ['ISO', 'optical_zoom', 'preset_modes', 'effects', 'autofocus_points', 'weight', 'price', 'long_exposure', 'color', 'camera_type', 'sensor_size', 'resolution', 'settings', 'camera_type']}",C_SILENT_OR_BACKCHANNEL,CAMERA_2,NONE,ok,PRESENT_X,CAMERA_2,S_INTRODUCES_FEATURE,CAMERA_2,weight,This one weighs 820 grams.,PRESENT_X,CAMERA_2,16~25
320,26,CAMERA_2,"['CAMERA_3', 'CAMERA_1', 'CAMERA_2']","{'CAMERA_1': ['price', 'preset_modes'], 'CAMERA_2': ['price', 'resolution', 'settings', 'weight', 'color'], 'CAMERA_3': ['ISO', 'optical_zoom', 'preset_modes', 'effects', 'autofocus_points', 'weight', 'price', 'long_exposure', 'color', 'camera_type', 'sensor_size', 'resolution', 'settings', 'camera_type']}",C_SILENT_OR_BACKCHANNEL,CAMERA_2,NONE,okay that sounds good,PRESENT_X,CAMERA_2,S_INTRODUCES_FEATURE,CAMERA_2,color,This one comes in white or pink.,PRESENT_X,CAMERA_2,18~31
320,27,CAMERA_2,"['CAMERA_3', 'CAMERA_1', 'CAMERA_2']","{'CAMERA_1': ['price', 'preset_modes'], 'CAMERA_2': ['price', 'resolution', 'settings', 'weight', 'color', 'long_exposure'], 'CAMERA_3': ['ISO', 'optical_zoom', 'preset_modes', 'effects', 'autofocus_points', 'weight', 'price', 'long_exposure', 'color', 'camera_type', 'sensor_size', 'resolution', 'settings', 'camera_type']}",C_QUESTION_ABOUT_FEATURE,CAMERA_2,long_exposure,can it take long exposure shots,PRESENT_X,CAMERA_2,S_ANSWERS_QUESTION_ABOUT_FEATURE,CAMERA_2,long_exposure,This one can take long exposures up to 60 minutes max with bulb mode.,PRESENT_X,CAMERA_2,39~68
320,28,CAMERA_2,"['CAMERA_3', 'CAMERA_1', 'CAMERA_2']","{'CAMERA_1': ['price', 'preset_modes'], 'CAMERA_2': ['price', 'resolution', 'settings', 'weight', 'color', 'long_exposure', 'preset_modes'], 'CAMERA_3': ['ISO', 'optical_zoom', 'preset_modes', 'effects', 'autofocus_points', 'weight', 'price', 'long_exposure', 'color', 'camera_type', 'sensor_size', 'resolution', 'settings', 'camera_type']}",C_QUESTION_ABOUT_FEATURE,CAMERA_2,preset_modes,does this camera support for preset mod,PRESENT_X,CAMERA_2,S_NOT_SURE,CAMERA_2,,I'm not really sure about that.,PRESENT_X,CAMERA_2,
320,29,CAMERA_2,"['CAMERA_3', 'CAMERA_1', 'CAMERA_2']","{'CAMERA_1': ['price', 'preset_modes'], 'CAMERA_2': ['price', 'resolution', 'settings', 'weight', 'color', 'long_exposure', 'preset_modes', 'optical_zoom'], 'CAMERA_3': ['ISO', 'optical_zoom', 'preset_modes', 'effects', 'autofocus_points', 'weight', 'price', 'long_exposure', 'color', 'camera_type', 'sensor_size', 'resolution', 'settings', 'camera_type']}",C_QUESTION_ABOUT_FEATURE,CAMERA_2,optical_zoom,the optical zoom on this camera what is it,PRESENT_X,CAMERA_2,S_ANSWERS_QUESTION_ABOUT_FEATURE,CAMERA_2,optical_zoom,This one has 21x optical zoom.,PRESENT_X,CAMERA_2,13~29
320,30,CAMERA_2,"['CAMERA_3', 'CAMERA_1', 'CAMERA_2']","{'CAMERA_1': ['price', 'preset_modes'], 'CAMERA_2': ['price', 'resolution', 'settings', 'weight', 'color', 'long_exposure', 'preset_modes', 'optical_zoom', 'camera_type'], 'CAMERA_3': ['ISO', 'optical_zoom', 'preset_modes', 'effects', 'autofocus_points', 'weight', 'price', 'long_exposure', 'color', 'camera_type', 'sensor_size', 'resolution', 'settings', 'camera_type']}",C_QUESTION_ABOUT_FEATURE,CAMERA_2,camera_type,what kind of camera is this,PRESENT_X,CAMERA_2,S_ANSWERS_QUESTION_ABOUT_FEATURE,CAMERA_2,camera_type,This is a digital single lens mirrorless camera.,PRESENT_X,CAMERA_2,10~40
320,31,NONE,"['CAMERA_3', 'CAMERA_1', 'CAMERA_2']","{'CAMERA_1': ['price', 'preset_modes'], 'CAMERA_2': ['price', 'resolution', 'settings', 'weight', 'color', 'long_exposure', 'preset_modes', 'optical_zoom', 'camera_type'], 'CAMERA_3': ['ISO', 'optical_zoom', 'preset_modes', 'effects', 'autofocus_points', 'weight', 'price', 'long_exposure', 'color', 'camera_type', 'sensor_size', 'resolution', 'settings', 'camera_type']}",C_THANK_YOU,CAMERA_2,NONE,thank you,PRESENT_X,CAMERA_2,S_THANK_YOU,CAMERA_2,NONE,thank you very much.,FACE_TO_FACE,NONE,
320,32,NONE,"['CAMERA_3', 'CAMERA_1', 'CAMERA_2']","{'CAMERA_1': ['price', 'preset_modes'], 'CAMERA_2': ['price', 'resolution', 'settings', 'weight', 'color', 'long_exposure', 'preset_modes', 'optical_zoom', 'camera_type'], 'CAMERA_3': ['ISO', 'optical_zoom', 'preset_modes', 'effects', 'autofocus_points', 'weight', 'price', 'long_exposure', 'color', 'camera_type', 'sensor_size', 'resolution', 'settings', 'camera_type']}",C_LEAVES,DOOR,NONE,,FACE_TO_FACE,NONE,S_RETURNS_TO_COUNTER,SERVICE_COUNTER,NONE,,WAITING,NONE,
321,1,NONE,[],"{'CAMERA_1': [], 'CAMERA_2': [], 'CAMERA_3': []}",C_ENTERS,DOOR,NONE,,WAITING,NONE,S_NONE,SERVICE_COUNTER,NONE,,WAITING,NONE,
321,2,NONE,[],"{'CAMERA_1': [], 'CAMERA_2': [], 'CAMERA_3': []}",C_WALKS_TO_CAMERA,CAMERA_1,NONE,,WAITING,NONE,S_GREETS,CAMERA_1,NONE,can I help you?,FACE_TO_FACE,NONE,
321,3,CAMERA_3,['CAMERA_3'],"{'CAMERA_1': [], 'CAMERA_2': [], 'CAMERA_3': []}",C_LOOKING_FOR_A_CAMERA,CAMERA_1,NONE,I am looking for a camera that is reasonably priced but it's delicious the same time,FACE_TO_FACE,NONE,S_INTRODUCES_CAMERA,CAMERA_3,,Let me show you this. Here we have the Fujifilm PowerShot ELPH S2800.,PRESENT_X,CAMERA_3,39~68
321,4,CAMERA_3,['CAMERA_3'],"{'CAMERA_1': [], 'CAMERA_2': [], 'CAMERA_3': ['preset_modes']}",C_QUESTION_ABOUT_FEATURE,CAMERA_3,preset_modes,what about the present mode what is that,PRESENT_X,CAMERA_3,S_ANSWERS_QUESTION_ABOUT_FEATURE,CAMERA_3,preset_modes,This one has various preset modes.,PRESENT_X,CAMERA_3,13~33
321,5,CAMERA_3,['CAMERA_3'],"{'CAMERA_1': [], 'CAMERA_2': [], 'CAMERA_3': ['preset_modes', 'resolution']}",C_QUESTION_ABOUT_FEATURE,CAMERA_3,resolution,in how many megapixels is this one,PRESENT_X,CAMERA_3,S_ANSWERS_QUESTION_ABOUT_FEATURE,CAMERA_3,resolution,This one has 23.2 megapixels resolution.,PRESENT_X,CAMERA_3,13~28
321,6,CAMERA_3,['CAMERA_3'],"{'CAMERA_1': [], 'CAMERA_2': [], 'CAMERA_3': ['preset_modes', 'resolution', 'autofocus_points']}",C_QUESTION_ABOUT_FEATURE,CAMERA_3,autofocus_points,what about the other two focus points of this camera,PRESENT_X,CAMERA_3,S_ANSWERS_QUESTION_ABOUT_FEATURE,CAMERA_3,autofocus_points,This one has 214 autofocus points.,PRESENT_X,CAMERA_3,13~33
321,7,CAMERA_3,['CAMERA_3'],"{'CAMERA_1': [], 'CAMERA_2': [], 'CAMERA_3': ['preset_modes', 'resolution', 'autofocus_points', 'weight']}",C_QUESTION_ABOUT_FEATURE,CAMERA_3,weight,and is it heavy,PRESENT_X,CAMERA_3,S_ANSWERS_QUESTION_ABOUT_FEATURE,CAMERA_3,weight,This one weighs 820 grams.,PRESENT_X,CAMERA_3,16~25
321,8,NONE,['CAMERA_3'],"{'CAMERA_1': [], 'CAMERA_2': [], 'CAMERA_3': ['preset_modes', 'resolution', 'autofocus_points', 'weight']}",C_THANK_YOU,CAMERA_3,NONE,thank you for your help,PRESENT_X,CAMERA_3,S_THANK_YOU,CAMERA_3,NONE,thank you very much.,FACE_TO_FACE,NONE,
321,9,NONE,['CAMERA_3'],"{'CAMERA_1': [], 'CAMERA_2': [], 'CAMERA_3': ['preset_modes', 'resolution', 'autofocus_points', 'weight']}",C_LEAVES,DOOR,NONE,,FACE_TO_FACE,NONE,S_RETURNS_TO_COUNTER,SERVICE_COUNTER,NONE,,WAITING,NONE,
322,1,NONE,[],"{'CAMERA_1': [], 'CAMERA_2': [], 'CAMERA_3': []}",C_ENTERS,DOOR,NONE,,WAITING,NONE,S_NONE,SERVICE_COUNTER,NONE,,WAITING,NONE,
322,2,NONE,[],"{'CAMERA_1': [], 'CAMERA_2': [], 'CAMERA_3': []}",C_GREETS,MIDDLE,NONE,excuse me,WAITING,NONE,S_GREETS,MIDDLE,NONE,can I help you?,FACE_TO_FACE,NONE,
322,3,CAMERA_1,['CAMERA_1'],"{'CAMERA_1': [], 'CAMERA_2': [], 'CAMERA_3': []}",C_LOOKING_FOR_A_CAMERA,MIDDLE,NONE,I'm looking for a new camera,FACE_TO_FACE,NONE,S_INTRODUCES_CAMERA,CAMERA_1,,Let me show you this. Here we have the Sony PowerShot ELPH DMC-ZS3.,PRESENT_X,CAMERA_1,39~66
322,4,CAMERA_1,['CAMERA_1'],"{'CAMERA_1': ['sensor_size'], 'CAMERA_2': [], 'CAMERA_3': []}",C_SILENT_OR_BACKCHANNEL,CAMERA_1,NONE,good,PRESENT_X,CAMERA_1,S_INTRODUCES_FEATURE,CAMERA_1,sensor_size,This one has a 1/2.3 inch CMOS sensor.,PRESENT_X,CAMERA_1,15~37
322,5,CAMERA_1,['CAMERA_1'],"{'CAMERA_1': ['sensor_size', 'autofocus_points'], 'CAMERA_2': [], 'CAMERA_3': []}",C_QUESTION_ABOUT_FEATURE,CAMERA_1,autofocus_points,what is the auto focus points for this camera,PRESENT_X,CAMERA_1,S_ANSWERS_QUESTION_ABOUT_FEATURE,CAMERA_1,autofocus_points,This one has 135 autofocus points.,PRESENT_X,CAMERA_1,13~33
322,6,CAMERA_1,['CAMERA_1'],"{'CAMERA_1': ['sensor_size', 'autofocus_points', 'camera_type'], 'CAMERA_2': [], 'CAMERA_3': []}",C_QUESTION_ABOUT_FEATURE,CAMERA_1,camera_type,is this a point and shoot camera,PRESENT_X,CAMERA_1,S_ANSWERS_QUESTION_ABOUT_FEATURE,CAMERA_1,camera_type,This is a DSLR camera.,PRESENT_X,CAMERA_1,10~14
322,7,CAMERA_1,['CAMERA_1'],"{'CAMERA_1': ['sensor_size', 'autofocus_points', 'camera_type', 'settings'], 'CAMERA_2': [], 'CAMERA_3': []}",C_QUESTION_ABOUT_FEATURE,CAMERA_1,settings,is it full manual,PRESENT_X,CAMERA_1,S_ANSWERS_QUESTION_ABOUT_FEATURE,CAMERA_1,settings,This one has limited manual settings.,PRESENT_X,CAMERA_1,13~36
322,8,CAMERA_1,['CAMERA_1'],"{'CAMERA_1': ['sensor_size', 'autofocus_points', 'camera_type', 'settings', 'long_exposure'], 'CAMERA_2': [], 'CAMERA_3': []}",C_QUESTION_ABOUT_FEATURE,CAMERA_1,long_exposure,and how long is this exposure,PRESENT_X,CAMERA_1,S_ANSWERS_QUESTION_ABOUT_FEATURE,CAMERA_1,long_exposure,This one can take long exposures up to up to 15 seconds with Long Shutter Mode.,PRESENT_X,CAMERA_1,39~78
322,9,CAMERA_1,['CAMERA_1'],"{'CAMERA_1': ['sensor_size', 'autofocus_points', 'camera_type', 'settings', 'long_exposure', 'price'], 'CAMERA_2': [], 'CAMERA_3': []}",C_SILENT_OR_BACKCHANNEL,CAMERA_1,NONE,oh wow this is awesome all God,PRESENT_X,CAMERA_1,S_INTRODUCES_FEATURE,CAMERA_1,price,This one costs $450.,PRESENT_X,CAMERA_1,15~19
322,10,CAMERA_2,"['CAMERA_1', 'CAMERA_2']","{'CAMERA_1': ['sensor_size', 'autofocus_points', 'camera_type', 'settings', 'long_exposure', 'price'], 'CAMERA_2': [], 'CAMERA_3': []}",C_ANYTHING_ELSE_AVAILABLE,CAMERA_1,NONE,ok do you have any other cameras,PRESENT_X,CAMERA_1,S_INTRODUCES_CAMERA,CAMERA_2,,Let me show you this. Here we have the Fujifilm Lumix ILC Camera.,PRESENT_X,CAMERA_2,39~64
322,11,CAMERA_2,"['CAMERA_1', 'CAMERA_2']","{'CAMERA_1': ['sensor_size', 'autofocus_points', 'camera_type', 'settings', 'long_exposure', 'price'], 'CAMERA_2': ['ISO'], 'CAMERA_3': []}",C_QUESTION_ABOUT_FEATURE,CAMERA_2,ISO,okay And they ISO,PRESENT_X,CAMERA_2,S_NOT_SURE,CAMERA_2,,I'm not really sure about that.,PRESENT_X,CAMERA_2,
322,12,CAMERA_3,"['CAMERA_1', 'CAMERA_2', 'CAMERA_3']","{'CAMERA_1': ['sensor_size', 'autofocus_points', 'camera_type', 'settings', 'long_exposure', 'price'], 'CAMERA_2': ['ISO'], 'CAMERA_3': []}",C_ANYTHING_ELSE_AVAILABLE,CAMERA_2,NONE,do you have any other cameras that are in this kind,PRESENT_X,CAMERA_2,S_INTRODUCES_CAMERA,CAMERA_3,,Let me show you this. Here we have the Fujifilm PowerShot ELPH S2800.,PRESENT_X,CAMERA_3,39~68
322,13,CAMERA_3,"['CAMERA_1', 'CAMERA_2', 'CAMERA_3']","{'CAMERA_1': ['sensor_size', 'autofocus_points', 'camera_type', 'settings', 'long_exposure', 'price'], 'CAMERA_2': ['ISO'], 'CAMERA_3': ['autofocus_points']}",C_QUESTION_ABOUT_FEATURE,CAMERA_3,autofocus_points,how many autofocus points does it have,PRESENT_X,CAMERA_3,S_ANSWERS_QUESTION_ABOUT_FEATURE,CAMERA_3,autofocus_points,This one has 214 autofocus points.,PRESENT_X,CAMERA_3,13~33
322,14,CAMERA_3,"['CAMERA_1', 'CAMERA_2', 'CAMERA_3']","{'CAMERA_1': ['sensor_size', 'autofocus_points', 'camera_type', 'settings', 'long_exposure', 'price'], 'CAMERA_2': ['ISO'], 'CAMERA_3': ['autofocus_points', 'price']}",C_QUESTION_ABOUT_FEATURE,CAMERA_3,price,always seem what's the price of this camera and what's the wait,PRESENT_X,CAMERA_3,S_ANSWERS_QUESTION_ABOUT_FEATURE,CAMERA_3,price,This one costs $518.,PRESENT_X,CAMERA_3,15~19
322,15,CAMERA_3,"['CAMERA_1', 'CAMERA_2', 'CAMERA_3']","{'CAMERA_1': ['sensor_size', 'autofocus_points', 'camera_type', 'settings', 'long_exposure', 'price'], 'CAMERA_2': ['ISO'], 'CAMERA_3': ['autofocus_points', 'price', 'weight']}",C_QUESTION_ABOUT_FEATURE,CAMERA_3,weight,okay I see and how much does it weigh,PRESENT_X,CAMERA_3,S_ANSWERS_QUESTION_ABOUT_FEATURE,CAMERA_3,weight,This one weighs 820 grams.,PRESENT_X,CAMERA_3,16~25
322,16,CAMERA_3,"['CAMERA_1', 'CAMERA_2', 'CAMERA_3']","{'CAMERA_1': ['sensor_size', 'autofocus_points', 'camera_type', 'settings', 'long_exposure', 'price'], 'CAMERA_2': ['ISO'], 'CAMERA_3': ['autofocus_points', 'price', 'weight', 'sensor_size']}",C_QUESTION_ABOUT_FEATURE,CAMERA_3,sensor_size,what is the sensor size,PRESENT_X,CAMERA_3,S_ANSWERS_QUESTION_ABOUT_FEATURE,CAMERA_3,sensor_size,This one has a full frame.,PRESENT_X,CAMERA_3,15~25
322,17,NONE,"['CAMERA_1', 'CAMERA_2', 'CAMERA_3']","{'CAMERA_1': ['sensor_size', 'autofocus_points', 'camera_type', 'settings', 'long_exposure', 'price'], 'CAMERA_2': ['ISO'], 'CAMERA_3': ['autofocus_points', 'price', 'weight', 'sensor_size']}",C_THANK_YOU,CAMERA_3,NONE,very much for a system thank you bro,PRESENT_X,CAMERA_3,S_THANK_YOU,CAMERA_3,NONE,thank you very much.,FACE_TO_FACE,NONE,
322,18,NONE,"['CAMERA_1', 'CAMERA_2', 'CAMERA_3']","{'CAMERA_1': ['sensor_size', 'autofocus_points', 'camera_type', 'settings', 'long_exposure', 'price'], 'CAMERA_2': ['ISO'], 'CAMERA_3': ['autofocus_points', 'price', 'weight', 'sensor_size']}",C_LEAVES,DOOR,NONE,,FACE_TO_FACE,NONE,S_RETURNS_TO_COUNTER,SERVICE_COUNTER,NONE,,WAITING,NONE,
323,1,NONE,[],"{'CAMERA_1': [], 'CAMERA_2': [], 'CAMERA_3': []}",C_ENTERS,DOOR,NONE,,WAITING,NONE,S_NONE,SERVICE_COUNTER,NONE,,WAITING,NONE,
323,2,NONE,[],"{'CAMERA_1': [], 'CAMERA_2': [], 'CAMERA_3': []}",C_GREETS,MIDDLE,NONE,I'm sorry I am which mode,WAITING,NONE,S_GREETS,MIDDLE,NONE,can I help you?,FACE_TO_FACE,NONE,
323,3,CAMERA_3,['CAMERA_3'],"{'CAMERA_1': [], 'CAMERA_2': [], 'CAMERA_3': []}",C_LOOKING_FOR_A_CAMERA,MIDDLE,NONE,I'll get off today and I'm just looking around at the moment I'm not really sure what I'm after,FACE_TO_FACE,NONE,S_INTRODUCES_CAMERA,CAMERA_3,,Let me show you this. Here we have the Fujifilm PowerShot ELPH S2800.,PRESENT_X,CAMERA_3,39~68
323,4,CAMERA_3,['CAMERA_3'],"{'CAMERA_1': [], 'CAMERA_2': [], 'CAMERA_3': ['effects']}",C_QUESTION_ABOUT_FEATURE,CAMERA_3,effects,does it have any effect modes,PRESENT_X,CAMERA_3,S_ANSWERS_QUESTION_ABOUT_FEATURE,CAMERA_3,effects,"This one has 21 photo effects (small face, retro, big eyes, etc.).",PRESENT_X,CAMERA_3,13~65
323,5,CAMERA_1,"['CAMERA_3', 'CAMERA_1']","{'CAMERA_1': [], 'CAMERA_2': [], 'CAMERA_3': ['effects']}",C_ANYTHING_ELSE_AVAILABLE,CAMERA_3,NONE,do you have any other cameras with preset mode,PRESENT_X,CAMERA_3,S_INTRODUCES_CAMERA,CAMERA_1,,Let me show you this. Here we have the Sony PowerShot ELPH DMC-ZS3.,PRESENT_X,CAMERA_1,39~66
323,6,CAMERA_1,"['CAMERA_3', 'CAMERA_1']","{'CAMERA_1': ['sensor_size'], 'CAMERA_2': [], 'CAMERA_3': ['effects']}",C_QUESTION_ABOUT_FEATURE,CAMERA_1,sensor_size,what's the sensor size on this phone,PRESENT_X,CAMERA_1,S_ANSWERS_QUESTION_ABOUT_FEATURE,CAMERA_1,sensor_size,This one has a 1/2.3 inch CMOS sensor.,PRESENT_X,CAMERA_1,15~37
323,7,CAMERA_1,"['CAMERA_3', 'CAMERA_1']","{'CAMERA_1': ['sensor_size', 'optical_zoom'], 'CAMERA_2': [], 'CAMERA_3': ['effects']}",C_QUESTION_ABOUT_FEATURE,CAMERA_1,optical_zoom,okay and if I have an optical zoom,PRESENT_X,CAMERA_1,S_ANSWERS_QUESTION_ABOUT_FEATURE,CAMERA_1,optical_zoom,This one has 21x optical zoom.,PRESENT_X,CAMERA_1,13~29
323,8,CAMERA_1,"['CAMERA_3', 'CAMERA_1']","{'CAMERA_1': ['sensor_size', 'optical_zoom', 'camera_type'], 'CAMERA_2': [], 'CAMERA_3': ['effects']}",C_SILENT_OR_BACKCHANNEL,CAMERA_1,NONE,great and finally what is the price,PRESENT_X,CAMERA_1,S_INTRODUCES_FEATURE,CAMERA_1,camera_type,This is a DSLR camera.,PRESENT_X,CAMERA_1,10~14
323,9,CAMERA_1,"['CAMERA_3', 'CAMERA_1']","{'CAMERA_1': ['sensor_size', 'optical_zoom', 'camera_type', 'color'], 'CAMERA_2': [], 'CAMERA_3': ['effects']}",C_QUESTION_ABOUT_FEATURE,CAMERA_1,color,is there any other colors,PRESENT_X,CAMERA_1,S_ANSWERS_QUESTION_ABOUT_FEATURE,CAMERA_1,color,This one comes in blue or black.,PRESENT_X,CAMERA_1,18~31
323,10,CAMERA_1,"['CAMERA_3', 'CAMERA_1']","{'CAMERA_1': ['sensor_size', 'optical_zoom', 'camera_type', 'color', 'resolution'], 'CAMERA_2': [], 'CAMERA_3': ['effects']}",C_SILENT_OR_BACKCHANNEL,CAMERA_1,NONE,interesting,PRESENT_X,CAMERA_1,S_INTRODUCES_FEATURE,CAMERA_1,resolution,This one has 17.8 megapixels resolution.,PRESENT_X,CAMERA_1,13~28
323,11,CAMERA_1,"['CAMERA_3', 'CAMERA_1']","{'CAMERA_1': ['sensor_size', 'optical_zoom', 'camera_type', 'color', 'resolution', 'autofocus_points'], 'CAMERA_2': [], 'CAMERA_3': ['effects']}",C_SILENT_OR_BACKCHANNEL,CAMERA_1,NONE,okay good,PRESENT_X,CAMERA_1,S_INTRODUCES_FEATURE,CAMERA_1,autofocus_points,This one has 135 autofocus points.,PRESENT_X,CAMERA_1,13~33
323,12,NONE,"['CAMERA_3', 'CAMERA_1']","{'CAMERA_1': ['sensor_size', 'optical_zoom', 'camera_type', 'color', 'resolution', 'autofocus_points'], 'CAMERA_2': [], 'CAMERA_3': ['effects']}",C_THANK_YOU,CAMERA_1,NONE,thanks,PRESENT_X,CAMERA_1,S_THANK_YOU,CAMERA_1,NONE,thank you very much.,FACE_TO_FACE,NONE,
323,13,NONE,"['CAMERA_3', 'CAMERA_1']","{'CAMERA_1': ['sensor_size', 'optical_zoom', 'camera_type', 'color', 'resolution', 'autofocus_points'], 'CAMERA_2': [], 'CAMERA_3': ['effects']}",C_LEAVES,DOOR,NONE,,FACE_TO_FACE,NONE,S_RETURNS_TO_COUNTER,SERVICE_COUNTER,NONE,,WAITING,NONE,
324,1,NONE,[],"{'CAMERA_1': [], 'CAMERA_2': [], 'CAMERA_3': []}",C_ENTERS,DOOR,NONE,,WAITING,NONE,S_NONE,SERVICE_COUNTER,NONE,,WAITING,NONE,
324,2,NONE,[],"{'CAMERA_1': [], 'CAMERA_2': [], 'CAMERA_3': []}",C_GREETS,MIDDLE,NONE,excuse me sir can you help me,WAITING,NONE,S_GREETS,MIDDLE,NONE,can I help you?,FACE_TO_FACE,NONE,
324,3,CAMERA_3,['CAMERA_3'],"{'CAMERA_1': [], 'CAMERA_2': [], 'CAMERA_3': []}",C_LOOKING_FOR_A_CAMERA,MIDDLE,NONE,I'm looking for a camera,FACE_TO_FACE,NONE,S_INTRODUCES_CAMERA,CAMERA_3,,Let me show you this. Here we have the Fujifilm PowerShot ELPH S2800.,PRESENT_X,CAMERA_3,39~68
324,4,CAMERA_3,['CAMERA_3'],"{'CAMERA_1': [], 'CAMERA_2': [], 'CAMERA_3': ['weight']}",C_SILENT_OR_BACKCHANNEL,CAMERA_3,NONE,that's great do I have to worry about setting things manually,PRESENT_X,CAMERA_3,S_INTRODUCES_FEATURE,CAMERA_3,weight,This one weighs 820 grams.,PRESENT_X,CAMERA_3,16~25
324,5,CAMERA_3,['CAMERA_3'],"{'CAMERA_1': [], 'CAMERA_2': [], 'CAMERA_3': ['weight', 'autofocus_points']}",C_SILENT_OR_BACKCHANNEL,CAMERA_3,NONE,yes but it didn't take really nice pictures the detail was pretty bad and so was the colors,PRESENT_X,CAMERA_3,S_INTRODUCES_FEATURE,CAMERA_3,autofocus_points,This one has 214 autofocus points.,PRESENT_X,CAMERA_3,13~33
324,6,NONE,['CAMERA_3'],"{'CAMERA_1': [], 'CAMERA_2': [], 'CAMERA_3': ['weight', 'autofocus_points']}",C_THANK_YOU,CAMERA_3,NONE,okay thank you very much,PRESENT_X,CAMERA_3,S_THANK_YOU,CAMERA_3,NONE,thank you very much.,FACE_TO_FACE,NONE,
324,7,NONE,['CAMERA_3'],"{'CAMERA_1': [], 'CAMERA_2': [], 'CAMERA_3': ['weight', 'autofocus_points']}",C_LEAVES,DOOR,NONE,,FACE_TO_FACE,NONE,S_RETURNS_TO_COUNTER,SERVICE_COUNTER,NONE,,WAITING,NONE,
325,1,NONE,[],"{'CAMERA_1': [], 'CAMERA_2': [], 'CAMERA_3': []}",C_ENTERS,DOOR,NONE,,WAITING,NONE,S_NONE,SERVICE_COUNTER,NONE,,WAITING,NONE,
325,2,NONE,[],"{'CAMERA_1': [], 'CAMERA_2': [], 'CAMERA_3': []}",C_WALKS_TO_CAMERA,CAMERA_3,NONE,,WAITING,NONE,S_GREETS,CAMERA_3,NONE,can I help you?,FACE_TO_FACE,NONE,
325,3,CAMERA_3,['CAMERA_3'],"{'CAMERA_1': [], 'CAMERA_2': [], 'CAMERA_3': []}",C_LOOKING_FOR_A_CAMERA,CAMERA_3,NONE,could I have a look at this camera,FACE_TO_FACE,NONE,S_INTRODUCES_CAMERA,CAMERA_3,,Let me show you this. Here we have the Fujifilm PowerShot ELPH S2800.,PRESENT_X,CAMERA_3,39~68
325,4,CAMERA_3,['CAMERA_3'],"{'CAMERA_1': [], 'CAMERA_2': [], 'CAMERA_3': ['resolution']}",C_SILENT_OR_BACKCHANNEL,CAMERA_3,NONE,okay that sounds good too,PRESENT_X,CAMERA_3,S_INTRODUCES_FEATURE,CAMERA_3,resolution,This one has 23.2 megapixels resolution.,PRESENT_X,CAMERA_3,13~28
325,5,CAMERA_3,['CAMERA_3'],"{'CAMERA_1': [], 'CAMERA_2': [], 'CAMERA_3': ['resolution', 'weight']}",C_SILENT_OR_BACKCHANNEL,CAMERA_3,NONE,okay great can I use the thirty-second look into booster at ISO 3200,PRESENT_X,CAMERA_3,S_INTRODUCES_FEATURE,CAMERA_3,weight,This one weighs 820 grams.,PRESENT_X,CAMERA_3,16~25
325,6,CAMERA_3,['CAMERA_3'],"{'CAMERA_1': [], 'CAMERA_2': [], 'CAMERA_3': ['resolution', 'weight', 'price']}",C_SILENT_OR_BACKCHANNEL,CAMERA_3,NONE,ok,PRESENT_X,CAMERA_3,S_INTRODUCES_FEATURE,CAMERA_3,price,This one costs $518.,PRESENT_X,CAMERA_3,15~19
325,7,CAMERA_3,['CAMERA_3'],"{'CAMERA_1': [], 'CAMERA_2': [], 'CAMERA_3': ['resolution', 'weight', 'price', 'sensor_size']}",C_QUESTION_ABOUT_FEATURE,CAMERA_3,sensor_size,what is the sensor size,PRESENT_X,CAMERA_3,S_ANSWERS_QUESTION_ABOUT_FEATURE,CAMERA_3,sensor_size,This one has a full frame.,PRESENT_X,CAMERA_3,15~25
325,8,CAMERA_3,['CAMERA_3'],"{'CAMERA_1': [], 'CAMERA_2': [], 'CAMERA_3': ['resolution', 'weight', 'price', 'sensor_size', 'preset_modes']}",C_QUESTION_ABOUT_FEATURE,CAMERA_3,preset_modes,what does this support for preset mode,PRESENT_X,CAMERA_3,S_ANSWERS_QUESTION_ABOUT_FEATURE,CAMERA_3,preset_modes,This one has various preset modes.,PRESENT_X,CAMERA_3,13~33
325,9,CAMERA_3,['CAMERA_3'],"{'CAMERA_1': [], 'CAMERA_2': [], 'CAMERA_3': ['resolution', 'weight', 'price', 'sensor_size', 'preset_modes', 'effects']}",C_QUESTION_ABOUT_FEATURE,CAMERA_3,effects,$550 that's not too bad for a camera it says here artistic effect mode what is that,PRESENT_X,CAMERA_3,S_ANSWERS_QUESTION_ABOUT_FEATURE,CAMERA_3,effects,"This one has 21 photo effects (small face, retro, big eyes, etc.).",PRESENT_X,CAMERA_3,13~65
325,10,CAMERA_3,['CAMERA_3'],"{'CAMERA_1': [], 'CAMERA_2': [], 'CAMERA_3': ['resolution', 'weight', 'price', 'sensor_size', 'preset_modes', 'effects', 'optical_zoom']}",C_QUESTION_ABOUT_FEATURE,CAMERA_3,optical_zoom,how much does a bowl to zoom,PRESENT_X,CAMERA_3,S_NOT_SURE,CAMERA_3,,I'm not really sure about that.,PRESENT_X,CAMERA_3,
325,11,CAMERA_3,['CAMERA_3'],"{'CAMERA_1': [], 'CAMERA_2': [], 'CAMERA_3': ['resolution', 'weight', 'price', 'sensor_size', 'preset_modes', 'effects', 'optical_zoom', 'settings']}",C_QUESTION_ABOUT_FEATURE,CAMERA_3,settings,is this full manual camera,PRESENT_X,CAMERA_3,S_ANSWERS_QUESTION_ABOUT_FEATURE,CAMERA_3,settings,"This one has manual control and various automatic settings (video modeburst shooting, etc.).",PRESENT_X,CAMERA_3,13~91
325,12,CAMERA_3,['CAMERA_3'],"{'CAMERA_1': [], 'CAMERA_2': [], 'CAMERA_3': ['resolution', 'weight', 'price', 'sensor_size', 'preset_modes', 'effects', 'optical_zoom', 'settings', 'color']}",C_QUESTION_ABOUT_FEATURE,CAMERA_3,color,when did you mention about color at  just one color and I am wondering that,PRESENT_X,CAMERA_3,S_ANSWERS_QUESTION_ABOUT_FEATURE,CAMERA_3,color,"This one comes in purple, white, silver, blue, red, or pink.",PRESENT_X,CAMERA_3,18~59
325,13,NONE,['CAMERA_3'],"{'CAMERA_1': [], 'CAMERA_2': [], 'CAMERA_3': ['resolution', 'weight', 'price', 'sensor_size', 'preset_modes', 'effects', 'optical_zoom', 'settings', 'color']}",C_THANK_YOU,CAMERA_3,NONE,thank you,PRESENT_X,CAMERA_3,S_THANK_YOU,CAMERA_3,NONE,thank you very much.,FACE_TO_FACE,NONE,
325,14,NONE,['CAMERA_3'],"{'CAMERA_1': [], 'CAMERA_2': [], 'CAMERA_3': ['resolution', 'weight', 'price', 'sensor_size', 'preset_modes', 'effects', 'optical_zoom', 'settings', 'color']}",C_LEAVES,DOOR,NONE,,FACE_TO_FACE,NONE,S_RETURNS_TO_COUNTER,SERVICE_COUNTER,NONE,,WAITING,NONE,
326,1,NONE,[],"{'CAMERA_1': [], 'CAMERA_2': [], 'CAMERA_3': []}",C_ENTERS,DOOR,NONE,,WAITING,NONE,S_NONE,SERVICE_COUNTER,NONE,,WAITING,NONE,
326,2,NONE,[],"{'CAMERA_1': [], 'CAMERA_2': [], 'CAMERA_3': []}",C_GREETS,MIDDLE,NONE,excuse me can you help me sir,WAITING,NONE,S_GREETS,MIDDLE,NONE,can I help you?,FACE_TO_FACE,NONE,
326,3,CAMERA_2,['CAMERA_2'],"{'CAMERA_1': [], 'CAMERA_2': [], 'CAMERA_3': []}",C_LOOKING_FOR_A_CAMERA,MIDDLE,NONE,I'll get off today and I'm just looking around at the moment I'm not really sure what I'm after,FACE_TO_FACE,NONE,S_INTRODUCES_CAMERA,CAMERA_2,,Let me show you this. Here we have the Fujifilm Lumix ILC Camera.,PRESENT_X,CAMERA_2,39~64
326,4,CAMERA_2,['CAMERA_2'],"{'CAMERA_1': [], 'CAMERA_2': ['color'], 'CAMERA_3': []}",C_SILENT_OR_BACKCHANNEL,CAMERA_2,NONE,that's the part that sounds good,PRESENT_X,CAMERA_2,S_INTRODUCES_FEATURE,CAMERA_2,color,This one comes in white or pink.,PRESENT_X,CAMERA_2,18~31
326,5,CAMERA_1,"['CAMERA_2', 'CAMERA_1']","{'CAMERA_1': [], 'CAMERA_2': ['color'], 'CAMERA_3': []}",C_ANYTHING_ELSE_AVAILABLE,CAMERA_2,NONE,oh I see that's very interesting do you have any other cameras that you can recommend me,PRESENT_X,CAMERA_2,S_INTRODUCES_CAMERA,CAMERA_1,,Let me show you this. Here we have the Sony PowerShot ELPH DMC-ZS3.,PRESENT_X,CAMERA_1,39~66
326,6,CAMERA_1,"['CAMERA_2', 'CAMERA_1']","{'CAMERA_1': ['sensor_size'], 'CAMERA_2': ['color'], 'CAMERA_3': []}",C_SILENT_OR_BACKCHANNEL,CAMERA_1,NONE,cic,PRESENT_X,CAMERA_1,S_INTRODUCES_FEATURE,CAMERA_1,sensor_size,This one has a 1/2.3 inch CMOS sensor.,PRESENT_X,CAMERA_1,15~37
326,7,CAMERA_1,"['CAMERA_2', 'CAMERA_1']","{'CAMERA_1': ['sensor_size', 'settings'], 'CAMERA_2': ['color'], 'CAMERA_3': []}",C_SILENT_OR_BACKCHANNEL,CAMERA_1,NONE,okay that's not too bad for good camera mean he'll us 5d II,PRESENT_X,CAMERA_1,S_INTRODUCES_FEATURE,CAMERA_1,settings,This one has limited manual settings.,PRESENT_X,CAMERA_1,13~36
326,8,NONE,"['CAMERA_2', 'CAMERA_1']","{'CAMERA_1': ['sensor_size', 'settings'], 'CAMERA_2': ['color'], 'CAMERA_3': []}",C_THANK_YOU,CAMERA_1,NONE,thank you so much,PRESENT_X,CAMERA_1,S_THANK_YOU,CAMERA_1,NONE,thank you very much.,FACE_TO_FACE,NONE,
326,9,NONE,"['CAMERA_2', 'CAMERA_1']","{'CAMERA_1': ['sensor_size', 'settings'], 'CAMERA_2': ['color'], 'CAMERA_3': []}",C_LEAVES,DOOR,NONE,,FACE_TO_FACE,NONE,S_RETURNS_TO_COUNTER,SERVICE_COUNTER,NONE,,WAITING,NONE,
327,1,NONE,[],"{'CAMERA_1': [], 'CAMERA_2': [], 'CAMERA_3': []}",C_ENTERS,DOOR,NONE,,WAITING,NONE,S_NONE,SERVICE_COUNTER,NONE,,WAITING,NONE,
327,2,NONE,[],"{'CAMERA_1': [], 'CAMERA_2': [], 'CAMERA_3': []}",C_WALKS_TO_CAMERA,CAMERA_3,NONE,,WAITING,NONE,S_NONE,SERVICE_COUNTER,NONE,,WAITING,NONE,
327,3,CAMERA_3,['CAMERA_3'],"{'CAMERA_1': [], 'CAMERA_2': [], 'CAMERA_3': ['resolution']}",C_QUESTION_ABOUT_FEATURE,CAMERA_3,resolution,how many megapixels does it have,WAITING,NONE,S_ANSWERS_QUESTION_ABOUT_FEATURE,CAMERA_3,resolution,This one has 23.2 megapixels resolution.,PRESENT_X,CAMERA_3,13~28
327,4,CAMERA_3,['CAMERA_3'],"{'CAMERA_1': [], 'CAMERA_2': [], 'CAMERA_3': ['resolution', 'optical_zoom']}",C_QUESTION_ABOUT_FEATURE,CAMERA_3,optical_zoom,how good is it for the optical zoom ,PRESENT_X,CAMERA_3,S_NOT_SURE,CAMERA_3,,I'm not really sure about that.,PRESENT_X,CAMERA_3,
327,5,CAMERA_3,['CAMERA_3'],"{'CAMERA_1': [], 'CAMERA_2': [], 'CAMERA_3': ['resolution', 'optical_zoom', 'weight']}",C_QUESTION_ABOUT_FEATURE,CAMERA_3,weight,what is the weight of the camera,PRESENT_X,CAMERA_3,S_ANSWERS_QUESTION_ABOUT_FEATURE,CAMERA_3,weight,This one weighs 820 grams.,PRESENT_X,CAMERA_3,16~25
327,6,CAMERA_3,['CAMERA_3'],"{'CAMERA_1': [], 'CAMERA_2': [], 'CAMERA_3': ['resolution', 'optical_zoom', 'weight', 'settings']}",C_SILENT_OR_BACKCHANNEL,CAMERA_3,NONE,how it looks really good,PRESENT_X,CAMERA_3,S_INTRODUCES_FEATURE,CAMERA_3,settings,"This one has manual control and various automatic settings (video modeburst shooting, etc.).",PRESENT_X,CAMERA_3,13~91
327,7,CAMERA_3,['CAMERA_3'],"{'CAMERA_1': [], 'CAMERA_2': [], 'CAMERA_3': ['resolution', 'optical_zoom', 'weight', 'settings', 'autofocus_points']}",C_QUESTION_ABOUT_FEATURE,CAMERA_3,autofocus_points,does it have autofocus points,PRESENT_X,CAMERA_3,S_ANSWERS_QUESTION_ABOUT_FEATURE,CAMERA_3,autofocus_points,This one has 214 autofocus points.,PRESENT_X,CAMERA_3,13~33
327,8,CAMERA_3,['CAMERA_3'],"{'CAMERA_1': [], 'CAMERA_2': [], 'CAMERA_3': ['resolution', 'optical_zoom', 'weight', 'settings', 'autofocus_points', 'color']}",C_QUESTION_ABOUT_FEATURE,CAMERA_3,color,and it comes in different colors,PRESENT_X,CAMERA_3,S_ANSWERS_QUESTION_ABOUT_FEATURE,CAMERA_3,color,"This one comes in purple, white, silver, blue, red, or pink.",PRESENT_X,CAMERA_3,18~59
327,9,CAMERA_3,['CAMERA_3'],"{'CAMERA_1': [], 'CAMERA_2': [], 'CAMERA_3': ['resolution', 'optical_zoom', 'weight', 'settings', 'autofocus_points', 'color', 'preset_modes']}",C_SILENT_OR_BACKCHANNEL,CAMERA_3,NONE,I think this is not too bad,PRESENT_X,CAMERA_3,S_INTRODUCES_FEATURE,CAMERA_3,preset_modes,This one has various preset modes.,PRESENT_X,CAMERA_3,13~33
327,10,CAMERA_3,['CAMERA_3'],"{'CAMERA_1': [], 'CAMERA_2': [], 'CAMERA_3': ['resolution', 'optical_zoom', 'weight', 'settings', 'autofocus_points', 'color', 'preset_modes', 'price']}",C_QUESTION_ABOUT_FEATURE,CAMERA_3,price,wonderful and can you please tell me about the price of this camera,PRESENT_X,CAMERA_3,S_ANSWERS_QUESTION_ABOUT_FEATURE,CAMERA_3,price,This one costs $518.,PRESENT_X,CAMERA_3,15~19
327,11,CAMERA_3,['CAMERA_3'],"{'CAMERA_1': [], 'CAMERA_2': [], 'CAMERA_3': ['resolution', 'optical_zoom', 'weight', 'settings', 'autofocus_points', 'color', 'preset_modes', 'price', 'camera_type']}",C_SILENT_OR_BACKCHANNEL,CAMERA_3,NONE,alright,PRESENT_X,CAMERA_3,S_INTRODUCES_FEATURE,CAMERA_3,camera_type,This is a point and shoot camera.,PRESENT_X,CAMERA_3,10~25
327,12,CAMERA_3,['CAMERA_3'],"{'CAMERA_1': [], 'CAMERA_2': [], 'CAMERA_3': ['resolution', 'optical_zoom', 'weight', 'settings', 'autofocus_points', 'color', 'preset_modes', 'price', 'camera_type', 'sensor_size']}",C_SILENT_OR_BACKCHANNEL,CAMERA_3,NONE,chore,PRESENT_X,CAMERA_3,S_INTRODUCES_FEATURE,CAMERA_3,sensor_size,This one has a full frame.,PRESENT_X,CAMERA_3,15~25
327,13,CAMERA_1,"['CAMERA_3', 'CAMERA_1']","{'CAMERA_1': [], 'CAMERA_2': [], 'CAMERA_3': ['resolution', 'optical_zoom', 'weight', 'settings', 'autofocus_points', 'color', 'preset_modes', 'price', 'camera_type', 'sensor_size']}",C_ANYTHING_ELSE_AVAILABLE,CAMERA_3,NONE,ok do you have any other cameras that can just look at,PRESENT_X,CAMERA_3,S_INTRODUCES_CAMERA,CAMERA_1,,Let me show you this. Here we have the Sony PowerShot ELPH DMC-ZS3.,PRESENT_X,CAMERA_1,39~66
327,14,CAMERA_1,"['CAMERA_3', 'CAMERA_1']","{'CAMERA_1': ['color'], 'CAMERA_2': [], 'CAMERA_3': ['resolution', 'optical_zoom', 'weight', 'settings', 'autofocus_points', 'color', 'preset_modes', 'price', 'camera_type', 'sensor_size']}",C_QUESTION_ABOUT_FEATURE,CAMERA_1,color,what colors does it come in,PRESENT_X,CAMERA_1,S_ANSWERS_QUESTION_ABOUT_FEATURE,CAMERA_1,color,This one comes in blue or black.,PRESENT_X,CAMERA_1,18~31
327,15,CAMERA_1,"['CAMERA_3', 'CAMERA_1']","{'CAMERA_1': ['color', 'optical_zoom'], 'CAMERA_2': [], 'CAMERA_3': ['resolution', 'optical_zoom', 'weight', 'settings', 'autofocus_points', 'color', 'preset_modes', 'price', 'camera_type', 'sensor_size']}",C_QUESTION_ABOUT_FEATURE,CAMERA_1,optical_zoom,okay that's the drawback okay and he comes here with optical zoom,PRESENT_X,CAMERA_1,S_ANSWERS_QUESTION_ABOUT_FEATURE,CAMERA_1,optical_zoom,This one has 21x optical zoom.,PRESENT_X,CAMERA_1,13~29
327,16,CAMERA_1,"['CAMERA_3', 'CAMERA_1']","{'CAMERA_1': ['color', 'optical_zoom', 'resolution'], 'CAMERA_2': [], 'CAMERA_3': ['resolution', 'optical_zoom', 'weight', 'settings', 'autofocus_points', 'color', 'preset_modes', 'price', 'camera_type', 'sensor_size']}",C_SILENT_OR_BACKCHANNEL,CAMERA_1,NONE,Isis sounds like a really nice cameras have,PRESENT_X,CAMERA_1,S_INTRODUCES_FEATURE,CAMERA_1,resolution,This one has 17.8 megapixels resolution.,PRESENT_X,CAMERA_1,13~28
327,17,NONE,"['CAMERA_3', 'CAMERA_1']","{'CAMERA_1': ['color', 'optical_zoom', 'resolution'], 'CAMERA_2': [], 'CAMERA_3': ['resolution', 'optical_zoom', 'weight', 'settings', 'autofocus_points', 'color', 'preset_modes', 'price', 'camera_type', 'sensor_size']}",C_THANK_YOU,CAMERA_1,NONE,oh I see thanks for your help and I'll be in touch,PRESENT_X,CAMERA_1,S_THANK_YOU,CAMERA_1,NONE,thank you very much.,FACE_TO_FACE,NONE,
327,18,NONE,"['CAMERA_3', 'CAMERA_1']","{'CAMERA_1': ['color', 'optical_zoom', 'resolution'], 'CAMERA_2': [], 'CAMERA_3': ['resolution', 'optical_zoom', 'weight', 'settings', 'autofocus_points', 'color', 'preset_modes', 'price', 'camera_type', 'sensor_size']}",C_LEAVES,DOOR,NONE,,FACE_TO_FACE,NONE,S_RETURNS_TO_COUNTER,SERVICE_COUNTER,NONE,,WAITING,NONE,
328,1,NONE,[],"{'CAMERA_1': [], 'CAMERA_2': [], 'CAMERA_3': []}",C_ENTERS,DOOR,NONE,,WAITING,NONE,S_NONE,SERVICE_COUNTER,NONE,,WAITING,NONE,
328,2,NONE,[],"{'CAMERA_1': [], 'CAMERA_2': [], 'CAMERA_3': []}",C_WALKS_TO_CAMERA,CAMERA_2,NONE,,WAITING,NONE,S_GREETS,CAMERA_2,NONE,can I help you?,FACE_TO_FACE,NONE,
328,3,CAMERA_2,['CAMERA_2'],"{'CAMERA_1': [], 'CAMERA_2': [], 'CAMERA_3': []}",C_LOOKING_FOR_A_CAMERA,CAMERA_2,NONE,I'm just browsing around just searching for a camera,FACE_TO_FACE,NONE,S_INTRODUCES_CAMERA,CAMERA_2,,Let me show you this. Here we have the Fujifilm Lumix ILC Camera.,PRESENT_X,CAMERA_2,39~64
328,4,CAMERA_2,['CAMERA_2'],"{'CAMERA_1': [], 'CAMERA_2': ['camera_type'], 'CAMERA_3': []}",C_SILENT_OR_BACKCHANNEL,CAMERA_2,NONE,ok,PRESENT_X,CAMERA_2,S_INTRODUCES_FEATURE,CAMERA_2,camera_type,This is a digital single lens mirrorless camera.,PRESENT_X,CAMERA_2,10~40
328,5,NONE,['CAMERA_2'],"{'CAMERA_1': [], 'CAMERA_2': ['camera_type'], 'CAMERA_3': []}",C_THANK_YOU,CAMERA_2,NONE,thank you very much you've been very helpful,PRESENT_X,CAMERA_2,S_THANK_YOU,CAMERA_2,NONE,thank you very much.,FACE_TO_FACE,NONE,
328,6,NONE,['CAMERA_2'],"{'CAMERA_1': [], 'CAMERA_2': ['camera_type'], 'CAMERA_3': []}",C_LEAVES,DOOR,NONE,,FACE_TO_FACE,NONE,S_RETURNS_TO_COUNTER,SERVICE_COUNTER,NONE,,WAITING,NONE,
329,1,NONE,[],"{'CAMERA_1': [], 'CAMERA_2': [], 'CAMERA_3': []}",C_ENTERS,DOOR,NONE,,WAITING,NONE,S_NONE,SERVICE_COUNTER,NONE,,WAITING,NONE,
329,2,NONE,[],"{'CAMERA_1': [], 'CAMERA_2': [], 'CAMERA_3': []}",C_GREETS,MIDDLE,NONE,sorry excuse me I have a question about this camera,WAITING,NONE,S_GREETS,MIDDLE,NONE,can I help you?,FACE_TO_FACE,NONE,
329,3,CAMERA_2,['CAMERA_2'],"{'CAMERA_1': [], 'CAMERA_2': [], 'CAMERA_3': []}",C_LOOKING_FOR_A_CAMERA,MIDDLE,NONE,I'm looking for camera so I can take good shots on when I go travelling I miss you very interested in photography so do you recommend this camera,FACE_TO_FACE,NONE,S_INTRODUCES_CAMERA,CAMERA_2,,Let me show you this. Here we have the Fujifilm Lumix ILC Camera.,PRESENT_X,CAMERA_2,39~64
329,4,CAMERA_2,['CAMERA_2'],"{'CAMERA_1': [], 'CAMERA_2': ['sensor_size'], 'CAMERA_3': []}",C_SILENT_OR_BACKCHANNEL,CAMERA_2,NONE,I get,PRESENT_X,CAMERA_2,S_INTRODUCES_FEATURE,CAMERA_2,sensor_size,This one has a 1/2.33 inch sensor.,PRESENT_X,CAMERA_2,15~33
329,5,CAMERA_3,"['CAMERA_2', 'CAMERA_3']","{'CAMERA_1': [], 'CAMERA_2': ['sensor_size'], 'CAMERA_3': []}",C_ANYTHING_ELSE_AVAILABLE,CAMERA_2,NONE,So this is the only model you have in your shop,PRESENT_X,CAMERA_2,S_INTRODUCES_CAMERA,CAMERA_3,,Let me show you this. Here we have the Fujifilm PowerShot ELPH S2800.,PRESENT_X,CAMERA_3,39~68
329,6,CAMERA_3,"['CAMERA_2', 'CAMERA_3']","{'CAMERA_1': [], 'CAMERA_2': ['sensor_size'], 'CAMERA_3': ['color']}",C_QUESTION_ABOUT_FEATURE,CAMERA_3,color,and it comes in different colors,PRESENT_X,CAMERA_3,S_ANSWERS_QUESTION_ABOUT_FEATURE,CAMERA_3,color,"This one comes in purple, white, silver, blue, red, or pink.",PRESENT_X,CAMERA_3,18~59
329,7,CAMERA_3,"['CAMERA_2', 'CAMERA_3']","{'CAMERA_1': [], 'CAMERA_2': ['sensor_size'], 'CAMERA_3': ['color', 'settings']}",C_QUESTION_ABOUT_FEATURE,CAMERA_3,settings,EOS 5d ALK and how many manual settings does it come in,PRESENT_X,CAMERA_3,S_ANSWERS_QUESTION_ABOUT_FEATURE,CAMERA_3,settings,"This one has manual control and various automatic settings (video modeburst shooting, etc.).",PRESENT_X,CAMERA_3,13~91
329,8,CAMERA_3,"['CAMERA_2', 'CAMERA_3']","{'CAMERA_1': [], 'CAMERA_2': ['sensor_size'], 'CAMERA_3': ['color', 'settings', 'autofocus_points']}",C_QUESTION_ABOUT_FEATURE,CAMERA_3,autofocus_points,How many autofocus points does this Canon camera have,PRESENT_X,CAMERA_3,S_ANSWERS_QUESTION_ABOUT_FEATURE,CAMERA_3,autofocus_points,This one has 214 autofocus points.,PRESENT_X,CAMERA_3,13~33
329,9,CAMERA_3,"['CAMERA_2', 'CAMERA_3']","{'CAMERA_1': [], 'CAMERA_2': ['sensor_size'], 'CAMERA_3': ['color', 'settings', 'autofocus_points', 'sensor_size']}",C_SILENT_OR_BACKCHANNEL,CAMERA_3,NONE,okay,PRESENT_X,CAMERA_3,S_INTRODUCES_FEATURE,CAMERA_3,sensor_size,This one has a full frame.,PRESENT_X,CAMERA_3,15~25
329,10,CAMERA_3,"['CAMERA_2', 'CAMERA_3']","{'CAMERA_1': [], 'CAMERA_2': ['sensor_size'], 'CAMERA_3': ['color', 'settings', 'autofocus_points', 'sensor_size', 'effects']}",C_QUESTION_ABOUT_FEATURE,CAMERA_3,effects,okay that's a record and how many of those effects does it have,PRESENT_X,CAMERA_3,S_ANSWERS_QUESTION_ABOUT_FEATURE,CAMERA_3,effects,"This one has 21 photo effects (small face, retro, big eyes, etc.).",PRESENT_X,CAMERA_3,13~65
329,11,CAMERA_3,"['CAMERA_2', 'CAMERA_3']","{'CAMERA_1': [], 'CAMERA_2': ['sensor_size'], 'CAMERA_3': ['color', 'settings', 'autofocus_points', 'sensor_size', 'effects', 'resolution']}",C_SILENT_OR_BACKCHANNEL,CAMERA_3,NONE,okay,PRESENT_X,CAMERA_3,S_INTRODUCES_FEATURE,CAMERA_3,resolution,This one has 23.2 megapixels resolution.,PRESENT_X,CAMERA_3,13~28
329,12,CAMERA_3,"['CAMERA_2', 'CAMERA_3']","{'CAMERA_1': [], 'CAMERA_2': ['sensor_size'], 'CAMERA_3': ['color', 'settings', 'autofocus_points', 'sensor_size', 'effects', 'resolution', 'camera_type']}",C_QUESTION_ABOUT_FEATURE,CAMERA_3,camera_type,is this a point and shoot camera,PRESENT_X,CAMERA_3,S_ANSWERS_QUESTION_ABOUT_FEATURE,CAMERA_3,camera_type,This is a point and shoot camera.,PRESENT_X,CAMERA_3,10~25
329,13,NONE,"['CAMERA_2', 'CAMERA_3']","{'CAMERA_1': [], 'CAMERA_2': ['sensor_size'], 'CAMERA_3': ['color', 'settings', 'autofocus_points', 'sensor_size', 'effects', 'resolution', 'camera_type']}",C_THANK_YOU,CAMERA_3,NONE,ok thank you very much you've been very helpful,PRESENT_X,CAMERA_3,S_THANK_YOU,CAMERA_3,NONE,thank you very much.,FACE_TO_FACE,NONE,
329,14,NONE,"['CAMERA_2', 'CAMERA_3']","{'CAMERA_1': [], 'CAMERA_2': ['sensor_size'], 'CAMERA_3': ['color', 'settings', 'autofocus_points', 'sensor_size', 'effects', 'resolution', 'camera_type']}",C_LEAVES,DOOR,NONE,,FACE_TO_FACE,NONE,S_RETURNS_TO_COUNTER,SERVICE_COUNTER,NONE,,WAITING,NONE,
330,1,NONE,[],"{'CAMERA_1': [], 'CAMERA_2': [], 'CAMERA_3': []}",C_ENTERS,DOOR,NONE,,WAITING,NONE,S_NONE,SERVICE_COUNTER,NONE,,WAITING,NONE,
330,2,NONE,[],"{'CAMERA_1': [], 'CAMERA_2': [], 'CAMERA_3': []}",C_GREETS,MIDDLE,NONE,excuse me,WAITING,NONE,S_GREETS,MIDDLE,NONE,can I help you?,FACE_TO_FACE,NONE,
330,3,CAMERA_1,['CAMERA_1'],"{'CAMERA_1': [], 'CAMERA_2': [], 'CAMERA_3': []}",C_LOOKING_FOR_A_CAMERA,MIDDLE,NONE,well I am looking for a camera but I'm not sure what to buy,FACE_TO_FACE,NONE,S_INTRODUCES_CAMERA,CAMERA_1,,Let me show you this. Here we have the Sony PowerShot ELPH DMC-ZS3.,PRESENT_X,CAMERA_1,39~66
330,4,CAMERA_1,['CAMERA_1'],"{'CAMERA_1': ['price'], 'CAMERA_2': [], 'CAMERA_3': []}",C_QUESTION_ABOUT_FEATURE,CAMERA_1,price,what is the price,PRESENT_X,CAMERA_1,S_ANSWERS_QUESTION_ABOUT_FEATURE,CAMERA_1,price,This one costs $450.,PRESENT_X,CAMERA_1,15~19
330,5,CAMERA_1,['CAMERA_1'],"{'CAMERA_1': ['price', 'long_exposure'], 'CAMERA_2': [], 'CAMERA_3': []}",C_QUESTION_ABOUT_FEATURE,CAMERA_1,long_exposure,okay and how about its exposure,PRESENT_X,CAMERA_1,S_ANSWERS_QUESTION_ABOUT_FEATURE,CAMERA_1,long_exposure,This one can take long exposures up to up to 15 seconds with Long Shutter Mode.,PRESENT_X,CAMERA_1,39~78
330,6,CAMERA_1,['CAMERA_1'],"{'CAMERA_1': ['price', 'long_exposure', 'settings'], 'CAMERA_2': [], 'CAMERA_3': []}",C_SILENT_OR_BACKCHANNEL,CAMERA_1,NONE,ok,PRESENT_X,CAMERA_1,S_INTRODUCES_FEATURE,CAMERA_1,settings,This one has limited manual settings.,PRESENT_X,CAMERA_1,13~36
330,7,CAMERA_1,['CAMERA_1'],"{'CAMERA_1': ['price', 'long_exposure', 'settings', 'weight'], 'CAMERA_2': [], 'CAMERA_3': []}",C_SILENT_OR_BACKCHANNEL,CAMERA_1,NONE,sounds like a pretty good option,PRESENT_X,CAMERA_1,S_INTRODUCES_FEATURE,CAMERA_1,weight,This one weighs 800 grams.,PRESENT_X,CAMERA_1,16~25
330,8,CAMERA_1,['CAMERA_1'],"{'CAMERA_1': ['price', 'long_exposure', 'settings', 'weight', 'color'], 'CAMERA_2': [], 'CAMERA_3': []}",C_SILENT_OR_BACKCHANNEL,CAMERA_1,NONE,okay let's see,PRESENT_X,CAMERA_1,S_INTRODUCES_FEATURE,CAMERA_1,color,This one comes in blue or black.,PRESENT_X,CAMERA_1,18~31
330,9,CAMERA_1,['CAMERA_1'],"{'CAMERA_1': ['price', 'long_exposure', 'settings', 'weight', 'color', 'resolution'], 'CAMERA_2': [], 'CAMERA_3': []}",C_SILENT_OR_BACKCHANNEL,CAMERA_1,NONE,ok,PRESENT_X,CAMERA_1,S_INTRODUCES_FEATURE,CAMERA_1,resolution,This one has 17.8 megapixels resolution.,PRESENT_X,CAMERA_1,13~28
330,10,CAMERA_1,['CAMERA_1'],"{'CAMERA_1': ['price', 'long_exposure', 'settings', 'weight', 'color', 'resolution', 'camera_type'], 'CAMERA_2': [], 'CAMERA_3': []}",C_QUESTION_ABOUT_FEATURE,CAMERA_1,camera_type,what kind of camera is this,PRESENT_X,CAMERA_1,S_ANSWERS_QUESTION_ABOUT_FEATURE,CAMERA_1,camera_type,This is a DSLR camera.,PRESENT_X,CAMERA_1,10~14
330,11,CAMERA_1,['CAMERA_1'],"{'CAMERA_1': ['price', 'long_exposure', 'settings', 'weight', 'color', 'resolution', 'camera_type', 'effects'], 'CAMERA_2': [], 'CAMERA_3': []}",C_SILENT_OR_BACKCHANNEL,CAMERA_1,NONE,alright,PRESENT_X,CAMERA_1,S_INTRODUCES_FEATURE,CAMERA_1,effects,"This one has 24 glamor retouch effects (miniature, retro, toy camera, etc.).",PRESENT_X,CAMERA_1,13~75
330,12,CAMERA_1,['CAMERA_1'],"{'CAMERA_1': ['price', 'long_exposure', 'settings', 'weight', 'color', 'resolution', 'camera_type', 'effects', 'autofocus_points'], 'CAMERA_2': [], 'CAMERA_3': []}",C_SILENT_OR_BACKCHANNEL,CAMERA_1,NONE,ok,PRESENT_X,CAMERA_1,S_INTRODUCES_FEATURE,CAMERA_1,autofocus_points,This one has 135 autofocus points.,PRESENT_X,CAMERA_1,13~33
330,13,CAMERA_1,['CAMERA_1'],"{'CAMERA_1': ['price', 'long_exposure', 'settings', 'weight', 'color', 'resolution', 'camera_type', 'effects', 'autofocus_points', 'preset_modes'], 'CAMERA_2': [], 'CAMERA_3': []}",C_QUESTION_ABOUT_FEATURE,CAMERA_1,preset_modes,Is this support preset mode,PRESENT_X,CAMERA_1,S_NOT_SURE,CAMERA_1,,I'm not really sure about that.,PRESENT_X,CAMERA_1,
330,14,CAMERA_1,['CAMERA_1'],"{'CAMERA_1': ['price', 'long_exposure', 'settings', 'weight', 'color', 'resolution', 'camera_type', 'effects', 'autofocus_points', 'preset_modes', 'optical_zoom'], 'CAMERA_2': [], 'CAMERA_3': []}",C_QUESTION_ABOUT_FEATURE,CAMERA_1,optical_zoom,that's so many and what's the optical zoom on this phone,PRESENT_X,CAMERA_1,S_ANSWERS_QUESTION_ABOUT_FEATURE,CAMERA_1,optical_zoom,This one has 21x optical zoom.,PRESENT_X,CAMERA_1,13~29
330,15,CAMERA_3,"['CAMERA_1', 'CAMERA_3']","{'CAMERA_1': ['price', 'long_exposure', 'settings', 'weight', 'color', 'resolution', 'camera_type', 'effects', 'autofocus_points', 'preset_modes', 'optical_zoom'], 'CAMERA_2': [], 'CAMERA_3': []}",C_ANYTHING_ELSE_AVAILABLE,CAMERA_1,NONE,ok do you have any other cameras that can just look at,PRESENT_X,CAMERA_1,S_INTRODUCES_CAMERA,CAMERA_3,,Let me show you this. Here we have the Fujifilm PowerShot ELPH S2800.,PRESENT_X,CAMERA_3,39~68
330,16,CAMERA_3,"['CAMERA_1', 'CAMERA_3']","{'CAMERA_1': ['price', 'long_exposure', 'settings', 'weight', 'color', 'resolution', 'camera_type', 'effects', 'autofocus_points', 'preset_modes', 'optical_zoom'], 'CAMERA_2': [], 'CAMERA_3': ['ISO']}",C_SILENT_OR_BACKCHANNEL,CAMERA_3,NONE,good,PRESENT_X,CAMERA_3,S_INTRODUCES_FEATURE,CAMERA_3,ISO,This one has up to 3200 ISO with little noise.,PRESENT_X,CAMERA_3,13~45
330,17,CAMERA_2,"['CAMERA_1', 'CAMERA_3', 'CAMERA_2']","{'CAMERA_1': ['price', 'long_exposure', 'settings', 'weight', 'color', 'resolution', 'camera_type', 'effects', 'autofocus_points', 'preset_modes', 'optical_zoom'], 'CAMERA_2': [], 'CAMERA_3': ['ISO']}",C_ANYTHING_ELSE_AVAILABLE,CAMERA_3,NONE,I see do you have any other options that you can show me,PRESENT_X,CAMERA_3,S_INTRODUCES_CAMERA,CAMERA_2,,Let me show you this. Here we have the Fujifilm Lumix ILC Camera.,PRESENT_X,CAMERA_2,39~64
330,18,CAMERA_2,"['CAMERA_1', 'CAMERA_3', 'CAMERA_2']","{'CAMERA_1': ['price', 'long_exposure', 'settings', 'weight', 'color', 'resolution', 'camera_type', 'effects', 'autofocus_points', 'preset_modes', 'optical_zoom'], 'CAMERA_2': ['weight'], 'CAMERA_3': ['ISO']}",C_QUESTION_ABOUT_FEATURE,CAMERA_2,weight,what's the weight compared to the other camera we looked at,PRESENT_X,CAMERA_2,S_ANSWERS_QUESTION_ABOUT_FEATURE,CAMERA_2,weight,This one weighs 820 grams.,PRESENT_X,CAMERA_2,16~25
330,19,CAMERA_2,"['CAMERA_1', 'CAMERA_3', 'CAMERA_2']","{'CAMERA_1': ['price', 'long_exposure', 'settings', 'weight', 'color', 'resolution', 'camera_type', 'effects', 'autofocus_points', 'preset_modes', 'optical_zoom'], 'CAMERA_2': ['weight', 'color'], 'CAMERA_3': ['ISO']}",C_SILENT_OR_BACKCHANNEL,CAMERA_2,NONE,i see,PRESENT_X,CAMERA_2,S_INTRODUCES_FEATURE,CAMERA_2,color,This one comes in white or pink.,PRESENT_X,CAMERA_2,18~31
330,20,CAMERA_2,"['CAMERA_1', 'CAMERA_3', 'CAMERA_2']","{'CAMERA_1': ['price', 'long_exposure', 'settings', 'weight', 'color', 'resolution', 'camera_type', 'effects', 'autofocus_points', 'preset_modes', 'optical_zoom'], 'CAMERA_2': ['weight', 'color', 'long_exposure'], 'CAMERA_3': ['ISO']}",C_QUESTION_ABOUT_FEATURE,CAMERA_2,long_exposure,ok what about the long exposure rate how good is that,PRESENT_X,CAMERA_2,S_ANSWERS_QUESTION_ABOUT_FEATURE,CAMERA_2,long_exposure,This one can take long exposures up to 60 minutes max with bulb mode.,PRESENT_X,CAMERA_2,39~68
330,21,CAMERA_2,"['CAMERA_1', 'CAMERA_3', 'CAMERA_2']","{'CAMERA_1': ['price', 'long_exposure', 'settings', 'weight', 'color', 'resolution', 'camera_type', 'effects', 'autofocus_points', 'preset_modes', 'optical_zoom'], 'CAMERA_2': ['weight', 'color', 'long_exposure', 'sensor_size'], 'CAMERA_3': ['ISO']}",C_SILENT_OR_BACKCHANNEL,CAMERA_2,NONE,ok,PRESENT_X,CAMERA_2,S_INTRODUCES_FEATURE,CAMERA_2,sensor_size,This one has a 1/2.33 inch sensor.,PRESENT_X,CAMERA_2,15~33
330,22,CAMERA_2,"['CAMERA_1', 'CAMERA_3', 'CAMERA_2']","{'CAMERA_1': ['price', 'long_exposure', 'settings', 'weight', 'color', 'resolution', 'camera_type', 'effects', 'autofocus_points', 'preset_modes', 'optical_zoom'], 'CAMERA_2': ['weight', 'color', 'long_exposure', 'sensor_size', 'effects'], 'CAMERA_3': ['ISO']}",C_SILENT_OR_BACKCHANNEL,CAMERA_2,NONE,alright so I say,PRESENT_X,CAMERA_2,S_INTRODUCES_FEATURE,CAMERA_2,effects,"This one has 24 artistic effect modes (retro, lighter or darker skin tones, sepia, etc.).",PRESENT_X,CAMERA_2,13~88
330,23,NONE,"['CAMERA_1', 'CAMERA_3', 'CAMERA_2']","{'CAMERA_1': ['price', 'long_exposure', 'settings', 'weight', 'color', 'resolution', 'camera_type', 'effects', 'autofocus_points', 'preset_modes', 'optical_zoom'], 'CAMERA_2': ['weight', 'color', 'long_exposure', 'sensor_size', 'effects'], 'CAMERA_3': ['ISO']}",C_THANK_YOU,CAMERA_2,NONE,thank you,PRESENT_X,CAMERA_2,S_THANK_YOU,CAMERA_2,NONE,thank you very much.,FACE_TO_FACE,NONE,
330,24,NONE,"['CAMERA_1', 'CAMERA_3', 'CAMERA_2']","{'CAMERA_1': ['price', 'long_exposure', 'settings', 'weight', 'color', 'resolution', 'camera_type', 'effects', 'autofocus_points', 'preset_modes', 'optical_zoom'], 'CAMERA_2': ['weight', 'color', 'long_exposure', 'sensor_size', 'effects'], 'CAMERA_3': ['ISO']}",C_LEAVES,DOOR,NONE,,FACE_TO_FACE,NONE,S_RETURNS_TO_COUNTER,SERVICE_COUNTER,NONE,,WAITING,NONE,
331,1,NONE,[],"{'CAMERA_1': [], 'CAMERA_2': [], 'CAMERA_3': []}",C_ENTERS,DOOR,NONE,,WAITING,NONE,S_NONE,SERVICE_COUNTER,NONE,,WAITING,NONE,
331,2,NONE,[],"{'CAMERA_1': [], 'CAMERA_2': [], 'CAMERA_3': []}",C_WALKS_TO_CAMERA,CAMERA_3,NONE,,WAITING,NONE,S_GREETS,CAMERA_3,NONE,can I help you?,FACE_TO_FACE,NONE,
331,3,CAMERA_2,['CAMERA_2'],"{'CAMERA_1': [], 'CAMERA_2': [], 'CAMERA_3': []}",C_LOOKING_FOR_A_CAMERA,CAMERA_3,NONE,I'm not alone but I'm looking for something in a fairly decent,FACE_TO_FACE,NONE,S_INTRODUCES_CAMERA,CAMERA_2,,Let me show you this. Here we have the Fujifilm Lumix ILC Camera.,PRESENT_X,CAMERA_2,39~64
331,4,CAMERA_2,['CAMERA_2'],"{'CAMERA_1': [], 'CAMERA_2': ['ISO'], 'CAMERA_3': []}",C_QUESTION_ABOUT_FEATURE,CAMERA_2,ISO,how high can I set the ISO,PRESENT_X,CAMERA_2,S_NOT_SURE,CAMERA_2,,I'm not really sure about that.,PRESENT_X,CAMERA_2,
331,5,CAMERA_3,"['CAMERA_2', 'CAMERA_3']","{'CAMERA_1': [], 'CAMERA_2': ['ISO'], 'CAMERA_3': []}",C_ANYTHING_ELSE_AVAILABLE,CAMERA_2,NONE,maybe did you have a another camera you recommend,PRESENT_X,CAMERA_2,S_INTRODUCES_CAMERA,CAMERA_3,,Let me show you this. Here we have the Fujifilm PowerShot ELPH S2800.,PRESENT_X,CAMERA_3,39~68
331,6,CAMERA_3,"['CAMERA_2', 'CAMERA_3']","{'CAMERA_1': [], 'CAMERA_2': ['ISO'], 'CAMERA_3': ['settings']}",C_QUESTION_ABOUT_FEATURE,CAMERA_3,settings,thank you tell me about the ability to adjust the settings,PRESENT_X,CAMERA_3,S_ANSWERS_QUESTION_ABOUT_FEATURE,CAMERA_3,settings,"This one has manual control and various automatic settings (video modeburst shooting, etc.).",PRESENT_X,CAMERA_3,13~91
331,7,CAMERA_3,"['CAMERA_2', 'CAMERA_3']","{'CAMERA_1': [], 'CAMERA_2': ['ISO'], 'CAMERA_3': ['settings', 'preset_modes']}",C_SILENT_OR_BACKCHANNEL,CAMERA_3,NONE,Wow it also seems very friendly to use,PRESENT_X,CAMERA_3,S_INTRODUCES_FEATURE,CAMERA_3,preset_modes,This one has various preset modes.,PRESENT_X,CAMERA_3,13~33
331,8,CAMERA_3,"['CAMERA_2', 'CAMERA_3']","{'CAMERA_1': [], 'CAMERA_2': ['ISO'], 'CAMERA_3': ['settings', 'preset_modes', 'effects']}",C_QUESTION_ABOUT_FEATURE,CAMERA_3,effects,what are these a special artistic effect mode features,PRESENT_X,CAMERA_3,S_ANSWERS_QUESTION_ABOUT_FEATURE,CAMERA_3,effects,"This one has 21 photo effects (small face, retro, big eyes, etc.).",PRESENT_X,CAMERA_3,13~65
331,9,NONE,"['CAMERA_2', 'CAMERA_3']","{'CAMERA_1': [], 'CAMERA_2': ['ISO'], 'CAMERA_3': ['settings', 'preset_modes', 'effects']}",C_THANK_YOU,CAMERA_3,NONE,I will think about it then thank you,PRESENT_X,CAMERA_3,S_THANK_YOU,CAMERA_3,NONE,thank you very much.,FACE_TO_FACE,NONE,
331,10,NONE,"['CAMERA_2', 'CAMERA_3']","{'CAMERA_1': [], 'CAMERA_2': ['ISO'], 'CAMERA_3': ['settings', 'preset_modes', 'effects']}",C_LEAVES,DOOR,NONE,,FACE_TO_FACE,NONE,S_RETURNS_TO_COUNTER,SERVICE_COUNTER,NONE,,WAITING,NONE,
332,1,NONE,[],"{'CAMERA_1': [], 'CAMERA_2': [], 'CAMERA_3': []}",C_ENTERS,DOOR,NONE,,WAITING,NONE,S_NONE,SERVICE_COUNTER,NONE,,WAITING,NONE,
332,2,NONE,[],"{'CAMERA_1': [], 'CAMERA_2': [], 'CAMERA_3': []}",C_WALKS_TO_CAMERA,CAMERA_3,NONE,,WAITING,NONE,S_NONE,SERVICE_COUNTER,NONE,,WAITING,NONE,
332,3,NONE,[],"{'CAMERA_1': [], 'CAMERA_2': [], 'CAMERA_3': []}",C_EXAMINES_CAMERA,CAMERA_3,NONE,,WAITING,NONE,S_NONE,SERVICE_COUNTER,NONE,,WAITING,NONE,
332,4,NONE,[],"{'CAMERA_1': [], 'CAMERA_2': [], 'CAMERA_3': []}",C_WALKS_TO_CAMERA,CAMERA_1,NONE,,WAITING,NONE,S_GREETS,CAMERA_1,NONE,can I help you?,FACE_TO_FACE,NONE,
332,5,CAMERA_3,['CAMERA_3'],"{'CAMERA_1': [], 'CAMERA_2': [], 'CAMERA_3': []}",C_LOOKING_FOR_A_CAMERA,CAMERA_1,NONE,hi afternoon I'm here in Japan for vacations and I would like to buy a new camera can you help me with this,FACE_TO_FACE,NONE,S_INTRODUCES_CAMERA,CAMERA_3,,Let me show you this. Here we have the Fujifilm PowerShot ELPH S2800.,PRESENT_X,CAMERA_3,39~68
332,6,CAMERA_3,['CAMERA_3'],"{'CAMERA_1': [], 'CAMERA_2': [], 'CAMERA_3': ['optical_zoom']}",C_QUESTION_ABOUT_FEATURE,CAMERA_3,optical_zoom,excuse me what does it mean by optical zoom,PRESENT_X,CAMERA_3,S_NOT_SURE,CAMERA_3,,I'm not really sure about that.,PRESENT_X,CAMERA_3,
332,7,CAMERA_1,"['CAMERA_3', 'CAMERA_1']","{'CAMERA_1': [], 'CAMERA_2': [], 'CAMERA_3': ['optical_zoom']}",C_ANYTHING_ELSE_AVAILABLE,CAMERA_3,NONE,ok do you have any other cameras that can just look at,PRESENT_X,CAMERA_3,S_INTRODUCES_CAMERA,CAMERA_1,,Let me show you this. Here we have the Sony PowerShot ELPH DMC-ZS3.,PRESENT_X,CAMERA_1,39~66
332,8,CAMERA_1,"['CAMERA_3', 'CAMERA_1']","{'CAMERA_1': ['camera_type'], 'CAMERA_2': [], 'CAMERA_3': ['optical_zoom']}",C_QUESTION_ABOUT_FEATURE,CAMERA_1,camera_type,is this a point and shoot camera,PRESENT_X,CAMERA_1,S_ANSWERS_QUESTION_ABOUT_FEATURE,CAMERA_1,camera_type,This is a DSLR camera.,PRESENT_X,CAMERA_1,10~14
332,9,CAMERA_1,"['CAMERA_3', 'CAMERA_1']","{'CAMERA_1': ['camera_type', 'autofocus_points'], 'CAMERA_2': [], 'CAMERA_3': ['optical_zoom']}",C_QUESTION_ABOUT_FEATURE,CAMERA_1,autofocus_points,And the auto Focus points how many points does it have,PRESENT_X,CAMERA_1,S_ANSWERS_QUESTION_ABOUT_FEATURE,CAMERA_1,autofocus_points,This one has 135 autofocus points.,PRESENT_X,CAMERA_1,13~33
332,10,CAMERA_1,"['CAMERA_3', 'CAMERA_1']","{'CAMERA_1': ['camera_type', 'autofocus_points', 'preset_modes'], 'CAMERA_2': [], 'CAMERA_3': ['optical_zoom']}",C_QUESTION_ABOUT_FEATURE,CAMERA_1,preset_modes,does this camera also have bulb mode,PRESENT_X,CAMERA_1,S_NOT_SURE,CAMERA_1,,I'm not really sure about that.,PRESENT_X,CAMERA_1,
332,11,CAMERA_1,"['CAMERA_3', 'CAMERA_1']","{'CAMERA_1': ['camera_type', 'autofocus_points', 'preset_modes', 'ISO'], 'CAMERA_2': [], 'CAMERA_3': ['optical_zoom']}",C_QUESTION_ABOUT_FEATURE,CAMERA_1,ISO,sounds good how high does the iso go,PRESENT_X,CAMERA_1,S_ANSWERS_QUESTION_ABOUT_FEATURE,CAMERA_1,ISO,This one has up to 51200 ISO.,PRESENT_X,CAMERA_1,13~28
332,12,CAMERA_2,"['CAMERA_3', 'CAMERA_1', 'CAMERA_2']","{'CAMERA_1': ['camera_type', 'autofocus_points', 'preset_modes', 'ISO'], 'CAMERA_2': [], 'CAMERA_3': ['optical_zoom']}",C_ANYTHING_ELSE_AVAILABLE,CAMERA_1,NONE,oh I see that's very interesting do you have any other cameras that you can recommend me,PRESENT_X,CAMERA_1,S_INTRODUCES_CAMERA,CAMERA_2,,Let me show you this. Here we have the Fujifilm Lumix ILC Camera.,PRESENT_X,CAMERA_2,39~64
332,13,CAMERA_2,"['CAMERA_3', 'CAMERA_1', 'CAMERA_2']","{'CAMERA_1': ['camera_type', 'autofocus_points', 'preset_modes', 'ISO'], 'CAMERA_2': ['long_exposure'], 'CAMERA_3': ['optical_zoom']}",C_QUESTION_ABOUT_FEATURE,CAMERA_2,long_exposure,I'm going to do long exposure,PRESENT_X,CAMERA_2,S_ANSWERS_QUESTION_ABOUT_FEATURE,CAMERA_2,long_exposure,This one can take long exposures up to 60 minutes max with bulb mode.,PRESENT_X,CAMERA_2,39~68
332,14,CAMERA_2,"['CAMERA_3', 'CAMERA_1', 'CAMERA_2']","{'CAMERA_1': ['camera_type', 'autofocus_points', 'preset_modes', 'ISO'], 'CAMERA_2': ['long_exposure', 'settings'], 'CAMERA_3': ['optical_zoom']}",C_SILENT_OR_BACKCHANNEL,CAMERA_2,NONE,I like it,PRESENT_X,CAMERA_2,S_INTRODUCES_FEATURE,CAMERA_2,settings,"This one has manual control and various automatic settings (video modeburst shooting, etc.).",PRESENT_X,CAMERA_2,13~91
332,15,NONE,"['CAMERA_3', 'CAMERA_1', 'CAMERA_2']","{'CAMERA_1': ['camera_type', 'autofocus_points', 'preset_modes', 'ISO'], 'CAMERA_2': ['long_exposure', 'settings'], 'CAMERA_3': ['optical_zoom']}",C_THANK_YOU,CAMERA_2,NONE,I see well thank you for your time,PRESENT_X,CAMERA_2,S_THANK_YOU,CAMERA_2,NONE,thank you very much.,FACE_TO_FACE,NONE,
332,16,NONE,"['CAMERA_3', 'CAMERA_1', 'CAMERA_2']","{'CAMERA_1': ['camera_type', 'autofocus_points', 'preset_modes', 'ISO'], 'CAMERA_2': ['long_exposure', 'settings'], 'CAMERA_3': ['optical_zoom']}",C_LEAVES,DOOR,NONE,,FACE_TO_FACE,NONE,S_RETURNS_TO_COUNTER,SERVICE_COUNTER,NONE,,WAITING,NONE,
333,1,NONE,[],"{'CAMERA_1': [], 'CAMERA_2': [], 'CAMERA_3': []}",C_ENTERS,DOOR,NONE,,WAITING,NONE,S_NONE,SERVICE_COUNTER,NONE,,WAITING,NONE,
333,2,NONE,[],"{'CAMERA_1': [], 'CAMERA_2': [], 'CAMERA_3': []}",C_WALKS_TO_CAMERA,CAMERA_3,NONE,,WAITING,NONE,S_GREETS,CAMERA_3,NONE,can I help you?,FACE_TO_FACE,NONE,
333,3,CAMERA_3,['CAMERA_3'],"{'CAMERA_1': [], 'CAMERA_2': [], 'CAMERA_3': []}",C_LOOKING_FOR_A_CAMERA,CAMERA_3,NONE,hello I just want to take a look at your camera,FACE_TO_FACE,NONE,S_INTRODUCES_CAMERA,CAMERA_3,,Let me show you this. Here we have the Fujifilm PowerShot ELPH S2800.,PRESENT_X,CAMERA_3,39~68
333,4,CAMERA_3,['CAMERA_3'],"{'CAMERA_1': [], 'CAMERA_2': [], 'CAMERA_3': ['settings']}",C_SILENT_OR_BACKCHANNEL,CAMERA_3,NONE,oh yeah I thought the flight,PRESENT_X,CAMERA_3,S_INTRODUCES_FEATURE,CAMERA_3,settings,"This one has manual control and various automatic settings (video modeburst shooting, etc.).",PRESENT_X,CAMERA_3,13~91
333,5,CAMERA_3,['CAMERA_3'],"{'CAMERA_1': [], 'CAMERA_2': [], 'CAMERA_3': ['settings', 'sensor_size']}",C_QUESTION_ABOUT_FEATURE,CAMERA_3,sensor_size,and what's the sensor size on this,PRESENT_X,CAMERA_3,S_ANSWERS_QUESTION_ABOUT_FEATURE,CAMERA_3,sensor_size,This one has a full frame.,PRESENT_X,CAMERA_3,15~25
333,6,CAMERA_3,['CAMERA_3'],"{'CAMERA_1': [], 'CAMERA_2': [], 'CAMERA_3': ['settings', 'sensor_size', 'color']}",C_SILENT_OR_BACKCHANNEL,CAMERA_3,NONE,Ice Age,PRESENT_X,CAMERA_3,S_INTRODUCES_FEATURE,CAMERA_3,color,"This one comes in purple, white, silver, blue, red, or pink.",PRESENT_X,CAMERA_3,18~59
333,7,CAMERA_3,['CAMERA_3'],"{'CAMERA_1': [], 'CAMERA_2': [], 'CAMERA_3': ['settings', 'sensor_size', 'color', 'weight']}",C_SILENT_OR_BACKCHANNEL,CAMERA_3,NONE,that's great we're by the way,PRESENT_X,CAMERA_3,S_INTRODUCES_FEATURE,CAMERA_3,weight,This one weighs 820 grams.,PRESENT_X,CAMERA_3,16~25
333,8,CAMERA_3,['CAMERA_3'],"{'CAMERA_1': [], 'CAMERA_2': [], 'CAMERA_3': ['settings', 'sensor_size', 'color', 'weight', 'long_exposure']}",C_QUESTION_ABOUT_FEATURE,CAMERA_3,long_exposure,okay and how long is the exposure,PRESENT_X,CAMERA_3,S_ANSWERS_QUESTION_ABOUT_FEATURE,CAMERA_3,long_exposure,This one can take long exposures up to 30 minutes max with bulb mode.,PRESENT_X,CAMERA_3,39~68
333,9,CAMERA_3,['CAMERA_3'],"{'CAMERA_1': [], 'CAMERA_2': [], 'CAMERA_3': ['settings', 'sensor_size', 'color', 'weight', 'long_exposure', 'price']}",C_QUESTION_ABOUT_FEATURE,CAMERA_3,price,how much is this,PRESENT_X,CAMERA_3,S_ANSWERS_QUESTION_ABOUT_FEATURE,CAMERA_3,price,This one costs $518.,PRESENT_X,CAMERA_3,15~19
333,10,CAMERA_1,"['CAMERA_3', 'CAMERA_1']","{'CAMERA_1': [], 'CAMERA_2': [], 'CAMERA_3': ['settings', 'sensor_size', 'color', 'weight', 'long_exposure', 'price']}",C_ANYTHING_ELSE_AVAILABLE,CAMERA_3,NONE,So this is the only model you have in your shop,PRESENT_X,CAMERA_3,S_INTRODUCES_CAMERA,CAMERA_1,,Let me show you this. Here we have the Sony PowerShot ELPH DMC-ZS3.,PRESENT_X,CAMERA_1,39~66
333,11,CAMERA_1,"['CAMERA_3', 'CAMERA_1']","{'CAMERA_1': ['price'], 'CAMERA_2': [], 'CAMERA_3': ['settings', 'sensor_size', 'color', 'weight', 'long_exposure', 'price']}",C_SILENT_OR_BACKCHANNEL,CAMERA_1,NONE,ok,PRESENT_X,CAMERA_1,S_INTRODUCES_FEATURE,CAMERA_1,price,This one costs $450.,PRESENT_X,CAMERA_1,15~19
333,12,CAMERA_1,"['CAMERA_3', 'CAMERA_1']","{'CAMERA_1': ['price', 'ISO'], 'CAMERA_2': [], 'CAMERA_3': ['settings', 'sensor_size', 'color', 'weight', 'long_exposure', 'price']}",C_SILENT_OR_BACKCHANNEL,CAMERA_1,NONE,yeah yeah I can to try to look on the outside this is a really good one,PRESENT_X,CAMERA_1,S_INTRODUCES_FEATURE,CAMERA_1,ISO,This one has up to 51200 ISO.,PRESENT_X,CAMERA_1,13~28
333,13,CAMERA_2,"['CAMERA_3', 'CAMERA_1', 'CAMERA_2']","{'CAMERA_1': ['price', 'ISO'], 'CAMERA_2': [], 'CAMERA_3': ['settings', 'sensor_size', 'color', 'weight', 'long_exposure', 'price']}",C_ANYTHING_ELSE_AVAILABLE,CAMERA_1,NONE,Do you have any other cameras under $300,PRESENT_X,CAMERA_1,S_INTRODUCES_CAMERA,CAMERA_2,,Let me show you this. Here we have the Fujifilm Lumix ILC Camera.,PRESENT_X,CAMERA_2,39~64
333,14,CAMERA_2,"['CAMERA_3', 'CAMERA_1', 'CAMERA_2']","{'CAMERA_1': ['price', 'ISO'], 'CAMERA_2': ['camera_type'], 'CAMERA_3': ['settings', 'sensor_size', 'color', 'weight', 'long_exposure', 'price']}",C_SILENT_OR_BACKCHANNEL,CAMERA_2,NONE,ok,PRESENT_X,CAMERA_2,S_INTRODUCES_FEATURE,CAMERA_2,camera_type,This is a digital single lens mirrorless camera.,PRESENT_X,CAMERA_2,10~40
333,15,NONE,"['CAMERA_3', 'CAMERA_1', 'CAMERA_2']","{'CAMERA_1': ['price', 'ISO'], 'CAMERA_2': ['camera_type'], 'CAMERA_3': ['settings', 'sensor_size', 'color', 'weight', 'long_exposure', 'price']}",C_THANK_YOU,CAMERA_2,NONE,well thank you very much,PRESENT_X,CAMERA_2,S_THANK_YOU,CAMERA_2,NONE,thank you very much.,FACE_TO_FACE,NONE,
333,16,NONE,"['CAMERA_3', 'CAMERA_1', 'CAMERA_2']","{'CAMERA_1': ['price', 'ISO'], 'CAMERA_2': ['camera_type'], 'CAMERA_3': ['settings', 'sensor_size', 'color', 'weight', 'long_exposure', 'price']}",C_LEAVES,DOOR,NONE,,FACE_TO_FACE,NONE,S_RETURNS_TO_COUNTER,SERVICE_COUNTER,NONE,,WAITING,NONE,
334,1,NONE,[],"{'CAMERA_1': [], 'CAMERA_2': [], 'CAMERA_3': []}",C_ENTERS,DOOR,NONE,,WAITING,NONE,S_NONE,SERVICE_COUNTER,NONE,,WAITING,NONE,
334,2,NONE,[],"{'CAMERA_1': [], 'CAMERA_2': [], 'CAMERA_3': []}",C_WALKS_TO_CAMERA,CAMERA_1,NONE,,WAITING,NONE,S_NONE,SERVICE_COUNTER,NONE,,WAITING,NONE,
334,3,NONE,[],"{'CAMERA_1': [], 'CAMERA_2': [], 'CAMERA_3': []}",C_EXAMINES_CAMERA,CAMERA_1,NONE,,WAITING,NONE,S_GREETS,CAMERA_1,NONE,can I help you?,FACE_TO_FACE,NONE,
334,4,CAMERA_1,['CAMERA_1'],"{'CAMERA_1': [], 'CAMERA_2': [], 'CAMERA_3': []}",C_LOOKING_FOR_A_CAMERA,CAMERA_1,NONE,I want to see your new camera the professional one,FACE_TO_FACE,NONE,S_INTRODUCES_CAMERA,CAMERA_1,,Let me show you this. Here we have the Sony PowerShot ELPH DMC-ZS3.,PRESENT_X,CAMERA_1,39~66
334,5,CAMERA_1,['CAMERA_1'],"{'CAMERA_1': ['preset_modes'], 'CAMERA_2': [], 'CAMERA_3': []}",C_QUESTION_ABOUT_FEATURE,CAMERA_1,preset_modes,is the other one with menu settings is that lighter or heavier than its camera,PRESENT_X,CAMERA_1,S_NOT_SURE,CAMERA_1,,I'm not really sure about that.,PRESENT_X,CAMERA_1,
334,6,CAMERA_1,['CAMERA_1'],"{'CAMERA_1': ['preset_modes', 'long_exposure'], 'CAMERA_2': [], 'CAMERA_3': []}",C_QUESTION_ABOUT_FEATURE,CAMERA_1,long_exposure,what about the exposure,PRESENT_X,CAMERA_1,S_ANSWERS_QUESTION_ABOUT_FEATURE,CAMERA_1,long_exposure,This one can take long exposures up to up to 15 seconds with Long Shutter Mode.,PRESENT_X,CAMERA_1,39~78
334,7,CAMERA_1,['CAMERA_1'],"{'CAMERA_1': ['preset_modes', 'long_exposure', 'ISO'], 'CAMERA_2': [], 'CAMERA_3': []}",C_SILENT_OR_BACKCHANNEL,CAMERA_1,NONE,ok,PRESENT_X,CAMERA_1,S_INTRODUCES_FEATURE,CAMERA_1,ISO,This one has up to 51200 ISO.,PRESENT_X,CAMERA_1,13~28
334,8,NONE,['CAMERA_1'],"{'CAMERA_1': ['preset_modes', 'long_exposure', 'ISO'], 'CAMERA_2': [], 'CAMERA_3': []}",C_THANK_YOU,CAMERA_1,NONE,alright thank you very much,PRESENT_X,CAMERA_1,S_THANK_YOU,CAMERA_1,NONE,thank you very much.,FACE_TO_FACE,NONE,
334,9,NONE,['CAMERA_1'],"{'CAMERA_1': ['preset_modes', 'long_exposure', 'ISO'], 'CAMERA_2': [], 'CAMERA_3': []}",C_LEAVES,DOOR,NONE,,FACE_TO_FACE,NONE,S_RETURNS_TO_COUNTER,SERVICE_COUNTER,NONE,,WAITING,NONE,
335,1,NONE,[],"{'CAMERA_1': [], 'CAMERA_2': [], 'CAMERA_3': []}",C_ENTERS,DOOR,NONE,,WAITING,NONE,S_NONE,SERVICE_COUNTER,NONE,,WAITING,NONE,
335,2,NONE,[],"{'CAMERA_1': [], 'CAMERA_2': [], 'CAMERA_3': []}",C_GREETS,MIDDLE,NONE,excuse me,WAITING,NONE,S_GREETS,MIDDLE,NONE,can I help you?,FACE_TO_FACE,NONE,
335,3,CAMERA_1,['CAMERA_1'],"{'CAMERA_1': [], 'CAMERA_2': [], 'CAMERA_3': []}",C_LOOKING_FOR_A_CAMERA,MIDDLE,NONE,I came to look for a new camera,FACE_TO_FACE,NONE,S_INTRODUCES_CAMERA,CAMERA_1,,Let me show you this. Here we have the Sony PowerShot ELPH DMC-ZS3.,PRESENT_X,CAMERA_1,39~66
335,4,CAMERA_1,['CAMERA_1'],"{'CAMERA_1': ['ISO'], 'CAMERA_2': [], 'CAMERA_3': []}",C_SILENT_OR_BACKCHANNEL,CAMERA_1,NONE,18 days 20 Mega something else's uh huh,PRESENT_X,CAMERA_1,S_INTRODUCES_FEATURE,CAMERA_1,ISO,This one has up to 51200 ISO.,PRESENT_X,CAMERA_1,13~28
335,5,CAMERA_1,['CAMERA_1'],"{'CAMERA_1': ['ISO', 'optical_zoom'], 'CAMERA_2': [], 'CAMERA_3': []}",C_SILENT_OR_BACKCHANNEL,CAMERA_1,NONE,sounds great how about the synthesized honest,PRESENT_X,CAMERA_1,S_INTRODUCES_FEATURE,CAMERA_1,optical_zoom,This one has 21x optical zoom.,PRESENT_X,CAMERA_1,13~29
335,6,CAMERA_1,['CAMERA_1'],"{'CAMERA_1': ['ISO', 'optical_zoom', 'color'], 'CAMERA_2': [], 'CAMERA_3': []}",C_QUESTION_ABOUT_FEATURE,CAMERA_1,color,what colors does it come in,PRESENT_X,CAMERA_1,S_ANSWERS_QUESTION_ABOUT_FEATURE,CAMERA_1,color,This one comes in blue or black.,PRESENT_X,CAMERA_1,18~31
335,7,CAMERA_1,['CAMERA_1'],"{'CAMERA_1': ['ISO', 'optical_zoom', 'color', 'resolution'], 'CAMERA_2': [], 'CAMERA_3': []}",C_QUESTION_ABOUT_FEATURE,CAMERA_1,resolution,how many megapixels is it,PRESENT_X,CAMERA_1,S_ANSWERS_QUESTION_ABOUT_FEATURE,CAMERA_1,resolution,This one has 17.8 megapixels resolution.,PRESENT_X,CAMERA_1,13~28
335,8,CAMERA_1,['CAMERA_1'],"{'CAMERA_1': ['ISO', 'optical_zoom', 'color', 'resolution', 'price'], 'CAMERA_2': [], 'CAMERA_3': []}",C_SILENT_OR_BACKCHANNEL,CAMERA_1,NONE,it looks like a good camera what this iso mean,PRESENT_X,CAMERA_1,S_INTRODUCES_FEATURE,CAMERA_1,price,This one costs $450.,PRESENT_X,CAMERA_1,15~19
335,9,CAMERA_1,['CAMERA_1'],"{'CAMERA_1': ['ISO', 'optical_zoom', 'color', 'resolution', 'price', 'autofocus_points'], 'CAMERA_2': [], 'CAMERA_3': []}",C_SILENT_OR_BACKCHANNEL,CAMERA_1,NONE,IC,PRESENT_X,CAMERA_1,S_INTRODUCES_FEATURE,CAMERA_1,autofocus_points,This one has 135 autofocus points.,PRESENT_X,CAMERA_1,13~33
335,10,CAMERA_1,['CAMERA_1'],"{'CAMERA_1': ['ISO', 'optical_zoom', 'color', 'resolution', 'price', 'autofocus_points', 'weight'], 'CAMERA_2': [], 'CAMERA_3': []}",C_QUESTION_ABOUT_FEATURE,CAMERA_1,weight,what about the way this is a lighter is it heavy,PRESENT_X,CAMERA_1,S_ANSWERS_QUESTION_ABOUT_FEATURE,CAMERA_1,weight,This one weighs 800 grams.,PRESENT_X,CAMERA_1,16~25
335,11,NONE,['CAMERA_1'],"{'CAMERA_1': ['ISO', 'optical_zoom', 'color', 'resolution', 'price', 'autofocus_points', 'weight'], 'CAMERA_2': [], 'CAMERA_3': []}",C_THANK_YOU,CAMERA_1,NONE,ok thank you,PRESENT_X,CAMERA_1,S_THANK_YOU,CAMERA_1,NONE,thank you very much.,FACE_TO_FACE,NONE,
335,12,NONE,['CAMERA_1'],"{'CAMERA_1': ['ISO', 'optical_zoom', 'color', 'resolution', 'price', 'autofocus_points', 'weight'], 'CAMERA_2': [], 'CAMERA_3': []}",C_LEAVES,DOOR,NONE,,FACE_TO_FACE,NONE,S_RETURNS_TO_COUNTER,SERVICE_COUNTER,NONE,,WAITING,NONE,
336,1,NONE,[],"{'CAMERA_1': [], 'CAMERA_2': [], 'CAMERA_3': []}",C_ENTERS,DOOR,NONE,,WAITING,NONE,S_NONE,SERVICE_COUNTER,NONE,,WAITING,NONE,
336,2,NONE,[],"{'CAMERA_1': [], 'CAMERA_2': [], 'CAMERA_3': []}",C_GREETS,MIDDLE,NONE,excuse me can you help me,WAITING,NONE,S_GREETS,MIDDLE,NONE,can I help you?,FACE_TO_FACE,NONE,
336,3,CAMERA_3,['CAMERA_3'],"{'CAMERA_1': [], 'CAMERA_2': [], 'CAMERA_3': []}",C_LOOKING_FOR_A_CAMERA,MIDDLE,NONE,I came to look for a new camera,FACE_TO_FACE,NONE,S_INTRODUCES_CAMERA,CAMERA_3,,Let me show you this. Here we have the Fujifilm PowerShot ELPH S2800.,PRESENT_X,CAMERA_3,39~68
336,4,CAMERA_3,['CAMERA_3'],"{'CAMERA_1': [], 'CAMERA_2': [], 'CAMERA_3': ['color']}",C_QUESTION_ABOUT_FEATURE,CAMERA_3,color,interesting do you know what colors do you have in this one,PRESENT_X,CAMERA_3,S_ANSWERS_QUESTION_ABOUT_FEATURE,CAMERA_3,color,"This one comes in purple, white, silver, blue, red, or pink.",PRESENT_X,CAMERA_3,18~59
336,5,CAMERA_3,['CAMERA_3'],"{'CAMERA_1': [], 'CAMERA_2': [], 'CAMERA_3': ['color', 'sensor_size']}",C_SILENT_OR_BACKCHANNEL,CAMERA_3,NONE,I'm interested in this cannon he looks pretty good,PRESENT_X,CAMERA_3,S_INTRODUCES_FEATURE,CAMERA_3,sensor_size,This one has a full frame.,PRESENT_X,CAMERA_3,15~25
336,6,CAMERA_3,['CAMERA_3'],"{'CAMERA_1': [], 'CAMERA_2': [], 'CAMERA_3': ['color', 'sensor_size', 'autofocus_points']}",C_SILENT_OR_BACKCHANNEL,CAMERA_3,NONE,that'd be great,PRESENT_X,CAMERA_3,S_INTRODUCES_FEATURE,CAMERA_3,autofocus_points,This one has 214 autofocus points.,PRESENT_X,CAMERA_3,13~33
336,7,CAMERA_1,"['CAMERA_3', 'CAMERA_1']","{'CAMERA_1': [], 'CAMERA_2': [], 'CAMERA_3': ['color', 'sensor_size', 'autofocus_points']}",C_ANYTHING_ELSE_AVAILABLE,CAMERA_3,NONE,ok do you have any other cameras,PRESENT_X,CAMERA_3,S_INTRODUCES_CAMERA,CAMERA_1,,Let me show you this. Here we have the Sony PowerShot ELPH DMC-ZS3.,PRESENT_X,CAMERA_1,39~66
336,8,CAMERA_1,"['CAMERA_3', 'CAMERA_1']","{'CAMERA_1': ['camera_type'], 'CAMERA_2': [], 'CAMERA_3': ['color', 'sensor_size', 'autofocus_points']}",C_QUESTION_ABOUT_FEATURE,CAMERA_1,camera_type,is this a point and shoot camera,PRESENT_X,CAMERA_1,S_ANSWERS_QUESTION_ABOUT_FEATURE,CAMERA_1,camera_type,This is a DSLR camera.,PRESENT_X,CAMERA_1,10~14
336,9,NONE,"['CAMERA_3', 'CAMERA_1']","{'CAMERA_1': ['camera_type'], 'CAMERA_2': [], 'CAMERA_3': ['color', 'sensor_size', 'autofocus_points']}",C_THANK_YOU,CAMERA_1,NONE,hm I think I will check back in later thank you very much,PRESENT_X,CAMERA_1,S_THANK_YOU,CAMERA_1,NONE,thank you very much.,FACE_TO_FACE,NONE,
336,10,NONE,"['CAMERA_3', 'CAMERA_1']","{'CAMERA_1': ['camera_type'], 'CAMERA_2': [], 'CAMERA_3': ['color', 'sensor_size', 'autofocus_points']}",C_LEAVES,DOOR,NONE,,FACE_TO_FACE,NONE,S_RETURNS_TO_COUNTER,SERVICE_COUNTER,NONE,,WAITING,NONE,
337,1,NONE,[],"{'CAMERA_1': [], 'CAMERA_2': [], 'CAMERA_3': []}",C_ENTERS,DOOR,NONE,,WAITING,NONE,S_NONE,SERVICE_COUNTER,NONE,,WAITING,NONE,
337,2,NONE,[],"{'CAMERA_1': [], 'CAMERA_2': [], 'CAMERA_3': []}",C_WALKS_TO_CAMERA,CAMERA_3,NONE,,WAITING,NONE,S_GREETS,CAMERA_3,NONE,can I help you?,FACE_TO_FACE,NONE,
337,3,CAMERA_1,['CAMERA_1'],"{'CAMERA_1': [], 'CAMERA_2': [], 'CAMERA_3': []}",C_LOOKING_FOR_A_CAMERA,CAMERA_3,NONE,I'm looking to buy a new camera,FACE_TO_FACE,NONE,S_INTRODUCES_CAMERA,CAMERA_1,,Let me show you this. Here we have the Sony PowerShot ELPH DMC-ZS3.,PRESENT_X,CAMERA_1,39~66
337,4,CAMERA_1,['CAMERA_1'],"{'CAMERA_1': ['sensor_size'], 'CAMERA_2': [], 'CAMERA_3': []}",C_SILENT_OR_BACKCHANNEL,CAMERA_1,NONE,good,PRESENT_X,CAMERA_1,S_INTRODUCES_FEATURE,CAMERA_1,sensor_size,This one has a 1/2.3 inch CMOS sensor.,PRESENT_X,CAMERA_1,15~37
337,5,NONE,['CAMERA_1'],"{'CAMERA_1': ['sensor_size'], 'CAMERA_2': [], 'CAMERA_3': []}",C_THANK_YOU,CAMERA_1,NONE,thank you,PRESENT_X,CAMERA_1,S_THANK_YOU,CAMERA_1,NONE,thank you very much.,FACE_TO_FACE,NONE,
337,6,NONE,['CAMERA_1'],"{'CAMERA_1': ['sensor_size'], 'CAMERA_2': [], 'CAMERA_3': []}",C_LEAVES,DOOR,NONE,,FACE_TO_FACE,NONE,S_RETURNS_TO_COUNTER,SERVICE_COUNTER,NONE,,WAITING,NONE,
338,1,NONE,[],"{'CAMERA_1': [], 'CAMERA_2': [], 'CAMERA_3': []}",C_ENTERS,DOOR,NONE,,WAITING,NONE,S_NONE,SERVICE_COUNTER,NONE,,WAITING,NONE,
338,2,NONE,[],"{'CAMERA_1': [], 'CAMERA_2': [], 'CAMERA_3': []}",C_WALKS_TO_CAMERA,CAMERA_1,NONE,,WAITING,NONE,S_GREETS,CAMERA_1,NONE,can I help you?,FACE_TO_FACE,NONE,
338,3,CAMERA_3,['CAMERA_3'],"{'CAMERA_1': [], 'CAMERA_2': [], 'CAMERA_3': []}",C_LOOKING_FOR_A_CAMERA,CAMERA_1,NONE,I'm looking for a good camera so I can take my photographs to adjust in photography,FACE_TO_FACE,NONE,S_INTRODUCES_CAMERA,CAMERA_3,,Let me show you this. Here we have the Fujifilm PowerShot ELPH S2800.,PRESENT_X,CAMERA_3,39~68
338,4,CAMERA_3,['CAMERA_3'],"{'CAMERA_1': [], 'CAMERA_2': [], 'CAMERA_3': ['autofocus_points']}",C_QUESTION_ABOUT_FEATURE,CAMERA_3,autofocus_points,okay uh how many autofocus points are there,PRESENT_X,CAMERA_3,S_ANSWERS_QUESTION_ABOUT_FEATURE,CAMERA_3,autofocus_points,This one has 214 autofocus points.,PRESENT_X,CAMERA_3,13~33
338,5,CAMERA_3,['CAMERA_3'],"{'CAMERA_1': [], 'CAMERA_2': [], 'CAMERA_3': ['autofocus_points', 'effects']}",C_QUESTION_ABOUT_FEATURE,CAMERA_3,effects,okay that's a record and how many of those effects does it have,PRESENT_X,CAMERA_3,S_ANSWERS_QUESTION_ABOUT_FEATURE,CAMERA_3,effects,"This one has 21 photo effects (small face, retro, big eyes, etc.).",PRESENT_X,CAMERA_3,13~65
338,6,CAMERA_3,['CAMERA_3'],"{'CAMERA_1': [], 'CAMERA_2': [], 'CAMERA_3': ['autofocus_points', 'effects', 'resolution']}",C_SILENT_OR_BACKCHANNEL,CAMERA_3,NONE,oh that's not bad,PRESENT_X,CAMERA_3,S_INTRODUCES_FEATURE,CAMERA_3,resolution,This one has 23.2 megapixels resolution.,PRESENT_X,CAMERA_3,13~28
338,7,CAMERA_3,['CAMERA_3'],"{'CAMERA_1': [], 'CAMERA_2': [], 'CAMERA_3': ['autofocus_points', 'effects', 'resolution', 'settings']}",C_QUESTION_ABOUT_FEATURE,CAMERA_3,settings,I would like to ask about is it easy to do I need to set up any manuals for this camera,PRESENT_X,CAMERA_3,S_ANSWERS_QUESTION_ABOUT_FEATURE,CAMERA_3,settings,"This one has manual control and various automatic settings (video modeburst shooting, etc.).",PRESENT_X,CAMERA_3,13~91
338,8,NONE,['CAMERA_3'],"{'CAMERA_1': [], 'CAMERA_2': [], 'CAMERA_3': ['autofocus_points', 'effects', 'resolution', 'settings']}",C_THANK_YOU,CAMERA_3,NONE,ok thank you very much for your time,PRESENT_X,CAMERA_3,S_THANK_YOU,CAMERA_3,NONE,thank you very much.,FACE_TO_FACE,NONE,
338,9,NONE,['CAMERA_3'],"{'CAMERA_1': [], 'CAMERA_2': [], 'CAMERA_3': ['autofocus_points', 'effects', 'resolution', 'settings']}",C_LEAVES,DOOR,NONE,,FACE_TO_FACE,NONE,S_RETURNS_TO_COUNTER,SERVICE_COUNTER,NONE,,WAITING,NONE,
339,1,NONE,[],"{'CAMERA_1': [], 'CAMERA_2': [], 'CAMERA_3': []}",C_ENTERS,DOOR,NONE,,WAITING,NONE,S_NONE,SERVICE_COUNTER,NONE,,WAITING,NONE,
339,2,NONE,[],"{'CAMERA_1': [], 'CAMERA_2': [], 'CAMERA_3': []}",C_WALKS_TO_CAMERA,CAMERA_2,NONE,,WAITING,NONE,S_GREETS,CAMERA_2,NONE,can I help you?,FACE_TO_FACE,NONE,
339,3,CAMERA_2,['CAMERA_2'],"{'CAMERA_1': [], 'CAMERA_2': [], 'CAMERA_3': []}",C_LOOKING_FOR_A_CAMERA,CAMERA_2,NONE,could you recommend me a good camera,FACE_TO_FACE,NONE,S_INTRODUCES_CAMERA,CAMERA_2,,Let me show you this. Here we have the Fujifilm Lumix ILC Camera.,PRESENT_X,CAMERA_2,39~64
339,4,CAMERA_2,['CAMERA_2'],"{'CAMERA_1': [], 'CAMERA_2': ['color'], 'CAMERA_3': []}",C_QUESTION_ABOUT_FEATURE,CAMERA_2,color,what and what colors does it come in,PRESENT_X,CAMERA_2,S_ANSWERS_QUESTION_ABOUT_FEATURE,CAMERA_2,color,This one comes in white or pink.,PRESENT_X,CAMERA_2,18~31
339,5,CAMERA_2,['CAMERA_2'],"{'CAMERA_1': [], 'CAMERA_2': ['color', 'price'], 'CAMERA_3': []}",C_QUESTION_ABOUT_FEATURE,CAMERA_2,price,what about the price,PRESENT_X,CAMERA_2,S_ANSWERS_QUESTION_ABOUT_FEATURE,CAMERA_2,price,This one costs $768.,PRESENT_X,CAMERA_2,15~19
339,6,CAMERA_2,['CAMERA_2'],"{'CAMERA_1': [], 'CAMERA_2': ['color', 'price', 'effects'], 'CAMERA_3': []}",C_QUESTION_ABOUT_FEATURE,CAMERA_2,effects,what about the artistic effect mode how does that work,PRESENT_X,CAMERA_2,S_ANSWERS_QUESTION_ABOUT_FEATURE,CAMERA_2,effects,"This one has 24 artistic effect modes (retro, lighter or darker skin tones, sepia, etc.).",PRESENT_X,CAMERA_2,13~88
339,7,CAMERA_2,['CAMERA_2'],"{'CAMERA_1': [], 'CAMERA_2': ['color', 'price', 'effects', 'camera_type'], 'CAMERA_3': []}",C_SILENT_OR_BACKCHANNEL,CAMERA_2,NONE,I see AA ok,PRESENT_X,CAMERA_2,S_INTRODUCES_FEATURE,CAMERA_2,camera_type,This is a digital single lens mirrorless camera.,PRESENT_X,CAMERA_2,10~40
339,8,CAMERA_2,['CAMERA_2'],"{'CAMERA_1': [], 'CAMERA_2': ['color', 'price', 'effects', 'camera_type', 'autofocus_points'], 'CAMERA_3': []}",C_QUESTION_ABOUT_FEATURE,CAMERA_2,autofocus_points,how about this camera how many auto focus points does this have,PRESENT_X,CAMERA_2,S_NOT_SURE,CAMERA_2,,I'm not really sure about that.,PRESENT_X,CAMERA_2,
339,9,CAMERA_2,['CAMERA_2'],"{'CAMERA_1': [], 'CAMERA_2': ['color', 'price', 'effects', 'camera_type', 'autofocus_points', 'weight'], 'CAMERA_3': []}",C_QUESTION_ABOUT_FEATURE,CAMERA_2,weight,how's the way on it,PRESENT_X,CAMERA_2,S_ANSWERS_QUESTION_ABOUT_FEATURE,CAMERA_2,weight,This one weighs 820 grams.,PRESENT_X,CAMERA_2,16~25
339,10,CAMERA_2,['CAMERA_2'],"{'CAMERA_1': [], 'CAMERA_2': ['color', 'price', 'effects', 'camera_type', 'autofocus_points', 'weight', 'long_exposure'], 'CAMERA_3': []}",C_QUESTION_ABOUT_FEATURE,CAMERA_2,long_exposure,and how about its exposure,PRESENT_X,CAMERA_2,S_ANSWERS_QUESTION_ABOUT_FEATURE,CAMERA_2,long_exposure,This one can take long exposures up to 60 minutes max with bulb mode.,PRESENT_X,CAMERA_2,39~68
339,11,CAMERA_2,['CAMERA_2'],"{'CAMERA_1': [], 'CAMERA_2': ['color', 'price', 'effects', 'camera_type', 'autofocus_points', 'weight', 'long_exposure', 'resolution'], 'CAMERA_3': []}",C_QUESTION_ABOUT_FEATURE,CAMERA_2,resolution,how many megapixels is it house,PRESENT_X,CAMERA_2,S_ANSWERS_QUESTION_ABOUT_FEATURE,CAMERA_2,resolution,This one has 23.8 megapixels resolution.,PRESENT_X,CAMERA_2,13~28
339,12,CAMERA_2,['CAMERA_2'],"{'CAMERA_1': [], 'CAMERA_2': ['color', 'price', 'effects', 'camera_type', 'autofocus_points', 'weight', 'long_exposure', 'resolution', 'optical_zoom'], 'CAMERA_3': []}",C_QUESTION_ABOUT_FEATURE,CAMERA_2,optical_zoom,under does it have a zoom,PRESENT_X,CAMERA_2,S_ANSWERS_QUESTION_ABOUT_FEATURE,CAMERA_2,optical_zoom,This one has 21x optical zoom.,PRESENT_X,CAMERA_2,13~29
339,13,CAMERA_2,['CAMERA_2'],"{'CAMERA_1': [], 'CAMERA_2': ['color', 'price', 'effects', 'camera_type', 'autofocus_points', 'weight', 'long_exposure', 'resolution', 'optical_zoom', 'sensor_size'], 'CAMERA_3': []}",C_SILENT_OR_BACKCHANNEL,CAMERA_2,NONE,great,PRESENT_X,CAMERA_2,S_INTRODUCES_FEATURE,CAMERA_2,sensor_size,This one has a 1/2.33 inch sensor.,PRESENT_X,CAMERA_2,15~33
339,14,NONE,['CAMERA_2'],"{'CAMERA_1': [], 'CAMERA_2': ['color', 'price', 'effects', 'camera_type', 'autofocus_points', 'weight', 'long_exposure', 'resolution', 'optical_zoom', 'sensor_size'], 'CAMERA_3': []}",C_THANK_YOU,CAMERA_2,NONE,I see that seems really hard alright thanks very much,PRESENT_X,CAMERA_2,S_THANK_YOU,CAMERA_2,NONE,thank you very much.,FACE_TO_FACE,NONE,
339,15,NONE,['CAMERA_2'],"{'CAMERA_1': [], 'CAMERA_2': ['color', 'price', 'effects', 'camera_type', 'autofocus_points', 'weight', 'long_exposure', 'resolution', 'optical_zoom', 'sensor_size'], 'CAMERA_3': []}",C_LEAVES,DOOR,NONE,,FACE_TO_FACE,NONE,S_RETURNS_TO_COUNTER,SERVICE_COUNTER,NONE,,WAITING,NONE,
340,1,NONE,[],"{'CAMERA_1': [], 'CAMERA_2': [], 'CAMERA_3': []}",C_ENTERS,DOOR,NONE,,WAITING,NONE,S_NONE,SERVICE_COUNTER,NONE,,WAITING,NONE,
340,2,NONE,[],"{'CAMERA_1': [], 'CAMERA_2': [], 'CAMERA_3': []}",C_WALKS_TO_CAMERA,CAMERA_3,NONE,,WAITING,NONE,S_GREETS,CAMERA_3,NONE,can I help you?,FACE_TO_FACE,NONE,
340,3,CAMERA_3,['CAMERA_3'],"{'CAMERA_1': [], 'CAMERA_2': [], 'CAMERA_3': []}",C_LOOKING_FOR_A_CAMERA,CAMERA_3,NONE,I'm looking for a nice camera,FACE_TO_FACE,NONE,S_INTRODUCES_CAMERA,CAMERA_3,,Let me show you this. Here we have the Fujifilm PowerShot ELPH S2800.,PRESENT_X,CAMERA_3,39~68
340,4,CAMERA_3,['CAMERA_3'],"{'CAMERA_1': [], 'CAMERA_2': [], 'CAMERA_3': ['color']}",C_QUESTION_ABOUT_FEATURE,CAMERA_3,color,do you like a rock in camera silver isn't very hard to fulfil do you have any other colors,PRESENT_X,CAMERA_3,S_ANSWERS_QUESTION_ABOUT_FEATURE,CAMERA_3,color,"This one comes in purple, white, silver, blue, red, or pink.",PRESENT_X,CAMERA_3,18~59
340,5,CAMERA_3,['CAMERA_3'],"{'CAMERA_1': [], 'CAMERA_2': [], 'CAMERA_3': ['color', 'price']}",C_QUESTION_ABOUT_FEATURE,CAMERA_3,price,you have any how much is this camera,PRESENT_X,CAMERA_3,S_ANSWERS_QUESTION_ABOUT_FEATURE,CAMERA_3,price,This one costs $518.,PRESENT_X,CAMERA_3,15~19
340,6,CAMERA_3,['CAMERA_3'],"{'CAMERA_1': [], 'CAMERA_2': [], 'CAMERA_3': ['color', 'price', 'optical_zoom']}",C_QUESTION_ABOUT_FEATURE,CAMERA_3,optical_zoom,I see ok can the optical zoom what does that do,PRESENT_X,CAMERA_3,S_NOT_SURE,CAMERA_3,,I'm not really sure about that.,PRESENT_X,CAMERA_3,
340,7,CAMERA_3,['CAMERA_3'],"{'CAMERA_1': [], 'CAMERA_2': [], 'CAMERA_3': ['color', 'price', 'optical_zoom', 'weight']}",C_QUESTION_ABOUT_FEATURE,CAMERA_3,weight,and this is very heavy will it fit in the pus okay,PRESENT_X,CAMERA_3,S_ANSWERS_QUESTION_ABOUT_FEATURE,CAMERA_3,weight,This one weighs 820 grams.,PRESENT_X,CAMERA_3,16~25
340,8,CAMERA_3,['CAMERA_3'],"{'CAMERA_1': [], 'CAMERA_2': [], 'CAMERA_3': ['color', 'price', 'optical_zoom', 'weight', 'resolution']}",C_QUESTION_ABOUT_FEATURE,CAMERA_3,resolution,and this is a touch screen,PRESENT_X,CAMERA_3,S_ANSWERS_QUESTION_ABOUT_FEATURE,CAMERA_3,resolution,This one has 23.2 megapixels resolution.,PRESENT_X,CAMERA_3,13~28
340,9,CAMERA_3,['CAMERA_3'],"{'CAMERA_1': [], 'CAMERA_2': [], 'CAMERA_3': ['color', 'price', 'optical_zoom', 'weight', 'resolution', 'effects']}",C_SILENT_OR_BACKCHANNEL,CAMERA_3,NONE,I see,PRESENT_X,CAMERA_3,S_INTRODUCES_FEATURE,CAMERA_3,effects,"This one has 21 photo effects (small face, retro, big eyes, etc.).",PRESENT_X,CAMERA_3,13~65
340,10,CAMERA_3,['CAMERA_3'],"{'CAMERA_1': [], 'CAMERA_2': [], 'CAMERA_3': ['color', 'price', 'optical_zoom', 'weight', 'resolution', 'effects', 'autofocus_points']}",C_SILENT_OR_BACKCHANNEL,CAMERA_3,NONE,that sounds good,PRESENT_X,CAMERA_3,S_INTRODUCES_FEATURE,CAMERA_3,autofocus_points,This one has 214 autofocus points.,PRESENT_X,CAMERA_3,13~33
340,11,CAMERA_3,['CAMERA_3'],"{'CAMERA_1': [], 'CAMERA_2': [], 'CAMERA_3': ['color', 'price', 'optical_zoom', 'weight', 'resolution', 'effects', 'autofocus_points', 'preset_modes']}",C_SILENT_OR_BACKCHANNEL,CAMERA_3,NONE,oh wow this is awesome all God,PRESENT_X,CAMERA_3,S_INTRODUCES_FEATURE,CAMERA_3,preset_modes,This one has various preset modes.,PRESENT_X,CAMERA_3,13~33
340,12,NONE,['CAMERA_3'],"{'CAMERA_1': [], 'CAMERA_2': [], 'CAMERA_3': ['color', 'price', 'optical_zoom', 'weight', 'resolution', 'effects', 'autofocus_points', 'preset_modes']}",C_THANK_YOU,CAMERA_3,NONE,okay thanks a lot,PRESENT_X,CAMERA_3,S_THANK_YOU,CAMERA_3,NONE,thank you very much.,FACE_TO_FACE,NONE,
340,13,NONE,['CAMERA_3'],"{'CAMERA_1': [], 'CAMERA_2': [], 'CAMERA_3': ['color', 'price', 'optical_zoom', 'weight', 'resolution', 'effects', 'autofocus_points', 'preset_modes']}",C_LEAVES,DOOR,NONE,,FACE_TO_FACE,NONE,S_RETURNS_TO_COUNTER,SERVICE_COUNTER,NONE,,WAITING,NONE,
341,1,NONE,[],"{'CAMERA_1': [], 'CAMERA_2': [], 'CAMERA_3': []}",C_ENTERS,DOOR,NONE,,WAITING,NONE,S_NONE,SERVICE_COUNTER,NONE,,WAITING,NONE,
341,2,NONE,[],"{'CAMERA_1': [], 'CAMERA_2': [], 'CAMERA_3': []}",C_GREETS,MIDDLE,NONE,excuse me,WAITING,NONE,S_GREETS,MIDDLE,NONE,can I help you?,FACE_TO_FACE,NONE,
341,3,CAMERA_2,['CAMERA_2'],"{'CAMERA_1': [], 'CAMERA_2': [], 'CAMERA_3': []}",C_LOOKING_FOR_A_CAMERA,MIDDLE,NONE,I'm here to see the cameras I want a new one,FACE_TO_FACE,NONE,S_INTRODUCES_CAMERA,CAMERA_2,,Let me show you this. Here we have the Fujifilm Lumix ILC Camera.,PRESENT_X,CAMERA_2,39~64
341,4,CAMERA_2,['CAMERA_2'],"{'CAMERA_1': [], 'CAMERA_2': ['sensor_size'], 'CAMERA_3': []}",C_SILENT_OR_BACKCHANNEL,CAMERA_2,NONE,okay,PRESENT_X,CAMERA_2,S_INTRODUCES_FEATURE,CAMERA_2,sensor_size,This one has a 1/2.33 inch sensor.,PRESENT_X,CAMERA_2,15~33
341,5,CAMERA_2,['CAMERA_2'],"{'CAMERA_1': [], 'CAMERA_2': ['sensor_size', 'effects'], 'CAMERA_3': []}",C_SILENT_OR_BACKCHANNEL,CAMERA_2,NONE,okay I say it,PRESENT_X,CAMERA_2,S_INTRODUCES_FEATURE,CAMERA_2,effects,"This one has 24 artistic effect modes (retro, lighter or darker skin tones, sepia, etc.).",PRESENT_X,CAMERA_2,13~88
341,6,NONE,['CAMERA_2'],"{'CAMERA_1': [], 'CAMERA_2': ['sensor_size', 'effects'], 'CAMERA_3': []}",C_THANK_YOU,CAMERA_2,NONE,ok thank you,PRESENT_X,CAMERA_2,S_THANK_YOU,CAMERA_2,NONE,thank you very much.,FACE_TO_FACE,NONE,
341,7,NONE,['CAMERA_2'],"{'CAMERA_1': [], 'CAMERA_2': ['sensor_size', 'effects'], 'CAMERA_3': []}",C_LEAVES,DOOR,NONE,,FACE_TO_FACE,NONE,S_RETURNS_TO_COUNTER,SERVICE_COUNTER,NONE,,WAITING,NONE,
342,1,NONE,[],"{'CAMERA_1': [], 'CAMERA_2': [], 'CAMERA_3': []}",C_ENTERS,DOOR,NONE,,WAITING,NONE,S_NONE,SERVICE_COUNTER,NONE,,WAITING,NONE,
342,2,NONE,[],"{'CAMERA_1': [], 'CAMERA_2': [], 'CAMERA_3': []}",C_GREETS,MIDDLE,NONE,excuse me,WAITING,NONE,S_GREETS,MIDDLE,NONE,can I help you?,FACE_TO_FACE,NONE,
342,3,CAMERA_1,['CAMERA_1'],"{'CAMERA_1': [], 'CAMERA_2': [], 'CAMERA_3': []}",C_LOOKING_FOR_A_CAMERA,MIDDLE,NONE,I want to look at your camera,FACE_TO_FACE,NONE,S_INTRODUCES_CAMERA,CAMERA_1,,Let me show you this. Here we have the Sony PowerShot ELPH DMC-ZS3.,PRESENT_X,CAMERA_1,39~66
342,4,CAMERA_1,['CAMERA_1'],"{'CAMERA_1': ['color'], 'CAMERA_2': [], 'CAMERA_3': []}",C_QUESTION_ABOUT_FEATURE,CAMERA_1,color,do you know how many colors this camera has,PRESENT_X,CAMERA_1,S_ANSWERS_QUESTION_ABOUT_FEATURE,CAMERA_1,color,This one comes in blue or black.,PRESENT_X,CAMERA_1,18~31
342,5,NONE,['CAMERA_1'],"{'CAMERA_1': ['color'], 'CAMERA_2': [], 'CAMERA_3': []}",C_THANK_YOU,CAMERA_1,NONE,alright thank you,PRESENT_X,CAMERA_1,S_THANK_YOU,CAMERA_1,NONE,thank you very much.,FACE_TO_FACE,NONE,
342,6,NONE,['CAMERA_1'],"{'CAMERA_1': ['color'], 'CAMERA_2': [], 'CAMERA_3': []}",C_LEAVES,DOOR,NONE,,FACE_TO_FACE,NONE,S_RETURNS_TO_COUNTER,SERVICE_COUNTER,NONE,,WAITING,NONE,
343,1,NONE,[],"{'CAMERA_1': [], 'CAMERA_2': [], 'CAMERA_3': []}",C_ENTERS,DOOR,NONE,,WAITING,NONE,S_NONE,SERVICE_COUNTER,NONE,,WAITING,NONE,
343,2,NONE,[],"{'CAMERA_1': [], 'CAMERA_2': [], 'CAMERA_3': []}",C_GREETS,MIDDLE,NONE,hi,WAITING,NONE,S_GREETS,MIDDLE,NONE,can I help you?,FACE_TO_FACE,NONE,
343,3,CAMERA_2,['CAMERA_2'],"{'CAMERA_1': [], 'CAMERA_2': [], 'CAMERA_3': []}",C_LOOKING_FOR_A_CAMERA,MIDDLE,NONE,I want to buy I want to buy a camera but I'm not sure which I need,FACE_TO_FACE,NONE,S_INTRODUCES_CAMERA,CAMERA_2,,Let me show you this. Here we have the Fujifilm Lumix ILC Camera.,PRESENT_X,CAMERA_2,39~64
343,4,CAMERA_2,['CAMERA_2'],"{'CAMERA_1': [], 'CAMERA_2': ['resolution'], 'CAMERA_3': []}",C_QUESTION_ABOUT_FEATURE,CAMERA_2,resolution,what it what is mega pixels,PRESENT_X,CAMERA_2,S_ANSWERS_QUESTION_ABOUT_FEATURE,CAMERA_2,resolution,This one has 23.8 megapixels resolution.,PRESENT_X,CAMERA_2,13~28
343,5,CAMERA_2,['CAMERA_2'],"{'CAMERA_1': [], 'CAMERA_2': ['resolution', 'preset_modes'], 'CAMERA_3': []}",C_QUESTION_ABOUT_FEATURE,CAMERA_2,preset_modes,does it have like candle mode,PRESENT_X,CAMERA_2,S_NOT_SURE,CAMERA_2,,I'm not really sure about that.,PRESENT_X,CAMERA_2,
343,6,NONE,['CAMERA_2'],"{'CAMERA_1': [], 'CAMERA_2': ['resolution', 'preset_modes'], 'CAMERA_3': []}",C_THANK_YOU,CAMERA_2,NONE,let me think about it I'll get back to you okay,PRESENT_X,CAMERA_2,S_THANK_YOU,CAMERA_2,NONE,thank you very much.,FACE_TO_FACE,NONE,
343,7,NONE,['CAMERA_2'],"{'CAMERA_1': [], 'CAMERA_2': ['resolution', 'preset_modes'], 'CAMERA_3': []}",C_LEAVES,DOOR,NONE,,FACE_TO_FACE,NONE,S_RETURNS_TO_COUNTER,SERVICE_COUNTER,NONE,,WAITING,NONE,
344,1,NONE,[],"{'CAMERA_1': [], 'CAMERA_2': [], 'CAMERA_3': []}",C_ENTERS,DOOR,NONE,,WAITING,NONE,S_NONE,SERVICE_COUNTER,NONE,,WAITING,NONE,
344,2,NONE,[],"{'CAMERA_1': [], 'CAMERA_2': [], 'CAMERA_3': []}",C_GREETS,MIDDLE,NONE,excuse me,WAITING,NONE,S_GREETS,MIDDLE,NONE,can I help you?,FACE_TO_FACE,NONE,
344,3,CAMERA_2,['CAMERA_2'],"{'CAMERA_1': [], 'CAMERA_2': [], 'CAMERA_3': []}",C_LOOKING_FOR_A_CAMERA,MIDDLE,NONE,hello I just want to take a look at your camera,FACE_TO_FACE,NONE,S_INTRODUCES_CAMERA,CAMERA_2,,Let me show you this. Here we have the Fujifilm Lumix ILC Camera.,PRESENT_X,CAMERA_2,39~64
344,4,CAMERA_2,['CAMERA_2'],"{'CAMERA_1': [], 'CAMERA_2': ['long_exposure'], 'CAMERA_3': []}",C_QUESTION_ABOUT_FEATURE,CAMERA_2,long_exposure,and how about the exposure,PRESENT_X,CAMERA_2,S_ANSWERS_QUESTION_ABOUT_FEATURE,CAMERA_2,long_exposure,This one can take long exposures up to 60 minutes max with bulb mode.,PRESENT_X,CAMERA_2,39~68
344,5,CAMERA_2,['CAMERA_2'],"{'CAMERA_1': [], 'CAMERA_2': ['long_exposure', 'color'], 'CAMERA_3': []}",C_QUESTION_ABOUT_FEATURE,CAMERA_2,color,yeah okay and how many colors does it come in,PRESENT_X,CAMERA_2,S_ANSWERS_QUESTION_ABOUT_FEATURE,CAMERA_2,color,This one comes in white or pink.,PRESENT_X,CAMERA_2,18~31
344,6,CAMERA_1,"['CAMERA_2', 'CAMERA_1']","{'CAMERA_1': [], 'CAMERA_2': ['long_exposure', 'color'], 'CAMERA_3': []}",C_ANYTHING_ELSE_AVAILABLE,CAMERA_2,NONE,do you have any other cameras with preset mode,PRESENT_X,CAMERA_2,S_INTRODUCES_CAMERA,CAMERA_1,,Let me show you this. Here we have the Sony PowerShot ELPH DMC-ZS3.,PRESENT_X,CAMERA_1,39~66
344,7,CAMERA_1,"['CAMERA_2', 'CAMERA_1']","{'CAMERA_1': ['long_exposure'], 'CAMERA_2': ['long_exposure', 'color'], 'CAMERA_3': []}",C_QUESTION_ABOUT_FEATURE,CAMERA_1,long_exposure,okay I see and has synthesizes and long exposures in manual settings on spreading good camera,PRESENT_X,CAMERA_1,S_ANSWERS_QUESTION_ABOUT_FEATURE,CAMERA_1,long_exposure,This one can take long exposures up to up to 15 seconds with Long Shutter Mode.,PRESENT_X,CAMERA_1,39~78
344,8,CAMERA_1,"['CAMERA_2', 'CAMERA_1']","{'CAMERA_1': ['long_exposure', 'sensor_size'], 'CAMERA_2': ['long_exposure', 'color'], 'CAMERA_3': []}",C_SILENT_OR_BACKCHANNEL,CAMERA_1,NONE,that sounds great what about the price,PRESENT_X,CAMERA_1,S_INTRODUCES_FEATURE,CAMERA_1,sensor_size,This one has a 1/2.3 inch CMOS sensor.,PRESENT_X,CAMERA_1,15~37
344,9,CAMERA_1,"['CAMERA_2', 'CAMERA_1']","{'CAMERA_1': ['long_exposure', 'sensor_size', 'color'], 'CAMERA_2': ['long_exposure', 'color'], 'CAMERA_3': []}",C_QUESTION_ABOUT_FEATURE,CAMERA_1,color,and it comes in different colors,PRESENT_X,CAMERA_1,S_ANSWERS_QUESTION_ABOUT_FEATURE,CAMERA_1,color,This one comes in blue or black.,PRESENT_X,CAMERA_1,18~31
344,10,CAMERA_1,"['CAMERA_2', 'CAMERA_1']","{'CAMERA_1': ['long_exposure', 'sensor_size', 'color', 'effects'], 'CAMERA_2': ['long_exposure', 'color'], 'CAMERA_3': []}",C_SILENT_OR_BACKCHANNEL,CAMERA_1,NONE,I say but yeah okay,PRESENT_X,CAMERA_1,S_INTRODUCES_FEATURE,CAMERA_1,effects,"This one has 24 glamor retouch effects (miniature, retro, toy camera, etc.).",PRESENT_X,CAMERA_1,13~75
344,11,CAMERA_3,"['CAMERA_2', 'CAMERA_1', 'CAMERA_3']","{'CAMERA_1': ['long_exposure', 'sensor_size', 'color', 'effects'], 'CAMERA_2': ['long_exposure', 'color'], 'CAMERA_3': []}",C_ANYTHING_ELSE_AVAILABLE,CAMERA_1,NONE,Do you have other cameras that I could afford,PRESENT_X,CAMERA_1,S_INTRODUCES_CAMERA,CAMERA_3,,Let me show you this. Here we have the Fujifilm PowerShot ELPH S2800.,PRESENT_X,CAMERA_3,39~68
344,12,CAMERA_3,"['CAMERA_2', 'CAMERA_1', 'CAMERA_3']","{'CAMERA_1': ['long_exposure', 'sensor_size', 'color', 'effects'], 'CAMERA_2': ['long_exposure', 'color'], 'CAMERA_3': ['effects']}",C_SILENT_OR_BACKCHANNEL,CAMERA_3,NONE,ok,PRESENT_X,CAMERA_3,S_INTRODUCES_FEATURE,CAMERA_3,effects,"This one has 21 photo effects (small face, retro, big eyes, etc.).",PRESENT_X,CAMERA_3,13~65
344,13,,"['CAMERA_2', 'CAMERA_1', 'CAMERA_3']","{'CAMERA_1': ['long_exposure', 'sensor_size', 'color', 'effects'], 'CAMERA_2': ['long_exposure', 'color'], 'CAMERA_3': ['effects']}",C_ANYTHING_ELSE_AVAILABLE,CAMERA_3,NONE,oh I see that's very interesting do you have any other cameras that you can recommend me,PRESENT_X,CAMERA_3,S_THATS_ALL_WE_HAVE_AVAILABLE,CAMERA_3,,That's all we have available at the moment.,PRESENT_X,CAMERA_3,
344,14,NONE,"['CAMERA_2', 'CAMERA_1', 'CAMERA_3']","{'CAMERA_1': ['long_exposure', 'sensor_size', 'color', 'effects'], 'CAMERA_2': ['long_exposure', 'color'], 'CAMERA_3': ['effects']}",C_THANK_YOU,CAMERA_3,NONE,thank you,PRESENT_X,CAMERA_3,S_THANK_YOU,CAMERA_3,NONE,thank you very much.,FACE_TO_FACE,NONE,
344,15,NONE,"['CAMERA_2', 'CAMERA_1', 'CAMERA_3']","{'CAMERA_1': ['long_exposure', 'sensor_size', 'color', 'effects'], 'CAMERA_2': ['long_exposure', 'color'], 'CAMERA_3': ['effects']}",C_LEAVES,DOOR,NONE,,FACE_TO_FACE,NONE,S_RETURNS_TO_COUNTER,SERVICE_COUNTER,NONE,,WAITING,NONE,
345,1,NONE,[],"{'CAMERA_1': [], 'CAMERA_2': [], 'CAMERA_3': []}",C_ENTERS,DOOR,NONE,,WAITING,NONE,S_NONE,SERVICE_COUNTER,NONE,,WAITING,NONE,
345,2,NONE,[],"{'CAMERA_1': [], 'CAMERA_2': [], 'CAMERA_3': []}",C_GREETS,MIDDLE,NONE,hello,WAITING,NONE,S_GREETS,MIDDLE,NONE,can I help you?,FACE_TO_FACE,NONE,
345,3,CAMERA_1,['CAMERA_1'],"{'CAMERA_1': [], 'CAMERA_2': [], 'CAMERA_3': []}",C_LOOKING_FOR_A_CAMERA,MIDDLE,NONE,I'm looking for camera so I can take good shots on when I go travelling I miss you very interested in photography so do you recommend this camera,FACE_TO_FACE,NONE,S_INTRODUCES_CAMERA,CAMERA_1,,Let me show you this. Here we have the Sony PowerShot ELPH DMC-ZS3.,PRESENT_X,CAMERA_1,39~66
345,4,CAMERA_1,['CAMERA_1'],"{'CAMERA_1': ['effects'], 'CAMERA_2': [], 'CAMERA_3': []}",C_SILENT_OR_BACKCHANNEL,CAMERA_1,NONE,ic,PRESENT_X,CAMERA_1,S_INTRODUCES_FEATURE,CAMERA_1,effects,"This one has 24 glamor retouch effects (miniature, retro, toy camera, etc.).",PRESENT_X,CAMERA_1,13~75
345,5,CAMERA_1,['CAMERA_1'],"{'CAMERA_1': ['effects', 'price'], 'CAMERA_2': [], 'CAMERA_3': []}",C_QUESTION_ABOUT_FEATURE,CAMERA_1,price,and how much is this one,PRESENT_X,CAMERA_1,S_ANSWERS_QUESTION_ABOUT_FEATURE,CAMERA_1,price,This one costs $450.,PRESENT_X,CAMERA_1,15~19
345,6,CAMERA_1,['CAMERA_1'],"{'CAMERA_1': ['effects', 'price', 'camera_type'], 'CAMERA_2': [], 'CAMERA_3': []}",C_QUESTION_ABOUT_FEATURE,CAMERA_1,camera_type,what kind of camera is this,PRESENT_X,CAMERA_1,S_ANSWERS_QUESTION_ABOUT_FEATURE,CAMERA_1,camera_type,This is a DSLR camera.,PRESENT_X,CAMERA_1,10~14
345,7,CAMERA_1,['CAMERA_1'],"{'CAMERA_1': ['effects', 'price', 'camera_type', 'preset_modes'], 'CAMERA_2': [], 'CAMERA_3': []}",C_QUESTION_ABOUT_FEATURE,CAMERA_1,preset_modes,do you have any cameras with landscape night mode and menu settings,PRESENT_X,CAMERA_1,S_NOT_SURE,CAMERA_1,,I'm not really sure about that.,PRESENT_X,CAMERA_1,
345,8,CAMERA_1,['CAMERA_1'],"{'CAMERA_1': ['effects', 'price', 'camera_type', 'preset_modes', 'optical_zoom'], 'CAMERA_2': [], 'CAMERA_3': []}",C_QUESTION_ABOUT_FEATURE,CAMERA_1,optical_zoom,you mention about optical zooms what does that mean can you explain to me,PRESENT_X,CAMERA_1,S_ANSWERS_QUESTION_ABOUT_FEATURE,CAMERA_1,optical_zoom,This one has 21x optical zoom.,PRESENT_X,CAMERA_1,13~29
345,9,CAMERA_1,['CAMERA_1'],"{'CAMERA_1': ['effects', 'price', 'camera_type', 'preset_modes', 'optical_zoom', 'autofocus_points'], 'CAMERA_2': [], 'CAMERA_3': []}",C_QUESTION_ABOUT_FEATURE,CAMERA_1,autofocus_points,I was trying to find out the auto focus points,PRESENT_X,CAMERA_1,S_ANSWERS_QUESTION_ABOUT_FEATURE,CAMERA_1,autofocus_points,This one has 135 autofocus points.,PRESENT_X,CAMERA_1,13~33
345,10,CAMERA_1,['CAMERA_1'],"{'CAMERA_1': ['effects', 'price', 'camera_type', 'preset_modes', 'optical_zoom', 'autofocus_points', 'resolution'], 'CAMERA_2': [], 'CAMERA_3': []}",C_QUESTION_ABOUT_FEATURE,CAMERA_1,resolution,and how many megapixels does it have,PRESENT_X,CAMERA_1,S_ANSWERS_QUESTION_ABOUT_FEATURE,CAMERA_1,resolution,This one has 17.8 megapixels resolution.,PRESENT_X,CAMERA_1,13~28
345,11,CAMERA_1,['CAMERA_1'],"{'CAMERA_1': ['effects', 'price', 'camera_type', 'preset_modes', 'optical_zoom', 'autofocus_points', 'resolution', 'sensor_size'], 'CAMERA_2': [], 'CAMERA_3': []}",C_QUESTION_ABOUT_FEATURE,CAMERA_1,sensor_size,and how big is it,PRESENT_X,CAMERA_1,S_ANSWERS_QUESTION_ABOUT_FEATURE,CAMERA_1,sensor_size,This one has a 1/2.3 inch CMOS sensor.,PRESENT_X,CAMERA_1,15~37
345,12,CAMERA_1,['CAMERA_1'],"{'CAMERA_1': ['effects', 'price', 'camera_type', 'preset_modes', 'optical_zoom', 'autofocus_points', 'resolution', 'sensor_size', 'long_exposure'], 'CAMERA_2': [], 'CAMERA_3': []}",C_QUESTION_ABOUT_FEATURE,CAMERA_1,long_exposure,what what's the exposure how long how high does it go,PRESENT_X,CAMERA_1,S_ANSWERS_QUESTION_ABOUT_FEATURE,CAMERA_1,long_exposure,This one can take long exposures up to up to 15 seconds with Long Shutter Mode.,PRESENT_X,CAMERA_1,39~78
345,13,CAMERA_1,['CAMERA_1'],"{'CAMERA_1': ['effects', 'price', 'camera_type', 'preset_modes', 'optical_zoom', 'autofocus_points', 'resolution', 'sensor_size', 'long_exposure', 'ISO'], 'CAMERA_2': [], 'CAMERA_3': []}",C_QUESTION_ABOUT_FEATURE,CAMERA_1,ISO,okay and what is the what is ISO,PRESENT_X,CAMERA_1,S_ANSWERS_QUESTION_ABOUT_FEATURE,CAMERA_1,ISO,This one has up to 51200 ISO.,PRESENT_X,CAMERA_1,13~28
345,14,NONE,['CAMERA_1'],"{'CAMERA_1': ['effects', 'price', 'camera_type', 'preset_modes', 'optical_zoom', 'autofocus_points', 'resolution', 'sensor_size', 'long_exposure', 'ISO'], 'CAMERA_2': [], 'CAMERA_3': []}",C_THANK_YOU,CAMERA_1,NONE,thanks very much,PRESENT_X,CAMERA_1,S_THANK_YOU,CAMERA_1,NONE,thank you very much.,FACE_TO_FACE,NONE,
345,15,NONE,['CAMERA_1'],"{'CAMERA_1': ['effects', 'price', 'camera_type', 'preset_modes', 'optical_zoom', 'autofocus_points', 'resolution', 'sensor_size', 'long_exposure', 'ISO'], 'CAMERA_2': [], 'CAMERA_3': []}",C_LEAVES,DOOR,NONE,,FACE_TO_FACE,NONE,S_RETURNS_TO_COUNTER,SERVICE_COUNTER,NONE,,WAITING,NONE,
346,1,NONE,[],"{'CAMERA_1': [], 'CAMERA_2': [], 'CAMERA_3': []}",C_ENTERS,DOOR,NONE,,WAITING,NONE,S_NONE,SERVICE_COUNTER,NONE,,WAITING,NONE,
346,2,NONE,[],"{'CAMERA_1': [], 'CAMERA_2': [], 'CAMERA_3': []}",C_GREETS,MIDDLE,NONE,Hi do you have a moment,WAITING,NONE,S_GREETS,MIDDLE,NONE,can I help you?,FACE_TO_FACE,NONE,
346,3,CAMERA_2,['CAMERA_2'],"{'CAMERA_1': [], 'CAMERA_2': [], 'CAMERA_3': []}",C_LOOKING_FOR_A_CAMERA,MIDDLE,NONE,I'm looking for a camera to replace my old one,FACE_TO_FACE,NONE,S_INTRODUCES_CAMERA,CAMERA_2,,Let me show you this. Here we have the Fujifilm Lumix ILC Camera.,PRESENT_X,CAMERA_2,39~64
346,4,CAMERA_2,['CAMERA_2'],"{'CAMERA_1': [], 'CAMERA_2': ['preset_modes'], 'CAMERA_3': []}",C_QUESTION_ABOUT_FEATURE,CAMERA_2,preset_modes,does it have any preset modes,PRESENT_X,CAMERA_2,S_NOT_SURE,CAMERA_2,,I'm not really sure about that.,PRESENT_X,CAMERA_2,
346,5,CAMERA_2,['CAMERA_2'],"{'CAMERA_1': [], 'CAMERA_2': ['preset_modes', 'optical_zoom'], 'CAMERA_3': []}",C_QUESTION_ABOUT_FEATURE,CAMERA_2,optical_zoom,and what about the optical zoom,PRESENT_X,CAMERA_2,S_ANSWERS_QUESTION_ABOUT_FEATURE,CAMERA_2,optical_zoom,This one has 21x optical zoom.,PRESENT_X,CAMERA_2,13~29
346,6,CAMERA_2,['CAMERA_2'],"{'CAMERA_1': [], 'CAMERA_2': ['preset_modes', 'optical_zoom', 'long_exposure'], 'CAMERA_3': []}",C_QUESTION_ABOUT_FEATURE,CAMERA_2,long_exposure,ok what about the long exposure rate how good is that,PRESENT_X,CAMERA_2,S_ANSWERS_QUESTION_ABOUT_FEATURE,CAMERA_2,long_exposure,This one can take long exposures up to 60 minutes max with bulb mode.,PRESENT_X,CAMERA_2,39~68
346,7,CAMERA_1,"['CAMERA_2', 'CAMERA_1']","{'CAMERA_1': [], 'CAMERA_2': ['preset_modes', 'optical_zoom', 'long_exposure'], 'CAMERA_3': []}",C_ANYTHING_ELSE_AVAILABLE,CAMERA_2,NONE,ok do you have any other cameras,PRESENT_X,CAMERA_2,S_INTRODUCES_CAMERA,CAMERA_1,,Let me show you this. Here we have the Sony PowerShot ELPH DMC-ZS3.,PRESENT_X,CAMERA_1,39~66
346,8,CAMERA_1,"['CAMERA_2', 'CAMERA_1']","{'CAMERA_1': ['weight'], 'CAMERA_2': ['preset_modes', 'optical_zoom', 'long_exposure'], 'CAMERA_3': []}",C_QUESTION_ABOUT_FEATURE,CAMERA_1,weight,and this is very heavy will it fit in the pus okay,PRESENT_X,CAMERA_1,S_ANSWERS_QUESTION_ABOUT_FEATURE,CAMERA_1,weight,This one weighs 800 grams.,PRESENT_X,CAMERA_1,16~25
346,9,CAMERA_1,"['CAMERA_2', 'CAMERA_1']","{'CAMERA_1': ['weight', 'color'], 'CAMERA_2': ['preset_modes', 'optical_zoom', 'long_exposure'], 'CAMERA_3': []}",C_QUESTION_ABOUT_FEATURE,CAMERA_1,color,that's cool what colors does it come in,PRESENT_X,CAMERA_1,S_ANSWERS_QUESTION_ABOUT_FEATURE,CAMERA_1,color,This one comes in blue or black.,PRESENT_X,CAMERA_1,18~31
346,10,CAMERA_1,"['CAMERA_2', 'CAMERA_1']","{'CAMERA_1': ['weight', 'color', 'camera_type'], 'CAMERA_2': ['preset_modes', 'optical_zoom', 'long_exposure'], 'CAMERA_3': []}",C_QUESTION_ABOUT_FEATURE,CAMERA_1,camera_type,is this a point and shoot camera,PRESENT_X,CAMERA_1,S_ANSWERS_QUESTION_ABOUT_FEATURE,CAMERA_1,camera_type,This is a DSLR camera.,PRESENT_X,CAMERA_1,10~14
346,11,CAMERA_1,"['CAMERA_2', 'CAMERA_1']","{'CAMERA_1': ['weight', 'color', 'camera_type', 'sensor_size'], 'CAMERA_2': ['preset_modes', 'optical_zoom', 'long_exposure'], 'CAMERA_3': []}",C_QUESTION_ABOUT_FEATURE,CAMERA_1,sensor_size,synthesize of this camera,PRESENT_X,CAMERA_1,S_ANSWERS_QUESTION_ABOUT_FEATURE,CAMERA_1,sensor_size,This one has a 1/2.3 inch CMOS sensor.,PRESENT_X,CAMERA_1,15~37
346,12,CAMERA_1,"['CAMERA_2', 'CAMERA_1']","{'CAMERA_1': ['weight', 'color', 'camera_type', 'sensor_size', 'price'], 'CAMERA_2': ['preset_modes', 'optical_zoom', 'long_exposure'], 'CAMERA_3': []}",C_QUESTION_ABOUT_FEATURE,CAMERA_1,price,how much does this phone cost,PRESENT_X,CAMERA_1,S_ANSWERS_QUESTION_ABOUT_FEATURE,CAMERA_1,price,This one costs $450.,PRESENT_X,CAMERA_1,15~19
346,13,NONE,"['CAMERA_2', 'CAMERA_1']","{'CAMERA_1': ['weight', 'color', 'camera_type', 'sensor_size', 'price'], 'CAMERA_2': ['preset_modes', 'optical_zoom', 'long_exposure'], 'CAMERA_3': []}",C_THANK_YOU,CAMERA_1,NONE,okay thank you very much,PRESENT_X,CAMERA_1,S_THANK_YOU,CAMERA_1,NONE,thank you very much.,FACE_TO_FACE,NONE,
346,14,NONE,"['CAMERA_2', 'CAMERA_1']","{'CAMERA_1': ['weight', 'color', 'camera_type', 'sensor_size', 'price'], 'CAMERA_2': ['preset_modes', 'optical_zoom', 'long_exposure'], 'CAMERA_3': []}",C_LEAVES,DOOR,NONE,,FACE_TO_FACE,NONE,S_RETURNS_TO_COUNTER,SERVICE_COUNTER,NONE,,WAITING,NONE,
347,1,NONE,[],"{'CAMERA_1': [], 'CAMERA_2': [], 'CAMERA_3': []}",C_ENTERS,DOOR,NONE,,WAITING,NONE,S_NONE,SERVICE_COUNTER,NONE,,WAITING,NONE,
347,2,NONE,[],"{'CAMERA_1': [], 'CAMERA_2': [], 'CAMERA_3': []}",C_GREETS,MIDDLE,NONE,excuse me,WAITING,NONE,S_GREETS,MIDDLE,NONE,can I help you?,FACE_TO_FACE,NONE,
347,3,CAMERA_3,['CAMERA_3'],"{'CAMERA_1': [], 'CAMERA_2': [], 'CAMERA_3': []}",C_LOOKING_FOR_A_CAMERA,MIDDLE,NONE,I'm looking to buy a new camera how loose affordable,FACE_TO_FACE,NONE,S_INTRODUCES_CAMERA,CAMERA_3,,Let me show you this. Here we have the Fujifilm PowerShot ELPH S2800.,PRESENT_X,CAMERA_3,39~68
347,4,CAMERA_3,['CAMERA_3'],"{'CAMERA_1': [], 'CAMERA_2': [], 'CAMERA_3': ['sensor_size']}",C_QUESTION_ABOUT_FEATURE,CAMERA_3,sensor_size,this camera looks quite heavy compared to the smaller ones but how big is the sensor on it,PRESENT_X,CAMERA_3,S_ANSWERS_QUESTION_ABOUT_FEATURE,CAMERA_3,sensor_size,This one has a full frame.,PRESENT_X,CAMERA_3,15~25
347,5,CAMERA_1,"['CAMERA_3', 'CAMERA_1']","{'CAMERA_1': [], 'CAMERA_2': [], 'CAMERA_3': ['sensor_size']}",C_ANYTHING_ELSE_AVAILABLE,CAMERA_3,NONE,that's good that's okay I like it when do you have other models in this area,PRESENT_X,CAMERA_3,S_INTRODUCES_CAMERA,CAMERA_1,,Let me show you this. Here we have the Sony PowerShot ELPH DMC-ZS3.,PRESENT_X,CAMERA_1,39~66
347,6,CAMERA_1,"['CAMERA_3', 'CAMERA_1']","{'CAMERA_1': ['settings'], 'CAMERA_2': [], 'CAMERA_3': ['sensor_size']}",C_QUESTION_ABOUT_FEATURE,CAMERA_1,settings,how much Freedom do I get when using this camera,PRESENT_X,CAMERA_1,S_ANSWERS_QUESTION_ABOUT_FEATURE,CAMERA_1,settings,This one has limited manual settings.,PRESENT_X,CAMERA_1,13~36
347,7,CAMERA_1,"['CAMERA_3', 'CAMERA_1']","{'CAMERA_1': ['settings', 'camera_type'], 'CAMERA_2': [], 'CAMERA_3': ['sensor_size']}",C_QUESTION_ABOUT_FEATURE,CAMERA_1,camera_type,is this a DSLR camera,PRESENT_X,CAMERA_1,S_ANSWERS_QUESTION_ABOUT_FEATURE,CAMERA_1,camera_type,This is a DSLR camera.,PRESENT_X,CAMERA_1,10~14
347,8,CAMERA_1,"['CAMERA_3', 'CAMERA_1']","{'CAMERA_1': ['settings', 'camera_type', 'resolution'], 'CAMERA_2': [], 'CAMERA_3': ['sensor_size']}",C_QUESTION_ABOUT_FEATURE,CAMERA_1,resolution,I said he's got the glamour of a touch affect what what does that mean,PRESENT_X,CAMERA_1,S_ANSWERS_QUESTION_ABOUT_FEATURE,CAMERA_1,resolution,This one has 17.8 megapixels resolution.,PRESENT_X,CAMERA_1,13~28
347,9,CAMERA_1,"['CAMERA_3', 'CAMERA_1']","{'CAMERA_1': ['settings', 'camera_type', 'resolution', 'long_exposure'], 'CAMERA_2': [], 'CAMERA_3': ['sensor_size']}",C_SILENT_OR_BACKCHANNEL,CAMERA_1,NONE,okay,PRESENT_X,CAMERA_1,S_INTRODUCES_FEATURE,CAMERA_1,long_exposure,This one can take long exposures up to up to 15 seconds with Long Shutter Mode.,PRESENT_X,CAMERA_1,39~78
347,10,CAMERA_1,"['CAMERA_3', 'CAMERA_1']","{'CAMERA_1': ['settings', 'camera_type', 'resolution', 'long_exposure', 'optical_zoom'], 'CAMERA_2': [], 'CAMERA_3': ['sensor_size']}",C_QUESTION_ABOUT_FEATURE,CAMERA_1,optical_zoom,okay an optical zoom what does this,PRESENT_X,CAMERA_1,S_ANSWERS_QUESTION_ABOUT_FEATURE,CAMERA_1,optical_zoom,This one has 21x optical zoom.,PRESENT_X,CAMERA_1,13~29
347,11,NONE,"['CAMERA_3', 'CAMERA_1']","{'CAMERA_1': ['settings', 'camera_type', 'resolution', 'long_exposure', 'optical_zoom'], 'CAMERA_2': [], 'CAMERA_3': ['sensor_size']}",C_THANK_YOU,CAMERA_1,NONE,thank you very much,PRESENT_X,CAMERA_1,S_THANK_YOU,CAMERA_1,NONE,thank you very much.,FACE_TO_FACE,NONE,
347,12,NONE,"['CAMERA_3', 'CAMERA_1']","{'CAMERA_1': ['settings', 'camera_type', 'resolution', 'long_exposure', 'optical_zoom'], 'CAMERA_2': [], 'CAMERA_3': ['sensor_size']}",C_LEAVES,DOOR,NONE,,FACE_TO_FACE,NONE,S_RETURNS_TO_COUNTER,SERVICE_COUNTER,NONE,,WAITING,NONE,
348,1,NONE,[],"{'CAMERA_1': [], 'CAMERA_2': [], 'CAMERA_3': []}",C_ENTERS,DOOR,NONE,,WAITING,NONE,S_NONE,SERVICE_COUNTER,NONE,,WAITING,NONE,
348,2,NONE,[],"{'CAMERA_1': [], 'CAMERA_2': [], 'CAMERA_3': []}",C_WALKS_TO_CAMERA,CAMERA_1,NONE,,WAITING,NONE,S_NONE,SERVICE_COUNTER,NONE,,WAITING,NONE,
348,3,CAMERA_1,['CAMERA_1'],"{'CAMERA_1': ['effects'], 'CAMERA_2': [], 'CAMERA_3': []}",C_QUESTION_ABOUT_FEATURE,CAMERA_1,effects,what kind of effects does it have,WAITING,NONE,S_ANSWERS_QUESTION_ABOUT_FEATURE,CAMERA_1,effects,"This one has 24 glamor retouch effects (miniature, retro, toy camera, etc.).",PRESENT_X,CAMERA_1,13~75
348,4,CAMERA_1,['CAMERA_1'],"{'CAMERA_1': ['effects', 'price'], 'CAMERA_2': [], 'CAMERA_3': []}",C_QUESTION_ABOUT_FEATURE,CAMERA_1,price,oh yeah you're right it's a really good under how much does this phone cost,PRESENT_X,CAMERA_1,S_ANSWERS_QUESTION_ABOUT_FEATURE,CAMERA_1,price,This one costs $450.,PRESENT_X,CAMERA_1,15~19
348,5,CAMERA_1,['CAMERA_1'],"{'CAMERA_1': ['effects', 'price', 'sensor_size'], 'CAMERA_2': [], 'CAMERA_3': []}",C_QUESTION_ABOUT_FEATURE,CAMERA_1,sensor_size,what is the size of this camera,PRESENT_X,CAMERA_1,S_ANSWERS_QUESTION_ABOUT_FEATURE,CAMERA_1,sensor_size,This one has a 1/2.3 inch CMOS sensor.,PRESENT_X,CAMERA_1,15~37
348,6,CAMERA_1,['CAMERA_1'],"{'CAMERA_1': ['effects', 'price', 'sensor_size', 'resolution'], 'CAMERA_2': [], 'CAMERA_3': []}",C_SILENT_OR_BACKCHANNEL,CAMERA_1,NONE,that sounds good,PRESENT_X,CAMERA_1,S_INTRODUCES_FEATURE,CAMERA_1,resolution,This one has 17.8 megapixels resolution.,PRESENT_X,CAMERA_1,13~28
348,7,CAMERA_1,['CAMERA_1'],"{'CAMERA_1': ['effects', 'price', 'sensor_size', 'resolution', 'ISO'], 'CAMERA_2': [], 'CAMERA_3': []}",C_SILENT_OR_BACKCHANNEL,CAMERA_1,NONE,18 days 20 Mega something else's uh huh,PRESENT_X,CAMERA_1,S_INTRODUCES_FEATURE,CAMERA_1,ISO,This one has up to 51200 ISO.,PRESENT_X,CAMERA_1,13~28
348,8,NONE,['CAMERA_1'],"{'CAMERA_1': ['effects', 'price', 'sensor_size', 'resolution', 'ISO'], 'CAMERA_2': [], 'CAMERA_3': []}",C_THANK_YOU,CAMERA_1,NONE,I will think about it then thank you,PRESENT_X,CAMERA_1,S_THANK_YOU,CAMERA_1,NONE,thank you very much.,FACE_TO_FACE,NONE,
348,9,NONE,['CAMERA_1'],"{'CAMERA_1': ['effects', 'price', 'sensor_size', 'resolution', 'ISO'], 'CAMERA_2': [], 'CAMERA_3': []}",C_LEAVES,DOOR,NONE,,FACE_TO_FACE,NONE,S_RETURNS_TO_COUNTER,SERVICE_COUNTER,NONE,,WAITING,NONE,
349,1,NONE,[],"{'CAMERA_1': [], 'CAMERA_2': [], 'CAMERA_3': []}",C_ENTERS,DOOR,NONE,,WAITING,NONE,S_NONE,SERVICE_COUNTER,NONE,,WAITING,NONE,
349,2,NONE,[],"{'CAMERA_1': [], 'CAMERA_2': [], 'CAMERA_3': []}",C_GREETS,MIDDLE,NONE,hi bye bye,WAITING,NONE,S_GREETS,MIDDLE,NONE,can I help you?,FACE_TO_FACE,NONE,
349,3,CAMERA_1,['CAMERA_1'],"{'CAMERA_1': [], 'CAMERA_2': [], 'CAMERA_3': []}",C_LOOKING_FOR_A_CAMERA,MIDDLE,NONE,I'm looking for a mid mid range priced camera,FACE_TO_FACE,NONE,S_INTRODUCES_CAMERA,CAMERA_1,,Let me show you this. Here we have the Sony PowerShot ELPH DMC-ZS3.,PRESENT_X,CAMERA_1,39~66
349,4,CAMERA_1,['CAMERA_1'],"{'CAMERA_1': ['settings'], 'CAMERA_2': [], 'CAMERA_3': []}",C_SILENT_OR_BACKCHANNEL,CAMERA_1,NONE,yeah yeah yeah,PRESENT_X,CAMERA_1,S_INTRODUCES_FEATURE,CAMERA_1,settings,This one has limited manual settings.,PRESENT_X,CAMERA_1,13~36
349,5,CAMERA_1,['CAMERA_1'],"{'CAMERA_1': ['settings', 'sensor_size'], 'CAMERA_2': [], 'CAMERA_3': []}",C_QUESTION_ABOUT_FEATURE,CAMERA_1,sensor_size,what is this camera sensor size,PRESENT_X,CAMERA_1,S_ANSWERS_QUESTION_ABOUT_FEATURE,CAMERA_1,sensor_size,This one has a 1/2.3 inch CMOS sensor.,PRESENT_X,CAMERA_1,15~37
349,6,CAMERA_1,['CAMERA_1'],"{'CAMERA_1': ['settings', 'sensor_size', 'long_exposure'], 'CAMERA_2': [], 'CAMERA_3': []}",C_SILENT_OR_BACKCHANNEL,CAMERA_1,NONE,ok,PRESENT_X,CAMERA_1,S_INTRODUCES_FEATURE,CAMERA_1,long_exposure,This one can take long exposures up to up to 15 seconds with Long Shutter Mode.,PRESENT_X,CAMERA_1,39~78
349,7,CAMERA_1,['CAMERA_1'],"{'CAMERA_1': ['settings', 'sensor_size', 'long_exposure', 'weight'], 'CAMERA_2': [], 'CAMERA_3': []}",C_QUESTION_ABOUT_FEATURE,CAMERA_1,weight,wow what about the wait how how heavy is it,PRESENT_X,CAMERA_1,S_ANSWERS_QUESTION_ABOUT_FEATURE,CAMERA_1,weight,This one weighs 800 grams.,PRESENT_X,CAMERA_1,16~25
349,8,CAMERA_1,['CAMERA_1'],"{'CAMERA_1': ['settings', 'sensor_size', 'long_exposure', 'weight', 'autofocus_points'], 'CAMERA_2': [], 'CAMERA_3': []}",C_SILENT_OR_BACKCHANNEL,CAMERA_1,NONE,IC,PRESENT_X,CAMERA_1,S_INTRODUCES_FEATURE,CAMERA_1,autofocus_points,This one has 135 autofocus points.,PRESENT_X,CAMERA_1,13~33
349,9,CAMERA_3,"['CAMERA_1', 'CAMERA_3']","{'CAMERA_1': ['settings', 'sensor_size', 'long_exposure', 'weight', 'autofocus_points'], 'CAMERA_2': [], 'CAMERA_3': []}",C_ANYTHING_ELSE_AVAILABLE,CAMERA_1,NONE,Do you have other cameras that I could afford,PRESENT_X,CAMERA_1,S_INTRODUCES_CAMERA,CAMERA_3,,Let me show you this. Here we have the Fujifilm PowerShot ELPH S2800.,PRESENT_X,CAMERA_3,39~68
349,10,CAMERA_3,"['CAMERA_1', 'CAMERA_3']","{'CAMERA_1': ['settings', 'sensor_size', 'long_exposure', 'weight', 'autofocus_points'], 'CAMERA_2': [], 'CAMERA_3': ['settings']}",C_QUESTION_ABOUT_FEATURE,CAMERA_3,settings,on the manual settings,PRESENT_X,CAMERA_3,S_ANSWERS_QUESTION_ABOUT_FEATURE,CAMERA_3,settings,"This one has manual control and various automatic settings (video modeburst shooting, etc.).",PRESENT_X,CAMERA_3,13~91
349,11,CAMERA_3,"['CAMERA_1', 'CAMERA_3']","{'CAMERA_1': ['settings', 'sensor_size', 'long_exposure', 'weight', 'autofocus_points'], 'CAMERA_2': [], 'CAMERA_3': ['settings', 'autofocus_points']}",C_QUESTION_ABOUT_FEATURE,CAMERA_3,autofocus_points,how many oz are Focus points,PRESENT_X,CAMERA_3,S_ANSWERS_QUESTION_ABOUT_FEATURE,CAMERA_3,autofocus_points,This one has 214 autofocus points.,PRESENT_X,CAMERA_3,13~33
349,12,CAMERA_3,"['CAMERA_1', 'CAMERA_3']","{'CAMERA_1': ['settings', 'sensor_size', 'long_exposure', 'weight', 'autofocus_points'], 'CAMERA_2': [], 'CAMERA_3': ['settings', 'autofocus_points', 'ISO']}",C_SILENT_OR_BACKCHANNEL,CAMERA_3,NONE,ok,PRESENT_X,CAMERA_3,S_INTRODUCES_FEATURE,CAMERA_3,ISO,This one has up to 3200 ISO with little noise.,PRESENT_X,CAMERA_3,13~45
349,13,CAMERA_3,"['CAMERA_1', 'CAMERA_3']","{'CAMERA_1': ['settings', 'sensor_size', 'long_exposure', 'weight', 'autofocus_points'], 'CAMERA_2': [], 'CAMERA_3': ['settings', 'autofocus_points', 'ISO', 'price']}",C_SILENT_OR_BACKCHANNEL,CAMERA_3,NONE,that sounds good,PRESENT_X,CAMERA_3,S_INTRODUCES_FEATURE,CAMERA_3,price,This one costs $518.,PRESENT_X,CAMERA_3,15~19
349,14,CAMERA_3,"['CAMERA_1', 'CAMERA_3']","{'CAMERA_1': ['settings', 'sensor_size', 'long_exposure', 'weight', 'autofocus_points'], 'CAMERA_2': [], 'CAMERA_3': ['settings', 'autofocus_points', 'ISO', 'price', 'sensor_size']}",C_SILENT_OR_BACKCHANNEL,CAMERA_3,NONE,I think this is not too bad,PRESENT_X,CAMERA_3,S_INTRODUCES_FEATURE,CAMERA_3,sensor_size,This one has a full frame.,PRESENT_X,CAMERA_3,15~25
349,15,CAMERA_3,"['CAMERA_1', 'CAMERA_3']","{'CAMERA_1': ['settings', 'sensor_size', 'long_exposure', 'weight', 'autofocus_points'], 'CAMERA_2': [], 'CAMERA_3': ['settings', 'autofocus_points', 'ISO', 'price', 'sensor_size', 'color']}",C_QUESTION_ABOUT_FEATURE,CAMERA_3,color,what colors does it come in,PRESENT_X,CAMERA_3,S_ANSWERS_QUESTION_ABOUT_FEATURE,CAMERA_3,color,"This one comes in purple, white, silver, blue, red, or pink.",PRESENT_X,CAMERA_3,18~59
349,16,CAMERA_3,"['CAMERA_1', 'CAMERA_3']","{'CAMERA_1': ['settings', 'sensor_size', 'long_exposure', 'weight', 'autofocus_points'], 'CAMERA_2': [], 'CAMERA_3': ['settings', 'autofocus_points', 'ISO', 'price', 'sensor_size', 'color', 'camera_type']}",C_QUESTION_ABOUT_FEATURE,CAMERA_3,camera_type,is this a DSLR camera,PRESENT_X,CAMERA_3,S_ANSWERS_QUESTION_ABOUT_FEATURE,CAMERA_3,camera_type,This is a point and shoot camera.,PRESENT_X,CAMERA_3,10~25
349,17,CAMERA_3,"['CAMERA_1', 'CAMERA_3']","{'CAMERA_1': ['settings', 'sensor_size', 'long_exposure', 'weight', 'autofocus_points'], 'CAMERA_2': [], 'CAMERA_3': ['settings', 'autofocus_points', 'ISO', 'price', 'sensor_size', 'color', 'camera_type', 'long_exposure']}",C_SILENT_OR_BACKCHANNEL,CAMERA_3,NONE,okay,PRESENT_X,CAMERA_3,S_INTRODUCES_FEATURE,CAMERA_3,long_exposure,This one can take long exposures up to 30 minutes max with bulb mode.,PRESENT_X,CAMERA_3,39~68
349,18,NONE,"['CAMERA_1', 'CAMERA_3']","{'CAMERA_1': ['settings', 'sensor_size', 'long_exposure', 'weight', 'autofocus_points'], 'CAMERA_2': [], 'CAMERA_3': ['settings', 'autofocus_points', 'ISO', 'price', 'sensor_size', 'color', 'camera_type', 'long_exposure']}",C_THANK_YOU,CAMERA_3,NONE,okay sounds perfect thank you very much,PRESENT_X,CAMERA_3,S_THANK_YOU,CAMERA_3,NONE,thank you very much.,FACE_TO_FACE,NONE,
349,19,NONE,"['CAMERA_1', 'CAMERA_3']","{'CAMERA_1': ['settings', 'sensor_size', 'long_exposure', 'weight', 'autofocus_points'], 'CAMERA_2': [], 'CAMERA_3': ['settings', 'autofocus_points', 'ISO', 'price', 'sensor_size', 'color', 'camera_type', 'long_exposure']}",C_LEAVES,DOOR,NONE,,FACE_TO_FACE,NONE,S_RETURNS_TO_COUNTER,SERVICE_COUNTER,NONE,,WAITING,NONE,
350,1,NONE,[],"{'CAMERA_1': [], 'CAMERA_2': [], 'CAMERA_3': []}",C_ENTERS,DOOR,NONE,,WAITING,NONE,S_NONE,SERVICE_COUNTER,NONE,,WAITING,NONE,
350,2,NONE,[],"{'CAMERA_1': [], 'CAMERA_2': [], 'CAMERA_3': []}",C_GREETS,MIDDLE,NONE,excuse me,WAITING,NONE,S_GREETS,MIDDLE,NONE,can I help you?,FACE_TO_FACE,NONE,
350,3,CAMERA_1,['CAMERA_1'],"{'CAMERA_1': [], 'CAMERA_2': [], 'CAMERA_3': []}",C_LOOKING_FOR_A_CAMERA,MIDDLE,NONE,yes I'm looking for a camera for my photoshop my other camera broke and I need another one,FACE_TO_FACE,NONE,S_INTRODUCES_CAMERA,CAMERA_1,,Let me show you this. Here we have the Sony PowerShot ELPH DMC-ZS3.,PRESENT_X,CAMERA_1,39~66
350,4,CAMERA_1,['CAMERA_1'],"{'CAMERA_1': ['optical_zoom'], 'CAMERA_2': [], 'CAMERA_3': []}",C_SILENT_OR_BACKCHANNEL,CAMERA_1,NONE,this is pretty new does it take good photos,PRESENT_X,CAMERA_1,S_INTRODUCES_FEATURE,CAMERA_1,optical_zoom,This one has 21x optical zoom.,PRESENT_X,CAMERA_1,13~29
350,5,CAMERA_1,['CAMERA_1'],"{'CAMERA_1': ['optical_zoom', 'sensor_size'], 'CAMERA_2': [], 'CAMERA_3': []}",C_QUESTION_ABOUT_FEATURE,CAMERA_1,sensor_size,hello how big is there is a sensor,PRESENT_X,CAMERA_1,S_ANSWERS_QUESTION_ABOUT_FEATURE,CAMERA_1,sensor_size,This one has a 1/2.3 inch CMOS sensor.,PRESENT_X,CAMERA_1,15~37
350,6,NONE,['CAMERA_1'],"{'CAMERA_1': ['optical_zoom', 'sensor_size'], 'CAMERA_2': [], 'CAMERA_3': []}",C_THANK_YOU,CAMERA_1,NONE,thank you for your time,PRESENT_X,CAMERA_1,S_THANK_YOU,CAMERA_1,NONE,thank you very much.,FACE_TO_FACE,NONE,
350,7,NONE,['CAMERA_1'],"{'CAMERA_1': ['optical_zoom', 'sensor_size'], 'CAMERA_2': [], 'CAMERA_3': []}",C_LEAVES,DOOR,NONE,,FACE_TO_FACE,NONE,S_RETURNS_TO_COUNTER,SERVICE_COUNTER,NONE,,WAITING,NONE,
351,1,NONE,[],"{'CAMERA_1': [], 'CAMERA_2': [], 'CAMERA_3': []}",C_ENTERS,DOOR,NONE,,WAITING,NONE,S_NONE,SERVICE_COUNTER,NONE,,WAITING,NONE,
351,2,NONE,[],"{'CAMERA_1': [], 'CAMERA_2': [], 'CAMERA_3': []}",C_WALKS_TO_CAMERA,CAMERA_1,NONE,,WAITING,NONE,S_GREETS,CAMERA_1,NONE,can I help you?,FACE_TO_FACE,NONE,
351,3,CAMERA_1,['CAMERA_1'],"{'CAMERA_1': [], 'CAMERA_2': [], 'CAMERA_3': []}",C_LOOKING_FOR_A_CAMERA,CAMERA_1,NONE,I'm looking for a camera,FACE_TO_FACE,NONE,S_INTRODUCES_CAMERA,CAMERA_1,,Let me show you this. Here we have the Sony PowerShot ELPH DMC-ZS3.,PRESENT_X,CAMERA_1,39~66
351,4,CAMERA_1,['CAMERA_1'],"{'CAMERA_1': ['autofocus_points'], 'CAMERA_2': [], 'CAMERA_3': []}",C_QUESTION_ABOUT_FEATURE,CAMERA_1,autofocus_points,how's the auto focus points on this,PRESENT_X,CAMERA_1,S_ANSWERS_QUESTION_ABOUT_FEATURE,CAMERA_1,autofocus_points,This one has 135 autofocus points.,PRESENT_X,CAMERA_1,13~33
351,5,CAMERA_3,"['CAMERA_1', 'CAMERA_3']","{'CAMERA_1': ['autofocus_points'], 'CAMERA_2': [], 'CAMERA_3': []}",C_ANYTHING_ELSE_AVAILABLE,CAMERA_1,NONE,can you recommend another camera similar to this,PRESENT_X,CAMERA_1,S_INTRODUCES_CAMERA,CAMERA_3,,Let me show you this. Here we have the Fujifilm PowerShot ELPH S2800.,PRESENT_X,CAMERA_3,39~68
351,6,CAMERA_3,"['CAMERA_1', 'CAMERA_3']","{'CAMERA_1': ['autofocus_points'], 'CAMERA_2': [], 'CAMERA_3': ['ISO']}",C_QUESTION_ABOUT_FEATURE,CAMERA_3,ISO,and how about the ISO,PRESENT_X,CAMERA_3,S_ANSWERS_QUESTION_ABOUT_FEATURE,CAMERA_3,ISO,This one has up to 3200 ISO with little noise.,PRESENT_X,CAMERA_3,13~45
351,7,CAMERA_3,"['CAMERA_1', 'CAMERA_3']","{'CAMERA_1': ['autofocus_points'], 'CAMERA_2': [], 'CAMERA_3': ['ISO', 'color']}",C_SILENT_OR_BACKCHANNEL,CAMERA_3,NONE,Okay.,PRESENT_X,CAMERA_3,S_INTRODUCES_FEATURE,CAMERA_3,color,"This one comes in purple, white, silver, blue, red, or pink.",PRESENT_X,CAMERA_3,18~59
351,8,CAMERA_3,"['CAMERA_1', 'CAMERA_3']","{'CAMERA_1': ['autofocus_points'], 'CAMERA_2': [], 'CAMERA_3': ['ISO', 'color', 'weight']}",C_QUESTION_ABOUT_FEATURE,CAMERA_3,weight,oh yeah it's a bit heavy how much does it weight,PRESENT_X,CAMERA_3,S_ANSWERS_QUESTION_ABOUT_FEATURE,CAMERA_3,weight,This one weighs 820 grams.,PRESENT_X,CAMERA_3,16~25
351,9,CAMERA_3,"['CAMERA_1', 'CAMERA_3']","{'CAMERA_1': ['autofocus_points'], 'CAMERA_2': [], 'CAMERA_3': ['ISO', 'color', 'weight', 'autofocus_points']}",C_QUESTION_ABOUT_FEATURE,CAMERA_3,autofocus_points,I was trying to find out the auto focus points,PRESENT_X,CAMERA_3,S_ANSWERS_QUESTION_ABOUT_FEATURE,CAMERA_3,autofocus_points,This one has 214 autofocus points.,PRESENT_X,CAMERA_3,13~33
351,10,CAMERA_3,"['CAMERA_1', 'CAMERA_3']","{'CAMERA_1': ['autofocus_points'], 'CAMERA_2': [], 'CAMERA_3': ['ISO', 'color', 'weight', 'autofocus_points', 'resolution']}",C_QUESTION_ABOUT_FEATURE,CAMERA_3,resolution,how many megapixels does it have,PRESENT_X,CAMERA_3,S_ANSWERS_QUESTION_ABOUT_FEATURE,CAMERA_3,resolution,This one has 23.2 megapixels resolution.,PRESENT_X,CAMERA_3,13~28
351,11,CAMERA_3,"['CAMERA_1', 'CAMERA_3']","{'CAMERA_1': ['autofocus_points'], 'CAMERA_2': [], 'CAMERA_3': ['ISO', 'color', 'weight', 'autofocus_points', 'resolution', 'effects']}",C_QUESTION_ABOUT_FEATURE,CAMERA_3,effects,can I add also effects on the pictures,PRESENT_X,CAMERA_3,S_ANSWERS_QUESTION_ABOUT_FEATURE,CAMERA_3,effects,"This one has 21 photo effects (small face, retro, big eyes, etc.).",PRESENT_X,CAMERA_3,13~65
351,12,CAMERA_3,"['CAMERA_1', 'CAMERA_3']","{'CAMERA_1': ['autofocus_points'], 'CAMERA_2': [], 'CAMERA_3': ['ISO', 'color', 'weight', 'autofocus_points', 'resolution', 'effects', 'settings']}",C_QUESTION_ABOUT_FEATURE,CAMERA_3,settings,okay uh are there any automatic settings on this phone,PRESENT_X,CAMERA_3,S_ANSWERS_QUESTION_ABOUT_FEATURE,CAMERA_3,settings,"This one has manual control and various automatic settings (video modeburst shooting, etc.).",PRESENT_X,CAMERA_3,13~91
351,13,CAMERA_3,"['CAMERA_1', 'CAMERA_3']","{'CAMERA_1': ['autofocus_points'], 'CAMERA_2': [], 'CAMERA_3': ['ISO', 'color', 'weight', 'autofocus_points', 'resolution', 'effects', 'settings', 'long_exposure']}",C_QUESTION_ABOUT_FEATURE,CAMERA_3,long_exposure,what is the exposure like,PRESENT_X,CAMERA_3,S_ANSWERS_QUESTION_ABOUT_FEATURE,CAMERA_3,long_exposure,This one can take long exposures up to 30 minutes max with bulb mode.,PRESENT_X,CAMERA_3,39~68
351,14,CAMERA_3,"['CAMERA_1', 'CAMERA_3']","{'CAMERA_1': ['autofocus_points'], 'CAMERA_2': [], 'CAMERA_3': ['ISO', 'color', 'weight', 'autofocus_points', 'resolution', 'effects', 'settings', 'long_exposure', 'price']}",C_QUESTION_ABOUT_FEATURE,CAMERA_3,price,how much does it cost,PRESENT_X,CAMERA_3,S_ANSWERS_QUESTION_ABOUT_FEATURE,CAMERA_3,price,This one costs $518.,PRESENT_X,CAMERA_3,15~19
351,15,CAMERA_3,"['CAMERA_1', 'CAMERA_3']","{'CAMERA_1': ['autofocus_points'], 'CAMERA_2': [], 'CAMERA_3': ['ISO', 'color', 'weight', 'autofocus_points', 'resolution', 'effects', 'settings', 'long_exposure', 'price', 'sensor_size']}",C_SILENT_OR_BACKCHANNEL,CAMERA_3,NONE,okay sounds great and lastly I worry about the out of focus,PRESENT_X,CAMERA_3,S_INTRODUCES_FEATURE,CAMERA_3,sensor_size,This one has a full frame.,PRESENT_X,CAMERA_3,15~25
351,16,CAMERA_3,"['CAMERA_1', 'CAMERA_3']","{'CAMERA_1': ['autofocus_points'], 'CAMERA_2': [], 'CAMERA_3': ['ISO', 'color', 'weight', 'autofocus_points', 'resolution', 'effects', 'settings', 'long_exposure', 'price', 'sensor_size', 'camera_type']}",C_QUESTION_ABOUT_FEATURE,CAMERA_3,camera_type,is this a DSLR camera,PRESENT_X,CAMERA_3,S_ANSWERS_QUESTION_ABOUT_FEATURE,CAMERA_3,camera_type,This is a point and shoot camera.,PRESENT_X,CAMERA_3,10~25
351,17,CAMERA_3,"['CAMERA_1', 'CAMERA_3']","{'CAMERA_1': ['autofocus_points'], 'CAMERA_2': [], 'CAMERA_3': ['ISO', 'color', 'weight', 'autofocus_points', 'resolution', 'effects', 'settings', 'long_exposure', 'price', 'sensor_size', 'camera_type', 'preset_modes']}",C_QUESTION_ABOUT_FEATURE,CAMERA_3,preset_modes,what about the modes,PRESENT_X,CAMERA_3,S_ANSWERS_QUESTION_ABOUT_FEATURE,CAMERA_3,preset_modes,This one has various preset modes.,PRESENT_X,CAMERA_3,13~33
351,18,CAMERA_3,"['CAMERA_1', 'CAMERA_3']","{'CAMERA_1': ['autofocus_points'], 'CAMERA_2': [], 'CAMERA_3': ['ISO', 'color', 'weight', 'autofocus_points', 'resolution', 'effects', 'settings', 'long_exposure', 'price', 'sensor_size', 'camera_type', 'preset_modes', 'optical_zoom']}",C_QUESTION_ABOUT_FEATURE,CAMERA_3,optical_zoom,excuse me what does it mean by optical zoom,PRESENT_X,CAMERA_3,S_NOT_SURE,CAMERA_3,,I'm not really sure about that.,PRESENT_X,CAMERA_3,
351,19,CAMERA_3,"['CAMERA_1', 'CAMERA_3']","{'CAMERA_1': ['autofocus_points'], 'CAMERA_2': [], 'CAMERA_3': ['ISO', 'color', 'weight', 'autofocus_points', 'resolution', 'effects', 'settings', 'long_exposure', 'price', 'sensor_size', 'camera_type', 'preset_modes', 'optical_zoom', 'sensor_size']}",C_SILENT_OR_BACKCHANNEL,CAMERA_3,NONE,IC,PRESENT_X,CAMERA_3,S_INTRODUCES_FEATURE,CAMERA_3,sensor_size,This one has a full frame.,PRESENT_X,CAMERA_3,15~25
351,20,CAMERA_3,"['CAMERA_1', 'CAMERA_3']","{'CAMERA_1': ['autofocus_points'], 'CAMERA_2': [], 'CAMERA_3': ['ISO', 'color', 'weight', 'autofocus_points', 'resolution', 'effects', 'settings', 'long_exposure', 'price', 'sensor_size', 'camera_type', 'preset_modes', 'optical_zoom', 'sensor_size', 'long_exposure']}",C_QUESTION_ABOUT_FEATURE,CAMERA_3,long_exposure,is this a long exposure,PRESENT_X,CAMERA_3,S_ANSWERS_QUESTION_ABOUT_FEATURE,CAMERA_3,long_exposure,This one can take long exposures up to 30 minutes max with bulb mode.,PRESENT_X,CAMERA_3,39~68
351,21,CAMERA_3,"['CAMERA_1', 'CAMERA_3']","{'CAMERA_1': ['autofocus_points'], 'CAMERA_2': [], 'CAMERA_3': ['ISO', 'color', 'weight', 'autofocus_points', 'resolution', 'effects', 'settings', 'long_exposure', 'price', 'sensor_size', 'camera_type', 'preset_modes', 'optical_zoom', 'sensor_size', 'long_exposure', 'preset_modes']}",C_QUESTION_ABOUT_FEATURE,CAMERA_3,preset_modes,and it has bulb mode right,PRESENT_X,CAMERA_3,S_ANSWERS_QUESTION_ABOUT_FEATURE,CAMERA_3,preset_modes,This one has various preset modes.,PRESENT_X,CAMERA_3,13~33
351,22,CAMERA_2,"['CAMERA_1', 'CAMERA_3', 'CAMERA_2']","{'CAMERA_1': ['autofocus_points'], 'CAMERA_2': [], 'CAMERA_3': ['ISO', 'color', 'weight', 'autofocus_points', 'resolution', 'effects', 'settings', 'long_exposure', 'price', 'sensor_size', 'camera_type', 'preset_modes', 'optical_zoom', 'sensor_size', 'long_exposure', 'preset_modes']}",C_ANYTHING_ELSE_AVAILABLE,CAMERA_3,NONE,can you recommend another camera similar to this,PRESENT_X,CAMERA_3,S_INTRODUCES_CAMERA,CAMERA_2,,Let me show you this. Here we have the Fujifilm Lumix ILC Camera.,PRESENT_X,CAMERA_2,39~64
351,23,CAMERA_2,"['CAMERA_1', 'CAMERA_3', 'CAMERA_2']","{'CAMERA_1': ['autofocus_points'], 'CAMERA_2': ['camera_type'], 'CAMERA_3': ['ISO', 'color', 'weight', 'autofocus_points', 'resolution', 'effects', 'settings', 'long_exposure', 'price', 'sensor_size', 'camera_type', 'preset_modes', 'optical_zoom', 'sensor_size', 'long_exposure', 'preset_modes']}",C_SILENT_OR_BACKCHANNEL,CAMERA_2,NONE,sounds good,PRESENT_X,CAMERA_2,S_INTRODUCES_FEATURE,CAMERA_2,camera_type,This is a digital single lens mirrorless camera.,PRESENT_X,CAMERA_2,10~40
351,24,NONE,"['CAMERA_1', 'CAMERA_3', 'CAMERA_2']","{'CAMERA_1': ['autofocus_points'], 'CAMERA_2': ['camera_type'], 'CAMERA_3': ['ISO', 'color', 'weight', 'autofocus_points', 'resolution', 'effects', 'settings', 'long_exposure', 'price', 'sensor_size', 'camera_type', 'preset_modes', 'optical_zoom', 'sensor_size', 'long_exposure', 'preset_modes']}",C_THANK_YOU,CAMERA_2,NONE,thank you,PRESENT_X,CAMERA_2,S_THANK_YOU,CAMERA_2,NONE,thank you very much.,FACE_TO_FACE,NONE,
351,25,NONE,"['CAMERA_1', 'CAMERA_3', 'CAMERA_2']","{'CAMERA_1': ['autofocus_points'], 'CAMERA_2': ['camera_type'], 'CAMERA_3': ['ISO', 'color', 'weight', 'autofocus_points', 'resolution', 'effects', 'settings', 'long_exposure', 'price', 'sensor_size', 'camera_type', 'preset_modes', 'optical_zoom', 'sensor_size', 'long_exposure', 'preset_modes']}",C_LEAVES,DOOR,NONE,,FACE_TO_FACE,NONE,S_RETURNS_TO_COUNTER,SERVICE_COUNTER,NONE,,WAITING,NONE,
352,1,NONE,[],"{'CAMERA_1': [], 'CAMERA_2': [], 'CAMERA_3': []}",C_ENTERS,DOOR,NONE,,WAITING,NONE,S_NONE,SERVICE_COUNTER,NONE,,WAITING,NONE,
352,2,NONE,[],"{'CAMERA_1': [], 'CAMERA_2': [], 'CAMERA_3': []}",C_WALKS_TO_CAMERA,CAMERA_3,NONE,,WAITING,NONE,S_GREETS,CAMERA_3,NONE,can I help you?,FACE_TO_FACE,NONE,
352,3,CAMERA_1,['CAMERA_1'],"{'CAMERA_1': [], 'CAMERA_2': [], 'CAMERA_3': []}",C_LOOKING_FOR_A_CAMERA,CAMERA_3,NONE,could I have a look at this camera,FACE_TO_FACE,NONE,S_INTRODUCES_CAMERA,CAMERA_1,,Let me show you this. Here we have the Sony PowerShot ELPH DMC-ZS3.,PRESENT_X,CAMERA_1,39~66
352,4,CAMERA_1,['CAMERA_1'],"{'CAMERA_1': ['autofocus_points'], 'CAMERA_2': [], 'CAMERA_3': []}",C_QUESTION_ABOUT_FEATURE,CAMERA_1,autofocus_points,yeah good afternoon I am a Sports photographers so I need a good camera with many autofocus point and also has a high shutter speed so you have any recommendations for me,PRESENT_X,CAMERA_1,S_ANSWERS_QUESTION_ABOUT_FEATURE,CAMERA_1,autofocus_points,This one has 135 autofocus points.,PRESENT_X,CAMERA_1,13~33
352,5,CAMERA_1,['CAMERA_1'],"{'CAMERA_1': ['autofocus_points', 'optical_zoom'], 'CAMERA_2': [], 'CAMERA_3': []}",C_QUESTION_ABOUT_FEATURE,CAMERA_1,optical_zoom,does it have optical zoom,PRESENT_X,CAMERA_1,S_ANSWERS_QUESTION_ABOUT_FEATURE,CAMERA_1,optical_zoom,This one has 21x optical zoom.,PRESENT_X,CAMERA_1,13~29
352,6,CAMERA_1,['CAMERA_1'],"{'CAMERA_1': ['autofocus_points', 'optical_zoom', 'effects'], 'CAMERA_2': [], 'CAMERA_3': []}",C_QUESTION_ABOUT_FEATURE,CAMERA_1,effects,and what about this artistic artistic effect mode ,PRESENT_X,CAMERA_1,S_ANSWERS_QUESTION_ABOUT_FEATURE,CAMERA_1,effects,"This one has 24 glamor retouch effects (miniature, retro, toy camera, etc.).",PRESENT_X,CAMERA_1,13~75
352,7,CAMERA_1,['CAMERA_1'],"{'CAMERA_1': ['autofocus_points', 'optical_zoom', 'effects', 'price'], 'CAMERA_2': [], 'CAMERA_3': []}",C_QUESTION_ABOUT_FEATURE,CAMERA_1,price,what is the price,PRESENT_X,CAMERA_1,S_ANSWERS_QUESTION_ABOUT_FEATURE,CAMERA_1,price,This one costs $450.,PRESENT_X,CAMERA_1,15~19
352,8,CAMERA_1,['CAMERA_1'],"{'CAMERA_1': ['autofocus_points', 'optical_zoom', 'effects', 'price', 'camera_type'], 'CAMERA_2': [], 'CAMERA_3': []}",C_SILENT_OR_BACKCHANNEL,CAMERA_1,NONE,okay,PRESENT_X,CAMERA_1,S_INTRODUCES_FEATURE,CAMERA_1,camera_type,This is a DSLR camera.,PRESENT_X,CAMERA_1,10~14
352,9,NONE,['CAMERA_1'],"{'CAMERA_1': ['autofocus_points', 'optical_zoom', 'effects', 'price', 'camera_type'], 'CAMERA_2': [], 'CAMERA_3': []}",C_THANK_YOU,CAMERA_1,NONE,thank you so much,PRESENT_X,CAMERA_1,S_THANK_YOU,CAMERA_1,NONE,thank you very much.,FACE_TO_FACE,NONE,
352,10,NONE,['CAMERA_1'],"{'CAMERA_1': ['autofocus_points', 'optical_zoom', 'effects', 'price', 'camera_type'], 'CAMERA_2': [], 'CAMERA_3': []}",C_LEAVES,DOOR,NONE,,FACE_TO_FACE,NONE,S_RETURNS_TO_COUNTER,SERVICE_COUNTER,NONE,,WAITING,NONE,
353,1,NONE,[],"{'CAMERA_1': [], 'CAMERA_2': [], 'CAMERA_3': []}",C_ENTERS,DOOR,NONE,,WAITING,NONE,S_NONE,SERVICE_COUNTER,NONE,,WAITING,NONE,
353,2,NONE,[],"{'CAMERA_1': [], 'CAMERA_2': [], 'CAMERA_3': []}",C_WALKS_TO_CAMERA,CAMERA_1,NONE,,WAITING,NONE,S_GREETS,CAMERA_1,NONE,can I help you?,FACE_TO_FACE,NONE,
353,3,CAMERA_2,['CAMERA_2'],"{'CAMERA_1': [], 'CAMERA_2': [], 'CAMERA_3': []}",C_LOOKING_FOR_A_CAMERA,CAMERA_1,NONE,I'm looking for a camera for taking pictures in concerts,FACE_TO_FACE,NONE,S_INTRODUCES_CAMERA,CAMERA_2,,Let me show you this. Here we have the Fujifilm Lumix ILC Camera.,PRESENT_X,CAMERA_2,39~64
353,4,CAMERA_2,['CAMERA_2'],"{'CAMERA_1': [], 'CAMERA_2': ['settings'], 'CAMERA_3': []}",C_SILENT_OR_BACKCHANNEL,CAMERA_2,NONE,ok,PRESENT_X,CAMERA_2,S_INTRODUCES_FEATURE,CAMERA_2,settings,"This one has manual control and various automatic settings (video modeburst shooting, etc.).",PRESENT_X,CAMERA_2,13~91
353,5,CAMERA_2,['CAMERA_2'],"{'CAMERA_1': [], 'CAMERA_2': ['settings', 'long_exposure'], 'CAMERA_3': []}",C_SILENT_OR_BACKCHANNEL,CAMERA_2,NONE,ok let me see,PRESENT_X,CAMERA_2,S_INTRODUCES_FEATURE,CAMERA_2,long_exposure,This one can take long exposures up to 60 minutes max with bulb mode.,PRESENT_X,CAMERA_2,39~68
353,6,CAMERA_2,['CAMERA_2'],"{'CAMERA_1': [], 'CAMERA_2': ['settings', 'long_exposure', 'effects'], 'CAMERA_3': []}",C_SILENT_OR_BACKCHANNEL,CAMERA_2,NONE,Isis sounds like a really nice cameras have,PRESENT_X,CAMERA_2,S_INTRODUCES_FEATURE,CAMERA_2,effects,"This one has 24 artistic effect modes (retro, lighter or darker skin tones, sepia, etc.).",PRESENT_X,CAMERA_2,13~88
353,7,CAMERA_2,['CAMERA_2'],"{'CAMERA_1': [], 'CAMERA_2': ['settings', 'long_exposure', 'effects', 'optical_zoom'], 'CAMERA_3': []}",C_SILENT_OR_BACKCHANNEL,CAMERA_2,NONE,Isis sounds like a really nice cameras have,PRESENT_X,CAMERA_2,S_INTRODUCES_FEATURE,CAMERA_2,optical_zoom,This one has 21x optical zoom.,PRESENT_X,CAMERA_2,13~29
353,8,CAMERA_1,"['CAMERA_2', 'CAMERA_1']","{'CAMERA_1': [], 'CAMERA_2': ['settings', 'long_exposure', 'effects', 'optical_zoom'], 'CAMERA_3': []}",C_ANYTHING_ELSE_AVAILABLE,CAMERA_2,NONE,I see do you have any other options that you can show me,PRESENT_X,CAMERA_2,S_INTRODUCES_CAMERA,CAMERA_1,,Let me show you this. Here we have the Sony PowerShot ELPH DMC-ZS3.,PRESENT_X,CAMERA_1,39~66
353,9,CAMERA_1,"['CAMERA_2', 'CAMERA_1']","{'CAMERA_1': ['optical_zoom'], 'CAMERA_2': ['settings', 'long_exposure', 'effects', 'optical_zoom'], 'CAMERA_3': []}",C_SILENT_OR_BACKCHANNEL,CAMERA_1,NONE,wow this is nice,PRESENT_X,CAMERA_1,S_INTRODUCES_FEATURE,CAMERA_1,optical_zoom,This one has 21x optical zoom.,PRESENT_X,CAMERA_1,13~29
353,10,CAMERA_1,"['CAMERA_2', 'CAMERA_1']","{'CAMERA_1': ['optical_zoom', 'preset_modes'], 'CAMERA_2': ['settings', 'long_exposure', 'effects', 'optical_zoom'], 'CAMERA_3': []}",C_QUESTION_ABOUT_FEATURE,CAMERA_1,preset_modes,does this camera also have bulb mode,PRESENT_X,CAMERA_1,S_NOT_SURE,CAMERA_1,,I'm not really sure about that.,PRESENT_X,CAMERA_1,
353,11,CAMERA_1,"['CAMERA_2', 'CAMERA_1']","{'CAMERA_1': ['optical_zoom', 'preset_modes', 'sensor_size'], 'CAMERA_2': ['settings', 'long_exposure', 'effects', 'optical_zoom'], 'CAMERA_3': []}",C_QUESTION_ABOUT_FEATURE,CAMERA_1,sensor_size,oh this looks very good actually what is the size of the sensor of this camera,PRESENT_X,CAMERA_1,S_ANSWERS_QUESTION_ABOUT_FEATURE,CAMERA_1,sensor_size,This one has a 1/2.3 inch CMOS sensor.,PRESENT_X,CAMERA_1,15~37
353,12,NONE,"['CAMERA_2', 'CAMERA_1']","{'CAMERA_1': ['optical_zoom', 'preset_modes', 'sensor_size'], 'CAMERA_2': ['settings', 'long_exposure', 'effects', 'optical_zoom'], 'CAMERA_3': []}",C_THANK_YOU,CAMERA_1,NONE,thank you,PRESENT_X,CAMERA_1,S_THANK_YOU,CAMERA_1,NONE,thank you very much.,FACE_TO_FACE,NONE,
353,13,NONE,"['CAMERA_2', 'CAMERA_1']","{'CAMERA_1': ['optical_zoom', 'preset_modes', 'sensor_size'], 'CAMERA_2': ['settings', 'long_exposure', 'effects', 'optical_zoom'], 'CAMERA_3': []}",C_LEAVES,DOOR,NONE,,FACE_TO_FACE,NONE,S_RETURNS_TO_COUNTER,SERVICE_COUNTER,NONE,,WAITING,NONE,
354,1,NONE,[],"{'CAMERA_1': [], 'CAMERA_2': [], 'CAMERA_3': []}",C_ENTERS,DOOR,NONE,,WAITING,NONE,S_NONE,SERVICE_COUNTER,NONE,,WAITING,NONE,
354,2,NONE,[],"{'CAMERA_1': [], 'CAMERA_2': [], 'CAMERA_3': []}",C_WALKS_TO_CAMERA,CAMERA_3,NONE,,WAITING,NONE,S_NONE,SERVICE_COUNTER,NONE,,WAITING,NONE,
354,3,CAMERA_3,['CAMERA_3'],"{'CAMERA_1': [], 'CAMERA_2': [], 'CAMERA_3': ['sensor_size']}",C_QUESTION_ABOUT_FEATURE,CAMERA_3,sensor_size,what about the sensor size,WAITING,NONE,S_ANSWERS_QUESTION_ABOUT_FEATURE,CAMERA_3,sensor_size,This one has a full frame.,PRESENT_X,CAMERA_3,15~25
354,4,CAMERA_3,['CAMERA_3'],"{'CAMERA_1': [], 'CAMERA_2': [], 'CAMERA_3': ['sensor_size', 'resolution']}",C_QUESTION_ABOUT_FEATURE,CAMERA_3,resolution,and this is a touch screen,PRESENT_X,CAMERA_3,S_ANSWERS_QUESTION_ABOUT_FEATURE,CAMERA_3,resolution,This one has 23.2 megapixels resolution.,PRESENT_X,CAMERA_3,13~28
354,5,CAMERA_3,['CAMERA_3'],"{'CAMERA_1': [], 'CAMERA_2': [], 'CAMERA_3': ['sensor_size', 'resolution', 'preset_modes']}",C_SILENT_OR_BACKCHANNEL,CAMERA_3,NONE,okay,PRESENT_X,CAMERA_3,S_INTRODUCES_FEATURE,CAMERA_3,preset_modes,This one has various preset modes.,PRESENT_X,CAMERA_3,13~33
354,6,CAMERA_3,['CAMERA_3'],"{'CAMERA_1': [], 'CAMERA_2': [], 'CAMERA_3': ['sensor_size', 'resolution', 'preset_modes', 'weight']}",C_QUESTION_ABOUT_FEATURE,CAMERA_3,weight,what is the weight of this,PRESENT_X,CAMERA_3,S_ANSWERS_QUESTION_ABOUT_FEATURE,CAMERA_3,weight,This one weighs 820 grams.,PRESENT_X,CAMERA_3,16~25
354,7,CAMERA_3,['CAMERA_3'],"{'CAMERA_1': [], 'CAMERA_2': [], 'CAMERA_3': ['sensor_size', 'resolution', 'preset_modes', 'weight', 'autofocus_points']}",C_SILENT_OR_BACKCHANNEL,CAMERA_3,NONE,wow that's pretty advanced technology what about the price,PRESENT_X,CAMERA_3,S_INTRODUCES_FEATURE,CAMERA_3,autofocus_points,This one has 214 autofocus points.,PRESENT_X,CAMERA_3,13~33
354,8,CAMERA_3,['CAMERA_3'],"{'CAMERA_1': [], 'CAMERA_2': [], 'CAMERA_3': ['sensor_size', 'resolution', 'preset_modes', 'weight', 'autofocus_points', 'optical_zoom']}",C_QUESTION_ABOUT_FEATURE,CAMERA_3,optical_zoom,does it have optical zoom,PRESENT_X,CAMERA_3,S_NOT_SURE,CAMERA_3,,I'm not really sure about that.,PRESENT_X,CAMERA_3,
354,9,CAMERA_3,['CAMERA_3'],"{'CAMERA_1': [], 'CAMERA_2': [], 'CAMERA_3': ['sensor_size', 'resolution', 'preset_modes', 'weight', 'autofocus_points', 'optical_zoom', 'effects']}",C_SILENT_OR_BACKCHANNEL,CAMERA_3,NONE,ok,PRESENT_X,CAMERA_3,S_INTRODUCES_FEATURE,CAMERA_3,effects,"This one has 21 photo effects (small face, retro, big eyes, etc.).",PRESENT_X,CAMERA_3,13~65
354,10,NONE,['CAMERA_3'],"{'CAMERA_1': [], 'CAMERA_2': [], 'CAMERA_3': ['sensor_size', 'resolution', 'preset_modes', 'weight', 'autofocus_points', 'optical_zoom', 'effects']}",C_THANK_YOU,CAMERA_3,NONE,thank you very much,PRESENT_X,CAMERA_3,S_THANK_YOU,CAMERA_3,NONE,thank you very much.,FACE_TO_FACE,NONE,
354,11,NONE,['CAMERA_3'],"{'CAMERA_1': [], 'CAMERA_2': [], 'CAMERA_3': ['sensor_size', 'resolution', 'preset_modes', 'weight', 'autofocus_points', 'optical_zoom', 'effects']}",C_LEAVES,DOOR,NONE,,FACE_TO_FACE,NONE,S_RETURNS_TO_COUNTER,SERVICE_COUNTER,NONE,,WAITING,NONE,
355,1,NONE,[],"{'CAMERA_1': [], 'CAMERA_2': [], 'CAMERA_3': []}",C_ENTERS,DOOR,NONE,,WAITING,NONE,S_NONE,SERVICE_COUNTER,NONE,,WAITING,NONE,
355,2,NONE,[],"{'CAMERA_1': [], 'CAMERA_2': [], 'CAMERA_3': []}",C_WALKS_TO_CAMERA,CAMERA_3,NONE,,WAITING,NONE,S_GREETS,CAMERA_3,NONE,can I help you?,FACE_TO_FACE,NONE,
355,3,CAMERA_1,['CAMERA_1'],"{'CAMERA_1': [], 'CAMERA_2': [], 'CAMERA_3': []}",C_LOOKING_FOR_A_CAMERA,CAMERA_3,NONE,yes I'm looking for a camera,FACE_TO_FACE,NONE,S_INTRODUCES_CAMERA,CAMERA_1,,Let me show you this. Here we have the Sony PowerShot ELPH DMC-ZS3.,PRESENT_X,CAMERA_1,39~66
355,4,CAMERA_1,['CAMERA_1'],"{'CAMERA_1': ['sensor_size'], 'CAMERA_2': [], 'CAMERA_3': []}",C_QUESTION_ABOUT_FEATURE,CAMERA_1,sensor_size,this camera looks quite heavy compared to the smaller ones but how big is the sensor on it,PRESENT_X,CAMERA_1,S_ANSWERS_QUESTION_ABOUT_FEATURE,CAMERA_1,sensor_size,This one has a 1/2.3 inch CMOS sensor.,PRESENT_X,CAMERA_1,15~37
355,5,NONE,['CAMERA_1'],"{'CAMERA_1': ['sensor_size'], 'CAMERA_2': [], 'CAMERA_3': []}",C_THANK_YOU,CAMERA_1,NONE,you okay thank you very much for your help have a good afternoon,PRESENT_X,CAMERA_1,S_THANK_YOU,CAMERA_1,NONE,thank you very much.,FACE_TO_FACE,NONE,
355,6,NONE,['CAMERA_1'],"{'CAMERA_1': ['sensor_size'], 'CAMERA_2': [], 'CAMERA_3': []}",C_LEAVES,DOOR,NONE,,FACE_TO_FACE,NONE,S_RETURNS_TO_COUNTER,SERVICE_COUNTER,NONE,,WAITING,NONE,
356,1,NONE,[],"{'CAMERA_1': [], 'CAMERA_2': [], 'CAMERA_3': []}",C_ENTERS,DOOR,NONE,,WAITING,NONE,S_NONE,SERVICE_COUNTER,NONE,,WAITING,NONE,
356,2,NONE,[],"{'CAMERA_1': [], 'CAMERA_2': [], 'CAMERA_3': []}",C_GREETS,MIDDLE,NONE,excuse me,WAITING,NONE,S_GREETS,MIDDLE,NONE,can I help you?,FACE_TO_FACE,NONE,
356,3,CAMERA_1,['CAMERA_1'],"{'CAMERA_1': [], 'CAMERA_2': [], 'CAMERA_3': []}",C_LOOKING_FOR_A_CAMERA,MIDDLE,NONE,I just want to take a quick look at your cameras,FACE_TO_FACE,NONE,S_INTRODUCES_CAMERA,CAMERA_1,,Let me show you this. Here we have the Sony PowerShot ELPH DMC-ZS3.,PRESENT_X,CAMERA_1,39~66
356,4,CAMERA_1,['CAMERA_1'],"{'CAMERA_1': ['resolution'], 'CAMERA_2': [], 'CAMERA_3': []}",C_QUESTION_ABOUT_FEATURE,CAMERA_1,resolution,how many megapixels does this camera have,PRESENT_X,CAMERA_1,S_ANSWERS_QUESTION_ABOUT_FEATURE,CAMERA_1,resolution,This one has 17.8 megapixels resolution.,PRESENT_X,CAMERA_1,13~28
356,5,CAMERA_3,"['CAMERA_1', 'CAMERA_3']","{'CAMERA_1': ['resolution'], 'CAMERA_2': [], 'CAMERA_3': []}",C_ANYTHING_ELSE_AVAILABLE,CAMERA_1,NONE,Do you have any other cameras under $300,PRESENT_X,CAMERA_1,S_INTRODUCES_CAMERA,CAMERA_3,,Let me show you this. Here we have the Fujifilm PowerShot ELPH S2800.,PRESENT_X,CAMERA_3,39~68
356,6,CAMERA_3,"['CAMERA_1', 'CAMERA_3']","{'CAMERA_1': ['resolution'], 'CAMERA_2': [], 'CAMERA_3': ['camera_type']}",C_QUESTION_ABOUT_FEATURE,CAMERA_3,camera_type,what kind of camera is this,PRESENT_X,CAMERA_3,S_ANSWERS_QUESTION_ABOUT_FEATURE,CAMERA_3,camera_type,This is a point and shoot camera.,PRESENT_X,CAMERA_3,10~25
356,7,CAMERA_3,"['CAMERA_1', 'CAMERA_3']","{'CAMERA_1': ['resolution'], 'CAMERA_2': [], 'CAMERA_3': ['camera_type', 'effects']}",C_QUESTION_ABOUT_FEATURE,CAMERA_3,effects,what other effects does it have,PRESENT_X,CAMERA_3,S_ANSWERS_QUESTION_ABOUT_FEATURE,CAMERA_3,effects,"This one has 21 photo effects (small face, retro, big eyes, etc.).",PRESENT_X,CAMERA_3,13~65
356,8,CAMERA_3,"['CAMERA_1', 'CAMERA_3']","{'CAMERA_1': ['resolution'], 'CAMERA_2': [], 'CAMERA_3': ['camera_type', 'effects', 'optical_zoom']}",C_QUESTION_ABOUT_FEATURE,CAMERA_3,optical_zoom,okay so it's not the same kind of zoom,PRESENT_X,CAMERA_3,S_NOT_SURE,CAMERA_3,,I'm not really sure about that.,PRESENT_X,CAMERA_3,
356,9,CAMERA_3,"['CAMERA_1', 'CAMERA_3']","{'CAMERA_1': ['resolution'], 'CAMERA_2': [], 'CAMERA_3': ['camera_type', 'effects', 'optical_zoom', 'price']}",C_SILENT_OR_BACKCHANNEL,CAMERA_3,NONE,yeah that looks good,PRESENT_X,CAMERA_3,S_INTRODUCES_FEATURE,CAMERA_3,price,This one costs $518.,PRESENT_X,CAMERA_3,15~19
356,10,NONE,"['CAMERA_1', 'CAMERA_3']","{'CAMERA_1': ['resolution'], 'CAMERA_2': [], 'CAMERA_3': ['camera_type', 'effects', 'optical_zoom', 'price']}",C_THANK_YOU,CAMERA_3,NONE,ok thank you,PRESENT_X,CAMERA_3,S_THANK_YOU,CAMERA_3,NONE,thank you very much.,FACE_TO_FACE,NONE,
356,11,NONE,"['CAMERA_1', 'CAMERA_3']","{'CAMERA_1': ['resolution'], 'CAMERA_2': [], 'CAMERA_3': ['camera_type', 'effects', 'optical_zoom', 'price']}",C_LEAVES,DOOR,NONE,,FACE_TO_FACE,NONE,S_RETURNS_TO_COUNTER,SERVICE_COUNTER,NONE,,WAITING,NONE,
357,1,NONE,[],"{'CAMERA_1': [], 'CAMERA_2': [], 'CAMERA_3': []}",C_ENTERS,DOOR,NONE,,WAITING,NONE,S_NONE,SERVICE_COUNTER,NONE,,WAITING,NONE,
357,2,NONE,[],"{'CAMERA_1': [], 'CAMERA_2': [], 'CAMERA_3': []}",C_GREETS,MIDDLE,NONE,they almost one kilo I'm sorry I dropped it,WAITING,NONE,S_GREETS,MIDDLE,NONE,can I help you?,FACE_TO_FACE,NONE,
357,3,CAMERA_1,['CAMERA_1'],"{'CAMERA_1': [], 'CAMERA_2': [], 'CAMERA_3': []}",C_LOOKING_FOR_A_CAMERA,MIDDLE,NONE,afternoon I'm looking for a new camera is it to use stylus and affordable,FACE_TO_FACE,NONE,S_INTRODUCES_CAMERA,CAMERA_1,,Let me show you this. Here we have the Sony PowerShot ELPH DMC-ZS3.,PRESENT_X,CAMERA_1,39~66
357,4,CAMERA_1,['CAMERA_1'],"{'CAMERA_1': ['color'], 'CAMERA_2': [], 'CAMERA_3': []}",C_QUESTION_ABOUT_FEATURE,CAMERA_1,color,what colors does it come in,PRESENT_X,CAMERA_1,S_ANSWERS_QUESTION_ABOUT_FEATURE,CAMERA_1,color,This one comes in blue or black.,PRESENT_X,CAMERA_1,18~31
357,5,CAMERA_1,['CAMERA_1'],"{'CAMERA_1': ['color', 'preset_modes'], 'CAMERA_2': [], 'CAMERA_3': []}",C_QUESTION_ABOUT_FEATURE,CAMERA_1,preset_modes,what does this support for preset mode,PRESENT_X,CAMERA_1,S_NOT_SURE,CAMERA_1,,I'm not really sure about that.,PRESENT_X,CAMERA_1,
357,6,CAMERA_1,['CAMERA_1'],"{'CAMERA_1': ['color', 'preset_modes', 'weight'], 'CAMERA_2': [], 'CAMERA_3': []}",C_QUESTION_ABOUT_FEATURE,CAMERA_1,weight,can I know the weight of this camera,PRESENT_X,CAMERA_1,S_ANSWERS_QUESTION_ABOUT_FEATURE,CAMERA_1,weight,This one weighs 800 grams.,PRESENT_X,CAMERA_1,16~25
357,7,NONE,['CAMERA_1'],"{'CAMERA_1': ['color', 'preset_modes', 'weight'], 'CAMERA_2': [], 'CAMERA_3': []}",C_THANK_YOU,CAMERA_1,NONE,Alright I will think about it thank you very much,PRESENT_X,CAMERA_1,S_THANK_YOU,CAMERA_1,NONE,thank you very much.,FACE_TO_FACE,NONE,
357,8,NONE,['CAMERA_1'],"{'CAMERA_1': ['color', 'preset_modes', 'weight'], 'CAMERA_2': [], 'CAMERA_3': []}",C_LEAVES,DOOR,NONE,,FACE_TO_FACE,NONE,S_RETURNS_TO_COUNTER,SERVICE_COUNTER,NONE,,WAITING,NONE,
358,1,NONE,[],"{'CAMERA_1': [], 'CAMERA_2': [], 'CAMERA_3': []}",C_ENTERS,DOOR,NONE,,WAITING,NONE,S_NONE,SERVICE_COUNTER,NONE,,WAITING,NONE,
358,2,NONE,[],"{'CAMERA_1': [], 'CAMERA_2': [], 'CAMERA_3': []}",C_WALKS_TO_CAMERA,CAMERA_3,NONE,,WAITING,NONE,S_GREETS,CAMERA_3,NONE,can I help you?,FACE_TO_FACE,NONE,
358,3,CAMERA_2,['CAMERA_2'],"{'CAMERA_1': [], 'CAMERA_2': [], 'CAMERA_3': []}",C_LOOKING_FOR_A_CAMERA,CAMERA_3,NONE,I want to see your new camera the professional one,FACE_TO_FACE,NONE,S_INTRODUCES_CAMERA,CAMERA_2,,Let me show you this. Here we have the Fujifilm Lumix ILC Camera.,PRESENT_X,CAMERA_2,39~64
358,4,CAMERA_2,['CAMERA_2'],"{'CAMERA_1': [], 'CAMERA_2': ['effects'], 'CAMERA_3': []}",C_SILENT_OR_BACKCHANNEL,CAMERA_2,NONE,okay I've read that aps-c is pretty good,PRESENT_X,CAMERA_2,S_INTRODUCES_FEATURE,CAMERA_2,effects,"This one has 24 artistic effect modes (retro, lighter or darker skin tones, sepia, etc.).",PRESENT_X,CAMERA_2,13~88
358,5,NONE,['CAMERA_2'],"{'CAMERA_1': [], 'CAMERA_2': ['effects'], 'CAMERA_3': []}",C_THANK_YOU,CAMERA_2,NONE,thank you,PRESENT_X,CAMERA_2,S_THANK_YOU,CAMERA_2,NONE,thank you very much.,FACE_TO_FACE,NONE,
358,6,NONE,['CAMERA_2'],"{'CAMERA_1': [], 'CAMERA_2': ['effects'], 'CAMERA_3': []}",C_LEAVES,DOOR,NONE,,FACE_TO_FACE,NONE,S_RETURNS_TO_COUNTER,SERVICE_COUNTER,NONE,,WAITING,NONE,
359,1,NONE,[],"{'CAMERA_1': [], 'CAMERA_2': [], 'CAMERA_3': []}",C_ENTERS,DOOR,NONE,,WAITING,NONE,S_NONE,SERVICE_COUNTER,NONE,,WAITING,NONE,
359,2,NONE,[],"{'CAMERA_1': [], 'CAMERA_2': [], 'CAMERA_3': []}",C_WALKS_TO_CAMERA,CAMERA_1,NONE,,WAITING,NONE,S_GREETS,CAMERA_1,NONE,can I help you?,FACE_TO_FACE,NONE,
359,3,CAMERA_1,['CAMERA_1'],"{'CAMERA_1': [], 'CAMERA_2': [], 'CAMERA_3': []}",C_LOOKING_FOR_A_CAMERA,CAMERA_1,NONE,I'm looking for camera so I can take good shots on when I go travelling I miss you very interested in photography so do you recommend this camera,FACE_TO_FACE,NONE,S_INTRODUCES_CAMERA,CAMERA_1,,Let me show you this. Here we have the Sony PowerShot ELPH DMC-ZS3.,PRESENT_X,CAMERA_1,39~66
359,4,CAMERA_1,['CAMERA_1'],"{'CAMERA_1': ['autofocus_points'], 'CAMERA_2': [], 'CAMERA_3': []}",C_SILENT_OR_BACKCHANNEL,CAMERA_1,NONE,ic,PRESENT_X,CAMERA_1,S_INTRODUCES_FEATURE,CAMERA_1,autofocus_points,This one has 135 autofocus points.,PRESENT_X,CAMERA_1,13~33
359,5,CAMERA_1,['CAMERA_1'],"{'CAMERA_1': ['autofocus_points', 'long_exposure'], 'CAMERA_2': [], 'CAMERA_3': []}",C_QUESTION_ABOUT_FEATURE,CAMERA_1,long_exposure,can you do long exposure shoot,PRESENT_X,CAMERA_1,S_ANSWERS_QUESTION_ABOUT_FEATURE,CAMERA_1,long_exposure,This one can take long exposures up to up to 15 seconds with Long Shutter Mode.,PRESENT_X,CAMERA_1,39~78
359,6,CAMERA_1,['CAMERA_1'],"{'CAMERA_1': ['autofocus_points', 'long_exposure', 'ISO'], 'CAMERA_2': [], 'CAMERA_3': []}",C_QUESTION_ABOUT_FEATURE,CAMERA_1,ISO,how high is the ISO,PRESENT_X,CAMERA_1,S_ANSWERS_QUESTION_ABOUT_FEATURE,CAMERA_1,ISO,This one has up to 51200 ISO.,PRESENT_X,CAMERA_1,13~28
359,7,CAMERA_1,['CAMERA_1'],"{'CAMERA_1': ['autofocus_points', 'long_exposure', 'ISO', 'camera_type'], 'CAMERA_2': [], 'CAMERA_3': []}",C_SILENT_OR_BACKCHANNEL,CAMERA_1,NONE,oh wow this is awesome all God,PRESENT_X,CAMERA_1,S_INTRODUCES_FEATURE,CAMERA_1,camera_type,This is a DSLR camera.,PRESENT_X,CAMERA_1,10~14
359,8,CAMERA_1,['CAMERA_1'],"{'CAMERA_1': ['autofocus_points', 'long_exposure', 'ISO', 'camera_type', 'weight'], 'CAMERA_2': [], 'CAMERA_3': []}",C_SILENT_OR_BACKCHANNEL,CAMERA_1,NONE,IC,PRESENT_X,CAMERA_1,S_INTRODUCES_FEATURE,CAMERA_1,weight,This one weighs 800 grams.,PRESENT_X,CAMERA_1,16~25
359,9,CAMERA_1,['CAMERA_1'],"{'CAMERA_1': ['autofocus_points', 'long_exposure', 'ISO', 'camera_type', 'weight', 'settings'], 'CAMERA_2': [], 'CAMERA_3': []}",C_QUESTION_ABOUT_FEATURE,CAMERA_1,settings,is this full manual camera,PRESENT_X,CAMERA_1,S_ANSWERS_QUESTION_ABOUT_FEATURE,CAMERA_1,settings,This one has limited manual settings.,PRESENT_X,CAMERA_1,13~36
359,10,CAMERA_1,['CAMERA_1'],"{'CAMERA_1': ['autofocus_points', 'long_exposure', 'ISO', 'camera_type', 'weight', 'settings', 'effects'], 'CAMERA_2': [], 'CAMERA_3': []}",C_SILENT_OR_BACKCHANNEL,CAMERA_1,NONE,yeah,PRESENT_X,CAMERA_1,S_INTRODUCES_FEATURE,CAMERA_1,effects,"This one has 24 glamor retouch effects (miniature, retro, toy camera, etc.).",PRESENT_X,CAMERA_1,13~75
359,11,NONE,['CAMERA_1'],"{'CAMERA_1': ['autofocus_points', 'long_exposure', 'ISO', 'camera_type', 'weight', 'settings', 'effects'], 'CAMERA_2': [], 'CAMERA_3': []}",C_THANK_YOU,CAMERA_1,NONE,I say ahh right thanks for your help I'll be back then,PRESENT_X,CAMERA_1,S_THANK_YOU,CAMERA_1,NONE,thank you very much.,FACE_TO_FACE,NONE,
359,12,NONE,['CAMERA_1'],"{'CAMERA_1': ['autofocus_points', 'long_exposure', 'ISO', 'camera_type', 'weight', 'settings', 'effects'], 'CAMERA_2': [], 'CAMERA_3': []}",C_LEAVES,DOOR,NONE,,FACE_TO_FACE,NONE,S_RETURNS_TO_COUNTER,SERVICE_COUNTER,NONE,,WAITING,NONE,
360,1,NONE,[],"{'CAMERA_1': [], 'CAMERA_2': [], 'CAMERA_3': []}",C_ENTERS,DOOR,NONE,,WAITING,NONE,S_NONE,SERVICE_COUNTER,NONE,,WAITING,NONE,
360,2,NONE,[],"{'CAMERA_1': [], 'CAMERA_2': [], 'CAMERA_3': []}",C_GREETS,MIDDLE,NONE,excuse me what it is since your size,WAITING,NONE,S_GREETS,MIDDLE,NONE,can I help you?,FACE_TO_FACE,NONE,
360,3,CAMERA_3,['CAMERA_3'],"{'CAMERA_1': [], 'CAMERA_2': [], 'CAMERA_3': []}",C_LOOKING_FOR_A_CAMERA,MIDDLE,NONE,I'm looking for a camera,FACE_TO_FACE,NONE,S_INTRODUCES_CAMERA,CAMERA_3,,Let me show you this. Here we have the Fujifilm PowerShot ELPH S2800.,PRESENT_X,CAMERA_3,39~68
360,4,CAMERA_3,['CAMERA_3'],"{'CAMERA_1': [], 'CAMERA_2': [], 'CAMERA_3': ['optical_zoom']}",C_QUESTION_ABOUT_FEATURE,CAMERA_3,optical_zoom,how's the zoom on it,PRESENT_X,CAMERA_3,S_NOT_SURE,CAMERA_3,,I'm not really sure about that.,PRESENT_X,CAMERA_3,
360,5,CAMERA_3,['CAMERA_3'],"{'CAMERA_1': [], 'CAMERA_2': [], 'CAMERA_3': ['optical_zoom', 'color']}",C_QUESTION_ABOUT_FEATURE,CAMERA_3,color,what color do you have,PRESENT_X,CAMERA_3,S_ANSWERS_QUESTION_ABOUT_FEATURE,CAMERA_3,color,"This one comes in purple, white, silver, blue, red, or pink.",PRESENT_X,CAMERA_3,18~59
360,6,CAMERA_3,['CAMERA_3'],"{'CAMERA_1': [], 'CAMERA_2': [], 'CAMERA_3': ['optical_zoom', 'color', 'weight']}",C_QUESTION_ABOUT_FEATURE,CAMERA_3,weight,that sounds good is it light go cuz I don't want to be carrying around heavy stuff all through the vacation,PRESENT_X,CAMERA_3,S_ANSWERS_QUESTION_ABOUT_FEATURE,CAMERA_3,weight,This one weighs 820 grams.,PRESENT_X,CAMERA_3,16~25
360,7,NONE,['CAMERA_3'],"{'CAMERA_1': [], 'CAMERA_2': [], 'CAMERA_3': ['optical_zoom', 'color', 'weight']}",C_THANK_YOU,CAMERA_3,NONE,thank you very much,PRESENT_X,CAMERA_3,S_THANK_YOU,CAMERA_3,NONE,thank you very much.,FACE_TO_FACE,NONE,
360,8,NONE,['CAMERA_3'],"{'CAMERA_1': [], 'CAMERA_2': [], 'CAMERA_3': ['optical_zoom', 'color', 'weight']}",C_LEAVES,DOOR,NONE,,FACE_TO_FACE,NONE,S_RETURNS_TO_COUNTER,SERVICE_COUNTER,NONE,,WAITING,NONE,
361,1,NONE,[],"{'CAMERA_1': [], 'CAMERA_2': [], 'CAMERA_3': []}",C_ENTERS,DOOR,NONE,,WAITING,NONE,S_NONE,SERVICE_COUNTER,NONE,,WAITING,NONE,
361,2,NONE,[],"{'CAMERA_1': [], 'CAMERA_2': [], 'CAMERA_3': []}",C_GREETS,MIDDLE,NONE,excuse me,WAITING,NONE,S_GREETS,MIDDLE,NONE,can I help you?,FACE_TO_FACE,NONE,
361,3,CAMERA_2,['CAMERA_2'],"{'CAMERA_1': [], 'CAMERA_2': [], 'CAMERA_3': []}",C_LOOKING_FOR_A_CAMERA,MIDDLE,NONE,hi good afternoon I'm looking to buy a new camera,FACE_TO_FACE,NONE,S_INTRODUCES_CAMERA,CAMERA_2,,Let me show you this. Here we have the Fujifilm Lumix ILC Camera.,PRESENT_X,CAMERA_2,39~64
361,4,CAMERA_2,['CAMERA_2'],"{'CAMERA_1': [], 'CAMERA_2': ['autofocus_points'], 'CAMERA_3': []}",C_QUESTION_ABOUT_FEATURE,CAMERA_2,autofocus_points,how many auto focus points does this one have again,PRESENT_X,CAMERA_2,S_NOT_SURE,CAMERA_2,,I'm not really sure about that.,PRESENT_X,CAMERA_2,
361,5,CAMERA_2,['CAMERA_2'],"{'CAMERA_1': [], 'CAMERA_2': ['autofocus_points', 'ISO'], 'CAMERA_3': []}",C_QUESTION_ABOUT_FEATURE,CAMERA_2,ISO,I said what's the ISO on this one,PRESENT_X,CAMERA_2,S_NOT_SURE,CAMERA_2,,I'm not really sure about that.,PRESENT_X,CAMERA_2,
361,6,CAMERA_2,['CAMERA_2'],"{'CAMERA_1': [], 'CAMERA_2': ['autofocus_points', 'ISO', 'camera_type'], 'CAMERA_3': []}",C_QUESTION_ABOUT_FEATURE,CAMERA_2,camera_type,Is this a mirrorless camera?,PRESENT_X,CAMERA_2,S_ANSWERS_QUESTION_ABOUT_FEATURE,CAMERA_2,camera_type,This is a digital single lens mirrorless camera.,PRESENT_X,CAMERA_2,10~40
361,7,CAMERA_2,['CAMERA_2'],"{'CAMERA_1': [], 'CAMERA_2': ['autofocus_points', 'ISO', 'camera_type', 'settings'], 'CAMERA_3': []}",C_SILENT_OR_BACKCHANNEL,CAMERA_2,NONE,yeah,PRESENT_X,CAMERA_2,S_INTRODUCES_FEATURE,CAMERA_2,settings,"This one has manual control and various automatic settings (video modeburst shooting, etc.).",PRESENT_X,CAMERA_2,13~91
361,8,CAMERA_2,['CAMERA_2'],"{'CAMERA_1': [], 'CAMERA_2': ['autofocus_points', 'ISO', 'camera_type', 'settings', 'long_exposure'], 'CAMERA_3': []}",C_SILENT_OR_BACKCHANNEL,CAMERA_2,NONE,IC,PRESENT_X,CAMERA_2,S_INTRODUCES_FEATURE,CAMERA_2,long_exposure,This one can take long exposures up to 60 minutes max with bulb mode.,PRESENT_X,CAMERA_2,39~68
361,9,CAMERA_2,['CAMERA_2'],"{'CAMERA_1': [], 'CAMERA_2': ['autofocus_points', 'ISO', 'camera_type', 'settings', 'long_exposure', 'resolution'], 'CAMERA_3': []}",C_SILENT_OR_BACKCHANNEL,CAMERA_2,NONE,ok,PRESENT_X,CAMERA_2,S_INTRODUCES_FEATURE,CAMERA_2,resolution,This one has 23.8 megapixels resolution.,PRESENT_X,CAMERA_2,13~28
361,10,CAMERA_2,['CAMERA_2'],"{'CAMERA_1': [], 'CAMERA_2': ['autofocus_points', 'ISO', 'camera_type', 'settings', 'long_exposure', 'resolution', 'optical_zoom'], 'CAMERA_3': []}",C_QUESTION_ABOUT_FEATURE,CAMERA_2,optical_zoom,good that's a good effect okay how about the optical zooms,PRESENT_X,CAMERA_2,S_ANSWERS_QUESTION_ABOUT_FEATURE,CAMERA_2,optical_zoom,This one has 21x optical zoom.,PRESENT_X,CAMERA_2,13~29
361,11,CAMERA_2,['CAMERA_2'],"{'CAMERA_1': [], 'CAMERA_2': ['autofocus_points', 'ISO', 'camera_type', 'settings', 'long_exposure', 'resolution', 'optical_zoom', 'color'], 'CAMERA_3': []}",C_QUESTION_ABOUT_FEATURE,CAMERA_2,color,how many colors does it come in,PRESENT_X,CAMERA_2,S_ANSWERS_QUESTION_ABOUT_FEATURE,CAMERA_2,color,This one comes in white or pink.,PRESENT_X,CAMERA_2,18~31
361,12,CAMERA_2,['CAMERA_2'],"{'CAMERA_1': [], 'CAMERA_2': ['autofocus_points', 'ISO', 'camera_type', 'settings', 'long_exposure', 'resolution', 'optical_zoom', 'color', 'effects'], 'CAMERA_3': []}",C_QUESTION_ABOUT_FEATURE,CAMERA_2,effects,okay good how about the artistic effect mode what is that good,PRESENT_X,CAMERA_2,S_ANSWERS_QUESTION_ABOUT_FEATURE,CAMERA_2,effects,"This one has 24 artistic effect modes (retro, lighter or darker skin tones, sepia, etc.).",PRESENT_X,CAMERA_2,13~88
361,13,CAMERA_2,['CAMERA_2'],"{'CAMERA_1': [], 'CAMERA_2': ['autofocus_points', 'ISO', 'camera_type', 'settings', 'long_exposure', 'resolution', 'optical_zoom', 'color', 'effects', 'weight'], 'CAMERA_3': []}",C_SILENT_OR_BACKCHANNEL,CAMERA_2,NONE,it looks like a good camera what this iso mean,PRESENT_X,CAMERA_2,S_INTRODUCES_FEATURE,CAMERA_2,weight,This one weighs 820 grams.,PRESENT_X,CAMERA_2,16~25
361,14,CAMERA_2,['CAMERA_2'],"{'CAMERA_1': [], 'CAMERA_2': ['autofocus_points', 'ISO', 'camera_type', 'settings', 'long_exposure', 'resolution', 'optical_zoom', 'color', 'effects', 'weight', 'preset_modes'], 'CAMERA_3': []}",C_QUESTION_ABOUT_FEATURE,CAMERA_2,preset_modes,does it have dog mode,PRESENT_X,CAMERA_2,S_NOT_SURE,CAMERA_2,,I'm not really sure about that.,PRESENT_X,CAMERA_2,
361,15,CAMERA_2,['CAMERA_2'],"{'CAMERA_1': [], 'CAMERA_2': ['autofocus_points', 'ISO', 'camera_type', 'settings', 'long_exposure', 'resolution', 'optical_zoom', 'color', 'effects', 'weight', 'preset_modes', 'sensor_size'], 'CAMERA_3': []}",C_QUESTION_ABOUT_FEATURE,CAMERA_2,sensor_size,oh this looks very good actually what is the size of the sensor of this camera,PRESENT_X,CAMERA_2,S_ANSWERS_QUESTION_ABOUT_FEATURE,CAMERA_2,sensor_size,This one has a 1/2.33 inch sensor.,PRESENT_X,CAMERA_2,15~33
361,16,CAMERA_2,['CAMERA_2'],"{'CAMERA_1': [], 'CAMERA_2': ['autofocus_points', 'ISO', 'camera_type', 'settings', 'long_exposure', 'resolution', 'optical_zoom', 'color', 'effects', 'weight', 'preset_modes', 'sensor_size', 'price'], 'CAMERA_3': []}",C_QUESTION_ABOUT_FEATURE,CAMERA_2,price,how much does this camera cost,PRESENT_X,CAMERA_2,S_ANSWERS_QUESTION_ABOUT_FEATURE,CAMERA_2,price,This one costs $768.,PRESENT_X,CAMERA_2,15~19
361,17,CAMERA_2,['CAMERA_2'],"{'CAMERA_1': [], 'CAMERA_2': ['autofocus_points', 'ISO', 'camera_type', 'settings', 'long_exposure', 'resolution', 'optical_zoom', 'color', 'effects', 'weight', 'preset_modes', 'sensor_size', 'price', 'color'], 'CAMERA_3': []}",C_SILENT_OR_BACKCHANNEL,CAMERA_2,NONE,uh huh oh yeah,PRESENT_X,CAMERA_2,S_INTRODUCES_FEATURE,CAMERA_2,color,This one comes in white or pink.,PRESENT_X,CAMERA_2,18~31
361,18,CAMERA_2,['CAMERA_2'],"{'CAMERA_1': [], 'CAMERA_2': ['autofocus_points', 'ISO', 'camera_type', 'settings', 'long_exposure', 'resolution', 'optical_zoom', 'color', 'effects', 'weight', 'preset_modes', 'sensor_size', 'price', 'color', 'weight'], 'CAMERA_3': []}",C_SILENT_OR_BACKCHANNEL,CAMERA_2,NONE,$68 wow that's great,PRESENT_X,CAMERA_2,S_INTRODUCES_FEATURE,CAMERA_2,weight,This one weighs 820 grams.,PRESENT_X,CAMERA_2,16~25
361,19,CAMERA_2,['CAMERA_2'],"{'CAMERA_1': [], 'CAMERA_2': ['autofocus_points', 'ISO', 'camera_type', 'settings', 'long_exposure', 'resolution', 'optical_zoom', 'color', 'effects', 'weight', 'preset_modes', 'sensor_size', 'price', 'color', 'weight', 'weight'], 'CAMERA_3': []}",C_SILENT_OR_BACKCHANNEL,CAMERA_2,NONE,yeah pretty good pocket size,PRESENT_X,CAMERA_2,S_INTRODUCES_FEATURE,CAMERA_2,weight,This one weighs 820 grams.,PRESENT_X,CAMERA_2,16~25
361,20,CAMERA_2,['CAMERA_2'],"{'CAMERA_1': [], 'CAMERA_2': ['autofocus_points', 'ISO', 'camera_type', 'settings', 'long_exposure', 'resolution', 'optical_zoom', 'color', 'effects', 'weight', 'preset_modes', 'sensor_size', 'price', 'color', 'weight', 'weight', 'optical_zoom'], 'CAMERA_3': []}",C_SILENT_OR_BACKCHANNEL,CAMERA_2,NONE,listen to be a very nice camera,PRESENT_X,CAMERA_2,S_INTRODUCES_FEATURE,CAMERA_2,optical_zoom,This one has 21x optical zoom.,PRESENT_X,CAMERA_2,13~29
361,21,CAMERA_2,['CAMERA_2'],"{'CAMERA_1': [], 'CAMERA_2': ['autofocus_points', 'ISO', 'camera_type', 'settings', 'long_exposure', 'resolution', 'optical_zoom', 'color', 'effects', 'weight', 'preset_modes', 'sensor_size', 'price', 'color', 'weight', 'weight', 'optical_zoom', 'long_exposure'], 'CAMERA_3': []}",C_QUESTION_ABOUT_FEATURE,CAMERA_2,long_exposure,is the exposure any good,PRESENT_X,CAMERA_2,S_ANSWERS_QUESTION_ABOUT_FEATURE,CAMERA_2,long_exposure,This one can take long exposures up to 60 minutes max with bulb mode.,PRESENT_X,CAMERA_2,39~68
361,22,CAMERA_2,['CAMERA_2'],"{'CAMERA_1': [], 'CAMERA_2': ['autofocus_points', 'ISO', 'camera_type', 'settings', 'long_exposure', 'resolution', 'optical_zoom', 'color', 'effects', 'weight', 'preset_modes', 'sensor_size', 'price', 'color', 'weight', 'weight', 'optical_zoom', 'long_exposure', 'long_exposure'], 'CAMERA_3': []}",C_QUESTION_ABOUT_FEATURE,CAMERA_2,long_exposure,polo knit long exposure,PRESENT_X,CAMERA_2,S_ANSWERS_QUESTION_ABOUT_FEATURE,CAMERA_2,long_exposure,This one can take long exposures up to 60 minutes max with bulb mode.,PRESENT_X,CAMERA_2,39~68
361,23,CAMERA_2,['CAMERA_2'],"{'CAMERA_1': [], 'CAMERA_2': ['autofocus_points', 'ISO', 'camera_type', 'settings', 'long_exposure', 'resolution', 'optical_zoom', 'color', 'effects', 'weight', 'preset_modes', 'sensor_size', 'price', 'color', 'weight', 'weight', 'optical_zoom', 'long_exposure', 'long_exposure', 'settings'], 'CAMERA_3': []}",C_SILENT_OR_BACKCHANNEL,CAMERA_2,NONE,ok,PRESENT_X,CAMERA_2,S_INTRODUCES_FEATURE,CAMERA_2,settings,"This one has manual control and various automatic settings (video modeburst shooting, etc.).",PRESENT_X,CAMERA_2,13~91
361,24,NONE,['CAMERA_2'],"{'CAMERA_1': [], 'CAMERA_2': ['autofocus_points', 'ISO', 'camera_type', 'settings', 'long_exposure', 'resolution', 'optical_zoom', 'color', 'effects', 'weight', 'preset_modes', 'sensor_size', 'price', 'color', 'weight', 'weight', 'optical_zoom', 'long_exposure', 'long_exposure', 'settings'], 'CAMERA_3': []}",C_THANK_YOU,CAMERA_2,NONE,alright thank you,PRESENT_X,CAMERA_2,S_THANK_YOU,CAMERA_2,NONE,thank you very much.,FACE_TO_FACE,NONE,
361,25,NONE,['CAMERA_2'],"{'CAMERA_1': [], 'CAMERA_2': ['autofocus_points', 'ISO', 'camera_type', 'settings', 'long_exposure', 'resolution', 'optical_zoom', 'color', 'effects', 'weight', 'preset_modes', 'sensor_size', 'price', 'color', 'weight', 'weight', 'optical_zoom', 'long_exposure', 'long_exposure', 'settings'], 'CAMERA_3': []}",C_LEAVES,DOOR,NONE,,FACE_TO_FACE,NONE,S_RETURNS_TO_COUNTER,SERVICE_COUNTER,NONE,,WAITING,NONE,
362,1,NONE,[],"{'CAMERA_1': [], 'CAMERA_2': [], 'CAMERA_3': []}",C_ENTERS,DOOR,NONE,,WAITING,NONE,S_NONE,SERVICE_COUNTER,NONE,,WAITING,NONE,
362,2,NONE,[],"{'CAMERA_1': [], 'CAMERA_2': [], 'CAMERA_3': []}",C_WALKS_TO_CAMERA,CAMERA_2,NONE,,WAITING,NONE,S_GREETS,CAMERA_2,NONE,can I help you?,FACE_TO_FACE,NONE,
362,3,CAMERA_1,['CAMERA_1'],"{'CAMERA_1': [], 'CAMERA_2': [], 'CAMERA_3': []}",C_LOOKING_FOR_A_CAMERA,CAMERA_2,NONE,the room I'm looking for a new camera that has a professional photographer,FACE_TO_FACE,NONE,S_INTRODUCES_CAMERA,CAMERA_1,,Let me show you this. Here we have the Sony PowerShot ELPH DMC-ZS3.,PRESENT_X,CAMERA_1,39~66
362,4,CAMERA_1,['CAMERA_1'],"{'CAMERA_1': ['autofocus_points'], 'CAMERA_2': [], 'CAMERA_3': []}",C_QUESTION_ABOUT_FEATURE,CAMERA_1,autofocus_points,how many auto focus points does this have,PRESENT_X,CAMERA_1,S_ANSWERS_QUESTION_ABOUT_FEATURE,CAMERA_1,autofocus_points,This one has 135 autofocus points.,PRESENT_X,CAMERA_1,13~33
362,5,CAMERA_1,['CAMERA_1'],"{'CAMERA_1': ['autofocus_points', 'camera_type'], 'CAMERA_2': [], 'CAMERA_3': []}",C_QUESTION_ABOUT_FEATURE,CAMERA_1,camera_type,is this a DSLR camera,PRESENT_X,CAMERA_1,S_ANSWERS_QUESTION_ABOUT_FEATURE,CAMERA_1,camera_type,This is a DSLR camera.,PRESENT_X,CAMERA_1,10~14
362,6,CAMERA_3,"['CAMERA_1', 'CAMERA_3']","{'CAMERA_1': ['autofocus_points', 'camera_type'], 'CAMERA_2': [], 'CAMERA_3': []}",C_ANYTHING_ELSE_AVAILABLE,CAMERA_1,NONE,that's good that's okay I like it when do you have other models in this area,PRESENT_X,CAMERA_1,S_INTRODUCES_CAMERA,CAMERA_3,,Let me show you this. Here we have the Fujifilm PowerShot ELPH S2800.,PRESENT_X,CAMERA_3,39~68
362,7,CAMERA_3,"['CAMERA_1', 'CAMERA_3']","{'CAMERA_1': ['autofocus_points', 'camera_type'], 'CAMERA_2': [], 'CAMERA_3': ['long_exposure']}",C_QUESTION_ABOUT_FEATURE,CAMERA_3,long_exposure,is the exposure over 20 seconds,PRESENT_X,CAMERA_3,S_ANSWERS_QUESTION_ABOUT_FEATURE,CAMERA_3,long_exposure,This one can take long exposures up to 30 minutes max with bulb mode.,PRESENT_X,CAMERA_3,39~68
362,8,CAMERA_3,"['CAMERA_1', 'CAMERA_3']","{'CAMERA_1': ['autofocus_points', 'camera_type'], 'CAMERA_2': [], 'CAMERA_3': ['long_exposure', 'price']}",C_SILENT_OR_BACKCHANNEL,CAMERA_3,NONE,nice how much is a pricing,PRESENT_X,CAMERA_3,S_INTRODUCES_FEATURE,CAMERA_3,price,This one costs $518.,PRESENT_X,CAMERA_3,15~19
362,9,CAMERA_3,"['CAMERA_1', 'CAMERA_3']","{'CAMERA_1': ['autofocus_points', 'camera_type'], 'CAMERA_2': [], 'CAMERA_3': ['long_exposure', 'price', 'camera_type']}",C_SILENT_OR_BACKCHANNEL,CAMERA_3,NONE,uh huh I just want to see the cameras,PRESENT_X,CAMERA_3,S_INTRODUCES_FEATURE,CAMERA_3,camera_type,This is a point and shoot camera.,PRESENT_X,CAMERA_3,10~25
362,10,CAMERA_3,"['CAMERA_1', 'CAMERA_3']","{'CAMERA_1': ['autofocus_points', 'camera_type'], 'CAMERA_2': [], 'CAMERA_3': ['long_exposure', 'price', 'camera_type', 'color']}",C_SILENT_OR_BACKCHANNEL,CAMERA_3,NONE,this one also looks kind of good,PRESENT_X,CAMERA_3,S_INTRODUCES_FEATURE,CAMERA_3,color,"This one comes in purple, white, silver, blue, red, or pink.",PRESENT_X,CAMERA_3,18~59
362,11,CAMERA_2,"['CAMERA_1', 'CAMERA_3', 'CAMERA_2']","{'CAMERA_1': ['autofocus_points', 'camera_type'], 'CAMERA_2': [], 'CAMERA_3': ['long_exposure', 'price', 'camera_type', 'color']}",C_ANYTHING_ELSE_AVAILABLE,CAMERA_3,NONE,do you have any other cameras with preset mode,PRESENT_X,CAMERA_3,S_INTRODUCES_CAMERA,CAMERA_2,,Let me show you this. Here we have the Fujifilm Lumix ILC Camera.,PRESENT_X,CAMERA_2,39~64
362,12,CAMERA_2,"['CAMERA_1', 'CAMERA_3', 'CAMERA_2']","{'CAMERA_1': ['autofocus_points', 'camera_type'], 'CAMERA_2': ['color'], 'CAMERA_3': ['long_exposure', 'price', 'camera_type', 'color']}",C_QUESTION_ABOUT_FEATURE,CAMERA_2,color,did this camera come in any other colors,PRESENT_X,CAMERA_2,S_ANSWERS_QUESTION_ABOUT_FEATURE,CAMERA_2,color,This one comes in white or pink.,PRESENT_X,CAMERA_2,18~31
362,13,NONE,"['CAMERA_1', 'CAMERA_3', 'CAMERA_2']","{'CAMERA_1': ['autofocus_points', 'camera_type'], 'CAMERA_2': ['color'], 'CAMERA_3': ['long_exposure', 'price', 'camera_type', 'color']}",C_THANK_YOU,CAMERA_2,NONE,thanks for your help today,PRESENT_X,CAMERA_2,S_THANK_YOU,CAMERA_2,NONE,thank you very much.,FACE_TO_FACE,NONE,
362,14,NONE,"['CAMERA_1', 'CAMERA_3', 'CAMERA_2']","{'CAMERA_1': ['autofocus_points', 'camera_type'], 'CAMERA_2': ['color'], 'CAMERA_3': ['long_exposure', 'price', 'camera_type', 'color']}",C_LEAVES,DOOR,NONE,,FACE_TO_FACE,NONE,S_RETURNS_TO_COUNTER,SERVICE_COUNTER,NONE,,WAITING,NONE,
363,1,NONE,[],"{'CAMERA_1': [], 'CAMERA_2': [], 'CAMERA_3': []}",C_ENTERS,DOOR,NONE,,WAITING,NONE,S_NONE,SERVICE_COUNTER,NONE,,WAITING,NONE,
363,2,NONE,[],"{'CAMERA_1': [], 'CAMERA_2': [], 'CAMERA_3': []}",C_GREETS,MIDDLE,NONE,hello good morning,WAITING,NONE,S_GREETS,MIDDLE,NONE,can I help you?,FACE_TO_FACE,NONE,
363,3,CAMERA_1,['CAMERA_1'],"{'CAMERA_1': [], 'CAMERA_2': [], 'CAMERA_3': []}",C_LOOKING_FOR_A_CAMERA,MIDDLE,NONE,well I'm looking for camera,FACE_TO_FACE,NONE,S_INTRODUCES_CAMERA,CAMERA_1,,Let me show you this. Here we have the Sony PowerShot ELPH DMC-ZS3.,PRESENT_X,CAMERA_1,39~66
363,4,CAMERA_1,['CAMERA_1'],"{'CAMERA_1': ['autofocus_points'], 'CAMERA_2': [], 'CAMERA_3': []}",C_QUESTION_ABOUT_FEATURE,CAMERA_1,autofocus_points,and it has auto focus points,PRESENT_X,CAMERA_1,S_ANSWERS_QUESTION_ABOUT_FEATURE,CAMERA_1,autofocus_points,This one has 135 autofocus points.,PRESENT_X,CAMERA_1,13~33
363,5,CAMERA_1,['CAMERA_1'],"{'CAMERA_1': ['autofocus_points', 'effects'], 'CAMERA_2': [], 'CAMERA_3': []}",C_SILENT_OR_BACKCHANNEL,CAMERA_1,NONE,I'm looking at this dslr it looks pretty good,PRESENT_X,CAMERA_1,S_INTRODUCES_FEATURE,CAMERA_1,effects,"This one has 24 glamor retouch effects (miniature, retro, toy camera, etc.).",PRESENT_X,CAMERA_1,13~75
363,6,CAMERA_1,['CAMERA_1'],"{'CAMERA_1': ['autofocus_points', 'effects', 'settings'], 'CAMERA_2': [], 'CAMERA_3': []}",C_SILENT_OR_BACKCHANNEL,CAMERA_1,NONE,nice,PRESENT_X,CAMERA_1,S_INTRODUCES_FEATURE,CAMERA_1,settings,This one has limited manual settings.,PRESENT_X,CAMERA_1,13~36
363,7,CAMERA_3,"['CAMERA_1', 'CAMERA_3']","{'CAMERA_1': ['autofocus_points', 'effects', 'settings'], 'CAMERA_2': [], 'CAMERA_3': []}",C_ANYTHING_ELSE_AVAILABLE,CAMERA_1,NONE,do you have any other cameras that are in this kind,PRESENT_X,CAMERA_1,S_INTRODUCES_CAMERA,CAMERA_3,,Let me show you this. Here we have the Fujifilm PowerShot ELPH S2800.,PRESENT_X,CAMERA_3,39~68
363,8,CAMERA_3,"['CAMERA_1', 'CAMERA_3']","{'CAMERA_1': ['autofocus_points', 'effects', 'settings'], 'CAMERA_2': [], 'CAMERA_3': ['price']}",C_SILENT_OR_BACKCHANNEL,CAMERA_3,NONE,that's great,PRESENT_X,CAMERA_3,S_INTRODUCES_FEATURE,CAMERA_3,price,This one costs $518.,PRESENT_X,CAMERA_3,15~19
363,9,CAMERA_3,"['CAMERA_1', 'CAMERA_3']","{'CAMERA_1': ['autofocus_points', 'effects', 'settings'], 'CAMERA_2': [], 'CAMERA_3': ['price', 'settings']}",C_SILENT_OR_BACKCHANNEL,CAMERA_3,NONE,okay,PRESENT_X,CAMERA_3,S_INTRODUCES_FEATURE,CAMERA_3,settings,"This one has manual control and various automatic settings (video modeburst shooting, etc.).",PRESENT_X,CAMERA_3,13~91
363,10,CAMERA_3,"['CAMERA_1', 'CAMERA_3']","{'CAMERA_1': ['autofocus_points', 'effects', 'settings'], 'CAMERA_2': [], 'CAMERA_3': ['price', 'settings', 'sensor_size']}",C_SILENT_OR_BACKCHANNEL,CAMERA_3,NONE,IC,PRESENT_X,CAMERA_3,S_INTRODUCES_FEATURE,CAMERA_3,sensor_size,This one has a full frame.,PRESENT_X,CAMERA_3,15~25
363,11,NONE,"['CAMERA_1', 'CAMERA_3']","{'CAMERA_1': ['autofocus_points', 'effects', 'settings'], 'CAMERA_2': [], 'CAMERA_3': ['price', 'settings', 'sensor_size']}",C_THANK_YOU,CAMERA_3,NONE,ok i will have a think about it thank you,PRESENT_X,CAMERA_3,S_THANK_YOU,CAMERA_3,NONE,thank you very much.,FACE_TO_FACE,NONE,
363,12,NONE,"['CAMERA_1', 'CAMERA_3']","{'CAMERA_1': ['autofocus_points', 'effects', 'settings'], 'CAMERA_2': [], 'CAMERA_3': ['price', 'settings', 'sensor_size']}",C_LEAVES,DOOR,NONE,,FACE_TO_FACE,NONE,S_RETURNS_TO_COUNTER,SERVICE_COUNTER,NONE,,WAITING,NONE,
364,1,NONE,[],"{'CAMERA_1': [], 'CAMERA_2': [], 'CAMERA_3': []}",C_ENTERS,DOOR,NONE,,WAITING,NONE,S_NONE,SERVICE_COUNTER,NONE,,WAITING,NONE,
364,2,NONE,[],"{'CAMERA_1': [], 'CAMERA_2': [], 'CAMERA_3': []}",C_WALKS_TO_CAMERA,CAMERA_3,NONE,,WAITING,NONE,S_GREETS,CAMERA_3,NONE,can I help you?,FACE_TO_FACE,NONE,
364,3,CAMERA_3,['CAMERA_3'],"{'CAMERA_1': [], 'CAMERA_2': [], 'CAMERA_3': []}",C_LOOKING_FOR_A_CAMERA,CAMERA_3,NONE,I'm looking for a new camera actually like a better than my phone,FACE_TO_FACE,NONE,S_INTRODUCES_CAMERA,CAMERA_3,,Let me show you this. Here we have the Fujifilm PowerShot ELPH S2800.,PRESENT_X,CAMERA_3,39~68
364,4,CAMERA_3,['CAMERA_3'],"{'CAMERA_1': [], 'CAMERA_2': [], 'CAMERA_3': ['color']}",C_SILENT_OR_BACKCHANNEL,CAMERA_3,NONE,hm,PRESENT_X,CAMERA_3,S_INTRODUCES_FEATURE,CAMERA_3,color,"This one comes in purple, white, silver, blue, red, or pink.",PRESENT_X,CAMERA_3,18~59
364,5,CAMERA_3,['CAMERA_3'],"{'CAMERA_1': [], 'CAMERA_2': [], 'CAMERA_3': ['color', 'preset_modes']}",C_SILENT_OR_BACKCHANNEL,CAMERA_3,NONE,ok,PRESENT_X,CAMERA_3,S_INTRODUCES_FEATURE,CAMERA_3,preset_modes,This one has various preset modes.,PRESENT_X,CAMERA_3,13~33
364,6,CAMERA_3,['CAMERA_3'],"{'CAMERA_1': [], 'CAMERA_2': [], 'CAMERA_3': ['color', 'preset_modes', 'effects']}",C_SILENT_OR_BACKCHANNEL,CAMERA_3,NONE,okay that's nice,PRESENT_X,CAMERA_3,S_INTRODUCES_FEATURE,CAMERA_3,effects,"This one has 21 photo effects (small face, retro, big eyes, etc.).",PRESENT_X,CAMERA_3,13~65
364,7,CAMERA_3,['CAMERA_3'],"{'CAMERA_1': [], 'CAMERA_2': [], 'CAMERA_3': ['color', 'preset_modes', 'effects', 'price']}",C_QUESTION_ABOUT_FEATURE,CAMERA_3,price,Oregon how much does it cost,PRESENT_X,CAMERA_3,S_ANSWERS_QUESTION_ABOUT_FEATURE,CAMERA_3,price,This one costs $518.,PRESENT_X,CAMERA_3,15~19
364,8,CAMERA_3,['CAMERA_3'],"{'CAMERA_1': [], 'CAMERA_2': [], 'CAMERA_3': ['color', 'preset_modes', 'effects', 'price', 'resolution']}",C_QUESTION_ABOUT_FEATURE,CAMERA_3,resolution,how many megapixels is this camera information of the resolution,PRESENT_X,CAMERA_3,S_ANSWERS_QUESTION_ABOUT_FEATURE,CAMERA_3,resolution,This one has 23.2 megapixels resolution.,PRESENT_X,CAMERA_3,13~28
364,9,CAMERA_3,['CAMERA_3'],"{'CAMERA_1': [], 'CAMERA_2': [], 'CAMERA_3': ['color', 'preset_modes', 'effects', 'price', 'resolution', 'sensor_size']}",C_QUESTION_ABOUT_FEATURE,CAMERA_3,sensor_size,ok what about the sensor size,PRESENT_X,CAMERA_3,S_ANSWERS_QUESTION_ABOUT_FEATURE,CAMERA_3,sensor_size,This one has a full frame.,PRESENT_X,CAMERA_3,15~25
364,10,CAMERA_3,['CAMERA_3'],"{'CAMERA_1': [], 'CAMERA_2': [], 'CAMERA_3': ['color', 'preset_modes', 'effects', 'price', 'resolution', 'sensor_size', 'settings']}",C_QUESTION_ABOUT_FEATURE,CAMERA_3,settings,nice and what about the mental settings,PRESENT_X,CAMERA_3,S_ANSWERS_QUESTION_ABOUT_FEATURE,CAMERA_3,settings,"This one has manual control and various automatic settings (video modeburst shooting, etc.).",PRESENT_X,CAMERA_3,13~91
364,11,CAMERA_3,['CAMERA_3'],"{'CAMERA_1': [], 'CAMERA_2': [], 'CAMERA_3': ['color', 'preset_modes', 'effects', 'price', 'resolution', 'sensor_size', 'settings', 'autofocus_points']}",C_QUESTION_ABOUT_FEATURE,CAMERA_3,autofocus_points,This one more expensive and it's heavier and it's got less autofocus points,PRESENT_X,CAMERA_3,S_ANSWERS_QUESTION_ABOUT_FEATURE,CAMERA_3,autofocus_points,This one has 214 autofocus points.,PRESENT_X,CAMERA_3,13~33
364,12,CAMERA_3,['CAMERA_3'],"{'CAMERA_1': [], 'CAMERA_2': [], 'CAMERA_3': ['color', 'preset_modes', 'effects', 'price', 'resolution', 'sensor_size', 'settings', 'autofocus_points', 'weight']}",C_QUESTION_ABOUT_FEATURE,CAMERA_3,weight,can I know the weight of this camera,PRESENT_X,CAMERA_3,S_ANSWERS_QUESTION_ABOUT_FEATURE,CAMERA_3,weight,This one weighs 820 grams.,PRESENT_X,CAMERA_3,16~25
364,13,CAMERA_3,['CAMERA_3'],"{'CAMERA_1': [], 'CAMERA_2': [], 'CAMERA_3': ['color', 'preset_modes', 'effects', 'price', 'resolution', 'sensor_size', 'settings', 'autofocus_points', 'weight', 'long_exposure']}",C_SILENT_OR_BACKCHANNEL,CAMERA_3,NONE,great that's great I know what sits exercise,PRESENT_X,CAMERA_3,S_INTRODUCES_FEATURE,CAMERA_3,long_exposure,This one can take long exposures up to 30 minutes max with bulb mode.,PRESENT_X,CAMERA_3,39~68
364,14,CAMERA_3,['CAMERA_3'],"{'CAMERA_1': [], 'CAMERA_2': [], 'CAMERA_3': ['color', 'preset_modes', 'effects', 'price', 'resolution', 'sensor_size', 'settings', 'autofocus_points', 'weight', 'long_exposure', 'camera_type']}",C_QUESTION_ABOUT_FEATURE,CAMERA_3,camera_type,is this a point and shoot camera,PRESENT_X,CAMERA_3,S_ANSWERS_QUESTION_ABOUT_FEATURE,CAMERA_3,camera_type,This is a point and shoot camera.,PRESENT_X,CAMERA_3,10~25
364,15,CAMERA_3,['CAMERA_3'],"{'CAMERA_1': [], 'CAMERA_2': [], 'CAMERA_3': ['color', 'preset_modes', 'effects', 'price', 'resolution', 'sensor_size', 'settings', 'autofocus_points', 'weight', 'long_exposure', 'camera_type', 'ISO']}",C_SILENT_OR_BACKCHANNEL,CAMERA_3,NONE,yeah i see,PRESENT_X,CAMERA_3,S_INTRODUCES_FEATURE,CAMERA_3,ISO,This one has up to 3200 ISO with little noise.,PRESENT_X,CAMERA_3,13~45
364,16,CAMERA_3,['CAMERA_3'],"{'CAMERA_1': [], 'CAMERA_2': [], 'CAMERA_3': ['color', 'preset_modes', 'effects', 'price', 'resolution', 'sensor_size', 'settings', 'autofocus_points', 'weight', 'long_exposure', 'camera_type', 'ISO', 'optical_zoom']}",C_QUESTION_ABOUT_FEATURE,CAMERA_3,optical_zoom,how far does the zoom on this one go,PRESENT_X,CAMERA_3,S_NOT_SURE,CAMERA_3,,I'm not really sure about that.,PRESENT_X,CAMERA_3,
364,17,CAMERA_3,['CAMERA_3'],"{'CAMERA_1': [], 'CAMERA_2': [], 'CAMERA_3': ['color', 'preset_modes', 'effects', 'price', 'resolution', 'sensor_size', 'settings', 'autofocus_points', 'weight', 'long_exposure', 'camera_type', 'ISO', 'optical_zoom', 'sensor_size']}",C_QUESTION_ABOUT_FEATURE,CAMERA_3,sensor_size,what about it census ice,PRESENT_X,CAMERA_3,S_ANSWERS_QUESTION_ABOUT_FEATURE,CAMERA_3,sensor_size,This one has a full frame.,PRESENT_X,CAMERA_3,15~25
364,18,CAMERA_3,['CAMERA_3'],"{'CAMERA_1': [], 'CAMERA_2': [], 'CAMERA_3': ['color', 'preset_modes', 'effects', 'price', 'resolution', 'sensor_size', 'settings', 'autofocus_points', 'weight', 'long_exposure', 'camera_type', 'ISO', 'optical_zoom', 'sensor_size', 'price']}",C_QUESTION_ABOUT_FEATURE,CAMERA_3,price,how much is this,PRESENT_X,CAMERA_3,S_ANSWERS_QUESTION_ABOUT_FEATURE,CAMERA_3,price,This one costs $518.,PRESENT_X,CAMERA_3,15~19
364,19,CAMERA_3,['CAMERA_3'],"{'CAMERA_1': [], 'CAMERA_2': [], 'CAMERA_3': ['color', 'preset_modes', 'effects', 'price', 'resolution', 'sensor_size', 'settings', 'autofocus_points', 'weight', 'long_exposure', 'camera_type', 'ISO', 'optical_zoom', 'sensor_size', 'price', 'resolution']}",C_QUESTION_ABOUT_FEATURE,CAMERA_3,resolution,what about the resolution,PRESENT_X,CAMERA_3,S_ANSWERS_QUESTION_ABOUT_FEATURE,CAMERA_3,resolution,This one has 23.2 megapixels resolution.,PRESENT_X,CAMERA_3,13~28
364,20,NONE,['CAMERA_3'],"{'CAMERA_1': [], 'CAMERA_2': [], 'CAMERA_3': ['color', 'preset_modes', 'effects', 'price', 'resolution', 'sensor_size', 'settings', 'autofocus_points', 'weight', 'long_exposure', 'camera_type', 'ISO', 'optical_zoom', 'sensor_size', 'price', 'resolution']}",C_THANK_YOU,CAMERA_3,NONE,I will call you if I need your help,PRESENT_X,CAMERA_3,S_THANK_YOU,CAMERA_3,NONE,thank you very much.,FACE_TO_FACE,NONE,
364,21,NONE,['CAMERA_3'],"{'CAMERA_1': [], 'CAMERA_2': [], 'CAMERA_3': ['color', 'preset_modes', 'effects', 'price', 'resolution', 'sensor_size', 'settings', 'autofocus_points', 'weight', 'long_exposure', 'camera_type', 'ISO', 'optical_zoom', 'sensor_size', 'price', 'resolution']}",C_LEAVES,DOOR,NONE,,FACE_TO_FACE,NONE,S_RETURNS_TO_COUNTER,SERVICE_COUNTER,NONE,,WAITING,NONE,
365,1,NONE,[],"{'CAMERA_1': [], 'CAMERA_2': [], 'CAMERA_3': []}",C_ENTERS,DOOR,NONE,,WAITING,NONE,S_NONE,SERVICE_COUNTER,NONE,,WAITING,NONE,
365,2,NONE,[],"{'CAMERA_1': [], 'CAMERA_2': [], 'CAMERA_3': []}",C_GREETS,MIDDLE,NONE,excuse me you have two other cameras which is cheapest,WAITING,NONE,S_GREETS,MIDDLE,NONE,can I help you?,FACE_TO_FACE,NONE,
365,3,CAMERA_2,['CAMERA_2'],"{'CAMERA_1': [], 'CAMERA_2': [], 'CAMERA_3': []}",C_LOOKING_FOR_A_CAMERA,MIDDLE,NONE,I need a camera but not a professional camera but something I can use in my business that will give me some good pictures,FACE_TO_FACE,NONE,S_INTRODUCES_CAMERA,CAMERA_2,,Let me show you this. Here we have the Fujifilm Lumix ILC Camera.,PRESENT_X,CAMERA_2,39~64
365,4,CAMERA_2,['CAMERA_2'],"{'CAMERA_1': [], 'CAMERA_2': ['weight'], 'CAMERA_3': []}",C_QUESTION_ABOUT_FEATURE,CAMERA_2,weight,what about the wait is it light or is it heavy,PRESENT_X,CAMERA_2,S_ANSWERS_QUESTION_ABOUT_FEATURE,CAMERA_2,weight,This one weighs 820 grams.,PRESENT_X,CAMERA_2,16~25
365,5,CAMERA_2,['CAMERA_2'],"{'CAMERA_1': [], 'CAMERA_2': ['weight', 'price'], 'CAMERA_3': []}",C_SILENT_OR_BACKCHANNEL,CAMERA_2,NONE,I'm interested in this cannon he looks pretty good,PRESENT_X,CAMERA_2,S_INTRODUCES_FEATURE,CAMERA_2,price,This one costs $768.,PRESENT_X,CAMERA_2,15~19
365,6,CAMERA_2,['CAMERA_2'],"{'CAMERA_1': [], 'CAMERA_2': ['weight', 'price', 'resolution'], 'CAMERA_3': []}",C_QUESTION_ABOUT_FEATURE,CAMERA_2,resolution,you know all the mega pixels in the resume sounds pretty good to me I'm looking for something and lights as well so I think I'll go for the second one,PRESENT_X,CAMERA_2,S_ANSWERS_QUESTION_ABOUT_FEATURE,CAMERA_2,resolution,This one has 23.8 megapixels resolution.,PRESENT_X,CAMERA_2,13~28
365,7,CAMERA_3,"['CAMERA_2', 'CAMERA_3']","{'CAMERA_1': [], 'CAMERA_2': ['weight', 'price', 'resolution'], 'CAMERA_3': []}",C_ANYTHING_ELSE_AVAILABLE,CAMERA_2,NONE,can you recommend another camera similar to this,PRESENT_X,CAMERA_2,S_INTRODUCES_CAMERA,CAMERA_3,,Let me show you this. Here we have the Fujifilm PowerShot ELPH S2800.,PRESENT_X,CAMERA_3,39~68
365,8,CAMERA_3,"['CAMERA_2', 'CAMERA_3']","{'CAMERA_1': [], 'CAMERA_2': ['weight', 'price', 'resolution'], 'CAMERA_3': ['long_exposure']}",C_SILENT_OR_BACKCHANNEL,CAMERA_3,NONE,Wow cheap,PRESENT_X,CAMERA_3,S_INTRODUCES_FEATURE,CAMERA_3,long_exposure,This one can take long exposures up to 30 minutes max with bulb mode.,PRESENT_X,CAMERA_3,39~68
365,9,NONE,"['CAMERA_2', 'CAMERA_3']","{'CAMERA_1': [], 'CAMERA_2': ['weight', 'price', 'resolution'], 'CAMERA_3': ['long_exposure']}",C_THANK_YOU,CAMERA_3,NONE,well I think about it thank you,PRESENT_X,CAMERA_3,S_THANK_YOU,CAMERA_3,NONE,thank you very much.,FACE_TO_FACE,NONE,
365,10,NONE,"['CAMERA_2', 'CAMERA_3']","{'CAMERA_1': [], 'CAMERA_2': ['weight', 'price', 'resolution'], 'CAMERA_3': ['long_exposure']}",C_LEAVES,DOOR,NONE,,FACE_TO_FACE,NONE,S_RETURNS_TO_COUNTER,SERVICE_COUNTER,NONE,,WAITING,NONE,
366,1,NONE,[],"{'CAMERA_1': [], 'CAMERA_2': [], 'CAMERA_3': []}",C_ENTERS,DOOR,NONE,,WAITING,NONE,S_NONE,SERVICE_COUNTER,NONE,,WAITING,NONE,
366,2,NONE,[],"{'CAMERA_1': [], 'CAMERA_2': [], 'CAMERA_3': []}",C_WALKS_TO_CAMERA,CAMERA_2,NONE,,WAITING,NONE,S_NONE,SERVICE_COUNTER,NONE,,WAITING,NONE,
366,3,NONE,[],"{'CAMERA_1': [], 'CAMERA_2': [], 'CAMERA_3': []}",C_EXAMINES_CAMERA,CAMERA_2,NONE,,WAITING,NONE,S_GREETS,CAMERA_2,NONE,can I help you?,FACE_TO_FACE,NONE,
366,4,CAMERA_2,['CAMERA_2'],"{'CAMERA_1': [], 'CAMERA_2': [], 'CAMERA_3': []}",C_LOOKING_FOR_A_CAMERA,CAMERA_2,NONE,well I'm not sure I quite know what I want to,FACE_TO_FACE,NONE,S_INTRODUCES_CAMERA,CAMERA_2,,Let me show you this. Here we have the Fujifilm Lumix ILC Camera.,PRESENT_X,CAMERA_2,39~64
366,5,CAMERA_2,['CAMERA_2'],"{'CAMERA_1': [], 'CAMERA_2': ['color'], 'CAMERA_3': []}",C_SILENT_OR_BACKCHANNEL,CAMERA_2,NONE,looks nice doesn't match what I want how much is consumed you know I want to sue me in and zoom out,PRESENT_X,CAMERA_2,S_INTRODUCES_FEATURE,CAMERA_2,color,This one comes in white or pink.,PRESENT_X,CAMERA_2,18~31
366,6,CAMERA_2,['CAMERA_2'],"{'CAMERA_1': [], 'CAMERA_2': ['color', 'effects'], 'CAMERA_3': []}",C_QUESTION_ABOUT_FEATURE,CAMERA_2,effects,and what is the artistic effect mode on this camera,PRESENT_X,CAMERA_2,S_ANSWERS_QUESTION_ABOUT_FEATURE,CAMERA_2,effects,"This one has 24 artistic effect modes (retro, lighter or darker skin tones, sepia, etc.).",PRESENT_X,CAMERA_2,13~88
366,7,CAMERA_2,['CAMERA_2'],"{'CAMERA_1': [], 'CAMERA_2': ['color', 'effects', 'preset_modes'], 'CAMERA_3': []}",C_QUESTION_ABOUT_FEATURE,CAMERA_2,preset_modes,do they have pet mode,PRESENT_X,CAMERA_2,S_NOT_SURE,CAMERA_2,,I'm not really sure about that.,PRESENT_X,CAMERA_2,
366,8,CAMERA_2,['CAMERA_2'],"{'CAMERA_1': [], 'CAMERA_2': ['color', 'effects', 'preset_modes', 'resolution'], 'CAMERA_3': []}",C_SILENT_OR_BACKCHANNEL,CAMERA_2,NONE,looks very good,PRESENT_X,CAMERA_2,S_INTRODUCES_FEATURE,CAMERA_2,resolution,This one has 23.8 megapixels resolution.,PRESENT_X,CAMERA_2,13~28
366,9,CAMERA_2,['CAMERA_2'],"{'CAMERA_1': [], 'CAMERA_2': ['color', 'effects', 'preset_modes', 'resolution', 'autofocus_points'], 'CAMERA_3': []}",C_QUESTION_ABOUT_FEATURE,CAMERA_2,autofocus_points,does it have autofocus,PRESENT_X,CAMERA_2,S_NOT_SURE,CAMERA_2,,I'm not really sure about that.,PRESENT_X,CAMERA_2,
366,10,CAMERA_2,['CAMERA_2'],"{'CAMERA_1': [], 'CAMERA_2': ['color', 'effects', 'preset_modes', 'resolution', 'autofocus_points', 'long_exposure'], 'CAMERA_3': []}",C_QUESTION_ABOUT_FEATURE,CAMERA_2,long_exposure,and how about its exposure,PRESENT_X,CAMERA_2,S_ANSWERS_QUESTION_ABOUT_FEATURE,CAMERA_2,long_exposure,This one can take long exposures up to 60 minutes max with bulb mode.,PRESENT_X,CAMERA_2,39~68
366,11,NONE,['CAMERA_2'],"{'CAMERA_1': [], 'CAMERA_2': ['color', 'effects', 'preset_modes', 'resolution', 'autofocus_points', 'long_exposure'], 'CAMERA_3': []}",C_THANK_YOU,CAMERA_2,NONE,ok thank you,PRESENT_X,CAMERA_2,S_THANK_YOU,CAMERA_2,NONE,thank you very much.,FACE_TO_FACE,NONE,
366,12,NONE,['CAMERA_2'],"{'CAMERA_1': [], 'CAMERA_2': ['color', 'effects', 'preset_modes', 'resolution', 'autofocus_points', 'long_exposure'], 'CAMERA_3': []}",C_LEAVES,DOOR,NONE,,FACE_TO_FACE,NONE,S_RETURNS_TO_COUNTER,SERVICE_COUNTER,NONE,,WAITING,NONE,
367,1,NONE,[],"{'CAMERA_1': [], 'CAMERA_2': [], 'CAMERA_3': []}",C_ENTERS,DOOR,NONE,,WAITING,NONE,S_NONE,SERVICE_COUNTER,NONE,,WAITING,NONE,
367,2,NONE,[],"{'CAMERA_1': [], 'CAMERA_2': [], 'CAMERA_3': []}",C_GREETS,MIDDLE,NONE,excuse me how large is the sensor on this camera,WAITING,NONE,S_GREETS,MIDDLE,NONE,can I help you?,FACE_TO_FACE,NONE,
367,3,CAMERA_3,['CAMERA_3'],"{'CAMERA_1': [], 'CAMERA_2': [], 'CAMERA_3': []}",C_LOOKING_FOR_A_CAMERA,MIDDLE,NONE,I'm looking for a camera to the family,FACE_TO_FACE,NONE,S_INTRODUCES_CAMERA,CAMERA_3,,Let me show you this. Here we have the Fujifilm PowerShot ELPH S2800.,PRESENT_X,CAMERA_3,39~68
367,4,CAMERA_3,['CAMERA_3'],"{'CAMERA_1': [], 'CAMERA_2': [], 'CAMERA_3': ['color']}",C_QUESTION_ABOUT_FEATURE,CAMERA_3,color,in how many colors does it come in,PRESENT_X,CAMERA_3,S_ANSWERS_QUESTION_ABOUT_FEATURE,CAMERA_3,color,"This one comes in purple, white, silver, blue, red, or pink.",PRESENT_X,CAMERA_3,18~59
367,5,CAMERA_3,['CAMERA_3'],"{'CAMERA_1': [], 'CAMERA_2': [], 'CAMERA_3': ['color', 'preset_modes']}",C_QUESTION_ABOUT_FEATURE,CAMERA_3,preset_modes,do you have any cameras with landscape night mode and menu settings,PRESENT_X,CAMERA_3,S_ANSWERS_QUESTION_ABOUT_FEATURE,CAMERA_3,preset_modes,This one has various preset modes.,PRESENT_X,CAMERA_3,13~33
367,6,CAMERA_3,['CAMERA_3'],"{'CAMERA_1': [], 'CAMERA_2': [], 'CAMERA_3': ['color', 'preset_modes', 'sensor_size']}",C_SILENT_OR_BACKCHANNEL,CAMERA_3,NONE,uh huh oh yeah,PRESENT_X,CAMERA_3,S_INTRODUCES_FEATURE,CAMERA_3,sensor_size,This one has a full frame.,PRESENT_X,CAMERA_3,15~25
367,7,CAMERA_2,"['CAMERA_3', 'CAMERA_2']","{'CAMERA_1': [], 'CAMERA_2': [], 'CAMERA_3': ['color', 'preset_modes', 'sensor_size']}",C_ANYTHING_ELSE_AVAILABLE,CAMERA_3,NONE,do you have any other cameras that are in this kind,PRESENT_X,CAMERA_3,S_INTRODUCES_CAMERA,CAMERA_2,,Let me show you this. Here we have the Fujifilm Lumix ILC Camera.,PRESENT_X,CAMERA_2,39~64
367,8,CAMERA_2,"['CAMERA_3', 'CAMERA_2']","{'CAMERA_1': [], 'CAMERA_2': ['weight'], 'CAMERA_3': ['color', 'preset_modes', 'sensor_size']}",C_QUESTION_ABOUT_FEATURE,CAMERA_2,weight,is it heavy,PRESENT_X,CAMERA_2,S_ANSWERS_QUESTION_ABOUT_FEATURE,CAMERA_2,weight,This one weighs 820 grams.,PRESENT_X,CAMERA_2,16~25
367,9,CAMERA_2,"['CAMERA_3', 'CAMERA_2']","{'CAMERA_1': [], 'CAMERA_2': ['weight', 'optical_zoom'], 'CAMERA_3': ['color', 'preset_modes', 'sensor_size']}",C_SILENT_OR_BACKCHANNEL,CAMERA_2,NONE,oh I see,PRESENT_X,CAMERA_2,S_INTRODUCES_FEATURE,CAMERA_2,optical_zoom,This one has 21x optical zoom.,PRESENT_X,CAMERA_2,13~29
367,10,CAMERA_2,"['CAMERA_3', 'CAMERA_2']","{'CAMERA_1': [], 'CAMERA_2': ['weight', 'optical_zoom', 'settings'], 'CAMERA_3': ['color', 'preset_modes', 'sensor_size']}",C_QUESTION_ABOUT_FEATURE,CAMERA_2,settings,what about the settings,PRESENT_X,CAMERA_2,S_ANSWERS_QUESTION_ABOUT_FEATURE,CAMERA_2,settings,"This one has manual control and various automatic settings (video modeburst shooting, etc.).",PRESENT_X,CAMERA_2,13~91
367,11,CAMERA_2,"['CAMERA_3', 'CAMERA_2']","{'CAMERA_1': [], 'CAMERA_2': ['weight', 'optical_zoom', 'settings', 'resolution'], 'CAMERA_3': ['color', 'preset_modes', 'sensor_size']}",C_QUESTION_ABOUT_FEATURE,CAMERA_2,resolution,what about the resolution of this camera,PRESENT_X,CAMERA_2,S_ANSWERS_QUESTION_ABOUT_FEATURE,CAMERA_2,resolution,This one has 23.8 megapixels resolution.,PRESENT_X,CAMERA_2,13~28
367,12,CAMERA_2,"['CAMERA_3', 'CAMERA_2']","{'CAMERA_1': [], 'CAMERA_2': ['weight', 'optical_zoom', 'settings', 'resolution', 'camera_type'], 'CAMERA_3': ['color', 'preset_modes', 'sensor_size']}",C_SILENT_OR_BACKCHANNEL,CAMERA_2,NONE,ok,PRESENT_X,CAMERA_2,S_INTRODUCES_FEATURE,CAMERA_2,camera_type,This is a digital single lens mirrorless camera.,PRESENT_X,CAMERA_2,10~40
367,13,CAMERA_2,"['CAMERA_3', 'CAMERA_2']","{'CAMERA_1': [], 'CAMERA_2': ['weight', 'optical_zoom', 'settings', 'resolution', 'camera_type', 'long_exposure'], 'CAMERA_3': ['color', 'preset_modes', 'sensor_size']}",C_SILENT_OR_BACKCHANNEL,CAMERA_2,NONE,it's not bad not bad,PRESENT_X,CAMERA_2,S_INTRODUCES_FEATURE,CAMERA_2,long_exposure,This one can take long exposures up to 60 minutes max with bulb mode.,PRESENT_X,CAMERA_2,39~68
367,14,CAMERA_2,"['CAMERA_3', 'CAMERA_2']","{'CAMERA_1': [], 'CAMERA_2': ['weight', 'optical_zoom', 'settings', 'resolution', 'camera_type', 'long_exposure', 'sensor_size'], 'CAMERA_3': ['color', 'preset_modes', 'sensor_size']}",C_SILENT_OR_BACKCHANNEL,CAMERA_2,NONE,great sounds like a great camera,PRESENT_X,CAMERA_2,S_INTRODUCES_FEATURE,CAMERA_2,sensor_size,This one has a 1/2.33 inch sensor.,PRESENT_X,CAMERA_2,15~33
367,15,CAMERA_2,"['CAMERA_3', 'CAMERA_2']","{'CAMERA_1': [], 'CAMERA_2': ['weight', 'optical_zoom', 'settings', 'resolution', 'camera_type', 'long_exposure', 'sensor_size', 'price'], 'CAMERA_3': ['color', 'preset_modes', 'sensor_size']}",C_QUESTION_ABOUT_FEATURE,CAMERA_2,price,yeah but just kind of want to have a cool looking camera that looks very expensive,PRESENT_X,CAMERA_2,S_ANSWERS_QUESTION_ABOUT_FEATURE,CAMERA_2,price,This one costs $768.,PRESENT_X,CAMERA_2,15~19
367,16,CAMERA_2,"['CAMERA_3', 'CAMERA_2']","{'CAMERA_1': [], 'CAMERA_2': ['weight', 'optical_zoom', 'settings', 'resolution', 'camera_type', 'long_exposure', 'sensor_size', 'price', 'autofocus_points'], 'CAMERA_3': ['color', 'preset_modes', 'sensor_size']}",C_QUESTION_ABOUT_FEATURE,CAMERA_2,autofocus_points,how many autofocus points does it have,PRESENT_X,CAMERA_2,S_NOT_SURE,CAMERA_2,,I'm not really sure about that.,PRESENT_X,CAMERA_2,
367,17,NONE,"['CAMERA_3', 'CAMERA_2']","{'CAMERA_1': [], 'CAMERA_2': ['weight', 'optical_zoom', 'settings', 'resolution', 'camera_type', 'long_exposure', 'sensor_size', 'price', 'autofocus_points'], 'CAMERA_3': ['color', 'preset_modes', 'sensor_size']}",C_THANK_YOU,CAMERA_2,NONE,thank you,PRESENT_X,CAMERA_2,S_THANK_YOU,CAMERA_2,NONE,thank you very much.,FACE_TO_FACE,NONE,
367,18,NONE,"['CAMERA_3', 'CAMERA_2']","{'CAMERA_1': [], 'CAMERA_2': ['weight', 'optical_zoom', 'settings', 'resolution', 'camera_type', 'long_exposure', 'sensor_size', 'price', 'autofocus_points'], 'CAMERA_3': ['color', 'preset_modes', 'sensor_size']}",C_LEAVES,DOOR,NONE,,FACE_TO_FACE,NONE,S_RETURNS_TO_COUNTER,SERVICE_COUNTER,NONE,,WAITING,NONE,
368,1,NONE,[],"{'CAMERA_1': [], 'CAMERA_2': [], 'CAMERA_3': []}",C_ENTERS,DOOR,NONE,,WAITING,NONE,S_NONE,SERVICE_COUNTER,NONE,,WAITING,NONE,
368,2,NONE,[],"{'CAMERA_1': [], 'CAMERA_2': [], 'CAMERA_3': []}",C_WALKS_TO_CAMERA,CAMERA_3,NONE,,WAITING,NONE,S_GREETS,CAMERA_3,NONE,can I help you?,FACE_TO_FACE,NONE,
368,3,CAMERA_1,['CAMERA_1'],"{'CAMERA_1': [], 'CAMERA_2': [], 'CAMERA_3': []}",C_LOOKING_FOR_A_CAMERA,CAMERA_3,NONE,I'm looking for a new camera,FACE_TO_FACE,NONE,S_INTRODUCES_CAMERA,CAMERA_1,,Let me show you this. Here we have the Sony PowerShot ELPH DMC-ZS3.,PRESENT_X,CAMERA_1,39~66
368,4,CAMERA_1,['CAMERA_1'],"{'CAMERA_1': ['camera_type'], 'CAMERA_2': [], 'CAMERA_3': []}",C_SILENT_OR_BACKCHANNEL,CAMERA_1,NONE,IC,PRESENT_X,CAMERA_1,S_INTRODUCES_FEATURE,CAMERA_1,camera_type,This is a DSLR camera.,PRESENT_X,CAMERA_1,10~14
368,5,CAMERA_1,['CAMERA_1'],"{'CAMERA_1': ['camera_type', 'autofocus_points'], 'CAMERA_2': [], 'CAMERA_3': []}",C_QUESTION_ABOUT_FEATURE,CAMERA_1,autofocus_points,This one more expensive and it's heavier and it's got less autofocus points,PRESENT_X,CAMERA_1,S_ANSWERS_QUESTION_ABOUT_FEATURE,CAMERA_1,autofocus_points,This one has 135 autofocus points.,PRESENT_X,CAMERA_1,13~33
368,6,CAMERA_3,"['CAMERA_1', 'CAMERA_3']","{'CAMERA_1': ['camera_type', 'autofocus_points'], 'CAMERA_2': [], 'CAMERA_3': []}",C_ANYTHING_ELSE_AVAILABLE,CAMERA_1,NONE,maybe did you have a another camera you recommend,PRESENT_X,CAMERA_1,S_INTRODUCES_CAMERA,CAMERA_3,,Let me show you this. Here we have the Fujifilm PowerShot ELPH S2800.,PRESENT_X,CAMERA_3,39~68
368,7,CAMERA_3,"['CAMERA_1', 'CAMERA_3']","{'CAMERA_1': ['camera_type', 'autofocus_points'], 'CAMERA_2': [], 'CAMERA_3': ['effects']}",C_QUESTION_ABOUT_FEATURE,CAMERA_3,effects,does it have an artistic effect mode,PRESENT_X,CAMERA_3,S_ANSWERS_QUESTION_ABOUT_FEATURE,CAMERA_3,effects,"This one has 21 photo effects (small face, retro, big eyes, etc.).",PRESENT_X,CAMERA_3,13~65
368,8,CAMERA_3,"['CAMERA_1', 'CAMERA_3']","{'CAMERA_1': ['camera_type', 'autofocus_points'], 'CAMERA_2': [], 'CAMERA_3': ['effects', 'preset_modes']}",C_SILENT_OR_BACKCHANNEL,CAMERA_3,NONE,oh wow its looks nice,PRESENT_X,CAMERA_3,S_INTRODUCES_FEATURE,CAMERA_3,preset_modes,This one has various preset modes.,PRESENT_X,CAMERA_3,13~33
368,9,CAMERA_3,"['CAMERA_1', 'CAMERA_3']","{'CAMERA_1': ['camera_type', 'autofocus_points'], 'CAMERA_2': [], 'CAMERA_3': ['effects', 'preset_modes', 'ISO']}",C_SILENT_OR_BACKCHANNEL,CAMERA_3,NONE,alright,PRESENT_X,CAMERA_3,S_INTRODUCES_FEATURE,CAMERA_3,ISO,This one has up to 3200 ISO with little noise.,PRESENT_X,CAMERA_3,13~45
368,10,CAMERA_3,"['CAMERA_1', 'CAMERA_3']","{'CAMERA_1': ['camera_type', 'autofocus_points'], 'CAMERA_2': [], 'CAMERA_3': ['effects', 'preset_modes', 'ISO', 'weight']}",C_QUESTION_ABOUT_FEATURE,CAMERA_3,weight,is it heavy,PRESENT_X,CAMERA_3,S_ANSWERS_QUESTION_ABOUT_FEATURE,CAMERA_3,weight,This one weighs 820 grams.,PRESENT_X,CAMERA_3,16~25
368,11,NONE,"['CAMERA_1', 'CAMERA_3']","{'CAMERA_1': ['camera_type', 'autofocus_points'], 'CAMERA_2': [], 'CAMERA_3': ['effects', 'preset_modes', 'ISO', 'weight']}",C_THANK_YOU,CAMERA_3,NONE,okay thank you,PRESENT_X,CAMERA_3,S_THANK_YOU,CAMERA_3,NONE,thank you very much.,FACE_TO_FACE,NONE,
368,12,NONE,"['CAMERA_1', 'CAMERA_3']","{'CAMERA_1': ['camera_type', 'autofocus_points'], 'CAMERA_2': [], 'CAMERA_3': ['effects', 'preset_modes', 'ISO', 'weight']}",C_LEAVES,DOOR,NONE,,FACE_TO_FACE,NONE,S_RETURNS_TO_COUNTER,SERVICE_COUNTER,NONE,,WAITING,NONE,
369,1,NONE,[],"{'CAMERA_1': [], 'CAMERA_2': [], 'CAMERA_3': []}",C_ENTERS,DOOR,NONE,,WAITING,NONE,S_NONE,SERVICE_COUNTER,NONE,,WAITING,NONE,
369,2,NONE,[],"{'CAMERA_1': [], 'CAMERA_2': [], 'CAMERA_3': []}",C_GREETS,MIDDLE,NONE,hello,WAITING,NONE,S_GREETS,MIDDLE,NONE,can I help you?,FACE_TO_FACE,NONE,
369,3,CAMERA_3,['CAMERA_3'],"{'CAMERA_1': [], 'CAMERA_2': [], 'CAMERA_3': []}",C_LOOKING_FOR_A_CAMERA,MIDDLE,NONE,I am looking for a camera that is reasonably priced but it's delicious the same time,FACE_TO_FACE,NONE,S_INTRODUCES_CAMERA,CAMERA_3,,Let me show you this. Here we have the Fujifilm PowerShot ELPH S2800.,PRESENT_X,CAMERA_3,39~68
369,4,CAMERA_3,['CAMERA_3'],"{'CAMERA_1': [], 'CAMERA_2': [], 'CAMERA_3': ['weight']}",C_QUESTION_ABOUT_FEATURE,CAMERA_3,weight,how heavy is this camera,PRESENT_X,CAMERA_3,S_ANSWERS_QUESTION_ABOUT_FEATURE,CAMERA_3,weight,This one weighs 820 grams.,PRESENT_X,CAMERA_3,16~25
369,5,CAMERA_3,['CAMERA_3'],"{'CAMERA_1': [], 'CAMERA_2': [], 'CAMERA_3': ['weight', 'effects']}",C_QUESTION_ABOUT_FEATURE,CAMERA_3,effects,what other effects does it have,PRESENT_X,CAMERA_3,S_ANSWERS_QUESTION_ABOUT_FEATURE,CAMERA_3,effects,"This one has 21 photo effects (small face, retro, big eyes, etc.).",PRESENT_X,CAMERA_3,13~65
369,6,CAMERA_2,"['CAMERA_3', 'CAMERA_2']","{'CAMERA_1': [], 'CAMERA_2': [], 'CAMERA_3': ['weight', 'effects']}",C_ANYTHING_ELSE_AVAILABLE,CAMERA_3,NONE,ok do you have any other cameras,PRESENT_X,CAMERA_3,S_INTRODUCES_CAMERA,CAMERA_2,,Let me show you this. Here we have the Fujifilm Lumix ILC Camera.,PRESENT_X,CAMERA_2,39~64
369,7,CAMERA_2,"['CAMERA_3', 'CAMERA_2']","{'CAMERA_1': [], 'CAMERA_2': ['settings'], 'CAMERA_3': ['weight', 'effects']}",C_SILENT_OR_BACKCHANNEL,CAMERA_2,NONE,okay that's great to know so two thousand dollars how much do the lenses go for,PRESENT_X,CAMERA_2,S_INTRODUCES_FEATURE,CAMERA_2,settings,"This one has manual control and various automatic settings (video modeburst shooting, etc.).",PRESENT_X,CAMERA_2,13~91
369,8,CAMERA_2,"['CAMERA_3', 'CAMERA_2']","{'CAMERA_1': [], 'CAMERA_2': ['settings', 'weight'], 'CAMERA_3': ['weight', 'effects']}",C_SILENT_OR_BACKCHANNEL,CAMERA_2,NONE,not too bad,PRESENT_X,CAMERA_2,S_INTRODUCES_FEATURE,CAMERA_2,weight,This one weighs 820 grams.,PRESENT_X,CAMERA_2,16~25
369,9,CAMERA_2,"['CAMERA_3', 'CAMERA_2']","{'CAMERA_1': [], 'CAMERA_2': ['settings', 'weight', 'sensor_size'], 'CAMERA_3': ['weight', 'effects']}",C_QUESTION_ABOUT_FEATURE,CAMERA_2,sensor_size,what is the sensor size like,PRESENT_X,CAMERA_2,S_ANSWERS_QUESTION_ABOUT_FEATURE,CAMERA_2,sensor_size,This one has a 1/2.33 inch sensor.,PRESENT_X,CAMERA_2,15~33
369,10,NONE,"['CAMERA_3', 'CAMERA_2']","{'CAMERA_1': [], 'CAMERA_2': ['settings', 'weight', 'sensor_size'], 'CAMERA_3': ['weight', 'effects']}",C_THANK_YOU,CAMERA_2,NONE,okay thanks,PRESENT_X,CAMERA_2,S_THANK_YOU,CAMERA_2,NONE,thank you very much.,FACE_TO_FACE,NONE,
369,11,NONE,"['CAMERA_3', 'CAMERA_2']","{'CAMERA_1': [], 'CAMERA_2': ['settings', 'weight', 'sensor_size'], 'CAMERA_3': ['weight', 'effects']}",C_LEAVES,DOOR,NONE,,FACE_TO_FACE,NONE,S_RETURNS_TO_COUNTER,SERVICE_COUNTER,NONE,,WAITING,NONE,
370,1,NONE,[],"{'CAMERA_1': [], 'CAMERA_2': [], 'CAMERA_3': []}",C_ENTERS,DOOR,NONE,,WAITING,NONE,S_NONE,SERVICE_COUNTER,NONE,,WAITING,NONE,
370,2,NONE,[],"{'CAMERA_1': [], 'CAMERA_2': [], 'CAMERA_3': []}",C_WALKS_TO_CAMERA,CAMERA_3,NONE,,WAITING,NONE,S_NONE,SERVICE_COUNTER,NONE,,WAITING,NONE,
370,3,CAMERA_3,['CAMERA_3'],"{'CAMERA_1': [], 'CAMERA_2': [], 'CAMERA_3': ['camera_type']}",C_QUESTION_ABOUT_FEATURE,CAMERA_3,camera_type,Is this a mirrorless camera?,WAITING,NONE,S_ANSWERS_QUESTION_ABOUT_FEATURE,CAMERA_3,camera_type,This is a point and shoot camera.,PRESENT_X,CAMERA_3,10~25
370,4,CAMERA_3,['CAMERA_3'],"{'CAMERA_1': [], 'CAMERA_2': [], 'CAMERA_3': ['camera_type', 'preset_modes']}",C_QUESTION_ABOUT_FEATURE,CAMERA_3,preset_modes,oh I see and what about the automatic settings I just wanted to press a button and take a picture,PRESENT_X,CAMERA_3,S_ANSWERS_QUESTION_ABOUT_FEATURE,CAMERA_3,preset_modes,This one has various preset modes.,PRESENT_X,CAMERA_3,13~33
370,5,CAMERA_3,['CAMERA_3'],"{'CAMERA_1': [], 'CAMERA_2': [], 'CAMERA_3': ['camera_type', 'preset_modes', 'effects']}",C_SILENT_OR_BACKCHANNEL,CAMERA_3,NONE,sounds pretty good,PRESENT_X,CAMERA_3,S_INTRODUCES_FEATURE,CAMERA_3,effects,"This one has 21 photo effects (small face, retro, big eyes, etc.).",PRESENT_X,CAMERA_3,13~65
370,6,CAMERA_3,['CAMERA_3'],"{'CAMERA_1': [], 'CAMERA_2': [], 'CAMERA_3': ['camera_type', 'preset_modes', 'effects', 'long_exposure']}",C_QUESTION_ABOUT_FEATURE,CAMERA_3,long_exposure,I'm going to do long exposure,PRESENT_X,CAMERA_3,S_ANSWERS_QUESTION_ABOUT_FEATURE,CAMERA_3,long_exposure,This one can take long exposures up to 30 minutes max with bulb mode.,PRESENT_X,CAMERA_3,39~68
370,7,CAMERA_3,['CAMERA_3'],"{'CAMERA_1': [], 'CAMERA_2': [], 'CAMERA_3': ['camera_type', 'preset_modes', 'effects', 'long_exposure', 'price']}",C_QUESTION_ABOUT_FEATURE,CAMERA_3,price,how much does one cost ,PRESENT_X,CAMERA_3,S_ANSWERS_QUESTION_ABOUT_FEATURE,CAMERA_3,price,This one costs $518.,PRESENT_X,CAMERA_3,15~19
370,8,NONE,['CAMERA_3'],"{'CAMERA_1': [], 'CAMERA_2': [], 'CAMERA_3': ['camera_type', 'preset_modes', 'effects', 'long_exposure', 'price']}",C_THANK_YOU,CAMERA_3,NONE,thank you so much,PRESENT_X,CAMERA_3,S_THANK_YOU,CAMERA_3,NONE,thank you very much.,FACE_TO_FACE,NONE,
370,9,NONE,['CAMERA_3'],"{'CAMERA_1': [], 'CAMERA_2': [], 'CAMERA_3': ['camera_type', 'preset_modes', 'effects', 'long_exposure', 'price']}",C_LEAVES,DOOR,NONE,,FACE_TO_FACE,NONE,S_RETURNS_TO_COUNTER,SERVICE_COUNTER,NONE,,WAITING,NONE,
371,1,NONE,[],"{'CAMERA_1': [], 'CAMERA_2': [], 'CAMERA_3': []}",C_ENTERS,DOOR,NONE,,WAITING,NONE,S_NONE,SERVICE_COUNTER,NONE,,WAITING,NONE,
371,2,NONE,[],"{'CAMERA_1': [], 'CAMERA_2': [], 'CAMERA_3': []}",C_WALKS_TO_CAMERA,CAMERA_1,NONE,,WAITING,NONE,S_GREETS,CAMERA_1,NONE,can I help you?,FACE_TO_FACE,NONE,
371,3,CAMERA_3,['CAMERA_3'],"{'CAMERA_1': [], 'CAMERA_2': [], 'CAMERA_3': []}",C_LOOKING_FOR_A_CAMERA,CAMERA_1,NONE,I want a All Around camera I try to use my smartphone but the pictures don't come out so good,FACE_TO_FACE,NONE,S_INTRODUCES_CAMERA,CAMERA_3,,Let me show you this. Here we have the Fujifilm PowerShot ELPH S2800.,PRESENT_X,CAMERA_3,39~68
371,4,CAMERA_3,['CAMERA_3'],"{'CAMERA_1': [], 'CAMERA_2': [], 'CAMERA_3': ['camera_type']}",C_SILENT_OR_BACKCHANNEL,CAMERA_3,NONE,it seems like a pretty good camera,PRESENT_X,CAMERA_3,S_INTRODUCES_FEATURE,CAMERA_3,camera_type,This is a point and shoot camera.,PRESENT_X,CAMERA_3,10~25
371,5,NONE,['CAMERA_3'],"{'CAMERA_1': [], 'CAMERA_2': [], 'CAMERA_3': ['camera_type']}",C_THANK_YOU,CAMERA_3,NONE,alright thank you very much,PRESENT_X,CAMERA_3,S_THANK_YOU,CAMERA_3,NONE,thank you very much.,FACE_TO_FACE,NONE,
371,6,NONE,['CAMERA_3'],"{'CAMERA_1': [], 'CAMERA_2': [], 'CAMERA_3': ['camera_type']}",C_LEAVES,DOOR,NONE,,FACE_TO_FACE,NONE,S_RETURNS_TO_COUNTER,SERVICE_COUNTER,NONE,,WAITING,NONE,
372,1,NONE,[],"{'CAMERA_1': [], 'CAMERA_2': [], 'CAMERA_3': []}",C_ENTERS,DOOR,NONE,,WAITING,NONE,S_NONE,SERVICE_COUNTER,NONE,,WAITING,NONE,
372,2,NONE,[],"{'CAMERA_1': [], 'CAMERA_2': [], 'CAMERA_3': []}",C_WALKS_TO_CAMERA,CAMERA_2,NONE,,WAITING,NONE,S_GREETS,CAMERA_2,NONE,can I help you?,FACE_TO_FACE,NONE,
372,3,CAMERA_3,['CAMERA_3'],"{'CAMERA_1': [], 'CAMERA_2': [], 'CAMERA_3': []}",C_LOOKING_FOR_A_CAMERA,CAMERA_2,NONE,I'm looking for a lightweight camera,FACE_TO_FACE,NONE,S_INTRODUCES_CAMERA,CAMERA_3,,Let me show you this. Here we have the Fujifilm PowerShot ELPH S2800.,PRESENT_X,CAMERA_3,39~68
372,4,CAMERA_3,['CAMERA_3'],"{'CAMERA_1': [], 'CAMERA_2': [], 'CAMERA_3': ['ISO']}",C_QUESTION_ABOUT_FEATURE,CAMERA_3,ISO,I see and how far how much how high can you push the ISO,PRESENT_X,CAMERA_3,S_ANSWERS_QUESTION_ABOUT_FEATURE,CAMERA_3,ISO,This one has up to 3200 ISO with little noise.,PRESENT_X,CAMERA_3,13~45
372,5,CAMERA_3,['CAMERA_3'],"{'CAMERA_1': [], 'CAMERA_2': [], 'CAMERA_3': ['ISO', 'settings']}",C_SILENT_OR_BACKCHANNEL,CAMERA_3,NONE,IC,PRESENT_X,CAMERA_3,S_INTRODUCES_FEATURE,CAMERA_3,settings,"This one has manual control and various automatic settings (video modeburst shooting, etc.).",PRESENT_X,CAMERA_3,13~91
372,6,NONE,['CAMERA_3'],"{'CAMERA_1': [], 'CAMERA_2': [], 'CAMERA_3': ['ISO', 'settings']}",C_THANK_YOU,CAMERA_3,NONE,thanks goodbye,PRESENT_X,CAMERA_3,S_THANK_YOU,CAMERA_3,NONE,thank you very much.,FACE_TO_FACE,NONE,
372,7,NONE,['CAMERA_3'],"{'CAMERA_1': [], 'CAMERA_2': [], 'CAMERA_3': ['ISO', 'settings']}",C_LEAVES,DOOR,NONE,,FACE_TO_FACE,NONE,S_RETURNS_TO_COUNTER,SERVICE_COUNTER,NONE,,WAITING,NONE,
373,1,NONE,[],"{'CAMERA_1': [], 'CAMERA_2': [], 'CAMERA_3': []}",C_ENTERS,DOOR,NONE,,WAITING,NONE,S_NONE,SERVICE_COUNTER,NONE,,WAITING,NONE,
373,2,NONE,[],"{'CAMERA_1': [], 'CAMERA_2': [], 'CAMERA_3': []}",C_WALKS_TO_CAMERA,CAMERA_2,NONE,,WAITING,NONE,S_NONE,SERVICE_COUNTER,NONE,,WAITING,NONE,
373,3,CAMERA_2,['CAMERA_2'],"{'CAMERA_1': [], 'CAMERA_2': ['resolution'], 'CAMERA_3': []}",C_QUESTION_ABOUT_FEATURE,CAMERA_2,resolution,how many megapixels,WAITING,NONE,S_ANSWERS_QUESTION_ABOUT_FEATURE,CAMERA_2,resolution,This one has 23.8 megapixels resolution.,PRESENT_X,CAMERA_2,13~28
373,4,CAMERA_1,"['CAMERA_2', 'CAMERA_1']","{'CAMERA_1': [], 'CAMERA_2': ['resolution'], 'CAMERA_3': []}",C_ANYTHING_ELSE_AVAILABLE,CAMERA_2,NONE,Do you have other cameras that I could afford,PRESENT_X,CAMERA_2,S_INTRODUCES_CAMERA,CAMERA_1,,Let me show you this. Here we have the Sony PowerShot ELPH DMC-ZS3.,PRESENT_X,CAMERA_1,39~66
373,5,CAMERA_1,"['CAMERA_2', 'CAMERA_1']","{'CAMERA_1': ['settings'], 'CAMERA_2': ['resolution'], 'CAMERA_3': []}",C_SILENT_OR_BACKCHANNEL,CAMERA_1,NONE,okay that sounds good,PRESENT_X,CAMERA_1,S_INTRODUCES_FEATURE,CAMERA_1,settings,This one has limited manual settings.,PRESENT_X,CAMERA_1,13~36
373,6,CAMERA_3,"['CAMERA_2', 'CAMERA_1', 'CAMERA_3']","{'CAMERA_1': ['settings'], 'CAMERA_2': ['resolution'], 'CAMERA_3': []}",C_ANYTHING_ELSE_AVAILABLE,CAMERA_1,NONE,maybe did you have a another camera you recommend,PRESENT_X,CAMERA_1,S_INTRODUCES_CAMERA,CAMERA_3,,Let me show you this. Here we have the Fujifilm PowerShot ELPH S2800.,PRESENT_X,CAMERA_3,39~68
373,7,CAMERA_3,"['CAMERA_2', 'CAMERA_1', 'CAMERA_3']","{'CAMERA_1': ['settings'], 'CAMERA_2': ['resolution'], 'CAMERA_3': ['optical_zoom']}",C_QUESTION_ABOUT_FEATURE,CAMERA_3,optical_zoom,I see ok can the optical zoom what does that do,PRESENT_X,CAMERA_3,S_NOT_SURE,CAMERA_3,,I'm not really sure about that.,PRESENT_X,CAMERA_3,
373,8,CAMERA_3,"['CAMERA_2', 'CAMERA_1', 'CAMERA_3']","{'CAMERA_1': ['settings'], 'CAMERA_2': ['resolution'], 'CAMERA_3': ['optical_zoom', 'price']}",C_QUESTION_ABOUT_FEATURE,CAMERA_3,price,how about the price for this this one,PRESENT_X,CAMERA_3,S_ANSWERS_QUESTION_ABOUT_FEATURE,CAMERA_3,price,This one costs $518.,PRESENT_X,CAMERA_3,15~19
373,9,NONE,"['CAMERA_2', 'CAMERA_1', 'CAMERA_3']","{'CAMERA_1': ['settings'], 'CAMERA_2': ['resolution'], 'CAMERA_3': ['optical_zoom', 'price']}",C_THANK_YOU,CAMERA_3,NONE,alright thank you,PRESENT_X,CAMERA_3,S_THANK_YOU,CAMERA_3,NONE,thank you very much.,FACE_TO_FACE,NONE,
373,10,NONE,"['CAMERA_2', 'CAMERA_1', 'CAMERA_3']","{'CAMERA_1': ['settings'], 'CAMERA_2': ['resolution'], 'CAMERA_3': ['optical_zoom', 'price']}",C_LEAVES,DOOR,NONE,,FACE_TO_FACE,NONE,S_RETURNS_TO_COUNTER,SERVICE_COUNTER,NONE,,WAITING,NONE,
374,1,NONE,[],"{'CAMERA_1': [], 'CAMERA_2': [], 'CAMERA_3': []}",C_ENTERS,DOOR,NONE,,WAITING,NONE,S_NONE,SERVICE_COUNTER,NONE,,WAITING,NONE,
374,2,NONE,[],"{'CAMERA_1': [], 'CAMERA_2': [], 'CAMERA_3': []}",C_GREETS,MIDDLE,NONE,excuse me,WAITING,NONE,S_GREETS,MIDDLE,NONE,can I help you?,FACE_TO_FACE,NONE,
374,3,CAMERA_3,['CAMERA_3'],"{'CAMERA_1': [], 'CAMERA_2': [], 'CAMERA_3': []}",C_LOOKING_FOR_A_CAMERA,MIDDLE,NONE,hi in them looking for a quick replacement can you show me what options you have,FACE_TO_FACE,NONE,S_INTRODUCES_CAMERA,CAMERA_3,,Let me show you this. Here we have the Fujifilm PowerShot ELPH S2800.,PRESENT_X,CAMERA_3,39~68
374,4,CAMERA_3,['CAMERA_3'],"{'CAMERA_1': [], 'CAMERA_2': [], 'CAMERA_3': ['sensor_size']}",C_QUESTION_ABOUT_FEATURE,CAMERA_3,sensor_size,$100 affordable and I like the style of this camera,PRESENT_X,CAMERA_3,S_ANSWERS_QUESTION_ABOUT_FEATURE,CAMERA_3,sensor_size,This one has a full frame.,PRESENT_X,CAMERA_3,15~25
374,5,NONE,['CAMERA_3'],"{'CAMERA_1': [], 'CAMERA_2': [], 'CAMERA_3': ['sensor_size']}",C_THANK_YOU,CAMERA_3,NONE,ok thanks for help,PRESENT_X,CAMERA_3,S_THANK_YOU,CAMERA_3,NONE,thank you very much.,FACE_TO_FACE,NONE,
374,6,NONE,['CAMERA_3'],"{'CAMERA_1': [], 'CAMERA_2': [], 'CAMERA_3': ['sensor_size']}",C_LEAVES,DOOR,NONE,,FACE_TO_FACE,NONE,S_RETURNS_TO_COUNTER,SERVICE_COUNTER,NONE,,WAITING,NONE,
375,1,NONE,[],"{'CAMERA_1': [], 'CAMERA_2': [], 'CAMERA_3': []}",C_ENTERS,DOOR,NONE,,WAITING,NONE,S_NONE,SERVICE_COUNTER,NONE,,WAITING,NONE,
375,2,NONE,[],"{'CAMERA_1': [], 'CAMERA_2': [], 'CAMERA_3': []}",C_WALKS_TO_CAMERA,CAMERA_2,NONE,,WAITING,NONE,S_GREETS,CAMERA_2,NONE,can I help you?,FACE_TO_FACE,NONE,
375,3,CAMERA_2,['CAMERA_2'],"{'CAMERA_1': [], 'CAMERA_2': [], 'CAMERA_3': []}",C_LOOKING_FOR_A_CAMERA,CAMERA_2,NONE,I just want to take a quick look at your cameras,FACE_TO_FACE,NONE,S_INTRODUCES_CAMERA,CAMERA_2,,Let me show you this. Here we have the Fujifilm Lumix ILC Camera.,PRESENT_X,CAMERA_2,39~64
375,4,CAMERA_2,['CAMERA_2'],"{'CAMERA_1': [], 'CAMERA_2': ['ISO'], 'CAMERA_3': []}",C_QUESTION_ABOUT_FEATURE,CAMERA_2,ISO,ok what about the I don't know what the ISO,PRESENT_X,CAMERA_2,S_NOT_SURE,CAMERA_2,,I'm not really sure about that.,PRESENT_X,CAMERA_2,
375,5,CAMERA_2,['CAMERA_2'],"{'CAMERA_1': [], 'CAMERA_2': ['ISO', 'settings'], 'CAMERA_3': []}",C_SILENT_OR_BACKCHANNEL,CAMERA_2,NONE,Oh that'd be great I really want to try it before buying it,PRESENT_X,CAMERA_2,S_INTRODUCES_FEATURE,CAMERA_2,settings,"This one has manual control and various automatic settings (video modeburst shooting, etc.).",PRESENT_X,CAMERA_2,13~91
375,6,CAMERA_2,['CAMERA_2'],"{'CAMERA_1': [], 'CAMERA_2': ['ISO', 'settings', 'long_exposure'], 'CAMERA_3': []}",C_SILENT_OR_BACKCHANNEL,CAMERA_2,NONE,IC,PRESENT_X,CAMERA_2,S_INTRODUCES_FEATURE,CAMERA_2,long_exposure,This one can take long exposures up to 60 minutes max with bulb mode.,PRESENT_X,CAMERA_2,39~68
375,7,CAMERA_2,['CAMERA_2'],"{'CAMERA_1': [], 'CAMERA_2': ['ISO', 'settings', 'long_exposure', 'sensor_size'], 'CAMERA_3': []}",C_QUESTION_ABOUT_FEATURE,CAMERA_2,sensor_size,when the sensor size what is the sensor size on this,PRESENT_X,CAMERA_2,S_ANSWERS_QUESTION_ABOUT_FEATURE,CAMERA_2,sensor_size,This one has a 1/2.33 inch sensor.,PRESENT_X,CAMERA_2,15~33
375,8,CAMERA_2,['CAMERA_2'],"{'CAMERA_1': [], 'CAMERA_2': ['ISO', 'settings', 'long_exposure', 'sensor_size', 'resolution'], 'CAMERA_3': []}",C_SILENT_OR_BACKCHANNEL,CAMERA_2,NONE,ok,PRESENT_X,CAMERA_2,S_INTRODUCES_FEATURE,CAMERA_2,resolution,This one has 23.8 megapixels resolution.,PRESENT_X,CAMERA_2,13~28
375,9,CAMERA_2,['CAMERA_2'],"{'CAMERA_1': [], 'CAMERA_2': ['ISO', 'settings', 'long_exposure', 'sensor_size', 'resolution', 'preset_modes'], 'CAMERA_3': []}",C_QUESTION_ABOUT_FEATURE,CAMERA_2,preset_modes,does it have like candle mode,PRESENT_X,CAMERA_2,S_NOT_SURE,CAMERA_2,,I'm not really sure about that.,PRESENT_X,CAMERA_2,
375,10,CAMERA_2,['CAMERA_2'],"{'CAMERA_1': [], 'CAMERA_2': ['ISO', 'settings', 'long_exposure', 'sensor_size', 'resolution', 'preset_modes', 'color'], 'CAMERA_3': []}",C_QUESTION_ABOUT_FEATURE,CAMERA_2,color,when does it come in any other color other than Silva ,PRESENT_X,CAMERA_2,S_ANSWERS_QUESTION_ABOUT_FEATURE,CAMERA_2,color,This one comes in white or pink.,PRESENT_X,CAMERA_2,18~31
375,11,CAMERA_2,['CAMERA_2'],"{'CAMERA_1': [], 'CAMERA_2': ['ISO', 'settings', 'long_exposure', 'sensor_size', 'resolution', 'preset_modes', 'color', 'price'], 'CAMERA_3': []}",C_SILENT_OR_BACKCHANNEL,CAMERA_2,NONE,okay that's not too bad for good camera mean he'll us 5d II,PRESENT_X,CAMERA_2,S_INTRODUCES_FEATURE,CAMERA_2,price,This one costs $768.,PRESENT_X,CAMERA_2,15~19
375,12,CAMERA_2,['CAMERA_2'],"{'CAMERA_1': [], 'CAMERA_2': ['ISO', 'settings', 'long_exposure', 'sensor_size', 'resolution', 'preset_modes', 'color', 'price', 'camera_type'], 'CAMERA_3': []}",C_QUESTION_ABOUT_FEATURE,CAMERA_2,camera_type,is this a DSLR camera,PRESENT_X,CAMERA_2,S_ANSWERS_QUESTION_ABOUT_FEATURE,CAMERA_2,camera_type,This is a digital single lens mirrorless camera.,PRESENT_X,CAMERA_2,10~40
375,13,NONE,['CAMERA_2'],"{'CAMERA_1': [], 'CAMERA_2': ['ISO', 'settings', 'long_exposure', 'sensor_size', 'resolution', 'preset_modes', 'color', 'price', 'camera_type'], 'CAMERA_3': []}",C_THANK_YOU,CAMERA_2,NONE,thank you for your help,PRESENT_X,CAMERA_2,S_THANK_YOU,CAMERA_2,NONE,thank you very much.,FACE_TO_FACE,NONE,
375,14,NONE,['CAMERA_2'],"{'CAMERA_1': [], 'CAMERA_2': ['ISO', 'settings', 'long_exposure', 'sensor_size', 'resolution', 'preset_modes', 'color', 'price', 'camera_type'], 'CAMERA_3': []}",C_LEAVES,DOOR,NONE,,FACE_TO_FACE,NONE,S_RETURNS_TO_COUNTER,SERVICE_COUNTER,NONE,,WAITING,NONE,
376,1,NONE,[],"{'CAMERA_1': [], 'CAMERA_2': [], 'CAMERA_3': []}",C_ENTERS,DOOR,NONE,,WAITING,NONE,S_NONE,SERVICE_COUNTER,NONE,,WAITING,NONE,
376,2,NONE,[],"{'CAMERA_1': [], 'CAMERA_2': [], 'CAMERA_3': []}",C_WALKS_TO_CAMERA,CAMERA_2,NONE,,WAITING,NONE,S_GREETS,CAMERA_2,NONE,can I help you?,FACE_TO_FACE,NONE,
376,3,CAMERA_2,['CAMERA_2'],"{'CAMERA_1': [], 'CAMERA_2': [], 'CAMERA_3': []}",C_LOOKING_FOR_A_CAMERA,CAMERA_2,NONE,well I am looking for a camera but I'm not sure what to buy,FACE_TO_FACE,NONE,S_INTRODUCES_CAMERA,CAMERA_2,,Let me show you this. Here we have the Fujifilm Lumix ILC Camera.,PRESENT_X,CAMERA_2,39~64
376,4,CAMERA_2,['CAMERA_2'],"{'CAMERA_1': [], 'CAMERA_2': ['color'], 'CAMERA_3': []}",C_SILENT_OR_BACKCHANNEL,CAMERA_2,NONE,okay that sounds good,PRESENT_X,CAMERA_2,S_INTRODUCES_FEATURE,CAMERA_2,color,This one comes in white or pink.,PRESENT_X,CAMERA_2,18~31
376,5,NONE,['CAMERA_2'],"{'CAMERA_1': [], 'CAMERA_2': ['color'], 'CAMERA_3': []}",C_THANK_YOU,CAMERA_2,NONE,thanks for your help,PRESENT_X,CAMERA_2,S_THANK_YOU,CAMERA_2,NONE,thank you very much.,FACE_TO_FACE,NONE,
376,6,NONE,['CAMERA_2'],"{'CAMERA_1': [], 'CAMERA_2': ['color'], 'CAMERA_3': []}",C_LEAVES,DOOR,NONE,,FACE_TO_FACE,NONE,S_RETURNS_TO_COUNTER,SERVICE_COUNTER,NONE,,WAITING,NONE,
377,1,NONE,[],"{'CAMERA_1': [], 'CAMERA_2': [], 'CAMERA_3': []}",C_ENTERS,DOOR,NONE,,WAITING,NONE,S_NONE,SERVICE_COUNTER,NONE,,WAITING,NONE,
377,2,NONE,[],"{'CAMERA_1': [], 'CAMERA_2': [], 'CAMERA_3': []}",C_WALKS_TO_CAMERA,CAMERA_3,NONE,,WAITING,NONE,S_GREETS,CAMERA_3,NONE,can I help you?,FACE_TO_FACE,NONE,
377,3,CAMERA_3,['CAMERA_3'],"{'CAMERA_1': [], 'CAMERA_2': [], 'CAMERA_3': []}",C_LOOKING_FOR_A_CAMERA,CAMERA_3,NONE,hi in them looking for a quick replacement can you show me what options you have,FACE_TO_FACE,NONE,S_INTRODUCES_CAMERA,CAMERA_3,,Let me show you this. Here we have the Fujifilm PowerShot ELPH S2800.,PRESENT_X,CAMERA_3,39~68
377,4,CAMERA_3,['CAMERA_3'],"{'CAMERA_1': [], 'CAMERA_2': [], 'CAMERA_3': ['effects']}",C_QUESTION_ABOUT_FEATURE,CAMERA_3,effects,what other effects does it have,PRESENT_X,CAMERA_3,S_ANSWERS_QUESTION_ABOUT_FEATURE,CAMERA_3,effects,"This one has 21 photo effects (small face, retro, big eyes, etc.).",PRESENT_X,CAMERA_3,13~65
377,5,NONE,['CAMERA_3'],"{'CAMERA_1': [], 'CAMERA_2': [], 'CAMERA_3': ['effects']}",C_THANK_YOU,CAMERA_3,NONE,I see ok thank you very much,PRESENT_X,CAMERA_3,S_THANK_YOU,CAMERA_3,NONE,thank you very much.,FACE_TO_FACE,NONE,
377,6,NONE,['CAMERA_3'],"{'CAMERA_1': [], 'CAMERA_2': [], 'CAMERA_3': ['effects']}",C_LEAVES,DOOR,NONE,,FACE_TO_FACE,NONE,S_RETURNS_TO_COUNTER,SERVICE_COUNTER,NONE,,WAITING,NONE,
378,1,NONE,[],"{'CAMERA_1': [], 'CAMERA_2': [], 'CAMERA_3': []}",C_ENTERS,DOOR,NONE,,WAITING,NONE,S_NONE,SERVICE_COUNTER,NONE,,WAITING,NONE,
378,2,NONE,[],"{'CAMERA_1': [], 'CAMERA_2': [], 'CAMERA_3': []}",C_WALKS_TO_CAMERA,CAMERA_3,NONE,,WAITING,NONE,S_NONE,SERVICE_COUNTER,NONE,,WAITING,NONE,
378,3,CAMERA_3,['CAMERA_3'],"{'CAMERA_1': [], 'CAMERA_2': [], 'CAMERA_3': ['ISO']}",C_QUESTION_ABOUT_FEATURE,CAMERA_3,ISO,what is this ISO thing,WAITING,NONE,S_ANSWERS_QUESTION_ABOUT_FEATURE,CAMERA_3,ISO,This one has up to 3200 ISO with little noise.,PRESENT_X,CAMERA_3,13~45
378,4,CAMERA_3,['CAMERA_3'],"{'CAMERA_1': [], 'CAMERA_2': [], 'CAMERA_3': ['ISO', 'effects']}",C_SILENT_OR_BACKCHANNEL,CAMERA_3,NONE,alright,PRESENT_X,CAMERA_3,S_INTRODUCES_FEATURE,CAMERA_3,effects,"This one has 21 photo effects (small face, retro, big eyes, etc.).",PRESENT_X,CAMERA_3,13~65
378,5,CAMERA_3,['CAMERA_3'],"{'CAMERA_1': [], 'CAMERA_2': [], 'CAMERA_3': ['ISO', 'effects', 'price']}",C_QUESTION_ABOUT_FEATURE,CAMERA_3,price,and what is the price on this,PRESENT_X,CAMERA_3,S_ANSWERS_QUESTION_ABOUT_FEATURE,CAMERA_3,price,This one costs $518.,PRESENT_X,CAMERA_3,15~19
378,6,CAMERA_1,"['CAMERA_3', 'CAMERA_1']","{'CAMERA_1': [], 'CAMERA_2': [], 'CAMERA_3': ['ISO', 'effects', 'price']}",C_ANYTHING_ELSE_AVAILABLE,CAMERA_3,NONE,do you have anything better than this,PRESENT_X,CAMERA_3,S_INTRODUCES_CAMERA,CAMERA_1,,Let me show you this. Here we have the Sony PowerShot ELPH DMC-ZS3.,PRESENT_X,CAMERA_1,39~66
378,7,CAMERA_1,"['CAMERA_3', 'CAMERA_1']","{'CAMERA_1': ['preset_modes'], 'CAMERA_2': [], 'CAMERA_3': ['ISO', 'effects', 'price']}",C_QUESTION_ABOUT_FEATURE,CAMERA_1,preset_modes,do they have pet mode,PRESENT_X,CAMERA_1,S_NOT_SURE,CAMERA_1,,I'm not really sure about that.,PRESENT_X,CAMERA_1,
378,8,CAMERA_1,"['CAMERA_3', 'CAMERA_1']","{'CAMERA_1': ['preset_modes', 'long_exposure'], 'CAMERA_2': [], 'CAMERA_3': ['ISO', 'effects', 'price']}",C_QUESTION_ABOUT_FEATURE,CAMERA_1,long_exposure,maybe that's not so good for me then when I was preset settings but also has long exposure,PRESENT_X,CAMERA_1,S_ANSWERS_QUESTION_ABOUT_FEATURE,CAMERA_1,long_exposure,This one can take long exposures up to up to 15 seconds with Long Shutter Mode.,PRESENT_X,CAMERA_1,39~78
378,9,CAMERA_1,"['CAMERA_3', 'CAMERA_1']","{'CAMERA_1': ['preset_modes', 'long_exposure', 'sensor_size'], 'CAMERA_2': [], 'CAMERA_3': ['ISO', 'effects', 'price']}",C_QUESTION_ABOUT_FEATURE,CAMERA_1,sensor_size,what about the sensor size,PRESENT_X,CAMERA_1,S_ANSWERS_QUESTION_ABOUT_FEATURE,CAMERA_1,sensor_size,This one has a 1/2.3 inch CMOS sensor.,PRESENT_X,CAMERA_1,15~37
378,10,CAMERA_1,"['CAMERA_3', 'CAMERA_1']","{'CAMERA_1': ['preset_modes', 'long_exposure', 'sensor_size', 'settings'], 'CAMERA_2': [], 'CAMERA_3': ['ISO', 'effects', 'price']}",C_QUESTION_ABOUT_FEATURE,CAMERA_1,settings,okay uh are there any automatic settings on this phone,PRESENT_X,CAMERA_1,S_ANSWERS_QUESTION_ABOUT_FEATURE,CAMERA_1,settings,This one has limited manual settings.,PRESENT_X,CAMERA_1,13~36
378,11,CAMERA_1,"['CAMERA_3', 'CAMERA_1']","{'CAMERA_1': ['preset_modes', 'long_exposure', 'sensor_size', 'settings', 'autofocus_points'], 'CAMERA_2': [], 'CAMERA_3': ['ISO', 'effects', 'price']}",C_SILENT_OR_BACKCHANNEL,CAMERA_1,NONE,ok,PRESENT_X,CAMERA_1,S_INTRODUCES_FEATURE,CAMERA_1,autofocus_points,This one has 135 autofocus points.,PRESENT_X,CAMERA_1,13~33
378,12,CAMERA_1,"['CAMERA_3', 'CAMERA_1']","{'CAMERA_1': ['preset_modes', 'long_exposure', 'sensor_size', 'settings', 'autofocus_points', 'resolution'], 'CAMERA_2': [], 'CAMERA_3': ['ISO', 'effects', 'price']}",C_SILENT_OR_BACKCHANNEL,CAMERA_1,NONE,18 days 20 Mega something else's uh huh,PRESENT_X,CAMERA_1,S_INTRODUCES_FEATURE,CAMERA_1,resolution,This one has 17.8 megapixels resolution.,PRESENT_X,CAMERA_1,13~28
378,13,CAMERA_1,"['CAMERA_3', 'CAMERA_1']","{'CAMERA_1': ['preset_modes', 'long_exposure', 'sensor_size', 'settings', 'autofocus_points', 'resolution', 'weight'], 'CAMERA_2': [], 'CAMERA_3': ['ISO', 'effects', 'price']}",C_QUESTION_ABOUT_FEATURE,CAMERA_1,weight,is it heavy,PRESENT_X,CAMERA_1,S_ANSWERS_QUESTION_ABOUT_FEATURE,CAMERA_1,weight,This one weighs 800 grams.,PRESENT_X,CAMERA_1,16~25
378,14,CAMERA_1,"['CAMERA_3', 'CAMERA_1']","{'CAMERA_1': ['preset_modes', 'long_exposure', 'sensor_size', 'settings', 'autofocus_points', 'resolution', 'weight', 'price'], 'CAMERA_2': [], 'CAMERA_3': ['ISO', 'effects', 'price']}",C_QUESTION_ABOUT_FEATURE,CAMERA_1,price,how much is this camera,PRESENT_X,CAMERA_1,S_ANSWERS_QUESTION_ABOUT_FEATURE,CAMERA_1,price,This one costs $450.,PRESENT_X,CAMERA_1,15~19
378,15,CAMERA_1,"['CAMERA_3', 'CAMERA_1']","{'CAMERA_1': ['preset_modes', 'long_exposure', 'sensor_size', 'settings', 'autofocus_points', 'resolution', 'weight', 'price', 'optical_zoom'], 'CAMERA_2': [], 'CAMERA_3': ['ISO', 'effects', 'price']}",C_SILENT_OR_BACKCHANNEL,CAMERA_1,NONE,ok,PRESENT_X,CAMERA_1,S_INTRODUCES_FEATURE,CAMERA_1,optical_zoom,This one has 21x optical zoom.,PRESENT_X,CAMERA_1,13~29
378,16,CAMERA_1,"['CAMERA_3', 'CAMERA_1']","{'CAMERA_1': ['preset_modes', 'long_exposure', 'sensor_size', 'settings', 'autofocus_points', 'resolution', 'weight', 'price', 'optical_zoom', 'color'], 'CAMERA_2': [], 'CAMERA_3': ['ISO', 'effects', 'price']}",C_QUESTION_ABOUT_FEATURE,CAMERA_1,color,sounds like I am does it come in different colors,PRESENT_X,CAMERA_1,S_ANSWERS_QUESTION_ABOUT_FEATURE,CAMERA_1,color,This one comes in blue or black.,PRESENT_X,CAMERA_1,18~31
378,17,CAMERA_1,"['CAMERA_3', 'CAMERA_1']","{'CAMERA_1': ['preset_modes', 'long_exposure', 'sensor_size', 'settings', 'autofocus_points', 'resolution', 'weight', 'price', 'optical_zoom', 'color', 'ISO'], 'CAMERA_2': [], 'CAMERA_3': ['ISO', 'effects', 'price']}",C_QUESTION_ABOUT_FEATURE,CAMERA_1,ISO,I see okay and the ISO,PRESENT_X,CAMERA_1,S_ANSWERS_QUESTION_ABOUT_FEATURE,CAMERA_1,ISO,This one has up to 51200 ISO.,PRESENT_X,CAMERA_1,13~28
378,18,CAMERA_1,"['CAMERA_3', 'CAMERA_1']","{'CAMERA_1': ['preset_modes', 'long_exposure', 'sensor_size', 'settings', 'autofocus_points', 'resolution', 'weight', 'price', 'optical_zoom', 'color', 'ISO', 'effects'], 'CAMERA_2': [], 'CAMERA_3': ['ISO', 'effects', 'price']}",C_QUESTION_ABOUT_FEATURE,CAMERA_1,effects,and what is the artistic effect mode on this camera,PRESENT_X,CAMERA_1,S_ANSWERS_QUESTION_ABOUT_FEATURE,CAMERA_1,effects,"This one has 24 glamor retouch effects (miniature, retro, toy camera, etc.).",PRESENT_X,CAMERA_1,13~75
378,19,CAMERA_1,"['CAMERA_3', 'CAMERA_1']","{'CAMERA_1': ['preset_modes', 'long_exposure', 'sensor_size', 'settings', 'autofocus_points', 'resolution', 'weight', 'price', 'optical_zoom', 'color', 'ISO', 'effects', 'camera_type'], 'CAMERA_2': [], 'CAMERA_3': ['ISO', 'effects', 'price']}",C_QUESTION_ABOUT_FEATURE,CAMERA_1,camera_type,is this a point and shoot camera,PRESENT_X,CAMERA_1,S_ANSWERS_QUESTION_ABOUT_FEATURE,CAMERA_1,camera_type,This is a DSLR camera.,PRESENT_X,CAMERA_1,10~14
378,20,CAMERA_1,"['CAMERA_3', 'CAMERA_1']","{'CAMERA_1': ['preset_modes', 'long_exposure', 'sensor_size', 'settings', 'autofocus_points', 'resolution', 'weight', 'price', 'optical_zoom', 'color', 'ISO', 'effects', 'camera_type', 'weight'], 'CAMERA_2': [], 'CAMERA_3': ['ISO', 'effects', 'price']}",C_SILENT_OR_BACKCHANNEL,CAMERA_1,NONE,huh,PRESENT_X,CAMERA_1,S_INTRODUCES_FEATURE,CAMERA_1,weight,This one weighs 800 grams.,PRESENT_X,CAMERA_1,16~25
378,21,CAMERA_1,"['CAMERA_3', 'CAMERA_1']","{'CAMERA_1': ['preset_modes', 'long_exposure', 'sensor_size', 'settings', 'autofocus_points', 'resolution', 'weight', 'price', 'optical_zoom', 'color', 'ISO', 'effects', 'camera_type', 'weight', 'optical_zoom'], 'CAMERA_2': [], 'CAMERA_3': ['ISO', 'effects', 'price']}",C_SILENT_OR_BACKCHANNEL,CAMERA_1,NONE,Wow it also seems very friendly to use,PRESENT_X,CAMERA_1,S_INTRODUCES_FEATURE,CAMERA_1,optical_zoom,This one has 21x optical zoom.,PRESENT_X,CAMERA_1,13~29
378,22,CAMERA_1,"['CAMERA_3', 'CAMERA_1']","{'CAMERA_1': ['preset_modes', 'long_exposure', 'sensor_size', 'settings', 'autofocus_points', 'resolution', 'weight', 'price', 'optical_zoom', 'color', 'ISO', 'effects', 'camera_type', 'weight', 'optical_zoom', 'camera_type'], 'CAMERA_2': [], 'CAMERA_3': ['ISO', 'effects', 'price']}",C_QUESTION_ABOUT_FEATURE,CAMERA_1,camera_type,is this a point and shoot camera,PRESENT_X,CAMERA_1,S_ANSWERS_QUESTION_ABOUT_FEATURE,CAMERA_1,camera_type,This is a DSLR camera.,PRESENT_X,CAMERA_1,10~14
378,23,CAMERA_2,"['CAMERA_3', 'CAMERA_1', 'CAMERA_2']","{'CAMERA_1': ['preset_modes', 'long_exposure', 'sensor_size', 'settings', 'autofocus_points', 'resolution', 'weight', 'price', 'optical_zoom', 'color', 'ISO', 'effects', 'camera_type', 'weight', 'optical_zoom', 'camera_type'], 'CAMERA_2': [], 'CAMERA_3': ['ISO', 'effects', 'price']}",C_ANYTHING_ELSE_AVAILABLE,CAMERA_1,NONE,do you have any other cameras with preset mode,PRESENT_X,CAMERA_1,S_INTRODUCES_CAMERA,CAMERA_2,,Let me show you this. Here we have the Fujifilm Lumix ILC Camera.,PRESENT_X,CAMERA_2,39~64
378,24,CAMERA_2,"['CAMERA_3', 'CAMERA_1', 'CAMERA_2']","{'CAMERA_1': ['preset_modes', 'long_exposure', 'sensor_size', 'settings', 'autofocus_points', 'resolution', 'weight', 'price', 'optical_zoom', 'color', 'ISO', 'effects', 'camera_type', 'weight', 'optical_zoom', 'camera_type'], 'CAMERA_2': ['ISO'], 'CAMERA_3': ['ISO', 'effects', 'price']}",C_QUESTION_ABOUT_FEATURE,CAMERA_2,ISO,sounds good how high does the iso go,PRESENT_X,CAMERA_2,S_NOT_SURE,CAMERA_2,,I'm not really sure about that.,PRESENT_X,CAMERA_2,
378,25,CAMERA_2,"['CAMERA_3', 'CAMERA_1', 'CAMERA_2']","{'CAMERA_1': ['preset_modes', 'long_exposure', 'sensor_size', 'settings', 'autofocus_points', 'resolution', 'weight', 'price', 'optical_zoom', 'color', 'ISO', 'effects', 'camera_type', 'weight', 'optical_zoom', 'camera_type'], 'CAMERA_2': ['ISO', 'resolution'], 'CAMERA_3': ['ISO', 'effects', 'price']}",C_QUESTION_ABOUT_FEATURE,CAMERA_2,resolution,What about the resolution of the camera how many megapixels,PRESENT_X,CAMERA_2,S_ANSWERS_QUESTION_ABOUT_FEATURE,CAMERA_2,resolution,This one has 23.8 megapixels resolution.,PRESENT_X,CAMERA_2,13~28
378,26,CAMERA_2,"['CAMERA_3', 'CAMERA_1', 'CAMERA_2']","{'CAMERA_1': ['preset_modes', 'long_exposure', 'sensor_size', 'settings', 'autofocus_points', 'resolution', 'weight', 'price', 'optical_zoom', 'color', 'ISO', 'effects', 'camera_type', 'weight', 'optical_zoom', 'camera_type'], 'CAMERA_2': ['ISO', 'resolution', 'preset_modes'], 'CAMERA_3': ['ISO', 'effects', 'price']}",C_QUESTION_ABOUT_FEATURE,CAMERA_2,preset_modes,cool any preset modes,PRESENT_X,CAMERA_2,S_NOT_SURE,CAMERA_2,,I'm not really sure about that.,PRESENT_X,CAMERA_2,
378,27,CAMERA_2,"['CAMERA_3', 'CAMERA_1', 'CAMERA_2']","{'CAMERA_1': ['preset_modes', 'long_exposure', 'sensor_size', 'settings', 'autofocus_points', 'resolution', 'weight', 'price', 'optical_zoom', 'color', 'ISO', 'effects', 'camera_type', 'weight', 'optical_zoom', 'camera_type'], 'CAMERA_2': ['ISO', 'resolution', 'preset_modes', 'price'], 'CAMERA_3': ['ISO', 'effects', 'price']}",C_QUESTION_ABOUT_FEATURE,CAMERA_2,price,and what about the price ,PRESENT_X,CAMERA_2,S_ANSWERS_QUESTION_ABOUT_FEATURE,CAMERA_2,price,This one costs $768.,PRESENT_X,CAMERA_2,15~19
378,28,NONE,"['CAMERA_3', 'CAMERA_1', 'CAMERA_2']","{'CAMERA_1': ['preset_modes', 'long_exposure', 'sensor_size', 'settings', 'autofocus_points', 'resolution', 'weight', 'price', 'optical_zoom', 'color', 'ISO', 'effects', 'camera_type', 'weight', 'optical_zoom', 'camera_type'], 'CAMERA_2': ['ISO', 'resolution', 'preset_modes', 'price'], 'CAMERA_3': ['ISO', 'effects', 'price']}",C_THANK_YOU,CAMERA_2,NONE,okay thanks,PRESENT_X,CAMERA_2,S_THANK_YOU,CAMERA_2,NONE,thank you very much.,FACE_TO_FACE,NONE,
378,29,NONE,"['CAMERA_3', 'CAMERA_1', 'CAMERA_2']","{'CAMERA_1': ['preset_modes', 'long_exposure', 'sensor_size', 'settings', 'autofocus_points', 'resolution', 'weight', 'price', 'optical_zoom', 'color', 'ISO', 'effects', 'camera_type', 'weight', 'optical_zoom', 'camera_type'], 'CAMERA_2': ['ISO', 'resolution', 'preset_modes', 'price'], 'CAMERA_3': ['ISO', 'effects', 'price']}",C_LEAVES,DOOR,NONE,,FACE_TO_FACE,NONE,S_RETURNS_TO_COUNTER,SERVICE_COUNTER,NONE,,WAITING,NONE,
379,1,NONE,[],"{'CAMERA_1': [], 'CAMERA_2': [], 'CAMERA_3': []}",C_ENTERS,DOOR,NONE,,WAITING,NONE,S_NONE,SERVICE_COUNTER,NONE,,WAITING,NONE,
379,2,NONE,[],"{'CAMERA_1': [], 'CAMERA_2': [], 'CAMERA_3': []}",C_WALKS_TO_CAMERA,CAMERA_1,NONE,,WAITING,NONE,S_GREETS,CAMERA_1,NONE,can I help you?,FACE_TO_FACE,NONE,
379,3,CAMERA_3,['CAMERA_3'],"{'CAMERA_1': [], 'CAMERA_2': [], 'CAMERA_3': []}",C_LOOKING_FOR_A_CAMERA,CAMERA_1,NONE,well I am looking for a camera but I'm not sure what to buy,FACE_TO_FACE,NONE,S_INTRODUCES_CAMERA,CAMERA_3,,Let me show you this. Here we have the Fujifilm PowerShot ELPH S2800.,PRESENT_X,CAMERA_3,39~68
379,4,CAMERA_3,['CAMERA_3'],"{'CAMERA_1': [], 'CAMERA_2': [], 'CAMERA_3': ['optical_zoom']}",C_QUESTION_ABOUT_FEATURE,CAMERA_3,optical_zoom,how about the ability of fight for the zoom how much is optical zoom for this camera,PRESENT_X,CAMERA_3,S_NOT_SURE,CAMERA_3,,I'm not really sure about that.,PRESENT_X,CAMERA_3,
379,5,CAMERA_3,['CAMERA_3'],"{'CAMERA_1': [], 'CAMERA_2': [], 'CAMERA_3': ['optical_zoom', 'autofocus_points']}",C_QUESTION_ABOUT_FEATURE,CAMERA_3,autofocus_points,and what about the auto focus points,PRESENT_X,CAMERA_3,S_ANSWERS_QUESTION_ABOUT_FEATURE,CAMERA_3,autofocus_points,This one has 214 autofocus points.,PRESENT_X,CAMERA_3,13~33
379,6,CAMERA_3,['CAMERA_3'],"{'CAMERA_1': [], 'CAMERA_2': [], 'CAMERA_3': ['optical_zoom', 'autofocus_points', 'sensor_size']}",C_QUESTION_ABOUT_FEATURE,CAMERA_3,sensor_size,what about the sensor size,PRESENT_X,CAMERA_3,S_ANSWERS_QUESTION_ABOUT_FEATURE,CAMERA_3,sensor_size,This one has a full frame.,PRESENT_X,CAMERA_3,15~25
379,7,CAMERA_3,['CAMERA_3'],"{'CAMERA_1': [], 'CAMERA_2': [], 'CAMERA_3': ['optical_zoom', 'autofocus_points', 'sensor_size', 'settings']}",C_SILENT_OR_BACKCHANNEL,CAMERA_3,NONE,hi this camera looks good,PRESENT_X,CAMERA_3,S_INTRODUCES_FEATURE,CAMERA_3,settings,"This one has manual control and various automatic settings (video modeburst shooting, etc.).",PRESENT_X,CAMERA_3,13~91
379,8,CAMERA_3,['CAMERA_3'],"{'CAMERA_1': [], 'CAMERA_2': [], 'CAMERA_3': ['optical_zoom', 'autofocus_points', 'sensor_size', 'settings', 'resolution']}",C_SILENT_OR_BACKCHANNEL,CAMERA_3,NONE,okay,PRESENT_X,CAMERA_3,S_INTRODUCES_FEATURE,CAMERA_3,resolution,This one has 23.2 megapixels resolution.,PRESENT_X,CAMERA_3,13~28
379,9,CAMERA_3,['CAMERA_3'],"{'CAMERA_1': [], 'CAMERA_2': [], 'CAMERA_3': ['optical_zoom', 'autofocus_points', 'sensor_size', 'settings', 'resolution', 'price']}",C_SILENT_OR_BACKCHANNEL,CAMERA_3,NONE,IC,PRESENT_X,CAMERA_3,S_INTRODUCES_FEATURE,CAMERA_3,price,This one costs $518.,PRESENT_X,CAMERA_3,15~19
379,10,CAMERA_3,['CAMERA_3'],"{'CAMERA_1': [], 'CAMERA_2': [], 'CAMERA_3': ['optical_zoom', 'autofocus_points', 'sensor_size', 'settings', 'resolution', 'price', 'preset_modes']}",C_QUESTION_ABOUT_FEATURE,CAMERA_3,preset_modes,Is this support preset mode,PRESENT_X,CAMERA_3,S_ANSWERS_QUESTION_ABOUT_FEATURE,CAMERA_3,preset_modes,This one has various preset modes.,PRESENT_X,CAMERA_3,13~33
379,11,CAMERA_3,['CAMERA_3'],"{'CAMERA_1': [], 'CAMERA_2': [], 'CAMERA_3': ['optical_zoom', 'autofocus_points', 'sensor_size', 'settings', 'resolution', 'price', 'preset_modes', 'color']}",C_SILENT_OR_BACKCHANNEL,CAMERA_3,NONE,wow that's pretty impressive,PRESENT_X,CAMERA_3,S_INTRODUCES_FEATURE,CAMERA_3,color,"This one comes in purple, white, silver, blue, red, or pink.",PRESENT_X,CAMERA_3,18~59
379,12,CAMERA_3,['CAMERA_3'],"{'CAMERA_1': [], 'CAMERA_2': [], 'CAMERA_3': ['optical_zoom', 'autofocus_points', 'sensor_size', 'settings', 'resolution', 'price', 'preset_modes', 'color', 'long_exposure']}",C_SILENT_OR_BACKCHANNEL,CAMERA_3,NONE,sounds good,PRESENT_X,CAMERA_3,S_INTRODUCES_FEATURE,CAMERA_3,long_exposure,This one can take long exposures up to 30 minutes max with bulb mode.,PRESENT_X,CAMERA_3,39~68
379,13,CAMERA_3,['CAMERA_3'],"{'CAMERA_1': [], 'CAMERA_2': [], 'CAMERA_3': ['optical_zoom', 'autofocus_points', 'sensor_size', 'settings', 'resolution', 'price', 'preset_modes', 'color', 'long_exposure', 'camera_type']}",C_QUESTION_ABOUT_FEATURE,CAMERA_3,camera_type,what kind of camera is this,PRESENT_X,CAMERA_3,S_ANSWERS_QUESTION_ABOUT_FEATURE,CAMERA_3,camera_type,This is a point and shoot camera.,PRESENT_X,CAMERA_3,10~25
379,14,CAMERA_3,['CAMERA_3'],"{'CAMERA_1': [], 'CAMERA_2': [], 'CAMERA_3': ['optical_zoom', 'autofocus_points', 'sensor_size', 'settings', 'resolution', 'price', 'preset_modes', 'color', 'long_exposure', 'camera_type', 'weight']}",C_SILENT_OR_BACKCHANNEL,CAMERA_3,NONE,not too bad,PRESENT_X,CAMERA_3,S_INTRODUCES_FEATURE,CAMERA_3,weight,This one weighs 820 grams.,PRESENT_X,CAMERA_3,16~25
379,15,CAMERA_3,['CAMERA_3'],"{'CAMERA_1': [], 'CAMERA_2': [], 'CAMERA_3': ['optical_zoom', 'autofocus_points', 'sensor_size', 'settings', 'resolution', 'price', 'preset_modes', 'color', 'long_exposure', 'camera_type', 'weight', 'effects']}",C_QUESTION_ABOUT_FEATURE,CAMERA_3,effects,what about artistic effect or something,PRESENT_X,CAMERA_3,S_ANSWERS_QUESTION_ABOUT_FEATURE,CAMERA_3,effects,"This one has 21 photo effects (small face, retro, big eyes, etc.).",PRESENT_X,CAMERA_3,13~65
379,16,CAMERA_3,['CAMERA_3'],"{'CAMERA_1': [], 'CAMERA_2': [], 'CAMERA_3': ['optical_zoom', 'autofocus_points', 'sensor_size', 'settings', 'resolution', 'price', 'preset_modes', 'color', 'long_exposure', 'camera_type', 'weight', 'effects', 'ISO']}",C_SILENT_OR_BACKCHANNEL,CAMERA_3,NONE,ok,PRESENT_X,CAMERA_3,S_INTRODUCES_FEATURE,CAMERA_3,ISO,This one has up to 3200 ISO with little noise.,PRESENT_X,CAMERA_3,13~45
379,17,CAMERA_3,['CAMERA_3'],"{'CAMERA_1': [], 'CAMERA_2': [], 'CAMERA_3': ['optical_zoom', 'autofocus_points', 'sensor_size', 'settings', 'resolution', 'price', 'preset_modes', 'color', 'long_exposure', 'camera_type', 'weight', 'effects', 'ISO', 'effects']}",C_SILENT_OR_BACKCHANNEL,CAMERA_3,NONE,ok,PRESENT_X,CAMERA_3,S_INTRODUCES_FEATURE,CAMERA_3,effects,"This one has 21 photo effects (small face, retro, big eyes, etc.).",PRESENT_X,CAMERA_3,13~65
379,18,CAMERA_3,['CAMERA_3'],"{'CAMERA_1': [], 'CAMERA_2': [], 'CAMERA_3': ['optical_zoom', 'autofocus_points', 'sensor_size', 'settings', 'resolution', 'price', 'preset_modes', 'color', 'long_exposure', 'camera_type', 'weight', 'effects', 'ISO', 'effects', 'sensor_size']}",C_SILENT_OR_BACKCHANNEL,CAMERA_3,NONE,ok,PRESENT_X,CAMERA_3,S_INTRODUCES_FEATURE,CAMERA_3,sensor_size,This one has a full frame.,PRESENT_X,CAMERA_3,15~25
379,19,NONE,['CAMERA_3'],"{'CAMERA_1': [], 'CAMERA_2': [], 'CAMERA_3': ['optical_zoom', 'autofocus_points', 'sensor_size', 'settings', 'resolution', 'price', 'preset_modes', 'color', 'long_exposure', 'camera_type', 'weight', 'effects', 'ISO', 'effects', 'sensor_size']}",C_THANK_YOU,CAMERA_3,NONE,thanks very much,PRESENT_X,CAMERA_3,S_THANK_YOU,CAMERA_3,NONE,thank you very much.,FACE_TO_FACE,NONE,
379,20,NONE,['CAMERA_3'],"{'CAMERA_1': [], 'CAMERA_2': [], 'CAMERA_3': ['optical_zoom', 'autofocus_points', 'sensor_size', 'settings', 'resolution', 'price', 'preset_modes', 'color', 'long_exposure', 'camera_type', 'weight', 'effects', 'ISO', 'effects', 'sensor_size']}",C_LEAVES,DOOR,NONE,,FACE_TO_FACE,NONE,S_RETURNS_TO_COUNTER,SERVICE_COUNTER,NONE,,WAITING,NONE,
380,1,NONE,[],"{'CAMERA_1': [], 'CAMERA_2': [], 'CAMERA_3': []}",C_ENTERS,DOOR,NONE,,WAITING,NONE,S_NONE,SERVICE_COUNTER,NONE,,WAITING,NONE,
380,2,NONE,[],"{'CAMERA_1': [], 'CAMERA_2': [], 'CAMERA_3': []}",C_WALKS_TO_CAMERA,CAMERA_1,NONE,,WAITING,NONE,S_GREETS,CAMERA_1,NONE,can I help you?,FACE_TO_FACE,NONE,
380,3,CAMERA_2,['CAMERA_2'],"{'CAMERA_1': [], 'CAMERA_2': [], 'CAMERA_3': []}",C_LOOKING_FOR_A_CAMERA,CAMERA_1,NONE,I'm looking for a lightweight camera,FACE_TO_FACE,NONE,S_INTRODUCES_CAMERA,CAMERA_2,,Let me show you this. Here we have the Fujifilm Lumix ILC Camera.,PRESENT_X,CAMERA_2,39~64
380,4,CAMERA_2,['CAMERA_2'],"{'CAMERA_1': [], 'CAMERA_2': ['preset_modes'], 'CAMERA_3': []}",C_QUESTION_ABOUT_FEATURE,CAMERA_2,preset_modes,what does this support for preset mode,PRESENT_X,CAMERA_2,S_NOT_SURE,CAMERA_2,,I'm not really sure about that.,PRESENT_X,CAMERA_2,
380,5,CAMERA_2,['CAMERA_2'],"{'CAMERA_1': [], 'CAMERA_2': ['preset_modes', 'autofocus_points'], 'CAMERA_3': []}",C_QUESTION_ABOUT_FEATURE,CAMERA_2,autofocus_points,how many auto focus points does this one have again,PRESENT_X,CAMERA_2,S_NOT_SURE,CAMERA_2,,I'm not really sure about that.,PRESENT_X,CAMERA_2,
380,6,CAMERA_2,['CAMERA_2'],"{'CAMERA_1': [], 'CAMERA_2': ['preset_modes', 'autofocus_points', 'weight'], 'CAMERA_3': []}",C_SILENT_OR_BACKCHANNEL,CAMERA_2,NONE,wow thats expensive,PRESENT_X,CAMERA_2,S_INTRODUCES_FEATURE,CAMERA_2,weight,This one weighs 820 grams.,PRESENT_X,CAMERA_2,16~25
380,7,CAMERA_1,"['CAMERA_2', 'CAMERA_1']","{'CAMERA_1': [], 'CAMERA_2': ['preset_modes', 'autofocus_points', 'weight'], 'CAMERA_3': []}",C_ANYTHING_ELSE_AVAILABLE,CAMERA_2,NONE,do you have any other cameras like this,PRESENT_X,CAMERA_2,S_INTRODUCES_CAMERA,CAMERA_1,,Let me show you this. Here we have the Sony PowerShot ELPH DMC-ZS3.,PRESENT_X,CAMERA_1,39~66
380,8,CAMERA_1,"['CAMERA_2', 'CAMERA_1']","{'CAMERA_1': ['sensor_size'], 'CAMERA_2': ['preset_modes', 'autofocus_points', 'weight'], 'CAMERA_3': []}",C_QUESTION_ABOUT_FEATURE,CAMERA_1,sensor_size,and what's the sensor size on this,PRESENT_X,CAMERA_1,S_ANSWERS_QUESTION_ABOUT_FEATURE,CAMERA_1,sensor_size,This one has a 1/2.3 inch CMOS sensor.,PRESENT_X,CAMERA_1,15~37
380,9,CAMERA_1,"['CAMERA_2', 'CAMERA_1']","{'CAMERA_1': ['sensor_size', 'price'], 'CAMERA_2': ['preset_modes', 'autofocus_points', 'weight'], 'CAMERA_3': []}",C_QUESTION_ABOUT_FEATURE,CAMERA_1,price,I like this camera how much does it cost,PRESENT_X,CAMERA_1,S_ANSWERS_QUESTION_ABOUT_FEATURE,CAMERA_1,price,This one costs $450.,PRESENT_X,CAMERA_1,15~19
380,10,CAMERA_1,"['CAMERA_2', 'CAMERA_1']","{'CAMERA_1': ['sensor_size', 'price', 'autofocus_points'], 'CAMERA_2': ['preset_modes', 'autofocus_points', 'weight'], 'CAMERA_3': []}",C_QUESTION_ABOUT_FEATURE,CAMERA_1,autofocus_points,how many autofocus points does it have,PRESENT_X,CAMERA_1,S_ANSWERS_QUESTION_ABOUT_FEATURE,CAMERA_1,autofocus_points,This one has 135 autofocus points.,PRESENT_X,CAMERA_1,13~33
380,11,CAMERA_1,"['CAMERA_2', 'CAMERA_1']","{'CAMERA_1': ['sensor_size', 'price', 'autofocus_points', 'ISO'], 'CAMERA_2': ['preset_modes', 'autofocus_points', 'weight'], 'CAMERA_3': []}",C_QUESTION_ABOUT_FEATURE,CAMERA_1,ISO,how about the ISO something,PRESENT_X,CAMERA_1,S_ANSWERS_QUESTION_ABOUT_FEATURE,CAMERA_1,ISO,This one has up to 51200 ISO.,PRESENT_X,CAMERA_1,13~28
380,12,CAMERA_3,"['CAMERA_2', 'CAMERA_1', 'CAMERA_3']","{'CAMERA_1': ['sensor_size', 'price', 'autofocus_points', 'ISO'], 'CAMERA_2': ['preset_modes', 'autofocus_points', 'weight'], 'CAMERA_3': []}",C_ANYTHING_ELSE_AVAILABLE,CAMERA_1,NONE,do you have anything better than this,PRESENT_X,CAMERA_1,S_INTRODUCES_CAMERA,CAMERA_3,,Let me show you this. Here we have the Fujifilm PowerShot ELPH S2800.,PRESENT_X,CAMERA_3,39~68
380,13,CAMERA_3,"['CAMERA_2', 'CAMERA_1', 'CAMERA_3']","{'CAMERA_1': ['sensor_size', 'price', 'autofocus_points', 'ISO'], 'CAMERA_2': ['preset_modes', 'autofocus_points', 'weight'], 'CAMERA_3': ['sensor_size']}",C_QUESTION_ABOUT_FEATURE,CAMERA_3,sensor_size,and the sensor size,PRESENT_X,CAMERA_3,S_ANSWERS_QUESTION_ABOUT_FEATURE,CAMERA_3,sensor_size,This one has a full frame.,PRESENT_X,CAMERA_3,15~25
380,14,CAMERA_3,"['CAMERA_2', 'CAMERA_1', 'CAMERA_3']","{'CAMERA_1': ['sensor_size', 'price', 'autofocus_points', 'ISO'], 'CAMERA_2': ['preset_modes', 'autofocus_points', 'weight'], 'CAMERA_3': ['sensor_size', 'color']}",C_QUESTION_ABOUT_FEATURE,CAMERA_3,color,what kind of color do you have for this camera,PRESENT_X,CAMERA_3,S_ANSWERS_QUESTION_ABOUT_FEATURE,CAMERA_3,color,"This one comes in purple, white, silver, blue, red, or pink.",PRESENT_X,CAMERA_3,18~59
380,15,NONE,"['CAMERA_2', 'CAMERA_1', 'CAMERA_3']","{'CAMERA_1': ['sensor_size', 'price', 'autofocus_points', 'ISO'], 'CAMERA_2': ['preset_modes', 'autofocus_points', 'weight'], 'CAMERA_3': ['sensor_size', 'color']}",C_THANK_YOU,CAMERA_3,NONE,helpful thank you,PRESENT_X,CAMERA_3,S_THANK_YOU,CAMERA_3,NONE,thank you very much.,FACE_TO_FACE,NONE,
380,16,NONE,"['CAMERA_2', 'CAMERA_1', 'CAMERA_3']","{'CAMERA_1': ['sensor_size', 'price', 'autofocus_points', 'ISO'], 'CAMERA_2': ['preset_modes', 'autofocus_points', 'weight'], 'CAMERA_3': ['sensor_size', 'color']}",C_LEAVES,DOOR,NONE,,FACE_TO_FACE,NONE,S_RETURNS_TO_COUNTER,SERVICE_COUNTER,NONE,,WAITING,NONE,
381,1,NONE,[],"{'CAMERA_1': [], 'CAMERA_2': [], 'CAMERA_3': []}",C_ENTERS,DOOR,NONE,,WAITING,NONE,S_NONE,SERVICE_COUNTER,NONE,,WAITING,NONE,
381,2,NONE,[],"{'CAMERA_1': [], 'CAMERA_2': [], 'CAMERA_3': []}",C_WALKS_TO_CAMERA,CAMERA_2,NONE,,WAITING,NONE,S_GREETS,CAMERA_2,NONE,can I help you?,FACE_TO_FACE,NONE,
381,3,CAMERA_1,['CAMERA_1'],"{'CAMERA_1': [], 'CAMERA_2': [], 'CAMERA_3': []}",C_LOOKING_FOR_A_CAMERA,CAMERA_2,NONE,hi good afternoon I'm looking for a camera for my next trip to Singapore can you help me with that,FACE_TO_FACE,NONE,S_INTRODUCES_CAMERA,CAMERA_1,,Let me show you this. Here we have the Sony PowerShot ELPH DMC-ZS3.,PRESENT_X,CAMERA_1,39~66
381,4,CAMERA_1,['CAMERA_1'],"{'CAMERA_1': ['weight'], 'CAMERA_2': [], 'CAMERA_3': []}",C_SILENT_OR_BACKCHANNEL,CAMERA_1,NONE,oh wow that seems quite high,PRESENT_X,CAMERA_1,S_INTRODUCES_FEATURE,CAMERA_1,weight,This one weighs 800 grams.,PRESENT_X,CAMERA_1,16~25
381,5,NONE,['CAMERA_1'],"{'CAMERA_1': ['weight'], 'CAMERA_2': [], 'CAMERA_3': []}",C_THANK_YOU,CAMERA_1,NONE,thank you very much I really appreciate your help have a great day,PRESENT_X,CAMERA_1,S_THANK_YOU,CAMERA_1,NONE,thank you very much.,FACE_TO_FACE,NONE,
381,6,NONE,['CAMERA_1'],"{'CAMERA_1': ['weight'], 'CAMERA_2': [], 'CAMERA_3': []}",C_LEAVES,DOOR,NONE,,FACE_TO_FACE,NONE,S_RETURNS_TO_COUNTER,SERVICE_COUNTER,NONE,,WAITING,NONE,
382,1,NONE,[],"{'CAMERA_1': [], 'CAMERA_2': [], 'CAMERA_3': []}",C_ENTERS,DOOR,NONE,,WAITING,NONE,S_NONE,SERVICE_COUNTER,NONE,,WAITING,NONE,
382,2,NONE,[],"{'CAMERA_1': [], 'CAMERA_2': [], 'CAMERA_3': []}",C_GREETS,MIDDLE,NONE,hello,WAITING,NONE,S_GREETS,MIDDLE,NONE,can I help you?,FACE_TO_FACE,NONE,
382,3,CAMERA_1,['CAMERA_1'],"{'CAMERA_1': [], 'CAMERA_2': [], 'CAMERA_3': []}",C_LOOKING_FOR_A_CAMERA,MIDDLE,NONE,I'm looking for a camera,FACE_TO_FACE,NONE,S_INTRODUCES_CAMERA,CAMERA_1,,Let me show you this. Here we have the Sony PowerShot ELPH DMC-ZS3.,PRESENT_X,CAMERA_1,39~66
382,4,CAMERA_1,['CAMERA_1'],"{'CAMERA_1': ['long_exposure'], 'CAMERA_2': [], 'CAMERA_3': []}",C_QUESTION_ABOUT_FEATURE,CAMERA_1,long_exposure,and I see that it does long exposures does it have bulb mode,PRESENT_X,CAMERA_1,S_ANSWERS_QUESTION_ABOUT_FEATURE,CAMERA_1,long_exposure,This one can take long exposures up to up to 15 seconds with Long Shutter Mode.,PRESENT_X,CAMERA_1,39~78
382,5,CAMERA_1,['CAMERA_1'],"{'CAMERA_1': ['long_exposure', 'optical_zoom'], 'CAMERA_2': [], 'CAMERA_3': []}",C_QUESTION_ABOUT_FEATURE,CAMERA_1,optical_zoom,excuse me what does it mean by optical zoom,PRESENT_X,CAMERA_1,S_ANSWERS_QUESTION_ABOUT_FEATURE,CAMERA_1,optical_zoom,This one has 21x optical zoom.,PRESENT_X,CAMERA_1,13~29
382,6,CAMERA_1,['CAMERA_1'],"{'CAMERA_1': ['long_exposure', 'optical_zoom', 'effects'], 'CAMERA_2': [], 'CAMERA_3': []}",C_QUESTION_ABOUT_FEATURE,CAMERA_1,effects,what about the artistic effect,PRESENT_X,CAMERA_1,S_ANSWERS_QUESTION_ABOUT_FEATURE,CAMERA_1,effects,"This one has 24 glamor retouch effects (miniature, retro, toy camera, etc.).",PRESENT_X,CAMERA_1,13~75
382,7,CAMERA_1,['CAMERA_1'],"{'CAMERA_1': ['long_exposure', 'optical_zoom', 'effects', 'color'], 'CAMERA_2': [], 'CAMERA_3': []}",C_QUESTION_ABOUT_FEATURE,CAMERA_1,color,say does it come in any other lighter colors,PRESENT_X,CAMERA_1,S_ANSWERS_QUESTION_ABOUT_FEATURE,CAMERA_1,color,This one comes in blue or black.,PRESENT_X,CAMERA_1,18~31
382,8,CAMERA_1,['CAMERA_1'],"{'CAMERA_1': ['long_exposure', 'optical_zoom', 'effects', 'color', 'preset_modes'], 'CAMERA_2': [], 'CAMERA_3': []}",C_QUESTION_ABOUT_FEATURE,CAMERA_1,preset_modes,can you please explain me more about the their priests mode,PRESENT_X,CAMERA_1,S_NOT_SURE,CAMERA_1,,I'm not really sure about that.,PRESENT_X,CAMERA_1,
382,9,CAMERA_3,"['CAMERA_1', 'CAMERA_3']","{'CAMERA_1': ['long_exposure', 'optical_zoom', 'effects', 'color', 'preset_modes'], 'CAMERA_2': [], 'CAMERA_3': []}",C_ANYTHING_ELSE_AVAILABLE,CAMERA_1,NONE,maybe did you have a another camera you recommend,PRESENT_X,CAMERA_1,S_INTRODUCES_CAMERA,CAMERA_3,,Let me show you this. Here we have the Fujifilm PowerShot ELPH S2800.,PRESENT_X,CAMERA_3,39~68
382,10,CAMERA_3,"['CAMERA_1', 'CAMERA_3']","{'CAMERA_1': ['long_exposure', 'optical_zoom', 'effects', 'color', 'preset_modes'], 'CAMERA_2': [], 'CAMERA_3': ['ISO']}",C_QUESTION_ABOUT_FEATURE,CAMERA_3,ISO,compared to the previous camera how does the iso right,PRESENT_X,CAMERA_3,S_ANSWERS_QUESTION_ABOUT_FEATURE,CAMERA_3,ISO,This one has up to 3200 ISO with little noise.,PRESENT_X,CAMERA_3,13~45
382,11,CAMERA_3,"['CAMERA_1', 'CAMERA_3']","{'CAMERA_1': ['long_exposure', 'optical_zoom', 'effects', 'color', 'preset_modes'], 'CAMERA_2': [], 'CAMERA_3': ['ISO', 'sensor_size']}",C_SILENT_OR_BACKCHANNEL,CAMERA_3,NONE,sounds pretty good,PRESENT_X,CAMERA_3,S_INTRODUCES_FEATURE,CAMERA_3,sensor_size,This one has a full frame.,PRESENT_X,CAMERA_3,15~25
382,12,CAMERA_2,"['CAMERA_1', 'CAMERA_3', 'CAMERA_2']","{'CAMERA_1': ['long_exposure', 'optical_zoom', 'effects', 'color', 'preset_modes'], 'CAMERA_2': [], 'CAMERA_3': ['ISO', 'sensor_size']}",C_ANYTHING_ELSE_AVAILABLE,CAMERA_3,NONE,that's good that's okay I like it when do you have other models in this area,PRESENT_X,CAMERA_3,S_INTRODUCES_CAMERA,CAMERA_2,,Let me show you this. Here we have the Fujifilm Lumix ILC Camera.,PRESENT_X,CAMERA_2,39~64
382,13,CAMERA_2,"['CAMERA_1', 'CAMERA_3', 'CAMERA_2']","{'CAMERA_1': ['long_exposure', 'optical_zoom', 'effects', 'color', 'preset_modes'], 'CAMERA_2': ['weight'], 'CAMERA_3': ['ISO', 'sensor_size']}",C_QUESTION_ABOUT_FEATURE,CAMERA_2,weight,what is the weight of this,PRESENT_X,CAMERA_2,S_ANSWERS_QUESTION_ABOUT_FEATURE,CAMERA_2,weight,This one weighs 820 grams.,PRESENT_X,CAMERA_2,16~25
382,14,CAMERA_2,"['CAMERA_1', 'CAMERA_3', 'CAMERA_2']","{'CAMERA_1': ['long_exposure', 'optical_zoom', 'effects', 'color', 'preset_modes'], 'CAMERA_2': ['weight', 'ISO'], 'CAMERA_3': ['ISO', 'sensor_size']}",C_QUESTION_ABOUT_FEATURE,CAMERA_2,ISO,How is iso performance of this camera,PRESENT_X,CAMERA_2,S_NOT_SURE,CAMERA_2,,I'm not really sure about that.,PRESENT_X,CAMERA_2,
382,15,NONE,"['CAMERA_1', 'CAMERA_3', 'CAMERA_2']","{'CAMERA_1': ['long_exposure', 'optical_zoom', 'effects', 'color', 'preset_modes'], 'CAMERA_2': ['weight', 'ISO'], 'CAMERA_3': ['ISO', 'sensor_size']}",C_THANK_YOU,CAMERA_2,NONE,thanks,PRESENT_X,CAMERA_2,S_THANK_YOU,CAMERA_2,NONE,thank you very much.,FACE_TO_FACE,NONE,
382,16,NONE,"['CAMERA_1', 'CAMERA_3', 'CAMERA_2']","{'CAMERA_1': ['long_exposure', 'optical_zoom', 'effects', 'color', 'preset_modes'], 'CAMERA_2': ['weight', 'ISO'], 'CAMERA_3': ['ISO', 'sensor_size']}",C_LEAVES,DOOR,NONE,,FACE_TO_FACE,NONE,S_RETURNS_TO_COUNTER,SERVICE_COUNTER,NONE,,WAITING,NONE,
383,1,NONE,[],"{'CAMERA_1': [], 'CAMERA_2': [], 'CAMERA_3': []}",C_ENTERS,DOOR,NONE,,WAITING,NONE,S_NONE,SERVICE_COUNTER,NONE,,WAITING,NONE,
383,2,NONE,[],"{'CAMERA_1': [], 'CAMERA_2': [], 'CAMERA_3': []}",C_GREETS,MIDDLE,NONE,hello,WAITING,NONE,S_GREETS,MIDDLE,NONE,can I help you?,FACE_TO_FACE,NONE,
383,3,CAMERA_3,['CAMERA_3'],"{'CAMERA_1': [], 'CAMERA_2': [], 'CAMERA_3': []}",C_LOOKING_FOR_A_CAMERA,MIDDLE,NONE,how to write a message to take a look at your new cameras,FACE_TO_FACE,NONE,S_INTRODUCES_CAMERA,CAMERA_3,,Let me show you this. Here we have the Fujifilm PowerShot ELPH S2800.,PRESENT_X,CAMERA_3,39~68
383,4,CAMERA_3,['CAMERA_3'],"{'CAMERA_1': [], 'CAMERA_2': [], 'CAMERA_3': ['sensor_size']}",C_QUESTION_ABOUT_FEATURE,CAMERA_3,sensor_size,and the sensor size,PRESENT_X,CAMERA_3,S_ANSWERS_QUESTION_ABOUT_FEATURE,CAMERA_3,sensor_size,This one has a full frame.,PRESENT_X,CAMERA_3,15~25
383,5,NONE,['CAMERA_3'],"{'CAMERA_1': [], 'CAMERA_2': [], 'CAMERA_3': ['sensor_size']}",C_THANK_YOU,CAMERA_3,NONE,okay thank you see you,PRESENT_X,CAMERA_3,S_THANK_YOU,CAMERA_3,NONE,thank you very much.,FACE_TO_FACE,NONE,
383,6,NONE,['CAMERA_3'],"{'CAMERA_1': [], 'CAMERA_2': [], 'CAMERA_3': ['sensor_size']}",C_LEAVES,DOOR,NONE,,FACE_TO_FACE,NONE,S_RETURNS_TO_COUNTER,SERVICE_COUNTER,NONE,,WAITING,NONE,
384,1,NONE,[],"{'CAMERA_1': [], 'CAMERA_2': [], 'CAMERA_3': []}",C_ENTERS,DOOR,NONE,,WAITING,NONE,S_NONE,SERVICE_COUNTER,NONE,,WAITING,NONE,
384,2,NONE,[],"{'CAMERA_1': [], 'CAMERA_2': [], 'CAMERA_3': []}",C_GREETS,MIDDLE,NONE,excuse me,WAITING,NONE,S_GREETS,MIDDLE,NONE,can I help you?,FACE_TO_FACE,NONE,
384,3,CAMERA_1,['CAMERA_1'],"{'CAMERA_1': [], 'CAMERA_2': [], 'CAMERA_3': []}",C_LOOKING_FOR_A_CAMERA,MIDDLE,NONE,I want to buy I want to buy a camera but I'm not sure which I need,FACE_TO_FACE,NONE,S_INTRODUCES_CAMERA,CAMERA_1,,Let me show you this. Here we have the Sony PowerShot ELPH DMC-ZS3.,PRESENT_X,CAMERA_1,39~66
384,4,CAMERA_1,['CAMERA_1'],"{'CAMERA_1': ['resolution'], 'CAMERA_2': [], 'CAMERA_3': []}",C_QUESTION_ABOUT_FEATURE,CAMERA_1,resolution,what it what is mega pixels,PRESENT_X,CAMERA_1,S_ANSWERS_QUESTION_ABOUT_FEATURE,CAMERA_1,resolution,This one has 17.8 megapixels resolution.,PRESENT_X,CAMERA_1,13~28
384,5,CAMERA_1,['CAMERA_1'],"{'CAMERA_1': ['resolution', 'ISO'], 'CAMERA_2': [], 'CAMERA_3': []}",C_SILENT_OR_BACKCHANNEL,CAMERA_1,NONE,IC,PRESENT_X,CAMERA_1,S_INTRODUCES_FEATURE,CAMERA_1,ISO,This one has up to 51200 ISO.,PRESENT_X,CAMERA_1,13~28
384,6,CAMERA_1,['CAMERA_1'],"{'CAMERA_1': ['resolution', 'ISO', 'settings'], 'CAMERA_2': [], 'CAMERA_3': []}",C_QUESTION_ABOUT_FEATURE,CAMERA_1,settings,is it in manual mode,PRESENT_X,CAMERA_1,S_ANSWERS_QUESTION_ABOUT_FEATURE,CAMERA_1,settings,This one has limited manual settings.,PRESENT_X,CAMERA_1,13~36
384,7,CAMERA_1,['CAMERA_1'],"{'CAMERA_1': ['resolution', 'ISO', 'settings', 'color'], 'CAMERA_2': [], 'CAMERA_3': []}",C_QUESTION_ABOUT_FEATURE,CAMERA_1,color,yeah okay and how many colors does it come in,PRESENT_X,CAMERA_1,S_ANSWERS_QUESTION_ABOUT_FEATURE,CAMERA_1,color,This one comes in blue or black.,PRESENT_X,CAMERA_1,18~31
384,8,NONE,['CAMERA_1'],"{'CAMERA_1': ['resolution', 'ISO', 'settings', 'color'], 'CAMERA_2': [], 'CAMERA_3': []}",C_THANK_YOU,CAMERA_1,NONE,okay thank you for your help today,PRESENT_X,CAMERA_1,S_THANK_YOU,CAMERA_1,NONE,thank you very much.,FACE_TO_FACE,NONE,
384,9,NONE,['CAMERA_1'],"{'CAMERA_1': ['resolution', 'ISO', 'settings', 'color'], 'CAMERA_2': [], 'CAMERA_3': []}",C_LEAVES,DOOR,NONE,,FACE_TO_FACE,NONE,S_RETURNS_TO_COUNTER,SERVICE_COUNTER,NONE,,WAITING,NONE,
385,1,NONE,[],"{'CAMERA_1': [], 'CAMERA_2': [], 'CAMERA_3': []}",C_ENTERS,DOOR,NONE,,WAITING,NONE,S_NONE,SERVICE_COUNTER,NONE,,WAITING,NONE,
385,2,NONE,[],"{'CAMERA_1': [], 'CAMERA_2': [], 'CAMERA_3': []}",C_WALKS_TO_CAMERA,CAMERA_2,NONE,,WAITING,NONE,S_GREETS,CAMERA_2,NONE,can I help you?,FACE_TO_FACE,NONE,
385,3,CAMERA_3,['CAMERA_3'],"{'CAMERA_1': [], 'CAMERA_2': [], 'CAMERA_3': []}",C_LOOKING_FOR_A_CAMERA,CAMERA_2,NONE,I am looking to buy a body camera end SLR my gracious break so I was wondering if you had anything like that,FACE_TO_FACE,NONE,S_INTRODUCES_CAMERA,CAMERA_3,,Let me show you this. Here we have the Fujifilm PowerShot ELPH S2800.,PRESENT_X,CAMERA_3,39~68
385,4,CAMERA_3,['CAMERA_3'],"{'CAMERA_1': [], 'CAMERA_2': [], 'CAMERA_3': ['ISO']}",C_QUESTION_ABOUT_FEATURE,CAMERA_3,ISO,what is iso performance,PRESENT_X,CAMERA_3,S_ANSWERS_QUESTION_ABOUT_FEATURE,CAMERA_3,ISO,This one has up to 3200 ISO with little noise.,PRESENT_X,CAMERA_3,13~45
385,5,CAMERA_3,['CAMERA_3'],"{'CAMERA_1': [], 'CAMERA_2': [], 'CAMERA_3': ['ISO', 'settings']}",C_QUESTION_ABOUT_FEATURE,CAMERA_3,settings,pretty good how much how many manual settings it is does it have,PRESENT_X,CAMERA_3,S_ANSWERS_QUESTION_ABOUT_FEATURE,CAMERA_3,settings,"This one has manual control and various automatic settings (video modeburst shooting, etc.).",PRESENT_X,CAMERA_3,13~91
385,6,CAMERA_3,['CAMERA_3'],"{'CAMERA_1': [], 'CAMERA_2': [], 'CAMERA_3': ['ISO', 'settings', 'camera_type']}",C_SILENT_OR_BACKCHANNEL,CAMERA_3,NONE,okay that sounds good,PRESENT_X,CAMERA_3,S_INTRODUCES_FEATURE,CAMERA_3,camera_type,This is a point and shoot camera.,PRESENT_X,CAMERA_3,10~25
385,7,CAMERA_3,['CAMERA_3'],"{'CAMERA_1': [], 'CAMERA_2': [], 'CAMERA_3': ['ISO', 'settings', 'camera_type', 'preset_modes']}",C_SILENT_OR_BACKCHANNEL,CAMERA_3,NONE,sounds like a pretty good option,PRESENT_X,CAMERA_3,S_INTRODUCES_FEATURE,CAMERA_3,preset_modes,This one has various preset modes.,PRESENT_X,CAMERA_3,13~33
385,8,CAMERA_3,['CAMERA_3'],"{'CAMERA_1': [], 'CAMERA_2': [], 'CAMERA_3': ['ISO', 'settings', 'camera_type', 'preset_modes', 'weight']}",C_SILENT_OR_BACKCHANNEL,CAMERA_3,NONE,yes but it didn't take really nice pictures the detail was pretty bad and so was the colors,PRESENT_X,CAMERA_3,S_INTRODUCES_FEATURE,CAMERA_3,weight,This one weighs 820 grams.,PRESENT_X,CAMERA_3,16~25
385,9,NONE,['CAMERA_3'],"{'CAMERA_1': [], 'CAMERA_2': [], 'CAMERA_3': ['ISO', 'settings', 'camera_type', 'preset_modes', 'weight']}",C_THANK_YOU,CAMERA_3,NONE,thank you very much,PRESENT_X,CAMERA_3,S_THANK_YOU,CAMERA_3,NONE,thank you very much.,FACE_TO_FACE,NONE,
385,10,NONE,['CAMERA_3'],"{'CAMERA_1': [], 'CAMERA_2': [], 'CAMERA_3': ['ISO', 'settings', 'camera_type', 'preset_modes', 'weight']}",C_LEAVES,DOOR,NONE,,FACE_TO_FACE,NONE,S_RETURNS_TO_COUNTER,SERVICE_COUNTER,NONE,,WAITING,NONE,
386,1,NONE,[],"{'CAMERA_1': [], 'CAMERA_2': [], 'CAMERA_3': []}",C_ENTERS,DOOR,NONE,,WAITING,NONE,S_NONE,SERVICE_COUNTER,NONE,,WAITING,NONE,
386,2,NONE,[],"{'CAMERA_1': [], 'CAMERA_2': [], 'CAMERA_3': []}",C_GREETS,MIDDLE,NONE,hello Galaxy Note,WAITING,NONE,S_GREETS,MIDDLE,NONE,can I help you?,FACE_TO_FACE,NONE,
386,3,CAMERA_2,['CAMERA_2'],"{'CAMERA_1': [], 'CAMERA_2': [], 'CAMERA_3': []}",C_LOOKING_FOR_A_CAMERA,MIDDLE,NONE,how to write a message to take a look at your new cameras,FACE_TO_FACE,NONE,S_INTRODUCES_CAMERA,CAMERA_2,,Let me show you this. Here we have the Fujifilm Lumix ILC Camera.,PRESENT_X,CAMERA_2,39~64
386,4,CAMERA_2,['CAMERA_2'],"{'CAMERA_1': [], 'CAMERA_2': ['effects'], 'CAMERA_3': []}",C_SILENT_OR_BACKCHANNEL,CAMERA_2,NONE,IC,PRESENT_X,CAMERA_2,S_INTRODUCES_FEATURE,CAMERA_2,effects,"This one has 24 artistic effect modes (retro, lighter or darker skin tones, sepia, etc.).",PRESENT_X,CAMERA_2,13~88
386,5,CAMERA_2,['CAMERA_2'],"{'CAMERA_1': [], 'CAMERA_2': ['effects', 'weight'], 'CAMERA_3': []}",C_QUESTION_ABOUT_FEATURE,CAMERA_2,weight,how much does a swan weigh,PRESENT_X,CAMERA_2,S_ANSWERS_QUESTION_ABOUT_FEATURE,CAMERA_2,weight,This one weighs 820 grams.,PRESENT_X,CAMERA_2,16~25
386,6,NONE,['CAMERA_2'],"{'CAMERA_1': [], 'CAMERA_2': ['effects', 'weight'], 'CAMERA_3': []}",C_THANK_YOU,CAMERA_2,NONE,thank you,PRESENT_X,CAMERA_2,S_THANK_YOU,CAMERA_2,NONE,thank you very much.,FACE_TO_FACE,NONE,
386,7,NONE,['CAMERA_2'],"{'CAMERA_1': [], 'CAMERA_2': ['effects', 'weight'], 'CAMERA_3': []}",C_LEAVES,DOOR,NONE,,FACE_TO_FACE,NONE,S_RETURNS_TO_COUNTER,SERVICE_COUNTER,NONE,,WAITING,NONE,
387,1,NONE,[],"{'CAMERA_1': [], 'CAMERA_2': [], 'CAMERA_3': []}",C_ENTERS,DOOR,NONE,,WAITING,NONE,S_NONE,SERVICE_COUNTER,NONE,,WAITING,NONE,
387,2,NONE,[],"{'CAMERA_1': [], 'CAMERA_2': [], 'CAMERA_3': []}",C_WALKS_TO_CAMERA,CAMERA_3,NONE,,WAITING,NONE,S_GREETS,CAMERA_3,NONE,can I help you?,FACE_TO_FACE,NONE,
387,3,CAMERA_1,['CAMERA_1'],"{'CAMERA_1': [], 'CAMERA_2': [], 'CAMERA_3': []}",C_LOOKING_FOR_A_CAMERA,CAMERA_3,NONE,the room I'm looking for a new camera that has a professional photographer,FACE_TO_FACE,NONE,S_INTRODUCES_CAMERA,CAMERA_1,,Let me show you this. Here we have the Sony PowerShot ELPH DMC-ZS3.,PRESENT_X,CAMERA_1,39~66
387,4,CAMERA_1,['CAMERA_1'],"{'CAMERA_1': ['optical_zoom'], 'CAMERA_2': [], 'CAMERA_3': []}",C_QUESTION_ABOUT_FEATURE,CAMERA_1,optical_zoom,ok perfect for my budget okay do you know the optical zoom range,PRESENT_X,CAMERA_1,S_ANSWERS_QUESTION_ABOUT_FEATURE,CAMERA_1,optical_zoom,This one has 21x optical zoom.,PRESENT_X,CAMERA_1,13~29
387,5,CAMERA_1,['CAMERA_1'],"{'CAMERA_1': ['optical_zoom', 'price'], 'CAMERA_2': [], 'CAMERA_3': []}",C_QUESTION_ABOUT_FEATURE,CAMERA_1,price,how much does it cost,PRESENT_X,CAMERA_1,S_ANSWERS_QUESTION_ABOUT_FEATURE,CAMERA_1,price,This one costs $450.,PRESENT_X,CAMERA_1,15~19
387,6,CAMERA_1,['CAMERA_1'],"{'CAMERA_1': ['optical_zoom', 'price', 'settings'], 'CAMERA_2': [], 'CAMERA_3': []}",C_SILENT_OR_BACKCHANNEL,CAMERA_1,NONE,great so no matter how bad the light that can be photoshopped or modified on my computer,PRESENT_X,CAMERA_1,S_INTRODUCES_FEATURE,CAMERA_1,settings,This one has limited manual settings.,PRESENT_X,CAMERA_1,13~36
387,7,CAMERA_1,['CAMERA_1'],"{'CAMERA_1': ['optical_zoom', 'price', 'settings', 'resolution'], 'CAMERA_2': [], 'CAMERA_3': []}",C_SILENT_OR_BACKCHANNEL,CAMERA_1,NONE,IC,PRESENT_X,CAMERA_1,S_INTRODUCES_FEATURE,CAMERA_1,resolution,This one has 17.8 megapixels resolution.,PRESENT_X,CAMERA_1,13~28
387,8,NONE,['CAMERA_1'],"{'CAMERA_1': ['optical_zoom', 'price', 'settings', 'resolution'], 'CAMERA_2': [], 'CAMERA_3': []}",C_THANK_YOU,CAMERA_1,NONE,I see thanks so much for your help,PRESENT_X,CAMERA_1,S_THANK_YOU,CAMERA_1,NONE,thank you very much.,FACE_TO_FACE,NONE,
387,9,NONE,['CAMERA_1'],"{'CAMERA_1': ['optical_zoom', 'price', 'settings', 'resolution'], 'CAMERA_2': [], 'CAMERA_3': []}",C_LEAVES,DOOR,NONE,,FACE_TO_FACE,NONE,S_RETURNS_TO_COUNTER,SERVICE_COUNTER,NONE,,WAITING,NONE,
388,1,NONE,[],"{'CAMERA_1': [], 'CAMERA_2': [], 'CAMERA_3': []}",C_ENTERS,DOOR,NONE,,WAITING,NONE,S_NONE,SERVICE_COUNTER,NONE,,WAITING,NONE,
388,2,NONE,[],"{'CAMERA_1': [], 'CAMERA_2': [], 'CAMERA_3': []}",C_GREETS,MIDDLE,NONE,excuse me,WAITING,NONE,S_GREETS,MIDDLE,NONE,can I help you?,FACE_TO_FACE,NONE,
388,3,CAMERA_1,['CAMERA_1'],"{'CAMERA_1': [], 'CAMERA_2': [], 'CAMERA_3': []}",C_LOOKING_FOR_A_CAMERA,MIDDLE,NONE,I'm looking for a camera,FACE_TO_FACE,NONE,S_INTRODUCES_CAMERA,CAMERA_1,,Let me show you this. Here we have the Sony PowerShot ELPH DMC-ZS3.,PRESENT_X,CAMERA_1,39~66
388,4,CAMERA_1,['CAMERA_1'],"{'CAMERA_1': ['price'], 'CAMERA_2': [], 'CAMERA_3': []}",C_SILENT_OR_BACKCHANNEL,CAMERA_1,NONE,ok,PRESENT_X,CAMERA_1,S_INTRODUCES_FEATURE,CAMERA_1,price,This one costs $450.,PRESENT_X,CAMERA_1,15~19
388,5,CAMERA_3,"['CAMERA_1', 'CAMERA_3']","{'CAMERA_1': ['price'], 'CAMERA_2': [], 'CAMERA_3': []}",C_ANYTHING_ELSE_AVAILABLE,CAMERA_1,NONE,Do you have any other cameras under $300,PRESENT_X,CAMERA_1,S_INTRODUCES_CAMERA,CAMERA_3,,Let me show you this. Here we have the Fujifilm PowerShot ELPH S2800.,PRESENT_X,CAMERA_3,39~68
388,6,CAMERA_3,"['CAMERA_1', 'CAMERA_3']","{'CAMERA_1': ['price'], 'CAMERA_2': [], 'CAMERA_3': ['price']}",C_QUESTION_ABOUT_FEATURE,CAMERA_3,price,how much is this,PRESENT_X,CAMERA_3,S_ANSWERS_QUESTION_ABOUT_FEATURE,CAMERA_3,price,This one costs $518.,PRESENT_X,CAMERA_3,15~19
388,7,CAMERA_3,"['CAMERA_1', 'CAMERA_3']","{'CAMERA_1': ['price'], 'CAMERA_2': [], 'CAMERA_3': ['price', 'settings']}",C_SILENT_OR_BACKCHANNEL,CAMERA_3,NONE,ok,PRESENT_X,CAMERA_3,S_INTRODUCES_FEATURE,CAMERA_3,settings,"This one has manual control and various automatic settings (video modeburst shooting, etc.).",PRESENT_X,CAMERA_3,13~91
388,8,CAMERA_2,"['CAMERA_1', 'CAMERA_3', 'CAMERA_2']","{'CAMERA_1': ['price'], 'CAMERA_2': [], 'CAMERA_3': ['price', 'settings']}",C_ANYTHING_ELSE_AVAILABLE,CAMERA_3,NONE,do you have any other cameras that are in this kind,PRESENT_X,CAMERA_3,S_INTRODUCES_CAMERA,CAMERA_2,,Let me show you this. Here we have the Fujifilm Lumix ILC Camera.,PRESENT_X,CAMERA_2,39~64
388,9,CAMERA_2,"['CAMERA_1', 'CAMERA_3', 'CAMERA_2']","{'CAMERA_1': ['price'], 'CAMERA_2': ['settings'], 'CAMERA_3': ['price', 'settings']}",C_QUESTION_ABOUT_FEATURE,CAMERA_2,settings,great so can you please explain me more about this manual settings,PRESENT_X,CAMERA_2,S_ANSWERS_QUESTION_ABOUT_FEATURE,CAMERA_2,settings,"This one has manual control and various automatic settings (video modeburst shooting, etc.).",PRESENT_X,CAMERA_2,13~91
388,10,CAMERA_2,"['CAMERA_1', 'CAMERA_3', 'CAMERA_2']","{'CAMERA_1': ['price'], 'CAMERA_2': ['settings', 'weight'], 'CAMERA_3': ['price', 'settings']}",C_SILENT_OR_BACKCHANNEL,CAMERA_2,NONE,oh that's not bad,PRESENT_X,CAMERA_2,S_INTRODUCES_FEATURE,CAMERA_2,weight,This one weighs 820 grams.,PRESENT_X,CAMERA_2,16~25
388,11,CAMERA_2,"['CAMERA_1', 'CAMERA_3', 'CAMERA_2']","{'CAMERA_1': ['price'], 'CAMERA_2': ['settings', 'weight', 'long_exposure'], 'CAMERA_3': ['price', 'settings']}",C_QUESTION_ABOUT_FEATURE,CAMERA_2,long_exposure,what is the exposure like,PRESENT_X,CAMERA_2,S_ANSWERS_QUESTION_ABOUT_FEATURE,CAMERA_2,long_exposure,This one can take long exposures up to 60 minutes max with bulb mode.,PRESENT_X,CAMERA_2,39~68
388,12,CAMERA_2,"['CAMERA_1', 'CAMERA_3', 'CAMERA_2']","{'CAMERA_1': ['price'], 'CAMERA_2': ['settings', 'weight', 'long_exposure', 'sensor_size'], 'CAMERA_3': ['price', 'settings']}",C_QUESTION_ABOUT_FEATURE,CAMERA_2,sensor_size,and how big is it,PRESENT_X,CAMERA_2,S_ANSWERS_QUESTION_ABOUT_FEATURE,CAMERA_2,sensor_size,This one has a 1/2.33 inch sensor.,PRESENT_X,CAMERA_2,15~33
388,13,CAMERA_2,"['CAMERA_1', 'CAMERA_3', 'CAMERA_2']","{'CAMERA_1': ['price'], 'CAMERA_2': ['settings', 'weight', 'long_exposure', 'sensor_size', 'camera_type'], 'CAMERA_3': ['price', 'settings']}",C_SILENT_OR_BACKCHANNEL,CAMERA_2,NONE,I get,PRESENT_X,CAMERA_2,S_INTRODUCES_FEATURE,CAMERA_2,camera_type,This is a digital single lens mirrorless camera.,PRESENT_X,CAMERA_2,10~40
388,14,CAMERA_2,"['CAMERA_1', 'CAMERA_3', 'CAMERA_2']","{'CAMERA_1': ['price'], 'CAMERA_2': ['settings', 'weight', 'long_exposure', 'sensor_size', 'camera_type', 'optical_zoom'], 'CAMERA_3': ['price', 'settings']}",C_QUESTION_ABOUT_FEATURE,CAMERA_2,optical_zoom,What about the Zoom,PRESENT_X,CAMERA_2,S_ANSWERS_QUESTION_ABOUT_FEATURE,CAMERA_2,optical_zoom,This one has 21x optical zoom.,PRESENT_X,CAMERA_2,13~29
388,15,CAMERA_2,"['CAMERA_1', 'CAMERA_3', 'CAMERA_2']","{'CAMERA_1': ['price'], 'CAMERA_2': ['settings', 'weight', 'long_exposure', 'sensor_size', 'camera_type', 'optical_zoom', 'price'], 'CAMERA_3': ['price', 'settings']}",C_SILENT_OR_BACKCHANNEL,CAMERA_2,NONE,I say,PRESENT_X,CAMERA_2,S_INTRODUCES_FEATURE,CAMERA_2,price,This one costs $768.,PRESENT_X,CAMERA_2,15~19
388,16,CAMERA_2,"['CAMERA_1', 'CAMERA_3', 'CAMERA_2']","{'CAMERA_1': ['price'], 'CAMERA_2': ['settings', 'weight', 'long_exposure', 'sensor_size', 'camera_type', 'optical_zoom', 'price', 'preset_modes'], 'CAMERA_3': ['price', 'settings']}",C_QUESTION_ABOUT_FEATURE,CAMERA_2,preset_modes,Is this support preset mode,PRESENT_X,CAMERA_2,S_NOT_SURE,CAMERA_2,,I'm not really sure about that.,PRESENT_X,CAMERA_2,
388,17,NONE,"['CAMERA_1', 'CAMERA_3', 'CAMERA_2']","{'CAMERA_1': ['price'], 'CAMERA_2': ['settings', 'weight', 'long_exposure', 'sensor_size', 'camera_type', 'optical_zoom', 'price', 'preset_modes'], 'CAMERA_3': ['price', 'settings']}",C_THANK_YOU,CAMERA_2,NONE,thank you so much,PRESENT_X,CAMERA_2,S_THANK_YOU,CAMERA_2,NONE,thank you very much.,FACE_TO_FACE,NONE,
388,18,NONE,"['CAMERA_1', 'CAMERA_3', 'CAMERA_2']","{'CAMERA_1': ['price'], 'CAMERA_2': ['settings', 'weight', 'long_exposure', 'sensor_size', 'camera_type', 'optical_zoom', 'price', 'preset_modes'], 'CAMERA_3': ['price', 'settings']}",C_LEAVES,DOOR,NONE,,FACE_TO_FACE,NONE,S_RETURNS_TO_COUNTER,SERVICE_COUNTER,NONE,,WAITING,NONE,
389,1,NONE,[],"{'CAMERA_1': [], 'CAMERA_2': [], 'CAMERA_3': []}",C_ENTERS,DOOR,NONE,,WAITING,NONE,S_NONE,SERVICE_COUNTER,NONE,,WAITING,NONE,
389,2,NONE,[],"{'CAMERA_1': [], 'CAMERA_2': [], 'CAMERA_3': []}",C_GREETS,MIDDLE,NONE,hello,WAITING,NONE,S_GREETS,MIDDLE,NONE,can I help you?,FACE_TO_FACE,NONE,
389,3,CAMERA_3,['CAMERA_3'],"{'CAMERA_1': [], 'CAMERA_2': [], 'CAMERA_3': []}",C_LOOKING_FOR_A_CAMERA,MIDDLE,NONE,oh hi I'm looking for a new camera I just broke mine,FACE_TO_FACE,NONE,S_INTRODUCES_CAMERA,CAMERA_3,,Let me show you this. Here we have the Fujifilm PowerShot ELPH S2800.,PRESENT_X,CAMERA_3,39~68
389,4,CAMERA_3,['CAMERA_3'],"{'CAMERA_1': [], 'CAMERA_2': [], 'CAMERA_3': ['ISO']}",C_QUESTION_ABOUT_FEATURE,CAMERA_3,ISO,what is a ISO on a camera,PRESENT_X,CAMERA_3,S_ANSWERS_QUESTION_ABOUT_FEATURE,CAMERA_3,ISO,This one has up to 3200 ISO with little noise.,PRESENT_X,CAMERA_3,13~45
389,5,CAMERA_3,['CAMERA_3'],"{'CAMERA_1': [], 'CAMERA_2': [], 'CAMERA_3': ['ISO', 'preset_modes']}",C_QUESTION_ABOUT_FEATURE,CAMERA_3,preset_modes,cool any preset modes,PRESENT_X,CAMERA_3,S_ANSWERS_QUESTION_ABOUT_FEATURE,CAMERA_3,preset_modes,This one has various preset modes.,PRESENT_X,CAMERA_3,13~33
389,6,CAMERA_3,['CAMERA_3'],"{'CAMERA_1': [], 'CAMERA_2': [], 'CAMERA_3': ['ISO', 'preset_modes', 'autofocus_points']}",C_QUESTION_ABOUT_FEATURE,CAMERA_3,autofocus_points,and how many autofocus points does it have,PRESENT_X,CAMERA_3,S_ANSWERS_QUESTION_ABOUT_FEATURE,CAMERA_3,autofocus_points,This one has 214 autofocus points.,PRESENT_X,CAMERA_3,13~33
389,7,CAMERA_3,['CAMERA_3'],"{'CAMERA_1': [], 'CAMERA_2': [], 'CAMERA_3': ['ISO', 'preset_modes', 'autofocus_points', 'weight']}",C_QUESTION_ABOUT_FEATURE,CAMERA_3,weight,I say is it very heavy,PRESENT_X,CAMERA_3,S_ANSWERS_QUESTION_ABOUT_FEATURE,CAMERA_3,weight,This one weighs 820 grams.,PRESENT_X,CAMERA_3,16~25
389,8,CAMERA_3,['CAMERA_3'],"{'CAMERA_1': [], 'CAMERA_2': [], 'CAMERA_3': ['ISO', 'preset_modes', 'autofocus_points', 'weight', 'settings']}",C_SILENT_OR_BACKCHANNEL,CAMERA_3,NONE,ok,PRESENT_X,CAMERA_3,S_INTRODUCES_FEATURE,CAMERA_3,settings,"This one has manual control and various automatic settings (video modeburst shooting, etc.).",PRESENT_X,CAMERA_3,13~91
389,9,CAMERA_3,['CAMERA_3'],"{'CAMERA_1': [], 'CAMERA_2': [], 'CAMERA_3': ['ISO', 'preset_modes', 'autofocus_points', 'weight', 'settings', 'optical_zoom']}",C_QUESTION_ABOUT_FEATURE,CAMERA_3,optical_zoom,good good good and it has the optical zoom,PRESENT_X,CAMERA_3,S_NOT_SURE,CAMERA_3,,I'm not really sure about that.,PRESENT_X,CAMERA_3,
389,10,CAMERA_3,['CAMERA_3'],"{'CAMERA_1': [], 'CAMERA_2': [], 'CAMERA_3': ['ISO', 'preset_modes', 'autofocus_points', 'weight', 'settings', 'optical_zoom', 'camera_type']}",C_SILENT_OR_BACKCHANNEL,CAMERA_3,NONE,oh wow that seems quite high,PRESENT_X,CAMERA_3,S_INTRODUCES_FEATURE,CAMERA_3,camera_type,This is a point and shoot camera.,PRESENT_X,CAMERA_3,10~25
389,11,CAMERA_3,['CAMERA_3'],"{'CAMERA_1': [], 'CAMERA_2': [], 'CAMERA_3': ['ISO', 'preset_modes', 'autofocus_points', 'weight', 'settings', 'optical_zoom', 'camera_type', 'resolution']}",C_SILENT_OR_BACKCHANNEL,CAMERA_3,NONE,the result does look good,PRESENT_X,CAMERA_3,S_INTRODUCES_FEATURE,CAMERA_3,resolution,This one has 23.2 megapixels resolution.,PRESENT_X,CAMERA_3,13~28
389,12,CAMERA_3,['CAMERA_3'],"{'CAMERA_1': [], 'CAMERA_2': [], 'CAMERA_3': ['ISO', 'preset_modes', 'autofocus_points', 'weight', 'settings', 'optical_zoom', 'camera_type', 'resolution', 'price']}",C_SILENT_OR_BACKCHANNEL,CAMERA_3,NONE,nice,PRESENT_X,CAMERA_3,S_INTRODUCES_FEATURE,CAMERA_3,price,This one costs $518.,PRESENT_X,CAMERA_3,15~19
389,13,CAMERA_3,['CAMERA_3'],"{'CAMERA_1': [], 'CAMERA_2': [], 'CAMERA_3': ['ISO', 'preset_modes', 'autofocus_points', 'weight', 'settings', 'optical_zoom', 'camera_type', 'resolution', 'price', 'sensor_size']}",C_QUESTION_ABOUT_FEATURE,CAMERA_3,sensor_size,what is the sensor size,PRESENT_X,CAMERA_3,S_ANSWERS_QUESTION_ABOUT_FEATURE,CAMERA_3,sensor_size,This one has a full frame.,PRESENT_X,CAMERA_3,15~25
389,14,NONE,['CAMERA_3'],"{'CAMERA_1': [], 'CAMERA_2': [], 'CAMERA_3': ['ISO', 'preset_modes', 'autofocus_points', 'weight', 'settings', 'optical_zoom', 'camera_type', 'resolution', 'price', 'sensor_size']}",C_THANK_YOU,CAMERA_3,NONE,thank you,PRESENT_X,CAMERA_3,S_THANK_YOU,CAMERA_3,NONE,thank you very much.,FACE_TO_FACE,NONE,
389,15,NONE,['CAMERA_3'],"{'CAMERA_1': [], 'CAMERA_2': [], 'CAMERA_3': ['ISO', 'preset_modes', 'autofocus_points', 'weight', 'settings', 'optical_zoom', 'camera_type', 'resolution', 'price', 'sensor_size']}",C_LEAVES,DOOR,NONE,,FACE_TO_FACE,NONE,S_RETURNS_TO_COUNTER,SERVICE_COUNTER,NONE,,WAITING,NONE,
390,1,NONE,[],"{'CAMERA_1': [], 'CAMERA_2': [], 'CAMERA_3': []}",C_ENTERS,DOOR,NONE,,WAITING,NONE,S_NONE,SERVICE_COUNTER,NONE,,WAITING,NONE,
390,2,NONE,[],"{'CAMERA_1': [], 'CAMERA_2': [], 'CAMERA_3': []}",C_WALKS_TO_CAMERA,CAMERA_2,NONE,,WAITING,NONE,S_NONE,SERVICE_COUNTER,NONE,,WAITING,NONE,
390,3,CAMERA_2,['CAMERA_2'],"{'CAMERA_1': [], 'CAMERA_2': ['ISO'], 'CAMERA_3': []}",C_QUESTION_ABOUT_FEATURE,CAMERA_2,ISO,How about the ISO range of this camera,WAITING,NONE,S_NOT_SURE,CAMERA_2,,I'm not really sure about that.,PRESENT_X,CAMERA_2,
390,4,CAMERA_2,['CAMERA_2'],"{'CAMERA_1': [], 'CAMERA_2': ['ISO', 'sensor_size'], 'CAMERA_3': []}",C_SILENT_OR_BACKCHANNEL,CAMERA_2,NONE,ok is this camera really nice,PRESENT_X,CAMERA_2,S_INTRODUCES_FEATURE,CAMERA_2,sensor_size,This one has a 1/2.33 inch sensor.,PRESENT_X,CAMERA_2,15~33
390,5,NONE,['CAMERA_2'],"{'CAMERA_1': [], 'CAMERA_2': ['ISO', 'sensor_size'], 'CAMERA_3': []}",C_THANK_YOU,CAMERA_2,NONE,thank you,PRESENT_X,CAMERA_2,S_THANK_YOU,CAMERA_2,NONE,thank you very much.,FACE_TO_FACE,NONE,
390,6,NONE,['CAMERA_2'],"{'CAMERA_1': [], 'CAMERA_2': ['ISO', 'sensor_size'], 'CAMERA_3': []}",C_LEAVES,DOOR,NONE,,FACE_TO_FACE,NONE,S_RETURNS_TO_COUNTER,SERVICE_COUNTER,NONE,,WAITING,NONE,
391,1,NONE,[],"{'CAMERA_1': [], 'CAMERA_2': [], 'CAMERA_3': []}",C_ENTERS,DOOR,NONE,,WAITING,NONE,S_NONE,SERVICE_COUNTER,NONE,,WAITING,NONE,
391,2,NONE,[],"{'CAMERA_1': [], 'CAMERA_2': [], 'CAMERA_3': []}",C_WALKS_TO_CAMERA,CAMERA_3,NONE,,WAITING,NONE,S_GREETS,CAMERA_3,NONE,can I help you?,FACE_TO_FACE,NONE,
391,3,CAMERA_2,['CAMERA_2'],"{'CAMERA_1': [], 'CAMERA_2': [], 'CAMERA_3': []}",C_LOOKING_FOR_A_CAMERA,CAMERA_3,NONE,I am just looking for a mid-range camera,FACE_TO_FACE,NONE,S_INTRODUCES_CAMERA,CAMERA_2,,Let me show you this. Here we have the Fujifilm Lumix ILC Camera.,PRESENT_X,CAMERA_2,39~64
391,4,CAMERA_2,['CAMERA_2'],"{'CAMERA_1': [], 'CAMERA_2': ['ISO'], 'CAMERA_3': []}",C_QUESTION_ABOUT_FEATURE,CAMERA_2,ISO,I said what's the ISO on this one,PRESENT_X,CAMERA_2,S_NOT_SURE,CAMERA_2,,I'm not really sure about that.,PRESENT_X,CAMERA_2,
391,5,CAMERA_2,['CAMERA_2'],"{'CAMERA_1': [], 'CAMERA_2': ['ISO', 'camera_type'], 'CAMERA_3': []}",C_QUESTION_ABOUT_FEATURE,CAMERA_2,camera_type,is this a DSLR camera,PRESENT_X,CAMERA_2,S_ANSWERS_QUESTION_ABOUT_FEATURE,CAMERA_2,camera_type,This is a digital single lens mirrorless camera.,PRESENT_X,CAMERA_2,10~40
391,6,CAMERA_2,['CAMERA_2'],"{'CAMERA_1': [], 'CAMERA_2': ['ISO', 'camera_type', 'settings'], 'CAMERA_3': []}",C_QUESTION_ABOUT_FEATURE,CAMERA_2,settings,what manual settings can I control,PRESENT_X,CAMERA_2,S_ANSWERS_QUESTION_ABOUT_FEATURE,CAMERA_2,settings,"This one has manual control and various automatic settings (video modeburst shooting, etc.).",PRESENT_X,CAMERA_2,13~91
391,7,NONE,['CAMERA_2'],"{'CAMERA_1': [], 'CAMERA_2': ['ISO', 'camera_type', 'settings'], 'CAMERA_3': []}",C_THANK_YOU,CAMERA_2,NONE,well thank you very much,PRESENT_X,CAMERA_2,S_THANK_YOU,CAMERA_2,NONE,thank you very much.,FACE_TO_FACE,NONE,
391,8,NONE,['CAMERA_2'],"{'CAMERA_1': [], 'CAMERA_2': ['ISO', 'camera_type', 'settings'], 'CAMERA_3': []}",C_LEAVES,DOOR,NONE,,FACE_TO_FACE,NONE,S_RETURNS_TO_COUNTER,SERVICE_COUNTER,NONE,,WAITING,NONE,
392,1,NONE,[],"{'CAMERA_1': [], 'CAMERA_2': [], 'CAMERA_3': []}",C_ENTERS,DOOR,NONE,,WAITING,NONE,S_NONE,SERVICE_COUNTER,NONE,,WAITING,NONE,
392,2,NONE,[],"{'CAMERA_1': [], 'CAMERA_2': [], 'CAMERA_3': []}",C_WALKS_TO_CAMERA,CAMERA_2,NONE,,WAITING,NONE,S_GREETS,CAMERA_2,NONE,can I help you?,FACE_TO_FACE,NONE,
392,3,CAMERA_2,['CAMERA_2'],"{'CAMERA_1': [], 'CAMERA_2': [], 'CAMERA_3': []}",C_LOOKING_FOR_A_CAMERA,CAMERA_2,NONE,I'm looking for a camera,FACE_TO_FACE,NONE,S_INTRODUCES_CAMERA,CAMERA_2,,Let me show you this. Here we have the Fujifilm Lumix ILC Camera.,PRESENT_X,CAMERA_2,39~64
392,4,CAMERA_2,['CAMERA_2'],"{'CAMERA_1': [], 'CAMERA_2': ['settings'], 'CAMERA_3': []}",C_QUESTION_ABOUT_FEATURE,CAMERA_2,settings,I mainly shoot in manual mode is that capable,PRESENT_X,CAMERA_2,S_ANSWERS_QUESTION_ABOUT_FEATURE,CAMERA_2,settings,"This one has manual control and various automatic settings (video modeburst shooting, etc.).",PRESENT_X,CAMERA_2,13~91
392,5,CAMERA_2,['CAMERA_2'],"{'CAMERA_1': [], 'CAMERA_2': ['settings', 'optical_zoom'], 'CAMERA_3': []}",C_QUESTION_ABOUT_FEATURE,CAMERA_2,optical_zoom,how's the zoom on it,PRESENT_X,CAMERA_2,S_ANSWERS_QUESTION_ABOUT_FEATURE,CAMERA_2,optical_zoom,This one has 21x optical zoom.,PRESENT_X,CAMERA_2,13~29
392,6,CAMERA_2,['CAMERA_2'],"{'CAMERA_1': [], 'CAMERA_2': ['settings', 'optical_zoom', 'ISO'], 'CAMERA_3': []}",C_QUESTION_ABOUT_FEATURE,CAMERA_2,ISO,how is the ISO performance,PRESENT_X,CAMERA_2,S_NOT_SURE,CAMERA_2,,I'm not really sure about that.,PRESENT_X,CAMERA_2,
392,7,CAMERA_2,['CAMERA_2'],"{'CAMERA_1': [], 'CAMERA_2': ['settings', 'optical_zoom', 'ISO', 'autofocus_points'], 'CAMERA_3': []}",C_QUESTION_ABOUT_FEATURE,CAMERA_2,autofocus_points,how about the number of autofocus points it has,PRESENT_X,CAMERA_2,S_NOT_SURE,CAMERA_2,,I'm not really sure about that.,PRESENT_X,CAMERA_2,
392,8,NONE,['CAMERA_2'],"{'CAMERA_1': [], 'CAMERA_2': ['settings', 'optical_zoom', 'ISO', 'autofocus_points'], 'CAMERA_3': []}",C_THANK_YOU,CAMERA_2,NONE,thank you,PRESENT_X,CAMERA_2,S_THANK_YOU,CAMERA_2,NONE,thank you very much.,FACE_TO_FACE,NONE,
392,9,NONE,['CAMERA_2'],"{'CAMERA_1': [], 'CAMERA_2': ['settings', 'optical_zoom', 'ISO', 'autofocus_points'], 'CAMERA_3': []}",C_LEAVES,DOOR,NONE,,FACE_TO_FACE,NONE,S_RETURNS_TO_COUNTER,SERVICE_COUNTER,NONE,,WAITING,NONE,
393,1,NONE,[],"{'CAMERA_1': [], 'CAMERA_2': [], 'CAMERA_3': []}",C_ENTERS,DOOR,NONE,,WAITING,NONE,S_NONE,SERVICE_COUNTER,NONE,,WAITING,NONE,
393,2,NONE,[],"{'CAMERA_1': [], 'CAMERA_2': [], 'CAMERA_3': []}",C_GREETS,MIDDLE,NONE,hello,WAITING,NONE,S_GREETS,MIDDLE,NONE,can I help you?,FACE_TO_FACE,NONE,
393,3,CAMERA_1,['CAMERA_1'],"{'CAMERA_1': [], 'CAMERA_2': [], 'CAMERA_3': []}",C_LOOKING_FOR_A_CAMERA,MIDDLE,NONE,I want to look at the new cameras that you have,FACE_TO_FACE,NONE,S_INTRODUCES_CAMERA,CAMERA_1,,Let me show you this. Here we have the Sony PowerShot ELPH DMC-ZS3.,PRESENT_X,CAMERA_1,39~66
393,4,CAMERA_1,['CAMERA_1'],"{'CAMERA_1': ['sensor_size'], 'CAMERA_2': [], 'CAMERA_3': []}",C_SILENT_OR_BACKCHANNEL,CAMERA_1,NONE,looks pretty good,PRESENT_X,CAMERA_1,S_INTRODUCES_FEATURE,CAMERA_1,sensor_size,This one has a 1/2.3 inch CMOS sensor.,PRESENT_X,CAMERA_1,15~37
393,5,NONE,['CAMERA_1'],"{'CAMERA_1': ['sensor_size'], 'CAMERA_2': [], 'CAMERA_3': []}",C_THANK_YOU,CAMERA_1,NONE,let me think about it I'll get back to you okay,PRESENT_X,CAMERA_1,S_THANK_YOU,CAMERA_1,NONE,thank you very much.,FACE_TO_FACE,NONE,
393,6,NONE,['CAMERA_1'],"{'CAMERA_1': ['sensor_size'], 'CAMERA_2': [], 'CAMERA_3': []}",C_LEAVES,DOOR,NONE,,FACE_TO_FACE,NONE,S_RETURNS_TO_COUNTER,SERVICE_COUNTER,NONE,,WAITING,NONE,
394,1,NONE,[],"{'CAMERA_1': [], 'CAMERA_2': [], 'CAMERA_3': []}",C_ENTERS,DOOR,NONE,,WAITING,NONE,S_NONE,SERVICE_COUNTER,NONE,,WAITING,NONE,
394,2,NONE,[],"{'CAMERA_1': [], 'CAMERA_2': [], 'CAMERA_3': []}",C_WALKS_TO_CAMERA,CAMERA_1,NONE,,WAITING,NONE,S_NONE,SERVICE_COUNTER,NONE,,WAITING,NONE,
394,3,NONE,[],"{'CAMERA_1': [], 'CAMERA_2': [], 'CAMERA_3': []}",C_EXAMINES_CAMERA,CAMERA_1,NONE,,WAITING,NONE,S_NONE,SERVICE_COUNTER,NONE,,WAITING,NONE,
394,4,NONE,[],"{'CAMERA_1': [], 'CAMERA_2': [], 'CAMERA_3': []}",C_EXAMINES_CAMERA,CAMERA_1,NONE,,WAITING,NONE,S_NONE,SERVICE_COUNTER,NONE,,WAITING,NONE,
394,5,NONE,[],"{'CAMERA_1': [], 'CAMERA_2': [], 'CAMERA_3': []}",C_WALKS_TO_CAMERA,CAMERA_3,NONE,,WAITING,NONE,S_GREETS,CAMERA_3,NONE,can I help you?,FACE_TO_FACE,NONE,
394,6,CAMERA_1,['CAMERA_1'],"{'CAMERA_1': [], 'CAMERA_2': [], 'CAMERA_3': []}",C_LOOKING_FOR_A_CAMERA,CAMERA_3,NONE,I'm looking to upgrade my old camera for one with a higher ISO,FACE_TO_FACE,NONE,S_INTRODUCES_CAMERA,CAMERA_1,,Let me show you this. Here we have the Sony PowerShot ELPH DMC-ZS3.,PRESENT_X,CAMERA_1,39~66
394,7,CAMERA_1,['CAMERA_1'],"{'CAMERA_1': ['resolution'], 'CAMERA_2': [], 'CAMERA_3': []}",C_QUESTION_ABOUT_FEATURE,CAMERA_1,resolution,in how many megapixels is this one,PRESENT_X,CAMERA_1,S_ANSWERS_QUESTION_ABOUT_FEATURE,CAMERA_1,resolution,This one has 17.8 megapixels resolution.,PRESENT_X,CAMERA_1,13~28
394,8,CAMERA_1,['CAMERA_1'],"{'CAMERA_1': ['resolution', 'weight'], 'CAMERA_2': [], 'CAMERA_3': []}",C_SILENT_OR_BACKCHANNEL,CAMERA_1,NONE,yeah,PRESENT_X,CAMERA_1,S_INTRODUCES_FEATURE,CAMERA_1,weight,This one weighs 800 grams.,PRESENT_X,CAMERA_1,16~25
394,9,CAMERA_1,['CAMERA_1'],"{'CAMERA_1': ['resolution', 'weight', 'long_exposure'], 'CAMERA_2': [], 'CAMERA_3': []}",C_QUESTION_ABOUT_FEATURE,CAMERA_1,long_exposure,is the exposure over 20 seconds,PRESENT_X,CAMERA_1,S_ANSWERS_QUESTION_ABOUT_FEATURE,CAMERA_1,long_exposure,This one can take long exposures up to up to 15 seconds with Long Shutter Mode.,PRESENT_X,CAMERA_1,39~78
394,10,CAMERA_1,['CAMERA_1'],"{'CAMERA_1': ['resolution', 'weight', 'long_exposure', 'sensor_size'], 'CAMERA_2': [], 'CAMERA_3': []}",C_QUESTION_ABOUT_FEATURE,CAMERA_1,sensor_size,and what's the sensor size on this phone,PRESENT_X,CAMERA_1,S_ANSWERS_QUESTION_ABOUT_FEATURE,CAMERA_1,sensor_size,This one has a 1/2.3 inch CMOS sensor.,PRESENT_X,CAMERA_1,15~37
394,11,CAMERA_3,"['CAMERA_1', 'CAMERA_3']","{'CAMERA_1': ['resolution', 'weight', 'long_exposure', 'sensor_size'], 'CAMERA_2': [], 'CAMERA_3': []}",C_ANYTHING_ELSE_AVAILABLE,CAMERA_1,NONE,So this is the only model you have in your shop,PRESENT_X,CAMERA_1,S_INTRODUCES_CAMERA,CAMERA_3,,Let me show you this. Here we have the Fujifilm PowerShot ELPH S2800.,PRESENT_X,CAMERA_3,39~68
394,12,CAMERA_3,"['CAMERA_1', 'CAMERA_3']","{'CAMERA_1': ['resolution', 'weight', 'long_exposure', 'sensor_size'], 'CAMERA_2': [], 'CAMERA_3': ['weight']}",C_SILENT_OR_BACKCHANNEL,CAMERA_3,NONE,that's great,PRESENT_X,CAMERA_3,S_INTRODUCES_FEATURE,CAMERA_3,weight,This one weighs 820 grams.,PRESENT_X,CAMERA_3,16~25
394,13,CAMERA_3,"['CAMERA_1', 'CAMERA_3']","{'CAMERA_1': ['resolution', 'weight', 'long_exposure', 'sensor_size'], 'CAMERA_2': [], 'CAMERA_3': ['weight', 'preset_modes']}",C_QUESTION_ABOUT_FEATURE,CAMERA_3,preset_modes,is it equipped with any preset modes,PRESENT_X,CAMERA_3,S_ANSWERS_QUESTION_ABOUT_FEATURE,CAMERA_3,preset_modes,This one has various preset modes.,PRESENT_X,CAMERA_3,13~33
394,14,CAMERA_3,"['CAMERA_1', 'CAMERA_3']","{'CAMERA_1': ['resolution', 'weight', 'long_exposure', 'sensor_size'], 'CAMERA_2': [], 'CAMERA_3': ['weight', 'preset_modes', 'resolution']}",C_QUESTION_ABOUT_FEATURE,CAMERA_3,resolution,how many megapixels,PRESENT_X,CAMERA_3,S_ANSWERS_QUESTION_ABOUT_FEATURE,CAMERA_3,resolution,This one has 23.2 megapixels resolution.,PRESENT_X,CAMERA_3,13~28
394,15,NONE,"['CAMERA_1', 'CAMERA_3']","{'CAMERA_1': ['resolution', 'weight', 'long_exposure', 'sensor_size'], 'CAMERA_2': [], 'CAMERA_3': ['weight', 'preset_modes', 'resolution']}",C_THANK_YOU,CAMERA_3,NONE,thank you,PRESENT_X,CAMERA_3,S_THANK_YOU,CAMERA_3,NONE,thank you very much.,FACE_TO_FACE,NONE,
394,16,NONE,"['CAMERA_1', 'CAMERA_3']","{'CAMERA_1': ['resolution', 'weight', 'long_exposure', 'sensor_size'], 'CAMERA_2': [], 'CAMERA_3': ['weight', 'preset_modes', 'resolution']}",C_LEAVES,DOOR,NONE,,FACE_TO_FACE,NONE,S_RETURNS_TO_COUNTER,SERVICE_COUNTER,NONE,,WAITING,NONE,
395,1,NONE,[],"{'CAMERA_1': [], 'CAMERA_2': [], 'CAMERA_3': []}",C_ENTERS,DOOR,NONE,,WAITING,NONE,S_NONE,SERVICE_COUNTER,NONE,,WAITING,NONE,
395,2,NONE,[],"{'CAMERA_1': [], 'CAMERA_2': [], 'CAMERA_3': []}",C_GREETS,MIDDLE,NONE,hello good morning,WAITING,NONE,S_GREETS,MIDDLE,NONE,can I help you?,FACE_TO_FACE,NONE,
395,3,CAMERA_2,['CAMERA_2'],"{'CAMERA_1': [], 'CAMERA_2': [], 'CAMERA_3': []}",C_LOOKING_FOR_A_CAMERA,MIDDLE,NONE,I guess I'm just looking for a new camera,FACE_TO_FACE,NONE,S_INTRODUCES_CAMERA,CAMERA_2,,Let me show you this. Here we have the Fujifilm Lumix ILC Camera.,PRESENT_X,CAMERA_2,39~64
395,4,CAMERA_2,['CAMERA_2'],"{'CAMERA_1': [], 'CAMERA_2': ['resolution'], 'CAMERA_3': []}",C_QUESTION_ABOUT_FEATURE,CAMERA_2,resolution,and how many megapixels does it have,PRESENT_X,CAMERA_2,S_ANSWERS_QUESTION_ABOUT_FEATURE,CAMERA_2,resolution,This one has 23.8 megapixels resolution.,PRESENT_X,CAMERA_2,13~28
395,5,CAMERA_2,['CAMERA_2'],"{'CAMERA_1': [], 'CAMERA_2': ['resolution', 'effects'], 'CAMERA_3': []}",C_SILENT_OR_BACKCHANNEL,CAMERA_2,NONE,IC,PRESENT_X,CAMERA_2,S_INTRODUCES_FEATURE,CAMERA_2,effects,"This one has 24 artistic effect modes (retro, lighter or darker skin tones, sepia, etc.).",PRESENT_X,CAMERA_2,13~88
395,6,CAMERA_2,['CAMERA_2'],"{'CAMERA_1': [], 'CAMERA_2': ['resolution', 'effects', 'sensor_size'], 'CAMERA_3': []}",C_QUESTION_ABOUT_FEATURE,CAMERA_2,sensor_size,and what about the census is,PRESENT_X,CAMERA_2,S_ANSWERS_QUESTION_ABOUT_FEATURE,CAMERA_2,sensor_size,This one has a 1/2.33 inch sensor.,PRESENT_X,CAMERA_2,15~33
395,7,NONE,['CAMERA_2'],"{'CAMERA_1': [], 'CAMERA_2': ['resolution', 'effects', 'sensor_size'], 'CAMERA_3': []}",C_THANK_YOU,CAMERA_2,NONE,okay thanks a lot,PRESENT_X,CAMERA_2,S_THANK_YOU,CAMERA_2,NONE,thank you very much.,FACE_TO_FACE,NONE,
395,8,NONE,['CAMERA_2'],"{'CAMERA_1': [], 'CAMERA_2': ['resolution', 'effects', 'sensor_size'], 'CAMERA_3': []}",C_LEAVES,DOOR,NONE,,FACE_TO_FACE,NONE,S_RETURNS_TO_COUNTER,SERVICE_COUNTER,NONE,,WAITING,NONE,
396,1,NONE,[],"{'CAMERA_1': [], 'CAMERA_2': [], 'CAMERA_3': []}",C_ENTERS,DOOR,NONE,,WAITING,NONE,S_NONE,SERVICE_COUNTER,NONE,,WAITING,NONE,
396,2,NONE,[],"{'CAMERA_1': [], 'CAMERA_2': [], 'CAMERA_3': []}",C_WALKS_TO_CAMERA,CAMERA_1,NONE,,WAITING,NONE,S_GREETS,CAMERA_1,NONE,can I help you?,FACE_TO_FACE,NONE,
396,3,CAMERA_3,['CAMERA_3'],"{'CAMERA_1': [], 'CAMERA_2': [], 'CAMERA_3': []}",C_LOOKING_FOR_A_CAMERA,CAMERA_1,NONE,I'm looking for a point and shoot camera,FACE_TO_FACE,NONE,S_INTRODUCES_CAMERA,CAMERA_3,,Let me show you this. Here we have the Fujifilm PowerShot ELPH S2800.,PRESENT_X,CAMERA_3,39~68
396,4,CAMERA_3,['CAMERA_3'],"{'CAMERA_1': [], 'CAMERA_2': [], 'CAMERA_3': ['camera_type']}",C_QUESTION_ABOUT_FEATURE,CAMERA_3,camera_type,is this a DSLR camera,PRESENT_X,CAMERA_3,S_ANSWERS_QUESTION_ABOUT_FEATURE,CAMERA_3,camera_type,This is a point and shoot camera.,PRESENT_X,CAMERA_3,10~25
396,5,CAMERA_3,['CAMERA_3'],"{'CAMERA_1': [], 'CAMERA_2': [], 'CAMERA_3': ['camera_type', 'preset_modes']}",C_QUESTION_ABOUT_FEATURE,CAMERA_3,preset_modes,does it have any preset modes,PRESENT_X,CAMERA_3,S_ANSWERS_QUESTION_ABOUT_FEATURE,CAMERA_3,preset_modes,This one has various preset modes.,PRESENT_X,CAMERA_3,13~33
396,6,CAMERA_1,"['CAMERA_3', 'CAMERA_1']","{'CAMERA_1': [], 'CAMERA_2': [], 'CAMERA_3': ['camera_type', 'preset_modes']}",C_ANYTHING_ELSE_AVAILABLE,CAMERA_3,NONE,So this is the only model you have in your shop,PRESENT_X,CAMERA_3,S_INTRODUCES_CAMERA,CAMERA_1,,Let me show you this. Here we have the Sony PowerShot ELPH DMC-ZS3.,PRESENT_X,CAMERA_1,39~66
396,7,CAMERA_1,"['CAMERA_3', 'CAMERA_1']","{'CAMERA_1': ['color'], 'CAMERA_2': [], 'CAMERA_3': ['camera_type', 'preset_modes']}",C_SILENT_OR_BACKCHANNEL,CAMERA_1,NONE,IC,PRESENT_X,CAMERA_1,S_INTRODUCES_FEATURE,CAMERA_1,color,This one comes in blue or black.,PRESENT_X,CAMERA_1,18~31
396,8,CAMERA_1,"['CAMERA_3', 'CAMERA_1']","{'CAMERA_1': ['color', 'price'], 'CAMERA_2': [], 'CAMERA_3': ['camera_type', 'preset_modes']}",C_QUESTION_ABOUT_FEATURE,CAMERA_1,price,how much is this camera,PRESENT_X,CAMERA_1,S_ANSWERS_QUESTION_ABOUT_FEATURE,CAMERA_1,price,This one costs $450.,PRESENT_X,CAMERA_1,15~19
396,9,CAMERA_1,"['CAMERA_3', 'CAMERA_1']","{'CAMERA_1': ['color', 'price', 'long_exposure'], 'CAMERA_2': [], 'CAMERA_3': ['camera_type', 'preset_modes']}",C_QUESTION_ABOUT_FEATURE,CAMERA_1,long_exposure,that's great and has a long exposure might as well,PRESENT_X,CAMERA_1,S_ANSWERS_QUESTION_ABOUT_FEATURE,CAMERA_1,long_exposure,This one can take long exposures up to up to 15 seconds with Long Shutter Mode.,PRESENT_X,CAMERA_1,39~78
396,10,CAMERA_1,"['CAMERA_3', 'CAMERA_1']","{'CAMERA_1': ['color', 'price', 'long_exposure', 'ISO'], 'CAMERA_2': [], 'CAMERA_3': ['camera_type', 'preset_modes']}",C_QUESTION_ABOUT_FEATURE,CAMERA_1,ISO,a and ISO,PRESENT_X,CAMERA_1,S_ANSWERS_QUESTION_ABOUT_FEATURE,CAMERA_1,ISO,This one has up to 51200 ISO.,PRESENT_X,CAMERA_1,13~28
396,11,CAMERA_1,"['CAMERA_3', 'CAMERA_1']","{'CAMERA_1': ['color', 'price', 'long_exposure', 'ISO', 'weight'], 'CAMERA_2': [], 'CAMERA_3': ['camera_type', 'preset_modes']}",C_QUESTION_ABOUT_FEATURE,CAMERA_1,weight,what about its weight,PRESENT_X,CAMERA_1,S_ANSWERS_QUESTION_ABOUT_FEATURE,CAMERA_1,weight,This one weighs 800 grams.,PRESENT_X,CAMERA_1,16~25
396,12,NONE,"['CAMERA_3', 'CAMERA_1']","{'CAMERA_1': ['color', 'price', 'long_exposure', 'ISO', 'weight'], 'CAMERA_2': [], 'CAMERA_3': ['camera_type', 'preset_modes']}",C_THANK_YOU,CAMERA_1,NONE,alright thank you,PRESENT_X,CAMERA_1,S_THANK_YOU,CAMERA_1,NONE,thank you very much.,FACE_TO_FACE,NONE,
396,13,NONE,"['CAMERA_3', 'CAMERA_1']","{'CAMERA_1': ['color', 'price', 'long_exposure', 'ISO', 'weight'], 'CAMERA_2': [], 'CAMERA_3': ['camera_type', 'preset_modes']}",C_LEAVES,DOOR,NONE,,FACE_TO_FACE,NONE,S_RETURNS_TO_COUNTER,SERVICE_COUNTER,NONE,,WAITING,NONE,
397,1,NONE,[],"{'CAMERA_1': [], 'CAMERA_2': [], 'CAMERA_3': []}",C_ENTERS,DOOR,NONE,,WAITING,NONE,S_NONE,SERVICE_COUNTER,NONE,,WAITING,NONE,
397,2,NONE,[],"{'CAMERA_1': [], 'CAMERA_2': [], 'CAMERA_3': []}",C_GREETS,MIDDLE,NONE,kiss me,WAITING,NONE,S_GREETS,MIDDLE,NONE,can I help you?,FACE_TO_FACE,NONE,
397,3,CAMERA_3,['CAMERA_3'],"{'CAMERA_1': [], 'CAMERA_2': [], 'CAMERA_3': []}",C_LOOKING_FOR_A_CAMERA,MIDDLE,NONE,yeah actually I did but I am looking for a better one,FACE_TO_FACE,NONE,S_INTRODUCES_CAMERA,CAMERA_3,,Let me show you this. Here we have the Fujifilm PowerShot ELPH S2800.,PRESENT_X,CAMERA_3,39~68
397,4,CAMERA_3,['CAMERA_3'],"{'CAMERA_1': [], 'CAMERA_2': [], 'CAMERA_3': ['autofocus_points']}",C_SILENT_OR_BACKCHANNEL,CAMERA_3,NONE,sounds good,PRESENT_X,CAMERA_3,S_INTRODUCES_FEATURE,CAMERA_3,autofocus_points,This one has 214 autofocus points.,PRESENT_X,CAMERA_3,13~33
397,5,CAMERA_3,['CAMERA_3'],"{'CAMERA_1': [], 'CAMERA_2': [], 'CAMERA_3': ['autofocus_points', 'sensor_size']}",C_QUESTION_ABOUT_FEATURE,CAMERA_3,sensor_size,and what's the sensor size on this phone,PRESENT_X,CAMERA_3,S_ANSWERS_QUESTION_ABOUT_FEATURE,CAMERA_3,sensor_size,This one has a full frame.,PRESENT_X,CAMERA_3,15~25
397,6,CAMERA_3,['CAMERA_3'],"{'CAMERA_1': [], 'CAMERA_2': [], 'CAMERA_3': ['autofocus_points', 'sensor_size', 'optical_zoom']}",C_QUESTION_ABOUT_FEATURE,CAMERA_3,optical_zoom,how much does a bowl to zoom,PRESENT_X,CAMERA_3,S_NOT_SURE,CAMERA_3,,I'm not really sure about that.,PRESENT_X,CAMERA_3,
397,7,CAMERA_3,['CAMERA_3'],"{'CAMERA_1': [], 'CAMERA_2': [], 'CAMERA_3': ['autofocus_points', 'sensor_size', 'optical_zoom', 'camera_type']}",C_QUESTION_ABOUT_FEATURE,CAMERA_3,camera_type,Is this a mirrorless camera?,PRESENT_X,CAMERA_3,S_ANSWERS_QUESTION_ABOUT_FEATURE,CAMERA_3,camera_type,This is a point and shoot camera.,PRESENT_X,CAMERA_3,10~25
397,8,CAMERA_3,['CAMERA_3'],"{'CAMERA_1': [], 'CAMERA_2': [], 'CAMERA_3': ['autofocus_points', 'sensor_size', 'optical_zoom', 'camera_type', 'effects']}",C_SILENT_OR_BACKCHANNEL,CAMERA_3,NONE,ok let me see,PRESENT_X,CAMERA_3,S_INTRODUCES_FEATURE,CAMERA_3,effects,"This one has 21 photo effects (small face, retro, big eyes, etc.).",PRESENT_X,CAMERA_3,13~65
397,9,CAMERA_3,['CAMERA_3'],"{'CAMERA_1': [], 'CAMERA_2': [], 'CAMERA_3': ['autofocus_points', 'sensor_size', 'optical_zoom', 'camera_type', 'effects', 'weight']}",C_QUESTION_ABOUT_FEATURE,CAMERA_3,weight,now this looks pretty small,PRESENT_X,CAMERA_3,S_ANSWERS_QUESTION_ABOUT_FEATURE,CAMERA_3,weight,This one weighs 820 grams.,PRESENT_X,CAMERA_3,16~25
397,10,NONE,['CAMERA_3'],"{'CAMERA_1': [], 'CAMERA_2': [], 'CAMERA_3': ['autofocus_points', 'sensor_size', 'optical_zoom', 'camera_type', 'effects', 'weight']}",C_THANK_YOU,CAMERA_3,NONE,thanks,PRESENT_X,CAMERA_3,S_THANK_YOU,CAMERA_3,NONE,thank you very much.,FACE_TO_FACE,NONE,
397,11,NONE,['CAMERA_3'],"{'CAMERA_1': [], 'CAMERA_2': [], 'CAMERA_3': ['autofocus_points', 'sensor_size', 'optical_zoom', 'camera_type', 'effects', 'weight']}",C_LEAVES,DOOR,NONE,,FACE_TO_FACE,NONE,S_RETURNS_TO_COUNTER,SERVICE_COUNTER,NONE,,WAITING,NONE,
398,1,NONE,[],"{'CAMERA_1': [], 'CAMERA_2': [], 'CAMERA_3': []}",C_ENTERS,DOOR,NONE,,WAITING,NONE,S_NONE,SERVICE_COUNTER,NONE,,WAITING,NONE,
398,2,NONE,[],"{'CAMERA_1': [], 'CAMERA_2': [], 'CAMERA_3': []}",C_WALKS_TO_CAMERA,CAMERA_2,NONE,,WAITING,NONE,S_GREETS,CAMERA_2,NONE,can I help you?,FACE_TO_FACE,NONE,
398,3,CAMERA_2,['CAMERA_2'],"{'CAMERA_1': [], 'CAMERA_2': [], 'CAMERA_3': []}",C_LOOKING_FOR_A_CAMERA,CAMERA_2,NONE,could you recommend me a good camera,FACE_TO_FACE,NONE,S_INTRODUCES_CAMERA,CAMERA_2,,Let me show you this. Here we have the Fujifilm Lumix ILC Camera.,PRESENT_X,CAMERA_2,39~64
398,4,CAMERA_2,['CAMERA_2'],"{'CAMERA_1': [], 'CAMERA_2': ['resolution'], 'CAMERA_3': []}",C_QUESTION_ABOUT_FEATURE,CAMERA_2,resolution,powerful is it how many megapixels can it shoot,PRESENT_X,CAMERA_2,S_ANSWERS_QUESTION_ABOUT_FEATURE,CAMERA_2,resolution,This one has 23.8 megapixels resolution.,PRESENT_X,CAMERA_2,13~28
398,5,CAMERA_2,['CAMERA_2'],"{'CAMERA_1': [], 'CAMERA_2': ['resolution', 'ISO'], 'CAMERA_3': []}",C_QUESTION_ABOUT_FEATURE,CAMERA_2,ISO,how about the ISO something,PRESENT_X,CAMERA_2,S_NOT_SURE,CAMERA_2,,I'm not really sure about that.,PRESENT_X,CAMERA_2,
398,6,CAMERA_2,['CAMERA_2'],"{'CAMERA_1': [], 'CAMERA_2': ['resolution', 'ISO', 'optical_zoom'], 'CAMERA_3': []}",C_QUESTION_ABOUT_FEATURE,CAMERA_2,optical_zoom,how far does the zoom on this one go,PRESENT_X,CAMERA_2,S_ANSWERS_QUESTION_ABOUT_FEATURE,CAMERA_2,optical_zoom,This one has 21x optical zoom.,PRESENT_X,CAMERA_2,13~29
398,7,NONE,['CAMERA_2'],"{'CAMERA_1': [], 'CAMERA_2': ['resolution', 'ISO', 'optical_zoom'], 'CAMERA_3': []}",C_THANK_YOU,CAMERA_2,NONE,thank you very much I really appreciate your help have a great day,PRESENT_X,CAMERA_2,S_THANK_YOU,CAMERA_2,NONE,thank you very much.,FACE_TO_FACE,NONE,
398,8,NONE,['CAMERA_2'],"{'CAMERA_1': [], 'CAMERA_2': ['resolution', 'ISO', 'optical_zoom'], 'CAMERA_3': []}",C_LEAVES,DOOR,NONE,,FACE_TO_FACE,NONE,S_RETURNS_TO_COUNTER,SERVICE_COUNTER,NONE,,WAITING,NONE,
399,1,NONE,[],"{'CAMERA_1': [], 'CAMERA_2': [], 'CAMERA_3': []}",C_ENTERS,DOOR,NONE,,WAITING,NONE,S_NONE,SERVICE_COUNTER,NONE,,WAITING,NONE,
399,2,NONE,[],"{'CAMERA_1': [], 'CAMERA_2': [], 'CAMERA_3': []}",C_WALKS_TO_CAMERA,CAMERA_2,NONE,,WAITING,NONE,S_GREETS,CAMERA_2,NONE,can I help you?,FACE_TO_FACE,NONE,
399,3,CAMERA_2,['CAMERA_2'],"{'CAMERA_1': [], 'CAMERA_2': [], 'CAMERA_3': []}",C_LOOKING_FOR_A_CAMERA,CAMERA_2,NONE,hi good afternoon I'm looking for a camera with very specific about the pictures,FACE_TO_FACE,NONE,S_INTRODUCES_CAMERA,CAMERA_2,,Let me show you this. Here we have the Fujifilm Lumix ILC Camera.,PRESENT_X,CAMERA_2,39~64
399,4,CAMERA_2,['CAMERA_2'],"{'CAMERA_1': [], 'CAMERA_2': ['autofocus_points'], 'CAMERA_3': []}",C_QUESTION_ABOUT_FEATURE,CAMERA_2,autofocus_points,How many autofocus points does this Canon camera have,PRESENT_X,CAMERA_2,S_NOT_SURE,CAMERA_2,,I'm not really sure about that.,PRESENT_X,CAMERA_2,
399,5,CAMERA_2,['CAMERA_2'],"{'CAMERA_1': [], 'CAMERA_2': ['autofocus_points', 'sensor_size'], 'CAMERA_3': []}",C_QUESTION_ABOUT_FEATURE,CAMERA_2,sensor_size,when the sensor size what is the sensor size on this,PRESENT_X,CAMERA_2,S_ANSWERS_QUESTION_ABOUT_FEATURE,CAMERA_2,sensor_size,This one has a 1/2.33 inch sensor.,PRESENT_X,CAMERA_2,15~33
399,6,CAMERA_2,['CAMERA_2'],"{'CAMERA_1': [], 'CAMERA_2': ['autofocus_points', 'sensor_size', 'weight'], 'CAMERA_3': []}",C_SILENT_OR_BACKCHANNEL,CAMERA_2,NONE,okay that sounds good too,PRESENT_X,CAMERA_2,S_INTRODUCES_FEATURE,CAMERA_2,weight,This one weighs 820 grams.,PRESENT_X,CAMERA_2,16~25
399,7,CAMERA_2,['CAMERA_2'],"{'CAMERA_1': [], 'CAMERA_2': ['autofocus_points', 'sensor_size', 'weight', 'ISO'], 'CAMERA_3': []}",C_QUESTION_ABOUT_FEATURE,CAMERA_2,ISO,I see okay and the ISO,PRESENT_X,CAMERA_2,S_NOT_SURE,CAMERA_2,,I'm not really sure about that.,PRESENT_X,CAMERA_2,
399,8,CAMERA_2,['CAMERA_2'],"{'CAMERA_1': [], 'CAMERA_2': ['autofocus_points', 'sensor_size', 'weight', 'ISO', 'long_exposure'], 'CAMERA_3': []}",C_SILENT_OR_BACKCHANNEL,CAMERA_2,NONE,this camera looks pretty good but I was wondering about this is so,PRESENT_X,CAMERA_2,S_INTRODUCES_FEATURE,CAMERA_2,long_exposure,This one can take long exposures up to 60 minutes max with bulb mode.,PRESENT_X,CAMERA_2,39~68
399,9,CAMERA_2,['CAMERA_2'],"{'CAMERA_1': [], 'CAMERA_2': ['autofocus_points', 'sensor_size', 'weight', 'ISO', 'long_exposure', 'camera_type'], 'CAMERA_3': []}",C_QUESTION_ABOUT_FEATURE,CAMERA_2,camera_type,is this a DSLR camera,PRESENT_X,CAMERA_2,S_ANSWERS_QUESTION_ABOUT_FEATURE,CAMERA_2,camera_type,This is a digital single lens mirrorless camera.,PRESENT_X,CAMERA_2,10~40
399,10,CAMERA_2,['CAMERA_2'],"{'CAMERA_1': [], 'CAMERA_2': ['autofocus_points', 'sensor_size', 'weight', 'ISO', 'long_exposure', 'camera_type', 'preset_modes'], 'CAMERA_3': []}",C_QUESTION_ABOUT_FEATURE,CAMERA_2,preset_modes,does this camera support for preset mode,PRESENT_X,CAMERA_2,S_NOT_SURE,CAMERA_2,,I'm not really sure about that.,PRESENT_X,CAMERA_2,
399,11,CAMERA_2,['CAMERA_2'],"{'CAMERA_1': [], 'CAMERA_2': ['autofocus_points', 'sensor_size', 'weight', 'ISO', 'long_exposure', 'camera_type', 'preset_modes', 'optical_zoom'], 'CAMERA_3': []}",C_QUESTION_ABOUT_FEATURE,CAMERA_2,optical_zoom,and what about the optical zoom,PRESENT_X,CAMERA_2,S_ANSWERS_QUESTION_ABOUT_FEATURE,CAMERA_2,optical_zoom,This one has 21x optical zoom.,PRESENT_X,CAMERA_2,13~29
399,12,CAMERA_2,['CAMERA_2'],"{'CAMERA_1': [], 'CAMERA_2': ['autofocus_points', 'sensor_size', 'weight', 'ISO', 'long_exposure', 'camera_type', 'preset_modes', 'optical_zoom', 'settings'], 'CAMERA_3': []}",C_SILENT_OR_BACKCHANNEL,CAMERA_2,NONE,Oh that'd be great I really want to try it before buying it,PRESENT_X,CAMERA_2,S_INTRODUCES_FEATURE,CAMERA_2,settings,"This one has manual control and various automatic settings (video modeburst shooting, etc.).",PRESENT_X,CAMERA_2,13~91
399,13,CAMERA_2,['CAMERA_2'],"{'CAMERA_1': [], 'CAMERA_2': ['autofocus_points', 'sensor_size', 'weight', 'ISO', 'long_exposure', 'camera_type', 'preset_modes', 'optical_zoom', 'settings', 'price'], 'CAMERA_3': []}",C_SILENT_OR_BACKCHANNEL,CAMERA_2,NONE,okay,PRESENT_X,CAMERA_2,S_INTRODUCES_FEATURE,CAMERA_2,price,This one costs $768.,PRESENT_X,CAMERA_2,15~19
399,14,CAMERA_2,['CAMERA_2'],"{'CAMERA_1': [], 'CAMERA_2': ['autofocus_points', 'sensor_size', 'weight', 'ISO', 'long_exposure', 'camera_type', 'preset_modes', 'optical_zoom', 'settings', 'price', 'color'], 'CAMERA_3': []}",C_SILENT_OR_BACKCHANNEL,CAMERA_2,NONE,oh yeah ok,PRESENT_X,CAMERA_2,S_INTRODUCES_FEATURE,CAMERA_2,color,This one comes in white or pink.,PRESENT_X,CAMERA_2,18~31
399,15,CAMERA_2,['CAMERA_2'],"{'CAMERA_1': [], 'CAMERA_2': ['autofocus_points', 'sensor_size', 'weight', 'ISO', 'long_exposure', 'camera_type', 'preset_modes', 'optical_zoom', 'settings', 'price', 'color', 'effects'], 'CAMERA_3': []}",C_SILENT_OR_BACKCHANNEL,CAMERA_2,NONE,IC,PRESENT_X,CAMERA_2,S_INTRODUCES_FEATURE,CAMERA_2,effects,"This one has 24 artistic effect modes (retro, lighter or darker skin tones, sepia, etc.).",PRESENT_X,CAMERA_2,13~88
399,16,CAMERA_2,['CAMERA_2'],"{'CAMERA_1': [], 'CAMERA_2': ['autofocus_points', 'sensor_size', 'weight', 'ISO', 'long_exposure', 'camera_type', 'preset_modes', 'optical_zoom', 'settings', 'price', 'color', 'effects', 'resolution'], 'CAMERA_3': []}",C_SILENT_OR_BACKCHANNEL,CAMERA_2,NONE,okay,PRESENT_X,CAMERA_2,S_INTRODUCES_FEATURE,CAMERA_2,resolution,This one has 23.8 megapixels resolution.,PRESENT_X,CAMERA_2,13~28
399,17,CAMERA_1,"['CAMERA_2', 'CAMERA_1']","{'CAMERA_1': [], 'CAMERA_2': ['autofocus_points', 'sensor_size', 'weight', 'ISO', 'long_exposure', 'camera_type', 'preset_modes', 'optical_zoom', 'settings', 'price', 'color', 'effects', 'resolution'], 'CAMERA_3': []}",C_ANYTHING_ELSE_AVAILABLE,CAMERA_2,NONE,do you have any other cameras with preset mode,PRESENT_X,CAMERA_2,S_INTRODUCES_CAMERA,CAMERA_1,,Let me show you this. Here we have the Sony PowerShot ELPH DMC-ZS3.,PRESENT_X,CAMERA_1,39~66
399,18,CAMERA_1,"['CAMERA_2', 'CAMERA_1']","{'CAMERA_1': ['price'], 'CAMERA_2': ['autofocus_points', 'sensor_size', 'weight', 'ISO', 'long_exposure', 'camera_type', 'preset_modes', 'optical_zoom', 'settings', 'price', 'color', 'effects', 'resolution'], 'CAMERA_3': []}",C_SILENT_OR_BACKCHANNEL,CAMERA_1,NONE,I'm interested in this cannon he looks pretty good,PRESENT_X,CAMERA_1,S_INTRODUCES_FEATURE,CAMERA_1,price,This one costs $450.,PRESENT_X,CAMERA_1,15~19
399,19,CAMERA_1,"['CAMERA_2', 'CAMERA_1']","{'CAMERA_1': ['price', 'settings'], 'CAMERA_2': ['autofocus_points', 'sensor_size', 'weight', 'ISO', 'long_exposure', 'camera_type', 'preset_modes', 'optical_zoom', 'settings', 'price', 'color', 'effects', 'resolution'], 'CAMERA_3': []}",C_QUESTION_ABOUT_FEATURE,CAMERA_1,settings,I would like to ask about is it easy to do I need to set up any manuals for this camera,PRESENT_X,CAMERA_1,S_ANSWERS_QUESTION_ABOUT_FEATURE,CAMERA_1,settings,This one has limited manual settings.,PRESENT_X,CAMERA_1,13~36
399,20,CAMERA_1,"['CAMERA_2', 'CAMERA_1']","{'CAMERA_1': ['price', 'settings', 'color'], 'CAMERA_2': ['autofocus_points', 'sensor_size', 'weight', 'ISO', 'long_exposure', 'camera_type', 'preset_modes', 'optical_zoom', 'settings', 'price', 'color', 'effects', 'resolution'], 'CAMERA_3': []}",C_QUESTION_ABOUT_FEATURE,CAMERA_1,color,Does it come in any other colors,PRESENT_X,CAMERA_1,S_ANSWERS_QUESTION_ABOUT_FEATURE,CAMERA_1,color,This one comes in blue or black.,PRESENT_X,CAMERA_1,18~31
399,21,CAMERA_1,"['CAMERA_2', 'CAMERA_1']","{'CAMERA_1': ['price', 'settings', 'color', 'resolution'], 'CAMERA_2': ['autofocus_points', 'sensor_size', 'weight', 'ISO', 'long_exposure', 'camera_type', 'preset_modes', 'optical_zoom', 'settings', 'price', 'color', 'effects', 'resolution'], 'CAMERA_3': []}",C_SILENT_OR_BACKCHANNEL,CAMERA_1,NONE,this one also looks kind of good,PRESENT_X,CAMERA_1,S_INTRODUCES_FEATURE,CAMERA_1,resolution,This one has 17.8 megapixels resolution.,PRESENT_X,CAMERA_1,13~28
399,22,CAMERA_1,"['CAMERA_2', 'CAMERA_1']","{'CAMERA_1': ['price', 'settings', 'color', 'resolution', 'effects'], 'CAMERA_2': ['autofocus_points', 'sensor_size', 'weight', 'ISO', 'long_exposure', 'camera_type', 'preset_modes', 'optical_zoom', 'settings', 'price', 'color', 'effects', 'resolution'], 'CAMERA_3': []}",C_SILENT_OR_BACKCHANNEL,CAMERA_1,NONE,okay good,PRESENT_X,CAMERA_1,S_INTRODUCES_FEATURE,CAMERA_1,effects,"This one has 24 glamor retouch effects (miniature, retro, toy camera, etc.).",PRESENT_X,CAMERA_1,13~75
399,23,NONE,"['CAMERA_2', 'CAMERA_1']","{'CAMERA_1': ['price', 'settings', 'color', 'resolution', 'effects'], 'CAMERA_2': ['autofocus_points', 'sensor_size', 'weight', 'ISO', 'long_exposure', 'camera_type', 'preset_modes', 'optical_zoom', 'settings', 'price', 'color', 'effects', 'resolution'], 'CAMERA_3': []}",C_THANK_YOU,CAMERA_1,NONE,ok thank you,PRESENT_X,CAMERA_1,S_THANK_YOU,CAMERA_1,NONE,thank you very much.,FACE_TO_FACE,NONE,
399,24,NONE,"['CAMERA_2', 'CAMERA_1']","{'CAMERA_1': ['price', 'settings', 'color', 'resolution', 'effects'], 'CAMERA_2': ['autofocus_points', 'sensor_size', 'weight', 'ISO', 'long_exposure', 'camera_type', 'preset_modes', 'optical_zoom', 'settings', 'price', 'color', 'effects', 'resolution'], 'CAMERA_3': []}",C_LEAVES,DOOR,NONE,,FACE_TO_FACE,NONE,S_RETURNS_TO_COUNTER,SERVICE_COUNTER,NONE,,WAITING,NONE,
400,1,NONE,[],"{'CAMERA_1': [], 'CAMERA_2': [], 'CAMERA_3': []}",C_ENTERS,DOOR,NONE,,WAITING,NONE,S_NONE,SERVICE_COUNTER,NONE,,WAITING,NONE,
400,2,NONE,[],"{'CAMERA_1': [], 'CAMERA_2': [], 'CAMERA_3': []}",C_GREETS,MIDDLE,NONE,excuse me,WAITING,NONE,S_GREETS,MIDDLE,NONE,can I help you?,FACE_TO_FACE,NONE,
400,3,CAMERA_3,['CAMERA_3'],"{'CAMERA_1': [], 'CAMERA_2': [], 'CAMERA_3': []}",C_LOOKING_FOR_A_CAMERA,MIDDLE,NONE,I want to look at the new cameras that you have,FACE_TO_FACE,NONE,S_INTRODUCES_CAMERA,CAMERA_3,,Let me show you this. Here we have the Fujifilm PowerShot ELPH S2800.,PRESENT_X,CAMERA_3,39~68
400,4,CAMERA_3,['CAMERA_3'],"{'CAMERA_1': [], 'CAMERA_2': [], 'CAMERA_3': ['effects']}",C_SILENT_OR_BACKCHANNEL,CAMERA_3,NONE,it's not bad not bad,PRESENT_X,CAMERA_3,S_INTRODUCES_FEATURE,CAMERA_3,effects,"This one has 21 photo effects (small face, retro, big eyes, etc.).",PRESENT_X,CAMERA_3,13~65
400,5,CAMERA_3,['CAMERA_3'],"{'CAMERA_1': [], 'CAMERA_2': [], 'CAMERA_3': ['effects', 'price']}",C_QUESTION_ABOUT_FEATURE,CAMERA_3,price,how great and how much this phone cost,PRESENT_X,CAMERA_3,S_ANSWERS_QUESTION_ABOUT_FEATURE,CAMERA_3,price,This one costs $518.,PRESENT_X,CAMERA_3,15~19
400,6,CAMERA_3,['CAMERA_3'],"{'CAMERA_1': [], 'CAMERA_2': [], 'CAMERA_3': ['effects', 'price', 'optical_zoom']}",C_QUESTION_ABOUT_FEATURE,CAMERA_3,optical_zoom,how far does the zoom on this one go,PRESENT_X,CAMERA_3,S_NOT_SURE,CAMERA_3,,I'm not really sure about that.,PRESENT_X,CAMERA_3,
400,7,CAMERA_3,['CAMERA_3'],"{'CAMERA_1': [], 'CAMERA_2': [], 'CAMERA_3': ['effects', 'price', 'optical_zoom', 'resolution']}",C_SILENT_OR_BACKCHANNEL,CAMERA_3,NONE,ok,PRESENT_X,CAMERA_3,S_INTRODUCES_FEATURE,CAMERA_3,resolution,This one has 23.2 megapixels resolution.,PRESENT_X,CAMERA_3,13~28
400,8,CAMERA_3,['CAMERA_3'],"{'CAMERA_1': [], 'CAMERA_2': [], 'CAMERA_3': ['effects', 'price', 'optical_zoom', 'resolution', 'autofocus_points']}",C_QUESTION_ABOUT_FEATURE,CAMERA_3,autofocus_points,how many ordered Focus points to the previous camera have,PRESENT_X,CAMERA_3,S_ANSWERS_QUESTION_ABOUT_FEATURE,CAMERA_3,autofocus_points,This one has 214 autofocus points.,PRESENT_X,CAMERA_3,13~33
400,9,CAMERA_3,['CAMERA_3'],"{'CAMERA_1': [], 'CAMERA_2': [], 'CAMERA_3': ['effects', 'price', 'optical_zoom', 'resolution', 'autofocus_points', 'ISO']}",C_QUESTION_ABOUT_FEATURE,CAMERA_3,ISO,that sounds good how high can I set the ISO,PRESENT_X,CAMERA_3,S_ANSWERS_QUESTION_ABOUT_FEATURE,CAMERA_3,ISO,This one has up to 3200 ISO with little noise.,PRESENT_X,CAMERA_3,13~45
400,10,NONE,['CAMERA_3'],"{'CAMERA_1': [], 'CAMERA_2': [], 'CAMERA_3': ['effects', 'price', 'optical_zoom', 'resolution', 'autofocus_points', 'ISO']}",C_THANK_YOU,CAMERA_3,NONE,thank you,PRESENT_X,CAMERA_3,S_THANK_YOU,CAMERA_3,NONE,thank you very much.,FACE_TO_FACE,NONE,
400,11,NONE,['CAMERA_3'],"{'CAMERA_1': [], 'CAMERA_2': [], 'CAMERA_3': ['effects', 'price', 'optical_zoom', 'resolution', 'autofocus_points', 'ISO']}",C_LEAVES,DOOR,NONE,,FACE_TO_FACE,NONE,S_RETURNS_TO_COUNTER,SERVICE_COUNTER,NONE,,WAITING,NONE,
401,1,NONE,[],"{'CAMERA_1': [], 'CAMERA_2': [], 'CAMERA_3': []}",C_ENTERS,DOOR,NONE,,WAITING,NONE,S_NONE,SERVICE_COUNTER,NONE,,WAITING,NONE,
401,2,NONE,[],"{'CAMERA_1': [], 'CAMERA_2': [], 'CAMERA_3': []}",C_GREETS,MIDDLE,NONE,hello cheaper than I was expecting,WAITING,NONE,S_GREETS,MIDDLE,NONE,can I help you?,FACE_TO_FACE,NONE,
401,3,CAMERA_2,['CAMERA_2'],"{'CAMERA_1': [], 'CAMERA_2': [], 'CAMERA_3': []}",C_LOOKING_FOR_A_CAMERA,MIDDLE,NONE,I'm looking for a camera with very specific pictures,FACE_TO_FACE,NONE,S_INTRODUCES_CAMERA,CAMERA_2,,Let me show you this. Here we have the Fujifilm Lumix ILC Camera.,PRESENT_X,CAMERA_2,39~64
401,4,CAMERA_2,['CAMERA_2'],"{'CAMERA_1': [], 'CAMERA_2': ['weight'], 'CAMERA_3': []}",C_QUESTION_ABOUT_FEATURE,CAMERA_2,weight,I see you and what is the weight of this,PRESENT_X,CAMERA_2,S_ANSWERS_QUESTION_ABOUT_FEATURE,CAMERA_2,weight,This one weighs 820 grams.,PRESENT_X,CAMERA_2,16~25
401,5,CAMERA_2,['CAMERA_2'],"{'CAMERA_1': [], 'CAMERA_2': ['weight', 'effects'], 'CAMERA_3': []}",C_SILENT_OR_BACKCHANNEL,CAMERA_2,NONE,okay,PRESENT_X,CAMERA_2,S_INTRODUCES_FEATURE,CAMERA_2,effects,"This one has 24 artistic effect modes (retro, lighter or darker skin tones, sepia, etc.).",PRESENT_X,CAMERA_2,13~88
401,6,NONE,['CAMERA_2'],"{'CAMERA_1': [], 'CAMERA_2': ['weight', 'effects'], 'CAMERA_3': []}",C_THANK_YOU,CAMERA_2,NONE,thanks a lot for your help,PRESENT_X,CAMERA_2,S_THANK_YOU,CAMERA_2,NONE,thank you very much.,FACE_TO_FACE,NONE,
401,7,NONE,['CAMERA_2'],"{'CAMERA_1': [], 'CAMERA_2': ['weight', 'effects'], 'CAMERA_3': []}",C_LEAVES,DOOR,NONE,,FACE_TO_FACE,NONE,S_RETURNS_TO_COUNTER,SERVICE_COUNTER,NONE,,WAITING,NONE,
402,1,NONE,[],"{'CAMERA_1': [], 'CAMERA_2': [], 'CAMERA_3': []}",C_ENTERS,DOOR,NONE,,WAITING,NONE,S_NONE,SERVICE_COUNTER,NONE,,WAITING,NONE,
402,2,NONE,[],"{'CAMERA_1': [], 'CAMERA_2': [], 'CAMERA_3': []}",C_GREETS,MIDDLE,NONE,sorry what,WAITING,NONE,S_GREETS,MIDDLE,NONE,can I help you?,FACE_TO_FACE,NONE,
402,3,CAMERA_3,['CAMERA_3'],"{'CAMERA_1': [], 'CAMERA_2': [], 'CAMERA_3': []}",C_LOOKING_FOR_A_CAMERA,MIDDLE,NONE,well I'm not sure I quite know what I want to,FACE_TO_FACE,NONE,S_INTRODUCES_CAMERA,CAMERA_3,,Let me show you this. Here we have the Fujifilm PowerShot ELPH S2800.,PRESENT_X,CAMERA_3,39~68
402,4,CAMERA_3,['CAMERA_3'],"{'CAMERA_1': [], 'CAMERA_2': [], 'CAMERA_3': ['settings']}",C_SILENT_OR_BACKCHANNEL,CAMERA_3,NONE,ok,PRESENT_X,CAMERA_3,S_INTRODUCES_FEATURE,CAMERA_3,settings,"This one has manual control and various automatic settings (video modeburst shooting, etc.).",PRESENT_X,CAMERA_3,13~91
402,5,NONE,['CAMERA_3'],"{'CAMERA_1': [], 'CAMERA_2': [], 'CAMERA_3': ['settings']}",C_THANK_YOU,CAMERA_3,NONE,thanks,PRESENT_X,CAMERA_3,S_THANK_YOU,CAMERA_3,NONE,thank you very much.,FACE_TO_FACE,NONE,
402,6,NONE,['CAMERA_3'],"{'CAMERA_1': [], 'CAMERA_2': [], 'CAMERA_3': ['settings']}",C_LEAVES,DOOR,NONE,,FACE_TO_FACE,NONE,S_RETURNS_TO_COUNTER,SERVICE_COUNTER,NONE,,WAITING,NONE,
403,1,NONE,[],"{'CAMERA_1': [], 'CAMERA_2': [], 'CAMERA_3': []}",C_ENTERS,DOOR,NONE,,WAITING,NONE,S_NONE,SERVICE_COUNTER,NONE,,WAITING,NONE,
403,2,NONE,[],"{'CAMERA_1': [], 'CAMERA_2': [], 'CAMERA_3': []}",C_WALKS_TO_CAMERA,CAMERA_3,NONE,,WAITING,NONE,S_GREETS,CAMERA_3,NONE,can I help you?,FACE_TO_FACE,NONE,
403,3,CAMERA_1,['CAMERA_1'],"{'CAMERA_1': [], 'CAMERA_2': [], 'CAMERA_3': []}",C_LOOKING_FOR_A_CAMERA,CAMERA_3,NONE,I'm looking for a camera for taking pictures in concerts,FACE_TO_FACE,NONE,S_INTRODUCES_CAMERA,CAMERA_1,,Let me show you this. Here we have the Sony PowerShot ELPH DMC-ZS3.,PRESENT_X,CAMERA_1,39~66
403,4,CAMERA_1,['CAMERA_1'],"{'CAMERA_1': ['ISO'], 'CAMERA_2': [], 'CAMERA_3': []}",C_QUESTION_ABOUT_FEATURE,CAMERA_1,ISO,and how about the ISO,PRESENT_X,CAMERA_1,S_ANSWERS_QUESTION_ABOUT_FEATURE,CAMERA_1,ISO,This one has up to 51200 ISO.,PRESENT_X,CAMERA_1,13~28
403,5,CAMERA_1,['CAMERA_1'],"{'CAMERA_1': ['ISO', 'color'], 'CAMERA_2': [], 'CAMERA_3': []}",C_QUESTION_ABOUT_FEATURE,CAMERA_1,color,what colors does it come in,PRESENT_X,CAMERA_1,S_ANSWERS_QUESTION_ABOUT_FEATURE,CAMERA_1,color,This one comes in blue or black.,PRESENT_X,CAMERA_1,18~31
403,6,CAMERA_1,['CAMERA_1'],"{'CAMERA_1': ['ISO', 'color', 'autofocus_points'], 'CAMERA_2': [], 'CAMERA_3': []}",C_QUESTION_ABOUT_FEATURE,CAMERA_1,autofocus_points,can I know how many auto focus points does this camera have,PRESENT_X,CAMERA_1,S_ANSWERS_QUESTION_ABOUT_FEATURE,CAMERA_1,autofocus_points,This one has 135 autofocus points.,PRESENT_X,CAMERA_1,13~33
403,7,CAMERA_1,['CAMERA_1'],"{'CAMERA_1': ['ISO', 'color', 'autofocus_points', 'long_exposure'], 'CAMERA_2': [], 'CAMERA_3': []}",C_SILENT_OR_BACKCHANNEL,CAMERA_1,NONE,ok let's see,PRESENT_X,CAMERA_1,S_INTRODUCES_FEATURE,CAMERA_1,long_exposure,This one can take long exposures up to up to 15 seconds with Long Shutter Mode.,PRESENT_X,CAMERA_1,39~78
403,8,CAMERA_1,['CAMERA_1'],"{'CAMERA_1': ['ISO', 'color', 'autofocus_points', 'long_exposure', 'optical_zoom'], 'CAMERA_2': [], 'CAMERA_3': []}",C_QUESTION_ABOUT_FEATURE,CAMERA_1,optical_zoom,good that's a good effect okay how about the optical zooms,PRESENT_X,CAMERA_1,S_ANSWERS_QUESTION_ABOUT_FEATURE,CAMERA_1,optical_zoom,This one has 21x optical zoom.,PRESENT_X,CAMERA_1,13~29
403,9,NONE,['CAMERA_1'],"{'CAMERA_1': ['ISO', 'color', 'autofocus_points', 'long_exposure', 'optical_zoom'], 'CAMERA_2': [], 'CAMERA_3': []}",C_THANK_YOU,CAMERA_1,NONE,thank you very much,PRESENT_X,CAMERA_1,S_THANK_YOU,CAMERA_1,NONE,thank you very much.,FACE_TO_FACE,NONE,
403,10,NONE,['CAMERA_1'],"{'CAMERA_1': ['ISO', 'color', 'autofocus_points', 'long_exposure', 'optical_zoom'], 'CAMERA_2': [], 'CAMERA_3': []}",C_LEAVES,DOOR,NONE,,FACE_TO_FACE,NONE,S_RETURNS_TO_COUNTER,SERVICE_COUNTER,NONE,,WAITING,NONE,
404,1,NONE,[],"{'CAMERA_1': [], 'CAMERA_2': [], 'CAMERA_3': []}",C_ENTERS,DOOR,NONE,,WAITING,NONE,S_NONE,SERVICE_COUNTER,NONE,,WAITING,NONE,
404,2,NONE,[],"{'CAMERA_1': [], 'CAMERA_2': [], 'CAMERA_3': []}",C_GREETS,MIDDLE,NONE,excuse me,WAITING,NONE,S_GREETS,MIDDLE,NONE,can I help you?,FACE_TO_FACE,NONE,
404,3,CAMERA_2,['CAMERA_2'],"{'CAMERA_1': [], 'CAMERA_2': [], 'CAMERA_3': []}",C_LOOKING_FOR_A_CAMERA,MIDDLE,NONE,good afternoon I'm looking to buy a new camera just that I'm not a professional photographer so can you please show me the ones you have,FACE_TO_FACE,NONE,S_INTRODUCES_CAMERA,CAMERA_2,,Let me show you this. Here we have the Fujifilm Lumix ILC Camera.,PRESENT_X,CAMERA_2,39~64
404,4,CAMERA_2,['CAMERA_2'],"{'CAMERA_1': [], 'CAMERA_2': ['camera_type'], 'CAMERA_3': []}",C_QUESTION_ABOUT_FEATURE,CAMERA_2,camera_type,Is this a mirrorless camera?,PRESENT_X,CAMERA_2,S_ANSWERS_QUESTION_ABOUT_FEATURE,CAMERA_2,camera_type,This is a digital single lens mirrorless camera.,PRESENT_X,CAMERA_2,10~40
404,5,CAMERA_2,['CAMERA_2'],"{'CAMERA_1': [], 'CAMERA_2': ['camera_type', 'sensor_size'], 'CAMERA_3': []}",C_SILENT_OR_BACKCHANNEL,CAMERA_2,NONE,IC,PRESENT_X,CAMERA_2,S_INTRODUCES_FEATURE,CAMERA_2,sensor_size,This one has a 1/2.33 inch sensor.,PRESENT_X,CAMERA_2,15~33
404,6,CAMERA_2,['CAMERA_2'],"{'CAMERA_1': [], 'CAMERA_2': ['camera_type', 'sensor_size', 'autofocus_points'], 'CAMERA_3': []}",C_QUESTION_ABOUT_FEATURE,CAMERA_2,autofocus_points,oh I see and what about the autofocus points and the ISO,PRESENT_X,CAMERA_2,S_NOT_SURE,CAMERA_2,,I'm not really sure about that.,PRESENT_X,CAMERA_2,
404,7,CAMERA_2,['CAMERA_2'],"{'CAMERA_1': [], 'CAMERA_2': ['camera_type', 'sensor_size', 'autofocus_points', 'color'], 'CAMERA_3': []}",C_QUESTION_ABOUT_FEATURE,CAMERA_2,color,is there any other colors of this camera,PRESENT_X,CAMERA_2,S_ANSWERS_QUESTION_ABOUT_FEATURE,CAMERA_2,color,This one comes in white or pink.,PRESENT_X,CAMERA_2,18~31
404,8,CAMERA_2,['CAMERA_2'],"{'CAMERA_1': [], 'CAMERA_2': ['camera_type', 'sensor_size', 'autofocus_points', 'color', 'optical_zoom'], 'CAMERA_3': []}",C_QUESTION_ABOUT_FEATURE,CAMERA_2,optical_zoom,that's so many and what's the optical zoom on this phone,PRESENT_X,CAMERA_2,S_ANSWERS_QUESTION_ABOUT_FEATURE,CAMERA_2,optical_zoom,This one has 21x optical zoom.,PRESENT_X,CAMERA_2,13~29
404,9,CAMERA_2,['CAMERA_2'],"{'CAMERA_1': [], 'CAMERA_2': ['camera_type', 'sensor_size', 'autofocus_points', 'color', 'optical_zoom', 'price'], 'CAMERA_3': []}",C_SILENT_OR_BACKCHANNEL,CAMERA_2,NONE,ok,PRESENT_X,CAMERA_2,S_INTRODUCES_FEATURE,CAMERA_2,price,This one costs $768.,PRESENT_X,CAMERA_2,15~19
404,10,CAMERA_2,['CAMERA_2'],"{'CAMERA_1': [], 'CAMERA_2': ['camera_type', 'sensor_size', 'autofocus_points', 'color', 'optical_zoom', 'price', 'settings'], 'CAMERA_3': []}",C_QUESTION_ABOUT_FEATURE,CAMERA_2,settings,and where about the manual setting,PRESENT_X,CAMERA_2,S_ANSWERS_QUESTION_ABOUT_FEATURE,CAMERA_2,settings,"This one has manual control and various automatic settings (video modeburst shooting, etc.).",PRESENT_X,CAMERA_2,13~91
404,11,CAMERA_1,"['CAMERA_2', 'CAMERA_1']","{'CAMERA_1': [], 'CAMERA_2': ['camera_type', 'sensor_size', 'autofocus_points', 'color', 'optical_zoom', 'price', 'settings'], 'CAMERA_3': []}",C_ANYTHING_ELSE_AVAILABLE,CAMERA_2,NONE,Do you have other cameras that I could afford,PRESENT_X,CAMERA_2,S_INTRODUCES_CAMERA,CAMERA_1,,Let me show you this. Here we have the Sony PowerShot ELPH DMC-ZS3.,PRESENT_X,CAMERA_1,39~66
404,12,CAMERA_1,"['CAMERA_2', 'CAMERA_1']","{'CAMERA_1': ['preset_modes'], 'CAMERA_2': ['camera_type', 'sensor_size', 'autofocus_points', 'color', 'optical_zoom', 'price', 'settings'], 'CAMERA_3': []}",C_QUESTION_ABOUT_FEATURE,CAMERA_1,preset_modes,is the other one with menu settings is that lighter or heavier than its camera,PRESENT_X,CAMERA_1,S_NOT_SURE,CAMERA_1,,I'm not really sure about that.,PRESENT_X,CAMERA_1,
404,13,NONE,"['CAMERA_2', 'CAMERA_1']","{'CAMERA_1': ['preset_modes'], 'CAMERA_2': ['camera_type', 'sensor_size', 'autofocus_points', 'color', 'optical_zoom', 'price', 'settings'], 'CAMERA_3': []}",C_THANK_YOU,CAMERA_1,NONE,thank you,PRESENT_X,CAMERA_1,S_THANK_YOU,CAMERA_1,NONE,thank you very much.,FACE_TO_FACE,NONE,
404,14,NONE,"['CAMERA_2', 'CAMERA_1']","{'CAMERA_1': ['preset_modes'], 'CAMERA_2': ['camera_type', 'sensor_size', 'autofocus_points', 'color', 'optical_zoom', 'price', 'settings'], 'CAMERA_3': []}",C_LEAVES,DOOR,NONE,,FACE_TO_FACE,NONE,S_RETURNS_TO_COUNTER,SERVICE_COUNTER,NONE,,WAITING,NONE,
405,1,NONE,[],"{'CAMERA_1': [], 'CAMERA_2': [], 'CAMERA_3': []}",C_ENTERS,DOOR,NONE,,WAITING,NONE,S_NONE,SERVICE_COUNTER,NONE,,WAITING,NONE,
405,2,NONE,[],"{'CAMERA_1': [], 'CAMERA_2': [], 'CAMERA_3': []}",C_WALKS_TO_CAMERA,CAMERA_3,NONE,,WAITING,NONE,S_GREETS,CAMERA_3,NONE,can I help you?,FACE_TO_FACE,NONE,
405,3,CAMERA_3,['CAMERA_3'],"{'CAMERA_1': [], 'CAMERA_2': [], 'CAMERA_3': []}",C_LOOKING_FOR_A_CAMERA,CAMERA_3,NONE,I want to get a new camera,FACE_TO_FACE,NONE,S_INTRODUCES_CAMERA,CAMERA_3,,Let me show you this. Here we have the Fujifilm PowerShot ELPH S2800.,PRESENT_X,CAMERA_3,39~68
405,4,CAMERA_3,['CAMERA_3'],"{'CAMERA_1': [], 'CAMERA_2': [], 'CAMERA_3': ['weight']}",C_QUESTION_ABOUT_FEATURE,CAMERA_3,weight,fender what is the weight for this camera,PRESENT_X,CAMERA_3,S_ANSWERS_QUESTION_ABOUT_FEATURE,CAMERA_3,weight,This one weighs 820 grams.,PRESENT_X,CAMERA_3,16~25
405,5,CAMERA_3,['CAMERA_3'],"{'CAMERA_1': [], 'CAMERA_2': [], 'CAMERA_3': ['weight', 'ISO']}",C_QUESTION_ABOUT_FEATURE,CAMERA_3,ISO,and how about the iso settings,PRESENT_X,CAMERA_3,S_ANSWERS_QUESTION_ABOUT_FEATURE,CAMERA_3,ISO,This one has up to 3200 ISO with little noise.,PRESENT_X,CAMERA_3,13~45
405,6,CAMERA_3,['CAMERA_3'],"{'CAMERA_1': [], 'CAMERA_2': [], 'CAMERA_3': ['weight', 'ISO', 'price']}",C_SILENT_OR_BACKCHANNEL,CAMERA_3,NONE,I said yeah ok,PRESENT_X,CAMERA_3,S_INTRODUCES_FEATURE,CAMERA_3,price,This one costs $518.,PRESENT_X,CAMERA_3,15~19
405,7,CAMERA_3,['CAMERA_3'],"{'CAMERA_1': [], 'CAMERA_2': [], 'CAMERA_3': ['weight', 'ISO', 'price', 'resolution']}",C_QUESTION_ABOUT_FEATURE,CAMERA_3,resolution,I feel like the resolution is not very good,PRESENT_X,CAMERA_3,S_ANSWERS_QUESTION_ABOUT_FEATURE,CAMERA_3,resolution,This one has 23.2 megapixels resolution.,PRESENT_X,CAMERA_3,13~28
405,8,CAMERA_3,['CAMERA_3'],"{'CAMERA_1': [], 'CAMERA_2': [], 'CAMERA_3': ['weight', 'ISO', 'price', 'resolution', 'optical_zoom']}",C_QUESTION_ABOUT_FEATURE,CAMERA_3,optical_zoom,okay and if I have an optical zoom,PRESENT_X,CAMERA_3,S_NOT_SURE,CAMERA_3,,I'm not really sure about that.,PRESENT_X,CAMERA_3,
405,9,NONE,['CAMERA_3'],"{'CAMERA_1': [], 'CAMERA_2': [], 'CAMERA_3': ['weight', 'ISO', 'price', 'resolution', 'optical_zoom']}",C_THANK_YOU,CAMERA_3,NONE,thank you,PRESENT_X,CAMERA_3,S_THANK_YOU,CAMERA_3,NONE,thank you very much.,FACE_TO_FACE,NONE,
405,10,NONE,['CAMERA_3'],"{'CAMERA_1': [], 'CAMERA_2': [], 'CAMERA_3': ['weight', 'ISO', 'price', 'resolution', 'optical_zoom']}",C_LEAVES,DOOR,NONE,,FACE_TO_FACE,NONE,S_RETURNS_TO_COUNTER,SERVICE_COUNTER,NONE,,WAITING,NONE,
406,1,NONE,[],"{'CAMERA_1': [], 'CAMERA_2': [], 'CAMERA_3': []}",C_ENTERS,DOOR,NONE,,WAITING,NONE,S_NONE,SERVICE_COUNTER,NONE,,WAITING,NONE,
406,2,NONE,[],"{'CAMERA_1': [], 'CAMERA_2': [], 'CAMERA_3': []}",C_GREETS,MIDDLE,NONE,I'm sorry I am which mode,WAITING,NONE,S_GREETS,MIDDLE,NONE,can I help you?,FACE_TO_FACE,NONE,
406,3,CAMERA_2,['CAMERA_2'],"{'CAMERA_1': [], 'CAMERA_2': [], 'CAMERA_3': []}",C_LOOKING_FOR_A_CAMERA,MIDDLE,NONE,yeah actually I did but I am looking for a better one,FACE_TO_FACE,NONE,S_INTRODUCES_CAMERA,CAMERA_2,,Let me show you this. Here we have the Fujifilm Lumix ILC Camera.,PRESENT_X,CAMERA_2,39~64
406,4,CAMERA_2,['CAMERA_2'],"{'CAMERA_1': [], 'CAMERA_2': ['sensor_size'], 'CAMERA_3': []}",C_QUESTION_ABOUT_FEATURE,CAMERA_2,sensor_size,and what's the sensor size on this phone,PRESENT_X,CAMERA_2,S_ANSWERS_QUESTION_ABOUT_FEATURE,CAMERA_2,sensor_size,This one has a 1/2.33 inch sensor.,PRESENT_X,CAMERA_2,15~33
406,5,CAMERA_2,['CAMERA_2'],"{'CAMERA_1': [], 'CAMERA_2': ['sensor_size', 'autofocus_points'], 'CAMERA_3': []}",C_QUESTION_ABOUT_FEATURE,CAMERA_2,autofocus_points,yes I wanted to know how many points does it have,PRESENT_X,CAMERA_2,S_NOT_SURE,CAMERA_2,,I'm not really sure about that.,PRESENT_X,CAMERA_2,
406,6,NONE,['CAMERA_2'],"{'CAMERA_1': [], 'CAMERA_2': ['sensor_size', 'autofocus_points'], 'CAMERA_3': []}",C_THANK_YOU,CAMERA_2,NONE,thank you for your help and have a great day,PRESENT_X,CAMERA_2,S_THANK_YOU,CAMERA_2,NONE,thank you very much.,FACE_TO_FACE,NONE,
406,7,NONE,['CAMERA_2'],"{'CAMERA_1': [], 'CAMERA_2': ['sensor_size', 'autofocus_points'], 'CAMERA_3': []}",C_LEAVES,DOOR,NONE,,FACE_TO_FACE,NONE,S_RETURNS_TO_COUNTER,SERVICE_COUNTER,NONE,,WAITING,NONE,
407,1,NONE,[],"{'CAMERA_1': [], 'CAMERA_2': [], 'CAMERA_3': []}",C_ENTERS,DOOR,NONE,,WAITING,NONE,S_NONE,SERVICE_COUNTER,NONE,,WAITING,NONE,
407,2,NONE,[],"{'CAMERA_1': [], 'CAMERA_2': [], 'CAMERA_3': []}",C_WALKS_TO_CAMERA,CAMERA_1,NONE,,WAITING,NONE,S_GREETS,CAMERA_1,NONE,can I help you?,FACE_TO_FACE,NONE,
407,3,CAMERA_1,['CAMERA_1'],"{'CAMERA_1': [], 'CAMERA_2': [], 'CAMERA_3': []}",C_LOOKING_FOR_A_CAMERA,CAMERA_1,NONE,I'm looking to buy a new camera how loose affordable,FACE_TO_FACE,NONE,S_INTRODUCES_CAMERA,CAMERA_1,,Let me show you this. Here we have the Sony PowerShot ELPH DMC-ZS3.,PRESENT_X,CAMERA_1,39~66
407,4,CAMERA_1,['CAMERA_1'],"{'CAMERA_1': ['autofocus_points'], 'CAMERA_2': [], 'CAMERA_3': []}",C_QUESTION_ABOUT_FEATURE,CAMERA_1,autofocus_points,how about how many auto focus points does this have,PRESENT_X,CAMERA_1,S_ANSWERS_QUESTION_ABOUT_FEATURE,CAMERA_1,autofocus_points,This one has 135 autofocus points.,PRESENT_X,CAMERA_1,13~33
407,5,CAMERA_1,['CAMERA_1'],"{'CAMERA_1': ['autofocus_points', 'weight'], 'CAMERA_2': [], 'CAMERA_3': []}",C_SILENT_OR_BACKCHANNEL,CAMERA_1,NONE,yes but it didn't take really nice pictures the detail was pretty bad and so was the colors,PRESENT_X,CAMERA_1,S_INTRODUCES_FEATURE,CAMERA_1,weight,This one weighs 800 grams.,PRESENT_X,CAMERA_1,16~25
407,6,CAMERA_1,['CAMERA_1'],"{'CAMERA_1': ['autofocus_points', 'weight', 'resolution'], 'CAMERA_2': [], 'CAMERA_3': []}",C_QUESTION_ABOUT_FEATURE,CAMERA_1,resolution,how many megapixels does this camera have,PRESENT_X,CAMERA_1,S_ANSWERS_QUESTION_ABOUT_FEATURE,CAMERA_1,resolution,This one has 17.8 megapixels resolution.,PRESENT_X,CAMERA_1,13~28
407,7,CAMERA_1,['CAMERA_1'],"{'CAMERA_1': ['autofocus_points', 'weight', 'resolution', 'sensor_size'], 'CAMERA_2': [], 'CAMERA_3': []}",C_SILENT_OR_BACKCHANNEL,CAMERA_1,NONE,I say so,PRESENT_X,CAMERA_1,S_INTRODUCES_FEATURE,CAMERA_1,sensor_size,This one has a 1/2.3 inch CMOS sensor.,PRESENT_X,CAMERA_1,15~37
407,8,CAMERA_1,['CAMERA_1'],"{'CAMERA_1': ['autofocus_points', 'weight', 'resolution', 'sensor_size', 'color'], 'CAMERA_2': [], 'CAMERA_3': []}",C_QUESTION_ABOUT_FEATURE,CAMERA_1,color,interesting do you know what colors do you have in this one,PRESENT_X,CAMERA_1,S_ANSWERS_QUESTION_ABOUT_FEATURE,CAMERA_1,color,This one comes in blue or black.,PRESENT_X,CAMERA_1,18~31
407,9,CAMERA_1,['CAMERA_1'],"{'CAMERA_1': ['autofocus_points', 'weight', 'resolution', 'sensor_size', 'color', 'optical_zoom'], 'CAMERA_2': [], 'CAMERA_3': []}",C_SILENT_OR_BACKCHANNEL,CAMERA_1,NONE,I like it,PRESENT_X,CAMERA_1,S_INTRODUCES_FEATURE,CAMERA_1,optical_zoom,This one has 21x optical zoom.,PRESENT_X,CAMERA_1,13~29
407,10,CAMERA_1,['CAMERA_1'],"{'CAMERA_1': ['autofocus_points', 'weight', 'resolution', 'sensor_size', 'color', 'optical_zoom', 'camera_type'], 'CAMERA_2': [], 'CAMERA_3': []}",C_QUESTION_ABOUT_FEATURE,CAMERA_1,camera_type,is this a DSLR camera,PRESENT_X,CAMERA_1,S_ANSWERS_QUESTION_ABOUT_FEATURE,CAMERA_1,camera_type,This is a DSLR camera.,PRESENT_X,CAMERA_1,10~14
407,11,CAMERA_3,"['CAMERA_1', 'CAMERA_3']","{'CAMERA_1': ['autofocus_points', 'weight', 'resolution', 'sensor_size', 'color', 'optical_zoom', 'camera_type'], 'CAMERA_2': [], 'CAMERA_3': []}",C_ANYTHING_ELSE_AVAILABLE,CAMERA_1,NONE,do you have any other cameras like this,PRESENT_X,CAMERA_1,S_INTRODUCES_CAMERA,CAMERA_3,,Let me show you this. Here we have the Fujifilm PowerShot ELPH S2800.,PRESENT_X,CAMERA_3,39~68
407,12,CAMERA_3,"['CAMERA_1', 'CAMERA_3']","{'CAMERA_1': ['autofocus_points', 'weight', 'resolution', 'sensor_size', 'color', 'optical_zoom', 'camera_type'], 'CAMERA_2': [], 'CAMERA_3': ['resolution']}",C_QUESTION_ABOUT_FEATURE,CAMERA_3,resolution,how many megapixels is it,PRESENT_X,CAMERA_3,S_ANSWERS_QUESTION_ABOUT_FEATURE,CAMERA_3,resolution,This one has 23.2 megapixels resolution.,PRESENT_X,CAMERA_3,13~28
407,13,NONE,"['CAMERA_1', 'CAMERA_3']","{'CAMERA_1': ['autofocus_points', 'weight', 'resolution', 'sensor_size', 'color', 'optical_zoom', 'camera_type'], 'CAMERA_2': [], 'CAMERA_3': ['resolution']}",C_THANK_YOU,CAMERA_3,NONE,Thanks,PRESENT_X,CAMERA_3,S_THANK_YOU,CAMERA_3,NONE,thank you very much.,FACE_TO_FACE,NONE,
407,14,NONE,"['CAMERA_1', 'CAMERA_3']","{'CAMERA_1': ['autofocus_points', 'weight', 'resolution', 'sensor_size', 'color', 'optical_zoom', 'camera_type'], 'CAMERA_2': [], 'CAMERA_3': ['resolution']}",C_LEAVES,DOOR,NONE,,FACE_TO_FACE,NONE,S_RETURNS_TO_COUNTER,SERVICE_COUNTER,NONE,,WAITING,NONE,
408,1,NONE,[],"{'CAMERA_1': [], 'CAMERA_2': [], 'CAMERA_3': []}",C_ENTERS,DOOR,NONE,,WAITING,NONE,S_NONE,SERVICE_COUNTER,NONE,,WAITING,NONE,
408,2,NONE,[],"{'CAMERA_1': [], 'CAMERA_2': [], 'CAMERA_3': []}",C_GREETS,MIDDLE,NONE,Hi can you help me,WAITING,NONE,S_GREETS,MIDDLE,NONE,can I help you?,FACE_TO_FACE,NONE,
408,3,CAMERA_3,['CAMERA_3'],"{'CAMERA_1': [], 'CAMERA_2': [], 'CAMERA_3': []}",C_LOOKING_FOR_A_CAMERA,MIDDLE,NONE,excuse me I'm looking for a professional camera,FACE_TO_FACE,NONE,S_INTRODUCES_CAMERA,CAMERA_3,,Let me show you this. Here we have the Fujifilm PowerShot ELPH S2800.,PRESENT_X,CAMERA_3,39~68
408,4,CAMERA_3,['CAMERA_3'],"{'CAMERA_1': [], 'CAMERA_2': [], 'CAMERA_3': ['autofocus_points']}",C_QUESTION_ABOUT_FEATURE,CAMERA_3,autofocus_points,How about auto focus points for this,PRESENT_X,CAMERA_3,S_ANSWERS_QUESTION_ABOUT_FEATURE,CAMERA_3,autofocus_points,This one has 214 autofocus points.,PRESENT_X,CAMERA_3,13~33
408,5,CAMERA_3,['CAMERA_3'],"{'CAMERA_1': [], 'CAMERA_2': [], 'CAMERA_3': ['autofocus_points', 'settings']}",C_QUESTION_ABOUT_FEATURE,CAMERA_3,settings,what about the manual settings it seems is quite taken to put everything in manual mode and I am used to this kind of coming,PRESENT_X,CAMERA_3,S_ANSWERS_QUESTION_ABOUT_FEATURE,CAMERA_3,settings,"This one has manual control and various automatic settings (video modeburst shooting, etc.).",PRESENT_X,CAMERA_3,13~91
408,6,CAMERA_3,['CAMERA_3'],"{'CAMERA_1': [], 'CAMERA_2': [], 'CAMERA_3': ['autofocus_points', 'settings', 'resolution']}",C_SILENT_OR_BACKCHANNEL,CAMERA_3,NONE,the picture is very nice,PRESENT_X,CAMERA_3,S_INTRODUCES_FEATURE,CAMERA_3,resolution,This one has 23.2 megapixels resolution.,PRESENT_X,CAMERA_3,13~28
408,7,CAMERA_3,['CAMERA_3'],"{'CAMERA_1': [], 'CAMERA_2': [], 'CAMERA_3': ['autofocus_points', 'settings', 'resolution', 'weight']}",C_QUESTION_ABOUT_FEATURE,CAMERA_3,weight,and the weight of this camera is it ever,PRESENT_X,CAMERA_3,S_ANSWERS_QUESTION_ABOUT_FEATURE,CAMERA_3,weight,This one weighs 820 grams.,PRESENT_X,CAMERA_3,16~25
408,8,CAMERA_3,['CAMERA_3'],"{'CAMERA_1': [], 'CAMERA_2': [], 'CAMERA_3': ['autofocus_points', 'settings', 'resolution', 'weight', 'color']}",C_QUESTION_ABOUT_FEATURE,CAMERA_3,color,does Camry come in any other colors,PRESENT_X,CAMERA_3,S_ANSWERS_QUESTION_ABOUT_FEATURE,CAMERA_3,color,"This one comes in purple, white, silver, blue, red, or pink.",PRESENT_X,CAMERA_3,18~59
408,9,CAMERA_3,['CAMERA_3'],"{'CAMERA_1': [], 'CAMERA_2': [], 'CAMERA_3': ['autofocus_points', 'settings', 'resolution', 'weight', 'color', 'long_exposure']}",C_QUESTION_ABOUT_FEATURE,CAMERA_3,long_exposure,what's the long exposure,PRESENT_X,CAMERA_3,S_ANSWERS_QUESTION_ABOUT_FEATURE,CAMERA_3,long_exposure,This one can take long exposures up to 30 minutes max with bulb mode.,PRESENT_X,CAMERA_3,39~68
408,10,CAMERA_3,['CAMERA_3'],"{'CAMERA_1': [], 'CAMERA_2': [], 'CAMERA_3': ['autofocus_points', 'settings', 'resolution', 'weight', 'color', 'long_exposure', 'price']}",C_QUESTION_ABOUT_FEATURE,CAMERA_3,price,okay how about the price,PRESENT_X,CAMERA_3,S_ANSWERS_QUESTION_ABOUT_FEATURE,CAMERA_3,price,This one costs $518.,PRESENT_X,CAMERA_3,15~19
408,11,CAMERA_2,"['CAMERA_3', 'CAMERA_2']","{'CAMERA_1': [], 'CAMERA_2': [], 'CAMERA_3': ['autofocus_points', 'settings', 'resolution', 'weight', 'color', 'long_exposure', 'price']}",C_ANYTHING_ELSE_AVAILABLE,CAMERA_3,NONE,okay do you have any other cameras I might be interested,PRESENT_X,CAMERA_3,S_INTRODUCES_CAMERA,CAMERA_2,,Let me show you this. Here we have the Fujifilm Lumix ILC Camera.,PRESENT_X,CAMERA_2,39~64
408,12,CAMERA_2,"['CAMERA_3', 'CAMERA_2']","{'CAMERA_1': [], 'CAMERA_2': ['effects'], 'CAMERA_3': ['autofocus_points', 'settings', 'resolution', 'weight', 'color', 'long_exposure', 'price']}",C_QUESTION_ABOUT_FEATURE,CAMERA_2,effects,what is about the artistic effect mode,PRESENT_X,CAMERA_2,S_ANSWERS_QUESTION_ABOUT_FEATURE,CAMERA_2,effects,"This one has 24 artistic effect modes (retro, lighter or darker skin tones, sepia, etc.).",PRESENT_X,CAMERA_2,13~88
408,13,CAMERA_2,"['CAMERA_3', 'CAMERA_2']","{'CAMERA_1': [], 'CAMERA_2': ['effects', 'optical_zoom'], 'CAMERA_3': ['autofocus_points', 'settings', 'resolution', 'weight', 'color', 'long_exposure', 'price']}",C_QUESTION_ABOUT_FEATURE,CAMERA_2,optical_zoom,good that's a good effect okay how about the optical zooms,PRESENT_X,CAMERA_2,S_ANSWERS_QUESTION_ABOUT_FEATURE,CAMERA_2,optical_zoom,This one has 21x optical zoom.,PRESENT_X,CAMERA_2,13~29
408,14,CAMERA_2,"['CAMERA_3', 'CAMERA_2']","{'CAMERA_1': [], 'CAMERA_2': ['effects', 'optical_zoom', 'weight'], 'CAMERA_3': ['autofocus_points', 'settings', 'resolution', 'weight', 'color', 'long_exposure', 'price']}",C_SILENT_OR_BACKCHANNEL,CAMERA_2,NONE,listen to be a very nice camera,PRESENT_X,CAMERA_2,S_INTRODUCES_FEATURE,CAMERA_2,weight,This one weighs 820 grams.,PRESENT_X,CAMERA_2,16~25
408,15,CAMERA_2,"['CAMERA_3', 'CAMERA_2']","{'CAMERA_1': [], 'CAMERA_2': ['effects', 'optical_zoom', 'weight', 'price'], 'CAMERA_3': ['autofocus_points', 'settings', 'resolution', 'weight', 'color', 'long_exposure', 'price']}",C_SILENT_OR_BACKCHANNEL,CAMERA_2,NONE,okay I say yeah,PRESENT_X,CAMERA_2,S_INTRODUCES_FEATURE,CAMERA_2,price,This one costs $768.,PRESENT_X,CAMERA_2,15~19
408,16,CAMERA_2,"['CAMERA_3', 'CAMERA_2']","{'CAMERA_1': [], 'CAMERA_2': ['effects', 'optical_zoom', 'weight', 'price', 'long_exposure'], 'CAMERA_3': ['autofocus_points', 'settings', 'resolution', 'weight', 'color', 'long_exposure', 'price']}",C_QUESTION_ABOUT_FEATURE,CAMERA_2,long_exposure,and what about the exposure folding,PRESENT_X,CAMERA_2,S_ANSWERS_QUESTION_ABOUT_FEATURE,CAMERA_2,long_exposure,This one can take long exposures up to 60 minutes max with bulb mode.,PRESENT_X,CAMERA_2,39~68
408,17,CAMERA_2,"['CAMERA_3', 'CAMERA_2']","{'CAMERA_1': [], 'CAMERA_2': ['effects', 'optical_zoom', 'weight', 'price', 'long_exposure', 'preset_modes'], 'CAMERA_3': ['autofocus_points', 'settings', 'resolution', 'weight', 'color', 'long_exposure', 'price']}",C_QUESTION_ABOUT_FEATURE,CAMERA_2,preset_modes,Is this camera support for basic mode,PRESENT_X,CAMERA_2,S_NOT_SURE,CAMERA_2,,I'm not really sure about that.,PRESENT_X,CAMERA_2,
408,18,NONE,"['CAMERA_3', 'CAMERA_2']","{'CAMERA_1': [], 'CAMERA_2': ['effects', 'optical_zoom', 'weight', 'price', 'long_exposure', 'preset_modes'], 'CAMERA_3': ['autofocus_points', 'settings', 'resolution', 'weight', 'color', 'long_exposure', 'price']}",C_THANK_YOU,CAMERA_2,NONE,thank you for your help and have a great day,PRESENT_X,CAMERA_2,S_THANK_YOU,CAMERA_2,NONE,thank you very much.,FACE_TO_FACE,NONE,
408,19,NONE,"['CAMERA_3', 'CAMERA_2']","{'CAMERA_1': [], 'CAMERA_2': ['effects', 'optical_zoom', 'weight', 'price', 'long_exposure', 'preset_modes'], 'CAMERA_3': ['autofocus_points', 'settings', 'resolution', 'weight', 'color', 'long_exposure', 'price']}",C_LEAVES,DOOR,NONE,,FACE_TO_FACE,NONE,S_RETURNS_TO_COUNTER,SERVICE_COUNTER,NONE,,WAITING,NONE,
409,1,NONE,[],"{'CAMERA_1': [], 'CAMERA_2': [], 'CAMERA_3': []}",C_ENTERS,DOOR,NONE,,WAITING,NONE,S_NONE,SERVICE_COUNTER,NONE,,WAITING,NONE,
409,2,NONE,[],"{'CAMERA_1': [], 'CAMERA_2': [], 'CAMERA_3': []}",C_WALKS_TO_CAMERA,CAMERA_2,NONE,,WAITING,NONE,S_NONE,SERVICE_COUNTER,NONE,,WAITING,NONE,
409,3,NONE,[],"{'CAMERA_1': [], 'CAMERA_2': [], 'CAMERA_3': []}",C_EXAMINES_CAMERA,CAMERA_2,NONE,,WAITING,NONE,S_GREETS,CAMERA_2,NONE,can I help you?,FACE_TO_FACE,NONE,
409,4,CAMERA_1,['CAMERA_1'],"{'CAMERA_1': [], 'CAMERA_2': [], 'CAMERA_3': []}",C_LOOKING_FOR_A_CAMERA,CAMERA_2,NONE,I want to take a look at the cameras here,FACE_TO_FACE,NONE,S_INTRODUCES_CAMERA,CAMERA_1,,Let me show you this. Here we have the Sony PowerShot ELPH DMC-ZS3.,PRESENT_X,CAMERA_1,39~66
409,5,CAMERA_1,['CAMERA_1'],"{'CAMERA_1': ['ISO'], 'CAMERA_2': [], 'CAMERA_3': []}",C_SILENT_OR_BACKCHANNEL,CAMERA_1,NONE,okay let me see,PRESENT_X,CAMERA_1,S_INTRODUCES_FEATURE,CAMERA_1,ISO,This one has up to 51200 ISO.,PRESENT_X,CAMERA_1,13~28
409,6,CAMERA_1,['CAMERA_1'],"{'CAMERA_1': ['ISO', 'weight'], 'CAMERA_2': [], 'CAMERA_3': []}",C_SILENT_OR_BACKCHANNEL,CAMERA_1,NONE,Oh that'd be great I really want to try it before buying it,PRESENT_X,CAMERA_1,S_INTRODUCES_FEATURE,CAMERA_1,weight,This one weighs 800 grams.,PRESENT_X,CAMERA_1,16~25
409,7,CAMERA_1,['CAMERA_1'],"{'CAMERA_1': ['ISO', 'weight', 'price'], 'CAMERA_2': [], 'CAMERA_3': []}",C_QUESTION_ABOUT_FEATURE,CAMERA_1,price,okay 950 grams of the body only and what is the price on this,PRESENT_X,CAMERA_1,S_ANSWERS_QUESTION_ABOUT_FEATURE,CAMERA_1,price,This one costs $450.,PRESENT_X,CAMERA_1,15~19
409,8,CAMERA_1,['CAMERA_1'],"{'CAMERA_1': ['ISO', 'weight', 'price', 'sensor_size'], 'CAMERA_2': [], 'CAMERA_3': []}",C_QUESTION_ABOUT_FEATURE,CAMERA_1,sensor_size,is this camera fully automatic,PRESENT_X,CAMERA_1,S_ANSWERS_QUESTION_ABOUT_FEATURE,CAMERA_1,sensor_size,This one has a 1/2.3 inch CMOS sensor.,PRESENT_X,CAMERA_1,15~37
409,9,CAMERA_1,['CAMERA_1'],"{'CAMERA_1': ['ISO', 'weight', 'price', 'sensor_size', 'color'], 'CAMERA_2': [], 'CAMERA_3': []}",C_QUESTION_ABOUT_FEATURE,CAMERA_1,color,does it come in any other color,PRESENT_X,CAMERA_1,S_ANSWERS_QUESTION_ABOUT_FEATURE,CAMERA_1,color,This one comes in blue or black.,PRESENT_X,CAMERA_1,18~31
409,10,CAMERA_1,['CAMERA_1'],"{'CAMERA_1': ['ISO', 'weight', 'price', 'sensor_size', 'color', 'camera_type'], 'CAMERA_2': [], 'CAMERA_3': []}",C_QUESTION_ABOUT_FEATURE,CAMERA_1,camera_type,is this a DSLR camera,PRESENT_X,CAMERA_1,S_ANSWERS_QUESTION_ABOUT_FEATURE,CAMERA_1,camera_type,This is a DSLR camera.,PRESENT_X,CAMERA_1,10~14
409,11,CAMERA_1,['CAMERA_1'],"{'CAMERA_1': ['ISO', 'weight', 'price', 'sensor_size', 'color', 'camera_type', 'settings'], 'CAMERA_2': [], 'CAMERA_3': []}",C_QUESTION_ABOUT_FEATURE,CAMERA_1,settings,that's great do I have to worry about setting things manually,PRESENT_X,CAMERA_1,S_ANSWERS_QUESTION_ABOUT_FEATURE,CAMERA_1,settings,This one has limited manual settings.,PRESENT_X,CAMERA_1,13~36
409,12,CAMERA_1,['CAMERA_1'],"{'CAMERA_1': ['ISO', 'weight', 'price', 'sensor_size', 'color', 'camera_type', 'settings', 'optical_zoom'], 'CAMERA_2': [], 'CAMERA_3': []}",C_QUESTION_ABOUT_FEATURE,CAMERA_1,optical_zoom,ok perfect for my budget okay do you know the optical zoom range,PRESENT_X,CAMERA_1,S_ANSWERS_QUESTION_ABOUT_FEATURE,CAMERA_1,optical_zoom,This one has 21x optical zoom.,PRESENT_X,CAMERA_1,13~29
409,13,CAMERA_1,['CAMERA_1'],"{'CAMERA_1': ['ISO', 'weight', 'price', 'sensor_size', 'color', 'camera_type', 'settings', 'optical_zoom', 'resolution'], 'CAMERA_2': [], 'CAMERA_3': []}",C_QUESTION_ABOUT_FEATURE,CAMERA_1,resolution,how many megapixels,PRESENT_X,CAMERA_1,S_ANSWERS_QUESTION_ABOUT_FEATURE,CAMERA_1,resolution,This one has 17.8 megapixels resolution.,PRESENT_X,CAMERA_1,13~28
409,14,CAMERA_1,['CAMERA_1'],"{'CAMERA_1': ['ISO', 'weight', 'price', 'sensor_size', 'color', 'camera_type', 'settings', 'optical_zoom', 'resolution', 'autofocus_points'], 'CAMERA_2': [], 'CAMERA_3': []}",C_QUESTION_ABOUT_FEATURE,CAMERA_1,autofocus_points,how many autofocus points does it have,PRESENT_X,CAMERA_1,S_ANSWERS_QUESTION_ABOUT_FEATURE,CAMERA_1,autofocus_points,This one has 135 autofocus points.,PRESENT_X,CAMERA_1,13~33
409,15,CAMERA_1,['CAMERA_1'],"{'CAMERA_1': ['ISO', 'weight', 'price', 'sensor_size', 'color', 'camera_type', 'settings', 'optical_zoom', 'resolution', 'autofocus_points', 'preset_modes'], 'CAMERA_2': [], 'CAMERA_3': []}",C_QUESTION_ABOUT_FEATURE,CAMERA_1,preset_modes,does it have any preset modes,PRESENT_X,CAMERA_1,S_NOT_SURE,CAMERA_1,,I'm not really sure about that.,PRESENT_X,CAMERA_1,
409,16,CAMERA_1,['CAMERA_1'],"{'CAMERA_1': ['ISO', 'weight', 'price', 'sensor_size', 'color', 'camera_type', 'settings', 'optical_zoom', 'resolution', 'autofocus_points', 'preset_modes', 'long_exposure'], 'CAMERA_2': [], 'CAMERA_3': []}",C_SILENT_OR_BACKCHANNEL,CAMERA_1,NONE,huh,PRESENT_X,CAMERA_1,S_INTRODUCES_FEATURE,CAMERA_1,long_exposure,This one can take long exposures up to up to 15 seconds with Long Shutter Mode.,PRESENT_X,CAMERA_1,39~78
409,17,CAMERA_1,['CAMERA_1'],"{'CAMERA_1': ['ISO', 'weight', 'price', 'sensor_size', 'color', 'camera_type', 'settings', 'optical_zoom', 'resolution', 'autofocus_points', 'preset_modes', 'long_exposure', 'effects'], 'CAMERA_2': [], 'CAMERA_3': []}",C_QUESTION_ABOUT_FEATURE,CAMERA_1,effects,what about the artistic effect mode how does that work,PRESENT_X,CAMERA_1,S_ANSWERS_QUESTION_ABOUT_FEATURE,CAMERA_1,effects,"This one has 24 glamor retouch effects (miniature, retro, toy camera, etc.).",PRESENT_X,CAMERA_1,13~75
409,18,CAMERA_1,['CAMERA_1'],"{'CAMERA_1': ['ISO', 'weight', 'price', 'sensor_size', 'color', 'camera_type', 'settings', 'optical_zoom', 'resolution', 'autofocus_points', 'preset_modes', 'long_exposure', 'effects', 'ISO'], 'CAMERA_2': [], 'CAMERA_3': []}",C_QUESTION_ABOUT_FEATURE,CAMERA_1,ISO,great under how about the ISO,PRESENT_X,CAMERA_1,S_ANSWERS_QUESTION_ABOUT_FEATURE,CAMERA_1,ISO,This one has up to 51200 ISO.,PRESENT_X,CAMERA_1,13~28
409,19,CAMERA_1,['CAMERA_1'],"{'CAMERA_1': ['ISO', 'weight', 'price', 'sensor_size', 'color', 'camera_type', 'settings', 'optical_zoom', 'resolution', 'autofocus_points', 'preset_modes', 'long_exposure', 'effects', 'ISO', 'ISO'], 'CAMERA_2': [], 'CAMERA_3': []}",C_SILENT_OR_BACKCHANNEL,CAMERA_1,NONE,IC,PRESENT_X,CAMERA_1,S_INTRODUCES_FEATURE,CAMERA_1,ISO,This one has up to 51200 ISO.,PRESENT_X,CAMERA_1,13~28
409,20,CAMERA_1,['CAMERA_1'],"{'CAMERA_1': ['ISO', 'weight', 'price', 'sensor_size', 'color', 'camera_type', 'settings', 'optical_zoom', 'resolution', 'autofocus_points', 'preset_modes', 'long_exposure', 'effects', 'ISO', 'ISO', 'settings'], 'CAMERA_2': [], 'CAMERA_3': []}",C_QUESTION_ABOUT_FEATURE,CAMERA_1,settings,under what city is the setting on this phone,PRESENT_X,CAMERA_1,S_ANSWERS_QUESTION_ABOUT_FEATURE,CAMERA_1,settings,This one has limited manual settings.,PRESENT_X,CAMERA_1,13~36
409,21,CAMERA_1,['CAMERA_1'],"{'CAMERA_1': ['ISO', 'weight', 'price', 'sensor_size', 'color', 'camera_type', 'settings', 'optical_zoom', 'resolution', 'autofocus_points', 'preset_modes', 'long_exposure', 'effects', 'ISO', 'ISO', 'settings', 'effects'], 'CAMERA_2': [], 'CAMERA_3': []}",C_QUESTION_ABOUT_FEATURE,CAMERA_1,effects,and what is the artistic effect mode on this camera,PRESENT_X,CAMERA_1,S_ANSWERS_QUESTION_ABOUT_FEATURE,CAMERA_1,effects,"This one has 24 glamor retouch effects (miniature, retro, toy camera, etc.).",PRESENT_X,CAMERA_1,13~75
409,22,CAMERA_2,"['CAMERA_1', 'CAMERA_2']","{'CAMERA_1': ['ISO', 'weight', 'price', 'sensor_size', 'color', 'camera_type', 'settings', 'optical_zoom', 'resolution', 'autofocus_points', 'preset_modes', 'long_exposure', 'effects', 'ISO', 'ISO', 'settings', 'effects'], 'CAMERA_2': [], 'CAMERA_3': []}",C_ANYTHING_ELSE_AVAILABLE,CAMERA_1,NONE,ok do you have any other cameras,PRESENT_X,CAMERA_1,S_INTRODUCES_CAMERA,CAMERA_2,,Let me show you this. Here we have the Fujifilm Lumix ILC Camera.,PRESENT_X,CAMERA_2,39~64
409,23,CAMERA_2,"['CAMERA_1', 'CAMERA_2']","{'CAMERA_1': ['ISO', 'weight', 'price', 'sensor_size', 'color', 'camera_type', 'settings', 'optical_zoom', 'resolution', 'autofocus_points', 'preset_modes', 'long_exposure', 'effects', 'ISO', 'ISO', 'settings', 'effects'], 'CAMERA_2': ['autofocus_points'], 'CAMERA_3': []}",C_QUESTION_ABOUT_FEATURE,CAMERA_2,autofocus_points,that sounds good what about it's also Focus points,PRESENT_X,CAMERA_2,S_NOT_SURE,CAMERA_2,,I'm not really sure about that.,PRESENT_X,CAMERA_2,
409,24,NONE,"['CAMERA_1', 'CAMERA_2']","{'CAMERA_1': ['ISO', 'weight', 'price', 'sensor_size', 'color', 'camera_type', 'settings', 'optical_zoom', 'resolution', 'autofocus_points', 'preset_modes', 'long_exposure', 'effects', 'ISO', 'ISO', 'settings', 'effects'], 'CAMERA_2': ['autofocus_points'], 'CAMERA_3': []}",C_THANK_YOU,CAMERA_2,NONE,thank you,PRESENT_X,CAMERA_2,S_THANK_YOU,CAMERA_2,NONE,thank you very much.,FACE_TO_FACE,NONE,
409,25,NONE,"['CAMERA_1', 'CAMERA_2']","{'CAMERA_1': ['ISO', 'weight', 'price', 'sensor_size', 'color', 'camera_type', 'settings', 'optical_zoom', 'resolution', 'autofocus_points', 'preset_modes', 'long_exposure', 'effects', 'ISO', 'ISO', 'settings', 'effects'], 'CAMERA_2': ['autofocus_points'], 'CAMERA_3': []}",C_LEAVES,DOOR,NONE,,FACE_TO_FACE,NONE,S_RETURNS_TO_COUNTER,SERVICE_COUNTER,NONE,,WAITING,NONE,
410,1,NONE,[],"{'CAMERA_1': [], 'CAMERA_2': [], 'CAMERA_3': []}",C_ENTERS,DOOR,NONE,,WAITING,NONE,S_NONE,SERVICE_COUNTER,NONE,,WAITING,NONE,
410,2,NONE,[],"{'CAMERA_1': [], 'CAMERA_2': [], 'CAMERA_3': []}",C_WALKS_TO_CAMERA,CAMERA_2,NONE,,WAITING,NONE,S_GREETS,CAMERA_2,NONE,can I help you?,FACE_TO_FACE,NONE,
410,3,CAMERA_2,['CAMERA_2'],"{'CAMERA_1': [], 'CAMERA_2': [], 'CAMERA_3': []}",C_LOOKING_FOR_A_CAMERA,CAMERA_2,NONE,I'm looking for a good camera,FACE_TO_FACE,NONE,S_INTRODUCES_CAMERA,CAMERA_2,,Let me show you this. Here we have the Fujifilm Lumix ILC Camera.,PRESENT_X,CAMERA_2,39~64
410,4,CAMERA_2,['CAMERA_2'],"{'CAMERA_1': [], 'CAMERA_2': ['sensor_size'], 'CAMERA_3': []}",C_QUESTION_ABOUT_FEATURE,CAMERA_2,sensor_size,what about the sensor size,PRESENT_X,CAMERA_2,S_ANSWERS_QUESTION_ABOUT_FEATURE,CAMERA_2,sensor_size,This one has a 1/2.33 inch sensor.,PRESENT_X,CAMERA_2,15~33
410,5,CAMERA_2,['CAMERA_2'],"{'CAMERA_1': [], 'CAMERA_2': ['sensor_size', 'autofocus_points'], 'CAMERA_3': []}",C_QUESTION_ABOUT_FEATURE,CAMERA_2,autofocus_points,I think you and the auto Focus points on this,PRESENT_X,CAMERA_2,S_NOT_SURE,CAMERA_2,,I'm not really sure about that.,PRESENT_X,CAMERA_2,
410,6,CAMERA_2,['CAMERA_2'],"{'CAMERA_1': [], 'CAMERA_2': ['sensor_size', 'autofocus_points', 'price'], 'CAMERA_3': []}",C_SILENT_OR_BACKCHANNEL,CAMERA_2,NONE,sounds good,PRESENT_X,CAMERA_2,S_INTRODUCES_FEATURE,CAMERA_2,price,This one costs $768.,PRESENT_X,CAMERA_2,15~19
410,7,CAMERA_2,['CAMERA_2'],"{'CAMERA_1': [], 'CAMERA_2': ['sensor_size', 'autofocus_points', 'price', 'effects'], 'CAMERA_3': []}",C_SILENT_OR_BACKCHANNEL,CAMERA_2,NONE,I say,PRESENT_X,CAMERA_2,S_INTRODUCES_FEATURE,CAMERA_2,effects,"This one has 24 artistic effect modes (retro, lighter or darker skin tones, sepia, etc.).",PRESENT_X,CAMERA_2,13~88
410,8,CAMERA_2,['CAMERA_2'],"{'CAMERA_1': [], 'CAMERA_2': ['sensor_size', 'autofocus_points', 'price', 'effects', 'resolution'], 'CAMERA_3': []}",C_QUESTION_ABOUT_FEATURE,CAMERA_2,resolution,how many megapixels does it have,PRESENT_X,CAMERA_2,S_ANSWERS_QUESTION_ABOUT_FEATURE,CAMERA_2,resolution,This one has 23.8 megapixels resolution.,PRESENT_X,CAMERA_2,13~28
410,9,CAMERA_3,"['CAMERA_2', 'CAMERA_3']","{'CAMERA_1': [], 'CAMERA_2': ['sensor_size', 'autofocus_points', 'price', 'effects', 'resolution'], 'CAMERA_3': []}",C_ANYTHING_ELSE_AVAILABLE,CAMERA_2,NONE,ok do you have any other cameras,PRESENT_X,CAMERA_2,S_INTRODUCES_CAMERA,CAMERA_3,,Let me show you this. Here we have the Fujifilm PowerShot ELPH S2800.,PRESENT_X,CAMERA_3,39~68
410,10,CAMERA_3,"['CAMERA_2', 'CAMERA_3']","{'CAMERA_1': [], 'CAMERA_2': ['sensor_size', 'autofocus_points', 'price', 'effects', 'resolution'], 'CAMERA_3': ['long_exposure']}",C_QUESTION_ABOUT_FEATURE,CAMERA_3,long_exposure,Is this support for long exposure,PRESENT_X,CAMERA_3,S_ANSWERS_QUESTION_ABOUT_FEATURE,CAMERA_3,long_exposure,This one can take long exposures up to 30 minutes max with bulb mode.,PRESENT_X,CAMERA_3,39~68
410,11,CAMERA_3,"['CAMERA_2', 'CAMERA_3']","{'CAMERA_1': [], 'CAMERA_2': ['sensor_size', 'autofocus_points', 'price', 'effects', 'resolution'], 'CAMERA_3': ['long_exposure', 'resolution']}",C_QUESTION_ABOUT_FEATURE,CAMERA_3,resolution,what's the megapixel thing on this,PRESENT_X,CAMERA_3,S_ANSWERS_QUESTION_ABOUT_FEATURE,CAMERA_3,resolution,This one has 23.2 megapixels resolution.,PRESENT_X,CAMERA_3,13~28
410,12,CAMERA_3,"['CAMERA_2', 'CAMERA_3']","{'CAMERA_1': [], 'CAMERA_2': ['sensor_size', 'autofocus_points', 'price', 'effects', 'resolution'], 'CAMERA_3': ['long_exposure', 'resolution', 'sensor_size']}",C_SILENT_OR_BACKCHANNEL,CAMERA_3,NONE,ok is this camera really nice,PRESENT_X,CAMERA_3,S_INTRODUCES_FEATURE,CAMERA_3,sensor_size,This one has a full frame.,PRESENT_X,CAMERA_3,15~25
410,13,CAMERA_1,"['CAMERA_2', 'CAMERA_3', 'CAMERA_1']","{'CAMERA_1': [], 'CAMERA_2': ['sensor_size', 'autofocus_points', 'price', 'effects', 'resolution'], 'CAMERA_3': ['long_exposure', 'resolution', 'sensor_size']}",C_ANYTHING_ELSE_AVAILABLE,CAMERA_3,NONE,I see do you have any other options that you can show me,PRESENT_X,CAMERA_3,S_INTRODUCES_CAMERA,CAMERA_1,,Let me show you this. Here we have the Sony PowerShot ELPH DMC-ZS3.,PRESENT_X,CAMERA_1,39~66
410,14,CAMERA_1,"['CAMERA_2', 'CAMERA_3', 'CAMERA_1']","{'CAMERA_1': ['settings'], 'CAMERA_2': ['sensor_size', 'autofocus_points', 'price', 'effects', 'resolution'], 'CAMERA_3': ['long_exposure', 'resolution', 'sensor_size']}",C_QUESTION_ABOUT_FEATURE,CAMERA_1,settings,sounds good what about the manual settings,PRESENT_X,CAMERA_1,S_ANSWERS_QUESTION_ABOUT_FEATURE,CAMERA_1,settings,This one has limited manual settings.,PRESENT_X,CAMERA_1,13~36
410,15,CAMERA_1,"['CAMERA_2', 'CAMERA_3', 'CAMERA_1']","{'CAMERA_1': ['settings', 'preset_modes'], 'CAMERA_2': ['sensor_size', 'autofocus_points', 'price', 'effects', 'resolution'], 'CAMERA_3': ['long_exposure', 'resolution', 'sensor_size']}",C_QUESTION_ABOUT_FEATURE,CAMERA_1,preset_modes,does he have any menu settings at all,PRESENT_X,CAMERA_1,S_NOT_SURE,CAMERA_1,,I'm not really sure about that.,PRESENT_X,CAMERA_1,
410,16,CAMERA_1,"['CAMERA_2', 'CAMERA_3', 'CAMERA_1']","{'CAMERA_1': ['settings', 'preset_modes', 'autofocus_points'], 'CAMERA_2': ['sensor_size', 'autofocus_points', 'price', 'effects', 'resolution'], 'CAMERA_3': ['long_exposure', 'resolution', 'sensor_size']}",C_SILENT_OR_BACKCHANNEL,CAMERA_1,NONE,that's good,PRESENT_X,CAMERA_1,S_INTRODUCES_FEATURE,CAMERA_1,autofocus_points,This one has 135 autofocus points.,PRESENT_X,CAMERA_1,13~33
410,17,CAMERA_1,"['CAMERA_2', 'CAMERA_3', 'CAMERA_1']","{'CAMERA_1': ['settings', 'preset_modes', 'autofocus_points', 'camera_type'], 'CAMERA_2': ['sensor_size', 'autofocus_points', 'price', 'effects', 'resolution'], 'CAMERA_3': ['long_exposure', 'resolution', 'sensor_size']}",C_QUESTION_ABOUT_FEATURE,CAMERA_1,camera_type,is this a point and shoot camera,PRESENT_X,CAMERA_1,S_ANSWERS_QUESTION_ABOUT_FEATURE,CAMERA_1,camera_type,This is a DSLR camera.,PRESENT_X,CAMERA_1,10~14
410,18,CAMERA_1,"['CAMERA_2', 'CAMERA_3', 'CAMERA_1']","{'CAMERA_1': ['settings', 'preset_modes', 'autofocus_points', 'camera_type', 'sensor_size'], 'CAMERA_2': ['sensor_size', 'autofocus_points', 'price', 'effects', 'resolution'], 'CAMERA_3': ['long_exposure', 'resolution', 'sensor_size']}",C_SILENT_OR_BACKCHANNEL,CAMERA_1,NONE,uh huh I say,PRESENT_X,CAMERA_1,S_INTRODUCES_FEATURE,CAMERA_1,sensor_size,This one has a 1/2.3 inch CMOS sensor.,PRESENT_X,CAMERA_1,15~37
410,19,,"['CAMERA_2', 'CAMERA_3', 'CAMERA_1']","{'CAMERA_1': ['settings', 'preset_modes', 'autofocus_points', 'camera_type', 'sensor_size'], 'CAMERA_2': ['sensor_size', 'autofocus_points', 'price', 'effects', 'resolution'], 'CAMERA_3': ['long_exposure', 'resolution', 'sensor_size']}",C_ANYTHING_ELSE_AVAILABLE,CAMERA_1,NONE,I see do you have any other options that you can show me,PRESENT_X,CAMERA_1,S_THATS_ALL_WE_HAVE_AVAILABLE,CAMERA_1,,That's all we have available at the moment.,PRESENT_X,CAMERA_1,
410,20,NONE,"['CAMERA_2', 'CAMERA_3', 'CAMERA_1']","{'CAMERA_1': ['settings', 'preset_modes', 'autofocus_points', 'camera_type', 'sensor_size'], 'CAMERA_2': ['sensor_size', 'autofocus_points', 'price', 'effects', 'resolution'], 'CAMERA_3': ['long_exposure', 'resolution', 'sensor_size']}",C_THANK_YOU,CAMERA_1,NONE,let me think about it I'll get back to you okay,PRESENT_X,CAMERA_1,S_THANK_YOU,CAMERA_1,NONE,thank you very much.,FACE_TO_FACE,NONE,
410,21,NONE,"['CAMERA_2', 'CAMERA_3', 'CAMERA_1']","{'CAMERA_1': ['settings', 'preset_modes', 'autofocus_points', 'camera_type', 'sensor_size'], 'CAMERA_2': ['sensor_size', 'autofocus_points', 'price', 'effects', 'resolution'], 'CAMERA_3': ['long_exposure', 'resolution', 'sensor_size']}",C_LEAVES,DOOR,NONE,,FACE_TO_FACE,NONE,S_RETURNS_TO_COUNTER,SERVICE_COUNTER,NONE,,WAITING,NONE,
411,1,NONE,[],"{'CAMERA_1': [], 'CAMERA_2': [], 'CAMERA_3': []}",C_ENTERS,DOOR,NONE,,WAITING,NONE,S_NONE,SERVICE_COUNTER,NONE,,WAITING,NONE,
411,2,NONE,[],"{'CAMERA_1': [], 'CAMERA_2': [], 'CAMERA_3': []}",C_WALKS_TO_CAMERA,CAMERA_2,NONE,,WAITING,NONE,S_GREETS,CAMERA_2,NONE,can I help you?,FACE_TO_FACE,NONE,
411,3,CAMERA_1,['CAMERA_1'],"{'CAMERA_1': [], 'CAMERA_2': [], 'CAMERA_3': []}",C_LOOKING_FOR_A_CAMERA,CAMERA_2,NONE,I am looking to take take pictures with a camera,FACE_TO_FACE,NONE,S_INTRODUCES_CAMERA,CAMERA_1,,Let me show you this. Here we have the Sony PowerShot ELPH DMC-ZS3.,PRESENT_X,CAMERA_1,39~66
411,4,CAMERA_1,['CAMERA_1'],"{'CAMERA_1': ['settings'], 'CAMERA_2': [], 'CAMERA_3': []}",C_QUESTION_ABOUT_FEATURE,CAMERA_1,settings,K and do what manual settings what are the manual settings on this,PRESENT_X,CAMERA_1,S_ANSWERS_QUESTION_ABOUT_FEATURE,CAMERA_1,settings,This one has limited manual settings.,PRESENT_X,CAMERA_1,13~36
411,5,CAMERA_1,['CAMERA_1'],"{'CAMERA_1': ['settings', 'optical_zoom'], 'CAMERA_2': [], 'CAMERA_3': []}",C_QUESTION_ABOUT_FEATURE,CAMERA_1,optical_zoom,does it have a good zoom,PRESENT_X,CAMERA_1,S_ANSWERS_QUESTION_ABOUT_FEATURE,CAMERA_1,optical_zoom,This one has 21x optical zoom.,PRESENT_X,CAMERA_1,13~29
411,6,CAMERA_1,['CAMERA_1'],"{'CAMERA_1': ['settings', 'optical_zoom', 'price'], 'CAMERA_2': [], 'CAMERA_3': []}",C_QUESTION_ABOUT_FEATURE,CAMERA_1,price,how much does it cost,PRESENT_X,CAMERA_1,S_ANSWERS_QUESTION_ABOUT_FEATURE,CAMERA_1,price,This one costs $450.,PRESENT_X,CAMERA_1,15~19
411,7,CAMERA_1,['CAMERA_1'],"{'CAMERA_1': ['settings', 'optical_zoom', 'price', 'color'], 'CAMERA_2': [], 'CAMERA_3': []}",C_SILENT_OR_BACKCHANNEL,CAMERA_1,NONE,ok,PRESENT_X,CAMERA_1,S_INTRODUCES_FEATURE,CAMERA_1,color,This one comes in blue or black.,PRESENT_X,CAMERA_1,18~31
411,8,NONE,['CAMERA_1'],"{'CAMERA_1': ['settings', 'optical_zoom', 'price', 'color'], 'CAMERA_2': [], 'CAMERA_3': []}",C_THANK_YOU,CAMERA_1,NONE,thank you,PRESENT_X,CAMERA_1,S_THANK_YOU,CAMERA_1,NONE,thank you very much.,FACE_TO_FACE,NONE,
411,9,NONE,['CAMERA_1'],"{'CAMERA_1': ['settings', 'optical_zoom', 'price', 'color'], 'CAMERA_2': [], 'CAMERA_3': []}",C_LEAVES,DOOR,NONE,,FACE_TO_FACE,NONE,S_RETURNS_TO_COUNTER,SERVICE_COUNTER,NONE,,WAITING,NONE,
412,1,NONE,[],"{'CAMERA_1': [], 'CAMERA_2': [], 'CAMERA_3': []}",C_ENTERS,DOOR,NONE,,WAITING,NONE,S_NONE,SERVICE_COUNTER,NONE,,WAITING,NONE,
412,2,NONE,[],"{'CAMERA_1': [], 'CAMERA_2': [], 'CAMERA_3': []}",C_WALKS_TO_CAMERA,CAMERA_3,NONE,,WAITING,NONE,S_GREETS,CAMERA_3,NONE,can I help you?,FACE_TO_FACE,NONE,
412,3,CAMERA_3,['CAMERA_3'],"{'CAMERA_1': [], 'CAMERA_2': [], 'CAMERA_3': []}",C_LOOKING_FOR_A_CAMERA,CAMERA_3,NONE,just looking to buy a camera,FACE_TO_FACE,NONE,S_INTRODUCES_CAMERA,CAMERA_3,,Let me show you this. Here we have the Fujifilm PowerShot ELPH S2800.,PRESENT_X,CAMERA_3,39~68
412,4,CAMERA_3,['CAMERA_3'],"{'CAMERA_1': [], 'CAMERA_2': [], 'CAMERA_3': ['price']}",C_QUESTION_ABOUT_FEATURE,CAMERA_3,price,how much does it cost,PRESENT_X,CAMERA_3,S_ANSWERS_QUESTION_ABOUT_FEATURE,CAMERA_3,price,This one costs $518.,PRESENT_X,CAMERA_3,15~19
412,5,CAMERA_3,['CAMERA_3'],"{'CAMERA_1': [], 'CAMERA_2': [], 'CAMERA_3': ['price', 'sensor_size']}",C_QUESTION_ABOUT_FEATURE,CAMERA_3,sensor_size,is the sensor on this phone as big as the DSLR,PRESENT_X,CAMERA_3,S_ANSWERS_QUESTION_ABOUT_FEATURE,CAMERA_3,sensor_size,This one has a full frame.,PRESENT_X,CAMERA_3,15~25
412,6,CAMERA_3,['CAMERA_3'],"{'CAMERA_1': [], 'CAMERA_2': [], 'CAMERA_3': ['price', 'sensor_size', 'settings']}",C_QUESTION_ABOUT_FEATURE,CAMERA_3,settings,how much Freedom do I get when using this camera,PRESENT_X,CAMERA_3,S_ANSWERS_QUESTION_ABOUT_FEATURE,CAMERA_3,settings,"This one has manual control and various automatic settings (video modeburst shooting, etc.).",PRESENT_X,CAMERA_3,13~91
412,7,CAMERA_3,['CAMERA_3'],"{'CAMERA_1': [], 'CAMERA_2': [], 'CAMERA_3': ['price', 'sensor_size', 'settings', 'color']}",C_SILENT_OR_BACKCHANNEL,CAMERA_3,NONE,okay okay,PRESENT_X,CAMERA_3,S_INTRODUCES_FEATURE,CAMERA_3,color,"This one comes in purple, white, silver, blue, red, or pink.",PRESENT_X,CAMERA_3,18~59
412,8,CAMERA_3,['CAMERA_3'],"{'CAMERA_1': [], 'CAMERA_2': [], 'CAMERA_3': ['price', 'sensor_size', 'settings', 'color', 'resolution']}",C_QUESTION_ABOUT_FEATURE,CAMERA_3,resolution,how many megapixels does it have,PRESENT_X,CAMERA_3,S_ANSWERS_QUESTION_ABOUT_FEATURE,CAMERA_3,resolution,This one has 23.2 megapixels resolution.,PRESENT_X,CAMERA_3,13~28
412,9,CAMERA_3,['CAMERA_3'],"{'CAMERA_1': [], 'CAMERA_2': [], 'CAMERA_3': ['price', 'sensor_size', 'settings', 'color', 'resolution', 'effects']}",C_QUESTION_ABOUT_FEATURE,CAMERA_3,effects,what's the artistic effect mode,PRESENT_X,CAMERA_3,S_ANSWERS_QUESTION_ABOUT_FEATURE,CAMERA_3,effects,"This one has 21 photo effects (small face, retro, big eyes, etc.).",PRESENT_X,CAMERA_3,13~65
412,10,CAMERA_3,['CAMERA_3'],"{'CAMERA_1': [], 'CAMERA_2': [], 'CAMERA_3': ['price', 'sensor_size', 'settings', 'color', 'resolution', 'effects', 'autofocus_points']}",C_QUESTION_ABOUT_FEATURE,CAMERA_3,autofocus_points,how many oz are Focus points,PRESENT_X,CAMERA_3,S_ANSWERS_QUESTION_ABOUT_FEATURE,CAMERA_3,autofocus_points,This one has 214 autofocus points.,PRESENT_X,CAMERA_3,13~33
412,11,CAMERA_3,['CAMERA_3'],"{'CAMERA_1': [], 'CAMERA_2': [], 'CAMERA_3': ['price', 'sensor_size', 'settings', 'color', 'resolution', 'effects', 'autofocus_points', 'camera_type']}",C_SILENT_OR_BACKCHANNEL,CAMERA_3,NONE,it looks like a good camera what this iso mean,PRESENT_X,CAMERA_3,S_INTRODUCES_FEATURE,CAMERA_3,camera_type,This is a point and shoot camera.,PRESENT_X,CAMERA_3,10~25
412,12,NONE,['CAMERA_3'],"{'CAMERA_1': [], 'CAMERA_2': [], 'CAMERA_3': ['price', 'sensor_size', 'settings', 'color', 'resolution', 'effects', 'autofocus_points', 'camera_type']}",C_THANK_YOU,CAMERA_3,NONE,very much for a system thank you bro,PRESENT_X,CAMERA_3,S_THANK_YOU,CAMERA_3,NONE,thank you very much.,FACE_TO_FACE,NONE,
412,13,NONE,['CAMERA_3'],"{'CAMERA_1': [], 'CAMERA_2': [], 'CAMERA_3': ['price', 'sensor_size', 'settings', 'color', 'resolution', 'effects', 'autofocus_points', 'camera_type']}",C_LEAVES,DOOR,NONE,,FACE_TO_FACE,NONE,S_RETURNS_TO_COUNTER,SERVICE_COUNTER,NONE,,WAITING,NONE,
413,1,NONE,[],"{'CAMERA_1': [], 'CAMERA_2': [], 'CAMERA_3': []}",C_ENTERS,DOOR,NONE,,WAITING,NONE,S_NONE,SERVICE_COUNTER,NONE,,WAITING,NONE,
413,2,NONE,[],"{'CAMERA_1': [], 'CAMERA_2': [], 'CAMERA_3': []}",C_WALKS_TO_CAMERA,CAMERA_1,NONE,,WAITING,NONE,S_NONE,SERVICE_COUNTER,NONE,,WAITING,NONE,
413,3,NONE,[],"{'CAMERA_1': [], 'CAMERA_2': [], 'CAMERA_3': []}",C_EXAMINES_CAMERA,CAMERA_1,NONE,,WAITING,NONE,S_NONE,SERVICE_COUNTER,NONE,,WAITING,NONE,
413,4,NONE,[],"{'CAMERA_1': [], 'CAMERA_2': [], 'CAMERA_3': []}",C_WALKS_TO_CAMERA,CAMERA_3,NONE,,WAITING,NONE,S_GREETS,CAMERA_3,NONE,can I help you?,FACE_TO_FACE,NONE,
413,5,CAMERA_3,['CAMERA_3'],"{'CAMERA_1': [], 'CAMERA_2': [], 'CAMERA_3': []}",C_LOOKING_FOR_A_CAMERA,CAMERA_3,NONE,hi in them looking for a quick replacement can you show me what options you have,FACE_TO_FACE,NONE,S_INTRODUCES_CAMERA,CAMERA_3,,Let me show you this. Here we have the Fujifilm PowerShot ELPH S2800.,PRESENT_X,CAMERA_3,39~68
413,6,CAMERA_3,['CAMERA_3'],"{'CAMERA_1': [], 'CAMERA_2': [], 'CAMERA_3': ['preset_modes']}",C_QUESTION_ABOUT_FEATURE,CAMERA_3,preset_modes,Does this support for does mode,PRESENT_X,CAMERA_3,S_ANSWERS_QUESTION_ABOUT_FEATURE,CAMERA_3,preset_modes,This one has various preset modes.,PRESENT_X,CAMERA_3,13~33
413,7,CAMERA_2,"['CAMERA_3', 'CAMERA_2']","{'CAMERA_1': [], 'CAMERA_2': [], 'CAMERA_3': ['preset_modes']}",C_ANYTHING_ELSE_AVAILABLE,CAMERA_3,NONE,oh I see that's very interesting do you have any other cameras that you can recommend me,PRESENT_X,CAMERA_3,S_INTRODUCES_CAMERA,CAMERA_2,,Let me show you this. Here we have the Fujifilm Lumix ILC Camera.,PRESENT_X,CAMERA_2,39~64
413,8,CAMERA_2,"['CAMERA_3', 'CAMERA_2']","{'CAMERA_1': [], 'CAMERA_2': ['effects'], 'CAMERA_3': ['preset_modes']}",C_SILENT_OR_BACKCHANNEL,CAMERA_2,NONE,Wow it also seems very friendly to use,PRESENT_X,CAMERA_2,S_INTRODUCES_FEATURE,CAMERA_2,effects,"This one has 24 artistic effect modes (retro, lighter or darker skin tones, sepia, etc.).",PRESENT_X,CAMERA_2,13~88
413,9,CAMERA_2,"['CAMERA_3', 'CAMERA_2']","{'CAMERA_1': [], 'CAMERA_2': ['effects', 'resolution'], 'CAMERA_3': ['preset_modes']}",C_SILENT_OR_BACKCHANNEL,CAMERA_2,NONE,this is pretty new does it take good photos,PRESENT_X,CAMERA_2,S_INTRODUCES_FEATURE,CAMERA_2,resolution,This one has 23.8 megapixels resolution.,PRESENT_X,CAMERA_2,13~28
413,10,CAMERA_2,"['CAMERA_3', 'CAMERA_2']","{'CAMERA_1': [], 'CAMERA_2': ['effects', 'resolution', 'optical_zoom'], 'CAMERA_3': ['preset_modes']}",C_QUESTION_ABOUT_FEATURE,CAMERA_2,optical_zoom,What about the Zoom,PRESENT_X,CAMERA_2,S_ANSWERS_QUESTION_ABOUT_FEATURE,CAMERA_2,optical_zoom,This one has 21x optical zoom.,PRESENT_X,CAMERA_2,13~29
413,11,CAMERA_2,"['CAMERA_3', 'CAMERA_2']","{'CAMERA_1': [], 'CAMERA_2': ['effects', 'resolution', 'optical_zoom', 'weight'], 'CAMERA_3': ['preset_modes']}",C_SILENT_OR_BACKCHANNEL,CAMERA_2,NONE,ok not too bad not too bad,PRESENT_X,CAMERA_2,S_INTRODUCES_FEATURE,CAMERA_2,weight,This one weighs 820 grams.,PRESENT_X,CAMERA_2,16~25
413,12,CAMERA_2,"['CAMERA_3', 'CAMERA_2']","{'CAMERA_1': [], 'CAMERA_2': ['effects', 'resolution', 'optical_zoom', 'weight', 'settings'], 'CAMERA_3': ['preset_modes']}",C_SILENT_OR_BACKCHANNEL,CAMERA_2,NONE,IC,PRESENT_X,CAMERA_2,S_INTRODUCES_FEATURE,CAMERA_2,settings,"This one has manual control and various automatic settings (video modeburst shooting, etc.).",PRESENT_X,CAMERA_2,13~91
413,13,NONE,"['CAMERA_3', 'CAMERA_2']","{'CAMERA_1': [], 'CAMERA_2': ['effects', 'resolution', 'optical_zoom', 'weight', 'settings'], 'CAMERA_3': ['preset_modes']}",C_THANK_YOU,CAMERA_2,NONE,okay thank you,PRESENT_X,CAMERA_2,S_THANK_YOU,CAMERA_2,NONE,thank you very much.,FACE_TO_FACE,NONE,
413,14,NONE,"['CAMERA_3', 'CAMERA_2']","{'CAMERA_1': [], 'CAMERA_2': ['effects', 'resolution', 'optical_zoom', 'weight', 'settings'], 'CAMERA_3': ['preset_modes']}",C_LEAVES,DOOR,NONE,,FACE_TO_FACE,NONE,S_RETURNS_TO_COUNTER,SERVICE_COUNTER,NONE,,WAITING,NONE,
414,1,NONE,[],"{'CAMERA_1': [], 'CAMERA_2': [], 'CAMERA_3': []}",C_ENTERS,DOOR,NONE,,WAITING,NONE,S_NONE,SERVICE_COUNTER,NONE,,WAITING,NONE,
414,2,NONE,[],"{'CAMERA_1': [], 'CAMERA_2': [], 'CAMERA_3': []}",C_GREETS,MIDDLE,NONE,hello good morning,WAITING,NONE,S_GREETS,MIDDLE,NONE,can I help you?,FACE_TO_FACE,NONE,
414,3,CAMERA_3,['CAMERA_3'],"{'CAMERA_1': [], 'CAMERA_2': [], 'CAMERA_3': []}",C_LOOKING_FOR_A_CAMERA,MIDDLE,NONE,I'm looking to get a camera for my for my dad,FACE_TO_FACE,NONE,S_INTRODUCES_CAMERA,CAMERA_3,,Let me show you this. Here we have the Fujifilm PowerShot ELPH S2800.,PRESENT_X,CAMERA_3,39~68
414,4,CAMERA_3,['CAMERA_3'],"{'CAMERA_1': [], 'CAMERA_2': [], 'CAMERA_3': ['color']}",C_QUESTION_ABOUT_FEATURE,CAMERA_3,color,what colors does it come in,PRESENT_X,CAMERA_3,S_ANSWERS_QUESTION_ABOUT_FEATURE,CAMERA_3,color,"This one comes in purple, white, silver, blue, red, or pink.",PRESENT_X,CAMERA_3,18~59
414,5,CAMERA_3,['CAMERA_3'],"{'CAMERA_1': [], 'CAMERA_2': [], 'CAMERA_3': ['color', 'camera_type']}",C_QUESTION_ABOUT_FEATURE,CAMERA_3,camera_type,what kind of camera is this,PRESENT_X,CAMERA_3,S_ANSWERS_QUESTION_ABOUT_FEATURE,CAMERA_3,camera_type,This is a point and shoot camera.,PRESENT_X,CAMERA_3,10~25
414,6,CAMERA_3,['CAMERA_3'],"{'CAMERA_1': [], 'CAMERA_2': [], 'CAMERA_3': ['color', 'camera_type', 'effects']}",C_SILENT_OR_BACKCHANNEL,CAMERA_3,NONE,okay,PRESENT_X,CAMERA_3,S_INTRODUCES_FEATURE,CAMERA_3,effects,"This one has 21 photo effects (small face, retro, big eyes, etc.).",PRESENT_X,CAMERA_3,13~65
414,7,CAMERA_3,['CAMERA_3'],"{'CAMERA_1': [], 'CAMERA_2': [], 'CAMERA_3': ['color', 'camera_type', 'effects', 'preset_modes']}",C_SILENT_OR_BACKCHANNEL,CAMERA_3,NONE,okay good,PRESENT_X,CAMERA_3,S_INTRODUCES_FEATURE,CAMERA_3,preset_modes,This one has various preset modes.,PRESENT_X,CAMERA_3,13~33
414,8,CAMERA_3,['CAMERA_3'],"{'CAMERA_1': [], 'CAMERA_2': [], 'CAMERA_3': ['color', 'camera_type', 'effects', 'preset_modes', 'optical_zoom']}",C_QUESTION_ABOUT_FEATURE,CAMERA_3,optical_zoom,What about the Zoom,PRESENT_X,CAMERA_3,S_NOT_SURE,CAMERA_3,,I'm not really sure about that.,PRESENT_X,CAMERA_3,
414,9,CAMERA_3,['CAMERA_3'],"{'CAMERA_1': [], 'CAMERA_2': [], 'CAMERA_3': ['color', 'camera_type', 'effects', 'preset_modes', 'optical_zoom', 'ISO']}",C_QUESTION_ABOUT_FEATURE,CAMERA_3,ISO,how high can I set the ISO,PRESENT_X,CAMERA_3,S_ANSWERS_QUESTION_ABOUT_FEATURE,CAMERA_3,ISO,This one has up to 3200 ISO with little noise.,PRESENT_X,CAMERA_3,13~45
414,10,CAMERA_3,['CAMERA_3'],"{'CAMERA_1': [], 'CAMERA_2': [], 'CAMERA_3': ['color', 'camera_type', 'effects', 'preset_modes', 'optical_zoom', 'ISO', 'weight']}",C_SILENT_OR_BACKCHANNEL,CAMERA_3,NONE,hm,PRESENT_X,CAMERA_3,S_INTRODUCES_FEATURE,CAMERA_3,weight,This one weighs 820 grams.,PRESENT_X,CAMERA_3,16~25
414,11,CAMERA_3,['CAMERA_3'],"{'CAMERA_1': [], 'CAMERA_2': [], 'CAMERA_3': ['color', 'camera_type', 'effects', 'preset_modes', 'optical_zoom', 'ISO', 'weight', 'price']}",C_QUESTION_ABOUT_FEATURE,CAMERA_3,price,how much does this cost,PRESENT_X,CAMERA_3,S_ANSWERS_QUESTION_ABOUT_FEATURE,CAMERA_3,price,This one costs $518.,PRESENT_X,CAMERA_3,15~19
414,12,CAMERA_3,['CAMERA_3'],"{'CAMERA_1': [], 'CAMERA_2': [], 'CAMERA_3': ['color', 'camera_type', 'effects', 'preset_modes', 'optical_zoom', 'ISO', 'weight', 'price', 'settings']}",C_QUESTION_ABOUT_FEATURE,CAMERA_3,settings,okay and what kind of manual settings does it have,PRESENT_X,CAMERA_3,S_ANSWERS_QUESTION_ABOUT_FEATURE,CAMERA_3,settings,"This one has manual control and various automatic settings (video modeburst shooting, etc.).",PRESENT_X,CAMERA_3,13~91
414,13,CAMERA_1,"['CAMERA_3', 'CAMERA_1']","{'CAMERA_1': [], 'CAMERA_2': [], 'CAMERA_3': ['color', 'camera_type', 'effects', 'preset_modes', 'optical_zoom', 'ISO', 'weight', 'price', 'settings']}",C_ANYTHING_ELSE_AVAILABLE,CAMERA_3,NONE,So this is the only model you have in your shop,PRESENT_X,CAMERA_3,S_INTRODUCES_CAMERA,CAMERA_1,,Let me show you this. Here we have the Sony PowerShot ELPH DMC-ZS3.,PRESENT_X,CAMERA_1,39~66
414,14,CAMERA_1,"['CAMERA_3', 'CAMERA_1']","{'CAMERA_1': ['ISO'], 'CAMERA_2': [], 'CAMERA_3': ['color', 'camera_type', 'effects', 'preset_modes', 'optical_zoom', 'ISO', 'weight', 'price', 'settings']}",C_SILENT_OR_BACKCHANNEL,CAMERA_1,NONE,IC,PRESENT_X,CAMERA_1,S_INTRODUCES_FEATURE,CAMERA_1,ISO,This one has up to 51200 ISO.,PRESENT_X,CAMERA_1,13~28
414,15,CAMERA_1,"['CAMERA_3', 'CAMERA_1']","{'CAMERA_1': ['ISO', 'settings'], 'CAMERA_2': [], 'CAMERA_3': ['color', 'camera_type', 'effects', 'preset_modes', 'optical_zoom', 'ISO', 'weight', 'price', 'settings']}",C_SILENT_OR_BACKCHANNEL,CAMERA_1,NONE,okay,PRESENT_X,CAMERA_1,S_INTRODUCES_FEATURE,CAMERA_1,settings,This one has limited manual settings.,PRESENT_X,CAMERA_1,13~36
414,16,CAMERA_1,"['CAMERA_3', 'CAMERA_1']","{'CAMERA_1': ['ISO', 'settings', 'effects'], 'CAMERA_2': [], 'CAMERA_3': ['color', 'camera_type', 'effects', 'preset_modes', 'optical_zoom', 'ISO', 'weight', 'price', 'settings']}",C_SILENT_OR_BACKCHANNEL,CAMERA_1,NONE,ok,PRESENT_X,CAMERA_1,S_INTRODUCES_FEATURE,CAMERA_1,effects,"This one has 24 glamor retouch effects (miniature, retro, toy camera, etc.).",PRESENT_X,CAMERA_1,13~75
414,17,CAMERA_1,"['CAMERA_3', 'CAMERA_1']","{'CAMERA_1': ['ISO', 'settings', 'effects', 'autofocus_points'], 'CAMERA_2': [], 'CAMERA_3': ['color', 'camera_type', 'effects', 'preset_modes', 'optical_zoom', 'ISO', 'weight', 'price', 'settings']}",C_QUESTION_ABOUT_FEATURE,CAMERA_1,autofocus_points,how many ordered Focus points to the previous camera have,PRESENT_X,CAMERA_1,S_ANSWERS_QUESTION_ABOUT_FEATURE,CAMERA_1,autofocus_points,This one has 135 autofocus points.,PRESENT_X,CAMERA_1,13~33
414,18,CAMERA_2,"['CAMERA_3', 'CAMERA_1', 'CAMERA_2']","{'CAMERA_1': ['ISO', 'settings', 'effects', 'autofocus_points'], 'CAMERA_2': [], 'CAMERA_3': ['color', 'camera_type', 'effects', 'preset_modes', 'optical_zoom', 'ISO', 'weight', 'price', 'settings']}",C_ANYTHING_ELSE_AVAILABLE,CAMERA_1,NONE,ok do you have any other cameras,PRESENT_X,CAMERA_1,S_INTRODUCES_CAMERA,CAMERA_2,,Let me show you this. Here we have the Fujifilm Lumix ILC Camera.,PRESENT_X,CAMERA_2,39~64
414,19,CAMERA_2,"['CAMERA_3', 'CAMERA_1', 'CAMERA_2']","{'CAMERA_1': ['ISO', 'settings', 'effects', 'autofocus_points'], 'CAMERA_2': ['long_exposure'], 'CAMERA_3': ['color', 'camera_type', 'effects', 'preset_modes', 'optical_zoom', 'ISO', 'weight', 'price', 'settings']}",C_QUESTION_ABOUT_FEATURE,CAMERA_2,long_exposure,that's good how long can I set the exposure to,PRESENT_X,CAMERA_2,S_ANSWERS_QUESTION_ABOUT_FEATURE,CAMERA_2,long_exposure,This one can take long exposures up to 60 minutes max with bulb mode.,PRESENT_X,CAMERA_2,39~68
414,20,CAMERA_2,"['CAMERA_3', 'CAMERA_1', 'CAMERA_2']","{'CAMERA_1': ['ISO', 'settings', 'effects', 'autofocus_points'], 'CAMERA_2': ['long_exposure', 'weight'], 'CAMERA_3': ['color', 'camera_type', 'effects', 'preset_modes', 'optical_zoom', 'ISO', 'weight', 'price', 'settings']}",C_QUESTION_ABOUT_FEATURE,CAMERA_2,weight,and how much does it weigh,PRESENT_X,CAMERA_2,S_ANSWERS_QUESTION_ABOUT_FEATURE,CAMERA_2,weight,This one weighs 820 grams.,PRESENT_X,CAMERA_2,16~25
414,21,,"['CAMERA_3', 'CAMERA_1', 'CAMERA_2']","{'CAMERA_1': ['ISO', 'settings', 'effects', 'autofocus_points'], 'CAMERA_2': ['long_exposure', 'weight'], 'CAMERA_3': ['color', 'camera_type', 'effects', 'preset_modes', 'optical_zoom', 'ISO', 'weight', 'price', 'settings']}",C_ANYTHING_ELSE_AVAILABLE,CAMERA_2,NONE,ok do you have any other cameras,PRESENT_X,CAMERA_2,S_THATS_ALL_WE_HAVE_AVAILABLE,CAMERA_2,,That's all we have available at the moment.,PRESENT_X,CAMERA_2,
414,22,NONE,"['CAMERA_3', 'CAMERA_1', 'CAMERA_2']","{'CAMERA_1': ['ISO', 'settings', 'effects', 'autofocus_points'], 'CAMERA_2': ['long_exposure', 'weight'], 'CAMERA_3': ['color', 'camera_type', 'effects', 'preset_modes', 'optical_zoom', 'ISO', 'weight', 'price', 'settings']}",C_THANK_YOU,CAMERA_2,NONE,thank you for your support,PRESENT_X,CAMERA_2,S_THANK_YOU,CAMERA_2,NONE,thank you very much.,FACE_TO_FACE,NONE,
414,23,NONE,"['CAMERA_3', 'CAMERA_1', 'CAMERA_2']","{'CAMERA_1': ['ISO', 'settings', 'effects', 'autofocus_points'], 'CAMERA_2': ['long_exposure', 'weight'], 'CAMERA_3': ['color', 'camera_type', 'effects', 'preset_modes', 'optical_zoom', 'ISO', 'weight', 'price', 'settings']}",C_LEAVES,DOOR,NONE,,FACE_TO_FACE,NONE,S_RETURNS_TO_COUNTER,SERVICE_COUNTER,NONE,,WAITING,NONE,
415,1,NONE,[],"{'CAMERA_1': [], 'CAMERA_2': [], 'CAMERA_3': []}",C_ENTERS,DOOR,NONE,,WAITING,NONE,S_NONE,SERVICE_COUNTER,NONE,,WAITING,NONE,
415,2,NONE,[],"{'CAMERA_1': [], 'CAMERA_2': [], 'CAMERA_3': []}",C_GREETS,MIDDLE,NONE,kiss me,WAITING,NONE,S_GREETS,MIDDLE,NONE,can I help you?,FACE_TO_FACE,NONE,
415,3,CAMERA_2,['CAMERA_2'],"{'CAMERA_1': [], 'CAMERA_2': [], 'CAMERA_3': []}",C_LOOKING_FOR_A_CAMERA,MIDDLE,NONE,I'm just here looking at the new cameras at your home,FACE_TO_FACE,NONE,S_INTRODUCES_CAMERA,CAMERA_2,,Let me show you this. Here we have the Fujifilm Lumix ILC Camera.,PRESENT_X,CAMERA_2,39~64
415,4,CAMERA_2,['CAMERA_2'],"{'CAMERA_1': [], 'CAMERA_2': ['resolution'], 'CAMERA_3': []}",C_QUESTION_ABOUT_FEATURE,CAMERA_2,resolution,what about the megapixels camera,PRESENT_X,CAMERA_2,S_ANSWERS_QUESTION_ABOUT_FEATURE,CAMERA_2,resolution,This one has 23.8 megapixels resolution.,PRESENT_X,CAMERA_2,13~28
415,5,CAMERA_2,['CAMERA_2'],"{'CAMERA_1': [], 'CAMERA_2': ['resolution', 'effects'], 'CAMERA_3': []}",C_SILENT_OR_BACKCHANNEL,CAMERA_2,NONE,alright,PRESENT_X,CAMERA_2,S_INTRODUCES_FEATURE,CAMERA_2,effects,"This one has 24 artistic effect modes (retro, lighter or darker skin tones, sepia, etc.).",PRESENT_X,CAMERA_2,13~88
415,6,CAMERA_2,['CAMERA_2'],"{'CAMERA_1': [], 'CAMERA_2': ['resolution', 'effects', 'optical_zoom'], 'CAMERA_3': []}",C_SILENT_OR_BACKCHANNEL,CAMERA_2,NONE,I say,PRESENT_X,CAMERA_2,S_INTRODUCES_FEATURE,CAMERA_2,optical_zoom,This one has 21x optical zoom.,PRESENT_X,CAMERA_2,13~29
415,7,CAMERA_2,['CAMERA_2'],"{'CAMERA_1': [], 'CAMERA_2': ['resolution', 'effects', 'optical_zoom', 'price'], 'CAMERA_3': []}",C_SILENT_OR_BACKCHANNEL,CAMERA_2,NONE,wow this is nice,PRESENT_X,CAMERA_2,S_INTRODUCES_FEATURE,CAMERA_2,price,This one costs $768.,PRESENT_X,CAMERA_2,15~19
415,8,CAMERA_2,['CAMERA_2'],"{'CAMERA_1': [], 'CAMERA_2': ['resolution', 'effects', 'optical_zoom', 'price', 'camera_type'], 'CAMERA_3': []}",C_QUESTION_ABOUT_FEATURE,CAMERA_2,camera_type,is this a DSLR camera,PRESENT_X,CAMERA_2,S_ANSWERS_QUESTION_ABOUT_FEATURE,CAMERA_2,camera_type,This is a digital single lens mirrorless camera.,PRESENT_X,CAMERA_2,10~40
415,9,NONE,['CAMERA_2'],"{'CAMERA_1': [], 'CAMERA_2': ['resolution', 'effects', 'optical_zoom', 'price', 'camera_type'], 'CAMERA_3': []}",C_THANK_YOU,CAMERA_2,NONE,thank you for your support,PRESENT_X,CAMERA_2,S_THANK_YOU,CAMERA_2,NONE,thank you very much.,FACE_TO_FACE,NONE,
415,10,NONE,['CAMERA_2'],"{'CAMERA_1': [], 'CAMERA_2': ['resolution', 'effects', 'optical_zoom', 'price', 'camera_type'], 'CAMERA_3': []}",C_LEAVES,DOOR,NONE,,FACE_TO_FACE,NONE,S_RETURNS_TO_COUNTER,SERVICE_COUNTER,NONE,,WAITING,NONE,
416,1,NONE,[],"{'CAMERA_1': [], 'CAMERA_2': [], 'CAMERA_3': []}",C_ENTERS,DOOR,NONE,,WAITING,NONE,S_NONE,SERVICE_COUNTER,NONE,,WAITING,NONE,
416,2,NONE,[],"{'CAMERA_1': [], 'CAMERA_2': [], 'CAMERA_3': []}",C_WALKS_TO_CAMERA,CAMERA_3,NONE,,WAITING,NONE,S_NONE,SERVICE_COUNTER,NONE,,WAITING,NONE,
416,3,CAMERA_3,['CAMERA_3'],"{'CAMERA_1': [], 'CAMERA_2': [], 'CAMERA_3': ['effects']}",C_QUESTION_ABOUT_FEATURE,CAMERA_3,effects,and what about this artistic artistic effect mode ,WAITING,NONE,S_ANSWERS_QUESTION_ABOUT_FEATURE,CAMERA_3,effects,"This one has 21 photo effects (small face, retro, big eyes, etc.).",PRESENT_X,CAMERA_3,13~65
416,4,CAMERA_3,['CAMERA_3'],"{'CAMERA_1': [], 'CAMERA_2': [], 'CAMERA_3': ['effects', 'price']}",C_SILENT_OR_BACKCHANNEL,CAMERA_3,NONE,ok,PRESENT_X,CAMERA_3,S_INTRODUCES_FEATURE,CAMERA_3,price,This one costs $518.,PRESENT_X,CAMERA_3,15~19
416,5,CAMERA_3,['CAMERA_3'],"{'CAMERA_1': [], 'CAMERA_2': [], 'CAMERA_3': ['effects', 'price', 'resolution']}",C_QUESTION_ABOUT_FEATURE,CAMERA_3,resolution,I said he's got the glamour of a touch affect what what does that mean,PRESENT_X,CAMERA_3,S_ANSWERS_QUESTION_ABOUT_FEATURE,CAMERA_3,resolution,This one has 23.2 megapixels resolution.,PRESENT_X,CAMERA_3,13~28
416,6,CAMERA_3,['CAMERA_3'],"{'CAMERA_1': [], 'CAMERA_2': [], 'CAMERA_3': ['effects', 'price', 'resolution', 'settings']}",C_QUESTION_ABOUT_FEATURE,CAMERA_3,settings,and the manual settings how many manual settings does it have,PRESENT_X,CAMERA_3,S_ANSWERS_QUESTION_ABOUT_FEATURE,CAMERA_3,settings,"This one has manual control and various automatic settings (video modeburst shooting, etc.).",PRESENT_X,CAMERA_3,13~91
416,7,NONE,['CAMERA_3'],"{'CAMERA_1': [], 'CAMERA_2': [], 'CAMERA_3': ['effects', 'price', 'resolution', 'settings']}",C_THANK_YOU,CAMERA_3,NONE,thanks for your help anytime,PRESENT_X,CAMERA_3,S_THANK_YOU,CAMERA_3,NONE,thank you very much.,FACE_TO_FACE,NONE,
416,8,NONE,['CAMERA_3'],"{'CAMERA_1': [], 'CAMERA_2': [], 'CAMERA_3': ['effects', 'price', 'resolution', 'settings']}",C_LEAVES,DOOR,NONE,,FACE_TO_FACE,NONE,S_RETURNS_TO_COUNTER,SERVICE_COUNTER,NONE,,WAITING,NONE,
417,1,NONE,[],"{'CAMERA_1': [], 'CAMERA_2': [], 'CAMERA_3': []}",C_ENTERS,DOOR,NONE,,WAITING,NONE,S_NONE,SERVICE_COUNTER,NONE,,WAITING,NONE,
417,2,NONE,[],"{'CAMERA_1': [], 'CAMERA_2': [], 'CAMERA_3': []}",C_WALKS_TO_CAMERA,CAMERA_3,NONE,,WAITING,NONE,S_GREETS,CAMERA_3,NONE,can I help you?,FACE_TO_FACE,NONE,
417,3,CAMERA_2,['CAMERA_2'],"{'CAMERA_1': [], 'CAMERA_2': [], 'CAMERA_3': []}",C_LOOKING_FOR_A_CAMERA,CAMERA_3,NONE,I'm looking for a lightweight camera,FACE_TO_FACE,NONE,S_INTRODUCES_CAMERA,CAMERA_2,,Let me show you this. Here we have the Fujifilm Lumix ILC Camera.,PRESENT_X,CAMERA_2,39~64
417,4,CAMERA_2,['CAMERA_2'],"{'CAMERA_1': [], 'CAMERA_2': ['camera_type'], 'CAMERA_3': []}",C_SILENT_OR_BACKCHANNEL,CAMERA_2,NONE,ok,PRESENT_X,CAMERA_2,S_INTRODUCES_FEATURE,CAMERA_2,camera_type,This is a digital single lens mirrorless camera.,PRESENT_X,CAMERA_2,10~40
417,5,CAMERA_2,['CAMERA_2'],"{'CAMERA_1': [], 'CAMERA_2': ['camera_type', 'resolution'], 'CAMERA_3': []}",C_SILENT_OR_BACKCHANNEL,CAMERA_2,NONE,ok,PRESENT_X,CAMERA_2,S_INTRODUCES_FEATURE,CAMERA_2,resolution,This one has 23.8 megapixels resolution.,PRESENT_X,CAMERA_2,13~28
417,6,CAMERA_2,['CAMERA_2'],"{'CAMERA_1': [], 'CAMERA_2': ['camera_type', 'resolution', 'sensor_size'], 'CAMERA_3': []}",C_SILENT_OR_BACKCHANNEL,CAMERA_2,NONE,okay good,PRESENT_X,CAMERA_2,S_INTRODUCES_FEATURE,CAMERA_2,sensor_size,This one has a 1/2.33 inch sensor.,PRESENT_X,CAMERA_2,15~33
417,7,CAMERA_2,['CAMERA_2'],"{'CAMERA_1': [], 'CAMERA_2': ['camera_type', 'resolution', 'sensor_size', 'weight'], 'CAMERA_3': []}",C_QUESTION_ABOUT_FEATURE,CAMERA_2,weight,it's lightweight how much does it weigh,PRESENT_X,CAMERA_2,S_ANSWERS_QUESTION_ABOUT_FEATURE,CAMERA_2,weight,This one weighs 820 grams.,PRESENT_X,CAMERA_2,16~25
417,8,CAMERA_3,"['CAMERA_2', 'CAMERA_3']","{'CAMERA_1': [], 'CAMERA_2': ['camera_type', 'resolution', 'sensor_size', 'weight'], 'CAMERA_3': []}",C_ANYTHING_ELSE_AVAILABLE,CAMERA_2,NONE,Do you have any other cameras under $300,PRESENT_X,CAMERA_2,S_INTRODUCES_CAMERA,CAMERA_3,,Let me show you this. Here we have the Fujifilm PowerShot ELPH S2800.,PRESENT_X,CAMERA_3,39~68
417,9,CAMERA_3,"['CAMERA_2', 'CAMERA_3']","{'CAMERA_1': [], 'CAMERA_2': ['camera_type', 'resolution', 'sensor_size', 'weight'], 'CAMERA_3': ['autofocus_points']}",C_QUESTION_ABOUT_FEATURE,CAMERA_3,autofocus_points,and it has auto focus points,PRESENT_X,CAMERA_3,S_ANSWERS_QUESTION_ABOUT_FEATURE,CAMERA_3,autofocus_points,This one has 214 autofocus points.,PRESENT_X,CAMERA_3,13~33
417,10,CAMERA_3,"['CAMERA_2', 'CAMERA_3']","{'CAMERA_1': [], 'CAMERA_2': ['camera_type', 'resolution', 'sensor_size', 'weight'], 'CAMERA_3': ['autofocus_points', 'ISO']}",C_QUESTION_ABOUT_FEATURE,CAMERA_3,ISO,alright and uh how about the iso setting,PRESENT_X,CAMERA_3,S_ANSWERS_QUESTION_ABOUT_FEATURE,CAMERA_3,ISO,This one has up to 3200 ISO with little noise.,PRESENT_X,CAMERA_3,13~45
417,11,CAMERA_3,"['CAMERA_2', 'CAMERA_3']","{'CAMERA_1': [], 'CAMERA_2': ['camera_type', 'resolution', 'sensor_size', 'weight'], 'CAMERA_3': ['autofocus_points', 'ISO', 'effects']}",C_SILENT_OR_BACKCHANNEL,CAMERA_3,NONE,I like it,PRESENT_X,CAMERA_3,S_INTRODUCES_FEATURE,CAMERA_3,effects,"This one has 21 photo effects (small face, retro, big eyes, etc.).",PRESENT_X,CAMERA_3,13~65
417,12,CAMERA_3,"['CAMERA_2', 'CAMERA_3']","{'CAMERA_1': [], 'CAMERA_2': ['camera_type', 'resolution', 'sensor_size', 'weight'], 'CAMERA_3': ['autofocus_points', 'ISO', 'effects', 'weight']}",C_SILENT_OR_BACKCHANNEL,CAMERA_3,NONE,sounds great,PRESENT_X,CAMERA_3,S_INTRODUCES_FEATURE,CAMERA_3,weight,This one weighs 820 grams.,PRESENT_X,CAMERA_3,16~25
417,13,CAMERA_3,"['CAMERA_2', 'CAMERA_3']","{'CAMERA_1': [], 'CAMERA_2': ['camera_type', 'resolution', 'sensor_size', 'weight'], 'CAMERA_3': ['autofocus_points', 'ISO', 'effects', 'weight', 'camera_type']}",C_SILENT_OR_BACKCHANNEL,CAMERA_3,NONE,IC,PRESENT_X,CAMERA_3,S_INTRODUCES_FEATURE,CAMERA_3,camera_type,This is a point and shoot camera.,PRESENT_X,CAMERA_3,10~25
417,14,CAMERA_3,"['CAMERA_2', 'CAMERA_3']","{'CAMERA_1': [], 'CAMERA_2': ['camera_type', 'resolution', 'sensor_size', 'weight'], 'CAMERA_3': ['autofocus_points', 'ISO', 'effects', 'weight', 'camera_type', 'sensor_size']}",C_QUESTION_ABOUT_FEATURE,CAMERA_3,sensor_size,Does it have a big sensor,PRESENT_X,CAMERA_3,S_ANSWERS_QUESTION_ABOUT_FEATURE,CAMERA_3,sensor_size,This one has a full frame.,PRESENT_X,CAMERA_3,15~25
417,15,CAMERA_3,"['CAMERA_2', 'CAMERA_3']","{'CAMERA_1': [], 'CAMERA_2': ['camera_type', 'resolution', 'sensor_size', 'weight'], 'CAMERA_3': ['autofocus_points', 'ISO', 'effects', 'weight', 'camera_type', 'sensor_size', 'resolution']}",C_QUESTION_ABOUT_FEATURE,CAMERA_3,resolution,how many megapixels does it have,PRESENT_X,CAMERA_3,S_ANSWERS_QUESTION_ABOUT_FEATURE,CAMERA_3,resolution,This one has 23.2 megapixels resolution.,PRESENT_X,CAMERA_3,13~28
417,16,CAMERA_3,"['CAMERA_2', 'CAMERA_3']","{'CAMERA_1': [], 'CAMERA_2': ['camera_type', 'resolution', 'sensor_size', 'weight'], 'CAMERA_3': ['autofocus_points', 'ISO', 'effects', 'weight', 'camera_type', 'sensor_size', 'resolution', 'preset_modes']}",C_QUESTION_ABOUT_FEATURE,CAMERA_3,preset_modes,does it have like candle mode,PRESENT_X,CAMERA_3,S_ANSWERS_QUESTION_ABOUT_FEATURE,CAMERA_3,preset_modes,This one has various preset modes.,PRESENT_X,CAMERA_3,13~33
417,17,CAMERA_3,"['CAMERA_2', 'CAMERA_3']","{'CAMERA_1': [], 'CAMERA_2': ['camera_type', 'resolution', 'sensor_size', 'weight'], 'CAMERA_3': ['autofocus_points', 'ISO', 'effects', 'weight', 'camera_type', 'sensor_size', 'resolution', 'preset_modes', 'color']}",C_SILENT_OR_BACKCHANNEL,CAMERA_3,NONE,that's great do I have to worry about setting things manually,PRESENT_X,CAMERA_3,S_INTRODUCES_FEATURE,CAMERA_3,color,"This one comes in purple, white, silver, blue, red, or pink.",PRESENT_X,CAMERA_3,18~59
417,18,CAMERA_3,"['CAMERA_2', 'CAMERA_3']","{'CAMERA_1': [], 'CAMERA_2': ['camera_type', 'resolution', 'sensor_size', 'weight'], 'CAMERA_3': ['autofocus_points', 'ISO', 'effects', 'weight', 'camera_type', 'sensor_size', 'resolution', 'preset_modes', 'color', 'settings']}",C_QUESTION_ABOUT_FEATURE,CAMERA_3,settings,and the manual settings how many manual settings does it have,PRESENT_X,CAMERA_3,S_ANSWERS_QUESTION_ABOUT_FEATURE,CAMERA_3,settings,"This one has manual control and various automatic settings (video modeburst shooting, etc.).",PRESENT_X,CAMERA_3,13~91
417,19,CAMERA_3,"['CAMERA_2', 'CAMERA_3']","{'CAMERA_1': [], 'CAMERA_2': ['camera_type', 'resolution', 'sensor_size', 'weight'], 'CAMERA_3': ['autofocus_points', 'ISO', 'effects', 'weight', 'camera_type', 'sensor_size', 'resolution', 'preset_modes', 'color', 'settings', 'price']}",C_QUESTION_ABOUT_FEATURE,CAMERA_3,price,how much is this camera,PRESENT_X,CAMERA_3,S_ANSWERS_QUESTION_ABOUT_FEATURE,CAMERA_3,price,This one costs $518.,PRESENT_X,CAMERA_3,15~19
417,20,CAMERA_3,"['CAMERA_2', 'CAMERA_3']","{'CAMERA_1': [], 'CAMERA_2': ['camera_type', 'resolution', 'sensor_size', 'weight'], 'CAMERA_3': ['autofocus_points', 'ISO', 'effects', 'weight', 'camera_type', 'sensor_size', 'resolution', 'preset_modes', 'color', 'settings', 'price', 'long_exposure']}",C_SILENT_OR_BACKCHANNEL,CAMERA_3,NONE,that sounds good,PRESENT_X,CAMERA_3,S_INTRODUCES_FEATURE,CAMERA_3,long_exposure,This one can take long exposures up to 30 minutes max with bulb mode.,PRESENT_X,CAMERA_3,39~68
417,21,CAMERA_3,"['CAMERA_2', 'CAMERA_3']","{'CAMERA_1': [], 'CAMERA_2': ['camera_type', 'resolution', 'sensor_size', 'weight'], 'CAMERA_3': ['autofocus_points', 'ISO', 'effects', 'weight', 'camera_type', 'sensor_size', 'resolution', 'preset_modes', 'color', 'settings', 'price', 'long_exposure', 'optical_zoom']}",C_QUESTION_ABOUT_FEATURE,CAMERA_3,optical_zoom,how good is it for the optical zoom ,PRESENT_X,CAMERA_3,S_NOT_SURE,CAMERA_3,,I'm not really sure about that.,PRESENT_X,CAMERA_3,
417,22,CAMERA_3,"['CAMERA_2', 'CAMERA_3']","{'CAMERA_1': [], 'CAMERA_2': ['camera_type', 'resolution', 'sensor_size', 'weight'], 'CAMERA_3': ['autofocus_points', 'ISO', 'effects', 'weight', 'camera_type', 'sensor_size', 'resolution', 'preset_modes', 'color', 'settings', 'price', 'long_exposure', 'optical_zoom', 'weight']}",C_SILENT_OR_BACKCHANNEL,CAMERA_3,NONE,okay,PRESENT_X,CAMERA_3,S_INTRODUCES_FEATURE,CAMERA_3,weight,This one weighs 820 grams.,PRESENT_X,CAMERA_3,16~25
417,23,CAMERA_3,"['CAMERA_2', 'CAMERA_3']","{'CAMERA_1': [], 'CAMERA_2': ['camera_type', 'resolution', 'sensor_size', 'weight'], 'CAMERA_3': ['autofocus_points', 'ISO', 'effects', 'weight', 'camera_type', 'sensor_size', 'resolution', 'preset_modes', 'color', 'settings', 'price', 'long_exposure', 'optical_zoom', 'weight', 'price']}",C_QUESTION_ABOUT_FEATURE,CAMERA_3,price,what about the price,PRESENT_X,CAMERA_3,S_ANSWERS_QUESTION_ABOUT_FEATURE,CAMERA_3,price,This one costs $518.,PRESENT_X,CAMERA_3,15~19
417,24,CAMERA_3,"['CAMERA_2', 'CAMERA_3']","{'CAMERA_1': [], 'CAMERA_2': ['camera_type', 'resolution', 'sensor_size', 'weight'], 'CAMERA_3': ['autofocus_points', 'ISO', 'effects', 'weight', 'camera_type', 'sensor_size', 'resolution', 'preset_modes', 'color', 'settings', 'price', 'long_exposure', 'optical_zoom', 'weight', 'price', 'color']}",C_SILENT_OR_BACKCHANNEL,CAMERA_3,NONE,alright so I say,PRESENT_X,CAMERA_3,S_INTRODUCES_FEATURE,CAMERA_3,color,"This one comes in purple, white, silver, blue, red, or pink.",PRESENT_X,CAMERA_3,18~59
417,25,CAMERA_3,"['CAMERA_2', 'CAMERA_3']","{'CAMERA_1': [], 'CAMERA_2': ['camera_type', 'resolution', 'sensor_size', 'weight'], 'CAMERA_3': ['autofocus_points', 'ISO', 'effects', 'weight', 'camera_type', 'sensor_size', 'resolution', 'preset_modes', 'color', 'settings', 'price', 'long_exposure', 'optical_zoom', 'weight', 'price', 'color', 'camera_type']}",C_QUESTION_ABOUT_FEATURE,CAMERA_3,camera_type,is this a point and shoot camera,PRESENT_X,CAMERA_3,S_ANSWERS_QUESTION_ABOUT_FEATURE,CAMERA_3,camera_type,This is a point and shoot camera.,PRESENT_X,CAMERA_3,10~25
417,26,CAMERA_3,"['CAMERA_2', 'CAMERA_3']","{'CAMERA_1': [], 'CAMERA_2': ['camera_type', 'resolution', 'sensor_size', 'weight'], 'CAMERA_3': ['autofocus_points', 'ISO', 'effects', 'weight', 'camera_type', 'sensor_size', 'resolution', 'preset_modes', 'color', 'settings', 'price', 'long_exposure', 'optical_zoom', 'weight', 'price', 'color', 'camera_type', 'color']}",C_QUESTION_ABOUT_FEATURE,CAMERA_3,color,what colors does it come in,PRESENT_X,CAMERA_3,S_ANSWERS_QUESTION_ABOUT_FEATURE,CAMERA_3,color,"This one comes in purple, white, silver, blue, red, or pink.",PRESENT_X,CAMERA_3,18~59
417,27,CAMERA_1,"['CAMERA_2', 'CAMERA_3', 'CAMERA_1']","{'CAMERA_1': [], 'CAMERA_2': ['camera_type', 'resolution', 'sensor_size', 'weight'], 'CAMERA_3': ['autofocus_points', 'ISO', 'effects', 'weight', 'camera_type', 'sensor_size', 'resolution', 'preset_modes', 'color', 'settings', 'price', 'long_exposure', 'optical_zoom', 'weight', 'price', 'color', 'camera_type', 'color']}",C_ANYTHING_ELSE_AVAILABLE,CAMERA_3,NONE,that's good that's okay I like it when do you have other models in this area,PRESENT_X,CAMERA_3,S_INTRODUCES_CAMERA,CAMERA_1,,Let me show you this. Here we have the Sony PowerShot ELPH DMC-ZS3.,PRESENT_X,CAMERA_1,39~66
417,28,CAMERA_1,"['CAMERA_2', 'CAMERA_3', 'CAMERA_1']","{'CAMERA_1': ['sensor_size'], 'CAMERA_2': ['camera_type', 'resolution', 'sensor_size', 'weight'], 'CAMERA_3': ['autofocus_points', 'ISO', 'effects', 'weight', 'camera_type', 'sensor_size', 'resolution', 'preset_modes', 'color', 'settings', 'price', 'long_exposure', 'optical_zoom', 'weight', 'price', 'color', 'camera_type', 'color']}",C_SILENT_OR_BACKCHANNEL,CAMERA_1,NONE,IC,PRESENT_X,CAMERA_1,S_INTRODUCES_FEATURE,CAMERA_1,sensor_size,This one has a 1/2.3 inch CMOS sensor.,PRESENT_X,CAMERA_1,15~37
417,29,NONE,"['CAMERA_2', 'CAMERA_3', 'CAMERA_1']","{'CAMERA_1': ['sensor_size'], 'CAMERA_2': ['camera_type', 'resolution', 'sensor_size', 'weight'], 'CAMERA_3': ['autofocus_points', 'ISO', 'effects', 'weight', 'camera_type', 'sensor_size', 'resolution', 'preset_modes', 'color', 'settings', 'price', 'long_exposure', 'optical_zoom', 'weight', 'price', 'color', 'camera_type', 'color']}",C_THANK_YOU,CAMERA_1,NONE,thank you,PRESENT_X,CAMERA_1,S_THANK_YOU,CAMERA_1,NONE,thank you very much.,FACE_TO_FACE,NONE,
417,30,NONE,"['CAMERA_2', 'CAMERA_3', 'CAMERA_1']","{'CAMERA_1': ['sensor_size'], 'CAMERA_2': ['camera_type', 'resolution', 'sensor_size', 'weight'], 'CAMERA_3': ['autofocus_points', 'ISO', 'effects', 'weight', 'camera_type', 'sensor_size', 'resolution', 'preset_modes', 'color', 'settings', 'price', 'long_exposure', 'optical_zoom', 'weight', 'price', 'color', 'camera_type', 'color']}",C_LEAVES,DOOR,NONE,,FACE_TO_FACE,NONE,S_RETURNS_TO_COUNTER,SERVICE_COUNTER,NONE,,WAITING,NONE,
418,1,NONE,[],"{'CAMERA_1': [], 'CAMERA_2': [], 'CAMERA_3': []}",C_ENTERS,DOOR,NONE,,WAITING,NONE,S_NONE,SERVICE_COUNTER,NONE,,WAITING,NONE,
418,2,NONE,[],"{'CAMERA_1': [], 'CAMERA_2': [], 'CAMERA_3': []}",C_GREETS,MIDDLE,NONE,excuse me,WAITING,NONE,S_GREETS,MIDDLE,NONE,can I help you?,FACE_TO_FACE,NONE,
418,3,CAMERA_3,['CAMERA_3'],"{'CAMERA_1': [], 'CAMERA_2': [], 'CAMERA_3': []}",C_LOOKING_FOR_A_CAMERA,MIDDLE,NONE,I'm looking for a good camera like nothing like a little time I think I want stay with real pictures so can you show me what are your options here,FACE_TO_FACE,NONE,S_INTRODUCES_CAMERA,CAMERA_3,,Let me show you this. Here we have the Fujifilm PowerShot ELPH S2800.,PRESENT_X,CAMERA_3,39~68
418,4,CAMERA_3,['CAMERA_3'],"{'CAMERA_1': [], 'CAMERA_2': [], 'CAMERA_3': ['settings']}",C_SILENT_OR_BACKCHANNEL,CAMERA_3,NONE,IC,PRESENT_X,CAMERA_3,S_INTRODUCES_FEATURE,CAMERA_3,settings,"This one has manual control and various automatic settings (video modeburst shooting, etc.).",PRESENT_X,CAMERA_3,13~91
418,5,CAMERA_3,['CAMERA_3'],"{'CAMERA_1': [], 'CAMERA_2': [], 'CAMERA_3': ['settings', 'preset_modes']}",C_SILENT_OR_BACKCHANNEL,CAMERA_3,NONE,so it can be saved on a computer Library,PRESENT_X,CAMERA_3,S_INTRODUCES_FEATURE,CAMERA_3,preset_modes,This one has various preset modes.,PRESENT_X,CAMERA_3,13~33
418,6,CAMERA_3,['CAMERA_3'],"{'CAMERA_1': [], 'CAMERA_2': [], 'CAMERA_3': ['settings', 'preset_modes', 'color']}",C_QUESTION_ABOUT_FEATURE,CAMERA_3,color,Do you have it in any other colors,PRESENT_X,CAMERA_3,S_ANSWERS_QUESTION_ABOUT_FEATURE,CAMERA_3,color,"This one comes in purple, white, silver, blue, red, or pink.",PRESENT_X,CAMERA_3,18~59
418,7,CAMERA_3,['CAMERA_3'],"{'CAMERA_1': [], 'CAMERA_2': [], 'CAMERA_3': ['settings', 'preset_modes', 'color', 'sensor_size']}",C_SILENT_OR_BACKCHANNEL,CAMERA_3,NONE,it seems like a pretty good camera,PRESENT_X,CAMERA_3,S_INTRODUCES_FEATURE,CAMERA_3,sensor_size,This one has a full frame.,PRESENT_X,CAMERA_3,15~25
418,8,NONE,['CAMERA_3'],"{'CAMERA_1': [], 'CAMERA_2': [], 'CAMERA_3': ['settings', 'preset_modes', 'color', 'sensor_size']}",C_THANK_YOU,CAMERA_3,NONE,thank you very much,PRESENT_X,CAMERA_3,S_THANK_YOU,CAMERA_3,NONE,thank you very much.,FACE_TO_FACE,NONE,
418,9,NONE,['CAMERA_3'],"{'CAMERA_1': [], 'CAMERA_2': [], 'CAMERA_3': ['settings', 'preset_modes', 'color', 'sensor_size']}",C_LEAVES,DOOR,NONE,,FACE_TO_FACE,NONE,S_RETURNS_TO_COUNTER,SERVICE_COUNTER,NONE,,WAITING,NONE,
419,1,NONE,[],"{'CAMERA_1': [], 'CAMERA_2': [], 'CAMERA_3': []}",C_ENTERS,DOOR,NONE,,WAITING,NONE,S_NONE,SERVICE_COUNTER,NONE,,WAITING,NONE,
419,2,NONE,[],"{'CAMERA_1': [], 'CAMERA_2': [], 'CAMERA_3': []}",C_GREETS,MIDDLE,NONE,excuse me,WAITING,NONE,S_GREETS,MIDDLE,NONE,can I help you?,FACE_TO_FACE,NONE,
419,3,CAMERA_2,['CAMERA_2'],"{'CAMERA_1': [], 'CAMERA_2': [], 'CAMERA_3': []}",C_LOOKING_FOR_A_CAMERA,MIDDLE,NONE,I'm looking for a good camera like nothing like a little time I think I want stay with real pictures so can you show me what are your options here,FACE_TO_FACE,NONE,S_INTRODUCES_CAMERA,CAMERA_2,,Let me show you this. Here we have the Fujifilm Lumix ILC Camera.,PRESENT_X,CAMERA_2,39~64
419,4,CAMERA_2,['CAMERA_2'],"{'CAMERA_1': [], 'CAMERA_2': ['effects'], 'CAMERA_3': []}",C_SILENT_OR_BACKCHANNEL,CAMERA_2,NONE,I say,PRESENT_X,CAMERA_2,S_INTRODUCES_FEATURE,CAMERA_2,effects,"This one has 24 artistic effect modes (retro, lighter or darker skin tones, sepia, etc.).",PRESENT_X,CAMERA_2,13~88
419,5,CAMERA_2,['CAMERA_2'],"{'CAMERA_1': [], 'CAMERA_2': ['effects', 'autofocus_points'], 'CAMERA_3': []}",C_QUESTION_ABOUT_FEATURE,CAMERA_2,autofocus_points,I see and what about the out of focus points,PRESENT_X,CAMERA_2,S_NOT_SURE,CAMERA_2,,I'm not really sure about that.,PRESENT_X,CAMERA_2,
419,6,CAMERA_2,['CAMERA_2'],"{'CAMERA_1': [], 'CAMERA_2': ['effects', 'autofocus_points', 'price'], 'CAMERA_3': []}",C_SILENT_OR_BACKCHANNEL,CAMERA_2,NONE,IC,PRESENT_X,CAMERA_2,S_INTRODUCES_FEATURE,CAMERA_2,price,This one costs $768.,PRESENT_X,CAMERA_2,15~19
419,7,CAMERA_2,['CAMERA_2'],"{'CAMERA_1': [], 'CAMERA_2': ['effects', 'autofocus_points', 'price', 'ISO'], 'CAMERA_3': []}",C_QUESTION_ABOUT_FEATURE,CAMERA_2,ISO,How is iso performance of this camera,PRESENT_X,CAMERA_2,S_NOT_SURE,CAMERA_2,,I'm not really sure about that.,PRESENT_X,CAMERA_2,
419,8,CAMERA_2,['CAMERA_2'],"{'CAMERA_1': [], 'CAMERA_2': ['effects', 'autofocus_points', 'price', 'ISO', 'weight'], 'CAMERA_3': []}",C_SILENT_OR_BACKCHANNEL,CAMERA_2,NONE,what about the is so great how long is that,PRESENT_X,CAMERA_2,S_INTRODUCES_FEATURE,CAMERA_2,weight,This one weighs 820 grams.,PRESENT_X,CAMERA_2,16~25
419,9,CAMERA_2,['CAMERA_2'],"{'CAMERA_1': [], 'CAMERA_2': ['effects', 'autofocus_points', 'price', 'ISO', 'weight', 'camera_type'], 'CAMERA_3': []}",C_SILENT_OR_BACKCHANNEL,CAMERA_2,NONE,that's great we're by the way,PRESENT_X,CAMERA_2,S_INTRODUCES_FEATURE,CAMERA_2,camera_type,This is a digital single lens mirrorless camera.,PRESENT_X,CAMERA_2,10~40
419,10,CAMERA_2,['CAMERA_2'],"{'CAMERA_1': [], 'CAMERA_2': ['effects', 'autofocus_points', 'price', 'ISO', 'weight', 'camera_type', 'color'], 'CAMERA_3': []}",C_QUESTION_ABOUT_FEATURE,CAMERA_2,color,do you have any other colors like maybe you something suitable for goats,PRESENT_X,CAMERA_2,S_ANSWERS_QUESTION_ABOUT_FEATURE,CAMERA_2,color,This one comes in white or pink.,PRESENT_X,CAMERA_2,18~31
419,11,CAMERA_3,"['CAMERA_2', 'CAMERA_3']","{'CAMERA_1': [], 'CAMERA_2': ['effects', 'autofocus_points', 'price', 'ISO', 'weight', 'camera_type', 'color'], 'CAMERA_3': []}",C_ANYTHING_ELSE_AVAILABLE,CAMERA_2,NONE,do you have any other cameras like this,PRESENT_X,CAMERA_2,S_INTRODUCES_CAMERA,CAMERA_3,,Let me show you this. Here we have the Fujifilm PowerShot ELPH S2800.,PRESENT_X,CAMERA_3,39~68
419,12,CAMERA_3,"['CAMERA_2', 'CAMERA_3']","{'CAMERA_1': [], 'CAMERA_2': ['effects', 'autofocus_points', 'price', 'ISO', 'weight', 'camera_type', 'color'], 'CAMERA_3': ['effects']}",C_QUESTION_ABOUT_FEATURE,CAMERA_3,effects,what kind of effects does it have,PRESENT_X,CAMERA_3,S_ANSWERS_QUESTION_ABOUT_FEATURE,CAMERA_3,effects,"This one has 21 photo effects (small face, retro, big eyes, etc.).",PRESENT_X,CAMERA_3,13~65
419,13,CAMERA_3,"['CAMERA_2', 'CAMERA_3']","{'CAMERA_1': [], 'CAMERA_2': ['effects', 'autofocus_points', 'price', 'ISO', 'weight', 'camera_type', 'color'], 'CAMERA_3': ['effects', 'preset_modes']}",C_QUESTION_ABOUT_FEATURE,CAMERA_3,preset_modes,what about the modes,PRESENT_X,CAMERA_3,S_ANSWERS_QUESTION_ABOUT_FEATURE,CAMERA_3,preset_modes,This one has various preset modes.,PRESENT_X,CAMERA_3,13~33
419,14,CAMERA_3,"['CAMERA_2', 'CAMERA_3']","{'CAMERA_1': [], 'CAMERA_2': ['effects', 'autofocus_points', 'price', 'ISO', 'weight', 'camera_type', 'color'], 'CAMERA_3': ['effects', 'preset_modes', 'settings']}",C_QUESTION_ABOUT_FEATURE,CAMERA_3,settings,that's wonderful and what about the manual settings,PRESENT_X,CAMERA_3,S_ANSWERS_QUESTION_ABOUT_FEATURE,CAMERA_3,settings,"This one has manual control and various automatic settings (video modeburst shooting, etc.).",PRESENT_X,CAMERA_3,13~91
419,15,CAMERA_3,"['CAMERA_2', 'CAMERA_3']","{'CAMERA_1': [], 'CAMERA_2': ['effects', 'autofocus_points', 'price', 'ISO', 'weight', 'camera_type', 'color'], 'CAMERA_3': ['effects', 'preset_modes', 'settings', 'sensor_size']}",C_SILENT_OR_BACKCHANNEL,CAMERA_3,NONE,IC,PRESENT_X,CAMERA_3,S_INTRODUCES_FEATURE,CAMERA_3,sensor_size,This one has a full frame.,PRESENT_X,CAMERA_3,15~25
419,16,CAMERA_3,"['CAMERA_2', 'CAMERA_3']","{'CAMERA_1': [], 'CAMERA_2': ['effects', 'autofocus_points', 'price', 'ISO', 'weight', 'camera_type', 'color'], 'CAMERA_3': ['effects', 'preset_modes', 'settings', 'sensor_size', 'price']}",C_SILENT_OR_BACKCHANNEL,CAMERA_3,NONE,IC,PRESENT_X,CAMERA_3,S_INTRODUCES_FEATURE,CAMERA_3,price,This one costs $518.,PRESENT_X,CAMERA_3,15~19
419,17,CAMERA_1,"['CAMERA_2', 'CAMERA_3', 'CAMERA_1']","{'CAMERA_1': [], 'CAMERA_2': ['effects', 'autofocus_points', 'price', 'ISO', 'weight', 'camera_type', 'color'], 'CAMERA_3': ['effects', 'preset_modes', 'settings', 'sensor_size', 'price']}",C_ANYTHING_ELSE_AVAILABLE,CAMERA_3,NONE,do you have any other cameras with preset mode,PRESENT_X,CAMERA_3,S_INTRODUCES_CAMERA,CAMERA_1,,Let me show you this. Here we have the Sony PowerShot ELPH DMC-ZS3.,PRESENT_X,CAMERA_1,39~66
419,18,CAMERA_1,"['CAMERA_2', 'CAMERA_3', 'CAMERA_1']","{'CAMERA_1': ['autofocus_points'], 'CAMERA_2': ['effects', 'autofocus_points', 'price', 'ISO', 'weight', 'camera_type', 'color'], 'CAMERA_3': ['effects', 'preset_modes', 'settings', 'sensor_size', 'price']}",C_QUESTION_ABOUT_FEATURE,CAMERA_1,autofocus_points,How many autofocus points does this Canon camera have,PRESENT_X,CAMERA_1,S_ANSWERS_QUESTION_ABOUT_FEATURE,CAMERA_1,autofocus_points,This one has 135 autofocus points.,PRESENT_X,CAMERA_1,13~33
419,19,NONE,"['CAMERA_2', 'CAMERA_3', 'CAMERA_1']","{'CAMERA_1': ['autofocus_points'], 'CAMERA_2': ['effects', 'autofocus_points', 'price', 'ISO', 'weight', 'camera_type', 'color'], 'CAMERA_3': ['effects', 'preset_modes', 'settings', 'sensor_size', 'price']}",C_THANK_YOU,CAMERA_1,NONE,ok thank you,PRESENT_X,CAMERA_1,S_THANK_YOU,CAMERA_1,NONE,thank you very much.,FACE_TO_FACE,NONE,
419,20,NONE,"['CAMERA_2', 'CAMERA_3', 'CAMERA_1']","{'CAMERA_1': ['autofocus_points'], 'CAMERA_2': ['effects', 'autofocus_points', 'price', 'ISO', 'weight', 'camera_type', 'color'], 'CAMERA_3': ['effects', 'preset_modes', 'settings', 'sensor_size', 'price']}",C_LEAVES,DOOR,NONE,,FACE_TO_FACE,NONE,S_RETURNS_TO_COUNTER,SERVICE_COUNTER,NONE,,WAITING,NONE,
420,1,NONE,[],"{'CAMERA_1': [], 'CAMERA_2': [], 'CAMERA_3': []}",C_ENTERS,DOOR,NONE,,WAITING,NONE,S_NONE,SERVICE_COUNTER,NONE,,WAITING,NONE,
420,2,NONE,[],"{'CAMERA_1': [], 'CAMERA_2': [], 'CAMERA_3': []}",C_WALKS_TO_CAMERA,CAMERA_3,NONE,,WAITING,NONE,S_GREETS,CAMERA_3,NONE,can I help you?,FACE_TO_FACE,NONE,
420,3,CAMERA_1,['CAMERA_1'],"{'CAMERA_1': [], 'CAMERA_2': [], 'CAMERA_3': []}",C_LOOKING_FOR_A_CAMERA,CAMERA_3,NONE,I'm looking for a camera,FACE_TO_FACE,NONE,S_INTRODUCES_CAMERA,CAMERA_1,,Let me show you this. Here we have the Sony PowerShot ELPH DMC-ZS3.,PRESENT_X,CAMERA_1,39~66
420,4,CAMERA_1,['CAMERA_1'],"{'CAMERA_1': ['weight'], 'CAMERA_2': [], 'CAMERA_3': []}",C_SILENT_OR_BACKCHANNEL,CAMERA_1,NONE,okay I say it,PRESENT_X,CAMERA_1,S_INTRODUCES_FEATURE,CAMERA_1,weight,This one weighs 800 grams.,PRESENT_X,CAMERA_1,16~25
420,5,CAMERA_1,['CAMERA_1'],"{'CAMERA_1': ['weight', 'preset_modes'], 'CAMERA_2': [], 'CAMERA_3': []}",C_QUESTION_ABOUT_FEATURE,CAMERA_1,preset_modes,does it have like candle mode,PRESENT_X,CAMERA_1,S_NOT_SURE,CAMERA_1,,I'm not really sure about that.,PRESENT_X,CAMERA_1,
420,6,CAMERA_1,['CAMERA_1'],"{'CAMERA_1': ['weight', 'preset_modes', 'ISO'], 'CAMERA_2': [], 'CAMERA_3': []}",C_SILENT_OR_BACKCHANNEL,CAMERA_1,NONE,IC,PRESENT_X,CAMERA_1,S_INTRODUCES_FEATURE,CAMERA_1,ISO,This one has up to 51200 ISO.,PRESENT_X,CAMERA_1,13~28
420,7,CAMERA_1,['CAMERA_1'],"{'CAMERA_1': ['weight', 'preset_modes', 'ISO', 'settings'], 'CAMERA_2': [], 'CAMERA_3': []}",C_SILENT_OR_BACKCHANNEL,CAMERA_1,NONE,oh wow this is awesome all God,PRESENT_X,CAMERA_1,S_INTRODUCES_FEATURE,CAMERA_1,settings,This one has limited manual settings.,PRESENT_X,CAMERA_1,13~36
420,8,CAMERA_2,"['CAMERA_1', 'CAMERA_2']","{'CAMERA_1': ['weight', 'preset_modes', 'ISO', 'settings'], 'CAMERA_2': [], 'CAMERA_3': []}",C_ANYTHING_ELSE_AVAILABLE,CAMERA_1,NONE,do you have any other cameras that are in this kind,PRESENT_X,CAMERA_1,S_INTRODUCES_CAMERA,CAMERA_2,,Let me show you this. Here we have the Fujifilm Lumix ILC Camera.,PRESENT_X,CAMERA_2,39~64
420,9,CAMERA_2,"['CAMERA_1', 'CAMERA_2']","{'CAMERA_1': ['weight', 'preset_modes', 'ISO', 'settings'], 'CAMERA_2': ['optical_zoom'], 'CAMERA_3': []}",C_QUESTION_ABOUT_FEATURE,CAMERA_2,optical_zoom,okay so it's not the same kind of zoom,PRESENT_X,CAMERA_2,S_ANSWERS_QUESTION_ABOUT_FEATURE,CAMERA_2,optical_zoom,This one has 21x optical zoom.,PRESENT_X,CAMERA_2,13~29
420,10,CAMERA_2,"['CAMERA_1', 'CAMERA_2']","{'CAMERA_1': ['weight', 'preset_modes', 'ISO', 'settings'], 'CAMERA_2': ['optical_zoom', 'color'], 'CAMERA_3': []}",C_SILENT_OR_BACKCHANNEL,CAMERA_2,NONE,wow that's pretty expensive is there a payment plan,PRESENT_X,CAMERA_2,S_INTRODUCES_FEATURE,CAMERA_2,color,This one comes in white or pink.,PRESENT_X,CAMERA_2,18~31
420,11,CAMERA_2,"['CAMERA_1', 'CAMERA_2']","{'CAMERA_1': ['weight', 'preset_modes', 'ISO', 'settings'], 'CAMERA_2': ['optical_zoom', 'color', 'weight'], 'CAMERA_3': []}",C_QUESTION_ABOUT_FEATURE,CAMERA_2,weight,and what's the weight on it,PRESENT_X,CAMERA_2,S_ANSWERS_QUESTION_ABOUT_FEATURE,CAMERA_2,weight,This one weighs 820 grams.,PRESENT_X,CAMERA_2,16~25
420,12,CAMERA_3,"['CAMERA_1', 'CAMERA_2', 'CAMERA_3']","{'CAMERA_1': ['weight', 'preset_modes', 'ISO', 'settings'], 'CAMERA_2': ['optical_zoom', 'color', 'weight'], 'CAMERA_3': []}",C_ANYTHING_ELSE_AVAILABLE,CAMERA_2,NONE,do you have any other cameras that are in this kind,PRESENT_X,CAMERA_2,S_INTRODUCES_CAMERA,CAMERA_3,,Let me show you this. Here we have the Fujifilm PowerShot ELPH S2800.,PRESENT_X,CAMERA_3,39~68
420,13,CAMERA_3,"['CAMERA_1', 'CAMERA_2', 'CAMERA_3']","{'CAMERA_1': ['weight', 'preset_modes', 'ISO', 'settings'], 'CAMERA_2': ['optical_zoom', 'color', 'weight'], 'CAMERA_3': ['price']}",C_QUESTION_ABOUT_FEATURE,CAMERA_3,price,and how much does this cost,PRESENT_X,CAMERA_3,S_ANSWERS_QUESTION_ABOUT_FEATURE,CAMERA_3,price,This one costs $518.,PRESENT_X,CAMERA_3,15~19
420,14,CAMERA_3,"['CAMERA_1', 'CAMERA_2', 'CAMERA_3']","{'CAMERA_1': ['weight', 'preset_modes', 'ISO', 'settings'], 'CAMERA_2': ['optical_zoom', 'color', 'weight'], 'CAMERA_3': ['price', 'preset_modes']}",C_QUESTION_ABOUT_FEATURE,CAMERA_3,preset_modes,does it have like candle mode,PRESENT_X,CAMERA_3,S_ANSWERS_QUESTION_ABOUT_FEATURE,CAMERA_3,preset_modes,This one has various preset modes.,PRESENT_X,CAMERA_3,13~33
420,15,CAMERA_3,"['CAMERA_1', 'CAMERA_2', 'CAMERA_3']","{'CAMERA_1': ['weight', 'preset_modes', 'ISO', 'settings'], 'CAMERA_2': ['optical_zoom', 'color', 'weight'], 'CAMERA_3': ['price', 'preset_modes', 'long_exposure']}",C_QUESTION_ABOUT_FEATURE,CAMERA_3,long_exposure,what about the exposure,PRESENT_X,CAMERA_3,S_ANSWERS_QUESTION_ABOUT_FEATURE,CAMERA_3,long_exposure,This one can take long exposures up to 30 minutes max with bulb mode.,PRESENT_X,CAMERA_3,39~68
420,16,CAMERA_3,"['CAMERA_1', 'CAMERA_2', 'CAMERA_3']","{'CAMERA_1': ['weight', 'preset_modes', 'ISO', 'settings'], 'CAMERA_2': ['optical_zoom', 'color', 'weight'], 'CAMERA_3': ['price', 'preset_modes', 'long_exposure', 'ISO']}",C_SILENT_OR_BACKCHANNEL,CAMERA_3,NONE,pretty cool,PRESENT_X,CAMERA_3,S_INTRODUCES_FEATURE,CAMERA_3,ISO,This one has up to 3200 ISO with little noise.,PRESENT_X,CAMERA_3,13~45
420,17,CAMERA_3,"['CAMERA_1', 'CAMERA_2', 'CAMERA_3']","{'CAMERA_1': ['weight', 'preset_modes', 'ISO', 'settings'], 'CAMERA_2': ['optical_zoom', 'color', 'weight'], 'CAMERA_3': ['price', 'preset_modes', 'long_exposure', 'ISO', 'effects']}",C_SILENT_OR_BACKCHANNEL,CAMERA_3,NONE,ok,PRESENT_X,CAMERA_3,S_INTRODUCES_FEATURE,CAMERA_3,effects,"This one has 21 photo effects (small face, retro, big eyes, etc.).",PRESENT_X,CAMERA_3,13~65
420,18,CAMERA_3,"['CAMERA_1', 'CAMERA_2', 'CAMERA_3']","{'CAMERA_1': ['weight', 'preset_modes', 'ISO', 'settings'], 'CAMERA_2': ['optical_zoom', 'color', 'weight'], 'CAMERA_3': ['price', 'preset_modes', 'long_exposure', 'ISO', 'effects', 'resolution']}",C_SILENT_OR_BACKCHANNEL,CAMERA_3,NONE,I say,PRESENT_X,CAMERA_3,S_INTRODUCES_FEATURE,CAMERA_3,resolution,This one has 23.2 megapixels resolution.,PRESENT_X,CAMERA_3,13~28
420,19,CAMERA_3,"['CAMERA_1', 'CAMERA_2', 'CAMERA_3']","{'CAMERA_1': ['weight', 'preset_modes', 'ISO', 'settings'], 'CAMERA_2': ['optical_zoom', 'color', 'weight'], 'CAMERA_3': ['price', 'preset_modes', 'long_exposure', 'ISO', 'effects', 'resolution', 'autofocus_points']}",C_SILENT_OR_BACKCHANNEL,CAMERA_3,NONE,ok,PRESENT_X,CAMERA_3,S_INTRODUCES_FEATURE,CAMERA_3,autofocus_points,This one has 214 autofocus points.,PRESENT_X,CAMERA_3,13~33
420,20,CAMERA_3,"['CAMERA_1', 'CAMERA_2', 'CAMERA_3']","{'CAMERA_1': ['weight', 'preset_modes', 'ISO', 'settings'], 'CAMERA_2': ['optical_zoom', 'color', 'weight'], 'CAMERA_3': ['price', 'preset_modes', 'long_exposure', 'ISO', 'effects', 'resolution', 'autofocus_points', 'camera_type']}",C_SILENT_OR_BACKCHANNEL,CAMERA_3,NONE,ok,PRESENT_X,CAMERA_3,S_INTRODUCES_FEATURE,CAMERA_3,camera_type,This is a point and shoot camera.,PRESENT_X,CAMERA_3,10~25
420,21,NONE,"['CAMERA_1', 'CAMERA_2', 'CAMERA_3']","{'CAMERA_1': ['weight', 'preset_modes', 'ISO', 'settings'], 'CAMERA_2': ['optical_zoom', 'color', 'weight'], 'CAMERA_3': ['price', 'preset_modes', 'long_exposure', 'ISO', 'effects', 'resolution', 'autofocus_points', 'camera_type']}",C_THANK_YOU,CAMERA_3,NONE,ok thank you,PRESENT_X,CAMERA_3,S_THANK_YOU,CAMERA_3,NONE,thank you very much.,FACE_TO_FACE,NONE,
420,22,NONE,"['CAMERA_1', 'CAMERA_2', 'CAMERA_3']","{'CAMERA_1': ['weight', 'preset_modes', 'ISO', 'settings'], 'CAMERA_2': ['optical_zoom', 'color', 'weight'], 'CAMERA_3': ['price', 'preset_modes', 'long_exposure', 'ISO', 'effects', 'resolution', 'autofocus_points', 'camera_type']}",C_LEAVES,DOOR,NONE,,FACE_TO_FACE,NONE,S_RETURNS_TO_COUNTER,SERVICE_COUNTER,NONE,,WAITING,NONE,
421,1,NONE,[],"{'CAMERA_1': [], 'CAMERA_2': [], 'CAMERA_3': []}",C_ENTERS,DOOR,NONE,,WAITING,NONE,S_NONE,SERVICE_COUNTER,NONE,,WAITING,NONE,
421,2,NONE,[],"{'CAMERA_1': [], 'CAMERA_2': [], 'CAMERA_3': []}",C_GREETS,MIDDLE,NONE,hello good morning,WAITING,NONE,S_GREETS,MIDDLE,NONE,can I help you?,FACE_TO_FACE,NONE,
421,3,CAMERA_3,['CAMERA_3'],"{'CAMERA_1': [], 'CAMERA_2': [], 'CAMERA_3': []}",C_LOOKING_FOR_A_CAMERA,MIDDLE,NONE,I want a All Around camera I try to use my smartphone but the pictures don't come out so good,FACE_TO_FACE,NONE,S_INTRODUCES_CAMERA,CAMERA_3,,Let me show you this. Here we have the Fujifilm PowerShot ELPH S2800.,PRESENT_X,CAMERA_3,39~68
421,4,CAMERA_3,['CAMERA_3'],"{'CAMERA_1': [], 'CAMERA_2': [], 'CAMERA_3': ['optical_zoom']}",C_QUESTION_ABOUT_FEATURE,CAMERA_3,optical_zoom,you mention about optical zooms what does that mean can you explain to me,PRESENT_X,CAMERA_3,S_NOT_SURE,CAMERA_3,,I'm not really sure about that.,PRESENT_X,CAMERA_3,
421,5,CAMERA_3,['CAMERA_3'],"{'CAMERA_1': [], 'CAMERA_2': [], 'CAMERA_3': ['optical_zoom', 'preset_modes']}",C_QUESTION_ABOUT_FEATURE,CAMERA_3,preset_modes,do they have pet mode,PRESENT_X,CAMERA_3,S_ANSWERS_QUESTION_ABOUT_FEATURE,CAMERA_3,preset_modes,This one has various preset modes.,PRESENT_X,CAMERA_3,13~33
421,6,CAMERA_3,['CAMERA_3'],"{'CAMERA_1': [], 'CAMERA_2': [], 'CAMERA_3': ['optical_zoom', 'preset_modes', 'resolution']}",C_QUESTION_ABOUT_FEATURE,CAMERA_3,resolution,powerful is it how many megapixels can it shoot,PRESENT_X,CAMERA_3,S_ANSWERS_QUESTION_ABOUT_FEATURE,CAMERA_3,resolution,This one has 23.2 megapixels resolution.,PRESENT_X,CAMERA_3,13~28
421,7,CAMERA_3,['CAMERA_3'],"{'CAMERA_1': [], 'CAMERA_2': [], 'CAMERA_3': ['optical_zoom', 'preset_modes', 'resolution', 'sensor_size']}",C_QUESTION_ABOUT_FEATURE,CAMERA_3,sensor_size,this camera looks quite heavy compared to the smaller ones but how big is the sensor on it,PRESENT_X,CAMERA_3,S_ANSWERS_QUESTION_ABOUT_FEATURE,CAMERA_3,sensor_size,This one has a full frame.,PRESENT_X,CAMERA_3,15~25
421,8,CAMERA_3,['CAMERA_3'],"{'CAMERA_1': [], 'CAMERA_2': [], 'CAMERA_3': ['optical_zoom', 'preset_modes', 'resolution', 'sensor_size', 'effects']}",C_QUESTION_ABOUT_FEATURE,CAMERA_3,effects,what kind of effects does it have,PRESENT_X,CAMERA_3,S_ANSWERS_QUESTION_ABOUT_FEATURE,CAMERA_3,effects,"This one has 21 photo effects (small face, retro, big eyes, etc.).",PRESENT_X,CAMERA_3,13~65
421,9,CAMERA_3,['CAMERA_3'],"{'CAMERA_1': [], 'CAMERA_2': [], 'CAMERA_3': ['optical_zoom', 'preset_modes', 'resolution', 'sensor_size', 'effects', 'ISO']}",C_QUESTION_ABOUT_FEATURE,CAMERA_3,ISO,yeah what's ISO,PRESENT_X,CAMERA_3,S_ANSWERS_QUESTION_ABOUT_FEATURE,CAMERA_3,ISO,This one has up to 3200 ISO with little noise.,PRESENT_X,CAMERA_3,13~45
421,10,CAMERA_3,['CAMERA_3'],"{'CAMERA_1': [], 'CAMERA_2': [], 'CAMERA_3': ['optical_zoom', 'preset_modes', 'resolution', 'sensor_size', 'effects', 'ISO', 'weight']}",C_SILENT_OR_BACKCHANNEL,CAMERA_3,NONE,okay,PRESENT_X,CAMERA_3,S_INTRODUCES_FEATURE,CAMERA_3,weight,This one weighs 820 grams.,PRESENT_X,CAMERA_3,16~25
421,11,CAMERA_3,['CAMERA_3'],"{'CAMERA_1': [], 'CAMERA_2': [], 'CAMERA_3': ['optical_zoom', 'preset_modes', 'resolution', 'sensor_size', 'effects', 'ISO', 'weight', 'price']}",C_QUESTION_ABOUT_FEATURE,CAMERA_3,price,what's price,PRESENT_X,CAMERA_3,S_ANSWERS_QUESTION_ABOUT_FEATURE,CAMERA_3,price,This one costs $518.,PRESENT_X,CAMERA_3,15~19
421,12,CAMERA_2,"['CAMERA_3', 'CAMERA_2']","{'CAMERA_1': [], 'CAMERA_2': [], 'CAMERA_3': ['optical_zoom', 'preset_modes', 'resolution', 'sensor_size', 'effects', 'ISO', 'weight', 'price']}",C_ANYTHING_ELSE_AVAILABLE,CAMERA_3,NONE,ok do you have any other cameras,PRESENT_X,CAMERA_3,S_INTRODUCES_CAMERA,CAMERA_2,,Let me show you this. Here we have the Fujifilm Lumix ILC Camera.,PRESENT_X,CAMERA_2,39~64
421,13,CAMERA_2,"['CAMERA_3', 'CAMERA_2']","{'CAMERA_1': [], 'CAMERA_2': ['effects'], 'CAMERA_3': ['optical_zoom', 'preset_modes', 'resolution', 'sensor_size', 'effects', 'ISO', 'weight', 'price']}",C_SILENT_OR_BACKCHANNEL,CAMERA_2,NONE,alright,PRESENT_X,CAMERA_2,S_INTRODUCES_FEATURE,CAMERA_2,effects,"This one has 24 artistic effect modes (retro, lighter or darker skin tones, sepia, etc.).",PRESENT_X,CAMERA_2,13~88
421,14,CAMERA_1,"['CAMERA_3', 'CAMERA_2', 'CAMERA_1']","{'CAMERA_1': [], 'CAMERA_2': ['effects'], 'CAMERA_3': ['optical_zoom', 'preset_modes', 'resolution', 'sensor_size', 'effects', 'ISO', 'weight', 'price']}",C_ANYTHING_ELSE_AVAILABLE,CAMERA_2,NONE,do you have any other cameras like this,PRESENT_X,CAMERA_2,S_INTRODUCES_CAMERA,CAMERA_1,,Let me show you this. Here we have the Sony PowerShot ELPH DMC-ZS3.,PRESENT_X,CAMERA_1,39~66
421,15,CAMERA_1,"['CAMERA_3', 'CAMERA_2', 'CAMERA_1']","{'CAMERA_1': ['effects'], 'CAMERA_2': ['effects'], 'CAMERA_3': ['optical_zoom', 'preset_modes', 'resolution', 'sensor_size', 'effects', 'ISO', 'weight', 'price']}",C_SILENT_OR_BACKCHANNEL,CAMERA_1,NONE,okay I see,PRESENT_X,CAMERA_1,S_INTRODUCES_FEATURE,CAMERA_1,effects,"This one has 24 glamor retouch effects (miniature, retro, toy camera, etc.).",PRESENT_X,CAMERA_1,13~75
421,16,CAMERA_1,"['CAMERA_3', 'CAMERA_2', 'CAMERA_1']","{'CAMERA_1': ['effects', 'sensor_size'], 'CAMERA_2': ['effects'], 'CAMERA_3': ['optical_zoom', 'preset_modes', 'resolution', 'sensor_size', 'effects', 'ISO', 'weight', 'price']}",C_SILENT_OR_BACKCHANNEL,CAMERA_1,NONE,sounds pretty good,PRESENT_X,CAMERA_1,S_INTRODUCES_FEATURE,CAMERA_1,sensor_size,This one has a 1/2.3 inch CMOS sensor.,PRESENT_X,CAMERA_1,15~37
421,17,CAMERA_1,"['CAMERA_3', 'CAMERA_2', 'CAMERA_1']","{'CAMERA_1': ['effects', 'sensor_size', 'resolution'], 'CAMERA_2': ['effects'], 'CAMERA_3': ['optical_zoom', 'preset_modes', 'resolution', 'sensor_size', 'effects', 'ISO', 'weight', 'price']}",C_SILENT_OR_BACKCHANNEL,CAMERA_1,NONE,that's good,PRESENT_X,CAMERA_1,S_INTRODUCES_FEATURE,CAMERA_1,resolution,This one has 17.8 megapixels resolution.,PRESENT_X,CAMERA_1,13~28
421,18,CAMERA_1,"['CAMERA_3', 'CAMERA_2', 'CAMERA_1']","{'CAMERA_1': ['effects', 'sensor_size', 'resolution', 'preset_modes'], 'CAMERA_2': ['effects'], 'CAMERA_3': ['optical_zoom', 'preset_modes', 'resolution', 'sensor_size', 'effects', 'ISO', 'weight', 'price']}",C_QUESTION_ABOUT_FEATURE,CAMERA_1,preset_modes,is the other one with menu settings is that lighter or heavier than its camera,PRESENT_X,CAMERA_1,S_NOT_SURE,CAMERA_1,,I'm not really sure about that.,PRESENT_X,CAMERA_1,
421,19,,"['CAMERA_3', 'CAMERA_2', 'CAMERA_1']","{'CAMERA_1': ['effects', 'sensor_size', 'resolution', 'preset_modes'], 'CAMERA_2': ['effects'], 'CAMERA_3': ['optical_zoom', 'preset_modes', 'resolution', 'sensor_size', 'effects', 'ISO', 'weight', 'price']}",C_ANYTHING_ELSE_AVAILABLE,CAMERA_1,NONE,ok do you have any other cameras,PRESENT_X,CAMERA_1,S_THATS_ALL_WE_HAVE_AVAILABLE,CAMERA_1,,That's all we have available at the moment.,PRESENT_X,CAMERA_1,
421,20,NONE,"['CAMERA_3', 'CAMERA_2', 'CAMERA_1']","{'CAMERA_1': ['effects', 'sensor_size', 'resolution', 'preset_modes'], 'CAMERA_2': ['effects'], 'CAMERA_3': ['optical_zoom', 'preset_modes', 'resolution', 'sensor_size', 'effects', 'ISO', 'weight', 'price']}",C_THANK_YOU,CAMERA_1,NONE,well thank you very much for your help,PRESENT_X,CAMERA_1,S_THANK_YOU,CAMERA_1,NONE,thank you very much.,FACE_TO_FACE,NONE,
421,21,NONE,"['CAMERA_3', 'CAMERA_2', 'CAMERA_1']","{'CAMERA_1': ['effects', 'sensor_size', 'resolution', 'preset_modes'], 'CAMERA_2': ['effects'], 'CAMERA_3': ['optical_zoom', 'preset_modes', 'resolution', 'sensor_size', 'effects', 'ISO', 'weight', 'price']}",C_LEAVES,DOOR,NONE,,FACE_TO_FACE,NONE,S_RETURNS_TO_COUNTER,SERVICE_COUNTER,NONE,,WAITING,NONE,
422,1,NONE,[],"{'CAMERA_1': [], 'CAMERA_2': [], 'CAMERA_3': []}",C_ENTERS,DOOR,NONE,,WAITING,NONE,S_NONE,SERVICE_COUNTER,NONE,,WAITING,NONE,
422,2,NONE,[],"{'CAMERA_1': [], 'CAMERA_2': [], 'CAMERA_3': []}",C_GREETS,MIDDLE,NONE,kiss me,WAITING,NONE,S_GREETS,MIDDLE,NONE,can I help you?,FACE_TO_FACE,NONE,
422,3,CAMERA_3,['CAMERA_3'],"{'CAMERA_1': [], 'CAMERA_2': [], 'CAMERA_3': []}",C_LOOKING_FOR_A_CAMERA,MIDDLE,NONE,I am looking for camera,FACE_TO_FACE,NONE,S_INTRODUCES_CAMERA,CAMERA_3,,Let me show you this. Here we have the Fujifilm PowerShot ELPH S2800.,PRESENT_X,CAMERA_3,39~68
422,4,CAMERA_3,['CAMERA_3'],"{'CAMERA_1': [], 'CAMERA_2': [], 'CAMERA_3': ['autofocus_points']}",C_QUESTION_ABOUT_FEATURE,CAMERA_3,autofocus_points,how many autofocus points does it have,PRESENT_X,CAMERA_3,S_ANSWERS_QUESTION_ABOUT_FEATURE,CAMERA_3,autofocus_points,This one has 214 autofocus points.,PRESENT_X,CAMERA_3,13~33
422,5,CAMERA_2,"['CAMERA_3', 'CAMERA_2']","{'CAMERA_1': [], 'CAMERA_2': [], 'CAMERA_3': ['autofocus_points']}",C_ANYTHING_ELSE_AVAILABLE,CAMERA_3,NONE,So this is the only model you have in your shop,PRESENT_X,CAMERA_3,S_INTRODUCES_CAMERA,CAMERA_2,,Let me show you this. Here we have the Fujifilm Lumix ILC Camera.,PRESENT_X,CAMERA_2,39~64
422,6,CAMERA_2,"['CAMERA_3', 'CAMERA_2']","{'CAMERA_1': [], 'CAMERA_2': ['color'], 'CAMERA_3': ['autofocus_points']}",C_SILENT_OR_BACKCHANNEL,CAMERA_2,NONE,chore,PRESENT_X,CAMERA_2,S_INTRODUCES_FEATURE,CAMERA_2,color,This one comes in white or pink.,PRESENT_X,CAMERA_2,18~31
422,7,NONE,"['CAMERA_3', 'CAMERA_2']","{'CAMERA_1': [], 'CAMERA_2': ['color'], 'CAMERA_3': ['autofocus_points']}",C_THANK_YOU,CAMERA_2,NONE,ok I'll think about it,PRESENT_X,CAMERA_2,S_THANK_YOU,CAMERA_2,NONE,thank you very much.,FACE_TO_FACE,NONE,
422,8,NONE,"['CAMERA_3', 'CAMERA_2']","{'CAMERA_1': [], 'CAMERA_2': ['color'], 'CAMERA_3': ['autofocus_points']}",C_LEAVES,DOOR,NONE,,FACE_TO_FACE,NONE,S_RETURNS_TO_COUNTER,SERVICE_COUNTER,NONE,,WAITING,NONE,
423,1,NONE,[],"{'CAMERA_1': [], 'CAMERA_2': [], 'CAMERA_3': []}",C_ENTERS,DOOR,NONE,,WAITING,NONE,S_NONE,SERVICE_COUNTER,NONE,,WAITING,NONE,
423,2,NONE,[],"{'CAMERA_1': [], 'CAMERA_2': [], 'CAMERA_3': []}",C_GREETS,MIDDLE,NONE,I'm sorry,WAITING,NONE,S_GREETS,MIDDLE,NONE,can I help you?,FACE_TO_FACE,NONE,
423,3,CAMERA_2,['CAMERA_2'],"{'CAMERA_1': [], 'CAMERA_2': [], 'CAMERA_3': []}",C_LOOKING_FOR_A_CAMERA,MIDDLE,NONE,I'm really just looking at the moment thanks,FACE_TO_FACE,NONE,S_INTRODUCES_CAMERA,CAMERA_2,,Let me show you this. Here we have the Fujifilm Lumix ILC Camera.,PRESENT_X,CAMERA_2,39~64
423,4,CAMERA_2,['CAMERA_2'],"{'CAMERA_1': [], 'CAMERA_2': ['resolution'], 'CAMERA_3': []}",C_SILENT_OR_BACKCHANNEL,CAMERA_2,NONE,Ice Age,PRESENT_X,CAMERA_2,S_INTRODUCES_FEATURE,CAMERA_2,resolution,This one has 23.8 megapixels resolution.,PRESENT_X,CAMERA_2,13~28
423,5,NONE,['CAMERA_2'],"{'CAMERA_1': [], 'CAMERA_2': ['resolution'], 'CAMERA_3': []}",C_THANK_YOU,CAMERA_2,NONE,thanks for your help anytime,PRESENT_X,CAMERA_2,S_THANK_YOU,CAMERA_2,NONE,thank you very much.,FACE_TO_FACE,NONE,
423,6,NONE,['CAMERA_2'],"{'CAMERA_1': [], 'CAMERA_2': ['resolution'], 'CAMERA_3': []}",C_LEAVES,DOOR,NONE,,FACE_TO_FACE,NONE,S_RETURNS_TO_COUNTER,SERVICE_COUNTER,NONE,,WAITING,NONE,
424,1,NONE,[],"{'CAMERA_1': [], 'CAMERA_2': [], 'CAMERA_3': []}",C_ENTERS,DOOR,NONE,,WAITING,NONE,S_NONE,SERVICE_COUNTER,NONE,,WAITING,NONE,
424,2,NONE,[],"{'CAMERA_1': [], 'CAMERA_2': [], 'CAMERA_3': []}",C_WALKS_TO_CAMERA,CAMERA_3,NONE,,WAITING,NONE,S_GREETS,CAMERA_3,NONE,can I help you?,FACE_TO_FACE,NONE,
424,3,CAMERA_1,['CAMERA_1'],"{'CAMERA_1': [], 'CAMERA_2': [], 'CAMERA_3': []}",C_LOOKING_FOR_A_CAMERA,CAMERA_3,NONE,hi good afternoon I'm looking to buy a new camera that if it continues portable,FACE_TO_FACE,NONE,S_INTRODUCES_CAMERA,CAMERA_1,,Let me show you this. Here we have the Sony PowerShot ELPH DMC-ZS3.,PRESENT_X,CAMERA_1,39~66
424,4,CAMERA_1,['CAMERA_1'],"{'CAMERA_1': ['effects'], 'CAMERA_2': [], 'CAMERA_3': []}",C_SILENT_OR_BACKCHANNEL,CAMERA_1,NONE,that sounds good,PRESENT_X,CAMERA_1,S_INTRODUCES_FEATURE,CAMERA_1,effects,"This one has 24 glamor retouch effects (miniature, retro, toy camera, etc.).",PRESENT_X,CAMERA_1,13~75
424,5,CAMERA_1,['CAMERA_1'],"{'CAMERA_1': ['effects', 'optical_zoom'], 'CAMERA_2': [], 'CAMERA_3': []}",C_SILENT_OR_BACKCHANNEL,CAMERA_1,NONE,I like it,PRESENT_X,CAMERA_1,S_INTRODUCES_FEATURE,CAMERA_1,optical_zoom,This one has 21x optical zoom.,PRESENT_X,CAMERA_1,13~29
424,6,NONE,['CAMERA_1'],"{'CAMERA_1': ['effects', 'optical_zoom'], 'CAMERA_2': [], 'CAMERA_3': []}",C_THANK_YOU,CAMERA_1,NONE,thank you very much,PRESENT_X,CAMERA_1,S_THANK_YOU,CAMERA_1,NONE,thank you very much.,FACE_TO_FACE,NONE,
424,7,NONE,['CAMERA_1'],"{'CAMERA_1': ['effects', 'optical_zoom'], 'CAMERA_2': [], 'CAMERA_3': []}",C_LEAVES,DOOR,NONE,,FACE_TO_FACE,NONE,S_RETURNS_TO_COUNTER,SERVICE_COUNTER,NONE,,WAITING,NONE,
425,1,NONE,[],"{'CAMERA_1': [], 'CAMERA_2': [], 'CAMERA_3': []}",C_ENTERS,DOOR,NONE,,WAITING,NONE,S_NONE,SERVICE_COUNTER,NONE,,WAITING,NONE,
425,2,NONE,[],"{'CAMERA_1': [], 'CAMERA_2': [], 'CAMERA_3': []}",C_GREETS,MIDDLE,NONE,excuse me,WAITING,NONE,S_GREETS,MIDDLE,NONE,can I help you?,FACE_TO_FACE,NONE,
425,3,CAMERA_2,['CAMERA_2'],"{'CAMERA_1': [], 'CAMERA_2': [], 'CAMERA_3': []}",C_LOOKING_FOR_A_CAMERA,MIDDLE,NONE,hi good afternoon I'm looking to buy a new camera,FACE_TO_FACE,NONE,S_INTRODUCES_CAMERA,CAMERA_2,,Let me show you this. Here we have the Fujifilm Lumix ILC Camera.,PRESENT_X,CAMERA_2,39~64
425,4,CAMERA_2,['CAMERA_2'],"{'CAMERA_1': [], 'CAMERA_2': ['camera_type'], 'CAMERA_3': []}",C_SILENT_OR_BACKCHANNEL,CAMERA_2,NONE,IC,PRESENT_X,CAMERA_2,S_INTRODUCES_FEATURE,CAMERA_2,camera_type,This is a digital single lens mirrorless camera.,PRESENT_X,CAMERA_2,10~40
425,5,CAMERA_3,"['CAMERA_2', 'CAMERA_3']","{'CAMERA_1': [], 'CAMERA_2': ['camera_type'], 'CAMERA_3': []}",C_ANYTHING_ELSE_AVAILABLE,CAMERA_2,NONE,do you have any other cameras like this,PRESENT_X,CAMERA_2,S_INTRODUCES_CAMERA,CAMERA_3,,Let me show you this. Here we have the Fujifilm PowerShot ELPH S2800.,PRESENT_X,CAMERA_3,39~68
425,6,CAMERA_3,"['CAMERA_2', 'CAMERA_3']","{'CAMERA_1': [], 'CAMERA_2': ['camera_type'], 'CAMERA_3': ['settings']}",C_QUESTION_ABOUT_FEATURE,CAMERA_3,settings,and how many setting is that again,PRESENT_X,CAMERA_3,S_ANSWERS_QUESTION_ABOUT_FEATURE,CAMERA_3,settings,"This one has manual control and various automatic settings (video modeburst shooting, etc.).",PRESENT_X,CAMERA_3,13~91
425,7,CAMERA_3,"['CAMERA_2', 'CAMERA_3']","{'CAMERA_1': [], 'CAMERA_2': ['camera_type'], 'CAMERA_3': ['settings', 'long_exposure']}",C_SILENT_OR_BACKCHANNEL,CAMERA_3,NONE,I guess this is pretty advanced,PRESENT_X,CAMERA_3,S_INTRODUCES_FEATURE,CAMERA_3,long_exposure,This one can take long exposures up to 30 minutes max with bulb mode.,PRESENT_X,CAMERA_3,39~68
425,8,NONE,"['CAMERA_2', 'CAMERA_3']","{'CAMERA_1': [], 'CAMERA_2': ['camera_type'], 'CAMERA_3': ['settings', 'long_exposure']}",C_THANK_YOU,CAMERA_3,NONE,thank you very much,PRESENT_X,CAMERA_3,S_THANK_YOU,CAMERA_3,NONE,thank you very much.,FACE_TO_FACE,NONE,
425,9,NONE,"['CAMERA_2', 'CAMERA_3']","{'CAMERA_1': [], 'CAMERA_2': ['camera_type'], 'CAMERA_3': ['settings', 'long_exposure']}",C_LEAVES,DOOR,NONE,,FACE_TO_FACE,NONE,S_RETURNS_TO_COUNTER,SERVICE_COUNTER,NONE,,WAITING,NONE,
426,1,NONE,[],"{'CAMERA_1': [], 'CAMERA_2': [], 'CAMERA_3': []}",C_ENTERS,DOOR,NONE,,WAITING,NONE,S_NONE,SERVICE_COUNTER,NONE,,WAITING,NONE,
426,2,NONE,[],"{'CAMERA_1': [], 'CAMERA_2': [], 'CAMERA_3': []}",C_WALKS_TO_CAMERA,CAMERA_2,NONE,,WAITING,NONE,S_GREETS,CAMERA_2,NONE,can I help you?,FACE_TO_FACE,NONE,
426,3,CAMERA_3,['CAMERA_3'],"{'CAMERA_1': [], 'CAMERA_2': [], 'CAMERA_3': []}",C_LOOKING_FOR_A_CAMERA,CAMERA_2,NONE,yes I'm looking for a camera,FACE_TO_FACE,NONE,S_INTRODUCES_CAMERA,CAMERA_3,,Let me show you this. Here we have the Fujifilm PowerShot ELPH S2800.,PRESENT_X,CAMERA_3,39~68
426,4,CAMERA_3,['CAMERA_3'],"{'CAMERA_1': [], 'CAMERA_2': [], 'CAMERA_3': ['autofocus_points']}",C_QUESTION_ABOUT_FEATURE,CAMERA_3,autofocus_points,what is the auto focus points for this camera,PRESENT_X,CAMERA_3,S_ANSWERS_QUESTION_ABOUT_FEATURE,CAMERA_3,autofocus_points,This one has 214 autofocus points.,PRESENT_X,CAMERA_3,13~33
426,5,CAMERA_3,['CAMERA_3'],"{'CAMERA_1': [], 'CAMERA_2': [], 'CAMERA_3': ['autofocus_points', 'settings']}",C_SILENT_OR_BACKCHANNEL,CAMERA_3,NONE,okay,PRESENT_X,CAMERA_3,S_INTRODUCES_FEATURE,CAMERA_3,settings,"This one has manual control and various automatic settings (video modeburst shooting, etc.).",PRESENT_X,CAMERA_3,13~91
426,6,CAMERA_3,['CAMERA_3'],"{'CAMERA_1': [], 'CAMERA_2': [], 'CAMERA_3': ['autofocus_points', 'settings', 'color']}",C_QUESTION_ABOUT_FEATURE,CAMERA_3,color,which color do you think suits me,PRESENT_X,CAMERA_3,S_ANSWERS_QUESTION_ABOUT_FEATURE,CAMERA_3,color,"This one comes in purple, white, silver, blue, red, or pink.",PRESENT_X,CAMERA_3,18~59
426,7,CAMERA_3,['CAMERA_3'],"{'CAMERA_1': [], 'CAMERA_2': [], 'CAMERA_3': ['autofocus_points', 'settings', 'color', 'price']}",C_QUESTION_ABOUT_FEATURE,CAMERA_3,price,how much is this,PRESENT_X,CAMERA_3,S_ANSWERS_QUESTION_ABOUT_FEATURE,CAMERA_3,price,This one costs $518.,PRESENT_X,CAMERA_3,15~19
426,8,CAMERA_3,['CAMERA_3'],"{'CAMERA_1': [], 'CAMERA_2': [], 'CAMERA_3': ['autofocus_points', 'settings', 'color', 'price', 'preset_modes']}",C_QUESTION_ABOUT_FEATURE,CAMERA_3,preset_modes,do they have pet mode,PRESENT_X,CAMERA_3,S_ANSWERS_QUESTION_ABOUT_FEATURE,CAMERA_3,preset_modes,This one has various preset modes.,PRESENT_X,CAMERA_3,13~33
426,9,CAMERA_3,['CAMERA_3'],"{'CAMERA_1': [], 'CAMERA_2': [], 'CAMERA_3': ['autofocus_points', 'settings', 'color', 'price', 'preset_modes', 'long_exposure']}",C_QUESTION_ABOUT_FEATURE,CAMERA_3,long_exposure,and the exposure is,PRESENT_X,CAMERA_3,S_ANSWERS_QUESTION_ABOUT_FEATURE,CAMERA_3,long_exposure,This one can take long exposures up to 30 minutes max with bulb mode.,PRESENT_X,CAMERA_3,39~68
426,10,CAMERA_3,['CAMERA_3'],"{'CAMERA_1': [], 'CAMERA_2': [], 'CAMERA_3': ['autofocus_points', 'settings', 'color', 'price', 'preset_modes', 'long_exposure', 'camera_type']}",C_QUESTION_ABOUT_FEATURE,CAMERA_3,camera_type,Is this a mirrorless camera?,PRESENT_X,CAMERA_3,S_ANSWERS_QUESTION_ABOUT_FEATURE,CAMERA_3,camera_type,This is a point and shoot camera.,PRESENT_X,CAMERA_3,10~25
426,11,NONE,['CAMERA_3'],"{'CAMERA_1': [], 'CAMERA_2': [], 'CAMERA_3': ['autofocus_points', 'settings', 'color', 'price', 'preset_modes', 'long_exposure', 'camera_type']}",C_THANK_YOU,CAMERA_3,NONE,thank you so much,PRESENT_X,CAMERA_3,S_THANK_YOU,CAMERA_3,NONE,thank you very much.,FACE_TO_FACE,NONE,
426,12,NONE,['CAMERA_3'],"{'CAMERA_1': [], 'CAMERA_2': [], 'CAMERA_3': ['autofocus_points', 'settings', 'color', 'price', 'preset_modes', 'long_exposure', 'camera_type']}",C_LEAVES,DOOR,NONE,,FACE_TO_FACE,NONE,S_RETURNS_TO_COUNTER,SERVICE_COUNTER,NONE,,WAITING,NONE,
427,1,NONE,[],"{'CAMERA_1': [], 'CAMERA_2': [], 'CAMERA_3': []}",C_ENTERS,DOOR,NONE,,WAITING,NONE,S_NONE,SERVICE_COUNTER,NONE,,WAITING,NONE,
427,2,NONE,[],"{'CAMERA_1': [], 'CAMERA_2': [], 'CAMERA_3': []}",C_WALKS_TO_CAMERA,CAMERA_2,NONE,,WAITING,NONE,S_GREETS,CAMERA_2,NONE,can I help you?,FACE_TO_FACE,NONE,
427,3,CAMERA_1,['CAMERA_1'],"{'CAMERA_1': [], 'CAMERA_2': [], 'CAMERA_3': []}",C_LOOKING_FOR_A_CAMERA,CAMERA_2,NONE,yes I'm looking for a camera for daily use,FACE_TO_FACE,NONE,S_INTRODUCES_CAMERA,CAMERA_1,,Let me show you this. Here we have the Sony PowerShot ELPH DMC-ZS3.,PRESENT_X,CAMERA_1,39~66
427,4,CAMERA_1,['CAMERA_1'],"{'CAMERA_1': ['color'], 'CAMERA_2': [], 'CAMERA_3': []}",C_QUESTION_ABOUT_FEATURE,CAMERA_1,color,does this thing on camera and they come in silver color,PRESENT_X,CAMERA_1,S_ANSWERS_QUESTION_ABOUT_FEATURE,CAMERA_1,color,This one comes in blue or black.,PRESENT_X,CAMERA_1,18~31
427,5,CAMERA_1,['CAMERA_1'],"{'CAMERA_1': ['color', 'preset_modes'], 'CAMERA_2': [], 'CAMERA_3': []}",C_QUESTION_ABOUT_FEATURE,CAMERA_1,preset_modes,the menu settings of this camera are they same as the Canon,PRESENT_X,CAMERA_1,S_NOT_SURE,CAMERA_1,,I'm not really sure about that.,PRESENT_X,CAMERA_1,
427,6,CAMERA_1,['CAMERA_1'],"{'CAMERA_1': ['color', 'preset_modes', 'settings'], 'CAMERA_2': [], 'CAMERA_3': []}",C_QUESTION_ABOUT_FEATURE,CAMERA_1,settings,is this full manual camera,PRESENT_X,CAMERA_1,S_ANSWERS_QUESTION_ABOUT_FEATURE,CAMERA_1,settings,This one has limited manual settings.,PRESENT_X,CAMERA_1,13~36
427,7,NONE,['CAMERA_1'],"{'CAMERA_1': ['color', 'preset_modes', 'settings'], 'CAMERA_2': [], 'CAMERA_3': []}",C_THANK_YOU,CAMERA_1,NONE,okay thank you have a good day,PRESENT_X,CAMERA_1,S_THANK_YOU,CAMERA_1,NONE,thank you very much.,FACE_TO_FACE,NONE,
427,8,NONE,['CAMERA_1'],"{'CAMERA_1': ['color', 'preset_modes', 'settings'], 'CAMERA_2': [], 'CAMERA_3': []}",C_LEAVES,DOOR,NONE,,FACE_TO_FACE,NONE,S_RETURNS_TO_COUNTER,SERVICE_COUNTER,NONE,,WAITING,NONE,
428,1,NONE,[],"{'CAMERA_1': [], 'CAMERA_2': [], 'CAMERA_3': []}",C_ENTERS,DOOR,NONE,,WAITING,NONE,S_NONE,SERVICE_COUNTER,NONE,,WAITING,NONE,
428,2,NONE,[],"{'CAMERA_1': [], 'CAMERA_2': [], 'CAMERA_3': []}",C_GREETS,MIDDLE,NONE,hello,WAITING,NONE,S_GREETS,MIDDLE,NONE,can I help you?,FACE_TO_FACE,NONE,
428,3,CAMERA_1,['CAMERA_1'],"{'CAMERA_1': [], 'CAMERA_2': [], 'CAMERA_3': []}",C_LOOKING_FOR_A_CAMERA,MIDDLE,NONE,I want a All Around camera I try to use my smartphone but the pictures don't come out so good,FACE_TO_FACE,NONE,S_INTRODUCES_CAMERA,CAMERA_1,,Let me show you this. Here we have the Sony PowerShot ELPH DMC-ZS3.,PRESENT_X,CAMERA_1,39~66
428,4,CAMERA_1,['CAMERA_1'],"{'CAMERA_1': ['preset_modes'], 'CAMERA_2': [], 'CAMERA_3': []}",C_QUESTION_ABOUT_FEATURE,CAMERA_1,preset_modes,what about the present mode what is that,PRESENT_X,CAMERA_1,S_NOT_SURE,CAMERA_1,,I'm not really sure about that.,PRESENT_X,CAMERA_1,
428,5,NONE,['CAMERA_1'],"{'CAMERA_1': ['preset_modes'], 'CAMERA_2': [], 'CAMERA_3': []}",C_THANK_YOU,CAMERA_1,NONE,okay thanks,PRESENT_X,CAMERA_1,S_THANK_YOU,CAMERA_1,NONE,thank you very much.,FACE_TO_FACE,NONE,
428,6,NONE,['CAMERA_1'],"{'CAMERA_1': ['preset_modes'], 'CAMERA_2': [], 'CAMERA_3': []}",C_LEAVES,DOOR,NONE,,FACE_TO_FACE,NONE,S_RETURNS_TO_COUNTER,SERVICE_COUNTER,NONE,,WAITING,NONE,
429,1,NONE,[],"{'CAMERA_1': [], 'CAMERA_2': [], 'CAMERA_3': []}",C_ENTERS,DOOR,NONE,,WAITING,NONE,S_NONE,SERVICE_COUNTER,NONE,,WAITING,NONE,
429,2,NONE,[],"{'CAMERA_1': [], 'CAMERA_2': [], 'CAMERA_3': []}",C_GREETS,MIDDLE,NONE,excuse me,WAITING,NONE,S_GREETS,MIDDLE,NONE,can I help you?,FACE_TO_FACE,NONE,
429,3,CAMERA_2,['CAMERA_2'],"{'CAMERA_1': [], 'CAMERA_2': [], 'CAMERA_3': []}",C_LOOKING_FOR_A_CAMERA,MIDDLE,NONE,hi good afternoon I'm looking for a camera for my next trip to Singapore can you help me with that,FACE_TO_FACE,NONE,S_INTRODUCES_CAMERA,CAMERA_2,,Let me show you this. Here we have the Fujifilm Lumix ILC Camera.,PRESENT_X,CAMERA_2,39~64
429,4,CAMERA_2,['CAMERA_2'],"{'CAMERA_1': [], 'CAMERA_2': ['camera_type'], 'CAMERA_3': []}",C_QUESTION_ABOUT_FEATURE,CAMERA_2,camera_type,is this a DSLR camera,PRESENT_X,CAMERA_2,S_ANSWERS_QUESTION_ABOUT_FEATURE,CAMERA_2,camera_type,This is a digital single lens mirrorless camera.,PRESENT_X,CAMERA_2,10~40
429,5,CAMERA_2,['CAMERA_2'],"{'CAMERA_1': [], 'CAMERA_2': ['camera_type', 'optical_zoom'], 'CAMERA_3': []}",C_QUESTION_ABOUT_FEATURE,CAMERA_2,optical_zoom,can I lick a zoom in,PRESENT_X,CAMERA_2,S_ANSWERS_QUESTION_ABOUT_FEATURE,CAMERA_2,optical_zoom,This one has 21x optical zoom.,PRESENT_X,CAMERA_2,13~29
429,6,CAMERA_2,['CAMERA_2'],"{'CAMERA_1': [], 'CAMERA_2': ['camera_type', 'optical_zoom', 'long_exposure'], 'CAMERA_3': []}",C_SILENT_OR_BACKCHANNEL,CAMERA_2,NONE,IC,PRESENT_X,CAMERA_2,S_INTRODUCES_FEATURE,CAMERA_2,long_exposure,This one can take long exposures up to 60 minutes max with bulb mode.,PRESENT_X,CAMERA_2,39~68
429,7,CAMERA_2,['CAMERA_2'],"{'CAMERA_1': [], 'CAMERA_2': ['camera_type', 'optical_zoom', 'long_exposure', 'effects'], 'CAMERA_3': []}",C_SILENT_OR_BACKCHANNEL,CAMERA_2,NONE,okay,PRESENT_X,CAMERA_2,S_INTRODUCES_FEATURE,CAMERA_2,effects,"This one has 24 artistic effect modes (retro, lighter or darker skin tones, sepia, etc.).",PRESENT_X,CAMERA_2,13~88
429,8,CAMERA_2,['CAMERA_2'],"{'CAMERA_1': [], 'CAMERA_2': ['camera_type', 'optical_zoom', 'long_exposure', 'effects', 'sensor_size'], 'CAMERA_3': []}",C_SILENT_OR_BACKCHANNEL,CAMERA_2,NONE,great so no matter how bad the light that can be photoshopped or modified on my computer,PRESENT_X,CAMERA_2,S_INTRODUCES_FEATURE,CAMERA_2,sensor_size,This one has a 1/2.33 inch sensor.,PRESENT_X,CAMERA_2,15~33
429,9,CAMERA_2,['CAMERA_2'],"{'CAMERA_1': [], 'CAMERA_2': ['camera_type', 'optical_zoom', 'long_exposure', 'effects', 'sensor_size', 'color'], 'CAMERA_3': []}",C_SILENT_OR_BACKCHANNEL,CAMERA_2,NONE,oh that's not bad,PRESENT_X,CAMERA_2,S_INTRODUCES_FEATURE,CAMERA_2,color,This one comes in white or pink.,PRESENT_X,CAMERA_2,18~31
429,10,CAMERA_2,['CAMERA_2'],"{'CAMERA_1': [], 'CAMERA_2': ['camera_type', 'optical_zoom', 'long_exposure', 'effects', 'sensor_size', 'color', 'ISO'], 'CAMERA_3': []}",C_QUESTION_ABOUT_FEATURE,CAMERA_2,ISO,how is the ISO performance,PRESENT_X,CAMERA_2,S_NOT_SURE,CAMERA_2,,I'm not really sure about that.,PRESENT_X,CAMERA_2,
429,11,CAMERA_2,['CAMERA_2'],"{'CAMERA_1': [], 'CAMERA_2': ['camera_type', 'optical_zoom', 'long_exposure', 'effects', 'sensor_size', 'color', 'ISO', 'weight'], 'CAMERA_3': []}",C_SILENT_OR_BACKCHANNEL,CAMERA_2,NONE,yeah,PRESENT_X,CAMERA_2,S_INTRODUCES_FEATURE,CAMERA_2,weight,This one weighs 820 grams.,PRESENT_X,CAMERA_2,16~25
429,12,NONE,['CAMERA_2'],"{'CAMERA_1': [], 'CAMERA_2': ['camera_type', 'optical_zoom', 'long_exposure', 'effects', 'sensor_size', 'color', 'ISO', 'weight'], 'CAMERA_3': []}",C_THANK_YOU,CAMERA_2,NONE,thank you very much,PRESENT_X,CAMERA_2,S_THANK_YOU,CAMERA_2,NONE,thank you very much.,FACE_TO_FACE,NONE,
429,13,NONE,['CAMERA_2'],"{'CAMERA_1': [], 'CAMERA_2': ['camera_type', 'optical_zoom', 'long_exposure', 'effects', 'sensor_size', 'color', 'ISO', 'weight'], 'CAMERA_3': []}",C_LEAVES,DOOR,NONE,,FACE_TO_FACE,NONE,S_RETURNS_TO_COUNTER,SERVICE_COUNTER,NONE,,WAITING,NONE,
430,1,NONE,[],"{'CAMERA_1': [], 'CAMERA_2': [], 'CAMERA_3': []}",C_ENTERS,DOOR,NONE,,WAITING,NONE,S_NONE,SERVICE_COUNTER,NONE,,WAITING,NONE,
430,2,NONE,[],"{'CAMERA_1': [], 'CAMERA_2': [], 'CAMERA_3': []}",C_GREETS,MIDDLE,NONE,excuse me,WAITING,NONE,S_GREETS,MIDDLE,NONE,can I help you?,FACE_TO_FACE,NONE,
430,3,CAMERA_3,['CAMERA_3'],"{'CAMERA_1': [], 'CAMERA_2': [], 'CAMERA_3': []}",C_LOOKING_FOR_A_CAMERA,MIDDLE,NONE,well I'm looking for camera,FACE_TO_FACE,NONE,S_INTRODUCES_CAMERA,CAMERA_3,,Let me show you this. Here we have the Fujifilm PowerShot ELPH S2800.,PRESENT_X,CAMERA_3,39~68
430,4,CAMERA_3,['CAMERA_3'],"{'CAMERA_1': [], 'CAMERA_2': [], 'CAMERA_3': ['weight']}",C_SILENT_OR_BACKCHANNEL,CAMERA_3,NONE,alright,PRESENT_X,CAMERA_3,S_INTRODUCES_FEATURE,CAMERA_3,weight,This one weighs 820 grams.,PRESENT_X,CAMERA_3,16~25
430,5,CAMERA_3,['CAMERA_3'],"{'CAMERA_1': [], 'CAMERA_2': [], 'CAMERA_3': ['weight', 'settings']}",C_SILENT_OR_BACKCHANNEL,CAMERA_3,NONE,ok,PRESENT_X,CAMERA_3,S_INTRODUCES_FEATURE,CAMERA_3,settings,"This one has manual control and various automatic settings (video modeburst shooting, etc.).",PRESENT_X,CAMERA_3,13~91
430,6,CAMERA_3,['CAMERA_3'],"{'CAMERA_1': [], 'CAMERA_2': [], 'CAMERA_3': ['weight', 'settings', 'camera_type']}",C_QUESTION_ABOUT_FEATURE,CAMERA_3,camera_type,what kind of camera is this,PRESENT_X,CAMERA_3,S_ANSWERS_QUESTION_ABOUT_FEATURE,CAMERA_3,camera_type,This is a point and shoot camera.,PRESENT_X,CAMERA_3,10~25
430,7,CAMERA_3,['CAMERA_3'],"{'CAMERA_1': [], 'CAMERA_2': [], 'CAMERA_3': ['weight', 'settings', 'camera_type', 'autofocus_points']}",C_SILENT_OR_BACKCHANNEL,CAMERA_3,NONE,ok,PRESENT_X,CAMERA_3,S_INTRODUCES_FEATURE,CAMERA_3,autofocus_points,This one has 214 autofocus points.,PRESENT_X,CAMERA_3,13~33
430,8,CAMERA_3,['CAMERA_3'],"{'CAMERA_1': [], 'CAMERA_2': [], 'CAMERA_3': ['weight', 'settings', 'camera_type', 'autofocus_points', 'optical_zoom']}",C_QUESTION_ABOUT_FEATURE,CAMERA_3,optical_zoom,Sharp Images High and optical zoom does that mean the lens comes out,PRESENT_X,CAMERA_3,S_NOT_SURE,CAMERA_3,,I'm not really sure about that.,PRESENT_X,CAMERA_3,
430,9,CAMERA_3,['CAMERA_3'],"{'CAMERA_1': [], 'CAMERA_2': [], 'CAMERA_3': ['weight', 'settings', 'camera_type', 'autofocus_points', 'optical_zoom', 'preset_modes']}",C_SILENT_OR_BACKCHANNEL,CAMERA_3,NONE,alright,PRESENT_X,CAMERA_3,S_INTRODUCES_FEATURE,CAMERA_3,preset_modes,This one has various preset modes.,PRESENT_X,CAMERA_3,13~33
430,10,CAMERA_3,['CAMERA_3'],"{'CAMERA_1': [], 'CAMERA_2': [], 'CAMERA_3': ['weight', 'settings', 'camera_type', 'autofocus_points', 'optical_zoom', 'preset_modes', 'long_exposure']}",C_QUESTION_ABOUT_FEATURE,CAMERA_3,long_exposure,what is exposure,PRESENT_X,CAMERA_3,S_ANSWERS_QUESTION_ABOUT_FEATURE,CAMERA_3,long_exposure,This one can take long exposures up to 30 minutes max with bulb mode.,PRESENT_X,CAMERA_3,39~68
430,11,CAMERA_3,['CAMERA_3'],"{'CAMERA_1': [], 'CAMERA_2': [], 'CAMERA_3': ['weight', 'settings', 'camera_type', 'autofocus_points', 'optical_zoom', 'preset_modes', 'long_exposure', 'resolution']}",C_QUESTION_ABOUT_FEATURE,CAMERA_3,resolution,what about the megapixels camera,PRESENT_X,CAMERA_3,S_ANSWERS_QUESTION_ABOUT_FEATURE,CAMERA_3,resolution,This one has 23.2 megapixels resolution.,PRESENT_X,CAMERA_3,13~28
430,12,CAMERA_3,['CAMERA_3'],"{'CAMERA_1': [], 'CAMERA_2': [], 'CAMERA_3': ['weight', 'settings', 'camera_type', 'autofocus_points', 'optical_zoom', 'preset_modes', 'long_exposure', 'resolution', 'effects']}",C_SILENT_OR_BACKCHANNEL,CAMERA_3,NONE,that's great we're by the way,PRESENT_X,CAMERA_3,S_INTRODUCES_FEATURE,CAMERA_3,effects,"This one has 21 photo effects (small face, retro, big eyes, etc.).",PRESENT_X,CAMERA_3,13~65
430,13,NONE,['CAMERA_3'],"{'CAMERA_1': [], 'CAMERA_2': [], 'CAMERA_3': ['weight', 'settings', 'camera_type', 'autofocus_points', 'optical_zoom', 'preset_modes', 'long_exposure', 'resolution', 'effects']}",C_THANK_YOU,CAMERA_3,NONE,thank you,PRESENT_X,CAMERA_3,S_THANK_YOU,CAMERA_3,NONE,thank you very much.,FACE_TO_FACE,NONE,
430,14,NONE,['CAMERA_3'],"{'CAMERA_1': [], 'CAMERA_2': [], 'CAMERA_3': ['weight', 'settings', 'camera_type', 'autofocus_points', 'optical_zoom', 'preset_modes', 'long_exposure', 'resolution', 'effects']}",C_LEAVES,DOOR,NONE,,FACE_TO_FACE,NONE,S_RETURNS_TO_COUNTER,SERVICE_COUNTER,NONE,,WAITING,NONE,
431,1,NONE,[],"{'CAMERA_1': [], 'CAMERA_2': [], 'CAMERA_3': []}",C_ENTERS,DOOR,NONE,,WAITING,NONE,S_NONE,SERVICE_COUNTER,NONE,,WAITING,NONE,
431,2,NONE,[],"{'CAMERA_1': [], 'CAMERA_2': [], 'CAMERA_3': []}",C_WALKS_TO_CAMERA,CAMERA_2,NONE,,WAITING,NONE,S_GREETS,CAMERA_2,NONE,can I help you?,FACE_TO_FACE,NONE,
431,3,CAMERA_1,['CAMERA_1'],"{'CAMERA_1': [], 'CAMERA_2': [], 'CAMERA_3': []}",C_LOOKING_FOR_A_CAMERA,CAMERA_2,NONE,I'm looking for an advanced mode camera,FACE_TO_FACE,NONE,S_INTRODUCES_CAMERA,CAMERA_1,,Let me show you this. Here we have the Sony PowerShot ELPH DMC-ZS3.,PRESENT_X,CAMERA_1,39~66
431,4,CAMERA_1,['CAMERA_1'],"{'CAMERA_1': ['effects'], 'CAMERA_2': [], 'CAMERA_3': []}",C_QUESTION_ABOUT_FEATURE,CAMERA_1,effects,can I add also effects on the pictures,PRESENT_X,CAMERA_1,S_ANSWERS_QUESTION_ABOUT_FEATURE,CAMERA_1,effects,"This one has 24 glamor retouch effects (miniature, retro, toy camera, etc.).",PRESENT_X,CAMERA_1,13~75
431,5,CAMERA_3,"['CAMERA_1', 'CAMERA_3']","{'CAMERA_1': ['effects'], 'CAMERA_2': [], 'CAMERA_3': []}",C_ANYTHING_ELSE_AVAILABLE,CAMERA_1,NONE,ok do you have any other cameras that can just look at,PRESENT_X,CAMERA_1,S_INTRODUCES_CAMERA,CAMERA_3,,Let me show you this. Here we have the Fujifilm PowerShot ELPH S2800.,PRESENT_X,CAMERA_3,39~68
431,6,CAMERA_3,"['CAMERA_1', 'CAMERA_3']","{'CAMERA_1': ['effects'], 'CAMERA_2': [], 'CAMERA_3': ['preset_modes']}",C_SILENT_OR_BACKCHANNEL,CAMERA_3,NONE,wow that's really interesting ,PRESENT_X,CAMERA_3,S_INTRODUCES_FEATURE,CAMERA_3,preset_modes,This one has various preset modes.,PRESENT_X,CAMERA_3,13~33
431,7,CAMERA_3,"['CAMERA_1', 'CAMERA_3']","{'CAMERA_1': ['effects'], 'CAMERA_2': [], 'CAMERA_3': ['preset_modes', 'long_exposure']}",C_QUESTION_ABOUT_FEATURE,CAMERA_3,long_exposure,and what about the exposure,PRESENT_X,CAMERA_3,S_ANSWERS_QUESTION_ABOUT_FEATURE,CAMERA_3,long_exposure,This one can take long exposures up to 30 minutes max with bulb mode.,PRESENT_X,CAMERA_3,39~68
431,8,CAMERA_3,"['CAMERA_1', 'CAMERA_3']","{'CAMERA_1': ['effects'], 'CAMERA_2': [], 'CAMERA_3': ['preset_modes', 'long_exposure', 'resolution']}",C_QUESTION_ABOUT_FEATURE,CAMERA_3,resolution,you know all the mega pixels in the resume sounds pretty good to me I'm looking for something and lights as well so I think I'll go for the second one,PRESENT_X,CAMERA_3,S_ANSWERS_QUESTION_ABOUT_FEATURE,CAMERA_3,resolution,This one has 23.2 megapixels resolution.,PRESENT_X,CAMERA_3,13~28
431,9,CAMERA_3,"['CAMERA_1', 'CAMERA_3']","{'CAMERA_1': ['effects'], 'CAMERA_2': [], 'CAMERA_3': ['preset_modes', 'long_exposure', 'resolution', 'effects']}",C_SILENT_OR_BACKCHANNEL,CAMERA_3,NONE,listen to be a very nice camera,PRESENT_X,CAMERA_3,S_INTRODUCES_FEATURE,CAMERA_3,effects,"This one has 21 photo effects (small face, retro, big eyes, etc.).",PRESENT_X,CAMERA_3,13~65
431,10,CAMERA_3,"['CAMERA_1', 'CAMERA_3']","{'CAMERA_1': ['effects'], 'CAMERA_2': [], 'CAMERA_3': ['preset_modes', 'long_exposure', 'resolution', 'effects', 'sensor_size']}",C_SILENT_OR_BACKCHANNEL,CAMERA_3,NONE,okay,PRESENT_X,CAMERA_3,S_INTRODUCES_FEATURE,CAMERA_3,sensor_size,This one has a full frame.,PRESENT_X,CAMERA_3,15~25
431,11,CAMERA_3,"['CAMERA_1', 'CAMERA_3']","{'CAMERA_1': ['effects'], 'CAMERA_2': [], 'CAMERA_3': ['preset_modes', 'long_exposure', 'resolution', 'effects', 'sensor_size', 'color']}",C_SILENT_OR_BACKCHANNEL,CAMERA_3,NONE,ic,PRESENT_X,CAMERA_3,S_INTRODUCES_FEATURE,CAMERA_3,color,"This one comes in purple, white, silver, blue, red, or pink.",PRESENT_X,CAMERA_3,18~59
431,12,CAMERA_3,"['CAMERA_1', 'CAMERA_3']","{'CAMERA_1': ['effects'], 'CAMERA_2': [], 'CAMERA_3': ['preset_modes', 'long_exposure', 'resolution', 'effects', 'sensor_size', 'color', 'autofocus_points']}",C_SILENT_OR_BACKCHANNEL,CAMERA_3,NONE,I see AA ok,PRESENT_X,CAMERA_3,S_INTRODUCES_FEATURE,CAMERA_3,autofocus_points,This one has 214 autofocus points.,PRESENT_X,CAMERA_3,13~33
431,13,CAMERA_2,"['CAMERA_1', 'CAMERA_3', 'CAMERA_2']","{'CAMERA_1': ['effects'], 'CAMERA_2': [], 'CAMERA_3': ['preset_modes', 'long_exposure', 'resolution', 'effects', 'sensor_size', 'color', 'autofocus_points']}",C_ANYTHING_ELSE_AVAILABLE,CAMERA_3,NONE,do you have any other cameras like this,PRESENT_X,CAMERA_3,S_INTRODUCES_CAMERA,CAMERA_2,,Let me show you this. Here we have the Fujifilm Lumix ILC Camera.,PRESENT_X,CAMERA_2,39~64
431,14,CAMERA_2,"['CAMERA_1', 'CAMERA_3', 'CAMERA_2']","{'CAMERA_1': ['effects'], 'CAMERA_2': ['ISO'], 'CAMERA_3': ['preset_modes', 'long_exposure', 'resolution', 'effects', 'sensor_size', 'color', 'autofocus_points']}",C_QUESTION_ABOUT_FEATURE,CAMERA_2,ISO,what about this one with the ISO,PRESENT_X,CAMERA_2,S_NOT_SURE,CAMERA_2,,I'm not really sure about that.,PRESENT_X,CAMERA_2,
431,15,CAMERA_2,"['CAMERA_1', 'CAMERA_3', 'CAMERA_2']","{'CAMERA_1': ['effects'], 'CAMERA_2': ['ISO', 'settings'], 'CAMERA_3': ['preset_modes', 'long_exposure', 'resolution', 'effects', 'sensor_size', 'color', 'autofocus_points']}",C_SILENT_OR_BACKCHANNEL,CAMERA_2,NONE,that sounds great although having a look for myself and diamonds and,PRESENT_X,CAMERA_2,S_INTRODUCES_FEATURE,CAMERA_2,settings,"This one has manual control and various automatic settings (video modeburst shooting, etc.).",PRESENT_X,CAMERA_2,13~91
431,16,CAMERA_2,"['CAMERA_1', 'CAMERA_3', 'CAMERA_2']","{'CAMERA_1': ['effects'], 'CAMERA_2': ['ISO', 'settings', 'effects'], 'CAMERA_3': ['preset_modes', 'long_exposure', 'resolution', 'effects', 'sensor_size', 'color', 'autofocus_points']}",C_QUESTION_ABOUT_FEATURE,CAMERA_2,effects,and what is the artistic effect mode on this camera,PRESENT_X,CAMERA_2,S_ANSWERS_QUESTION_ABOUT_FEATURE,CAMERA_2,effects,"This one has 24 artistic effect modes (retro, lighter or darker skin tones, sepia, etc.).",PRESENT_X,CAMERA_2,13~88
431,17,CAMERA_2,"['CAMERA_1', 'CAMERA_3', 'CAMERA_2']","{'CAMERA_1': ['effects'], 'CAMERA_2': ['ISO', 'settings', 'effects', 'preset_modes'], 'CAMERA_3': ['preset_modes', 'long_exposure', 'resolution', 'effects', 'sensor_size', 'color', 'autofocus_points']}",C_QUESTION_ABOUT_FEATURE,CAMERA_2,preset_modes,what does this support for preset mode,PRESENT_X,CAMERA_2,S_NOT_SURE,CAMERA_2,,I'm not really sure about that.,PRESENT_X,CAMERA_2,
431,18,CAMERA_2,"['CAMERA_1', 'CAMERA_3', 'CAMERA_2']","{'CAMERA_1': ['effects'], 'CAMERA_2': ['ISO', 'settings', 'effects', 'preset_modes', 'long_exposure'], 'CAMERA_3': ['preset_modes', 'long_exposure', 'resolution', 'effects', 'sensor_size', 'color', 'autofocus_points']}",C_QUESTION_ABOUT_FEATURE,CAMERA_2,long_exposure,and what about the exposure,PRESENT_X,CAMERA_2,S_ANSWERS_QUESTION_ABOUT_FEATURE,CAMERA_2,long_exposure,This one can take long exposures up to 60 minutes max with bulb mode.,PRESENT_X,CAMERA_2,39~68
431,19,NONE,"['CAMERA_1', 'CAMERA_3', 'CAMERA_2']","{'CAMERA_1': ['effects'], 'CAMERA_2': ['ISO', 'settings', 'effects', 'preset_modes', 'long_exposure'], 'CAMERA_3': ['preset_modes', 'long_exposure', 'resolution', 'effects', 'sensor_size', 'color', 'autofocus_points']}",C_THANK_YOU,CAMERA_2,NONE,thank you for your time,PRESENT_X,CAMERA_2,S_THANK_YOU,CAMERA_2,NONE,thank you very much.,FACE_TO_FACE,NONE,
431,20,NONE,"['CAMERA_1', 'CAMERA_3', 'CAMERA_2']","{'CAMERA_1': ['effects'], 'CAMERA_2': ['ISO', 'settings', 'effects', 'preset_modes', 'long_exposure'], 'CAMERA_3': ['preset_modes', 'long_exposure', 'resolution', 'effects', 'sensor_size', 'color', 'autofocus_points']}",C_LEAVES,DOOR,NONE,,FACE_TO_FACE,NONE,S_RETURNS_TO_COUNTER,SERVICE_COUNTER,NONE,,WAITING,NONE,
432,1,NONE,[],"{'CAMERA_1': [], 'CAMERA_2': [], 'CAMERA_3': []}",C_ENTERS,DOOR,NONE,,WAITING,NONE,S_NONE,SERVICE_COUNTER,NONE,,WAITING,NONE,
432,2,NONE,[],"{'CAMERA_1': [], 'CAMERA_2': [], 'CAMERA_3': []}",C_WALKS_TO_CAMERA,CAMERA_2,NONE,,WAITING,NONE,S_NONE,SERVICE_COUNTER,NONE,,WAITING,NONE,
432,3,NONE,[],"{'CAMERA_1': [], 'CAMERA_2': [], 'CAMERA_3': []}",C_EXAMINES_CAMERA,CAMERA_2,NONE,,WAITING,NONE,S_GREETS,CAMERA_2,NONE,can I help you?,FACE_TO_FACE,NONE,
432,4,CAMERA_1,['CAMERA_1'],"{'CAMERA_1': [], 'CAMERA_2': [], 'CAMERA_3': []}",C_LOOKING_FOR_A_CAMERA,CAMERA_2,NONE,hi good afternoon I'm looking to buy a new camera that if it continues portable,FACE_TO_FACE,NONE,S_INTRODUCES_CAMERA,CAMERA_1,,Let me show you this. Here we have the Sony PowerShot ELPH DMC-ZS3.,PRESENT_X,CAMERA_1,39~66
432,5,CAMERA_1,['CAMERA_1'],"{'CAMERA_1': ['settings'], 'CAMERA_2': [], 'CAMERA_3': []}",C_QUESTION_ABOUT_FEATURE,CAMERA_1,settings,how about its ability to adjust settings,PRESENT_X,CAMERA_1,S_ANSWERS_QUESTION_ABOUT_FEATURE,CAMERA_1,settings,This one has limited manual settings.,PRESENT_X,CAMERA_1,13~36
432,6,CAMERA_1,['CAMERA_1'],"{'CAMERA_1': ['settings', 'long_exposure'], 'CAMERA_2': [], 'CAMERA_3': []}",C_SILENT_OR_BACKCHANNEL,CAMERA_1,NONE,I guess this is pretty advanced,PRESENT_X,CAMERA_1,S_INTRODUCES_FEATURE,CAMERA_1,long_exposure,This one can take long exposures up to up to 15 seconds with Long Shutter Mode.,PRESENT_X,CAMERA_1,39~78
432,7,NONE,['CAMERA_1'],"{'CAMERA_1': ['settings', 'long_exposure'], 'CAMERA_2': [], 'CAMERA_3': []}",C_THANK_YOU,CAMERA_1,NONE,thank you very much,PRESENT_X,CAMERA_1,S_THANK_YOU,CAMERA_1,NONE,thank you very much.,FACE_TO_FACE,NONE,
432,8,NONE,['CAMERA_1'],"{'CAMERA_1': ['settings', 'long_exposure'], 'CAMERA_2': [], 'CAMERA_3': []}",C_LEAVES,DOOR,NONE,,FACE_TO_FACE,NONE,S_RETURNS_TO_COUNTER,SERVICE_COUNTER,NONE,,WAITING,NONE,
433,1,NONE,[],"{'CAMERA_1': [], 'CAMERA_2': [], 'CAMERA_3': []}",C_ENTERS,DOOR,NONE,,WAITING,NONE,S_NONE,SERVICE_COUNTER,NONE,,WAITING,NONE,
433,2,NONE,[],"{'CAMERA_1': [], 'CAMERA_2': [], 'CAMERA_3': []}",C_WALKS_TO_CAMERA,CAMERA_1,NONE,,WAITING,NONE,S_NONE,SERVICE_COUNTER,NONE,,WAITING,NONE,
433,3,NONE,[],"{'CAMERA_1': [], 'CAMERA_2': [], 'CAMERA_3': []}",C_EXAMINES_CAMERA,CAMERA_1,NONE,,WAITING,NONE,S_GREETS,CAMERA_1,NONE,can I help you?,FACE_TO_FACE,NONE,
433,4,CAMERA_2,['CAMERA_2'],"{'CAMERA_1': [], 'CAMERA_2': [], 'CAMERA_3': []}",C_LOOKING_FOR_A_CAMERA,CAMERA_1,NONE,the room I'm looking for a new camera that has a professional photographer,FACE_TO_FACE,NONE,S_INTRODUCES_CAMERA,CAMERA_2,,Let me show you this. Here we have the Fujifilm Lumix ILC Camera.,PRESENT_X,CAMERA_2,39~64
433,5,CAMERA_2,['CAMERA_2'],"{'CAMERA_1': [], 'CAMERA_2': ['long_exposure'], 'CAMERA_3': []}",C_QUESTION_ABOUT_FEATURE,CAMERA_2,long_exposure,maybe that's not so good for me then when I was preset settings but also has long exposure,PRESENT_X,CAMERA_2,S_ANSWERS_QUESTION_ABOUT_FEATURE,CAMERA_2,long_exposure,This one can take long exposures up to 60 minutes max with bulb mode.,PRESENT_X,CAMERA_2,39~68
433,6,CAMERA_2,['CAMERA_2'],"{'CAMERA_1': [], 'CAMERA_2': ['long_exposure', 'settings'], 'CAMERA_3': []}",C_QUESTION_ABOUT_FEATURE,CAMERA_2,settings,hey I just wanted to know the beauty of this camera to adjust settings,PRESENT_X,CAMERA_2,S_ANSWERS_QUESTION_ABOUT_FEATURE,CAMERA_2,settings,"This one has manual control and various automatic settings (video modeburst shooting, etc.).",PRESENT_X,CAMERA_2,13~91
433,7,CAMERA_2,['CAMERA_2'],"{'CAMERA_1': [], 'CAMERA_2': ['long_exposure', 'settings', 'resolution'], 'CAMERA_3': []}",C_QUESTION_ABOUT_FEATURE,CAMERA_2,resolution,how many megapixels does it have,PRESENT_X,CAMERA_2,S_ANSWERS_QUESTION_ABOUT_FEATURE,CAMERA_2,resolution,This one has 23.8 megapixels resolution.,PRESENT_X,CAMERA_2,13~28
433,8,CAMERA_2,['CAMERA_2'],"{'CAMERA_1': [], 'CAMERA_2': ['long_exposure', 'settings', 'resolution', 'effects'], 'CAMERA_3': []}",C_SILENT_OR_BACKCHANNEL,CAMERA_2,NONE,alright,PRESENT_X,CAMERA_2,S_INTRODUCES_FEATURE,CAMERA_2,effects,"This one has 24 artistic effect modes (retro, lighter or darker skin tones, sepia, etc.).",PRESENT_X,CAMERA_2,13~88
433,9,CAMERA_2,['CAMERA_2'],"{'CAMERA_1': [], 'CAMERA_2': ['long_exposure', 'settings', 'resolution', 'effects', 'optical_zoom'], 'CAMERA_3': []}",C_SILENT_OR_BACKCHANNEL,CAMERA_2,NONE,sounds good,PRESENT_X,CAMERA_2,S_INTRODUCES_FEATURE,CAMERA_2,optical_zoom,This one has 21x optical zoom.,PRESENT_X,CAMERA_2,13~29
433,10,NONE,['CAMERA_2'],"{'CAMERA_1': [], 'CAMERA_2': ['long_exposure', 'settings', 'resolution', 'effects', 'optical_zoom'], 'CAMERA_3': []}",C_THANK_YOU,CAMERA_2,NONE,thank you,PRESENT_X,CAMERA_2,S_THANK_YOU,CAMERA_2,NONE,thank you very much.,FACE_TO_FACE,NONE,
433,11,NONE,['CAMERA_2'],"{'CAMERA_1': [], 'CAMERA_2': ['long_exposure', 'settings', 'resolution', 'effects', 'optical_zoom'], 'CAMERA_3': []}",C_LEAVES,DOOR,NONE,,FACE_TO_FACE,NONE,S_RETURNS_TO_COUNTER,SERVICE_COUNTER,NONE,,WAITING,NONE,
434,1,NONE,[],"{'CAMERA_1': [], 'CAMERA_2': [], 'CAMERA_3': []}",C_ENTERS,DOOR,NONE,,WAITING,NONE,S_NONE,SERVICE_COUNTER,NONE,,WAITING,NONE,
434,2,NONE,[],"{'CAMERA_1': [], 'CAMERA_2': [], 'CAMERA_3': []}",C_GREETS,MIDDLE,NONE,I'm sorry,WAITING,NONE,S_GREETS,MIDDLE,NONE,can I help you?,FACE_TO_FACE,NONE,
434,3,CAMERA_1,['CAMERA_1'],"{'CAMERA_1': [], 'CAMERA_2': [], 'CAMERA_3': []}",C_LOOKING_FOR_A_CAMERA,MIDDLE,NONE,yes I'm looking for a camera for my photoshop my other camera broke and I need another one,FACE_TO_FACE,NONE,S_INTRODUCES_CAMERA,CAMERA_1,,Let me show you this. Here we have the Sony PowerShot ELPH DMC-ZS3.,PRESENT_X,CAMERA_1,39~66
434,4,CAMERA_1,['CAMERA_1'],"{'CAMERA_1': ['optical_zoom'], 'CAMERA_2': [], 'CAMERA_3': []}",C_QUESTION_ABOUT_FEATURE,CAMERA_1,optical_zoom,okay and if I have an optical zoom,PRESENT_X,CAMERA_1,S_ANSWERS_QUESTION_ABOUT_FEATURE,CAMERA_1,optical_zoom,This one has 21x optical zoom.,PRESENT_X,CAMERA_1,13~29
434,5,CAMERA_1,['CAMERA_1'],"{'CAMERA_1': ['optical_zoom', 'ISO'], 'CAMERA_2': [], 'CAMERA_3': []}",C_QUESTION_ABOUT_FEATURE,CAMERA_1,ISO,and the ISO,PRESENT_X,CAMERA_1,S_ANSWERS_QUESTION_ABOUT_FEATURE,CAMERA_1,ISO,This one has up to 51200 ISO.,PRESENT_X,CAMERA_1,13~28
434,6,CAMERA_1,['CAMERA_1'],"{'CAMERA_1': ['optical_zoom', 'ISO', 'sensor_size'], 'CAMERA_2': [], 'CAMERA_3': []}",C_QUESTION_ABOUT_FEATURE,CAMERA_1,sensor_size,what is this camera sensor size,PRESENT_X,CAMERA_1,S_ANSWERS_QUESTION_ABOUT_FEATURE,CAMERA_1,sensor_size,This one has a 1/2.3 inch CMOS sensor.,PRESENT_X,CAMERA_1,15~37
434,7,CAMERA_1,['CAMERA_1'],"{'CAMERA_1': ['optical_zoom', 'ISO', 'sensor_size', 'color'], 'CAMERA_2': [], 'CAMERA_3': []}",C_QUESTION_ABOUT_FEATURE,CAMERA_1,color,does it come in any other color,PRESENT_X,CAMERA_1,S_ANSWERS_QUESTION_ABOUT_FEATURE,CAMERA_1,color,This one comes in blue or black.,PRESENT_X,CAMERA_1,18~31
434,8,CAMERA_3,"['CAMERA_1', 'CAMERA_3']","{'CAMERA_1': ['optical_zoom', 'ISO', 'sensor_size', 'color'], 'CAMERA_2': [], 'CAMERA_3': []}",C_ANYTHING_ELSE_AVAILABLE,CAMERA_1,NONE,Do you have any other cameras under $300,PRESENT_X,CAMERA_1,S_INTRODUCES_CAMERA,CAMERA_3,,Let me show you this. Here we have the Fujifilm PowerShot ELPH S2800.,PRESENT_X,CAMERA_3,39~68
434,9,CAMERA_3,"['CAMERA_1', 'CAMERA_3']","{'CAMERA_1': ['optical_zoom', 'ISO', 'sensor_size', 'color'], 'CAMERA_2': [], 'CAMERA_3': ['resolution']}",C_QUESTION_ABOUT_FEATURE,CAMERA_3,resolution,I said he's got the glamour of a touch affect what what does that mean,PRESENT_X,CAMERA_3,S_ANSWERS_QUESTION_ABOUT_FEATURE,CAMERA_3,resolution,This one has 23.2 megapixels resolution.,PRESENT_X,CAMERA_3,13~28
434,10,NONE,"['CAMERA_1', 'CAMERA_3']","{'CAMERA_1': ['optical_zoom', 'ISO', 'sensor_size', 'color'], 'CAMERA_2': [], 'CAMERA_3': ['resolution']}",C_THANK_YOU,CAMERA_3,NONE,ok thank you,PRESENT_X,CAMERA_3,S_THANK_YOU,CAMERA_3,NONE,thank you very much.,FACE_TO_FACE,NONE,
434,11,NONE,"['CAMERA_1', 'CAMERA_3']","{'CAMERA_1': ['optical_zoom', 'ISO', 'sensor_size', 'color'], 'CAMERA_2': [], 'CAMERA_3': ['resolution']}",C_LEAVES,DOOR,NONE,,FACE_TO_FACE,NONE,S_RETURNS_TO_COUNTER,SERVICE_COUNTER,NONE,,WAITING,NONE,
435,1,NONE,[],"{'CAMERA_1': [], 'CAMERA_2': [], 'CAMERA_3': []}",C_ENTERS,DOOR,NONE,,WAITING,NONE,S_NONE,SERVICE_COUNTER,NONE,,WAITING,NONE,
435,2,NONE,[],"{'CAMERA_1': [], 'CAMERA_2': [], 'CAMERA_3': []}",C_GREETS,MIDDLE,NONE,excuse me,WAITING,NONE,S_GREETS,MIDDLE,NONE,can I help you?,FACE_TO_FACE,NONE,
435,3,CAMERA_2,['CAMERA_2'],"{'CAMERA_1': [], 'CAMERA_2': [], 'CAMERA_3': []}",C_LOOKING_FOR_A_CAMERA,MIDDLE,NONE,I'm looking for a camera,FACE_TO_FACE,NONE,S_INTRODUCES_CAMERA,CAMERA_2,,Let me show you this. Here we have the Fujifilm Lumix ILC Camera.,PRESENT_X,CAMERA_2,39~64
435,4,CAMERA_2,['CAMERA_2'],"{'CAMERA_1': [], 'CAMERA_2': ['price'], 'CAMERA_3': []}",C_SILENT_OR_BACKCHANNEL,CAMERA_2,NONE,I got great that's brilliant,PRESENT_X,CAMERA_2,S_INTRODUCES_FEATURE,CAMERA_2,price,This one costs $768.,PRESENT_X,CAMERA_2,15~19
435,5,NONE,['CAMERA_2'],"{'CAMERA_1': [], 'CAMERA_2': ['price'], 'CAMERA_3': []}",C_THANK_YOU,CAMERA_2,NONE,that sounds perfect thank you very much have a good afternoon,PRESENT_X,CAMERA_2,S_THANK_YOU,CAMERA_2,NONE,thank you very much.,FACE_TO_FACE,NONE,
435,6,NONE,['CAMERA_2'],"{'CAMERA_1': [], 'CAMERA_2': ['price'], 'CAMERA_3': []}",C_LEAVES,DOOR,NONE,,FACE_TO_FACE,NONE,S_RETURNS_TO_COUNTER,SERVICE_COUNTER,NONE,,WAITING,NONE,
436,1,NONE,[],"{'CAMERA_1': [], 'CAMERA_2': [], 'CAMERA_3': []}",C_ENTERS,DOOR,NONE,,WAITING,NONE,S_NONE,SERVICE_COUNTER,NONE,,WAITING,NONE,
436,2,NONE,[],"{'CAMERA_1': [], 'CAMERA_2': [], 'CAMERA_3': []}",C_WALKS_TO_CAMERA,CAMERA_1,NONE,,WAITING,NONE,S_GREETS,CAMERA_1,NONE,can I help you?,FACE_TO_FACE,NONE,
436,3,CAMERA_3,['CAMERA_3'],"{'CAMERA_1': [], 'CAMERA_2': [], 'CAMERA_3': []}",C_LOOKING_FOR_A_CAMERA,CAMERA_1,NONE,oh honey I'm just looking to buy a camera for my high school graduation,FACE_TO_FACE,NONE,S_INTRODUCES_CAMERA,CAMERA_3,,Let me show you this. Here we have the Fujifilm PowerShot ELPH S2800.,PRESENT_X,CAMERA_3,39~68
436,4,CAMERA_3,['CAMERA_3'],"{'CAMERA_1': [], 'CAMERA_2': [], 'CAMERA_3': ['preset_modes']}",C_QUESTION_ABOUT_FEATURE,CAMERA_3,preset_modes,does this camera also have bulb mode,PRESENT_X,CAMERA_3,S_ANSWERS_QUESTION_ABOUT_FEATURE,CAMERA_3,preset_modes,This one has various preset modes.,PRESENT_X,CAMERA_3,13~33
436,5,CAMERA_3,['CAMERA_3'],"{'CAMERA_1': [], 'CAMERA_2': [], 'CAMERA_3': ['preset_modes', 'long_exposure']}",C_QUESTION_ABOUT_FEATURE,CAMERA_3,long_exposure,what about the exposure,PRESENT_X,CAMERA_3,S_ANSWERS_QUESTION_ABOUT_FEATURE,CAMERA_3,long_exposure,This one can take long exposures up to 30 minutes max with bulb mode.,PRESENT_X,CAMERA_3,39~68
436,6,CAMERA_3,['CAMERA_3'],"{'CAMERA_1': [], 'CAMERA_2': [], 'CAMERA_3': ['preset_modes', 'long_exposure', 'effects']}",C_QUESTION_ABOUT_FEATURE,CAMERA_3,effects,can I use this artistic effect mode to smooth my skin,PRESENT_X,CAMERA_3,S_ANSWERS_QUESTION_ABOUT_FEATURE,CAMERA_3,effects,"This one has 21 photo effects (small face, retro, big eyes, etc.).",PRESENT_X,CAMERA_3,13~65
436,7,CAMERA_3,['CAMERA_3'],"{'CAMERA_1': [], 'CAMERA_2': [], 'CAMERA_3': ['preset_modes', 'long_exposure', 'effects', 'resolution']}",C_QUESTION_ABOUT_FEATURE,CAMERA_3,resolution,and how many megapixels does it have,PRESENT_X,CAMERA_3,S_ANSWERS_QUESTION_ABOUT_FEATURE,CAMERA_3,resolution,This one has 23.2 megapixels resolution.,PRESENT_X,CAMERA_3,13~28
436,8,CAMERA_3,['CAMERA_3'],"{'CAMERA_1': [], 'CAMERA_2': [], 'CAMERA_3': ['preset_modes', 'long_exposure', 'effects', 'resolution', 'autofocus_points']}",C_SILENT_OR_BACKCHANNEL,CAMERA_3,NONE,okay good,PRESENT_X,CAMERA_3,S_INTRODUCES_FEATURE,CAMERA_3,autofocus_points,This one has 214 autofocus points.,PRESENT_X,CAMERA_3,13~33
436,9,CAMERA_1,"['CAMERA_3', 'CAMERA_1']","{'CAMERA_1': [], 'CAMERA_2': [], 'CAMERA_3': ['preset_modes', 'long_exposure', 'effects', 'resolution', 'autofocus_points']}",C_ANYTHING_ELSE_AVAILABLE,CAMERA_3,NONE,ok do you have any other cameras,PRESENT_X,CAMERA_3,S_INTRODUCES_CAMERA,CAMERA_1,,Let me show you this. Here we have the Sony PowerShot ELPH DMC-ZS3.,PRESENT_X,CAMERA_1,39~66
436,10,CAMERA_1,"['CAMERA_3', 'CAMERA_1']","{'CAMERA_1': ['optical_zoom'], 'CAMERA_2': [], 'CAMERA_3': ['preset_modes', 'long_exposure', 'effects', 'resolution', 'autofocus_points']}",C_QUESTION_ABOUT_FEATURE,CAMERA_1,optical_zoom,okay so it's not the same kind of zoom,PRESENT_X,CAMERA_1,S_ANSWERS_QUESTION_ABOUT_FEATURE,CAMERA_1,optical_zoom,This one has 21x optical zoom.,PRESENT_X,CAMERA_1,13~29
436,11,CAMERA_1,"['CAMERA_3', 'CAMERA_1']","{'CAMERA_1': ['optical_zoom', 'camera_type'], 'CAMERA_2': [], 'CAMERA_3': ['preset_modes', 'long_exposure', 'effects', 'resolution', 'autofocus_points']}",C_QUESTION_ABOUT_FEATURE,CAMERA_1,camera_type,Is this a mirrorless camera?,PRESENT_X,CAMERA_1,S_ANSWERS_QUESTION_ABOUT_FEATURE,CAMERA_1,camera_type,This is a DSLR camera.,PRESENT_X,CAMERA_1,10~14
436,12,CAMERA_1,"['CAMERA_3', 'CAMERA_1']","{'CAMERA_1': ['optical_zoom', 'camera_type', 'price'], 'CAMERA_2': [], 'CAMERA_3': ['preset_modes', 'long_exposure', 'effects', 'resolution', 'autofocus_points']}",C_SILENT_OR_BACKCHANNEL,CAMERA_1,NONE,IC,PRESENT_X,CAMERA_1,S_INTRODUCES_FEATURE,CAMERA_1,price,This one costs $450.,PRESENT_X,CAMERA_1,15~19
436,13,CAMERA_1,"['CAMERA_3', 'CAMERA_1']","{'CAMERA_1': ['optical_zoom', 'camera_type', 'price', 'color'], 'CAMERA_2': [], 'CAMERA_3': ['preset_modes', 'long_exposure', 'effects', 'resolution', 'autofocus_points']}",C_SILENT_OR_BACKCHANNEL,CAMERA_1,NONE,I guess it's a pretty good camera then,PRESENT_X,CAMERA_1,S_INTRODUCES_FEATURE,CAMERA_1,color,This one comes in blue or black.,PRESENT_X,CAMERA_1,18~31
436,14,CAMERA_2,"['CAMERA_3', 'CAMERA_1', 'CAMERA_2']","{'CAMERA_1': ['optical_zoom', 'camera_type', 'price', 'color'], 'CAMERA_2': [], 'CAMERA_3': ['preset_modes', 'long_exposure', 'effects', 'resolution', 'autofocus_points']}",C_ANYTHING_ELSE_AVAILABLE,CAMERA_1,NONE,okay do you have any other cameras I might be interested,PRESENT_X,CAMERA_1,S_INTRODUCES_CAMERA,CAMERA_2,,Let me show you this. Here we have the Fujifilm Lumix ILC Camera.,PRESENT_X,CAMERA_2,39~64
436,15,CAMERA_2,"['CAMERA_3', 'CAMERA_1', 'CAMERA_2']","{'CAMERA_1': ['optical_zoom', 'camera_type', 'price', 'color'], 'CAMERA_2': ['resolution'], 'CAMERA_3': ['preset_modes', 'long_exposure', 'effects', 'resolution', 'autofocus_points']}",C_QUESTION_ABOUT_FEATURE,CAMERA_2,resolution,you know all the mega pixels in the resume sounds pretty good to me I'm looking for something and lights as well so I think I'll go for the second one,PRESENT_X,CAMERA_2,S_ANSWERS_QUESTION_ABOUT_FEATURE,CAMERA_2,resolution,This one has 23.8 megapixels resolution.,PRESENT_X,CAMERA_2,13~28
436,16,CAMERA_2,"['CAMERA_3', 'CAMERA_1', 'CAMERA_2']","{'CAMERA_1': ['optical_zoom', 'camera_type', 'price', 'color'], 'CAMERA_2': ['resolution', 'optical_zoom'], 'CAMERA_3': ['preset_modes', 'long_exposure', 'effects', 'resolution', 'autofocus_points']}",C_QUESTION_ABOUT_FEATURE,CAMERA_2,optical_zoom,Sharp Images High and optical zoom does that mean the lens comes out,PRESENT_X,CAMERA_2,S_ANSWERS_QUESTION_ABOUT_FEATURE,CAMERA_2,optical_zoom,This one has 21x optical zoom.,PRESENT_X,CAMERA_2,13~29
436,17,CAMERA_2,"['CAMERA_3', 'CAMERA_1', 'CAMERA_2']","{'CAMERA_1': ['optical_zoom', 'camera_type', 'price', 'color'], 'CAMERA_2': ['resolution', 'optical_zoom', 'ISO'], 'CAMERA_3': ['preset_modes', 'long_exposure', 'effects', 'resolution', 'autofocus_points']}",C_QUESTION_ABOUT_FEATURE,CAMERA_2,ISO,what about the iso how good it is,PRESENT_X,CAMERA_2,S_NOT_SURE,CAMERA_2,,I'm not really sure about that.,PRESENT_X,CAMERA_2,
436,18,CAMERA_2,"['CAMERA_3', 'CAMERA_1', 'CAMERA_2']","{'CAMERA_1': ['optical_zoom', 'camera_type', 'price', 'color'], 'CAMERA_2': ['resolution', 'optical_zoom', 'ISO', 'sensor_size'], 'CAMERA_3': ['preset_modes', 'long_exposure', 'effects', 'resolution', 'autofocus_points']}",C_QUESTION_ABOUT_FEATURE,CAMERA_2,sensor_size,what's sensor size,PRESENT_X,CAMERA_2,S_ANSWERS_QUESTION_ABOUT_FEATURE,CAMERA_2,sensor_size,This one has a 1/2.33 inch sensor.,PRESENT_X,CAMERA_2,15~33
436,19,CAMERA_2,"['CAMERA_3', 'CAMERA_1', 'CAMERA_2']","{'CAMERA_1': ['optical_zoom', 'camera_type', 'price', 'color'], 'CAMERA_2': ['resolution', 'optical_zoom', 'ISO', 'sensor_size', 'effects'], 'CAMERA_3': ['preset_modes', 'long_exposure', 'effects', 'resolution', 'autofocus_points']}",C_SILENT_OR_BACKCHANNEL,CAMERA_2,NONE,okay sounds great and lastly I worry about the out of focus,PRESENT_X,CAMERA_2,S_INTRODUCES_FEATURE,CAMERA_2,effects,"This one has 24 artistic effect modes (retro, lighter or darker skin tones, sepia, etc.).",PRESENT_X,CAMERA_2,13~88
436,20,,"['CAMERA_3', 'CAMERA_1', 'CAMERA_2']","{'CAMERA_1': ['optical_zoom', 'camera_type', 'price', 'color'], 'CAMERA_2': ['resolution', 'optical_zoom', 'ISO', 'sensor_size', 'effects'], 'CAMERA_3': ['preset_modes', 'long_exposure', 'effects', 'resolution', 'autofocus_points']}",C_ANYTHING_ELSE_AVAILABLE,CAMERA_2,NONE,So this is the only model you have in your shop,PRESENT_X,CAMERA_2,S_THATS_ALL_WE_HAVE_AVAILABLE,CAMERA_2,,That's all we have available at the moment.,PRESENT_X,CAMERA_2,
436,21,NONE,"['CAMERA_3', 'CAMERA_1', 'CAMERA_2']","{'CAMERA_1': ['optical_zoom', 'camera_type', 'price', 'color'], 'CAMERA_2': ['resolution', 'optical_zoom', 'ISO', 'sensor_size', 'effects'], 'CAMERA_3': ['preset_modes', 'long_exposure', 'effects', 'resolution', 'autofocus_points']}",C_THANK_YOU,CAMERA_2,NONE,good very good okay thank you very much,PRESENT_X,CAMERA_2,S_THANK_YOU,CAMERA_2,NONE,thank you very much.,FACE_TO_FACE,NONE,
436,22,NONE,"['CAMERA_3', 'CAMERA_1', 'CAMERA_2']","{'CAMERA_1': ['optical_zoom', 'camera_type', 'price', 'color'], 'CAMERA_2': ['resolution', 'optical_zoom', 'ISO', 'sensor_size', 'effects'], 'CAMERA_3': ['preset_modes', 'long_exposure', 'effects', 'resolution', 'autofocus_points']}",C_LEAVES,DOOR,NONE,,FACE_TO_FACE,NONE,S_RETURNS_TO_COUNTER,SERVICE_COUNTER,NONE,,WAITING,NONE,
437,1,NONE,[],"{'CAMERA_1': [], 'CAMERA_2': [], 'CAMERA_3': []}",C_ENTERS,DOOR,NONE,,WAITING,NONE,S_NONE,SERVICE_COUNTER,NONE,,WAITING,NONE,
437,2,NONE,[],"{'CAMERA_1': [], 'CAMERA_2': [], 'CAMERA_3': []}",C_WALKS_TO_CAMERA,CAMERA_1,NONE,,WAITING,NONE,S_NONE,SERVICE_COUNTER,NONE,,WAITING,NONE,
437,3,CAMERA_1,['CAMERA_1'],"{'CAMERA_1': ['camera_type'], 'CAMERA_2': [], 'CAMERA_3': []}",C_QUESTION_ABOUT_FEATURE,CAMERA_1,camera_type,Is this a mirrorless camera?,WAITING,NONE,S_ANSWERS_QUESTION_ABOUT_FEATURE,CAMERA_1,camera_type,This is a DSLR camera.,PRESENT_X,CAMERA_1,10~14
437,4,CAMERA_1,['CAMERA_1'],"{'CAMERA_1': ['camera_type', 'price'], 'CAMERA_2': [], 'CAMERA_3': []}",C_SILENT_OR_BACKCHANNEL,CAMERA_1,NONE,okay let me see,PRESENT_X,CAMERA_1,S_INTRODUCES_FEATURE,CAMERA_1,price,This one costs $450.,PRESENT_X,CAMERA_1,15~19
437,5,CAMERA_1,['CAMERA_1'],"{'CAMERA_1': ['camera_type', 'price', 'sensor_size'], 'CAMERA_2': [], 'CAMERA_3': []}",C_SILENT_OR_BACKCHANNEL,CAMERA_1,NONE,okay good,PRESENT_X,CAMERA_1,S_INTRODUCES_FEATURE,CAMERA_1,sensor_size,This one has a 1/2.3 inch CMOS sensor.,PRESENT_X,CAMERA_1,15~37
437,6,CAMERA_1,['CAMERA_1'],"{'CAMERA_1': ['camera_type', 'price', 'sensor_size', 'effects'], 'CAMERA_2': [], 'CAMERA_3': []}",C_QUESTION_ABOUT_FEATURE,CAMERA_1,effects,and what is the artistic effect mode on this camera,PRESENT_X,CAMERA_1,S_ANSWERS_QUESTION_ABOUT_FEATURE,CAMERA_1,effects,"This one has 24 glamor retouch effects (miniature, retro, toy camera, etc.).",PRESENT_X,CAMERA_1,13~75
437,7,CAMERA_1,['CAMERA_1'],"{'CAMERA_1': ['camera_type', 'price', 'sensor_size', 'effects', 'settings'], 'CAMERA_2': [], 'CAMERA_3': []}",C_SILENT_OR_BACKCHANNEL,CAMERA_1,NONE,great sounds like a great camera,PRESENT_X,CAMERA_1,S_INTRODUCES_FEATURE,CAMERA_1,settings,This one has limited manual settings.,PRESENT_X,CAMERA_1,13~36
437,8,CAMERA_1,['CAMERA_1'],"{'CAMERA_1': ['camera_type', 'price', 'sensor_size', 'effects', 'settings', 'long_exposure'], 'CAMERA_2': [], 'CAMERA_3': []}",C_SILENT_OR_BACKCHANNEL,CAMERA_1,NONE,okay,PRESENT_X,CAMERA_1,S_INTRODUCES_FEATURE,CAMERA_1,long_exposure,This one can take long exposures up to up to 15 seconds with Long Shutter Mode.,PRESENT_X,CAMERA_1,39~78
437,9,CAMERA_1,['CAMERA_1'],"{'CAMERA_1': ['camera_type', 'price', 'sensor_size', 'effects', 'settings', 'long_exposure', 'autofocus_points'], 'CAMERA_2': [], 'CAMERA_3': []}",C_SILENT_OR_BACKCHANNEL,CAMERA_1,NONE,I say so,PRESENT_X,CAMERA_1,S_INTRODUCES_FEATURE,CAMERA_1,autofocus_points,This one has 135 autofocus points.,PRESENT_X,CAMERA_1,13~33
437,10,CAMERA_1,['CAMERA_1'],"{'CAMERA_1': ['camera_type', 'price', 'sensor_size', 'effects', 'settings', 'long_exposure', 'autofocus_points', 'color'], 'CAMERA_2': [], 'CAMERA_3': []}",C_QUESTION_ABOUT_FEATURE,CAMERA_1,color,okay just like question are there just one color or are there many colors,PRESENT_X,CAMERA_1,S_ANSWERS_QUESTION_ABOUT_FEATURE,CAMERA_1,color,This one comes in blue or black.,PRESENT_X,CAMERA_1,18~31
437,11,CAMERA_1,['CAMERA_1'],"{'CAMERA_1': ['camera_type', 'price', 'sensor_size', 'effects', 'settings', 'long_exposure', 'autofocus_points', 'color', 'ISO'], 'CAMERA_2': [], 'CAMERA_3': []}",C_QUESTION_ABOUT_FEATURE,CAMERA_1,ISO,great under how about the ISO,PRESENT_X,CAMERA_1,S_ANSWERS_QUESTION_ABOUT_FEATURE,CAMERA_1,ISO,This one has up to 51200 ISO.,PRESENT_X,CAMERA_1,13~28
437,12,CAMERA_1,['CAMERA_1'],"{'CAMERA_1': ['camera_type', 'price', 'sensor_size', 'effects', 'settings', 'long_exposure', 'autofocus_points', 'color', 'ISO', 'resolution'], 'CAMERA_2': [], 'CAMERA_3': []}",C_SILENT_OR_BACKCHANNEL,CAMERA_1,NONE,Wow cheap,PRESENT_X,CAMERA_1,S_INTRODUCES_FEATURE,CAMERA_1,resolution,This one has 17.8 megapixels resolution.,PRESENT_X,CAMERA_1,13~28
437,13,CAMERA_1,['CAMERA_1'],"{'CAMERA_1': ['camera_type', 'price', 'sensor_size', 'effects', 'settings', 'long_exposure', 'autofocus_points', 'color', 'ISO', 'resolution', 'weight'], 'CAMERA_2': [], 'CAMERA_3': []}",C_SILENT_OR_BACKCHANNEL,CAMERA_1,NONE,okay that's looks good anything else any other colors for a Camaro,PRESENT_X,CAMERA_1,S_INTRODUCES_FEATURE,CAMERA_1,weight,This one weighs 800 grams.,PRESENT_X,CAMERA_1,16~25
437,14,CAMERA_1,['CAMERA_1'],"{'CAMERA_1': ['camera_type', 'price', 'sensor_size', 'effects', 'settings', 'long_exposure', 'autofocus_points', 'color', 'ISO', 'resolution', 'weight', 'optical_zoom'], 'CAMERA_2': [], 'CAMERA_3': []}",C_SILENT_OR_BACKCHANNEL,CAMERA_1,NONE,ok,PRESENT_X,CAMERA_1,S_INTRODUCES_FEATURE,CAMERA_1,optical_zoom,This one has 21x optical zoom.,PRESENT_X,CAMERA_1,13~29
437,15,NONE,['CAMERA_1'],"{'CAMERA_1': ['camera_type', 'price', 'sensor_size', 'effects', 'settings', 'long_exposure', 'autofocus_points', 'color', 'ISO', 'resolution', 'weight', 'optical_zoom'], 'CAMERA_2': [], 'CAMERA_3': []}",C_THANK_YOU,CAMERA_1,NONE,thanks,PRESENT_X,CAMERA_1,S_THANK_YOU,CAMERA_1,NONE,thank you very much.,FACE_TO_FACE,NONE,
437,16,NONE,['CAMERA_1'],"{'CAMERA_1': ['camera_type', 'price', 'sensor_size', 'effects', 'settings', 'long_exposure', 'autofocus_points', 'color', 'ISO', 'resolution', 'weight', 'optical_zoom'], 'CAMERA_2': [], 'CAMERA_3': []}",C_LEAVES,DOOR,NONE,,FACE_TO_FACE,NONE,S_RETURNS_TO_COUNTER,SERVICE_COUNTER,NONE,,WAITING,NONE,
438,1,NONE,[],"{'CAMERA_1': [], 'CAMERA_2': [], 'CAMERA_3': []}",C_ENTERS,DOOR,NONE,,WAITING,NONE,S_NONE,SERVICE_COUNTER,NONE,,WAITING,NONE,
438,2,NONE,[],"{'CAMERA_1': [], 'CAMERA_2': [], 'CAMERA_3': []}",C_GREETS,MIDDLE,NONE,excuse me can you help me,WAITING,NONE,S_GREETS,MIDDLE,NONE,can I help you?,FACE_TO_FACE,NONE,
438,3,CAMERA_1,['CAMERA_1'],"{'CAMERA_1': [], 'CAMERA_2': [], 'CAMERA_3': []}",C_LOOKING_FOR_A_CAMERA,MIDDLE,NONE,oh hi I'm just looking for a camera,FACE_TO_FACE,NONE,S_INTRODUCES_CAMERA,CAMERA_1,,Let me show you this. Here we have the Sony PowerShot ELPH DMC-ZS3.,PRESENT_X,CAMERA_1,39~66
438,4,CAMERA_1,['CAMERA_1'],"{'CAMERA_1': ['sensor_size'], 'CAMERA_2': [], 'CAMERA_3': []}",C_SILENT_OR_BACKCHANNEL,CAMERA_1,NONE,wow thats expensive,PRESENT_X,CAMERA_1,S_INTRODUCES_FEATURE,CAMERA_1,sensor_size,This one has a 1/2.3 inch CMOS sensor.,PRESENT_X,CAMERA_1,15~37
438,5,NONE,['CAMERA_1'],"{'CAMERA_1': ['sensor_size'], 'CAMERA_2': [], 'CAMERA_3': []}",C_THANK_YOU,CAMERA_1,NONE,ok thanks for help,PRESENT_X,CAMERA_1,S_THANK_YOU,CAMERA_1,NONE,thank you very much.,FACE_TO_FACE,NONE,
438,6,NONE,['CAMERA_1'],"{'CAMERA_1': ['sensor_size'], 'CAMERA_2': [], 'CAMERA_3': []}",C_LEAVES,DOOR,NONE,,FACE_TO_FACE,NONE,S_RETURNS_TO_COUNTER,SERVICE_COUNTER,NONE,,WAITING,NONE,
439,1,NONE,[],"{'CAMERA_1': [], 'CAMERA_2': [], 'CAMERA_3': []}",C_ENTERS,DOOR,NONE,,WAITING,NONE,S_NONE,SERVICE_COUNTER,NONE,,WAITING,NONE,
439,2,NONE,[],"{'CAMERA_1': [], 'CAMERA_2': [], 'CAMERA_3': []}",C_GREETS,MIDDLE,NONE,good morning,WAITING,NONE,S_GREETS,MIDDLE,NONE,can I help you?,FACE_TO_FACE,NONE,
439,3,CAMERA_1,['CAMERA_1'],"{'CAMERA_1': [], 'CAMERA_2': [], 'CAMERA_3': []}",C_LOOKING_FOR_A_CAMERA,MIDDLE,NONE,I guess I'm just looking for a new camera,FACE_TO_FACE,NONE,S_INTRODUCES_CAMERA,CAMERA_1,,Let me show you this. Here we have the Sony PowerShot ELPH DMC-ZS3.,PRESENT_X,CAMERA_1,39~66
439,4,CAMERA_1,['CAMERA_1'],"{'CAMERA_1': ['sensor_size'], 'CAMERA_2': [], 'CAMERA_3': []}",C_QUESTION_ABOUT_FEATURE,CAMERA_1,sensor_size,and the sensor size,PRESENT_X,CAMERA_1,S_ANSWERS_QUESTION_ABOUT_FEATURE,CAMERA_1,sensor_size,This one has a 1/2.3 inch CMOS sensor.,PRESENT_X,CAMERA_1,15~37
439,5,CAMERA_1,['CAMERA_1'],"{'CAMERA_1': ['sensor_size', 'price'], 'CAMERA_2': [], 'CAMERA_3': []}",C_SILENT_OR_BACKCHANNEL,CAMERA_1,NONE,how it looks really good,PRESENT_X,CAMERA_1,S_INTRODUCES_FEATURE,CAMERA_1,price,This one costs $450.,PRESENT_X,CAMERA_1,15~19
439,6,CAMERA_1,['CAMERA_1'],"{'CAMERA_1': ['sensor_size', 'price', 'resolution'], 'CAMERA_2': [], 'CAMERA_3': []}",C_SILENT_OR_BACKCHANNEL,CAMERA_1,NONE,I think this is not too bad,PRESENT_X,CAMERA_1,S_INTRODUCES_FEATURE,CAMERA_1,resolution,This one has 17.8 megapixels resolution.,PRESENT_X,CAMERA_1,13~28
439,7,CAMERA_2,"['CAMERA_1', 'CAMERA_2']","{'CAMERA_1': ['sensor_size', 'price', 'resolution'], 'CAMERA_2': [], 'CAMERA_3': []}",C_ANYTHING_ELSE_AVAILABLE,CAMERA_1,NONE,So this is the only model you have in your shop,PRESENT_X,CAMERA_1,S_INTRODUCES_CAMERA,CAMERA_2,,Let me show you this. Here we have the Fujifilm Lumix ILC Camera.,PRESENT_X,CAMERA_2,39~64
439,8,CAMERA_2,"['CAMERA_1', 'CAMERA_2']","{'CAMERA_1': ['sensor_size', 'price', 'resolution'], 'CAMERA_2': ['preset_modes'], 'CAMERA_3': []}",C_QUESTION_ABOUT_FEATURE,CAMERA_2,preset_modes,cool any preset modes,PRESENT_X,CAMERA_2,S_NOT_SURE,CAMERA_2,,I'm not really sure about that.,PRESENT_X,CAMERA_2,
439,9,CAMERA_2,"['CAMERA_1', 'CAMERA_2']","{'CAMERA_1': ['sensor_size', 'price', 'resolution'], 'CAMERA_2': ['preset_modes', 'ISO'], 'CAMERA_3': []}",C_QUESTION_ABOUT_FEATURE,CAMERA_2,ISO,how high is the ISO,PRESENT_X,CAMERA_2,S_NOT_SURE,CAMERA_2,,I'm not really sure about that.,PRESENT_X,CAMERA_2,
439,10,CAMERA_2,"['CAMERA_1', 'CAMERA_2']","{'CAMERA_1': ['sensor_size', 'price', 'resolution'], 'CAMERA_2': ['preset_modes', 'ISO', 'autofocus_points'], 'CAMERA_3': []}",C_QUESTION_ABOUT_FEATURE,CAMERA_2,autofocus_points,what is the auto focus points for this camera,PRESENT_X,CAMERA_2,S_NOT_SURE,CAMERA_2,,I'm not really sure about that.,PRESENT_X,CAMERA_2,
439,11,CAMERA_2,"['CAMERA_1', 'CAMERA_2']","{'CAMERA_1': ['sensor_size', 'price', 'resolution'], 'CAMERA_2': ['preset_modes', 'ISO', 'autofocus_points', 'resolution'], 'CAMERA_3': []}",C_QUESTION_ABOUT_FEATURE,CAMERA_2,resolution,how many megapixels is this camera information of the resolution,PRESENT_X,CAMERA_2,S_ANSWERS_QUESTION_ABOUT_FEATURE,CAMERA_2,resolution,This one has 23.8 megapixels resolution.,PRESENT_X,CAMERA_2,13~28
439,12,CAMERA_2,"['CAMERA_1', 'CAMERA_2']","{'CAMERA_1': ['sensor_size', 'price', 'resolution'], 'CAMERA_2': ['preset_modes', 'ISO', 'autofocus_points', 'resolution', 'settings'], 'CAMERA_3': []}",C_SILENT_OR_BACKCHANNEL,CAMERA_2,NONE,wow,PRESENT_X,CAMERA_2,S_INTRODUCES_FEATURE,CAMERA_2,settings,"This one has manual control and various automatic settings (video modeburst shooting, etc.).",PRESENT_X,CAMERA_2,13~91
439,13,CAMERA_2,"['CAMERA_1', 'CAMERA_2']","{'CAMERA_1': ['sensor_size', 'price', 'resolution'], 'CAMERA_2': ['preset_modes', 'ISO', 'autofocus_points', 'resolution', 'settings', 'long_exposure'], 'CAMERA_3': []}",C_QUESTION_ABOUT_FEATURE,CAMERA_2,long_exposure,what about the exposure,PRESENT_X,CAMERA_2,S_ANSWERS_QUESTION_ABOUT_FEATURE,CAMERA_2,long_exposure,This one can take long exposures up to 60 minutes max with bulb mode.,PRESENT_X,CAMERA_2,39~68
439,14,CAMERA_2,"['CAMERA_1', 'CAMERA_2']","{'CAMERA_1': ['sensor_size', 'price', 'resolution'], 'CAMERA_2': ['preset_modes', 'ISO', 'autofocus_points', 'resolution', 'settings', 'long_exposure', 'weight'], 'CAMERA_3': []}",C_SILENT_OR_BACKCHANNEL,CAMERA_2,NONE,IC,PRESENT_X,CAMERA_2,S_INTRODUCES_FEATURE,CAMERA_2,weight,This one weighs 820 grams.,PRESENT_X,CAMERA_2,16~25
439,15,CAMERA_2,"['CAMERA_1', 'CAMERA_2']","{'CAMERA_1': ['sensor_size', 'price', 'resolution'], 'CAMERA_2': ['preset_modes', 'ISO', 'autofocus_points', 'resolution', 'settings', 'long_exposure', 'weight', 'effects'], 'CAMERA_3': []}",C_QUESTION_ABOUT_FEATURE,CAMERA_2,effects,and what about this artistic artistic effect mode ,PRESENT_X,CAMERA_2,S_ANSWERS_QUESTION_ABOUT_FEATURE,CAMERA_2,effects,"This one has 24 artistic effect modes (retro, lighter or darker skin tones, sepia, etc.).",PRESENT_X,CAMERA_2,13~88
439,16,CAMERA_2,"['CAMERA_1', 'CAMERA_2']","{'CAMERA_1': ['sensor_size', 'price', 'resolution'], 'CAMERA_2': ['preset_modes', 'ISO', 'autofocus_points', 'resolution', 'settings', 'long_exposure', 'weight', 'effects', 'camera_type'], 'CAMERA_3': []}",C_SILENT_OR_BACKCHANNEL,CAMERA_2,NONE,cic,PRESENT_X,CAMERA_2,S_INTRODUCES_FEATURE,CAMERA_2,camera_type,This is a digital single lens mirrorless camera.,PRESENT_X,CAMERA_2,10~40
439,17,CAMERA_2,"['CAMERA_1', 'CAMERA_2']","{'CAMERA_1': ['sensor_size', 'price', 'resolution'], 'CAMERA_2': ['preset_modes', 'ISO', 'autofocus_points', 'resolution', 'settings', 'long_exposure', 'weight', 'effects', 'camera_type', 'optical_zoom'], 'CAMERA_3': []}",C_SILENT_OR_BACKCHANNEL,CAMERA_2,NONE,ok,PRESENT_X,CAMERA_2,S_INTRODUCES_FEATURE,CAMERA_2,optical_zoom,This one has 21x optical zoom.,PRESENT_X,CAMERA_2,13~29
439,18,CAMERA_2,"['CAMERA_1', 'CAMERA_2']","{'CAMERA_1': ['sensor_size', 'price', 'resolution'], 'CAMERA_2': ['preset_modes', 'ISO', 'autofocus_points', 'resolution', 'settings', 'long_exposure', 'weight', 'effects', 'camera_type', 'optical_zoom', 'sensor_size'], 'CAMERA_3': []}",C_SILENT_OR_BACKCHANNEL,CAMERA_2,NONE,IC,PRESENT_X,CAMERA_2,S_INTRODUCES_FEATURE,CAMERA_2,sensor_size,This one has a 1/2.33 inch sensor.,PRESENT_X,CAMERA_2,15~33
439,19,NONE,"['CAMERA_1', 'CAMERA_2']","{'CAMERA_1': ['sensor_size', 'price', 'resolution'], 'CAMERA_2': ['preset_modes', 'ISO', 'autofocus_points', 'resolution', 'settings', 'long_exposure', 'weight', 'effects', 'camera_type', 'optical_zoom', 'sensor_size'], 'CAMERA_3': []}",C_THANK_YOU,CAMERA_2,NONE,thank you for your help,PRESENT_X,CAMERA_2,S_THANK_YOU,CAMERA_2,NONE,thank you very much.,FACE_TO_FACE,NONE,
439,20,NONE,"['CAMERA_1', 'CAMERA_2']","{'CAMERA_1': ['sensor_size', 'price', 'resolution'], 'CAMERA_2': ['preset_modes', 'ISO', 'autofocus_points', 'resolution', 'settings', 'long_exposure', 'weight', 'effects', 'camera_type', 'optical_zoom', 'sensor_size'], 'CAMERA_3': []}",C_LEAVES,DOOR,NONE,,FACE_TO_FACE,NONE,S_RETURNS_TO_COUNTER,SERVICE_COUNTER,NONE,,WAITING,NONE,
440,1,NONE,[],"{'CAMERA_1': [], 'CAMERA_2': [], 'CAMERA_3': []}",C_ENTERS,DOOR,NONE,,WAITING,NONE,S_NONE,SERVICE_COUNTER,NONE,,WAITING,NONE,
440,2,NONE,[],"{'CAMERA_1': [], 'CAMERA_2': [], 'CAMERA_3': []}",C_GREETS,MIDDLE,NONE,hello,WAITING,NONE,S_GREETS,MIDDLE,NONE,can I help you?,FACE_TO_FACE,NONE,
440,3,CAMERA_1,['CAMERA_1'],"{'CAMERA_1': [], 'CAMERA_2': [], 'CAMERA_3': []}",C_LOOKING_FOR_A_CAMERA,MIDDLE,NONE,afternoon I'm looking for a new camera is it to use stylus and affordable,FACE_TO_FACE,NONE,S_INTRODUCES_CAMERA,CAMERA_1,,Let me show you this. Here we have the Sony PowerShot ELPH DMC-ZS3.,PRESENT_X,CAMERA_1,39~66
440,4,CAMERA_1,['CAMERA_1'],"{'CAMERA_1': ['optical_zoom'], 'CAMERA_2': [], 'CAMERA_3': []}",C_QUESTION_ABOUT_FEATURE,CAMERA_1,optical_zoom,that's so many and what's the optical zoom on this phone,PRESENT_X,CAMERA_1,S_ANSWERS_QUESTION_ABOUT_FEATURE,CAMERA_1,optical_zoom,This one has 21x optical zoom.,PRESENT_X,CAMERA_1,13~29
440,5,CAMERA_1,['CAMERA_1'],"{'CAMERA_1': ['optical_zoom', 'long_exposure'], 'CAMERA_2': [], 'CAMERA_3': []}",C_SILENT_OR_BACKCHANNEL,CAMERA_1,NONE,sounds great how about the synthesized honest,PRESENT_X,CAMERA_1,S_INTRODUCES_FEATURE,CAMERA_1,long_exposure,This one can take long exposures up to up to 15 seconds with Long Shutter Mode.,PRESENT_X,CAMERA_1,39~78
440,6,CAMERA_1,['CAMERA_1'],"{'CAMERA_1': ['optical_zoom', 'long_exposure', 'price'], 'CAMERA_2': [], 'CAMERA_3': []}",C_QUESTION_ABOUT_FEATURE,CAMERA_1,price,how much is this camera,PRESENT_X,CAMERA_1,S_ANSWERS_QUESTION_ABOUT_FEATURE,CAMERA_1,price,This one costs $450.,PRESENT_X,CAMERA_1,15~19
440,7,CAMERA_2,"['CAMERA_1', 'CAMERA_2']","{'CAMERA_1': ['optical_zoom', 'long_exposure', 'price'], 'CAMERA_2': [], 'CAMERA_3': []}",C_ANYTHING_ELSE_AVAILABLE,CAMERA_1,NONE,do you have any other cameras like this,PRESENT_X,CAMERA_1,S_INTRODUCES_CAMERA,CAMERA_2,,Let me show you this. Here we have the Fujifilm Lumix ILC Camera.,PRESENT_X,CAMERA_2,39~64
440,8,CAMERA_2,"['CAMERA_1', 'CAMERA_2']","{'CAMERA_1': ['optical_zoom', 'long_exposure', 'price'], 'CAMERA_2': ['long_exposure'], 'CAMERA_3': []}",C_SILENT_OR_BACKCHANNEL,CAMERA_2,NONE,sounds great how about the synthesized honest,PRESENT_X,CAMERA_2,S_INTRODUCES_FEATURE,CAMERA_2,long_exposure,This one can take long exposures up to 60 minutes max with bulb mode.,PRESENT_X,CAMERA_2,39~68
440,9,CAMERA_2,"['CAMERA_1', 'CAMERA_2']","{'CAMERA_1': ['optical_zoom', 'long_exposure', 'price'], 'CAMERA_2': ['long_exposure', 'optical_zoom'], 'CAMERA_3': []}",C_QUESTION_ABOUT_FEATURE,CAMERA_2,optical_zoom,that's so many and what's the optical zoom on this phone,PRESENT_X,CAMERA_2,S_ANSWERS_QUESTION_ABOUT_FEATURE,CAMERA_2,optical_zoom,This one has 21x optical zoom.,PRESENT_X,CAMERA_2,13~29
440,10,CAMERA_2,"['CAMERA_1', 'CAMERA_2']","{'CAMERA_1': ['optical_zoom', 'long_exposure', 'price'], 'CAMERA_2': ['long_exposure', 'optical_zoom', 'weight'], 'CAMERA_3': []}",C_SILENT_OR_BACKCHANNEL,CAMERA_2,NONE,IC,PRESENT_X,CAMERA_2,S_INTRODUCES_FEATURE,CAMERA_2,weight,This one weighs 820 grams.,PRESENT_X,CAMERA_2,16~25
440,11,CAMERA_2,"['CAMERA_1', 'CAMERA_2']","{'CAMERA_1': ['optical_zoom', 'long_exposure', 'price'], 'CAMERA_2': ['long_exposure', 'optical_zoom', 'weight', 'color'], 'CAMERA_3': []}",C_QUESTION_ABOUT_FEATURE,CAMERA_2,color,What kind of colors do you have available for this summer,PRESENT_X,CAMERA_2,S_ANSWERS_QUESTION_ABOUT_FEATURE,CAMERA_2,color,This one comes in white or pink.,PRESENT_X,CAMERA_2,18~31
440,12,CAMERA_2,"['CAMERA_1', 'CAMERA_2']","{'CAMERA_1': ['optical_zoom', 'long_exposure', 'price'], 'CAMERA_2': ['long_exposure', 'optical_zoom', 'weight', 'color', 'sensor_size'], 'CAMERA_3': []}",C_SILENT_OR_BACKCHANNEL,CAMERA_2,NONE,that sounds great although having a look for myself and diamonds and,PRESENT_X,CAMERA_2,S_INTRODUCES_FEATURE,CAMERA_2,sensor_size,This one has a 1/2.33 inch sensor.,PRESENT_X,CAMERA_2,15~33
440,13,CAMERA_2,"['CAMERA_1', 'CAMERA_2']","{'CAMERA_1': ['optical_zoom', 'long_exposure', 'price'], 'CAMERA_2': ['long_exposure', 'optical_zoom', 'weight', 'color', 'sensor_size', 'price'], 'CAMERA_3': []}",C_QUESTION_ABOUT_FEATURE,CAMERA_2,price,how much does this cost,PRESENT_X,CAMERA_2,S_ANSWERS_QUESTION_ABOUT_FEATURE,CAMERA_2,price,This one costs $768.,PRESENT_X,CAMERA_2,15~19
440,14,CAMERA_2,"['CAMERA_1', 'CAMERA_2']","{'CAMERA_1': ['optical_zoom', 'long_exposure', 'price'], 'CAMERA_2': ['long_exposure', 'optical_zoom', 'weight', 'color', 'sensor_size', 'price', 'camera_type'], 'CAMERA_3': []}",C_SILENT_OR_BACKCHANNEL,CAMERA_2,NONE,hm,PRESENT_X,CAMERA_2,S_INTRODUCES_FEATURE,CAMERA_2,camera_type,This is a digital single lens mirrorless camera.,PRESENT_X,CAMERA_2,10~40
440,15,CAMERA_2,"['CAMERA_1', 'CAMERA_2']","{'CAMERA_1': ['optical_zoom', 'long_exposure', 'price'], 'CAMERA_2': ['long_exposure', 'optical_zoom', 'weight', 'color', 'sensor_size', 'price', 'camera_type', 'settings'], 'CAMERA_3': []}",C_QUESTION_ABOUT_FEATURE,CAMERA_2,settings,I would like to ask about is it easy to do I need to set up any manuals for this camera,PRESENT_X,CAMERA_2,S_ANSWERS_QUESTION_ABOUT_FEATURE,CAMERA_2,settings,"This one has manual control and various automatic settings (video modeburst shooting, etc.).",PRESENT_X,CAMERA_2,13~91
440,16,CAMERA_2,"['CAMERA_1', 'CAMERA_2']","{'CAMERA_1': ['optical_zoom', 'long_exposure', 'price'], 'CAMERA_2': ['long_exposure', 'optical_zoom', 'weight', 'color', 'sensor_size', 'price', 'camera_type', 'settings', 'preset_modes'], 'CAMERA_3': []}",C_QUESTION_ABOUT_FEATURE,CAMERA_2,preset_modes,does it have like candle mode,PRESENT_X,CAMERA_2,S_NOT_SURE,CAMERA_2,,I'm not really sure about that.,PRESENT_X,CAMERA_2,
440,17,CAMERA_2,"['CAMERA_1', 'CAMERA_2']","{'CAMERA_1': ['optical_zoom', 'long_exposure', 'price'], 'CAMERA_2': ['long_exposure', 'optical_zoom', 'weight', 'color', 'sensor_size', 'price', 'camera_type', 'settings', 'preset_modes', 'autofocus_points'], 'CAMERA_3': []}",C_QUESTION_ABOUT_FEATURE,CAMERA_2,autofocus_points,yeah good afternoon I am a Sports photographers so I need a good camera with many autofocus point and also has a high shutter speed so you have any recommendations for me,PRESENT_X,CAMERA_2,S_NOT_SURE,CAMERA_2,,I'm not really sure about that.,PRESENT_X,CAMERA_2,
440,18,NONE,"['CAMERA_1', 'CAMERA_2']","{'CAMERA_1': ['optical_zoom', 'long_exposure', 'price'], 'CAMERA_2': ['long_exposure', 'optical_zoom', 'weight', 'color', 'sensor_size', 'price', 'camera_type', 'settings', 'preset_modes', 'autofocus_points'], 'CAMERA_3': []}",C_THANK_YOU,CAMERA_2,NONE,ok thank you very much,PRESENT_X,CAMERA_2,S_THANK_YOU,CAMERA_2,NONE,thank you very much.,FACE_TO_FACE,NONE,
440,19,NONE,"['CAMERA_1', 'CAMERA_2']","{'CAMERA_1': ['optical_zoom', 'long_exposure', 'price'], 'CAMERA_2': ['long_exposure', 'optical_zoom', 'weight', 'color', 'sensor_size', 'price', 'camera_type', 'settings', 'preset_modes', 'autofocus_points'], 'CAMERA_3': []}",C_LEAVES,DOOR,NONE,,FACE_TO_FACE,NONE,S_RETURNS_TO_COUNTER,SERVICE_COUNTER,NONE,,WAITING,NONE,
441,1,NONE,[],"{'CAMERA_1': [], 'CAMERA_2': [], 'CAMERA_3': []}",C_ENTERS,DOOR,NONE,,WAITING,NONE,S_NONE,SERVICE_COUNTER,NONE,,WAITING,NONE,
441,2,NONE,[],"{'CAMERA_1': [], 'CAMERA_2': [], 'CAMERA_3': []}",C_GREETS,MIDDLE,NONE,excuse me,WAITING,NONE,S_GREETS,MIDDLE,NONE,can I help you?,FACE_TO_FACE,NONE,
441,3,CAMERA_1,['CAMERA_1'],"{'CAMERA_1': [], 'CAMERA_2': [], 'CAMERA_3': []}",C_LOOKING_FOR_A_CAMERA,MIDDLE,NONE,I'm looking for a camera with very specific pictures,FACE_TO_FACE,NONE,S_INTRODUCES_CAMERA,CAMERA_1,,Let me show you this. Here we have the Sony PowerShot ELPH DMC-ZS3.,PRESENT_X,CAMERA_1,39~66
441,4,CAMERA_1,['CAMERA_1'],"{'CAMERA_1': ['settings'], 'CAMERA_2': [], 'CAMERA_3': []}",C_QUESTION_ABOUT_FEATURE,CAMERA_1,settings,under what city is the setting on this phone,PRESENT_X,CAMERA_1,S_ANSWERS_QUESTION_ABOUT_FEATURE,CAMERA_1,settings,This one has limited manual settings.,PRESENT_X,CAMERA_1,13~36
441,5,CAMERA_1,['CAMERA_1'],"{'CAMERA_1': ['settings', 'optical_zoom'], 'CAMERA_2': [], 'CAMERA_3': []}",C_QUESTION_ABOUT_FEATURE,CAMERA_1,optical_zoom,good good good and it has the optical zoom,PRESENT_X,CAMERA_1,S_ANSWERS_QUESTION_ABOUT_FEATURE,CAMERA_1,optical_zoom,This one has 21x optical zoom.,PRESENT_X,CAMERA_1,13~29
441,6,CAMERA_1,['CAMERA_1'],"{'CAMERA_1': ['settings', 'optical_zoom', 'ISO'], 'CAMERA_2': [], 'CAMERA_3': []}",C_QUESTION_ABOUT_FEATURE,CAMERA_1,ISO,does it have good ISO,PRESENT_X,CAMERA_1,S_ANSWERS_QUESTION_ABOUT_FEATURE,CAMERA_1,ISO,This one has up to 51200 ISO.,PRESENT_X,CAMERA_1,13~28
441,7,CAMERA_1,['CAMERA_1'],"{'CAMERA_1': ['settings', 'optical_zoom', 'ISO', 'color'], 'CAMERA_2': [], 'CAMERA_3': []}",C_QUESTION_ABOUT_FEATURE,CAMERA_1,color,silver so boring though this come in any other colors,PRESENT_X,CAMERA_1,S_ANSWERS_QUESTION_ABOUT_FEATURE,CAMERA_1,color,This one comes in blue or black.,PRESENT_X,CAMERA_1,18~31
441,8,CAMERA_3,"['CAMERA_1', 'CAMERA_3']","{'CAMERA_1': ['settings', 'optical_zoom', 'ISO', 'color'], 'CAMERA_2': [], 'CAMERA_3': []}",C_ANYTHING_ELSE_AVAILABLE,CAMERA_1,NONE,do you have any other cameras that are in this kind,PRESENT_X,CAMERA_1,S_INTRODUCES_CAMERA,CAMERA_3,,Let me show you this. Here we have the Fujifilm PowerShot ELPH S2800.,PRESENT_X,CAMERA_3,39~68
441,9,CAMERA_3,"['CAMERA_1', 'CAMERA_3']","{'CAMERA_1': ['settings', 'optical_zoom', 'ISO', 'color'], 'CAMERA_2': [], 'CAMERA_3': ['settings']}",C_SILENT_OR_BACKCHANNEL,CAMERA_3,NONE,I see AA ok,PRESENT_X,CAMERA_3,S_INTRODUCES_FEATURE,CAMERA_3,settings,"This one has manual control and various automatic settings (video modeburst shooting, etc.).",PRESENT_X,CAMERA_3,13~91
441,10,CAMERA_3,"['CAMERA_1', 'CAMERA_3']","{'CAMERA_1': ['settings', 'optical_zoom', 'ISO', 'color'], 'CAMERA_2': [], 'CAMERA_3': ['settings', 'preset_modes']}",C_SILENT_OR_BACKCHANNEL,CAMERA_3,NONE,IC,PRESENT_X,CAMERA_3,S_INTRODUCES_FEATURE,CAMERA_3,preset_modes,This one has various preset modes.,PRESENT_X,CAMERA_3,13~33
441,11,NONE,"['CAMERA_1', 'CAMERA_3']","{'CAMERA_1': ['settings', 'optical_zoom', 'ISO', 'color'], 'CAMERA_2': [], 'CAMERA_3': ['settings', 'preset_modes']}",C_THANK_YOU,CAMERA_3,NONE,thank you very much,PRESENT_X,CAMERA_3,S_THANK_YOU,CAMERA_3,NONE,thank you very much.,FACE_TO_FACE,NONE,
441,12,NONE,"['CAMERA_1', 'CAMERA_3']","{'CAMERA_1': ['settings', 'optical_zoom', 'ISO', 'color'], 'CAMERA_2': [], 'CAMERA_3': ['settings', 'preset_modes']}",C_LEAVES,DOOR,NONE,,FACE_TO_FACE,NONE,S_RETURNS_TO_COUNTER,SERVICE_COUNTER,NONE,,WAITING,NONE,
442,1,NONE,[],"{'CAMERA_1': [], 'CAMERA_2': [], 'CAMERA_3': []}",C_ENTERS,DOOR,NONE,,WAITING,NONE,S_NONE,SERVICE_COUNTER,NONE,,WAITING,NONE,
442,2,NONE,[],"{'CAMERA_1': [], 'CAMERA_2': [], 'CAMERA_3': []}",C_GREETS,MIDDLE,NONE,excuse me,WAITING,NONE,S_GREETS,MIDDLE,NONE,can I help you?,FACE_TO_FACE,NONE,
442,3,CAMERA_3,['CAMERA_3'],"{'CAMERA_1': [], 'CAMERA_2': [], 'CAMERA_3': []}",C_LOOKING_FOR_A_CAMERA,MIDDLE,NONE,I'm just looking for a camera,FACE_TO_FACE,NONE,S_INTRODUCES_CAMERA,CAMERA_3,,Let me show you this. Here we have the Fujifilm PowerShot ELPH S2800.,PRESENT_X,CAMERA_3,39~68
442,4,CAMERA_3,['CAMERA_3'],"{'CAMERA_1': [], 'CAMERA_2': [], 'CAMERA_3': ['sensor_size']}",C_QUESTION_ABOUT_FEATURE,CAMERA_3,sensor_size,the sensor on this phone is it full frame,PRESENT_X,CAMERA_3,S_ANSWERS_QUESTION_ABOUT_FEATURE,CAMERA_3,sensor_size,This one has a full frame.,PRESENT_X,CAMERA_3,15~25
442,5,CAMERA_2,"['CAMERA_3', 'CAMERA_2']","{'CAMERA_1': [], 'CAMERA_2': [], 'CAMERA_3': ['sensor_size']}",C_ANYTHING_ELSE_AVAILABLE,CAMERA_3,NONE,ok do you have any other cameras that can just look at,PRESENT_X,CAMERA_3,S_INTRODUCES_CAMERA,CAMERA_2,,Let me show you this. Here we have the Fujifilm Lumix ILC Camera.,PRESENT_X,CAMERA_2,39~64
442,6,CAMERA_2,"['CAMERA_3', 'CAMERA_2']","{'CAMERA_1': [], 'CAMERA_2': ['sensor_size'], 'CAMERA_3': ['sensor_size']}",C_QUESTION_ABOUT_FEATURE,CAMERA_2,sensor_size,oh this looks very good actually what is the size of the sensor of this camera,PRESENT_X,CAMERA_2,S_ANSWERS_QUESTION_ABOUT_FEATURE,CAMERA_2,sensor_size,This one has a 1/2.33 inch sensor.,PRESENT_X,CAMERA_2,15~33
442,7,CAMERA_2,"['CAMERA_3', 'CAMERA_2']","{'CAMERA_1': [], 'CAMERA_2': ['sensor_size', 'resolution'], 'CAMERA_3': ['sensor_size']}",C_SILENT_OR_BACKCHANNEL,CAMERA_2,NONE,IC,PRESENT_X,CAMERA_2,S_INTRODUCES_FEATURE,CAMERA_2,resolution,This one has 23.8 megapixels resolution.,PRESENT_X,CAMERA_2,13~28
442,8,CAMERA_2,"['CAMERA_3', 'CAMERA_2']","{'CAMERA_1': [], 'CAMERA_2': ['sensor_size', 'resolution', 'camera_type'], 'CAMERA_3': ['sensor_size']}",C_QUESTION_ABOUT_FEATURE,CAMERA_2,camera_type,is this a point and shoot camera,PRESENT_X,CAMERA_2,S_ANSWERS_QUESTION_ABOUT_FEATURE,CAMERA_2,camera_type,This is a digital single lens mirrorless camera.,PRESENT_X,CAMERA_2,10~40
442,9,CAMERA_2,"['CAMERA_3', 'CAMERA_2']","{'CAMERA_1': [], 'CAMERA_2': ['sensor_size', 'resolution', 'camera_type', 'long_exposure'], 'CAMERA_3': ['sensor_size']}",C_QUESTION_ABOUT_FEATURE,CAMERA_2,long_exposure,and is this also good camera for long exposure,PRESENT_X,CAMERA_2,S_ANSWERS_QUESTION_ABOUT_FEATURE,CAMERA_2,long_exposure,This one can take long exposures up to 60 minutes max with bulb mode.,PRESENT_X,CAMERA_2,39~68
442,10,NONE,"['CAMERA_3', 'CAMERA_2']","{'CAMERA_1': [], 'CAMERA_2': ['sensor_size', 'resolution', 'camera_type', 'long_exposure'], 'CAMERA_3': ['sensor_size']}",C_THANK_YOU,CAMERA_2,NONE,ok thank you,PRESENT_X,CAMERA_2,S_THANK_YOU,CAMERA_2,NONE,thank you very much.,FACE_TO_FACE,NONE,
442,11,NONE,"['CAMERA_3', 'CAMERA_2']","{'CAMERA_1': [], 'CAMERA_2': ['sensor_size', 'resolution', 'camera_type', 'long_exposure'], 'CAMERA_3': ['sensor_size']}",C_LEAVES,DOOR,NONE,,FACE_TO_FACE,NONE,S_RETURNS_TO_COUNTER,SERVICE_COUNTER,NONE,,WAITING,NONE,
443,1,NONE,[],"{'CAMERA_1': [], 'CAMERA_2': [], 'CAMERA_3': []}",C_ENTERS,DOOR,NONE,,WAITING,NONE,S_NONE,SERVICE_COUNTER,NONE,,WAITING,NONE,
443,2,NONE,[],"{'CAMERA_1': [], 'CAMERA_2': [], 'CAMERA_3': []}",C_WALKS_TO_CAMERA,CAMERA_2,NONE,,WAITING,NONE,S_GREETS,CAMERA_2,NONE,can I help you?,FACE_TO_FACE,NONE,
443,3,CAMERA_1,['CAMERA_1'],"{'CAMERA_1': [], 'CAMERA_2': [], 'CAMERA_3': []}",C_LOOKING_FOR_A_CAMERA,CAMERA_2,NONE,I'm looking for a camera with very high iso and a good consensus you have a camera like that,FACE_TO_FACE,NONE,S_INTRODUCES_CAMERA,CAMERA_1,,Let me show you this. Here we have the Sony PowerShot ELPH DMC-ZS3.,PRESENT_X,CAMERA_1,39~66
443,4,CAMERA_1,['CAMERA_1'],"{'CAMERA_1': ['ISO'], 'CAMERA_2': [], 'CAMERA_3': []}",C_SILENT_OR_BACKCHANNEL,CAMERA_1,NONE,IC,PRESENT_X,CAMERA_1,S_INTRODUCES_FEATURE,CAMERA_1,ISO,This one has up to 51200 ISO.,PRESENT_X,CAMERA_1,13~28
443,5,CAMERA_1,['CAMERA_1'],"{'CAMERA_1': ['ISO', 'effects'], 'CAMERA_2': [], 'CAMERA_3': []}",C_QUESTION_ABOUT_FEATURE,CAMERA_1,effects,and what about this artistic artistic effect mode ,PRESENT_X,CAMERA_1,S_ANSWERS_QUESTION_ABOUT_FEATURE,CAMERA_1,effects,"This one has 24 glamor retouch effects (miniature, retro, toy camera, etc.).",PRESENT_X,CAMERA_1,13~75
443,6,NONE,['CAMERA_1'],"{'CAMERA_1': ['ISO', 'effects'], 'CAMERA_2': [], 'CAMERA_3': []}",C_THANK_YOU,CAMERA_1,NONE,thank you,PRESENT_X,CAMERA_1,S_THANK_YOU,CAMERA_1,NONE,thank you very much.,FACE_TO_FACE,NONE,
443,7,NONE,['CAMERA_1'],"{'CAMERA_1': ['ISO', 'effects'], 'CAMERA_2': [], 'CAMERA_3': []}",C_LEAVES,DOOR,NONE,,FACE_TO_FACE,NONE,S_RETURNS_TO_COUNTER,SERVICE_COUNTER,NONE,,WAITING,NONE,
444,1,NONE,[],"{'CAMERA_1': [], 'CAMERA_2': [], 'CAMERA_3': []}",C_ENTERS,DOOR,NONE,,WAITING,NONE,S_NONE,SERVICE_COUNTER,NONE,,WAITING,NONE,
444,2,NONE,[],"{'CAMERA_1': [], 'CAMERA_2': [], 'CAMERA_3': []}",C_GREETS,MIDDLE,NONE,excuse me crossword question,WAITING,NONE,S_GREETS,MIDDLE,NONE,can I help you?,FACE_TO_FACE,NONE,
444,3,CAMERA_2,['CAMERA_2'],"{'CAMERA_1': [], 'CAMERA_2': [], 'CAMERA_3': []}",C_LOOKING_FOR_A_CAMERA,MIDDLE,NONE,well I am looking for a camera but I'm not sure what to buy,FACE_TO_FACE,NONE,S_INTRODUCES_CAMERA,CAMERA_2,,Let me show you this. Here we have the Fujifilm Lumix ILC Camera.,PRESENT_X,CAMERA_2,39~64
444,4,CAMERA_2,['CAMERA_2'],"{'CAMERA_1': [], 'CAMERA_2': ['long_exposure'], 'CAMERA_3': []}",C_QUESTION_ABOUT_FEATURE,CAMERA_2,long_exposure,hey what about the exposure,PRESENT_X,CAMERA_2,S_ANSWERS_QUESTION_ABOUT_FEATURE,CAMERA_2,long_exposure,This one can take long exposures up to 60 minutes max with bulb mode.,PRESENT_X,CAMERA_2,39~68
444,5,CAMERA_2,['CAMERA_2'],"{'CAMERA_1': [], 'CAMERA_2': ['long_exposure', 'effects'], 'CAMERA_3': []}",C_QUESTION_ABOUT_FEATURE,CAMERA_2,effects,Anakin explain this artistic effect my place,PRESENT_X,CAMERA_2,S_ANSWERS_QUESTION_ABOUT_FEATURE,CAMERA_2,effects,"This one has 24 artistic effect modes (retro, lighter or darker skin tones, sepia, etc.).",PRESENT_X,CAMERA_2,13~88
444,6,CAMERA_2,['CAMERA_2'],"{'CAMERA_1': [], 'CAMERA_2': ['long_exposure', 'effects', 'settings'], 'CAMERA_3': []}",C_QUESTION_ABOUT_FEATURE,CAMERA_2,settings,what sort of control can I do with it,PRESENT_X,CAMERA_2,S_ANSWERS_QUESTION_ABOUT_FEATURE,CAMERA_2,settings,"This one has manual control and various automatic settings (video modeburst shooting, etc.).",PRESENT_X,CAMERA_2,13~91
444,7,NONE,['CAMERA_2'],"{'CAMERA_1': [], 'CAMERA_2': ['long_exposure', 'effects', 'settings'], 'CAMERA_3': []}",C_THANK_YOU,CAMERA_2,NONE,okay thank you have a good day,PRESENT_X,CAMERA_2,S_THANK_YOU,CAMERA_2,NONE,thank you very much.,FACE_TO_FACE,NONE,
444,8,NONE,['CAMERA_2'],"{'CAMERA_1': [], 'CAMERA_2': ['long_exposure', 'effects', 'settings'], 'CAMERA_3': []}",C_LEAVES,DOOR,NONE,,FACE_TO_FACE,NONE,S_RETURNS_TO_COUNTER,SERVICE_COUNTER,NONE,,WAITING,NONE,
445,1,NONE,[],"{'CAMERA_1': [], 'CAMERA_2': [], 'CAMERA_3': []}",C_ENTERS,DOOR,NONE,,WAITING,NONE,S_NONE,SERVICE_COUNTER,NONE,,WAITING,NONE,
445,2,NONE,[],"{'CAMERA_1': [], 'CAMERA_2': [], 'CAMERA_3': []}",C_GREETS,MIDDLE,NONE,Hi can you help me,WAITING,NONE,S_GREETS,MIDDLE,NONE,can I help you?,FACE_TO_FACE,NONE,
445,3,CAMERA_2,['CAMERA_2'],"{'CAMERA_1': [], 'CAMERA_2': [], 'CAMERA_3': []}",C_LOOKING_FOR_A_CAMERA,MIDDLE,NONE,hi i am looking for a camera,FACE_TO_FACE,NONE,S_INTRODUCES_CAMERA,CAMERA_2,,Let me show you this. Here we have the Fujifilm Lumix ILC Camera.,PRESENT_X,CAMERA_2,39~64
445,4,CAMERA_2,['CAMERA_2'],"{'CAMERA_1': [], 'CAMERA_2': ['long_exposure'], 'CAMERA_3': []}",C_SILENT_OR_BACKCHANNEL,CAMERA_2,NONE,I guess this is pretty advanced,PRESENT_X,CAMERA_2,S_INTRODUCES_FEATURE,CAMERA_2,long_exposure,This one can take long exposures up to 60 minutes max with bulb mode.,PRESENT_X,CAMERA_2,39~68
445,5,CAMERA_2,['CAMERA_2'],"{'CAMERA_1': [], 'CAMERA_2': ['long_exposure', 'optical_zoom'], 'CAMERA_3': []}",C_SILENT_OR_BACKCHANNEL,CAMERA_2,NONE,great so no matter how bad the light that can be photoshopped or modified on my computer,PRESENT_X,CAMERA_2,S_INTRODUCES_FEATURE,CAMERA_2,optical_zoom,This one has 21x optical zoom.,PRESENT_X,CAMERA_2,13~29
445,6,CAMERA_2,['CAMERA_2'],"{'CAMERA_1': [], 'CAMERA_2': ['long_exposure', 'optical_zoom', 'resolution'], 'CAMERA_3': []}",C_QUESTION_ABOUT_FEATURE,CAMERA_2,resolution,what about the megapixels camera,PRESENT_X,CAMERA_2,S_ANSWERS_QUESTION_ABOUT_FEATURE,CAMERA_2,resolution,This one has 23.8 megapixels resolution.,PRESENT_X,CAMERA_2,13~28
445,7,CAMERA_2,['CAMERA_2'],"{'CAMERA_1': [], 'CAMERA_2': ['long_exposure', 'optical_zoom', 'resolution', 'sensor_size'], 'CAMERA_3': []}",C_SILENT_OR_BACKCHANNEL,CAMERA_2,NONE,I think this is not too bad,PRESENT_X,CAMERA_2,S_INTRODUCES_FEATURE,CAMERA_2,sensor_size,This one has a 1/2.33 inch sensor.,PRESENT_X,CAMERA_2,15~33
445,8,NONE,['CAMERA_2'],"{'CAMERA_1': [], 'CAMERA_2': ['long_exposure', 'optical_zoom', 'resolution', 'sensor_size'], 'CAMERA_3': []}",C_THANK_YOU,CAMERA_2,NONE,ok thank you,PRESENT_X,CAMERA_2,S_THANK_YOU,CAMERA_2,NONE,thank you very much.,FACE_TO_FACE,NONE,
445,9,NONE,['CAMERA_2'],"{'CAMERA_1': [], 'CAMERA_2': ['long_exposure', 'optical_zoom', 'resolution', 'sensor_size'], 'CAMERA_3': []}",C_LEAVES,DOOR,NONE,,FACE_TO_FACE,NONE,S_RETURNS_TO_COUNTER,SERVICE_COUNTER,NONE,,WAITING,NONE,
446,1,NONE,[],"{'CAMERA_1': [], 'CAMERA_2': [], 'CAMERA_3': []}",C_ENTERS,DOOR,NONE,,WAITING,NONE,S_NONE,SERVICE_COUNTER,NONE,,WAITING,NONE,
446,2,NONE,[],"{'CAMERA_1': [], 'CAMERA_2': [], 'CAMERA_3': []}",C_WALKS_TO_CAMERA,CAMERA_2,NONE,,WAITING,NONE,S_GREETS,CAMERA_2,NONE,can I help you?,FACE_TO_FACE,NONE,
446,3,CAMERA_3,['CAMERA_3'],"{'CAMERA_1': [], 'CAMERA_2': [], 'CAMERA_3': []}",C_LOOKING_FOR_A_CAMERA,CAMERA_2,NONE,I'm looking for a good camera which I can use to take photographs,FACE_TO_FACE,NONE,S_INTRODUCES_CAMERA,CAMERA_3,,Let me show you this. Here we have the Fujifilm PowerShot ELPH S2800.,PRESENT_X,CAMERA_3,39~68
446,4,CAMERA_3,['CAMERA_3'],"{'CAMERA_1': [], 'CAMERA_2': [], 'CAMERA_3': ['long_exposure']}",C_SILENT_OR_BACKCHANNEL,CAMERA_3,NONE,good,PRESENT_X,CAMERA_3,S_INTRODUCES_FEATURE,CAMERA_3,long_exposure,This one can take long exposures up to 30 minutes max with bulb mode.,PRESENT_X,CAMERA_3,39~68
446,5,CAMERA_3,['CAMERA_3'],"{'CAMERA_1': [], 'CAMERA_2': [], 'CAMERA_3': ['long_exposure', 'settings']}",C_SILENT_OR_BACKCHANNEL,CAMERA_3,NONE,ok,PRESENT_X,CAMERA_3,S_INTRODUCES_FEATURE,CAMERA_3,settings,"This one has manual control and various automatic settings (video modeburst shooting, etc.).",PRESENT_X,CAMERA_3,13~91
446,6,CAMERA_1,"['CAMERA_3', 'CAMERA_1']","{'CAMERA_1': [], 'CAMERA_2': [], 'CAMERA_3': ['long_exposure', 'settings']}",C_ANYTHING_ELSE_AVAILABLE,CAMERA_3,NONE,ok do you have any other cameras,PRESENT_X,CAMERA_3,S_INTRODUCES_CAMERA,CAMERA_1,,Let me show you this. Here we have the Sony PowerShot ELPH DMC-ZS3.,PRESENT_X,CAMERA_1,39~66
446,7,CAMERA_1,"['CAMERA_3', 'CAMERA_1']","{'CAMERA_1': ['weight'], 'CAMERA_2': [], 'CAMERA_3': ['long_exposure', 'settings']}",C_SILENT_OR_BACKCHANNEL,CAMERA_1,NONE,let me see,PRESENT_X,CAMERA_1,S_INTRODUCES_FEATURE,CAMERA_1,weight,This one weighs 800 grams.,PRESENT_X,CAMERA_1,16~25
446,8,CAMERA_2,"['CAMERA_3', 'CAMERA_1', 'CAMERA_2']","{'CAMERA_1': ['weight'], 'CAMERA_2': [], 'CAMERA_3': ['long_exposure', 'settings']}",C_ANYTHING_ELSE_AVAILABLE,CAMERA_1,NONE,that's good that's okay I like it when do you have other models in this area,PRESENT_X,CAMERA_1,S_INTRODUCES_CAMERA,CAMERA_2,,Let me show you this. Here we have the Fujifilm Lumix ILC Camera.,PRESENT_X,CAMERA_2,39~64
446,9,CAMERA_2,"['CAMERA_3', 'CAMERA_1', 'CAMERA_2']","{'CAMERA_1': ['weight'], 'CAMERA_2': ['optical_zoom'], 'CAMERA_3': ['long_exposure', 'settings']}",C_QUESTION_ABOUT_FEATURE,CAMERA_2,optical_zoom,okay and if I have an optical zoom,PRESENT_X,CAMERA_2,S_ANSWERS_QUESTION_ABOUT_FEATURE,CAMERA_2,optical_zoom,This one has 21x optical zoom.,PRESENT_X,CAMERA_2,13~29
446,10,CAMERA_2,"['CAMERA_3', 'CAMERA_1', 'CAMERA_2']","{'CAMERA_1': ['weight'], 'CAMERA_2': ['optical_zoom', 'resolution'], 'CAMERA_3': ['long_exposure', 'settings']}",C_QUESTION_ABOUT_FEATURE,CAMERA_2,resolution,what about the megapixels camera,PRESENT_X,CAMERA_2,S_ANSWERS_QUESTION_ABOUT_FEATURE,CAMERA_2,resolution,This one has 23.8 megapixels resolution.,PRESENT_X,CAMERA_2,13~28
446,11,CAMERA_2,"['CAMERA_3', 'CAMERA_1', 'CAMERA_2']","{'CAMERA_1': ['weight'], 'CAMERA_2': ['optical_zoom', 'resolution', 'camera_type'], 'CAMERA_3': ['long_exposure', 'settings']}",C_SILENT_OR_BACKCHANNEL,CAMERA_2,NONE,the result does look good,PRESENT_X,CAMERA_2,S_INTRODUCES_FEATURE,CAMERA_2,camera_type,This is a digital single lens mirrorless camera.,PRESENT_X,CAMERA_2,10~40
446,12,NONE,"['CAMERA_3', 'CAMERA_1', 'CAMERA_2']","{'CAMERA_1': ['weight'], 'CAMERA_2': ['optical_zoom', 'resolution', 'camera_type'], 'CAMERA_3': ['long_exposure', 'settings']}",C_THANK_YOU,CAMERA_2,NONE,thank you,PRESENT_X,CAMERA_2,S_THANK_YOU,CAMERA_2,NONE,thank you very much.,FACE_TO_FACE,NONE,
446,13,NONE,"['CAMERA_3', 'CAMERA_1', 'CAMERA_2']","{'CAMERA_1': ['weight'], 'CAMERA_2': ['optical_zoom', 'resolution', 'camera_type'], 'CAMERA_3': ['long_exposure', 'settings']}",C_LEAVES,DOOR,NONE,,FACE_TO_FACE,NONE,S_RETURNS_TO_COUNTER,SERVICE_COUNTER,NONE,,WAITING,NONE,
447,1,NONE,[],"{'CAMERA_1': [], 'CAMERA_2': [], 'CAMERA_3': []}",C_ENTERS,DOOR,NONE,,WAITING,NONE,S_NONE,SERVICE_COUNTER,NONE,,WAITING,NONE,
447,2,NONE,[],"{'CAMERA_1': [], 'CAMERA_2': [], 'CAMERA_3': []}",C_GREETS,MIDDLE,NONE,hi good afternoon,WAITING,NONE,S_GREETS,MIDDLE,NONE,can I help you?,FACE_TO_FACE,NONE,
447,3,CAMERA_3,['CAMERA_3'],"{'CAMERA_1': [], 'CAMERA_2': [], 'CAMERA_3': []}",C_LOOKING_FOR_A_CAMERA,MIDDLE,NONE,I'm looking for camera so I can take good shots on when I go travelling I miss you very interested in photography so do you recommend this camera,FACE_TO_FACE,NONE,S_INTRODUCES_CAMERA,CAMERA_3,,Let me show you this. Here we have the Fujifilm PowerShot ELPH S2800.,PRESENT_X,CAMERA_3,39~68
447,4,CAMERA_3,['CAMERA_3'],"{'CAMERA_1': [], 'CAMERA_2': [], 'CAMERA_3': ['autofocus_points']}",C_QUESTION_ABOUT_FEATURE,CAMERA_3,autofocus_points,how many ordered Focus points to the previous camera have,PRESENT_X,CAMERA_3,S_ANSWERS_QUESTION_ABOUT_FEATURE,CAMERA_3,autofocus_points,This one has 214 autofocus points.,PRESENT_X,CAMERA_3,13~33
447,5,CAMERA_3,['CAMERA_3'],"{'CAMERA_1': [], 'CAMERA_2': [], 'CAMERA_3': ['autofocus_points', 'optical_zoom']}",C_QUESTION_ABOUT_FEATURE,CAMERA_3,optical_zoom,how about the optical zoom,PRESENT_X,CAMERA_3,S_NOT_SURE,CAMERA_3,,I'm not really sure about that.,PRESENT_X,CAMERA_3,
447,6,CAMERA_3,['CAMERA_3'],"{'CAMERA_1': [], 'CAMERA_2': [], 'CAMERA_3': ['autofocus_points', 'optical_zoom', 'settings']}",C_QUESTION_ABOUT_FEATURE,CAMERA_3,settings,what about the manual settings can I adjust it,PRESENT_X,CAMERA_3,S_ANSWERS_QUESTION_ABOUT_FEATURE,CAMERA_3,settings,"This one has manual control and various automatic settings (video modeburst shooting, etc.).",PRESENT_X,CAMERA_3,13~91
447,7,CAMERA_3,['CAMERA_3'],"{'CAMERA_1': [], 'CAMERA_2': [], 'CAMERA_3': ['autofocus_points', 'optical_zoom', 'settings', 'effects']}",C_SILENT_OR_BACKCHANNEL,CAMERA_3,NONE,ok let's see,PRESENT_X,CAMERA_3,S_INTRODUCES_FEATURE,CAMERA_3,effects,"This one has 21 photo effects (small face, retro, big eyes, etc.).",PRESENT_X,CAMERA_3,13~65
447,8,CAMERA_3,['CAMERA_3'],"{'CAMERA_1': [], 'CAMERA_2': [], 'CAMERA_3': ['autofocus_points', 'optical_zoom', 'settings', 'effects', 'long_exposure']}",C_SILENT_OR_BACKCHANNEL,CAMERA_3,NONE,IC,PRESENT_X,CAMERA_3,S_INTRODUCES_FEATURE,CAMERA_3,long_exposure,This one can take long exposures up to 30 minutes max with bulb mode.,PRESENT_X,CAMERA_3,39~68
447,9,CAMERA_3,['CAMERA_3'],"{'CAMERA_1': [], 'CAMERA_2': [], 'CAMERA_3': ['autofocus_points', 'optical_zoom', 'settings', 'effects', 'long_exposure', 'color']}",C_QUESTION_ABOUT_FEATURE,CAMERA_3,color,does it come in any other colors,PRESENT_X,CAMERA_3,S_ANSWERS_QUESTION_ABOUT_FEATURE,CAMERA_3,color,"This one comes in purple, white, silver, blue, red, or pink.",PRESENT_X,CAMERA_3,18~59
447,10,CAMERA_3,['CAMERA_3'],"{'CAMERA_1': [], 'CAMERA_2': [], 'CAMERA_3': ['autofocus_points', 'optical_zoom', 'settings', 'effects', 'long_exposure', 'color', 'resolution']}",C_QUESTION_ABOUT_FEATURE,CAMERA_3,resolution,its so so but the resolution is not good I'm looking for something with better megapixels,PRESENT_X,CAMERA_3,S_ANSWERS_QUESTION_ABOUT_FEATURE,CAMERA_3,resolution,This one has 23.2 megapixels resolution.,PRESENT_X,CAMERA_3,13~28
447,11,CAMERA_3,['CAMERA_3'],"{'CAMERA_1': [], 'CAMERA_2': [], 'CAMERA_3': ['autofocus_points', 'optical_zoom', 'settings', 'effects', 'long_exposure', 'color', 'resolution', 'price']}",C_QUESTION_ABOUT_FEATURE,CAMERA_3,price,how much is this camera,PRESENT_X,CAMERA_3,S_ANSWERS_QUESTION_ABOUT_FEATURE,CAMERA_3,price,This one costs $518.,PRESENT_X,CAMERA_3,15~19
447,12,CAMERA_3,['CAMERA_3'],"{'CAMERA_1': [], 'CAMERA_2': [], 'CAMERA_3': ['autofocus_points', 'optical_zoom', 'settings', 'effects', 'long_exposure', 'color', 'resolution', 'price', 'camera_type']}",C_QUESTION_ABOUT_FEATURE,CAMERA_3,camera_type,Is this a mirrorless camera?,PRESENT_X,CAMERA_3,S_ANSWERS_QUESTION_ABOUT_FEATURE,CAMERA_3,camera_type,This is a point and shoot camera.,PRESENT_X,CAMERA_3,10~25
447,13,CAMERA_3,['CAMERA_3'],"{'CAMERA_1': [], 'CAMERA_2': [], 'CAMERA_3': ['autofocus_points', 'optical_zoom', 'settings', 'effects', 'long_exposure', 'color', 'resolution', 'price', 'camera_type', 'weight']}",C_QUESTION_ABOUT_FEATURE,CAMERA_3,weight,um yeah I used to go on forever but I don't want it anymore I want to latest model,PRESENT_X,CAMERA_3,S_ANSWERS_QUESTION_ABOUT_FEATURE,CAMERA_3,weight,This one weighs 820 grams.,PRESENT_X,CAMERA_3,16~25
447,14,CAMERA_1,"['CAMERA_3', 'CAMERA_1']","{'CAMERA_1': [], 'CAMERA_2': [], 'CAMERA_3': ['autofocus_points', 'optical_zoom', 'settings', 'effects', 'long_exposure', 'color', 'resolution', 'price', 'camera_type', 'weight']}",C_ANYTHING_ELSE_AVAILABLE,CAMERA_3,NONE,do you have any other cameras that are in this kind,PRESENT_X,CAMERA_3,S_INTRODUCES_CAMERA,CAMERA_1,,Let me show you this. Here we have the Sony PowerShot ELPH DMC-ZS3.,PRESENT_X,CAMERA_1,39~66
447,15,CAMERA_1,"['CAMERA_3', 'CAMERA_1']","{'CAMERA_1': ['color'], 'CAMERA_2': [], 'CAMERA_3': ['autofocus_points', 'optical_zoom', 'settings', 'effects', 'long_exposure', 'color', 'resolution', 'price', 'camera_type', 'weight']}",C_SILENT_OR_BACKCHANNEL,CAMERA_1,NONE,huh,PRESENT_X,CAMERA_1,S_INTRODUCES_FEATURE,CAMERA_1,color,This one comes in blue or black.,PRESENT_X,CAMERA_1,18~31
447,16,NONE,"['CAMERA_3', 'CAMERA_1']","{'CAMERA_1': ['color'], 'CAMERA_2': [], 'CAMERA_3': ['autofocus_points', 'optical_zoom', 'settings', 'effects', 'long_exposure', 'color', 'resolution', 'price', 'camera_type', 'weight']}",C_THANK_YOU,CAMERA_1,NONE,thank you very much for your time I'll see you again hopefully,PRESENT_X,CAMERA_1,S_THANK_YOU,CAMERA_1,NONE,thank you very much.,FACE_TO_FACE,NONE,
447,17,NONE,"['CAMERA_3', 'CAMERA_1']","{'CAMERA_1': ['color'], 'CAMERA_2': [], 'CAMERA_3': ['autofocus_points', 'optical_zoom', 'settings', 'effects', 'long_exposure', 'color', 'resolution', 'price', 'camera_type', 'weight']}",C_LEAVES,DOOR,NONE,,FACE_TO_FACE,NONE,S_RETURNS_TO_COUNTER,SERVICE_COUNTER,NONE,,WAITING,NONE,
448,1,NONE,[],"{'CAMERA_1': [], 'CAMERA_2': [], 'CAMERA_3': []}",C_ENTERS,DOOR,NONE,,WAITING,NONE,S_NONE,SERVICE_COUNTER,NONE,,WAITING,NONE,
448,2,NONE,[],"{'CAMERA_1': [], 'CAMERA_2': [], 'CAMERA_3': []}",C_WALKS_TO_CAMERA,CAMERA_3,NONE,,WAITING,NONE,S_GREETS,CAMERA_3,NONE,can I help you?,FACE_TO_FACE,NONE,
448,3,CAMERA_1,['CAMERA_1'],"{'CAMERA_1': [], 'CAMERA_2': [], 'CAMERA_3': []}",C_LOOKING_FOR_A_CAMERA,CAMERA_3,NONE,I'm looking for a good camera,FACE_TO_FACE,NONE,S_INTRODUCES_CAMERA,CAMERA_1,,Let me show you this. Here we have the Sony PowerShot ELPH DMC-ZS3.,PRESENT_X,CAMERA_1,39~66
448,4,CAMERA_1,['CAMERA_1'],"{'CAMERA_1': ['weight'], 'CAMERA_2': [], 'CAMERA_3': []}",C_QUESTION_ABOUT_FEATURE,CAMERA_1,weight,okay and what about the weight,PRESENT_X,CAMERA_1,S_ANSWERS_QUESTION_ABOUT_FEATURE,CAMERA_1,weight,This one weighs 800 grams.,PRESENT_X,CAMERA_1,16~25
448,5,CAMERA_1,['CAMERA_1'],"{'CAMERA_1': ['weight', 'color'], 'CAMERA_2': [], 'CAMERA_3': []}",C_QUESTION_ABOUT_FEATURE,CAMERA_1,color,how about the colors and what color does it come in,PRESENT_X,CAMERA_1,S_ANSWERS_QUESTION_ABOUT_FEATURE,CAMERA_1,color,This one comes in blue or black.,PRESENT_X,CAMERA_1,18~31
448,6,CAMERA_1,['CAMERA_1'],"{'CAMERA_1': ['weight', 'color', 'ISO'], 'CAMERA_2': [], 'CAMERA_3': []}",C_SILENT_OR_BACKCHANNEL,CAMERA_1,NONE,ok,PRESENT_X,CAMERA_1,S_INTRODUCES_FEATURE,CAMERA_1,ISO,This one has up to 51200 ISO.,PRESENT_X,CAMERA_1,13~28
448,7,CAMERA_1,['CAMERA_1'],"{'CAMERA_1': ['weight', 'color', 'ISO', 'effects'], 'CAMERA_2': [], 'CAMERA_3': []}",C_QUESTION_ABOUT_FEATURE,CAMERA_1,effects,can you explain the artistic effects modes available with this one,PRESENT_X,CAMERA_1,S_ANSWERS_QUESTION_ABOUT_FEATURE,CAMERA_1,effects,"This one has 24 glamor retouch effects (miniature, retro, toy camera, etc.).",PRESENT_X,CAMERA_1,13~75
448,8,CAMERA_1,['CAMERA_1'],"{'CAMERA_1': ['weight', 'color', 'ISO', 'effects', 'sensor_size'], 'CAMERA_2': [], 'CAMERA_3': []}",C_SILENT_OR_BACKCHANNEL,CAMERA_1,NONE,it seems like a pretty good camera,PRESENT_X,CAMERA_1,S_INTRODUCES_FEATURE,CAMERA_1,sensor_size,This one has a 1/2.3 inch CMOS sensor.,PRESENT_X,CAMERA_1,15~37
448,9,CAMERA_2,"['CAMERA_1', 'CAMERA_2']","{'CAMERA_1': ['weight', 'color', 'ISO', 'effects', 'sensor_size'], 'CAMERA_2': [], 'CAMERA_3': []}",C_ANYTHING_ELSE_AVAILABLE,CAMERA_1,NONE,do you have any other cameras like this,PRESENT_X,CAMERA_1,S_INTRODUCES_CAMERA,CAMERA_2,,Let me show you this. Here we have the Fujifilm Lumix ILC Camera.,PRESENT_X,CAMERA_2,39~64
448,10,CAMERA_2,"['CAMERA_1', 'CAMERA_2']","{'CAMERA_1': ['weight', 'color', 'ISO', 'effects', 'sensor_size'], 'CAMERA_2': ['color'], 'CAMERA_3': []}",C_QUESTION_ABOUT_FEATURE,CAMERA_2,color,what colors does it come in,PRESENT_X,CAMERA_2,S_ANSWERS_QUESTION_ABOUT_FEATURE,CAMERA_2,color,This one comes in white or pink.,PRESENT_X,CAMERA_2,18~31
448,11,CAMERA_2,"['CAMERA_1', 'CAMERA_2']","{'CAMERA_1': ['weight', 'color', 'ISO', 'effects', 'sensor_size'], 'CAMERA_2': ['color', 'weight'], 'CAMERA_3': []}",C_QUESTION_ABOUT_FEATURE,CAMERA_2,weight,is it heavy though,PRESENT_X,CAMERA_2,S_ANSWERS_QUESTION_ABOUT_FEATURE,CAMERA_2,weight,This one weighs 820 grams.,PRESENT_X,CAMERA_2,16~25
448,12,NONE,"['CAMERA_1', 'CAMERA_2']","{'CAMERA_1': ['weight', 'color', 'ISO', 'effects', 'sensor_size'], 'CAMERA_2': ['color', 'weight'], 'CAMERA_3': []}",C_THANK_YOU,CAMERA_2,NONE,no thank you for your help thank you have a good day,PRESENT_X,CAMERA_2,S_THANK_YOU,CAMERA_2,NONE,thank you very much.,FACE_TO_FACE,NONE,
448,13,NONE,"['CAMERA_1', 'CAMERA_2']","{'CAMERA_1': ['weight', 'color', 'ISO', 'effects', 'sensor_size'], 'CAMERA_2': ['color', 'weight'], 'CAMERA_3': []}",C_LEAVES,DOOR,NONE,,FACE_TO_FACE,NONE,S_RETURNS_TO_COUNTER,SERVICE_COUNTER,NONE,,WAITING,NONE,
449,1,NONE,[],"{'CAMERA_1': [], 'CAMERA_2': [], 'CAMERA_3': []}",C_ENTERS,DOOR,NONE,,WAITING,NONE,S_NONE,SERVICE_COUNTER,NONE,,WAITING,NONE,
449,2,NONE,[],"{'CAMERA_1': [], 'CAMERA_2': [], 'CAMERA_3': []}",C_GREETS,MIDDLE,NONE,use me,WAITING,NONE,S_GREETS,MIDDLE,NONE,can I help you?,FACE_TO_FACE,NONE,
449,3,CAMERA_3,['CAMERA_3'],"{'CAMERA_1': [], 'CAMERA_2': [], 'CAMERA_3': []}",C_LOOKING_FOR_A_CAMERA,MIDDLE,NONE,hi good afternoon I'm looking for a camera for my son just graduated from school and I would like to buy him a new camera,FACE_TO_FACE,NONE,S_INTRODUCES_CAMERA,CAMERA_3,,Let me show you this. Here we have the Fujifilm PowerShot ELPH S2800.,PRESENT_X,CAMERA_3,39~68
449,4,CAMERA_3,['CAMERA_3'],"{'CAMERA_1': [], 'CAMERA_2': [], 'CAMERA_3': ['ISO']}",C_QUESTION_ABOUT_FEATURE,CAMERA_3,ISO,ok what about the ISO as well,PRESENT_X,CAMERA_3,S_ANSWERS_QUESTION_ABOUT_FEATURE,CAMERA_3,ISO,This one has up to 3200 ISO with little noise.,PRESENT_X,CAMERA_3,13~45
449,5,CAMERA_3,['CAMERA_3'],"{'CAMERA_1': [], 'CAMERA_2': [], 'CAMERA_3': ['ISO', 'autofocus_points']}",C_SILENT_OR_BACKCHANNEL,CAMERA_3,NONE,nice what's the pricing on it,PRESENT_X,CAMERA_3,S_INTRODUCES_FEATURE,CAMERA_3,autofocus_points,This one has 214 autofocus points.,PRESENT_X,CAMERA_3,13~33
449,6,CAMERA_3,['CAMERA_3'],"{'CAMERA_1': [], 'CAMERA_2': [], 'CAMERA_3': ['ISO', 'autofocus_points', 'resolution']}",C_QUESTION_ABOUT_FEATURE,CAMERA_3,resolution,Honda how many mega pixels on the screen,PRESENT_X,CAMERA_3,S_ANSWERS_QUESTION_ABOUT_FEATURE,CAMERA_3,resolution,This one has 23.2 megapixels resolution.,PRESENT_X,CAMERA_3,13~28
449,7,CAMERA_3,['CAMERA_3'],"{'CAMERA_1': [], 'CAMERA_2': [], 'CAMERA_3': ['ISO', 'autofocus_points', 'resolution', 'color']}",C_QUESTION_ABOUT_FEATURE,CAMERA_3,color,I want to know what kind of colors do you have for this camera,PRESENT_X,CAMERA_3,S_ANSWERS_QUESTION_ABOUT_FEATURE,CAMERA_3,color,"This one comes in purple, white, silver, blue, red, or pink.",PRESENT_X,CAMERA_3,18~59
449,8,CAMERA_3,['CAMERA_3'],"{'CAMERA_1': [], 'CAMERA_2': [], 'CAMERA_3': ['ISO', 'autofocus_points', 'resolution', 'color', 'sensor_size']}",C_SILENT_OR_BACKCHANNEL,CAMERA_3,NONE,ok ok,PRESENT_X,CAMERA_3,S_INTRODUCES_FEATURE,CAMERA_3,sensor_size,This one has a full frame.,PRESENT_X,CAMERA_3,15~25
449,9,CAMERA_3,['CAMERA_3'],"{'CAMERA_1': [], 'CAMERA_2': [], 'CAMERA_3': ['ISO', 'autofocus_points', 'resolution', 'color', 'sensor_size', 'camera_type']}",C_SILENT_OR_BACKCHANNEL,CAMERA_3,NONE,huh,PRESENT_X,CAMERA_3,S_INTRODUCES_FEATURE,CAMERA_3,camera_type,This is a point and shoot camera.,PRESENT_X,CAMERA_3,10~25
449,10,CAMERA_3,['CAMERA_3'],"{'CAMERA_1': [], 'CAMERA_2': [], 'CAMERA_3': ['ISO', 'autofocus_points', 'resolution', 'color', 'sensor_size', 'camera_type', 'price']}",C_QUESTION_ABOUT_FEATURE,CAMERA_3,price,and what is the price on this,PRESENT_X,CAMERA_3,S_ANSWERS_QUESTION_ABOUT_FEATURE,CAMERA_3,price,This one costs $518.,PRESENT_X,CAMERA_3,15~19
449,11,CAMERA_3,['CAMERA_3'],"{'CAMERA_1': [], 'CAMERA_2': [], 'CAMERA_3': ['ISO', 'autofocus_points', 'resolution', 'color', 'sensor_size', 'camera_type', 'price', 'preset_modes']}",C_QUESTION_ABOUT_FEATURE,CAMERA_3,preset_modes,Is this camera support for basic mode,PRESENT_X,CAMERA_3,S_ANSWERS_QUESTION_ABOUT_FEATURE,CAMERA_3,preset_modes,This one has various preset modes.,PRESENT_X,CAMERA_3,13~33
449,12,CAMERA_3,['CAMERA_3'],"{'CAMERA_1': [], 'CAMERA_2': [], 'CAMERA_3': ['ISO', 'autofocus_points', 'resolution', 'color', 'sensor_size', 'camera_type', 'price', 'preset_modes', 'weight']}",C_SILENT_OR_BACKCHANNEL,CAMERA_3,NONE,okay that sounds good too,PRESENT_X,CAMERA_3,S_INTRODUCES_FEATURE,CAMERA_3,weight,This one weighs 820 grams.,PRESENT_X,CAMERA_3,16~25
449,13,CAMERA_3,['CAMERA_3'],"{'CAMERA_1': [], 'CAMERA_2': [], 'CAMERA_3': ['ISO', 'autofocus_points', 'resolution', 'color', 'sensor_size', 'camera_type', 'price', 'preset_modes', 'weight', 'effects']}",C_SILENT_OR_BACKCHANNEL,CAMERA_3,NONE,okay,PRESENT_X,CAMERA_3,S_INTRODUCES_FEATURE,CAMERA_3,effects,"This one has 21 photo effects (small face, retro, big eyes, etc.).",PRESENT_X,CAMERA_3,13~65
449,14,CAMERA_3,['CAMERA_3'],"{'CAMERA_1': [], 'CAMERA_2': [], 'CAMERA_3': ['ISO', 'autofocus_points', 'resolution', 'color', 'sensor_size', 'camera_type', 'price', 'preset_modes', 'weight', 'effects', 'long_exposure']}",C_SILENT_OR_BACKCHANNEL,CAMERA_3,NONE,okay,PRESENT_X,CAMERA_3,S_INTRODUCES_FEATURE,CAMERA_3,long_exposure,This one can take long exposures up to 30 minutes max with bulb mode.,PRESENT_X,CAMERA_3,39~68
449,15,CAMERA_3,['CAMERA_3'],"{'CAMERA_1': [], 'CAMERA_2': [], 'CAMERA_3': ['ISO', 'autofocus_points', 'resolution', 'color', 'sensor_size', 'camera_type', 'price', 'preset_modes', 'weight', 'effects', 'long_exposure', 'settings']}",C_QUESTION_ABOUT_FEATURE,CAMERA_3,settings,I mainly shoot in manual mode is that capable,PRESENT_X,CAMERA_3,S_ANSWERS_QUESTION_ABOUT_FEATURE,CAMERA_3,settings,"This one has manual control and various automatic settings (video modeburst shooting, etc.).",PRESENT_X,CAMERA_3,13~91
449,16,CAMERA_3,['CAMERA_3'],"{'CAMERA_1': [], 'CAMERA_2': [], 'CAMERA_3': ['ISO', 'autofocus_points', 'resolution', 'color', 'sensor_size', 'camera_type', 'price', 'preset_modes', 'weight', 'effects', 'long_exposure', 'settings', 'weight']}",C_SILENT_OR_BACKCHANNEL,CAMERA_3,NONE,that sounds good,PRESENT_X,CAMERA_3,S_INTRODUCES_FEATURE,CAMERA_3,weight,This one weighs 820 grams.,PRESENT_X,CAMERA_3,16~25
449,17,CAMERA_3,['CAMERA_3'],"{'CAMERA_1': [], 'CAMERA_2': [], 'CAMERA_3': ['ISO', 'autofocus_points', 'resolution', 'color', 'sensor_size', 'camera_type', 'price', 'preset_modes', 'weight', 'effects', 'long_exposure', 'settings', 'weight', 'optical_zoom']}",C_QUESTION_ABOUT_FEATURE,CAMERA_3,optical_zoom,can I lick a zoom in,PRESENT_X,CAMERA_3,S_NOT_SURE,CAMERA_3,,I'm not really sure about that.,PRESENT_X,CAMERA_3,
449,18,CAMERA_3,['CAMERA_3'],"{'CAMERA_1': [], 'CAMERA_2': [], 'CAMERA_3': ['ISO', 'autofocus_points', 'resolution', 'color', 'sensor_size', 'camera_type', 'price', 'preset_modes', 'weight', 'effects', 'long_exposure', 'settings', 'weight', 'optical_zoom', 'price']}",C_SILENT_OR_BACKCHANNEL,CAMERA_3,NONE,that's not bad,PRESENT_X,CAMERA_3,S_INTRODUCES_FEATURE,CAMERA_3,price,This one costs $518.,PRESENT_X,CAMERA_3,15~19
449,19,CAMERA_3,['CAMERA_3'],"{'CAMERA_1': [], 'CAMERA_2': [], 'CAMERA_3': ['ISO', 'autofocus_points', 'resolution', 'color', 'sensor_size', 'camera_type', 'price', 'preset_modes', 'weight', 'effects', 'long_exposure', 'settings', 'weight', 'optical_zoom', 'price', 'camera_type']}",C_SILENT_OR_BACKCHANNEL,CAMERA_3,NONE,I guess it's a pretty good camera then,PRESENT_X,CAMERA_3,S_INTRODUCES_FEATURE,CAMERA_3,camera_type,This is a point and shoot camera.,PRESENT_X,CAMERA_3,10~25
449,20,CAMERA_3,['CAMERA_3'],"{'CAMERA_1': [], 'CAMERA_2': [], 'CAMERA_3': ['ISO', 'autofocus_points', 'resolution', 'color', 'sensor_size', 'camera_type', 'price', 'preset_modes', 'weight', 'effects', 'long_exposure', 'settings', 'weight', 'optical_zoom', 'price', 'camera_type', 'ISO']}",C_SILENT_OR_BACKCHANNEL,CAMERA_3,NONE,ok let's see,PRESENT_X,CAMERA_3,S_INTRODUCES_FEATURE,CAMERA_3,ISO,This one has up to 3200 ISO with little noise.,PRESENT_X,CAMERA_3,13~45
449,21,CAMERA_1,"['CAMERA_3', 'CAMERA_1']","{'CAMERA_1': [], 'CAMERA_2': [], 'CAMERA_3': ['ISO', 'autofocus_points', 'resolution', 'color', 'sensor_size', 'camera_type', 'price', 'preset_modes', 'weight', 'effects', 'long_exposure', 'settings', 'weight', 'optical_zoom', 'price', 'camera_type', 'ISO']}",C_ANYTHING_ELSE_AVAILABLE,CAMERA_3,NONE,that's good that's okay I like it when do you have other models in this area,PRESENT_X,CAMERA_3,S_INTRODUCES_CAMERA,CAMERA_1,,Let me show you this. Here we have the Sony PowerShot ELPH DMC-ZS3.,PRESENT_X,CAMERA_1,39~66
449,22,CAMERA_1,"['CAMERA_3', 'CAMERA_1']","{'CAMERA_1': ['resolution'], 'CAMERA_2': [], 'CAMERA_3': ['ISO', 'autofocus_points', 'resolution', 'color', 'sensor_size', 'camera_type', 'price', 'preset_modes', 'weight', 'effects', 'long_exposure', 'settings', 'weight', 'optical_zoom', 'price', 'camera_type', 'ISO']}",C_QUESTION_ABOUT_FEATURE,CAMERA_1,resolution,how many megapixels is it,PRESENT_X,CAMERA_1,S_ANSWERS_QUESTION_ABOUT_FEATURE,CAMERA_1,resolution,This one has 17.8 megapixels resolution.,PRESENT_X,CAMERA_1,13~28
449,23,CAMERA_1,"['CAMERA_3', 'CAMERA_1']","{'CAMERA_1': ['resolution', 'autofocus_points'], 'CAMERA_2': [], 'CAMERA_3': ['ISO', 'autofocus_points', 'resolution', 'color', 'sensor_size', 'camera_type', 'price', 'preset_modes', 'weight', 'effects', 'long_exposure', 'settings', 'weight', 'optical_zoom', 'price', 'camera_type', 'ISO']}",C_SILENT_OR_BACKCHANNEL,CAMERA_1,NONE,yeah that's right this is very nice,PRESENT_X,CAMERA_1,S_INTRODUCES_FEATURE,CAMERA_1,autofocus_points,This one has 135 autofocus points.,PRESENT_X,CAMERA_1,13~33
449,24,CAMERA_1,"['CAMERA_3', 'CAMERA_1']","{'CAMERA_1': ['resolution', 'autofocus_points', 'sensor_size'], 'CAMERA_2': [], 'CAMERA_3': ['ISO', 'autofocus_points', 'resolution', 'color', 'sensor_size', 'camera_type', 'price', 'preset_modes', 'weight', 'effects', 'long_exposure', 'settings', 'weight', 'optical_zoom', 'price', 'camera_type', 'ISO']}",C_QUESTION_ABOUT_FEATURE,CAMERA_1,sensor_size,and how big is it,PRESENT_X,CAMERA_1,S_ANSWERS_QUESTION_ABOUT_FEATURE,CAMERA_1,sensor_size,This one has a 1/2.3 inch CMOS sensor.,PRESENT_X,CAMERA_1,15~37
449,25,CAMERA_2,"['CAMERA_3', 'CAMERA_1', 'CAMERA_2']","{'CAMERA_1': ['resolution', 'autofocus_points', 'sensor_size'], 'CAMERA_2': [], 'CAMERA_3': ['ISO', 'autofocus_points', 'resolution', 'color', 'sensor_size', 'camera_type', 'price', 'preset_modes', 'weight', 'effects', 'long_exposure', 'settings', 'weight', 'optical_zoom', 'price', 'camera_type', 'ISO']}",C_ANYTHING_ELSE_AVAILABLE,CAMERA_1,NONE,Do you have any other cameras under $300,PRESENT_X,CAMERA_1,S_INTRODUCES_CAMERA,CAMERA_2,,Let me show you this. Here we have the Fujifilm Lumix ILC Camera.,PRESENT_X,CAMERA_2,39~64
449,26,CAMERA_2,"['CAMERA_3', 'CAMERA_1', 'CAMERA_2']","{'CAMERA_1': ['resolution', 'autofocus_points', 'sensor_size'], 'CAMERA_2': ['color'], 'CAMERA_3': ['ISO', 'autofocus_points', 'resolution', 'color', 'sensor_size', 'camera_type', 'price', 'preset_modes', 'weight', 'effects', 'long_exposure', 'settings', 'weight', 'optical_zoom', 'price', 'camera_type', 'ISO']}",C_QUESTION_ABOUT_FEATURE,CAMERA_2,color,do you like a rock in camera silver isn't very hard to fulfil do you have any other colors,PRESENT_X,CAMERA_2,S_ANSWERS_QUESTION_ABOUT_FEATURE,CAMERA_2,color,This one comes in white or pink.,PRESENT_X,CAMERA_2,18~31
449,27,CAMERA_2,"['CAMERA_3', 'CAMERA_1', 'CAMERA_2']","{'CAMERA_1': ['resolution', 'autofocus_points', 'sensor_size'], 'CAMERA_2': ['color', 'preset_modes'], 'CAMERA_3': ['ISO', 'autofocus_points', 'resolution', 'color', 'sensor_size', 'camera_type', 'price', 'preset_modes', 'weight', 'effects', 'long_exposure', 'settings', 'weight', 'optical_zoom', 'price', 'camera_type', 'ISO']}",C_QUESTION_ABOUT_FEATURE,CAMERA_2,preset_modes,does it have any preset modes,PRESENT_X,CAMERA_2,S_NOT_SURE,CAMERA_2,,I'm not really sure about that.,PRESENT_X,CAMERA_2,
449,28,CAMERA_2,"['CAMERA_3', 'CAMERA_1', 'CAMERA_2']","{'CAMERA_1': ['resolution', 'autofocus_points', 'sensor_size'], 'CAMERA_2': ['color', 'preset_modes', 'sensor_size'], 'CAMERA_3': ['ISO', 'autofocus_points', 'resolution', 'color', 'sensor_size', 'camera_type', 'price', 'preset_modes', 'weight', 'effects', 'long_exposure', 'settings', 'weight', 'optical_zoom', 'price', 'camera_type', 'ISO']}",C_QUESTION_ABOUT_FEATURE,CAMERA_2,sensor_size,and how big is the sensor,PRESENT_X,CAMERA_2,S_ANSWERS_QUESTION_ABOUT_FEATURE,CAMERA_2,sensor_size,This one has a 1/2.33 inch sensor.,PRESENT_X,CAMERA_2,15~33
449,29,CAMERA_2,"['CAMERA_3', 'CAMERA_1', 'CAMERA_2']","{'CAMERA_1': ['resolution', 'autofocus_points', 'sensor_size'], 'CAMERA_2': ['color', 'preset_modes', 'sensor_size', 'camera_type'], 'CAMERA_3': ['ISO', 'autofocus_points', 'resolution', 'color', 'sensor_size', 'camera_type', 'price', 'preset_modes', 'weight', 'effects', 'long_exposure', 'settings', 'weight', 'optical_zoom', 'price', 'camera_type', 'ISO']}",C_SILENT_OR_BACKCHANNEL,CAMERA_2,NONE,that sounds good,PRESENT_X,CAMERA_2,S_INTRODUCES_FEATURE,CAMERA_2,camera_type,This is a digital single lens mirrorless camera.,PRESENT_X,CAMERA_2,10~40
449,30,CAMERA_2,"['CAMERA_3', 'CAMERA_1', 'CAMERA_2']","{'CAMERA_1': ['resolution', 'autofocus_points', 'sensor_size'], 'CAMERA_2': ['color', 'preset_modes', 'sensor_size', 'camera_type', 'price'], 'CAMERA_3': ['ISO', 'autofocus_points', 'resolution', 'color', 'sensor_size', 'camera_type', 'price', 'preset_modes', 'weight', 'effects', 'long_exposure', 'settings', 'weight', 'optical_zoom', 'price', 'camera_type', 'ISO']}",C_QUESTION_ABOUT_FEATURE,CAMERA_2,price,wonderful and can you please tell me about the price of this camera,PRESENT_X,CAMERA_2,S_ANSWERS_QUESTION_ABOUT_FEATURE,CAMERA_2,price,This one costs $768.,PRESENT_X,CAMERA_2,15~19
449,31,CAMERA_2,"['CAMERA_3', 'CAMERA_1', 'CAMERA_2']","{'CAMERA_1': ['resolution', 'autofocus_points', 'sensor_size'], 'CAMERA_2': ['color', 'preset_modes', 'sensor_size', 'camera_type', 'price', 'ISO'], 'CAMERA_3': ['ISO', 'autofocus_points', 'resolution', 'color', 'sensor_size', 'camera_type', 'price', 'preset_modes', 'weight', 'effects', 'long_exposure', 'settings', 'weight', 'optical_zoom', 'price', 'camera_type', 'ISO']}",C_QUESTION_ABOUT_FEATURE,CAMERA_2,ISO,I see and how far how much how high can you push the ISO,PRESENT_X,CAMERA_2,S_NOT_SURE,CAMERA_2,,I'm not really sure about that.,PRESENT_X,CAMERA_2,
449,32,CAMERA_2,"['CAMERA_3', 'CAMERA_1', 'CAMERA_2']","{'CAMERA_1': ['resolution', 'autofocus_points', 'sensor_size'], 'CAMERA_2': ['color', 'preset_modes', 'sensor_size', 'camera_type', 'price', 'ISO', 'long_exposure'], 'CAMERA_3': ['ISO', 'autofocus_points', 'resolution', 'color', 'sensor_size', 'camera_type', 'price', 'preset_modes', 'weight', 'effects', 'long_exposure', 'settings', 'weight', 'optical_zoom', 'price', 'camera_type', 'ISO']}",C_QUESTION_ABOUT_FEATURE,CAMERA_2,long_exposure,Is this support for long exposure,PRESENT_X,CAMERA_2,S_ANSWERS_QUESTION_ABOUT_FEATURE,CAMERA_2,long_exposure,This one can take long exposures up to 60 minutes max with bulb mode.,PRESENT_X,CAMERA_2,39~68
449,33,CAMERA_2,"['CAMERA_3', 'CAMERA_1', 'CAMERA_2']","{'CAMERA_1': ['resolution', 'autofocus_points', 'sensor_size'], 'CAMERA_2': ['color', 'preset_modes', 'sensor_size', 'camera_type', 'price', 'ISO', 'long_exposure', 'weight'], 'CAMERA_3': ['ISO', 'autofocus_points', 'resolution', 'color', 'sensor_size', 'camera_type', 'price', 'preset_modes', 'weight', 'effects', 'long_exposure', 'settings', 'weight', 'optical_zoom', 'price', 'camera_type', 'ISO']}",C_QUESTION_ABOUT_FEATURE,CAMERA_2,weight,it looks a bit bigger how much more does this phone weigh compared to the nickel,PRESENT_X,CAMERA_2,S_ANSWERS_QUESTION_ABOUT_FEATURE,CAMERA_2,weight,This one weighs 820 grams.,PRESENT_X,CAMERA_2,16~25
449,34,CAMERA_2,"['CAMERA_3', 'CAMERA_1', 'CAMERA_2']","{'CAMERA_1': ['resolution', 'autofocus_points', 'sensor_size'], 'CAMERA_2': ['color', 'preset_modes', 'sensor_size', 'camera_type', 'price', 'ISO', 'long_exposure', 'weight', 'resolution'], 'CAMERA_3': ['ISO', 'autofocus_points', 'resolution', 'color', 'sensor_size', 'camera_type', 'price', 'preset_modes', 'weight', 'effects', 'long_exposure', 'settings', 'weight', 'optical_zoom', 'price', 'camera_type', 'ISO']}",C_QUESTION_ABOUT_FEATURE,CAMERA_2,resolution,What about the resolution of the camera how many megapixels,PRESENT_X,CAMERA_2,S_ANSWERS_QUESTION_ABOUT_FEATURE,CAMERA_2,resolution,This one has 23.8 megapixels resolution.,PRESENT_X,CAMERA_2,13~28
449,35,CAMERA_2,"['CAMERA_3', 'CAMERA_1', 'CAMERA_2']","{'CAMERA_1': ['resolution', 'autofocus_points', 'sensor_size'], 'CAMERA_2': ['color', 'preset_modes', 'sensor_size', 'camera_type', 'price', 'ISO', 'long_exposure', 'weight', 'resolution', 'optical_zoom'], 'CAMERA_3': ['ISO', 'autofocus_points', 'resolution', 'color', 'sensor_size', 'camera_type', 'price', 'preset_modes', 'weight', 'effects', 'long_exposure', 'settings', 'weight', 'optical_zoom', 'price', 'camera_type', 'ISO']}",C_SILENT_OR_BACKCHANNEL,CAMERA_2,NONE,I say,PRESENT_X,CAMERA_2,S_INTRODUCES_FEATURE,CAMERA_2,optical_zoom,This one has 21x optical zoom.,PRESENT_X,CAMERA_2,13~29
449,36,CAMERA_2,"['CAMERA_3', 'CAMERA_1', 'CAMERA_2']","{'CAMERA_1': ['resolution', 'autofocus_points', 'sensor_size'], 'CAMERA_2': ['color', 'preset_modes', 'sensor_size', 'camera_type', 'price', 'ISO', 'long_exposure', 'weight', 'resolution', 'optical_zoom', 'settings'], 'CAMERA_3': ['ISO', 'autofocus_points', 'resolution', 'color', 'sensor_size', 'camera_type', 'price', 'preset_modes', 'weight', 'effects', 'long_exposure', 'settings', 'weight', 'optical_zoom', 'price', 'camera_type', 'ISO']}",C_SILENT_OR_BACKCHANNEL,CAMERA_2,NONE,I say so,PRESENT_X,CAMERA_2,S_INTRODUCES_FEATURE,CAMERA_2,settings,"This one has manual control and various automatic settings (video modeburst shooting, etc.).",PRESENT_X,CAMERA_2,13~91
449,37,NONE,"['CAMERA_3', 'CAMERA_1', 'CAMERA_2']","{'CAMERA_1': ['resolution', 'autofocus_points', 'sensor_size'], 'CAMERA_2': ['color', 'preset_modes', 'sensor_size', 'camera_type', 'price', 'ISO', 'long_exposure', 'weight', 'resolution', 'optical_zoom', 'settings'], 'CAMERA_3': ['ISO', 'autofocus_points', 'resolution', 'color', 'sensor_size', 'camera_type', 'price', 'preset_modes', 'weight', 'effects', 'long_exposure', 'settings', 'weight', 'optical_zoom', 'price', 'camera_type', 'ISO']}",C_THANK_YOU,CAMERA_2,NONE,thank you,PRESENT_X,CAMERA_2,S_THANK_YOU,CAMERA_2,NONE,thank you very much.,FACE_TO_FACE,NONE,
449,38,NONE,"['CAMERA_3', 'CAMERA_1', 'CAMERA_2']","{'CAMERA_1': ['resolution', 'autofocus_points', 'sensor_size'], 'CAMERA_2': ['color', 'preset_modes', 'sensor_size', 'camera_type', 'price', 'ISO', 'long_exposure', 'weight', 'resolution', 'optical_zoom', 'settings'], 'CAMERA_3': ['ISO', 'autofocus_points', 'resolution', 'color', 'sensor_size', 'camera_type', 'price', 'preset_modes', 'weight', 'effects', 'long_exposure', 'settings', 'weight', 'optical_zoom', 'price', 'camera_type', 'ISO']}",C_LEAVES,DOOR,NONE,,FACE_TO_FACE,NONE,S_RETURNS_TO_COUNTER,SERVICE_COUNTER,NONE,,WAITING,NONE,
450,1,NONE,[],"{'CAMERA_1': [], 'CAMERA_2': [], 'CAMERA_3': []}",C_ENTERS,DOOR,NONE,,WAITING,NONE,S_NONE,SERVICE_COUNTER,NONE,,WAITING,NONE,
450,2,NONE,[],"{'CAMERA_1': [], 'CAMERA_2': [], 'CAMERA_3': []}",C_GREETS,MIDDLE,NONE,Excuse Me Miss,WAITING,NONE,S_GREETS,MIDDLE,NONE,can I help you?,FACE_TO_FACE,NONE,
450,3,CAMERA_3,['CAMERA_3'],"{'CAMERA_1': [], 'CAMERA_2': [], 'CAMERA_3': []}",C_LOOKING_FOR_A_CAMERA,MIDDLE,NONE,good afternoon I'm looking to buy a new camera just that I'm not a professional photographer so can you please show me the ones you have,FACE_TO_FACE,NONE,S_INTRODUCES_CAMERA,CAMERA_3,,Let me show you this. Here we have the Fujifilm PowerShot ELPH S2800.,PRESENT_X,CAMERA_3,39~68
450,4,CAMERA_3,['CAMERA_3'],"{'CAMERA_1': [], 'CAMERA_2': [], 'CAMERA_3': ['optical_zoom']}",C_QUESTION_ABOUT_FEATURE,CAMERA_3,optical_zoom,okay that's the drawback okay and he comes here with optical zoom,PRESENT_X,CAMERA_3,S_NOT_SURE,CAMERA_3,,I'm not really sure about that.,PRESENT_X,CAMERA_3,
450,5,CAMERA_3,['CAMERA_3'],"{'CAMERA_1': [], 'CAMERA_2': [], 'CAMERA_3': ['optical_zoom', 'resolution']}",C_QUESTION_ABOUT_FEATURE,CAMERA_3,resolution,and how many megapixels does it have,PRESENT_X,CAMERA_3,S_ANSWERS_QUESTION_ABOUT_FEATURE,CAMERA_3,resolution,This one has 23.2 megapixels resolution.,PRESENT_X,CAMERA_3,13~28
450,6,CAMERA_3,['CAMERA_3'],"{'CAMERA_1': [], 'CAMERA_2': [], 'CAMERA_3': ['optical_zoom', 'resolution', 'weight']}",C_QUESTION_ABOUT_FEATURE,CAMERA_3,weight,what's the weight compared to the other camera we looked at,PRESENT_X,CAMERA_3,S_ANSWERS_QUESTION_ABOUT_FEATURE,CAMERA_3,weight,This one weighs 820 grams.,PRESENT_X,CAMERA_3,16~25
450,7,CAMERA_3,['CAMERA_3'],"{'CAMERA_1': [], 'CAMERA_2': [], 'CAMERA_3': ['optical_zoom', 'resolution', 'weight', 'autofocus_points']}",C_SILENT_OR_BACKCHANNEL,CAMERA_3,NONE,wow,PRESENT_X,CAMERA_3,S_INTRODUCES_FEATURE,CAMERA_3,autofocus_points,This one has 214 autofocus points.,PRESENT_X,CAMERA_3,13~33
450,8,CAMERA_3,['CAMERA_3'],"{'CAMERA_1': [], 'CAMERA_2': [], 'CAMERA_3': ['optical_zoom', 'resolution', 'weight', 'autofocus_points', 'preset_modes']}",C_SILENT_OR_BACKCHANNEL,CAMERA_3,NONE,I said uh,PRESENT_X,CAMERA_3,S_INTRODUCES_FEATURE,CAMERA_3,preset_modes,This one has various preset modes.,PRESENT_X,CAMERA_3,13~33
450,9,CAMERA_3,['CAMERA_3'],"{'CAMERA_1': [], 'CAMERA_2': [], 'CAMERA_3': ['optical_zoom', 'resolution', 'weight', 'autofocus_points', 'preset_modes', 'settings']}",C_SILENT_OR_BACKCHANNEL,CAMERA_3,NONE,wow this is nice,PRESENT_X,CAMERA_3,S_INTRODUCES_FEATURE,CAMERA_3,settings,"This one has manual control and various automatic settings (video modeburst shooting, etc.).",PRESENT_X,CAMERA_3,13~91
450,10,CAMERA_3,['CAMERA_3'],"{'CAMERA_1': [], 'CAMERA_2': [], 'CAMERA_3': ['optical_zoom', 'resolution', 'weight', 'autofocus_points', 'preset_modes', 'settings', 'effects']}",C_QUESTION_ABOUT_FEATURE,CAMERA_3,effects,what about the artistic effect mode how does that work,PRESENT_X,CAMERA_3,S_ANSWERS_QUESTION_ABOUT_FEATURE,CAMERA_3,effects,"This one has 21 photo effects (small face, retro, big eyes, etc.).",PRESENT_X,CAMERA_3,13~65
450,11,CAMERA_3,['CAMERA_3'],"{'CAMERA_1': [], 'CAMERA_2': [], 'CAMERA_3': ['optical_zoom', 'resolution', 'weight', 'autofocus_points', 'preset_modes', 'settings', 'effects', 'camera_type']}",C_SILENT_OR_BACKCHANNEL,CAMERA_3,NONE,ok,PRESENT_X,CAMERA_3,S_INTRODUCES_FEATURE,CAMERA_3,camera_type,This is a point and shoot camera.,PRESENT_X,CAMERA_3,10~25
450,12,CAMERA_3,['CAMERA_3'],"{'CAMERA_1': [], 'CAMERA_2': [], 'CAMERA_3': ['optical_zoom', 'resolution', 'weight', 'autofocus_points', 'preset_modes', 'settings', 'effects', 'camera_type', 'ISO']}",C_SILENT_OR_BACKCHANNEL,CAMERA_3,NONE,ok,PRESENT_X,CAMERA_3,S_INTRODUCES_FEATURE,CAMERA_3,ISO,This one has up to 3200 ISO with little noise.,PRESENT_X,CAMERA_3,13~45
450,13,CAMERA_3,['CAMERA_3'],"{'CAMERA_1': [], 'CAMERA_2': [], 'CAMERA_3': ['optical_zoom', 'resolution', 'weight', 'autofocus_points', 'preset_modes', 'settings', 'effects', 'camera_type', 'ISO', 'sensor_size']}",C_SILENT_OR_BACKCHANNEL,CAMERA_3,NONE,ok,PRESENT_X,CAMERA_3,S_INTRODUCES_FEATURE,CAMERA_3,sensor_size,This one has a full frame.,PRESENT_X,CAMERA_3,15~25
450,14,NONE,['CAMERA_3'],"{'CAMERA_1': [], 'CAMERA_2': [], 'CAMERA_3': ['optical_zoom', 'resolution', 'weight', 'autofocus_points', 'preset_modes', 'settings', 'effects', 'camera_type', 'ISO', 'sensor_size']}",C_THANK_YOU,CAMERA_3,NONE,thank you for help,PRESENT_X,CAMERA_3,S_THANK_YOU,CAMERA_3,NONE,thank you very much.,FACE_TO_FACE,NONE,
450,15,NONE,['CAMERA_3'],"{'CAMERA_1': [], 'CAMERA_2': [], 'CAMERA_3': ['optical_zoom', 'resolution', 'weight', 'autofocus_points', 'preset_modes', 'settings', 'effects', 'camera_type', 'ISO', 'sensor_size']}",C_LEAVES,DOOR,NONE,,FACE_TO_FACE,NONE,S_RETURNS_TO_COUNTER,SERVICE_COUNTER,NONE,,WAITING,NONE,
451,1,NONE,[],"{'CAMERA_1': [], 'CAMERA_2': [], 'CAMERA_3': []}",C_ENTERS,DOOR,NONE,,WAITING,NONE,S_NONE,SERVICE_COUNTER,NONE,,WAITING,NONE,
451,2,NONE,[],"{'CAMERA_1': [], 'CAMERA_2': [], 'CAMERA_3': []}",C_WALKS_TO_CAMERA,CAMERA_1,NONE,,WAITING,NONE,S_GREETS,CAMERA_1,NONE,can I help you?,FACE_TO_FACE,NONE,
451,3,CAMERA_2,['CAMERA_2'],"{'CAMERA_1': [], 'CAMERA_2': [], 'CAMERA_3': []}",C_LOOKING_FOR_A_CAMERA,CAMERA_1,NONE,I'm just looking around,FACE_TO_FACE,NONE,S_INTRODUCES_CAMERA,CAMERA_2,,Let me show you this. Here we have the Fujifilm Lumix ILC Camera.,PRESENT_X,CAMERA_2,39~64
451,4,CAMERA_2,['CAMERA_2'],"{'CAMERA_1': [], 'CAMERA_2': ['sensor_size'], 'CAMERA_3': []}",C_QUESTION_ABOUT_FEATURE,CAMERA_2,sensor_size,and how big is it,PRESENT_X,CAMERA_2,S_ANSWERS_QUESTION_ABOUT_FEATURE,CAMERA_2,sensor_size,This one has a 1/2.33 inch sensor.,PRESENT_X,CAMERA_2,15~33
451,5,CAMERA_2,['CAMERA_2'],"{'CAMERA_1': [], 'CAMERA_2': ['sensor_size', 'resolution'], 'CAMERA_3': []}",C_QUESTION_ABOUT_FEATURE,CAMERA_2,resolution,how many megapixels is it,PRESENT_X,CAMERA_2,S_ANSWERS_QUESTION_ABOUT_FEATURE,CAMERA_2,resolution,This one has 23.8 megapixels resolution.,PRESENT_X,CAMERA_2,13~28
451,6,CAMERA_2,['CAMERA_2'],"{'CAMERA_1': [], 'CAMERA_2': ['sensor_size', 'resolution', 'long_exposure'], 'CAMERA_3': []}",C_SILENT_OR_BACKCHANNEL,CAMERA_2,NONE,yeah it's so that's nice if anything else,PRESENT_X,CAMERA_2,S_INTRODUCES_FEATURE,CAMERA_2,long_exposure,This one can take long exposures up to 60 minutes max with bulb mode.,PRESENT_X,CAMERA_2,39~68
451,7,CAMERA_2,['CAMERA_2'],"{'CAMERA_1': [], 'CAMERA_2': ['sensor_size', 'resolution', 'long_exposure', 'camera_type'], 'CAMERA_3': []}",C_SILENT_OR_BACKCHANNEL,CAMERA_2,NONE,$68 that's great,PRESENT_X,CAMERA_2,S_INTRODUCES_FEATURE,CAMERA_2,camera_type,This is a digital single lens mirrorless camera.,PRESENT_X,CAMERA_2,10~40
451,8,CAMERA_2,['CAMERA_2'],"{'CAMERA_1': [], 'CAMERA_2': ['sensor_size', 'resolution', 'long_exposure', 'camera_type', 'color'], 'CAMERA_3': []}",C_SILENT_OR_BACKCHANNEL,CAMERA_2,NONE,what about the is so great how long is that,PRESENT_X,CAMERA_2,S_INTRODUCES_FEATURE,CAMERA_2,color,This one comes in white or pink.,PRESENT_X,CAMERA_2,18~31
451,9,CAMERA_2,['CAMERA_2'],"{'CAMERA_1': [], 'CAMERA_2': ['sensor_size', 'resolution', 'long_exposure', 'camera_type', 'color', 'weight'], 'CAMERA_3': []}",C_SILENT_OR_BACKCHANNEL,CAMERA_2,NONE,pretty cool,PRESENT_X,CAMERA_2,S_INTRODUCES_FEATURE,CAMERA_2,weight,This one weighs 820 grams.,PRESENT_X,CAMERA_2,16~25
451,10,CAMERA_2,['CAMERA_2'],"{'CAMERA_1': [], 'CAMERA_2': ['sensor_size', 'resolution', 'long_exposure', 'camera_type', 'color', 'weight', 'effects'], 'CAMERA_3': []}",C_SILENT_OR_BACKCHANNEL,CAMERA_2,NONE,IC,PRESENT_X,CAMERA_2,S_INTRODUCES_FEATURE,CAMERA_2,effects,"This one has 24 artistic effect modes (retro, lighter or darker skin tones, sepia, etc.).",PRESENT_X,CAMERA_2,13~88
451,11,NONE,['CAMERA_2'],"{'CAMERA_1': [], 'CAMERA_2': ['sensor_size', 'resolution', 'long_exposure', 'camera_type', 'color', 'weight', 'effects'], 'CAMERA_3': []}",C_THANK_YOU,CAMERA_2,NONE,not much choices okay I already thanks for your help that's been there and lightning,PRESENT_X,CAMERA_2,S_THANK_YOU,CAMERA_2,NONE,thank you very much.,FACE_TO_FACE,NONE,
451,12,NONE,['CAMERA_2'],"{'CAMERA_1': [], 'CAMERA_2': ['sensor_size', 'resolution', 'long_exposure', 'camera_type', 'color', 'weight', 'effects'], 'CAMERA_3': []}",C_LEAVES,DOOR,NONE,,FACE_TO_FACE,NONE,S_RETURNS_TO_COUNTER,SERVICE_COUNTER,NONE,,WAITING,NONE,
452,1,NONE,[],"{'CAMERA_1': [], 'CAMERA_2': [], 'CAMERA_3': []}",C_ENTERS,DOOR,NONE,,WAITING,NONE,S_NONE,SERVICE_COUNTER,NONE,,WAITING,NONE,
452,2,NONE,[],"{'CAMERA_1': [], 'CAMERA_2': [], 'CAMERA_3': []}",C_WALKS_TO_CAMERA,CAMERA_1,NONE,,WAITING,NONE,S_GREETS,CAMERA_1,NONE,can I help you?,FACE_TO_FACE,NONE,
452,3,CAMERA_3,['CAMERA_3'],"{'CAMERA_1': [], 'CAMERA_2': [], 'CAMERA_3': []}",C_LOOKING_FOR_A_CAMERA,CAMERA_1,NONE,good afternoon I'm looking to buy a new camera just that I'm not a professional photographer so can you please show me the ones you have,FACE_TO_FACE,NONE,S_INTRODUCES_CAMERA,CAMERA_3,,Let me show you this. Here we have the Fujifilm PowerShot ELPH S2800.,PRESENT_X,CAMERA_3,39~68
452,4,CAMERA_3,['CAMERA_3'],"{'CAMERA_1': [], 'CAMERA_2': [], 'CAMERA_3': ['color']}",C_SILENT_OR_BACKCHANNEL,CAMERA_3,NONE,ok ok,PRESENT_X,CAMERA_3,S_INTRODUCES_FEATURE,CAMERA_3,color,"This one comes in purple, white, silver, blue, red, or pink.",PRESENT_X,CAMERA_3,18~59
452,5,NONE,['CAMERA_3'],"{'CAMERA_1': [], 'CAMERA_2': [], 'CAMERA_3': ['color']}",C_THANK_YOU,CAMERA_3,NONE,thanks for your help anytime,PRESENT_X,CAMERA_3,S_THANK_YOU,CAMERA_3,NONE,thank you very much.,FACE_TO_FACE,NONE,
452,6,NONE,['CAMERA_3'],"{'CAMERA_1': [], 'CAMERA_2': [], 'CAMERA_3': ['color']}",C_LEAVES,DOOR,NONE,,FACE_TO_FACE,NONE,S_RETURNS_TO_COUNTER,SERVICE_COUNTER,NONE,,WAITING,NONE,
453,1,NONE,[],"{'CAMERA_1': [], 'CAMERA_2': [], 'CAMERA_3': []}",C_ENTERS,DOOR,NONE,,WAITING,NONE,S_NONE,SERVICE_COUNTER,NONE,,WAITING,NONE,
453,2,NONE,[],"{'CAMERA_1': [], 'CAMERA_2': [], 'CAMERA_3': []}",C_GREETS,MIDDLE,NONE,kiss me,WAITING,NONE,S_GREETS,MIDDLE,NONE,can I help you?,FACE_TO_FACE,NONE,
453,3,CAMERA_2,['CAMERA_2'],"{'CAMERA_1': [], 'CAMERA_2': [], 'CAMERA_3': []}",C_LOOKING_FOR_A_CAMERA,MIDDLE,NONE,I'm looking for daily use camera,FACE_TO_FACE,NONE,S_INTRODUCES_CAMERA,CAMERA_2,,Let me show you this. Here we have the Fujifilm Lumix ILC Camera.,PRESENT_X,CAMERA_2,39~64
453,4,CAMERA_2,['CAMERA_2'],"{'CAMERA_1': [], 'CAMERA_2': ['weight'], 'CAMERA_3': []}",C_QUESTION_ABOUT_FEATURE,CAMERA_2,weight,okay and what's the weight,PRESENT_X,CAMERA_2,S_ANSWERS_QUESTION_ABOUT_FEATURE,CAMERA_2,weight,This one weighs 820 grams.,PRESENT_X,CAMERA_2,16~25
453,5,CAMERA_2,['CAMERA_2'],"{'CAMERA_1': [], 'CAMERA_2': ['weight', 'ISO'], 'CAMERA_3': []}",C_QUESTION_ABOUT_FEATURE,CAMERA_2,ISO,I see and how far how much how high can you push the ISO,PRESENT_X,CAMERA_2,S_NOT_SURE,CAMERA_2,,I'm not really sure about that.,PRESENT_X,CAMERA_2,
453,6,CAMERA_2,['CAMERA_2'],"{'CAMERA_1': [], 'CAMERA_2': ['weight', 'ISO', 'camera_type'], 'CAMERA_3': []}",C_SILENT_OR_BACKCHANNEL,CAMERA_2,NONE,so it can be saved on a computer Library,PRESENT_X,CAMERA_2,S_INTRODUCES_FEATURE,CAMERA_2,camera_type,This is a digital single lens mirrorless camera.,PRESENT_X,CAMERA_2,10~40
453,7,CAMERA_2,['CAMERA_2'],"{'CAMERA_1': [], 'CAMERA_2': ['weight', 'ISO', 'camera_type', 'sensor_size'], 'CAMERA_3': []}",C_SILENT_OR_BACKCHANNEL,CAMERA_2,NONE,ok,PRESENT_X,CAMERA_2,S_INTRODUCES_FEATURE,CAMERA_2,sensor_size,This one has a 1/2.33 inch sensor.,PRESENT_X,CAMERA_2,15~33
453,8,CAMERA_2,['CAMERA_2'],"{'CAMERA_1': [], 'CAMERA_2': ['weight', 'ISO', 'camera_type', 'sensor_size', 'resolution'], 'CAMERA_3': []}",C_SILENT_OR_BACKCHANNEL,CAMERA_2,NONE,uh huh I just want to see the cameras,PRESENT_X,CAMERA_2,S_INTRODUCES_FEATURE,CAMERA_2,resolution,This one has 23.8 megapixels resolution.,PRESENT_X,CAMERA_2,13~28
453,9,CAMERA_2,['CAMERA_2'],"{'CAMERA_1': [], 'CAMERA_2': ['weight', 'ISO', 'camera_type', 'sensor_size', 'resolution', 'color'], 'CAMERA_3': []}",C_QUESTION_ABOUT_FEATURE,CAMERA_2,color,oh I see in a different color is awful,PRESENT_X,CAMERA_2,S_ANSWERS_QUESTION_ABOUT_FEATURE,CAMERA_2,color,This one comes in white or pink.,PRESENT_X,CAMERA_2,18~31
453,10,CAMERA_2,['CAMERA_2'],"{'CAMERA_1': [], 'CAMERA_2': ['weight', 'ISO', 'camera_type', 'sensor_size', 'resolution', 'color', 'autofocus_points'], 'CAMERA_3': []}",C_QUESTION_ABOUT_FEATURE,CAMERA_2,autofocus_points,I think you and the auto Focus points on this,PRESENT_X,CAMERA_2,S_NOT_SURE,CAMERA_2,,I'm not really sure about that.,PRESENT_X,CAMERA_2,
453,11,CAMERA_2,['CAMERA_2'],"{'CAMERA_1': [], 'CAMERA_2': ['weight', 'ISO', 'camera_type', 'sensor_size', 'resolution', 'color', 'autofocus_points', 'optical_zoom'], 'CAMERA_3': []}",C_SILENT_OR_BACKCHANNEL,CAMERA_2,NONE,this camera sounds pretty good,PRESENT_X,CAMERA_2,S_INTRODUCES_FEATURE,CAMERA_2,optical_zoom,This one has 21x optical zoom.,PRESENT_X,CAMERA_2,13~29
453,12,NONE,['CAMERA_2'],"{'CAMERA_1': [], 'CAMERA_2': ['weight', 'ISO', 'camera_type', 'sensor_size', 'resolution', 'color', 'autofocus_points', 'optical_zoom'], 'CAMERA_3': []}",C_THANK_YOU,CAMERA_2,NONE,okay thanks,PRESENT_X,CAMERA_2,S_THANK_YOU,CAMERA_2,NONE,thank you very much.,FACE_TO_FACE,NONE,
453,13,NONE,['CAMERA_2'],"{'CAMERA_1': [], 'CAMERA_2': ['weight', 'ISO', 'camera_type', 'sensor_size', 'resolution', 'color', 'autofocus_points', 'optical_zoom'], 'CAMERA_3': []}",C_LEAVES,DOOR,NONE,,FACE_TO_FACE,NONE,S_RETURNS_TO_COUNTER,SERVICE_COUNTER,NONE,,WAITING,NONE,
454,1,NONE,[],"{'CAMERA_1': [], 'CAMERA_2': [], 'CAMERA_3': []}",C_ENTERS,DOOR,NONE,,WAITING,NONE,S_NONE,SERVICE_COUNTER,NONE,,WAITING,NONE,
454,2,NONE,[],"{'CAMERA_1': [], 'CAMERA_2': [], 'CAMERA_3': []}",C_WALKS_TO_CAMERA,CAMERA_3,NONE,,WAITING,NONE,S_GREETS,CAMERA_3,NONE,can I help you?,FACE_TO_FACE,NONE,
454,3,CAMERA_1,['CAMERA_1'],"{'CAMERA_1': [], 'CAMERA_2': [], 'CAMERA_3': []}",C_LOOKING_FOR_A_CAMERA,CAMERA_3,NONE,how to write a message to take a look at your new cameras,FACE_TO_FACE,NONE,S_INTRODUCES_CAMERA,CAMERA_1,,Let me show you this. Here we have the Sony PowerShot ELPH DMC-ZS3.,PRESENT_X,CAMERA_1,39~66
454,4,CAMERA_1,['CAMERA_1'],"{'CAMERA_1': ['resolution'], 'CAMERA_2': [], 'CAMERA_3': []}",C_SILENT_OR_BACKCHANNEL,CAMERA_1,NONE,what about the is so great how long is that,PRESENT_X,CAMERA_1,S_INTRODUCES_FEATURE,CAMERA_1,resolution,This one has 17.8 megapixels resolution.,PRESENT_X,CAMERA_1,13~28
454,5,CAMERA_1,['CAMERA_1'],"{'CAMERA_1': ['resolution', 'weight'], 'CAMERA_2': [], 'CAMERA_3': []}",C_SILENT_OR_BACKCHANNEL,CAMERA_1,NONE,I get,PRESENT_X,CAMERA_1,S_INTRODUCES_FEATURE,CAMERA_1,weight,This one weighs 800 grams.,PRESENT_X,CAMERA_1,16~25
454,6,CAMERA_1,['CAMERA_1'],"{'CAMERA_1': ['resolution', 'weight', 'optical_zoom'], 'CAMERA_2': [], 'CAMERA_3': []}",C_SILENT_OR_BACKCHANNEL,CAMERA_1,NONE,okay that sounds good,PRESENT_X,CAMERA_1,S_INTRODUCES_FEATURE,CAMERA_1,optical_zoom,This one has 21x optical zoom.,PRESENT_X,CAMERA_1,13~29
454,7,CAMERA_3,"['CAMERA_1', 'CAMERA_3']","{'CAMERA_1': ['resolution', 'weight', 'optical_zoom'], 'CAMERA_2': [], 'CAMERA_3': []}",C_ANYTHING_ELSE_AVAILABLE,CAMERA_1,NONE,Do you have other cameras that I could afford,PRESENT_X,CAMERA_1,S_INTRODUCES_CAMERA,CAMERA_3,,Let me show you this. Here we have the Fujifilm PowerShot ELPH S2800.,PRESENT_X,CAMERA_3,39~68
454,8,CAMERA_3,"['CAMERA_1', 'CAMERA_3']","{'CAMERA_1': ['resolution', 'weight', 'optical_zoom'], 'CAMERA_2': [], 'CAMERA_3': ['resolution']}",C_QUESTION_ABOUT_FEATURE,CAMERA_3,resolution,What about the resolution of the camera how many megapixels,PRESENT_X,CAMERA_3,S_ANSWERS_QUESTION_ABOUT_FEATURE,CAMERA_3,resolution,This one has 23.2 megapixels resolution.,PRESENT_X,CAMERA_3,13~28
454,9,CAMERA_3,"['CAMERA_1', 'CAMERA_3']","{'CAMERA_1': ['resolution', 'weight', 'optical_zoom'], 'CAMERA_2': [], 'CAMERA_3': ['resolution', 'autofocus_points']}",C_QUESTION_ABOUT_FEATURE,CAMERA_3,autofocus_points,I was trying to find out the auto focus points,PRESENT_X,CAMERA_3,S_ANSWERS_QUESTION_ABOUT_FEATURE,CAMERA_3,autofocus_points,This one has 214 autofocus points.,PRESENT_X,CAMERA_3,13~33
454,10,CAMERA_3,"['CAMERA_1', 'CAMERA_3']","{'CAMERA_1': ['resolution', 'weight', 'optical_zoom'], 'CAMERA_2': [], 'CAMERA_3': ['resolution', 'autofocus_points', 'settings']}",C_SILENT_OR_BACKCHANNEL,CAMERA_3,NONE,I see,PRESENT_X,CAMERA_3,S_INTRODUCES_FEATURE,CAMERA_3,settings,"This one has manual control and various automatic settings (video modeburst shooting, etc.).",PRESENT_X,CAMERA_3,13~91
454,11,NONE,"['CAMERA_1', 'CAMERA_3']","{'CAMERA_1': ['resolution', 'weight', 'optical_zoom'], 'CAMERA_2': [], 'CAMERA_3': ['resolution', 'autofocus_points', 'settings']}",C_THANK_YOU,CAMERA_3,NONE,thank you,PRESENT_X,CAMERA_3,S_THANK_YOU,CAMERA_3,NONE,thank you very much.,FACE_TO_FACE,NONE,
454,12,NONE,"['CAMERA_1', 'CAMERA_3']","{'CAMERA_1': ['resolution', 'weight', 'optical_zoom'], 'CAMERA_2': [], 'CAMERA_3': ['resolution', 'autofocus_points', 'settings']}",C_LEAVES,DOOR,NONE,,FACE_TO_FACE,NONE,S_RETURNS_TO_COUNTER,SERVICE_COUNTER,NONE,,WAITING,NONE,
455,1,NONE,[],"{'CAMERA_1': [], 'CAMERA_2': [], 'CAMERA_3': []}",C_ENTERS,DOOR,NONE,,WAITING,NONE,S_NONE,SERVICE_COUNTER,NONE,,WAITING,NONE,
455,2,NONE,[],"{'CAMERA_1': [], 'CAMERA_2': [], 'CAMERA_3': []}",C_GREETS,MIDDLE,NONE,hi there,WAITING,NONE,S_GREETS,MIDDLE,NONE,can I help you?,FACE_TO_FACE,NONE,
455,3,CAMERA_3,['CAMERA_3'],"{'CAMERA_1': [], 'CAMERA_2': [], 'CAMERA_3': []}",C_LOOKING_FOR_A_CAMERA,MIDDLE,NONE,well I'm looking for camera,FACE_TO_FACE,NONE,S_INTRODUCES_CAMERA,CAMERA_3,,Let me show you this. Here we have the Fujifilm PowerShot ELPH S2800.,PRESENT_X,CAMERA_3,39~68
455,4,CAMERA_3,['CAMERA_3'],"{'CAMERA_1': [], 'CAMERA_2': [], 'CAMERA_3': ['resolution']}",C_QUESTION_ABOUT_FEATURE,CAMERA_3,resolution,I'm not really sure what megapixel means can you please explain to me ,PRESENT_X,CAMERA_3,S_ANSWERS_QUESTION_ABOUT_FEATURE,CAMERA_3,resolution,This one has 23.2 megapixels resolution.,PRESENT_X,CAMERA_3,13~28
455,5,CAMERA_1,"['CAMERA_3', 'CAMERA_1']","{'CAMERA_1': [], 'CAMERA_2': [], 'CAMERA_3': ['resolution']}",C_ANYTHING_ELSE_AVAILABLE,CAMERA_3,NONE,So this is the only model you have in your shop,PRESENT_X,CAMERA_3,S_INTRODUCES_CAMERA,CAMERA_1,,Let me show you this. Here we have the Sony PowerShot ELPH DMC-ZS3.,PRESENT_X,CAMERA_1,39~66
455,6,CAMERA_1,"['CAMERA_3', 'CAMERA_1']","{'CAMERA_1': ['ISO'], 'CAMERA_2': [], 'CAMERA_3': ['resolution']}",C_QUESTION_ABOUT_FEATURE,CAMERA_1,ISO,what is iso performance,PRESENT_X,CAMERA_1,S_ANSWERS_QUESTION_ABOUT_FEATURE,CAMERA_1,ISO,This one has up to 51200 ISO.,PRESENT_X,CAMERA_1,13~28
455,7,NONE,"['CAMERA_3', 'CAMERA_1']","{'CAMERA_1': ['ISO'], 'CAMERA_2': [], 'CAMERA_3': ['resolution']}",C_THANK_YOU,CAMERA_1,NONE,thank you very much you've been very helpful,PRESENT_X,CAMERA_1,S_THANK_YOU,CAMERA_1,NONE,thank you very much.,FACE_TO_FACE,NONE,
455,8,NONE,"['CAMERA_3', 'CAMERA_1']","{'CAMERA_1': ['ISO'], 'CAMERA_2': [], 'CAMERA_3': ['resolution']}",C_LEAVES,DOOR,NONE,,FACE_TO_FACE,NONE,S_RETURNS_TO_COUNTER,SERVICE_COUNTER,NONE,,WAITING,NONE,
456,1,NONE,[],"{'CAMERA_1': [], 'CAMERA_2': [], 'CAMERA_3': []}",C_ENTERS,DOOR,NONE,,WAITING,NONE,S_NONE,SERVICE_COUNTER,NONE,,WAITING,NONE,
456,2,NONE,[],"{'CAMERA_1': [], 'CAMERA_2': [], 'CAMERA_3': []}",C_GREETS,MIDDLE,NONE,excuse me,WAITING,NONE,S_GREETS,MIDDLE,NONE,can I help you?,FACE_TO_FACE,NONE,
456,3,CAMERA_3,['CAMERA_3'],"{'CAMERA_1': [], 'CAMERA_2': [], 'CAMERA_3': []}",C_LOOKING_FOR_A_CAMERA,MIDDLE,NONE,I'm looking for a professional camera,FACE_TO_FACE,NONE,S_INTRODUCES_CAMERA,CAMERA_3,,Let me show you this. Here we have the Fujifilm PowerShot ELPH S2800.,PRESENT_X,CAMERA_3,39~68
456,4,CAMERA_3,['CAMERA_3'],"{'CAMERA_1': [], 'CAMERA_2': [], 'CAMERA_3': ['price']}",C_QUESTION_ABOUT_FEATURE,CAMERA_3,price,how much is this camera,PRESENT_X,CAMERA_3,S_ANSWERS_QUESTION_ABOUT_FEATURE,CAMERA_3,price,This one costs $518.,PRESENT_X,CAMERA_3,15~19
456,5,CAMERA_2,"['CAMERA_3', 'CAMERA_2']","{'CAMERA_1': [], 'CAMERA_2': [], 'CAMERA_3': ['price']}",C_ANYTHING_ELSE_AVAILABLE,CAMERA_3,NONE,So this is the only model you have in your shop,PRESENT_X,CAMERA_3,S_INTRODUCES_CAMERA,CAMERA_2,,Let me show you this. Here we have the Fujifilm Lumix ILC Camera.,PRESENT_X,CAMERA_2,39~64
456,6,CAMERA_2,"['CAMERA_3', 'CAMERA_2']","{'CAMERA_1': [], 'CAMERA_2': ['color'], 'CAMERA_3': ['price']}",C_SILENT_OR_BACKCHANNEL,CAMERA_2,NONE,okay sounds good,PRESENT_X,CAMERA_2,S_INTRODUCES_FEATURE,CAMERA_2,color,This one comes in white or pink.,PRESENT_X,CAMERA_2,18~31
456,7,CAMERA_2,"['CAMERA_3', 'CAMERA_2']","{'CAMERA_1': [], 'CAMERA_2': ['color', 'price'], 'CAMERA_3': ['price']}",C_QUESTION_ABOUT_FEATURE,CAMERA_2,price,how much is this,PRESENT_X,CAMERA_2,S_ANSWERS_QUESTION_ABOUT_FEATURE,CAMERA_2,price,This one costs $768.,PRESENT_X,CAMERA_2,15~19
456,8,CAMERA_2,"['CAMERA_3', 'CAMERA_2']","{'CAMERA_1': [], 'CAMERA_2': ['color', 'price', 'long_exposure'], 'CAMERA_3': ['price']}",C_QUESTION_ABOUT_FEATURE,CAMERA_2,long_exposure,and what about the exposure,PRESENT_X,CAMERA_2,S_ANSWERS_QUESTION_ABOUT_FEATURE,CAMERA_2,long_exposure,This one can take long exposures up to 60 minutes max with bulb mode.,PRESENT_X,CAMERA_2,39~68
456,9,CAMERA_2,"['CAMERA_3', 'CAMERA_2']","{'CAMERA_1': [], 'CAMERA_2': ['color', 'price', 'long_exposure', 'weight'], 'CAMERA_3': ['price']}",C_QUESTION_ABOUT_FEATURE,CAMERA_2,weight,I say is it very heavy,PRESENT_X,CAMERA_2,S_ANSWERS_QUESTION_ABOUT_FEATURE,CAMERA_2,weight,This one weighs 820 grams.,PRESENT_X,CAMERA_2,16~25
456,10,CAMERA_2,"['CAMERA_3', 'CAMERA_2']","{'CAMERA_1': [], 'CAMERA_2': ['color', 'price', 'long_exposure', 'weight', 'autofocus_points'], 'CAMERA_3': ['price']}",C_QUESTION_ABOUT_FEATURE,CAMERA_2,autofocus_points,how many autofocus points does it have ,PRESENT_X,CAMERA_2,S_NOT_SURE,CAMERA_2,,I'm not really sure about that.,PRESENT_X,CAMERA_2,
456,11,CAMERA_2,"['CAMERA_3', 'CAMERA_2']","{'CAMERA_1': [], 'CAMERA_2': ['color', 'price', 'long_exposure', 'weight', 'autofocus_points', 'effects'], 'CAMERA_3': ['price']}",C_QUESTION_ABOUT_FEATURE,CAMERA_2,effects,okay let's see what about the artistic effect mode is it really good or is it ok,PRESENT_X,CAMERA_2,S_ANSWERS_QUESTION_ABOUT_FEATURE,CAMERA_2,effects,"This one has 24 artistic effect modes (retro, lighter or darker skin tones, sepia, etc.).",PRESENT_X,CAMERA_2,13~88
456,12,CAMERA_2,"['CAMERA_3', 'CAMERA_2']","{'CAMERA_1': [], 'CAMERA_2': ['color', 'price', 'long_exposure', 'weight', 'autofocus_points', 'effects', 'resolution'], 'CAMERA_3': ['price']}",C_SILENT_OR_BACKCHANNEL,CAMERA_2,NONE,that's great do I have to worry about setting things manually,PRESENT_X,CAMERA_2,S_INTRODUCES_FEATURE,CAMERA_2,resolution,This one has 23.8 megapixels resolution.,PRESENT_X,CAMERA_2,13~28
456,13,CAMERA_2,"['CAMERA_3', 'CAMERA_2']","{'CAMERA_1': [], 'CAMERA_2': ['color', 'price', 'long_exposure', 'weight', 'autofocus_points', 'effects', 'resolution', 'sensor_size'], 'CAMERA_3': ['price']}",C_SILENT_OR_BACKCHANNEL,CAMERA_2,NONE,ok,PRESENT_X,CAMERA_2,S_INTRODUCES_FEATURE,CAMERA_2,sensor_size,This one has a 1/2.33 inch sensor.,PRESENT_X,CAMERA_2,15~33
456,14,CAMERA_2,"['CAMERA_3', 'CAMERA_2']","{'CAMERA_1': [], 'CAMERA_2': ['color', 'price', 'long_exposure', 'weight', 'autofocus_points', 'effects', 'resolution', 'sensor_size', 'settings'], 'CAMERA_3': ['price']}",C_SILENT_OR_BACKCHANNEL,CAMERA_2,NONE,that would be nice,PRESENT_X,CAMERA_2,S_INTRODUCES_FEATURE,CAMERA_2,settings,"This one has manual control and various automatic settings (video modeburst shooting, etc.).",PRESENT_X,CAMERA_2,13~91
456,15,CAMERA_2,"['CAMERA_3', 'CAMERA_2']","{'CAMERA_1': [], 'CAMERA_2': ['color', 'price', 'long_exposure', 'weight', 'autofocus_points', 'effects', 'resolution', 'sensor_size', 'settings', 'optical_zoom'], 'CAMERA_3': ['price']}",C_SILENT_OR_BACKCHANNEL,CAMERA_2,NONE,yeah actually looks very good,PRESENT_X,CAMERA_2,S_INTRODUCES_FEATURE,CAMERA_2,optical_zoom,This one has 21x optical zoom.,PRESENT_X,CAMERA_2,13~29
456,16,CAMERA_2,"['CAMERA_3', 'CAMERA_2']","{'CAMERA_1': [], 'CAMERA_2': ['color', 'price', 'long_exposure', 'weight', 'autofocus_points', 'effects', 'resolution', 'sensor_size', 'settings', 'optical_zoom', 'camera_type'], 'CAMERA_3': ['price']}",C_QUESTION_ABOUT_FEATURE,CAMERA_2,camera_type,is this a point and shoot camera,PRESENT_X,CAMERA_2,S_ANSWERS_QUESTION_ABOUT_FEATURE,CAMERA_2,camera_type,This is a digital single lens mirrorless camera.,PRESENT_X,CAMERA_2,10~40
456,17,CAMERA_2,"['CAMERA_3', 'CAMERA_2']","{'CAMERA_1': [], 'CAMERA_2': ['color', 'price', 'long_exposure', 'weight', 'autofocus_points', 'effects', 'resolution', 'sensor_size', 'settings', 'optical_zoom', 'camera_type', 'effects'], 'CAMERA_3': ['price']}",C_SILENT_OR_BACKCHANNEL,CAMERA_2,NONE,IC,PRESENT_X,CAMERA_2,S_INTRODUCES_FEATURE,CAMERA_2,effects,"This one has 24 artistic effect modes (retro, lighter or darker skin tones, sepia, etc.).",PRESENT_X,CAMERA_2,13~88
456,18,CAMERA_2,"['CAMERA_3', 'CAMERA_2']","{'CAMERA_1': [], 'CAMERA_2': ['color', 'price', 'long_exposure', 'weight', 'autofocus_points', 'effects', 'resolution', 'sensor_size', 'settings', 'optical_zoom', 'camera_type', 'effects', 'color'], 'CAMERA_3': ['price']}",C_SILENT_OR_BACKCHANNEL,CAMERA_2,NONE,ok is this camera really nice,PRESENT_X,CAMERA_2,S_INTRODUCES_FEATURE,CAMERA_2,color,This one comes in white or pink.,PRESENT_X,CAMERA_2,18~31
456,19,NONE,"['CAMERA_3', 'CAMERA_2']","{'CAMERA_1': [], 'CAMERA_2': ['color', 'price', 'long_exposure', 'weight', 'autofocus_points', 'effects', 'resolution', 'sensor_size', 'settings', 'optical_zoom', 'camera_type', 'effects', 'color'], 'CAMERA_3': ['price']}",C_THANK_YOU,CAMERA_2,NONE,thank you,PRESENT_X,CAMERA_2,S_THANK_YOU,CAMERA_2,NONE,thank you very much.,FACE_TO_FACE,NONE,
456,20,NONE,"['CAMERA_3', 'CAMERA_2']","{'CAMERA_1': [], 'CAMERA_2': ['color', 'price', 'long_exposure', 'weight', 'autofocus_points', 'effects', 'resolution', 'sensor_size', 'settings', 'optical_zoom', 'camera_type', 'effects', 'color'], 'CAMERA_3': ['price']}",C_LEAVES,DOOR,NONE,,FACE_TO_FACE,NONE,S_RETURNS_TO_COUNTER,SERVICE_COUNTER,NONE,,WAITING,NONE,
457,1,NONE,[],"{'CAMERA_1': [], 'CAMERA_2': [], 'CAMERA_3': []}",C_ENTERS,DOOR,NONE,,WAITING,NONE,S_NONE,SERVICE_COUNTER,NONE,,WAITING,NONE,
457,2,NONE,[],"{'CAMERA_1': [], 'CAMERA_2': [], 'CAMERA_3': []}",C_WALKS_TO_CAMERA,CAMERA_1,NONE,,WAITING,NONE,S_GREETS,CAMERA_1,NONE,can I help you?,FACE_TO_FACE,NONE,
457,3,CAMERA_1,['CAMERA_1'],"{'CAMERA_1': [], 'CAMERA_2': [], 'CAMERA_3': []}",C_LOOKING_FOR_A_CAMERA,CAMERA_1,NONE,I want to look at the new cameras that you have,FACE_TO_FACE,NONE,S_INTRODUCES_CAMERA,CAMERA_1,,Let me show you this. Here we have the Sony PowerShot ELPH DMC-ZS3.,PRESENT_X,CAMERA_1,39~66
457,4,CAMERA_1,['CAMERA_1'],"{'CAMERA_1': ['preset_modes'], 'CAMERA_2': [], 'CAMERA_3': []}",C_QUESTION_ABOUT_FEATURE,CAMERA_1,preset_modes,Is this camera support for basic mode,PRESENT_X,CAMERA_1,S_NOT_SURE,CAMERA_1,,I'm not really sure about that.,PRESENT_X,CAMERA_1,
457,5,CAMERA_1,['CAMERA_1'],"{'CAMERA_1': ['preset_modes', 'effects'], 'CAMERA_2': [], 'CAMERA_3': []}",C_SILENT_OR_BACKCHANNEL,CAMERA_1,NONE,wow,PRESENT_X,CAMERA_1,S_INTRODUCES_FEATURE,CAMERA_1,effects,"This one has 24 glamor retouch effects (miniature, retro, toy camera, etc.).",PRESENT_X,CAMERA_1,13~75
457,6,CAMERA_2,"['CAMERA_1', 'CAMERA_2']","{'CAMERA_1': ['preset_modes', 'effects'], 'CAMERA_2': [], 'CAMERA_3': []}",C_ANYTHING_ELSE_AVAILABLE,CAMERA_1,NONE,Do you have other cameras that I could afford,PRESENT_X,CAMERA_1,S_INTRODUCES_CAMERA,CAMERA_2,,Let me show you this. Here we have the Fujifilm Lumix ILC Camera.,PRESENT_X,CAMERA_2,39~64
457,7,CAMERA_2,"['CAMERA_1', 'CAMERA_2']","{'CAMERA_1': ['preset_modes', 'effects'], 'CAMERA_2': ['price'], 'CAMERA_3': []}",C_SILENT_OR_BACKCHANNEL,CAMERA_2,NONE,yeah sounds good,PRESENT_X,CAMERA_2,S_INTRODUCES_FEATURE,CAMERA_2,price,This one costs $768.,PRESENT_X,CAMERA_2,15~19
457,8,CAMERA_3,"['CAMERA_1', 'CAMERA_2', 'CAMERA_3']","{'CAMERA_1': ['preset_modes', 'effects'], 'CAMERA_2': ['price'], 'CAMERA_3': []}",C_ANYTHING_ELSE_AVAILABLE,CAMERA_2,NONE,ok do you have any other cameras,PRESENT_X,CAMERA_2,S_INTRODUCES_CAMERA,CAMERA_3,,Let me show you this. Here we have the Fujifilm PowerShot ELPH S2800.,PRESENT_X,CAMERA_3,39~68
457,9,CAMERA_3,"['CAMERA_1', 'CAMERA_2', 'CAMERA_3']","{'CAMERA_1': ['preset_modes', 'effects'], 'CAMERA_2': ['price'], 'CAMERA_3': ['color']}",C_SILENT_OR_BACKCHANNEL,CAMERA_3,NONE,okay,PRESENT_X,CAMERA_3,S_INTRODUCES_FEATURE,CAMERA_3,color,"This one comes in purple, white, silver, blue, red, or pink.",PRESENT_X,CAMERA_3,18~59
457,10,CAMERA_3,"['CAMERA_1', 'CAMERA_2', 'CAMERA_3']","{'CAMERA_1': ['preset_modes', 'effects'], 'CAMERA_2': ['price'], 'CAMERA_3': ['color', 'price']}",C_SILENT_OR_BACKCHANNEL,CAMERA_3,NONE,that would be nice,PRESENT_X,CAMERA_3,S_INTRODUCES_FEATURE,CAMERA_3,price,This one costs $518.,PRESENT_X,CAMERA_3,15~19
457,11,NONE,"['CAMERA_1', 'CAMERA_2', 'CAMERA_3']","{'CAMERA_1': ['preset_modes', 'effects'], 'CAMERA_2': ['price'], 'CAMERA_3': ['color', 'price']}",C_THANK_YOU,CAMERA_3,NONE,not much choices okay I already thanks for your help that's been there and lightning,PRESENT_X,CAMERA_3,S_THANK_YOU,CAMERA_3,NONE,thank you very much.,FACE_TO_FACE,NONE,
457,12,NONE,"['CAMERA_1', 'CAMERA_2', 'CAMERA_3']","{'CAMERA_1': ['preset_modes', 'effects'], 'CAMERA_2': ['price'], 'CAMERA_3': ['color', 'price']}",C_LEAVES,DOOR,NONE,,FACE_TO_FACE,NONE,S_RETURNS_TO_COUNTER,SERVICE_COUNTER,NONE,,WAITING,NONE,
458,1,NONE,[],"{'CAMERA_1': [], 'CAMERA_2': [], 'CAMERA_3': []}",C_ENTERS,DOOR,NONE,,WAITING,NONE,S_NONE,SERVICE_COUNTER,NONE,,WAITING,NONE,
458,2,NONE,[],"{'CAMERA_1': [], 'CAMERA_2': [], 'CAMERA_3': []}",C_WALKS_TO_CAMERA,CAMERA_1,NONE,,WAITING,NONE,S_GREETS,CAMERA_1,NONE,can I help you?,FACE_TO_FACE,NONE,
458,3,CAMERA_3,['CAMERA_3'],"{'CAMERA_1': [], 'CAMERA_2': [], 'CAMERA_3': []}",C_LOOKING_FOR_A_CAMERA,CAMERA_1,NONE,I am just looking for a mid-range camera,FACE_TO_FACE,NONE,S_INTRODUCES_CAMERA,CAMERA_3,,Let me show you this. Here we have the Fujifilm PowerShot ELPH S2800.,PRESENT_X,CAMERA_3,39~68
458,4,CAMERA_3,['CAMERA_3'],"{'CAMERA_1': [], 'CAMERA_2': [], 'CAMERA_3': ['long_exposure']}",C_QUESTION_ABOUT_FEATURE,CAMERA_3,long_exposure,and how about its exposure,PRESENT_X,CAMERA_3,S_ANSWERS_QUESTION_ABOUT_FEATURE,CAMERA_3,long_exposure,This one can take long exposures up to 30 minutes max with bulb mode.,PRESENT_X,CAMERA_3,39~68
458,5,CAMERA_3,['CAMERA_3'],"{'CAMERA_1': [], 'CAMERA_2': [], 'CAMERA_3': ['long_exposure', 'camera_type']}",C_QUESTION_ABOUT_FEATURE,CAMERA_3,camera_type,what kind of camera is this,PRESENT_X,CAMERA_3,S_ANSWERS_QUESTION_ABOUT_FEATURE,CAMERA_3,camera_type,This is a point and shoot camera.,PRESENT_X,CAMERA_3,10~25
458,6,CAMERA_3,['CAMERA_3'],"{'CAMERA_1': [], 'CAMERA_2': [], 'CAMERA_3': ['long_exposure', 'camera_type', 'sensor_size']}",C_SILENT_OR_BACKCHANNEL,CAMERA_3,NONE,IC,PRESENT_X,CAMERA_3,S_INTRODUCES_FEATURE,CAMERA_3,sensor_size,This one has a full frame.,PRESENT_X,CAMERA_3,15~25
458,7,CAMERA_3,['CAMERA_3'],"{'CAMERA_1': [], 'CAMERA_2': [], 'CAMERA_3': ['long_exposure', 'camera_type', 'sensor_size', 'settings']}",C_SILENT_OR_BACKCHANNEL,CAMERA_3,NONE,Ice Age,PRESENT_X,CAMERA_3,S_INTRODUCES_FEATURE,CAMERA_3,settings,"This one has manual control and various automatic settings (video modeburst shooting, etc.).",PRESENT_X,CAMERA_3,13~91
458,8,CAMERA_3,['CAMERA_3'],"{'CAMERA_1': [], 'CAMERA_2': [], 'CAMERA_3': ['long_exposure', 'camera_type', 'sensor_size', 'settings', 'weight']}",C_SILENT_OR_BACKCHANNEL,CAMERA_3,NONE,okay,PRESENT_X,CAMERA_3,S_INTRODUCES_FEATURE,CAMERA_3,weight,This one weighs 820 grams.,PRESENT_X,CAMERA_3,16~25
458,9,CAMERA_3,['CAMERA_3'],"{'CAMERA_1': [], 'CAMERA_2': [], 'CAMERA_3': ['long_exposure', 'camera_type', 'sensor_size', 'settings', 'weight', 'optical_zoom']}",C_QUESTION_ABOUT_FEATURE,CAMERA_3,optical_zoom,and the optical zoom whats the optical zoom on that,PRESENT_X,CAMERA_3,S_NOT_SURE,CAMERA_3,,I'm not really sure about that.,PRESENT_X,CAMERA_3,
458,10,CAMERA_3,['CAMERA_3'],"{'CAMERA_1': [], 'CAMERA_2': [], 'CAMERA_3': ['long_exposure', 'camera_type', 'sensor_size', 'settings', 'weight', 'optical_zoom', 'preset_modes']}",C_SILENT_OR_BACKCHANNEL,CAMERA_3,NONE,IC,PRESENT_X,CAMERA_3,S_INTRODUCES_FEATURE,CAMERA_3,preset_modes,This one has various preset modes.,PRESENT_X,CAMERA_3,13~33
458,11,NONE,['CAMERA_3'],"{'CAMERA_1': [], 'CAMERA_2': [], 'CAMERA_3': ['long_exposure', 'camera_type', 'sensor_size', 'settings', 'weight', 'optical_zoom', 'preset_modes']}",C_THANK_YOU,CAMERA_3,NONE,thank you very much you've been very helpful,PRESENT_X,CAMERA_3,S_THANK_YOU,CAMERA_3,NONE,thank you very much.,FACE_TO_FACE,NONE,
458,12,NONE,['CAMERA_3'],"{'CAMERA_1': [], 'CAMERA_2': [], 'CAMERA_3': ['long_exposure', 'camera_type', 'sensor_size', 'settings', 'weight', 'optical_zoom', 'preset_modes']}",C_LEAVES,DOOR,NONE,,FACE_TO_FACE,NONE,S_RETURNS_TO_COUNTER,SERVICE_COUNTER,NONE,,WAITING,NONE,
459,1,NONE,[],"{'CAMERA_1': [], 'CAMERA_2': [], 'CAMERA_3': []}",C_ENTERS,DOOR,NONE,,WAITING,NONE,S_NONE,SERVICE_COUNTER,NONE,,WAITING,NONE,
459,2,NONE,[],"{'CAMERA_1': [], 'CAMERA_2': [], 'CAMERA_3': []}",C_GREETS,MIDDLE,NONE,excuse me,WAITING,NONE,S_GREETS,MIDDLE,NONE,can I help you?,FACE_TO_FACE,NONE,
459,3,CAMERA_2,['CAMERA_2'],"{'CAMERA_1': [], 'CAMERA_2': [], 'CAMERA_3': []}",C_LOOKING_FOR_A_CAMERA,MIDDLE,NONE,excuse me I'm looking for a professional camera,FACE_TO_FACE,NONE,S_INTRODUCES_CAMERA,CAMERA_2,,Let me show you this. Here we have the Fujifilm Lumix ILC Camera.,PRESENT_X,CAMERA_2,39~64
459,4,CAMERA_2,['CAMERA_2'],"{'CAMERA_1': [], 'CAMERA_2': ['camera_type'], 'CAMERA_3': []}",C_QUESTION_ABOUT_FEATURE,CAMERA_2,camera_type,is this a DSLR camera,PRESENT_X,CAMERA_2,S_ANSWERS_QUESTION_ABOUT_FEATURE,CAMERA_2,camera_type,This is a digital single lens mirrorless camera.,PRESENT_X,CAMERA_2,10~40
459,5,CAMERA_2,['CAMERA_2'],"{'CAMERA_1': [], 'CAMERA_2': ['camera_type', 'color'], 'CAMERA_3': []}",C_QUESTION_ABOUT_FEATURE,CAMERA_2,color,Is there any other colors for this,PRESENT_X,CAMERA_2,S_ANSWERS_QUESTION_ABOUT_FEATURE,CAMERA_2,color,This one comes in white or pink.,PRESENT_X,CAMERA_2,18~31
459,6,CAMERA_2,['CAMERA_2'],"{'CAMERA_1': [], 'CAMERA_2': ['camera_type', 'color', 'optical_zoom'], 'CAMERA_3': []}",C_SILENT_OR_BACKCHANNEL,CAMERA_2,NONE,that'd be great,PRESENT_X,CAMERA_2,S_INTRODUCES_FEATURE,CAMERA_2,optical_zoom,This one has 21x optical zoom.,PRESENT_X,CAMERA_2,13~29
459,7,NONE,['CAMERA_2'],"{'CAMERA_1': [], 'CAMERA_2': ['camera_type', 'color', 'optical_zoom'], 'CAMERA_3': []}",C_THANK_YOU,CAMERA_2,NONE,ok thank you,PRESENT_X,CAMERA_2,S_THANK_YOU,CAMERA_2,NONE,thank you very much.,FACE_TO_FACE,NONE,
459,8,NONE,['CAMERA_2'],"{'CAMERA_1': [], 'CAMERA_2': ['camera_type', 'color', 'optical_zoom'], 'CAMERA_3': []}",C_LEAVES,DOOR,NONE,,FACE_TO_FACE,NONE,S_RETURNS_TO_COUNTER,SERVICE_COUNTER,NONE,,WAITING,NONE,
460,1,NONE,[],"{'CAMERA_1': [], 'CAMERA_2': [], 'CAMERA_3': []}",C_ENTERS,DOOR,NONE,,WAITING,NONE,S_NONE,SERVICE_COUNTER,NONE,,WAITING,NONE,
460,2,NONE,[],"{'CAMERA_1': [], 'CAMERA_2': [], 'CAMERA_3': []}",C_WALKS_TO_CAMERA,CAMERA_3,NONE,,WAITING,NONE,S_NONE,SERVICE_COUNTER,NONE,,WAITING,NONE,
460,3,NONE,[],"{'CAMERA_1': [], 'CAMERA_2': [], 'CAMERA_3': []}",C_EXAMINES_CAMERA,CAMERA_3,NONE,,WAITING,NONE,S_NONE,SERVICE_COUNTER,NONE,,WAITING,NONE,
460,4,NONE,[],"{'CAMERA_1': [], 'CAMERA_2': [], 'CAMERA_3': []}",C_WALKS_TO_CAMERA,CAMERA_1,NONE,,WAITING,NONE,S_GREETS,CAMERA_1,NONE,can I help you?,FACE_TO_FACE,NONE,
460,5,CAMERA_1,['CAMERA_1'],"{'CAMERA_1': [], 'CAMERA_2': [], 'CAMERA_3': []}",C_LOOKING_FOR_A_CAMERA,CAMERA_1,NONE,I am interested in photography and I'm looking for good camera is there any in the shop which you can recommend,FACE_TO_FACE,NONE,S_INTRODUCES_CAMERA,CAMERA_1,,Let me show you this. Here we have the Sony PowerShot ELPH DMC-ZS3.,PRESENT_X,CAMERA_1,39~66
460,6,CAMERA_1,['CAMERA_1'],"{'CAMERA_1': ['color'], 'CAMERA_2': [], 'CAMERA_3': []}",C_SILENT_OR_BACKCHANNEL,CAMERA_1,NONE,ok,PRESENT_X,CAMERA_1,S_INTRODUCES_FEATURE,CAMERA_1,color,This one comes in blue or black.,PRESENT_X,CAMERA_1,18~31
460,7,NONE,['CAMERA_1'],"{'CAMERA_1': ['color'], 'CAMERA_2': [], 'CAMERA_3': []}",C_THANK_YOU,CAMERA_1,NONE,thank you for help,PRESENT_X,CAMERA_1,S_THANK_YOU,CAMERA_1,NONE,thank you very much.,FACE_TO_FACE,NONE,
460,8,NONE,['CAMERA_1'],"{'CAMERA_1': ['color'], 'CAMERA_2': [], 'CAMERA_3': []}",C_LEAVES,DOOR,NONE,,FACE_TO_FACE,NONE,S_RETURNS_TO_COUNTER,SERVICE_COUNTER,NONE,,WAITING,NONE,
461,1,NONE,[],"{'CAMERA_1': [], 'CAMERA_2': [], 'CAMERA_3': []}",C_ENTERS,DOOR,NONE,,WAITING,NONE,S_NONE,SERVICE_COUNTER,NONE,,WAITING,NONE,
461,2,NONE,[],"{'CAMERA_1': [], 'CAMERA_2': [], 'CAMERA_3': []}",C_GREETS,MIDDLE,NONE,hello,WAITING,NONE,S_GREETS,MIDDLE,NONE,can I help you?,FACE_TO_FACE,NONE,
461,3,CAMERA_2,['CAMERA_2'],"{'CAMERA_1': [], 'CAMERA_2': [], 'CAMERA_3': []}",C_LOOKING_FOR_A_CAMERA,MIDDLE,NONE,I am looking for a camera with them filters on it,FACE_TO_FACE,NONE,S_INTRODUCES_CAMERA,CAMERA_2,,Let me show you this. Here we have the Fujifilm Lumix ILC Camera.,PRESENT_X,CAMERA_2,39~64
461,4,CAMERA_2,['CAMERA_2'],"{'CAMERA_1': [], 'CAMERA_2': ['sensor_size'], 'CAMERA_3': []}",C_SILENT_OR_BACKCHANNEL,CAMERA_2,NONE,yeah,PRESENT_X,CAMERA_2,S_INTRODUCES_FEATURE,CAMERA_2,sensor_size,This one has a 1/2.33 inch sensor.,PRESENT_X,CAMERA_2,15~33
461,5,CAMERA_2,['CAMERA_2'],"{'CAMERA_1': [], 'CAMERA_2': ['sensor_size', 'color'], 'CAMERA_3': []}",C_SILENT_OR_BACKCHANNEL,CAMERA_2,NONE,okay,PRESENT_X,CAMERA_2,S_INTRODUCES_FEATURE,CAMERA_2,color,This one comes in white or pink.,PRESENT_X,CAMERA_2,18~31
461,6,CAMERA_2,['CAMERA_2'],"{'CAMERA_1': [], 'CAMERA_2': ['sensor_size', 'color', 'autofocus_points'], 'CAMERA_3': []}",C_QUESTION_ABOUT_FEATURE,CAMERA_2,autofocus_points,and how many autofocus points does it have,PRESENT_X,CAMERA_2,S_NOT_SURE,CAMERA_2,,I'm not really sure about that.,PRESENT_X,CAMERA_2,
461,7,CAMERA_2,['CAMERA_2'],"{'CAMERA_1': [], 'CAMERA_2': ['sensor_size', 'color', 'autofocus_points', 'effects'], 'CAMERA_3': []}",C_SILENT_OR_BACKCHANNEL,CAMERA_2,NONE,how it looks really good,PRESENT_X,CAMERA_2,S_INTRODUCES_FEATURE,CAMERA_2,effects,"This one has 24 artistic effect modes (retro, lighter or darker skin tones, sepia, etc.).",PRESENT_X,CAMERA_2,13~88
461,8,CAMERA_2,['CAMERA_2'],"{'CAMERA_1': [], 'CAMERA_2': ['sensor_size', 'color', 'autofocus_points', 'effects', 'long_exposure'], 'CAMERA_3': []}",C_QUESTION_ABOUT_FEATURE,CAMERA_2,long_exposure,good good good and long exposure,PRESENT_X,CAMERA_2,S_ANSWERS_QUESTION_ABOUT_FEATURE,CAMERA_2,long_exposure,This one can take long exposures up to 60 minutes max with bulb mode.,PRESENT_X,CAMERA_2,39~68
461,9,CAMERA_2,['CAMERA_2'],"{'CAMERA_1': [], 'CAMERA_2': ['sensor_size', 'color', 'autofocus_points', 'effects', 'long_exposure', 'price'], 'CAMERA_3': []}",C_QUESTION_ABOUT_FEATURE,CAMERA_2,price,how much is this,PRESENT_X,CAMERA_2,S_ANSWERS_QUESTION_ABOUT_FEATURE,CAMERA_2,price,This one costs $768.,PRESENT_X,CAMERA_2,15~19
461,10,NONE,['CAMERA_2'],"{'CAMERA_1': [], 'CAMERA_2': ['sensor_size', 'color', 'autofocus_points', 'effects', 'long_exposure', 'price'], 'CAMERA_3': []}",C_THANK_YOU,CAMERA_2,NONE,thank you for help,PRESENT_X,CAMERA_2,S_THANK_YOU,CAMERA_2,NONE,thank you very much.,FACE_TO_FACE,NONE,
461,11,NONE,['CAMERA_2'],"{'CAMERA_1': [], 'CAMERA_2': ['sensor_size', 'color', 'autofocus_points', 'effects', 'long_exposure', 'price'], 'CAMERA_3': []}",C_LEAVES,DOOR,NONE,,FACE_TO_FACE,NONE,S_RETURNS_TO_COUNTER,SERVICE_COUNTER,NONE,,WAITING,NONE,
462,1,NONE,[],"{'CAMERA_1': [], 'CAMERA_2': [], 'CAMERA_3': []}",C_ENTERS,DOOR,NONE,,WAITING,NONE,S_NONE,SERVICE_COUNTER,NONE,,WAITING,NONE,
462,2,NONE,[],"{'CAMERA_1': [], 'CAMERA_2': [], 'CAMERA_3': []}",C_GREETS,MIDDLE,NONE,excuse me,WAITING,NONE,S_GREETS,MIDDLE,NONE,can I help you?,FACE_TO_FACE,NONE,
462,3,CAMERA_3,['CAMERA_3'],"{'CAMERA_1': [], 'CAMERA_2': [], 'CAMERA_3': []}",C_LOOKING_FOR_A_CAMERA,MIDDLE,NONE,hi good afternoon I'm looking for a camera with very specific about the pictures,FACE_TO_FACE,NONE,S_INTRODUCES_CAMERA,CAMERA_3,,Let me show you this. Here we have the Fujifilm PowerShot ELPH S2800.,PRESENT_X,CAMERA_3,39~68
462,4,CAMERA_3,['CAMERA_3'],"{'CAMERA_1': [], 'CAMERA_2': [], 'CAMERA_3': ['color']}",C_SILENT_OR_BACKCHANNEL,CAMERA_3,NONE,IC,PRESENT_X,CAMERA_3,S_INTRODUCES_FEATURE,CAMERA_3,color,"This one comes in purple, white, silver, blue, red, or pink.",PRESENT_X,CAMERA_3,18~59
462,5,CAMERA_3,['CAMERA_3'],"{'CAMERA_1': [], 'CAMERA_2': [], 'CAMERA_3': ['color', 'autofocus_points']}",C_QUESTION_ABOUT_FEATURE,CAMERA_3,autofocus_points,is it equipped with autofocus,PRESENT_X,CAMERA_3,S_ANSWERS_QUESTION_ABOUT_FEATURE,CAMERA_3,autofocus_points,This one has 214 autofocus points.,PRESENT_X,CAMERA_3,13~33
462,6,CAMERA_3,['CAMERA_3'],"{'CAMERA_1': [], 'CAMERA_2': [], 'CAMERA_3': ['color', 'autofocus_points', 'settings']}",C_SILENT_OR_BACKCHANNEL,CAMERA_3,NONE,okay,PRESENT_X,CAMERA_3,S_INTRODUCES_FEATURE,CAMERA_3,settings,"This one has manual control and various automatic settings (video modeburst shooting, etc.).",PRESENT_X,CAMERA_3,13~91
462,7,NONE,['CAMERA_3'],"{'CAMERA_1': [], 'CAMERA_2': [], 'CAMERA_3': ['color', 'autofocus_points', 'settings']}",C_THANK_YOU,CAMERA_3,NONE,thank you,PRESENT_X,CAMERA_3,S_THANK_YOU,CAMERA_3,NONE,thank you very much.,FACE_TO_FACE,NONE,
462,8,NONE,['CAMERA_3'],"{'CAMERA_1': [], 'CAMERA_2': [], 'CAMERA_3': ['color', 'autofocus_points', 'settings']}",C_LEAVES,DOOR,NONE,,FACE_TO_FACE,NONE,S_RETURNS_TO_COUNTER,SERVICE_COUNTER,NONE,,WAITING,NONE,
463,1,NONE,[],"{'CAMERA_1': [], 'CAMERA_2': [], 'CAMERA_3': []}",C_ENTERS,DOOR,NONE,,WAITING,NONE,S_NONE,SERVICE_COUNTER,NONE,,WAITING,NONE,
463,2,NONE,[],"{'CAMERA_1': [], 'CAMERA_2': [], 'CAMERA_3': []}",C_GREETS,MIDDLE,NONE,sorry excuse him ,WAITING,NONE,S_GREETS,MIDDLE,NONE,can I help you?,FACE_TO_FACE,NONE,
463,3,CAMERA_1,['CAMERA_1'],"{'CAMERA_1': [], 'CAMERA_2': [], 'CAMERA_3': []}",C_LOOKING_FOR_A_CAMERA,MIDDLE,NONE,ho hey just looking for a camera something more high end,FACE_TO_FACE,NONE,S_INTRODUCES_CAMERA,CAMERA_1,,Let me show you this. Here we have the Sony PowerShot ELPH DMC-ZS3.,PRESENT_X,CAMERA_1,39~66
463,4,CAMERA_1,['CAMERA_1'],"{'CAMERA_1': ['price'], 'CAMERA_2': [], 'CAMERA_3': []}",C_QUESTION_ABOUT_FEATURE,CAMERA_1,price,and what about the price,PRESENT_X,CAMERA_1,S_ANSWERS_QUESTION_ABOUT_FEATURE,CAMERA_1,price,This one costs $450.,PRESENT_X,CAMERA_1,15~19
463,5,CAMERA_1,['CAMERA_1'],"{'CAMERA_1': ['price', 'resolution'], 'CAMERA_2': [], 'CAMERA_3': []}",C_QUESTION_ABOUT_FEATURE,CAMERA_1,resolution,what it what is mega pixels,PRESENT_X,CAMERA_1,S_ANSWERS_QUESTION_ABOUT_FEATURE,CAMERA_1,resolution,This one has 17.8 megapixels resolution.,PRESENT_X,CAMERA_1,13~28
463,6,CAMERA_1,['CAMERA_1'],"{'CAMERA_1': ['price', 'resolution', 'camera_type'], 'CAMERA_2': [], 'CAMERA_3': []}",C_QUESTION_ABOUT_FEATURE,CAMERA_1,camera_type,is this a point and shoot camera,PRESENT_X,CAMERA_1,S_ANSWERS_QUESTION_ABOUT_FEATURE,CAMERA_1,camera_type,This is a DSLR camera.,PRESENT_X,CAMERA_1,10~14
463,7,CAMERA_2,"['CAMERA_1', 'CAMERA_2']","{'CAMERA_1': ['price', 'resolution', 'camera_type'], 'CAMERA_2': [], 'CAMERA_3': []}",C_ANYTHING_ELSE_AVAILABLE,CAMERA_1,NONE,do you have any other cameras with preset mode,PRESENT_X,CAMERA_1,S_INTRODUCES_CAMERA,CAMERA_2,,Let me show you this. Here we have the Fujifilm Lumix ILC Camera.,PRESENT_X,CAMERA_2,39~64
463,8,CAMERA_2,"['CAMERA_1', 'CAMERA_2']","{'CAMERA_1': ['price', 'resolution', 'camera_type'], 'CAMERA_2': ['camera_type'], 'CAMERA_3': []}",C_QUESTION_ABOUT_FEATURE,CAMERA_2,camera_type,is this a point and shoot camera,PRESENT_X,CAMERA_2,S_ANSWERS_QUESTION_ABOUT_FEATURE,CAMERA_2,camera_type,This is a digital single lens mirrorless camera.,PRESENT_X,CAMERA_2,10~40
463,9,CAMERA_2,"['CAMERA_1', 'CAMERA_2']","{'CAMERA_1': ['price', 'resolution', 'camera_type'], 'CAMERA_2': ['camera_type', 'weight'], 'CAMERA_3': []}",C_QUESTION_ABOUT_FEATURE,CAMERA_2,weight,ok ok what about the wait is it heavy,PRESENT_X,CAMERA_2,S_ANSWERS_QUESTION_ABOUT_FEATURE,CAMERA_2,weight,This one weighs 820 grams.,PRESENT_X,CAMERA_2,16~25
463,10,CAMERA_2,"['CAMERA_1', 'CAMERA_2']","{'CAMERA_1': ['price', 'resolution', 'camera_type'], 'CAMERA_2': ['camera_type', 'weight', 'effects'], 'CAMERA_3': []}",C_SILENT_OR_BACKCHANNEL,CAMERA_2,NONE,oh wow its looks nice,PRESENT_X,CAMERA_2,S_INTRODUCES_FEATURE,CAMERA_2,effects,"This one has 24 artistic effect modes (retro, lighter or darker skin tones, sepia, etc.).",PRESENT_X,CAMERA_2,13~88
463,11,CAMERA_3,"['CAMERA_1', 'CAMERA_2', 'CAMERA_3']","{'CAMERA_1': ['price', 'resolution', 'camera_type'], 'CAMERA_2': ['camera_type', 'weight', 'effects'], 'CAMERA_3': []}",C_ANYTHING_ELSE_AVAILABLE,CAMERA_2,NONE,Do you have other cameras that I could afford,PRESENT_X,CAMERA_2,S_INTRODUCES_CAMERA,CAMERA_3,,Let me show you this. Here we have the Fujifilm PowerShot ELPH S2800.,PRESENT_X,CAMERA_3,39~68
463,12,CAMERA_3,"['CAMERA_1', 'CAMERA_2', 'CAMERA_3']","{'CAMERA_1': ['price', 'resolution', 'camera_type'], 'CAMERA_2': ['camera_type', 'weight', 'effects'], 'CAMERA_3': ['camera_type']}",C_QUESTION_ABOUT_FEATURE,CAMERA_3,camera_type,what kind of camera is this,PRESENT_X,CAMERA_3,S_ANSWERS_QUESTION_ABOUT_FEATURE,CAMERA_3,camera_type,This is a point and shoot camera.,PRESENT_X,CAMERA_3,10~25
463,13,CAMERA_3,"['CAMERA_1', 'CAMERA_2', 'CAMERA_3']","{'CAMERA_1': ['price', 'resolution', 'camera_type'], 'CAMERA_2': ['camera_type', 'weight', 'effects'], 'CAMERA_3': ['camera_type', 'effects']}",C_QUESTION_ABOUT_FEATURE,CAMERA_3,effects,yeah but I don't really know that stuff does it have any effect modes,PRESENT_X,CAMERA_3,S_ANSWERS_QUESTION_ABOUT_FEATURE,CAMERA_3,effects,"This one has 21 photo effects (small face, retro, big eyes, etc.).",PRESENT_X,CAMERA_3,13~65
463,14,,"['CAMERA_1', 'CAMERA_2', 'CAMERA_3']","{'CAMERA_1': ['price', 'resolution', 'camera_type'], 'CAMERA_2': ['camera_type', 'weight', 'effects'], 'CAMERA_3': ['camera_type', 'effects']}",C_ANYTHING_ELSE_AVAILABLE,CAMERA_3,NONE,do you have anything better than this,PRESENT_X,CAMERA_3,S_THATS_ALL_WE_HAVE_AVAILABLE,CAMERA_3,,That's all we have available at the moment.,PRESENT_X,CAMERA_3,
463,15,NONE,"['CAMERA_1', 'CAMERA_2', 'CAMERA_3']","{'CAMERA_1': ['price', 'resolution', 'camera_type'], 'CAMERA_2': ['camera_type', 'weight', 'effects'], 'CAMERA_3': ['camera_type', 'effects']}",C_THANK_YOU,CAMERA_3,NONE,seems pretty good I think about that but thank you,PRESENT_X,CAMERA_3,S_THANK_YOU,CAMERA_3,NONE,thank you very much.,FACE_TO_FACE,NONE,
463,16,NONE,"['CAMERA_1', 'CAMERA_2', 'CAMERA_3']","{'CAMERA_1': ['price', 'resolution', 'camera_type'], 'CAMERA_2': ['camera_type', 'weight', 'effects'], 'CAMERA_3': ['camera_type', 'effects']}",C_LEAVES,DOOR,NONE,,FACE_TO_FACE,NONE,S_RETURNS_TO_COUNTER,SERVICE_COUNTER,NONE,,WAITING,NONE,
464,1,NONE,[],"{'CAMERA_1': [], 'CAMERA_2': [], 'CAMERA_3': []}",C_ENTERS,DOOR,NONE,,WAITING,NONE,S_NONE,SERVICE_COUNTER,NONE,,WAITING,NONE,
464,2,NONE,[],"{'CAMERA_1': [], 'CAMERA_2': [], 'CAMERA_3': []}",C_GREETS,MIDDLE,NONE,oh I'm sorry I forgot I forgot I forgot to ask you what's optical zoom,WAITING,NONE,S_GREETS,MIDDLE,NONE,can I help you?,FACE_TO_FACE,NONE,
464,3,CAMERA_3,['CAMERA_3'],"{'CAMERA_1': [], 'CAMERA_2': [], 'CAMERA_3': []}",C_LOOKING_FOR_A_CAMERA,MIDDLE,NONE,I'm looking for a lightweight camera,FACE_TO_FACE,NONE,S_INTRODUCES_CAMERA,CAMERA_3,,Let me show you this. Here we have the Fujifilm PowerShot ELPH S2800.,PRESENT_X,CAMERA_3,39~68
464,4,CAMERA_3,['CAMERA_3'],"{'CAMERA_1': [], 'CAMERA_2': [], 'CAMERA_3': ['long_exposure']}",C_SILENT_OR_BACKCHANNEL,CAMERA_3,NONE,okay,PRESENT_X,CAMERA_3,S_INTRODUCES_FEATURE,CAMERA_3,long_exposure,This one can take long exposures up to 30 minutes max with bulb mode.,PRESENT_X,CAMERA_3,39~68
464,5,NONE,['CAMERA_3'],"{'CAMERA_1': [], 'CAMERA_2': [], 'CAMERA_3': ['long_exposure']}",C_THANK_YOU,CAMERA_3,NONE,thank you,PRESENT_X,CAMERA_3,S_THANK_YOU,CAMERA_3,NONE,thank you very much.,FACE_TO_FACE,NONE,
464,6,NONE,['CAMERA_3'],"{'CAMERA_1': [], 'CAMERA_2': [], 'CAMERA_3': ['long_exposure']}",C_LEAVES,DOOR,NONE,,FACE_TO_FACE,NONE,S_RETURNS_TO_COUNTER,SERVICE_COUNTER,NONE,,WAITING,NONE,
465,1,NONE,[],"{'CAMERA_1': [], 'CAMERA_2': [], 'CAMERA_3': []}",C_ENTERS,DOOR,NONE,,WAITING,NONE,S_NONE,SERVICE_COUNTER,NONE,,WAITING,NONE,
465,2,NONE,[],"{'CAMERA_1': [], 'CAMERA_2': [], 'CAMERA_3': []}",C_WALKS_TO_CAMERA,CAMERA_3,NONE,,WAITING,NONE,S_NONE,SERVICE_COUNTER,NONE,,WAITING,NONE,
465,3,CAMERA_3,['CAMERA_3'],"{'CAMERA_1': [], 'CAMERA_2': [], 'CAMERA_3': ['resolution']}",C_QUESTION_ABOUT_FEATURE,CAMERA_3,resolution,how many megapixels is this camera,WAITING,NONE,S_ANSWERS_QUESTION_ABOUT_FEATURE,CAMERA_3,resolution,This one has 23.2 megapixels resolution.,PRESENT_X,CAMERA_3,13~28
465,4,CAMERA_3,['CAMERA_3'],"{'CAMERA_1': [], 'CAMERA_2': [], 'CAMERA_3': ['resolution', 'effects']}",C_SILENT_OR_BACKCHANNEL,CAMERA_3,NONE,okay sounds great and lastly I worry about the out of focus,PRESENT_X,CAMERA_3,S_INTRODUCES_FEATURE,CAMERA_3,effects,"This one has 21 photo effects (small face, retro, big eyes, etc.).",PRESENT_X,CAMERA_3,13~65
465,5,CAMERA_2,"['CAMERA_3', 'CAMERA_2']","{'CAMERA_1': [], 'CAMERA_2': [], 'CAMERA_3': ['resolution', 'effects']}",C_ANYTHING_ELSE_AVAILABLE,CAMERA_3,NONE,Do you have other cameras that I could afford,PRESENT_X,CAMERA_3,S_INTRODUCES_CAMERA,CAMERA_2,,Let me show you this. Here we have the Fujifilm Lumix ILC Camera.,PRESENT_X,CAMERA_2,39~64
465,6,CAMERA_2,"['CAMERA_3', 'CAMERA_2']","{'CAMERA_1': [], 'CAMERA_2': ['long_exposure'], 'CAMERA_3': ['resolution', 'effects']}",C_SILENT_OR_BACKCHANNEL,CAMERA_2,NONE,okay,PRESENT_X,CAMERA_2,S_INTRODUCES_FEATURE,CAMERA_2,long_exposure,This one can take long exposures up to 60 minutes max with bulb mode.,PRESENT_X,CAMERA_2,39~68
465,7,CAMERA_2,"['CAMERA_3', 'CAMERA_2']","{'CAMERA_1': [], 'CAMERA_2': ['long_exposure', 'color'], 'CAMERA_3': ['resolution', 'effects']}",C_SILENT_OR_BACKCHANNEL,CAMERA_2,NONE,ok not too bad not too bad,PRESENT_X,CAMERA_2,S_INTRODUCES_FEATURE,CAMERA_2,color,This one comes in white or pink.,PRESENT_X,CAMERA_2,18~31
465,8,CAMERA_2,"['CAMERA_3', 'CAMERA_2']","{'CAMERA_1': [], 'CAMERA_2': ['long_exposure', 'color', 'weight'], 'CAMERA_3': ['resolution', 'effects']}",C_QUESTION_ABOUT_FEATURE,CAMERA_2,weight,girls pretty hard pretty big how much does it weigh,PRESENT_X,CAMERA_2,S_ANSWERS_QUESTION_ABOUT_FEATURE,CAMERA_2,weight,This one weighs 820 grams.,PRESENT_X,CAMERA_2,16~25
465,9,CAMERA_2,"['CAMERA_3', 'CAMERA_2']","{'CAMERA_1': [], 'CAMERA_2': ['long_exposure', 'color', 'weight', 'price'], 'CAMERA_3': ['resolution', 'effects']}",C_SILENT_OR_BACKCHANNEL,CAMERA_2,NONE,yeah yeah yeah,PRESENT_X,CAMERA_2,S_INTRODUCES_FEATURE,CAMERA_2,price,This one costs $768.,PRESENT_X,CAMERA_2,15~19
465,10,CAMERA_2,"['CAMERA_3', 'CAMERA_2']","{'CAMERA_1': [], 'CAMERA_2': ['long_exposure', 'color', 'weight', 'price', 'effects'], 'CAMERA_3': ['resolution', 'effects']}",C_QUESTION_ABOUT_FEATURE,CAMERA_2,effects,okay that's a record and how many of those effects does it have,PRESENT_X,CAMERA_2,S_ANSWERS_QUESTION_ABOUT_FEATURE,CAMERA_2,effects,"This one has 24 artistic effect modes (retro, lighter or darker skin tones, sepia, etc.).",PRESENT_X,CAMERA_2,13~88
465,11,NONE,"['CAMERA_3', 'CAMERA_2']","{'CAMERA_1': [], 'CAMERA_2': ['long_exposure', 'color', 'weight', 'price', 'effects'], 'CAMERA_3': ['resolution', 'effects']}",C_THANK_YOU,CAMERA_2,NONE,thanks,PRESENT_X,CAMERA_2,S_THANK_YOU,CAMERA_2,NONE,thank you very much.,FACE_TO_FACE,NONE,
465,12,NONE,"['CAMERA_3', 'CAMERA_2']","{'CAMERA_1': [], 'CAMERA_2': ['long_exposure', 'color', 'weight', 'price', 'effects'], 'CAMERA_3': ['resolution', 'effects']}",C_LEAVES,DOOR,NONE,,FACE_TO_FACE,NONE,S_RETURNS_TO_COUNTER,SERVICE_COUNTER,NONE,,WAITING,NONE,
466,1,NONE,[],"{'CAMERA_1': [], 'CAMERA_2': [], 'CAMERA_3': []}",C_ENTERS,DOOR,NONE,,WAITING,NONE,S_NONE,SERVICE_COUNTER,NONE,,WAITING,NONE,
466,2,NONE,[],"{'CAMERA_1': [], 'CAMERA_2': [], 'CAMERA_3': []}",C_GREETS,MIDDLE,NONE,excuse me,WAITING,NONE,S_GREETS,MIDDLE,NONE,can I help you?,FACE_TO_FACE,NONE,
466,3,CAMERA_2,['CAMERA_2'],"{'CAMERA_1': [], 'CAMERA_2': [], 'CAMERA_3': []}",C_LOOKING_FOR_A_CAMERA,MIDDLE,NONE,could I have a look at this camera,FACE_TO_FACE,NONE,S_INTRODUCES_CAMERA,CAMERA_2,,Let me show you this. Here we have the Fujifilm Lumix ILC Camera.,PRESENT_X,CAMERA_2,39~64
466,4,CAMERA_2,['CAMERA_2'],"{'CAMERA_1': [], 'CAMERA_2': ['price'], 'CAMERA_3': []}",C_SILENT_OR_BACKCHANNEL,CAMERA_2,NONE,ok,PRESENT_X,CAMERA_2,S_INTRODUCES_FEATURE,CAMERA_2,price,This one costs $768.,PRESENT_X,CAMERA_2,15~19
466,5,CAMERA_2,['CAMERA_2'],"{'CAMERA_1': [], 'CAMERA_2': ['price', 'sensor_size'], 'CAMERA_3': []}",C_QUESTION_ABOUT_FEATURE,CAMERA_2,sensor_size,what is the sensor size,PRESENT_X,CAMERA_2,S_ANSWERS_QUESTION_ABOUT_FEATURE,CAMERA_2,sensor_size,This one has a 1/2.33 inch sensor.,PRESENT_X,CAMERA_2,15~33
466,6,CAMERA_2,['CAMERA_2'],"{'CAMERA_1': [], 'CAMERA_2': ['price', 'sensor_size', 'settings'], 'CAMERA_3': []}",C_QUESTION_ABOUT_FEATURE,CAMERA_2,settings,how about its ability to adjust settings,PRESENT_X,CAMERA_2,S_ANSWERS_QUESTION_ABOUT_FEATURE,CAMERA_2,settings,"This one has manual control and various automatic settings (video modeburst shooting, etc.).",PRESENT_X,CAMERA_2,13~91
466,7,NONE,['CAMERA_2'],"{'CAMERA_1': [], 'CAMERA_2': ['price', 'sensor_size', 'settings'], 'CAMERA_3': []}",C_THANK_YOU,CAMERA_2,NONE,thank you,PRESENT_X,CAMERA_2,S_THANK_YOU,CAMERA_2,NONE,thank you very much.,FACE_TO_FACE,NONE,
466,8,NONE,['CAMERA_2'],"{'CAMERA_1': [], 'CAMERA_2': ['price', 'sensor_size', 'settings'], 'CAMERA_3': []}",C_LEAVES,DOOR,NONE,,FACE_TO_FACE,NONE,S_RETURNS_TO_COUNTER,SERVICE_COUNTER,NONE,,WAITING,NONE,
467,1,NONE,[],"{'CAMERA_1': [], 'CAMERA_2': [], 'CAMERA_3': []}",C_ENTERS,DOOR,NONE,,WAITING,NONE,S_NONE,SERVICE_COUNTER,NONE,,WAITING,NONE,
467,2,NONE,[],"{'CAMERA_1': [], 'CAMERA_2': [], 'CAMERA_3': []}",C_WALKS_TO_CAMERA,CAMERA_2,NONE,,WAITING,NONE,S_GREETS,CAMERA_2,NONE,can I help you?,FACE_TO_FACE,NONE,
467,3,CAMERA_1,['CAMERA_1'],"{'CAMERA_1': [], 'CAMERA_2': [], 'CAMERA_3': []}",C_LOOKING_FOR_A_CAMERA,CAMERA_2,NONE,yeah I'm looking for a camera something a little bit trendy,FACE_TO_FACE,NONE,S_INTRODUCES_CAMERA,CAMERA_1,,Let me show you this. Here we have the Sony PowerShot ELPH DMC-ZS3.,PRESENT_X,CAMERA_1,39~66
467,4,CAMERA_1,['CAMERA_1'],"{'CAMERA_1': ['weight'], 'CAMERA_2': [], 'CAMERA_3': []}",C_QUESTION_ABOUT_FEATURE,CAMERA_1,weight,wonderful and what about the way,PRESENT_X,CAMERA_1,S_ANSWERS_QUESTION_ABOUT_FEATURE,CAMERA_1,weight,This one weighs 800 grams.,PRESENT_X,CAMERA_1,16~25
467,5,CAMERA_2,"['CAMERA_1', 'CAMERA_2']","{'CAMERA_1': ['weight'], 'CAMERA_2': [], 'CAMERA_3': []}",C_ANYTHING_ELSE_AVAILABLE,CAMERA_1,NONE,I see do you have any other options that you can show me,PRESENT_X,CAMERA_1,S_INTRODUCES_CAMERA,CAMERA_2,,Let me show you this. Here we have the Fujifilm Lumix ILC Camera.,PRESENT_X,CAMERA_2,39~64
467,6,CAMERA_2,"['CAMERA_1', 'CAMERA_2']","{'CAMERA_1': ['weight'], 'CAMERA_2': ['effects'], 'CAMERA_3': []}",C_SILENT_OR_BACKCHANNEL,CAMERA_2,NONE,okay okay,PRESENT_X,CAMERA_2,S_INTRODUCES_FEATURE,CAMERA_2,effects,"This one has 24 artistic effect modes (retro, lighter or darker skin tones, sepia, etc.).",PRESENT_X,CAMERA_2,13~88
467,7,NONE,"['CAMERA_1', 'CAMERA_2']","{'CAMERA_1': ['weight'], 'CAMERA_2': ['effects'], 'CAMERA_3': []}",C_THANK_YOU,CAMERA_2,NONE,thesaurus that you've already been very helpful thank you thank you very much,PRESENT_X,CAMERA_2,S_THANK_YOU,CAMERA_2,NONE,thank you very much.,FACE_TO_FACE,NONE,
467,8,NONE,"['CAMERA_1', 'CAMERA_2']","{'CAMERA_1': ['weight'], 'CAMERA_2': ['effects'], 'CAMERA_3': []}",C_LEAVES,DOOR,NONE,,FACE_TO_FACE,NONE,S_RETURNS_TO_COUNTER,SERVICE_COUNTER,NONE,,WAITING,NONE,
468,1,NONE,[],"{'CAMERA_1': [], 'CAMERA_2': [], 'CAMERA_3': []}",C_ENTERS,DOOR,NONE,,WAITING,NONE,S_NONE,SERVICE_COUNTER,NONE,,WAITING,NONE,
468,2,NONE,[],"{'CAMERA_1': [], 'CAMERA_2': [], 'CAMERA_3': []}",C_WALKS_TO_CAMERA,CAMERA_1,NONE,,WAITING,NONE,S_GREETS,CAMERA_1,NONE,can I help you?,FACE_TO_FACE,NONE,
468,3,CAMERA_2,['CAMERA_2'],"{'CAMERA_1': [], 'CAMERA_2': [], 'CAMERA_3': []}",C_LOOKING_FOR_A_CAMERA,CAMERA_1,NONE,I came to look for a new camera,FACE_TO_FACE,NONE,S_INTRODUCES_CAMERA,CAMERA_2,,Let me show you this. Here we have the Fujifilm Lumix ILC Camera.,PRESENT_X,CAMERA_2,39~64
468,4,CAMERA_2,['CAMERA_2'],"{'CAMERA_1': [], 'CAMERA_2': ['price'], 'CAMERA_3': []}",C_SILENT_OR_BACKCHANNEL,CAMERA_2,NONE,yeah actually looks very good,PRESENT_X,CAMERA_2,S_INTRODUCES_FEATURE,CAMERA_2,price,This one costs $768.,PRESENT_X,CAMERA_2,15~19
468,5,CAMERA_2,['CAMERA_2'],"{'CAMERA_1': [], 'CAMERA_2': ['price', 'autofocus_points'], 'CAMERA_3': []}",C_QUESTION_ABOUT_FEATURE,CAMERA_2,autofocus_points,how to focus points of this camera have,PRESENT_X,CAMERA_2,S_NOT_SURE,CAMERA_2,,I'm not really sure about that.,PRESENT_X,CAMERA_2,
468,6,CAMERA_2,['CAMERA_2'],"{'CAMERA_1': [], 'CAMERA_2': ['price', 'autofocus_points', 'effects'], 'CAMERA_3': []}",C_SILENT_OR_BACKCHANNEL,CAMERA_2,NONE,okay,PRESENT_X,CAMERA_2,S_INTRODUCES_FEATURE,CAMERA_2,effects,"This one has 24 artistic effect modes (retro, lighter or darker skin tones, sepia, etc.).",PRESENT_X,CAMERA_2,13~88
468,7,CAMERA_2,['CAMERA_2'],"{'CAMERA_1': [], 'CAMERA_2': ['price', 'autofocus_points', 'effects', 'color'], 'CAMERA_3': []}",C_SILENT_OR_BACKCHANNEL,CAMERA_2,NONE,you're actually it's the way is feels really nice,PRESENT_X,CAMERA_2,S_INTRODUCES_FEATURE,CAMERA_2,color,This one comes in white or pink.,PRESENT_X,CAMERA_2,18~31
468,8,NONE,['CAMERA_2'],"{'CAMERA_1': [], 'CAMERA_2': ['price', 'autofocus_points', 'effects', 'color'], 'CAMERA_3': []}",C_THANK_YOU,CAMERA_2,NONE,thank you very much,PRESENT_X,CAMERA_2,S_THANK_YOU,CAMERA_2,NONE,thank you very much.,FACE_TO_FACE,NONE,
468,9,NONE,['CAMERA_2'],"{'CAMERA_1': [], 'CAMERA_2': ['price', 'autofocus_points', 'effects', 'color'], 'CAMERA_3': []}",C_LEAVES,DOOR,NONE,,FACE_TO_FACE,NONE,S_RETURNS_TO_COUNTER,SERVICE_COUNTER,NONE,,WAITING,NONE,
469,1,NONE,[],"{'CAMERA_1': [], 'CAMERA_2': [], 'CAMERA_3': []}",C_ENTERS,DOOR,NONE,,WAITING,NONE,S_NONE,SERVICE_COUNTER,NONE,,WAITING,NONE,
469,2,NONE,[],"{'CAMERA_1': [], 'CAMERA_2': [], 'CAMERA_3': []}",C_GREETS,MIDDLE,NONE,use me,WAITING,NONE,S_GREETS,MIDDLE,NONE,can I help you?,FACE_TO_FACE,NONE,
469,3,CAMERA_1,['CAMERA_1'],"{'CAMERA_1': [], 'CAMERA_2': [], 'CAMERA_3': []}",C_LOOKING_FOR_A_CAMERA,MIDDLE,NONE,hi good afternoon I'm looking to buy a new camera and I just needed to be a portable and easy to use ,FACE_TO_FACE,NONE,S_INTRODUCES_CAMERA,CAMERA_1,,Let me show you this. Here we have the Sony PowerShot ELPH DMC-ZS3.,PRESENT_X,CAMERA_1,39~66
469,4,CAMERA_1,['CAMERA_1'],"{'CAMERA_1': ['ISO'], 'CAMERA_2': [], 'CAMERA_3': []}",C_QUESTION_ABOUT_FEATURE,CAMERA_1,ISO,okay And they ISO,PRESENT_X,CAMERA_1,S_ANSWERS_QUESTION_ABOUT_FEATURE,CAMERA_1,ISO,This one has up to 51200 ISO.,PRESENT_X,CAMERA_1,13~28
469,5,CAMERA_1,['CAMERA_1'],"{'CAMERA_1': ['ISO', 'camera_type'], 'CAMERA_2': [], 'CAMERA_3': []}",C_QUESTION_ABOUT_FEATURE,CAMERA_1,camera_type,what kind of camera is this,PRESENT_X,CAMERA_1,S_ANSWERS_QUESTION_ABOUT_FEATURE,CAMERA_1,camera_type,This is a DSLR camera.,PRESENT_X,CAMERA_1,10~14
469,6,CAMERA_2,"['CAMERA_1', 'CAMERA_2']","{'CAMERA_1': ['ISO', 'camera_type'], 'CAMERA_2': [], 'CAMERA_3': []}",C_ANYTHING_ELSE_AVAILABLE,CAMERA_1,NONE,Do you have other cameras that I could afford,PRESENT_X,CAMERA_1,S_INTRODUCES_CAMERA,CAMERA_2,,Let me show you this. Here we have the Fujifilm Lumix ILC Camera.,PRESENT_X,CAMERA_2,39~64
469,7,CAMERA_2,"['CAMERA_1', 'CAMERA_2']","{'CAMERA_1': ['ISO', 'camera_type'], 'CAMERA_2': ['long_exposure'], 'CAMERA_3': []}",C_QUESTION_ABOUT_FEATURE,CAMERA_2,long_exposure,what about the exposure how long can I set it to,PRESENT_X,CAMERA_2,S_ANSWERS_QUESTION_ABOUT_FEATURE,CAMERA_2,long_exposure,This one can take long exposures up to 60 minutes max with bulb mode.,PRESENT_X,CAMERA_2,39~68
469,8,CAMERA_2,"['CAMERA_1', 'CAMERA_2']","{'CAMERA_1': ['ISO', 'camera_type'], 'CAMERA_2': ['long_exposure', 'weight'], 'CAMERA_3': []}",C_SILENT_OR_BACKCHANNEL,CAMERA_2,NONE,looks very good,PRESENT_X,CAMERA_2,S_INTRODUCES_FEATURE,CAMERA_2,weight,This one weighs 820 grams.,PRESENT_X,CAMERA_2,16~25
469,9,CAMERA_2,"['CAMERA_1', 'CAMERA_2']","{'CAMERA_1': ['ISO', 'camera_type'], 'CAMERA_2': ['long_exposure', 'weight', 'color'], 'CAMERA_3': []}",C_QUESTION_ABOUT_FEATURE,CAMERA_2,color,that's cool what colors does it come in,PRESENT_X,CAMERA_2,S_ANSWERS_QUESTION_ABOUT_FEATURE,CAMERA_2,color,This one comes in white or pink.,PRESENT_X,CAMERA_2,18~31
469,10,CAMERA_2,"['CAMERA_1', 'CAMERA_2']","{'CAMERA_1': ['ISO', 'camera_type'], 'CAMERA_2': ['long_exposure', 'weight', 'color', 'sensor_size'], 'CAMERA_3': []}",C_SILENT_OR_BACKCHANNEL,CAMERA_2,NONE,that sounds good,PRESENT_X,CAMERA_2,S_INTRODUCES_FEATURE,CAMERA_2,sensor_size,This one has a 1/2.33 inch sensor.,PRESENT_X,CAMERA_2,15~33
469,11,CAMERA_3,"['CAMERA_1', 'CAMERA_2', 'CAMERA_3']","{'CAMERA_1': ['ISO', 'camera_type'], 'CAMERA_2': ['long_exposure', 'weight', 'color', 'sensor_size'], 'CAMERA_3': []}",C_ANYTHING_ELSE_AVAILABLE,CAMERA_2,NONE,do you have any other cameras that are in this kind,PRESENT_X,CAMERA_2,S_INTRODUCES_CAMERA,CAMERA_3,,Let me show you this. Here we have the Fujifilm PowerShot ELPH S2800.,PRESENT_X,CAMERA_3,39~68
469,12,CAMERA_3,"['CAMERA_1', 'CAMERA_2', 'CAMERA_3']","{'CAMERA_1': ['ISO', 'camera_type'], 'CAMERA_2': ['long_exposure', 'weight', 'color', 'sensor_size'], 'CAMERA_3': ['color']}",C_QUESTION_ABOUT_FEATURE,CAMERA_3,color,can I know if you have any other colors,PRESENT_X,CAMERA_3,S_ANSWERS_QUESTION_ABOUT_FEATURE,CAMERA_3,color,"This one comes in purple, white, silver, blue, red, or pink.",PRESENT_X,CAMERA_3,18~59
469,13,,"['CAMERA_1', 'CAMERA_2', 'CAMERA_3']","{'CAMERA_1': ['ISO', 'camera_type'], 'CAMERA_2': ['long_exposure', 'weight', 'color', 'sensor_size'], 'CAMERA_3': ['color']}",C_ANYTHING_ELSE_AVAILABLE,CAMERA_3,NONE,maybe did you have a another camera you recommend,PRESENT_X,CAMERA_3,S_THATS_ALL_WE_HAVE_AVAILABLE,CAMERA_3,,That's all we have available at the moment.,PRESENT_X,CAMERA_3,
469,14,NONE,"['CAMERA_1', 'CAMERA_2', 'CAMERA_3']","{'CAMERA_1': ['ISO', 'camera_type'], 'CAMERA_2': ['long_exposure', 'weight', 'color', 'sensor_size'], 'CAMERA_3': ['color']}",C_THANK_YOU,CAMERA_3,NONE,thank you very much,PRESENT_X,CAMERA_3,S_THANK_YOU,CAMERA_3,NONE,thank you very much.,FACE_TO_FACE,NONE,
469,15,NONE,"['CAMERA_1', 'CAMERA_2', 'CAMERA_3']","{'CAMERA_1': ['ISO', 'camera_type'], 'CAMERA_2': ['long_exposure', 'weight', 'color', 'sensor_size'], 'CAMERA_3': ['color']}",C_LEAVES,DOOR,NONE,,FACE_TO_FACE,NONE,S_RETURNS_TO_COUNTER,SERVICE_COUNTER,NONE,,WAITING,NONE,
470,1,NONE,[],"{'CAMERA_1': [], 'CAMERA_2': [], 'CAMERA_3': []}",C_ENTERS,DOOR,NONE,,WAITING,NONE,S_NONE,SERVICE_COUNTER,NONE,,WAITING,NONE,
470,2,NONE,[],"{'CAMERA_1': [], 'CAMERA_2': [], 'CAMERA_3': []}",C_WALKS_TO_CAMERA,CAMERA_2,NONE,,WAITING,NONE,S_NONE,SERVICE_COUNTER,NONE,,WAITING,NONE,
470,3,NONE,[],"{'CAMERA_1': [], 'CAMERA_2': [], 'CAMERA_3': []}",C_EXAMINES_CAMERA,CAMERA_2,NONE,,WAITING,NONE,S_NONE,SERVICE_COUNTER,NONE,,WAITING,NONE,
470,4,NONE,[],"{'CAMERA_1': [], 'CAMERA_2': [], 'CAMERA_3': []}",C_WALKS_TO_CAMERA,CAMERA_1,NONE,,WAITING,NONE,S_GREETS,CAMERA_1,NONE,can I help you?,FACE_TO_FACE,NONE,
470,5,CAMERA_2,['CAMERA_2'],"{'CAMERA_1': [], 'CAMERA_2': [], 'CAMERA_3': []}",C_LOOKING_FOR_A_CAMERA,CAMERA_1,NONE,hi Crafternoon I'm looking for a camera with very specific settings,FACE_TO_FACE,NONE,S_INTRODUCES_CAMERA,CAMERA_2,,Let me show you this. Here we have the Fujifilm Lumix ILC Camera.,PRESENT_X,CAMERA_2,39~64
470,6,CAMERA_2,['CAMERA_2'],"{'CAMERA_1': [], 'CAMERA_2': ['settings'], 'CAMERA_3': []}",C_QUESTION_ABOUT_FEATURE,CAMERA_2,settings,what about the manual settings still all the manual settings of the old one,PRESENT_X,CAMERA_2,S_ANSWERS_QUESTION_ABOUT_FEATURE,CAMERA_2,settings,"This one has manual control and various automatic settings (video modeburst shooting, etc.).",PRESENT_X,CAMERA_2,13~91
470,7,CAMERA_2,['CAMERA_2'],"{'CAMERA_1': [], 'CAMERA_2': ['settings', 'color'], 'CAMERA_3': []}",C_QUESTION_ABOUT_FEATURE,CAMERA_2,color,tell me what color is this one comes in,PRESENT_X,CAMERA_2,S_ANSWERS_QUESTION_ABOUT_FEATURE,CAMERA_2,color,This one comes in white or pink.,PRESENT_X,CAMERA_2,18~31
470,8,CAMERA_2,['CAMERA_2'],"{'CAMERA_1': [], 'CAMERA_2': ['settings', 'color', 'camera_type'], 'CAMERA_3': []}",C_QUESTION_ABOUT_FEATURE,CAMERA_2,camera_type,is this a point and shoot camera,PRESENT_X,CAMERA_2,S_ANSWERS_QUESTION_ABOUT_FEATURE,CAMERA_2,camera_type,This is a digital single lens mirrorless camera.,PRESENT_X,CAMERA_2,10~40
470,9,CAMERA_3,"['CAMERA_2', 'CAMERA_3']","{'CAMERA_1': [], 'CAMERA_2': ['settings', 'color', 'camera_type'], 'CAMERA_3': []}",C_ANYTHING_ELSE_AVAILABLE,CAMERA_2,NONE,okay do you have any other cameras I might be interested,PRESENT_X,CAMERA_2,S_INTRODUCES_CAMERA,CAMERA_3,,Let me show you this. Here we have the Fujifilm PowerShot ELPH S2800.,PRESENT_X,CAMERA_3,39~68
470,10,CAMERA_3,"['CAMERA_2', 'CAMERA_3']","{'CAMERA_1': [], 'CAMERA_2': ['settings', 'color', 'camera_type'], 'CAMERA_3': ['ISO']}",C_SILENT_OR_BACKCHANNEL,CAMERA_3,NONE,you too seems not too bad though,PRESENT_X,CAMERA_3,S_INTRODUCES_FEATURE,CAMERA_3,ISO,This one has up to 3200 ISO with little noise.,PRESENT_X,CAMERA_3,13~45
470,11,CAMERA_3,"['CAMERA_2', 'CAMERA_3']","{'CAMERA_1': [], 'CAMERA_2': ['settings', 'color', 'camera_type'], 'CAMERA_3': ['ISO', 'settings']}",C_SILENT_OR_BACKCHANNEL,CAMERA_3,NONE,let's see,PRESENT_X,CAMERA_3,S_INTRODUCES_FEATURE,CAMERA_3,settings,"This one has manual control and various automatic settings (video modeburst shooting, etc.).",PRESENT_X,CAMERA_3,13~91
470,12,CAMERA_3,"['CAMERA_2', 'CAMERA_3']","{'CAMERA_1': [], 'CAMERA_2': ['settings', 'color', 'camera_type'], 'CAMERA_3': ['ISO', 'settings', 'camera_type']}",C_QUESTION_ABOUT_FEATURE,CAMERA_3,camera_type,is this a DSLR camera,PRESENT_X,CAMERA_3,S_ANSWERS_QUESTION_ABOUT_FEATURE,CAMERA_3,camera_type,This is a point and shoot camera.,PRESENT_X,CAMERA_3,10~25
470,13,CAMERA_3,"['CAMERA_2', 'CAMERA_3']","{'CAMERA_1': [], 'CAMERA_2': ['settings', 'color', 'camera_type'], 'CAMERA_3': ['ISO', 'settings', 'camera_type', 'color']}",C_QUESTION_ABOUT_FEATURE,CAMERA_3,color,oh yeah it's it's like what do you have anything on it or any other colors,PRESENT_X,CAMERA_3,S_ANSWERS_QUESTION_ABOUT_FEATURE,CAMERA_3,color,"This one comes in purple, white, silver, blue, red, or pink.",PRESENT_X,CAMERA_3,18~59
470,14,CAMERA_3,"['CAMERA_2', 'CAMERA_3']","{'CAMERA_1': [], 'CAMERA_2': ['settings', 'color', 'camera_type'], 'CAMERA_3': ['ISO', 'settings', 'camera_type', 'color', 'price']}",C_SILENT_OR_BACKCHANNEL,CAMERA_3,NONE,IC,PRESENT_X,CAMERA_3,S_INTRODUCES_FEATURE,CAMERA_3,price,This one costs $518.,PRESENT_X,CAMERA_3,15~19
470,15,CAMERA_3,"['CAMERA_2', 'CAMERA_3']","{'CAMERA_1': [], 'CAMERA_2': ['settings', 'color', 'camera_type'], 'CAMERA_3': ['ISO', 'settings', 'camera_type', 'color', 'price', 'long_exposure']}",C_QUESTION_ABOUT_FEATURE,CAMERA_3,long_exposure,Odysseus up with long exposure,PRESENT_X,CAMERA_3,S_ANSWERS_QUESTION_ABOUT_FEATURE,CAMERA_3,long_exposure,This one can take long exposures up to 30 minutes max with bulb mode.,PRESENT_X,CAMERA_3,39~68
470,16,CAMERA_3,"['CAMERA_2', 'CAMERA_3']","{'CAMERA_1': [], 'CAMERA_2': ['settings', 'color', 'camera_type'], 'CAMERA_3': ['ISO', 'settings', 'camera_type', 'color', 'price', 'long_exposure', 'optical_zoom']}",C_QUESTION_ABOUT_FEATURE,CAMERA_3,optical_zoom,I see ok can the optical zoom what does that do,PRESENT_X,CAMERA_3,S_NOT_SURE,CAMERA_3,,I'm not really sure about that.,PRESENT_X,CAMERA_3,
470,17,CAMERA_3,"['CAMERA_2', 'CAMERA_3']","{'CAMERA_1': [], 'CAMERA_2': ['settings', 'color', 'camera_type'], 'CAMERA_3': ['ISO', 'settings', 'camera_type', 'color', 'price', 'long_exposure', 'optical_zoom', 'weight']}",C_SILENT_OR_BACKCHANNEL,CAMERA_3,NONE,yeah actually looks very good,PRESENT_X,CAMERA_3,S_INTRODUCES_FEATURE,CAMERA_3,weight,This one weighs 820 grams.,PRESENT_X,CAMERA_3,16~25
470,18,CAMERA_3,"['CAMERA_2', 'CAMERA_3']","{'CAMERA_1': [], 'CAMERA_2': ['settings', 'color', 'camera_type'], 'CAMERA_3': ['ISO', 'settings', 'camera_type', 'color', 'price', 'long_exposure', 'optical_zoom', 'weight', 'sensor_size']}",C_SILENT_OR_BACKCHANNEL,CAMERA_3,NONE,I say so,PRESENT_X,CAMERA_3,S_INTRODUCES_FEATURE,CAMERA_3,sensor_size,This one has a full frame.,PRESENT_X,CAMERA_3,15~25
470,19,CAMERA_3,"['CAMERA_2', 'CAMERA_3']","{'CAMERA_1': [], 'CAMERA_2': ['settings', 'color', 'camera_type'], 'CAMERA_3': ['ISO', 'settings', 'camera_type', 'color', 'price', 'long_exposure', 'optical_zoom', 'weight', 'sensor_size', 'preset_modes']}",C_QUESTION_ABOUT_FEATURE,CAMERA_3,preset_modes,is the other one with menu settings is that lighter or heavier than its camera,PRESENT_X,CAMERA_3,S_ANSWERS_QUESTION_ABOUT_FEATURE,CAMERA_3,preset_modes,This one has various preset modes.,PRESENT_X,CAMERA_3,13~33
470,20,CAMERA_3,"['CAMERA_2', 'CAMERA_3']","{'CAMERA_1': [], 'CAMERA_2': ['settings', 'color', 'camera_type'], 'CAMERA_3': ['ISO', 'settings', 'camera_type', 'color', 'price', 'long_exposure', 'optical_zoom', 'weight', 'sensor_size', 'preset_modes', 'effects']}",C_QUESTION_ABOUT_FEATURE,CAMERA_3,effects,what about the artistic effect,PRESENT_X,CAMERA_3,S_ANSWERS_QUESTION_ABOUT_FEATURE,CAMERA_3,effects,"This one has 21 photo effects (small face, retro, big eyes, etc.).",PRESENT_X,CAMERA_3,13~65
470,21,CAMERA_3,"['CAMERA_2', 'CAMERA_3']","{'CAMERA_1': [], 'CAMERA_2': ['settings', 'color', 'camera_type'], 'CAMERA_3': ['ISO', 'settings', 'camera_type', 'color', 'price', 'long_exposure', 'optical_zoom', 'weight', 'sensor_size', 'preset_modes', 'effects', 'resolution']}",C_QUESTION_ABOUT_FEATURE,CAMERA_3,resolution,how many megapixels does it have,PRESENT_X,CAMERA_3,S_ANSWERS_QUESTION_ABOUT_FEATURE,CAMERA_3,resolution,This one has 23.2 megapixels resolution.,PRESENT_X,CAMERA_3,13~28
470,22,CAMERA_3,"['CAMERA_2', 'CAMERA_3']","{'CAMERA_1': [], 'CAMERA_2': ['settings', 'color', 'camera_type'], 'CAMERA_3': ['ISO', 'settings', 'camera_type', 'color', 'price', 'long_exposure', 'optical_zoom', 'weight', 'sensor_size', 'preset_modes', 'effects', 'resolution', 'autofocus_points']}",C_QUESTION_ABOUT_FEATURE,CAMERA_3,autofocus_points,what about this cameras number of auto focus points,PRESENT_X,CAMERA_3,S_ANSWERS_QUESTION_ABOUT_FEATURE,CAMERA_3,autofocus_points,This one has 214 autofocus points.,PRESENT_X,CAMERA_3,13~33
470,23,CAMERA_3,"['CAMERA_2', 'CAMERA_3']","{'CAMERA_1': [], 'CAMERA_2': ['settings', 'color', 'camera_type'], 'CAMERA_3': ['ISO', 'settings', 'camera_type', 'color', 'price', 'long_exposure', 'optical_zoom', 'weight', 'sensor_size', 'preset_modes', 'effects', 'resolution', 'autofocus_points', 'resolution']}",C_SILENT_OR_BACKCHANNEL,CAMERA_3,NONE,I get,PRESENT_X,CAMERA_3,S_INTRODUCES_FEATURE,CAMERA_3,resolution,This one has 23.2 megapixels resolution.,PRESENT_X,CAMERA_3,13~28
470,24,CAMERA_3,"['CAMERA_2', 'CAMERA_3']","{'CAMERA_1': [], 'CAMERA_2': ['settings', 'color', 'camera_type'], 'CAMERA_3': ['ISO', 'settings', 'camera_type', 'color', 'price', 'long_exposure', 'optical_zoom', 'weight', 'sensor_size', 'preset_modes', 'effects', 'resolution', 'autofocus_points', 'resolution', 'resolution']}",C_QUESTION_ABOUT_FEATURE,CAMERA_3,resolution,um how about the megapixels for the camera,PRESENT_X,CAMERA_3,S_ANSWERS_QUESTION_ABOUT_FEATURE,CAMERA_3,resolution,This one has 23.2 megapixels resolution.,PRESENT_X,CAMERA_3,13~28
470,25,CAMERA_3,"['CAMERA_2', 'CAMERA_3']","{'CAMERA_1': [], 'CAMERA_2': ['settings', 'color', 'camera_type'], 'CAMERA_3': ['ISO', 'settings', 'camera_type', 'color', 'price', 'long_exposure', 'optical_zoom', 'weight', 'sensor_size', 'preset_modes', 'effects', 'resolution', 'autofocus_points', 'resolution', 'resolution', 'sensor_size']}",C_QUESTION_ABOUT_FEATURE,CAMERA_3,sensor_size,what is the sensor size,PRESENT_X,CAMERA_3,S_ANSWERS_QUESTION_ABOUT_FEATURE,CAMERA_3,sensor_size,This one has a full frame.,PRESENT_X,CAMERA_3,15~25
470,26,CAMERA_3,"['CAMERA_2', 'CAMERA_3']","{'CAMERA_1': [], 'CAMERA_2': ['settings', 'color', 'camera_type'], 'CAMERA_3': ['ISO', 'settings', 'camera_type', 'color', 'price', 'long_exposure', 'optical_zoom', 'weight', 'sensor_size', 'preset_modes', 'effects', 'resolution', 'autofocus_points', 'resolution', 'resolution', 'sensor_size', 'settings']}",C_QUESTION_ABOUT_FEATURE,CAMERA_3,settings,okay uh are there any automatic settings on this phone,PRESENT_X,CAMERA_3,S_ANSWERS_QUESTION_ABOUT_FEATURE,CAMERA_3,settings,"This one has manual control and various automatic settings (video modeburst shooting, etc.).",PRESENT_X,CAMERA_3,13~91
470,27,CAMERA_3,"['CAMERA_2', 'CAMERA_3']","{'CAMERA_1': [], 'CAMERA_2': ['settings', 'color', 'camera_type'], 'CAMERA_3': ['ISO', 'settings', 'camera_type', 'color', 'price', 'long_exposure', 'optical_zoom', 'weight', 'sensor_size', 'preset_modes', 'effects', 'resolution', 'autofocus_points', 'resolution', 'resolution', 'sensor_size', 'settings', 'camera_type']}",C_SILENT_OR_BACKCHANNEL,CAMERA_3,NONE,okay,PRESENT_X,CAMERA_3,S_INTRODUCES_FEATURE,CAMERA_3,camera_type,This is a point and shoot camera.,PRESENT_X,CAMERA_3,10~25
470,28,CAMERA_1,"['CAMERA_2', 'CAMERA_3', 'CAMERA_1']","{'CAMERA_1': [], 'CAMERA_2': ['settings', 'color', 'camera_type'], 'CAMERA_3': ['ISO', 'settings', 'camera_type', 'color', 'price', 'long_exposure', 'optical_zoom', 'weight', 'sensor_size', 'preset_modes', 'effects', 'resolution', 'autofocus_points', 'resolution', 'resolution', 'sensor_size', 'settings', 'camera_type']}",C_ANYTHING_ELSE_AVAILABLE,CAMERA_3,NONE,I see do you have any other options that you can show me,PRESENT_X,CAMERA_3,S_INTRODUCES_CAMERA,CAMERA_1,,Let me show you this. Here we have the Sony PowerShot ELPH DMC-ZS3.,PRESENT_X,CAMERA_1,39~66
470,29,CAMERA_1,"['CAMERA_2', 'CAMERA_3', 'CAMERA_1']","{'CAMERA_1': ['preset_modes'], 'CAMERA_2': ['settings', 'color', 'camera_type'], 'CAMERA_3': ['ISO', 'settings', 'camera_type', 'color', 'price', 'long_exposure', 'optical_zoom', 'weight', 'sensor_size', 'preset_modes', 'effects', 'resolution', 'autofocus_points', 'resolution', 'resolution', 'sensor_size', 'settings', 'camera_type']}",C_QUESTION_ABOUT_FEATURE,CAMERA_1,preset_modes,Does this support for does mode,PRESENT_X,CAMERA_1,S_NOT_SURE,CAMERA_1,,I'm not really sure about that.,PRESENT_X,CAMERA_1,
470,30,CAMERA_1,"['CAMERA_2', 'CAMERA_3', 'CAMERA_1']","{'CAMERA_1': ['preset_modes', 'sensor_size'], 'CAMERA_2': ['settings', 'color', 'camera_type'], 'CAMERA_3': ['ISO', 'settings', 'camera_type', 'color', 'price', 'long_exposure', 'optical_zoom', 'weight', 'sensor_size', 'preset_modes', 'effects', 'resolution', 'autofocus_points', 'resolution', 'resolution', 'sensor_size', 'settings', 'camera_type']}",C_QUESTION_ABOUT_FEATURE,CAMERA_1,sensor_size,what's is a like on this camera,PRESENT_X,CAMERA_1,S_ANSWERS_QUESTION_ABOUT_FEATURE,CAMERA_1,sensor_size,This one has a 1/2.3 inch CMOS sensor.,PRESENT_X,CAMERA_1,15~37
470,31,CAMERA_1,"['CAMERA_2', 'CAMERA_3', 'CAMERA_1']","{'CAMERA_1': ['preset_modes', 'sensor_size', 'optical_zoom'], 'CAMERA_2': ['settings', 'color', 'camera_type'], 'CAMERA_3': ['ISO', 'settings', 'camera_type', 'color', 'price', 'long_exposure', 'optical_zoom', 'weight', 'sensor_size', 'preset_modes', 'effects', 'resolution', 'autofocus_points', 'resolution', 'resolution', 'sensor_size', 'settings', 'camera_type']}",C_QUESTION_ABOUT_FEATURE,CAMERA_1,optical_zoom,What about the Zoom,PRESENT_X,CAMERA_1,S_ANSWERS_QUESTION_ABOUT_FEATURE,CAMERA_1,optical_zoom,This one has 21x optical zoom.,PRESENT_X,CAMERA_1,13~29
470,32,,"['CAMERA_2', 'CAMERA_3', 'CAMERA_1']","{'CAMERA_1': ['preset_modes', 'sensor_size', 'optical_zoom'], 'CAMERA_2': ['settings', 'color', 'camera_type'], 'CAMERA_3': ['ISO', 'settings', 'camera_type', 'color', 'price', 'long_exposure', 'optical_zoom', 'weight', 'sensor_size', 'preset_modes', 'effects', 'resolution', 'autofocus_points', 'resolution', 'resolution', 'sensor_size', 'settings', 'camera_type']}",C_ANYTHING_ELSE_AVAILABLE,CAMERA_1,NONE,So this is the only model you have in your shop,PRESENT_X,CAMERA_1,S_THATS_ALL_WE_HAVE_AVAILABLE,CAMERA_1,,That's all we have available at the moment.,PRESENT_X,CAMERA_1,
470,33,NONE,"['CAMERA_2', 'CAMERA_3', 'CAMERA_1']","{'CAMERA_1': ['preset_modes', 'sensor_size', 'optical_zoom'], 'CAMERA_2': ['settings', 'color', 'camera_type'], 'CAMERA_3': ['ISO', 'settings', 'camera_type', 'color', 'price', 'long_exposure', 'optical_zoom', 'weight', 'sensor_size', 'preset_modes', 'effects', 'resolution', 'autofocus_points', 'resolution', 'resolution', 'sensor_size', 'settings', 'camera_type']}",C_THANK_YOU,CAMERA_1,NONE,okay thanks,PRESENT_X,CAMERA_1,S_THANK_YOU,CAMERA_1,NONE,thank you very much.,FACE_TO_FACE,NONE,
470,34,NONE,"['CAMERA_2', 'CAMERA_3', 'CAMERA_1']","{'CAMERA_1': ['preset_modes', 'sensor_size', 'optical_zoom'], 'CAMERA_2': ['settings', 'color', 'camera_type'], 'CAMERA_3': ['ISO', 'settings', 'camera_type', 'color', 'price', 'long_exposure', 'optical_zoom', 'weight', 'sensor_size', 'preset_modes', 'effects', 'resolution', 'autofocus_points', 'resolution', 'resolution', 'sensor_size', 'settings', 'camera_type']}",C_LEAVES,DOOR,NONE,,FACE_TO_FACE,NONE,S_RETURNS_TO_COUNTER,SERVICE_COUNTER,NONE,,WAITING,NONE,
471,1,NONE,[],"{'CAMERA_1': [], 'CAMERA_2': [], 'CAMERA_3': []}",C_ENTERS,DOOR,NONE,,WAITING,NONE,S_NONE,SERVICE_COUNTER,NONE,,WAITING,NONE,
471,2,NONE,[],"{'CAMERA_1': [], 'CAMERA_2': [], 'CAMERA_3': []}",C_GREETS,MIDDLE,NONE,kiss me,WAITING,NONE,S_GREETS,MIDDLE,NONE,can I help you?,FACE_TO_FACE,NONE,
471,3,CAMERA_2,['CAMERA_2'],"{'CAMERA_1': [], 'CAMERA_2': [], 'CAMERA_3': []}",C_LOOKING_FOR_A_CAMERA,MIDDLE,NONE,I'm just looking around for nothing,FACE_TO_FACE,NONE,S_INTRODUCES_CAMERA,CAMERA_2,,Let me show you this. Here we have the Fujifilm Lumix ILC Camera.,PRESENT_X,CAMERA_2,39~64
471,4,CAMERA_2,['CAMERA_2'],"{'CAMERA_1': [], 'CAMERA_2': ['ISO'], 'CAMERA_3': []}",C_QUESTION_ABOUT_FEATURE,CAMERA_2,ISO,how high is the ISO,PRESENT_X,CAMERA_2,S_NOT_SURE,CAMERA_2,,I'm not really sure about that.,PRESENT_X,CAMERA_2,
471,5,CAMERA_2,['CAMERA_2'],"{'CAMERA_1': [], 'CAMERA_2': ['ISO', 'optical_zoom'], 'CAMERA_3': []}",C_QUESTION_ABOUT_FEATURE,CAMERA_2,optical_zoom,what about the optical zoom,PRESENT_X,CAMERA_2,S_ANSWERS_QUESTION_ABOUT_FEATURE,CAMERA_2,optical_zoom,This one has 21x optical zoom.,PRESENT_X,CAMERA_2,13~29
471,6,CAMERA_2,['CAMERA_2'],"{'CAMERA_1': [], 'CAMERA_2': ['ISO', 'optical_zoom', 'camera_type'], 'CAMERA_3': []}",C_QUESTION_ABOUT_FEATURE,CAMERA_2,camera_type,is this a point and shoot camera,PRESENT_X,CAMERA_2,S_ANSWERS_QUESTION_ABOUT_FEATURE,CAMERA_2,camera_type,This is a digital single lens mirrorless camera.,PRESENT_X,CAMERA_2,10~40
471,7,CAMERA_2,['CAMERA_2'],"{'CAMERA_1': [], 'CAMERA_2': ['ISO', 'optical_zoom', 'camera_type', 'settings'], 'CAMERA_3': []}",C_QUESTION_ABOUT_FEATURE,CAMERA_2,settings,sounds good what about the manual settings,PRESENT_X,CAMERA_2,S_ANSWERS_QUESTION_ABOUT_FEATURE,CAMERA_2,settings,"This one has manual control and various automatic settings (video modeburst shooting, etc.).",PRESENT_X,CAMERA_2,13~91
471,8,CAMERA_3,"['CAMERA_2', 'CAMERA_3']","{'CAMERA_1': [], 'CAMERA_2': ['ISO', 'optical_zoom', 'camera_type', 'settings'], 'CAMERA_3': []}",C_ANYTHING_ELSE_AVAILABLE,CAMERA_2,NONE,do you have any other cameras with preset mode,PRESENT_X,CAMERA_2,S_INTRODUCES_CAMERA,CAMERA_3,,Let me show you this. Here we have the Fujifilm PowerShot ELPH S2800.,PRESENT_X,CAMERA_3,39~68
471,9,CAMERA_3,"['CAMERA_2', 'CAMERA_3']","{'CAMERA_1': [], 'CAMERA_2': ['ISO', 'optical_zoom', 'camera_type', 'settings'], 'CAMERA_3': ['long_exposure']}",C_QUESTION_ABOUT_FEATURE,CAMERA_3,long_exposure,and I see that it does long exposures does it have bulb mode,PRESENT_X,CAMERA_3,S_ANSWERS_QUESTION_ABOUT_FEATURE,CAMERA_3,long_exposure,This one can take long exposures up to 30 minutes max with bulb mode.,PRESENT_X,CAMERA_3,39~68
471,10,CAMERA_3,"['CAMERA_2', 'CAMERA_3']","{'CAMERA_1': [], 'CAMERA_2': ['ISO', 'optical_zoom', 'camera_type', 'settings'], 'CAMERA_3': ['long_exposure', 'optical_zoom']}",C_QUESTION_ABOUT_FEATURE,CAMERA_3,optical_zoom,okay can you tell me what optical zoom it has,PRESENT_X,CAMERA_3,S_NOT_SURE,CAMERA_3,,I'm not really sure about that.,PRESENT_X,CAMERA_3,
471,11,CAMERA_3,"['CAMERA_2', 'CAMERA_3']","{'CAMERA_1': [], 'CAMERA_2': ['ISO', 'optical_zoom', 'camera_type', 'settings'], 'CAMERA_3': ['long_exposure', 'optical_zoom', 'effects']}",C_QUESTION_ABOUT_FEATURE,CAMERA_3,effects,what about the artistic effect,PRESENT_X,CAMERA_3,S_ANSWERS_QUESTION_ABOUT_FEATURE,CAMERA_3,effects,"This one has 21 photo effects (small face, retro, big eyes, etc.).",PRESENT_X,CAMERA_3,13~65
471,12,CAMERA_3,"['CAMERA_2', 'CAMERA_3']","{'CAMERA_1': [], 'CAMERA_2': ['ISO', 'optical_zoom', 'camera_type', 'settings'], 'CAMERA_3': ['long_exposure', 'optical_zoom', 'effects', 'camera_type']}",C_QUESTION_ABOUT_FEATURE,CAMERA_3,camera_type,Is this a mirrorless camera?,PRESENT_X,CAMERA_3,S_ANSWERS_QUESTION_ABOUT_FEATURE,CAMERA_3,camera_type,This is a point and shoot camera.,PRESENT_X,CAMERA_3,10~25
471,13,CAMERA_3,"['CAMERA_2', 'CAMERA_3']","{'CAMERA_1': [], 'CAMERA_2': ['ISO', 'optical_zoom', 'camera_type', 'settings'], 'CAMERA_3': ['long_exposure', 'optical_zoom', 'effects', 'camera_type', 'preset_modes']}",C_QUESTION_ABOUT_FEATURE,CAMERA_3,preset_modes,does it have like candle mode,PRESENT_X,CAMERA_3,S_ANSWERS_QUESTION_ABOUT_FEATURE,CAMERA_3,preset_modes,This one has various preset modes.,PRESENT_X,CAMERA_3,13~33
471,14,CAMERA_3,"['CAMERA_2', 'CAMERA_3']","{'CAMERA_1': [], 'CAMERA_2': ['ISO', 'optical_zoom', 'camera_type', 'settings'], 'CAMERA_3': ['long_exposure', 'optical_zoom', 'effects', 'camera_type', 'preset_modes', 'resolution']}",C_QUESTION_ABOUT_FEATURE,CAMERA_3,resolution,how many megapixels does it have,PRESENT_X,CAMERA_3,S_ANSWERS_QUESTION_ABOUT_FEATURE,CAMERA_3,resolution,This one has 23.2 megapixels resolution.,PRESENT_X,CAMERA_3,13~28
471,15,CAMERA_3,"['CAMERA_2', 'CAMERA_3']","{'CAMERA_1': [], 'CAMERA_2': ['ISO', 'optical_zoom', 'camera_type', 'settings'], 'CAMERA_3': ['long_exposure', 'optical_zoom', 'effects', 'camera_type', 'preset_modes', 'resolution', 'sensor_size']}",C_QUESTION_ABOUT_FEATURE,CAMERA_3,sensor_size,and how big is the sensor,PRESENT_X,CAMERA_3,S_ANSWERS_QUESTION_ABOUT_FEATURE,CAMERA_3,sensor_size,This one has a full frame.,PRESENT_X,CAMERA_3,15~25
471,16,CAMERA_1,"['CAMERA_2', 'CAMERA_3', 'CAMERA_1']","{'CAMERA_1': [], 'CAMERA_2': ['ISO', 'optical_zoom', 'camera_type', 'settings'], 'CAMERA_3': ['long_exposure', 'optical_zoom', 'effects', 'camera_type', 'preset_modes', 'resolution', 'sensor_size']}",C_ANYTHING_ELSE_AVAILABLE,CAMERA_3,NONE,can you recommend another camera similar to this,PRESENT_X,CAMERA_3,S_INTRODUCES_CAMERA,CAMERA_1,,Let me show you this. Here we have the Sony PowerShot ELPH DMC-ZS3.,PRESENT_X,CAMERA_1,39~66
471,17,CAMERA_1,"['CAMERA_2', 'CAMERA_3', 'CAMERA_1']","{'CAMERA_1': ['resolution'], 'CAMERA_2': ['ISO', 'optical_zoom', 'camera_type', 'settings'], 'CAMERA_3': ['long_exposure', 'optical_zoom', 'effects', 'camera_type', 'preset_modes', 'resolution', 'sensor_size']}",C_QUESTION_ABOUT_FEATURE,CAMERA_1,resolution,how many megapixels is this camera information of the resolution,PRESENT_X,CAMERA_1,S_ANSWERS_QUESTION_ABOUT_FEATURE,CAMERA_1,resolution,This one has 17.8 megapixels resolution.,PRESENT_X,CAMERA_1,13~28
471,18,CAMERA_1,"['CAMERA_2', 'CAMERA_3', 'CAMERA_1']","{'CAMERA_1': ['resolution', 'autofocus_points'], 'CAMERA_2': ['ISO', 'optical_zoom', 'camera_type', 'settings'], 'CAMERA_3': ['long_exposure', 'optical_zoom', 'effects', 'camera_type', 'preset_modes', 'resolution', 'sensor_size']}",C_QUESTION_ABOUT_FEATURE,CAMERA_1,autofocus_points,and what about the auto focus points,PRESENT_X,CAMERA_1,S_ANSWERS_QUESTION_ABOUT_FEATURE,CAMERA_1,autofocus_points,This one has 135 autofocus points.,PRESENT_X,CAMERA_1,13~33
471,19,CAMERA_1,"['CAMERA_2', 'CAMERA_3', 'CAMERA_1']","{'CAMERA_1': ['resolution', 'autofocus_points', 'long_exposure'], 'CAMERA_2': ['ISO', 'optical_zoom', 'camera_type', 'settings'], 'CAMERA_3': ['long_exposure', 'optical_zoom', 'effects', 'camera_type', 'preset_modes', 'resolution', 'sensor_size']}",C_SILENT_OR_BACKCHANNEL,CAMERA_1,NONE,IC,PRESENT_X,CAMERA_1,S_INTRODUCES_FEATURE,CAMERA_1,long_exposure,This one can take long exposures up to up to 15 seconds with Long Shutter Mode.,PRESENT_X,CAMERA_1,39~78
471,20,CAMERA_1,"['CAMERA_2', 'CAMERA_3', 'CAMERA_1']","{'CAMERA_1': ['resolution', 'autofocus_points', 'long_exposure', 'camera_type'], 'CAMERA_2': ['ISO', 'optical_zoom', 'camera_type', 'settings'], 'CAMERA_3': ['long_exposure', 'optical_zoom', 'effects', 'camera_type', 'preset_modes', 'resolution', 'sensor_size']}",C_QUESTION_ABOUT_FEATURE,CAMERA_1,camera_type,is this a DSLR camera,PRESENT_X,CAMERA_1,S_ANSWERS_QUESTION_ABOUT_FEATURE,CAMERA_1,camera_type,This is a DSLR camera.,PRESENT_X,CAMERA_1,10~14
471,21,NONE,"['CAMERA_2', 'CAMERA_3', 'CAMERA_1']","{'CAMERA_1': ['resolution', 'autofocus_points', 'long_exposure', 'camera_type'], 'CAMERA_2': ['ISO', 'optical_zoom', 'camera_type', 'settings'], 'CAMERA_3': ['long_exposure', 'optical_zoom', 'effects', 'camera_type', 'preset_modes', 'resolution', 'sensor_size']}",C_THANK_YOU,CAMERA_1,NONE,thank you,PRESENT_X,CAMERA_1,S_THANK_YOU,CAMERA_1,NONE,thank you very much.,FACE_TO_FACE,NONE,
471,22,NONE,"['CAMERA_2', 'CAMERA_3', 'CAMERA_1']","{'CAMERA_1': ['resolution', 'autofocus_points', 'long_exposure', 'camera_type'], 'CAMERA_2': ['ISO', 'optical_zoom', 'camera_type', 'settings'], 'CAMERA_3': ['long_exposure', 'optical_zoom', 'effects', 'camera_type', 'preset_modes', 'resolution', 'sensor_size']}",C_LEAVES,DOOR,NONE,,FACE_TO_FACE,NONE,S_RETURNS_TO_COUNTER,SERVICE_COUNTER,NONE,,WAITING,NONE,
472,1,NONE,[],"{'CAMERA_1': [], 'CAMERA_2': [], 'CAMERA_3': []}",C_ENTERS,DOOR,NONE,,WAITING,NONE,S_NONE,SERVICE_COUNTER,NONE,,WAITING,NONE,
472,2,NONE,[],"{'CAMERA_1': [], 'CAMERA_2': [], 'CAMERA_3': []}",C_GREETS,MIDDLE,NONE,excuse me,WAITING,NONE,S_GREETS,MIDDLE,NONE,can I help you?,FACE_TO_FACE,NONE,
472,3,CAMERA_2,['CAMERA_2'],"{'CAMERA_1': [], 'CAMERA_2': [], 'CAMERA_3': []}",C_LOOKING_FOR_A_CAMERA,MIDDLE,NONE,I'm looking to get a camera for my for my dad,FACE_TO_FACE,NONE,S_INTRODUCES_CAMERA,CAMERA_2,,Let me show you this. Here we have the Fujifilm Lumix ILC Camera.,PRESENT_X,CAMERA_2,39~64
472,4,CAMERA_2,['CAMERA_2'],"{'CAMERA_1': [], 'CAMERA_2': ['preset_modes'], 'CAMERA_3': []}",C_QUESTION_ABOUT_FEATURE,CAMERA_2,preset_modes,cool any preset modes,PRESENT_X,CAMERA_2,S_NOT_SURE,CAMERA_2,,I'm not really sure about that.,PRESENT_X,CAMERA_2,
472,5,CAMERA_2,['CAMERA_2'],"{'CAMERA_1': [], 'CAMERA_2': ['preset_modes', 'autofocus_points'], 'CAMERA_3': []}",C_QUESTION_ABOUT_FEATURE,CAMERA_2,autofocus_points,how many auto focus points does this one have,PRESENT_X,CAMERA_2,S_NOT_SURE,CAMERA_2,,I'm not really sure about that.,PRESENT_X,CAMERA_2,
472,6,CAMERA_2,['CAMERA_2'],"{'CAMERA_1': [], 'CAMERA_2': ['preset_modes', 'autofocus_points', 'ISO'], 'CAMERA_3': []}",C_QUESTION_ABOUT_FEATURE,CAMERA_2,ISO,ok what about the I don't know what the ISO,PRESENT_X,CAMERA_2,S_NOT_SURE,CAMERA_2,,I'm not really sure about that.,PRESENT_X,CAMERA_2,
472,7,CAMERA_2,['CAMERA_2'],"{'CAMERA_1': [], 'CAMERA_2': ['preset_modes', 'autofocus_points', 'ISO', 'sensor_size'], 'CAMERA_3': []}",C_QUESTION_ABOUT_FEATURE,CAMERA_2,sensor_size,what is the sensor size,PRESENT_X,CAMERA_2,S_ANSWERS_QUESTION_ABOUT_FEATURE,CAMERA_2,sensor_size,This one has a 1/2.33 inch sensor.,PRESENT_X,CAMERA_2,15~33
472,8,CAMERA_2,['CAMERA_2'],"{'CAMERA_1': [], 'CAMERA_2': ['preset_modes', 'autofocus_points', 'ISO', 'sensor_size', 'weight'], 'CAMERA_3': []}",C_SILENT_OR_BACKCHANNEL,CAMERA_2,NONE,ok,PRESENT_X,CAMERA_2,S_INTRODUCES_FEATURE,CAMERA_2,weight,This one weighs 820 grams.,PRESENT_X,CAMERA_2,16~25
472,9,CAMERA_2,['CAMERA_2'],"{'CAMERA_1': [], 'CAMERA_2': ['preset_modes', 'autofocus_points', 'ISO', 'sensor_size', 'weight', 'long_exposure'], 'CAMERA_3': []}",C_SILENT_OR_BACKCHANNEL,CAMERA_2,NONE,ic,PRESENT_X,CAMERA_2,S_INTRODUCES_FEATURE,CAMERA_2,long_exposure,This one can take long exposures up to 60 minutes max with bulb mode.,PRESENT_X,CAMERA_2,39~68
472,10,NONE,['CAMERA_2'],"{'CAMERA_1': [], 'CAMERA_2': ['preset_modes', 'autofocus_points', 'ISO', 'sensor_size', 'weight', 'long_exposure'], 'CAMERA_3': []}",C_THANK_YOU,CAMERA_2,NONE,thank you,PRESENT_X,CAMERA_2,S_THANK_YOU,CAMERA_2,NONE,thank you very much.,FACE_TO_FACE,NONE,
472,11,NONE,['CAMERA_2'],"{'CAMERA_1': [], 'CAMERA_2': ['preset_modes', 'autofocus_points', 'ISO', 'sensor_size', 'weight', 'long_exposure'], 'CAMERA_3': []}",C_LEAVES,DOOR,NONE,,FACE_TO_FACE,NONE,S_RETURNS_TO_COUNTER,SERVICE_COUNTER,NONE,,WAITING,NONE,
473,1,NONE,[],"{'CAMERA_1': [], 'CAMERA_2': [], 'CAMERA_3': []}",C_ENTERS,DOOR,NONE,,WAITING,NONE,S_NONE,SERVICE_COUNTER,NONE,,WAITING,NONE,
473,2,NONE,[],"{'CAMERA_1': [], 'CAMERA_2': [], 'CAMERA_3': []}",C_GREETS,MIDDLE,NONE,excuse me,WAITING,NONE,S_GREETS,MIDDLE,NONE,can I help you?,FACE_TO_FACE,NONE,
473,3,CAMERA_3,['CAMERA_3'],"{'CAMERA_1': [], 'CAMERA_2': [], 'CAMERA_3': []}",C_LOOKING_FOR_A_CAMERA,MIDDLE,NONE,I'm just looking around at the moment thanks,FACE_TO_FACE,NONE,S_INTRODUCES_CAMERA,CAMERA_3,,Let me show you this. Here we have the Fujifilm PowerShot ELPH S2800.,PRESENT_X,CAMERA_3,39~68
473,4,CAMERA_3,['CAMERA_3'],"{'CAMERA_1': [], 'CAMERA_2': [], 'CAMERA_3': ['optical_zoom']}",C_QUESTION_ABOUT_FEATURE,CAMERA_3,optical_zoom,What about the Zoom,PRESENT_X,CAMERA_3,S_NOT_SURE,CAMERA_3,,I'm not really sure about that.,PRESENT_X,CAMERA_3,
473,5,CAMERA_3,['CAMERA_3'],"{'CAMERA_1': [], 'CAMERA_2': [], 'CAMERA_3': ['optical_zoom', 'autofocus_points']}",C_SILENT_OR_BACKCHANNEL,CAMERA_3,NONE,ok,PRESENT_X,CAMERA_3,S_INTRODUCES_FEATURE,CAMERA_3,autofocus_points,This one has 214 autofocus points.,PRESENT_X,CAMERA_3,13~33
473,6,CAMERA_3,['CAMERA_3'],"{'CAMERA_1': [], 'CAMERA_2': [], 'CAMERA_3': ['optical_zoom', 'autofocus_points', 'sensor_size']}",C_SILENT_OR_BACKCHANNEL,CAMERA_3,NONE,that's not bad,PRESENT_X,CAMERA_3,S_INTRODUCES_FEATURE,CAMERA_3,sensor_size,This one has a full frame.,PRESENT_X,CAMERA_3,15~25
473,7,NONE,['CAMERA_3'],"{'CAMERA_1': [], 'CAMERA_2': [], 'CAMERA_3': ['optical_zoom', 'autofocus_points', 'sensor_size']}",C_THANK_YOU,CAMERA_3,NONE,thank you for your help,PRESENT_X,CAMERA_3,S_THANK_YOU,CAMERA_3,NONE,thank you very much.,FACE_TO_FACE,NONE,
473,8,NONE,['CAMERA_3'],"{'CAMERA_1': [], 'CAMERA_2': [], 'CAMERA_3': ['optical_zoom', 'autofocus_points', 'sensor_size']}",C_LEAVES,DOOR,NONE,,FACE_TO_FACE,NONE,S_RETURNS_TO_COUNTER,SERVICE_COUNTER,NONE,,WAITING,NONE,
474,1,NONE,[],"{'CAMERA_1': [], 'CAMERA_2': [], 'CAMERA_3': []}",C_ENTERS,DOOR,NONE,,WAITING,NONE,S_NONE,SERVICE_COUNTER,NONE,,WAITING,NONE,
474,2,NONE,[],"{'CAMERA_1': [], 'CAMERA_2': [], 'CAMERA_3': []}",C_WALKS_TO_CAMERA,CAMERA_3,NONE,,WAITING,NONE,S_NONE,SERVICE_COUNTER,NONE,,WAITING,NONE,
474,3,CAMERA_3,['CAMERA_3'],"{'CAMERA_1': [], 'CAMERA_2': [], 'CAMERA_3': ['optical_zoom']}",C_QUESTION_ABOUT_FEATURE,CAMERA_3,optical_zoom,that's so many and what's the optical zoom on this phone,WAITING,NONE,S_NOT_SURE,CAMERA_3,,I'm not really sure about that.,PRESENT_X,CAMERA_3,
474,4,CAMERA_3,['CAMERA_3'],"{'CAMERA_1': [], 'CAMERA_2': [], 'CAMERA_3': ['optical_zoom', 'price']}",C_QUESTION_ABOUT_FEATURE,CAMERA_3,price,what's price,PRESENT_X,CAMERA_3,S_ANSWERS_QUESTION_ABOUT_FEATURE,CAMERA_3,price,This one costs $518.,PRESENT_X,CAMERA_3,15~19
474,5,NONE,['CAMERA_3'],"{'CAMERA_1': [], 'CAMERA_2': [], 'CAMERA_3': ['optical_zoom', 'price']}",C_THANK_YOU,CAMERA_3,NONE,thank you very much,PRESENT_X,CAMERA_3,S_THANK_YOU,CAMERA_3,NONE,thank you very much.,FACE_TO_FACE,NONE,
474,6,NONE,['CAMERA_3'],"{'CAMERA_1': [], 'CAMERA_2': [], 'CAMERA_3': ['optical_zoom', 'price']}",C_LEAVES,DOOR,NONE,,FACE_TO_FACE,NONE,S_RETURNS_TO_COUNTER,SERVICE_COUNTER,NONE,,WAITING,NONE,
475,1,NONE,[],"{'CAMERA_1': [], 'CAMERA_2': [], 'CAMERA_3': []}",C_ENTERS,DOOR,NONE,,WAITING,NONE,S_NONE,SERVICE_COUNTER,NONE,,WAITING,NONE,
475,2,NONE,[],"{'CAMERA_1': [], 'CAMERA_2': [], 'CAMERA_3': []}",C_GREETS,MIDDLE,NONE,excuse me,WAITING,NONE,S_GREETS,MIDDLE,NONE,can I help you?,FACE_TO_FACE,NONE,
475,3,CAMERA_2,['CAMERA_2'],"{'CAMERA_1': [], 'CAMERA_2': [], 'CAMERA_3': []}",C_LOOKING_FOR_A_CAMERA,MIDDLE,NONE,I'm looking for a good camera like nothing like a little time I think I want stay with real pictures so can you show me what are your options here,FACE_TO_FACE,NONE,S_INTRODUCES_CAMERA,CAMERA_2,,Let me show you this. Here we have the Fujifilm Lumix ILC Camera.,PRESENT_X,CAMERA_2,39~64
475,4,CAMERA_2,['CAMERA_2'],"{'CAMERA_1': [], 'CAMERA_2': ['weight'], 'CAMERA_3': []}",C_QUESTION_ABOUT_FEATURE,CAMERA_2,weight,how much does it weight,PRESENT_X,CAMERA_2,S_ANSWERS_QUESTION_ABOUT_FEATURE,CAMERA_2,weight,This one weighs 820 grams.,PRESENT_X,CAMERA_2,16~25
475,5,NONE,['CAMERA_2'],"{'CAMERA_1': [], 'CAMERA_2': ['weight'], 'CAMERA_3': []}",C_THANK_YOU,CAMERA_2,NONE,thank you,PRESENT_X,CAMERA_2,S_THANK_YOU,CAMERA_2,NONE,thank you very much.,FACE_TO_FACE,NONE,
475,6,NONE,['CAMERA_2'],"{'CAMERA_1': [], 'CAMERA_2': ['weight'], 'CAMERA_3': []}",C_LEAVES,DOOR,NONE,,FACE_TO_FACE,NONE,S_RETURNS_TO_COUNTER,SERVICE_COUNTER,NONE,,WAITING,NONE,
476,1,NONE,[],"{'CAMERA_1': [], 'CAMERA_2': [], 'CAMERA_3': []}",C_ENTERS,DOOR,NONE,,WAITING,NONE,S_NONE,SERVICE_COUNTER,NONE,,WAITING,NONE,
476,2,NONE,[],"{'CAMERA_1': [], 'CAMERA_2': [], 'CAMERA_3': []}",C_GREETS,MIDDLE,NONE,excuse me do you know how good the present modes is,WAITING,NONE,S_GREETS,MIDDLE,NONE,can I help you?,FACE_TO_FACE,NONE,
476,3,CAMERA_2,['CAMERA_2'],"{'CAMERA_1': [], 'CAMERA_2': [], 'CAMERA_3': []}",C_LOOKING_FOR_A_CAMERA,MIDDLE,NONE,I'm looking for a camera for traveling so this seems to be good because of Light how much does it weigh,FACE_TO_FACE,NONE,S_INTRODUCES_CAMERA,CAMERA_2,,Let me show you this. Here we have the Fujifilm Lumix ILC Camera.,PRESENT_X,CAMERA_2,39~64
476,4,CAMERA_2,['CAMERA_2'],"{'CAMERA_1': [], 'CAMERA_2': ['effects'], 'CAMERA_3': []}",C_QUESTION_ABOUT_FEATURE,CAMERA_2,effects,does it have artistic effect lights,PRESENT_X,CAMERA_2,S_ANSWERS_QUESTION_ABOUT_FEATURE,CAMERA_2,effects,"This one has 24 artistic effect modes (retro, lighter or darker skin tones, sepia, etc.).",PRESENT_X,CAMERA_2,13~88
476,5,CAMERA_2,['CAMERA_2'],"{'CAMERA_1': [], 'CAMERA_2': ['effects', 'preset_modes'], 'CAMERA_3': []}",C_QUESTION_ABOUT_FEATURE,CAMERA_2,preset_modes,the menu settings of this camera are they same as the Canon,PRESENT_X,CAMERA_2,S_NOT_SURE,CAMERA_2,,I'm not really sure about that.,PRESENT_X,CAMERA_2,
476,6,CAMERA_2,['CAMERA_2'],"{'CAMERA_1': [], 'CAMERA_2': ['effects', 'preset_modes', 'weight'], 'CAMERA_3': []}",C_QUESTION_ABOUT_FEATURE,CAMERA_2,weight,how's the way on it,PRESENT_X,CAMERA_2,S_ANSWERS_QUESTION_ABOUT_FEATURE,CAMERA_2,weight,This one weighs 820 grams.,PRESENT_X,CAMERA_2,16~25
476,7,CAMERA_2,['CAMERA_2'],"{'CAMERA_1': [], 'CAMERA_2': ['effects', 'preset_modes', 'weight', 'color'], 'CAMERA_3': []}",C_SILENT_OR_BACKCHANNEL,CAMERA_2,NONE,okay sounds good,PRESENT_X,CAMERA_2,S_INTRODUCES_FEATURE,CAMERA_2,color,This one comes in white or pink.,PRESENT_X,CAMERA_2,18~31
476,8,NONE,['CAMERA_2'],"{'CAMERA_1': [], 'CAMERA_2': ['effects', 'preset_modes', 'weight', 'color'], 'CAMERA_3': []}",C_THANK_YOU,CAMERA_2,NONE,thank you so much for your time thank you,PRESENT_X,CAMERA_2,S_THANK_YOU,CAMERA_2,NONE,thank you very much.,FACE_TO_FACE,NONE,
476,9,NONE,['CAMERA_2'],"{'CAMERA_1': [], 'CAMERA_2': ['effects', 'preset_modes', 'weight', 'color'], 'CAMERA_3': []}",C_LEAVES,DOOR,NONE,,FACE_TO_FACE,NONE,S_RETURNS_TO_COUNTER,SERVICE_COUNTER,NONE,,WAITING,NONE,
477,1,NONE,[],"{'CAMERA_1': [], 'CAMERA_2': [], 'CAMERA_3': []}",C_ENTERS,DOOR,NONE,,WAITING,NONE,S_NONE,SERVICE_COUNTER,NONE,,WAITING,NONE,
477,2,NONE,[],"{'CAMERA_1': [], 'CAMERA_2': [], 'CAMERA_3': []}",C_GREETS,MIDDLE,NONE,I can you help,WAITING,NONE,S_GREETS,MIDDLE,NONE,can I help you?,FACE_TO_FACE,NONE,
477,3,CAMERA_1,['CAMERA_1'],"{'CAMERA_1': [], 'CAMERA_2': [], 'CAMERA_3': []}",C_LOOKING_FOR_A_CAMERA,MIDDLE,NONE,I'm looking for a camera,FACE_TO_FACE,NONE,S_INTRODUCES_CAMERA,CAMERA_1,,Let me show you this. Here we have the Sony PowerShot ELPH DMC-ZS3.,PRESENT_X,CAMERA_1,39~66
477,4,CAMERA_1,['CAMERA_1'],"{'CAMERA_1': ['price'], 'CAMERA_2': [], 'CAMERA_3': []}",C_QUESTION_ABOUT_FEATURE,CAMERA_1,price,what price is it,PRESENT_X,CAMERA_1,S_ANSWERS_QUESTION_ABOUT_FEATURE,CAMERA_1,price,This one costs $450.,PRESENT_X,CAMERA_1,15~19
477,5,CAMERA_1,['CAMERA_1'],"{'CAMERA_1': ['price', 'ISO'], 'CAMERA_2': [], 'CAMERA_3': []}",C_QUESTION_ABOUT_FEATURE,CAMERA_1,ISO,so how high does the iso go,PRESENT_X,CAMERA_1,S_ANSWERS_QUESTION_ABOUT_FEATURE,CAMERA_1,ISO,This one has up to 51200 ISO.,PRESENT_X,CAMERA_1,13~28
477,6,CAMERA_2,"['CAMERA_1', 'CAMERA_2']","{'CAMERA_1': ['price', 'ISO'], 'CAMERA_2': [], 'CAMERA_3': []}",C_ANYTHING_ELSE_AVAILABLE,CAMERA_1,NONE,do you have any other cameras that are in this kind,PRESENT_X,CAMERA_1,S_INTRODUCES_CAMERA,CAMERA_2,,Let me show you this. Here we have the Fujifilm Lumix ILC Camera.,PRESENT_X,CAMERA_2,39~64
477,7,CAMERA_2,"['CAMERA_1', 'CAMERA_2']","{'CAMERA_1': ['price', 'ISO'], 'CAMERA_2': ['optical_zoom'], 'CAMERA_3': []}",C_SILENT_OR_BACKCHANNEL,CAMERA_2,NONE,interesting ok,PRESENT_X,CAMERA_2,S_INTRODUCES_FEATURE,CAMERA_2,optical_zoom,This one has 21x optical zoom.,PRESENT_X,CAMERA_2,13~29
477,8,CAMERA_2,"['CAMERA_1', 'CAMERA_2']","{'CAMERA_1': ['price', 'ISO'], 'CAMERA_2': ['optical_zoom', 'weight'], 'CAMERA_3': []}",C_SILENT_OR_BACKCHANNEL,CAMERA_2,NONE,yeah,PRESENT_X,CAMERA_2,S_INTRODUCES_FEATURE,CAMERA_2,weight,This one weighs 820 grams.,PRESENT_X,CAMERA_2,16~25
477,9,CAMERA_2,"['CAMERA_1', 'CAMERA_2']","{'CAMERA_1': ['price', 'ISO'], 'CAMERA_2': ['optical_zoom', 'weight', 'effects'], 'CAMERA_3': []}",C_SILENT_OR_BACKCHANNEL,CAMERA_2,NONE,wow this is nice,PRESENT_X,CAMERA_2,S_INTRODUCES_FEATURE,CAMERA_2,effects,"This one has 24 artistic effect modes (retro, lighter or darker skin tones, sepia, etc.).",PRESENT_X,CAMERA_2,13~88
477,10,CAMERA_2,"['CAMERA_1', 'CAMERA_2']","{'CAMERA_1': ['price', 'ISO'], 'CAMERA_2': ['optical_zoom', 'weight', 'effects', 'sensor_size'], 'CAMERA_3': []}",C_SILENT_OR_BACKCHANNEL,CAMERA_2,NONE,IC,PRESENT_X,CAMERA_2,S_INTRODUCES_FEATURE,CAMERA_2,sensor_size,This one has a 1/2.33 inch sensor.,PRESENT_X,CAMERA_2,15~33
477,11,CAMERA_2,"['CAMERA_1', 'CAMERA_2']","{'CAMERA_1': ['price', 'ISO'], 'CAMERA_2': ['optical_zoom', 'weight', 'effects', 'sensor_size', 'settings'], 'CAMERA_3': []}",C_QUESTION_ABOUT_FEATURE,CAMERA_2,settings,great so can you please explain me more about this manual settings,PRESENT_X,CAMERA_2,S_ANSWERS_QUESTION_ABOUT_FEATURE,CAMERA_2,settings,"This one has manual control and various automatic settings (video modeburst shooting, etc.).",PRESENT_X,CAMERA_2,13~91
477,12,CAMERA_2,"['CAMERA_1', 'CAMERA_2']","{'CAMERA_1': ['price', 'ISO'], 'CAMERA_2': ['optical_zoom', 'weight', 'effects', 'sensor_size', 'settings', 'resolution'], 'CAMERA_3': []}",C_QUESTION_ABOUT_FEATURE,CAMERA_2,resolution,how many megapixels does this got,PRESENT_X,CAMERA_2,S_ANSWERS_QUESTION_ABOUT_FEATURE,CAMERA_2,resolution,This one has 23.8 megapixels resolution.,PRESENT_X,CAMERA_2,13~28
477,13,NONE,"['CAMERA_1', 'CAMERA_2']","{'CAMERA_1': ['price', 'ISO'], 'CAMERA_2': ['optical_zoom', 'weight', 'effects', 'sensor_size', 'settings', 'resolution'], 'CAMERA_3': []}",C_THANK_YOU,CAMERA_2,NONE,thank you,PRESENT_X,CAMERA_2,S_THANK_YOU,CAMERA_2,NONE,thank you very much.,FACE_TO_FACE,NONE,
477,14,NONE,"['CAMERA_1', 'CAMERA_2']","{'CAMERA_1': ['price', 'ISO'], 'CAMERA_2': ['optical_zoom', 'weight', 'effects', 'sensor_size', 'settings', 'resolution'], 'CAMERA_3': []}",C_LEAVES,DOOR,NONE,,FACE_TO_FACE,NONE,S_RETURNS_TO_COUNTER,SERVICE_COUNTER,NONE,,WAITING,NONE,
478,1,NONE,[],"{'CAMERA_1': [], 'CAMERA_2': [], 'CAMERA_3': []}",C_ENTERS,DOOR,NONE,,WAITING,NONE,S_NONE,SERVICE_COUNTER,NONE,,WAITING,NONE,
478,2,NONE,[],"{'CAMERA_1': [], 'CAMERA_2': [], 'CAMERA_3': []}",C_WALKS_TO_CAMERA,CAMERA_2,NONE,,WAITING,NONE,S_GREETS,CAMERA_2,NONE,can I help you?,FACE_TO_FACE,NONE,
478,3,CAMERA_1,['CAMERA_1'],"{'CAMERA_1': [], 'CAMERA_2': [], 'CAMERA_3': []}",C_LOOKING_FOR_A_CAMERA,CAMERA_2,NONE,I'm not alone but I'm looking for something in a fairly decent,FACE_TO_FACE,NONE,S_INTRODUCES_CAMERA,CAMERA_1,,Let me show you this. Here we have the Sony PowerShot ELPH DMC-ZS3.,PRESENT_X,CAMERA_1,39~66
478,4,CAMERA_1,['CAMERA_1'],"{'CAMERA_1': ['weight'], 'CAMERA_2': [], 'CAMERA_3': []}",C_QUESTION_ABOUT_FEATURE,CAMERA_1,weight,oh I see and what about the weight you can make it slide but what's the weight actually,PRESENT_X,CAMERA_1,S_ANSWERS_QUESTION_ABOUT_FEATURE,CAMERA_1,weight,This one weighs 800 grams.,PRESENT_X,CAMERA_1,16~25
478,5,CAMERA_1,['CAMERA_1'],"{'CAMERA_1': ['weight', 'price'], 'CAMERA_2': [], 'CAMERA_3': []}",C_QUESTION_ABOUT_FEATURE,CAMERA_1,price,what about the price,PRESENT_X,CAMERA_1,S_ANSWERS_QUESTION_ABOUT_FEATURE,CAMERA_1,price,This one costs $450.,PRESENT_X,CAMERA_1,15~19
478,6,CAMERA_1,['CAMERA_1'],"{'CAMERA_1': ['weight', 'price', 'sensor_size'], 'CAMERA_2': [], 'CAMERA_3': []}",C_QUESTION_ABOUT_FEATURE,CAMERA_1,sensor_size,and how about the census for this,PRESENT_X,CAMERA_1,S_ANSWERS_QUESTION_ABOUT_FEATURE,CAMERA_1,sensor_size,This one has a 1/2.3 inch CMOS sensor.,PRESENT_X,CAMERA_1,15~37
478,7,CAMERA_1,['CAMERA_1'],"{'CAMERA_1': ['weight', 'price', 'sensor_size', 'camera_type'], 'CAMERA_2': [], 'CAMERA_3': []}",C_QUESTION_ABOUT_FEATURE,CAMERA_1,camera_type,is this a point and shoot camera,PRESENT_X,CAMERA_1,S_ANSWERS_QUESTION_ABOUT_FEATURE,CAMERA_1,camera_type,This is a DSLR camera.,PRESENT_X,CAMERA_1,10~14
478,8,CAMERA_2,"['CAMERA_1', 'CAMERA_2']","{'CAMERA_1': ['weight', 'price', 'sensor_size', 'camera_type'], 'CAMERA_2': [], 'CAMERA_3': []}",C_ANYTHING_ELSE_AVAILABLE,CAMERA_1,NONE,ok do you have any other cameras,PRESENT_X,CAMERA_1,S_INTRODUCES_CAMERA,CAMERA_2,,Let me show you this. Here we have the Fujifilm Lumix ILC Camera.,PRESENT_X,CAMERA_2,39~64
478,9,CAMERA_2,"['CAMERA_1', 'CAMERA_2']","{'CAMERA_1': ['weight', 'price', 'sensor_size', 'camera_type'], 'CAMERA_2': ['price'], 'CAMERA_3': []}",C_QUESTION_ABOUT_FEATURE,CAMERA_2,price,and how much does it cost,PRESENT_X,CAMERA_2,S_ANSWERS_QUESTION_ABOUT_FEATURE,CAMERA_2,price,This one costs $768.,PRESENT_X,CAMERA_2,15~19
478,10,CAMERA_2,"['CAMERA_1', 'CAMERA_2']","{'CAMERA_1': ['weight', 'price', 'sensor_size', 'camera_type'], 'CAMERA_2': ['price', 'camera_type'], 'CAMERA_3': []}",C_QUESTION_ABOUT_FEATURE,CAMERA_2,camera_type,is this a point and shoot camera,PRESENT_X,CAMERA_2,S_ANSWERS_QUESTION_ABOUT_FEATURE,CAMERA_2,camera_type,This is a digital single lens mirrorless camera.,PRESENT_X,CAMERA_2,10~40
478,11,CAMERA_2,"['CAMERA_1', 'CAMERA_2']","{'CAMERA_1': ['weight', 'price', 'sensor_size', 'camera_type'], 'CAMERA_2': ['price', 'camera_type', 'effects'], 'CAMERA_3': []}",C_QUESTION_ABOUT_FEATURE,CAMERA_2,effects,and what is the artistic effect mode on this camera,PRESENT_X,CAMERA_2,S_ANSWERS_QUESTION_ABOUT_FEATURE,CAMERA_2,effects,"This one has 24 artistic effect modes (retro, lighter or darker skin tones, sepia, etc.).",PRESENT_X,CAMERA_2,13~88
478,12,NONE,"['CAMERA_1', 'CAMERA_2']","{'CAMERA_1': ['weight', 'price', 'sensor_size', 'camera_type'], 'CAMERA_2': ['price', 'camera_type', 'effects'], 'CAMERA_3': []}",C_THANK_YOU,CAMERA_2,NONE,okay thanks a lot,PRESENT_X,CAMERA_2,S_THANK_YOU,CAMERA_2,NONE,thank you very much.,FACE_TO_FACE,NONE,
478,13,NONE,"['CAMERA_1', 'CAMERA_2']","{'CAMERA_1': ['weight', 'price', 'sensor_size', 'camera_type'], 'CAMERA_2': ['price', 'camera_type', 'effects'], 'CAMERA_3': []}",C_LEAVES,DOOR,NONE,,FACE_TO_FACE,NONE,S_RETURNS_TO_COUNTER,SERVICE_COUNTER,NONE,,WAITING,NONE,
479,1,NONE,[],"{'CAMERA_1': [], 'CAMERA_2': [], 'CAMERA_3': []}",C_ENTERS,DOOR,NONE,,WAITING,NONE,S_NONE,SERVICE_COUNTER,NONE,,WAITING,NONE,
479,2,NONE,[],"{'CAMERA_1': [], 'CAMERA_2': [], 'CAMERA_3': []}",C_GREETS,MIDDLE,NONE,excuse me,WAITING,NONE,S_GREETS,MIDDLE,NONE,can I help you?,FACE_TO_FACE,NONE,
479,3,CAMERA_2,['CAMERA_2'],"{'CAMERA_1': [], 'CAMERA_2': [], 'CAMERA_3': []}",C_LOOKING_FOR_A_CAMERA,MIDDLE,NONE,I'm just here looking at the new cameras at your home,FACE_TO_FACE,NONE,S_INTRODUCES_CAMERA,CAMERA_2,,Let me show you this. Here we have the Fujifilm Lumix ILC Camera.,PRESENT_X,CAMERA_2,39~64
479,4,CAMERA_2,['CAMERA_2'],"{'CAMERA_1': [], 'CAMERA_2': ['preset_modes'], 'CAMERA_3': []}",C_QUESTION_ABOUT_FEATURE,CAMERA_2,preset_modes,what does this support for preset mode,PRESENT_X,CAMERA_2,S_NOT_SURE,CAMERA_2,,I'm not really sure about that.,PRESENT_X,CAMERA_2,
479,5,CAMERA_2,['CAMERA_2'],"{'CAMERA_1': [], 'CAMERA_2': ['preset_modes', 'camera_type'], 'CAMERA_3': []}",C_SILENT_OR_BACKCHANNEL,CAMERA_2,NONE,Wow it also seems very friendly to use,PRESENT_X,CAMERA_2,S_INTRODUCES_FEATURE,CAMERA_2,camera_type,This is a digital single lens mirrorless camera.,PRESENT_X,CAMERA_2,10~40
479,6,CAMERA_2,['CAMERA_2'],"{'CAMERA_1': [], 'CAMERA_2': ['preset_modes', 'camera_type', 'color'], 'CAMERA_3': []}",C_SILENT_OR_BACKCHANNEL,CAMERA_2,NONE,looks nice doesn't match what I want how much is consumed you know I want to sue me in and zoom out,PRESENT_X,CAMERA_2,S_INTRODUCES_FEATURE,CAMERA_2,color,This one comes in white or pink.,PRESENT_X,CAMERA_2,18~31
479,7,CAMERA_2,['CAMERA_2'],"{'CAMERA_1': [], 'CAMERA_2': ['preset_modes', 'camera_type', 'color', 'autofocus_points'], 'CAMERA_3': []}",C_QUESTION_ABOUT_FEATURE,CAMERA_2,autofocus_points,yeah I'm wondering how many auto focus points does this camera have,PRESENT_X,CAMERA_2,S_NOT_SURE,CAMERA_2,,I'm not really sure about that.,PRESENT_X,CAMERA_2,
479,8,CAMERA_2,['CAMERA_2'],"{'CAMERA_1': [], 'CAMERA_2': ['preset_modes', 'camera_type', 'color', 'autofocus_points', 'long_exposure'], 'CAMERA_3': []}",C_QUESTION_ABOUT_FEATURE,CAMERA_2,long_exposure,that's good how long can I set the exposure to,PRESENT_X,CAMERA_2,S_ANSWERS_QUESTION_ABOUT_FEATURE,CAMERA_2,long_exposure,This one can take long exposures up to 60 minutes max with bulb mode.,PRESENT_X,CAMERA_2,39~68
479,9,NONE,['CAMERA_2'],"{'CAMERA_1': [], 'CAMERA_2': ['preset_modes', 'camera_type', 'color', 'autofocus_points', 'long_exposure'], 'CAMERA_3': []}",C_THANK_YOU,CAMERA_2,NONE,thank you for your time,PRESENT_X,CAMERA_2,S_THANK_YOU,CAMERA_2,NONE,thank you very much.,FACE_TO_FACE,NONE,
479,10,NONE,['CAMERA_2'],"{'CAMERA_1': [], 'CAMERA_2': ['preset_modes', 'camera_type', 'color', 'autofocus_points', 'long_exposure'], 'CAMERA_3': []}",C_LEAVES,DOOR,NONE,,FACE_TO_FACE,NONE,S_RETURNS_TO_COUNTER,SERVICE_COUNTER,NONE,,WAITING,NONE,
480,1,NONE,[],"{'CAMERA_1': [], 'CAMERA_2': [], 'CAMERA_3': []}",C_ENTERS,DOOR,NONE,,WAITING,NONE,S_NONE,SERVICE_COUNTER,NONE,,WAITING,NONE,
480,2,NONE,[],"{'CAMERA_1': [], 'CAMERA_2': [], 'CAMERA_3': []}",C_WALKS_TO_CAMERA,CAMERA_3,NONE,,WAITING,NONE,S_GREETS,CAMERA_3,NONE,can I help you?,FACE_TO_FACE,NONE,
480,3,CAMERA_3,['CAMERA_3'],"{'CAMERA_1': [], 'CAMERA_2': [], 'CAMERA_3': []}",C_LOOKING_FOR_A_CAMERA,CAMERA_3,NONE,I'm just looking around,FACE_TO_FACE,NONE,S_INTRODUCES_CAMERA,CAMERA_3,,Let me show you this. Here we have the Fujifilm PowerShot ELPH S2800.,PRESENT_X,CAMERA_3,39~68
480,4,CAMERA_3,['CAMERA_3'],"{'CAMERA_1': [], 'CAMERA_2': [], 'CAMERA_3': ['resolution']}",C_SILENT_OR_BACKCHANNEL,CAMERA_3,NONE,ic,PRESENT_X,CAMERA_3,S_INTRODUCES_FEATURE,CAMERA_3,resolution,This one has 23.2 megapixels resolution.,PRESENT_X,CAMERA_3,13~28
480,5,CAMERA_3,['CAMERA_3'],"{'CAMERA_1': [], 'CAMERA_2': [], 'CAMERA_3': ['resolution', 'settings']}",C_SILENT_OR_BACKCHANNEL,CAMERA_3,NONE,IC,PRESENT_X,CAMERA_3,S_INTRODUCES_FEATURE,CAMERA_3,settings,"This one has manual control and various automatic settings (video modeburst shooting, etc.).",PRESENT_X,CAMERA_3,13~91
480,6,CAMERA_3,['CAMERA_3'],"{'CAMERA_1': [], 'CAMERA_2': [], 'CAMERA_3': ['resolution', 'settings', 'camera_type']}",C_QUESTION_ABOUT_FEATURE,CAMERA_3,camera_type,what kind of camera is this,PRESENT_X,CAMERA_3,S_ANSWERS_QUESTION_ABOUT_FEATURE,CAMERA_3,camera_type,This is a point and shoot camera.,PRESENT_X,CAMERA_3,10~25
480,7,CAMERA_3,['CAMERA_3'],"{'CAMERA_1': [], 'CAMERA_2': [], 'CAMERA_3': ['resolution', 'settings', 'camera_type', 'effects']}",C_QUESTION_ABOUT_FEATURE,CAMERA_3,effects,okay good I'm going to take this as autistic effect mode what does that mean exactly,PRESENT_X,CAMERA_3,S_ANSWERS_QUESTION_ABOUT_FEATURE,CAMERA_3,effects,"This one has 21 photo effects (small face, retro, big eyes, etc.).",PRESENT_X,CAMERA_3,13~65
480,8,CAMERA_3,['CAMERA_3'],"{'CAMERA_1': [], 'CAMERA_2': [], 'CAMERA_3': ['resolution', 'settings', 'camera_type', 'effects', 'ISO']}",C_SILENT_OR_BACKCHANNEL,CAMERA_3,NONE,yes but it didn't take really nice pictures the detail was pretty bad and so was the colors,PRESENT_X,CAMERA_3,S_INTRODUCES_FEATURE,CAMERA_3,ISO,This one has up to 3200 ISO with little noise.,PRESENT_X,CAMERA_3,13~45
480,9,CAMERA_3,['CAMERA_3'],"{'CAMERA_1': [], 'CAMERA_2': [], 'CAMERA_3': ['resolution', 'settings', 'camera_type', 'effects', 'ISO', 'sensor_size']}",C_SILENT_OR_BACKCHANNEL,CAMERA_3,NONE,IC,PRESENT_X,CAMERA_3,S_INTRODUCES_FEATURE,CAMERA_3,sensor_size,This one has a full frame.,PRESENT_X,CAMERA_3,15~25
480,10,CAMERA_3,['CAMERA_3'],"{'CAMERA_1': [], 'CAMERA_2': [], 'CAMERA_3': ['resolution', 'settings', 'camera_type', 'effects', 'ISO', 'sensor_size', 'color']}",C_QUESTION_ABOUT_FEATURE,CAMERA_3,color,alright does it come in any other color ,PRESENT_X,CAMERA_3,S_ANSWERS_QUESTION_ABOUT_FEATURE,CAMERA_3,color,"This one comes in purple, white, silver, blue, red, or pink.",PRESENT_X,CAMERA_3,18~59
480,11,CAMERA_3,['CAMERA_3'],"{'CAMERA_1': [], 'CAMERA_2': [], 'CAMERA_3': ['resolution', 'settings', 'camera_type', 'effects', 'ISO', 'sensor_size', 'color', 'long_exposure']}",C_SILENT_OR_BACKCHANNEL,CAMERA_3,NONE,okay let me see,PRESENT_X,CAMERA_3,S_INTRODUCES_FEATURE,CAMERA_3,long_exposure,This one can take long exposures up to 30 minutes max with bulb mode.,PRESENT_X,CAMERA_3,39~68
480,12,CAMERA_3,['CAMERA_3'],"{'CAMERA_1': [], 'CAMERA_2': [], 'CAMERA_3': ['resolution', 'settings', 'camera_type', 'effects', 'ISO', 'sensor_size', 'color', 'long_exposure', 'price']}",C_QUESTION_ABOUT_FEATURE,CAMERA_3,price,how much does it cost,PRESENT_X,CAMERA_3,S_ANSWERS_QUESTION_ABOUT_FEATURE,CAMERA_3,price,This one costs $518.,PRESENT_X,CAMERA_3,15~19
480,13,CAMERA_3,['CAMERA_3'],"{'CAMERA_1': [], 'CAMERA_2': [], 'CAMERA_3': ['resolution', 'settings', 'camera_type', 'effects', 'ISO', 'sensor_size', 'color', 'long_exposure', 'price', 'weight']}",C_QUESTION_ABOUT_FEATURE,CAMERA_3,weight,may I know the weight of this ,PRESENT_X,CAMERA_3,S_ANSWERS_QUESTION_ABOUT_FEATURE,CAMERA_3,weight,This one weighs 820 grams.,PRESENT_X,CAMERA_3,16~25
480,14,CAMERA_3,['CAMERA_3'],"{'CAMERA_1': [], 'CAMERA_2': [], 'CAMERA_3': ['resolution', 'settings', 'camera_type', 'effects', 'ISO', 'sensor_size', 'color', 'long_exposure', 'price', 'weight', 'autofocus_points']}",C_SILENT_OR_BACKCHANNEL,CAMERA_3,NONE,IC,PRESENT_X,CAMERA_3,S_INTRODUCES_FEATURE,CAMERA_3,autofocus_points,This one has 214 autofocus points.,PRESENT_X,CAMERA_3,13~33
480,15,CAMERA_3,['CAMERA_3'],"{'CAMERA_1': [], 'CAMERA_2': [], 'CAMERA_3': ['resolution', 'settings', 'camera_type', 'effects', 'ISO', 'sensor_size', 'color', 'long_exposure', 'price', 'weight', 'autofocus_points', 'optical_zoom']}",C_QUESTION_ABOUT_FEATURE,CAMERA_3,optical_zoom,you mention about optical zooms what does that mean can you explain to me,PRESENT_X,CAMERA_3,S_NOT_SURE,CAMERA_3,,I'm not really sure about that.,PRESENT_X,CAMERA_3,
480,16,CAMERA_3,['CAMERA_3'],"{'CAMERA_1': [], 'CAMERA_2': [], 'CAMERA_3': ['resolution', 'settings', 'camera_type', 'effects', 'ISO', 'sensor_size', 'color', 'long_exposure', 'price', 'weight', 'autofocus_points', 'optical_zoom', 'preset_modes']}",C_QUESTION_ABOUT_FEATURE,CAMERA_3,preset_modes,does this camera also have bulb mode,PRESENT_X,CAMERA_3,S_ANSWERS_QUESTION_ABOUT_FEATURE,CAMERA_3,preset_modes,This one has various preset modes.,PRESENT_X,CAMERA_3,13~33
480,17,CAMERA_3,['CAMERA_3'],"{'CAMERA_1': [], 'CAMERA_2': [], 'CAMERA_3': ['resolution', 'settings', 'camera_type', 'effects', 'ISO', 'sensor_size', 'color', 'long_exposure', 'price', 'weight', 'autofocus_points', 'optical_zoom', 'preset_modes', 'color']}",C_QUESTION_ABOUT_FEATURE,CAMERA_3,color,say does it come in any other lighter colors,PRESENT_X,CAMERA_3,S_ANSWERS_QUESTION_ABOUT_FEATURE,CAMERA_3,color,"This one comes in purple, white, silver, blue, red, or pink.",PRESENT_X,CAMERA_3,18~59
480,18,CAMERA_1,"['CAMERA_3', 'CAMERA_1']","{'CAMERA_1': [], 'CAMERA_2': [], 'CAMERA_3': ['resolution', 'settings', 'camera_type', 'effects', 'ISO', 'sensor_size', 'color', 'long_exposure', 'price', 'weight', 'autofocus_points', 'optical_zoom', 'preset_modes', 'color']}",C_ANYTHING_ELSE_AVAILABLE,CAMERA_3,NONE,maybe did you have a another camera you recommend,PRESENT_X,CAMERA_3,S_INTRODUCES_CAMERA,CAMERA_1,,Let me show you this. Here we have the Sony PowerShot ELPH DMC-ZS3.,PRESENT_X,CAMERA_1,39~66
480,19,CAMERA_1,"['CAMERA_3', 'CAMERA_1']","{'CAMERA_1': ['camera_type'], 'CAMERA_2': [], 'CAMERA_3': ['resolution', 'settings', 'camera_type', 'effects', 'ISO', 'sensor_size', 'color', 'long_exposure', 'price', 'weight', 'autofocus_points', 'optical_zoom', 'preset_modes', 'color']}",C_SILENT_OR_BACKCHANNEL,CAMERA_1,NONE,IC,PRESENT_X,CAMERA_1,S_INTRODUCES_FEATURE,CAMERA_1,camera_type,This is a DSLR camera.,PRESENT_X,CAMERA_1,10~14
480,20,NONE,"['CAMERA_3', 'CAMERA_1']","{'CAMERA_1': ['camera_type'], 'CAMERA_2': [], 'CAMERA_3': ['resolution', 'settings', 'camera_type', 'effects', 'ISO', 'sensor_size', 'color', 'long_exposure', 'price', 'weight', 'autofocus_points', 'optical_zoom', 'preset_modes', 'color']}",C_THANK_YOU,CAMERA_1,NONE,thank you very much,PRESENT_X,CAMERA_1,S_THANK_YOU,CAMERA_1,NONE,thank you very much.,FACE_TO_FACE,NONE,
480,21,NONE,"['CAMERA_3', 'CAMERA_1']","{'CAMERA_1': ['camera_type'], 'CAMERA_2': [], 'CAMERA_3': ['resolution', 'settings', 'camera_type', 'effects', 'ISO', 'sensor_size', 'color', 'long_exposure', 'price', 'weight', 'autofocus_points', 'optical_zoom', 'preset_modes', 'color']}",C_LEAVES,DOOR,NONE,,FACE_TO_FACE,NONE,S_RETURNS_TO_COUNTER,SERVICE_COUNTER,NONE,,WAITING,NONE,
481,1,NONE,[],"{'CAMERA_1': [], 'CAMERA_2': [], 'CAMERA_3': []}",C_ENTERS,DOOR,NONE,,WAITING,NONE,S_NONE,SERVICE_COUNTER,NONE,,WAITING,NONE,
481,2,NONE,[],"{'CAMERA_1': [], 'CAMERA_2': [], 'CAMERA_3': []}",C_GREETS,MIDDLE,NONE,hello,WAITING,NONE,S_GREETS,MIDDLE,NONE,can I help you?,FACE_TO_FACE,NONE,
481,3,CAMERA_2,['CAMERA_2'],"{'CAMERA_1': [], 'CAMERA_2': [], 'CAMERA_3': []}",C_LOOKING_FOR_A_CAMERA,MIDDLE,NONE,hello I'm looking for a camera with very high is so can you recommend one for me,FACE_TO_FACE,NONE,S_INTRODUCES_CAMERA,CAMERA_2,,Let me show you this. Here we have the Fujifilm Lumix ILC Camera.,PRESENT_X,CAMERA_2,39~64
481,4,CAMERA_2,['CAMERA_2'],"{'CAMERA_1': [], 'CAMERA_2': ['effects'], 'CAMERA_3': []}",C_QUESTION_ABOUT_FEATURE,CAMERA_2,effects,what about the artistic effect,PRESENT_X,CAMERA_2,S_ANSWERS_QUESTION_ABOUT_FEATURE,CAMERA_2,effects,"This one has 24 artistic effect modes (retro, lighter or darker skin tones, sepia, etc.).",PRESENT_X,CAMERA_2,13~88
481,5,CAMERA_2,['CAMERA_2'],"{'CAMERA_1': [], 'CAMERA_2': ['effects', 'sensor_size'], 'CAMERA_3': []}",C_QUESTION_ABOUT_FEATURE,CAMERA_2,sensor_size,oh I see and what about this sensor site,PRESENT_X,CAMERA_2,S_ANSWERS_QUESTION_ABOUT_FEATURE,CAMERA_2,sensor_size,This one has a 1/2.33 inch sensor.,PRESENT_X,CAMERA_2,15~33
481,6,NONE,['CAMERA_2'],"{'CAMERA_1': [], 'CAMERA_2': ['effects', 'sensor_size'], 'CAMERA_3': []}",C_THANK_YOU,CAMERA_2,NONE,thank you you too have a great day,PRESENT_X,CAMERA_2,S_THANK_YOU,CAMERA_2,NONE,thank you very much.,FACE_TO_FACE,NONE,
481,7,NONE,['CAMERA_2'],"{'CAMERA_1': [], 'CAMERA_2': ['effects', 'sensor_size'], 'CAMERA_3': []}",C_LEAVES,DOOR,NONE,,FACE_TO_FACE,NONE,S_RETURNS_TO_COUNTER,SERVICE_COUNTER,NONE,,WAITING,NONE,
482,1,NONE,[],"{'CAMERA_1': [], 'CAMERA_2': [], 'CAMERA_3': []}",C_ENTERS,DOOR,NONE,,WAITING,NONE,S_NONE,SERVICE_COUNTER,NONE,,WAITING,NONE,
482,2,NONE,[],"{'CAMERA_1': [], 'CAMERA_2': [], 'CAMERA_3': []}",C_WALKS_TO_CAMERA,CAMERA_2,NONE,,WAITING,NONE,S_NONE,SERVICE_COUNTER,NONE,,WAITING,NONE,
482,3,CAMERA_2,['CAMERA_2'],"{'CAMERA_1': [], 'CAMERA_2': ['resolution'], 'CAMERA_3': []}",C_QUESTION_ABOUT_FEATURE,CAMERA_2,resolution,I'm not really sure what megapixel means can you please explain to me ,WAITING,NONE,S_ANSWERS_QUESTION_ABOUT_FEATURE,CAMERA_2,resolution,This one has 23.8 megapixels resolution.,PRESENT_X,CAMERA_2,13~28
482,4,CAMERA_2,['CAMERA_2'],"{'CAMERA_1': [], 'CAMERA_2': ['resolution', 'optical_zoom'], 'CAMERA_3': []}",C_QUESTION_ABOUT_FEATURE,CAMERA_2,optical_zoom,and what about the optical zoom,PRESENT_X,CAMERA_2,S_ANSWERS_QUESTION_ABOUT_FEATURE,CAMERA_2,optical_zoom,This one has 21x optical zoom.,PRESENT_X,CAMERA_2,13~29
482,5,CAMERA_2,['CAMERA_2'],"{'CAMERA_1': [], 'CAMERA_2': ['resolution', 'optical_zoom', 'price'], 'CAMERA_3': []}",C_SILENT_OR_BACKCHANNEL,CAMERA_2,NONE,okay great can I use the thirty-second look into booster at ISO 3200,PRESENT_X,CAMERA_2,S_INTRODUCES_FEATURE,CAMERA_2,price,This one costs $768.,PRESENT_X,CAMERA_2,15~19
482,6,CAMERA_2,['CAMERA_2'],"{'CAMERA_1': [], 'CAMERA_2': ['resolution', 'optical_zoom', 'price', 'color'], 'CAMERA_3': []}",C_SILENT_OR_BACKCHANNEL,CAMERA_2,NONE,IC,PRESENT_X,CAMERA_2,S_INTRODUCES_FEATURE,CAMERA_2,color,This one comes in white or pink.,PRESENT_X,CAMERA_2,18~31
482,7,CAMERA_2,['CAMERA_2'],"{'CAMERA_1': [], 'CAMERA_2': ['resolution', 'optical_zoom', 'price', 'color', 'long_exposure'], 'CAMERA_3': []}",C_SILENT_OR_BACKCHANNEL,CAMERA_2,NONE,ok,PRESENT_X,CAMERA_2,S_INTRODUCES_FEATURE,CAMERA_2,long_exposure,This one can take long exposures up to 60 minutes max with bulb mode.,PRESENT_X,CAMERA_2,39~68
482,8,CAMERA_2,['CAMERA_2'],"{'CAMERA_1': [], 'CAMERA_2': ['resolution', 'optical_zoom', 'price', 'color', 'long_exposure', 'settings'], 'CAMERA_3': []}",C_SILENT_OR_BACKCHANNEL,CAMERA_2,NONE,I got great that's brilliant,PRESENT_X,CAMERA_2,S_INTRODUCES_FEATURE,CAMERA_2,settings,"This one has manual control and various automatic settings (video modeburst shooting, etc.).",PRESENT_X,CAMERA_2,13~91
482,9,NONE,['CAMERA_2'],"{'CAMERA_1': [], 'CAMERA_2': ['resolution', 'optical_zoom', 'price', 'color', 'long_exposure', 'settings'], 'CAMERA_3': []}",C_THANK_YOU,CAMERA_2,NONE,okay okay thank you very much,PRESENT_X,CAMERA_2,S_THANK_YOU,CAMERA_2,NONE,thank you very much.,FACE_TO_FACE,NONE,
482,10,NONE,['CAMERA_2'],"{'CAMERA_1': [], 'CAMERA_2': ['resolution', 'optical_zoom', 'price', 'color', 'long_exposure', 'settings'], 'CAMERA_3': []}",C_LEAVES,DOOR,NONE,,FACE_TO_FACE,NONE,S_RETURNS_TO_COUNTER,SERVICE_COUNTER,NONE,,WAITING,NONE,
483,1,NONE,[],"{'CAMERA_1': [], 'CAMERA_2': [], 'CAMERA_3': []}",C_ENTERS,DOOR,NONE,,WAITING,NONE,S_NONE,SERVICE_COUNTER,NONE,,WAITING,NONE,
483,2,NONE,[],"{'CAMERA_1': [], 'CAMERA_2': [], 'CAMERA_3': []}",C_WALKS_TO_CAMERA,CAMERA_2,NONE,,WAITING,NONE,S_GREETS,CAMERA_2,NONE,can I help you?,FACE_TO_FACE,NONE,
483,3,CAMERA_3,['CAMERA_3'],"{'CAMERA_1': [], 'CAMERA_2': [], 'CAMERA_3': []}",C_LOOKING_FOR_A_CAMERA,CAMERA_2,NONE,I'm looking for a lightweight camera,FACE_TO_FACE,NONE,S_INTRODUCES_CAMERA,CAMERA_3,,Let me show you this. Here we have the Fujifilm PowerShot ELPH S2800.,PRESENT_X,CAMERA_3,39~68
483,4,CAMERA_3,['CAMERA_3'],"{'CAMERA_1': [], 'CAMERA_2': [], 'CAMERA_3': ['weight']}",C_QUESTION_ABOUT_FEATURE,CAMERA_3,weight,it's lightweight how much does it weigh,PRESENT_X,CAMERA_3,S_ANSWERS_QUESTION_ABOUT_FEATURE,CAMERA_3,weight,This one weighs 820 grams.,PRESENT_X,CAMERA_3,16~25
483,5,CAMERA_3,['CAMERA_3'],"{'CAMERA_1': [], 'CAMERA_2': [], 'CAMERA_3': ['weight', 'preset_modes']}",C_SILENT_OR_BACKCHANNEL,CAMERA_3,NONE,that's pretty funky,PRESENT_X,CAMERA_3,S_INTRODUCES_FEATURE,CAMERA_3,preset_modes,This one has various preset modes.,PRESENT_X,CAMERA_3,13~33
483,6,CAMERA_2,"['CAMERA_3', 'CAMERA_2']","{'CAMERA_1': [], 'CAMERA_2': [], 'CAMERA_3': ['weight', 'preset_modes']}",C_ANYTHING_ELSE_AVAILABLE,CAMERA_3,NONE,okay do you have any other cameras I might be interested,PRESENT_X,CAMERA_3,S_INTRODUCES_CAMERA,CAMERA_2,,Let me show you this. Here we have the Fujifilm Lumix ILC Camera.,PRESENT_X,CAMERA_2,39~64
483,7,CAMERA_2,"['CAMERA_3', 'CAMERA_2']","{'CAMERA_1': [], 'CAMERA_2': ['autofocus_points'], 'CAMERA_3': ['weight', 'preset_modes']}",C_QUESTION_ABOUT_FEATURE,CAMERA_2,autofocus_points,so how many others of the focus points does it have,PRESENT_X,CAMERA_2,S_NOT_SURE,CAMERA_2,,I'm not really sure about that.,PRESENT_X,CAMERA_2,
483,8,CAMERA_2,"['CAMERA_3', 'CAMERA_2']","{'CAMERA_1': [], 'CAMERA_2': ['autofocus_points', 'settings'], 'CAMERA_3': ['weight', 'preset_modes']}",C_SILENT_OR_BACKCHANNEL,CAMERA_2,NONE,oh that's not bad,PRESENT_X,CAMERA_2,S_INTRODUCES_FEATURE,CAMERA_2,settings,"This one has manual control and various automatic settings (video modeburst shooting, etc.).",PRESENT_X,CAMERA_2,13~91
483,9,CAMERA_2,"['CAMERA_3', 'CAMERA_2']","{'CAMERA_1': [], 'CAMERA_2': ['autofocus_points', 'settings', 'resolution'], 'CAMERA_3': ['weight', 'preset_modes']}",C_SILENT_OR_BACKCHANNEL,CAMERA_2,NONE,IC,PRESENT_X,CAMERA_2,S_INTRODUCES_FEATURE,CAMERA_2,resolution,This one has 23.8 megapixels resolution.,PRESENT_X,CAMERA_2,13~28
483,10,CAMERA_2,"['CAMERA_3', 'CAMERA_2']","{'CAMERA_1': [], 'CAMERA_2': ['autofocus_points', 'settings', 'resolution', 'effects'], 'CAMERA_3': ['weight', 'preset_modes']}",C_SILENT_OR_BACKCHANNEL,CAMERA_2,NONE,okay good,PRESENT_X,CAMERA_2,S_INTRODUCES_FEATURE,CAMERA_2,effects,"This one has 24 artistic effect modes (retro, lighter or darker skin tones, sepia, etc.).",PRESENT_X,CAMERA_2,13~88
483,11,CAMERA_2,"['CAMERA_3', 'CAMERA_2']","{'CAMERA_1': [], 'CAMERA_2': ['autofocus_points', 'settings', 'resolution', 'effects', 'price'], 'CAMERA_3': ['weight', 'preset_modes']}",C_SILENT_OR_BACKCHANNEL,CAMERA_2,NONE,wow,PRESENT_X,CAMERA_2,S_INTRODUCES_FEATURE,CAMERA_2,price,This one costs $768.,PRESENT_X,CAMERA_2,15~19
483,12,CAMERA_2,"['CAMERA_3', 'CAMERA_2']","{'CAMERA_1': [], 'CAMERA_2': ['autofocus_points', 'settings', 'resolution', 'effects', 'price', 'weight'], 'CAMERA_3': ['weight', 'preset_modes']}",C_SILENT_OR_BACKCHANNEL,CAMERA_2,NONE,yeah actually looks very good,PRESENT_X,CAMERA_2,S_INTRODUCES_FEATURE,CAMERA_2,weight,This one weighs 820 grams.,PRESENT_X,CAMERA_2,16~25
483,13,CAMERA_2,"['CAMERA_3', 'CAMERA_2']","{'CAMERA_1': [], 'CAMERA_2': ['autofocus_points', 'settings', 'resolution', 'effects', 'price', 'weight', 'camera_type'], 'CAMERA_3': ['weight', 'preset_modes']}",C_QUESTION_ABOUT_FEATURE,CAMERA_2,camera_type,what kind of camera is this,PRESENT_X,CAMERA_2,S_ANSWERS_QUESTION_ABOUT_FEATURE,CAMERA_2,camera_type,This is a digital single lens mirrorless camera.,PRESENT_X,CAMERA_2,10~40
483,14,CAMERA_2,"['CAMERA_3', 'CAMERA_2']","{'CAMERA_1': [], 'CAMERA_2': ['autofocus_points', 'settings', 'resolution', 'effects', 'price', 'weight', 'camera_type', 'optical_zoom'], 'CAMERA_3': ['weight', 'preset_modes']}",C_SILENT_OR_BACKCHANNEL,CAMERA_2,NONE,i see,PRESENT_X,CAMERA_2,S_INTRODUCES_FEATURE,CAMERA_2,optical_zoom,This one has 21x optical zoom.,PRESENT_X,CAMERA_2,13~29
483,15,CAMERA_1,"['CAMERA_3', 'CAMERA_2', 'CAMERA_1']","{'CAMERA_1': [], 'CAMERA_2': ['autofocus_points', 'settings', 'resolution', 'effects', 'price', 'weight', 'camera_type', 'optical_zoom'], 'CAMERA_3': ['weight', 'preset_modes']}",C_ANYTHING_ELSE_AVAILABLE,CAMERA_2,NONE,Do you have other cameras that I could afford,PRESENT_X,CAMERA_2,S_INTRODUCES_CAMERA,CAMERA_1,,Let me show you this. Here we have the Sony PowerShot ELPH DMC-ZS3.,PRESENT_X,CAMERA_1,39~66
483,16,CAMERA_1,"['CAMERA_3', 'CAMERA_2', 'CAMERA_1']","{'CAMERA_1': ['sensor_size'], 'CAMERA_2': ['autofocus_points', 'settings', 'resolution', 'effects', 'price', 'weight', 'camera_type', 'optical_zoom'], 'CAMERA_3': ['weight', 'preset_modes']}",C_QUESTION_ABOUT_FEATURE,CAMERA_1,sensor_size,ok what about the sensor size,PRESENT_X,CAMERA_1,S_ANSWERS_QUESTION_ABOUT_FEATURE,CAMERA_1,sensor_size,This one has a 1/2.3 inch CMOS sensor.,PRESENT_X,CAMERA_1,15~37
483,17,CAMERA_1,"['CAMERA_3', 'CAMERA_2', 'CAMERA_1']","{'CAMERA_1': ['sensor_size', 'ISO'], 'CAMERA_2': ['autofocus_points', 'settings', 'resolution', 'effects', 'price', 'weight', 'camera_type', 'optical_zoom'], 'CAMERA_3': ['weight', 'preset_modes']}",C_SILENT_OR_BACKCHANNEL,CAMERA_1,NONE,ok let's see,PRESENT_X,CAMERA_1,S_INTRODUCES_FEATURE,CAMERA_1,ISO,This one has up to 51200 ISO.,PRESENT_X,CAMERA_1,13~28
483,18,NONE,"['CAMERA_3', 'CAMERA_2', 'CAMERA_1']","{'CAMERA_1': ['sensor_size', 'ISO'], 'CAMERA_2': ['autofocus_points', 'settings', 'resolution', 'effects', 'price', 'weight', 'camera_type', 'optical_zoom'], 'CAMERA_3': ['weight', 'preset_modes']}",C_THANK_YOU,CAMERA_1,NONE,okay okay well thank you very much for your help,PRESENT_X,CAMERA_1,S_THANK_YOU,CAMERA_1,NONE,thank you very much.,FACE_TO_FACE,NONE,
483,19,NONE,"['CAMERA_3', 'CAMERA_2', 'CAMERA_1']","{'CAMERA_1': ['sensor_size', 'ISO'], 'CAMERA_2': ['autofocus_points', 'settings', 'resolution', 'effects', 'price', 'weight', 'camera_type', 'optical_zoom'], 'CAMERA_3': ['weight', 'preset_modes']}",C_LEAVES,DOOR,NONE,,FACE_TO_FACE,NONE,S_RETURNS_TO_COUNTER,SERVICE_COUNTER,NONE,,WAITING,NONE,
484,1,NONE,[],"{'CAMERA_1': [], 'CAMERA_2': [], 'CAMERA_3': []}",C_ENTERS,DOOR,NONE,,WAITING,NONE,S_NONE,SERVICE_COUNTER,NONE,,WAITING,NONE,
484,2,NONE,[],"{'CAMERA_1': [], 'CAMERA_2': [], 'CAMERA_3': []}",C_WALKS_TO_CAMERA,CAMERA_3,NONE,,WAITING,NONE,S_NONE,SERVICE_COUNTER,NONE,,WAITING,NONE,
484,3,NONE,[],"{'CAMERA_1': [], 'CAMERA_2': [], 'CAMERA_3': []}",C_EXAMINES_CAMERA,CAMERA_3,NONE,,WAITING,NONE,S_GREETS,CAMERA_3,NONE,can I help you?,FACE_TO_FACE,NONE,
484,4,CAMERA_3,['CAMERA_3'],"{'CAMERA_1': [], 'CAMERA_2': [], 'CAMERA_3': []}",C_LOOKING_FOR_A_CAMERA,CAMERA_3,NONE,I'm just looking around I'm thinking about buying a camera but I don't know which one,FACE_TO_FACE,NONE,S_INTRODUCES_CAMERA,CAMERA_3,,Let me show you this. Here we have the Fujifilm PowerShot ELPH S2800.,PRESENT_X,CAMERA_3,39~68
484,5,CAMERA_3,['CAMERA_3'],"{'CAMERA_1': [], 'CAMERA_2': [], 'CAMERA_3': ['color']}",C_QUESTION_ABOUT_FEATURE,CAMERA_3,color,what colors does this one come in,PRESENT_X,CAMERA_3,S_ANSWERS_QUESTION_ABOUT_FEATURE,CAMERA_3,color,"This one comes in purple, white, silver, blue, red, or pink.",PRESENT_X,CAMERA_3,18~59
484,6,CAMERA_2,"['CAMERA_3', 'CAMERA_2']","{'CAMERA_1': [], 'CAMERA_2': [], 'CAMERA_3': ['color']}",C_ANYTHING_ELSE_AVAILABLE,CAMERA_3,NONE,I see do you have any other options that you can show me,PRESENT_X,CAMERA_3,S_INTRODUCES_CAMERA,CAMERA_2,,Let me show you this. Here we have the Fujifilm Lumix ILC Camera.,PRESENT_X,CAMERA_2,39~64
484,7,CAMERA_2,"['CAMERA_3', 'CAMERA_2']","{'CAMERA_1': [], 'CAMERA_2': ['sensor_size'], 'CAMERA_3': ['color']}",C_QUESTION_ABOUT_FEATURE,CAMERA_2,sensor_size,what is the size of this camera,PRESENT_X,CAMERA_2,S_ANSWERS_QUESTION_ABOUT_FEATURE,CAMERA_2,sensor_size,This one has a 1/2.33 inch sensor.,PRESENT_X,CAMERA_2,15~33
484,8,CAMERA_2,"['CAMERA_3', 'CAMERA_2']","{'CAMERA_1': [], 'CAMERA_2': ['sensor_size', 'effects'], 'CAMERA_3': ['color']}",C_QUESTION_ABOUT_FEATURE,CAMERA_2,effects,how many autistic affect much does a half,PRESENT_X,CAMERA_2,S_ANSWERS_QUESTION_ABOUT_FEATURE,CAMERA_2,effects,"This one has 24 artistic effect modes (retro, lighter or darker skin tones, sepia, etc.).",PRESENT_X,CAMERA_2,13~88
484,9,NONE,"['CAMERA_3', 'CAMERA_2']","{'CAMERA_1': [], 'CAMERA_2': ['sensor_size', 'effects'], 'CAMERA_3': ['color']}",C_THANK_YOU,CAMERA_2,NONE,alright well I'll see if your help,PRESENT_X,CAMERA_2,S_THANK_YOU,CAMERA_2,NONE,thank you very much.,FACE_TO_FACE,NONE,
484,10,NONE,"['CAMERA_3', 'CAMERA_2']","{'CAMERA_1': [], 'CAMERA_2': ['sensor_size', 'effects'], 'CAMERA_3': ['color']}",C_LEAVES,DOOR,NONE,,FACE_TO_FACE,NONE,S_RETURNS_TO_COUNTER,SERVICE_COUNTER,NONE,,WAITING,NONE,
485,1,NONE,[],"{'CAMERA_1': [], 'CAMERA_2': [], 'CAMERA_3': []}",C_ENTERS,DOOR,NONE,,WAITING,NONE,S_NONE,SERVICE_COUNTER,NONE,,WAITING,NONE,
485,2,NONE,[],"{'CAMERA_1': [], 'CAMERA_2': [], 'CAMERA_3': []}",C_GREETS,MIDDLE,NONE,hello,WAITING,NONE,S_GREETS,MIDDLE,NONE,can I help you?,FACE_TO_FACE,NONE,
485,3,CAMERA_1,['CAMERA_1'],"{'CAMERA_1': [], 'CAMERA_2': [], 'CAMERA_3': []}",C_LOOKING_FOR_A_CAMERA,MIDDLE,NONE,the room I'm looking for a new camera that has a professional photographer,FACE_TO_FACE,NONE,S_INTRODUCES_CAMERA,CAMERA_1,,Let me show you this. Here we have the Sony PowerShot ELPH DMC-ZS3.,PRESENT_X,CAMERA_1,39~66
485,4,CAMERA_1,['CAMERA_1'],"{'CAMERA_1': ['long_exposure'], 'CAMERA_2': [], 'CAMERA_3': []}",C_SILENT_OR_BACKCHANNEL,CAMERA_1,NONE,ok,PRESENT_X,CAMERA_1,S_INTRODUCES_FEATURE,CAMERA_1,long_exposure,This one can take long exposures up to up to 15 seconds with Long Shutter Mode.,PRESENT_X,CAMERA_1,39~78
485,5,CAMERA_1,['CAMERA_1'],"{'CAMERA_1': ['long_exposure', 'color'], 'CAMERA_2': [], 'CAMERA_3': []}",C_SILENT_OR_BACKCHANNEL,CAMERA_1,NONE,okay,PRESENT_X,CAMERA_1,S_INTRODUCES_FEATURE,CAMERA_1,color,This one comes in blue or black.,PRESENT_X,CAMERA_1,18~31
485,6,CAMERA_1,['CAMERA_1'],"{'CAMERA_1': ['long_exposure', 'color', 'preset_modes'], 'CAMERA_2': [], 'CAMERA_3': []}",C_QUESTION_ABOUT_FEATURE,CAMERA_1,preset_modes,does it have any preset modes,PRESENT_X,CAMERA_1,S_NOT_SURE,CAMERA_1,,I'm not really sure about that.,PRESENT_X,CAMERA_1,
485,7,CAMERA_3,"['CAMERA_1', 'CAMERA_3']","{'CAMERA_1': ['long_exposure', 'color', 'preset_modes'], 'CAMERA_2': [], 'CAMERA_3': []}",C_ANYTHING_ELSE_AVAILABLE,CAMERA_1,NONE,do you have any other cameras like this,PRESENT_X,CAMERA_1,S_INTRODUCES_CAMERA,CAMERA_3,,Let me show you this. Here we have the Fujifilm PowerShot ELPH S2800.,PRESENT_X,CAMERA_3,39~68
485,8,CAMERA_3,"['CAMERA_1', 'CAMERA_3']","{'CAMERA_1': ['long_exposure', 'color', 'preset_modes'], 'CAMERA_2': [], 'CAMERA_3': ['long_exposure']}",C_SILENT_OR_BACKCHANNEL,CAMERA_3,NONE,what about the is so great how long is that,PRESENT_X,CAMERA_3,S_INTRODUCES_FEATURE,CAMERA_3,long_exposure,This one can take long exposures up to 30 minutes max with bulb mode.,PRESENT_X,CAMERA_3,39~68
485,9,CAMERA_3,"['CAMERA_1', 'CAMERA_3']","{'CAMERA_1': ['long_exposure', 'color', 'preset_modes'], 'CAMERA_2': [], 'CAMERA_3': ['long_exposure', 'price']}",C_SILENT_OR_BACKCHANNEL,CAMERA_3,NONE,sounds like a pretty good option,PRESENT_X,CAMERA_3,S_INTRODUCES_FEATURE,CAMERA_3,price,This one costs $518.,PRESENT_X,CAMERA_3,15~19
485,10,CAMERA_2,"['CAMERA_1', 'CAMERA_3', 'CAMERA_2']","{'CAMERA_1': ['long_exposure', 'color', 'preset_modes'], 'CAMERA_2': [], 'CAMERA_3': ['long_exposure', 'price']}",C_ANYTHING_ELSE_AVAILABLE,CAMERA_3,NONE,maybe did you have a another camera you recommend,PRESENT_X,CAMERA_3,S_INTRODUCES_CAMERA,CAMERA_2,,Let me show you this. Here we have the Fujifilm Lumix ILC Camera.,PRESENT_X,CAMERA_2,39~64
485,11,CAMERA_2,"['CAMERA_1', 'CAMERA_3', 'CAMERA_2']","{'CAMERA_1': ['long_exposure', 'color', 'preset_modes'], 'CAMERA_2': ['color'], 'CAMERA_3': ['long_exposure', 'price']}",C_SILENT_OR_BACKCHANNEL,CAMERA_2,NONE,I say,PRESENT_X,CAMERA_2,S_INTRODUCES_FEATURE,CAMERA_2,color,This one comes in white or pink.,PRESENT_X,CAMERA_2,18~31
485,12,CAMERA_2,"['CAMERA_1', 'CAMERA_3', 'CAMERA_2']","{'CAMERA_1': ['long_exposure', 'color', 'preset_modes'], 'CAMERA_2': ['color', 'sensor_size'], 'CAMERA_3': ['long_exposure', 'price']}",C_SILENT_OR_BACKCHANNEL,CAMERA_2,NONE,oh wow its looks nice,PRESENT_X,CAMERA_2,S_INTRODUCES_FEATURE,CAMERA_2,sensor_size,This one has a 1/2.33 inch sensor.,PRESENT_X,CAMERA_2,15~33
485,13,NONE,"['CAMERA_1', 'CAMERA_3', 'CAMERA_2']","{'CAMERA_1': ['long_exposure', 'color', 'preset_modes'], 'CAMERA_2': ['color', 'sensor_size'], 'CAMERA_3': ['long_exposure', 'price']}",C_THANK_YOU,CAMERA_2,NONE,thank you,PRESENT_X,CAMERA_2,S_THANK_YOU,CAMERA_2,NONE,thank you very much.,FACE_TO_FACE,NONE,
485,14,NONE,"['CAMERA_1', 'CAMERA_3', 'CAMERA_2']","{'CAMERA_1': ['long_exposure', 'color', 'preset_modes'], 'CAMERA_2': ['color', 'sensor_size'], 'CAMERA_3': ['long_exposure', 'price']}",C_LEAVES,DOOR,NONE,,FACE_TO_FACE,NONE,S_RETURNS_TO_COUNTER,SERVICE_COUNTER,NONE,,WAITING,NONE,
486,1,NONE,[],"{'CAMERA_1': [], 'CAMERA_2': [], 'CAMERA_3': []}",C_ENTERS,DOOR,NONE,,WAITING,NONE,S_NONE,SERVICE_COUNTER,NONE,,WAITING,NONE,
486,2,NONE,[],"{'CAMERA_1': [], 'CAMERA_2': [], 'CAMERA_3': []}",C_WALKS_TO_CAMERA,CAMERA_2,NONE,,WAITING,NONE,S_GREETS,CAMERA_2,NONE,can I help you?,FACE_TO_FACE,NONE,
486,3,CAMERA_1,['CAMERA_1'],"{'CAMERA_1': [], 'CAMERA_2': [], 'CAMERA_3': []}",C_LOOKING_FOR_A_CAMERA,CAMERA_2,NONE,I'm just browsing around just searching for a camera,FACE_TO_FACE,NONE,S_INTRODUCES_CAMERA,CAMERA_1,,Let me show you this. Here we have the Sony PowerShot ELPH DMC-ZS3.,PRESENT_X,CAMERA_1,39~66
486,4,CAMERA_1,['CAMERA_1'],"{'CAMERA_1': ['camera_type'], 'CAMERA_2': [], 'CAMERA_3': []}",C_QUESTION_ABOUT_FEATURE,CAMERA_1,camera_type,is this a point and shoot camera,PRESENT_X,CAMERA_1,S_ANSWERS_QUESTION_ABOUT_FEATURE,CAMERA_1,camera_type,This is a DSLR camera.,PRESENT_X,CAMERA_1,10~14
486,5,CAMERA_1,['CAMERA_1'],"{'CAMERA_1': ['camera_type', 'color'], 'CAMERA_2': [], 'CAMERA_3': []}",C_SILENT_OR_BACKCHANNEL,CAMERA_1,NONE,I say,PRESENT_X,CAMERA_1,S_INTRODUCES_FEATURE,CAMERA_1,color,This one comes in blue or black.,PRESENT_X,CAMERA_1,18~31
486,6,CAMERA_1,['CAMERA_1'],"{'CAMERA_1': ['camera_type', 'color', 'settings'], 'CAMERA_2': [], 'CAMERA_3': []}",C_SILENT_OR_BACKCHANNEL,CAMERA_1,NONE,that's pretty funky,PRESENT_X,CAMERA_1,S_INTRODUCES_FEATURE,CAMERA_1,settings,This one has limited manual settings.,PRESENT_X,CAMERA_1,13~36
486,7,CAMERA_1,['CAMERA_1'],"{'CAMERA_1': ['camera_type', 'color', 'settings', 'long_exposure'], 'CAMERA_2': [], 'CAMERA_3': []}",C_SILENT_OR_BACKCHANNEL,CAMERA_1,NONE,not too bad,PRESENT_X,CAMERA_1,S_INTRODUCES_FEATURE,CAMERA_1,long_exposure,This one can take long exposures up to up to 15 seconds with Long Shutter Mode.,PRESENT_X,CAMERA_1,39~78
486,8,CAMERA_1,['CAMERA_1'],"{'CAMERA_1': ['camera_type', 'color', 'settings', 'long_exposure', 'optical_zoom'], 'CAMERA_2': [], 'CAMERA_3': []}",C_SILENT_OR_BACKCHANNEL,CAMERA_1,NONE,wow,PRESENT_X,CAMERA_1,S_INTRODUCES_FEATURE,CAMERA_1,optical_zoom,This one has 21x optical zoom.,PRESENT_X,CAMERA_1,13~29
486,9,NONE,['CAMERA_1'],"{'CAMERA_1': ['camera_type', 'color', 'settings', 'long_exposure', 'optical_zoom'], 'CAMERA_2': [], 'CAMERA_3': []}",C_THANK_YOU,CAMERA_1,NONE,thank you for your support,PRESENT_X,CAMERA_1,S_THANK_YOU,CAMERA_1,NONE,thank you very much.,FACE_TO_FACE,NONE,
486,10,NONE,['CAMERA_1'],"{'CAMERA_1': ['camera_type', 'color', 'settings', 'long_exposure', 'optical_zoom'], 'CAMERA_2': [], 'CAMERA_3': []}",C_LEAVES,DOOR,NONE,,FACE_TO_FACE,NONE,S_RETURNS_TO_COUNTER,SERVICE_COUNTER,NONE,,WAITING,NONE,
487,1,NONE,[],"{'CAMERA_1': [], 'CAMERA_2': [], 'CAMERA_3': []}",C_ENTERS,DOOR,NONE,,WAITING,NONE,S_NONE,SERVICE_COUNTER,NONE,,WAITING,NONE,
487,2,NONE,[],"{'CAMERA_1': [], 'CAMERA_2': [], 'CAMERA_3': []}",C_WALKS_TO_CAMERA,CAMERA_3,NONE,,WAITING,NONE,S_NONE,SERVICE_COUNTER,NONE,,WAITING,NONE,
487,3,NONE,[],"{'CAMERA_1': [], 'CAMERA_2': [], 'CAMERA_3': []}",C_EXAMINES_CAMERA,CAMERA_3,NONE,,WAITING,NONE,S_GREETS,CAMERA_3,NONE,can I help you?,FACE_TO_FACE,NONE,
487,4,CAMERA_3,['CAMERA_3'],"{'CAMERA_1': [], 'CAMERA_2': [], 'CAMERA_3': []}",C_LOOKING_FOR_A_CAMERA,CAMERA_3,NONE,Yes simple point and shoot but I'm looking for something nicer,FACE_TO_FACE,NONE,S_INTRODUCES_CAMERA,CAMERA_3,,Let me show you this. Here we have the Fujifilm PowerShot ELPH S2800.,PRESENT_X,CAMERA_3,39~68
487,5,CAMERA_3,['CAMERA_3'],"{'CAMERA_1': [], 'CAMERA_2': [], 'CAMERA_3': ['color']}",C_QUESTION_ABOUT_FEATURE,CAMERA_3,color,how many colors does it come in,PRESENT_X,CAMERA_3,S_ANSWERS_QUESTION_ABOUT_FEATURE,CAMERA_3,color,"This one comes in purple, white, silver, blue, red, or pink.",PRESENT_X,CAMERA_3,18~59
487,6,CAMERA_3,['CAMERA_3'],"{'CAMERA_1': [], 'CAMERA_2': [], 'CAMERA_3': ['color', 'weight']}",C_QUESTION_ABOUT_FEATURE,CAMERA_3,weight,oh I see what about the weight of this one,PRESENT_X,CAMERA_3,S_ANSWERS_QUESTION_ABOUT_FEATURE,CAMERA_3,weight,This one weighs 820 grams.,PRESENT_X,CAMERA_3,16~25
487,7,CAMERA_2,"['CAMERA_3', 'CAMERA_2']","{'CAMERA_1': [], 'CAMERA_2': [], 'CAMERA_3': ['color', 'weight']}",C_ANYTHING_ELSE_AVAILABLE,CAMERA_3,NONE,I see do you have any other options that you can show me,PRESENT_X,CAMERA_3,S_INTRODUCES_CAMERA,CAMERA_2,,Let me show you this. Here we have the Fujifilm Lumix ILC Camera.,PRESENT_X,CAMERA_2,39~64
487,8,CAMERA_2,"['CAMERA_3', 'CAMERA_2']","{'CAMERA_1': [], 'CAMERA_2': ['camera_type'], 'CAMERA_3': ['color', 'weight']}",C_QUESTION_ABOUT_FEATURE,CAMERA_2,camera_type,what kind of camera is this,PRESENT_X,CAMERA_2,S_ANSWERS_QUESTION_ABOUT_FEATURE,CAMERA_2,camera_type,This is a digital single lens mirrorless camera.,PRESENT_X,CAMERA_2,10~40
487,9,CAMERA_2,"['CAMERA_3', 'CAMERA_2']","{'CAMERA_1': [], 'CAMERA_2': ['camera_type', 'sensor_size'], 'CAMERA_3': ['color', 'weight']}",C_QUESTION_ABOUT_FEATURE,CAMERA_2,sensor_size,what about the sensor size,PRESENT_X,CAMERA_2,S_ANSWERS_QUESTION_ABOUT_FEATURE,CAMERA_2,sensor_size,This one has a 1/2.33 inch sensor.,PRESENT_X,CAMERA_2,15~33
487,10,CAMERA_2,"['CAMERA_3', 'CAMERA_2']","{'CAMERA_1': [], 'CAMERA_2': ['camera_type', 'sensor_size', 'optical_zoom'], 'CAMERA_3': ['color', 'weight']}",C_QUESTION_ABOUT_FEATURE,CAMERA_2,optical_zoom,okay that's the drawback okay and he comes here with optical zoom,PRESENT_X,CAMERA_2,S_ANSWERS_QUESTION_ABOUT_FEATURE,CAMERA_2,optical_zoom,This one has 21x optical zoom.,PRESENT_X,CAMERA_2,13~29
487,11,CAMERA_2,"['CAMERA_3', 'CAMERA_2']","{'CAMERA_1': [], 'CAMERA_2': ['camera_type', 'sensor_size', 'optical_zoom', 'resolution'], 'CAMERA_3': ['color', 'weight']}",C_SILENT_OR_BACKCHANNEL,CAMERA_2,NONE,ok,PRESENT_X,CAMERA_2,S_INTRODUCES_FEATURE,CAMERA_2,resolution,This one has 23.8 megapixels resolution.,PRESENT_X,CAMERA_2,13~28
487,12,CAMERA_2,"['CAMERA_3', 'CAMERA_2']","{'CAMERA_1': [], 'CAMERA_2': ['camera_type', 'sensor_size', 'optical_zoom', 'resolution', 'ISO'], 'CAMERA_3': ['color', 'weight']}",C_QUESTION_ABOUT_FEATURE,CAMERA_2,ISO,Ohio ISOs so how well is the able to shoot,PRESENT_X,CAMERA_2,S_NOT_SURE,CAMERA_2,,I'm not really sure about that.,PRESENT_X,CAMERA_2,
487,13,CAMERA_2,"['CAMERA_3', 'CAMERA_2']","{'CAMERA_1': [], 'CAMERA_2': ['camera_type', 'sensor_size', 'optical_zoom', 'resolution', 'ISO', 'weight'], 'CAMERA_3': ['color', 'weight']}",C_QUESTION_ABOUT_FEATURE,CAMERA_2,weight,anything how much does it weight,PRESENT_X,CAMERA_2,S_ANSWERS_QUESTION_ABOUT_FEATURE,CAMERA_2,weight,This one weighs 820 grams.,PRESENT_X,CAMERA_2,16~25
487,14,CAMERA_1,"['CAMERA_3', 'CAMERA_2', 'CAMERA_1']","{'CAMERA_1': [], 'CAMERA_2': ['camera_type', 'sensor_size', 'optical_zoom', 'resolution', 'ISO', 'weight'], 'CAMERA_3': ['color', 'weight']}",C_ANYTHING_ELSE_AVAILABLE,CAMERA_2,NONE,do you have anything better than this,PRESENT_X,CAMERA_2,S_INTRODUCES_CAMERA,CAMERA_1,,Let me show you this. Here we have the Sony PowerShot ELPH DMC-ZS3.,PRESENT_X,CAMERA_1,39~66
487,15,CAMERA_1,"['CAMERA_3', 'CAMERA_2', 'CAMERA_1']","{'CAMERA_1': ['sensor_size'], 'CAMERA_2': ['camera_type', 'sensor_size', 'optical_zoom', 'resolution', 'ISO', 'weight'], 'CAMERA_3': ['color', 'weight']}",C_SILENT_OR_BACKCHANNEL,CAMERA_1,NONE,ok is this camera really nice,PRESENT_X,CAMERA_1,S_INTRODUCES_FEATURE,CAMERA_1,sensor_size,This one has a 1/2.3 inch CMOS sensor.,PRESENT_X,CAMERA_1,15~37
487,16,CAMERA_1,"['CAMERA_3', 'CAMERA_2', 'CAMERA_1']","{'CAMERA_1': ['sensor_size', 'color'], 'CAMERA_2': ['camera_type', 'sensor_size', 'optical_zoom', 'resolution', 'ISO', 'weight'], 'CAMERA_3': ['color', 'weight']}",C_SILENT_OR_BACKCHANNEL,CAMERA_1,NONE,ok,PRESENT_X,CAMERA_1,S_INTRODUCES_FEATURE,CAMERA_1,color,This one comes in blue or black.,PRESENT_X,CAMERA_1,18~31
487,17,NONE,"['CAMERA_3', 'CAMERA_2', 'CAMERA_1']","{'CAMERA_1': ['sensor_size', 'color'], 'CAMERA_2': ['camera_type', 'sensor_size', 'optical_zoom', 'resolution', 'ISO', 'weight'], 'CAMERA_3': ['color', 'weight']}",C_THANK_YOU,CAMERA_1,NONE,ok thanks,PRESENT_X,CAMERA_1,S_THANK_YOU,CAMERA_1,NONE,thank you very much.,FACE_TO_FACE,NONE,
487,18,NONE,"['CAMERA_3', 'CAMERA_2', 'CAMERA_1']","{'CAMERA_1': ['sensor_size', 'color'], 'CAMERA_2': ['camera_type', 'sensor_size', 'optical_zoom', 'resolution', 'ISO', 'weight'], 'CAMERA_3': ['color', 'weight']}",C_LEAVES,DOOR,NONE,,FACE_TO_FACE,NONE,S_RETURNS_TO_COUNTER,SERVICE_COUNTER,NONE,,WAITING,NONE,
488,1,NONE,[],"{'CAMERA_1': [], 'CAMERA_2': [], 'CAMERA_3': []}",C_ENTERS,DOOR,NONE,,WAITING,NONE,S_NONE,SERVICE_COUNTER,NONE,,WAITING,NONE,
488,2,NONE,[],"{'CAMERA_1': [], 'CAMERA_2': [], 'CAMERA_3': []}",C_WALKS_TO_CAMERA,CAMERA_1,NONE,,WAITING,NONE,S_GREETS,CAMERA_1,NONE,can I help you?,FACE_TO_FACE,NONE,
488,3,CAMERA_3,['CAMERA_3'],"{'CAMERA_1': [], 'CAMERA_2': [], 'CAMERA_3': []}",C_LOOKING_FOR_A_CAMERA,CAMERA_1,NONE,I'm looking for a mid mid range priced camera,FACE_TO_FACE,NONE,S_INTRODUCES_CAMERA,CAMERA_3,,Let me show you this. Here we have the Fujifilm PowerShot ELPH S2800.,PRESENT_X,CAMERA_3,39~68
488,4,CAMERA_3,['CAMERA_3'],"{'CAMERA_1': [], 'CAMERA_2': [], 'CAMERA_3': ['resolution']}",C_QUESTION_ABOUT_FEATURE,CAMERA_3,resolution,um how about the megapixels for the camera,PRESENT_X,CAMERA_3,S_ANSWERS_QUESTION_ABOUT_FEATURE,CAMERA_3,resolution,This one has 23.2 megapixels resolution.,PRESENT_X,CAMERA_3,13~28
488,5,NONE,['CAMERA_3'],"{'CAMERA_1': [], 'CAMERA_2': [], 'CAMERA_3': ['resolution']}",C_THANK_YOU,CAMERA_3,NONE,thank you for your help,PRESENT_X,CAMERA_3,S_THANK_YOU,CAMERA_3,NONE,thank you very much.,FACE_TO_FACE,NONE,
488,6,NONE,['CAMERA_3'],"{'CAMERA_1': [], 'CAMERA_2': [], 'CAMERA_3': ['resolution']}",C_LEAVES,DOOR,NONE,,FACE_TO_FACE,NONE,S_RETURNS_TO_COUNTER,SERVICE_COUNTER,NONE,,WAITING,NONE,
489,1,NONE,[],"{'CAMERA_1': [], 'CAMERA_2': [], 'CAMERA_3': []}",C_ENTERS,DOOR,NONE,,WAITING,NONE,S_NONE,SERVICE_COUNTER,NONE,,WAITING,NONE,
489,2,NONE,[],"{'CAMERA_1': [], 'CAMERA_2': [], 'CAMERA_3': []}",C_GREETS,MIDDLE,NONE,sorry excuse me I have a question about this camera,WAITING,NONE,S_GREETS,MIDDLE,NONE,can I help you?,FACE_TO_FACE,NONE,
489,3,CAMERA_3,['CAMERA_3'],"{'CAMERA_1': [], 'CAMERA_2': [], 'CAMERA_3': []}",C_LOOKING_FOR_A_CAMERA,MIDDLE,NONE,Yes simple point and shoot but I'm looking for something nicer,FACE_TO_FACE,NONE,S_INTRODUCES_CAMERA,CAMERA_3,,Let me show you this. Here we have the Fujifilm PowerShot ELPH S2800.,PRESENT_X,CAMERA_3,39~68
489,4,CAMERA_3,['CAMERA_3'],"{'CAMERA_1': [], 'CAMERA_2': [], 'CAMERA_3': ['color']}",C_SILENT_OR_BACKCHANNEL,CAMERA_3,NONE,that sounds good,PRESENT_X,CAMERA_3,S_INTRODUCES_FEATURE,CAMERA_3,color,"This one comes in purple, white, silver, blue, red, or pink.",PRESENT_X,CAMERA_3,18~59
489,5,CAMERA_3,['CAMERA_3'],"{'CAMERA_1': [], 'CAMERA_2': [], 'CAMERA_3': ['color', 'effects']}",C_SILENT_OR_BACKCHANNEL,CAMERA_3,NONE,ok,PRESENT_X,CAMERA_3,S_INTRODUCES_FEATURE,CAMERA_3,effects,"This one has 21 photo effects (small face, retro, big eyes, etc.).",PRESENT_X,CAMERA_3,13~65
489,6,CAMERA_3,['CAMERA_3'],"{'CAMERA_1': [], 'CAMERA_2': [], 'CAMERA_3': ['color', 'effects', 'long_exposure']}",C_SILENT_OR_BACKCHANNEL,CAMERA_3,NONE,okay,PRESENT_X,CAMERA_3,S_INTRODUCES_FEATURE,CAMERA_3,long_exposure,This one can take long exposures up to 30 minutes max with bulb mode.,PRESENT_X,CAMERA_3,39~68
489,7,CAMERA_3,['CAMERA_3'],"{'CAMERA_1': [], 'CAMERA_2': [], 'CAMERA_3': ['color', 'effects', 'long_exposure', 'autofocus_points']}",C_QUESTION_ABOUT_FEATURE,CAMERA_3,autofocus_points,what do I use the autofocus points for,PRESENT_X,CAMERA_3,S_ANSWERS_QUESTION_ABOUT_FEATURE,CAMERA_3,autofocus_points,This one has 214 autofocus points.,PRESENT_X,CAMERA_3,13~33
489,8,CAMERA_3,['CAMERA_3'],"{'CAMERA_1': [], 'CAMERA_2': [], 'CAMERA_3': ['color', 'effects', 'long_exposure', 'autofocus_points', 'resolution']}",C_SILENT_OR_BACKCHANNEL,CAMERA_3,NONE,ok,PRESENT_X,CAMERA_3,S_INTRODUCES_FEATURE,CAMERA_3,resolution,This one has 23.2 megapixels resolution.,PRESENT_X,CAMERA_3,13~28
489,9,CAMERA_3,['CAMERA_3'],"{'CAMERA_1': [], 'CAMERA_2': [], 'CAMERA_3': ['color', 'effects', 'long_exposure', 'autofocus_points', 'resolution', 'settings']}",C_SILENT_OR_BACKCHANNEL,CAMERA_3,NONE,oh that's not bad,PRESENT_X,CAMERA_3,S_INTRODUCES_FEATURE,CAMERA_3,settings,"This one has manual control and various automatic settings (video modeburst shooting, etc.).",PRESENT_X,CAMERA_3,13~91
489,10,CAMERA_3,['CAMERA_3'],"{'CAMERA_1': [], 'CAMERA_2': [], 'CAMERA_3': ['color', 'effects', 'long_exposure', 'autofocus_points', 'resolution', 'settings', 'weight']}",C_QUESTION_ABOUT_FEATURE,CAMERA_3,weight,this feels quite heavy how much does it weigh,PRESENT_X,CAMERA_3,S_ANSWERS_QUESTION_ABOUT_FEATURE,CAMERA_3,weight,This one weighs 820 grams.,PRESENT_X,CAMERA_3,16~25
489,11,CAMERA_3,['CAMERA_3'],"{'CAMERA_1': [], 'CAMERA_2': [], 'CAMERA_3': ['color', 'effects', 'long_exposure', 'autofocus_points', 'resolution', 'settings', 'weight', 'sensor_size']}",C_SILENT_OR_BACKCHANNEL,CAMERA_3,NONE,okay I see,PRESENT_X,CAMERA_3,S_INTRODUCES_FEATURE,CAMERA_3,sensor_size,This one has a full frame.,PRESENT_X,CAMERA_3,15~25
489,12,CAMERA_3,['CAMERA_3'],"{'CAMERA_1': [], 'CAMERA_2': [], 'CAMERA_3': ['color', 'effects', 'long_exposure', 'autofocus_points', 'resolution', 'settings', 'weight', 'sensor_size', 'preset_modes']}",C_SILENT_OR_BACKCHANNEL,CAMERA_3,NONE,okay,PRESENT_X,CAMERA_3,S_INTRODUCES_FEATURE,CAMERA_3,preset_modes,This one has various preset modes.,PRESENT_X,CAMERA_3,13~33
489,13,CAMERA_3,['CAMERA_3'],"{'CAMERA_1': [], 'CAMERA_2': [], 'CAMERA_3': ['color', 'effects', 'long_exposure', 'autofocus_points', 'resolution', 'settings', 'weight', 'sensor_size', 'preset_modes', 'optical_zoom']}",C_QUESTION_ABOUT_FEATURE,CAMERA_3,optical_zoom,I see what about the optical zoom,PRESENT_X,CAMERA_3,S_NOT_SURE,CAMERA_3,,I'm not really sure about that.,PRESENT_X,CAMERA_3,
489,14,CAMERA_1,"['CAMERA_3', 'CAMERA_1']","{'CAMERA_1': [], 'CAMERA_2': [], 'CAMERA_3': ['color', 'effects', 'long_exposure', 'autofocus_points', 'resolution', 'settings', 'weight', 'sensor_size', 'preset_modes', 'optical_zoom']}",C_ANYTHING_ELSE_AVAILABLE,CAMERA_3,NONE,that's good that's okay I like it when do you have other models in this area,PRESENT_X,CAMERA_3,S_INTRODUCES_CAMERA,CAMERA_1,,Let me show you this. Here we have the Sony PowerShot ELPH DMC-ZS3.,PRESENT_X,CAMERA_1,39~66
489,15,CAMERA_1,"['CAMERA_3', 'CAMERA_1']","{'CAMERA_1': ['camera_type'], 'CAMERA_2': [], 'CAMERA_3': ['color', 'effects', 'long_exposure', 'autofocus_points', 'resolution', 'settings', 'weight', 'sensor_size', 'preset_modes', 'optical_zoom']}",C_QUESTION_ABOUT_FEATURE,CAMERA_1,camera_type,Is this a mirrorless camera?,PRESENT_X,CAMERA_1,S_ANSWERS_QUESTION_ABOUT_FEATURE,CAMERA_1,camera_type,This is a DSLR camera.,PRESENT_X,CAMERA_1,10~14
489,16,CAMERA_1,"['CAMERA_3', 'CAMERA_1']","{'CAMERA_1': ['camera_type', 'settings'], 'CAMERA_2': [], 'CAMERA_3': ['color', 'effects', 'long_exposure', 'autofocus_points', 'resolution', 'settings', 'weight', 'sensor_size', 'preset_modes', 'optical_zoom']}",C_QUESTION_ABOUT_FEATURE,CAMERA_1,settings,ok and manual settings how many manual settings does it have,PRESENT_X,CAMERA_1,S_ANSWERS_QUESTION_ABOUT_FEATURE,CAMERA_1,settings,This one has limited manual settings.,PRESENT_X,CAMERA_1,13~36
489,17,CAMERA_1,"['CAMERA_3', 'CAMERA_1']","{'CAMERA_1': ['camera_type', 'settings', 'price'], 'CAMERA_2': [], 'CAMERA_3': ['color', 'effects', 'long_exposure', 'autofocus_points', 'resolution', 'settings', 'weight', 'sensor_size', 'preset_modes', 'optical_zoom']}",C_SILENT_OR_BACKCHANNEL,CAMERA_1,NONE,okay,PRESENT_X,CAMERA_1,S_INTRODUCES_FEATURE,CAMERA_1,price,This one costs $450.,PRESENT_X,CAMERA_1,15~19
489,18,CAMERA_1,"['CAMERA_3', 'CAMERA_1']","{'CAMERA_1': ['camera_type', 'settings', 'price', 'resolution'], 'CAMERA_2': [], 'CAMERA_3': ['color', 'effects', 'long_exposure', 'autofocus_points', 'resolution', 'settings', 'weight', 'sensor_size', 'preset_modes', 'optical_zoom']}",C_SILENT_OR_BACKCHANNEL,CAMERA_1,NONE,this camera looks good,PRESENT_X,CAMERA_1,S_INTRODUCES_FEATURE,CAMERA_1,resolution,This one has 17.8 megapixels resolution.,PRESENT_X,CAMERA_1,13~28
489,19,CAMERA_1,"['CAMERA_3', 'CAMERA_1']","{'CAMERA_1': ['camera_type', 'settings', 'price', 'resolution', 'weight'], 'CAMERA_2': [], 'CAMERA_3': ['color', 'effects', 'long_exposure', 'autofocus_points', 'resolution', 'settings', 'weight', 'sensor_size', 'preset_modes', 'optical_zoom']}",C_QUESTION_ABOUT_FEATURE,CAMERA_1,weight,it looks heavy though how much does it weight,PRESENT_X,CAMERA_1,S_ANSWERS_QUESTION_ABOUT_FEATURE,CAMERA_1,weight,This one weighs 800 grams.,PRESENT_X,CAMERA_1,16~25
489,20,CAMERA_1,"['CAMERA_3', 'CAMERA_1']","{'CAMERA_1': ['camera_type', 'settings', 'price', 'resolution', 'weight', 'preset_modes'], 'CAMERA_2': [], 'CAMERA_3': ['color', 'effects', 'long_exposure', 'autofocus_points', 'resolution', 'settings', 'weight', 'sensor_size', 'preset_modes', 'optical_zoom']}",C_QUESTION_ABOUT_FEATURE,CAMERA_1,preset_modes,and it has bulb mode right,PRESENT_X,CAMERA_1,S_NOT_SURE,CAMERA_1,,I'm not really sure about that.,PRESENT_X,CAMERA_1,
489,21,NONE,"['CAMERA_3', 'CAMERA_1']","{'CAMERA_1': ['camera_type', 'settings', 'price', 'resolution', 'weight', 'preset_modes'], 'CAMERA_2': [], 'CAMERA_3': ['color', 'effects', 'long_exposure', 'autofocus_points', 'resolution', 'settings', 'weight', 'sensor_size', 'preset_modes', 'optical_zoom']}",C_THANK_YOU,CAMERA_1,NONE,thank you very much for your help,PRESENT_X,CAMERA_1,S_THANK_YOU,CAMERA_1,NONE,thank you very much.,FACE_TO_FACE,NONE,
489,22,NONE,"['CAMERA_3', 'CAMERA_1']","{'CAMERA_1': ['camera_type', 'settings', 'price', 'resolution', 'weight', 'preset_modes'], 'CAMERA_2': [], 'CAMERA_3': ['color', 'effects', 'long_exposure', 'autofocus_points', 'resolution', 'settings', 'weight', 'sensor_size', 'preset_modes', 'optical_zoom']}",C_LEAVES,DOOR,NONE,,FACE_TO_FACE,NONE,S_RETURNS_TO_COUNTER,SERVICE_COUNTER,NONE,,WAITING,NONE,
490,1,NONE,[],"{'CAMERA_1': [], 'CAMERA_2': [], 'CAMERA_3': []}",C_ENTERS,DOOR,NONE,,WAITING,NONE,S_NONE,SERVICE_COUNTER,NONE,,WAITING,NONE,
490,2,NONE,[],"{'CAMERA_1': [], 'CAMERA_2': [], 'CAMERA_3': []}",C_WALKS_TO_CAMERA,CAMERA_2,NONE,,WAITING,NONE,S_GREETS,CAMERA_2,NONE,can I help you?,FACE_TO_FACE,NONE,
490,3,CAMERA_3,['CAMERA_3'],"{'CAMERA_1': [], 'CAMERA_2': [], 'CAMERA_3': []}",C_LOOKING_FOR_A_CAMERA,CAMERA_2,NONE,I'm looking for a camera,FACE_TO_FACE,NONE,S_INTRODUCES_CAMERA,CAMERA_3,,Let me show you this. Here we have the Fujifilm PowerShot ELPH S2800.,PRESENT_X,CAMERA_3,39~68
490,4,CAMERA_3,['CAMERA_3'],"{'CAMERA_1': [], 'CAMERA_2': [], 'CAMERA_3': ['resolution']}",C_QUESTION_ABOUT_FEATURE,CAMERA_3,resolution,and how many megapixels does it have,PRESENT_X,CAMERA_3,S_ANSWERS_QUESTION_ABOUT_FEATURE,CAMERA_3,resolution,This one has 23.2 megapixels resolution.,PRESENT_X,CAMERA_3,13~28
490,5,CAMERA_3,['CAMERA_3'],"{'CAMERA_1': [], 'CAMERA_2': [], 'CAMERA_3': ['resolution', 'settings']}",C_SILENT_OR_BACKCHANNEL,CAMERA_3,NONE,it seems like a pretty good camera,PRESENT_X,CAMERA_3,S_INTRODUCES_FEATURE,CAMERA_3,settings,"This one has manual control and various automatic settings (video modeburst shooting, etc.).",PRESENT_X,CAMERA_3,13~91
490,6,CAMERA_3,['CAMERA_3'],"{'CAMERA_1': [], 'CAMERA_2': [], 'CAMERA_3': ['resolution', 'settings', 'effects']}",C_SILENT_OR_BACKCHANNEL,CAMERA_3,NONE,IC,PRESENT_X,CAMERA_3,S_INTRODUCES_FEATURE,CAMERA_3,effects,"This one has 21 photo effects (small face, retro, big eyes, etc.).",PRESENT_X,CAMERA_3,13~65
490,7,CAMERA_1,"['CAMERA_3', 'CAMERA_1']","{'CAMERA_1': [], 'CAMERA_2': [], 'CAMERA_3': ['resolution', 'settings', 'effects']}",C_ANYTHING_ELSE_AVAILABLE,CAMERA_3,NONE,do you have any other cameras with preset mode,PRESENT_X,CAMERA_3,S_INTRODUCES_CAMERA,CAMERA_1,,Let me show you this. Here we have the Sony PowerShot ELPH DMC-ZS3.,PRESENT_X,CAMERA_1,39~66
490,8,CAMERA_1,"['CAMERA_3', 'CAMERA_1']","{'CAMERA_1': ['long_exposure'], 'CAMERA_2': [], 'CAMERA_3': ['resolution', 'settings', 'effects']}",C_QUESTION_ABOUT_FEATURE,CAMERA_1,long_exposure,okay I see and has synthesizes and long exposures in manual settings on spreading good camera,PRESENT_X,CAMERA_1,S_ANSWERS_QUESTION_ABOUT_FEATURE,CAMERA_1,long_exposure,This one can take long exposures up to up to 15 seconds with Long Shutter Mode.,PRESENT_X,CAMERA_1,39~78
490,9,CAMERA_1,"['CAMERA_3', 'CAMERA_1']","{'CAMERA_1': ['long_exposure', 'weight'], 'CAMERA_2': [], 'CAMERA_3': ['resolution', 'settings', 'effects']}",C_SILENT_OR_BACKCHANNEL,CAMERA_1,NONE,I see AA ok,PRESENT_X,CAMERA_1,S_INTRODUCES_FEATURE,CAMERA_1,weight,This one weighs 800 grams.,PRESENT_X,CAMERA_1,16~25
490,10,CAMERA_1,"['CAMERA_3', 'CAMERA_1']","{'CAMERA_1': ['long_exposure', 'weight', 'preset_modes'], 'CAMERA_2': [], 'CAMERA_3': ['resolution', 'settings', 'effects']}",C_QUESTION_ABOUT_FEATURE,CAMERA_1,preset_modes,do they have pet mode,PRESENT_X,CAMERA_1,S_NOT_SURE,CAMERA_1,,I'm not really sure about that.,PRESENT_X,CAMERA_1,
490,11,CAMERA_2,"['CAMERA_3', 'CAMERA_1', 'CAMERA_2']","{'CAMERA_1': ['long_exposure', 'weight', 'preset_modes'], 'CAMERA_2': [], 'CAMERA_3': ['resolution', 'settings', 'effects']}",C_ANYTHING_ELSE_AVAILABLE,CAMERA_1,NONE,okay do you have any other cameras I might be interested,PRESENT_X,CAMERA_1,S_INTRODUCES_CAMERA,CAMERA_2,,Let me show you this. Here we have the Fujifilm Lumix ILC Camera.,PRESENT_X,CAMERA_2,39~64
490,12,CAMERA_2,"['CAMERA_3', 'CAMERA_1', 'CAMERA_2']","{'CAMERA_1': ['long_exposure', 'weight', 'preset_modes'], 'CAMERA_2': ['sensor_size'], 'CAMERA_3': ['resolution', 'settings', 'effects']}",C_QUESTION_ABOUT_FEATURE,CAMERA_2,sensor_size,oh I see and what about this sensor site,PRESENT_X,CAMERA_2,S_ANSWERS_QUESTION_ABOUT_FEATURE,CAMERA_2,sensor_size,This one has a 1/2.33 inch sensor.,PRESENT_X,CAMERA_2,15~33
490,13,CAMERA_2,"['CAMERA_3', 'CAMERA_1', 'CAMERA_2']","{'CAMERA_1': ['long_exposure', 'weight', 'preset_modes'], 'CAMERA_2': ['sensor_size', 'long_exposure'], 'CAMERA_3': ['resolution', 'settings', 'effects']}",C_SILENT_OR_BACKCHANNEL,CAMERA_2,NONE,IC,PRESENT_X,CAMERA_2,S_INTRODUCES_FEATURE,CAMERA_2,long_exposure,This one can take long exposures up to 60 minutes max with bulb mode.,PRESENT_X,CAMERA_2,39~68
490,14,NONE,"['CAMERA_3', 'CAMERA_1', 'CAMERA_2']","{'CAMERA_1': ['long_exposure', 'weight', 'preset_modes'], 'CAMERA_2': ['sensor_size', 'long_exposure'], 'CAMERA_3': ['resolution', 'settings', 'effects']}",C_THANK_YOU,CAMERA_2,NONE,let me consider thank you,PRESENT_X,CAMERA_2,S_THANK_YOU,CAMERA_2,NONE,thank you very much.,FACE_TO_FACE,NONE,
490,15,NONE,"['CAMERA_3', 'CAMERA_1', 'CAMERA_2']","{'CAMERA_1': ['long_exposure', 'weight', 'preset_modes'], 'CAMERA_2': ['sensor_size', 'long_exposure'], 'CAMERA_3': ['resolution', 'settings', 'effects']}",C_LEAVES,DOOR,NONE,,FACE_TO_FACE,NONE,S_RETURNS_TO_COUNTER,SERVICE_COUNTER,NONE,,WAITING,NONE,
491,1,NONE,[],"{'CAMERA_1': [], 'CAMERA_2': [], 'CAMERA_3': []}",C_ENTERS,DOOR,NONE,,WAITING,NONE,S_NONE,SERVICE_COUNTER,NONE,,WAITING,NONE,
491,2,NONE,[],"{'CAMERA_1': [], 'CAMERA_2': [], 'CAMERA_3': []}",C_GREETS,MIDDLE,NONE,excuse me,WAITING,NONE,S_GREETS,MIDDLE,NONE,can I help you?,FACE_TO_FACE,NONE,
491,3,CAMERA_1,['CAMERA_1'],"{'CAMERA_1': [], 'CAMERA_2': [], 'CAMERA_3': []}",C_LOOKING_FOR_A_CAMERA,MIDDLE,NONE,I'm looking for a good camera like nothing like a little time I think I want stay with real pictures so can you show me what are your options here,FACE_TO_FACE,NONE,S_INTRODUCES_CAMERA,CAMERA_1,,Let me show you this. Here we have the Sony PowerShot ELPH DMC-ZS3.,PRESENT_X,CAMERA_1,39~66
491,4,CAMERA_1,['CAMERA_1'],"{'CAMERA_1': ['price'], 'CAMERA_2': [], 'CAMERA_3': []}",C_QUESTION_ABOUT_FEATURE,CAMERA_1,price,how much does it cost,PRESENT_X,CAMERA_1,S_ANSWERS_QUESTION_ABOUT_FEATURE,CAMERA_1,price,This one costs $450.,PRESENT_X,CAMERA_1,15~19
491,5,CAMERA_1,['CAMERA_1'],"{'CAMERA_1': ['price', 'color'], 'CAMERA_2': [], 'CAMERA_3': []}",C_SILENT_OR_BACKCHANNEL,CAMERA_1,NONE,IC,PRESENT_X,CAMERA_1,S_INTRODUCES_FEATURE,CAMERA_1,color,This one comes in blue or black.,PRESENT_X,CAMERA_1,18~31
491,6,CAMERA_1,['CAMERA_1'],"{'CAMERA_1': ['price', 'color', 'effects'], 'CAMERA_2': [], 'CAMERA_3': []}",C_SILENT_OR_BACKCHANNEL,CAMERA_1,NONE,IC,PRESENT_X,CAMERA_1,S_INTRODUCES_FEATURE,CAMERA_1,effects,"This one has 24 glamor retouch effects (miniature, retro, toy camera, etc.).",PRESENT_X,CAMERA_1,13~75
491,7,NONE,['CAMERA_1'],"{'CAMERA_1': ['price', 'color', 'effects'], 'CAMERA_2': [], 'CAMERA_3': []}",C_THANK_YOU,CAMERA_1,NONE,thank you so much for your time thank you,PRESENT_X,CAMERA_1,S_THANK_YOU,CAMERA_1,NONE,thank you very much.,FACE_TO_FACE,NONE,
491,8,NONE,['CAMERA_1'],"{'CAMERA_1': ['price', 'color', 'effects'], 'CAMERA_2': [], 'CAMERA_3': []}",C_LEAVES,DOOR,NONE,,FACE_TO_FACE,NONE,S_RETURNS_TO_COUNTER,SERVICE_COUNTER,NONE,,WAITING,NONE,
492,1,NONE,[],"{'CAMERA_1': [], 'CAMERA_2': [], 'CAMERA_3': []}",C_ENTERS,DOOR,NONE,,WAITING,NONE,S_NONE,SERVICE_COUNTER,NONE,,WAITING,NONE,
492,2,NONE,[],"{'CAMERA_1': [], 'CAMERA_2': [], 'CAMERA_3': []}",C_WALKS_TO_CAMERA,CAMERA_2,NONE,,WAITING,NONE,S_GREETS,CAMERA_2,NONE,can I help you?,FACE_TO_FACE,NONE,
492,3,CAMERA_2,['CAMERA_2'],"{'CAMERA_1': [], 'CAMERA_2': [], 'CAMERA_3': []}",C_LOOKING_FOR_A_CAMERA,CAMERA_2,NONE,I'm looking for a camera for taking pictures in concerts,FACE_TO_FACE,NONE,S_INTRODUCES_CAMERA,CAMERA_2,,Let me show you this. Here we have the Fujifilm Lumix ILC Camera.,PRESENT_X,CAMERA_2,39~64
492,4,CAMERA_2,['CAMERA_2'],"{'CAMERA_1': [], 'CAMERA_2': ['color'], 'CAMERA_3': []}",C_QUESTION_ABOUT_FEATURE,CAMERA_2,color,does it come any in any other colors,PRESENT_X,CAMERA_2,S_ANSWERS_QUESTION_ABOUT_FEATURE,CAMERA_2,color,This one comes in white or pink.,PRESENT_X,CAMERA_2,18~31
492,5,CAMERA_2,['CAMERA_2'],"{'CAMERA_1': [], 'CAMERA_2': ['color', 'resolution'], 'CAMERA_3': []}",C_QUESTION_ABOUT_FEATURE,CAMERA_2,resolution,you know all the mega pixels in the resume sounds pretty good to me I'm looking for something and lights as well so I think I'll go for the second one,PRESENT_X,CAMERA_2,S_ANSWERS_QUESTION_ABOUT_FEATURE,CAMERA_2,resolution,This one has 23.8 megapixels resolution.,PRESENT_X,CAMERA_2,13~28
492,6,CAMERA_2,['CAMERA_2'],"{'CAMERA_1': [], 'CAMERA_2': ['color', 'resolution', 'price'], 'CAMERA_3': []}",C_SILENT_OR_BACKCHANNEL,CAMERA_2,NONE,nice,PRESENT_X,CAMERA_2,S_INTRODUCES_FEATURE,CAMERA_2,price,This one costs $768.,PRESENT_X,CAMERA_2,15~19
492,7,CAMERA_2,['CAMERA_2'],"{'CAMERA_1': [], 'CAMERA_2': ['color', 'resolution', 'price', 'effects'], 'CAMERA_3': []}",C_QUESTION_ABOUT_FEATURE,CAMERA_2,effects,what other effects does it have,PRESENT_X,CAMERA_2,S_ANSWERS_QUESTION_ABOUT_FEATURE,CAMERA_2,effects,"This one has 24 artistic effect modes (retro, lighter or darker skin tones, sepia, etc.).",PRESENT_X,CAMERA_2,13~88
492,8,CAMERA_2,['CAMERA_2'],"{'CAMERA_1': [], 'CAMERA_2': ['color', 'resolution', 'price', 'effects', 'long_exposure'], 'CAMERA_3': []}",C_QUESTION_ABOUT_FEATURE,CAMERA_2,long_exposure,okay I see and has synthesizes and long exposures in manual settings on spreading good camera,PRESENT_X,CAMERA_2,S_ANSWERS_QUESTION_ABOUT_FEATURE,CAMERA_2,long_exposure,This one can take long exposures up to 60 minutes max with bulb mode.,PRESENT_X,CAMERA_2,39~68
492,9,CAMERA_2,['CAMERA_2'],"{'CAMERA_1': [], 'CAMERA_2': ['color', 'resolution', 'price', 'effects', 'long_exposure', 'weight'], 'CAMERA_3': []}",C_QUESTION_ABOUT_FEATURE,CAMERA_2,weight,okay I see and how much does it weigh,PRESENT_X,CAMERA_2,S_ANSWERS_QUESTION_ABOUT_FEATURE,CAMERA_2,weight,This one weighs 820 grams.,PRESENT_X,CAMERA_2,16~25
492,10,NONE,['CAMERA_2'],"{'CAMERA_1': [], 'CAMERA_2': ['color', 'resolution', 'price', 'effects', 'long_exposure', 'weight'], 'CAMERA_3': []}",C_THANK_YOU,CAMERA_2,NONE,okay thank you very much,PRESENT_X,CAMERA_2,S_THANK_YOU,CAMERA_2,NONE,thank you very much.,FACE_TO_FACE,NONE,
492,11,NONE,['CAMERA_2'],"{'CAMERA_1': [], 'CAMERA_2': ['color', 'resolution', 'price', 'effects', 'long_exposure', 'weight'], 'CAMERA_3': []}",C_LEAVES,DOOR,NONE,,FACE_TO_FACE,NONE,S_RETURNS_TO_COUNTER,SERVICE_COUNTER,NONE,,WAITING,NONE,
493,1,NONE,[],"{'CAMERA_1': [], 'CAMERA_2': [], 'CAMERA_3': []}",C_ENTERS,DOOR,NONE,,WAITING,NONE,S_NONE,SERVICE_COUNTER,NONE,,WAITING,NONE,
493,2,NONE,[],"{'CAMERA_1': [], 'CAMERA_2': [], 'CAMERA_3': []}",C_WALKS_TO_CAMERA,CAMERA_2,NONE,,WAITING,NONE,S_GREETS,CAMERA_2,NONE,can I help you?,FACE_TO_FACE,NONE,
493,3,CAMERA_3,['CAMERA_3'],"{'CAMERA_1': [], 'CAMERA_2': [], 'CAMERA_3': []}",C_LOOKING_FOR_A_CAMERA,CAMERA_2,NONE,I want to buy I want to buy a camera but I'm not sure which I need,FACE_TO_FACE,NONE,S_INTRODUCES_CAMERA,CAMERA_3,,Let me show you this. Here we have the Fujifilm PowerShot ELPH S2800.,PRESENT_X,CAMERA_3,39~68
493,4,CAMERA_3,['CAMERA_3'],"{'CAMERA_1': [], 'CAMERA_2': [], 'CAMERA_3': ['price']}",C_SILENT_OR_BACKCHANNEL,CAMERA_3,NONE,okay that's nice,PRESENT_X,CAMERA_3,S_INTRODUCES_FEATURE,CAMERA_3,price,This one costs $518.,PRESENT_X,CAMERA_3,15~19
493,5,CAMERA_3,['CAMERA_3'],"{'CAMERA_1': [], 'CAMERA_2': [], 'CAMERA_3': ['price', 'effects']}",C_QUESTION_ABOUT_FEATURE,CAMERA_3,effects,okay good I'm going to take this as autistic effect mode what does that mean exactly,PRESENT_X,CAMERA_3,S_ANSWERS_QUESTION_ABOUT_FEATURE,CAMERA_3,effects,"This one has 21 photo effects (small face, retro, big eyes, etc.).",PRESENT_X,CAMERA_3,13~65
493,6,NONE,['CAMERA_3'],"{'CAMERA_1': [], 'CAMERA_2': [], 'CAMERA_3': ['price', 'effects']}",C_THANK_YOU,CAMERA_3,NONE,alright thanks,PRESENT_X,CAMERA_3,S_THANK_YOU,CAMERA_3,NONE,thank you very much.,FACE_TO_FACE,NONE,
493,7,NONE,['CAMERA_3'],"{'CAMERA_1': [], 'CAMERA_2': [], 'CAMERA_3': ['price', 'effects']}",C_LEAVES,DOOR,NONE,,FACE_TO_FACE,NONE,S_RETURNS_TO_COUNTER,SERVICE_COUNTER,NONE,,WAITING,NONE,
494,1,NONE,[],"{'CAMERA_1': [], 'CAMERA_2': [], 'CAMERA_3': []}",C_ENTERS,DOOR,NONE,,WAITING,NONE,S_NONE,SERVICE_COUNTER,NONE,,WAITING,NONE,
494,2,NONE,[],"{'CAMERA_1': [], 'CAMERA_2': [], 'CAMERA_3': []}",C_GREETS,MIDDLE,NONE,excuse me how large is the sensor on this camera,WAITING,NONE,S_GREETS,MIDDLE,NONE,can I help you?,FACE_TO_FACE,NONE,
494,3,CAMERA_2,['CAMERA_2'],"{'CAMERA_1': [], 'CAMERA_2': [], 'CAMERA_3': []}",C_LOOKING_FOR_A_CAMERA,MIDDLE,NONE,oh hi I'm just looking for a camera,FACE_TO_FACE,NONE,S_INTRODUCES_CAMERA,CAMERA_2,,Let me show you this. Here we have the Fujifilm Lumix ILC Camera.,PRESENT_X,CAMERA_2,39~64
494,4,CAMERA_2,['CAMERA_2'],"{'CAMERA_1': [], 'CAMERA_2': ['long_exposure'], 'CAMERA_3': []}",C_QUESTION_ABOUT_FEATURE,CAMERA_2,long_exposure,can you do a long exposure,PRESENT_X,CAMERA_2,S_ANSWERS_QUESTION_ABOUT_FEATURE,CAMERA_2,long_exposure,This one can take long exposures up to 60 minutes max with bulb mode.,PRESENT_X,CAMERA_2,39~68
494,5,CAMERA_3,"['CAMERA_2', 'CAMERA_3']","{'CAMERA_1': [], 'CAMERA_2': ['long_exposure'], 'CAMERA_3': []}",C_ANYTHING_ELSE_AVAILABLE,CAMERA_2,NONE,ok do you have any other cameras that can just look at,PRESENT_X,CAMERA_2,S_INTRODUCES_CAMERA,CAMERA_3,,Let me show you this. Here we have the Fujifilm PowerShot ELPH S2800.,PRESENT_X,CAMERA_3,39~68
494,6,CAMERA_3,"['CAMERA_2', 'CAMERA_3']","{'CAMERA_1': [], 'CAMERA_2': ['long_exposure'], 'CAMERA_3': ['color']}",C_QUESTION_ABOUT_FEATURE,CAMERA_3,color,great and do you have any discolor or are there any other colors,PRESENT_X,CAMERA_3,S_ANSWERS_QUESTION_ABOUT_FEATURE,CAMERA_3,color,"This one comes in purple, white, silver, blue, red, or pink.",PRESENT_X,CAMERA_3,18~59
494,7,CAMERA_3,"['CAMERA_2', 'CAMERA_3']","{'CAMERA_1': [], 'CAMERA_2': ['long_exposure'], 'CAMERA_3': ['color', 'long_exposure']}",C_SILENT_OR_BACKCHANNEL,CAMERA_3,NONE,okay let's see,PRESENT_X,CAMERA_3,S_INTRODUCES_FEATURE,CAMERA_3,long_exposure,This one can take long exposures up to 30 minutes max with bulb mode.,PRESENT_X,CAMERA_3,39~68
494,8,CAMERA_3,"['CAMERA_2', 'CAMERA_3']","{'CAMERA_1': [], 'CAMERA_2': ['long_exposure'], 'CAMERA_3': ['color', 'long_exposure', 'preset_modes']}",C_SILENT_OR_BACKCHANNEL,CAMERA_3,NONE,IC,PRESENT_X,CAMERA_3,S_INTRODUCES_FEATURE,CAMERA_3,preset_modes,This one has various preset modes.,PRESENT_X,CAMERA_3,13~33
494,9,CAMERA_3,"['CAMERA_2', 'CAMERA_3']","{'CAMERA_1': [], 'CAMERA_2': ['long_exposure'], 'CAMERA_3': ['color', 'long_exposure', 'preset_modes', 'effects']}",C_SILENT_OR_BACKCHANNEL,CAMERA_3,NONE,IC,PRESENT_X,CAMERA_3,S_INTRODUCES_FEATURE,CAMERA_3,effects,"This one has 21 photo effects (small face, retro, big eyes, etc.).",PRESENT_X,CAMERA_3,13~65
494,10,NONE,"['CAMERA_2', 'CAMERA_3']","{'CAMERA_1': [], 'CAMERA_2': ['long_exposure'], 'CAMERA_3': ['color', 'long_exposure', 'preset_modes', 'effects']}",C_THANK_YOU,CAMERA_3,NONE,okay thanks,PRESENT_X,CAMERA_3,S_THANK_YOU,CAMERA_3,NONE,thank you very much.,FACE_TO_FACE,NONE,
494,11,NONE,"['CAMERA_2', 'CAMERA_3']","{'CAMERA_1': [], 'CAMERA_2': ['long_exposure'], 'CAMERA_3': ['color', 'long_exposure', 'preset_modes', 'effects']}",C_LEAVES,DOOR,NONE,,FACE_TO_FACE,NONE,S_RETURNS_TO_COUNTER,SERVICE_COUNTER,NONE,,WAITING,NONE,
495,1,NONE,[],"{'CAMERA_1': [], 'CAMERA_2': [], 'CAMERA_3': []}",C_ENTERS,DOOR,NONE,,WAITING,NONE,S_NONE,SERVICE_COUNTER,NONE,,WAITING,NONE,
495,2,NONE,[],"{'CAMERA_1': [], 'CAMERA_2': [], 'CAMERA_3': []}",C_GREETS,MIDDLE,NONE,kiss me,WAITING,NONE,S_GREETS,MIDDLE,NONE,can I help you?,FACE_TO_FACE,NONE,
495,3,CAMERA_1,['CAMERA_1'],"{'CAMERA_1': [], 'CAMERA_2': [], 'CAMERA_3': []}",C_LOOKING_FOR_A_CAMERA,MIDDLE,NONE,I'm looking for a camera,FACE_TO_FACE,NONE,S_INTRODUCES_CAMERA,CAMERA_1,,Let me show you this. Here we have the Sony PowerShot ELPH DMC-ZS3.,PRESENT_X,CAMERA_1,39~66
495,4,CAMERA_1,['CAMERA_1'],"{'CAMERA_1': ['optical_zoom'], 'CAMERA_2': [], 'CAMERA_3': []}",C_QUESTION_ABOUT_FEATURE,CAMERA_1,optical_zoom,what what is the what is the of the optical zoom how does it work how far can I zoom,PRESENT_X,CAMERA_1,S_ANSWERS_QUESTION_ABOUT_FEATURE,CAMERA_1,optical_zoom,This one has 21x optical zoom.,PRESENT_X,CAMERA_1,13~29
495,5,CAMERA_1,['CAMERA_1'],"{'CAMERA_1': ['optical_zoom', 'weight'], 'CAMERA_2': [], 'CAMERA_3': []}",C_SILENT_OR_BACKCHANNEL,CAMERA_1,NONE,okay I say yeah,PRESENT_X,CAMERA_1,S_INTRODUCES_FEATURE,CAMERA_1,weight,This one weighs 800 grams.,PRESENT_X,CAMERA_1,16~25
495,6,CAMERA_1,['CAMERA_1'],"{'CAMERA_1': ['optical_zoom', 'weight', 'camera_type'], 'CAMERA_2': [], 'CAMERA_3': []}",C_SILENT_OR_BACKCHANNEL,CAMERA_1,NONE,that is nice,PRESENT_X,CAMERA_1,S_INTRODUCES_FEATURE,CAMERA_1,camera_type,This is a DSLR camera.,PRESENT_X,CAMERA_1,10~14
495,7,CAMERA_1,['CAMERA_1'],"{'CAMERA_1': ['optical_zoom', 'weight', 'camera_type', 'ISO'], 'CAMERA_2': [], 'CAMERA_3': []}",C_QUESTION_ABOUT_FEATURE,CAMERA_1,ISO,so what is the high ISO performance like,PRESENT_X,CAMERA_1,S_ANSWERS_QUESTION_ABOUT_FEATURE,CAMERA_1,ISO,This one has up to 51200 ISO.,PRESENT_X,CAMERA_1,13~28
495,8,CAMERA_1,['CAMERA_1'],"{'CAMERA_1': ['optical_zoom', 'weight', 'camera_type', 'ISO', 'preset_modes'], 'CAMERA_2': [], 'CAMERA_3': []}",C_QUESTION_ABOUT_FEATURE,CAMERA_1,preset_modes,does it have preset modes,PRESENT_X,CAMERA_1,S_NOT_SURE,CAMERA_1,,I'm not really sure about that.,PRESENT_X,CAMERA_1,
495,9,CAMERA_1,['CAMERA_1'],"{'CAMERA_1': ['optical_zoom', 'weight', 'camera_type', 'ISO', 'preset_modes', 'color'], 'CAMERA_2': [], 'CAMERA_3': []}",C_QUESTION_ABOUT_FEATURE,CAMERA_1,color,does it come in any other colors,PRESENT_X,CAMERA_1,S_ANSWERS_QUESTION_ABOUT_FEATURE,CAMERA_1,color,This one comes in blue or black.,PRESENT_X,CAMERA_1,18~31
495,10,CAMERA_1,['CAMERA_1'],"{'CAMERA_1': ['optical_zoom', 'weight', 'camera_type', 'ISO', 'preset_modes', 'color', 'resolution'], 'CAMERA_2': [], 'CAMERA_3': []}",C_QUESTION_ABOUT_FEATURE,CAMERA_1,resolution,what about the megapixels camera,PRESENT_X,CAMERA_1,S_ANSWERS_QUESTION_ABOUT_FEATURE,CAMERA_1,resolution,This one has 17.8 megapixels resolution.,PRESENT_X,CAMERA_1,13~28
495,11,NONE,['CAMERA_1'],"{'CAMERA_1': ['optical_zoom', 'weight', 'camera_type', 'ISO', 'preset_modes', 'color', 'resolution'], 'CAMERA_2': [], 'CAMERA_3': []}",C_THANK_YOU,CAMERA_1,NONE,okay thanks,PRESENT_X,CAMERA_1,S_THANK_YOU,CAMERA_1,NONE,thank you very much.,FACE_TO_FACE,NONE,
495,12,NONE,['CAMERA_1'],"{'CAMERA_1': ['optical_zoom', 'weight', 'camera_type', 'ISO', 'preset_modes', 'color', 'resolution'], 'CAMERA_2': [], 'CAMERA_3': []}",C_LEAVES,DOOR,NONE,,FACE_TO_FACE,NONE,S_RETURNS_TO_COUNTER,SERVICE_COUNTER,NONE,,WAITING,NONE,
496,1,NONE,[],"{'CAMERA_1': [], 'CAMERA_2': [], 'CAMERA_3': []}",C_ENTERS,DOOR,NONE,,WAITING,NONE,S_NONE,SERVICE_COUNTER,NONE,,WAITING,NONE,
496,2,NONE,[],"{'CAMERA_1': [], 'CAMERA_2': [], 'CAMERA_3': []}",C_WALKS_TO_CAMERA,CAMERA_1,NONE,,WAITING,NONE,S_GREETS,CAMERA_1,NONE,can I help you?,FACE_TO_FACE,NONE,
496,3,CAMERA_2,['CAMERA_2'],"{'CAMERA_1': [], 'CAMERA_2': [], 'CAMERA_3': []}",C_LOOKING_FOR_A_CAMERA,CAMERA_1,NONE,I'm looking for camera to take family pictures,FACE_TO_FACE,NONE,S_INTRODUCES_CAMERA,CAMERA_2,,Let me show you this. Here we have the Fujifilm Lumix ILC Camera.,PRESENT_X,CAMERA_2,39~64
496,4,CAMERA_2,['CAMERA_2'],"{'CAMERA_1': [], 'CAMERA_2': ['weight'], 'CAMERA_3': []}",C_SILENT_OR_BACKCHANNEL,CAMERA_2,NONE,ok,PRESENT_X,CAMERA_2,S_INTRODUCES_FEATURE,CAMERA_2,weight,This one weighs 820 grams.,PRESENT_X,CAMERA_2,16~25
496,5,NONE,['CAMERA_2'],"{'CAMERA_1': [], 'CAMERA_2': ['weight'], 'CAMERA_3': []}",C_THANK_YOU,CAMERA_2,NONE,thank you so much,PRESENT_X,CAMERA_2,S_THANK_YOU,CAMERA_2,NONE,thank you very much.,FACE_TO_FACE,NONE,
496,6,NONE,['CAMERA_2'],"{'CAMERA_1': [], 'CAMERA_2': ['weight'], 'CAMERA_3': []}",C_LEAVES,DOOR,NONE,,FACE_TO_FACE,NONE,S_RETURNS_TO_COUNTER,SERVICE_COUNTER,NONE,,WAITING,NONE,
497,1,NONE,[],"{'CAMERA_1': [], 'CAMERA_2': [], 'CAMERA_3': []}",C_ENTERS,DOOR,NONE,,WAITING,NONE,S_NONE,SERVICE_COUNTER,NONE,,WAITING,NONE,
497,2,NONE,[],"{'CAMERA_1': [], 'CAMERA_2': [], 'CAMERA_3': []}",C_GREETS,MIDDLE,NONE,excuse me,WAITING,NONE,S_GREETS,MIDDLE,NONE,can I help you?,FACE_TO_FACE,NONE,
497,3,CAMERA_1,['CAMERA_1'],"{'CAMERA_1': [], 'CAMERA_2': [], 'CAMERA_3': []}",C_LOOKING_FOR_A_CAMERA,MIDDLE,NONE,I'll get off today and I'm just looking around at the moment I'm not really sure what I'm after,FACE_TO_FACE,NONE,S_INTRODUCES_CAMERA,CAMERA_1,,Let me show you this. Here we have the Sony PowerShot ELPH DMC-ZS3.,PRESENT_X,CAMERA_1,39~66
497,4,CAMERA_1,['CAMERA_1'],"{'CAMERA_1': ['autofocus_points'], 'CAMERA_2': [], 'CAMERA_3': []}",C_QUESTION_ABOUT_FEATURE,CAMERA_1,autofocus_points,okay the auto focus points on this how many does it have,PRESENT_X,CAMERA_1,S_ANSWERS_QUESTION_ABOUT_FEATURE,CAMERA_1,autofocus_points,This one has 135 autofocus points.,PRESENT_X,CAMERA_1,13~33
497,5,CAMERA_1,['CAMERA_1'],"{'CAMERA_1': ['autofocus_points', 'settings'], 'CAMERA_2': [], 'CAMERA_3': []}",C_QUESTION_ABOUT_FEATURE,CAMERA_1,settings,hey I just wanted to know the beauty of this camera to adjust settings,PRESENT_X,CAMERA_1,S_ANSWERS_QUESTION_ABOUT_FEATURE,CAMERA_1,settings,This one has limited manual settings.,PRESENT_X,CAMERA_1,13~36
497,6,CAMERA_1,['CAMERA_1'],"{'CAMERA_1': ['autofocus_points', 'settings', 'effects'], 'CAMERA_2': [], 'CAMERA_3': []}",C_SILENT_OR_BACKCHANNEL,CAMERA_1,NONE,ok,PRESENT_X,CAMERA_1,S_INTRODUCES_FEATURE,CAMERA_1,effects,"This one has 24 glamor retouch effects (miniature, retro, toy camera, etc.).",PRESENT_X,CAMERA_1,13~75
497,7,CAMERA_1,['CAMERA_1'],"{'CAMERA_1': ['autofocus_points', 'settings', 'effects', 'preset_modes'], 'CAMERA_2': [], 'CAMERA_3': []}",C_QUESTION_ABOUT_FEATURE,CAMERA_1,preset_modes,is the other one with menu settings is that lighter or heavier than its camera,PRESENT_X,CAMERA_1,S_NOT_SURE,CAMERA_1,,I'm not really sure about that.,PRESENT_X,CAMERA_1,
497,8,NONE,['CAMERA_1'],"{'CAMERA_1': ['autofocus_points', 'settings', 'effects', 'preset_modes'], 'CAMERA_2': [], 'CAMERA_3': []}",C_THANK_YOU,CAMERA_1,NONE,okay thank you so much for the help,PRESENT_X,CAMERA_1,S_THANK_YOU,CAMERA_1,NONE,thank you very much.,FACE_TO_FACE,NONE,
497,9,NONE,['CAMERA_1'],"{'CAMERA_1': ['autofocus_points', 'settings', 'effects', 'preset_modes'], 'CAMERA_2': [], 'CAMERA_3': []}",C_LEAVES,DOOR,NONE,,FACE_TO_FACE,NONE,S_RETURNS_TO_COUNTER,SERVICE_COUNTER,NONE,,WAITING,NONE,
498,1,NONE,[],"{'CAMERA_1': [], 'CAMERA_2': [], 'CAMERA_3': []}",C_ENTERS,DOOR,NONE,,WAITING,NONE,S_NONE,SERVICE_COUNTER,NONE,,WAITING,NONE,
498,2,NONE,[],"{'CAMERA_1': [], 'CAMERA_2': [], 'CAMERA_3': []}",C_GREETS,MIDDLE,NONE,hello how you doing,WAITING,NONE,S_GREETS,MIDDLE,NONE,can I help you?,FACE_TO_FACE,NONE,
498,3,CAMERA_3,['CAMERA_3'],"{'CAMERA_1': [], 'CAMERA_2': [], 'CAMERA_3': []}",C_LOOKING_FOR_A_CAMERA,MIDDLE,NONE,I want to get a new camera,FACE_TO_FACE,NONE,S_INTRODUCES_CAMERA,CAMERA_3,,Let me show you this. Here we have the Fujifilm PowerShot ELPH S2800.,PRESENT_X,CAMERA_3,39~68
498,4,CAMERA_3,['CAMERA_3'],"{'CAMERA_1': [], 'CAMERA_2': [], 'CAMERA_3': ['price']}",C_QUESTION_ABOUT_FEATURE,CAMERA_3,price,do you have it in a different color,PRESENT_X,CAMERA_3,S_ANSWERS_QUESTION_ABOUT_FEATURE,CAMERA_3,price,This one costs $518.,PRESENT_X,CAMERA_3,15~19
498,5,CAMERA_3,['CAMERA_3'],"{'CAMERA_1': [], 'CAMERA_2': [], 'CAMERA_3': ['price', 'optical_zoom']}",C_QUESTION_ABOUT_FEATURE,CAMERA_3,optical_zoom,I see what about the optical zoom,PRESENT_X,CAMERA_3,S_NOT_SURE,CAMERA_3,,I'm not really sure about that.,PRESENT_X,CAMERA_3,
498,6,CAMERA_3,['CAMERA_3'],"{'CAMERA_1': [], 'CAMERA_2': [], 'CAMERA_3': ['price', 'optical_zoom', 'preset_modes']}",C_QUESTION_ABOUT_FEATURE,CAMERA_3,preset_modes,what's bulb mode,PRESENT_X,CAMERA_3,S_ANSWERS_QUESTION_ABOUT_FEATURE,CAMERA_3,preset_modes,This one has various preset modes.,PRESENT_X,CAMERA_3,13~33
498,7,CAMERA_1,"['CAMERA_3', 'CAMERA_1']","{'CAMERA_1': [], 'CAMERA_2': [], 'CAMERA_3': ['price', 'optical_zoom', 'preset_modes']}",C_ANYTHING_ELSE_AVAILABLE,CAMERA_3,NONE,ok do you have any other cameras,PRESENT_X,CAMERA_3,S_INTRODUCES_CAMERA,CAMERA_1,,Let me show you this. Here we have the Sony PowerShot ELPH DMC-ZS3.,PRESENT_X,CAMERA_1,39~66
498,8,CAMERA_1,"['CAMERA_3', 'CAMERA_1']","{'CAMERA_1': ['ISO'], 'CAMERA_2': [], 'CAMERA_3': ['price', 'optical_zoom', 'preset_modes']}",C_QUESTION_ABOUT_FEATURE,CAMERA_1,ISO,yeah what's ISO,PRESENT_X,CAMERA_1,S_ANSWERS_QUESTION_ABOUT_FEATURE,CAMERA_1,ISO,This one has up to 51200 ISO.,PRESENT_X,CAMERA_1,13~28
498,9,NONE,"['CAMERA_3', 'CAMERA_1']","{'CAMERA_1': ['ISO'], 'CAMERA_2': [], 'CAMERA_3': ['price', 'optical_zoom', 'preset_modes']}",C_THANK_YOU,CAMERA_1,NONE,thank you,PRESENT_X,CAMERA_1,S_THANK_YOU,CAMERA_1,NONE,thank you very much.,FACE_TO_FACE,NONE,
498,10,NONE,"['CAMERA_3', 'CAMERA_1']","{'CAMERA_1': ['ISO'], 'CAMERA_2': [], 'CAMERA_3': ['price', 'optical_zoom', 'preset_modes']}",C_LEAVES,DOOR,NONE,,FACE_TO_FACE,NONE,S_RETURNS_TO_COUNTER,SERVICE_COUNTER,NONE,,WAITING,NONE,
499,1,NONE,[],"{'CAMERA_1': [], 'CAMERA_2': [], 'CAMERA_3': []}",C_ENTERS,DOOR,NONE,,WAITING,NONE,S_NONE,SERVICE_COUNTER,NONE,,WAITING,NONE,
499,2,NONE,[],"{'CAMERA_1': [], 'CAMERA_2': [], 'CAMERA_3': []}",C_WALKS_TO_CAMERA,CAMERA_1,NONE,,WAITING,NONE,S_GREETS,CAMERA_1,NONE,can I help you?,FACE_TO_FACE,NONE,
499,3,CAMERA_2,['CAMERA_2'],"{'CAMERA_1': [], 'CAMERA_2': [], 'CAMERA_3': []}",C_LOOKING_FOR_A_CAMERA,CAMERA_1,NONE,I'm looking for a camera for traveling so this seems to be good because of Light how much does it weigh,FACE_TO_FACE,NONE,S_INTRODUCES_CAMERA,CAMERA_2,,Let me show you this. Here we have the Fujifilm Lumix ILC Camera.,PRESENT_X,CAMERA_2,39~64
499,4,CAMERA_2,['CAMERA_2'],"{'CAMERA_1': [], 'CAMERA_2': ['weight'], 'CAMERA_3': []}",C_QUESTION_ABOUT_FEATURE,CAMERA_2,weight,recently I'm getting older and every time I go out with my family I don't want to bring what kind of thing you know it's also exposure so you have to know what kind of semi pro model,PRESENT_X,CAMERA_2,S_ANSWERS_QUESTION_ABOUT_FEATURE,CAMERA_2,weight,This one weighs 820 grams.,PRESENT_X,CAMERA_2,16~25
499,5,CAMERA_2,['CAMERA_2'],"{'CAMERA_1': [], 'CAMERA_2': ['weight', 'long_exposure'], 'CAMERA_3': []}",C_SILENT_OR_BACKCHANNEL,CAMERA_2,NONE,okay let's see,PRESENT_X,CAMERA_2,S_INTRODUCES_FEATURE,CAMERA_2,long_exposure,This one can take long exposures up to 60 minutes max with bulb mode.,PRESENT_X,CAMERA_2,39~68
499,6,NONE,['CAMERA_2'],"{'CAMERA_1': [], 'CAMERA_2': ['weight', 'long_exposure'], 'CAMERA_3': []}",C_THANK_YOU,CAMERA_2,NONE,thank you so much,PRESENT_X,CAMERA_2,S_THANK_YOU,CAMERA_2,NONE,thank you very much.,FACE_TO_FACE,NONE,
499,7,NONE,['CAMERA_2'],"{'CAMERA_1': [], 'CAMERA_2': ['weight', 'long_exposure'], 'CAMERA_3': []}",C_LEAVES,DOOR,NONE,,FACE_TO_FACE,NONE,S_RETURNS_TO_COUNTER,SERVICE_COUNTER,NONE,,WAITING,NONE,
500,1,NONE,[],"{'CAMERA_1': [], 'CAMERA_2': [], 'CAMERA_3': []}",C_ENTERS,DOOR,NONE,,WAITING,NONE,S_NONE,SERVICE_COUNTER,NONE,,WAITING,NONE,
500,2,NONE,[],"{'CAMERA_1': [], 'CAMERA_2': [], 'CAMERA_3': []}",C_GREETS,MIDDLE,NONE,kiss me,WAITING,NONE,S_GREETS,MIDDLE,NONE,can I help you?,FACE_TO_FACE,NONE,
500,3,CAMERA_1,['CAMERA_1'],"{'CAMERA_1': [], 'CAMERA_2': [], 'CAMERA_3': []}",C_LOOKING_FOR_A_CAMERA,MIDDLE,NONE,I'm looking for an advanced mode camera,FACE_TO_FACE,NONE,S_INTRODUCES_CAMERA,CAMERA_1,,Let me show you this. Here we have the Sony PowerShot ELPH DMC-ZS3.,PRESENT_X,CAMERA_1,39~66
500,4,CAMERA_1,['CAMERA_1'],"{'CAMERA_1': ['autofocus_points'], 'CAMERA_2': [], 'CAMERA_3': []}",C_SILENT_OR_BACKCHANNEL,CAMERA_1,NONE,that is nice,PRESENT_X,CAMERA_1,S_INTRODUCES_FEATURE,CAMERA_1,autofocus_points,This one has 135 autofocus points.,PRESENT_X,CAMERA_1,13~33
500,5,CAMERA_1,['CAMERA_1'],"{'CAMERA_1': ['autofocus_points', 'preset_modes'], 'CAMERA_2': [], 'CAMERA_3': []}",C_QUESTION_ABOUT_FEATURE,CAMERA_1,preset_modes,is the other one with menu settings is that lighter or heavier than its camera,PRESENT_X,CAMERA_1,S_NOT_SURE,CAMERA_1,,I'm not really sure about that.,PRESENT_X,CAMERA_1,
500,6,CAMERA_1,['CAMERA_1'],"{'CAMERA_1': ['autofocus_points', 'preset_modes', 'resolution'], 'CAMERA_2': [], 'CAMERA_3': []}",C_QUESTION_ABOUT_FEATURE,CAMERA_1,resolution,um how about the megapixels for the camera,PRESENT_X,CAMERA_1,S_ANSWERS_QUESTION_ABOUT_FEATURE,CAMERA_1,resolution,This one has 17.8 megapixels resolution.,PRESENT_X,CAMERA_1,13~28
500,7,CAMERA_1,['CAMERA_1'],"{'CAMERA_1': ['autofocus_points', 'preset_modes', 'resolution', 'long_exposure'], 'CAMERA_2': [], 'CAMERA_3': []}",C_QUESTION_ABOUT_FEATURE,CAMERA_1,long_exposure,for the exposure of this one is it the same as the other one,PRESENT_X,CAMERA_1,S_ANSWERS_QUESTION_ABOUT_FEATURE,CAMERA_1,long_exposure,This one can take long exposures up to up to 15 seconds with Long Shutter Mode.,PRESENT_X,CAMERA_1,39~78
500,8,CAMERA_3,"['CAMERA_1', 'CAMERA_3']","{'CAMERA_1': ['autofocus_points', 'preset_modes', 'resolution', 'long_exposure'], 'CAMERA_2': [], 'CAMERA_3': []}",C_ANYTHING_ELSE_AVAILABLE,CAMERA_1,NONE,okay do you have any other cameras I might be interested,PRESENT_X,CAMERA_1,S_INTRODUCES_CAMERA,CAMERA_3,,Let me show you this. Here we have the Fujifilm PowerShot ELPH S2800.,PRESENT_X,CAMERA_3,39~68
500,9,CAMERA_3,"['CAMERA_1', 'CAMERA_3']","{'CAMERA_1': ['autofocus_points', 'preset_modes', 'resolution', 'long_exposure'], 'CAMERA_2': [], 'CAMERA_3': ['price']}",C_QUESTION_ABOUT_FEATURE,CAMERA_3,price,how much does this phone cost,PRESENT_X,CAMERA_3,S_ANSWERS_QUESTION_ABOUT_FEATURE,CAMERA_3,price,This one costs $518.,PRESENT_X,CAMERA_3,15~19
500,10,CAMERA_3,"['CAMERA_1', 'CAMERA_3']","{'CAMERA_1': ['autofocus_points', 'preset_modes', 'resolution', 'long_exposure'], 'CAMERA_2': [], 'CAMERA_3': ['price', 'sensor_size']}",C_QUESTION_ABOUT_FEATURE,CAMERA_3,sensor_size,what about the sensor size,PRESENT_X,CAMERA_3,S_ANSWERS_QUESTION_ABOUT_FEATURE,CAMERA_3,sensor_size,This one has a full frame.,PRESENT_X,CAMERA_3,15~25
500,11,CAMERA_3,"['CAMERA_1', 'CAMERA_3']","{'CAMERA_1': ['autofocus_points', 'preset_modes', 'resolution', 'long_exposure'], 'CAMERA_2': [], 'CAMERA_3': ['price', 'sensor_size', 'settings']}",C_SILENT_OR_BACKCHANNEL,CAMERA_3,NONE,let me see,PRESENT_X,CAMERA_3,S_INTRODUCES_FEATURE,CAMERA_3,settings,"This one has manual control and various automatic settings (video modeburst shooting, etc.).",PRESENT_X,CAMERA_3,13~91
500,12,CAMERA_3,"['CAMERA_1', 'CAMERA_3']","{'CAMERA_1': ['autofocus_points', 'preset_modes', 'resolution', 'long_exposure'], 'CAMERA_2': [], 'CAMERA_3': ['price', 'sensor_size', 'settings', 'optical_zoom']}",C_QUESTION_ABOUT_FEATURE,CAMERA_3,optical_zoom,does it have optical zoom,PRESENT_X,CAMERA_3,S_NOT_SURE,CAMERA_3,,I'm not really sure about that.,PRESENT_X,CAMERA_3,
500,13,CAMERA_3,"['CAMERA_1', 'CAMERA_3']","{'CAMERA_1': ['autofocus_points', 'preset_modes', 'resolution', 'long_exposure'], 'CAMERA_2': [], 'CAMERA_3': ['price', 'sensor_size', 'settings', 'optical_zoom', 'ISO']}",C_QUESTION_ABOUT_FEATURE,CAMERA_3,ISO,and how about the iso settings,PRESENT_X,CAMERA_3,S_ANSWERS_QUESTION_ABOUT_FEATURE,CAMERA_3,ISO,This one has up to 3200 ISO with little noise.,PRESENT_X,CAMERA_3,13~45
500,14,CAMERA_3,"['CAMERA_1', 'CAMERA_3']","{'CAMERA_1': ['autofocus_points', 'preset_modes', 'resolution', 'long_exposure'], 'CAMERA_2': [], 'CAMERA_3': ['price', 'sensor_size', 'settings', 'optical_zoom', 'ISO', 'effects']}",C_QUESTION_ABOUT_FEATURE,CAMERA_3,effects,what is about the artistic effect mode,PRESENT_X,CAMERA_3,S_ANSWERS_QUESTION_ABOUT_FEATURE,CAMERA_3,effects,"This one has 21 photo effects (small face, retro, big eyes, etc.).",PRESENT_X,CAMERA_3,13~65
500,15,CAMERA_3,"['CAMERA_1', 'CAMERA_3']","{'CAMERA_1': ['autofocus_points', 'preset_modes', 'resolution', 'long_exposure'], 'CAMERA_2': [], 'CAMERA_3': ['price', 'sensor_size', 'settings', 'optical_zoom', 'ISO', 'effects', 'color']}",C_QUESTION_ABOUT_FEATURE,CAMERA_3,color,I am just studying photography does it come in any other colors,PRESENT_X,CAMERA_3,S_ANSWERS_QUESTION_ABOUT_FEATURE,CAMERA_3,color,"This one comes in purple, white, silver, blue, red, or pink.",PRESENT_X,CAMERA_3,18~59
500,16,NONE,"['CAMERA_1', 'CAMERA_3']","{'CAMERA_1': ['autofocus_points', 'preset_modes', 'resolution', 'long_exposure'], 'CAMERA_2': [], 'CAMERA_3': ['price', 'sensor_size', 'settings', 'optical_zoom', 'ISO', 'effects', 'color']}",C_THANK_YOU,CAMERA_3,NONE,ok thank you,PRESENT_X,CAMERA_3,S_THANK_YOU,CAMERA_3,NONE,thank you very much.,FACE_TO_FACE,NONE,
500,17,NONE,"['CAMERA_1', 'CAMERA_3']","{'CAMERA_1': ['autofocus_points', 'preset_modes', 'resolution', 'long_exposure'], 'CAMERA_2': [], 'CAMERA_3': ['price', 'sensor_size', 'settings', 'optical_zoom', 'ISO', 'effects', 'color']}",C_LEAVES,DOOR,NONE,,FACE_TO_FACE,NONE,S_RETURNS_TO_COUNTER,SERVICE_COUNTER,NONE,,WAITING,NONE,
501,1,NONE,[],"{'CAMERA_1': [], 'CAMERA_2': [], 'CAMERA_3': []}",C_ENTERS,DOOR,NONE,,WAITING,NONE,S_NONE,SERVICE_COUNTER,NONE,,WAITING,NONE,
501,2,NONE,[],"{'CAMERA_1': [], 'CAMERA_2': [], 'CAMERA_3': []}",C_WALKS_TO_CAMERA,CAMERA_3,NONE,,WAITING,NONE,S_GREETS,CAMERA_3,NONE,can I help you?,FACE_TO_FACE,NONE,
501,3,CAMERA_2,['CAMERA_2'],"{'CAMERA_1': [], 'CAMERA_2': [], 'CAMERA_3': []}",C_LOOKING_FOR_A_CAMERA,CAMERA_3,NONE,yeah I'm looking for a camera something a little bit trendy,FACE_TO_FACE,NONE,S_INTRODUCES_CAMERA,CAMERA_2,,Let me show you this. Here we have the Fujifilm Lumix ILC Camera.,PRESENT_X,CAMERA_2,39~64
501,4,CAMERA_2,['CAMERA_2'],"{'CAMERA_1': [], 'CAMERA_2': ['effects'], 'CAMERA_3': []}",C_SILENT_OR_BACKCHANNEL,CAMERA_2,NONE,oh wow that seems quite high,PRESENT_X,CAMERA_2,S_INTRODUCES_FEATURE,CAMERA_2,effects,"This one has 24 artistic effect modes (retro, lighter or darker skin tones, sepia, etc.).",PRESENT_X,CAMERA_2,13~88
501,5,CAMERA_2,['CAMERA_2'],"{'CAMERA_1': [], 'CAMERA_2': ['effects', 'sensor_size'], 'CAMERA_3': []}",C_SILENT_OR_BACKCHANNEL,CAMERA_2,NONE,I see AA ok,PRESENT_X,CAMERA_2,S_INTRODUCES_FEATURE,CAMERA_2,sensor_size,This one has a 1/2.33 inch sensor.,PRESENT_X,CAMERA_2,15~33
501,6,CAMERA_2,['CAMERA_2'],"{'CAMERA_1': [], 'CAMERA_2': ['effects', 'sensor_size', 'preset_modes'], 'CAMERA_3': []}",C_QUESTION_ABOUT_FEATURE,CAMERA_2,preset_modes,is it equipped with any preset modes,PRESENT_X,CAMERA_2,S_NOT_SURE,CAMERA_2,,I'm not really sure about that.,PRESENT_X,CAMERA_2,
501,7,NONE,['CAMERA_2'],"{'CAMERA_1': [], 'CAMERA_2': ['effects', 'sensor_size', 'preset_modes'], 'CAMERA_3': []}",C_THANK_YOU,CAMERA_2,NONE,okay thank you so much for the help,PRESENT_X,CAMERA_2,S_THANK_YOU,CAMERA_2,NONE,thank you very much.,FACE_TO_FACE,NONE,
501,8,NONE,['CAMERA_2'],"{'CAMERA_1': [], 'CAMERA_2': ['effects', 'sensor_size', 'preset_modes'], 'CAMERA_3': []}",C_LEAVES,DOOR,NONE,,FACE_TO_FACE,NONE,S_RETURNS_TO_COUNTER,SERVICE_COUNTER,NONE,,WAITING,NONE,
502,1,NONE,[],"{'CAMERA_1': [], 'CAMERA_2': [], 'CAMERA_3': []}",C_ENTERS,DOOR,NONE,,WAITING,NONE,S_NONE,SERVICE_COUNTER,NONE,,WAITING,NONE,
502,2,NONE,[],"{'CAMERA_1': [], 'CAMERA_2': [], 'CAMERA_3': []}",C_WALKS_TO_CAMERA,CAMERA_3,NONE,,WAITING,NONE,S_NONE,SERVICE_COUNTER,NONE,,WAITING,NONE,
502,3,CAMERA_3,['CAMERA_3'],"{'CAMERA_1': [], 'CAMERA_2': [], 'CAMERA_3': ['price']}",C_QUESTION_ABOUT_FEATURE,CAMERA_3,price,how much does it cost,WAITING,NONE,S_ANSWERS_QUESTION_ABOUT_FEATURE,CAMERA_3,price,This one costs $518.,PRESENT_X,CAMERA_3,15~19
502,4,CAMERA_3,['CAMERA_3'],"{'CAMERA_1': [], 'CAMERA_2': [], 'CAMERA_3': ['price', 'autofocus_points']}",C_SILENT_OR_BACKCHANNEL,CAMERA_3,NONE,uh huh oh yeah,PRESENT_X,CAMERA_3,S_INTRODUCES_FEATURE,CAMERA_3,autofocus_points,This one has 214 autofocus points.,PRESENT_X,CAMERA_3,13~33
502,5,CAMERA_3,['CAMERA_3'],"{'CAMERA_1': [], 'CAMERA_2': [], 'CAMERA_3': ['price', 'autofocus_points', 'color']}",C_QUESTION_ABOUT_FEATURE,CAMERA_3,color,what colors does it come in,PRESENT_X,CAMERA_3,S_ANSWERS_QUESTION_ABOUT_FEATURE,CAMERA_3,color,"This one comes in purple, white, silver, blue, red, or pink.",PRESENT_X,CAMERA_3,18~59
502,6,CAMERA_1,"['CAMERA_3', 'CAMERA_1']","{'CAMERA_1': [], 'CAMERA_2': [], 'CAMERA_3': ['price', 'autofocus_points', 'color']}",C_ANYTHING_ELSE_AVAILABLE,CAMERA_3,NONE,ok do you have any other cameras,PRESENT_X,CAMERA_3,S_INTRODUCES_CAMERA,CAMERA_1,,Let me show you this. Here we have the Sony PowerShot ELPH DMC-ZS3.,PRESENT_X,CAMERA_1,39~66
502,7,CAMERA_1,"['CAMERA_3', 'CAMERA_1']","{'CAMERA_1': ['autofocus_points'], 'CAMERA_2': [], 'CAMERA_3': ['price', 'autofocus_points', 'color']}",C_QUESTION_ABOUT_FEATURE,CAMERA_1,autofocus_points,what about the the focus point,PRESENT_X,CAMERA_1,S_ANSWERS_QUESTION_ABOUT_FEATURE,CAMERA_1,autofocus_points,This one has 135 autofocus points.,PRESENT_X,CAMERA_1,13~33
502,8,CAMERA_1,"['CAMERA_3', 'CAMERA_1']","{'CAMERA_1': ['autofocus_points', 'ISO'], 'CAMERA_2': [], 'CAMERA_3': ['price', 'autofocus_points', 'color']}",C_SILENT_OR_BACKCHANNEL,CAMERA_1,NONE,okay,PRESENT_X,CAMERA_1,S_INTRODUCES_FEATURE,CAMERA_1,ISO,This one has up to 51200 ISO.,PRESENT_X,CAMERA_1,13~28
502,9,NONE,"['CAMERA_3', 'CAMERA_1']","{'CAMERA_1': ['autofocus_points', 'ISO'], 'CAMERA_2': [], 'CAMERA_3': ['price', 'autofocus_points', 'color']}",C_THANK_YOU,CAMERA_1,NONE,it's kind of hard to use thanks very much,PRESENT_X,CAMERA_1,S_THANK_YOU,CAMERA_1,NONE,thank you very much.,FACE_TO_FACE,NONE,
502,10,NONE,"['CAMERA_3', 'CAMERA_1']","{'CAMERA_1': ['autofocus_points', 'ISO'], 'CAMERA_2': [], 'CAMERA_3': ['price', 'autofocus_points', 'color']}",C_LEAVES,DOOR,NONE,,FACE_TO_FACE,NONE,S_RETURNS_TO_COUNTER,SERVICE_COUNTER,NONE,,WAITING,NONE,
503,1,NONE,[],"{'CAMERA_1': [], 'CAMERA_2': [], 'CAMERA_3': []}",C_ENTERS,DOOR,NONE,,WAITING,NONE,S_NONE,SERVICE_COUNTER,NONE,,WAITING,NONE,
503,2,NONE,[],"{'CAMERA_1': [], 'CAMERA_2': [], 'CAMERA_3': []}",C_WALKS_TO_CAMERA,CAMERA_1,NONE,,WAITING,NONE,S_NONE,SERVICE_COUNTER,NONE,,WAITING,NONE,
503,3,NONE,[],"{'CAMERA_1': [], 'CAMERA_2': [], 'CAMERA_3': []}",C_EXAMINES_CAMERA,CAMERA_1,NONE,,WAITING,NONE,S_GREETS,CAMERA_1,NONE,can I help you?,FACE_TO_FACE,NONE,
503,4,CAMERA_2,['CAMERA_2'],"{'CAMERA_1': [], 'CAMERA_2': [], 'CAMERA_3': []}",C_LOOKING_FOR_A_CAMERA,CAMERA_1,NONE,I'll get off today and I'm just looking around at the moment I'm not really sure what I'm after,FACE_TO_FACE,NONE,S_INTRODUCES_CAMERA,CAMERA_2,,Let me show you this. Here we have the Fujifilm Lumix ILC Camera.,PRESENT_X,CAMERA_2,39~64
503,5,CAMERA_2,['CAMERA_2'],"{'CAMERA_1': [], 'CAMERA_2': ['camera_type'], 'CAMERA_3': []}",C_QUESTION_ABOUT_FEATURE,CAMERA_2,camera_type,what kind of camera is this,PRESENT_X,CAMERA_2,S_ANSWERS_QUESTION_ABOUT_FEATURE,CAMERA_2,camera_type,This is a digital single lens mirrorless camera.,PRESENT_X,CAMERA_2,10~40
503,6,CAMERA_2,['CAMERA_2'],"{'CAMERA_1': [], 'CAMERA_2': ['camera_type', 'color'], 'CAMERA_3': []}",C_QUESTION_ABOUT_FEATURE,CAMERA_2,color,pandas are there any other color swallow this,PRESENT_X,CAMERA_2,S_ANSWERS_QUESTION_ABOUT_FEATURE,CAMERA_2,color,This one comes in white or pink.,PRESENT_X,CAMERA_2,18~31
503,7,CAMERA_2,['CAMERA_2'],"{'CAMERA_1': [], 'CAMERA_2': ['camera_type', 'color', 'long_exposure'], 'CAMERA_3': []}",C_SILENT_OR_BACKCHANNEL,CAMERA_2,NONE,I said okay,PRESENT_X,CAMERA_2,S_INTRODUCES_FEATURE,CAMERA_2,long_exposure,This one can take long exposures up to 60 minutes max with bulb mode.,PRESENT_X,CAMERA_2,39~68
503,8,CAMERA_2,['CAMERA_2'],"{'CAMERA_1': [], 'CAMERA_2': ['camera_type', 'color', 'long_exposure', 'optical_zoom'], 'CAMERA_3': []}",C_SILENT_OR_BACKCHANNEL,CAMERA_2,NONE,this one also looks kind of good,PRESENT_X,CAMERA_2,S_INTRODUCES_FEATURE,CAMERA_2,optical_zoom,This one has 21x optical zoom.,PRESENT_X,CAMERA_2,13~29
503,9,CAMERA_2,['CAMERA_2'],"{'CAMERA_1': [], 'CAMERA_2': ['camera_type', 'color', 'long_exposure', 'optical_zoom', 'sensor_size'], 'CAMERA_3': []}",C_QUESTION_ABOUT_FEATURE,CAMERA_2,sensor_size,What is the synthesized of this camera,PRESENT_X,CAMERA_2,S_ANSWERS_QUESTION_ABOUT_FEATURE,CAMERA_2,sensor_size,This one has a 1/2.33 inch sensor.,PRESENT_X,CAMERA_2,15~33
503,10,CAMERA_2,['CAMERA_2'],"{'CAMERA_1': [], 'CAMERA_2': ['camera_type', 'color', 'long_exposure', 'optical_zoom', 'sensor_size', 'settings'], 'CAMERA_3': []}",C_SILENT_OR_BACKCHANNEL,CAMERA_2,NONE,yeah I think that that's great I'll take a look at that and I have to probably help me you know the side,PRESENT_X,CAMERA_2,S_INTRODUCES_FEATURE,CAMERA_2,settings,"This one has manual control and various automatic settings (video modeburst shooting, etc.).",PRESENT_X,CAMERA_2,13~91
503,11,CAMERA_2,['CAMERA_2'],"{'CAMERA_1': [], 'CAMERA_2': ['camera_type', 'color', 'long_exposure', 'optical_zoom', 'sensor_size', 'settings', 'autofocus_points'], 'CAMERA_3': []}",C_QUESTION_ABOUT_FEATURE,CAMERA_2,autofocus_points,what about the the focus point,PRESENT_X,CAMERA_2,S_NOT_SURE,CAMERA_2,,I'm not really sure about that.,PRESENT_X,CAMERA_2,
503,12,CAMERA_2,['CAMERA_2'],"{'CAMERA_1': [], 'CAMERA_2': ['camera_type', 'color', 'long_exposure', 'optical_zoom', 'sensor_size', 'settings', 'autofocus_points', 'price'], 'CAMERA_3': []}",C_QUESTION_ABOUT_FEATURE,CAMERA_2,price,and how much does it cost,PRESENT_X,CAMERA_2,S_ANSWERS_QUESTION_ABOUT_FEATURE,CAMERA_2,price,This one costs $768.,PRESENT_X,CAMERA_2,15~19
503,13,CAMERA_2,['CAMERA_2'],"{'CAMERA_1': [], 'CAMERA_2': ['camera_type', 'color', 'long_exposure', 'optical_zoom', 'sensor_size', 'settings', 'autofocus_points', 'price', 'weight'], 'CAMERA_3': []}",C_SILENT_OR_BACKCHANNEL,CAMERA_2,NONE,okay,PRESENT_X,CAMERA_2,S_INTRODUCES_FEATURE,CAMERA_2,weight,This one weighs 820 grams.,PRESENT_X,CAMERA_2,16~25
503,14,CAMERA_2,['CAMERA_2'],"{'CAMERA_1': [], 'CAMERA_2': ['camera_type', 'color', 'long_exposure', 'optical_zoom', 'sensor_size', 'settings', 'autofocus_points', 'price', 'weight', 'ISO'], 'CAMERA_3': []}",C_QUESTION_ABOUT_FEATURE,CAMERA_2,ISO,So 3200 ISO is not half as good as 6400,PRESENT_X,CAMERA_2,S_NOT_SURE,CAMERA_2,,I'm not really sure about that.,PRESENT_X,CAMERA_2,
503,15,CAMERA_2,['CAMERA_2'],"{'CAMERA_1': [], 'CAMERA_2': ['camera_type', 'color', 'long_exposure', 'optical_zoom', 'sensor_size', 'settings', 'autofocus_points', 'price', 'weight', 'ISO', 'resolution'], 'CAMERA_3': []}",C_SILENT_OR_BACKCHANNEL,CAMERA_2,NONE,okay,PRESENT_X,CAMERA_2,S_INTRODUCES_FEATURE,CAMERA_2,resolution,This one has 23.8 megapixels resolution.,PRESENT_X,CAMERA_2,13~28
503,16,CAMERA_2,['CAMERA_2'],"{'CAMERA_1': [], 'CAMERA_2': ['camera_type', 'color', 'long_exposure', 'optical_zoom', 'sensor_size', 'settings', 'autofocus_points', 'price', 'weight', 'ISO', 'resolution', 'effects'], 'CAMERA_3': []}",C_SILENT_OR_BACKCHANNEL,CAMERA_2,NONE,sounds good,PRESENT_X,CAMERA_2,S_INTRODUCES_FEATURE,CAMERA_2,effects,"This one has 24 artistic effect modes (retro, lighter or darker skin tones, sepia, etc.).",PRESENT_X,CAMERA_2,13~88
503,17,CAMERA_2,['CAMERA_2'],"{'CAMERA_1': [], 'CAMERA_2': ['camera_type', 'color', 'long_exposure', 'optical_zoom', 'sensor_size', 'settings', 'autofocus_points', 'price', 'weight', 'ISO', 'resolution', 'effects', 'weight'], 'CAMERA_3': []}",C_SILENT_OR_BACKCHANNEL,CAMERA_2,NONE,IC,PRESENT_X,CAMERA_2,S_INTRODUCES_FEATURE,CAMERA_2,weight,This one weighs 820 grams.,PRESENT_X,CAMERA_2,16~25
503,18,CAMERA_2,['CAMERA_2'],"{'CAMERA_1': [], 'CAMERA_2': ['camera_type', 'color', 'long_exposure', 'optical_zoom', 'sensor_size', 'settings', 'autofocus_points', 'price', 'weight', 'ISO', 'resolution', 'effects', 'weight', 'preset_modes'], 'CAMERA_3': []}",C_QUESTION_ABOUT_FEATURE,CAMERA_2,preset_modes,does it have any preset modes,PRESENT_X,CAMERA_2,S_NOT_SURE,CAMERA_2,,I'm not really sure about that.,PRESENT_X,CAMERA_2,
503,19,CAMERA_2,['CAMERA_2'],"{'CAMERA_1': [], 'CAMERA_2': ['camera_type', 'color', 'long_exposure', 'optical_zoom', 'sensor_size', 'settings', 'autofocus_points', 'price', 'weight', 'ISO', 'resolution', 'effects', 'weight', 'preset_modes', 'ISO'], 'CAMERA_3': []}",C_QUESTION_ABOUT_FEATURE,CAMERA_2,ISO,what about ISO performance,PRESENT_X,CAMERA_2,S_NOT_SURE,CAMERA_2,,I'm not really sure about that.,PRESENT_X,CAMERA_2,
503,20,CAMERA_2,['CAMERA_2'],"{'CAMERA_1': [], 'CAMERA_2': ['camera_type', 'color', 'long_exposure', 'optical_zoom', 'sensor_size', 'settings', 'autofocus_points', 'price', 'weight', 'ISO', 'resolution', 'effects', 'weight', 'preset_modes', 'ISO', 'ISO'], 'CAMERA_3': []}",C_QUESTION_ABOUT_FEATURE,CAMERA_2,ISO,a and ISO,PRESENT_X,CAMERA_2,S_NOT_SURE,CAMERA_2,,I'm not really sure about that.,PRESENT_X,CAMERA_2,
503,21,CAMERA_2,['CAMERA_2'],"{'CAMERA_1': [], 'CAMERA_2': ['camera_type', 'color', 'long_exposure', 'optical_zoom', 'sensor_size', 'settings', 'autofocus_points', 'price', 'weight', 'ISO', 'resolution', 'effects', 'weight', 'preset_modes', 'ISO', 'ISO', 'camera_type'], 'CAMERA_3': []}",C_QUESTION_ABOUT_FEATURE,CAMERA_2,camera_type,is this a point and shoot camera,PRESENT_X,CAMERA_2,S_ANSWERS_QUESTION_ABOUT_FEATURE,CAMERA_2,camera_type,This is a digital single lens mirrorless camera.,PRESENT_X,CAMERA_2,10~40
503,22,CAMERA_2,['CAMERA_2'],"{'CAMERA_1': [], 'CAMERA_2': ['camera_type', 'color', 'long_exposure', 'optical_zoom', 'sensor_size', 'settings', 'autofocus_points', 'price', 'weight', 'ISO', 'resolution', 'effects', 'weight', 'preset_modes', 'ISO', 'ISO', 'camera_type', 'color'], 'CAMERA_3': []}",C_QUESTION_ABOUT_FEATURE,CAMERA_2,color,what colors does this one come in,PRESENT_X,CAMERA_2,S_ANSWERS_QUESTION_ABOUT_FEATURE,CAMERA_2,color,This one comes in white or pink.,PRESENT_X,CAMERA_2,18~31
503,23,CAMERA_2,['CAMERA_2'],"{'CAMERA_1': [], 'CAMERA_2': ['camera_type', 'color', 'long_exposure', 'optical_zoom', 'sensor_size', 'settings', 'autofocus_points', 'price', 'weight', 'ISO', 'resolution', 'effects', 'weight', 'preset_modes', 'ISO', 'ISO', 'camera_type', 'color', 'optical_zoom'], 'CAMERA_3': []}",C_QUESTION_ABOUT_FEATURE,CAMERA_2,optical_zoom,does it have optical zoom,PRESENT_X,CAMERA_2,S_ANSWERS_QUESTION_ABOUT_FEATURE,CAMERA_2,optical_zoom,This one has 21x optical zoom.,PRESENT_X,CAMERA_2,13~29
503,24,CAMERA_2,['CAMERA_2'],"{'CAMERA_1': [], 'CAMERA_2': ['camera_type', 'color', 'long_exposure', 'optical_zoom', 'sensor_size', 'settings', 'autofocus_points', 'price', 'weight', 'ISO', 'resolution', 'effects', 'weight', 'preset_modes', 'ISO', 'ISO', 'camera_type', 'color', 'optical_zoom', 'long_exposure'], 'CAMERA_3': []}",C_QUESTION_ABOUT_FEATURE,CAMERA_2,long_exposure,and how about its exposure,PRESENT_X,CAMERA_2,S_ANSWERS_QUESTION_ABOUT_FEATURE,CAMERA_2,long_exposure,This one can take long exposures up to 60 minutes max with bulb mode.,PRESENT_X,CAMERA_2,39~68
503,25,NONE,['CAMERA_2'],"{'CAMERA_1': [], 'CAMERA_2': ['camera_type', 'color', 'long_exposure', 'optical_zoom', 'sensor_size', 'settings', 'autofocus_points', 'price', 'weight', 'ISO', 'resolution', 'effects', 'weight', 'preset_modes', 'ISO', 'ISO', 'camera_type', 'color', 'optical_zoom', 'long_exposure'], 'CAMERA_3': []}",C_THANK_YOU,CAMERA_2,NONE,thank you all look around,PRESENT_X,CAMERA_2,S_THANK_YOU,CAMERA_2,NONE,thank you very much.,FACE_TO_FACE,NONE,
503,26,NONE,['CAMERA_2'],"{'CAMERA_1': [], 'CAMERA_2': ['camera_type', 'color', 'long_exposure', 'optical_zoom', 'sensor_size', 'settings', 'autofocus_points', 'price', 'weight', 'ISO', 'resolution', 'effects', 'weight', 'preset_modes', 'ISO', 'ISO', 'camera_type', 'color', 'optical_zoom', 'long_exposure'], 'CAMERA_3': []}",C_LEAVES,DOOR,NONE,,FACE_TO_FACE,NONE,S_RETURNS_TO_COUNTER,SERVICE_COUNTER,NONE,,WAITING,NONE,
504,1,NONE,[],"{'CAMERA_1': [], 'CAMERA_2': [], 'CAMERA_3': []}",C_ENTERS,DOOR,NONE,,WAITING,NONE,S_NONE,SERVICE_COUNTER,NONE,,WAITING,NONE,
504,2,NONE,[],"{'CAMERA_1': [], 'CAMERA_2': [], 'CAMERA_3': []}",C_WALKS_TO_CAMERA,CAMERA_3,NONE,,WAITING,NONE,S_GREETS,CAMERA_3,NONE,can I help you?,FACE_TO_FACE,NONE,
504,3,CAMERA_2,['CAMERA_2'],"{'CAMERA_1': [], 'CAMERA_2': [], 'CAMERA_3': []}",C_LOOKING_FOR_A_CAMERA,CAMERA_3,NONE,I'm looking for a new camera today,FACE_TO_FACE,NONE,S_INTRODUCES_CAMERA,CAMERA_2,,Let me show you this. Here we have the Fujifilm Lumix ILC Camera.,PRESENT_X,CAMERA_2,39~64
504,4,CAMERA_2,['CAMERA_2'],"{'CAMERA_1': [], 'CAMERA_2': ['price'], 'CAMERA_3': []}",C_SILENT_OR_BACKCHANNEL,CAMERA_2,NONE,nice,PRESENT_X,CAMERA_2,S_INTRODUCES_FEATURE,CAMERA_2,price,This one costs $768.,PRESENT_X,CAMERA_2,15~19
504,5,CAMERA_2,['CAMERA_2'],"{'CAMERA_1': [], 'CAMERA_2': ['price', 'resolution'], 'CAMERA_3': []}",C_QUESTION_ABOUT_FEATURE,CAMERA_2,resolution,how many megapixels does this camera have,PRESENT_X,CAMERA_2,S_ANSWERS_QUESTION_ABOUT_FEATURE,CAMERA_2,resolution,This one has 23.8 megapixels resolution.,PRESENT_X,CAMERA_2,13~28
504,6,CAMERA_2,['CAMERA_2'],"{'CAMERA_1': [], 'CAMERA_2': ['price', 'resolution', 'optical_zoom'], 'CAMERA_3': []}",C_SILENT_OR_BACKCHANNEL,CAMERA_2,NONE,ok,PRESENT_X,CAMERA_2,S_INTRODUCES_FEATURE,CAMERA_2,optical_zoom,This one has 21x optical zoom.,PRESENT_X,CAMERA_2,13~29
504,7,CAMERA_2,['CAMERA_2'],"{'CAMERA_1': [], 'CAMERA_2': ['price', 'resolution', 'optical_zoom', 'sensor_size'], 'CAMERA_3': []}",C_QUESTION_ABOUT_FEATURE,CAMERA_2,sensor_size,ok what about the sensor size,PRESENT_X,CAMERA_2,S_ANSWERS_QUESTION_ABOUT_FEATURE,CAMERA_2,sensor_size,This one has a 1/2.33 inch sensor.,PRESENT_X,CAMERA_2,15~33
504,8,CAMERA_2,['CAMERA_2'],"{'CAMERA_1': [], 'CAMERA_2': ['price', 'resolution', 'optical_zoom', 'sensor_size', 'color'], 'CAMERA_3': []}",C_SILENT_OR_BACKCHANNEL,CAMERA_2,NONE,IC,PRESENT_X,CAMERA_2,S_INTRODUCES_FEATURE,CAMERA_2,color,This one comes in white or pink.,PRESENT_X,CAMERA_2,18~31
504,9,CAMERA_2,['CAMERA_2'],"{'CAMERA_1': [], 'CAMERA_2': ['price', 'resolution', 'optical_zoom', 'sensor_size', 'color', 'weight'], 'CAMERA_3': []}",C_SILENT_OR_BACKCHANNEL,CAMERA_2,NONE,oh yeah ok,PRESENT_X,CAMERA_2,S_INTRODUCES_FEATURE,CAMERA_2,weight,This one weighs 820 grams.,PRESENT_X,CAMERA_2,16~25
504,10,CAMERA_2,['CAMERA_2'],"{'CAMERA_1': [], 'CAMERA_2': ['price', 'resolution', 'optical_zoom', 'sensor_size', 'color', 'weight', 'ISO'], 'CAMERA_3': []}",C_QUESTION_ABOUT_FEATURE,CAMERA_2,ISO,How about the ISO range of this camera,PRESENT_X,CAMERA_2,S_NOT_SURE,CAMERA_2,,I'm not really sure about that.,PRESENT_X,CAMERA_2,
504,11,NONE,['CAMERA_2'],"{'CAMERA_1': [], 'CAMERA_2': ['price', 'resolution', 'optical_zoom', 'sensor_size', 'color', 'weight', 'ISO'], 'CAMERA_3': []}",C_THANK_YOU,CAMERA_2,NONE,that's impressive thank you for your help,PRESENT_X,CAMERA_2,S_THANK_YOU,CAMERA_2,NONE,thank you very much.,FACE_TO_FACE,NONE,
504,12,NONE,['CAMERA_2'],"{'CAMERA_1': [], 'CAMERA_2': ['price', 'resolution', 'optical_zoom', 'sensor_size', 'color', 'weight', 'ISO'], 'CAMERA_3': []}",C_LEAVES,DOOR,NONE,,FACE_TO_FACE,NONE,S_RETURNS_TO_COUNTER,SERVICE_COUNTER,NONE,,WAITING,NONE,
505,1,NONE,[],"{'CAMERA_1': [], 'CAMERA_2': [], 'CAMERA_3': []}",C_ENTERS,DOOR,NONE,,WAITING,NONE,S_NONE,SERVICE_COUNTER,NONE,,WAITING,NONE,
505,2,NONE,[],"{'CAMERA_1': [], 'CAMERA_2': [], 'CAMERA_3': []}",C_WALKS_TO_CAMERA,CAMERA_2,NONE,,WAITING,NONE,S_GREETS,CAMERA_2,NONE,can I help you?,FACE_TO_FACE,NONE,
505,3,CAMERA_3,['CAMERA_3'],"{'CAMERA_1': [], 'CAMERA_2': [], 'CAMERA_3': []}",C_LOOKING_FOR_A_CAMERA,CAMERA_2,NONE,hi good afternoon I'm looking to buy a new camera,FACE_TO_FACE,NONE,S_INTRODUCES_CAMERA,CAMERA_3,,Let me show you this. Here we have the Fujifilm PowerShot ELPH S2800.,PRESENT_X,CAMERA_3,39~68
505,4,CAMERA_3,['CAMERA_3'],"{'CAMERA_1': [], 'CAMERA_2': [], 'CAMERA_3': ['resolution']}",C_SILENT_OR_BACKCHANNEL,CAMERA_3,NONE,ok,PRESENT_X,CAMERA_3,S_INTRODUCES_FEATURE,CAMERA_3,resolution,This one has 23.2 megapixels resolution.,PRESENT_X,CAMERA_3,13~28
505,5,NONE,['CAMERA_3'],"{'CAMERA_1': [], 'CAMERA_2': [], 'CAMERA_3': ['resolution']}",C_THANK_YOU,CAMERA_3,NONE,I see that seems really hard alright thanks very much,PRESENT_X,CAMERA_3,S_THANK_YOU,CAMERA_3,NONE,thank you very much.,FACE_TO_FACE,NONE,
505,6,NONE,['CAMERA_3'],"{'CAMERA_1': [], 'CAMERA_2': [], 'CAMERA_3': ['resolution']}",C_LEAVES,DOOR,NONE,,FACE_TO_FACE,NONE,S_RETURNS_TO_COUNTER,SERVICE_COUNTER,NONE,,WAITING,NONE,
506,1,NONE,[],"{'CAMERA_1': [], 'CAMERA_2': [], 'CAMERA_3': []}",C_ENTERS,DOOR,NONE,,WAITING,NONE,S_NONE,SERVICE_COUNTER,NONE,,WAITING,NONE,
506,2,NONE,[],"{'CAMERA_1': [], 'CAMERA_2': [], 'CAMERA_3': []}",C_GREETS,MIDDLE,NONE,excuse me,WAITING,NONE,S_GREETS,MIDDLE,NONE,can I help you?,FACE_TO_FACE,NONE,
506,3,CAMERA_1,['CAMERA_1'],"{'CAMERA_1': [], 'CAMERA_2': [], 'CAMERA_3': []}",C_LOOKING_FOR_A_CAMERA,MIDDLE,NONE,well I am looking for a camera but I'm not sure what to buy,FACE_TO_FACE,NONE,S_INTRODUCES_CAMERA,CAMERA_1,,Let me show you this. Here we have the Sony PowerShot ELPH DMC-ZS3.,PRESENT_X,CAMERA_1,39~66
506,4,CAMERA_1,['CAMERA_1'],"{'CAMERA_1': ['settings'], 'CAMERA_2': [], 'CAMERA_3': []}",C_QUESTION_ABOUT_FEATURE,CAMERA_1,settings,K and do what manual settings what are the manual settings on this,PRESENT_X,CAMERA_1,S_ANSWERS_QUESTION_ABOUT_FEATURE,CAMERA_1,settings,This one has limited manual settings.,PRESENT_X,CAMERA_1,13~36
506,5,CAMERA_1,['CAMERA_1'],"{'CAMERA_1': ['settings', 'ISO'], 'CAMERA_2': [], 'CAMERA_3': []}",C_QUESTION_ABOUT_FEATURE,CAMERA_1,ISO,how is the iso,PRESENT_X,CAMERA_1,S_ANSWERS_QUESTION_ABOUT_FEATURE,CAMERA_1,ISO,This one has up to 51200 ISO.,PRESENT_X,CAMERA_1,13~28
506,6,CAMERA_1,['CAMERA_1'],"{'CAMERA_1': ['settings', 'ISO', 'autofocus_points'], 'CAMERA_2': [], 'CAMERA_3': []}",C_QUESTION_ABOUT_FEATURE,CAMERA_1,autofocus_points,how to focus points of this camera have,PRESENT_X,CAMERA_1,S_ANSWERS_QUESTION_ABOUT_FEATURE,CAMERA_1,autofocus_points,This one has 135 autofocus points.,PRESENT_X,CAMERA_1,13~33
506,7,CAMERA_1,['CAMERA_1'],"{'CAMERA_1': ['settings', 'ISO', 'autofocus_points', 'color'], 'CAMERA_2': [], 'CAMERA_3': []}",C_QUESTION_ABOUT_FEATURE,CAMERA_1,color,how many colors does it come in,PRESENT_X,CAMERA_1,S_ANSWERS_QUESTION_ABOUT_FEATURE,CAMERA_1,color,This one comes in blue or black.,PRESENT_X,CAMERA_1,18~31
506,8,CAMERA_2,"['CAMERA_1', 'CAMERA_2']","{'CAMERA_1': ['settings', 'ISO', 'autofocus_points', 'color'], 'CAMERA_2': [], 'CAMERA_3': []}",C_ANYTHING_ELSE_AVAILABLE,CAMERA_1,NONE,ok do you have any other cameras,PRESENT_X,CAMERA_1,S_INTRODUCES_CAMERA,CAMERA_2,,Let me show you this. Here we have the Fujifilm Lumix ILC Camera.,PRESENT_X,CAMERA_2,39~64
506,9,CAMERA_2,"['CAMERA_1', 'CAMERA_2']","{'CAMERA_1': ['settings', 'ISO', 'autofocus_points', 'color'], 'CAMERA_2': ['effects'], 'CAMERA_3': []}",C_SILENT_OR_BACKCHANNEL,CAMERA_2,NONE,what about the is so great how long is that,PRESENT_X,CAMERA_2,S_INTRODUCES_FEATURE,CAMERA_2,effects,"This one has 24 artistic effect modes (retro, lighter or darker skin tones, sepia, etc.).",PRESENT_X,CAMERA_2,13~88
506,10,NONE,"['CAMERA_1', 'CAMERA_2']","{'CAMERA_1': ['settings', 'ISO', 'autofocus_points', 'color'], 'CAMERA_2': ['effects'], 'CAMERA_3': []}",C_THANK_YOU,CAMERA_2,NONE,thank you,PRESENT_X,CAMERA_2,S_THANK_YOU,CAMERA_2,NONE,thank you very much.,FACE_TO_FACE,NONE,
506,11,NONE,"['CAMERA_1', 'CAMERA_2']","{'CAMERA_1': ['settings', 'ISO', 'autofocus_points', 'color'], 'CAMERA_2': ['effects'], 'CAMERA_3': []}",C_LEAVES,DOOR,NONE,,FACE_TO_FACE,NONE,S_RETURNS_TO_COUNTER,SERVICE_COUNTER,NONE,,WAITING,NONE,
507,1,NONE,[],"{'CAMERA_1': [], 'CAMERA_2': [], 'CAMERA_3': []}",C_ENTERS,DOOR,NONE,,WAITING,NONE,S_NONE,SERVICE_COUNTER,NONE,,WAITING,NONE,
507,2,NONE,[],"{'CAMERA_1': [], 'CAMERA_2': [], 'CAMERA_3': []}",C_WALKS_TO_CAMERA,CAMERA_1,NONE,,WAITING,NONE,S_NONE,SERVICE_COUNTER,NONE,,WAITING,NONE,
507,3,NONE,[],"{'CAMERA_1': [], 'CAMERA_2': [], 'CAMERA_3': []}",C_EXAMINES_CAMERA,CAMERA_1,NONE,,WAITING,NONE,S_GREETS,CAMERA_1,NONE,can I help you?,FACE_TO_FACE,NONE,
507,4,CAMERA_2,['CAMERA_2'],"{'CAMERA_1': [], 'CAMERA_2': [], 'CAMERA_3': []}",C_LOOKING_FOR_A_CAMERA,CAMERA_1,NONE,I'm really just looking at the moment thanks,FACE_TO_FACE,NONE,S_INTRODUCES_CAMERA,CAMERA_2,,Let me show you this. Here we have the Fujifilm Lumix ILC Camera.,PRESENT_X,CAMERA_2,39~64
507,5,CAMERA_2,['CAMERA_2'],"{'CAMERA_1': [], 'CAMERA_2': ['camera_type'], 'CAMERA_3': []}",C_QUESTION_ABOUT_FEATURE,CAMERA_2,camera_type,Is this a mirrorless camera?,PRESENT_X,CAMERA_2,S_ANSWERS_QUESTION_ABOUT_FEATURE,CAMERA_2,camera_type,This is a digital single lens mirrorless camera.,PRESENT_X,CAMERA_2,10~40
507,6,CAMERA_2,['CAMERA_2'],"{'CAMERA_1': [], 'CAMERA_2': ['camera_type', 'sensor_size'], 'CAMERA_3': []}",C_QUESTION_ABOUT_FEATURE,CAMERA_2,sensor_size,i see and what is the sensor size of this camera,PRESENT_X,CAMERA_2,S_ANSWERS_QUESTION_ABOUT_FEATURE,CAMERA_2,sensor_size,This one has a 1/2.33 inch sensor.,PRESENT_X,CAMERA_2,15~33
507,7,CAMERA_2,['CAMERA_2'],"{'CAMERA_1': [], 'CAMERA_2': ['camera_type', 'sensor_size', 'effects'], 'CAMERA_3': []}",C_SILENT_OR_BACKCHANNEL,CAMERA_2,NONE,okay great let's take care of business,PRESENT_X,CAMERA_2,S_INTRODUCES_FEATURE,CAMERA_2,effects,"This one has 24 artistic effect modes (retro, lighter or darker skin tones, sepia, etc.).",PRESENT_X,CAMERA_2,13~88
507,8,CAMERA_2,['CAMERA_2'],"{'CAMERA_1': [], 'CAMERA_2': ['camera_type', 'sensor_size', 'effects', 'settings'], 'CAMERA_3': []}",C_QUESTION_ABOUT_FEATURE,CAMERA_2,settings,is this one manual,PRESENT_X,CAMERA_2,S_ANSWERS_QUESTION_ABOUT_FEATURE,CAMERA_2,settings,"This one has manual control and various automatic settings (video modeburst shooting, etc.).",PRESENT_X,CAMERA_2,13~91
507,9,CAMERA_2,['CAMERA_2'],"{'CAMERA_1': [], 'CAMERA_2': ['camera_type', 'sensor_size', 'effects', 'settings', 'resolution'], 'CAMERA_3': []}",C_QUESTION_ABOUT_FEATURE,CAMERA_2,resolution,how many megapixels is it,PRESENT_X,CAMERA_2,S_ANSWERS_QUESTION_ABOUT_FEATURE,CAMERA_2,resolution,This one has 23.8 megapixels resolution.,PRESENT_X,CAMERA_2,13~28
507,10,CAMERA_2,['CAMERA_2'],"{'CAMERA_1': [], 'CAMERA_2': ['camera_type', 'sensor_size', 'effects', 'settings', 'resolution', 'autofocus_points'], 'CAMERA_3': []}",C_QUESTION_ABOUT_FEATURE,CAMERA_2,autofocus_points,that sounds good what about it's also Focus points,PRESENT_X,CAMERA_2,S_NOT_SURE,CAMERA_2,,I'm not really sure about that.,PRESENT_X,CAMERA_2,
507,11,NONE,['CAMERA_2'],"{'CAMERA_1': [], 'CAMERA_2': ['camera_type', 'sensor_size', 'effects', 'settings', 'resolution', 'autofocus_points'], 'CAMERA_3': []}",C_THANK_YOU,CAMERA_2,NONE,thank you very much thank you,PRESENT_X,CAMERA_2,S_THANK_YOU,CAMERA_2,NONE,thank you very much.,FACE_TO_FACE,NONE,
507,12,NONE,['CAMERA_2'],"{'CAMERA_1': [], 'CAMERA_2': ['camera_type', 'sensor_size', 'effects', 'settings', 'resolution', 'autofocus_points'], 'CAMERA_3': []}",C_LEAVES,DOOR,NONE,,FACE_TO_FACE,NONE,S_RETURNS_TO_COUNTER,SERVICE_COUNTER,NONE,,WAITING,NONE,
508,1,NONE,[],"{'CAMERA_1': [], 'CAMERA_2': [], 'CAMERA_3': []}",C_ENTERS,DOOR,NONE,,WAITING,NONE,S_NONE,SERVICE_COUNTER,NONE,,WAITING,NONE,
508,2,NONE,[],"{'CAMERA_1': [], 'CAMERA_2': [], 'CAMERA_3': []}",C_GREETS,MIDDLE,NONE,oh excuse me,WAITING,NONE,S_GREETS,MIDDLE,NONE,can I help you?,FACE_TO_FACE,NONE,
508,3,CAMERA_3,['CAMERA_3'],"{'CAMERA_1': [], 'CAMERA_2': [], 'CAMERA_3': []}",C_LOOKING_FOR_A_CAMERA,MIDDLE,NONE,I am looking for a camera that is reasonably priced but it's delicious the same time,FACE_TO_FACE,NONE,S_INTRODUCES_CAMERA,CAMERA_3,,Let me show you this. Here we have the Fujifilm PowerShot ELPH S2800.,PRESENT_X,CAMERA_3,39~68
508,4,CAMERA_3,['CAMERA_3'],"{'CAMERA_1': [], 'CAMERA_2': [], 'CAMERA_3': ['autofocus_points']}",C_QUESTION_ABOUT_FEATURE,CAMERA_3,autofocus_points,how about this camera how many auto focus points does this have,PRESENT_X,CAMERA_3,S_ANSWERS_QUESTION_ABOUT_FEATURE,CAMERA_3,autofocus_points,This one has 214 autofocus points.,PRESENT_X,CAMERA_3,13~33
508,5,CAMERA_3,['CAMERA_3'],"{'CAMERA_1': [], 'CAMERA_2': [], 'CAMERA_3': ['autofocus_points', 'sensor_size']}",C_SILENT_OR_BACKCHANNEL,CAMERA_3,NONE,great sounds like a great camera,PRESENT_X,CAMERA_3,S_INTRODUCES_FEATURE,CAMERA_3,sensor_size,This one has a full frame.,PRESENT_X,CAMERA_3,15~25
508,6,CAMERA_3,['CAMERA_3'],"{'CAMERA_1': [], 'CAMERA_2': [], 'CAMERA_3': ['autofocus_points', 'sensor_size', 'preset_modes']}",C_SILENT_OR_BACKCHANNEL,CAMERA_3,NONE,sounds great,PRESENT_X,CAMERA_3,S_INTRODUCES_FEATURE,CAMERA_3,preset_modes,This one has various preset modes.,PRESENT_X,CAMERA_3,13~33
508,7,CAMERA_3,['CAMERA_3'],"{'CAMERA_1': [], 'CAMERA_2': [], 'CAMERA_3': ['autofocus_points', 'sensor_size', 'preset_modes', 'camera_type']}",C_SILENT_OR_BACKCHANNEL,CAMERA_3,NONE,the result does look good,PRESENT_X,CAMERA_3,S_INTRODUCES_FEATURE,CAMERA_3,camera_type,This is a point and shoot camera.,PRESENT_X,CAMERA_3,10~25
508,8,CAMERA_3,['CAMERA_3'],"{'CAMERA_1': [], 'CAMERA_2': [], 'CAMERA_3': ['autofocus_points', 'sensor_size', 'preset_modes', 'camera_type', 'long_exposure']}",C_QUESTION_ABOUT_FEATURE,CAMERA_3,long_exposure,I'm going to do long exposure,PRESENT_X,CAMERA_3,S_ANSWERS_QUESTION_ABOUT_FEATURE,CAMERA_3,long_exposure,This one can take long exposures up to 30 minutes max with bulb mode.,PRESENT_X,CAMERA_3,39~68
508,9,CAMERA_3,['CAMERA_3'],"{'CAMERA_1': [], 'CAMERA_2': [], 'CAMERA_3': ['autofocus_points', 'sensor_size', 'preset_modes', 'camera_type', 'long_exposure', 'color']}",C_SILENT_OR_BACKCHANNEL,CAMERA_3,NONE,alright so I say,PRESENT_X,CAMERA_3,S_INTRODUCES_FEATURE,CAMERA_3,color,"This one comes in purple, white, silver, blue, red, or pink.",PRESENT_X,CAMERA_3,18~59
508,10,CAMERA_3,['CAMERA_3'],"{'CAMERA_1': [], 'CAMERA_2': [], 'CAMERA_3': ['autofocus_points', 'sensor_size', 'preset_modes', 'camera_type', 'long_exposure', 'color', 'effects']}",C_SILENT_OR_BACKCHANNEL,CAMERA_3,NONE,that's pretty funky,PRESENT_X,CAMERA_3,S_INTRODUCES_FEATURE,CAMERA_3,effects,"This one has 21 photo effects (small face, retro, big eyes, etc.).",PRESENT_X,CAMERA_3,13~65
508,11,CAMERA_3,['CAMERA_3'],"{'CAMERA_1': [], 'CAMERA_2': [], 'CAMERA_3': ['autofocus_points', 'sensor_size', 'preset_modes', 'camera_type', 'long_exposure', 'color', 'effects', 'ISO']}",C_QUESTION_ABOUT_FEATURE,CAMERA_3,ISO,compared to the previous camera how does the iso right,PRESENT_X,CAMERA_3,S_ANSWERS_QUESTION_ABOUT_FEATURE,CAMERA_3,ISO,This one has up to 3200 ISO with little noise.,PRESENT_X,CAMERA_3,13~45
508,12,CAMERA_3,['CAMERA_3'],"{'CAMERA_1': [], 'CAMERA_2': [], 'CAMERA_3': ['autofocus_points', 'sensor_size', 'preset_modes', 'camera_type', 'long_exposure', 'color', 'effects', 'ISO', 'weight']}",C_QUESTION_ABOUT_FEATURE,CAMERA_3,weight,that's wonderful and what about the weight,PRESENT_X,CAMERA_3,S_ANSWERS_QUESTION_ABOUT_FEATURE,CAMERA_3,weight,This one weighs 820 grams.,PRESENT_X,CAMERA_3,16~25
508,13,CAMERA_3,['CAMERA_3'],"{'CAMERA_1': [], 'CAMERA_2': [], 'CAMERA_3': ['autofocus_points', 'sensor_size', 'preset_modes', 'camera_type', 'long_exposure', 'color', 'effects', 'ISO', 'weight', 'price']}",C_SILENT_OR_BACKCHANNEL,CAMERA_3,NONE,not too bad,PRESENT_X,CAMERA_3,S_INTRODUCES_FEATURE,CAMERA_3,price,This one costs $518.,PRESENT_X,CAMERA_3,15~19
508,14,CAMERA_3,['CAMERA_3'],"{'CAMERA_1': [], 'CAMERA_2': [], 'CAMERA_3': ['autofocus_points', 'sensor_size', 'preset_modes', 'camera_type', 'long_exposure', 'color', 'effects', 'ISO', 'weight', 'price', 'settings']}",C_SILENT_OR_BACKCHANNEL,CAMERA_3,NONE,yeah yeah I can to try to look on the outside this is a really good one,PRESENT_X,CAMERA_3,S_INTRODUCES_FEATURE,CAMERA_3,settings,"This one has manual control and various automatic settings (video modeburst shooting, etc.).",PRESENT_X,CAMERA_3,13~91
508,15,CAMERA_2,"['CAMERA_3', 'CAMERA_2']","{'CAMERA_1': [], 'CAMERA_2': [], 'CAMERA_3': ['autofocus_points', 'sensor_size', 'preset_modes', 'camera_type', 'long_exposure', 'color', 'effects', 'ISO', 'weight', 'price', 'settings']}",C_ANYTHING_ELSE_AVAILABLE,CAMERA_3,NONE,do you have any other cameras with preset mode,PRESENT_X,CAMERA_3,S_INTRODUCES_CAMERA,CAMERA_2,,Let me show you this. Here we have the Fujifilm Lumix ILC Camera.,PRESENT_X,CAMERA_2,39~64
508,16,CAMERA_2,"['CAMERA_3', 'CAMERA_2']","{'CAMERA_1': [], 'CAMERA_2': ['autofocus_points'], 'CAMERA_3': ['autofocus_points', 'sensor_size', 'preset_modes', 'camera_type', 'long_exposure', 'color', 'effects', 'ISO', 'weight', 'price', 'settings']}",C_QUESTION_ABOUT_FEATURE,CAMERA_2,autofocus_points,and for this model how many auto focus points does it have,PRESENT_X,CAMERA_2,S_NOT_SURE,CAMERA_2,,I'm not really sure about that.,PRESENT_X,CAMERA_2,
508,17,CAMERA_2,"['CAMERA_3', 'CAMERA_2']","{'CAMERA_1': [], 'CAMERA_2': ['autofocus_points', 'color'], 'CAMERA_3': ['autofocus_points', 'sensor_size', 'preset_modes', 'camera_type', 'long_exposure', 'color', 'effects', 'ISO', 'weight', 'price', 'settings']}",C_QUESTION_ABOUT_FEATURE,CAMERA_2,color,what are the colors does it come in,PRESENT_X,CAMERA_2,S_ANSWERS_QUESTION_ABOUT_FEATURE,CAMERA_2,color,This one comes in white or pink.,PRESENT_X,CAMERA_2,18~31
508,18,CAMERA_1,"['CAMERA_3', 'CAMERA_2', 'CAMERA_1']","{'CAMERA_1': [], 'CAMERA_2': ['autofocus_points', 'color'], 'CAMERA_3': ['autofocus_points', 'sensor_size', 'preset_modes', 'camera_type', 'long_exposure', 'color', 'effects', 'ISO', 'weight', 'price', 'settings']}",C_ANYTHING_ELSE_AVAILABLE,CAMERA_2,NONE,Do you have other cameras that I could afford,PRESENT_X,CAMERA_2,S_INTRODUCES_CAMERA,CAMERA_1,,Let me show you this. Here we have the Sony PowerShot ELPH DMC-ZS3.,PRESENT_X,CAMERA_1,39~66
508,19,CAMERA_1,"['CAMERA_3', 'CAMERA_2', 'CAMERA_1']","{'CAMERA_1': ['resolution'], 'CAMERA_2': ['autofocus_points', 'color'], 'CAMERA_3': ['autofocus_points', 'sensor_size', 'preset_modes', 'camera_type', 'long_exposure', 'color', 'effects', 'ISO', 'weight', 'price', 'settings']}",C_QUESTION_ABOUT_FEATURE,CAMERA_1,resolution,how many megapixels is it,PRESENT_X,CAMERA_1,S_ANSWERS_QUESTION_ABOUT_FEATURE,CAMERA_1,resolution,This one has 17.8 megapixels resolution.,PRESENT_X,CAMERA_1,13~28
508,20,CAMERA_1,"['CAMERA_3', 'CAMERA_2', 'CAMERA_1']","{'CAMERA_1': ['resolution', 'color'], 'CAMERA_2': ['autofocus_points', 'color'], 'CAMERA_3': ['autofocus_points', 'sensor_size', 'preset_modes', 'camera_type', 'long_exposure', 'color', 'effects', 'ISO', 'weight', 'price', 'settings']}",C_SILENT_OR_BACKCHANNEL,CAMERA_1,NONE,ok,PRESENT_X,CAMERA_1,S_INTRODUCES_FEATURE,CAMERA_1,color,This one comes in blue or black.,PRESENT_X,CAMERA_1,18~31
508,21,CAMERA_1,"['CAMERA_3', 'CAMERA_2', 'CAMERA_1']","{'CAMERA_1': ['resolution', 'color', 'sensor_size'], 'CAMERA_2': ['autofocus_points', 'color'], 'CAMERA_3': ['autofocus_points', 'sensor_size', 'preset_modes', 'camera_type', 'long_exposure', 'color', 'effects', 'ISO', 'weight', 'price', 'settings']}",C_SILENT_OR_BACKCHANNEL,CAMERA_1,NONE,IC,PRESENT_X,CAMERA_1,S_INTRODUCES_FEATURE,CAMERA_1,sensor_size,This one has a 1/2.3 inch CMOS sensor.,PRESENT_X,CAMERA_1,15~37
508,22,CAMERA_1,"['CAMERA_3', 'CAMERA_2', 'CAMERA_1']","{'CAMERA_1': ['resolution', 'color', 'sensor_size', 'settings'], 'CAMERA_2': ['autofocus_points', 'color'], 'CAMERA_3': ['autofocus_points', 'sensor_size', 'preset_modes', 'camera_type', 'long_exposure', 'color', 'effects', 'ISO', 'weight', 'price', 'settings']}",C_SILENT_OR_BACKCHANNEL,CAMERA_1,NONE,hm,PRESENT_X,CAMERA_1,S_INTRODUCES_FEATURE,CAMERA_1,settings,This one has limited manual settings.,PRESENT_X,CAMERA_1,13~36
508,23,CAMERA_1,"['CAMERA_3', 'CAMERA_2', 'CAMERA_1']","{'CAMERA_1': ['resolution', 'color', 'sensor_size', 'settings', 'ISO'], 'CAMERA_2': ['autofocus_points', 'color'], 'CAMERA_3': ['autofocus_points', 'sensor_size', 'preset_modes', 'camera_type', 'long_exposure', 'color', 'effects', 'ISO', 'weight', 'price', 'settings']}",C_QUESTION_ABOUT_FEATURE,CAMERA_1,ISO,I see how high can the iso be,PRESENT_X,CAMERA_1,S_ANSWERS_QUESTION_ABOUT_FEATURE,CAMERA_1,ISO,This one has up to 51200 ISO.,PRESENT_X,CAMERA_1,13~28
508,24,CAMERA_1,"['CAMERA_3', 'CAMERA_2', 'CAMERA_1']","{'CAMERA_1': ['resolution', 'color', 'sensor_size', 'settings', 'ISO', 'preset_modes'], 'CAMERA_2': ['autofocus_points', 'color'], 'CAMERA_3': ['autofocus_points', 'sensor_size', 'preset_modes', 'camera_type', 'long_exposure', 'color', 'effects', 'ISO', 'weight', 'price', 'settings']}",C_QUESTION_ABOUT_FEATURE,CAMERA_1,preset_modes,does it have any preset mode ready to use,PRESENT_X,CAMERA_1,S_NOT_SURE,CAMERA_1,,I'm not really sure about that.,PRESENT_X,CAMERA_1,
508,25,CAMERA_1,"['CAMERA_3', 'CAMERA_2', 'CAMERA_1']","{'CAMERA_1': ['resolution', 'color', 'sensor_size', 'settings', 'ISO', 'preset_modes', 'optical_zoom'], 'CAMERA_2': ['autofocus_points', 'color'], 'CAMERA_3': ['autofocus_points', 'sensor_size', 'preset_modes', 'camera_type', 'long_exposure', 'color', 'effects', 'ISO', 'weight', 'price', 'settings']}",C_SILENT_OR_BACKCHANNEL,CAMERA_1,NONE,I'm looking at this dslr it looks pretty good,PRESENT_X,CAMERA_1,S_INTRODUCES_FEATURE,CAMERA_1,optical_zoom,This one has 21x optical zoom.,PRESENT_X,CAMERA_1,13~29
508,26,CAMERA_1,"['CAMERA_3', 'CAMERA_2', 'CAMERA_1']","{'CAMERA_1': ['resolution', 'color', 'sensor_size', 'settings', 'ISO', 'preset_modes', 'optical_zoom', 'price'], 'CAMERA_2': ['autofocus_points', 'color'], 'CAMERA_3': ['autofocus_points', 'sensor_size', 'preset_modes', 'camera_type', 'long_exposure', 'color', 'effects', 'ISO', 'weight', 'price', 'settings']}",C_QUESTION_ABOUT_FEATURE,CAMERA_1,price,looks kind of expensive,PRESENT_X,CAMERA_1,S_ANSWERS_QUESTION_ABOUT_FEATURE,CAMERA_1,price,This one costs $450.,PRESENT_X,CAMERA_1,15~19
508,27,,"['CAMERA_3', 'CAMERA_2', 'CAMERA_1']","{'CAMERA_1': ['resolution', 'color', 'sensor_size', 'settings', 'ISO', 'preset_modes', 'optical_zoom', 'price'], 'CAMERA_2': ['autofocus_points', 'color'], 'CAMERA_3': ['autofocus_points', 'sensor_size', 'preset_modes', 'camera_type', 'long_exposure', 'color', 'effects', 'ISO', 'weight', 'price', 'settings']}",C_ANYTHING_ELSE_AVAILABLE,CAMERA_1,NONE,maybe did you have a another camera you recommend,PRESENT_X,CAMERA_1,S_THATS_ALL_WE_HAVE_AVAILABLE,CAMERA_1,,That's all we have available at the moment.,PRESENT_X,CAMERA_1,
508,28,NONE,"['CAMERA_3', 'CAMERA_2', 'CAMERA_1']","{'CAMERA_1': ['resolution', 'color', 'sensor_size', 'settings', 'ISO', 'preset_modes', 'optical_zoom', 'price'], 'CAMERA_2': ['autofocus_points', 'color'], 'CAMERA_3': ['autofocus_points', 'sensor_size', 'preset_modes', 'camera_type', 'long_exposure', 'color', 'effects', 'ISO', 'weight', 'price', 'settings']}",C_THANK_YOU,CAMERA_1,NONE,okay thank you for time of your insides,PRESENT_X,CAMERA_1,S_THANK_YOU,CAMERA_1,NONE,thank you very much.,FACE_TO_FACE,NONE,
508,29,NONE,"['CAMERA_3', 'CAMERA_2', 'CAMERA_1']","{'CAMERA_1': ['resolution', 'color', 'sensor_size', 'settings', 'ISO', 'preset_modes', 'optical_zoom', 'price'], 'CAMERA_2': ['autofocus_points', 'color'], 'CAMERA_3': ['autofocus_points', 'sensor_size', 'preset_modes', 'camera_type', 'long_exposure', 'color', 'effects', 'ISO', 'weight', 'price', 'settings']}",C_LEAVES,DOOR,NONE,,FACE_TO_FACE,NONE,S_RETURNS_TO_COUNTER,SERVICE_COUNTER,NONE,,WAITING,NONE,
509,1,NONE,[],"{'CAMERA_1': [], 'CAMERA_2': [], 'CAMERA_3': []}",C_ENTERS,DOOR,NONE,,WAITING,NONE,S_NONE,SERVICE_COUNTER,NONE,,WAITING,NONE,
509,2,NONE,[],"{'CAMERA_1': [], 'CAMERA_2': [], 'CAMERA_3': []}",C_WALKS_TO_CAMERA,CAMERA_1,NONE,,WAITING,NONE,S_NONE,SERVICE_COUNTER,NONE,,WAITING,NONE,
509,3,CAMERA_1,['CAMERA_1'],"{'CAMERA_1': ['price'], 'CAMERA_2': [], 'CAMERA_3': []}",C_QUESTION_ABOUT_FEATURE,CAMERA_1,price,let me know how much this phone cost please,WAITING,NONE,S_ANSWERS_QUESTION_ABOUT_FEATURE,CAMERA_1,price,This one costs $450.,PRESENT_X,CAMERA_1,15~19
509,4,CAMERA_1,['CAMERA_1'],"{'CAMERA_1': ['price', 'color'], 'CAMERA_2': [], 'CAMERA_3': []}",C_SILENT_OR_BACKCHANNEL,CAMERA_1,NONE,oh that's not bad,PRESENT_X,CAMERA_1,S_INTRODUCES_FEATURE,CAMERA_1,color,This one comes in blue or black.,PRESENT_X,CAMERA_1,18~31
509,5,CAMERA_1,['CAMERA_1'],"{'CAMERA_1': ['price', 'color', 'optical_zoom'], 'CAMERA_2': [], 'CAMERA_3': []}",C_SILENT_OR_BACKCHANNEL,CAMERA_1,NONE,nice how much is a pricing,PRESENT_X,CAMERA_1,S_INTRODUCES_FEATURE,CAMERA_1,optical_zoom,This one has 21x optical zoom.,PRESENT_X,CAMERA_1,13~29
509,6,CAMERA_1,['CAMERA_1'],"{'CAMERA_1': ['price', 'color', 'optical_zoom', 'camera_type'], 'CAMERA_2': [], 'CAMERA_3': []}",C_QUESTION_ABOUT_FEATURE,CAMERA_1,camera_type,what kind of camera is this,PRESENT_X,CAMERA_1,S_ANSWERS_QUESTION_ABOUT_FEATURE,CAMERA_1,camera_type,This is a DSLR camera.,PRESENT_X,CAMERA_1,10~14
509,7,CAMERA_1,['CAMERA_1'],"{'CAMERA_1': ['price', 'color', 'optical_zoom', 'camera_type', 'settings'], 'CAMERA_2': [], 'CAMERA_3': []}",C_SILENT_OR_BACKCHANNEL,CAMERA_1,NONE,wow that's really interesting ,PRESENT_X,CAMERA_1,S_INTRODUCES_FEATURE,CAMERA_1,settings,This one has limited manual settings.,PRESENT_X,CAMERA_1,13~36
509,8,CAMERA_1,['CAMERA_1'],"{'CAMERA_1': ['price', 'color', 'optical_zoom', 'camera_type', 'settings', 'long_exposure'], 'CAMERA_2': [], 'CAMERA_3': []}",C_SILENT_OR_BACKCHANNEL,CAMERA_1,NONE,yes but it didn't take really nice pictures the detail was pretty bad and so was the colors,PRESENT_X,CAMERA_1,S_INTRODUCES_FEATURE,CAMERA_1,long_exposure,This one can take long exposures up to up to 15 seconds with Long Shutter Mode.,PRESENT_X,CAMERA_1,39~78
509,9,NONE,['CAMERA_1'],"{'CAMERA_1': ['price', 'color', 'optical_zoom', 'camera_type', 'settings', 'long_exposure'], 'CAMERA_2': [], 'CAMERA_3': []}",C_THANK_YOU,CAMERA_1,NONE,thank you very much,PRESENT_X,CAMERA_1,S_THANK_YOU,CAMERA_1,NONE,thank you very much.,FACE_TO_FACE,NONE,
509,10,NONE,['CAMERA_1'],"{'CAMERA_1': ['price', 'color', 'optical_zoom', 'camera_type', 'settings', 'long_exposure'], 'CAMERA_2': [], 'CAMERA_3': []}",C_LEAVES,DOOR,NONE,,FACE_TO_FACE,NONE,S_RETURNS_TO_COUNTER,SERVICE_COUNTER,NONE,,WAITING,NONE,
510,1,NONE,[],"{'CAMERA_1': [], 'CAMERA_2': [], 'CAMERA_3': []}",C_ENTERS,DOOR,NONE,,WAITING,NONE,S_NONE,SERVICE_COUNTER,NONE,,WAITING,NONE,
510,2,NONE,[],"{'CAMERA_1': [], 'CAMERA_2': [], 'CAMERA_3': []}",C_GREETS,MIDDLE,NONE,excuse me is this ok if I pick this camera up ,WAITING,NONE,S_GREETS,MIDDLE,NONE,can I help you?,FACE_TO_FACE,NONE,
510,3,CAMERA_1,['CAMERA_1'],"{'CAMERA_1': [], 'CAMERA_2': [], 'CAMERA_3': []}",C_LOOKING_FOR_A_CAMERA,MIDDLE,NONE,hydro afternoon I'm looking to buy a camera I just said I'm not really familiar with,FACE_TO_FACE,NONE,S_INTRODUCES_CAMERA,CAMERA_1,,Let me show you this. Here we have the Sony PowerShot ELPH DMC-ZS3.,PRESENT_X,CAMERA_1,39~66
510,4,CAMERA_1,['CAMERA_1'],"{'CAMERA_1': ['preset_modes'], 'CAMERA_2': [], 'CAMERA_3': []}",C_QUESTION_ABOUT_FEATURE,CAMERA_1,preset_modes,and it has bulb mode right,PRESENT_X,CAMERA_1,S_NOT_SURE,CAMERA_1,,I'm not really sure about that.,PRESENT_X,CAMERA_1,
510,5,CAMERA_1,['CAMERA_1'],"{'CAMERA_1': ['preset_modes', 'camera_type'], 'CAMERA_2': [], 'CAMERA_3': []}",C_SILENT_OR_BACKCHANNEL,CAMERA_1,NONE,IC,PRESENT_X,CAMERA_1,S_INTRODUCES_FEATURE,CAMERA_1,camera_type,This is a DSLR camera.,PRESENT_X,CAMERA_1,10~14
510,6,CAMERA_1,['CAMERA_1'],"{'CAMERA_1': ['preset_modes', 'camera_type', 'sensor_size'], 'CAMERA_2': [], 'CAMERA_3': []}",C_SILENT_OR_BACKCHANNEL,CAMERA_1,NONE,okay let me see,PRESENT_X,CAMERA_1,S_INTRODUCES_FEATURE,CAMERA_1,sensor_size,This one has a 1/2.3 inch CMOS sensor.,PRESENT_X,CAMERA_1,15~37
510,7,CAMERA_1,['CAMERA_1'],"{'CAMERA_1': ['preset_modes', 'camera_type', 'sensor_size', 'long_exposure'], 'CAMERA_2': [], 'CAMERA_3': []}",C_QUESTION_ABOUT_FEATURE,CAMERA_1,long_exposure,what's the long exposure,PRESENT_X,CAMERA_1,S_ANSWERS_QUESTION_ABOUT_FEATURE,CAMERA_1,long_exposure,This one can take long exposures up to up to 15 seconds with Long Shutter Mode.,PRESENT_X,CAMERA_1,39~78
510,8,CAMERA_1,['CAMERA_1'],"{'CAMERA_1': ['preset_modes', 'camera_type', 'sensor_size', 'long_exposure', 'ISO'], 'CAMERA_2': [], 'CAMERA_3': []}",C_SILENT_OR_BACKCHANNEL,CAMERA_1,NONE,I got great that's brilliant,PRESENT_X,CAMERA_1,S_INTRODUCES_FEATURE,CAMERA_1,ISO,This one has up to 51200 ISO.,PRESENT_X,CAMERA_1,13~28
510,9,CAMERA_1,['CAMERA_1'],"{'CAMERA_1': ['preset_modes', 'camera_type', 'sensor_size', 'long_exposure', 'ISO', 'resolution'], 'CAMERA_2': [], 'CAMERA_3': []}",C_SILENT_OR_BACKCHANNEL,CAMERA_1,NONE,IC,PRESENT_X,CAMERA_1,S_INTRODUCES_FEATURE,CAMERA_1,resolution,This one has 17.8 megapixels resolution.,PRESENT_X,CAMERA_1,13~28
510,10,CAMERA_1,['CAMERA_1'],"{'CAMERA_1': ['preset_modes', 'camera_type', 'sensor_size', 'long_exposure', 'ISO', 'resolution', 'weight'], 'CAMERA_2': [], 'CAMERA_3': []}",C_SILENT_OR_BACKCHANNEL,CAMERA_1,NONE,okay that sounds good,PRESENT_X,CAMERA_1,S_INTRODUCES_FEATURE,CAMERA_1,weight,This one weighs 800 grams.,PRESENT_X,CAMERA_1,16~25
510,11,CAMERA_1,['CAMERA_1'],"{'CAMERA_1': ['preset_modes', 'camera_type', 'sensor_size', 'long_exposure', 'ISO', 'resolution', 'weight', 'color'], 'CAMERA_2': [], 'CAMERA_3': []}",C_QUESTION_ABOUT_FEATURE,CAMERA_1,color,what color do you have,PRESENT_X,CAMERA_1,S_ANSWERS_QUESTION_ABOUT_FEATURE,CAMERA_1,color,This one comes in blue or black.,PRESENT_X,CAMERA_1,18~31
510,12,NONE,['CAMERA_1'],"{'CAMERA_1': ['preset_modes', 'camera_type', 'sensor_size', 'long_exposure', 'ISO', 'resolution', 'weight', 'color'], 'CAMERA_2': [], 'CAMERA_3': []}",C_THANK_YOU,CAMERA_1,NONE,thank you for your time,PRESENT_X,CAMERA_1,S_THANK_YOU,CAMERA_1,NONE,thank you very much.,FACE_TO_FACE,NONE,
510,13,NONE,['CAMERA_1'],"{'CAMERA_1': ['preset_modes', 'camera_type', 'sensor_size', 'long_exposure', 'ISO', 'resolution', 'weight', 'color'], 'CAMERA_2': [], 'CAMERA_3': []}",C_LEAVES,DOOR,NONE,,FACE_TO_FACE,NONE,S_RETURNS_TO_COUNTER,SERVICE_COUNTER,NONE,,WAITING,NONE,
511,1,NONE,[],"{'CAMERA_1': [], 'CAMERA_2': [], 'CAMERA_3': []}",C_ENTERS,DOOR,NONE,,WAITING,NONE,S_NONE,SERVICE_COUNTER,NONE,,WAITING,NONE,
511,2,NONE,[],"{'CAMERA_1': [], 'CAMERA_2': [], 'CAMERA_3': []}",C_GREETS,MIDDLE,NONE,hi can I ask something,WAITING,NONE,S_GREETS,MIDDLE,NONE,can I help you?,FACE_TO_FACE,NONE,
511,3,CAMERA_2,['CAMERA_2'],"{'CAMERA_1': [], 'CAMERA_2': [], 'CAMERA_3': []}",C_LOOKING_FOR_A_CAMERA,MIDDLE,NONE,yeah I'm looking for a camera something a little bit trendy,FACE_TO_FACE,NONE,S_INTRODUCES_CAMERA,CAMERA_2,,Let me show you this. Here we have the Fujifilm Lumix ILC Camera.,PRESENT_X,CAMERA_2,39~64
511,4,CAMERA_2,['CAMERA_2'],"{'CAMERA_1': [], 'CAMERA_2': ['settings'], 'CAMERA_3': []}",C_QUESTION_ABOUT_FEATURE,CAMERA_2,settings,and where about the manual setting,PRESENT_X,CAMERA_2,S_ANSWERS_QUESTION_ABOUT_FEATURE,CAMERA_2,settings,"This one has manual control and various automatic settings (video modeburst shooting, etc.).",PRESENT_X,CAMERA_2,13~91
511,5,CAMERA_2,['CAMERA_2'],"{'CAMERA_1': [], 'CAMERA_2': ['settings', 'preset_modes'], 'CAMERA_3': []}",C_QUESTION_ABOUT_FEATURE,CAMERA_2,preset_modes,does this camera also have bulb mode,PRESENT_X,CAMERA_2,S_NOT_SURE,CAMERA_2,,I'm not really sure about that.,PRESENT_X,CAMERA_2,
511,6,CAMERA_2,['CAMERA_2'],"{'CAMERA_1': [], 'CAMERA_2': ['settings', 'preset_modes', 'color'], 'CAMERA_3': []}",C_SILENT_OR_BACKCHANNEL,CAMERA_2,NONE,IC,PRESENT_X,CAMERA_2,S_INTRODUCES_FEATURE,CAMERA_2,color,This one comes in white or pink.,PRESENT_X,CAMERA_2,18~31
511,7,CAMERA_2,['CAMERA_2'],"{'CAMERA_1': [], 'CAMERA_2': ['settings', 'preset_modes', 'color', 'resolution'], 'CAMERA_3': []}",C_QUESTION_ABOUT_FEATURE,CAMERA_2,resolution,how many megapixels is this camera,PRESENT_X,CAMERA_2,S_ANSWERS_QUESTION_ABOUT_FEATURE,CAMERA_2,resolution,This one has 23.8 megapixels resolution.,PRESENT_X,CAMERA_2,13~28
511,8,NONE,['CAMERA_2'],"{'CAMERA_1': [], 'CAMERA_2': ['settings', 'preset_modes', 'color', 'resolution'], 'CAMERA_3': []}",C_THANK_YOU,CAMERA_2,NONE,thanks,PRESENT_X,CAMERA_2,S_THANK_YOU,CAMERA_2,NONE,thank you very much.,FACE_TO_FACE,NONE,
511,9,NONE,['CAMERA_2'],"{'CAMERA_1': [], 'CAMERA_2': ['settings', 'preset_modes', 'color', 'resolution'], 'CAMERA_3': []}",C_LEAVES,DOOR,NONE,,FACE_TO_FACE,NONE,S_RETURNS_TO_COUNTER,SERVICE_COUNTER,NONE,,WAITING,NONE,
512,1,NONE,[],"{'CAMERA_1': [], 'CAMERA_2': [], 'CAMERA_3': []}",C_ENTERS,DOOR,NONE,,WAITING,NONE,S_NONE,SERVICE_COUNTER,NONE,,WAITING,NONE,
512,2,NONE,[],"{'CAMERA_1': [], 'CAMERA_2': [], 'CAMERA_3': []}",C_GREETS,MIDDLE,NONE,excuse me,WAITING,NONE,S_GREETS,MIDDLE,NONE,can I help you?,FACE_TO_FACE,NONE,
512,3,CAMERA_2,['CAMERA_2'],"{'CAMERA_1': [], 'CAMERA_2': [], 'CAMERA_3': []}",C_LOOKING_FOR_A_CAMERA,MIDDLE,NONE,I have a smartphone but I'm not smart enough to use it,FACE_TO_FACE,NONE,S_INTRODUCES_CAMERA,CAMERA_2,,Let me show you this. Here we have the Fujifilm Lumix ILC Camera.,PRESENT_X,CAMERA_2,39~64
512,4,CAMERA_2,['CAMERA_2'],"{'CAMERA_1': [], 'CAMERA_2': ['long_exposure'], 'CAMERA_3': []}",C_QUESTION_ABOUT_FEATURE,CAMERA_2,long_exposure,when and how much does the or what is the long exposure on this,PRESENT_X,CAMERA_2,S_ANSWERS_QUESTION_ABOUT_FEATURE,CAMERA_2,long_exposure,This one can take long exposures up to 60 minutes max with bulb mode.,PRESENT_X,CAMERA_2,39~68
512,5,CAMERA_1,"['CAMERA_2', 'CAMERA_1']","{'CAMERA_1': [], 'CAMERA_2': ['long_exposure'], 'CAMERA_3': []}",C_ANYTHING_ELSE_AVAILABLE,CAMERA_2,NONE,do you have any other cameras like this,PRESENT_X,CAMERA_2,S_INTRODUCES_CAMERA,CAMERA_1,,Let me show you this. Here we have the Sony PowerShot ELPH DMC-ZS3.,PRESENT_X,CAMERA_1,39~66
512,6,CAMERA_1,"['CAMERA_2', 'CAMERA_1']","{'CAMERA_1': ['effects'], 'CAMERA_2': ['long_exposure'], 'CAMERA_3': []}",C_QUESTION_ABOUT_FEATURE,CAMERA_1,effects,what's the artistic effect mode,PRESENT_X,CAMERA_1,S_ANSWERS_QUESTION_ABOUT_FEATURE,CAMERA_1,effects,"This one has 24 glamor retouch effects (miniature, retro, toy camera, etc.).",PRESENT_X,CAMERA_1,13~75
512,7,CAMERA_1,"['CAMERA_2', 'CAMERA_1']","{'CAMERA_1': ['effects', 'weight'], 'CAMERA_2': ['long_exposure'], 'CAMERA_3': []}",C_SILENT_OR_BACKCHANNEL,CAMERA_1,NONE,Wow cheap,PRESENT_X,CAMERA_1,S_INTRODUCES_FEATURE,CAMERA_1,weight,This one weighs 800 grams.,PRESENT_X,CAMERA_1,16~25
512,8,NONE,"['CAMERA_2', 'CAMERA_1']","{'CAMERA_1': ['effects', 'weight'], 'CAMERA_2': ['long_exposure'], 'CAMERA_3': []}",C_THANK_YOU,CAMERA_1,NONE,thank you so much,PRESENT_X,CAMERA_1,S_THANK_YOU,CAMERA_1,NONE,thank you very much.,FACE_TO_FACE,NONE,
512,9,NONE,"['CAMERA_2', 'CAMERA_1']","{'CAMERA_1': ['effects', 'weight'], 'CAMERA_2': ['long_exposure'], 'CAMERA_3': []}",C_LEAVES,DOOR,NONE,,FACE_TO_FACE,NONE,S_RETURNS_TO_COUNTER,SERVICE_COUNTER,NONE,,WAITING,NONE,
513,1,NONE,[],"{'CAMERA_1': [], 'CAMERA_2': [], 'CAMERA_3': []}",C_ENTERS,DOOR,NONE,,WAITING,NONE,S_NONE,SERVICE_COUNTER,NONE,,WAITING,NONE,
513,2,NONE,[],"{'CAMERA_1': [], 'CAMERA_2': [], 'CAMERA_3': []}",C_GREETS,MIDDLE,NONE,sorry I have another question,WAITING,NONE,S_GREETS,MIDDLE,NONE,can I help you?,FACE_TO_FACE,NONE,
513,3,CAMERA_1,['CAMERA_1'],"{'CAMERA_1': [], 'CAMERA_2': [], 'CAMERA_3': []}",C_LOOKING_FOR_A_CAMERA,MIDDLE,NONE,hi i am looking for a camera,FACE_TO_FACE,NONE,S_INTRODUCES_CAMERA,CAMERA_1,,Let me show you this. Here we have the Sony PowerShot ELPH DMC-ZS3.,PRESENT_X,CAMERA_1,39~66
513,4,CAMERA_1,['CAMERA_1'],"{'CAMERA_1': ['weight'], 'CAMERA_2': [], 'CAMERA_3': []}",C_QUESTION_ABOUT_FEATURE,CAMERA_1,weight,the weight,PRESENT_X,CAMERA_1,S_ANSWERS_QUESTION_ABOUT_FEATURE,CAMERA_1,weight,This one weighs 800 grams.,PRESENT_X,CAMERA_1,16~25
513,5,CAMERA_1,['CAMERA_1'],"{'CAMERA_1': ['weight', 'effects'], 'CAMERA_2': [], 'CAMERA_3': []}",C_QUESTION_ABOUT_FEATURE,CAMERA_1,effects,and how does the artistic effect Mode work,PRESENT_X,CAMERA_1,S_ANSWERS_QUESTION_ABOUT_FEATURE,CAMERA_1,effects,"This one has 24 glamor retouch effects (miniature, retro, toy camera, etc.).",PRESENT_X,CAMERA_1,13~75
513,6,CAMERA_1,['CAMERA_1'],"{'CAMERA_1': ['weight', 'effects', 'autofocus_points'], 'CAMERA_2': [], 'CAMERA_3': []}",C_SILENT_OR_BACKCHANNEL,CAMERA_1,NONE,okay good,PRESENT_X,CAMERA_1,S_INTRODUCES_FEATURE,CAMERA_1,autofocus_points,This one has 135 autofocus points.,PRESENT_X,CAMERA_1,13~33
513,7,CAMERA_1,['CAMERA_1'],"{'CAMERA_1': ['weight', 'effects', 'autofocus_points', 'settings'], 'CAMERA_2': [], 'CAMERA_3': []}",C_SILENT_OR_BACKCHANNEL,CAMERA_1,NONE,oh this is nice but we have any medicine color,PRESENT_X,CAMERA_1,S_INTRODUCES_FEATURE,CAMERA_1,settings,This one has limited manual settings.,PRESENT_X,CAMERA_1,13~36
513,8,CAMERA_1,['CAMERA_1'],"{'CAMERA_1': ['weight', 'effects', 'autofocus_points', 'settings', 'color'], 'CAMERA_2': [], 'CAMERA_3': []}",C_SILENT_OR_BACKCHANNEL,CAMERA_1,NONE,that sounds good,PRESENT_X,CAMERA_1,S_INTRODUCES_FEATURE,CAMERA_1,color,This one comes in blue or black.,PRESENT_X,CAMERA_1,18~31
513,9,CAMERA_1,['CAMERA_1'],"{'CAMERA_1': ['weight', 'effects', 'autofocus_points', 'settings', 'color', 'camera_type'], 'CAMERA_2': [], 'CAMERA_3': []}",C_QUESTION_ABOUT_FEATURE,CAMERA_1,camera_type,what kind of camera is this,PRESENT_X,CAMERA_1,S_ANSWERS_QUESTION_ABOUT_FEATURE,CAMERA_1,camera_type,This is a DSLR camera.,PRESENT_X,CAMERA_1,10~14
513,10,CAMERA_1,['CAMERA_1'],"{'CAMERA_1': ['weight', 'effects', 'autofocus_points', 'settings', 'color', 'camera_type', 'ISO'], 'CAMERA_2': [], 'CAMERA_3': []}",C_QUESTION_ABOUT_FEATURE,CAMERA_1,ISO,is this camera able to shoot in high iso,PRESENT_X,CAMERA_1,S_ANSWERS_QUESTION_ABOUT_FEATURE,CAMERA_1,ISO,This one has up to 51200 ISO.,PRESENT_X,CAMERA_1,13~28
513,11,CAMERA_3,"['CAMERA_1', 'CAMERA_3']","{'CAMERA_1': ['weight', 'effects', 'autofocus_points', 'settings', 'color', 'camera_type', 'ISO'], 'CAMERA_2': [], 'CAMERA_3': []}",C_ANYTHING_ELSE_AVAILABLE,CAMERA_1,NONE,oh I see that's very interesting do you have any other cameras that you can recommend me,PRESENT_X,CAMERA_1,S_INTRODUCES_CAMERA,CAMERA_3,,Let me show you this. Here we have the Fujifilm PowerShot ELPH S2800.,PRESENT_X,CAMERA_3,39~68
513,12,CAMERA_3,"['CAMERA_1', 'CAMERA_3']","{'CAMERA_1': ['weight', 'effects', 'autofocus_points', 'settings', 'color', 'camera_type', 'ISO'], 'CAMERA_2': [], 'CAMERA_3': ['preset_modes']}",C_SILENT_OR_BACKCHANNEL,CAMERA_3,NONE,sounds great I'll take one of them with me,PRESENT_X,CAMERA_3,S_INTRODUCES_FEATURE,CAMERA_3,preset_modes,This one has various preset modes.,PRESENT_X,CAMERA_3,13~33
513,13,CAMERA_3,"['CAMERA_1', 'CAMERA_3']","{'CAMERA_1': ['weight', 'effects', 'autofocus_points', 'settings', 'color', 'camera_type', 'ISO'], 'CAMERA_2': [], 'CAMERA_3': ['preset_modes', 'price']}",C_SILENT_OR_BACKCHANNEL,CAMERA_3,NONE,okay,PRESENT_X,CAMERA_3,S_INTRODUCES_FEATURE,CAMERA_3,price,This one costs $518.,PRESENT_X,CAMERA_3,15~19
513,14,NONE,"['CAMERA_1', 'CAMERA_3']","{'CAMERA_1': ['weight', 'effects', 'autofocus_points', 'settings', 'color', 'camera_type', 'ISO'], 'CAMERA_2': [], 'CAMERA_3': ['preset_modes', 'price']}",C_THANK_YOU,CAMERA_3,NONE,okay thank you,PRESENT_X,CAMERA_3,S_THANK_YOU,CAMERA_3,NONE,thank you very much.,FACE_TO_FACE,NONE,
513,15,NONE,"['CAMERA_1', 'CAMERA_3']","{'CAMERA_1': ['weight', 'effects', 'autofocus_points', 'settings', 'color', 'camera_type', 'ISO'], 'CAMERA_2': [], 'CAMERA_3': ['preset_modes', 'price']}",C_LEAVES,DOOR,NONE,,FACE_TO_FACE,NONE,S_RETURNS_TO_COUNTER,SERVICE_COUNTER,NONE,,WAITING,NONE,
514,1,NONE,[],"{'CAMERA_1': [], 'CAMERA_2': [], 'CAMERA_3': []}",C_ENTERS,DOOR,NONE,,WAITING,NONE,S_NONE,SERVICE_COUNTER,NONE,,WAITING,NONE,
514,2,NONE,[],"{'CAMERA_1': [], 'CAMERA_2': [], 'CAMERA_3': []}",C_GREETS,MIDDLE,NONE,hi there,WAITING,NONE,S_GREETS,MIDDLE,NONE,can I help you?,FACE_TO_FACE,NONE,
514,3,CAMERA_3,['CAMERA_3'],"{'CAMERA_1': [], 'CAMERA_2': [], 'CAMERA_3': []}",C_LOOKING_FOR_A_CAMERA,MIDDLE,NONE,you know I want a good camera can you suggest me,FACE_TO_FACE,NONE,S_INTRODUCES_CAMERA,CAMERA_3,,Let me show you this. Here we have the Fujifilm PowerShot ELPH S2800.,PRESENT_X,CAMERA_3,39~68
514,4,CAMERA_3,['CAMERA_3'],"{'CAMERA_1': [], 'CAMERA_2': [], 'CAMERA_3': ['sensor_size']}",C_SILENT_OR_BACKCHANNEL,CAMERA_3,NONE,IC,PRESENT_X,CAMERA_3,S_INTRODUCES_FEATURE,CAMERA_3,sensor_size,This one has a full frame.,PRESENT_X,CAMERA_3,15~25
514,5,CAMERA_3,['CAMERA_3'],"{'CAMERA_1': [], 'CAMERA_2': [], 'CAMERA_3': ['sensor_size', 'ISO']}",C_QUESTION_ABOUT_FEATURE,CAMERA_3,ISO,and how does the iso compared with the cannon,PRESENT_X,CAMERA_3,S_ANSWERS_QUESTION_ABOUT_FEATURE,CAMERA_3,ISO,This one has up to 3200 ISO with little noise.,PRESENT_X,CAMERA_3,13~45
514,6,CAMERA_3,['CAMERA_3'],"{'CAMERA_1': [], 'CAMERA_2': [], 'CAMERA_3': ['sensor_size', 'ISO', 'camera_type']}",C_QUESTION_ABOUT_FEATURE,CAMERA_3,camera_type,is this a point and shoot camera,PRESENT_X,CAMERA_3,S_ANSWERS_QUESTION_ABOUT_FEATURE,CAMERA_3,camera_type,This is a point and shoot camera.,PRESENT_X,CAMERA_3,10~25
514,7,NONE,['CAMERA_3'],"{'CAMERA_1': [], 'CAMERA_2': [], 'CAMERA_3': ['sensor_size', 'ISO', 'camera_type']}",C_THANK_YOU,CAMERA_3,NONE,I will think about this thank you,PRESENT_X,CAMERA_3,S_THANK_YOU,CAMERA_3,NONE,thank you very much.,FACE_TO_FACE,NONE,
514,8,NONE,['CAMERA_3'],"{'CAMERA_1': [], 'CAMERA_2': [], 'CAMERA_3': ['sensor_size', 'ISO', 'camera_type']}",C_LEAVES,DOOR,NONE,,FACE_TO_FACE,NONE,S_RETURNS_TO_COUNTER,SERVICE_COUNTER,NONE,,WAITING,NONE,
515,1,NONE,[],"{'CAMERA_1': [], 'CAMERA_2': [], 'CAMERA_3': []}",C_ENTERS,DOOR,NONE,,WAITING,NONE,S_NONE,SERVICE_COUNTER,NONE,,WAITING,NONE,
515,2,NONE,[],"{'CAMERA_1': [], 'CAMERA_2': [], 'CAMERA_3': []}",C_GREETS,MIDDLE,NONE,excuse me sir can you help me,WAITING,NONE,S_GREETS,MIDDLE,NONE,can I help you?,FACE_TO_FACE,NONE,
515,3,CAMERA_1,['CAMERA_1'],"{'CAMERA_1': [], 'CAMERA_2': [], 'CAMERA_3': []}",C_LOOKING_FOR_A_CAMERA,MIDDLE,NONE,excuse me I'm looking for a professional camera,FACE_TO_FACE,NONE,S_INTRODUCES_CAMERA,CAMERA_1,,Let me show you this. Here we have the Sony PowerShot ELPH DMC-ZS3.,PRESENT_X,CAMERA_1,39~66
515,4,CAMERA_1,['CAMERA_1'],"{'CAMERA_1': ['color'], 'CAMERA_2': [], 'CAMERA_3': []}",C_QUESTION_ABOUT_FEATURE,CAMERA_1,color,does it come any in any other colors,PRESENT_X,CAMERA_1,S_ANSWERS_QUESTION_ABOUT_FEATURE,CAMERA_1,color,This one comes in blue or black.,PRESENT_X,CAMERA_1,18~31
515,5,CAMERA_1,['CAMERA_1'],"{'CAMERA_1': ['color', 'ISO'], 'CAMERA_2': [], 'CAMERA_3': []}",C_QUESTION_ABOUT_FEATURE,CAMERA_1,ISO,how high can I set the ISO,PRESENT_X,CAMERA_1,S_ANSWERS_QUESTION_ABOUT_FEATURE,CAMERA_1,ISO,This one has up to 51200 ISO.,PRESENT_X,CAMERA_1,13~28
515,6,CAMERA_1,['CAMERA_1'],"{'CAMERA_1': ['color', 'ISO', 'weight'], 'CAMERA_2': [], 'CAMERA_3': []}",C_QUESTION_ABOUT_FEATURE,CAMERA_1,weight,OK and how much does it weigh,PRESENT_X,CAMERA_1,S_ANSWERS_QUESTION_ABOUT_FEATURE,CAMERA_1,weight,This one weighs 800 grams.,PRESENT_X,CAMERA_1,16~25
515,7,CAMERA_2,"['CAMERA_1', 'CAMERA_2']","{'CAMERA_1': ['color', 'ISO', 'weight'], 'CAMERA_2': [], 'CAMERA_3': []}",C_ANYTHING_ELSE_AVAILABLE,CAMERA_1,NONE,Do you have any other cameras under $300,PRESENT_X,CAMERA_1,S_INTRODUCES_CAMERA,CAMERA_2,,Let me show you this. Here we have the Fujifilm Lumix ILC Camera.,PRESENT_X,CAMERA_2,39~64
515,8,CAMERA_2,"['CAMERA_1', 'CAMERA_2']","{'CAMERA_1': ['color', 'ISO', 'weight'], 'CAMERA_2': ['long_exposure'], 'CAMERA_3': []}",C_QUESTION_ABOUT_FEATURE,CAMERA_2,long_exposure,is the exposure any good,PRESENT_X,CAMERA_2,S_ANSWERS_QUESTION_ABOUT_FEATURE,CAMERA_2,long_exposure,This one can take long exposures up to 60 minutes max with bulb mode.,PRESENT_X,CAMERA_2,39~68
515,9,CAMERA_2,"['CAMERA_1', 'CAMERA_2']","{'CAMERA_1': ['color', 'ISO', 'weight'], 'CAMERA_2': ['long_exposure', 'resolution'], 'CAMERA_3': []}",C_QUESTION_ABOUT_FEATURE,CAMERA_2,resolution,what is the resolution,PRESENT_X,CAMERA_2,S_ANSWERS_QUESTION_ABOUT_FEATURE,CAMERA_2,resolution,This one has 23.8 megapixels resolution.,PRESENT_X,CAMERA_2,13~28
515,10,CAMERA_2,"['CAMERA_1', 'CAMERA_2']","{'CAMERA_1': ['color', 'ISO', 'weight'], 'CAMERA_2': ['long_exposure', 'resolution', 'optical_zoom'], 'CAMERA_3': []}",C_SILENT_OR_BACKCHANNEL,CAMERA_2,NONE,wow this is nice,PRESENT_X,CAMERA_2,S_INTRODUCES_FEATURE,CAMERA_2,optical_zoom,This one has 21x optical zoom.,PRESENT_X,CAMERA_2,13~29
515,11,CAMERA_2,"['CAMERA_1', 'CAMERA_2']","{'CAMERA_1': ['color', 'ISO', 'weight'], 'CAMERA_2': ['long_exposure', 'resolution', 'optical_zoom', 'weight'], 'CAMERA_3': []}",C_QUESTION_ABOUT_FEATURE,CAMERA_2,weight,that's wonderful and what about the weight,PRESENT_X,CAMERA_2,S_ANSWERS_QUESTION_ABOUT_FEATURE,CAMERA_2,weight,This one weighs 820 grams.,PRESENT_X,CAMERA_2,16~25
515,12,CAMERA_2,"['CAMERA_1', 'CAMERA_2']","{'CAMERA_1': ['color', 'ISO', 'weight'], 'CAMERA_2': ['long_exposure', 'resolution', 'optical_zoom', 'weight', 'settings'], 'CAMERA_3': []}",C_QUESTION_ABOUT_FEATURE,CAMERA_2,settings,sounds good what about the manual settings,PRESENT_X,CAMERA_2,S_ANSWERS_QUESTION_ABOUT_FEATURE,CAMERA_2,settings,"This one has manual control and various automatic settings (video modeburst shooting, etc.).",PRESENT_X,CAMERA_2,13~91
515,13,CAMERA_2,"['CAMERA_1', 'CAMERA_2']","{'CAMERA_1': ['color', 'ISO', 'weight'], 'CAMERA_2': ['long_exposure', 'resolution', 'optical_zoom', 'weight', 'settings', 'camera_type'], 'CAMERA_3': []}",C_QUESTION_ABOUT_FEATURE,CAMERA_2,camera_type,is this a DSLR camera,PRESENT_X,CAMERA_2,S_ANSWERS_QUESTION_ABOUT_FEATURE,CAMERA_2,camera_type,This is a digital single lens mirrorless camera.,PRESENT_X,CAMERA_2,10~40
515,14,CAMERA_2,"['CAMERA_1', 'CAMERA_2']","{'CAMERA_1': ['color', 'ISO', 'weight'], 'CAMERA_2': ['long_exposure', 'resolution', 'optical_zoom', 'weight', 'settings', 'camera_type', 'price'], 'CAMERA_3': []}",C_QUESTION_ABOUT_FEATURE,CAMERA_2,price,umpire me know how much is this camera ,PRESENT_X,CAMERA_2,S_ANSWERS_QUESTION_ABOUT_FEATURE,CAMERA_2,price,This one costs $768.,PRESENT_X,CAMERA_2,15~19
515,15,CAMERA_2,"['CAMERA_1', 'CAMERA_2']","{'CAMERA_1': ['color', 'ISO', 'weight'], 'CAMERA_2': ['long_exposure', 'resolution', 'optical_zoom', 'weight', 'settings', 'camera_type', 'price', 'sensor_size'], 'CAMERA_3': []}",C_SILENT_OR_BACKCHANNEL,CAMERA_2,NONE,this camera sounds pretty good,PRESENT_X,CAMERA_2,S_INTRODUCES_FEATURE,CAMERA_2,sensor_size,This one has a 1/2.33 inch sensor.,PRESENT_X,CAMERA_2,15~33
515,16,CAMERA_2,"['CAMERA_1', 'CAMERA_2']","{'CAMERA_1': ['color', 'ISO', 'weight'], 'CAMERA_2': ['long_exposure', 'resolution', 'optical_zoom', 'weight', 'settings', 'camera_type', 'price', 'sensor_size', 'color'], 'CAMERA_3': []}",C_SILENT_OR_BACKCHANNEL,CAMERA_2,NONE,ok,PRESENT_X,CAMERA_2,S_INTRODUCES_FEATURE,CAMERA_2,color,This one comes in white or pink.,PRESENT_X,CAMERA_2,18~31
515,17,CAMERA_2,"['CAMERA_1', 'CAMERA_2']","{'CAMERA_1': ['color', 'ISO', 'weight'], 'CAMERA_2': ['long_exposure', 'resolution', 'optical_zoom', 'weight', 'settings', 'camera_type', 'price', 'sensor_size', 'color', 'effects'], 'CAMERA_3': []}",C_QUESTION_ABOUT_FEATURE,CAMERA_2,effects,what's the artistic effect mode,PRESENT_X,CAMERA_2,S_ANSWERS_QUESTION_ABOUT_FEATURE,CAMERA_2,effects,"This one has 24 artistic effect modes (retro, lighter or darker skin tones, sepia, etc.).",PRESENT_X,CAMERA_2,13~88
515,18,CAMERA_2,"['CAMERA_1', 'CAMERA_2']","{'CAMERA_1': ['color', 'ISO', 'weight'], 'CAMERA_2': ['long_exposure', 'resolution', 'optical_zoom', 'weight', 'settings', 'camera_type', 'price', 'sensor_size', 'color', 'effects', 'ISO'], 'CAMERA_3': []}",C_QUESTION_ABOUT_FEATURE,CAMERA_2,ISO,what about the iso what is ISO anything,PRESENT_X,CAMERA_2,S_NOT_SURE,CAMERA_2,,I'm not really sure about that.,PRESENT_X,CAMERA_2,
515,19,CAMERA_2,"['CAMERA_1', 'CAMERA_2']","{'CAMERA_1': ['color', 'ISO', 'weight'], 'CAMERA_2': ['long_exposure', 'resolution', 'optical_zoom', 'weight', 'settings', 'camera_type', 'price', 'sensor_size', 'color', 'effects', 'ISO', 'preset_modes'], 'CAMERA_3': []}",C_QUESTION_ABOUT_FEATURE,CAMERA_2,preset_modes,Is this support preset mode,PRESENT_X,CAMERA_2,S_NOT_SURE,CAMERA_2,,I'm not really sure about that.,PRESENT_X,CAMERA_2,
515,20,CAMERA_2,"['CAMERA_1', 'CAMERA_2']","{'CAMERA_1': ['color', 'ISO', 'weight'], 'CAMERA_2': ['long_exposure', 'resolution', 'optical_zoom', 'weight', 'settings', 'camera_type', 'price', 'sensor_size', 'color', 'effects', 'ISO', 'preset_modes', 'autofocus_points'], 'CAMERA_3': []}",C_QUESTION_ABOUT_FEATURE,CAMERA_2,autofocus_points,and the autofocus points,PRESENT_X,CAMERA_2,S_NOT_SURE,CAMERA_2,,I'm not really sure about that.,PRESENT_X,CAMERA_2,
515,21,CAMERA_2,"['CAMERA_1', 'CAMERA_2']","{'CAMERA_1': ['color', 'ISO', 'weight'], 'CAMERA_2': ['long_exposure', 'resolution', 'optical_zoom', 'weight', 'settings', 'camera_type', 'price', 'sensor_size', 'color', 'effects', 'ISO', 'preset_modes', 'autofocus_points', 'optical_zoom'], 'CAMERA_3': []}",C_QUESTION_ABOUT_FEATURE,CAMERA_2,optical_zoom,how about the ability of fight for the zoom how much is optical zoom for this camera,PRESENT_X,CAMERA_2,S_ANSWERS_QUESTION_ABOUT_FEATURE,CAMERA_2,optical_zoom,This one has 21x optical zoom.,PRESENT_X,CAMERA_2,13~29
515,22,CAMERA_2,"['CAMERA_1', 'CAMERA_2']","{'CAMERA_1': ['color', 'ISO', 'weight'], 'CAMERA_2': ['long_exposure', 'resolution', 'optical_zoom', 'weight', 'settings', 'camera_type', 'price', 'sensor_size', 'color', 'effects', 'ISO', 'preset_modes', 'autofocus_points', 'optical_zoom', 'long_exposure'], 'CAMERA_3': []}",C_QUESTION_ABOUT_FEATURE,CAMERA_2,long_exposure,what about the exposure,PRESENT_X,CAMERA_2,S_ANSWERS_QUESTION_ABOUT_FEATURE,CAMERA_2,long_exposure,This one can take long exposures up to 60 minutes max with bulb mode.,PRESENT_X,CAMERA_2,39~68
515,23,NONE,"['CAMERA_1', 'CAMERA_2']","{'CAMERA_1': ['color', 'ISO', 'weight'], 'CAMERA_2': ['long_exposure', 'resolution', 'optical_zoom', 'weight', 'settings', 'camera_type', 'price', 'sensor_size', 'color', 'effects', 'ISO', 'preset_modes', 'autofocus_points', 'optical_zoom', 'long_exposure'], 'CAMERA_3': []}",C_THANK_YOU,CAMERA_2,NONE,ok thank you very much for your time,PRESENT_X,CAMERA_2,S_THANK_YOU,CAMERA_2,NONE,thank you very much.,FACE_TO_FACE,NONE,
515,24,NONE,"['CAMERA_1', 'CAMERA_2']","{'CAMERA_1': ['color', 'ISO', 'weight'], 'CAMERA_2': ['long_exposure', 'resolution', 'optical_zoom', 'weight', 'settings', 'camera_type', 'price', 'sensor_size', 'color', 'effects', 'ISO', 'preset_modes', 'autofocus_points', 'optical_zoom', 'long_exposure'], 'CAMERA_3': []}",C_LEAVES,DOOR,NONE,,FACE_TO_FACE,NONE,S_RETURNS_TO_COUNTER,SERVICE_COUNTER,NONE,,WAITING,NONE,
516,1,NONE,[],"{'CAMERA_1': [], 'CAMERA_2': [], 'CAMERA_3': []}",C_ENTERS,DOOR,NONE,,WAITING,NONE,S_NONE,SERVICE_COUNTER,NONE,,WAITING,NONE,
516,2,NONE,[],"{'CAMERA_1': [], 'CAMERA_2': [], 'CAMERA_3': []}",C_GREETS,MIDDLE,NONE,excuse me how large is the sensor on this camera,WAITING,NONE,S_GREETS,MIDDLE,NONE,can I help you?,FACE_TO_FACE,NONE,
516,3,CAMERA_2,['CAMERA_2'],"{'CAMERA_1': [], 'CAMERA_2': [], 'CAMERA_3': []}",C_LOOKING_FOR_A_CAMERA,MIDDLE,NONE,I'm just looking around I'm thinking about buying a camera but I don't know which one,FACE_TO_FACE,NONE,S_INTRODUCES_CAMERA,CAMERA_2,,Let me show you this. Here we have the Fujifilm Lumix ILC Camera.,PRESENT_X,CAMERA_2,39~64
516,4,CAMERA_2,['CAMERA_2'],"{'CAMERA_1': [], 'CAMERA_2': ['autofocus_points'], 'CAMERA_3': []}",C_QUESTION_ABOUT_FEATURE,CAMERA_2,autofocus_points,yeah good afternoon I am a Sports photographers so I need a good camera with many autofocus point and also has a high shutter speed so you have any recommendations for me,PRESENT_X,CAMERA_2,S_NOT_SURE,CAMERA_2,,I'm not really sure about that.,PRESENT_X,CAMERA_2,
516,5,CAMERA_2,['CAMERA_2'],"{'CAMERA_1': [], 'CAMERA_2': ['autofocus_points', 'color'], 'CAMERA_3': []}",C_QUESTION_ABOUT_FEATURE,CAMERA_2,color,oh this is very cool what colors does it come in,PRESENT_X,CAMERA_2,S_ANSWERS_QUESTION_ABOUT_FEATURE,CAMERA_2,color,This one comes in white or pink.,PRESENT_X,CAMERA_2,18~31
516,6,CAMERA_2,['CAMERA_2'],"{'CAMERA_1': [], 'CAMERA_2': ['autofocus_points', 'color', 'optical_zoom'], 'CAMERA_3': []}",C_QUESTION_ABOUT_FEATURE,CAMERA_2,optical_zoom,does it have optical zoom,PRESENT_X,CAMERA_2,S_ANSWERS_QUESTION_ABOUT_FEATURE,CAMERA_2,optical_zoom,This one has 21x optical zoom.,PRESENT_X,CAMERA_2,13~29
516,7,CAMERA_2,['CAMERA_2'],"{'CAMERA_1': [], 'CAMERA_2': ['autofocus_points', 'color', 'optical_zoom', 'camera_type'], 'CAMERA_3': []}",C_SILENT_OR_BACKCHANNEL,CAMERA_2,NONE,it looks like a good camera what this iso mean,PRESENT_X,CAMERA_2,S_INTRODUCES_FEATURE,CAMERA_2,camera_type,This is a digital single lens mirrorless camera.,PRESENT_X,CAMERA_2,10~40
516,8,CAMERA_2,['CAMERA_2'],"{'CAMERA_1': [], 'CAMERA_2': ['autofocus_points', 'color', 'optical_zoom', 'camera_type', 'price'], 'CAMERA_3': []}",C_QUESTION_ABOUT_FEATURE,CAMERA_2,price,always seem what's the price of this camera and what's the wait,PRESENT_X,CAMERA_2,S_ANSWERS_QUESTION_ABOUT_FEATURE,CAMERA_2,price,This one costs $768.,PRESENT_X,CAMERA_2,15~19
516,9,CAMERA_3,"['CAMERA_2', 'CAMERA_3']","{'CAMERA_1': [], 'CAMERA_2': ['autofocus_points', 'color', 'optical_zoom', 'camera_type', 'price'], 'CAMERA_3': []}",C_ANYTHING_ELSE_AVAILABLE,CAMERA_2,NONE,do you have any other cameras with preset mode,PRESENT_X,CAMERA_2,S_INTRODUCES_CAMERA,CAMERA_3,,Let me show you this. Here we have the Fujifilm PowerShot ELPH S2800.,PRESENT_X,CAMERA_3,39~68
516,10,CAMERA_3,"['CAMERA_2', 'CAMERA_3']","{'CAMERA_1': [], 'CAMERA_2': ['autofocus_points', 'color', 'optical_zoom', 'camera_type', 'price'], 'CAMERA_3': ['camera_type']}",C_QUESTION_ABOUT_FEATURE,CAMERA_3,camera_type,is this a DSLR camera,PRESENT_X,CAMERA_3,S_ANSWERS_QUESTION_ABOUT_FEATURE,CAMERA_3,camera_type,This is a point and shoot camera.,PRESENT_X,CAMERA_3,10~25
516,11,CAMERA_3,"['CAMERA_2', 'CAMERA_3']","{'CAMERA_1': [], 'CAMERA_2': ['autofocus_points', 'color', 'optical_zoom', 'camera_type', 'price'], 'CAMERA_3': ['camera_type', 'sensor_size']}",C_QUESTION_ABOUT_FEATURE,CAMERA_3,sensor_size,do you know what is the sensor size for this camera,PRESENT_X,CAMERA_3,S_ANSWERS_QUESTION_ABOUT_FEATURE,CAMERA_3,sensor_size,This one has a full frame.,PRESENT_X,CAMERA_3,15~25
516,12,CAMERA_3,"['CAMERA_2', 'CAMERA_3']","{'CAMERA_1': [], 'CAMERA_2': ['autofocus_points', 'color', 'optical_zoom', 'camera_type', 'price'], 'CAMERA_3': ['camera_type', 'sensor_size', 'preset_modes']}",C_SILENT_OR_BACKCHANNEL,CAMERA_3,NONE,that looks very good,PRESENT_X,CAMERA_3,S_INTRODUCES_FEATURE,CAMERA_3,preset_modes,This one has various preset modes.,PRESENT_X,CAMERA_3,13~33
516,13,CAMERA_3,"['CAMERA_2', 'CAMERA_3']","{'CAMERA_1': [], 'CAMERA_2': ['autofocus_points', 'color', 'optical_zoom', 'camera_type', 'price'], 'CAMERA_3': ['camera_type', 'sensor_size', 'preset_modes', 'color']}",C_QUESTION_ABOUT_FEATURE,CAMERA_3,color,what colors does it come in,PRESENT_X,CAMERA_3,S_ANSWERS_QUESTION_ABOUT_FEATURE,CAMERA_3,color,"This one comes in purple, white, silver, blue, red, or pink.",PRESENT_X,CAMERA_3,18~59
516,14,NONE,"['CAMERA_2', 'CAMERA_3']","{'CAMERA_1': [], 'CAMERA_2': ['autofocus_points', 'color', 'optical_zoom', 'camera_type', 'price'], 'CAMERA_3': ['camera_type', 'sensor_size', 'preset_modes', 'color']}",C_THANK_YOU,CAMERA_3,NONE,thank you,PRESENT_X,CAMERA_3,S_THANK_YOU,CAMERA_3,NONE,thank you very much.,FACE_TO_FACE,NONE,
516,15,NONE,"['CAMERA_2', 'CAMERA_3']","{'CAMERA_1': [], 'CAMERA_2': ['autofocus_points', 'color', 'optical_zoom', 'camera_type', 'price'], 'CAMERA_3': ['camera_type', 'sensor_size', 'preset_modes', 'color']}",C_LEAVES,DOOR,NONE,,FACE_TO_FACE,NONE,S_RETURNS_TO_COUNTER,SERVICE_COUNTER,NONE,,WAITING,NONE,
517,1,NONE,[],"{'CAMERA_1': [], 'CAMERA_2': [], 'CAMERA_3': []}",C_ENTERS,DOOR,NONE,,WAITING,NONE,S_NONE,SERVICE_COUNTER,NONE,,WAITING,NONE,
517,2,NONE,[],"{'CAMERA_1': [], 'CAMERA_2': [], 'CAMERA_3': []}",C_WALKS_TO_CAMERA,CAMERA_1,NONE,,WAITING,NONE,S_GREETS,CAMERA_1,NONE,can I help you?,FACE_TO_FACE,NONE,
517,3,CAMERA_3,['CAMERA_3'],"{'CAMERA_1': [], 'CAMERA_2': [], 'CAMERA_3': []}",C_LOOKING_FOR_A_CAMERA,CAMERA_1,NONE,I know now myself but this is really what I'm looking for actually,FACE_TO_FACE,NONE,S_INTRODUCES_CAMERA,CAMERA_3,,Let me show you this. Here we have the Fujifilm PowerShot ELPH S2800.,PRESENT_X,CAMERA_3,39~68
517,4,CAMERA_3,['CAMERA_3'],"{'CAMERA_1': [], 'CAMERA_2': [], 'CAMERA_3': ['preset_modes']}",C_SILENT_OR_BACKCHANNEL,CAMERA_3,NONE,oh I see,PRESENT_X,CAMERA_3,S_INTRODUCES_FEATURE,CAMERA_3,preset_modes,This one has various preset modes.,PRESENT_X,CAMERA_3,13~33
517,5,CAMERA_3,['CAMERA_3'],"{'CAMERA_1': [], 'CAMERA_2': [], 'CAMERA_3': ['preset_modes', 'sensor_size']}",C_SILENT_OR_BACKCHANNEL,CAMERA_3,NONE,okay that's good that looks professional and that will impress people,PRESENT_X,CAMERA_3,S_INTRODUCES_FEATURE,CAMERA_3,sensor_size,This one has a full frame.,PRESENT_X,CAMERA_3,15~25
517,6,CAMERA_3,['CAMERA_3'],"{'CAMERA_1': [], 'CAMERA_2': [], 'CAMERA_3': ['preset_modes', 'sensor_size', 'price']}",C_SILENT_OR_BACKCHANNEL,CAMERA_3,NONE,wow,PRESENT_X,CAMERA_3,S_INTRODUCES_FEATURE,CAMERA_3,price,This one costs $518.,PRESENT_X,CAMERA_3,15~19
517,7,CAMERA_3,['CAMERA_3'],"{'CAMERA_1': [], 'CAMERA_2': [], 'CAMERA_3': ['preset_modes', 'sensor_size', 'price', 'resolution']}",C_SILENT_OR_BACKCHANNEL,CAMERA_3,NONE,good,PRESENT_X,CAMERA_3,S_INTRODUCES_FEATURE,CAMERA_3,resolution,This one has 23.2 megapixels resolution.,PRESENT_X,CAMERA_3,13~28
517,8,CAMERA_3,['CAMERA_3'],"{'CAMERA_1': [], 'CAMERA_2': [], 'CAMERA_3': ['preset_modes', 'sensor_size', 'price', 'resolution', 'weight']}",C_SILENT_OR_BACKCHANNEL,CAMERA_3,NONE,that's pretty funky,PRESENT_X,CAMERA_3,S_INTRODUCES_FEATURE,CAMERA_3,weight,This one weighs 820 grams.,PRESENT_X,CAMERA_3,16~25
517,9,CAMERA_3,['CAMERA_3'],"{'CAMERA_1': [], 'CAMERA_2': [], 'CAMERA_3': ['preset_modes', 'sensor_size', 'price', 'resolution', 'weight', 'settings']}",C_QUESTION_ABOUT_FEATURE,CAMERA_3,settings,what about the manual settings can I adjust it,PRESENT_X,CAMERA_3,S_ANSWERS_QUESTION_ABOUT_FEATURE,CAMERA_3,settings,"This one has manual control and various automatic settings (video modeburst shooting, etc.).",PRESENT_X,CAMERA_3,13~91
517,10,CAMERA_3,['CAMERA_3'],"{'CAMERA_1': [], 'CAMERA_2': [], 'CAMERA_3': ['preset_modes', 'sensor_size', 'price', 'resolution', 'weight', 'settings', 'long_exposure']}",C_QUESTION_ABOUT_FEATURE,CAMERA_3,long_exposure,what about the exposure what can it handle,PRESENT_X,CAMERA_3,S_ANSWERS_QUESTION_ABOUT_FEATURE,CAMERA_3,long_exposure,This one can take long exposures up to 30 minutes max with bulb mode.,PRESENT_X,CAMERA_3,39~68
517,11,CAMERA_3,['CAMERA_3'],"{'CAMERA_1': [], 'CAMERA_2': [], 'CAMERA_3': ['preset_modes', 'sensor_size', 'price', 'resolution', 'weight', 'settings', 'long_exposure', 'ISO']}",C_SILENT_OR_BACKCHANNEL,CAMERA_3,NONE,great,PRESENT_X,CAMERA_3,S_INTRODUCES_FEATURE,CAMERA_3,ISO,This one has up to 3200 ISO with little noise.,PRESENT_X,CAMERA_3,13~45
517,12,CAMERA_3,['CAMERA_3'],"{'CAMERA_1': [], 'CAMERA_2': [], 'CAMERA_3': ['preset_modes', 'sensor_size', 'price', 'resolution', 'weight', 'settings', 'long_exposure', 'ISO', 'optical_zoom']}",C_QUESTION_ABOUT_FEATURE,CAMERA_3,optical_zoom,how much does a bowl to zoom,PRESENT_X,CAMERA_3,S_NOT_SURE,CAMERA_3,,I'm not really sure about that.,PRESENT_X,CAMERA_3,
517,13,CAMERA_2,"['CAMERA_3', 'CAMERA_2']","{'CAMERA_1': [], 'CAMERA_2': [], 'CAMERA_3': ['preset_modes', 'sensor_size', 'price', 'resolution', 'weight', 'settings', 'long_exposure', 'ISO', 'optical_zoom']}",C_ANYTHING_ELSE_AVAILABLE,CAMERA_3,NONE,ok do you have any other cameras,PRESENT_X,CAMERA_3,S_INTRODUCES_CAMERA,CAMERA_2,,Let me show you this. Here we have the Fujifilm Lumix ILC Camera.,PRESENT_X,CAMERA_2,39~64
517,14,CAMERA_2,"['CAMERA_3', 'CAMERA_2']","{'CAMERA_1': [], 'CAMERA_2': ['price'], 'CAMERA_3': ['preset_modes', 'sensor_size', 'price', 'resolution', 'weight', 'settings', 'long_exposure', 'ISO', 'optical_zoom']}",C_SILENT_OR_BACKCHANNEL,CAMERA_2,NONE,yeah yeah yeah,PRESENT_X,CAMERA_2,S_INTRODUCES_FEATURE,CAMERA_2,price,This one costs $768.,PRESENT_X,CAMERA_2,15~19
517,15,CAMERA_2,"['CAMERA_3', 'CAMERA_2']","{'CAMERA_1': [], 'CAMERA_2': ['price', 'effects'], 'CAMERA_3': ['preset_modes', 'sensor_size', 'price', 'resolution', 'weight', 'settings', 'long_exposure', 'ISO', 'optical_zoom']}",C_SILENT_OR_BACKCHANNEL,CAMERA_2,NONE,the picture is very nice,PRESENT_X,CAMERA_2,S_INTRODUCES_FEATURE,CAMERA_2,effects,"This one has 24 artistic effect modes (retro, lighter or darker skin tones, sepia, etc.).",PRESENT_X,CAMERA_2,13~88
517,16,CAMERA_2,"['CAMERA_3', 'CAMERA_2']","{'CAMERA_1': [], 'CAMERA_2': ['price', 'effects', 'sensor_size'], 'CAMERA_3': ['preset_modes', 'sensor_size', 'price', 'resolution', 'weight', 'settings', 'long_exposure', 'ISO', 'optical_zoom']}",C_QUESTION_ABOUT_FEATURE,CAMERA_2,sensor_size,oh I see and what about this sensor site,PRESENT_X,CAMERA_2,S_ANSWERS_QUESTION_ABOUT_FEATURE,CAMERA_2,sensor_size,This one has a 1/2.33 inch sensor.,PRESENT_X,CAMERA_2,15~33
517,17,NONE,"['CAMERA_3', 'CAMERA_2']","{'CAMERA_1': [], 'CAMERA_2': ['price', 'effects', 'sensor_size'], 'CAMERA_3': ['preset_modes', 'sensor_size', 'price', 'resolution', 'weight', 'settings', 'long_exposure', 'ISO', 'optical_zoom']}",C_THANK_YOU,CAMERA_2,NONE,that sounds perfect thank you very much have a good afternoon,PRESENT_X,CAMERA_2,S_THANK_YOU,CAMERA_2,NONE,thank you very much.,FACE_TO_FACE,NONE,
517,18,NONE,"['CAMERA_3', 'CAMERA_2']","{'CAMERA_1': [], 'CAMERA_2': ['price', 'effects', 'sensor_size'], 'CAMERA_3': ['preset_modes', 'sensor_size', 'price', 'resolution', 'weight', 'settings', 'long_exposure', 'ISO', 'optical_zoom']}",C_LEAVES,DOOR,NONE,,FACE_TO_FACE,NONE,S_RETURNS_TO_COUNTER,SERVICE_COUNTER,NONE,,WAITING,NONE,
518,1,NONE,[],"{'CAMERA_1': [], 'CAMERA_2': [], 'CAMERA_3': []}",C_ENTERS,DOOR,NONE,,WAITING,NONE,S_NONE,SERVICE_COUNTER,NONE,,WAITING,NONE,
518,2,NONE,[],"{'CAMERA_1': [], 'CAMERA_2': [], 'CAMERA_3': []}",C_WALKS_TO_CAMERA,CAMERA_2,NONE,,WAITING,NONE,S_NONE,SERVICE_COUNTER,NONE,,WAITING,NONE,
518,3,CAMERA_2,['CAMERA_2'],"{'CAMERA_1': [], 'CAMERA_2': ['effects'], 'CAMERA_3': []}",C_QUESTION_ABOUT_FEATURE,CAMERA_2,effects,something that can add an artistic effect,WAITING,NONE,S_ANSWERS_QUESTION_ABOUT_FEATURE,CAMERA_2,effects,"This one has 24 artistic effect modes (retro, lighter or darker skin tones, sepia, etc.).",PRESENT_X,CAMERA_2,13~88
518,4,CAMERA_2,['CAMERA_2'],"{'CAMERA_1': [], 'CAMERA_2': ['effects', 'price'], 'CAMERA_3': []}",C_QUESTION_ABOUT_FEATURE,CAMERA_2,price,how much does it cost,PRESENT_X,CAMERA_2,S_ANSWERS_QUESTION_ABOUT_FEATURE,CAMERA_2,price,This one costs $768.,PRESENT_X,CAMERA_2,15~19
518,5,CAMERA_2,['CAMERA_2'],"{'CAMERA_1': [], 'CAMERA_2': ['effects', 'price', 'preset_modes'], 'CAMERA_3': []}",C_QUESTION_ABOUT_FEATURE,CAMERA_2,preset_modes,do they have pet mode,PRESENT_X,CAMERA_2,S_NOT_SURE,CAMERA_2,,I'm not really sure about that.,PRESENT_X,CAMERA_2,
518,6,CAMERA_2,['CAMERA_2'],"{'CAMERA_1': [], 'CAMERA_2': ['effects', 'price', 'preset_modes', 'weight'], 'CAMERA_3': []}",C_SILENT_OR_BACKCHANNEL,CAMERA_2,NONE,oh yeah I thought the flight,PRESENT_X,CAMERA_2,S_INTRODUCES_FEATURE,CAMERA_2,weight,This one weighs 820 grams.,PRESENT_X,CAMERA_2,16~25
518,7,CAMERA_2,['CAMERA_2'],"{'CAMERA_1': [], 'CAMERA_2': ['effects', 'price', 'preset_modes', 'weight', 'color'], 'CAMERA_3': []}",C_QUESTION_ABOUT_FEATURE,CAMERA_2,color,how many colors does it come in,PRESENT_X,CAMERA_2,S_ANSWERS_QUESTION_ABOUT_FEATURE,CAMERA_2,color,This one comes in white or pink.,PRESENT_X,CAMERA_2,18~31
518,8,CAMERA_2,['CAMERA_2'],"{'CAMERA_1': [], 'CAMERA_2': ['effects', 'price', 'preset_modes', 'weight', 'color', 'camera_type'], 'CAMERA_3': []}",C_QUESTION_ABOUT_FEATURE,CAMERA_2,camera_type,is this a DSLR camera,PRESENT_X,CAMERA_2,S_ANSWERS_QUESTION_ABOUT_FEATURE,CAMERA_2,camera_type,This is a digital single lens mirrorless camera.,PRESENT_X,CAMERA_2,10~40
518,9,CAMERA_2,['CAMERA_2'],"{'CAMERA_1': [], 'CAMERA_2': ['effects', 'price', 'preset_modes', 'weight', 'color', 'camera_type', 'resolution'], 'CAMERA_3': []}",C_QUESTION_ABOUT_FEATURE,CAMERA_2,resolution,how many megapixels does it have,PRESENT_X,CAMERA_2,S_ANSWERS_QUESTION_ABOUT_FEATURE,CAMERA_2,resolution,This one has 23.8 megapixels resolution.,PRESENT_X,CAMERA_2,13~28
518,10,CAMERA_2,['CAMERA_2'],"{'CAMERA_1': [], 'CAMERA_2': ['effects', 'price', 'preset_modes', 'weight', 'color', 'camera_type', 'resolution', 'ISO'], 'CAMERA_3': []}",C_QUESTION_ABOUT_FEATURE,CAMERA_2,ISO,I see how high can the iso be,PRESENT_X,CAMERA_2,S_NOT_SURE,CAMERA_2,,I'm not really sure about that.,PRESENT_X,CAMERA_2,
518,11,CAMERA_2,['CAMERA_2'],"{'CAMERA_1': [], 'CAMERA_2': ['effects', 'price', 'preset_modes', 'weight', 'color', 'camera_type', 'resolution', 'ISO', 'sensor_size'], 'CAMERA_3': []}",C_SILENT_OR_BACKCHANNEL,CAMERA_2,NONE,ok,PRESENT_X,CAMERA_2,S_INTRODUCES_FEATURE,CAMERA_2,sensor_size,This one has a 1/2.33 inch sensor.,PRESENT_X,CAMERA_2,15~33
518,12,CAMERA_2,['CAMERA_2'],"{'CAMERA_1': [], 'CAMERA_2': ['effects', 'price', 'preset_modes', 'weight', 'color', 'camera_type', 'resolution', 'ISO', 'sensor_size', 'settings'], 'CAMERA_3': []}",C_QUESTION_ABOUT_FEATURE,CAMERA_2,settings,under what city is the setting on this phone,PRESENT_X,CAMERA_2,S_ANSWERS_QUESTION_ABOUT_FEATURE,CAMERA_2,settings,"This one has manual control and various automatic settings (video modeburst shooting, etc.).",PRESENT_X,CAMERA_2,13~91
518,13,NONE,['CAMERA_2'],"{'CAMERA_1': [], 'CAMERA_2': ['effects', 'price', 'preset_modes', 'weight', 'color', 'camera_type', 'resolution', 'ISO', 'sensor_size', 'settings'], 'CAMERA_3': []}",C_THANK_YOU,CAMERA_2,NONE,thank you for your support,PRESENT_X,CAMERA_2,S_THANK_YOU,CAMERA_2,NONE,thank you very much.,FACE_TO_FACE,NONE,
518,14,NONE,['CAMERA_2'],"{'CAMERA_1': [], 'CAMERA_2': ['effects', 'price', 'preset_modes', 'weight', 'color', 'camera_type', 'resolution', 'ISO', 'sensor_size', 'settings'], 'CAMERA_3': []}",C_LEAVES,DOOR,NONE,,FACE_TO_FACE,NONE,S_RETURNS_TO_COUNTER,SERVICE_COUNTER,NONE,,WAITING,NONE,
519,1,NONE,[],"{'CAMERA_1': [], 'CAMERA_2': [], 'CAMERA_3': []}",C_ENTERS,DOOR,NONE,,WAITING,NONE,S_NONE,SERVICE_COUNTER,NONE,,WAITING,NONE,
519,2,NONE,[],"{'CAMERA_1': [], 'CAMERA_2': [], 'CAMERA_3': []}",C_GREETS,MIDDLE,NONE,kiss me can I ask you something,WAITING,NONE,S_GREETS,MIDDLE,NONE,can I help you?,FACE_TO_FACE,NONE,
519,3,CAMERA_3,['CAMERA_3'],"{'CAMERA_1': [], 'CAMERA_2': [], 'CAMERA_3': []}",C_LOOKING_FOR_A_CAMERA,MIDDLE,NONE,I'm just looking for a camera,FACE_TO_FACE,NONE,S_INTRODUCES_CAMERA,CAMERA_3,,Let me show you this. Here we have the Fujifilm PowerShot ELPH S2800.,PRESENT_X,CAMERA_3,39~68
519,4,CAMERA_3,['CAMERA_3'],"{'CAMERA_1': [], 'CAMERA_2': [], 'CAMERA_3': ['resolution']}",C_QUESTION_ABOUT_FEATURE,CAMERA_3,resolution,does the screen touch screen,PRESENT_X,CAMERA_3,S_ANSWERS_QUESTION_ABOUT_FEATURE,CAMERA_3,resolution,This one has 23.2 megapixels resolution.,PRESENT_X,CAMERA_3,13~28
519,5,CAMERA_3,['CAMERA_3'],"{'CAMERA_1': [], 'CAMERA_2': [], 'CAMERA_3': ['resolution', 'optical_zoom']}",C_QUESTION_ABOUT_FEATURE,CAMERA_3,optical_zoom,how much does a bowl to zoom,PRESENT_X,CAMERA_3,S_NOT_SURE,CAMERA_3,,I'm not really sure about that.,PRESENT_X,CAMERA_3,
519,6,CAMERA_3,['CAMERA_3'],"{'CAMERA_1': [], 'CAMERA_2': [], 'CAMERA_3': ['resolution', 'optical_zoom', 'sensor_size']}",C_QUESTION_ABOUT_FEATURE,CAMERA_3,sensor_size,What is synthesizer of this camera,PRESENT_X,CAMERA_3,S_ANSWERS_QUESTION_ABOUT_FEATURE,CAMERA_3,sensor_size,This one has a full frame.,PRESENT_X,CAMERA_3,15~25
519,7,CAMERA_3,['CAMERA_3'],"{'CAMERA_1': [], 'CAMERA_2': [], 'CAMERA_3': ['resolution', 'optical_zoom', 'sensor_size', 'autofocus_points']}",C_QUESTION_ABOUT_FEATURE,CAMERA_3,autofocus_points,yes I wanted to know how many points does it have,PRESENT_X,CAMERA_3,S_ANSWERS_QUESTION_ABOUT_FEATURE,CAMERA_3,autofocus_points,This one has 214 autofocus points.,PRESENT_X,CAMERA_3,13~33
519,8,CAMERA_3,['CAMERA_3'],"{'CAMERA_1': [], 'CAMERA_2': [], 'CAMERA_3': ['resolution', 'optical_zoom', 'sensor_size', 'autofocus_points', 'price']}",C_SILENT_OR_BACKCHANNEL,CAMERA_3,NONE,okay I say it,PRESENT_X,CAMERA_3,S_INTRODUCES_FEATURE,CAMERA_3,price,This one costs $518.,PRESENT_X,CAMERA_3,15~19
519,9,CAMERA_3,['CAMERA_3'],"{'CAMERA_1': [], 'CAMERA_2': [], 'CAMERA_3': ['resolution', 'optical_zoom', 'sensor_size', 'autofocus_points', 'price', 'preset_modes']}",C_SILENT_OR_BACKCHANNEL,CAMERA_3,NONE,this camera looks pretty good but I was wondering about this is so,PRESENT_X,CAMERA_3,S_INTRODUCES_FEATURE,CAMERA_3,preset_modes,This one has various preset modes.,PRESENT_X,CAMERA_3,13~33
519,10,NONE,['CAMERA_3'],"{'CAMERA_1': [], 'CAMERA_2': [], 'CAMERA_3': ['resolution', 'optical_zoom', 'sensor_size', 'autofocus_points', 'price', 'preset_modes']}",C_THANK_YOU,CAMERA_3,NONE,that's great thank you for your help,PRESENT_X,CAMERA_3,S_THANK_YOU,CAMERA_3,NONE,thank you very much.,FACE_TO_FACE,NONE,
519,11,NONE,['CAMERA_3'],"{'CAMERA_1': [], 'CAMERA_2': [], 'CAMERA_3': ['resolution', 'optical_zoom', 'sensor_size', 'autofocus_points', 'price', 'preset_modes']}",C_LEAVES,DOOR,NONE,,FACE_TO_FACE,NONE,S_RETURNS_TO_COUNTER,SERVICE_COUNTER,NONE,,WAITING,NONE,
520,1,NONE,[],"{'CAMERA_1': [], 'CAMERA_2': [], 'CAMERA_3': []}",C_ENTERS,DOOR,NONE,,WAITING,NONE,S_NONE,SERVICE_COUNTER,NONE,,WAITING,NONE,
520,2,NONE,[],"{'CAMERA_1': [], 'CAMERA_2': [], 'CAMERA_3': []}",C_GREETS,MIDDLE,NONE,excuse me,WAITING,NONE,S_GREETS,MIDDLE,NONE,can I help you?,FACE_TO_FACE,NONE,
520,3,CAMERA_3,['CAMERA_3'],"{'CAMERA_1': [], 'CAMERA_2': [], 'CAMERA_3': []}",C_LOOKING_FOR_A_CAMERA,MIDDLE,NONE,excuse me I'm looking for a professional camera,FACE_TO_FACE,NONE,S_INTRODUCES_CAMERA,CAMERA_3,,Let me show you this. Here we have the Fujifilm PowerShot ELPH S2800.,PRESENT_X,CAMERA_3,39~68
520,4,CAMERA_3,['CAMERA_3'],"{'CAMERA_1': [], 'CAMERA_2': [], 'CAMERA_3': ['camera_type']}",C_QUESTION_ABOUT_FEATURE,CAMERA_3,camera_type,is this a DSLR camera,PRESENT_X,CAMERA_3,S_ANSWERS_QUESTION_ABOUT_FEATURE,CAMERA_3,camera_type,This is a point and shoot camera.,PRESENT_X,CAMERA_3,10~25
520,5,CAMERA_3,['CAMERA_3'],"{'CAMERA_1': [], 'CAMERA_2': [], 'CAMERA_3': ['camera_type', 'settings']}",C_QUESTION_ABOUT_FEATURE,CAMERA_3,settings,is this full manual,PRESENT_X,CAMERA_3,S_ANSWERS_QUESTION_ABOUT_FEATURE,CAMERA_3,settings,"This one has manual control and various automatic settings (video modeburst shooting, etc.).",PRESENT_X,CAMERA_3,13~91
520,6,CAMERA_3,['CAMERA_3'],"{'CAMERA_1': [], 'CAMERA_2': [], 'CAMERA_3': ['camera_type', 'settings', 'price']}",C_QUESTION_ABOUT_FEATURE,CAMERA_3,price,Skewes me sir do you know how much is this camera,PRESENT_X,CAMERA_3,S_ANSWERS_QUESTION_ABOUT_FEATURE,CAMERA_3,price,This one costs $518.,PRESENT_X,CAMERA_3,15~19
520,7,CAMERA_3,['CAMERA_3'],"{'CAMERA_1': [], 'CAMERA_2': [], 'CAMERA_3': ['camera_type', 'settings', 'price', 'preset_modes']}",C_SILENT_OR_BACKCHANNEL,CAMERA_3,NONE,IC,PRESENT_X,CAMERA_3,S_INTRODUCES_FEATURE,CAMERA_3,preset_modes,This one has various preset modes.,PRESENT_X,CAMERA_3,13~33
520,8,CAMERA_1,"['CAMERA_3', 'CAMERA_1']","{'CAMERA_1': [], 'CAMERA_2': [], 'CAMERA_3': ['camera_type', 'settings', 'price', 'preset_modes']}",C_ANYTHING_ELSE_AVAILABLE,CAMERA_3,NONE,oh I see that's very interesting do you have any other cameras that you can recommend me,PRESENT_X,CAMERA_3,S_INTRODUCES_CAMERA,CAMERA_1,,Let me show you this. Here we have the Sony PowerShot ELPH DMC-ZS3.,PRESENT_X,CAMERA_1,39~66
520,9,CAMERA_1,"['CAMERA_3', 'CAMERA_1']","{'CAMERA_1': ['price'], 'CAMERA_2': [], 'CAMERA_3': ['camera_type', 'settings', 'price', 'preset_modes']}",C_SILENT_OR_BACKCHANNEL,CAMERA_1,NONE,IC,PRESENT_X,CAMERA_1,S_INTRODUCES_FEATURE,CAMERA_1,price,This one costs $450.,PRESENT_X,CAMERA_1,15~19
520,10,CAMERA_1,"['CAMERA_3', 'CAMERA_1']","{'CAMERA_1': ['price', 'ISO'], 'CAMERA_2': [], 'CAMERA_3': ['camera_type', 'settings', 'price', 'preset_modes']}",C_QUESTION_ABOUT_FEATURE,CAMERA_1,ISO,what about the iso how good it is,PRESENT_X,CAMERA_1,S_ANSWERS_QUESTION_ABOUT_FEATURE,CAMERA_1,ISO,This one has up to 51200 ISO.,PRESENT_X,CAMERA_1,13~28
520,11,CAMERA_1,"['CAMERA_3', 'CAMERA_1']","{'CAMERA_1': ['price', 'ISO', 'color'], 'CAMERA_2': [], 'CAMERA_3': ['camera_type', 'settings', 'price', 'preset_modes']}",C_QUESTION_ABOUT_FEATURE,CAMERA_1,color,How about the colors does it come in any other color,PRESENT_X,CAMERA_1,S_ANSWERS_QUESTION_ABOUT_FEATURE,CAMERA_1,color,This one comes in blue or black.,PRESENT_X,CAMERA_1,18~31
520,12,NONE,"['CAMERA_3', 'CAMERA_1']","{'CAMERA_1': ['price', 'ISO', 'color'], 'CAMERA_2': [], 'CAMERA_3': ['camera_type', 'settings', 'price', 'preset_modes']}",C_THANK_YOU,CAMERA_1,NONE,thank you very much for your help,PRESENT_X,CAMERA_1,S_THANK_YOU,CAMERA_1,NONE,thank you very much.,FACE_TO_FACE,NONE,
520,13,NONE,"['CAMERA_3', 'CAMERA_1']","{'CAMERA_1': ['price', 'ISO', 'color'], 'CAMERA_2': [], 'CAMERA_3': ['camera_type', 'settings', 'price', 'preset_modes']}",C_LEAVES,DOOR,NONE,,FACE_TO_FACE,NONE,S_RETURNS_TO_COUNTER,SERVICE_COUNTER,NONE,,WAITING,NONE,
521,1,NONE,[],"{'CAMERA_1': [], 'CAMERA_2': [], 'CAMERA_3': []}",C_ENTERS,DOOR,NONE,,WAITING,NONE,S_NONE,SERVICE_COUNTER,NONE,,WAITING,NONE,
521,2,NONE,[],"{'CAMERA_1': [], 'CAMERA_2': [], 'CAMERA_3': []}",C_GREETS,MIDDLE,NONE,they almost one kilo I'm sorry I dropped it,WAITING,NONE,S_GREETS,MIDDLE,NONE,can I help you?,FACE_TO_FACE,NONE,
521,3,CAMERA_2,['CAMERA_2'],"{'CAMERA_1': [], 'CAMERA_2': [], 'CAMERA_3': []}",C_LOOKING_FOR_A_CAMERA,MIDDLE,NONE,yeah actually I did but I am looking for a better one,FACE_TO_FACE,NONE,S_INTRODUCES_CAMERA,CAMERA_2,,Let me show you this. Here we have the Fujifilm Lumix ILC Camera.,PRESENT_X,CAMERA_2,39~64
521,4,CAMERA_2,['CAMERA_2'],"{'CAMERA_1': [], 'CAMERA_2': ['color'], 'CAMERA_3': []}",C_QUESTION_ABOUT_FEATURE,CAMERA_2,color,what color does it come in,PRESENT_X,CAMERA_2,S_ANSWERS_QUESTION_ABOUT_FEATURE,CAMERA_2,color,This one comes in white or pink.,PRESENT_X,CAMERA_2,18~31
521,5,CAMERA_1,"['CAMERA_2', 'CAMERA_1']","{'CAMERA_1': [], 'CAMERA_2': ['color'], 'CAMERA_3': []}",C_ANYTHING_ELSE_AVAILABLE,CAMERA_2,NONE,I see do you have any other options that you can show me,PRESENT_X,CAMERA_2,S_INTRODUCES_CAMERA,CAMERA_1,,Let me show you this. Here we have the Sony PowerShot ELPH DMC-ZS3.,PRESENT_X,CAMERA_1,39~66
521,6,CAMERA_1,"['CAMERA_2', 'CAMERA_1']","{'CAMERA_1': ['weight'], 'CAMERA_2': ['color'], 'CAMERA_3': []}",C_QUESTION_ABOUT_FEATURE,CAMERA_1,weight,wow what about the wait how how heavy is it,PRESENT_X,CAMERA_1,S_ANSWERS_QUESTION_ABOUT_FEATURE,CAMERA_1,weight,This one weighs 800 grams.,PRESENT_X,CAMERA_1,16~25
521,7,NONE,"['CAMERA_2', 'CAMERA_1']","{'CAMERA_1': ['weight'], 'CAMERA_2': ['color'], 'CAMERA_3': []}",C_THANK_YOU,CAMERA_1,NONE,okay thanks,PRESENT_X,CAMERA_1,S_THANK_YOU,CAMERA_1,NONE,thank you very much.,FACE_TO_FACE,NONE,
521,8,NONE,"['CAMERA_2', 'CAMERA_1']","{'CAMERA_1': ['weight'], 'CAMERA_2': ['color'], 'CAMERA_3': []}",C_LEAVES,DOOR,NONE,,FACE_TO_FACE,NONE,S_RETURNS_TO_COUNTER,SERVICE_COUNTER,NONE,,WAITING,NONE,
522,1,NONE,[],"{'CAMERA_1': [], 'CAMERA_2': [], 'CAMERA_3': []}",C_ENTERS,DOOR,NONE,,WAITING,NONE,S_NONE,SERVICE_COUNTER,NONE,,WAITING,NONE,
522,2,NONE,[],"{'CAMERA_1': [], 'CAMERA_2': [], 'CAMERA_3': []}",C_WALKS_TO_CAMERA,CAMERA_3,NONE,,WAITING,NONE,S_GREETS,CAMERA_3,NONE,can I help you?,FACE_TO_FACE,NONE,
522,3,CAMERA_3,['CAMERA_3'],"{'CAMERA_1': [], 'CAMERA_2': [], 'CAMERA_3': []}",C_LOOKING_FOR_A_CAMERA,CAMERA_3,NONE,I came to look for a new camera,FACE_TO_FACE,NONE,S_INTRODUCES_CAMERA,CAMERA_3,,Let me show you this. Here we have the Fujifilm PowerShot ELPH S2800.,PRESENT_X,CAMERA_3,39~68
522,4,CAMERA_3,['CAMERA_3'],"{'CAMERA_1': [], 'CAMERA_2': [], 'CAMERA_3': ['optical_zoom']}",C_QUESTION_ABOUT_FEATURE,CAMERA_3,optical_zoom,I see what about the optical zoom,PRESENT_X,CAMERA_3,S_NOT_SURE,CAMERA_3,,I'm not really sure about that.,PRESENT_X,CAMERA_3,
522,5,CAMERA_3,['CAMERA_3'],"{'CAMERA_1': [], 'CAMERA_2': [], 'CAMERA_3': ['optical_zoom', 'weight']}",C_QUESTION_ABOUT_FEATURE,CAMERA_3,weight,girls pretty hard pretty big how much does it weigh,PRESENT_X,CAMERA_3,S_ANSWERS_QUESTION_ABOUT_FEATURE,CAMERA_3,weight,This one weighs 820 grams.,PRESENT_X,CAMERA_3,16~25
522,6,CAMERA_3,['CAMERA_3'],"{'CAMERA_1': [], 'CAMERA_2': [], 'CAMERA_3': ['optical_zoom', 'weight', 'camera_type']}",C_QUESTION_ABOUT_FEATURE,CAMERA_3,camera_type,what kind of camera is this,PRESENT_X,CAMERA_3,S_ANSWERS_QUESTION_ABOUT_FEATURE,CAMERA_3,camera_type,This is a point and shoot camera.,PRESENT_X,CAMERA_3,10~25
522,7,CAMERA_3,['CAMERA_3'],"{'CAMERA_1': [], 'CAMERA_2': [], 'CAMERA_3': ['optical_zoom', 'weight', 'camera_type', 'settings']}",C_QUESTION_ABOUT_FEATURE,CAMERA_3,settings,okay and what kind of manual settings does it have,PRESENT_X,CAMERA_3,S_ANSWERS_QUESTION_ABOUT_FEATURE,CAMERA_3,settings,"This one has manual control and various automatic settings (video modeburst shooting, etc.).",PRESENT_X,CAMERA_3,13~91
522,8,CAMERA_3,['CAMERA_3'],"{'CAMERA_1': [], 'CAMERA_2': [], 'CAMERA_3': ['optical_zoom', 'weight', 'camera_type', 'settings', 'color']}",C_SILENT_OR_BACKCHANNEL,CAMERA_3,NONE,sounds great I'll take one of them with me,PRESENT_X,CAMERA_3,S_INTRODUCES_FEATURE,CAMERA_3,color,"This one comes in purple, white, silver, blue, red, or pink.",PRESENT_X,CAMERA_3,18~59
522,9,CAMERA_3,['CAMERA_3'],"{'CAMERA_1': [], 'CAMERA_2': [], 'CAMERA_3': ['optical_zoom', 'weight', 'camera_type', 'settings', 'color', 'resolution']}",C_QUESTION_ABOUT_FEATURE,CAMERA_3,resolution,I said he's got the glamour of a touch affect what what does that mean,PRESENT_X,CAMERA_3,S_ANSWERS_QUESTION_ABOUT_FEATURE,CAMERA_3,resolution,This one has 23.2 megapixels resolution.,PRESENT_X,CAMERA_3,13~28
522,10,CAMERA_3,['CAMERA_3'],"{'CAMERA_1': [], 'CAMERA_2': [], 'CAMERA_3': ['optical_zoom', 'weight', 'camera_type', 'settings', 'color', 'resolution', 'effects']}",C_SILENT_OR_BACKCHANNEL,CAMERA_3,NONE,sounds great I'll take one of them with me,PRESENT_X,CAMERA_3,S_INTRODUCES_FEATURE,CAMERA_3,effects,"This one has 21 photo effects (small face, retro, big eyes, etc.).",PRESENT_X,CAMERA_3,13~65
522,11,NONE,['CAMERA_3'],"{'CAMERA_1': [], 'CAMERA_2': [], 'CAMERA_3': ['optical_zoom', 'weight', 'camera_type', 'settings', 'color', 'resolution', 'effects']}",C_THANK_YOU,CAMERA_3,NONE,oh I see thanks for your help and I'll be in touch,PRESENT_X,CAMERA_3,S_THANK_YOU,CAMERA_3,NONE,thank you very much.,FACE_TO_FACE,NONE,
522,12,NONE,['CAMERA_3'],"{'CAMERA_1': [], 'CAMERA_2': [], 'CAMERA_3': ['optical_zoom', 'weight', 'camera_type', 'settings', 'color', 'resolution', 'effects']}",C_LEAVES,DOOR,NONE,,FACE_TO_FACE,NONE,S_RETURNS_TO_COUNTER,SERVICE_COUNTER,NONE,,WAITING,NONE,
523,1,NONE,[],"{'CAMERA_1': [], 'CAMERA_2': [], 'CAMERA_3': []}",C_ENTERS,DOOR,NONE,,WAITING,NONE,S_NONE,SERVICE_COUNTER,NONE,,WAITING,NONE,
523,2,NONE,[],"{'CAMERA_1': [], 'CAMERA_2': [], 'CAMERA_3': []}",C_GREETS,MIDDLE,NONE,kiss me,WAITING,NONE,S_GREETS,MIDDLE,NONE,can I help you?,FACE_TO_FACE,NONE,
523,3,CAMERA_1,['CAMERA_1'],"{'CAMERA_1': [], 'CAMERA_2': [], 'CAMERA_3': []}",C_LOOKING_FOR_A_CAMERA,MIDDLE,NONE,how to write a message to take a look at your new cameras,FACE_TO_FACE,NONE,S_INTRODUCES_CAMERA,CAMERA_1,,Let me show you this. Here we have the Sony PowerShot ELPH DMC-ZS3.,PRESENT_X,CAMERA_1,39~66
523,4,CAMERA_1,['CAMERA_1'],"{'CAMERA_1': ['optical_zoom'], 'CAMERA_2': [], 'CAMERA_3': []}",C_QUESTION_ABOUT_FEATURE,CAMERA_1,optical_zoom,okay can you tell me what optical zoom it has,PRESENT_X,CAMERA_1,S_ANSWERS_QUESTION_ABOUT_FEATURE,CAMERA_1,optical_zoom,This one has 21x optical zoom.,PRESENT_X,CAMERA_1,13~29
523,5,NONE,['CAMERA_1'],"{'CAMERA_1': ['optical_zoom'], 'CAMERA_2': [], 'CAMERA_3': []}",C_THANK_YOU,CAMERA_1,NONE,thanks very much,PRESENT_X,CAMERA_1,S_THANK_YOU,CAMERA_1,NONE,thank you very much.,FACE_TO_FACE,NONE,
523,6,NONE,['CAMERA_1'],"{'CAMERA_1': ['optical_zoom'], 'CAMERA_2': [], 'CAMERA_3': []}",C_LEAVES,DOOR,NONE,,FACE_TO_FACE,NONE,S_RETURNS_TO_COUNTER,SERVICE_COUNTER,NONE,,WAITING,NONE,
524,1,NONE,[],"{'CAMERA_1': [], 'CAMERA_2': [], 'CAMERA_3': []}",C_ENTERS,DOOR,NONE,,WAITING,NONE,S_NONE,SERVICE_COUNTER,NONE,,WAITING,NONE,
524,2,NONE,[],"{'CAMERA_1': [], 'CAMERA_2': [], 'CAMERA_3': []}",C_WALKS_TO_CAMERA,CAMERA_3,NONE,,WAITING,NONE,S_GREETS,CAMERA_3,NONE,can I help you?,FACE_TO_FACE,NONE,
524,3,CAMERA_3,['CAMERA_3'],"{'CAMERA_1': [], 'CAMERA_2': [], 'CAMERA_3': []}",C_LOOKING_FOR_A_CAMERA,CAMERA_3,NONE,I'm looking for a nice camera,FACE_TO_FACE,NONE,S_INTRODUCES_CAMERA,CAMERA_3,,Let me show you this. Here we have the Fujifilm PowerShot ELPH S2800.,PRESENT_X,CAMERA_3,39~68
524,4,CAMERA_3,['CAMERA_3'],"{'CAMERA_1': [], 'CAMERA_2': [], 'CAMERA_3': ['sensor_size']}",C_SILENT_OR_BACKCHANNEL,CAMERA_3,NONE,okay,PRESENT_X,CAMERA_3,S_INTRODUCES_FEATURE,CAMERA_3,sensor_size,This one has a full frame.,PRESENT_X,CAMERA_3,15~25
524,5,NONE,['CAMERA_3'],"{'CAMERA_1': [], 'CAMERA_2': [], 'CAMERA_3': ['sensor_size']}",C_THANK_YOU,CAMERA_3,NONE,thank you,PRESENT_X,CAMERA_3,S_THANK_YOU,CAMERA_3,NONE,thank you very much.,FACE_TO_FACE,NONE,
524,6,NONE,['CAMERA_3'],"{'CAMERA_1': [], 'CAMERA_2': [], 'CAMERA_3': ['sensor_size']}",C_LEAVES,DOOR,NONE,,FACE_TO_FACE,NONE,S_RETURNS_TO_COUNTER,SERVICE_COUNTER,NONE,,WAITING,NONE,
525,1,NONE,[],"{'CAMERA_1': [], 'CAMERA_2': [], 'CAMERA_3': []}",C_ENTERS,DOOR,NONE,,WAITING,NONE,S_NONE,SERVICE_COUNTER,NONE,,WAITING,NONE,
525,2,NONE,[],"{'CAMERA_1': [], 'CAMERA_2': [], 'CAMERA_3': []}",C_WALKS_TO_CAMERA,CAMERA_3,NONE,,WAITING,NONE,S_GREETS,CAMERA_3,NONE,can I help you?,FACE_TO_FACE,NONE,
525,3,CAMERA_3,['CAMERA_3'],"{'CAMERA_1': [], 'CAMERA_2': [], 'CAMERA_3': []}",C_LOOKING_FOR_A_CAMERA,CAMERA_3,NONE,I'm looking for daily use camera,FACE_TO_FACE,NONE,S_INTRODUCES_CAMERA,CAMERA_3,,Let me show you this. Here we have the Fujifilm PowerShot ELPH S2800.,PRESENT_X,CAMERA_3,39~68
525,4,CAMERA_3,['CAMERA_3'],"{'CAMERA_1': [], 'CAMERA_2': [], 'CAMERA_3': ['long_exposure']}",C_QUESTION_ABOUT_FEATURE,CAMERA_3,long_exposure,what's the long exposure,PRESENT_X,CAMERA_3,S_ANSWERS_QUESTION_ABOUT_FEATURE,CAMERA_3,long_exposure,This one can take long exposures up to 30 minutes max with bulb mode.,PRESENT_X,CAMERA_3,39~68
525,5,CAMERA_2,"['CAMERA_3', 'CAMERA_2']","{'CAMERA_1': [], 'CAMERA_2': [], 'CAMERA_3': ['long_exposure']}",C_ANYTHING_ELSE_AVAILABLE,CAMERA_3,NONE,maybe did you have a another camera you recommend,PRESENT_X,CAMERA_3,S_INTRODUCES_CAMERA,CAMERA_2,,Let me show you this. Here we have the Fujifilm Lumix ILC Camera.,PRESENT_X,CAMERA_2,39~64
525,6,CAMERA_2,"['CAMERA_3', 'CAMERA_2']","{'CAMERA_1': [], 'CAMERA_2': ['price'], 'CAMERA_3': ['long_exposure']}",C_SILENT_OR_BACKCHANNEL,CAMERA_2,NONE,IC,PRESENT_X,CAMERA_2,S_INTRODUCES_FEATURE,CAMERA_2,price,This one costs $768.,PRESENT_X,CAMERA_2,15~19
525,7,CAMERA_2,"['CAMERA_3', 'CAMERA_2']","{'CAMERA_1': [], 'CAMERA_2': ['price', 'resolution'], 'CAMERA_3': ['long_exposure']}",C_QUESTION_ABOUT_FEATURE,CAMERA_2,resolution,how many megapixels does it have,PRESENT_X,CAMERA_2,S_ANSWERS_QUESTION_ABOUT_FEATURE,CAMERA_2,resolution,This one has 23.8 megapixels resolution.,PRESENT_X,CAMERA_2,13~28
525,8,CAMERA_2,"['CAMERA_3', 'CAMERA_2']","{'CAMERA_1': [], 'CAMERA_2': ['price', 'resolution', 'optical_zoom'], 'CAMERA_3': ['long_exposure']}",C_QUESTION_ABOUT_FEATURE,CAMERA_2,optical_zoom,how far does the zoom on this one go,PRESENT_X,CAMERA_2,S_ANSWERS_QUESTION_ABOUT_FEATURE,CAMERA_2,optical_zoom,This one has 21x optical zoom.,PRESENT_X,CAMERA_2,13~29
525,9,CAMERA_2,"['CAMERA_3', 'CAMERA_2']","{'CAMERA_1': [], 'CAMERA_2': ['price', 'resolution', 'optical_zoom', 'effects'], 'CAMERA_3': ['long_exposure']}",C_QUESTION_ABOUT_FEATURE,CAMERA_2,effects,what are these a special artistic effect mode features,PRESENT_X,CAMERA_2,S_ANSWERS_QUESTION_ABOUT_FEATURE,CAMERA_2,effects,"This one has 24 artistic effect modes (retro, lighter or darker skin tones, sepia, etc.).",PRESENT_X,CAMERA_2,13~88
525,10,CAMERA_2,"['CAMERA_3', 'CAMERA_2']","{'CAMERA_1': [], 'CAMERA_2': ['price', 'resolution', 'optical_zoom', 'effects', 'camera_type'], 'CAMERA_3': ['long_exposure']}",C_SILENT_OR_BACKCHANNEL,CAMERA_2,NONE,okay,PRESENT_X,CAMERA_2,S_INTRODUCES_FEATURE,CAMERA_2,camera_type,This is a digital single lens mirrorless camera.,PRESENT_X,CAMERA_2,10~40
525,11,CAMERA_2,"['CAMERA_3', 'CAMERA_2']","{'CAMERA_1': [], 'CAMERA_2': ['price', 'resolution', 'optical_zoom', 'effects', 'camera_type', 'long_exposure'], 'CAMERA_3': ['long_exposure']}",C_QUESTION_ABOUT_FEATURE,CAMERA_2,long_exposure,and how long is this exposure,PRESENT_X,CAMERA_2,S_ANSWERS_QUESTION_ABOUT_FEATURE,CAMERA_2,long_exposure,This one can take long exposures up to 60 minutes max with bulb mode.,PRESENT_X,CAMERA_2,39~68
525,12,CAMERA_2,"['CAMERA_3', 'CAMERA_2']","{'CAMERA_1': [], 'CAMERA_2': ['price', 'resolution', 'optical_zoom', 'effects', 'camera_type', 'long_exposure', 'sensor_size'], 'CAMERA_3': ['long_exposure']}",C_SILENT_OR_BACKCHANNEL,CAMERA_2,NONE,ok,PRESENT_X,CAMERA_2,S_INTRODUCES_FEATURE,CAMERA_2,sensor_size,This one has a 1/2.33 inch sensor.,PRESENT_X,CAMERA_2,15~33
525,13,CAMERA_2,"['CAMERA_3', 'CAMERA_2']","{'CAMERA_1': [], 'CAMERA_2': ['price', 'resolution', 'optical_zoom', 'effects', 'camera_type', 'long_exposure', 'sensor_size', 'weight'], 'CAMERA_3': ['long_exposure']}",C_SILENT_OR_BACKCHANNEL,CAMERA_2,NONE,ok,PRESENT_X,CAMERA_2,S_INTRODUCES_FEATURE,CAMERA_2,weight,This one weighs 820 grams.,PRESENT_X,CAMERA_2,16~25
525,14,CAMERA_2,"['CAMERA_3', 'CAMERA_2']","{'CAMERA_1': [], 'CAMERA_2': ['price', 'resolution', 'optical_zoom', 'effects', 'camera_type', 'long_exposure', 'sensor_size', 'weight', 'color'], 'CAMERA_3': ['long_exposure']}",C_QUESTION_ABOUT_FEATURE,CAMERA_2,color,what color do you have,PRESENT_X,CAMERA_2,S_ANSWERS_QUESTION_ABOUT_FEATURE,CAMERA_2,color,This one comes in white or pink.,PRESENT_X,CAMERA_2,18~31
525,15,CAMERA_2,"['CAMERA_3', 'CAMERA_2']","{'CAMERA_1': [], 'CAMERA_2': ['price', 'resolution', 'optical_zoom', 'effects', 'camera_type', 'long_exposure', 'sensor_size', 'weight', 'color', 'ISO'], 'CAMERA_3': ['long_exposure']}",C_QUESTION_ABOUT_FEATURE,CAMERA_2,ISO,how is iso performance of this camera,PRESENT_X,CAMERA_2,S_NOT_SURE,CAMERA_2,,I'm not really sure about that.,PRESENT_X,CAMERA_2,
525,16,CAMERA_2,"['CAMERA_3', 'CAMERA_2']","{'CAMERA_1': [], 'CAMERA_2': ['price', 'resolution', 'optical_zoom', 'effects', 'camera_type', 'long_exposure', 'sensor_size', 'weight', 'color', 'ISO', 'settings'], 'CAMERA_3': ['long_exposure']}",C_SILENT_OR_BACKCHANNEL,CAMERA_2,NONE,okay great let's take care of business,PRESENT_X,CAMERA_2,S_INTRODUCES_FEATURE,CAMERA_2,settings,"This one has manual control and various automatic settings (video modeburst shooting, etc.).",PRESENT_X,CAMERA_2,13~91
525,17,CAMERA_2,"['CAMERA_3', 'CAMERA_2']","{'CAMERA_1': [], 'CAMERA_2': ['price', 'resolution', 'optical_zoom', 'effects', 'camera_type', 'long_exposure', 'sensor_size', 'weight', 'color', 'ISO', 'settings', 'autofocus_points'], 'CAMERA_3': ['long_exposure']}",C_QUESTION_ABOUT_FEATURE,CAMERA_2,autofocus_points,how many auto focus points I have,PRESENT_X,CAMERA_2,S_NOT_SURE,CAMERA_2,,I'm not really sure about that.,PRESENT_X,CAMERA_2,
525,18,CAMERA_2,"['CAMERA_3', 'CAMERA_2']","{'CAMERA_1': [], 'CAMERA_2': ['price', 'resolution', 'optical_zoom', 'effects', 'camera_type', 'long_exposure', 'sensor_size', 'weight', 'color', 'ISO', 'settings', 'autofocus_points', 'settings'], 'CAMERA_3': ['long_exposure']}",C_SILENT_OR_BACKCHANNEL,CAMERA_2,NONE,great that's great I know what sits exercise,PRESENT_X,CAMERA_2,S_INTRODUCES_FEATURE,CAMERA_2,settings,"This one has manual control and various automatic settings (video modeburst shooting, etc.).",PRESENT_X,CAMERA_2,13~91
525,19,NONE,"['CAMERA_3', 'CAMERA_2']","{'CAMERA_1': [], 'CAMERA_2': ['price', 'resolution', 'optical_zoom', 'effects', 'camera_type', 'long_exposure', 'sensor_size', 'weight', 'color', 'ISO', 'settings', 'autofocus_points', 'settings'], 'CAMERA_3': ['long_exposure']}",C_THANK_YOU,CAMERA_2,NONE,okay okay thank you very much,PRESENT_X,CAMERA_2,S_THANK_YOU,CAMERA_2,NONE,thank you very much.,FACE_TO_FACE,NONE,
525,20,NONE,"['CAMERA_3', 'CAMERA_2']","{'CAMERA_1': [], 'CAMERA_2': ['price', 'resolution', 'optical_zoom', 'effects', 'camera_type', 'long_exposure', 'sensor_size', 'weight', 'color', 'ISO', 'settings', 'autofocus_points', 'settings'], 'CAMERA_3': ['long_exposure']}",C_LEAVES,DOOR,NONE,,FACE_TO_FACE,NONE,S_RETURNS_TO_COUNTER,SERVICE_COUNTER,NONE,,WAITING,NONE,
526,1,NONE,[],"{'CAMERA_1': [], 'CAMERA_2': [], 'CAMERA_3': []}",C_ENTERS,DOOR,NONE,,WAITING,NONE,S_NONE,SERVICE_COUNTER,NONE,,WAITING,NONE,
526,2,NONE,[],"{'CAMERA_1': [], 'CAMERA_2': [], 'CAMERA_3': []}",C_WALKS_TO_CAMERA,CAMERA_2,NONE,,WAITING,NONE,S_GREETS,CAMERA_2,NONE,can I help you?,FACE_TO_FACE,NONE,
526,3,CAMERA_2,['CAMERA_2'],"{'CAMERA_1': [], 'CAMERA_2': [], 'CAMERA_3': []}",C_LOOKING_FOR_A_CAMERA,CAMERA_2,NONE,online business so I'm just trying to get it started,FACE_TO_FACE,NONE,S_INTRODUCES_CAMERA,CAMERA_2,,Let me show you this. Here we have the Fujifilm Lumix ILC Camera.,PRESENT_X,CAMERA_2,39~64
526,4,CAMERA_2,['CAMERA_2'],"{'CAMERA_1': [], 'CAMERA_2': ['camera_type'], 'CAMERA_3': []}",C_QUESTION_ABOUT_FEATURE,CAMERA_2,camera_type,is this a point and shoot camera,PRESENT_X,CAMERA_2,S_ANSWERS_QUESTION_ABOUT_FEATURE,CAMERA_2,camera_type,This is a digital single lens mirrorless camera.,PRESENT_X,CAMERA_2,10~40
526,5,NONE,['CAMERA_2'],"{'CAMERA_1': [], 'CAMERA_2': ['camera_type'], 'CAMERA_3': []}",C_THANK_YOU,CAMERA_2,NONE,thank you for your help I'm going to think about it,PRESENT_X,CAMERA_2,S_THANK_YOU,CAMERA_2,NONE,thank you very much.,FACE_TO_FACE,NONE,
526,6,NONE,['CAMERA_2'],"{'CAMERA_1': [], 'CAMERA_2': ['camera_type'], 'CAMERA_3': []}",C_LEAVES,DOOR,NONE,,FACE_TO_FACE,NONE,S_RETURNS_TO_COUNTER,SERVICE_COUNTER,NONE,,WAITING,NONE,
527,1,NONE,[],"{'CAMERA_1': [], 'CAMERA_2': [], 'CAMERA_3': []}",C_ENTERS,DOOR,NONE,,WAITING,NONE,S_NONE,SERVICE_COUNTER,NONE,,WAITING,NONE,
527,2,NONE,[],"{'CAMERA_1': [], 'CAMERA_2': [], 'CAMERA_3': []}",C_GREETS,MIDDLE,NONE,excuse me,WAITING,NONE,S_GREETS,MIDDLE,NONE,can I help you?,FACE_TO_FACE,NONE,
527,3,CAMERA_3,['CAMERA_3'],"{'CAMERA_1': [], 'CAMERA_2': [], 'CAMERA_3': []}",C_LOOKING_FOR_A_CAMERA,MIDDLE,NONE,I'm just here looking at the new cameras at your home,FACE_TO_FACE,NONE,S_INTRODUCES_CAMERA,CAMERA_3,,Let me show you this. Here we have the Fujifilm PowerShot ELPH S2800.,PRESENT_X,CAMERA_3,39~68
527,4,CAMERA_3,['CAMERA_3'],"{'CAMERA_1': [], 'CAMERA_2': [], 'CAMERA_3': ['ISO']}",C_SILENT_OR_BACKCHANNEL,CAMERA_3,NONE,ok is this camera really nice,PRESENT_X,CAMERA_3,S_INTRODUCES_FEATURE,CAMERA_3,ISO,This one has up to 3200 ISO with little noise.,PRESENT_X,CAMERA_3,13~45
527,5,CAMERA_3,['CAMERA_3'],"{'CAMERA_1': [], 'CAMERA_2': [], 'CAMERA_3': ['ISO', 'preset_modes']}",C_SILENT_OR_BACKCHANNEL,CAMERA_3,NONE,alright,PRESENT_X,CAMERA_3,S_INTRODUCES_FEATURE,CAMERA_3,preset_modes,This one has various preset modes.,PRESENT_X,CAMERA_3,13~33
527,6,CAMERA_3,['CAMERA_3'],"{'CAMERA_1': [], 'CAMERA_2': [], 'CAMERA_3': ['ISO', 'preset_modes', 'settings']}",C_SILENT_OR_BACKCHANNEL,CAMERA_3,NONE,ok let me see,PRESENT_X,CAMERA_3,S_INTRODUCES_FEATURE,CAMERA_3,settings,"This one has manual control and various automatic settings (video modeburst shooting, etc.).",PRESENT_X,CAMERA_3,13~91
527,7,CAMERA_3,['CAMERA_3'],"{'CAMERA_1': [], 'CAMERA_2': [], 'CAMERA_3': ['ISO', 'preset_modes', 'settings', 'effects']}",C_SILENT_OR_BACKCHANNEL,CAMERA_3,NONE,let's see,PRESENT_X,CAMERA_3,S_INTRODUCES_FEATURE,CAMERA_3,effects,"This one has 21 photo effects (small face, retro, big eyes, etc.).",PRESENT_X,CAMERA_3,13~65
527,8,CAMERA_2,"['CAMERA_3', 'CAMERA_2']","{'CAMERA_1': [], 'CAMERA_2': [], 'CAMERA_3': ['ISO', 'preset_modes', 'settings', 'effects']}",C_ANYTHING_ELSE_AVAILABLE,CAMERA_3,NONE,ok do you have any other cameras that can just look at,PRESENT_X,CAMERA_3,S_INTRODUCES_CAMERA,CAMERA_2,,Let me show you this. Here we have the Fujifilm Lumix ILC Camera.,PRESENT_X,CAMERA_2,39~64
527,9,CAMERA_2,"['CAMERA_3', 'CAMERA_2']","{'CAMERA_1': [], 'CAMERA_2': ['effects'], 'CAMERA_3': ['ISO', 'preset_modes', 'settings', 'effects']}",C_QUESTION_ABOUT_FEATURE,CAMERA_2,effects,and what is the artistic effect mode on this camera,PRESENT_X,CAMERA_2,S_ANSWERS_QUESTION_ABOUT_FEATURE,CAMERA_2,effects,"This one has 24 artistic effect modes (retro, lighter or darker skin tones, sepia, etc.).",PRESENT_X,CAMERA_2,13~88
527,10,CAMERA_2,"['CAMERA_3', 'CAMERA_2']","{'CAMERA_1': [], 'CAMERA_2': ['effects', 'color'], 'CAMERA_3': ['ISO', 'preset_modes', 'settings', 'effects']}",C_SILENT_OR_BACKCHANNEL,CAMERA_2,NONE,oh yeah I thought the flight,PRESENT_X,CAMERA_2,S_INTRODUCES_FEATURE,CAMERA_2,color,This one comes in white or pink.,PRESENT_X,CAMERA_2,18~31
527,11,NONE,"['CAMERA_3', 'CAMERA_2']","{'CAMERA_1': [], 'CAMERA_2': ['effects', 'color'], 'CAMERA_3': ['ISO', 'preset_modes', 'settings', 'effects']}",C_THANK_YOU,CAMERA_2,NONE,thank you very much,PRESENT_X,CAMERA_2,S_THANK_YOU,CAMERA_2,NONE,thank you very much.,FACE_TO_FACE,NONE,
527,12,NONE,"['CAMERA_3', 'CAMERA_2']","{'CAMERA_1': [], 'CAMERA_2': ['effects', 'color'], 'CAMERA_3': ['ISO', 'preset_modes', 'settings', 'effects']}",C_LEAVES,DOOR,NONE,,FACE_TO_FACE,NONE,S_RETURNS_TO_COUNTER,SERVICE_COUNTER,NONE,,WAITING,NONE,
528,1,NONE,[],"{'CAMERA_1': [], 'CAMERA_2': [], 'CAMERA_3': []}",C_ENTERS,DOOR,NONE,,WAITING,NONE,S_NONE,SERVICE_COUNTER,NONE,,WAITING,NONE,
528,2,NONE,[],"{'CAMERA_1': [], 'CAMERA_2': [], 'CAMERA_3': []}",C_GREETS,MIDDLE,NONE,excuse me,WAITING,NONE,S_GREETS,MIDDLE,NONE,can I help you?,FACE_TO_FACE,NONE,
528,3,CAMERA_3,['CAMERA_3'],"{'CAMERA_1': [], 'CAMERA_2': [], 'CAMERA_3': []}",C_LOOKING_FOR_A_CAMERA,MIDDLE,NONE,I'm not alone but I'm looking for something in a fairly decent,FACE_TO_FACE,NONE,S_INTRODUCES_CAMERA,CAMERA_3,,Let me show you this. Here we have the Fujifilm PowerShot ELPH S2800.,PRESENT_X,CAMERA_3,39~68
528,4,CAMERA_3,['CAMERA_3'],"{'CAMERA_1': [], 'CAMERA_2': [], 'CAMERA_3': ['long_exposure']}",C_SILENT_OR_BACKCHANNEL,CAMERA_3,NONE,IC,PRESENT_X,CAMERA_3,S_INTRODUCES_FEATURE,CAMERA_3,long_exposure,This one can take long exposures up to 30 minutes max with bulb mode.,PRESENT_X,CAMERA_3,39~68
528,5,CAMERA_3,['CAMERA_3'],"{'CAMERA_1': [], 'CAMERA_2': [], 'CAMERA_3': ['long_exposure', 'autofocus_points']}",C_QUESTION_ABOUT_FEATURE,CAMERA_3,autofocus_points,how about how many auto focus points does this have,PRESENT_X,CAMERA_3,S_ANSWERS_QUESTION_ABOUT_FEATURE,CAMERA_3,autofocus_points,This one has 214 autofocus points.,PRESENT_X,CAMERA_3,13~33
528,6,CAMERA_3,['CAMERA_3'],"{'CAMERA_1': [], 'CAMERA_2': [], 'CAMERA_3': ['long_exposure', 'autofocus_points', 'color']}",C_QUESTION_ABOUT_FEATURE,CAMERA_3,color,how many colors does this icon coming,PRESENT_X,CAMERA_3,S_ANSWERS_QUESTION_ABOUT_FEATURE,CAMERA_3,color,"This one comes in purple, white, silver, blue, red, or pink.",PRESENT_X,CAMERA_3,18~59
528,7,NONE,['CAMERA_3'],"{'CAMERA_1': [], 'CAMERA_2': [], 'CAMERA_3': ['long_exposure', 'autofocus_points', 'color']}",C_THANK_YOU,CAMERA_3,NONE,thank you for your help,PRESENT_X,CAMERA_3,S_THANK_YOU,CAMERA_3,NONE,thank you very much.,FACE_TO_FACE,NONE,
528,8,NONE,['CAMERA_3'],"{'CAMERA_1': [], 'CAMERA_2': [], 'CAMERA_3': ['long_exposure', 'autofocus_points', 'color']}",C_LEAVES,DOOR,NONE,,FACE_TO_FACE,NONE,S_RETURNS_TO_COUNTER,SERVICE_COUNTER,NONE,,WAITING,NONE,
529,1,NONE,[],"{'CAMERA_1': [], 'CAMERA_2': [], 'CAMERA_3': []}",C_ENTERS,DOOR,NONE,,WAITING,NONE,S_NONE,SERVICE_COUNTER,NONE,,WAITING,NONE,
529,2,NONE,[],"{'CAMERA_1': [], 'CAMERA_2': [], 'CAMERA_3': []}",C_GREETS,MIDDLE,NONE,excuse me,WAITING,NONE,S_GREETS,MIDDLE,NONE,can I help you?,FACE_TO_FACE,NONE,
529,3,CAMERA_1,['CAMERA_1'],"{'CAMERA_1': [], 'CAMERA_2': [], 'CAMERA_3': []}",C_LOOKING_FOR_A_CAMERA,MIDDLE,NONE,I'm interested in buying a camera but I'm not sure what I need,FACE_TO_FACE,NONE,S_INTRODUCES_CAMERA,CAMERA_1,,Let me show you this. Here we have the Sony PowerShot ELPH DMC-ZS3.,PRESENT_X,CAMERA_1,39~66
529,4,CAMERA_1,['CAMERA_1'],"{'CAMERA_1': ['weight'], 'CAMERA_2': [], 'CAMERA_3': []}",C_QUESTION_ABOUT_FEATURE,CAMERA_1,weight,it's a bit heavy,PRESENT_X,CAMERA_1,S_ANSWERS_QUESTION_ABOUT_FEATURE,CAMERA_1,weight,This one weighs 800 grams.,PRESENT_X,CAMERA_1,16~25
529,5,CAMERA_1,['CAMERA_1'],"{'CAMERA_1': ['weight', 'resolution'], 'CAMERA_2': [], 'CAMERA_3': []}",C_SILENT_OR_BACKCHANNEL,CAMERA_1,NONE,that sounds good,PRESENT_X,CAMERA_1,S_INTRODUCES_FEATURE,CAMERA_1,resolution,This one has 17.8 megapixels resolution.,PRESENT_X,CAMERA_1,13~28
529,6,CAMERA_1,['CAMERA_1'],"{'CAMERA_1': ['weight', 'resolution', 'price'], 'CAMERA_2': [], 'CAMERA_3': []}",C_QUESTION_ABOUT_FEATURE,CAMERA_1,price,ok cool prices,PRESENT_X,CAMERA_1,S_ANSWERS_QUESTION_ABOUT_FEATURE,CAMERA_1,price,This one costs $450.,PRESENT_X,CAMERA_1,15~19
529,7,NONE,['CAMERA_1'],"{'CAMERA_1': ['weight', 'resolution', 'price'], 'CAMERA_2': [], 'CAMERA_3': []}",C_THANK_YOU,CAMERA_1,NONE,that's a lot to think about thank you very much have a good afternoon,PRESENT_X,CAMERA_1,S_THANK_YOU,CAMERA_1,NONE,thank you very much.,FACE_TO_FACE,NONE,
529,8,NONE,['CAMERA_1'],"{'CAMERA_1': ['weight', 'resolution', 'price'], 'CAMERA_2': [], 'CAMERA_3': []}",C_LEAVES,DOOR,NONE,,FACE_TO_FACE,NONE,S_RETURNS_TO_COUNTER,SERVICE_COUNTER,NONE,,WAITING,NONE,
530,1,NONE,[],"{'CAMERA_1': [], 'CAMERA_2': [], 'CAMERA_3': []}",C_ENTERS,DOOR,NONE,,WAITING,NONE,S_NONE,SERVICE_COUNTER,NONE,,WAITING,NONE,
530,2,NONE,[],"{'CAMERA_1': [], 'CAMERA_2': [], 'CAMERA_3': []}",C_GREETS,MIDDLE,NONE,use me,WAITING,NONE,S_GREETS,MIDDLE,NONE,can I help you?,FACE_TO_FACE,NONE,
530,3,CAMERA_1,['CAMERA_1'],"{'CAMERA_1': [], 'CAMERA_2': [], 'CAMERA_3': []}",C_LOOKING_FOR_A_CAMERA,MIDDLE,NONE,I'm looking for a new camera actually like a better than my phone,FACE_TO_FACE,NONE,S_INTRODUCES_CAMERA,CAMERA_1,,Let me show you this. Here we have the Sony PowerShot ELPH DMC-ZS3.,PRESENT_X,CAMERA_1,39~66
530,4,CAMERA_1,['CAMERA_1'],"{'CAMERA_1': ['resolution'], 'CAMERA_2': [], 'CAMERA_3': []}",C_QUESTION_ABOUT_FEATURE,CAMERA_1,resolution,how many megapixels is this camera,PRESENT_X,CAMERA_1,S_ANSWERS_QUESTION_ABOUT_FEATURE,CAMERA_1,resolution,This one has 17.8 megapixels resolution.,PRESENT_X,CAMERA_1,13~28
530,5,CAMERA_1,['CAMERA_1'],"{'CAMERA_1': ['resolution', 'ISO'], 'CAMERA_2': [], 'CAMERA_3': []}",C_QUESTION_ABOUT_FEATURE,CAMERA_1,ISO,what is iso performance,PRESENT_X,CAMERA_1,S_ANSWERS_QUESTION_ABOUT_FEATURE,CAMERA_1,ISO,This one has up to 51200 ISO.,PRESENT_X,CAMERA_1,13~28
530,6,CAMERA_1,['CAMERA_1'],"{'CAMERA_1': ['resolution', 'ISO', 'long_exposure'], 'CAMERA_2': [], 'CAMERA_3': []}",C_QUESTION_ABOUT_FEATURE,CAMERA_1,long_exposure,okay I see and has synthesizes and long exposures in manual settings on spreading good camera,PRESENT_X,CAMERA_1,S_ANSWERS_QUESTION_ABOUT_FEATURE,CAMERA_1,long_exposure,This one can take long exposures up to up to 15 seconds with Long Shutter Mode.,PRESENT_X,CAMERA_1,39~78
530,7,CAMERA_1,['CAMERA_1'],"{'CAMERA_1': ['resolution', 'ISO', 'long_exposure', 'optical_zoom'], 'CAMERA_2': [], 'CAMERA_3': []}",C_QUESTION_ABOUT_FEATURE,CAMERA_1,optical_zoom,I see what about the optical zoom,PRESENT_X,CAMERA_1,S_ANSWERS_QUESTION_ABOUT_FEATURE,CAMERA_1,optical_zoom,This one has 21x optical zoom.,PRESENT_X,CAMERA_1,13~29
530,8,NONE,['CAMERA_1'],"{'CAMERA_1': ['resolution', 'ISO', 'long_exposure', 'optical_zoom'], 'CAMERA_2': [], 'CAMERA_3': []}",C_THANK_YOU,CAMERA_1,NONE,I say ahh right thanks for your help I'll be back then,PRESENT_X,CAMERA_1,S_THANK_YOU,CAMERA_1,NONE,thank you very much.,FACE_TO_FACE,NONE,
530,9,NONE,['CAMERA_1'],"{'CAMERA_1': ['resolution', 'ISO', 'long_exposure', 'optical_zoom'], 'CAMERA_2': [], 'CAMERA_3': []}",C_LEAVES,DOOR,NONE,,FACE_TO_FACE,NONE,S_RETURNS_TO_COUNTER,SERVICE_COUNTER,NONE,,WAITING,NONE,
531,1,NONE,[],"{'CAMERA_1': [], 'CAMERA_2': [], 'CAMERA_3': []}",C_ENTERS,DOOR,NONE,,WAITING,NONE,S_NONE,SERVICE_COUNTER,NONE,,WAITING,NONE,
531,2,NONE,[],"{'CAMERA_1': [], 'CAMERA_2': [], 'CAMERA_3': []}",C_GREETS,MIDDLE,NONE,hello,WAITING,NONE,S_GREETS,MIDDLE,NONE,can I help you?,FACE_TO_FACE,NONE,
531,3,CAMERA_2,['CAMERA_2'],"{'CAMERA_1': [], 'CAMERA_2': [], 'CAMERA_3': []}",C_LOOKING_FOR_A_CAMERA,MIDDLE,NONE,I'm looking for a cheap camera I dropped my old phone in the toilet,FACE_TO_FACE,NONE,S_INTRODUCES_CAMERA,CAMERA_2,,Let me show you this. Here we have the Fujifilm Lumix ILC Camera.,PRESENT_X,CAMERA_2,39~64
531,4,CAMERA_2,['CAMERA_2'],"{'CAMERA_1': [], 'CAMERA_2': ['price'], 'CAMERA_3': []}",C_QUESTION_ABOUT_FEATURE,CAMERA_2,price,let me know how much this phone cost please,PRESENT_X,CAMERA_2,S_ANSWERS_QUESTION_ABOUT_FEATURE,CAMERA_2,price,This one costs $768.,PRESENT_X,CAMERA_2,15~19
531,5,CAMERA_2,['CAMERA_2'],"{'CAMERA_1': [], 'CAMERA_2': ['price', 'autofocus_points'], 'CAMERA_3': []}",C_QUESTION_ABOUT_FEATURE,CAMERA_2,autofocus_points,and the autofocus points,PRESENT_X,CAMERA_2,S_NOT_SURE,CAMERA_2,,I'm not really sure about that.,PRESENT_X,CAMERA_2,
531,6,CAMERA_2,['CAMERA_2'],"{'CAMERA_1': [], 'CAMERA_2': ['price', 'autofocus_points', 'color'], 'CAMERA_3': []}",C_SILENT_OR_BACKCHANNEL,CAMERA_2,NONE,sounds good,PRESENT_X,CAMERA_2,S_INTRODUCES_FEATURE,CAMERA_2,color,This one comes in white or pink.,PRESENT_X,CAMERA_2,18~31
531,7,CAMERA_2,['CAMERA_2'],"{'CAMERA_1': [], 'CAMERA_2': ['price', 'autofocus_points', 'color', 'effects'], 'CAMERA_3': []}",C_SILENT_OR_BACKCHANNEL,CAMERA_2,NONE,ok,PRESENT_X,CAMERA_2,S_INTRODUCES_FEATURE,CAMERA_2,effects,"This one has 24 artistic effect modes (retro, lighter or darker skin tones, sepia, etc.).",PRESENT_X,CAMERA_2,13~88
531,8,CAMERA_2,['CAMERA_2'],"{'CAMERA_1': [], 'CAMERA_2': ['price', 'autofocus_points', 'color', 'effects', 'preset_modes'], 'CAMERA_3': []}",C_QUESTION_ABOUT_FEATURE,CAMERA_2,preset_modes,Is this support preset mode,PRESENT_X,CAMERA_2,S_NOT_SURE,CAMERA_2,,I'm not really sure about that.,PRESENT_X,CAMERA_2,
531,9,CAMERA_2,['CAMERA_2'],"{'CAMERA_1': [], 'CAMERA_2': ['price', 'autofocus_points', 'color', 'effects', 'preset_modes', 'settings'], 'CAMERA_3': []}",C_QUESTION_ABOUT_FEATURE,CAMERA_2,settings,Does this camera have manual settings?,PRESENT_X,CAMERA_2,S_ANSWERS_QUESTION_ABOUT_FEATURE,CAMERA_2,settings,"This one has manual control and various automatic settings (video modeburst shooting, etc.).",PRESENT_X,CAMERA_2,13~91
531,10,CAMERA_2,['CAMERA_2'],"{'CAMERA_1': [], 'CAMERA_2': ['price', 'autofocus_points', 'color', 'effects', 'preset_modes', 'settings', 'sensor_size'], 'CAMERA_3': []}",C_SILENT_OR_BACKCHANNEL,CAMERA_2,NONE,ok,PRESENT_X,CAMERA_2,S_INTRODUCES_FEATURE,CAMERA_2,sensor_size,This one has a 1/2.33 inch sensor.,PRESENT_X,CAMERA_2,15~33
531,11,CAMERA_2,['CAMERA_2'],"{'CAMERA_1': [], 'CAMERA_2': ['price', 'autofocus_points', 'color', 'effects', 'preset_modes', 'settings', 'sensor_size', 'resolution'], 'CAMERA_3': []}",C_QUESTION_ABOUT_FEATURE,CAMERA_2,resolution,how many megapixels,PRESENT_X,CAMERA_2,S_ANSWERS_QUESTION_ABOUT_FEATURE,CAMERA_2,resolution,This one has 23.8 megapixels resolution.,PRESENT_X,CAMERA_2,13~28
531,12,CAMERA_2,['CAMERA_2'],"{'CAMERA_1': [], 'CAMERA_2': ['price', 'autofocus_points', 'color', 'effects', 'preset_modes', 'settings', 'sensor_size', 'resolution', 'long_exposure'], 'CAMERA_3': []}",C_QUESTION_ABOUT_FEATURE,CAMERA_2,long_exposure,maybe that's not so good for me then when I was preset settings but also has long exposure,PRESENT_X,CAMERA_2,S_ANSWERS_QUESTION_ABOUT_FEATURE,CAMERA_2,long_exposure,This one can take long exposures up to 60 minutes max with bulb mode.,PRESENT_X,CAMERA_2,39~68
531,13,CAMERA_2,['CAMERA_2'],"{'CAMERA_1': [], 'CAMERA_2': ['price', 'autofocus_points', 'color', 'effects', 'preset_modes', 'settings', 'sensor_size', 'resolution', 'long_exposure', 'optical_zoom'], 'CAMERA_3': []}",C_SILENT_OR_BACKCHANNEL,CAMERA_2,NONE,ok,PRESENT_X,CAMERA_2,S_INTRODUCES_FEATURE,CAMERA_2,optical_zoom,This one has 21x optical zoom.,PRESENT_X,CAMERA_2,13~29
531,14,CAMERA_2,['CAMERA_2'],"{'CAMERA_1': [], 'CAMERA_2': ['price', 'autofocus_points', 'color', 'effects', 'preset_modes', 'settings', 'sensor_size', 'resolution', 'long_exposure', 'optical_zoom', 'weight'], 'CAMERA_3': []}",C_SILENT_OR_BACKCHANNEL,CAMERA_2,NONE,oh wow this is awesome all God,PRESENT_X,CAMERA_2,S_INTRODUCES_FEATURE,CAMERA_2,weight,This one weighs 820 grams.,PRESENT_X,CAMERA_2,16~25
531,15,CAMERA_1,"['CAMERA_2', 'CAMERA_1']","{'CAMERA_1': [], 'CAMERA_2': ['price', 'autofocus_points', 'color', 'effects', 'preset_modes', 'settings', 'sensor_size', 'resolution', 'long_exposure', 'optical_zoom', 'weight'], 'CAMERA_3': []}",C_ANYTHING_ELSE_AVAILABLE,CAMERA_2,NONE,Do you have any other cameras under $300,PRESENT_X,CAMERA_2,S_INTRODUCES_CAMERA,CAMERA_1,,Let me show you this. Here we have the Sony PowerShot ELPH DMC-ZS3.,PRESENT_X,CAMERA_1,39~66
531,16,CAMERA_1,"['CAMERA_2', 'CAMERA_1']","{'CAMERA_1': ['ISO'], 'CAMERA_2': ['price', 'autofocus_points', 'color', 'effects', 'preset_modes', 'settings', 'sensor_size', 'resolution', 'long_exposure', 'optical_zoom', 'weight'], 'CAMERA_3': []}",C_SILENT_OR_BACKCHANNEL,CAMERA_1,NONE,ok,PRESENT_X,CAMERA_1,S_INTRODUCES_FEATURE,CAMERA_1,ISO,This one has up to 51200 ISO.,PRESENT_X,CAMERA_1,13~28
531,17,CAMERA_1,"['CAMERA_2', 'CAMERA_1']","{'CAMERA_1': ['ISO', 'weight'], 'CAMERA_2': ['price', 'autofocus_points', 'color', 'effects', 'preset_modes', 'settings', 'sensor_size', 'resolution', 'long_exposure', 'optical_zoom', 'weight'], 'CAMERA_3': []}",C_SILENT_OR_BACKCHANNEL,CAMERA_1,NONE,sounds good,PRESENT_X,CAMERA_1,S_INTRODUCES_FEATURE,CAMERA_1,weight,This one weighs 800 grams.,PRESENT_X,CAMERA_1,16~25
531,18,NONE,"['CAMERA_2', 'CAMERA_1']","{'CAMERA_1': ['ISO', 'weight'], 'CAMERA_2': ['price', 'autofocus_points', 'color', 'effects', 'preset_modes', 'settings', 'sensor_size', 'resolution', 'long_exposure', 'optical_zoom', 'weight'], 'CAMERA_3': []}",C_THANK_YOU,CAMERA_1,NONE,perfect thank you very much for your time,PRESENT_X,CAMERA_1,S_THANK_YOU,CAMERA_1,NONE,thank you very much.,FACE_TO_FACE,NONE,
531,19,NONE,"['CAMERA_2', 'CAMERA_1']","{'CAMERA_1': ['ISO', 'weight'], 'CAMERA_2': ['price', 'autofocus_points', 'color', 'effects', 'preset_modes', 'settings', 'sensor_size', 'resolution', 'long_exposure', 'optical_zoom', 'weight'], 'CAMERA_3': []}",C_LEAVES,DOOR,NONE,,FACE_TO_FACE,NONE,S_RETURNS_TO_COUNTER,SERVICE_COUNTER,NONE,,WAITING,NONE,
532,1,NONE,[],"{'CAMERA_1': [], 'CAMERA_2': [], 'CAMERA_3': []}",C_ENTERS,DOOR,NONE,,WAITING,NONE,S_NONE,SERVICE_COUNTER,NONE,,WAITING,NONE,
532,2,NONE,[],"{'CAMERA_1': [], 'CAMERA_2': [], 'CAMERA_3': []}",C_GREETS,MIDDLE,NONE,excuse me,WAITING,NONE,S_GREETS,MIDDLE,NONE,can I help you?,FACE_TO_FACE,NONE,
532,3,CAMERA_1,['CAMERA_1'],"{'CAMERA_1': [], 'CAMERA_2': [], 'CAMERA_3': []}",C_LOOKING_FOR_A_CAMERA,MIDDLE,NONE,hi good afternoon I'm looking for a camera for my son just graduated from school and I would like to buy him a new camera,FACE_TO_FACE,NONE,S_INTRODUCES_CAMERA,CAMERA_1,,Let me show you this. Here we have the Sony PowerShot ELPH DMC-ZS3.,PRESENT_X,CAMERA_1,39~66
532,4,CAMERA_1,['CAMERA_1'],"{'CAMERA_1': ['resolution'], 'CAMERA_2': [], 'CAMERA_3': []}",C_SILENT_OR_BACKCHANNEL,CAMERA_1,NONE,ok,PRESENT_X,CAMERA_1,S_INTRODUCES_FEATURE,CAMERA_1,resolution,This one has 17.8 megapixels resolution.,PRESENT_X,CAMERA_1,13~28
532,5,CAMERA_1,['CAMERA_1'],"{'CAMERA_1': ['resolution', 'color'], 'CAMERA_2': [], 'CAMERA_3': []}",C_QUESTION_ABOUT_FEATURE,CAMERA_1,color,what colors does it come in,PRESENT_X,CAMERA_1,S_ANSWERS_QUESTION_ABOUT_FEATURE,CAMERA_1,color,This one comes in blue or black.,PRESENT_X,CAMERA_1,18~31
532,6,CAMERA_1,['CAMERA_1'],"{'CAMERA_1': ['resolution', 'color', 'preset_modes'], 'CAMERA_2': [], 'CAMERA_3': []}",C_QUESTION_ABOUT_FEATURE,CAMERA_1,preset_modes,does it have any preset modes,PRESENT_X,CAMERA_1,S_NOT_SURE,CAMERA_1,,I'm not really sure about that.,PRESENT_X,CAMERA_1,
532,7,CAMERA_1,['CAMERA_1'],"{'CAMERA_1': ['resolution', 'color', 'preset_modes', 'price'], 'CAMERA_2': [], 'CAMERA_3': []}",C_QUESTION_ABOUT_FEATURE,CAMERA_1,price,how much is this,PRESENT_X,CAMERA_1,S_ANSWERS_QUESTION_ABOUT_FEATURE,CAMERA_1,price,This one costs $450.,PRESENT_X,CAMERA_1,15~19
532,8,CAMERA_1,['CAMERA_1'],"{'CAMERA_1': ['resolution', 'color', 'preset_modes', 'price', 'optical_zoom'], 'CAMERA_2': [], 'CAMERA_3': []}",C_SILENT_OR_BACKCHANNEL,CAMERA_1,NONE,IC,PRESENT_X,CAMERA_1,S_INTRODUCES_FEATURE,CAMERA_1,optical_zoom,This one has 21x optical zoom.,PRESENT_X,CAMERA_1,13~29
532,9,CAMERA_1,['CAMERA_1'],"{'CAMERA_1': ['resolution', 'color', 'preset_modes', 'price', 'optical_zoom', 'long_exposure'], 'CAMERA_2': [], 'CAMERA_3': []}",C_QUESTION_ABOUT_FEATURE,CAMERA_1,long_exposure,and how about the exposure,PRESENT_X,CAMERA_1,S_ANSWERS_QUESTION_ABOUT_FEATURE,CAMERA_1,long_exposure,This one can take long exposures up to up to 15 seconds with Long Shutter Mode.,PRESENT_X,CAMERA_1,39~78
532,10,CAMERA_1,['CAMERA_1'],"{'CAMERA_1': ['resolution', 'color', 'preset_modes', 'price', 'optical_zoom', 'long_exposure', 'sensor_size'], 'CAMERA_2': [], 'CAMERA_3': []}",C_QUESTION_ABOUT_FEATURE,CAMERA_1,sensor_size,oh this looks very good actually what is the size of the sensor of this camera,PRESENT_X,CAMERA_1,S_ANSWERS_QUESTION_ABOUT_FEATURE,CAMERA_1,sensor_size,This one has a 1/2.3 inch CMOS sensor.,PRESENT_X,CAMERA_1,15~37
532,11,CAMERA_1,['CAMERA_1'],"{'CAMERA_1': ['resolution', 'color', 'preset_modes', 'price', 'optical_zoom', 'long_exposure', 'sensor_size', 'ISO'], 'CAMERA_2': [], 'CAMERA_3': []}",C_QUESTION_ABOUT_FEATURE,CAMERA_1,ISO,what about ISO performance,PRESENT_X,CAMERA_1,S_ANSWERS_QUESTION_ABOUT_FEATURE,CAMERA_1,ISO,This one has up to 51200 ISO.,PRESENT_X,CAMERA_1,13~28
532,12,CAMERA_1,['CAMERA_1'],"{'CAMERA_1': ['resolution', 'color', 'preset_modes', 'price', 'optical_zoom', 'long_exposure', 'sensor_size', 'ISO', 'autofocus_points'], 'CAMERA_2': [], 'CAMERA_3': []}",C_QUESTION_ABOUT_FEATURE,CAMERA_1,autofocus_points,is it equipped with autofocus,PRESENT_X,CAMERA_1,S_ANSWERS_QUESTION_ABOUT_FEATURE,CAMERA_1,autofocus_points,This one has 135 autofocus points.,PRESENT_X,CAMERA_1,13~33
532,13,CAMERA_1,['CAMERA_1'],"{'CAMERA_1': ['resolution', 'color', 'preset_modes', 'price', 'optical_zoom', 'long_exposure', 'sensor_size', 'ISO', 'autofocus_points', 'weight'], 'CAMERA_2': [], 'CAMERA_3': []}",C_SILENT_OR_BACKCHANNEL,CAMERA_1,NONE,that sounds good,PRESENT_X,CAMERA_1,S_INTRODUCES_FEATURE,CAMERA_1,weight,This one weighs 800 grams.,PRESENT_X,CAMERA_1,16~25
532,14,NONE,['CAMERA_1'],"{'CAMERA_1': ['resolution', 'color', 'preset_modes', 'price', 'optical_zoom', 'long_exposure', 'sensor_size', 'ISO', 'autofocus_points', 'weight'], 'CAMERA_2': [], 'CAMERA_3': []}",C_THANK_YOU,CAMERA_1,NONE,ok thank you very much you've been very helpful,PRESENT_X,CAMERA_1,S_THANK_YOU,CAMERA_1,NONE,thank you very much.,FACE_TO_FACE,NONE,
532,15,NONE,['CAMERA_1'],"{'CAMERA_1': ['resolution', 'color', 'preset_modes', 'price', 'optical_zoom', 'long_exposure', 'sensor_size', 'ISO', 'autofocus_points', 'weight'], 'CAMERA_2': [], 'CAMERA_3': []}",C_LEAVES,DOOR,NONE,,FACE_TO_FACE,NONE,S_RETURNS_TO_COUNTER,SERVICE_COUNTER,NONE,,WAITING,NONE,
533,1,NONE,[],"{'CAMERA_1': [], 'CAMERA_2': [], 'CAMERA_3': []}",C_ENTERS,DOOR,NONE,,WAITING,NONE,S_NONE,SERVICE_COUNTER,NONE,,WAITING,NONE,
533,2,NONE,[],"{'CAMERA_1': [], 'CAMERA_2': [], 'CAMERA_3': []}",C_GREETS,MIDDLE,NONE,hello good morning,WAITING,NONE,S_GREETS,MIDDLE,NONE,can I help you?,FACE_TO_FACE,NONE,
533,3,CAMERA_1,['CAMERA_1'],"{'CAMERA_1': [], 'CAMERA_2': [], 'CAMERA_3': []}",C_LOOKING_FOR_A_CAMERA,MIDDLE,NONE,I have a smartphone but I'm not smart enough to use it,FACE_TO_FACE,NONE,S_INTRODUCES_CAMERA,CAMERA_1,,Let me show you this. Here we have the Sony PowerShot ELPH DMC-ZS3.,PRESENT_X,CAMERA_1,39~66
533,4,CAMERA_1,['CAMERA_1'],"{'CAMERA_1': ['effects'], 'CAMERA_2': [], 'CAMERA_3': []}",C_SILENT_OR_BACKCHANNEL,CAMERA_1,NONE,okay that sounds great,PRESENT_X,CAMERA_1,S_INTRODUCES_FEATURE,CAMERA_1,effects,"This one has 24 glamor retouch effects (miniature, retro, toy camera, etc.).",PRESENT_X,CAMERA_1,13~75
533,5,CAMERA_1,['CAMERA_1'],"{'CAMERA_1': ['effects', 'ISO'], 'CAMERA_2': [], 'CAMERA_3': []}",C_QUESTION_ABOUT_FEATURE,CAMERA_1,ISO,ISO performers,PRESENT_X,CAMERA_1,S_ANSWERS_QUESTION_ABOUT_FEATURE,CAMERA_1,ISO,This one has up to 51200 ISO.,PRESENT_X,CAMERA_1,13~28
533,6,NONE,['CAMERA_1'],"{'CAMERA_1': ['effects', 'ISO'], 'CAMERA_2': [], 'CAMERA_3': []}",C_THANK_YOU,CAMERA_1,NONE,that sounds good okay thank you,PRESENT_X,CAMERA_1,S_THANK_YOU,CAMERA_1,NONE,thank you very much.,FACE_TO_FACE,NONE,
533,7,NONE,['CAMERA_1'],"{'CAMERA_1': ['effects', 'ISO'], 'CAMERA_2': [], 'CAMERA_3': []}",C_LEAVES,DOOR,NONE,,FACE_TO_FACE,NONE,S_RETURNS_TO_COUNTER,SERVICE_COUNTER,NONE,,WAITING,NONE,
534,1,NONE,[],"{'CAMERA_1': [], 'CAMERA_2': [], 'CAMERA_3': []}",C_ENTERS,DOOR,NONE,,WAITING,NONE,S_NONE,SERVICE_COUNTER,NONE,,WAITING,NONE,
534,2,NONE,[],"{'CAMERA_1': [], 'CAMERA_2': [], 'CAMERA_3': []}",C_WALKS_TO_CAMERA,CAMERA_2,NONE,,WAITING,NONE,S_NONE,SERVICE_COUNTER,NONE,,WAITING,NONE,
534,3,NONE,[],"{'CAMERA_1': [], 'CAMERA_2': [], 'CAMERA_3': []}",C_EXAMINES_CAMERA,CAMERA_2,NONE,,WAITING,NONE,S_NONE,SERVICE_COUNTER,NONE,,WAITING,NONE,
534,4,NONE,[],"{'CAMERA_1': [], 'CAMERA_2': [], 'CAMERA_3': []}",C_EXAMINES_CAMERA,CAMERA_2,NONE,,WAITING,NONE,S_NONE,SERVICE_COUNTER,NONE,,WAITING,NONE,
534,5,NONE,[],"{'CAMERA_1': [], 'CAMERA_2': [], 'CAMERA_3': []}",C_EXAMINES_CAMERA,CAMERA_2,NONE,,WAITING,NONE,S_GREETS,CAMERA_2,NONE,can I help you?,FACE_TO_FACE,NONE,
534,6,CAMERA_1,['CAMERA_1'],"{'CAMERA_1': [], 'CAMERA_2': [], 'CAMERA_3': []}",C_LOOKING_FOR_A_CAMERA,CAMERA_2,NONE,I'm just looking for a camera,FACE_TO_FACE,NONE,S_INTRODUCES_CAMERA,CAMERA_1,,Let me show you this. Here we have the Sony PowerShot ELPH DMC-ZS3.,PRESENT_X,CAMERA_1,39~66
534,7,CAMERA_1,['CAMERA_1'],"{'CAMERA_1': ['resolution'], 'CAMERA_2': [], 'CAMERA_3': []}",C_SILENT_OR_BACKCHANNEL,CAMERA_1,NONE,okay,PRESENT_X,CAMERA_1,S_INTRODUCES_FEATURE,CAMERA_1,resolution,This one has 17.8 megapixels resolution.,PRESENT_X,CAMERA_1,13~28
534,8,CAMERA_1,['CAMERA_1'],"{'CAMERA_1': ['resolution', 'effects'], 'CAMERA_2': [], 'CAMERA_3': []}",C_SILENT_OR_BACKCHANNEL,CAMERA_1,NONE,that looks good,PRESENT_X,CAMERA_1,S_INTRODUCES_FEATURE,CAMERA_1,effects,"This one has 24 glamor retouch effects (miniature, retro, toy camera, etc.).",PRESENT_X,CAMERA_1,13~75
534,9,CAMERA_1,['CAMERA_1'],"{'CAMERA_1': ['resolution', 'effects', 'autofocus_points'], 'CAMERA_2': [], 'CAMERA_3': []}",C_SILENT_OR_BACKCHANNEL,CAMERA_1,NONE,okay that's not too bad for good camera mean he'll us 5d II,PRESENT_X,CAMERA_1,S_INTRODUCES_FEATURE,CAMERA_1,autofocus_points,This one has 135 autofocus points.,PRESENT_X,CAMERA_1,13~33
534,10,CAMERA_1,['CAMERA_1'],"{'CAMERA_1': ['resolution', 'effects', 'autofocus_points', 'sensor_size'], 'CAMERA_2': [], 'CAMERA_3': []}",C_QUESTION_ABOUT_FEATURE,CAMERA_1,sensor_size,and what is the sensor size,PRESENT_X,CAMERA_1,S_ANSWERS_QUESTION_ABOUT_FEATURE,CAMERA_1,sensor_size,This one has a 1/2.3 inch CMOS sensor.,PRESENT_X,CAMERA_1,15~37
534,11,CAMERA_1,['CAMERA_1'],"{'CAMERA_1': ['resolution', 'effects', 'autofocus_points', 'sensor_size', 'camera_type'], 'CAMERA_2': [], 'CAMERA_3': []}",C_QUESTION_ABOUT_FEATURE,CAMERA_1,camera_type,is this a point and shoot camera,PRESENT_X,CAMERA_1,S_ANSWERS_QUESTION_ABOUT_FEATURE,CAMERA_1,camera_type,This is a DSLR camera.,PRESENT_X,CAMERA_1,10~14
534,12,CAMERA_1,['CAMERA_1'],"{'CAMERA_1': ['resolution', 'effects', 'autofocus_points', 'sensor_size', 'camera_type', 'color'], 'CAMERA_2': [], 'CAMERA_3': []}",C_SILENT_OR_BACKCHANNEL,CAMERA_1,NONE,I'm interested in this cannon he looks pretty good,PRESENT_X,CAMERA_1,S_INTRODUCES_FEATURE,CAMERA_1,color,This one comes in blue or black.,PRESENT_X,CAMERA_1,18~31
534,13,CAMERA_1,['CAMERA_1'],"{'CAMERA_1': ['resolution', 'effects', 'autofocus_points', 'sensor_size', 'camera_type', 'color', 'settings'], 'CAMERA_2': [], 'CAMERA_3': []}",C_QUESTION_ABOUT_FEATURE,CAMERA_1,settings,so I can just adjust the settings,PRESENT_X,CAMERA_1,S_ANSWERS_QUESTION_ABOUT_FEATURE,CAMERA_1,settings,This one has limited manual settings.,PRESENT_X,CAMERA_1,13~36
534,14,NONE,['CAMERA_1'],"{'CAMERA_1': ['resolution', 'effects', 'autofocus_points', 'sensor_size', 'camera_type', 'color', 'settings'], 'CAMERA_2': [], 'CAMERA_3': []}",C_THANK_YOU,CAMERA_1,NONE,okay thank you so much for the help,PRESENT_X,CAMERA_1,S_THANK_YOU,CAMERA_1,NONE,thank you very much.,FACE_TO_FACE,NONE,
534,15,NONE,['CAMERA_1'],"{'CAMERA_1': ['resolution', 'effects', 'autofocus_points', 'sensor_size', 'camera_type', 'color', 'settings'], 'CAMERA_2': [], 'CAMERA_3': []}",C_LEAVES,DOOR,NONE,,FACE_TO_FACE,NONE,S_RETURNS_TO_COUNTER,SERVICE_COUNTER,NONE,,WAITING,NONE,
535,1,NONE,[],"{'CAMERA_1': [], 'CAMERA_2': [], 'CAMERA_3': []}",C_ENTERS,DOOR,NONE,,WAITING,NONE,S_NONE,SERVICE_COUNTER,NONE,,WAITING,NONE,
535,2,NONE,[],"{'CAMERA_1': [], 'CAMERA_2': [], 'CAMERA_3': []}",C_WALKS_TO_CAMERA,CAMERA_1,NONE,,WAITING,NONE,S_GREETS,CAMERA_1,NONE,can I help you?,FACE_TO_FACE,NONE,
535,3,CAMERA_2,['CAMERA_2'],"{'CAMERA_1': [], 'CAMERA_2': [], 'CAMERA_3': []}",C_LOOKING_FOR_A_CAMERA,CAMERA_1,NONE,will I like to buy a camera but I'm not sure which one,FACE_TO_FACE,NONE,S_INTRODUCES_CAMERA,CAMERA_2,,Let me show you this. Here we have the Fujifilm Lumix ILC Camera.,PRESENT_X,CAMERA_2,39~64
535,4,CAMERA_2,['CAMERA_2'],"{'CAMERA_1': [], 'CAMERA_2': ['color'], 'CAMERA_3': []}",C_SILENT_OR_BACKCHANNEL,CAMERA_2,NONE,yeah yeah yeah,PRESENT_X,CAMERA_2,S_INTRODUCES_FEATURE,CAMERA_2,color,This one comes in white or pink.,PRESENT_X,CAMERA_2,18~31
535,5,CAMERA_2,['CAMERA_2'],"{'CAMERA_1': [], 'CAMERA_2': ['color', 'long_exposure'], 'CAMERA_3': []}",C_QUESTION_ABOUT_FEATURE,CAMERA_2,long_exposure,oh that sounds good how long does the exposure go,PRESENT_X,CAMERA_2,S_ANSWERS_QUESTION_ABOUT_FEATURE,CAMERA_2,long_exposure,This one can take long exposures up to 60 minutes max with bulb mode.,PRESENT_X,CAMERA_2,39~68
535,6,CAMERA_2,['CAMERA_2'],"{'CAMERA_1': [], 'CAMERA_2': ['color', 'long_exposure', 'sensor_size'], 'CAMERA_3': []}",C_QUESTION_ABOUT_FEATURE,CAMERA_2,sensor_size,Does it have a big sensor,PRESENT_X,CAMERA_2,S_ANSWERS_QUESTION_ABOUT_FEATURE,CAMERA_2,sensor_size,This one has a 1/2.33 inch sensor.,PRESENT_X,CAMERA_2,15~33
535,7,CAMERA_2,['CAMERA_2'],"{'CAMERA_1': [], 'CAMERA_2': ['color', 'long_exposure', 'sensor_size', 'weight'], 'CAMERA_3': []}",C_QUESTION_ABOUT_FEATURE,CAMERA_2,weight,what is the weight of this camera,PRESENT_X,CAMERA_2,S_ANSWERS_QUESTION_ABOUT_FEATURE,CAMERA_2,weight,This one weighs 820 grams.,PRESENT_X,CAMERA_2,16~25
535,8,CAMERA_2,['CAMERA_2'],"{'CAMERA_1': [], 'CAMERA_2': ['color', 'long_exposure', 'sensor_size', 'weight', 'preset_modes'], 'CAMERA_3': []}",C_QUESTION_ABOUT_FEATURE,CAMERA_2,preset_modes,okay and does it have any menu settings,PRESENT_X,CAMERA_2,S_NOT_SURE,CAMERA_2,,I'm not really sure about that.,PRESENT_X,CAMERA_2,
535,9,CAMERA_2,['CAMERA_2'],"{'CAMERA_1': [], 'CAMERA_2': ['color', 'long_exposure', 'sensor_size', 'weight', 'preset_modes', 'effects'], 'CAMERA_3': []}",C_SILENT_OR_BACKCHANNEL,CAMERA_2,NONE,yeah that looks good,PRESENT_X,CAMERA_2,S_INTRODUCES_FEATURE,CAMERA_2,effects,"This one has 24 artistic effect modes (retro, lighter or darker skin tones, sepia, etc.).",PRESENT_X,CAMERA_2,13~88
535,10,CAMERA_1,"['CAMERA_2', 'CAMERA_1']","{'CAMERA_1': [], 'CAMERA_2': ['color', 'long_exposure', 'sensor_size', 'weight', 'preset_modes', 'effects'], 'CAMERA_3': []}",C_ANYTHING_ELSE_AVAILABLE,CAMERA_2,NONE,do you have any other cameras with preset mode,PRESENT_X,CAMERA_2,S_INTRODUCES_CAMERA,CAMERA_1,,Let me show you this. Here we have the Sony PowerShot ELPH DMC-ZS3.,PRESENT_X,CAMERA_1,39~66
535,11,CAMERA_1,"['CAMERA_2', 'CAMERA_1']","{'CAMERA_1': ['autofocus_points'], 'CAMERA_2': ['color', 'long_exposure', 'sensor_size', 'weight', 'preset_modes', 'effects'], 'CAMERA_3': []}",C_QUESTION_ABOUT_FEATURE,CAMERA_1,autofocus_points,I was trying to find out the auto focus points,PRESENT_X,CAMERA_1,S_ANSWERS_QUESTION_ABOUT_FEATURE,CAMERA_1,autofocus_points,This one has 135 autofocus points.,PRESENT_X,CAMERA_1,13~33
535,12,CAMERA_1,"['CAMERA_2', 'CAMERA_1']","{'CAMERA_1': ['autofocus_points', 'color'], 'CAMERA_2': ['color', 'long_exposure', 'sensor_size', 'weight', 'preset_modes', 'effects'], 'CAMERA_3': []}",C_QUESTION_ABOUT_FEATURE,CAMERA_1,color,hopefully this camera had any colors,PRESENT_X,CAMERA_1,S_ANSWERS_QUESTION_ABOUT_FEATURE,CAMERA_1,color,This one comes in blue or black.,PRESENT_X,CAMERA_1,18~31
535,13,CAMERA_1,"['CAMERA_2', 'CAMERA_1']","{'CAMERA_1': ['autofocus_points', 'color', 'effects'], 'CAMERA_2': ['color', 'long_exposure', 'sensor_size', 'weight', 'preset_modes', 'effects'], 'CAMERA_3': []}",C_SILENT_OR_BACKCHANNEL,CAMERA_1,NONE,IC,PRESENT_X,CAMERA_1,S_INTRODUCES_FEATURE,CAMERA_1,effects,"This one has 24 glamor retouch effects (miniature, retro, toy camera, etc.).",PRESENT_X,CAMERA_1,13~75
535,14,CAMERA_1,"['CAMERA_2', 'CAMERA_1']","{'CAMERA_1': ['autofocus_points', 'color', 'effects', 'sensor_size'], 'CAMERA_2': ['color', 'long_exposure', 'sensor_size', 'weight', 'preset_modes', 'effects'], 'CAMERA_3': []}",C_SILENT_OR_BACKCHANNEL,CAMERA_1,NONE,wow,PRESENT_X,CAMERA_1,S_INTRODUCES_FEATURE,CAMERA_1,sensor_size,This one has a 1/2.3 inch CMOS sensor.,PRESENT_X,CAMERA_1,15~37
535,15,CAMERA_1,"['CAMERA_2', 'CAMERA_1']","{'CAMERA_1': ['autofocus_points', 'color', 'effects', 'sensor_size', 'preset_modes'], 'CAMERA_2': ['color', 'long_exposure', 'sensor_size', 'weight', 'preset_modes', 'effects'], 'CAMERA_3': []}",C_QUESTION_ABOUT_FEATURE,CAMERA_1,preset_modes,does this camera support for preset mode,PRESENT_X,CAMERA_1,S_NOT_SURE,CAMERA_1,,I'm not really sure about that.,PRESENT_X,CAMERA_1,
535,16,CAMERA_1,"['CAMERA_2', 'CAMERA_1']","{'CAMERA_1': ['autofocus_points', 'color', 'effects', 'sensor_size', 'preset_modes', 'ISO'], 'CAMERA_2': ['color', 'long_exposure', 'sensor_size', 'weight', 'preset_modes', 'effects'], 'CAMERA_3': []}",C_QUESTION_ABOUT_FEATURE,CAMERA_1,ISO,so how high does the iso go,PRESENT_X,CAMERA_1,S_ANSWERS_QUESTION_ABOUT_FEATURE,CAMERA_1,ISO,This one has up to 51200 ISO.,PRESENT_X,CAMERA_1,13~28
535,17,CAMERA_1,"['CAMERA_2', 'CAMERA_1']","{'CAMERA_1': ['autofocus_points', 'color', 'effects', 'sensor_size', 'preset_modes', 'ISO', 'long_exposure'], 'CAMERA_2': ['color', 'long_exposure', 'sensor_size', 'weight', 'preset_modes', 'effects'], 'CAMERA_3': []}",C_QUESTION_ABOUT_FEATURE,CAMERA_1,long_exposure,Odysseus up with long exposure,PRESENT_X,CAMERA_1,S_ANSWERS_QUESTION_ABOUT_FEATURE,CAMERA_1,long_exposure,This one can take long exposures up to up to 15 seconds with Long Shutter Mode.,PRESENT_X,CAMERA_1,39~78
535,18,CAMERA_3,"['CAMERA_2', 'CAMERA_1', 'CAMERA_3']","{'CAMERA_1': ['autofocus_points', 'color', 'effects', 'sensor_size', 'preset_modes', 'ISO', 'long_exposure'], 'CAMERA_2': ['color', 'long_exposure', 'sensor_size', 'weight', 'preset_modes', 'effects'], 'CAMERA_3': []}",C_ANYTHING_ELSE_AVAILABLE,CAMERA_1,NONE,Do you have any other cameras under $300,PRESENT_X,CAMERA_1,S_INTRODUCES_CAMERA,CAMERA_3,,Let me show you this. Here we have the Fujifilm PowerShot ELPH S2800.,PRESENT_X,CAMERA_3,39~68
535,19,CAMERA_3,"['CAMERA_2', 'CAMERA_1', 'CAMERA_3']","{'CAMERA_1': ['autofocus_points', 'color', 'effects', 'sensor_size', 'preset_modes', 'ISO', 'long_exposure'], 'CAMERA_2': ['color', 'long_exposure', 'sensor_size', 'weight', 'preset_modes', 'effects'], 'CAMERA_3': ['autofocus_points']}",C_SILENT_OR_BACKCHANNEL,CAMERA_3,NONE,IC,PRESENT_X,CAMERA_3,S_INTRODUCES_FEATURE,CAMERA_3,autofocus_points,This one has 214 autofocus points.,PRESENT_X,CAMERA_3,13~33
535,20,CAMERA_3,"['CAMERA_2', 'CAMERA_1', 'CAMERA_3']","{'CAMERA_1': ['autofocus_points', 'color', 'effects', 'sensor_size', 'preset_modes', 'ISO', 'long_exposure'], 'CAMERA_2': ['color', 'long_exposure', 'sensor_size', 'weight', 'preset_modes', 'effects'], 'CAMERA_3': ['autofocus_points', 'ISO']}",C_SILENT_OR_BACKCHANNEL,CAMERA_3,NONE,that looks good,PRESENT_X,CAMERA_3,S_INTRODUCES_FEATURE,CAMERA_3,ISO,This one has up to 3200 ISO with little noise.,PRESENT_X,CAMERA_3,13~45
535,21,CAMERA_3,"['CAMERA_2', 'CAMERA_1', 'CAMERA_3']","{'CAMERA_1': ['autofocus_points', 'color', 'effects', 'sensor_size', 'preset_modes', 'ISO', 'long_exposure'], 'CAMERA_2': ['color', 'long_exposure', 'sensor_size', 'weight', 'preset_modes', 'effects'], 'CAMERA_3': ['autofocus_points', 'ISO', 'color']}",C_QUESTION_ABOUT_FEATURE,CAMERA_3,color,that's cool what colors does it come in,PRESENT_X,CAMERA_3,S_ANSWERS_QUESTION_ABOUT_FEATURE,CAMERA_3,color,"This one comes in purple, white, silver, blue, red, or pink.",PRESENT_X,CAMERA_3,18~59
535,22,,"['CAMERA_2', 'CAMERA_1', 'CAMERA_3']","{'CAMERA_1': ['autofocus_points', 'color', 'effects', 'sensor_size', 'preset_modes', 'ISO', 'long_exposure'], 'CAMERA_2': ['color', 'long_exposure', 'sensor_size', 'weight', 'preset_modes', 'effects'], 'CAMERA_3': ['autofocus_points', 'ISO', 'color']}",C_ANYTHING_ELSE_AVAILABLE,CAMERA_3,NONE,okay do you have any other cameras I might be interested,PRESENT_X,CAMERA_3,S_THATS_ALL_WE_HAVE_AVAILABLE,CAMERA_3,,That's all we have available at the moment.,PRESENT_X,CAMERA_3,
535,23,NONE,"['CAMERA_2', 'CAMERA_1', 'CAMERA_3']","{'CAMERA_1': ['autofocus_points', 'color', 'effects', 'sensor_size', 'preset_modes', 'ISO', 'long_exposure'], 'CAMERA_2': ['color', 'long_exposure', 'sensor_size', 'weight', 'preset_modes', 'effects'], 'CAMERA_3': ['autofocus_points', 'ISO', 'color']}",C_THANK_YOU,CAMERA_3,NONE,thanks,PRESENT_X,CAMERA_3,S_THANK_YOU,CAMERA_3,NONE,thank you very much.,FACE_TO_FACE,NONE,
535,24,NONE,"['CAMERA_2', 'CAMERA_1', 'CAMERA_3']","{'CAMERA_1': ['autofocus_points', 'color', 'effects', 'sensor_size', 'preset_modes', 'ISO', 'long_exposure'], 'CAMERA_2': ['color', 'long_exposure', 'sensor_size', 'weight', 'preset_modes', 'effects'], 'CAMERA_3': ['autofocus_points', 'ISO', 'color']}",C_LEAVES,DOOR,NONE,,FACE_TO_FACE,NONE,S_RETURNS_TO_COUNTER,SERVICE_COUNTER,NONE,,WAITING,NONE,
536,1,NONE,[],"{'CAMERA_1': [], 'CAMERA_2': [], 'CAMERA_3': []}",C_ENTERS,DOOR,NONE,,WAITING,NONE,S_NONE,SERVICE_COUNTER,NONE,,WAITING,NONE,
536,2,NONE,[],"{'CAMERA_1': [], 'CAMERA_2': [], 'CAMERA_3': []}",C_WALKS_TO_CAMERA,CAMERA_1,NONE,,WAITING,NONE,S_GREETS,CAMERA_1,NONE,can I help you?,FACE_TO_FACE,NONE,
536,3,CAMERA_3,['CAMERA_3'],"{'CAMERA_1': [], 'CAMERA_2': [], 'CAMERA_3': []}",C_LOOKING_FOR_A_CAMERA,CAMERA_1,NONE,good afternoon I'm looking to buy a new camera just that I'm not a professional photographer so can you please show me the ones you have,FACE_TO_FACE,NONE,S_INTRODUCES_CAMERA,CAMERA_3,,Let me show you this. Here we have the Fujifilm PowerShot ELPH S2800.,PRESENT_X,CAMERA_3,39~68
536,4,CAMERA_3,['CAMERA_3'],"{'CAMERA_1': [], 'CAMERA_2': [], 'CAMERA_3': ['color']}",C_SILENT_OR_BACKCHANNEL,CAMERA_3,NONE,yes but it didn't take really nice pictures the detail was pretty bad and so was the colors,PRESENT_X,CAMERA_3,S_INTRODUCES_FEATURE,CAMERA_3,color,"This one comes in purple, white, silver, blue, red, or pink.",PRESENT_X,CAMERA_3,18~59
536,5,NONE,['CAMERA_3'],"{'CAMERA_1': [], 'CAMERA_2': [], 'CAMERA_3': ['color']}",C_THANK_YOU,CAMERA_3,NONE,ok thank you very much for your health,PRESENT_X,CAMERA_3,S_THANK_YOU,CAMERA_3,NONE,thank you very much.,FACE_TO_FACE,NONE,
536,6,NONE,['CAMERA_3'],"{'CAMERA_1': [], 'CAMERA_2': [], 'CAMERA_3': ['color']}",C_LEAVES,DOOR,NONE,,FACE_TO_FACE,NONE,S_RETURNS_TO_COUNTER,SERVICE_COUNTER,NONE,,WAITING,NONE,
537,1,NONE,[],"{'CAMERA_1': [], 'CAMERA_2': [], 'CAMERA_3': []}",C_ENTERS,DOOR,NONE,,WAITING,NONE,S_NONE,SERVICE_COUNTER,NONE,,WAITING,NONE,
537,2,NONE,[],"{'CAMERA_1': [], 'CAMERA_2': [], 'CAMERA_3': []}",C_GREETS,MIDDLE,NONE,hello how you doing,WAITING,NONE,S_GREETS,MIDDLE,NONE,can I help you?,FACE_TO_FACE,NONE,
537,3,CAMERA_2,['CAMERA_2'],"{'CAMERA_1': [], 'CAMERA_2': [], 'CAMERA_3': []}",C_LOOKING_FOR_A_CAMERA,MIDDLE,NONE,you know I want a good camera can you suggest me,FACE_TO_FACE,NONE,S_INTRODUCES_CAMERA,CAMERA_2,,Let me show you this. Here we have the Fujifilm Lumix ILC Camera.,PRESENT_X,CAMERA_2,39~64
537,4,CAMERA_2,['CAMERA_2'],"{'CAMERA_1': [], 'CAMERA_2': ['autofocus_points'], 'CAMERA_3': []}",C_QUESTION_ABOUT_FEATURE,CAMERA_2,autofocus_points,how about the number of autofocus points it has,PRESENT_X,CAMERA_2,S_NOT_SURE,CAMERA_2,,I'm not really sure about that.,PRESENT_X,CAMERA_2,
537,5,CAMERA_2,['CAMERA_2'],"{'CAMERA_1': [], 'CAMERA_2': ['autofocus_points', 'resolution'], 'CAMERA_3': []}",C_SILENT_OR_BACKCHANNEL,CAMERA_2,NONE,ok,PRESENT_X,CAMERA_2,S_INTRODUCES_FEATURE,CAMERA_2,resolution,This one has 23.8 megapixels resolution.,PRESENT_X,CAMERA_2,13~28
537,6,CAMERA_2,['CAMERA_2'],"{'CAMERA_1': [], 'CAMERA_2': ['autofocus_points', 'resolution', 'color'], 'CAMERA_3': []}",C_QUESTION_ABOUT_FEATURE,CAMERA_2,color,can I know if you have any other colors,PRESENT_X,CAMERA_2,S_ANSWERS_QUESTION_ABOUT_FEATURE,CAMERA_2,color,This one comes in white or pink.,PRESENT_X,CAMERA_2,18~31
537,7,CAMERA_2,['CAMERA_2'],"{'CAMERA_1': [], 'CAMERA_2': ['autofocus_points', 'resolution', 'color', 'preset_modes'], 'CAMERA_3': []}",C_QUESTION_ABOUT_FEATURE,CAMERA_2,preset_modes,Is this support preset mode,PRESENT_X,CAMERA_2,S_NOT_SURE,CAMERA_2,,I'm not really sure about that.,PRESENT_X,CAMERA_2,
537,8,CAMERA_2,['CAMERA_2'],"{'CAMERA_1': [], 'CAMERA_2': ['autofocus_points', 'resolution', 'color', 'preset_modes', 'ISO'], 'CAMERA_3': []}",C_QUESTION_ABOUT_FEATURE,CAMERA_2,ISO,what is the ISO,PRESENT_X,CAMERA_2,S_NOT_SURE,CAMERA_2,,I'm not really sure about that.,PRESENT_X,CAMERA_2,
537,9,CAMERA_2,['CAMERA_2'],"{'CAMERA_1': [], 'CAMERA_2': ['autofocus_points', 'resolution', 'color', 'preset_modes', 'ISO', 'camera_type'], 'CAMERA_3': []}",C_QUESTION_ABOUT_FEATURE,CAMERA_2,camera_type,Is this a mirrorless camera?,PRESENT_X,CAMERA_2,S_ANSWERS_QUESTION_ABOUT_FEATURE,CAMERA_2,camera_type,This is a digital single lens mirrorless camera.,PRESENT_X,CAMERA_2,10~40
537,10,CAMERA_2,['CAMERA_2'],"{'CAMERA_1': [], 'CAMERA_2': ['autofocus_points', 'resolution', 'color', 'preset_modes', 'ISO', 'camera_type', 'weight'], 'CAMERA_3': []}",C_SILENT_OR_BACKCHANNEL,CAMERA_2,NONE,IC,PRESENT_X,CAMERA_2,S_INTRODUCES_FEATURE,CAMERA_2,weight,This one weighs 820 grams.,PRESENT_X,CAMERA_2,16~25
537,11,CAMERA_2,['CAMERA_2'],"{'CAMERA_1': [], 'CAMERA_2': ['autofocus_points', 'resolution', 'color', 'preset_modes', 'ISO', 'camera_type', 'weight', 'optical_zoom'], 'CAMERA_3': []}",C_SILENT_OR_BACKCHANNEL,CAMERA_2,NONE,ic,PRESENT_X,CAMERA_2,S_INTRODUCES_FEATURE,CAMERA_2,optical_zoom,This one has 21x optical zoom.,PRESENT_X,CAMERA_2,13~29
537,12,CAMERA_2,['CAMERA_2'],"{'CAMERA_1': [], 'CAMERA_2': ['autofocus_points', 'resolution', 'color', 'preset_modes', 'ISO', 'camera_type', 'weight', 'optical_zoom', 'settings'], 'CAMERA_3': []}",C_QUESTION_ABOUT_FEATURE,CAMERA_2,settings,what manual settings can I control,PRESENT_X,CAMERA_2,S_ANSWERS_QUESTION_ABOUT_FEATURE,CAMERA_2,settings,"This one has manual control and various automatic settings (video modeburst shooting, etc.).",PRESENT_X,CAMERA_2,13~91
537,13,CAMERA_2,['CAMERA_2'],"{'CAMERA_1': [], 'CAMERA_2': ['autofocus_points', 'resolution', 'color', 'preset_modes', 'ISO', 'camera_type', 'weight', 'optical_zoom', 'settings', 'long_exposure'], 'CAMERA_3': []}",C_SILENT_OR_BACKCHANNEL,CAMERA_2,NONE,ok,PRESENT_X,CAMERA_2,S_INTRODUCES_FEATURE,CAMERA_2,long_exposure,This one can take long exposures up to 60 minutes max with bulb mode.,PRESENT_X,CAMERA_2,39~68
537,14,CAMERA_2,['CAMERA_2'],"{'CAMERA_1': [], 'CAMERA_2': ['autofocus_points', 'resolution', 'color', 'preset_modes', 'ISO', 'camera_type', 'weight', 'optical_zoom', 'settings', 'long_exposure', 'effects'], 'CAMERA_3': []}",C_SILENT_OR_BACKCHANNEL,CAMERA_2,NONE,I see AA ok,PRESENT_X,CAMERA_2,S_INTRODUCES_FEATURE,CAMERA_2,effects,"This one has 24 artistic effect modes (retro, lighter or darker skin tones, sepia, etc.).",PRESENT_X,CAMERA_2,13~88
537,15,CAMERA_2,['CAMERA_2'],"{'CAMERA_1': [], 'CAMERA_2': ['autofocus_points', 'resolution', 'color', 'preset_modes', 'ISO', 'camera_type', 'weight', 'optical_zoom', 'settings', 'long_exposure', 'effects', 'price'], 'CAMERA_3': []}",C_QUESTION_ABOUT_FEATURE,CAMERA_2,price,how much is this camera,PRESENT_X,CAMERA_2,S_ANSWERS_QUESTION_ABOUT_FEATURE,CAMERA_2,price,This one costs $768.,PRESENT_X,CAMERA_2,15~19
537,16,CAMERA_2,['CAMERA_2'],"{'CAMERA_1': [], 'CAMERA_2': ['autofocus_points', 'resolution', 'color', 'preset_modes', 'ISO', 'camera_type', 'weight', 'optical_zoom', 'settings', 'long_exposure', 'effects', 'price', 'sensor_size'], 'CAMERA_3': []}",C_QUESTION_ABOUT_FEATURE,CAMERA_2,sensor_size,and how big is the sensor,PRESENT_X,CAMERA_2,S_ANSWERS_QUESTION_ABOUT_FEATURE,CAMERA_2,sensor_size,This one has a 1/2.33 inch sensor.,PRESENT_X,CAMERA_2,15~33
537,17,CAMERA_2,['CAMERA_2'],"{'CAMERA_1': [], 'CAMERA_2': ['autofocus_points', 'resolution', 'color', 'preset_modes', 'ISO', 'camera_type', 'weight', 'optical_zoom', 'settings', 'long_exposure', 'effects', 'price', 'sensor_size', 'settings'], 'CAMERA_3': []}",C_QUESTION_ABOUT_FEATURE,CAMERA_2,settings,thank you tell me about the ability to adjust the settings,PRESENT_X,CAMERA_2,S_ANSWERS_QUESTION_ABOUT_FEATURE,CAMERA_2,settings,"This one has manual control and various automatic settings (video modeburst shooting, etc.).",PRESENT_X,CAMERA_2,13~91
537,18,CAMERA_2,['CAMERA_2'],"{'CAMERA_1': [], 'CAMERA_2': ['autofocus_points', 'resolution', 'color', 'preset_modes', 'ISO', 'camera_type', 'weight', 'optical_zoom', 'settings', 'long_exposure', 'effects', 'price', 'sensor_size', 'settings', 'settings'], 'CAMERA_3': []}",C_QUESTION_ABOUT_FEATURE,CAMERA_2,settings,nice and what about the mental settings,PRESENT_X,CAMERA_2,S_ANSWERS_QUESTION_ABOUT_FEATURE,CAMERA_2,settings,"This one has manual control and various automatic settings (video modeburst shooting, etc.).",PRESENT_X,CAMERA_2,13~91
537,19,CAMERA_2,['CAMERA_2'],"{'CAMERA_1': [], 'CAMERA_2': ['autofocus_points', 'resolution', 'color', 'preset_modes', 'ISO', 'camera_type', 'weight', 'optical_zoom', 'settings', 'long_exposure', 'effects', 'price', 'sensor_size', 'settings', 'settings', 'sensor_size'], 'CAMERA_3': []}",C_QUESTION_ABOUT_FEATURE,CAMERA_2,sensor_size,And the sensor size on this one,PRESENT_X,CAMERA_2,S_ANSWERS_QUESTION_ABOUT_FEATURE,CAMERA_2,sensor_size,This one has a 1/2.33 inch sensor.,PRESENT_X,CAMERA_2,15~33
537,20,CAMERA_2,['CAMERA_2'],"{'CAMERA_1': [], 'CAMERA_2': ['autofocus_points', 'resolution', 'color', 'preset_modes', 'ISO', 'camera_type', 'weight', 'optical_zoom', 'settings', 'long_exposure', 'effects', 'price', 'sensor_size', 'settings', 'settings', 'sensor_size', 'price'], 'CAMERA_3': []}",C_SILENT_OR_BACKCHANNEL,CAMERA_2,NONE,yeah that sounds great to me I don't have to worry about the technical stuff,PRESENT_X,CAMERA_2,S_INTRODUCES_FEATURE,CAMERA_2,price,This one costs $768.,PRESENT_X,CAMERA_2,15~19
537,21,CAMERA_2,['CAMERA_2'],"{'CAMERA_1': [], 'CAMERA_2': ['autofocus_points', 'resolution', 'color', 'preset_modes', 'ISO', 'camera_type', 'weight', 'optical_zoom', 'settings', 'long_exposure', 'effects', 'price', 'sensor_size', 'settings', 'settings', 'sensor_size', 'price', 'long_exposure'], 'CAMERA_3': []}",C_QUESTION_ABOUT_FEATURE,CAMERA_2,long_exposure,There is time when I need to open the shutter for longer than 30 seconds is it possible with this camera,PRESENT_X,CAMERA_2,S_ANSWERS_QUESTION_ABOUT_FEATURE,CAMERA_2,long_exposure,This one can take long exposures up to 60 minutes max with bulb mode.,PRESENT_X,CAMERA_2,39~68
537,22,CAMERA_2,['CAMERA_2'],"{'CAMERA_1': [], 'CAMERA_2': ['autofocus_points', 'resolution', 'color', 'preset_modes', 'ISO', 'camera_type', 'weight', 'optical_zoom', 'settings', 'long_exposure', 'effects', 'price', 'sensor_size', 'settings', 'settings', 'sensor_size', 'price', 'long_exposure', 'long_exposure'], 'CAMERA_3': []}",C_QUESTION_ABOUT_FEATURE,CAMERA_2,long_exposure,what about the exposure,PRESENT_X,CAMERA_2,S_ANSWERS_QUESTION_ABOUT_FEATURE,CAMERA_2,long_exposure,This one can take long exposures up to 60 minutes max with bulb mode.,PRESENT_X,CAMERA_2,39~68
537,23,CAMERA_2,['CAMERA_2'],"{'CAMERA_1': [], 'CAMERA_2': ['autofocus_points', 'resolution', 'color', 'preset_modes', 'ISO', 'camera_type', 'weight', 'optical_zoom', 'settings', 'long_exposure', 'effects', 'price', 'sensor_size', 'settings', 'settings', 'sensor_size', 'price', 'long_exposure', 'long_exposure', 'autofocus_points'], 'CAMERA_3': []}",C_QUESTION_ABOUT_FEATURE,CAMERA_2,autofocus_points,does it have autofocus,PRESENT_X,CAMERA_2,S_NOT_SURE,CAMERA_2,,I'm not really sure about that.,PRESENT_X,CAMERA_2,
537,24,CAMERA_2,['CAMERA_2'],"{'CAMERA_1': [], 'CAMERA_2': ['autofocus_points', 'resolution', 'color', 'preset_modes', 'ISO', 'camera_type', 'weight', 'optical_zoom', 'settings', 'long_exposure', 'effects', 'price', 'sensor_size', 'settings', 'settings', 'sensor_size', 'price', 'long_exposure', 'long_exposure', 'autofocus_points', 'resolution'], 'CAMERA_3': []}",C_SILENT_OR_BACKCHANNEL,CAMERA_2,NONE,yeah it's so that's nice if anything else,PRESENT_X,CAMERA_2,S_INTRODUCES_FEATURE,CAMERA_2,resolution,This one has 23.8 megapixels resolution.,PRESENT_X,CAMERA_2,13~28
537,25,CAMERA_2,['CAMERA_2'],"{'CAMERA_1': [], 'CAMERA_2': ['autofocus_points', 'resolution', 'color', 'preset_modes', 'ISO', 'camera_type', 'weight', 'optical_zoom', 'settings', 'long_exposure', 'effects', 'price', 'sensor_size', 'settings', 'settings', 'sensor_size', 'price', 'long_exposure', 'long_exposure', 'autofocus_points', 'resolution', 'optical_zoom'], 'CAMERA_3': []}",C_QUESTION_ABOUT_FEATURE,CAMERA_2,optical_zoom,I see what about the optical zoom,PRESENT_X,CAMERA_2,S_ANSWERS_QUESTION_ABOUT_FEATURE,CAMERA_2,optical_zoom,This one has 21x optical zoom.,PRESENT_X,CAMERA_2,13~29
537,26,CAMERA_3,"['CAMERA_2', 'CAMERA_3']","{'CAMERA_1': [], 'CAMERA_2': ['autofocus_points', 'resolution', 'color', 'preset_modes', 'ISO', 'camera_type', 'weight', 'optical_zoom', 'settings', 'long_exposure', 'effects', 'price', 'sensor_size', 'settings', 'settings', 'sensor_size', 'price', 'long_exposure', 'long_exposure', 'autofocus_points', 'resolution', 'optical_zoom'], 'CAMERA_3': []}",C_ANYTHING_ELSE_AVAILABLE,CAMERA_2,NONE,that's good that's okay I like it when do you have other models in this area,PRESENT_X,CAMERA_2,S_INTRODUCES_CAMERA,CAMERA_3,,Let me show you this. Here we have the Fujifilm PowerShot ELPH S2800.,PRESENT_X,CAMERA_3,39~68
537,27,CAMERA_3,"['CAMERA_2', 'CAMERA_3']","{'CAMERA_1': [], 'CAMERA_2': ['autofocus_points', 'resolution', 'color', 'preset_modes', 'ISO', 'camera_type', 'weight', 'optical_zoom', 'settings', 'long_exposure', 'effects', 'price', 'sensor_size', 'settings', 'settings', 'sensor_size', 'price', 'long_exposure', 'long_exposure', 'autofocus_points', 'resolution', 'optical_zoom'], 'CAMERA_3': ['sensor_size']}",C_SILENT_OR_BACKCHANNEL,CAMERA_3,NONE,I see,PRESENT_X,CAMERA_3,S_INTRODUCES_FEATURE,CAMERA_3,sensor_size,This one has a full frame.,PRESENT_X,CAMERA_3,15~25
537,28,NONE,"['CAMERA_2', 'CAMERA_3']","{'CAMERA_1': [], 'CAMERA_2': ['autofocus_points', 'resolution', 'color', 'preset_modes', 'ISO', 'camera_type', 'weight', 'optical_zoom', 'settings', 'long_exposure', 'effects', 'price', 'sensor_size', 'settings', 'settings', 'sensor_size', 'price', 'long_exposure', 'long_exposure', 'autofocus_points', 'resolution', 'optical_zoom'], 'CAMERA_3': ['sensor_size']}",C_THANK_YOU,CAMERA_3,NONE,thank you so much,PRESENT_X,CAMERA_3,S_THANK_YOU,CAMERA_3,NONE,thank you very much.,FACE_TO_FACE,NONE,
537,29,NONE,"['CAMERA_2', 'CAMERA_3']","{'CAMERA_1': [], 'CAMERA_2': ['autofocus_points', 'resolution', 'color', 'preset_modes', 'ISO', 'camera_type', 'weight', 'optical_zoom', 'settings', 'long_exposure', 'effects', 'price', 'sensor_size', 'settings', 'settings', 'sensor_size', 'price', 'long_exposure', 'long_exposure', 'autofocus_points', 'resolution', 'optical_zoom'], 'CAMERA_3': ['sensor_size']}",C_LEAVES,DOOR,NONE,,FACE_TO_FACE,NONE,S_RETURNS_TO_COUNTER,SERVICE_COUNTER,NONE,,WAITING,NONE,
538,1,NONE,[],"{'CAMERA_1': [], 'CAMERA_2': [], 'CAMERA_3': []}",C_ENTERS,DOOR,NONE,,WAITING,NONE,S_NONE,SERVICE_COUNTER,NONE,,WAITING,NONE,
538,2,NONE,[],"{'CAMERA_1': [], 'CAMERA_2': [], 'CAMERA_3': []}",C_GREETS,MIDDLE,NONE,hello,WAITING,NONE,S_GREETS,MIDDLE,NONE,can I help you?,FACE_TO_FACE,NONE,
538,3,CAMERA_1,['CAMERA_1'],"{'CAMERA_1': [], 'CAMERA_2': [], 'CAMERA_3': []}",C_LOOKING_FOR_A_CAMERA,MIDDLE,NONE,I'm looking for a camera,FACE_TO_FACE,NONE,S_INTRODUCES_CAMERA,CAMERA_1,,Let me show you this. Here we have the Sony PowerShot ELPH DMC-ZS3.,PRESENT_X,CAMERA_1,39~66
538,4,CAMERA_1,['CAMERA_1'],"{'CAMERA_1': ['effects'], 'CAMERA_2': [], 'CAMERA_3': []}",C_SILENT_OR_BACKCHANNEL,CAMERA_1,NONE,looks nice doesn't match what I want how much is consumed you know I want to sue me in and zoom out,PRESENT_X,CAMERA_1,S_INTRODUCES_FEATURE,CAMERA_1,effects,"This one has 24 glamor retouch effects (miniature, retro, toy camera, etc.).",PRESENT_X,CAMERA_1,13~75
538,5,NONE,['CAMERA_1'],"{'CAMERA_1': ['effects'], 'CAMERA_2': [], 'CAMERA_3': []}",C_THANK_YOU,CAMERA_1,NONE,mmm I think I'll have to think about it thank you very much anytime,PRESENT_X,CAMERA_1,S_THANK_YOU,CAMERA_1,NONE,thank you very much.,FACE_TO_FACE,NONE,
538,6,NONE,['CAMERA_1'],"{'CAMERA_1': ['effects'], 'CAMERA_2': [], 'CAMERA_3': []}",C_LEAVES,DOOR,NONE,,FACE_TO_FACE,NONE,S_RETURNS_TO_COUNTER,SERVICE_COUNTER,NONE,,WAITING,NONE,
539,1,NONE,[],"{'CAMERA_1': [], 'CAMERA_2': [], 'CAMERA_3': []}",C_ENTERS,DOOR,NONE,,WAITING,NONE,S_NONE,SERVICE_COUNTER,NONE,,WAITING,NONE,
539,2,NONE,[],"{'CAMERA_1': [], 'CAMERA_2': [], 'CAMERA_3': []}",C_GREETS,MIDDLE,NONE,excuse me,WAITING,NONE,S_GREETS,MIDDLE,NONE,can I help you?,FACE_TO_FACE,NONE,
539,3,CAMERA_2,['CAMERA_2'],"{'CAMERA_1': [], 'CAMERA_2': [], 'CAMERA_3': []}",C_LOOKING_FOR_A_CAMERA,MIDDLE,NONE,I am looking to buy a body camera end SLR my gracious break so I was wondering if you had anything like that,FACE_TO_FACE,NONE,S_INTRODUCES_CAMERA,CAMERA_2,,Let me show you this. Here we have the Fujifilm Lumix ILC Camera.,PRESENT_X,CAMERA_2,39~64
539,4,CAMERA_2,['CAMERA_2'],"{'CAMERA_1': [], 'CAMERA_2': ['price'], 'CAMERA_3': []}",C_SILENT_OR_BACKCHANNEL,CAMERA_2,NONE,IC,PRESENT_X,CAMERA_2,S_INTRODUCES_FEATURE,CAMERA_2,price,This one costs $768.,PRESENT_X,CAMERA_2,15~19
539,5,CAMERA_2,['CAMERA_2'],"{'CAMERA_1': [], 'CAMERA_2': ['price', 'resolution'], 'CAMERA_3': []}",C_SILENT_OR_BACKCHANNEL,CAMERA_2,NONE,how it looks really good,PRESENT_X,CAMERA_2,S_INTRODUCES_FEATURE,CAMERA_2,resolution,This one has 23.8 megapixels resolution.,PRESENT_X,CAMERA_2,13~28
539,6,CAMERA_3,"['CAMERA_2', 'CAMERA_3']","{'CAMERA_1': [], 'CAMERA_2': ['price', 'resolution'], 'CAMERA_3': []}",C_ANYTHING_ELSE_AVAILABLE,CAMERA_2,NONE,that's good that's okay I like it when do you have other models in this area,PRESENT_X,CAMERA_2,S_INTRODUCES_CAMERA,CAMERA_3,,Let me show you this. Here we have the Fujifilm PowerShot ELPH S2800.,PRESENT_X,CAMERA_3,39~68
539,7,CAMERA_3,"['CAMERA_2', 'CAMERA_3']","{'CAMERA_1': [], 'CAMERA_2': ['price', 'resolution'], 'CAMERA_3': ['price']}",C_QUESTION_ABOUT_FEATURE,CAMERA_3,price,what is the price,PRESENT_X,CAMERA_3,S_ANSWERS_QUESTION_ABOUT_FEATURE,CAMERA_3,price,This one costs $518.,PRESENT_X,CAMERA_3,15~19
539,8,CAMERA_3,"['CAMERA_2', 'CAMERA_3']","{'CAMERA_1': [], 'CAMERA_2': ['price', 'resolution'], 'CAMERA_3': ['price', 'sensor_size']}",C_QUESTION_ABOUT_FEATURE,CAMERA_3,sensor_size,what is the sensor size like,PRESENT_X,CAMERA_3,S_ANSWERS_QUESTION_ABOUT_FEATURE,CAMERA_3,sensor_size,This one has a full frame.,PRESENT_X,CAMERA_3,15~25
539,9,CAMERA_3,"['CAMERA_2', 'CAMERA_3']","{'CAMERA_1': [], 'CAMERA_2': ['price', 'resolution'], 'CAMERA_3': ['price', 'sensor_size', 'resolution']}",C_QUESTION_ABOUT_FEATURE,CAMERA_3,resolution,how many megapixels,PRESENT_X,CAMERA_3,S_ANSWERS_QUESTION_ABOUT_FEATURE,CAMERA_3,resolution,This one has 23.2 megapixels resolution.,PRESENT_X,CAMERA_3,13~28
539,10,CAMERA_3,"['CAMERA_2', 'CAMERA_3']","{'CAMERA_1': [], 'CAMERA_2': ['price', 'resolution'], 'CAMERA_3': ['price', 'sensor_size', 'resolution', 'optical_zoom']}",C_QUESTION_ABOUT_FEATURE,CAMERA_3,optical_zoom,I see ok can the optical zoom what does that do,PRESENT_X,CAMERA_3,S_NOT_SURE,CAMERA_3,,I'm not really sure about that.,PRESENT_X,CAMERA_3,
539,11,CAMERA_3,"['CAMERA_2', 'CAMERA_3']","{'CAMERA_1': [], 'CAMERA_2': ['price', 'resolution'], 'CAMERA_3': ['price', 'sensor_size', 'resolution', 'optical_zoom', 'preset_modes']}",C_QUESTION_ABOUT_FEATURE,CAMERA_3,preset_modes,does this camera support for preset mode,PRESENT_X,CAMERA_3,S_ANSWERS_QUESTION_ABOUT_FEATURE,CAMERA_3,preset_modes,This one has various preset modes.,PRESENT_X,CAMERA_3,13~33
539,12,NONE,"['CAMERA_2', 'CAMERA_3']","{'CAMERA_1': [], 'CAMERA_2': ['price', 'resolution'], 'CAMERA_3': ['price', 'sensor_size', 'resolution', 'optical_zoom', 'preset_modes']}",C_THANK_YOU,CAMERA_3,NONE,thank you,PRESENT_X,CAMERA_3,S_THANK_YOU,CAMERA_3,NONE,thank you very much.,FACE_TO_FACE,NONE,
539,13,NONE,"['CAMERA_2', 'CAMERA_3']","{'CAMERA_1': [], 'CAMERA_2': ['price', 'resolution'], 'CAMERA_3': ['price', 'sensor_size', 'resolution', 'optical_zoom', 'preset_modes']}",C_LEAVES,DOOR,NONE,,FACE_TO_FACE,NONE,S_RETURNS_TO_COUNTER,SERVICE_COUNTER,NONE,,WAITING,NONE,
540,1,NONE,[],"{'CAMERA_1': [], 'CAMERA_2': [], 'CAMERA_3': []}",C_ENTERS,DOOR,NONE,,WAITING,NONE,S_NONE,SERVICE_COUNTER,NONE,,WAITING,NONE,
540,2,NONE,[],"{'CAMERA_1': [], 'CAMERA_2': [], 'CAMERA_3': []}",C_WALKS_TO_CAMERA,CAMERA_1,NONE,,WAITING,NONE,S_GREETS,CAMERA_1,NONE,can I help you?,FACE_TO_FACE,NONE,
540,3,CAMERA_1,['CAMERA_1'],"{'CAMERA_1': [], 'CAMERA_2': [], 'CAMERA_3': []}",C_LOOKING_FOR_A_CAMERA,CAMERA_1,NONE,yes I'm looking for a camera for my photoshop my other camera broke and I need another one,FACE_TO_FACE,NONE,S_INTRODUCES_CAMERA,CAMERA_1,,Let me show you this. Here we have the Sony PowerShot ELPH DMC-ZS3.,PRESENT_X,CAMERA_1,39~66
540,4,CAMERA_1,['CAMERA_1'],"{'CAMERA_1': ['optical_zoom'], 'CAMERA_2': [], 'CAMERA_3': []}",C_QUESTION_ABOUT_FEATURE,CAMERA_1,optical_zoom,good good good and it has the optical zoom,PRESENT_X,CAMERA_1,S_ANSWERS_QUESTION_ABOUT_FEATURE,CAMERA_1,optical_zoom,This one has 21x optical zoom.,PRESENT_X,CAMERA_1,13~29
540,5,NONE,['CAMERA_1'],"{'CAMERA_1': ['optical_zoom'], 'CAMERA_2': [], 'CAMERA_3': []}",C_THANK_YOU,CAMERA_1,NONE,thank you,PRESENT_X,CAMERA_1,S_THANK_YOU,CAMERA_1,NONE,thank you very much.,FACE_TO_FACE,NONE,
540,6,NONE,['CAMERA_1'],"{'CAMERA_1': ['optical_zoom'], 'CAMERA_2': [], 'CAMERA_3': []}",C_LEAVES,DOOR,NONE,,FACE_TO_FACE,NONE,S_RETURNS_TO_COUNTER,SERVICE_COUNTER,NONE,,WAITING,NONE,
541,1,NONE,[],"{'CAMERA_1': [], 'CAMERA_2': [], 'CAMERA_3': []}",C_ENTERS,DOOR,NONE,,WAITING,NONE,S_NONE,SERVICE_COUNTER,NONE,,WAITING,NONE,
541,2,NONE,[],"{'CAMERA_1': [], 'CAMERA_2': [], 'CAMERA_3': []}",C_WALKS_TO_CAMERA,CAMERA_1,NONE,,WAITING,NONE,S_NONE,SERVICE_COUNTER,NONE,,WAITING,NONE,
541,3,CAMERA_1,['CAMERA_1'],"{'CAMERA_1': ['ISO'], 'CAMERA_2': [], 'CAMERA_3': []}",C_QUESTION_ABOUT_FEATURE,CAMERA_1,ISO,ok what about the ISO as well,WAITING,NONE,S_ANSWERS_QUESTION_ABOUT_FEATURE,CAMERA_1,ISO,This one has up to 51200 ISO.,PRESENT_X,CAMERA_1,13~28
541,4,NONE,['CAMERA_1'],"{'CAMERA_1': ['ISO'], 'CAMERA_2': [], 'CAMERA_3': []}",C_THANK_YOU,CAMERA_1,NONE,thank you,PRESENT_X,CAMERA_1,S_THANK_YOU,CAMERA_1,NONE,thank you very much.,FACE_TO_FACE,NONE,
541,5,NONE,['CAMERA_1'],"{'CAMERA_1': ['ISO'], 'CAMERA_2': [], 'CAMERA_3': []}",C_LEAVES,DOOR,NONE,,FACE_TO_FACE,NONE,S_RETURNS_TO_COUNTER,SERVICE_COUNTER,NONE,,WAITING,NONE,
542,1,NONE,[],"{'CAMERA_1': [], 'CAMERA_2': [], 'CAMERA_3': []}",C_ENTERS,DOOR,NONE,,WAITING,NONE,S_NONE,SERVICE_COUNTER,NONE,,WAITING,NONE,
542,2,NONE,[],"{'CAMERA_1': [], 'CAMERA_2': [], 'CAMERA_3': []}",C_WALKS_TO_CAMERA,CAMERA_1,NONE,,WAITING,NONE,S_NONE,SERVICE_COUNTER,NONE,,WAITING,NONE,
542,3,CAMERA_1,['CAMERA_1'],"{'CAMERA_1': ['autofocus_points'], 'CAMERA_2': [], 'CAMERA_3': []}",C_QUESTION_ABOUT_FEATURE,CAMERA_1,autofocus_points,what about this cameras number of auto focus points,WAITING,NONE,S_ANSWERS_QUESTION_ABOUT_FEATURE,CAMERA_1,autofocus_points,This one has 135 autofocus points.,PRESENT_X,CAMERA_1,13~33
542,4,CAMERA_1,['CAMERA_1'],"{'CAMERA_1': ['autofocus_points', 'long_exposure'], 'CAMERA_2': [], 'CAMERA_3': []}",C_QUESTION_ABOUT_FEATURE,CAMERA_1,long_exposure,what's up with the long exposure,PRESENT_X,CAMERA_1,S_ANSWERS_QUESTION_ABOUT_FEATURE,CAMERA_1,long_exposure,This one can take long exposures up to up to 15 seconds with Long Shutter Mode.,PRESENT_X,CAMERA_1,39~78
542,5,CAMERA_1,['CAMERA_1'],"{'CAMERA_1': ['autofocus_points', 'long_exposure', 'optical_zoom'], 'CAMERA_2': [], 'CAMERA_3': []}",C_SILENT_OR_BACKCHANNEL,CAMERA_1,NONE,alright,PRESENT_X,CAMERA_1,S_INTRODUCES_FEATURE,CAMERA_1,optical_zoom,This one has 21x optical zoom.,PRESENT_X,CAMERA_1,13~29
542,6,CAMERA_1,['CAMERA_1'],"{'CAMERA_1': ['autofocus_points', 'long_exposure', 'optical_zoom', 'effects'], 'CAMERA_2': [], 'CAMERA_3': []}",C_SILENT_OR_BACKCHANNEL,CAMERA_1,NONE,ok,PRESENT_X,CAMERA_1,S_INTRODUCES_FEATURE,CAMERA_1,effects,"This one has 24 glamor retouch effects (miniature, retro, toy camera, etc.).",PRESENT_X,CAMERA_1,13~75
542,7,CAMERA_3,"['CAMERA_1', 'CAMERA_3']","{'CAMERA_1': ['autofocus_points', 'long_exposure', 'optical_zoom', 'effects'], 'CAMERA_2': [], 'CAMERA_3': []}",C_ANYTHING_ELSE_AVAILABLE,CAMERA_1,NONE,okay do you have any other cameras I might be interested,PRESENT_X,CAMERA_1,S_INTRODUCES_CAMERA,CAMERA_3,,Let me show you this. Here we have the Fujifilm PowerShot ELPH S2800.,PRESENT_X,CAMERA_3,39~68
542,8,CAMERA_3,"['CAMERA_1', 'CAMERA_3']","{'CAMERA_1': ['autofocus_points', 'long_exposure', 'optical_zoom', 'effects'], 'CAMERA_2': [], 'CAMERA_3': ['color']}",C_SILENT_OR_BACKCHANNEL,CAMERA_3,NONE,sounds good,PRESENT_X,CAMERA_3,S_INTRODUCES_FEATURE,CAMERA_3,color,"This one comes in purple, white, silver, blue, red, or pink.",PRESENT_X,CAMERA_3,18~59
542,9,CAMERA_3,"['CAMERA_1', 'CAMERA_3']","{'CAMERA_1': ['autofocus_points', 'long_exposure', 'optical_zoom', 'effects'], 'CAMERA_2': [], 'CAMERA_3': ['color', 'optical_zoom']}",C_QUESTION_ABOUT_FEATURE,CAMERA_3,optical_zoom,excuse me what does it mean by optical zoom,PRESENT_X,CAMERA_3,S_NOT_SURE,CAMERA_3,,I'm not really sure about that.,PRESENT_X,CAMERA_3,
542,10,CAMERA_3,"['CAMERA_1', 'CAMERA_3']","{'CAMERA_1': ['autofocus_points', 'long_exposure', 'optical_zoom', 'effects'], 'CAMERA_2': [], 'CAMERA_3': ['color', 'optical_zoom', 'camera_type']}",C_QUESTION_ABOUT_FEATURE,CAMERA_3,camera_type,what kind of camera is this,PRESENT_X,CAMERA_3,S_ANSWERS_QUESTION_ABOUT_FEATURE,CAMERA_3,camera_type,This is a point and shoot camera.,PRESENT_X,CAMERA_3,10~25
542,11,CAMERA_3,"['CAMERA_1', 'CAMERA_3']","{'CAMERA_1': ['autofocus_points', 'long_exposure', 'optical_zoom', 'effects'], 'CAMERA_2': [], 'CAMERA_3': ['color', 'optical_zoom', 'camera_type', 'sensor_size']}",C_SILENT_OR_BACKCHANNEL,CAMERA_3,NONE,okay,PRESENT_X,CAMERA_3,S_INTRODUCES_FEATURE,CAMERA_3,sensor_size,This one has a full frame.,PRESENT_X,CAMERA_3,15~25
542,12,CAMERA_3,"['CAMERA_1', 'CAMERA_3']","{'CAMERA_1': ['autofocus_points', 'long_exposure', 'optical_zoom', 'effects'], 'CAMERA_2': [], 'CAMERA_3': ['color', 'optical_zoom', 'camera_type', 'sensor_size', 'settings']}",C_QUESTION_ABOUT_FEATURE,CAMERA_3,settings,so purple sounds good and what about some manual settings,PRESENT_X,CAMERA_3,S_ANSWERS_QUESTION_ABOUT_FEATURE,CAMERA_3,settings,"This one has manual control and various automatic settings (video modeburst shooting, etc.).",PRESENT_X,CAMERA_3,13~91
542,13,NONE,"['CAMERA_1', 'CAMERA_3']","{'CAMERA_1': ['autofocus_points', 'long_exposure', 'optical_zoom', 'effects'], 'CAMERA_2': [], 'CAMERA_3': ['color', 'optical_zoom', 'camera_type', 'sensor_size', 'settings']}",C_THANK_YOU,CAMERA_3,NONE,okay thank you,PRESENT_X,CAMERA_3,S_THANK_YOU,CAMERA_3,NONE,thank you very much.,FACE_TO_FACE,NONE,
542,14,NONE,"['CAMERA_1', 'CAMERA_3']","{'CAMERA_1': ['autofocus_points', 'long_exposure', 'optical_zoom', 'effects'], 'CAMERA_2': [], 'CAMERA_3': ['color', 'optical_zoom', 'camera_type', 'sensor_size', 'settings']}",C_LEAVES,DOOR,NONE,,FACE_TO_FACE,NONE,S_RETURNS_TO_COUNTER,SERVICE_COUNTER,NONE,,WAITING,NONE,
543,1,NONE,[],"{'CAMERA_1': [], 'CAMERA_2': [], 'CAMERA_3': []}",C_ENTERS,DOOR,NONE,,WAITING,NONE,S_NONE,SERVICE_COUNTER,NONE,,WAITING,NONE,
543,2,NONE,[],"{'CAMERA_1': [], 'CAMERA_2': [], 'CAMERA_3': []}",C_WALKS_TO_CAMERA,CAMERA_2,NONE,,WAITING,NONE,S_GREETS,CAMERA_2,NONE,can I help you?,FACE_TO_FACE,NONE,
543,3,CAMERA_3,['CAMERA_3'],"{'CAMERA_1': [], 'CAMERA_2': [], 'CAMERA_3': []}",C_LOOKING_FOR_A_CAMERA,CAMERA_2,NONE,I'm looking for camera so I can take good shots on when I go travelling I miss you very interested in photography so do you recommend this camera,FACE_TO_FACE,NONE,S_INTRODUCES_CAMERA,CAMERA_3,,Let me show you this. Here we have the Fujifilm PowerShot ELPH S2800.,PRESENT_X,CAMERA_3,39~68
543,4,CAMERA_3,['CAMERA_3'],"{'CAMERA_1': [], 'CAMERA_2': [], 'CAMERA_3': ['preset_modes']}",C_QUESTION_ABOUT_FEATURE,CAMERA_3,preset_modes,is it equipped with any preset modes,PRESENT_X,CAMERA_3,S_ANSWERS_QUESTION_ABOUT_FEATURE,CAMERA_3,preset_modes,This one has various preset modes.,PRESENT_X,CAMERA_3,13~33
543,5,NONE,['CAMERA_3'],"{'CAMERA_1': [], 'CAMERA_2': [], 'CAMERA_3': ['preset_modes']}",C_THANK_YOU,CAMERA_3,NONE,thank you,PRESENT_X,CAMERA_3,S_THANK_YOU,CAMERA_3,NONE,thank you very much.,FACE_TO_FACE,NONE,
543,6,NONE,['CAMERA_3'],"{'CAMERA_1': [], 'CAMERA_2': [], 'CAMERA_3': ['preset_modes']}",C_LEAVES,DOOR,NONE,,FACE_TO_FACE,NONE,S_RETURNS_TO_COUNTER,SERVICE_COUNTER,NONE,,WAITING,NONE,
544,1,NONE,[],"{'CAMERA_1': [], 'CAMERA_2': [], 'CAMERA_3': []}",C_ENTERS,DOOR,NONE,,WAITING,NONE,S_NONE,SERVICE_COUNTER,NONE,,WAITING,NONE,
544,2,NONE,[],"{'CAMERA_1': [], 'CAMERA_2': [], 'CAMERA_3': []}",C_WALKS_TO_CAMERA,CAMERA_3,NONE,,WAITING,NONE,S_GREETS,CAMERA_3,NONE,can I help you?,FACE_TO_FACE,NONE,
544,3,CAMERA_1,['CAMERA_1'],"{'CAMERA_1': [], 'CAMERA_2': [], 'CAMERA_3': []}",C_LOOKING_FOR_A_CAMERA,CAMERA_3,NONE,I'm looking for a camera,FACE_TO_FACE,NONE,S_INTRODUCES_CAMERA,CAMERA_1,,Let me show you this. Here we have the Sony PowerShot ELPH DMC-ZS3.,PRESENT_X,CAMERA_1,39~66
544,4,CAMERA_1,['CAMERA_1'],"{'CAMERA_1': ['optical_zoom'], 'CAMERA_2': [], 'CAMERA_3': []}",C_SILENT_OR_BACKCHANNEL,CAMERA_1,NONE,okay,PRESENT_X,CAMERA_1,S_INTRODUCES_FEATURE,CAMERA_1,optical_zoom,This one has 21x optical zoom.,PRESENT_X,CAMERA_1,13~29
544,5,CAMERA_1,['CAMERA_1'],"{'CAMERA_1': ['optical_zoom', 'weight'], 'CAMERA_2': [], 'CAMERA_3': []}",C_SILENT_OR_BACKCHANNEL,CAMERA_1,NONE,IC,PRESENT_X,CAMERA_1,S_INTRODUCES_FEATURE,CAMERA_1,weight,This one weighs 800 grams.,PRESENT_X,CAMERA_1,16~25
544,6,CAMERA_1,['CAMERA_1'],"{'CAMERA_1': ['optical_zoom', 'weight', 'autofocus_points'], 'CAMERA_2': [], 'CAMERA_3': []}",C_SILENT_OR_BACKCHANNEL,CAMERA_1,NONE,okay,PRESENT_X,CAMERA_1,S_INTRODUCES_FEATURE,CAMERA_1,autofocus_points,This one has 135 autofocus points.,PRESENT_X,CAMERA_1,13~33
544,7,CAMERA_1,['CAMERA_1'],"{'CAMERA_1': ['optical_zoom', 'weight', 'autofocus_points', 'color'], 'CAMERA_2': [], 'CAMERA_3': []}",C_SILENT_OR_BACKCHANNEL,CAMERA_1,NONE,uh huh oh yeah,PRESENT_X,CAMERA_1,S_INTRODUCES_FEATURE,CAMERA_1,color,This one comes in blue or black.,PRESENT_X,CAMERA_1,18~31
544,8,CAMERA_1,['CAMERA_1'],"{'CAMERA_1': ['optical_zoom', 'weight', 'autofocus_points', 'color', 'resolution'], 'CAMERA_2': [], 'CAMERA_3': []}",C_QUESTION_ABOUT_FEATURE,CAMERA_1,resolution,its so so but the resolution is not good I'm looking for something with better megapixels,PRESENT_X,CAMERA_1,S_ANSWERS_QUESTION_ABOUT_FEATURE,CAMERA_1,resolution,This one has 17.8 megapixels resolution.,PRESENT_X,CAMERA_1,13~28
544,9,CAMERA_1,['CAMERA_1'],"{'CAMERA_1': ['optical_zoom', 'weight', 'autofocus_points', 'color', 'resolution', 'preset_modes'], 'CAMERA_2': [], 'CAMERA_3': []}",C_QUESTION_ABOUT_FEATURE,CAMERA_1,preset_modes,does this camera support for preset mode,PRESENT_X,CAMERA_1,S_NOT_SURE,CAMERA_1,,I'm not really sure about that.,PRESENT_X,CAMERA_1,
544,10,CAMERA_1,['CAMERA_1'],"{'CAMERA_1': ['optical_zoom', 'weight', 'autofocus_points', 'color', 'resolution', 'preset_modes', 'ISO'], 'CAMERA_2': [], 'CAMERA_3': []}",C_SILENT_OR_BACKCHANNEL,CAMERA_1,NONE,ok not too bad not too bad,PRESENT_X,CAMERA_1,S_INTRODUCES_FEATURE,CAMERA_1,ISO,This one has up to 51200 ISO.,PRESENT_X,CAMERA_1,13~28
544,11,CAMERA_1,['CAMERA_1'],"{'CAMERA_1': ['optical_zoom', 'weight', 'autofocus_points', 'color', 'resolution', 'preset_modes', 'ISO', 'effects'], 'CAMERA_2': [], 'CAMERA_3': []}",C_QUESTION_ABOUT_FEATURE,CAMERA_1,effects,Anakin explain this artistic effect my place,PRESENT_X,CAMERA_1,S_ANSWERS_QUESTION_ABOUT_FEATURE,CAMERA_1,effects,"This one has 24 glamor retouch effects (miniature, retro, toy camera, etc.).",PRESENT_X,CAMERA_1,13~75
544,12,CAMERA_1,['CAMERA_1'],"{'CAMERA_1': ['optical_zoom', 'weight', 'autofocus_points', 'color', 'resolution', 'preset_modes', 'ISO', 'effects', 'camera_type'], 'CAMERA_2': [], 'CAMERA_3': []}",C_SILENT_OR_BACKCHANNEL,CAMERA_1,NONE,IC,PRESENT_X,CAMERA_1,S_INTRODUCES_FEATURE,CAMERA_1,camera_type,This is a DSLR camera.,PRESENT_X,CAMERA_1,10~14
544,13,NONE,['CAMERA_1'],"{'CAMERA_1': ['optical_zoom', 'weight', 'autofocus_points', 'color', 'resolution', 'preset_modes', 'ISO', 'effects', 'camera_type'], 'CAMERA_2': [], 'CAMERA_3': []}",C_THANK_YOU,CAMERA_1,NONE,okay thanks,PRESENT_X,CAMERA_1,S_THANK_YOU,CAMERA_1,NONE,thank you very much.,FACE_TO_FACE,NONE,
544,14,NONE,['CAMERA_1'],"{'CAMERA_1': ['optical_zoom', 'weight', 'autofocus_points', 'color', 'resolution', 'preset_modes', 'ISO', 'effects', 'camera_type'], 'CAMERA_2': [], 'CAMERA_3': []}",C_LEAVES,DOOR,NONE,,FACE_TO_FACE,NONE,S_RETURNS_TO_COUNTER,SERVICE_COUNTER,NONE,,WAITING,NONE,
545,1,NONE,[],"{'CAMERA_1': [], 'CAMERA_2': [], 'CAMERA_3': []}",C_ENTERS,DOOR,NONE,,WAITING,NONE,S_NONE,SERVICE_COUNTER,NONE,,WAITING,NONE,
545,2,NONE,[],"{'CAMERA_1': [], 'CAMERA_2': [], 'CAMERA_3': []}",C_GREETS,MIDDLE,NONE,excuse me,WAITING,NONE,S_GREETS,MIDDLE,NONE,can I help you?,FACE_TO_FACE,NONE,
545,3,CAMERA_2,['CAMERA_2'],"{'CAMERA_1': [], 'CAMERA_2': [], 'CAMERA_3': []}",C_LOOKING_FOR_A_CAMERA,MIDDLE,NONE,I'm looking for a new camera actually like a better than my phone,FACE_TO_FACE,NONE,S_INTRODUCES_CAMERA,CAMERA_2,,Let me show you this. Here we have the Fujifilm Lumix ILC Camera.,PRESENT_X,CAMERA_2,39~64
545,4,CAMERA_2,['CAMERA_2'],"{'CAMERA_1': [], 'CAMERA_2': ['long_exposure'], 'CAMERA_3': []}",C_SILENT_OR_BACKCHANNEL,CAMERA_2,NONE,ok,PRESENT_X,CAMERA_2,S_INTRODUCES_FEATURE,CAMERA_2,long_exposure,This one can take long exposures up to 60 minutes max with bulb mode.,PRESENT_X,CAMERA_2,39~68
545,5,CAMERA_2,['CAMERA_2'],"{'CAMERA_1': [], 'CAMERA_2': ['long_exposure', 'optical_zoom'], 'CAMERA_3': []}",C_QUESTION_ABOUT_FEATURE,CAMERA_2,optical_zoom,good that's a good effect okay how about the optical zooms,PRESENT_X,CAMERA_2,S_ANSWERS_QUESTION_ABOUT_FEATURE,CAMERA_2,optical_zoom,This one has 21x optical zoom.,PRESENT_X,CAMERA_2,13~29
545,6,NONE,['CAMERA_2'],"{'CAMERA_1': [], 'CAMERA_2': ['long_exposure', 'optical_zoom'], 'CAMERA_3': []}",C_THANK_YOU,CAMERA_2,NONE,okay thank you,PRESENT_X,CAMERA_2,S_THANK_YOU,CAMERA_2,NONE,thank you very much.,FACE_TO_FACE,NONE,
545,7,NONE,['CAMERA_2'],"{'CAMERA_1': [], 'CAMERA_2': ['long_exposure', 'optical_zoom'], 'CAMERA_3': []}",C_LEAVES,DOOR,NONE,,FACE_TO_FACE,NONE,S_RETURNS_TO_COUNTER,SERVICE_COUNTER,NONE,,WAITING,NONE,
546,1,NONE,[],"{'CAMERA_1': [], 'CAMERA_2': [], 'CAMERA_3': []}",C_ENTERS,DOOR,NONE,,WAITING,NONE,S_NONE,SERVICE_COUNTER,NONE,,WAITING,NONE,
546,2,NONE,[],"{'CAMERA_1': [], 'CAMERA_2': [], 'CAMERA_3': []}",C_GREETS,MIDDLE,NONE,excuse me,WAITING,NONE,S_GREETS,MIDDLE,NONE,can I help you?,FACE_TO_FACE,NONE,
546,3,CAMERA_3,['CAMERA_3'],"{'CAMERA_1': [], 'CAMERA_2': [], 'CAMERA_3': []}",C_LOOKING_FOR_A_CAMERA,MIDDLE,NONE,I'll get off today and I'm just looking around at the moment I'm not really sure what I'm after,FACE_TO_FACE,NONE,S_INTRODUCES_CAMERA,CAMERA_3,,Let me show you this. Here we have the Fujifilm PowerShot ELPH S2800.,PRESENT_X,CAMERA_3,39~68
546,4,CAMERA_3,['CAMERA_3'],"{'CAMERA_1': [], 'CAMERA_2': [], 'CAMERA_3': ['color']}",C_QUESTION_ABOUT_FEATURE,CAMERA_3,color,what colors does this one come in,PRESENT_X,CAMERA_3,S_ANSWERS_QUESTION_ABOUT_FEATURE,CAMERA_3,color,"This one comes in purple, white, silver, blue, red, or pink.",PRESENT_X,CAMERA_3,18~59
546,5,CAMERA_3,['CAMERA_3'],"{'CAMERA_1': [], 'CAMERA_2': [], 'CAMERA_3': ['color', 'weight']}",C_SILENT_OR_BACKCHANNEL,CAMERA_3,NONE,okay,PRESENT_X,CAMERA_3,S_INTRODUCES_FEATURE,CAMERA_3,weight,This one weighs 820 grams.,PRESENT_X,CAMERA_3,16~25
546,6,CAMERA_3,['CAMERA_3'],"{'CAMERA_1': [], 'CAMERA_2': [], 'CAMERA_3': ['color', 'weight', 'settings']}",C_SILENT_OR_BACKCHANNEL,CAMERA_3,NONE,I get,PRESENT_X,CAMERA_3,S_INTRODUCES_FEATURE,CAMERA_3,settings,"This one has manual control and various automatic settings (video modeburst shooting, etc.).",PRESENT_X,CAMERA_3,13~91
546,7,CAMERA_3,['CAMERA_3'],"{'CAMERA_1': [], 'CAMERA_2': [], 'CAMERA_3': ['color', 'weight', 'settings', 'ISO']}",C_QUESTION_ABOUT_FEATURE,CAMERA_3,ISO,what is the iso setting on it,PRESENT_X,CAMERA_3,S_ANSWERS_QUESTION_ABOUT_FEATURE,CAMERA_3,ISO,This one has up to 3200 ISO with little noise.,PRESENT_X,CAMERA_3,13~45
546,8,CAMERA_3,['CAMERA_3'],"{'CAMERA_1': [], 'CAMERA_2': [], 'CAMERA_3': ['color', 'weight', 'settings', 'ISO', 'price']}",C_SILENT_OR_BACKCHANNEL,CAMERA_3,NONE,looks very good,PRESENT_X,CAMERA_3,S_INTRODUCES_FEATURE,CAMERA_3,price,This one costs $518.,PRESENT_X,CAMERA_3,15~19
546,9,CAMERA_3,['CAMERA_3'],"{'CAMERA_1': [], 'CAMERA_2': [], 'CAMERA_3': ['color', 'weight', 'settings', 'ISO', 'price', 'sensor_size']}",C_QUESTION_ABOUT_FEATURE,CAMERA_3,sensor_size,size of a sensor,PRESENT_X,CAMERA_3,S_ANSWERS_QUESTION_ABOUT_FEATURE,CAMERA_3,sensor_size,This one has a full frame.,PRESENT_X,CAMERA_3,15~25
546,10,CAMERA_3,['CAMERA_3'],"{'CAMERA_1': [], 'CAMERA_2': [], 'CAMERA_3': ['color', 'weight', 'settings', 'ISO', 'price', 'sensor_size', 'long_exposure']}",C_SILENT_OR_BACKCHANNEL,CAMERA_3,NONE,very nice what colors does it come,PRESENT_X,CAMERA_3,S_INTRODUCES_FEATURE,CAMERA_3,long_exposure,This one can take long exposures up to 30 minutes max with bulb mode.,PRESENT_X,CAMERA_3,39~68
546,11,CAMERA_3,['CAMERA_3'],"{'CAMERA_1': [], 'CAMERA_2': [], 'CAMERA_3': ['color', 'weight', 'settings', 'ISO', 'price', 'sensor_size', 'long_exposure', 'optical_zoom']}",C_QUESTION_ABOUT_FEATURE,CAMERA_3,optical_zoom,under does it have a zoom,PRESENT_X,CAMERA_3,S_NOT_SURE,CAMERA_3,,I'm not really sure about that.,PRESENT_X,CAMERA_3,
546,12,CAMERA_3,['CAMERA_3'],"{'CAMERA_1': [], 'CAMERA_2': [], 'CAMERA_3': ['color', 'weight', 'settings', 'ISO', 'price', 'sensor_size', 'long_exposure', 'optical_zoom', 'resolution']}",C_QUESTION_ABOUT_FEATURE,CAMERA_3,resolution,how many megapixels is it,PRESENT_X,CAMERA_3,S_ANSWERS_QUESTION_ABOUT_FEATURE,CAMERA_3,resolution,This one has 23.2 megapixels resolution.,PRESENT_X,CAMERA_3,13~28
546,13,CAMERA_3,['CAMERA_3'],"{'CAMERA_1': [], 'CAMERA_2': [], 'CAMERA_3': ['color', 'weight', 'settings', 'ISO', 'price', 'sensor_size', 'long_exposure', 'optical_zoom', 'resolution', 'effects']}",C_QUESTION_ABOUT_FEATURE,CAMERA_3,effects,what's an example of one of the effects,PRESENT_X,CAMERA_3,S_ANSWERS_QUESTION_ABOUT_FEATURE,CAMERA_3,effects,"This one has 21 photo effects (small face, retro, big eyes, etc.).",PRESENT_X,CAMERA_3,13~65
546,14,CAMERA_3,['CAMERA_3'],"{'CAMERA_1': [], 'CAMERA_2': [], 'CAMERA_3': ['color', 'weight', 'settings', 'ISO', 'price', 'sensor_size', 'long_exposure', 'optical_zoom', 'resolution', 'effects', 'camera_type']}",C_QUESTION_ABOUT_FEATURE,CAMERA_3,camera_type,what kind of camera is this,PRESENT_X,CAMERA_3,S_ANSWERS_QUESTION_ABOUT_FEATURE,CAMERA_3,camera_type,This is a point and shoot camera.,PRESENT_X,CAMERA_3,10~25
546,15,CAMERA_3,['CAMERA_3'],"{'CAMERA_1': [], 'CAMERA_2': [], 'CAMERA_3': ['color', 'weight', 'settings', 'ISO', 'price', 'sensor_size', 'long_exposure', 'optical_zoom', 'resolution', 'effects', 'camera_type', 'preset_modes']}",C_SILENT_OR_BACKCHANNEL,CAMERA_3,NONE,I see,PRESENT_X,CAMERA_3,S_INTRODUCES_FEATURE,CAMERA_3,preset_modes,This one has various preset modes.,PRESENT_X,CAMERA_3,13~33
546,16,CAMERA_3,['CAMERA_3'],"{'CAMERA_1': [], 'CAMERA_2': [], 'CAMERA_3': ['color', 'weight', 'settings', 'ISO', 'price', 'sensor_size', 'long_exposure', 'optical_zoom', 'resolution', 'effects', 'camera_type', 'preset_modes', 'autofocus_points']}",C_SILENT_OR_BACKCHANNEL,CAMERA_3,NONE,IC,PRESENT_X,CAMERA_3,S_INTRODUCES_FEATURE,CAMERA_3,autofocus_points,This one has 214 autofocus points.,PRESENT_X,CAMERA_3,13~33
546,17,CAMERA_3,['CAMERA_3'],"{'CAMERA_1': [], 'CAMERA_2': [], 'CAMERA_3': ['color', 'weight', 'settings', 'ISO', 'price', 'sensor_size', 'long_exposure', 'optical_zoom', 'resolution', 'effects', 'camera_type', 'preset_modes', 'autofocus_points', 'autofocus_points']}",C_QUESTION_ABOUT_FEATURE,CAMERA_3,autofocus_points,that sounds good what about it's also Focus points,PRESENT_X,CAMERA_3,S_ANSWERS_QUESTION_ABOUT_FEATURE,CAMERA_3,autofocus_points,This one has 214 autofocus points.,PRESENT_X,CAMERA_3,13~33
546,18,CAMERA_3,['CAMERA_3'],"{'CAMERA_1': [], 'CAMERA_2': [], 'CAMERA_3': ['color', 'weight', 'settings', 'ISO', 'price', 'sensor_size', 'long_exposure', 'optical_zoom', 'resolution', 'effects', 'camera_type', 'preset_modes', 'autofocus_points', 'autofocus_points', 'settings']}",C_SILENT_OR_BACKCHANNEL,CAMERA_3,NONE,IC,PRESENT_X,CAMERA_3,S_INTRODUCES_FEATURE,CAMERA_3,settings,"This one has manual control and various automatic settings (video modeburst shooting, etc.).",PRESENT_X,CAMERA_3,13~91
546,19,NONE,['CAMERA_3'],"{'CAMERA_1': [], 'CAMERA_2': [], 'CAMERA_3': ['color', 'weight', 'settings', 'ISO', 'price', 'sensor_size', 'long_exposure', 'optical_zoom', 'resolution', 'effects', 'camera_type', 'preset_modes', 'autofocus_points', 'autofocus_points', 'settings']}",C_THANK_YOU,CAMERA_3,NONE,thank you for your help,PRESENT_X,CAMERA_3,S_THANK_YOU,CAMERA_3,NONE,thank you very much.,FACE_TO_FACE,NONE,
546,20,NONE,['CAMERA_3'],"{'CAMERA_1': [], 'CAMERA_2': [], 'CAMERA_3': ['color', 'weight', 'settings', 'ISO', 'price', 'sensor_size', 'long_exposure', 'optical_zoom', 'resolution', 'effects', 'camera_type', 'preset_modes', 'autofocus_points', 'autofocus_points', 'settings']}",C_LEAVES,DOOR,NONE,,FACE_TO_FACE,NONE,S_RETURNS_TO_COUNTER,SERVICE_COUNTER,NONE,,WAITING,NONE,
547,1,NONE,[],"{'CAMERA_1': [], 'CAMERA_2': [], 'CAMERA_3': []}",C_ENTERS,DOOR,NONE,,WAITING,NONE,S_NONE,SERVICE_COUNTER,NONE,,WAITING,NONE,
547,2,NONE,[],"{'CAMERA_1': [], 'CAMERA_2': [], 'CAMERA_3': []}",C_WALKS_TO_CAMERA,CAMERA_1,NONE,,WAITING,NONE,S_NONE,SERVICE_COUNTER,NONE,,WAITING,NONE,
547,3,NONE,[],"{'CAMERA_1': [], 'CAMERA_2': [], 'CAMERA_3': []}",C_EXAMINES_CAMERA,CAMERA_1,NONE,,WAITING,NONE,S_GREETS,CAMERA_1,NONE,can I help you?,FACE_TO_FACE,NONE,
547,4,CAMERA_1,['CAMERA_1'],"{'CAMERA_1': [], 'CAMERA_2': [], 'CAMERA_3': []}",C_LOOKING_FOR_A_CAMERA,CAMERA_1,NONE,I'm looking for a new camera today,FACE_TO_FACE,NONE,S_INTRODUCES_CAMERA,CAMERA_1,,Let me show you this. Here we have the Sony PowerShot ELPH DMC-ZS3.,PRESENT_X,CAMERA_1,39~66
547,5,CAMERA_1,['CAMERA_1'],"{'CAMERA_1': ['long_exposure'], 'CAMERA_2': [], 'CAMERA_3': []}",C_SILENT_OR_BACKCHANNEL,CAMERA_1,NONE,ok,PRESENT_X,CAMERA_1,S_INTRODUCES_FEATURE,CAMERA_1,long_exposure,This one can take long exposures up to up to 15 seconds with Long Shutter Mode.,PRESENT_X,CAMERA_1,39~78
547,6,NONE,['CAMERA_1'],"{'CAMERA_1': ['long_exposure'], 'CAMERA_2': [], 'CAMERA_3': []}",C_THANK_YOU,CAMERA_1,NONE,I will think about it then thank you,PRESENT_X,CAMERA_1,S_THANK_YOU,CAMERA_1,NONE,thank you very much.,FACE_TO_FACE,NONE,
547,7,NONE,['CAMERA_1'],"{'CAMERA_1': ['long_exposure'], 'CAMERA_2': [], 'CAMERA_3': []}",C_LEAVES,DOOR,NONE,,FACE_TO_FACE,NONE,S_RETURNS_TO_COUNTER,SERVICE_COUNTER,NONE,,WAITING,NONE,
548,1,NONE,[],"{'CAMERA_1': [], 'CAMERA_2': [], 'CAMERA_3': []}",C_ENTERS,DOOR,NONE,,WAITING,NONE,S_NONE,SERVICE_COUNTER,NONE,,WAITING,NONE,
548,2,NONE,[],"{'CAMERA_1': [], 'CAMERA_2': [], 'CAMERA_3': []}",C_GREETS,MIDDLE,NONE,excuse me,WAITING,NONE,S_GREETS,MIDDLE,NONE,can I help you?,FACE_TO_FACE,NONE,
548,3,CAMERA_2,['CAMERA_2'],"{'CAMERA_1': [], 'CAMERA_2': [], 'CAMERA_3': []}",C_LOOKING_FOR_A_CAMERA,MIDDLE,NONE,I'm looking for a professional camera,FACE_TO_FACE,NONE,S_INTRODUCES_CAMERA,CAMERA_2,,Let me show you this. Here we have the Fujifilm Lumix ILC Camera.,PRESENT_X,CAMERA_2,39~64
548,4,CAMERA_2,['CAMERA_2'],"{'CAMERA_1': [], 'CAMERA_2': ['long_exposure'], 'CAMERA_3': []}",C_QUESTION_ABOUT_FEATURE,CAMERA_2,long_exposure,and exposure,PRESENT_X,CAMERA_2,S_ANSWERS_QUESTION_ABOUT_FEATURE,CAMERA_2,long_exposure,This one can take long exposures up to 60 minutes max with bulb mode.,PRESENT_X,CAMERA_2,39~68
548,5,CAMERA_3,"['CAMERA_2', 'CAMERA_3']","{'CAMERA_1': [], 'CAMERA_2': ['long_exposure'], 'CAMERA_3': []}",C_ANYTHING_ELSE_AVAILABLE,CAMERA_2,NONE,do you have any other cameras like this,PRESENT_X,CAMERA_2,S_INTRODUCES_CAMERA,CAMERA_3,,Let me show you this. Here we have the Fujifilm PowerShot ELPH S2800.,PRESENT_X,CAMERA_3,39~68
548,6,CAMERA_3,"['CAMERA_2', 'CAMERA_3']","{'CAMERA_1': [], 'CAMERA_2': ['long_exposure'], 'CAMERA_3': ['settings']}",C_SILENT_OR_BACKCHANNEL,CAMERA_3,NONE,ok,PRESENT_X,CAMERA_3,S_INTRODUCES_FEATURE,CAMERA_3,settings,"This one has manual control and various automatic settings (video modeburst shooting, etc.).",PRESENT_X,CAMERA_3,13~91
548,7,NONE,"['CAMERA_2', 'CAMERA_3']","{'CAMERA_1': [], 'CAMERA_2': ['long_exposure'], 'CAMERA_3': ['settings']}",C_THANK_YOU,CAMERA_3,NONE,thank you,PRESENT_X,CAMERA_3,S_THANK_YOU,CAMERA_3,NONE,thank you very much.,FACE_TO_FACE,NONE,
548,8,NONE,"['CAMERA_2', 'CAMERA_3']","{'CAMERA_1': [], 'CAMERA_2': ['long_exposure'], 'CAMERA_3': ['settings']}",C_LEAVES,DOOR,NONE,,FACE_TO_FACE,NONE,S_RETURNS_TO_COUNTER,SERVICE_COUNTER,NONE,,WAITING,NONE,
549,1,NONE,[],"{'CAMERA_1': [], 'CAMERA_2': [], 'CAMERA_3': []}",C_ENTERS,DOOR,NONE,,WAITING,NONE,S_NONE,SERVICE_COUNTER,NONE,,WAITING,NONE,
549,2,NONE,[],"{'CAMERA_1': [], 'CAMERA_2': [], 'CAMERA_3': []}",C_WALKS_TO_CAMERA,CAMERA_2,NONE,,WAITING,NONE,S_GREETS,CAMERA_2,NONE,can I help you?,FACE_TO_FACE,NONE,
549,3,CAMERA_3,['CAMERA_3'],"{'CAMERA_1': [], 'CAMERA_2': [], 'CAMERA_3': []}",C_LOOKING_FOR_A_CAMERA,CAMERA_2,NONE,you know I want a good camera can you suggest me,FACE_TO_FACE,NONE,S_INTRODUCES_CAMERA,CAMERA_3,,Let me show you this. Here we have the Fujifilm PowerShot ELPH S2800.,PRESENT_X,CAMERA_3,39~68
549,4,CAMERA_3,['CAMERA_3'],"{'CAMERA_1': [], 'CAMERA_2': [], 'CAMERA_3': ['sensor_size']}",C_QUESTION_ABOUT_FEATURE,CAMERA_3,sensor_size,is the sensor on this phone as big as the DSLR,PRESENT_X,CAMERA_3,S_ANSWERS_QUESTION_ABOUT_FEATURE,CAMERA_3,sensor_size,This one has a full frame.,PRESENT_X,CAMERA_3,15~25
549,5,CAMERA_3,['CAMERA_3'],"{'CAMERA_1': [], 'CAMERA_2': [], 'CAMERA_3': ['sensor_size', 'camera_type']}",C_QUESTION_ABOUT_FEATURE,CAMERA_3,camera_type,what kind of camera is this,PRESENT_X,CAMERA_3,S_ANSWERS_QUESTION_ABOUT_FEATURE,CAMERA_3,camera_type,This is a point and shoot camera.,PRESENT_X,CAMERA_3,10~25
549,6,CAMERA_2,"['CAMERA_3', 'CAMERA_2']","{'CAMERA_1': [], 'CAMERA_2': [], 'CAMERA_3': ['sensor_size', 'camera_type']}",C_ANYTHING_ELSE_AVAILABLE,CAMERA_3,NONE,ok do you have any other cameras that can just look at,PRESENT_X,CAMERA_3,S_INTRODUCES_CAMERA,CAMERA_2,,Let me show you this. Here we have the Fujifilm Lumix ILC Camera.,PRESENT_X,CAMERA_2,39~64
549,7,CAMERA_2,"['CAMERA_3', 'CAMERA_2']","{'CAMERA_1': [], 'CAMERA_2': ['ISO'], 'CAMERA_3': ['sensor_size', 'camera_type']}",C_QUESTION_ABOUT_FEATURE,CAMERA_2,ISO,how is the iso,PRESENT_X,CAMERA_2,S_NOT_SURE,CAMERA_2,,I'm not really sure about that.,PRESENT_X,CAMERA_2,
549,8,CAMERA_2,"['CAMERA_3', 'CAMERA_2']","{'CAMERA_1': [], 'CAMERA_2': ['ISO', 'price'], 'CAMERA_3': ['sensor_size', 'camera_type']}",C_QUESTION_ABOUT_FEATURE,CAMERA_2,price,how much is it,PRESENT_X,CAMERA_2,S_ANSWERS_QUESTION_ABOUT_FEATURE,CAMERA_2,price,This one costs $768.,PRESENT_X,CAMERA_2,15~19
549,9,CAMERA_2,"['CAMERA_3', 'CAMERA_2']","{'CAMERA_1': [], 'CAMERA_2': ['ISO', 'price', 'long_exposure'], 'CAMERA_3': ['sensor_size', 'camera_type']}",C_QUESTION_ABOUT_FEATURE,CAMERA_2,long_exposure,There is time when I need to open the shutter for longer than 30 seconds is it possible with this camera,PRESENT_X,CAMERA_2,S_ANSWERS_QUESTION_ABOUT_FEATURE,CAMERA_2,long_exposure,This one can take long exposures up to 60 minutes max with bulb mode.,PRESENT_X,CAMERA_2,39~68
549,10,CAMERA_2,"['CAMERA_3', 'CAMERA_2']","{'CAMERA_1': [], 'CAMERA_2': ['ISO', 'price', 'long_exposure', 'weight'], 'CAMERA_3': ['sensor_size', 'camera_type']}",C_QUESTION_ABOUT_FEATURE,CAMERA_2,weight,and how much does it weigh,PRESENT_X,CAMERA_2,S_ANSWERS_QUESTION_ABOUT_FEATURE,CAMERA_2,weight,This one weighs 820 grams.,PRESENT_X,CAMERA_2,16~25
549,11,CAMERA_2,"['CAMERA_3', 'CAMERA_2']","{'CAMERA_1': [], 'CAMERA_2': ['ISO', 'price', 'long_exposure', 'weight', 'camera_type'], 'CAMERA_3': ['sensor_size', 'camera_type']}",C_QUESTION_ABOUT_FEATURE,CAMERA_2,camera_type,is this a DSLR camera,PRESENT_X,CAMERA_2,S_ANSWERS_QUESTION_ABOUT_FEATURE,CAMERA_2,camera_type,This is a digital single lens mirrorless camera.,PRESENT_X,CAMERA_2,10~40
549,12,CAMERA_2,"['CAMERA_3', 'CAMERA_2']","{'CAMERA_1': [], 'CAMERA_2': ['ISO', 'price', 'long_exposure', 'weight', 'camera_type', 'color'], 'CAMERA_3': ['sensor_size', 'camera_type']}",C_QUESTION_ABOUT_FEATURE,CAMERA_2,color,do you know how many colors this camera has,PRESENT_X,CAMERA_2,S_ANSWERS_QUESTION_ABOUT_FEATURE,CAMERA_2,color,This one comes in white or pink.,PRESENT_X,CAMERA_2,18~31
549,13,CAMERA_2,"['CAMERA_3', 'CAMERA_2']","{'CAMERA_1': [], 'CAMERA_2': ['ISO', 'price', 'long_exposure', 'weight', 'camera_type', 'color', 'effects'], 'CAMERA_3': ['sensor_size', 'camera_type']}",C_QUESTION_ABOUT_FEATURE,CAMERA_2,effects,does it have any effect modes,PRESENT_X,CAMERA_2,S_ANSWERS_QUESTION_ABOUT_FEATURE,CAMERA_2,effects,"This one has 24 artistic effect modes (retro, lighter or darker skin tones, sepia, etc.).",PRESENT_X,CAMERA_2,13~88
549,14,NONE,"['CAMERA_3', 'CAMERA_2']","{'CAMERA_1': [], 'CAMERA_2': ['ISO', 'price', 'long_exposure', 'weight', 'camera_type', 'color', 'effects'], 'CAMERA_3': ['sensor_size', 'camera_type']}",C_THANK_YOU,CAMERA_2,NONE,yes thanks,PRESENT_X,CAMERA_2,S_THANK_YOU,CAMERA_2,NONE,thank you very much.,FACE_TO_FACE,NONE,
549,15,NONE,"['CAMERA_3', 'CAMERA_2']","{'CAMERA_1': [], 'CAMERA_2': ['ISO', 'price', 'long_exposure', 'weight', 'camera_type', 'color', 'effects'], 'CAMERA_3': ['sensor_size', 'camera_type']}",C_LEAVES,DOOR,NONE,,FACE_TO_FACE,NONE,S_RETURNS_TO_COUNTER,SERVICE_COUNTER,NONE,,WAITING,NONE,
550,1,NONE,[],"{'CAMERA_1': [], 'CAMERA_2': [], 'CAMERA_3': []}",C_ENTERS,DOOR,NONE,,WAITING,NONE,S_NONE,SERVICE_COUNTER,NONE,,WAITING,NONE,
550,2,NONE,[],"{'CAMERA_1': [], 'CAMERA_2': [], 'CAMERA_3': []}",C_WALKS_TO_CAMERA,CAMERA_2,NONE,,WAITING,NONE,S_GREETS,CAMERA_2,NONE,can I help you?,FACE_TO_FACE,NONE,
550,3,CAMERA_3,['CAMERA_3'],"{'CAMERA_1': [], 'CAMERA_2': [], 'CAMERA_3': []}",C_LOOKING_FOR_A_CAMERA,CAMERA_2,NONE,well I am looking for a camera but I'm not sure what to buy,FACE_TO_FACE,NONE,S_INTRODUCES_CAMERA,CAMERA_3,,Let me show you this. Here we have the Fujifilm PowerShot ELPH S2800.,PRESENT_X,CAMERA_3,39~68
550,4,CAMERA_3,['CAMERA_3'],"{'CAMERA_1': [], 'CAMERA_2': [], 'CAMERA_3': ['sensor_size']}",C_QUESTION_ABOUT_FEATURE,CAMERA_3,sensor_size,and what about the sense of sight,PRESENT_X,CAMERA_3,S_ANSWERS_QUESTION_ABOUT_FEATURE,CAMERA_3,sensor_size,This one has a full frame.,PRESENT_X,CAMERA_3,15~25
550,5,NONE,['CAMERA_3'],"{'CAMERA_1': [], 'CAMERA_2': [], 'CAMERA_3': ['sensor_size']}",C_THANK_YOU,CAMERA_3,NONE,thank you,PRESENT_X,CAMERA_3,S_THANK_YOU,CAMERA_3,NONE,thank you very much.,FACE_TO_FACE,NONE,
550,6,NONE,['CAMERA_3'],"{'CAMERA_1': [], 'CAMERA_2': [], 'CAMERA_3': ['sensor_size']}",C_LEAVES,DOOR,NONE,,FACE_TO_FACE,NONE,S_RETURNS_TO_COUNTER,SERVICE_COUNTER,NONE,,WAITING,NONE,
551,1,NONE,[],"{'CAMERA_1': [], 'CAMERA_2': [], 'CAMERA_3': []}",C_ENTERS,DOOR,NONE,,WAITING,NONE,S_NONE,SERVICE_COUNTER,NONE,,WAITING,NONE,
551,2,NONE,[],"{'CAMERA_1': [], 'CAMERA_2': [], 'CAMERA_3': []}",C_GREETS,MIDDLE,NONE,excuse me,WAITING,NONE,S_GREETS,MIDDLE,NONE,can I help you?,FACE_TO_FACE,NONE,
551,3,CAMERA_1,['CAMERA_1'],"{'CAMERA_1': [], 'CAMERA_2': [], 'CAMERA_3': []}",C_LOOKING_FOR_A_CAMERA,MIDDLE,NONE,yes I'm looking for a camera,FACE_TO_FACE,NONE,S_INTRODUCES_CAMERA,CAMERA_1,,Let me show you this. Here we have the Sony PowerShot ELPH DMC-ZS3.,PRESENT_X,CAMERA_1,39~66
551,4,CAMERA_1,['CAMERA_1'],"{'CAMERA_1': ['settings'], 'CAMERA_2': [], 'CAMERA_3': []}",C_SILENT_OR_BACKCHANNEL,CAMERA_1,NONE,oh yeah ok,PRESENT_X,CAMERA_1,S_INTRODUCES_FEATURE,CAMERA_1,settings,This one has limited manual settings.,PRESENT_X,CAMERA_1,13~36
551,5,CAMERA_1,['CAMERA_1'],"{'CAMERA_1': ['settings', 'sensor_size'], 'CAMERA_2': [], 'CAMERA_3': []}",C_SILENT_OR_BACKCHANNEL,CAMERA_1,NONE,oh yeah I thought the flight,PRESENT_X,CAMERA_1,S_INTRODUCES_FEATURE,CAMERA_1,sensor_size,This one has a 1/2.3 inch CMOS sensor.,PRESENT_X,CAMERA_1,15~37
551,6,CAMERA_1,['CAMERA_1'],"{'CAMERA_1': ['settings', 'sensor_size', 'ISO'], 'CAMERA_2': [], 'CAMERA_3': []}",C_QUESTION_ABOUT_FEATURE,CAMERA_1,ISO,what about the iso how good it is,PRESENT_X,CAMERA_1,S_ANSWERS_QUESTION_ABOUT_FEATURE,CAMERA_1,ISO,This one has up to 51200 ISO.,PRESENT_X,CAMERA_1,13~28
551,7,CAMERA_1,['CAMERA_1'],"{'CAMERA_1': ['settings', 'sensor_size', 'ISO', 'autofocus_points'], 'CAMERA_2': [], 'CAMERA_3': []}",C_SILENT_OR_BACKCHANNEL,CAMERA_1,NONE,I see AA ok,PRESENT_X,CAMERA_1,S_INTRODUCES_FEATURE,CAMERA_1,autofocus_points,This one has 135 autofocus points.,PRESENT_X,CAMERA_1,13~33
551,8,CAMERA_3,"['CAMERA_1', 'CAMERA_3']","{'CAMERA_1': ['settings', 'sensor_size', 'ISO', 'autofocus_points'], 'CAMERA_2': [], 'CAMERA_3': []}",C_ANYTHING_ELSE_AVAILABLE,CAMERA_1,NONE,that's good that's okay I like it when do you have other models in this area,PRESENT_X,CAMERA_1,S_INTRODUCES_CAMERA,CAMERA_3,,Let me show you this. Here we have the Fujifilm PowerShot ELPH S2800.,PRESENT_X,CAMERA_3,39~68
551,9,CAMERA_3,"['CAMERA_1', 'CAMERA_3']","{'CAMERA_1': ['settings', 'sensor_size', 'ISO', 'autofocus_points'], 'CAMERA_2': [], 'CAMERA_3': ['camera_type']}",C_SILENT_OR_BACKCHANNEL,CAMERA_3,NONE,it seems like a pretty good camera,PRESENT_X,CAMERA_3,S_INTRODUCES_FEATURE,CAMERA_3,camera_type,This is a point and shoot camera.,PRESENT_X,CAMERA_3,10~25
551,10,NONE,"['CAMERA_1', 'CAMERA_3']","{'CAMERA_1': ['settings', 'sensor_size', 'ISO', 'autofocus_points'], 'CAMERA_2': [], 'CAMERA_3': ['camera_type']}",C_THANK_YOU,CAMERA_3,NONE,thank you,PRESENT_X,CAMERA_3,S_THANK_YOU,CAMERA_3,NONE,thank you very much.,FACE_TO_FACE,NONE,
551,11,NONE,"['CAMERA_1', 'CAMERA_3']","{'CAMERA_1': ['settings', 'sensor_size', 'ISO', 'autofocus_points'], 'CAMERA_2': [], 'CAMERA_3': ['camera_type']}",C_LEAVES,DOOR,NONE,,FACE_TO_FACE,NONE,S_RETURNS_TO_COUNTER,SERVICE_COUNTER,NONE,,WAITING,NONE,
552,1,NONE,[],"{'CAMERA_1': [], 'CAMERA_2': [], 'CAMERA_3': []}",C_ENTERS,DOOR,NONE,,WAITING,NONE,S_NONE,SERVICE_COUNTER,NONE,,WAITING,NONE,
552,2,NONE,[],"{'CAMERA_1': [], 'CAMERA_2': [], 'CAMERA_3': []}",C_GREETS,MIDDLE,NONE,hello good afternoon,WAITING,NONE,S_GREETS,MIDDLE,NONE,can I help you?,FACE_TO_FACE,NONE,
552,3,CAMERA_2,['CAMERA_2'],"{'CAMERA_1': [], 'CAMERA_2': [], 'CAMERA_3': []}",C_LOOKING_FOR_A_CAMERA,MIDDLE,NONE,I have a smartphone but I'm not smart enough to use it,FACE_TO_FACE,NONE,S_INTRODUCES_CAMERA,CAMERA_2,,Let me show you this. Here we have the Fujifilm Lumix ILC Camera.,PRESENT_X,CAMERA_2,39~64
552,4,CAMERA_2,['CAMERA_2'],"{'CAMERA_1': [], 'CAMERA_2': ['weight'], 'CAMERA_3': []}",C_QUESTION_ABOUT_FEATURE,CAMERA_2,weight,how much does it weigh,PRESENT_X,CAMERA_2,S_ANSWERS_QUESTION_ABOUT_FEATURE,CAMERA_2,weight,This one weighs 820 grams.,PRESENT_X,CAMERA_2,16~25
552,5,CAMERA_2,['CAMERA_2'],"{'CAMERA_1': [], 'CAMERA_2': ['weight', 'optical_zoom'], 'CAMERA_3': []}",C_QUESTION_ABOUT_FEATURE,CAMERA_2,optical_zoom,good that's a good effect okay how about the optical zooms,PRESENT_X,CAMERA_2,S_ANSWERS_QUESTION_ABOUT_FEATURE,CAMERA_2,optical_zoom,This one has 21x optical zoom.,PRESENT_X,CAMERA_2,13~29
552,6,CAMERA_2,['CAMERA_2'],"{'CAMERA_1': [], 'CAMERA_2': ['weight', 'optical_zoom', 'ISO'], 'CAMERA_3': []}",C_QUESTION_ABOUT_FEATURE,CAMERA_2,ISO,How is the iso performance,PRESENT_X,CAMERA_2,S_NOT_SURE,CAMERA_2,,I'm not really sure about that.,PRESENT_X,CAMERA_2,
552,7,CAMERA_2,['CAMERA_2'],"{'CAMERA_1': [], 'CAMERA_2': ['weight', 'optical_zoom', 'ISO', 'preset_modes'], 'CAMERA_3': []}",C_QUESTION_ABOUT_FEATURE,CAMERA_2,preset_modes,okay and does it have any menu settings,PRESENT_X,CAMERA_2,S_NOT_SURE,CAMERA_2,,I'm not really sure about that.,PRESENT_X,CAMERA_2,
552,8,CAMERA_2,['CAMERA_2'],"{'CAMERA_1': [], 'CAMERA_2': ['weight', 'optical_zoom', 'ISO', 'preset_modes', 'resolution'], 'CAMERA_3': []}",C_QUESTION_ABOUT_FEATURE,CAMERA_2,resolution,what about the resolution of this camera,PRESENT_X,CAMERA_2,S_ANSWERS_QUESTION_ABOUT_FEATURE,CAMERA_2,resolution,This one has 23.8 megapixels resolution.,PRESENT_X,CAMERA_2,13~28
552,9,CAMERA_1,"['CAMERA_2', 'CAMERA_1']","{'CAMERA_1': [], 'CAMERA_2': ['weight', 'optical_zoom', 'ISO', 'preset_modes', 'resolution'], 'CAMERA_3': []}",C_ANYTHING_ELSE_AVAILABLE,CAMERA_2,NONE,do you have any other cameras with preset mode,PRESENT_X,CAMERA_2,S_INTRODUCES_CAMERA,CAMERA_1,,Let me show you this. Here we have the Sony PowerShot ELPH DMC-ZS3.,PRESENT_X,CAMERA_1,39~66
552,10,CAMERA_1,"['CAMERA_2', 'CAMERA_1']","{'CAMERA_1': ['camera_type'], 'CAMERA_2': ['weight', 'optical_zoom', 'ISO', 'preset_modes', 'resolution'], 'CAMERA_3': []}",C_QUESTION_ABOUT_FEATURE,CAMERA_1,camera_type,is this a DSLR camera,PRESENT_X,CAMERA_1,S_ANSWERS_QUESTION_ABOUT_FEATURE,CAMERA_1,camera_type,This is a DSLR camera.,PRESENT_X,CAMERA_1,10~14
552,11,CAMERA_1,"['CAMERA_2', 'CAMERA_1']","{'CAMERA_1': ['camera_type', 'resolution'], 'CAMERA_2': ['weight', 'optical_zoom', 'ISO', 'preset_modes', 'resolution'], 'CAMERA_3': []}",C_QUESTION_ABOUT_FEATURE,CAMERA_1,resolution,I feel like the resolution is not very good,PRESENT_X,CAMERA_1,S_ANSWERS_QUESTION_ABOUT_FEATURE,CAMERA_1,resolution,This one has 17.8 megapixels resolution.,PRESENT_X,CAMERA_1,13~28
552,12,CAMERA_1,"['CAMERA_2', 'CAMERA_1']","{'CAMERA_1': ['camera_type', 'resolution', 'price'], 'CAMERA_2': ['weight', 'optical_zoom', 'ISO', 'preset_modes', 'resolution'], 'CAMERA_3': []}",C_QUESTION_ABOUT_FEATURE,CAMERA_1,price,and how about the price,PRESENT_X,CAMERA_1,S_ANSWERS_QUESTION_ABOUT_FEATURE,CAMERA_1,price,This one costs $450.,PRESENT_X,CAMERA_1,15~19
552,13,CAMERA_1,"['CAMERA_2', 'CAMERA_1']","{'CAMERA_1': ['camera_type', 'resolution', 'price', 'ISO'], 'CAMERA_2': ['weight', 'optical_zoom', 'ISO', 'preset_modes', 'resolution'], 'CAMERA_3': []}",C_QUESTION_ABOUT_FEATURE,CAMERA_1,ISO,how is the iso,PRESENT_X,CAMERA_1,S_ANSWERS_QUESTION_ABOUT_FEATURE,CAMERA_1,ISO,This one has up to 51200 ISO.,PRESENT_X,CAMERA_1,13~28
552,14,CAMERA_1,"['CAMERA_2', 'CAMERA_1']","{'CAMERA_1': ['camera_type', 'resolution', 'price', 'ISO', 'autofocus_points'], 'CAMERA_2': ['weight', 'optical_zoom', 'ISO', 'preset_modes', 'resolution'], 'CAMERA_3': []}",C_QUESTION_ABOUT_FEATURE,CAMERA_1,autofocus_points,how's the auto focus points on this,PRESENT_X,CAMERA_1,S_ANSWERS_QUESTION_ABOUT_FEATURE,CAMERA_1,autofocus_points,This one has 135 autofocus points.,PRESENT_X,CAMERA_1,13~33
552,15,NONE,"['CAMERA_2', 'CAMERA_1']","{'CAMERA_1': ['camera_type', 'resolution', 'price', 'ISO', 'autofocus_points'], 'CAMERA_2': ['weight', 'optical_zoom', 'ISO', 'preset_modes', 'resolution'], 'CAMERA_3': []}",C_THANK_YOU,CAMERA_1,NONE,thanks,PRESENT_X,CAMERA_1,S_THANK_YOU,CAMERA_1,NONE,thank you very much.,FACE_TO_FACE,NONE,
552,16,NONE,"['CAMERA_2', 'CAMERA_1']","{'CAMERA_1': ['camera_type', 'resolution', 'price', 'ISO', 'autofocus_points'], 'CAMERA_2': ['weight', 'optical_zoom', 'ISO', 'preset_modes', 'resolution'], 'CAMERA_3': []}",C_LEAVES,DOOR,NONE,,FACE_TO_FACE,NONE,S_RETURNS_TO_COUNTER,SERVICE_COUNTER,NONE,,WAITING,NONE,
553,1,NONE,[],"{'CAMERA_1': [], 'CAMERA_2': [], 'CAMERA_3': []}",C_ENTERS,DOOR,NONE,,WAITING,NONE,S_NONE,SERVICE_COUNTER,NONE,,WAITING,NONE,
553,2,NONE,[],"{'CAMERA_1': [], 'CAMERA_2': [], 'CAMERA_3': []}",C_GREETS,MIDDLE,NONE,sorry I may ask something about this camera,WAITING,NONE,S_GREETS,MIDDLE,NONE,can I help you?,FACE_TO_FACE,NONE,
553,3,CAMERA_1,['CAMERA_1'],"{'CAMERA_1': [], 'CAMERA_2': [], 'CAMERA_3': []}",C_LOOKING_FOR_A_CAMERA,MIDDLE,NONE,anyone would do I'm just trying to get a camera real fast,FACE_TO_FACE,NONE,S_INTRODUCES_CAMERA,CAMERA_1,,Let me show you this. Here we have the Sony PowerShot ELPH DMC-ZS3.,PRESENT_X,CAMERA_1,39~66
553,4,CAMERA_1,['CAMERA_1'],"{'CAMERA_1': ['settings'], 'CAMERA_2': [], 'CAMERA_3': []}",C_QUESTION_ABOUT_FEATURE,CAMERA_1,settings,any manual settings,PRESENT_X,CAMERA_1,S_ANSWERS_QUESTION_ABOUT_FEATURE,CAMERA_1,settings,This one has limited manual settings.,PRESENT_X,CAMERA_1,13~36
553,5,CAMERA_1,['CAMERA_1'],"{'CAMERA_1': ['settings', 'resolution'], 'CAMERA_2': [], 'CAMERA_3': []}",C_QUESTION_ABOUT_FEATURE,CAMERA_1,resolution,what about the megapixels camera,PRESENT_X,CAMERA_1,S_ANSWERS_QUESTION_ABOUT_FEATURE,CAMERA_1,resolution,This one has 17.8 megapixels resolution.,PRESENT_X,CAMERA_1,13~28
553,6,CAMERA_3,"['CAMERA_1', 'CAMERA_3']","{'CAMERA_1': ['settings', 'resolution'], 'CAMERA_2': [], 'CAMERA_3': []}",C_ANYTHING_ELSE_AVAILABLE,CAMERA_1,NONE,okay do you have any other cameras I might be interested,PRESENT_X,CAMERA_1,S_INTRODUCES_CAMERA,CAMERA_3,,Let me show you this. Here we have the Fujifilm PowerShot ELPH S2800.,PRESENT_X,CAMERA_3,39~68
553,7,CAMERA_3,"['CAMERA_1', 'CAMERA_3']","{'CAMERA_1': ['settings', 'resolution'], 'CAMERA_2': [], 'CAMERA_3': ['sensor_size']}",C_QUESTION_ABOUT_FEATURE,CAMERA_3,sensor_size,and what is the sensor size,PRESENT_X,CAMERA_3,S_ANSWERS_QUESTION_ABOUT_FEATURE,CAMERA_3,sensor_size,This one has a full frame.,PRESENT_X,CAMERA_3,15~25
553,8,CAMERA_3,"['CAMERA_1', 'CAMERA_3']","{'CAMERA_1': ['settings', 'resolution'], 'CAMERA_2': [], 'CAMERA_3': ['sensor_size', 'camera_type']}",C_QUESTION_ABOUT_FEATURE,CAMERA_3,camera_type,what kind of camera is this,PRESENT_X,CAMERA_3,S_ANSWERS_QUESTION_ABOUT_FEATURE,CAMERA_3,camera_type,This is a point and shoot camera.,PRESENT_X,CAMERA_3,10~25
553,9,CAMERA_3,"['CAMERA_1', 'CAMERA_3']","{'CAMERA_1': ['settings', 'resolution'], 'CAMERA_2': [], 'CAMERA_3': ['sensor_size', 'camera_type', 'resolution']}",C_SILENT_OR_BACKCHANNEL,CAMERA_3,NONE,I say,PRESENT_X,CAMERA_3,S_INTRODUCES_FEATURE,CAMERA_3,resolution,This one has 23.2 megapixels resolution.,PRESENT_X,CAMERA_3,13~28
553,10,CAMERA_2,"['CAMERA_1', 'CAMERA_3', 'CAMERA_2']","{'CAMERA_1': ['settings', 'resolution'], 'CAMERA_2': [], 'CAMERA_3': ['sensor_size', 'camera_type', 'resolution']}",C_ANYTHING_ELSE_AVAILABLE,CAMERA_3,NONE,ok do you have any other cameras,PRESENT_X,CAMERA_3,S_INTRODUCES_CAMERA,CAMERA_2,,Let me show you this. Here we have the Fujifilm Lumix ILC Camera.,PRESENT_X,CAMERA_2,39~64
553,11,CAMERA_2,"['CAMERA_1', 'CAMERA_3', 'CAMERA_2']","{'CAMERA_1': ['settings', 'resolution'], 'CAMERA_2': ['sensor_size'], 'CAMERA_3': ['sensor_size', 'camera_type', 'resolution']}",C_QUESTION_ABOUT_FEATURE,CAMERA_2,sensor_size,And the sensor size on this one,PRESENT_X,CAMERA_2,S_ANSWERS_QUESTION_ABOUT_FEATURE,CAMERA_2,sensor_size,This one has a 1/2.33 inch sensor.,PRESENT_X,CAMERA_2,15~33
553,12,CAMERA_2,"['CAMERA_1', 'CAMERA_3', 'CAMERA_2']","{'CAMERA_1': ['settings', 'resolution'], 'CAMERA_2': ['sensor_size', 'ISO'], 'CAMERA_3': ['sensor_size', 'camera_type', 'resolution']}",C_QUESTION_ABOUT_FEATURE,CAMERA_2,ISO,what is this ISO thing,PRESENT_X,CAMERA_2,S_NOT_SURE,CAMERA_2,,I'm not really sure about that.,PRESENT_X,CAMERA_2,
553,13,CAMERA_2,"['CAMERA_1', 'CAMERA_3', 'CAMERA_2']","{'CAMERA_1': ['settings', 'resolution'], 'CAMERA_2': ['sensor_size', 'ISO', 'settings'], 'CAMERA_3': ['sensor_size', 'camera_type', 'resolution']}",C_QUESTION_ABOUT_FEATURE,CAMERA_2,settings,How many manual settings on this,PRESENT_X,CAMERA_2,S_ANSWERS_QUESTION_ABOUT_FEATURE,CAMERA_2,settings,"This one has manual control and various automatic settings (video modeburst shooting, etc.).",PRESENT_X,CAMERA_2,13~91
553,14,CAMERA_2,"['CAMERA_1', 'CAMERA_3', 'CAMERA_2']","{'CAMERA_1': ['settings', 'resolution'], 'CAMERA_2': ['sensor_size', 'ISO', 'settings', 'effects'], 'CAMERA_3': ['sensor_size', 'camera_type', 'resolution']}",C_QUESTION_ABOUT_FEATURE,CAMERA_2,effects,what about artistic effect or something,PRESENT_X,CAMERA_2,S_ANSWERS_QUESTION_ABOUT_FEATURE,CAMERA_2,effects,"This one has 24 artistic effect modes (retro, lighter or darker skin tones, sepia, etc.).",PRESENT_X,CAMERA_2,13~88
553,15,CAMERA_2,"['CAMERA_1', 'CAMERA_3', 'CAMERA_2']","{'CAMERA_1': ['settings', 'resolution'], 'CAMERA_2': ['sensor_size', 'ISO', 'settings', 'effects', 'price'], 'CAMERA_3': ['sensor_size', 'camera_type', 'resolution']}",C_SILENT_OR_BACKCHANNEL,CAMERA_2,NONE,wow these cameras look so nice,PRESENT_X,CAMERA_2,S_INTRODUCES_FEATURE,CAMERA_2,price,This one costs $768.,PRESENT_X,CAMERA_2,15~19
553,16,CAMERA_2,"['CAMERA_1', 'CAMERA_3', 'CAMERA_2']","{'CAMERA_1': ['settings', 'resolution'], 'CAMERA_2': ['sensor_size', 'ISO', 'settings', 'effects', 'price', 'resolution'], 'CAMERA_3': ['sensor_size', 'camera_type', 'resolution']}",C_SILENT_OR_BACKCHANNEL,CAMERA_2,NONE,Ice Age,PRESENT_X,CAMERA_2,S_INTRODUCES_FEATURE,CAMERA_2,resolution,This one has 23.8 megapixels resolution.,PRESENT_X,CAMERA_2,13~28
553,17,CAMERA_2,"['CAMERA_1', 'CAMERA_3', 'CAMERA_2']","{'CAMERA_1': ['settings', 'resolution'], 'CAMERA_2': ['sensor_size', 'ISO', 'settings', 'effects', 'price', 'resolution', 'camera_type'], 'CAMERA_3': ['sensor_size', 'camera_type', 'resolution']}",C_QUESTION_ABOUT_FEATURE,CAMERA_2,camera_type,what kind of camera is this,PRESENT_X,CAMERA_2,S_ANSWERS_QUESTION_ABOUT_FEATURE,CAMERA_2,camera_type,This is a digital single lens mirrorless camera.,PRESENT_X,CAMERA_2,10~40
553,18,CAMERA_2,"['CAMERA_1', 'CAMERA_3', 'CAMERA_2']","{'CAMERA_1': ['settings', 'resolution'], 'CAMERA_2': ['sensor_size', 'ISO', 'settings', 'effects', 'price', 'resolution', 'camera_type', 'optical_zoom'], 'CAMERA_3': ['sensor_size', 'camera_type', 'resolution']}",C_SILENT_OR_BACKCHANNEL,CAMERA_2,NONE,Isis sounds like a really nice cameras have,PRESENT_X,CAMERA_2,S_INTRODUCES_FEATURE,CAMERA_2,optical_zoom,This one has 21x optical zoom.,PRESENT_X,CAMERA_2,13~29
553,19,CAMERA_2,"['CAMERA_1', 'CAMERA_3', 'CAMERA_2']","{'CAMERA_1': ['settings', 'resolution'], 'CAMERA_2': ['sensor_size', 'ISO', 'settings', 'effects', 'price', 'resolution', 'camera_type', 'optical_zoom', 'color'], 'CAMERA_3': ['sensor_size', 'camera_type', 'resolution']}",C_QUESTION_ABOUT_FEATURE,CAMERA_2,color,how many colors does this camera come in,PRESENT_X,CAMERA_2,S_ANSWERS_QUESTION_ABOUT_FEATURE,CAMERA_2,color,This one comes in white or pink.,PRESENT_X,CAMERA_2,18~31
553,20,CAMERA_2,"['CAMERA_1', 'CAMERA_3', 'CAMERA_2']","{'CAMERA_1': ['settings', 'resolution'], 'CAMERA_2': ['sensor_size', 'ISO', 'settings', 'effects', 'price', 'resolution', 'camera_type', 'optical_zoom', 'color', 'long_exposure'], 'CAMERA_3': ['sensor_size', 'camera_type', 'resolution']}",C_QUESTION_ABOUT_FEATURE,CAMERA_2,long_exposure,maybe that's not so good for me then when I was preset settings but also has long exposure,PRESENT_X,CAMERA_2,S_ANSWERS_QUESTION_ABOUT_FEATURE,CAMERA_2,long_exposure,This one can take long exposures up to 60 minutes max with bulb mode.,PRESENT_X,CAMERA_2,39~68
553,21,NONE,"['CAMERA_1', 'CAMERA_3', 'CAMERA_2']","{'CAMERA_1': ['settings', 'resolution'], 'CAMERA_2': ['sensor_size', 'ISO', 'settings', 'effects', 'price', 'resolution', 'camera_type', 'optical_zoom', 'color', 'long_exposure'], 'CAMERA_3': ['sensor_size', 'camera_type', 'resolution']}",C_THANK_YOU,CAMERA_2,NONE,thank you very much for your time,PRESENT_X,CAMERA_2,S_THANK_YOU,CAMERA_2,NONE,thank you very much.,FACE_TO_FACE,NONE,
553,22,NONE,"['CAMERA_1', 'CAMERA_3', 'CAMERA_2']","{'CAMERA_1': ['settings', 'resolution'], 'CAMERA_2': ['sensor_size', 'ISO', 'settings', 'effects', 'price', 'resolution', 'camera_type', 'optical_zoom', 'color', 'long_exposure'], 'CAMERA_3': ['sensor_size', 'camera_type', 'resolution']}",C_LEAVES,DOOR,NONE,,FACE_TO_FACE,NONE,S_RETURNS_TO_COUNTER,SERVICE_COUNTER,NONE,,WAITING,NONE,
554,1,NONE,[],"{'CAMERA_1': [], 'CAMERA_2': [], 'CAMERA_3': []}",C_ENTERS,DOOR,NONE,,WAITING,NONE,S_NONE,SERVICE_COUNTER,NONE,,WAITING,NONE,
554,2,NONE,[],"{'CAMERA_1': [], 'CAMERA_2': [], 'CAMERA_3': []}",C_GREETS,MIDDLE,NONE,excuse me how large is the sensor on this camera,WAITING,NONE,S_GREETS,MIDDLE,NONE,can I help you?,FACE_TO_FACE,NONE,
554,3,CAMERA_2,['CAMERA_2'],"{'CAMERA_1': [], 'CAMERA_2': [], 'CAMERA_3': []}",C_LOOKING_FOR_A_CAMERA,MIDDLE,NONE,Yes simple point and shoot but I'm looking for something nicer,FACE_TO_FACE,NONE,S_INTRODUCES_CAMERA,CAMERA_2,,Let me show you this. Here we have the Fujifilm Lumix ILC Camera.,PRESENT_X,CAMERA_2,39~64
554,4,CAMERA_2,['CAMERA_2'],"{'CAMERA_1': [], 'CAMERA_2': ['effects'], 'CAMERA_3': []}",C_SILENT_OR_BACKCHANNEL,CAMERA_2,NONE,IC,PRESENT_X,CAMERA_2,S_INTRODUCES_FEATURE,CAMERA_2,effects,"This one has 24 artistic effect modes (retro, lighter or darker skin tones, sepia, etc.).",PRESENT_X,CAMERA_2,13~88
554,5,NONE,['CAMERA_2'],"{'CAMERA_1': [], 'CAMERA_2': ['effects'], 'CAMERA_3': []}",C_THANK_YOU,CAMERA_2,NONE,thank you you been very helpful,PRESENT_X,CAMERA_2,S_THANK_YOU,CAMERA_2,NONE,thank you very much.,FACE_TO_FACE,NONE,
554,6,NONE,['CAMERA_2'],"{'CAMERA_1': [], 'CAMERA_2': ['effects'], 'CAMERA_3': []}",C_LEAVES,DOOR,NONE,,FACE_TO_FACE,NONE,S_RETURNS_TO_COUNTER,SERVICE_COUNTER,NONE,,WAITING,NONE,
555,1,NONE,[],"{'CAMERA_1': [], 'CAMERA_2': [], 'CAMERA_3': []}",C_ENTERS,DOOR,NONE,,WAITING,NONE,S_NONE,SERVICE_COUNTER,NONE,,WAITING,NONE,
555,2,NONE,[],"{'CAMERA_1': [], 'CAMERA_2': [], 'CAMERA_3': []}",C_GREETS,MIDDLE,NONE,kiss me,WAITING,NONE,S_GREETS,MIDDLE,NONE,can I help you?,FACE_TO_FACE,NONE,
555,3,CAMERA_1,['CAMERA_1'],"{'CAMERA_1': [], 'CAMERA_2': [], 'CAMERA_3': []}",C_LOOKING_FOR_A_CAMERA,MIDDLE,NONE,I'm interested in buying a camera but I'm not sure what I need,FACE_TO_FACE,NONE,S_INTRODUCES_CAMERA,CAMERA_1,,Let me show you this. Here we have the Sony PowerShot ELPH DMC-ZS3.,PRESENT_X,CAMERA_1,39~66
555,4,CAMERA_1,['CAMERA_1'],"{'CAMERA_1': ['effects'], 'CAMERA_2': [], 'CAMERA_3': []}",C_QUESTION_ABOUT_FEATURE,CAMERA_1,effects,okay let's see what about the artistic effect mode is it really good or is it ok,PRESENT_X,CAMERA_1,S_ANSWERS_QUESTION_ABOUT_FEATURE,CAMERA_1,effects,"This one has 24 glamor retouch effects (miniature, retro, toy camera, etc.).",PRESENT_X,CAMERA_1,13~75
555,5,CAMERA_2,"['CAMERA_1', 'CAMERA_2']","{'CAMERA_1': ['effects'], 'CAMERA_2': [], 'CAMERA_3': []}",C_ANYTHING_ELSE_AVAILABLE,CAMERA_1,NONE,do you have anything better than this,PRESENT_X,CAMERA_1,S_INTRODUCES_CAMERA,CAMERA_2,,Let me show you this. Here we have the Fujifilm Lumix ILC Camera.,PRESENT_X,CAMERA_2,39~64
555,6,CAMERA_2,"['CAMERA_1', 'CAMERA_2']","{'CAMERA_1': ['effects'], 'CAMERA_2': ['price'], 'CAMERA_3': []}",C_SILENT_OR_BACKCHANNEL,CAMERA_2,NONE,wow these cameras look so nice,PRESENT_X,CAMERA_2,S_INTRODUCES_FEATURE,CAMERA_2,price,This one costs $768.,PRESENT_X,CAMERA_2,15~19
555,7,CAMERA_2,"['CAMERA_1', 'CAMERA_2']","{'CAMERA_1': ['effects'], 'CAMERA_2': ['price', 'camera_type'], 'CAMERA_3': []}",C_SILENT_OR_BACKCHANNEL,CAMERA_2,NONE,ok,PRESENT_X,CAMERA_2,S_INTRODUCES_FEATURE,CAMERA_2,camera_type,This is a digital single lens mirrorless camera.,PRESENT_X,CAMERA_2,10~40
555,8,CAMERA_2,"['CAMERA_1', 'CAMERA_2']","{'CAMERA_1': ['effects'], 'CAMERA_2': ['price', 'camera_type', 'ISO'], 'CAMERA_3': []}",C_QUESTION_ABOUT_FEATURE,CAMERA_2,ISO,okay and what is the what is ISO,PRESENT_X,CAMERA_2,S_NOT_SURE,CAMERA_2,,I'm not really sure about that.,PRESENT_X,CAMERA_2,
555,9,CAMERA_2,"['CAMERA_1', 'CAMERA_2']","{'CAMERA_1': ['effects'], 'CAMERA_2': ['price', 'camera_type', 'ISO', 'optical_zoom'], 'CAMERA_3': []}",C_QUESTION_ABOUT_FEATURE,CAMERA_2,optical_zoom,what about the optical zoom,PRESENT_X,CAMERA_2,S_ANSWERS_QUESTION_ABOUT_FEATURE,CAMERA_2,optical_zoom,This one has 21x optical zoom.,PRESENT_X,CAMERA_2,13~29
555,10,CAMERA_2,"['CAMERA_1', 'CAMERA_2']","{'CAMERA_1': ['effects'], 'CAMERA_2': ['price', 'camera_type', 'ISO', 'optical_zoom', 'settings'], 'CAMERA_3': []}",C_SILENT_OR_BACKCHANNEL,CAMERA_2,NONE,that sounds great what about the price,PRESENT_X,CAMERA_2,S_INTRODUCES_FEATURE,CAMERA_2,settings,"This one has manual control and various automatic settings (video modeburst shooting, etc.).",PRESENT_X,CAMERA_2,13~91
555,11,CAMERA_2,"['CAMERA_1', 'CAMERA_2']","{'CAMERA_1': ['effects'], 'CAMERA_2': ['price', 'camera_type', 'ISO', 'optical_zoom', 'settings', 'long_exposure'], 'CAMERA_3': []}",C_SILENT_OR_BACKCHANNEL,CAMERA_2,NONE,that's great we're by the way,PRESENT_X,CAMERA_2,S_INTRODUCES_FEATURE,CAMERA_2,long_exposure,This one can take long exposures up to 60 minutes max with bulb mode.,PRESENT_X,CAMERA_2,39~68
555,12,CAMERA_2,"['CAMERA_1', 'CAMERA_2']","{'CAMERA_1': ['effects'], 'CAMERA_2': ['price', 'camera_type', 'ISO', 'optical_zoom', 'settings', 'long_exposure', 'effects'], 'CAMERA_3': []}",C_QUESTION_ABOUT_FEATURE,CAMERA_2,effects,something that can add an artistic effect,PRESENT_X,CAMERA_2,S_ANSWERS_QUESTION_ABOUT_FEATURE,CAMERA_2,effects,"This one has 24 artistic effect modes (retro, lighter or darker skin tones, sepia, etc.).",PRESENT_X,CAMERA_2,13~88
555,13,CAMERA_2,"['CAMERA_1', 'CAMERA_2']","{'CAMERA_1': ['effects'], 'CAMERA_2': ['price', 'camera_type', 'ISO', 'optical_zoom', 'settings', 'long_exposure', 'effects', 'sensor_size'], 'CAMERA_3': []}",C_QUESTION_ABOUT_FEATURE,CAMERA_2,sensor_size,and what about the census is,PRESENT_X,CAMERA_2,S_ANSWERS_QUESTION_ABOUT_FEATURE,CAMERA_2,sensor_size,This one has a 1/2.33 inch sensor.,PRESENT_X,CAMERA_2,15~33
555,14,CAMERA_2,"['CAMERA_1', 'CAMERA_2']","{'CAMERA_1': ['effects'], 'CAMERA_2': ['price', 'camera_type', 'ISO', 'optical_zoom', 'settings', 'long_exposure', 'effects', 'sensor_size', 'weight'], 'CAMERA_3': []}",C_QUESTION_ABOUT_FEATURE,CAMERA_2,weight,um yeah I used to go on forever but I don't want it anymore I want to latest model,PRESENT_X,CAMERA_2,S_ANSWERS_QUESTION_ABOUT_FEATURE,CAMERA_2,weight,This one weighs 820 grams.,PRESENT_X,CAMERA_2,16~25
555,15,CAMERA_2,"['CAMERA_1', 'CAMERA_2']","{'CAMERA_1': ['effects'], 'CAMERA_2': ['price', 'camera_type', 'ISO', 'optical_zoom', 'settings', 'long_exposure', 'effects', 'sensor_size', 'weight', 'autofocus_points'], 'CAMERA_3': []}",C_QUESTION_ABOUT_FEATURE,CAMERA_2,autofocus_points,how many autofocus points does it have,PRESENT_X,CAMERA_2,S_NOT_SURE,CAMERA_2,,I'm not really sure about that.,PRESENT_X,CAMERA_2,
555,16,CAMERA_2,"['CAMERA_1', 'CAMERA_2']","{'CAMERA_1': ['effects'], 'CAMERA_2': ['price', 'camera_type', 'ISO', 'optical_zoom', 'settings', 'long_exposure', 'effects', 'sensor_size', 'weight', 'autofocus_points', 'preset_modes'], 'CAMERA_3': []}",C_QUESTION_ABOUT_FEATURE,CAMERA_2,preset_modes,what does this support for preset mode,PRESENT_X,CAMERA_2,S_NOT_SURE,CAMERA_2,,I'm not really sure about that.,PRESENT_X,CAMERA_2,
555,17,CAMERA_2,"['CAMERA_1', 'CAMERA_2']","{'CAMERA_1': ['effects'], 'CAMERA_2': ['price', 'camera_type', 'ISO', 'optical_zoom', 'settings', 'long_exposure', 'effects', 'sensor_size', 'weight', 'autofocus_points', 'preset_modes', 'color'], 'CAMERA_3': []}",C_QUESTION_ABOUT_FEATURE,CAMERA_2,color,so this is come in gold,PRESENT_X,CAMERA_2,S_ANSWERS_QUESTION_ABOUT_FEATURE,CAMERA_2,color,This one comes in white or pink.,PRESENT_X,CAMERA_2,18~31
555,18,CAMERA_2,"['CAMERA_1', 'CAMERA_2']","{'CAMERA_1': ['effects'], 'CAMERA_2': ['price', 'camera_type', 'ISO', 'optical_zoom', 'settings', 'long_exposure', 'effects', 'sensor_size', 'weight', 'autofocus_points', 'preset_modes', 'color', 'resolution'], 'CAMERA_3': []}",C_QUESTION_ABOUT_FEATURE,CAMERA_2,resolution,and this is a touch screen,PRESENT_X,CAMERA_2,S_ANSWERS_QUESTION_ABOUT_FEATURE,CAMERA_2,resolution,This one has 23.8 megapixels resolution.,PRESENT_X,CAMERA_2,13~28
555,19,CAMERA_3,"['CAMERA_1', 'CAMERA_2', 'CAMERA_3']","{'CAMERA_1': ['effects'], 'CAMERA_2': ['price', 'camera_type', 'ISO', 'optical_zoom', 'settings', 'long_exposure', 'effects', 'sensor_size', 'weight', 'autofocus_points', 'preset_modes', 'color', 'resolution'], 'CAMERA_3': []}",C_ANYTHING_ELSE_AVAILABLE,CAMERA_2,NONE,Do you have other cameras that I could afford,PRESENT_X,CAMERA_2,S_INTRODUCES_CAMERA,CAMERA_3,,Let me show you this. Here we have the Fujifilm PowerShot ELPH S2800.,PRESENT_X,CAMERA_3,39~68
555,20,CAMERA_3,"['CAMERA_1', 'CAMERA_2', 'CAMERA_3']","{'CAMERA_1': ['effects'], 'CAMERA_2': ['price', 'camera_type', 'ISO', 'optical_zoom', 'settings', 'long_exposure', 'effects', 'sensor_size', 'weight', 'autofocus_points', 'preset_modes', 'color', 'resolution'], 'CAMERA_3': ['settings']}",C_SILENT_OR_BACKCHANNEL,CAMERA_3,NONE,yeah yeah yeah,PRESENT_X,CAMERA_3,S_INTRODUCES_FEATURE,CAMERA_3,settings,"This one has manual control and various automatic settings (video modeburst shooting, etc.).",PRESENT_X,CAMERA_3,13~91
555,21,CAMERA_3,"['CAMERA_1', 'CAMERA_2', 'CAMERA_3']","{'CAMERA_1': ['effects'], 'CAMERA_2': ['price', 'camera_type', 'ISO', 'optical_zoom', 'settings', 'long_exposure', 'effects', 'sensor_size', 'weight', 'autofocus_points', 'preset_modes', 'color', 'resolution'], 'CAMERA_3': ['settings', 'weight']}",C_QUESTION_ABOUT_FEATURE,CAMERA_3,weight,how much does the body weight,PRESENT_X,CAMERA_3,S_ANSWERS_QUESTION_ABOUT_FEATURE,CAMERA_3,weight,This one weighs 820 grams.,PRESENT_X,CAMERA_3,16~25
555,22,CAMERA_3,"['CAMERA_1', 'CAMERA_2', 'CAMERA_3']","{'CAMERA_1': ['effects'], 'CAMERA_2': ['price', 'camera_type', 'ISO', 'optical_zoom', 'settings', 'long_exposure', 'effects', 'sensor_size', 'weight', 'autofocus_points', 'preset_modes', 'color', 'resolution'], 'CAMERA_3': ['settings', 'weight', 'sensor_size']}",C_QUESTION_ABOUT_FEATURE,CAMERA_3,sensor_size,What is synthesizer of this camera,PRESENT_X,CAMERA_3,S_ANSWERS_QUESTION_ABOUT_FEATURE,CAMERA_3,sensor_size,This one has a full frame.,PRESENT_X,CAMERA_3,15~25
555,23,CAMERA_3,"['CAMERA_1', 'CAMERA_2', 'CAMERA_3']","{'CAMERA_1': ['effects'], 'CAMERA_2': ['price', 'camera_type', 'ISO', 'optical_zoom', 'settings', 'long_exposure', 'effects', 'sensor_size', 'weight', 'autofocus_points', 'preset_modes', 'color', 'resolution'], 'CAMERA_3': ['settings', 'weight', 'sensor_size', 'color']}",C_SILENT_OR_BACKCHANNEL,CAMERA_3,NONE,okay,PRESENT_X,CAMERA_3,S_INTRODUCES_FEATURE,CAMERA_3,color,"This one comes in purple, white, silver, blue, red, or pink.",PRESENT_X,CAMERA_3,18~59
555,24,CAMERA_3,"['CAMERA_1', 'CAMERA_2', 'CAMERA_3']","{'CAMERA_1': ['effects'], 'CAMERA_2': ['price', 'camera_type', 'ISO', 'optical_zoom', 'settings', 'long_exposure', 'effects', 'sensor_size', 'weight', 'autofocus_points', 'preset_modes', 'color', 'resolution'], 'CAMERA_3': ['settings', 'weight', 'sensor_size', 'color', 'effects']}",C_QUESTION_ABOUT_FEATURE,CAMERA_3,effects,okay let's see what about the artistic effect mode is it really good or is it ok,PRESENT_X,CAMERA_3,S_ANSWERS_QUESTION_ABOUT_FEATURE,CAMERA_3,effects,"This one has 21 photo effects (small face, retro, big eyes, etc.).",PRESENT_X,CAMERA_3,13~65
555,25,CAMERA_3,"['CAMERA_1', 'CAMERA_2', 'CAMERA_3']","{'CAMERA_1': ['effects'], 'CAMERA_2': ['price', 'camera_type', 'ISO', 'optical_zoom', 'settings', 'long_exposure', 'effects', 'sensor_size', 'weight', 'autofocus_points', 'preset_modes', 'color', 'resolution'], 'CAMERA_3': ['settings', 'weight', 'sensor_size', 'color', 'effects', 'long_exposure']}",C_SILENT_OR_BACKCHANNEL,CAMERA_3,NONE,I say so,PRESENT_X,CAMERA_3,S_INTRODUCES_FEATURE,CAMERA_3,long_exposure,This one can take long exposures up to 30 minutes max with bulb mode.,PRESENT_X,CAMERA_3,39~68
555,26,CAMERA_3,"['CAMERA_1', 'CAMERA_2', 'CAMERA_3']","{'CAMERA_1': ['effects'], 'CAMERA_2': ['price', 'camera_type', 'ISO', 'optical_zoom', 'settings', 'long_exposure', 'effects', 'sensor_size', 'weight', 'autofocus_points', 'preset_modes', 'color', 'resolution'], 'CAMERA_3': ['settings', 'weight', 'sensor_size', 'color', 'effects', 'long_exposure', 'price']}",C_SILENT_OR_BACKCHANNEL,CAMERA_3,NONE,ok,PRESENT_X,CAMERA_3,S_INTRODUCES_FEATURE,CAMERA_3,price,This one costs $518.,PRESENT_X,CAMERA_3,15~19
555,27,NONE,"['CAMERA_1', 'CAMERA_2', 'CAMERA_3']","{'CAMERA_1': ['effects'], 'CAMERA_2': ['price', 'camera_type', 'ISO', 'optical_zoom', 'settings', 'long_exposure', 'effects', 'sensor_size', 'weight', 'autofocus_points', 'preset_modes', 'color', 'resolution'], 'CAMERA_3': ['settings', 'weight', 'sensor_size', 'color', 'effects', 'long_exposure', 'price']}",C_THANK_YOU,CAMERA_3,NONE,thank you,PRESENT_X,CAMERA_3,S_THANK_YOU,CAMERA_3,NONE,thank you very much.,FACE_TO_FACE,NONE,
555,28,NONE,"['CAMERA_1', 'CAMERA_2', 'CAMERA_3']","{'CAMERA_1': ['effects'], 'CAMERA_2': ['price', 'camera_type', 'ISO', 'optical_zoom', 'settings', 'long_exposure', 'effects', 'sensor_size', 'weight', 'autofocus_points', 'preset_modes', 'color', 'resolution'], 'CAMERA_3': ['settings', 'weight', 'sensor_size', 'color', 'effects', 'long_exposure', 'price']}",C_LEAVES,DOOR,NONE,,FACE_TO_FACE,NONE,S_RETURNS_TO_COUNTER,SERVICE_COUNTER,NONE,,WAITING,NONE,
556,1,NONE,[],"{'CAMERA_1': [], 'CAMERA_2': [], 'CAMERA_3': []}",C_ENTERS,DOOR,NONE,,WAITING,NONE,S_NONE,SERVICE_COUNTER,NONE,,WAITING,NONE,
556,2,NONE,[],"{'CAMERA_1': [], 'CAMERA_2': [], 'CAMERA_3': []}",C_WALKS_TO_CAMERA,CAMERA_2,NONE,,WAITING,NONE,S_GREETS,CAMERA_2,NONE,can I help you?,FACE_TO_FACE,NONE,
556,3,CAMERA_1,['CAMERA_1'],"{'CAMERA_1': [], 'CAMERA_2': [], 'CAMERA_3': []}",C_LOOKING_FOR_A_CAMERA,CAMERA_2,NONE,ho hey just looking for a camera something more high end,FACE_TO_FACE,NONE,S_INTRODUCES_CAMERA,CAMERA_1,,Let me show you this. Here we have the Sony PowerShot ELPH DMC-ZS3.,PRESENT_X,CAMERA_1,39~66
556,4,CAMERA_1,['CAMERA_1'],"{'CAMERA_1': ['camera_type'], 'CAMERA_2': [], 'CAMERA_3': []}",C_QUESTION_ABOUT_FEATURE,CAMERA_1,camera_type,what kind of camera is this,PRESENT_X,CAMERA_1,S_ANSWERS_QUESTION_ABOUT_FEATURE,CAMERA_1,camera_type,This is a DSLR camera.,PRESENT_X,CAMERA_1,10~14
556,5,CAMERA_1,['CAMERA_1'],"{'CAMERA_1': ['camera_type', 'effects'], 'CAMERA_2': [], 'CAMERA_3': []}",C_QUESTION_ABOUT_FEATURE,CAMERA_1,effects,what's the artistic effect mode,PRESENT_X,CAMERA_1,S_ANSWERS_QUESTION_ABOUT_FEATURE,CAMERA_1,effects,"This one has 24 glamor retouch effects (miniature, retro, toy camera, etc.).",PRESENT_X,CAMERA_1,13~75
556,6,CAMERA_1,['CAMERA_1'],"{'CAMERA_1': ['camera_type', 'effects', 'optical_zoom'], 'CAMERA_2': [], 'CAMERA_3': []}",C_QUESTION_ABOUT_FEATURE,CAMERA_1,optical_zoom,I see what about the optical zoom,PRESENT_X,CAMERA_1,S_ANSWERS_QUESTION_ABOUT_FEATURE,CAMERA_1,optical_zoom,This one has 21x optical zoom.,PRESENT_X,CAMERA_1,13~29
556,7,CAMERA_1,['CAMERA_1'],"{'CAMERA_1': ['camera_type', 'effects', 'optical_zoom', 'color'], 'CAMERA_2': [], 'CAMERA_3': []}",C_SILENT_OR_BACKCHANNEL,CAMERA_1,NONE,IC,PRESENT_X,CAMERA_1,S_INTRODUCES_FEATURE,CAMERA_1,color,This one comes in blue or black.,PRESENT_X,CAMERA_1,18~31
556,8,CAMERA_1,['CAMERA_1'],"{'CAMERA_1': ['camera_type', 'effects', 'optical_zoom', 'color', 'sensor_size'], 'CAMERA_2': [], 'CAMERA_3': []}",C_SILENT_OR_BACKCHANNEL,CAMERA_1,NONE,okay I've read that aps-c is pretty good,PRESENT_X,CAMERA_1,S_INTRODUCES_FEATURE,CAMERA_1,sensor_size,This one has a 1/2.3 inch CMOS sensor.,PRESENT_X,CAMERA_1,15~37
556,9,NONE,['CAMERA_1'],"{'CAMERA_1': ['camera_type', 'effects', 'optical_zoom', 'color', 'sensor_size'], 'CAMERA_2': [], 'CAMERA_3': []}",C_THANK_YOU,CAMERA_1,NONE,thank you,PRESENT_X,CAMERA_1,S_THANK_YOU,CAMERA_1,NONE,thank you very much.,FACE_TO_FACE,NONE,
556,10,NONE,['CAMERA_1'],"{'CAMERA_1': ['camera_type', 'effects', 'optical_zoom', 'color', 'sensor_size'], 'CAMERA_2': [], 'CAMERA_3': []}",C_LEAVES,DOOR,NONE,,FACE_TO_FACE,NONE,S_RETURNS_TO_COUNTER,SERVICE_COUNTER,NONE,,WAITING,NONE,
557,1,NONE,[],"{'CAMERA_1': [], 'CAMERA_2': [], 'CAMERA_3': []}",C_ENTERS,DOOR,NONE,,WAITING,NONE,S_NONE,SERVICE_COUNTER,NONE,,WAITING,NONE,
557,2,NONE,[],"{'CAMERA_1': [], 'CAMERA_2': [], 'CAMERA_3': []}",C_GREETS,MIDDLE,NONE,kiss me,WAITING,NONE,S_GREETS,MIDDLE,NONE,can I help you?,FACE_TO_FACE,NONE,
557,3,CAMERA_3,['CAMERA_3'],"{'CAMERA_1': [], 'CAMERA_2': [], 'CAMERA_3': []}",C_LOOKING_FOR_A_CAMERA,MIDDLE,NONE,I'm looking for a camera for my business,FACE_TO_FACE,NONE,S_INTRODUCES_CAMERA,CAMERA_3,,Let me show you this. Here we have the Fujifilm PowerShot ELPH S2800.,PRESENT_X,CAMERA_3,39~68
557,4,CAMERA_3,['CAMERA_3'],"{'CAMERA_1': [], 'CAMERA_2': [], 'CAMERA_3': ['preset_modes']}",C_QUESTION_ABOUT_FEATURE,CAMERA_3,preset_modes,does it have any preset mode,PRESENT_X,CAMERA_3,S_ANSWERS_QUESTION_ABOUT_FEATURE,CAMERA_3,preset_modes,This one has various preset modes.,PRESENT_X,CAMERA_3,13~33
557,5,CAMERA_2,"['CAMERA_3', 'CAMERA_2']","{'CAMERA_1': [], 'CAMERA_2': [], 'CAMERA_3': ['preset_modes']}",C_ANYTHING_ELSE_AVAILABLE,CAMERA_3,NONE,do you have any other cameras like this,PRESENT_X,CAMERA_3,S_INTRODUCES_CAMERA,CAMERA_2,,Let me show you this. Here we have the Fujifilm Lumix ILC Camera.,PRESENT_X,CAMERA_2,39~64
557,6,CAMERA_2,"['CAMERA_3', 'CAMERA_2']","{'CAMERA_1': [], 'CAMERA_2': ['optical_zoom'], 'CAMERA_3': ['preset_modes']}",C_QUESTION_ABOUT_FEATURE,CAMERA_2,optical_zoom,how's the zoom on it,PRESENT_X,CAMERA_2,S_ANSWERS_QUESTION_ABOUT_FEATURE,CAMERA_2,optical_zoom,This one has 21x optical zoom.,PRESENT_X,CAMERA_2,13~29
557,7,CAMERA_2,"['CAMERA_3', 'CAMERA_2']","{'CAMERA_1': [], 'CAMERA_2': ['optical_zoom', 'settings'], 'CAMERA_3': ['preset_modes']}",C_QUESTION_ABOUT_FEATURE,CAMERA_2,settings,why would I control the settings manually,PRESENT_X,CAMERA_2,S_ANSWERS_QUESTION_ABOUT_FEATURE,CAMERA_2,settings,"This one has manual control and various automatic settings (video modeburst shooting, etc.).",PRESENT_X,CAMERA_2,13~91
557,8,CAMERA_2,"['CAMERA_3', 'CAMERA_2']","{'CAMERA_1': [], 'CAMERA_2': ['optical_zoom', 'settings', 'weight'], 'CAMERA_3': ['preset_modes']}",C_SILENT_OR_BACKCHANNEL,CAMERA_2,NONE,IC,PRESENT_X,CAMERA_2,S_INTRODUCES_FEATURE,CAMERA_2,weight,This one weighs 820 grams.,PRESENT_X,CAMERA_2,16~25
557,9,CAMERA_2,"['CAMERA_3', 'CAMERA_2']","{'CAMERA_1': [], 'CAMERA_2': ['optical_zoom', 'settings', 'weight', 'resolution'], 'CAMERA_3': ['preset_modes']}",C_SILENT_OR_BACKCHANNEL,CAMERA_2,NONE,I said okay,PRESENT_X,CAMERA_2,S_INTRODUCES_FEATURE,CAMERA_2,resolution,This one has 23.8 megapixels resolution.,PRESENT_X,CAMERA_2,13~28
557,10,CAMERA_2,"['CAMERA_3', 'CAMERA_2']","{'CAMERA_1': [], 'CAMERA_2': ['optical_zoom', 'settings', 'weight', 'resolution', 'effects'], 'CAMERA_3': ['preset_modes']}",C_SILENT_OR_BACKCHANNEL,CAMERA_2,NONE,wow that's really nice to you,PRESENT_X,CAMERA_2,S_INTRODUCES_FEATURE,CAMERA_2,effects,"This one has 24 artistic effect modes (retro, lighter or darker skin tones, sepia, etc.).",PRESENT_X,CAMERA_2,13~88
557,11,CAMERA_2,"['CAMERA_3', 'CAMERA_2']","{'CAMERA_1': [], 'CAMERA_2': ['optical_zoom', 'settings', 'weight', 'resolution', 'effects', 'color'], 'CAMERA_3': ['preset_modes']}",C_SILENT_OR_BACKCHANNEL,CAMERA_2,NONE,okay that sounds good too,PRESENT_X,CAMERA_2,S_INTRODUCES_FEATURE,CAMERA_2,color,This one comes in white or pink.,PRESENT_X,CAMERA_2,18~31
557,12,CAMERA_2,"['CAMERA_3', 'CAMERA_2']","{'CAMERA_1': [], 'CAMERA_2': ['optical_zoom', 'settings', 'weight', 'resolution', 'effects', 'color', 'long_exposure'], 'CAMERA_3': ['preset_modes']}",C_SILENT_OR_BACKCHANNEL,CAMERA_2,NONE,IC,PRESENT_X,CAMERA_2,S_INTRODUCES_FEATURE,CAMERA_2,long_exposure,This one can take long exposures up to 60 minutes max with bulb mode.,PRESENT_X,CAMERA_2,39~68
557,13,CAMERA_2,"['CAMERA_3', 'CAMERA_2']","{'CAMERA_1': [], 'CAMERA_2': ['optical_zoom', 'settings', 'weight', 'resolution', 'effects', 'color', 'long_exposure', 'sensor_size'], 'CAMERA_3': ['preset_modes']}",C_SILENT_OR_BACKCHANNEL,CAMERA_2,NONE,ok,PRESENT_X,CAMERA_2,S_INTRODUCES_FEATURE,CAMERA_2,sensor_size,This one has a 1/2.33 inch sensor.,PRESENT_X,CAMERA_2,15~33
557,14,CAMERA_1,"['CAMERA_3', 'CAMERA_2', 'CAMERA_1']","{'CAMERA_1': [], 'CAMERA_2': ['optical_zoom', 'settings', 'weight', 'resolution', 'effects', 'color', 'long_exposure', 'sensor_size'], 'CAMERA_3': ['preset_modes']}",C_ANYTHING_ELSE_AVAILABLE,CAMERA_2,NONE,maybe did you have a another camera you recommend,PRESENT_X,CAMERA_2,S_INTRODUCES_CAMERA,CAMERA_1,,Let me show you this. Here we have the Sony PowerShot ELPH DMC-ZS3.,PRESENT_X,CAMERA_1,39~66
557,15,CAMERA_1,"['CAMERA_3', 'CAMERA_2', 'CAMERA_1']","{'CAMERA_1': ['resolution'], 'CAMERA_2': ['optical_zoom', 'settings', 'weight', 'resolution', 'effects', 'color', 'long_exposure', 'sensor_size'], 'CAMERA_3': ['preset_modes']}",C_QUESTION_ABOUT_FEATURE,CAMERA_1,resolution,how many megapixels is this camera information of the resolution,PRESENT_X,CAMERA_1,S_ANSWERS_QUESTION_ABOUT_FEATURE,CAMERA_1,resolution,This one has 17.8 megapixels resolution.,PRESENT_X,CAMERA_1,13~28
557,16,CAMERA_1,"['CAMERA_3', 'CAMERA_2', 'CAMERA_1']","{'CAMERA_1': ['resolution', 'price'], 'CAMERA_2': ['optical_zoom', 'settings', 'weight', 'resolution', 'effects', 'color', 'long_exposure', 'sensor_size'], 'CAMERA_3': ['preset_modes']}",C_QUESTION_ABOUT_FEATURE,CAMERA_1,price,how much is this,PRESENT_X,CAMERA_1,S_ANSWERS_QUESTION_ABOUT_FEATURE,CAMERA_1,price,This one costs $450.,PRESENT_X,CAMERA_1,15~19
557,17,CAMERA_1,"['CAMERA_3', 'CAMERA_2', 'CAMERA_1']","{'CAMERA_1': ['resolution', 'price', 'camera_type'], 'CAMERA_2': ['optical_zoom', 'settings', 'weight', 'resolution', 'effects', 'color', 'long_exposure', 'sensor_size'], 'CAMERA_3': ['preset_modes']}",C_SILENT_OR_BACKCHANNEL,CAMERA_1,NONE,sounds great I'll take one of them with me,PRESENT_X,CAMERA_1,S_INTRODUCES_FEATURE,CAMERA_1,camera_type,This is a DSLR camera.,PRESENT_X,CAMERA_1,10~14
557,18,CAMERA_1,"['CAMERA_3', 'CAMERA_2', 'CAMERA_1']","{'CAMERA_1': ['resolution', 'price', 'camera_type', 'color'], 'CAMERA_2': ['optical_zoom', 'settings', 'weight', 'resolution', 'effects', 'color', 'long_exposure', 'sensor_size'], 'CAMERA_3': ['preset_modes']}",C_QUESTION_ABOUT_FEATURE,CAMERA_1,color,that sounds a bit heavy does it come in any other colors,PRESENT_X,CAMERA_1,S_ANSWERS_QUESTION_ABOUT_FEATURE,CAMERA_1,color,This one comes in blue or black.,PRESENT_X,CAMERA_1,18~31
557,19,,"['CAMERA_3', 'CAMERA_2', 'CAMERA_1']","{'CAMERA_1': ['resolution', 'price', 'camera_type', 'color'], 'CAMERA_2': ['optical_zoom', 'settings', 'weight', 'resolution', 'effects', 'color', 'long_exposure', 'sensor_size'], 'CAMERA_3': ['preset_modes']}",C_ANYTHING_ELSE_AVAILABLE,CAMERA_1,NONE,okay do you have any other cameras I might be interested,PRESENT_X,CAMERA_1,S_THATS_ALL_WE_HAVE_AVAILABLE,CAMERA_1,,That's all we have available at the moment.,PRESENT_X,CAMERA_1,
557,20,NONE,"['CAMERA_3', 'CAMERA_2', 'CAMERA_1']","{'CAMERA_1': ['resolution', 'price', 'camera_type', 'color'], 'CAMERA_2': ['optical_zoom', 'settings', 'weight', 'resolution', 'effects', 'color', 'long_exposure', 'sensor_size'], 'CAMERA_3': ['preset_modes']}",C_THANK_YOU,CAMERA_1,NONE,thanks,PRESENT_X,CAMERA_1,S_THANK_YOU,CAMERA_1,NONE,thank you very much.,FACE_TO_FACE,NONE,
557,21,NONE,"['CAMERA_3', 'CAMERA_2', 'CAMERA_1']","{'CAMERA_1': ['resolution', 'price', 'camera_type', 'color'], 'CAMERA_2': ['optical_zoom', 'settings', 'weight', 'resolution', 'effects', 'color', 'long_exposure', 'sensor_size'], 'CAMERA_3': ['preset_modes']}",C_LEAVES,DOOR,NONE,,FACE_TO_FACE,NONE,S_RETURNS_TO_COUNTER,SERVICE_COUNTER,NONE,,WAITING,NONE,
558,1,NONE,[],"{'CAMERA_1': [], 'CAMERA_2': [], 'CAMERA_3': []}",C_ENTERS,DOOR,NONE,,WAITING,NONE,S_NONE,SERVICE_COUNTER,NONE,,WAITING,NONE,
558,2,NONE,[],"{'CAMERA_1': [], 'CAMERA_2': [], 'CAMERA_3': []}",C_WALKS_TO_CAMERA,CAMERA_2,NONE,,WAITING,NONE,S_NONE,SERVICE_COUNTER,NONE,,WAITING,NONE,
558,3,CAMERA_2,['CAMERA_2'],"{'CAMERA_1': [], 'CAMERA_2': ['weight'], 'CAMERA_3': []}",C_QUESTION_ABOUT_FEATURE,CAMERA_2,weight,it's way too heavy,WAITING,NONE,S_ANSWERS_QUESTION_ABOUT_FEATURE,CAMERA_2,weight,This one weighs 820 grams.,PRESENT_X,CAMERA_2,16~25
558,4,CAMERA_2,['CAMERA_2'],"{'CAMERA_1': [], 'CAMERA_2': ['weight', 'autofocus_points'], 'CAMERA_3': []}",C_QUESTION_ABOUT_FEATURE,CAMERA_2,autofocus_points,I think you and the auto Focus points on this,PRESENT_X,CAMERA_2,S_NOT_SURE,CAMERA_2,,I'm not really sure about that.,PRESENT_X,CAMERA_2,
558,5,CAMERA_2,['CAMERA_2'],"{'CAMERA_1': [], 'CAMERA_2': ['weight', 'autofocus_points', 'price'], 'CAMERA_3': []}",C_SILENT_OR_BACKCHANNEL,CAMERA_2,NONE,IC,PRESENT_X,CAMERA_2,S_INTRODUCES_FEATURE,CAMERA_2,price,This one costs $768.,PRESENT_X,CAMERA_2,15~19
558,6,CAMERA_2,['CAMERA_2'],"{'CAMERA_1': [], 'CAMERA_2': ['weight', 'autofocus_points', 'price', 'resolution'], 'CAMERA_3': []}",C_QUESTION_ABOUT_FEATURE,CAMERA_2,resolution,what about the resolution of this,PRESENT_X,CAMERA_2,S_ANSWERS_QUESTION_ABOUT_FEATURE,CAMERA_2,resolution,This one has 23.8 megapixels resolution.,PRESENT_X,CAMERA_2,13~28
558,7,CAMERA_2,['CAMERA_2'],"{'CAMERA_1': [], 'CAMERA_2': ['weight', 'autofocus_points', 'price', 'resolution', 'color'], 'CAMERA_3': []}",C_QUESTION_ABOUT_FEATURE,CAMERA_2,color,oh yeah it's it's like what do you have anything on it or any other colors,PRESENT_X,CAMERA_2,S_ANSWERS_QUESTION_ABOUT_FEATURE,CAMERA_2,color,This one comes in white or pink.,PRESENT_X,CAMERA_2,18~31
558,8,NONE,['CAMERA_2'],"{'CAMERA_1': [], 'CAMERA_2': ['weight', 'autofocus_points', 'price', 'resolution', 'color'], 'CAMERA_3': []}",C_THANK_YOU,CAMERA_2,NONE,ok thank you,PRESENT_X,CAMERA_2,S_THANK_YOU,CAMERA_2,NONE,thank you very much.,FACE_TO_FACE,NONE,
558,9,NONE,['CAMERA_2'],"{'CAMERA_1': [], 'CAMERA_2': ['weight', 'autofocus_points', 'price', 'resolution', 'color'], 'CAMERA_3': []}",C_LEAVES,DOOR,NONE,,FACE_TO_FACE,NONE,S_RETURNS_TO_COUNTER,SERVICE_COUNTER,NONE,,WAITING,NONE,
559,1,NONE,[],"{'CAMERA_1': [], 'CAMERA_2': [], 'CAMERA_3': []}",C_ENTERS,DOOR,NONE,,WAITING,NONE,S_NONE,SERVICE_COUNTER,NONE,,WAITING,NONE,
559,2,NONE,[],"{'CAMERA_1': [], 'CAMERA_2': [], 'CAMERA_3': []}",C_WALKS_TO_CAMERA,CAMERA_1,NONE,,WAITING,NONE,S_GREETS,CAMERA_1,NONE,can I help you?,FACE_TO_FACE,NONE,
559,3,CAMERA_2,['CAMERA_2'],"{'CAMERA_1': [], 'CAMERA_2': [], 'CAMERA_3': []}",C_LOOKING_FOR_A_CAMERA,CAMERA_1,NONE,oh hi I'm just looking for a camera,FACE_TO_FACE,NONE,S_INTRODUCES_CAMERA,CAMERA_2,,Let me show you this. Here we have the Fujifilm Lumix ILC Camera.,PRESENT_X,CAMERA_2,39~64
559,4,CAMERA_2,['CAMERA_2'],"{'CAMERA_1': [], 'CAMERA_2': ['settings'], 'CAMERA_3': []}",C_QUESTION_ABOUT_FEATURE,CAMERA_2,settings,I would like to ask about is it easy to do I need to set up any manuals for this camera,PRESENT_X,CAMERA_2,S_ANSWERS_QUESTION_ABOUT_FEATURE,CAMERA_2,settings,"This one has manual control and various automatic settings (video modeburst shooting, etc.).",PRESENT_X,CAMERA_2,13~91
559,5,CAMERA_2,['CAMERA_2'],"{'CAMERA_1': [], 'CAMERA_2': ['settings', 'color'], 'CAMERA_3': []}",C_SILENT_OR_BACKCHANNEL,CAMERA_2,NONE,great so no matter how bad the light that can be photoshopped or modified on my computer,PRESENT_X,CAMERA_2,S_INTRODUCES_FEATURE,CAMERA_2,color,This one comes in white or pink.,PRESENT_X,CAMERA_2,18~31
559,6,CAMERA_2,['CAMERA_2'],"{'CAMERA_1': [], 'CAMERA_2': ['settings', 'color', 'weight'], 'CAMERA_3': []}",C_SILENT_OR_BACKCHANNEL,CAMERA_2,NONE,Wow cheap,PRESENT_X,CAMERA_2,S_INTRODUCES_FEATURE,CAMERA_2,weight,This one weighs 820 grams.,PRESENT_X,CAMERA_2,16~25
559,7,CAMERA_2,['CAMERA_2'],"{'CAMERA_1': [], 'CAMERA_2': ['settings', 'color', 'weight', 'resolution'], 'CAMERA_3': []}",C_QUESTION_ABOUT_FEATURE,CAMERA_2,resolution,um how about the megapixels for the camera,PRESENT_X,CAMERA_2,S_ANSWERS_QUESTION_ABOUT_FEATURE,CAMERA_2,resolution,This one has 23.8 megapixels resolution.,PRESENT_X,CAMERA_2,13~28
559,8,CAMERA_2,['CAMERA_2'],"{'CAMERA_1': [], 'CAMERA_2': ['settings', 'color', 'weight', 'resolution', 'effects'], 'CAMERA_3': []}",C_SILENT_OR_BACKCHANNEL,CAMERA_2,NONE,okay,PRESENT_X,CAMERA_2,S_INTRODUCES_FEATURE,CAMERA_2,effects,"This one has 24 artistic effect modes (retro, lighter or darker skin tones, sepia, etc.).",PRESENT_X,CAMERA_2,13~88
559,9,CAMERA_2,['CAMERA_2'],"{'CAMERA_1': [], 'CAMERA_2': ['settings', 'color', 'weight', 'resolution', 'effects', 'long_exposure'], 'CAMERA_3': []}",C_SILENT_OR_BACKCHANNEL,CAMERA_2,NONE,okay,PRESENT_X,CAMERA_2,S_INTRODUCES_FEATURE,CAMERA_2,long_exposure,This one can take long exposures up to 60 minutes max with bulb mode.,PRESENT_X,CAMERA_2,39~68
559,10,CAMERA_2,['CAMERA_2'],"{'CAMERA_1': [], 'CAMERA_2': ['settings', 'color', 'weight', 'resolution', 'effects', 'long_exposure', 'camera_type'], 'CAMERA_3': []}",C_SILENT_OR_BACKCHANNEL,CAMERA_2,NONE,I see,PRESENT_X,CAMERA_2,S_INTRODUCES_FEATURE,CAMERA_2,camera_type,This is a digital single lens mirrorless camera.,PRESENT_X,CAMERA_2,10~40
559,11,CAMERA_2,['CAMERA_2'],"{'CAMERA_1': [], 'CAMERA_2': ['settings', 'color', 'weight', 'resolution', 'effects', 'long_exposure', 'camera_type', 'sensor_size'], 'CAMERA_3': []}",C_QUESTION_ABOUT_FEATURE,CAMERA_2,sensor_size,and what is the sensor size,PRESENT_X,CAMERA_2,S_ANSWERS_QUESTION_ABOUT_FEATURE,CAMERA_2,sensor_size,This one has a 1/2.33 inch sensor.,PRESENT_X,CAMERA_2,15~33
559,12,CAMERA_2,['CAMERA_2'],"{'CAMERA_1': [], 'CAMERA_2': ['settings', 'color', 'weight', 'resolution', 'effects', 'long_exposure', 'camera_type', 'sensor_size', 'autofocus_points'], 'CAMERA_3': []}",C_QUESTION_ABOUT_FEATURE,CAMERA_2,autofocus_points,how's the auto focus points on this,PRESENT_X,CAMERA_2,S_NOT_SURE,CAMERA_2,,I'm not really sure about that.,PRESENT_X,CAMERA_2,
559,13,CAMERA_2,['CAMERA_2'],"{'CAMERA_1': [], 'CAMERA_2': ['settings', 'color', 'weight', 'resolution', 'effects', 'long_exposure', 'camera_type', 'sensor_size', 'autofocus_points', 'price'], 'CAMERA_3': []}",C_QUESTION_ABOUT_FEATURE,CAMERA_2,price,how much is this camera,PRESENT_X,CAMERA_2,S_ANSWERS_QUESTION_ABOUT_FEATURE,CAMERA_2,price,This one costs $768.,PRESENT_X,CAMERA_2,15~19
559,14,CAMERA_2,['CAMERA_2'],"{'CAMERA_1': [], 'CAMERA_2': ['settings', 'color', 'weight', 'resolution', 'effects', 'long_exposure', 'camera_type', 'sensor_size', 'autofocus_points', 'price', 'optical_zoom'], 'CAMERA_3': []}",C_SILENT_OR_BACKCHANNEL,CAMERA_2,NONE,ok,PRESENT_X,CAMERA_2,S_INTRODUCES_FEATURE,CAMERA_2,optical_zoom,This one has 21x optical zoom.,PRESENT_X,CAMERA_2,13~29
559,15,CAMERA_2,['CAMERA_2'],"{'CAMERA_1': [], 'CAMERA_2': ['settings', 'color', 'weight', 'resolution', 'effects', 'long_exposure', 'camera_type', 'sensor_size', 'autofocus_points', 'price', 'optical_zoom', 'effects'], 'CAMERA_3': []}",C_SILENT_OR_BACKCHANNEL,CAMERA_2,NONE,ok,PRESENT_X,CAMERA_2,S_INTRODUCES_FEATURE,CAMERA_2,effects,"This one has 24 artistic effect modes (retro, lighter or darker skin tones, sepia, etc.).",PRESENT_X,CAMERA_2,13~88
559,16,CAMERA_2,['CAMERA_2'],"{'CAMERA_1': [], 'CAMERA_2': ['settings', 'color', 'weight', 'resolution', 'effects', 'long_exposure', 'camera_type', 'sensor_size', 'autofocus_points', 'price', 'optical_zoom', 'effects', 'color'], 'CAMERA_3': []}",C_SILENT_OR_BACKCHANNEL,CAMERA_2,NONE,ok,PRESENT_X,CAMERA_2,S_INTRODUCES_FEATURE,CAMERA_2,color,This one comes in white or pink.,PRESENT_X,CAMERA_2,18~31
559,17,CAMERA_2,['CAMERA_2'],"{'CAMERA_1': [], 'CAMERA_2': ['settings', 'color', 'weight', 'resolution', 'effects', 'long_exposure', 'camera_type', 'sensor_size', 'autofocus_points', 'price', 'optical_zoom', 'effects', 'color', 'settings'], 'CAMERA_3': []}",C_SILENT_OR_BACKCHANNEL,CAMERA_2,NONE,Oh that'd be great I really want to try it before buying it,PRESENT_X,CAMERA_2,S_INTRODUCES_FEATURE,CAMERA_2,settings,"This one has manual control and various automatic settings (video modeburst shooting, etc.).",PRESENT_X,CAMERA_2,13~91
559,18,CAMERA_2,['CAMERA_2'],"{'CAMERA_1': [], 'CAMERA_2': ['settings', 'color', 'weight', 'resolution', 'effects', 'long_exposure', 'camera_type', 'sensor_size', 'autofocus_points', 'price', 'optical_zoom', 'effects', 'color', 'settings', 'price'], 'CAMERA_3': []}",C_SILENT_OR_BACKCHANNEL,CAMERA_2,NONE,that's good,PRESENT_X,CAMERA_2,S_INTRODUCES_FEATURE,CAMERA_2,price,This one costs $768.,PRESENT_X,CAMERA_2,15~19
559,19,CAMERA_2,['CAMERA_2'],"{'CAMERA_1': [], 'CAMERA_2': ['settings', 'color', 'weight', 'resolution', 'effects', 'long_exposure', 'camera_type', 'sensor_size', 'autofocus_points', 'price', 'optical_zoom', 'effects', 'color', 'settings', 'price', 'camera_type'], 'CAMERA_3': []}",C_SILENT_OR_BACKCHANNEL,CAMERA_2,NONE,okay that sounds good,PRESENT_X,CAMERA_2,S_INTRODUCES_FEATURE,CAMERA_2,camera_type,This is a digital single lens mirrorless camera.,PRESENT_X,CAMERA_2,10~40
559,20,CAMERA_3,"['CAMERA_2', 'CAMERA_3']","{'CAMERA_1': [], 'CAMERA_2': ['settings', 'color', 'weight', 'resolution', 'effects', 'long_exposure', 'camera_type', 'sensor_size', 'autofocus_points', 'price', 'optical_zoom', 'effects', 'color', 'settings', 'price', 'camera_type'], 'CAMERA_3': []}",C_ANYTHING_ELSE_AVAILABLE,CAMERA_2,NONE,Do you have other cameras that I could afford,PRESENT_X,CAMERA_2,S_INTRODUCES_CAMERA,CAMERA_3,,Let me show you this. Here we have the Fujifilm PowerShot ELPH S2800.,PRESENT_X,CAMERA_3,39~68
559,21,CAMERA_3,"['CAMERA_2', 'CAMERA_3']","{'CAMERA_1': [], 'CAMERA_2': ['settings', 'color', 'weight', 'resolution', 'effects', 'long_exposure', 'camera_type', 'sensor_size', 'autofocus_points', 'price', 'optical_zoom', 'effects', 'color', 'settings', 'price', 'camera_type'], 'CAMERA_3': ['resolution']}",C_SILENT_OR_BACKCHANNEL,CAMERA_3,NONE,how it looks really good,PRESENT_X,CAMERA_3,S_INTRODUCES_FEATURE,CAMERA_3,resolution,This one has 23.2 megapixels resolution.,PRESENT_X,CAMERA_3,13~28
559,22,CAMERA_3,"['CAMERA_2', 'CAMERA_3']","{'CAMERA_1': [], 'CAMERA_2': ['settings', 'color', 'weight', 'resolution', 'effects', 'long_exposure', 'camera_type', 'sensor_size', 'autofocus_points', 'price', 'optical_zoom', 'effects', 'color', 'settings', 'price', 'camera_type'], 'CAMERA_3': ['resolution', 'long_exposure']}",C_QUESTION_ABOUT_FEATURE,CAMERA_3,long_exposure,how about the exposure for this is it able to be exposed long,PRESENT_X,CAMERA_3,S_ANSWERS_QUESTION_ABOUT_FEATURE,CAMERA_3,long_exposure,This one can take long exposures up to 30 minutes max with bulb mode.,PRESENT_X,CAMERA_3,39~68
559,23,CAMERA_3,"['CAMERA_2', 'CAMERA_3']","{'CAMERA_1': [], 'CAMERA_2': ['settings', 'color', 'weight', 'resolution', 'effects', 'long_exposure', 'camera_type', 'sensor_size', 'autofocus_points', 'price', 'optical_zoom', 'effects', 'color', 'settings', 'price', 'camera_type'], 'CAMERA_3': ['resolution', 'long_exposure', 'sensor_size']}",C_QUESTION_ABOUT_FEATURE,CAMERA_3,sensor_size,what about the sensor size,PRESENT_X,CAMERA_3,S_ANSWERS_QUESTION_ABOUT_FEATURE,CAMERA_3,sensor_size,This one has a full frame.,PRESENT_X,CAMERA_3,15~25
559,24,CAMERA_3,"['CAMERA_2', 'CAMERA_3']","{'CAMERA_1': [], 'CAMERA_2': ['settings', 'color', 'weight', 'resolution', 'effects', 'long_exposure', 'camera_type', 'sensor_size', 'autofocus_points', 'price', 'optical_zoom', 'effects', 'color', 'settings', 'price', 'camera_type'], 'CAMERA_3': ['resolution', 'long_exposure', 'sensor_size', 'weight']}",C_QUESTION_ABOUT_FEATURE,CAMERA_3,weight,I actually do it this way to write how much is it,PRESENT_X,CAMERA_3,S_ANSWERS_QUESTION_ABOUT_FEATURE,CAMERA_3,weight,This one weighs 820 grams.,PRESENT_X,CAMERA_3,16~25
559,25,CAMERA_1,"['CAMERA_2', 'CAMERA_3', 'CAMERA_1']","{'CAMERA_1': [], 'CAMERA_2': ['settings', 'color', 'weight', 'resolution', 'effects', 'long_exposure', 'camera_type', 'sensor_size', 'autofocus_points', 'price', 'optical_zoom', 'effects', 'color', 'settings', 'price', 'camera_type'], 'CAMERA_3': ['resolution', 'long_exposure', 'sensor_size', 'weight']}",C_ANYTHING_ELSE_AVAILABLE,CAMERA_3,NONE,okay do you have any other cameras I might be interested,PRESENT_X,CAMERA_3,S_INTRODUCES_CAMERA,CAMERA_1,,Let me show you this. Here we have the Sony PowerShot ELPH DMC-ZS3.,PRESENT_X,CAMERA_1,39~66
559,26,CAMERA_1,"['CAMERA_2', 'CAMERA_3', 'CAMERA_1']","{'CAMERA_1': ['ISO'], 'CAMERA_2': ['settings', 'color', 'weight', 'resolution', 'effects', 'long_exposure', 'camera_type', 'sensor_size', 'autofocus_points', 'price', 'optical_zoom', 'effects', 'color', 'settings', 'price', 'camera_type'], 'CAMERA_3': ['resolution', 'long_exposure', 'sensor_size', 'weight']}",C_QUESTION_ABOUT_FEATURE,CAMERA_1,ISO,a and ISO,PRESENT_X,CAMERA_1,S_ANSWERS_QUESTION_ABOUT_FEATURE,CAMERA_1,ISO,This one has up to 51200 ISO.,PRESENT_X,CAMERA_1,13~28
559,27,NONE,"['CAMERA_2', 'CAMERA_3', 'CAMERA_1']","{'CAMERA_1': ['ISO'], 'CAMERA_2': ['settings', 'color', 'weight', 'resolution', 'effects', 'long_exposure', 'camera_type', 'sensor_size', 'autofocus_points', 'price', 'optical_zoom', 'effects', 'color', 'settings', 'price', 'camera_type'], 'CAMERA_3': ['resolution', 'long_exposure', 'sensor_size', 'weight']}",C_THANK_YOU,CAMERA_1,NONE,thank you,PRESENT_X,CAMERA_1,S_THANK_YOU,CAMERA_1,NONE,thank you very much.,FACE_TO_FACE,NONE,
559,28,NONE,"['CAMERA_2', 'CAMERA_3', 'CAMERA_1']","{'CAMERA_1': ['ISO'], 'CAMERA_2': ['settings', 'color', 'weight', 'resolution', 'effects', 'long_exposure', 'camera_type', 'sensor_size', 'autofocus_points', 'price', 'optical_zoom', 'effects', 'color', 'settings', 'price', 'camera_type'], 'CAMERA_3': ['resolution', 'long_exposure', 'sensor_size', 'weight']}",C_LEAVES,DOOR,NONE,,FACE_TO_FACE,NONE,S_RETURNS_TO_COUNTER,SERVICE_COUNTER,NONE,,WAITING,NONE,
560,1,NONE,[],"{'CAMERA_1': [], 'CAMERA_2': [], 'CAMERA_3': []}",C_ENTERS,DOOR,NONE,,WAITING,NONE,S_NONE,SERVICE_COUNTER,NONE,,WAITING,NONE,
560,2,NONE,[],"{'CAMERA_1': [], 'CAMERA_2': [], 'CAMERA_3': []}",C_GREETS,MIDDLE,NONE,kiss me can I ask you something,WAITING,NONE,S_GREETS,MIDDLE,NONE,can I help you?,FACE_TO_FACE,NONE,
560,3,CAMERA_1,['CAMERA_1'],"{'CAMERA_1': [], 'CAMERA_2': [], 'CAMERA_3': []}",C_LOOKING_FOR_A_CAMERA,MIDDLE,NONE,I'm looking for camera to take family pictures,FACE_TO_FACE,NONE,S_INTRODUCES_CAMERA,CAMERA_1,,Let me show you this. Here we have the Sony PowerShot ELPH DMC-ZS3.,PRESENT_X,CAMERA_1,39~66
560,4,CAMERA_1,['CAMERA_1'],"{'CAMERA_1': ['effects'], 'CAMERA_2': [], 'CAMERA_3': []}",C_QUESTION_ABOUT_FEATURE,CAMERA_1,effects,Anakin explain this artistic effect my place,PRESENT_X,CAMERA_1,S_ANSWERS_QUESTION_ABOUT_FEATURE,CAMERA_1,effects,"This one has 24 glamor retouch effects (miniature, retro, toy camera, etc.).",PRESENT_X,CAMERA_1,13~75
560,5,CAMERA_1,['CAMERA_1'],"{'CAMERA_1': ['effects', 'sensor_size'], 'CAMERA_2': [], 'CAMERA_3': []}",C_SILENT_OR_BACKCHANNEL,CAMERA_1,NONE,ok,PRESENT_X,CAMERA_1,S_INTRODUCES_FEATURE,CAMERA_1,sensor_size,This one has a 1/2.3 inch CMOS sensor.,PRESENT_X,CAMERA_1,15~37
560,6,CAMERA_1,['CAMERA_1'],"{'CAMERA_1': ['effects', 'sensor_size', 'optical_zoom'], 'CAMERA_2': [], 'CAMERA_3': []}",C_QUESTION_ABOUT_FEATURE,CAMERA_1,optical_zoom,okay and if I have an optical zoom,PRESENT_X,CAMERA_1,S_ANSWERS_QUESTION_ABOUT_FEATURE,CAMERA_1,optical_zoom,This one has 21x optical zoom.,PRESENT_X,CAMERA_1,13~29
560,7,NONE,['CAMERA_1'],"{'CAMERA_1': ['effects', 'sensor_size', 'optical_zoom'], 'CAMERA_2': [], 'CAMERA_3': []}",C_THANK_YOU,CAMERA_1,NONE,thank you,PRESENT_X,CAMERA_1,S_THANK_YOU,CAMERA_1,NONE,thank you very much.,FACE_TO_FACE,NONE,
560,8,NONE,['CAMERA_1'],"{'CAMERA_1': ['effects', 'sensor_size', 'optical_zoom'], 'CAMERA_2': [], 'CAMERA_3': []}",C_LEAVES,DOOR,NONE,,FACE_TO_FACE,NONE,S_RETURNS_TO_COUNTER,SERVICE_COUNTER,NONE,,WAITING,NONE,
561,1,NONE,[],"{'CAMERA_1': [], 'CAMERA_2': [], 'CAMERA_3': []}",C_ENTERS,DOOR,NONE,,WAITING,NONE,S_NONE,SERVICE_COUNTER,NONE,,WAITING,NONE,
561,2,NONE,[],"{'CAMERA_1': [], 'CAMERA_2': [], 'CAMERA_3': []}",C_WALKS_TO_CAMERA,CAMERA_3,NONE,,WAITING,NONE,S_GREETS,CAMERA_3,NONE,can I help you?,FACE_TO_FACE,NONE,
561,3,CAMERA_2,['CAMERA_2'],"{'CAMERA_1': [], 'CAMERA_2': [], 'CAMERA_3': []}",C_LOOKING_FOR_A_CAMERA,CAMERA_3,NONE,hey I'm looking for a compact camera,FACE_TO_FACE,NONE,S_INTRODUCES_CAMERA,CAMERA_2,,Let me show you this. Here we have the Fujifilm Lumix ILC Camera.,PRESENT_X,CAMERA_2,39~64
561,4,CAMERA_2,['CAMERA_2'],"{'CAMERA_1': [], 'CAMERA_2': ['camera_type'], 'CAMERA_3': []}",C_SILENT_OR_BACKCHANNEL,CAMERA_2,NONE,uh huh I just want to see the cameras,PRESENT_X,CAMERA_2,S_INTRODUCES_FEATURE,CAMERA_2,camera_type,This is a digital single lens mirrorless camera.,PRESENT_X,CAMERA_2,10~40
561,5,CAMERA_2,['CAMERA_2'],"{'CAMERA_1': [], 'CAMERA_2': ['camera_type', 'optical_zoom'], 'CAMERA_3': []}",C_SILENT_OR_BACKCHANNEL,CAMERA_2,NONE,ok,PRESENT_X,CAMERA_2,S_INTRODUCES_FEATURE,CAMERA_2,optical_zoom,This one has 21x optical zoom.,PRESENT_X,CAMERA_2,13~29
561,6,CAMERA_2,['CAMERA_2'],"{'CAMERA_1': [], 'CAMERA_2': ['camera_type', 'optical_zoom', 'ISO'], 'CAMERA_3': []}",C_QUESTION_ABOUT_FEATURE,CAMERA_2,ISO,what is this ISO thing,PRESENT_X,CAMERA_2,S_NOT_SURE,CAMERA_2,,I'm not really sure about that.,PRESENT_X,CAMERA_2,
561,7,CAMERA_2,['CAMERA_2'],"{'CAMERA_1': [], 'CAMERA_2': ['camera_type', 'optical_zoom', 'ISO', 'weight'], 'CAMERA_3': []}",C_QUESTION_ABOUT_FEATURE,CAMERA_2,weight,fender what is the weight for this camera,PRESENT_X,CAMERA_2,S_ANSWERS_QUESTION_ABOUT_FEATURE,CAMERA_2,weight,This one weighs 820 grams.,PRESENT_X,CAMERA_2,16~25
561,8,CAMERA_2,['CAMERA_2'],"{'CAMERA_1': [], 'CAMERA_2': ['camera_type', 'optical_zoom', 'ISO', 'weight', 'color'], 'CAMERA_3': []}",C_QUESTION_ABOUT_FEATURE,CAMERA_2,color,I will say maybe next week but what is how many colors do you have in this canon,PRESENT_X,CAMERA_2,S_ANSWERS_QUESTION_ABOUT_FEATURE,CAMERA_2,color,This one comes in white or pink.,PRESENT_X,CAMERA_2,18~31
561,9,CAMERA_2,['CAMERA_2'],"{'CAMERA_1': [], 'CAMERA_2': ['camera_type', 'optical_zoom', 'ISO', 'weight', 'color', 'resolution'], 'CAMERA_3': []}",C_QUESTION_ABOUT_FEATURE,CAMERA_2,resolution,What is the resolution on this camera,PRESENT_X,CAMERA_2,S_ANSWERS_QUESTION_ABOUT_FEATURE,CAMERA_2,resolution,This one has 23.8 megapixels resolution.,PRESENT_X,CAMERA_2,13~28
561,10,NONE,['CAMERA_2'],"{'CAMERA_1': [], 'CAMERA_2': ['camera_type', 'optical_zoom', 'ISO', 'weight', 'color', 'resolution'], 'CAMERA_3': []}",C_THANK_YOU,CAMERA_2,NONE,I see thank you very much for the information,PRESENT_X,CAMERA_2,S_THANK_YOU,CAMERA_2,NONE,thank you very much.,FACE_TO_FACE,NONE,
561,11,NONE,['CAMERA_2'],"{'CAMERA_1': [], 'CAMERA_2': ['camera_type', 'optical_zoom', 'ISO', 'weight', 'color', 'resolution'], 'CAMERA_3': []}",C_LEAVES,DOOR,NONE,,FACE_TO_FACE,NONE,S_RETURNS_TO_COUNTER,SERVICE_COUNTER,NONE,,WAITING,NONE,
562,1,NONE,[],"{'CAMERA_1': [], 'CAMERA_2': [], 'CAMERA_3': []}",C_ENTERS,DOOR,NONE,,WAITING,NONE,S_NONE,SERVICE_COUNTER,NONE,,WAITING,NONE,
562,2,NONE,[],"{'CAMERA_1': [], 'CAMERA_2': [], 'CAMERA_3': []}",C_WALKS_TO_CAMERA,CAMERA_2,NONE,,WAITING,NONE,S_GREETS,CAMERA_2,NONE,can I help you?,FACE_TO_FACE,NONE,
562,3,CAMERA_1,['CAMERA_1'],"{'CAMERA_1': [], 'CAMERA_2': [], 'CAMERA_3': []}",C_LOOKING_FOR_A_CAMERA,CAMERA_2,NONE,I'm looking for camera so I can take good shots on when I go travelling I miss you very interested in photography so do you recommend this camera,FACE_TO_FACE,NONE,S_INTRODUCES_CAMERA,CAMERA_1,,Let me show you this. Here we have the Sony PowerShot ELPH DMC-ZS3.,PRESENT_X,CAMERA_1,39~66
562,4,CAMERA_1,['CAMERA_1'],"{'CAMERA_1': ['sensor_size'], 'CAMERA_2': [], 'CAMERA_3': []}",C_QUESTION_ABOUT_FEATURE,CAMERA_1,sensor_size,What is the synthesized of this camera,PRESENT_X,CAMERA_1,S_ANSWERS_QUESTION_ABOUT_FEATURE,CAMERA_1,sensor_size,This one has a 1/2.3 inch CMOS sensor.,PRESENT_X,CAMERA_1,15~37
562,5,CAMERA_1,['CAMERA_1'],"{'CAMERA_1': ['sensor_size', 'optical_zoom'], 'CAMERA_2': [], 'CAMERA_3': []}",C_QUESTION_ABOUT_FEATURE,CAMERA_1,optical_zoom,the optical zoom on this camera what is it,PRESENT_X,CAMERA_1,S_ANSWERS_QUESTION_ABOUT_FEATURE,CAMERA_1,optical_zoom,This one has 21x optical zoom.,PRESENT_X,CAMERA_1,13~29
562,6,CAMERA_1,['CAMERA_1'],"{'CAMERA_1': ['sensor_size', 'optical_zoom', 'settings'], 'CAMERA_2': [], 'CAMERA_3': []}",C_QUESTION_ABOUT_FEATURE,CAMERA_1,settings,and I can control of the settings myself right,PRESENT_X,CAMERA_1,S_ANSWERS_QUESTION_ABOUT_FEATURE,CAMERA_1,settings,This one has limited manual settings.,PRESENT_X,CAMERA_1,13~36
562,7,CAMERA_1,['CAMERA_1'],"{'CAMERA_1': ['sensor_size', 'optical_zoom', 'settings', 'resolution'], 'CAMERA_2': [], 'CAMERA_3': []}",C_QUESTION_ABOUT_FEATURE,CAMERA_1,resolution,in how many megapixels is this one,PRESENT_X,CAMERA_1,S_ANSWERS_QUESTION_ABOUT_FEATURE,CAMERA_1,resolution,This one has 17.8 megapixels resolution.,PRESENT_X,CAMERA_1,13~28
562,8,CAMERA_1,['CAMERA_1'],"{'CAMERA_1': ['sensor_size', 'optical_zoom', 'settings', 'resolution', 'autofocus_points'], 'CAMERA_2': [], 'CAMERA_3': []}",C_QUESTION_ABOUT_FEATURE,CAMERA_1,autofocus_points,yeah good afternoon I am a Sports photographers so I need a good camera with many autofocus point and also has a high shutter speed so you have any recommendations for me,PRESENT_X,CAMERA_1,S_ANSWERS_QUESTION_ABOUT_FEATURE,CAMERA_1,autofocus_points,This one has 135 autofocus points.,PRESENT_X,CAMERA_1,13~33
562,9,CAMERA_1,['CAMERA_1'],"{'CAMERA_1': ['sensor_size', 'optical_zoom', 'settings', 'resolution', 'autofocus_points', 'color'], 'CAMERA_2': [], 'CAMERA_3': []}",C_QUESTION_ABOUT_FEATURE,CAMERA_1,color,come in color,PRESENT_X,CAMERA_1,S_ANSWERS_QUESTION_ABOUT_FEATURE,CAMERA_1,color,This one comes in blue or black.,PRESENT_X,CAMERA_1,18~31
562,10,CAMERA_1,['CAMERA_1'],"{'CAMERA_1': ['sensor_size', 'optical_zoom', 'settings', 'resolution', 'autofocus_points', 'color', 'ISO'], 'CAMERA_2': [], 'CAMERA_3': []}",C_QUESTION_ABOUT_FEATURE,CAMERA_1,ISO,is this camera able to shoot in high iso,PRESENT_X,CAMERA_1,S_ANSWERS_QUESTION_ABOUT_FEATURE,CAMERA_1,ISO,This one has up to 51200 ISO.,PRESENT_X,CAMERA_1,13~28
562,11,CAMERA_1,['CAMERA_1'],"{'CAMERA_1': ['sensor_size', 'optical_zoom', 'settings', 'resolution', 'autofocus_points', 'color', 'ISO', 'camera_type'], 'CAMERA_2': [], 'CAMERA_3': []}",C_SILENT_OR_BACKCHANNEL,CAMERA_1,NONE,okay,PRESENT_X,CAMERA_1,S_INTRODUCES_FEATURE,CAMERA_1,camera_type,This is a DSLR camera.,PRESENT_X,CAMERA_1,10~14
562,12,NONE,['CAMERA_1'],"{'CAMERA_1': ['sensor_size', 'optical_zoom', 'settings', 'resolution', 'autofocus_points', 'color', 'ISO', 'camera_type'], 'CAMERA_2': [], 'CAMERA_3': []}",C_THANK_YOU,CAMERA_1,NONE,anyway thank you very much for your help and I feel tired and left me here to have a good day,PRESENT_X,CAMERA_1,S_THANK_YOU,CAMERA_1,NONE,thank you very much.,FACE_TO_FACE,NONE,
562,13,NONE,['CAMERA_1'],"{'CAMERA_1': ['sensor_size', 'optical_zoom', 'settings', 'resolution', 'autofocus_points', 'color', 'ISO', 'camera_type'], 'CAMERA_2': [], 'CAMERA_3': []}",C_LEAVES,DOOR,NONE,,FACE_TO_FACE,NONE,S_RETURNS_TO_COUNTER,SERVICE_COUNTER,NONE,,WAITING,NONE,
563,1,NONE,[],"{'CAMERA_1': [], 'CAMERA_2': [], 'CAMERA_3': []}",C_ENTERS,DOOR,NONE,,WAITING,NONE,S_NONE,SERVICE_COUNTER,NONE,,WAITING,NONE,
563,2,NONE,[],"{'CAMERA_1': [], 'CAMERA_2': [], 'CAMERA_3': []}",C_GREETS,MIDDLE,NONE,kiss me,WAITING,NONE,S_GREETS,MIDDLE,NONE,can I help you?,FACE_TO_FACE,NONE,
563,3,CAMERA_1,['CAMERA_1'],"{'CAMERA_1': [], 'CAMERA_2': [], 'CAMERA_3': []}",C_LOOKING_FOR_A_CAMERA,MIDDLE,NONE,hi good afternoon I'm looking to buy a new camera and I just needed to be a portable and easy to use ,FACE_TO_FACE,NONE,S_INTRODUCES_CAMERA,CAMERA_1,,Let me show you this. Here we have the Sony PowerShot ELPH DMC-ZS3.,PRESENT_X,CAMERA_1,39~66
563,4,CAMERA_1,['CAMERA_1'],"{'CAMERA_1': ['settings'], 'CAMERA_2': [], 'CAMERA_3': []}",C_SILENT_OR_BACKCHANNEL,CAMERA_1,NONE,what about the is so great how long is that,PRESENT_X,CAMERA_1,S_INTRODUCES_FEATURE,CAMERA_1,settings,This one has limited manual settings.,PRESENT_X,CAMERA_1,13~36
563,5,CAMERA_1,['CAMERA_1'],"{'CAMERA_1': ['settings', 'resolution'], 'CAMERA_2': [], 'CAMERA_3': []}",C_QUESTION_ABOUT_FEATURE,CAMERA_1,resolution,what about the megapixels camera,PRESENT_X,CAMERA_1,S_ANSWERS_QUESTION_ABOUT_FEATURE,CAMERA_1,resolution,This one has 17.8 megapixels resolution.,PRESENT_X,CAMERA_1,13~28
563,6,CAMERA_1,['CAMERA_1'],"{'CAMERA_1': ['settings', 'resolution', 'camera_type'], 'CAMERA_2': [], 'CAMERA_3': []}",C_SILENT_OR_BACKCHANNEL,CAMERA_1,NONE,okay I say it,PRESENT_X,CAMERA_1,S_INTRODUCES_FEATURE,CAMERA_1,camera_type,This is a DSLR camera.,PRESENT_X,CAMERA_1,10~14
563,7,CAMERA_2,"['CAMERA_1', 'CAMERA_2']","{'CAMERA_1': ['settings', 'resolution', 'camera_type'], 'CAMERA_2': [], 'CAMERA_3': []}",C_ANYTHING_ELSE_AVAILABLE,CAMERA_1,NONE,can you recommend another camera similar to this,PRESENT_X,CAMERA_1,S_INTRODUCES_CAMERA,CAMERA_2,,Let me show you this. Here we have the Fujifilm Lumix ILC Camera.,PRESENT_X,CAMERA_2,39~64
563,8,CAMERA_2,"['CAMERA_1', 'CAMERA_2']","{'CAMERA_1': ['settings', 'resolution', 'camera_type'], 'CAMERA_2': ['camera_type'], 'CAMERA_3': []}",C_SILENT_OR_BACKCHANNEL,CAMERA_2,NONE,that's great,PRESENT_X,CAMERA_2,S_INTRODUCES_FEATURE,CAMERA_2,camera_type,This is a digital single lens mirrorless camera.,PRESENT_X,CAMERA_2,10~40
563,9,CAMERA_2,"['CAMERA_1', 'CAMERA_2']","{'CAMERA_1': ['settings', 'resolution', 'camera_type'], 'CAMERA_2': ['camera_type', 'effects'], 'CAMERA_3': []}",C_SILENT_OR_BACKCHANNEL,CAMERA_2,NONE,IC,PRESENT_X,CAMERA_2,S_INTRODUCES_FEATURE,CAMERA_2,effects,"This one has 24 artistic effect modes (retro, lighter or darker skin tones, sepia, etc.).",PRESENT_X,CAMERA_2,13~88
563,10,CAMERA_3,"['CAMERA_1', 'CAMERA_2', 'CAMERA_3']","{'CAMERA_1': ['settings', 'resolution', 'camera_type'], 'CAMERA_2': ['camera_type', 'effects'], 'CAMERA_3': []}",C_ANYTHING_ELSE_AVAILABLE,CAMERA_2,NONE,I see do you have any other options that you can show me,PRESENT_X,CAMERA_2,S_INTRODUCES_CAMERA,CAMERA_3,,Let me show you this. Here we have the Fujifilm PowerShot ELPH S2800.,PRESENT_X,CAMERA_3,39~68
563,11,CAMERA_3,"['CAMERA_1', 'CAMERA_2', 'CAMERA_3']","{'CAMERA_1': ['settings', 'resolution', 'camera_type'], 'CAMERA_2': ['camera_type', 'effects'], 'CAMERA_3': ['ISO']}",C_SILENT_OR_BACKCHANNEL,CAMERA_3,NONE,IC,PRESENT_X,CAMERA_3,S_INTRODUCES_FEATURE,CAMERA_3,ISO,This one has up to 3200 ISO with little noise.,PRESENT_X,CAMERA_3,13~45
563,12,,"['CAMERA_1', 'CAMERA_2', 'CAMERA_3']","{'CAMERA_1': ['settings', 'resolution', 'camera_type'], 'CAMERA_2': ['camera_type', 'effects'], 'CAMERA_3': ['ISO']}",C_ANYTHING_ELSE_AVAILABLE,CAMERA_3,NONE,oh I see that's very interesting do you have any other cameras that you can recommend me,PRESENT_X,CAMERA_3,S_THATS_ALL_WE_HAVE_AVAILABLE,CAMERA_3,,That's all we have available at the moment.,PRESENT_X,CAMERA_3,
563,13,NONE,"['CAMERA_1', 'CAMERA_2', 'CAMERA_3']","{'CAMERA_1': ['settings', 'resolution', 'camera_type'], 'CAMERA_2': ['camera_type', 'effects'], 'CAMERA_3': ['ISO']}",C_THANK_YOU,CAMERA_3,NONE,ok thank you,PRESENT_X,CAMERA_3,S_THANK_YOU,CAMERA_3,NONE,thank you very much.,FACE_TO_FACE,NONE,
563,14,NONE,"['CAMERA_1', 'CAMERA_2', 'CAMERA_3']","{'CAMERA_1': ['settings', 'resolution', 'camera_type'], 'CAMERA_2': ['camera_type', 'effects'], 'CAMERA_3': ['ISO']}",C_LEAVES,DOOR,NONE,,FACE_TO_FACE,NONE,S_RETURNS_TO_COUNTER,SERVICE_COUNTER,NONE,,WAITING,NONE,
564,1,NONE,[],"{'CAMERA_1': [], 'CAMERA_2': [], 'CAMERA_3': []}",C_ENTERS,DOOR,NONE,,WAITING,NONE,S_NONE,SERVICE_COUNTER,NONE,,WAITING,NONE,
564,2,NONE,[],"{'CAMERA_1': [], 'CAMERA_2': [], 'CAMERA_3': []}",C_GREETS,MIDDLE,NONE,excuse me,WAITING,NONE,S_GREETS,MIDDLE,NONE,can I help you?,FACE_TO_FACE,NONE,
564,3,CAMERA_3,['CAMERA_3'],"{'CAMERA_1': [], 'CAMERA_2': [], 'CAMERA_3': []}",C_LOOKING_FOR_A_CAMERA,MIDDLE,NONE,I'm looking for a camera,FACE_TO_FACE,NONE,S_INTRODUCES_CAMERA,CAMERA_3,,Let me show you this. Here we have the Fujifilm PowerShot ELPH S2800.,PRESENT_X,CAMERA_3,39~68
564,4,CAMERA_3,['CAMERA_3'],"{'CAMERA_1': [], 'CAMERA_2': [], 'CAMERA_3': ['camera_type']}",C_QUESTION_ABOUT_FEATURE,CAMERA_3,camera_type,is this a DSLR camera,PRESENT_X,CAMERA_3,S_ANSWERS_QUESTION_ABOUT_FEATURE,CAMERA_3,camera_type,This is a point and shoot camera.,PRESENT_X,CAMERA_3,10~25
564,5,CAMERA_3,['CAMERA_3'],"{'CAMERA_1': [], 'CAMERA_2': [], 'CAMERA_3': ['camera_type', 'resolution']}",C_SILENT_OR_BACKCHANNEL,CAMERA_3,NONE,I say,PRESENT_X,CAMERA_3,S_INTRODUCES_FEATURE,CAMERA_3,resolution,This one has 23.2 megapixels resolution.,PRESENT_X,CAMERA_3,13~28
564,6,CAMERA_3,['CAMERA_3'],"{'CAMERA_1': [], 'CAMERA_2': [], 'CAMERA_3': ['camera_type', 'resolution', 'ISO']}",C_SILENT_OR_BACKCHANNEL,CAMERA_3,NONE,ok let's see,PRESENT_X,CAMERA_3,S_INTRODUCES_FEATURE,CAMERA_3,ISO,This one has up to 3200 ISO with little noise.,PRESENT_X,CAMERA_3,13~45
564,7,NONE,['CAMERA_3'],"{'CAMERA_1': [], 'CAMERA_2': [], 'CAMERA_3': ['camera_type', 'resolution', 'ISO']}",C_THANK_YOU,CAMERA_3,NONE,okay that'll work thank you very much,PRESENT_X,CAMERA_3,S_THANK_YOU,CAMERA_3,NONE,thank you very much.,FACE_TO_FACE,NONE,
564,8,NONE,['CAMERA_3'],"{'CAMERA_1': [], 'CAMERA_2': [], 'CAMERA_3': ['camera_type', 'resolution', 'ISO']}",C_LEAVES,DOOR,NONE,,FACE_TO_FACE,NONE,S_RETURNS_TO_COUNTER,SERVICE_COUNTER,NONE,,WAITING,NONE,
565,1,NONE,[],"{'CAMERA_1': [], 'CAMERA_2': [], 'CAMERA_3': []}",C_ENTERS,DOOR,NONE,,WAITING,NONE,S_NONE,SERVICE_COUNTER,NONE,,WAITING,NONE,
565,2,NONE,[],"{'CAMERA_1': [], 'CAMERA_2': [], 'CAMERA_3': []}",C_GREETS,MIDDLE,NONE,excuse me,WAITING,NONE,S_GREETS,MIDDLE,NONE,can I help you?,FACE_TO_FACE,NONE,
565,3,CAMERA_2,['CAMERA_2'],"{'CAMERA_1': [], 'CAMERA_2': [], 'CAMERA_3': []}",C_LOOKING_FOR_A_CAMERA,MIDDLE,NONE,yo I'm looking for a camera maybe more for use at night,FACE_TO_FACE,NONE,S_INTRODUCES_CAMERA,CAMERA_2,,Let me show you this. Here we have the Fujifilm Lumix ILC Camera.,PRESENT_X,CAMERA_2,39~64
565,4,CAMERA_2,['CAMERA_2'],"{'CAMERA_1': [], 'CAMERA_2': ['camera_type'], 'CAMERA_3': []}",C_SILENT_OR_BACKCHANNEL,CAMERA_2,NONE,yeah yeah yeah,PRESENT_X,CAMERA_2,S_INTRODUCES_FEATURE,CAMERA_2,camera_type,This is a digital single lens mirrorless camera.,PRESENT_X,CAMERA_2,10~40
565,5,CAMERA_2,['CAMERA_2'],"{'CAMERA_1': [], 'CAMERA_2': ['camera_type', 'effects'], 'CAMERA_3': []}",C_QUESTION_ABOUT_FEATURE,CAMERA_2,effects,how many autistic affect much does a half,PRESENT_X,CAMERA_2,S_ANSWERS_QUESTION_ABOUT_FEATURE,CAMERA_2,effects,"This one has 24 artistic effect modes (retro, lighter or darker skin tones, sepia, etc.).",PRESENT_X,CAMERA_2,13~88
565,6,CAMERA_2,['CAMERA_2'],"{'CAMERA_1': [], 'CAMERA_2': ['camera_type', 'effects', 'long_exposure'], 'CAMERA_3': []}",C_QUESTION_ABOUT_FEATURE,CAMERA_2,long_exposure,and what about the exposure,PRESENT_X,CAMERA_2,S_ANSWERS_QUESTION_ABOUT_FEATURE,CAMERA_2,long_exposure,This one can take long exposures up to 60 minutes max with bulb mode.,PRESENT_X,CAMERA_2,39~68
565,7,CAMERA_2,['CAMERA_2'],"{'CAMERA_1': [], 'CAMERA_2': ['camera_type', 'effects', 'long_exposure', 'settings'], 'CAMERA_3': []}",C_SILENT_OR_BACKCHANNEL,CAMERA_2,NONE,that'd be great,PRESENT_X,CAMERA_2,S_INTRODUCES_FEATURE,CAMERA_2,settings,"This one has manual control and various automatic settings (video modeburst shooting, etc.).",PRESENT_X,CAMERA_2,13~91
565,8,CAMERA_2,['CAMERA_2'],"{'CAMERA_1': [], 'CAMERA_2': ['camera_type', 'effects', 'long_exposure', 'settings', 'resolution'], 'CAMERA_3': []}",C_QUESTION_ABOUT_FEATURE,CAMERA_2,resolution,and what about the resolution of this Colorado,PRESENT_X,CAMERA_2,S_ANSWERS_QUESTION_ABOUT_FEATURE,CAMERA_2,resolution,This one has 23.8 megapixels resolution.,PRESENT_X,CAMERA_2,13~28
565,9,CAMERA_2,['CAMERA_2'],"{'CAMERA_1': [], 'CAMERA_2': ['camera_type', 'effects', 'long_exposure', 'settings', 'resolution', 'autofocus_points'], 'CAMERA_3': []}",C_QUESTION_ABOUT_FEATURE,CAMERA_2,autofocus_points,how many auto focus points does this one have,PRESENT_X,CAMERA_2,S_NOT_SURE,CAMERA_2,,I'm not really sure about that.,PRESENT_X,CAMERA_2,
565,10,CAMERA_2,['CAMERA_2'],"{'CAMERA_1': [], 'CAMERA_2': ['camera_type', 'effects', 'long_exposure', 'settings', 'resolution', 'autofocus_points', 'optical_zoom'], 'CAMERA_3': []}",C_SILENT_OR_BACKCHANNEL,CAMERA_2,NONE,ok let me see,PRESENT_X,CAMERA_2,S_INTRODUCES_FEATURE,CAMERA_2,optical_zoom,This one has 21x optical zoom.,PRESENT_X,CAMERA_2,13~29
565,11,CAMERA_2,['CAMERA_2'],"{'CAMERA_1': [], 'CAMERA_2': ['camera_type', 'effects', 'long_exposure', 'settings', 'resolution', 'autofocus_points', 'optical_zoom', 'sensor_size'], 'CAMERA_3': []}",C_SILENT_OR_BACKCHANNEL,CAMERA_2,NONE,IC,PRESENT_X,CAMERA_2,S_INTRODUCES_FEATURE,CAMERA_2,sensor_size,This one has a 1/2.33 inch sensor.,PRESENT_X,CAMERA_2,15~33
565,12,CAMERA_2,['CAMERA_2'],"{'CAMERA_1': [], 'CAMERA_2': ['camera_type', 'effects', 'long_exposure', 'settings', 'resolution', 'autofocus_points', 'optical_zoom', 'sensor_size', 'preset_modes'], 'CAMERA_3': []}",C_QUESTION_ABOUT_FEATURE,CAMERA_2,preset_modes,does it have like candle mode,PRESENT_X,CAMERA_2,S_NOT_SURE,CAMERA_2,,I'm not really sure about that.,PRESENT_X,CAMERA_2,
565,13,CAMERA_2,['CAMERA_2'],"{'CAMERA_1': [], 'CAMERA_2': ['camera_type', 'effects', 'long_exposure', 'settings', 'resolution', 'autofocus_points', 'optical_zoom', 'sensor_size', 'preset_modes', 'weight'], 'CAMERA_3': []}",C_SILENT_OR_BACKCHANNEL,CAMERA_2,NONE,okay that's great to know so two thousand dollars how much do the lenses go for,PRESENT_X,CAMERA_2,S_INTRODUCES_FEATURE,CAMERA_2,weight,This one weighs 820 grams.,PRESENT_X,CAMERA_2,16~25
565,14,CAMERA_3,"['CAMERA_2', 'CAMERA_3']","{'CAMERA_1': [], 'CAMERA_2': ['camera_type', 'effects', 'long_exposure', 'settings', 'resolution', 'autofocus_points', 'optical_zoom', 'sensor_size', 'preset_modes', 'weight'], 'CAMERA_3': []}",C_ANYTHING_ELSE_AVAILABLE,CAMERA_2,NONE,So this is the only model you have in your shop,PRESENT_X,CAMERA_2,S_INTRODUCES_CAMERA,CAMERA_3,,Let me show you this. Here we have the Fujifilm PowerShot ELPH S2800.,PRESENT_X,CAMERA_3,39~68
565,15,CAMERA_3,"['CAMERA_2', 'CAMERA_3']","{'CAMERA_1': [], 'CAMERA_2': ['camera_type', 'effects', 'long_exposure', 'settings', 'resolution', 'autofocus_points', 'optical_zoom', 'sensor_size', 'preset_modes', 'weight'], 'CAMERA_3': ['preset_modes']}",C_QUESTION_ABOUT_FEATURE,CAMERA_3,preset_modes,does it have like candle mode,PRESENT_X,CAMERA_3,S_ANSWERS_QUESTION_ABOUT_FEATURE,CAMERA_3,preset_modes,This one has various preset modes.,PRESENT_X,CAMERA_3,13~33
565,16,CAMERA_1,"['CAMERA_2', 'CAMERA_3', 'CAMERA_1']","{'CAMERA_1': [], 'CAMERA_2': ['camera_type', 'effects', 'long_exposure', 'settings', 'resolution', 'autofocus_points', 'optical_zoom', 'sensor_size', 'preset_modes', 'weight'], 'CAMERA_3': ['preset_modes']}",C_ANYTHING_ELSE_AVAILABLE,CAMERA_3,NONE,oh I see that's very interesting do you have any other cameras that you can recommend me,PRESENT_X,CAMERA_3,S_INTRODUCES_CAMERA,CAMERA_1,,Let me show you this. Here we have the Sony PowerShot ELPH DMC-ZS3.,PRESENT_X,CAMERA_1,39~66
565,17,CAMERA_1,"['CAMERA_2', 'CAMERA_3', 'CAMERA_1']","{'CAMERA_1': ['optical_zoom'], 'CAMERA_2': ['camera_type', 'effects', 'long_exposure', 'settings', 'resolution', 'autofocus_points', 'optical_zoom', 'sensor_size', 'preset_modes', 'weight'], 'CAMERA_3': ['preset_modes']}",C_SILENT_OR_BACKCHANNEL,CAMERA_1,NONE,ok let's see,PRESENT_X,CAMERA_1,S_INTRODUCES_FEATURE,CAMERA_1,optical_zoom,This one has 21x optical zoom.,PRESENT_X,CAMERA_1,13~29
565,18,NONE,"['CAMERA_2', 'CAMERA_3', 'CAMERA_1']","{'CAMERA_1': ['optical_zoom'], 'CAMERA_2': ['camera_type', 'effects', 'long_exposure', 'settings', 'resolution', 'autofocus_points', 'optical_zoom', 'sensor_size', 'preset_modes', 'weight'], 'CAMERA_3': ['preset_modes']}",C_THANK_YOU,CAMERA_1,NONE,thank you,PRESENT_X,CAMERA_1,S_THANK_YOU,CAMERA_1,NONE,thank you very much.,FACE_TO_FACE,NONE,
565,19,NONE,"['CAMERA_2', 'CAMERA_3', 'CAMERA_1']","{'CAMERA_1': ['optical_zoom'], 'CAMERA_2': ['camera_type', 'effects', 'long_exposure', 'settings', 'resolution', 'autofocus_points', 'optical_zoom', 'sensor_size', 'preset_modes', 'weight'], 'CAMERA_3': ['preset_modes']}",C_LEAVES,DOOR,NONE,,FACE_TO_FACE,NONE,S_RETURNS_TO_COUNTER,SERVICE_COUNTER,NONE,,WAITING,NONE,
566,1,NONE,[],"{'CAMERA_1': [], 'CAMERA_2': [], 'CAMERA_3': []}",C_ENTERS,DOOR,NONE,,WAITING,NONE,S_NONE,SERVICE_COUNTER,NONE,,WAITING,NONE,
566,2,NONE,[],"{'CAMERA_1': [], 'CAMERA_2': [], 'CAMERA_3': []}",C_GREETS,MIDDLE,NONE,hello,WAITING,NONE,S_GREETS,MIDDLE,NONE,can I help you?,FACE_TO_FACE,NONE,
566,3,CAMERA_2,['CAMERA_2'],"{'CAMERA_1': [], 'CAMERA_2': [], 'CAMERA_3': []}",C_LOOKING_FOR_A_CAMERA,MIDDLE,NONE,I'm looking for a new camera,FACE_TO_FACE,NONE,S_INTRODUCES_CAMERA,CAMERA_2,,Let me show you this. Here we have the Fujifilm Lumix ILC Camera.,PRESENT_X,CAMERA_2,39~64
566,4,CAMERA_2,['CAMERA_2'],"{'CAMERA_1': [], 'CAMERA_2': ['long_exposure'], 'CAMERA_3': []}",C_SILENT_OR_BACKCHANNEL,CAMERA_2,NONE,okay,PRESENT_X,CAMERA_2,S_INTRODUCES_FEATURE,CAMERA_2,long_exposure,This one can take long exposures up to 60 minutes max with bulb mode.,PRESENT_X,CAMERA_2,39~68
566,5,CAMERA_2,['CAMERA_2'],"{'CAMERA_1': [], 'CAMERA_2': ['long_exposure', 'effects'], 'CAMERA_3': []}",C_QUESTION_ABOUT_FEATURE,CAMERA_2,effects,$550 that's not too bad for a camera it says here artistic effect mode what is that,PRESENT_X,CAMERA_2,S_ANSWERS_QUESTION_ABOUT_FEATURE,CAMERA_2,effects,"This one has 24 artistic effect modes (retro, lighter or darker skin tones, sepia, etc.).",PRESENT_X,CAMERA_2,13~88
566,6,CAMERA_3,"['CAMERA_2', 'CAMERA_3']","{'CAMERA_1': [], 'CAMERA_2': ['long_exposure', 'effects'], 'CAMERA_3': []}",C_ANYTHING_ELSE_AVAILABLE,CAMERA_2,NONE,that's good that's okay I like it when do you have other models in this area,PRESENT_X,CAMERA_2,S_INTRODUCES_CAMERA,CAMERA_3,,Let me show you this. Here we have the Fujifilm PowerShot ELPH S2800.,PRESENT_X,CAMERA_3,39~68
566,7,CAMERA_3,"['CAMERA_2', 'CAMERA_3']","{'CAMERA_1': [], 'CAMERA_2': ['long_exposure', 'effects'], 'CAMERA_3': ['preset_modes']}",C_QUESTION_ABOUT_FEATURE,CAMERA_3,preset_modes,does this camera support for preset mode,PRESENT_X,CAMERA_3,S_ANSWERS_QUESTION_ABOUT_FEATURE,CAMERA_3,preset_modes,This one has various preset modes.,PRESENT_X,CAMERA_3,13~33
566,8,CAMERA_3,"['CAMERA_2', 'CAMERA_3']","{'CAMERA_1': [], 'CAMERA_2': ['long_exposure', 'effects'], 'CAMERA_3': ['preset_modes', 'ISO']}",C_QUESTION_ABOUT_FEATURE,CAMERA_3,ISO,how is the ISO performance,PRESENT_X,CAMERA_3,S_ANSWERS_QUESTION_ABOUT_FEATURE,CAMERA_3,ISO,This one has up to 3200 ISO with little noise.,PRESENT_X,CAMERA_3,13~45
566,9,CAMERA_3,"['CAMERA_2', 'CAMERA_3']","{'CAMERA_1': [], 'CAMERA_2': ['long_exposure', 'effects'], 'CAMERA_3': ['preset_modes', 'ISO', 'optical_zoom']}",C_QUESTION_ABOUT_FEATURE,CAMERA_3,optical_zoom,and the optical zoom whats the optical zoom on that,PRESENT_X,CAMERA_3,S_NOT_SURE,CAMERA_3,,I'm not really sure about that.,PRESENT_X,CAMERA_3,
566,10,NONE,"['CAMERA_2', 'CAMERA_3']","{'CAMERA_1': [], 'CAMERA_2': ['long_exposure', 'effects'], 'CAMERA_3': ['preset_modes', 'ISO', 'optical_zoom']}",C_THANK_YOU,CAMERA_3,NONE,ok thank you,PRESENT_X,CAMERA_3,S_THANK_YOU,CAMERA_3,NONE,thank you very much.,FACE_TO_FACE,NONE,
566,11,NONE,"['CAMERA_2', 'CAMERA_3']","{'CAMERA_1': [], 'CAMERA_2': ['long_exposure', 'effects'], 'CAMERA_3': ['preset_modes', 'ISO', 'optical_zoom']}",C_LEAVES,DOOR,NONE,,FACE_TO_FACE,NONE,S_RETURNS_TO_COUNTER,SERVICE_COUNTER,NONE,,WAITING,NONE,
567,1,NONE,[],"{'CAMERA_1': [], 'CAMERA_2': [], 'CAMERA_3': []}",C_ENTERS,DOOR,NONE,,WAITING,NONE,S_NONE,SERVICE_COUNTER,NONE,,WAITING,NONE,
567,2,NONE,[],"{'CAMERA_1': [], 'CAMERA_2': [], 'CAMERA_3': []}",C_GREETS,MIDDLE,NONE,excuse me,WAITING,NONE,S_GREETS,MIDDLE,NONE,can I help you?,FACE_TO_FACE,NONE,
567,3,CAMERA_2,['CAMERA_2'],"{'CAMERA_1': [], 'CAMERA_2': [], 'CAMERA_3': []}",C_LOOKING_FOR_A_CAMERA,MIDDLE,NONE,I'm just browsing but just trying to find a camera but I don't know what camera is really good,FACE_TO_FACE,NONE,S_INTRODUCES_CAMERA,CAMERA_2,,Let me show you this. Here we have the Fujifilm Lumix ILC Camera.,PRESENT_X,CAMERA_2,39~64
567,4,CAMERA_2,['CAMERA_2'],"{'CAMERA_1': [], 'CAMERA_2': ['preset_modes'], 'CAMERA_3': []}",C_QUESTION_ABOUT_FEATURE,CAMERA_2,preset_modes,Is this camera support for basic mode,PRESENT_X,CAMERA_2,S_NOT_SURE,CAMERA_2,,I'm not really sure about that.,PRESENT_X,CAMERA_2,
567,5,CAMERA_2,['CAMERA_2'],"{'CAMERA_1': [], 'CAMERA_2': ['preset_modes', 'camera_type'], 'CAMERA_3': []}",C_QUESTION_ABOUT_FEATURE,CAMERA_2,camera_type,what kind of camera is this,PRESENT_X,CAMERA_2,S_ANSWERS_QUESTION_ABOUT_FEATURE,CAMERA_2,camera_type,This is a digital single lens mirrorless camera.,PRESENT_X,CAMERA_2,10~40
567,6,CAMERA_2,['CAMERA_2'],"{'CAMERA_1': [], 'CAMERA_2': ['preset_modes', 'camera_type', 'settings'], 'CAMERA_3': []}",C_SILENT_OR_BACKCHANNEL,CAMERA_2,NONE,yeah that sounds great to me I don't have to worry about the technical stuff,PRESENT_X,CAMERA_2,S_INTRODUCES_FEATURE,CAMERA_2,settings,"This one has manual control and various automatic settings (video modeburst shooting, etc.).",PRESENT_X,CAMERA_2,13~91
567,7,CAMERA_2,['CAMERA_2'],"{'CAMERA_1': [], 'CAMERA_2': ['preset_modes', 'camera_type', 'settings', 'color'], 'CAMERA_3': []}",C_SILENT_OR_BACKCHANNEL,CAMERA_2,NONE,alright,PRESENT_X,CAMERA_2,S_INTRODUCES_FEATURE,CAMERA_2,color,This one comes in white or pink.,PRESENT_X,CAMERA_2,18~31
567,8,CAMERA_2,['CAMERA_2'],"{'CAMERA_1': [], 'CAMERA_2': ['preset_modes', 'camera_type', 'settings', 'color', 'sensor_size'], 'CAMERA_3': []}",C_SILENT_OR_BACKCHANNEL,CAMERA_2,NONE,okay good,PRESENT_X,CAMERA_2,S_INTRODUCES_FEATURE,CAMERA_2,sensor_size,This one has a 1/2.33 inch sensor.,PRESENT_X,CAMERA_2,15~33
567,9,CAMERA_2,['CAMERA_2'],"{'CAMERA_1': [], 'CAMERA_2': ['preset_modes', 'camera_type', 'settings', 'color', 'sensor_size', 'price'], 'CAMERA_3': []}",C_SILENT_OR_BACKCHANNEL,CAMERA_2,NONE,great cash,PRESENT_X,CAMERA_2,S_INTRODUCES_FEATURE,CAMERA_2,price,This one costs $768.,PRESENT_X,CAMERA_2,15~19
567,10,NONE,['CAMERA_2'],"{'CAMERA_1': [], 'CAMERA_2': ['preset_modes', 'camera_type', 'settings', 'color', 'sensor_size', 'price'], 'CAMERA_3': []}",C_THANK_YOU,CAMERA_2,NONE,alright thank you,PRESENT_X,CAMERA_2,S_THANK_YOU,CAMERA_2,NONE,thank you very much.,FACE_TO_FACE,NONE,
567,11,NONE,['CAMERA_2'],"{'CAMERA_1': [], 'CAMERA_2': ['preset_modes', 'camera_type', 'settings', 'color', 'sensor_size', 'price'], 'CAMERA_3': []}",C_LEAVES,DOOR,NONE,,FACE_TO_FACE,NONE,S_RETURNS_TO_COUNTER,SERVICE_COUNTER,NONE,,WAITING,NONE,
568,1,NONE,[],"{'CAMERA_1': [], 'CAMERA_2': [], 'CAMERA_3': []}",C_ENTERS,DOOR,NONE,,WAITING,NONE,S_NONE,SERVICE_COUNTER,NONE,,WAITING,NONE,
568,2,NONE,[],"{'CAMERA_1': [], 'CAMERA_2': [], 'CAMERA_3': []}",C_GREETS,MIDDLE,NONE,hi good afternoon,WAITING,NONE,S_GREETS,MIDDLE,NONE,can I help you?,FACE_TO_FACE,NONE,
568,3,CAMERA_3,['CAMERA_3'],"{'CAMERA_1': [], 'CAMERA_2': [], 'CAMERA_3': []}",C_LOOKING_FOR_A_CAMERA,MIDDLE,NONE,yes I'm looking for a camera for my photoshop my other camera broke and I need another one,FACE_TO_FACE,NONE,S_INTRODUCES_CAMERA,CAMERA_3,,Let me show you this. Here we have the Fujifilm PowerShot ELPH S2800.,PRESENT_X,CAMERA_3,39~68
568,4,CAMERA_3,['CAMERA_3'],"{'CAMERA_1': [], 'CAMERA_2': [], 'CAMERA_3': ['resolution']}",C_SILENT_OR_BACKCHANNEL,CAMERA_3,NONE,ok,PRESENT_X,CAMERA_3,S_INTRODUCES_FEATURE,CAMERA_3,resolution,This one has 23.2 megapixels resolution.,PRESENT_X,CAMERA_3,13~28
568,5,CAMERA_3,['CAMERA_3'],"{'CAMERA_1': [], 'CAMERA_2': [], 'CAMERA_3': ['resolution', 'effects']}",C_QUESTION_ABOUT_FEATURE,CAMERA_3,effects,can I use this artistic effect mode to smooth my skin,PRESENT_X,CAMERA_3,S_ANSWERS_QUESTION_ABOUT_FEATURE,CAMERA_3,effects,"This one has 21 photo effects (small face, retro, big eyes, etc.).",PRESENT_X,CAMERA_3,13~65
568,6,CAMERA_3,['CAMERA_3'],"{'CAMERA_1': [], 'CAMERA_2': [], 'CAMERA_3': ['resolution', 'effects', 'price']}",C_QUESTION_ABOUT_FEATURE,CAMERA_3,price,how much is this camera,PRESENT_X,CAMERA_3,S_ANSWERS_QUESTION_ABOUT_FEATURE,CAMERA_3,price,This one costs $518.,PRESENT_X,CAMERA_3,15~19
568,7,NONE,['CAMERA_3'],"{'CAMERA_1': [], 'CAMERA_2': [], 'CAMERA_3': ['resolution', 'effects', 'price']}",C_THANK_YOU,CAMERA_3,NONE,okay thank you thank you very much,PRESENT_X,CAMERA_3,S_THANK_YOU,CAMERA_3,NONE,thank you very much.,FACE_TO_FACE,NONE,
568,8,NONE,['CAMERA_3'],"{'CAMERA_1': [], 'CAMERA_2': [], 'CAMERA_3': ['resolution', 'effects', 'price']}",C_LEAVES,DOOR,NONE,,FACE_TO_FACE,NONE,S_RETURNS_TO_COUNTER,SERVICE_COUNTER,NONE,,WAITING,NONE,
569,1,NONE,[],"{'CAMERA_1': [], 'CAMERA_2': [], 'CAMERA_3': []}",C_ENTERS,DOOR,NONE,,WAITING,NONE,S_NONE,SERVICE_COUNTER,NONE,,WAITING,NONE,
569,2,NONE,[],"{'CAMERA_1': [], 'CAMERA_2': [], 'CAMERA_3': []}",C_WALKS_TO_CAMERA,CAMERA_3,NONE,,WAITING,NONE,S_NONE,SERVICE_COUNTER,NONE,,WAITING,NONE,
569,3,NONE,[],"{'CAMERA_1': [], 'CAMERA_2': [], 'CAMERA_3': []}",C_EXAMINES_CAMERA,CAMERA_3,NONE,,WAITING,NONE,S_GREETS,CAMERA_3,NONE,can I help you?,FACE_TO_FACE,NONE,
569,4,CAMERA_2,['CAMERA_2'],"{'CAMERA_1': [], 'CAMERA_2': [], 'CAMERA_3': []}",C_LOOKING_FOR_A_CAMERA,CAMERA_3,NONE,I'm looking for a camera,FACE_TO_FACE,NONE,S_INTRODUCES_CAMERA,CAMERA_2,,Let me show you this. Here we have the Fujifilm Lumix ILC Camera.,PRESENT_X,CAMERA_2,39~64
569,5,CAMERA_2,['CAMERA_2'],"{'CAMERA_1': [], 'CAMERA_2': ['price'], 'CAMERA_3': []}",C_QUESTION_ABOUT_FEATURE,CAMERA_2,price,this sounds like good camera how much is this one,PRESENT_X,CAMERA_2,S_ANSWERS_QUESTION_ABOUT_FEATURE,CAMERA_2,price,This one costs $768.,PRESENT_X,CAMERA_2,15~19
569,6,CAMERA_1,"['CAMERA_2', 'CAMERA_1']","{'CAMERA_1': [], 'CAMERA_2': ['price'], 'CAMERA_3': []}",C_ANYTHING_ELSE_AVAILABLE,CAMERA_2,NONE,I see do you have any other options that you can show me,PRESENT_X,CAMERA_2,S_INTRODUCES_CAMERA,CAMERA_1,,Let me show you this. Here we have the Sony PowerShot ELPH DMC-ZS3.,PRESENT_X,CAMERA_1,39~66
569,7,CAMERA_1,"['CAMERA_2', 'CAMERA_1']","{'CAMERA_1': ['long_exposure'], 'CAMERA_2': ['price'], 'CAMERA_3': []}",C_QUESTION_ABOUT_FEATURE,CAMERA_1,long_exposure,okay and how long is the exposure,PRESENT_X,CAMERA_1,S_ANSWERS_QUESTION_ABOUT_FEATURE,CAMERA_1,long_exposure,This one can take long exposures up to up to 15 seconds with Long Shutter Mode.,PRESENT_X,CAMERA_1,39~78
569,8,CAMERA_1,"['CAMERA_2', 'CAMERA_1']","{'CAMERA_1': ['long_exposure', 'weight'], 'CAMERA_2': ['price'], 'CAMERA_3': []}",C_QUESTION_ABOUT_FEATURE,CAMERA_1,weight,30 seconds whats the weight,PRESENT_X,CAMERA_1,S_ANSWERS_QUESTION_ABOUT_FEATURE,CAMERA_1,weight,This one weighs 800 grams.,PRESENT_X,CAMERA_1,16~25
569,9,CAMERA_1,"['CAMERA_2', 'CAMERA_1']","{'CAMERA_1': ['long_exposure', 'weight', 'camera_type'], 'CAMERA_2': ['price'], 'CAMERA_3': []}",C_QUESTION_ABOUT_FEATURE,CAMERA_1,camera_type,what kind of camera is this,PRESENT_X,CAMERA_1,S_ANSWERS_QUESTION_ABOUT_FEATURE,CAMERA_1,camera_type,This is a DSLR camera.,PRESENT_X,CAMERA_1,10~14
569,10,CAMERA_1,"['CAMERA_2', 'CAMERA_1']","{'CAMERA_1': ['long_exposure', 'weight', 'camera_type', 'sensor_size'], 'CAMERA_2': ['price'], 'CAMERA_3': []}",C_SILENT_OR_BACKCHANNEL,CAMERA_1,NONE,okay that's great to know so two thousand dollars how much do the lenses go for,PRESENT_X,CAMERA_1,S_INTRODUCES_FEATURE,CAMERA_1,sensor_size,This one has a 1/2.3 inch CMOS sensor.,PRESENT_X,CAMERA_1,15~37
569,11,CAMERA_1,"['CAMERA_2', 'CAMERA_1']","{'CAMERA_1': ['long_exposure', 'weight', 'camera_type', 'sensor_size', 'ISO'], 'CAMERA_2': ['price'], 'CAMERA_3': []}",C_SILENT_OR_BACKCHANNEL,CAMERA_1,NONE,okay,PRESENT_X,CAMERA_1,S_INTRODUCES_FEATURE,CAMERA_1,ISO,This one has up to 51200 ISO.,PRESENT_X,CAMERA_1,13~28
569,12,NONE,"['CAMERA_2', 'CAMERA_1']","{'CAMERA_1': ['long_exposure', 'weight', 'camera_type', 'sensor_size', 'ISO'], 'CAMERA_2': ['price'], 'CAMERA_3': []}",C_THANK_YOU,CAMERA_1,NONE,thank you,PRESENT_X,CAMERA_1,S_THANK_YOU,CAMERA_1,NONE,thank you very much.,FACE_TO_FACE,NONE,
569,13,NONE,"['CAMERA_2', 'CAMERA_1']","{'CAMERA_1': ['long_exposure', 'weight', 'camera_type', 'sensor_size', 'ISO'], 'CAMERA_2': ['price'], 'CAMERA_3': []}",C_LEAVES,DOOR,NONE,,FACE_TO_FACE,NONE,S_RETURNS_TO_COUNTER,SERVICE_COUNTER,NONE,,WAITING,NONE,
570,1,NONE,[],"{'CAMERA_1': [], 'CAMERA_2': [], 'CAMERA_3': []}",C_ENTERS,DOOR,NONE,,WAITING,NONE,S_NONE,SERVICE_COUNTER,NONE,,WAITING,NONE,
570,2,NONE,[],"{'CAMERA_1': [], 'CAMERA_2': [], 'CAMERA_3': []}",C_WALKS_TO_CAMERA,CAMERA_3,NONE,,WAITING,NONE,S_GREETS,CAMERA_3,NONE,can I help you?,FACE_TO_FACE,NONE,
570,3,CAMERA_1,['CAMERA_1'],"{'CAMERA_1': [], 'CAMERA_2': [], 'CAMERA_3': []}",C_LOOKING_FOR_A_CAMERA,CAMERA_3,NONE,I'm just looking around I'm thinking about buying a camera but I don't know which one,FACE_TO_FACE,NONE,S_INTRODUCES_CAMERA,CAMERA_1,,Let me show you this. Here we have the Sony PowerShot ELPH DMC-ZS3.,PRESENT_X,CAMERA_1,39~66
570,4,CAMERA_1,['CAMERA_1'],"{'CAMERA_1': ['color'], 'CAMERA_2': [], 'CAMERA_3': []}",C_SILENT_OR_BACKCHANNEL,CAMERA_1,NONE,okay I say yeah,PRESENT_X,CAMERA_1,S_INTRODUCES_FEATURE,CAMERA_1,color,This one comes in blue or black.,PRESENT_X,CAMERA_1,18~31
570,5,NONE,['CAMERA_1'],"{'CAMERA_1': ['color'], 'CAMERA_2': [], 'CAMERA_3': []}",C_THANK_YOU,CAMERA_1,NONE,seems pretty good I think about that but thank you,PRESENT_X,CAMERA_1,S_THANK_YOU,CAMERA_1,NONE,thank you very much.,FACE_TO_FACE,NONE,
570,6,NONE,['CAMERA_1'],"{'CAMERA_1': ['color'], 'CAMERA_2': [], 'CAMERA_3': []}",C_LEAVES,DOOR,NONE,,FACE_TO_FACE,NONE,S_RETURNS_TO_COUNTER,SERVICE_COUNTER,NONE,,WAITING,NONE,
571,1,NONE,[],"{'CAMERA_1': [], 'CAMERA_2': [], 'CAMERA_3': []}",C_ENTERS,DOOR,NONE,,WAITING,NONE,S_NONE,SERVICE_COUNTER,NONE,,WAITING,NONE,
571,2,NONE,[],"{'CAMERA_1': [], 'CAMERA_2': [], 'CAMERA_3': []}",C_WALKS_TO_CAMERA,CAMERA_3,NONE,,WAITING,NONE,S_GREETS,CAMERA_3,NONE,can I help you?,FACE_TO_FACE,NONE,
571,3,CAMERA_2,['CAMERA_2'],"{'CAMERA_1': [], 'CAMERA_2': [], 'CAMERA_3': []}",C_LOOKING_FOR_A_CAMERA,CAMERA_3,NONE,it's actually my first time buying a camera so I'm not very sure which is a good one,FACE_TO_FACE,NONE,S_INTRODUCES_CAMERA,CAMERA_2,,Let me show you this. Here we have the Fujifilm Lumix ILC Camera.,PRESENT_X,CAMERA_2,39~64
571,4,CAMERA_2,['CAMERA_2'],"{'CAMERA_1': [], 'CAMERA_2': ['optical_zoom'], 'CAMERA_3': []}",C_QUESTION_ABOUT_FEATURE,CAMERA_2,optical_zoom,and the optical zoom whats the optical zoom on that,PRESENT_X,CAMERA_2,S_ANSWERS_QUESTION_ABOUT_FEATURE,CAMERA_2,optical_zoom,This one has 21x optical zoom.,PRESENT_X,CAMERA_2,13~29
571,5,CAMERA_2,['CAMERA_2'],"{'CAMERA_1': [], 'CAMERA_2': ['optical_zoom', 'weight'], 'CAMERA_3': []}",C_SILENT_OR_BACKCHANNEL,CAMERA_2,NONE,great and finally what is the price,PRESENT_X,CAMERA_2,S_INTRODUCES_FEATURE,CAMERA_2,weight,This one weighs 820 grams.,PRESENT_X,CAMERA_2,16~25
571,6,CAMERA_2,['CAMERA_2'],"{'CAMERA_1': [], 'CAMERA_2': ['optical_zoom', 'weight', 'effects'], 'CAMERA_3': []}",C_SILENT_OR_BACKCHANNEL,CAMERA_2,NONE,uh huh I say,PRESENT_X,CAMERA_2,S_INTRODUCES_FEATURE,CAMERA_2,effects,"This one has 24 artistic effect modes (retro, lighter or darker skin tones, sepia, etc.).",PRESENT_X,CAMERA_2,13~88
571,7,CAMERA_2,['CAMERA_2'],"{'CAMERA_1': [], 'CAMERA_2': ['optical_zoom', 'weight', 'effects', 'long_exposure'], 'CAMERA_3': []}",C_SILENT_OR_BACKCHANNEL,CAMERA_2,NONE,IC,PRESENT_X,CAMERA_2,S_INTRODUCES_FEATURE,CAMERA_2,long_exposure,This one can take long exposures up to 60 minutes max with bulb mode.,PRESENT_X,CAMERA_2,39~68
571,8,NONE,['CAMERA_2'],"{'CAMERA_1': [], 'CAMERA_2': ['optical_zoom', 'weight', 'effects', 'long_exposure'], 'CAMERA_3': []}",C_THANK_YOU,CAMERA_2,NONE,thanks so much,PRESENT_X,CAMERA_2,S_THANK_YOU,CAMERA_2,NONE,thank you very much.,FACE_TO_FACE,NONE,
571,9,NONE,['CAMERA_2'],"{'CAMERA_1': [], 'CAMERA_2': ['optical_zoom', 'weight', 'effects', 'long_exposure'], 'CAMERA_3': []}",C_LEAVES,DOOR,NONE,,FACE_TO_FACE,NONE,S_RETURNS_TO_COUNTER,SERVICE_COUNTER,NONE,,WAITING,NONE,
572,1,NONE,[],"{'CAMERA_1': [], 'CAMERA_2': [], 'CAMERA_3': []}",C_ENTERS,DOOR,NONE,,WAITING,NONE,S_NONE,SERVICE_COUNTER,NONE,,WAITING,NONE,
572,2,NONE,[],"{'CAMERA_1': [], 'CAMERA_2': [], 'CAMERA_3': []}",C_WALKS_TO_CAMERA,CAMERA_1,NONE,,WAITING,NONE,S_GREETS,CAMERA_1,NONE,can I help you?,FACE_TO_FACE,NONE,
572,3,CAMERA_1,['CAMERA_1'],"{'CAMERA_1': [], 'CAMERA_2': [], 'CAMERA_3': []}",C_LOOKING_FOR_A_CAMERA,CAMERA_1,NONE,nothing fancy I just I'm just looking for the second camera I don't have money,FACE_TO_FACE,NONE,S_INTRODUCES_CAMERA,CAMERA_1,,Let me show you this. Here we have the Sony PowerShot ELPH DMC-ZS3.,PRESENT_X,CAMERA_1,39~66
572,4,CAMERA_1,['CAMERA_1'],"{'CAMERA_1': ['ISO'], 'CAMERA_2': [], 'CAMERA_3': []}",C_QUESTION_ABOUT_FEATURE,CAMERA_1,ISO,ISO option is,PRESENT_X,CAMERA_1,S_ANSWERS_QUESTION_ABOUT_FEATURE,CAMERA_1,ISO,This one has up to 51200 ISO.,PRESENT_X,CAMERA_1,13~28
572,5,CAMERA_1,['CAMERA_1'],"{'CAMERA_1': ['ISO', 'resolution'], 'CAMERA_2': [], 'CAMERA_3': []}",C_QUESTION_ABOUT_FEATURE,CAMERA_1,resolution,how many megapixels is this camera,PRESENT_X,CAMERA_1,S_ANSWERS_QUESTION_ABOUT_FEATURE,CAMERA_1,resolution,This one has 17.8 megapixels resolution.,PRESENT_X,CAMERA_1,13~28
572,6,CAMERA_1,['CAMERA_1'],"{'CAMERA_1': ['ISO', 'resolution', 'camera_type'], 'CAMERA_2': [], 'CAMERA_3': []}",C_QUESTION_ABOUT_FEATURE,CAMERA_1,camera_type,Is this a mirrorless camera?,PRESENT_X,CAMERA_1,S_ANSWERS_QUESTION_ABOUT_FEATURE,CAMERA_1,camera_type,This is a DSLR camera.,PRESENT_X,CAMERA_1,10~14
572,7,CAMERA_1,['CAMERA_1'],"{'CAMERA_1': ['ISO', 'resolution', 'camera_type', 'effects'], 'CAMERA_2': [], 'CAMERA_3': []}",C_SILENT_OR_BACKCHANNEL,CAMERA_1,NONE,okay that's looks good anything else any other colors for a Camaro,PRESENT_X,CAMERA_1,S_INTRODUCES_FEATURE,CAMERA_1,effects,"This one has 24 glamor retouch effects (miniature, retro, toy camera, etc.).",PRESENT_X,CAMERA_1,13~75
572,8,CAMERA_1,['CAMERA_1'],"{'CAMERA_1': ['ISO', 'resolution', 'camera_type', 'effects', 'sensor_size'], 'CAMERA_2': [], 'CAMERA_3': []}",C_QUESTION_ABOUT_FEATURE,CAMERA_1,sensor_size,and what is the sensor size,PRESENT_X,CAMERA_1,S_ANSWERS_QUESTION_ABOUT_FEATURE,CAMERA_1,sensor_size,This one has a 1/2.3 inch CMOS sensor.,PRESENT_X,CAMERA_1,15~37
572,9,CAMERA_1,['CAMERA_1'],"{'CAMERA_1': ['ISO', 'resolution', 'camera_type', 'effects', 'sensor_size', 'preset_modes'], 'CAMERA_2': [], 'CAMERA_3': []}",C_QUESTION_ABOUT_FEATURE,CAMERA_1,preset_modes,Is this support preset mode,PRESENT_X,CAMERA_1,S_NOT_SURE,CAMERA_1,,I'm not really sure about that.,PRESENT_X,CAMERA_1,
572,10,CAMERA_1,['CAMERA_1'],"{'CAMERA_1': ['ISO', 'resolution', 'camera_type', 'effects', 'sensor_size', 'preset_modes', 'long_exposure'], 'CAMERA_2': [], 'CAMERA_3': []}",C_QUESTION_ABOUT_FEATURE,CAMERA_1,long_exposure,what what's the exposure how long how high does it go,PRESENT_X,CAMERA_1,S_ANSWERS_QUESTION_ABOUT_FEATURE,CAMERA_1,long_exposure,This one can take long exposures up to up to 15 seconds with Long Shutter Mode.,PRESENT_X,CAMERA_1,39~78
572,11,CAMERA_2,"['CAMERA_1', 'CAMERA_2']","{'CAMERA_1': ['ISO', 'resolution', 'camera_type', 'effects', 'sensor_size', 'preset_modes', 'long_exposure'], 'CAMERA_2': [], 'CAMERA_3': []}",C_ANYTHING_ELSE_AVAILABLE,CAMERA_1,NONE,Do you have any other cameras under $300,PRESENT_X,CAMERA_1,S_INTRODUCES_CAMERA,CAMERA_2,,Let me show you this. Here we have the Fujifilm Lumix ILC Camera.,PRESENT_X,CAMERA_2,39~64
572,12,CAMERA_2,"['CAMERA_1', 'CAMERA_2']","{'CAMERA_1': ['ISO', 'resolution', 'camera_type', 'effects', 'sensor_size', 'preset_modes', 'long_exposure'], 'CAMERA_2': ['resolution'], 'CAMERA_3': []}",C_SILENT_OR_BACKCHANNEL,CAMERA_2,NONE,the result does look good,PRESENT_X,CAMERA_2,S_INTRODUCES_FEATURE,CAMERA_2,resolution,This one has 23.8 megapixels resolution.,PRESENT_X,CAMERA_2,13~28
572,13,CAMERA_2,"['CAMERA_1', 'CAMERA_2']","{'CAMERA_1': ['ISO', 'resolution', 'camera_type', 'effects', 'sensor_size', 'preset_modes', 'long_exposure'], 'CAMERA_2': ['resolution', 'long_exposure'], 'CAMERA_3': []}",C_SILENT_OR_BACKCHANNEL,CAMERA_2,NONE,ok,PRESENT_X,CAMERA_2,S_INTRODUCES_FEATURE,CAMERA_2,long_exposure,This one can take long exposures up to 60 minutes max with bulb mode.,PRESENT_X,CAMERA_2,39~68
572,14,CAMERA_2,"['CAMERA_1', 'CAMERA_2']","{'CAMERA_1': ['ISO', 'resolution', 'camera_type', 'effects', 'sensor_size', 'preset_modes', 'long_exposure'], 'CAMERA_2': ['resolution', 'long_exposure', 'optical_zoom'], 'CAMERA_3': []}",C_SILENT_OR_BACKCHANNEL,CAMERA_2,NONE,okay that's good that looks professional and that will impress people,PRESENT_X,CAMERA_2,S_INTRODUCES_FEATURE,CAMERA_2,optical_zoom,This one has 21x optical zoom.,PRESENT_X,CAMERA_2,13~29
572,15,CAMERA_2,"['CAMERA_1', 'CAMERA_2']","{'CAMERA_1': ['ISO', 'resolution', 'camera_type', 'effects', 'sensor_size', 'preset_modes', 'long_exposure'], 'CAMERA_2': ['resolution', 'long_exposure', 'optical_zoom', 'color'], 'CAMERA_3': []}",C_SILENT_OR_BACKCHANNEL,CAMERA_2,NONE,IC,PRESENT_X,CAMERA_2,S_INTRODUCES_FEATURE,CAMERA_2,color,This one comes in white or pink.,PRESENT_X,CAMERA_2,18~31
572,16,NONE,"['CAMERA_1', 'CAMERA_2']","{'CAMERA_1': ['ISO', 'resolution', 'camera_type', 'effects', 'sensor_size', 'preset_modes', 'long_exposure'], 'CAMERA_2': ['resolution', 'long_exposure', 'optical_zoom', 'color'], 'CAMERA_3': []}",C_THANK_YOU,CAMERA_2,NONE,thank you,PRESENT_X,CAMERA_2,S_THANK_YOU,CAMERA_2,NONE,thank you very much.,FACE_TO_FACE,NONE,
572,17,NONE,"['CAMERA_1', 'CAMERA_2']","{'CAMERA_1': ['ISO', 'resolution', 'camera_type', 'effects', 'sensor_size', 'preset_modes', 'long_exposure'], 'CAMERA_2': ['resolution', 'long_exposure', 'optical_zoom', 'color'], 'CAMERA_3': []}",C_LEAVES,DOOR,NONE,,FACE_TO_FACE,NONE,S_RETURNS_TO_COUNTER,SERVICE_COUNTER,NONE,,WAITING,NONE,
573,1,NONE,[],"{'CAMERA_1': [], 'CAMERA_2': [], 'CAMERA_3': []}",C_ENTERS,DOOR,NONE,,WAITING,NONE,S_NONE,SERVICE_COUNTER,NONE,,WAITING,NONE,
573,2,NONE,[],"{'CAMERA_1': [], 'CAMERA_2': [], 'CAMERA_3': []}",C_WALKS_TO_CAMERA,CAMERA_1,NONE,,WAITING,NONE,S_NONE,SERVICE_COUNTER,NONE,,WAITING,NONE,
573,3,NONE,[],"{'CAMERA_1': [], 'CAMERA_2': [], 'CAMERA_3': []}",C_EXAMINES_CAMERA,CAMERA_1,NONE,,WAITING,NONE,S_GREETS,CAMERA_1,NONE,can I help you?,FACE_TO_FACE,NONE,
573,4,CAMERA_3,['CAMERA_3'],"{'CAMERA_1': [], 'CAMERA_2': [], 'CAMERA_3': []}",C_LOOKING_FOR_A_CAMERA,CAMERA_1,NONE,I want to take a look at your cameras,FACE_TO_FACE,NONE,S_INTRODUCES_CAMERA,CAMERA_3,,Let me show you this. Here we have the Fujifilm PowerShot ELPH S2800.,PRESENT_X,CAMERA_3,39~68
573,5,CAMERA_3,['CAMERA_3'],"{'CAMERA_1': [], 'CAMERA_2': [], 'CAMERA_3': ['camera_type']}",C_SILENT_OR_BACKCHANNEL,CAMERA_3,NONE,sounds good,PRESENT_X,CAMERA_3,S_INTRODUCES_FEATURE,CAMERA_3,camera_type,This is a point and shoot camera.,PRESENT_X,CAMERA_3,10~25
573,6,CAMERA_3,['CAMERA_3'],"{'CAMERA_1': [], 'CAMERA_2': [], 'CAMERA_3': ['camera_type', 'price']}",C_QUESTION_ABOUT_FEATURE,CAMERA_3,price,and what about the price,PRESENT_X,CAMERA_3,S_ANSWERS_QUESTION_ABOUT_FEATURE,CAMERA_3,price,This one costs $518.,PRESENT_X,CAMERA_3,15~19
573,7,CAMERA_3,['CAMERA_3'],"{'CAMERA_1': [], 'CAMERA_2': [], 'CAMERA_3': ['camera_type', 'price', 'autofocus_points']}",C_QUESTION_ABOUT_FEATURE,CAMERA_3,autofocus_points,and the autofocus points,PRESENT_X,CAMERA_3,S_ANSWERS_QUESTION_ABOUT_FEATURE,CAMERA_3,autofocus_points,This one has 214 autofocus points.,PRESENT_X,CAMERA_3,13~33
573,8,CAMERA_2,"['CAMERA_3', 'CAMERA_2']","{'CAMERA_1': [], 'CAMERA_2': [], 'CAMERA_3': ['camera_type', 'price', 'autofocus_points']}",C_ANYTHING_ELSE_AVAILABLE,CAMERA_3,NONE,okay do you have any other cameras I might be interested,PRESENT_X,CAMERA_3,S_INTRODUCES_CAMERA,CAMERA_2,,Let me show you this. Here we have the Fujifilm Lumix ILC Camera.,PRESENT_X,CAMERA_2,39~64
573,9,CAMERA_2,"['CAMERA_3', 'CAMERA_2']","{'CAMERA_1': [], 'CAMERA_2': ['long_exposure'], 'CAMERA_3': ['camera_type', 'price', 'autofocus_points']}",C_SILENT_OR_BACKCHANNEL,CAMERA_2,NONE,IC,PRESENT_X,CAMERA_2,S_INTRODUCES_FEATURE,CAMERA_2,long_exposure,This one can take long exposures up to 60 minutes max with bulb mode.,PRESENT_X,CAMERA_2,39~68
573,10,CAMERA_2,"['CAMERA_3', 'CAMERA_2']","{'CAMERA_1': [], 'CAMERA_2': ['long_exposure', 'preset_modes'], 'CAMERA_3': ['camera_type', 'price', 'autofocus_points']}",C_QUESTION_ABOUT_FEATURE,CAMERA_2,preset_modes,oh I see and what about the automatic settings I just wanted to press a button and take a picture,PRESENT_X,CAMERA_2,S_NOT_SURE,CAMERA_2,,I'm not really sure about that.,PRESENT_X,CAMERA_2,
573,11,CAMERA_2,"['CAMERA_3', 'CAMERA_2']","{'CAMERA_1': [], 'CAMERA_2': ['long_exposure', 'preset_modes', 'sensor_size'], 'CAMERA_3': ['camera_type', 'price', 'autofocus_points']}",C_QUESTION_ABOUT_FEATURE,CAMERA_2,sensor_size,what is the sensor size,PRESENT_X,CAMERA_2,S_ANSWERS_QUESTION_ABOUT_FEATURE,CAMERA_2,sensor_size,This one has a 1/2.33 inch sensor.,PRESENT_X,CAMERA_2,15~33
573,12,CAMERA_2,"['CAMERA_3', 'CAMERA_2']","{'CAMERA_1': [], 'CAMERA_2': ['long_exposure', 'preset_modes', 'sensor_size', 'optical_zoom'], 'CAMERA_3': ['camera_type', 'price', 'autofocus_points']}",C_SILENT_OR_BACKCHANNEL,CAMERA_2,NONE,that's great,PRESENT_X,CAMERA_2,S_INTRODUCES_FEATURE,CAMERA_2,optical_zoom,This one has 21x optical zoom.,PRESENT_X,CAMERA_2,13~29
573,13,CAMERA_2,"['CAMERA_3', 'CAMERA_2']","{'CAMERA_1': [], 'CAMERA_2': ['long_exposure', 'preset_modes', 'sensor_size', 'optical_zoom', 'effects'], 'CAMERA_3': ['camera_type', 'price', 'autofocus_points']}",C_QUESTION_ABOUT_FEATURE,CAMERA_2,effects,what's the artistic effect mode,PRESENT_X,CAMERA_2,S_ANSWERS_QUESTION_ABOUT_FEATURE,CAMERA_2,effects,"This one has 24 artistic effect modes (retro, lighter or darker skin tones, sepia, etc.).",PRESENT_X,CAMERA_2,13~88
573,14,CAMERA_2,"['CAMERA_3', 'CAMERA_2']","{'CAMERA_1': [], 'CAMERA_2': ['long_exposure', 'preset_modes', 'sensor_size', 'optical_zoom', 'effects', 'settings'], 'CAMERA_3': ['camera_type', 'price', 'autofocus_points']}",C_SILENT_OR_BACKCHANNEL,CAMERA_2,NONE,okay that sounds good,PRESENT_X,CAMERA_2,S_INTRODUCES_FEATURE,CAMERA_2,settings,"This one has manual control and various automatic settings (video modeburst shooting, etc.).",PRESENT_X,CAMERA_2,13~91
573,15,NONE,"['CAMERA_3', 'CAMERA_2']","{'CAMERA_1': [], 'CAMERA_2': ['long_exposure', 'preset_modes', 'sensor_size', 'optical_zoom', 'effects', 'settings'], 'CAMERA_3': ['camera_type', 'price', 'autofocus_points']}",C_THANK_YOU,CAMERA_2,NONE,thanks goodbye,PRESENT_X,CAMERA_2,S_THANK_YOU,CAMERA_2,NONE,thank you very much.,FACE_TO_FACE,NONE,
573,16,NONE,"['CAMERA_3', 'CAMERA_2']","{'CAMERA_1': [], 'CAMERA_2': ['long_exposure', 'preset_modes', 'sensor_size', 'optical_zoom', 'effects', 'settings'], 'CAMERA_3': ['camera_type', 'price', 'autofocus_points']}",C_LEAVES,DOOR,NONE,,FACE_TO_FACE,NONE,S_RETURNS_TO_COUNTER,SERVICE_COUNTER,NONE,,WAITING,NONE,
574,1,NONE,[],"{'CAMERA_1': [], 'CAMERA_2': [], 'CAMERA_3': []}",C_ENTERS,DOOR,NONE,,WAITING,NONE,S_NONE,SERVICE_COUNTER,NONE,,WAITING,NONE,
574,2,NONE,[],"{'CAMERA_1': [], 'CAMERA_2': [], 'CAMERA_3': []}",C_GREETS,MIDDLE,NONE,sorry what,WAITING,NONE,S_GREETS,MIDDLE,NONE,can I help you?,FACE_TO_FACE,NONE,
574,3,CAMERA_3,['CAMERA_3'],"{'CAMERA_1': [], 'CAMERA_2': [], 'CAMERA_3': []}",C_LOOKING_FOR_A_CAMERA,MIDDLE,NONE,I'm looking for a camera for outdoor shooting this this is how is it good for outdoor shooting,FACE_TO_FACE,NONE,S_INTRODUCES_CAMERA,CAMERA_3,,Let me show you this. Here we have the Fujifilm PowerShot ELPH S2800.,PRESENT_X,CAMERA_3,39~68
574,4,CAMERA_3,['CAMERA_3'],"{'CAMERA_1': [], 'CAMERA_2': [], 'CAMERA_3': ['resolution']}",C_QUESTION_ABOUT_FEATURE,CAMERA_3,resolution,how many megapixels does it have,PRESENT_X,CAMERA_3,S_ANSWERS_QUESTION_ABOUT_FEATURE,CAMERA_3,resolution,This one has 23.2 megapixels resolution.,PRESENT_X,CAMERA_3,13~28
574,5,CAMERA_3,['CAMERA_3'],"{'CAMERA_1': [], 'CAMERA_2': [], 'CAMERA_3': ['resolution', 'color']}",C_QUESTION_ABOUT_FEATURE,CAMERA_3,color,oh yeah it's it's like what do you have anything on it or any other colors,PRESENT_X,CAMERA_3,S_ANSWERS_QUESTION_ABOUT_FEATURE,CAMERA_3,color,"This one comes in purple, white, silver, blue, red, or pink.",PRESENT_X,CAMERA_3,18~59
574,6,CAMERA_3,['CAMERA_3'],"{'CAMERA_1': [], 'CAMERA_2': [], 'CAMERA_3': ['resolution', 'color', 'camera_type']}",C_QUESTION_ABOUT_FEATURE,CAMERA_3,camera_type,is this a DSLR camera,PRESENT_X,CAMERA_3,S_ANSWERS_QUESTION_ABOUT_FEATURE,CAMERA_3,camera_type,This is a point and shoot camera.,PRESENT_X,CAMERA_3,10~25
574,7,CAMERA_1,"['CAMERA_3', 'CAMERA_1']","{'CAMERA_1': [], 'CAMERA_2': [], 'CAMERA_3': ['resolution', 'color', 'camera_type']}",C_ANYTHING_ELSE_AVAILABLE,CAMERA_3,NONE,do you have anything better than this,PRESENT_X,CAMERA_3,S_INTRODUCES_CAMERA,CAMERA_1,,Let me show you this. Here we have the Sony PowerShot ELPH DMC-ZS3.,PRESENT_X,CAMERA_1,39~66
574,8,CAMERA_1,"['CAMERA_3', 'CAMERA_1']","{'CAMERA_1': ['optical_zoom'], 'CAMERA_2': [], 'CAMERA_3': ['resolution', 'color', 'camera_type']}",C_SILENT_OR_BACKCHANNEL,CAMERA_1,NONE,that sounds pretty good like a really good camera,PRESENT_X,CAMERA_1,S_INTRODUCES_FEATURE,CAMERA_1,optical_zoom,This one has 21x optical zoom.,PRESENT_X,CAMERA_1,13~29
574,9,CAMERA_1,"['CAMERA_3', 'CAMERA_1']","{'CAMERA_1': ['optical_zoom', 'autofocus_points'], 'CAMERA_2': [], 'CAMERA_3': ['resolution', 'color', 'camera_type']}",C_QUESTION_ABOUT_FEATURE,CAMERA_1,autofocus_points,and how many autofocus points does it have,PRESENT_X,CAMERA_1,S_ANSWERS_QUESTION_ABOUT_FEATURE,CAMERA_1,autofocus_points,This one has 135 autofocus points.,PRESENT_X,CAMERA_1,13~33
574,10,CAMERA_1,"['CAMERA_3', 'CAMERA_1']","{'CAMERA_1': ['optical_zoom', 'autofocus_points', 'sensor_size'], 'CAMERA_2': [], 'CAMERA_3': ['resolution', 'color', 'camera_type']}",C_SILENT_OR_BACKCHANNEL,CAMERA_1,NONE,ic,PRESENT_X,CAMERA_1,S_INTRODUCES_FEATURE,CAMERA_1,sensor_size,This one has a 1/2.3 inch CMOS sensor.,PRESENT_X,CAMERA_1,15~37
574,11,CAMERA_1,"['CAMERA_3', 'CAMERA_1']","{'CAMERA_1': ['optical_zoom', 'autofocus_points', 'sensor_size', 'price'], 'CAMERA_2': [], 'CAMERA_3': ['resolution', 'color', 'camera_type']}",C_SILENT_OR_BACKCHANNEL,CAMERA_1,NONE,okay that's good that looks professional and that will impress people,PRESENT_X,CAMERA_1,S_INTRODUCES_FEATURE,CAMERA_1,price,This one costs $450.,PRESENT_X,CAMERA_1,15~19
574,12,NONE,"['CAMERA_3', 'CAMERA_1']","{'CAMERA_1': ['optical_zoom', 'autofocus_points', 'sensor_size', 'price'], 'CAMERA_2': [], 'CAMERA_3': ['resolution', 'color', 'camera_type']}",C_THANK_YOU,CAMERA_1,NONE,ok thank you,PRESENT_X,CAMERA_1,S_THANK_YOU,CAMERA_1,NONE,thank you very much.,FACE_TO_FACE,NONE,
574,13,NONE,"['CAMERA_3', 'CAMERA_1']","{'CAMERA_1': ['optical_zoom', 'autofocus_points', 'sensor_size', 'price'], 'CAMERA_2': [], 'CAMERA_3': ['resolution', 'color', 'camera_type']}",C_LEAVES,DOOR,NONE,,FACE_TO_FACE,NONE,S_RETURNS_TO_COUNTER,SERVICE_COUNTER,NONE,,WAITING,NONE,
575,1,NONE,[],"{'CAMERA_1': [], 'CAMERA_2': [], 'CAMERA_3': []}",C_ENTERS,DOOR,NONE,,WAITING,NONE,S_NONE,SERVICE_COUNTER,NONE,,WAITING,NONE,
575,2,NONE,[],"{'CAMERA_1': [], 'CAMERA_2': [], 'CAMERA_3': []}",C_GREETS,MIDDLE,NONE,excuse me,WAITING,NONE,S_GREETS,MIDDLE,NONE,can I help you?,FACE_TO_FACE,NONE,
575,3,CAMERA_2,['CAMERA_2'],"{'CAMERA_1': [], 'CAMERA_2': [], 'CAMERA_3': []}",C_LOOKING_FOR_A_CAMERA,MIDDLE,NONE,I'm looking for a good camera like nothing like a little time I think I want stay with real pictures so can you show me what are your options here,FACE_TO_FACE,NONE,S_INTRODUCES_CAMERA,CAMERA_2,,Let me show you this. Here we have the Fujifilm Lumix ILC Camera.,PRESENT_X,CAMERA_2,39~64
575,4,CAMERA_2,['CAMERA_2'],"{'CAMERA_1': [], 'CAMERA_2': ['weight'], 'CAMERA_3': []}",C_QUESTION_ABOUT_FEATURE,CAMERA_2,weight,how much does it weight,PRESENT_X,CAMERA_2,S_ANSWERS_QUESTION_ABOUT_FEATURE,CAMERA_2,weight,This one weighs 820 grams.,PRESENT_X,CAMERA_2,16~25
575,5,CAMERA_2,['CAMERA_2'],"{'CAMERA_1': [], 'CAMERA_2': ['weight', 'price'], 'CAMERA_3': []}",C_QUESTION_ABOUT_FEATURE,CAMERA_2,price,how much is it,PRESENT_X,CAMERA_2,S_ANSWERS_QUESTION_ABOUT_FEATURE,CAMERA_2,price,This one costs $768.,PRESENT_X,CAMERA_2,15~19
575,6,NONE,['CAMERA_2'],"{'CAMERA_1': [], 'CAMERA_2': ['weight', 'price'], 'CAMERA_3': []}",C_THANK_YOU,CAMERA_2,NONE,thank you very much,PRESENT_X,CAMERA_2,S_THANK_YOU,CAMERA_2,NONE,thank you very much.,FACE_TO_FACE,NONE,
575,7,NONE,['CAMERA_2'],"{'CAMERA_1': [], 'CAMERA_2': ['weight', 'price'], 'CAMERA_3': []}",C_LEAVES,DOOR,NONE,,FACE_TO_FACE,NONE,S_RETURNS_TO_COUNTER,SERVICE_COUNTER,NONE,,WAITING,NONE,
576,1,NONE,[],"{'CAMERA_1': [], 'CAMERA_2': [], 'CAMERA_3': []}",C_ENTERS,DOOR,NONE,,WAITING,NONE,S_NONE,SERVICE_COUNTER,NONE,,WAITING,NONE,
576,2,NONE,[],"{'CAMERA_1': [], 'CAMERA_2': [], 'CAMERA_3': []}",C_GREETS,MIDDLE,NONE,they almost one kilo I'm sorry I dropped it,WAITING,NONE,S_GREETS,MIDDLE,NONE,can I help you?,FACE_TO_FACE,NONE,
576,3,CAMERA_3,['CAMERA_3'],"{'CAMERA_1': [], 'CAMERA_2': [], 'CAMERA_3': []}",C_LOOKING_FOR_A_CAMERA,MIDDLE,NONE,hi good afternoon I'm looking to buy a new camera and I just needed to be a portable and easy to use ,FACE_TO_FACE,NONE,S_INTRODUCES_CAMERA,CAMERA_3,,Let me show you this. Here we have the Fujifilm PowerShot ELPH S2800.,PRESENT_X,CAMERA_3,39~68
576,4,CAMERA_3,['CAMERA_3'],"{'CAMERA_1': [], 'CAMERA_2': [], 'CAMERA_3': ['weight']}",C_SILENT_OR_BACKCHANNEL,CAMERA_3,NONE,ok,PRESENT_X,CAMERA_3,S_INTRODUCES_FEATURE,CAMERA_3,weight,This one weighs 820 grams.,PRESENT_X,CAMERA_3,16~25
576,5,CAMERA_3,['CAMERA_3'],"{'CAMERA_1': [], 'CAMERA_2': [], 'CAMERA_3': ['weight', 'long_exposure']}",C_SILENT_OR_BACKCHANNEL,CAMERA_3,NONE,that's great we're by the way,PRESENT_X,CAMERA_3,S_INTRODUCES_FEATURE,CAMERA_3,long_exposure,This one can take long exposures up to 30 minutes max with bulb mode.,PRESENT_X,CAMERA_3,39~68
576,6,NONE,['CAMERA_3'],"{'CAMERA_1': [], 'CAMERA_2': [], 'CAMERA_3': ['weight', 'long_exposure']}",C_THANK_YOU,CAMERA_3,NONE,thank you for your support,PRESENT_X,CAMERA_3,S_THANK_YOU,CAMERA_3,NONE,thank you very much.,FACE_TO_FACE,NONE,
576,7,NONE,['CAMERA_3'],"{'CAMERA_1': [], 'CAMERA_2': [], 'CAMERA_3': ['weight', 'long_exposure']}",C_LEAVES,DOOR,NONE,,FACE_TO_FACE,NONE,S_RETURNS_TO_COUNTER,SERVICE_COUNTER,NONE,,WAITING,NONE,
577,1,NONE,[],"{'CAMERA_1': [], 'CAMERA_2': [], 'CAMERA_3': []}",C_ENTERS,DOOR,NONE,,WAITING,NONE,S_NONE,SERVICE_COUNTER,NONE,,WAITING,NONE,
577,2,NONE,[],"{'CAMERA_1': [], 'CAMERA_2': [], 'CAMERA_3': []}",C_WALKS_TO_CAMERA,CAMERA_2,NONE,,WAITING,NONE,S_GREETS,CAMERA_2,NONE,can I help you?,FACE_TO_FACE,NONE,
577,3,CAMERA_2,['CAMERA_2'],"{'CAMERA_1': [], 'CAMERA_2': [], 'CAMERA_3': []}",C_LOOKING_FOR_A_CAMERA,CAMERA_2,NONE,I'm interested in buying a camera but I'm not sure what I need,FACE_TO_FACE,NONE,S_INTRODUCES_CAMERA,CAMERA_2,,Let me show you this. Here we have the Fujifilm Lumix ILC Camera.,PRESENT_X,CAMERA_2,39~64
577,4,CAMERA_2,['CAMERA_2'],"{'CAMERA_1': [], 'CAMERA_2': ['preset_modes'], 'CAMERA_3': []}",C_QUESTION_ABOUT_FEATURE,CAMERA_2,preset_modes,what about the modes,PRESENT_X,CAMERA_2,S_NOT_SURE,CAMERA_2,,I'm not really sure about that.,PRESENT_X,CAMERA_2,
577,5,CAMERA_2,['CAMERA_2'],"{'CAMERA_1': [], 'CAMERA_2': ['preset_modes', 'color'], 'CAMERA_3': []}",C_SILENT_OR_BACKCHANNEL,CAMERA_2,NONE,okay,PRESENT_X,CAMERA_2,S_INTRODUCES_FEATURE,CAMERA_2,color,This one comes in white or pink.,PRESENT_X,CAMERA_2,18~31
577,6,CAMERA_2,['CAMERA_2'],"{'CAMERA_1': [], 'CAMERA_2': ['preset_modes', 'color', 'price'], 'CAMERA_3': []}",C_SILENT_OR_BACKCHANNEL,CAMERA_2,NONE,IC,PRESENT_X,CAMERA_2,S_INTRODUCES_FEATURE,CAMERA_2,price,This one costs $768.,PRESENT_X,CAMERA_2,15~19
577,7,NONE,['CAMERA_2'],"{'CAMERA_1': [], 'CAMERA_2': ['preset_modes', 'color', 'price'], 'CAMERA_3': []}",C_THANK_YOU,CAMERA_2,NONE,thank you,PRESENT_X,CAMERA_2,S_THANK_YOU,CAMERA_2,NONE,thank you very much.,FACE_TO_FACE,NONE,
577,8,NONE,['CAMERA_2'],"{'CAMERA_1': [], 'CAMERA_2': ['preset_modes', 'color', 'price'], 'CAMERA_3': []}",C_LEAVES,DOOR,NONE,,FACE_TO_FACE,NONE,S_RETURNS_TO_COUNTER,SERVICE_COUNTER,NONE,,WAITING,NONE,
578,1,NONE,[],"{'CAMERA_1': [], 'CAMERA_2': [], 'CAMERA_3': []}",C_ENTERS,DOOR,NONE,,WAITING,NONE,S_NONE,SERVICE_COUNTER,NONE,,WAITING,NONE,
578,2,NONE,[],"{'CAMERA_1': [], 'CAMERA_2': [], 'CAMERA_3': []}",C_GREETS,MIDDLE,NONE,hello cheaper than I was expecting,WAITING,NONE,S_GREETS,MIDDLE,NONE,can I help you?,FACE_TO_FACE,NONE,
578,3,CAMERA_2,['CAMERA_2'],"{'CAMERA_1': [], 'CAMERA_2': [], 'CAMERA_3': []}",C_LOOKING_FOR_A_CAMERA,MIDDLE,NONE,I'm looking for a point and shoot camera,FACE_TO_FACE,NONE,S_INTRODUCES_CAMERA,CAMERA_2,,Let me show you this. Here we have the Fujifilm Lumix ILC Camera.,PRESENT_X,CAMERA_2,39~64
578,4,CAMERA_2,['CAMERA_2'],"{'CAMERA_1': [], 'CAMERA_2': ['resolution'], 'CAMERA_3': []}",C_QUESTION_ABOUT_FEATURE,CAMERA_2,resolution,how many megapixels does it have,PRESENT_X,CAMERA_2,S_ANSWERS_QUESTION_ABOUT_FEATURE,CAMERA_2,resolution,This one has 23.8 megapixels resolution.,PRESENT_X,CAMERA_2,13~28
578,5,CAMERA_2,['CAMERA_2'],"{'CAMERA_1': [], 'CAMERA_2': ['resolution', 'optical_zoom'], 'CAMERA_3': []}",C_QUESTION_ABOUT_FEATURE,CAMERA_2,optical_zoom,okay that's the drawback okay and he comes here with optical zoom,PRESENT_X,CAMERA_2,S_ANSWERS_QUESTION_ABOUT_FEATURE,CAMERA_2,optical_zoom,This one has 21x optical zoom.,PRESENT_X,CAMERA_2,13~29
578,6,CAMERA_2,['CAMERA_2'],"{'CAMERA_1': [], 'CAMERA_2': ['resolution', 'optical_zoom', 'long_exposure'], 'CAMERA_3': []}",C_QUESTION_ABOUT_FEATURE,CAMERA_2,long_exposure,and what about the exposure folding,PRESENT_X,CAMERA_2,S_ANSWERS_QUESTION_ABOUT_FEATURE,CAMERA_2,long_exposure,This one can take long exposures up to 60 minutes max with bulb mode.,PRESENT_X,CAMERA_2,39~68
578,7,CAMERA_2,['CAMERA_2'],"{'CAMERA_1': [], 'CAMERA_2': ['resolution', 'optical_zoom', 'long_exposure', 'camera_type'], 'CAMERA_3': []}",C_QUESTION_ABOUT_FEATURE,CAMERA_2,camera_type,is this a point and shoot camera,PRESENT_X,CAMERA_2,S_ANSWERS_QUESTION_ABOUT_FEATURE,CAMERA_2,camera_type,This is a digital single lens mirrorless camera.,PRESENT_X,CAMERA_2,10~40
578,8,CAMERA_2,['CAMERA_2'],"{'CAMERA_1': [], 'CAMERA_2': ['resolution', 'optical_zoom', 'long_exposure', 'camera_type', 'effects'], 'CAMERA_3': []}",C_QUESTION_ABOUT_FEATURE,CAMERA_2,effects,what about the artistic effect,PRESENT_X,CAMERA_2,S_ANSWERS_QUESTION_ABOUT_FEATURE,CAMERA_2,effects,"This one has 24 artistic effect modes (retro, lighter or darker skin tones, sepia, etc.).",PRESENT_X,CAMERA_2,13~88
578,9,CAMERA_2,['CAMERA_2'],"{'CAMERA_1': [], 'CAMERA_2': ['resolution', 'optical_zoom', 'long_exposure', 'camera_type', 'effects', 'weight'], 'CAMERA_3': []}",C_SILENT_OR_BACKCHANNEL,CAMERA_2,NONE,I'm interested in this cannon he looks pretty good,PRESENT_X,CAMERA_2,S_INTRODUCES_FEATURE,CAMERA_2,weight,This one weighs 820 grams.,PRESENT_X,CAMERA_2,16~25
578,10,CAMERA_2,['CAMERA_2'],"{'CAMERA_1': [], 'CAMERA_2': ['resolution', 'optical_zoom', 'long_exposure', 'camera_type', 'effects', 'weight', 'color'], 'CAMERA_3': []}",C_SILENT_OR_BACKCHANNEL,CAMERA_2,NONE,ok,PRESENT_X,CAMERA_2,S_INTRODUCES_FEATURE,CAMERA_2,color,This one comes in white or pink.,PRESENT_X,CAMERA_2,18~31
578,11,CAMERA_2,['CAMERA_2'],"{'CAMERA_1': [], 'CAMERA_2': ['resolution', 'optical_zoom', 'long_exposure', 'camera_type', 'effects', 'weight', 'color', 'sensor_size'], 'CAMERA_3': []}",C_SILENT_OR_BACKCHANNEL,CAMERA_2,NONE,alright,PRESENT_X,CAMERA_2,S_INTRODUCES_FEATURE,CAMERA_2,sensor_size,This one has a 1/2.33 inch sensor.,PRESENT_X,CAMERA_2,15~33
578,12,CAMERA_3,"['CAMERA_2', 'CAMERA_3']","{'CAMERA_1': [], 'CAMERA_2': ['resolution', 'optical_zoom', 'long_exposure', 'camera_type', 'effects', 'weight', 'color', 'sensor_size'], 'CAMERA_3': []}",C_ANYTHING_ELSE_AVAILABLE,CAMERA_2,NONE,do you have anything better than this,PRESENT_X,CAMERA_2,S_INTRODUCES_CAMERA,CAMERA_3,,Let me show you this. Here we have the Fujifilm PowerShot ELPH S2800.,PRESENT_X,CAMERA_3,39~68
578,13,CAMERA_3,"['CAMERA_2', 'CAMERA_3']","{'CAMERA_1': [], 'CAMERA_2': ['resolution', 'optical_zoom', 'long_exposure', 'camera_type', 'effects', 'weight', 'color', 'sensor_size'], 'CAMERA_3': ['sensor_size']}",C_SILENT_OR_BACKCHANNEL,CAMERA_3,NONE,ok,PRESENT_X,CAMERA_3,S_INTRODUCES_FEATURE,CAMERA_3,sensor_size,This one has a full frame.,PRESENT_X,CAMERA_3,15~25
578,14,CAMERA_3,"['CAMERA_2', 'CAMERA_3']","{'CAMERA_1': [], 'CAMERA_2': ['resolution', 'optical_zoom', 'long_exposure', 'camera_type', 'effects', 'weight', 'color', 'sensor_size'], 'CAMERA_3': ['sensor_size', 'preset_modes']}",C_QUESTION_ABOUT_FEATURE,CAMERA_3,preset_modes,what does this support for preset mode,PRESENT_X,CAMERA_3,S_ANSWERS_QUESTION_ABOUT_FEATURE,CAMERA_3,preset_modes,This one has various preset modes.,PRESENT_X,CAMERA_3,13~33
578,15,CAMERA_3,"['CAMERA_2', 'CAMERA_3']","{'CAMERA_1': [], 'CAMERA_2': ['resolution', 'optical_zoom', 'long_exposure', 'camera_type', 'effects', 'weight', 'color', 'sensor_size'], 'CAMERA_3': ['sensor_size', 'preset_modes', 'long_exposure']}",C_QUESTION_ABOUT_FEATURE,CAMERA_3,long_exposure,okay I see and has synthesizes and long exposures in manual settings on spreading good camera,PRESENT_X,CAMERA_3,S_ANSWERS_QUESTION_ABOUT_FEATURE,CAMERA_3,long_exposure,This one can take long exposures up to 30 minutes max with bulb mode.,PRESENT_X,CAMERA_3,39~68
578,16,CAMERA_3,"['CAMERA_2', 'CAMERA_3']","{'CAMERA_1': [], 'CAMERA_2': ['resolution', 'optical_zoom', 'long_exposure', 'camera_type', 'effects', 'weight', 'color', 'sensor_size'], 'CAMERA_3': ['sensor_size', 'preset_modes', 'long_exposure', 'ISO']}",C_SILENT_OR_BACKCHANNEL,CAMERA_3,NONE,okay,PRESENT_X,CAMERA_3,S_INTRODUCES_FEATURE,CAMERA_3,ISO,This one has up to 3200 ISO with little noise.,PRESENT_X,CAMERA_3,13~45
578,17,CAMERA_3,"['CAMERA_2', 'CAMERA_3']","{'CAMERA_1': [], 'CAMERA_2': ['resolution', 'optical_zoom', 'long_exposure', 'camera_type', 'effects', 'weight', 'color', 'sensor_size'], 'CAMERA_3': ['sensor_size', 'preset_modes', 'long_exposure', 'ISO', 'color']}",C_QUESTION_ABOUT_FEATURE,CAMERA_3,color,does it come in any other colors,PRESENT_X,CAMERA_3,S_ANSWERS_QUESTION_ABOUT_FEATURE,CAMERA_3,color,"This one comes in purple, white, silver, blue, red, or pink.",PRESENT_X,CAMERA_3,18~59
578,18,CAMERA_3,"['CAMERA_2', 'CAMERA_3']","{'CAMERA_1': [], 'CAMERA_2': ['resolution', 'optical_zoom', 'long_exposure', 'camera_type', 'effects', 'weight', 'color', 'sensor_size'], 'CAMERA_3': ['sensor_size', 'preset_modes', 'long_exposure', 'ISO', 'color', 'settings']}",C_QUESTION_ABOUT_FEATURE,CAMERA_3,settings,what about the manual settings still all the manual settings of the old one,PRESENT_X,CAMERA_3,S_ANSWERS_QUESTION_ABOUT_FEATURE,CAMERA_3,settings,"This one has manual control and various automatic settings (video modeburst shooting, etc.).",PRESENT_X,CAMERA_3,13~91
578,19,CAMERA_3,"['CAMERA_2', 'CAMERA_3']","{'CAMERA_1': [], 'CAMERA_2': ['resolution', 'optical_zoom', 'long_exposure', 'camera_type', 'effects', 'weight', 'color', 'sensor_size'], 'CAMERA_3': ['sensor_size', 'preset_modes', 'long_exposure', 'ISO', 'color', 'settings', 'autofocus_points']}",C_SILENT_OR_BACKCHANNEL,CAMERA_3,NONE,great so no matter how bad the light that can be photoshopped or modified on my computer,PRESENT_X,CAMERA_3,S_INTRODUCES_FEATURE,CAMERA_3,autofocus_points,This one has 214 autofocus points.,PRESENT_X,CAMERA_3,13~33
578,20,CAMERA_3,"['CAMERA_2', 'CAMERA_3']","{'CAMERA_1': [], 'CAMERA_2': ['resolution', 'optical_zoom', 'long_exposure', 'camera_type', 'effects', 'weight', 'color', 'sensor_size'], 'CAMERA_3': ['sensor_size', 'preset_modes', 'long_exposure', 'ISO', 'color', 'settings', 'autofocus_points', 'weight']}",C_QUESTION_ABOUT_FEATURE,CAMERA_3,weight,what about it weight ,PRESENT_X,CAMERA_3,S_ANSWERS_QUESTION_ABOUT_FEATURE,CAMERA_3,weight,This one weighs 820 grams.,PRESENT_X,CAMERA_3,16~25
578,21,CAMERA_3,"['CAMERA_2', 'CAMERA_3']","{'CAMERA_1': [], 'CAMERA_2': ['resolution', 'optical_zoom', 'long_exposure', 'camera_type', 'effects', 'weight', 'color', 'sensor_size'], 'CAMERA_3': ['sensor_size', 'preset_modes', 'long_exposure', 'ISO', 'color', 'settings', 'autofocus_points', 'weight', 'camera_type']}",C_QUESTION_ABOUT_FEATURE,CAMERA_3,camera_type,is this a DSLR camera,PRESENT_X,CAMERA_3,S_ANSWERS_QUESTION_ABOUT_FEATURE,CAMERA_3,camera_type,This is a point and shoot camera.,PRESENT_X,CAMERA_3,10~25
578,22,CAMERA_3,"['CAMERA_2', 'CAMERA_3']","{'CAMERA_1': [], 'CAMERA_2': ['resolution', 'optical_zoom', 'long_exposure', 'camera_type', 'effects', 'weight', 'color', 'sensor_size'], 'CAMERA_3': ['sensor_size', 'preset_modes', 'long_exposure', 'ISO', 'color', 'settings', 'autofocus_points', 'weight', 'camera_type', 'resolution']}",C_QUESTION_ABOUT_FEATURE,CAMERA_3,resolution,how many megapixels is this camera,PRESENT_X,CAMERA_3,S_ANSWERS_QUESTION_ABOUT_FEATURE,CAMERA_3,resolution,This one has 23.2 megapixels resolution.,PRESENT_X,CAMERA_3,13~28
578,23,CAMERA_3,"['CAMERA_2', 'CAMERA_3']","{'CAMERA_1': [], 'CAMERA_2': ['resolution', 'optical_zoom', 'long_exposure', 'camera_type', 'effects', 'weight', 'color', 'sensor_size'], 'CAMERA_3': ['sensor_size', 'preset_modes', 'long_exposure', 'ISO', 'color', 'settings', 'autofocus_points', 'weight', 'camera_type', 'resolution', 'effects']}",C_QUESTION_ABOUT_FEATURE,CAMERA_3,effects,yeah but I don't really know that stuff does it have any effect modes,PRESENT_X,CAMERA_3,S_ANSWERS_QUESTION_ABOUT_FEATURE,CAMERA_3,effects,"This one has 21 photo effects (small face, retro, big eyes, etc.).",PRESENT_X,CAMERA_3,13~65
578,24,CAMERA_1,"['CAMERA_2', 'CAMERA_3', 'CAMERA_1']","{'CAMERA_1': [], 'CAMERA_2': ['resolution', 'optical_zoom', 'long_exposure', 'camera_type', 'effects', 'weight', 'color', 'sensor_size'], 'CAMERA_3': ['sensor_size', 'preset_modes', 'long_exposure', 'ISO', 'color', 'settings', 'autofocus_points', 'weight', 'camera_type', 'resolution', 'effects']}",C_ANYTHING_ELSE_AVAILABLE,CAMERA_3,NONE,can you recommend another camera similar to this,PRESENT_X,CAMERA_3,S_INTRODUCES_CAMERA,CAMERA_1,,Let me show you this. Here we have the Sony PowerShot ELPH DMC-ZS3.,PRESENT_X,CAMERA_1,39~66
578,25,CAMERA_1,"['CAMERA_2', 'CAMERA_3', 'CAMERA_1']","{'CAMERA_1': ['price'], 'CAMERA_2': ['resolution', 'optical_zoom', 'long_exposure', 'camera_type', 'effects', 'weight', 'color', 'sensor_size'], 'CAMERA_3': ['sensor_size', 'preset_modes', 'long_exposure', 'ISO', 'color', 'settings', 'autofocus_points', 'weight', 'camera_type', 'resolution', 'effects']}",C_QUESTION_ABOUT_FEATURE,CAMERA_1,price,wonderful and what about the price,PRESENT_X,CAMERA_1,S_ANSWERS_QUESTION_ABOUT_FEATURE,CAMERA_1,price,This one costs $450.,PRESENT_X,CAMERA_1,15~19
578,26,CAMERA_1,"['CAMERA_2', 'CAMERA_3', 'CAMERA_1']","{'CAMERA_1': ['price', 'settings'], 'CAMERA_2': ['resolution', 'optical_zoom', 'long_exposure', 'camera_type', 'effects', 'weight', 'color', 'sensor_size'], 'CAMERA_3': ['sensor_size', 'preset_modes', 'long_exposure', 'ISO', 'color', 'settings', 'autofocus_points', 'weight', 'camera_type', 'resolution', 'effects']}",C_SILENT_OR_BACKCHANNEL,CAMERA_1,NONE,great so no matter how bad the light that can be photoshopped or modified on my computer,PRESENT_X,CAMERA_1,S_INTRODUCES_FEATURE,CAMERA_1,settings,This one has limited manual settings.,PRESENT_X,CAMERA_1,13~36
578,27,CAMERA_1,"['CAMERA_2', 'CAMERA_3', 'CAMERA_1']","{'CAMERA_1': ['price', 'settings', 'sensor_size'], 'CAMERA_2': ['resolution', 'optical_zoom', 'long_exposure', 'camera_type', 'effects', 'weight', 'color', 'sensor_size'], 'CAMERA_3': ['sensor_size', 'preset_modes', 'long_exposure', 'ISO', 'color', 'settings', 'autofocus_points', 'weight', 'camera_type', 'resolution', 'effects']}",C_SILENT_OR_BACKCHANNEL,CAMERA_1,NONE,okay that sounds good,PRESENT_X,CAMERA_1,S_INTRODUCES_FEATURE,CAMERA_1,sensor_size,This one has a 1/2.3 inch CMOS sensor.,PRESENT_X,CAMERA_1,15~37
578,28,NONE,"['CAMERA_2', 'CAMERA_3', 'CAMERA_1']","{'CAMERA_1': ['price', 'settings', 'sensor_size'], 'CAMERA_2': ['resolution', 'optical_zoom', 'long_exposure', 'camera_type', 'effects', 'weight', 'color', 'sensor_size'], 'CAMERA_3': ['sensor_size', 'preset_modes', 'long_exposure', 'ISO', 'color', 'settings', 'autofocus_points', 'weight', 'camera_type', 'resolution', 'effects']}",C_THANK_YOU,CAMERA_1,NONE,not much choices okay I already thanks for your help that's been there and lightning,PRESENT_X,CAMERA_1,S_THANK_YOU,CAMERA_1,NONE,thank you very much.,FACE_TO_FACE,NONE,
578,29,NONE,"['CAMERA_2', 'CAMERA_3', 'CAMERA_1']","{'CAMERA_1': ['price', 'settings', 'sensor_size'], 'CAMERA_2': ['resolution', 'optical_zoom', 'long_exposure', 'camera_type', 'effects', 'weight', 'color', 'sensor_size'], 'CAMERA_3': ['sensor_size', 'preset_modes', 'long_exposure', 'ISO', 'color', 'settings', 'autofocus_points', 'weight', 'camera_type', 'resolution', 'effects']}",C_LEAVES,DOOR,NONE,,FACE_TO_FACE,NONE,S_RETURNS_TO_COUNTER,SERVICE_COUNTER,NONE,,WAITING,NONE,
579,1,NONE,[],"{'CAMERA_1': [], 'CAMERA_2': [], 'CAMERA_3': []}",C_ENTERS,DOOR,NONE,,WAITING,NONE,S_NONE,SERVICE_COUNTER,NONE,,WAITING,NONE,
579,2,NONE,[],"{'CAMERA_1': [], 'CAMERA_2': [], 'CAMERA_3': []}",C_GREETS,MIDDLE,NONE,sorry I have another question,WAITING,NONE,S_GREETS,MIDDLE,NONE,can I help you?,FACE_TO_FACE,NONE,
579,3,CAMERA_3,['CAMERA_3'],"{'CAMERA_1': [], 'CAMERA_2': [], 'CAMERA_3': []}",C_LOOKING_FOR_A_CAMERA,MIDDLE,NONE,I'm looking for a camera,FACE_TO_FACE,NONE,S_INTRODUCES_CAMERA,CAMERA_3,,Let me show you this. Here we have the Fujifilm PowerShot ELPH S2800.,PRESENT_X,CAMERA_3,39~68
579,4,CAMERA_3,['CAMERA_3'],"{'CAMERA_1': [], 'CAMERA_2': [], 'CAMERA_3': ['weight']}",C_SILENT_OR_BACKCHANNEL,CAMERA_3,NONE,ok,PRESENT_X,CAMERA_3,S_INTRODUCES_FEATURE,CAMERA_3,weight,This one weighs 820 grams.,PRESENT_X,CAMERA_3,16~25
579,5,NONE,['CAMERA_3'],"{'CAMERA_1': [], 'CAMERA_2': [], 'CAMERA_3': ['weight']}",C_THANK_YOU,CAMERA_3,NONE,what are right that's very good to know thank you,PRESENT_X,CAMERA_3,S_THANK_YOU,CAMERA_3,NONE,thank you very much.,FACE_TO_FACE,NONE,
579,6,NONE,['CAMERA_3'],"{'CAMERA_1': [], 'CAMERA_2': [], 'CAMERA_3': ['weight']}",C_LEAVES,DOOR,NONE,,FACE_TO_FACE,NONE,S_RETURNS_TO_COUNTER,SERVICE_COUNTER,NONE,,WAITING,NONE,
580,1,NONE,[],"{'CAMERA_1': [], 'CAMERA_2': [], 'CAMERA_3': []}",C_ENTERS,DOOR,NONE,,WAITING,NONE,S_NONE,SERVICE_COUNTER,NONE,,WAITING,NONE,
580,2,NONE,[],"{'CAMERA_1': [], 'CAMERA_2': [], 'CAMERA_3': []}",C_GREETS,MIDDLE,NONE,Excuse me is this the DSi that you mention earlier,WAITING,NONE,S_GREETS,MIDDLE,NONE,can I help you?,FACE_TO_FACE,NONE,
580,3,CAMERA_2,['CAMERA_2'],"{'CAMERA_1': [], 'CAMERA_2': [], 'CAMERA_3': []}",C_LOOKING_FOR_A_CAMERA,MIDDLE,NONE,yes I'm looking for a camera for daily use,FACE_TO_FACE,NONE,S_INTRODUCES_CAMERA,CAMERA_2,,Let me show you this. Here we have the Fujifilm Lumix ILC Camera.,PRESENT_X,CAMERA_2,39~64
580,4,CAMERA_2,['CAMERA_2'],"{'CAMERA_1': [], 'CAMERA_2': ['weight'], 'CAMERA_3': []}",C_SILENT_OR_BACKCHANNEL,CAMERA_2,NONE,I got great that's brilliant,PRESENT_X,CAMERA_2,S_INTRODUCES_FEATURE,CAMERA_2,weight,This one weighs 820 grams.,PRESENT_X,CAMERA_2,16~25
580,5,CAMERA_2,['CAMERA_2'],"{'CAMERA_1': [], 'CAMERA_2': ['weight', 'long_exposure'], 'CAMERA_3': []}",C_SILENT_OR_BACKCHANNEL,CAMERA_2,NONE,I see,PRESENT_X,CAMERA_2,S_INTRODUCES_FEATURE,CAMERA_2,long_exposure,This one can take long exposures up to 60 minutes max with bulb mode.,PRESENT_X,CAMERA_2,39~68
580,6,NONE,['CAMERA_2'],"{'CAMERA_1': [], 'CAMERA_2': ['weight', 'long_exposure'], 'CAMERA_3': []}",C_THANK_YOU,CAMERA_2,NONE,okay thanks for help,PRESENT_X,CAMERA_2,S_THANK_YOU,CAMERA_2,NONE,thank you very much.,FACE_TO_FACE,NONE,
580,7,NONE,['CAMERA_2'],"{'CAMERA_1': [], 'CAMERA_2': ['weight', 'long_exposure'], 'CAMERA_3': []}",C_LEAVES,DOOR,NONE,,FACE_TO_FACE,NONE,S_RETURNS_TO_COUNTER,SERVICE_COUNTER,NONE,,WAITING,NONE,
581,1,NONE,[],"{'CAMERA_1': [], 'CAMERA_2': [], 'CAMERA_3': []}",C_ENTERS,DOOR,NONE,,WAITING,NONE,S_NONE,SERVICE_COUNTER,NONE,,WAITING,NONE,
581,2,NONE,[],"{'CAMERA_1': [], 'CAMERA_2': [], 'CAMERA_3': []}",C_GREETS,MIDDLE,NONE,hello,WAITING,NONE,S_GREETS,MIDDLE,NONE,can I help you?,FACE_TO_FACE,NONE,
581,3,CAMERA_2,['CAMERA_2'],"{'CAMERA_1': [], 'CAMERA_2': [], 'CAMERA_3': []}",C_LOOKING_FOR_A_CAMERA,MIDDLE,NONE,I'm just looking around,FACE_TO_FACE,NONE,S_INTRODUCES_CAMERA,CAMERA_2,,Let me show you this. Here we have the Fujifilm Lumix ILC Camera.,PRESENT_X,CAMERA_2,39~64
581,4,CAMERA_2,['CAMERA_2'],"{'CAMERA_1': [], 'CAMERA_2': ['ISO'], 'CAMERA_3': []}",C_QUESTION_ABOUT_FEATURE,CAMERA_2,ISO,oh that's great how about the iso settings,PRESENT_X,CAMERA_2,S_NOT_SURE,CAMERA_2,,I'm not really sure about that.,PRESENT_X,CAMERA_2,
581,5,CAMERA_2,['CAMERA_2'],"{'CAMERA_1': [], 'CAMERA_2': ['ISO', 'camera_type'], 'CAMERA_3': []}",C_QUESTION_ABOUT_FEATURE,CAMERA_2,camera_type,what kind of camera is this,PRESENT_X,CAMERA_2,S_ANSWERS_QUESTION_ABOUT_FEATURE,CAMERA_2,camera_type,This is a digital single lens mirrorless camera.,PRESENT_X,CAMERA_2,10~40
581,6,CAMERA_2,['CAMERA_2'],"{'CAMERA_1': [], 'CAMERA_2': ['ISO', 'camera_type', 'long_exposure'], 'CAMERA_3': []}",C_QUESTION_ABOUT_FEATURE,CAMERA_2,long_exposure,I'm going to do long exposure,PRESENT_X,CAMERA_2,S_ANSWERS_QUESTION_ABOUT_FEATURE,CAMERA_2,long_exposure,This one can take long exposures up to 60 minutes max with bulb mode.,PRESENT_X,CAMERA_2,39~68
581,7,CAMERA_2,['CAMERA_2'],"{'CAMERA_1': [], 'CAMERA_2': ['ISO', 'camera_type', 'long_exposure', 'sensor_size'], 'CAMERA_3': []}",C_SILENT_OR_BACKCHANNEL,CAMERA_2,NONE,IC,PRESENT_X,CAMERA_2,S_INTRODUCES_FEATURE,CAMERA_2,sensor_size,This one has a 1/2.33 inch sensor.,PRESENT_X,CAMERA_2,15~33
581,8,CAMERA_2,['CAMERA_2'],"{'CAMERA_1': [], 'CAMERA_2': ['ISO', 'camera_type', 'long_exposure', 'sensor_size', 'effects'], 'CAMERA_3': []}",C_QUESTION_ABOUT_FEATURE,CAMERA_2,effects,$550 that's not too bad for a camera it says here artistic effect mode what is that,PRESENT_X,CAMERA_2,S_ANSWERS_QUESTION_ABOUT_FEATURE,CAMERA_2,effects,"This one has 24 artistic effect modes (retro, lighter or darker skin tones, sepia, etc.).",PRESENT_X,CAMERA_2,13~88
581,9,CAMERA_2,['CAMERA_2'],"{'CAMERA_1': [], 'CAMERA_2': ['ISO', 'camera_type', 'long_exposure', 'sensor_size', 'effects', 'resolution'], 'CAMERA_3': []}",C_QUESTION_ABOUT_FEATURE,CAMERA_2,resolution,and how many megapixels does it have,PRESENT_X,CAMERA_2,S_ANSWERS_QUESTION_ABOUT_FEATURE,CAMERA_2,resolution,This one has 23.8 megapixels resolution.,PRESENT_X,CAMERA_2,13~28
581,10,CAMERA_2,['CAMERA_2'],"{'CAMERA_1': [], 'CAMERA_2': ['ISO', 'camera_type', 'long_exposure', 'sensor_size', 'effects', 'resolution', 'price'], 'CAMERA_3': []}",C_QUESTION_ABOUT_FEATURE,CAMERA_2,price,oh I see what about the what about the price on this one,PRESENT_X,CAMERA_2,S_ANSWERS_QUESTION_ABOUT_FEATURE,CAMERA_2,price,This one costs $768.,PRESENT_X,CAMERA_2,15~19
581,11,CAMERA_2,['CAMERA_2'],"{'CAMERA_1': [], 'CAMERA_2': ['ISO', 'camera_type', 'long_exposure', 'sensor_size', 'effects', 'resolution', 'price', 'preset_modes'], 'CAMERA_3': []}",C_QUESTION_ABOUT_FEATURE,CAMERA_2,preset_modes,what's bulb mode,PRESENT_X,CAMERA_2,S_NOT_SURE,CAMERA_2,,I'm not really sure about that.,PRESENT_X,CAMERA_2,
581,12,CAMERA_2,['CAMERA_2'],"{'CAMERA_1': [], 'CAMERA_2': ['ISO', 'camera_type', 'long_exposure', 'sensor_size', 'effects', 'resolution', 'price', 'preset_modes', 'optical_zoom'], 'CAMERA_3': []}",C_SILENT_OR_BACKCHANNEL,CAMERA_2,NONE,that sounds pretty good like a really good camera,PRESENT_X,CAMERA_2,S_INTRODUCES_FEATURE,CAMERA_2,optical_zoom,This one has 21x optical zoom.,PRESENT_X,CAMERA_2,13~29
581,13,CAMERA_2,['CAMERA_2'],"{'CAMERA_1': [], 'CAMERA_2': ['ISO', 'camera_type', 'long_exposure', 'sensor_size', 'effects', 'resolution', 'price', 'preset_modes', 'optical_zoom', 'color'], 'CAMERA_3': []}",C_SILENT_OR_BACKCHANNEL,CAMERA_2,NONE,yeah,PRESENT_X,CAMERA_2,S_INTRODUCES_FEATURE,CAMERA_2,color,This one comes in white or pink.,PRESENT_X,CAMERA_2,18~31
581,14,NONE,['CAMERA_2'],"{'CAMERA_1': [], 'CAMERA_2': ['ISO', 'camera_type', 'long_exposure', 'sensor_size', 'effects', 'resolution', 'price', 'preset_modes', 'optical_zoom', 'color'], 'CAMERA_3': []}",C_THANK_YOU,CAMERA_2,NONE,ok thank you,PRESENT_X,CAMERA_2,S_THANK_YOU,CAMERA_2,NONE,thank you very much.,FACE_TO_FACE,NONE,
581,15,NONE,['CAMERA_2'],"{'CAMERA_1': [], 'CAMERA_2': ['ISO', 'camera_type', 'long_exposure', 'sensor_size', 'effects', 'resolution', 'price', 'preset_modes', 'optical_zoom', 'color'], 'CAMERA_3': []}",C_LEAVES,DOOR,NONE,,FACE_TO_FACE,NONE,S_RETURNS_TO_COUNTER,SERVICE_COUNTER,NONE,,WAITING,NONE,
582,1,NONE,[],"{'CAMERA_1': [], 'CAMERA_2': [], 'CAMERA_3': []}",C_ENTERS,DOOR,NONE,,WAITING,NONE,S_NONE,SERVICE_COUNTER,NONE,,WAITING,NONE,
582,2,NONE,[],"{'CAMERA_1': [], 'CAMERA_2': [], 'CAMERA_3': []}",C_GREETS,MIDDLE,NONE,hi can you help me place,WAITING,NONE,S_GREETS,MIDDLE,NONE,can I help you?,FACE_TO_FACE,NONE,
582,3,CAMERA_3,['CAMERA_3'],"{'CAMERA_1': [], 'CAMERA_2': [], 'CAMERA_3': []}",C_LOOKING_FOR_A_CAMERA,MIDDLE,NONE,I'm looking for a camera to replace my old one,FACE_TO_FACE,NONE,S_INTRODUCES_CAMERA,CAMERA_3,,Let me show you this. Here we have the Fujifilm PowerShot ELPH S2800.,PRESENT_X,CAMERA_3,39~68
582,4,CAMERA_3,['CAMERA_3'],"{'CAMERA_1': [], 'CAMERA_2': [], 'CAMERA_3': ['long_exposure']}",C_QUESTION_ABOUT_FEATURE,CAMERA_3,long_exposure,that's good how long can I set the exposure to,PRESENT_X,CAMERA_3,S_ANSWERS_QUESTION_ABOUT_FEATURE,CAMERA_3,long_exposure,This one can take long exposures up to 30 minutes max with bulb mode.,PRESENT_X,CAMERA_3,39~68
582,5,CAMERA_1,"['CAMERA_3', 'CAMERA_1']","{'CAMERA_1': [], 'CAMERA_2': [], 'CAMERA_3': ['long_exposure']}",C_ANYTHING_ELSE_AVAILABLE,CAMERA_3,NONE,ok do you have any other cameras,PRESENT_X,CAMERA_3,S_INTRODUCES_CAMERA,CAMERA_1,,Let me show you this. Here we have the Sony PowerShot ELPH DMC-ZS3.,PRESENT_X,CAMERA_1,39~66
582,6,CAMERA_1,"['CAMERA_3', 'CAMERA_1']","{'CAMERA_1': ['ISO'], 'CAMERA_2': [], 'CAMERA_3': ['long_exposure']}",C_QUESTION_ABOUT_FEATURE,CAMERA_1,ISO,what is iso performance,PRESENT_X,CAMERA_1,S_ANSWERS_QUESTION_ABOUT_FEATURE,CAMERA_1,ISO,This one has up to 51200 ISO.,PRESENT_X,CAMERA_1,13~28
582,7,CAMERA_1,"['CAMERA_3', 'CAMERA_1']","{'CAMERA_1': ['ISO', 'settings'], 'CAMERA_2': [], 'CAMERA_3': ['long_exposure']}",C_QUESTION_ABOUT_FEATURE,CAMERA_1,settings,K and do what manual settings what are the manual settings on this,PRESENT_X,CAMERA_1,S_ANSWERS_QUESTION_ABOUT_FEATURE,CAMERA_1,settings,This one has limited manual settings.,PRESENT_X,CAMERA_1,13~36
582,8,CAMERA_1,"['CAMERA_3', 'CAMERA_1']","{'CAMERA_1': ['ISO', 'settings', 'weight'], 'CAMERA_2': [], 'CAMERA_3': ['long_exposure']}",C_SILENT_OR_BACKCHANNEL,CAMERA_1,NONE,ok is this camera really nice,PRESENT_X,CAMERA_1,S_INTRODUCES_FEATURE,CAMERA_1,weight,This one weighs 800 grams.,PRESENT_X,CAMERA_1,16~25
582,9,CAMERA_1,"['CAMERA_3', 'CAMERA_1']","{'CAMERA_1': ['ISO', 'settings', 'weight', 'camera_type'], 'CAMERA_2': [], 'CAMERA_3': ['long_exposure']}",C_SILENT_OR_BACKCHANNEL,CAMERA_1,NONE,nice how much is a pricing,PRESENT_X,CAMERA_1,S_INTRODUCES_FEATURE,CAMERA_1,camera_type,This is a DSLR camera.,PRESENT_X,CAMERA_1,10~14
582,10,CAMERA_2,"['CAMERA_3', 'CAMERA_1', 'CAMERA_2']","{'CAMERA_1': ['ISO', 'settings', 'weight', 'camera_type'], 'CAMERA_2': [], 'CAMERA_3': ['long_exposure']}",C_ANYTHING_ELSE_AVAILABLE,CAMERA_1,NONE,Do you have any other cameras under $300,PRESENT_X,CAMERA_1,S_INTRODUCES_CAMERA,CAMERA_2,,Let me show you this. Here we have the Fujifilm Lumix ILC Camera.,PRESENT_X,CAMERA_2,39~64
582,11,CAMERA_2,"['CAMERA_3', 'CAMERA_1', 'CAMERA_2']","{'CAMERA_1': ['ISO', 'settings', 'weight', 'camera_type'], 'CAMERA_2': ['effects'], 'CAMERA_3': ['long_exposure']}",C_QUESTION_ABOUT_FEATURE,CAMERA_2,effects,what about the artistic effect,PRESENT_X,CAMERA_2,S_ANSWERS_QUESTION_ABOUT_FEATURE,CAMERA_2,effects,"This one has 24 artistic effect modes (retro, lighter or darker skin tones, sepia, etc.).",PRESENT_X,CAMERA_2,13~88
582,12,CAMERA_2,"['CAMERA_3', 'CAMERA_1', 'CAMERA_2']","{'CAMERA_1': ['ISO', 'settings', 'weight', 'camera_type'], 'CAMERA_2': ['effects', 'camera_type'], 'CAMERA_3': ['long_exposure']}",C_SILENT_OR_BACKCHANNEL,CAMERA_2,NONE,IC,PRESENT_X,CAMERA_2,S_INTRODUCES_FEATURE,CAMERA_2,camera_type,This is a digital single lens mirrorless camera.,PRESENT_X,CAMERA_2,10~40
582,13,NONE,"['CAMERA_3', 'CAMERA_1', 'CAMERA_2']","{'CAMERA_1': ['ISO', 'settings', 'weight', 'camera_type'], 'CAMERA_2': ['effects', 'camera_type'], 'CAMERA_3': ['long_exposure']}",C_THANK_YOU,CAMERA_2,NONE,thank you very much,PRESENT_X,CAMERA_2,S_THANK_YOU,CAMERA_2,NONE,thank you very much.,FACE_TO_FACE,NONE,
582,14,NONE,"['CAMERA_3', 'CAMERA_1', 'CAMERA_2']","{'CAMERA_1': ['ISO', 'settings', 'weight', 'camera_type'], 'CAMERA_2': ['effects', 'camera_type'], 'CAMERA_3': ['long_exposure']}",C_LEAVES,DOOR,NONE,,FACE_TO_FACE,NONE,S_RETURNS_TO_COUNTER,SERVICE_COUNTER,NONE,,WAITING,NONE,
583,1,NONE,[],"{'CAMERA_1': [], 'CAMERA_2': [], 'CAMERA_3': []}",C_ENTERS,DOOR,NONE,,WAITING,NONE,S_NONE,SERVICE_COUNTER,NONE,,WAITING,NONE,
583,2,NONE,[],"{'CAMERA_1': [], 'CAMERA_2': [], 'CAMERA_3': []}",C_GREETS,MIDDLE,NONE,excuse me,WAITING,NONE,S_GREETS,MIDDLE,NONE,can I help you?,FACE_TO_FACE,NONE,
583,3,CAMERA_3,['CAMERA_3'],"{'CAMERA_1': [], 'CAMERA_2': [], 'CAMERA_3': []}",C_LOOKING_FOR_A_CAMERA,MIDDLE,NONE,I am looking for a camera with them filters on it,FACE_TO_FACE,NONE,S_INTRODUCES_CAMERA,CAMERA_3,,Let me show you this. Here we have the Fujifilm PowerShot ELPH S2800.,PRESENT_X,CAMERA_3,39~68
583,4,CAMERA_3,['CAMERA_3'],"{'CAMERA_1': [], 'CAMERA_2': [], 'CAMERA_3': ['settings']}",C_QUESTION_ABOUT_FEATURE,CAMERA_3,settings,that's great do I have to worry about setting things manually,PRESENT_X,CAMERA_3,S_ANSWERS_QUESTION_ABOUT_FEATURE,CAMERA_3,settings,"This one has manual control and various automatic settings (video modeburst shooting, etc.).",PRESENT_X,CAMERA_3,13~91
583,5,CAMERA_2,"['CAMERA_3', 'CAMERA_2']","{'CAMERA_1': [], 'CAMERA_2': [], 'CAMERA_3': ['settings']}",C_ANYTHING_ELSE_AVAILABLE,CAMERA_3,NONE,Do you have any other cameras under $300,PRESENT_X,CAMERA_3,S_INTRODUCES_CAMERA,CAMERA_2,,Let me show you this. Here we have the Fujifilm Lumix ILC Camera.,PRESENT_X,CAMERA_2,39~64
583,6,CAMERA_2,"['CAMERA_3', 'CAMERA_2']","{'CAMERA_1': [], 'CAMERA_2': ['sensor_size'], 'CAMERA_3': ['settings']}",C_SILENT_OR_BACKCHANNEL,CAMERA_2,NONE,Ice Age,PRESENT_X,CAMERA_2,S_INTRODUCES_FEATURE,CAMERA_2,sensor_size,This one has a 1/2.33 inch sensor.,PRESENT_X,CAMERA_2,15~33
583,7,CAMERA_2,"['CAMERA_3', 'CAMERA_2']","{'CAMERA_1': [], 'CAMERA_2': ['sensor_size', 'effects'], 'CAMERA_3': ['settings']}",C_SILENT_OR_BACKCHANNEL,CAMERA_2,NONE,Isis sounds like a really nice cameras have,PRESENT_X,CAMERA_2,S_INTRODUCES_FEATURE,CAMERA_2,effects,"This one has 24 artistic effect modes (retro, lighter or darker skin tones, sepia, etc.).",PRESENT_X,CAMERA_2,13~88
583,8,CAMERA_2,"['CAMERA_3', 'CAMERA_2']","{'CAMERA_1': [], 'CAMERA_2': ['sensor_size', 'effects', 'weight'], 'CAMERA_3': ['settings']}",C_QUESTION_ABOUT_FEATURE,CAMERA_2,weight,OK and how much does it weigh,PRESENT_X,CAMERA_2,S_ANSWERS_QUESTION_ABOUT_FEATURE,CAMERA_2,weight,This one weighs 820 grams.,PRESENT_X,CAMERA_2,16~25
583,9,CAMERA_2,"['CAMERA_3', 'CAMERA_2']","{'CAMERA_1': [], 'CAMERA_2': ['sensor_size', 'effects', 'weight', 'settings'], 'CAMERA_3': ['settings']}",C_SILENT_OR_BACKCHANNEL,CAMERA_2,NONE,I guess it's a pretty good camera then,PRESENT_X,CAMERA_2,S_INTRODUCES_FEATURE,CAMERA_2,settings,"This one has manual control and various automatic settings (video modeburst shooting, etc.).",PRESENT_X,CAMERA_2,13~91
583,10,CAMERA_2,"['CAMERA_3', 'CAMERA_2']","{'CAMERA_1': [], 'CAMERA_2': ['sensor_size', 'effects', 'weight', 'settings', 'preset_modes'], 'CAMERA_3': ['settings']}",C_QUESTION_ABOUT_FEATURE,CAMERA_2,preset_modes,does it have like candle mode,PRESENT_X,CAMERA_2,S_NOT_SURE,CAMERA_2,,I'm not really sure about that.,PRESENT_X,CAMERA_2,
583,11,NONE,"['CAMERA_3', 'CAMERA_2']","{'CAMERA_1': [], 'CAMERA_2': ['sensor_size', 'effects', 'weight', 'settings', 'preset_modes'], 'CAMERA_3': ['settings']}",C_THANK_YOU,CAMERA_2,NONE,thank you very much,PRESENT_X,CAMERA_2,S_THANK_YOU,CAMERA_2,NONE,thank you very much.,FACE_TO_FACE,NONE,
583,12,NONE,"['CAMERA_3', 'CAMERA_2']","{'CAMERA_1': [], 'CAMERA_2': ['sensor_size', 'effects', 'weight', 'settings', 'preset_modes'], 'CAMERA_3': ['settings']}",C_LEAVES,DOOR,NONE,,FACE_TO_FACE,NONE,S_RETURNS_TO_COUNTER,SERVICE_COUNTER,NONE,,WAITING,NONE,
584,1,NONE,[],"{'CAMERA_1': [], 'CAMERA_2': [], 'CAMERA_3': []}",C_ENTERS,DOOR,NONE,,WAITING,NONE,S_NONE,SERVICE_COUNTER,NONE,,WAITING,NONE,
584,2,NONE,[],"{'CAMERA_1': [], 'CAMERA_2': [], 'CAMERA_3': []}",C_GREETS,MIDDLE,NONE,hi can you help me,WAITING,NONE,S_GREETS,MIDDLE,NONE,can I help you?,FACE_TO_FACE,NONE,
584,3,CAMERA_1,['CAMERA_1'],"{'CAMERA_1': [], 'CAMERA_2': [], 'CAMERA_3': []}",C_LOOKING_FOR_A_CAMERA,MIDDLE,NONE,I'm looking to buy a new camera how loose affordable,FACE_TO_FACE,NONE,S_INTRODUCES_CAMERA,CAMERA_1,,Let me show you this. Here we have the Sony PowerShot ELPH DMC-ZS3.,PRESENT_X,CAMERA_1,39~66
584,4,CAMERA_1,['CAMERA_1'],"{'CAMERA_1': ['autofocus_points'], 'CAMERA_2': [], 'CAMERA_3': []}",C_QUESTION_ABOUT_FEATURE,CAMERA_1,autofocus_points,yeah I'm wondering how many auto focus points does this camera have,PRESENT_X,CAMERA_1,S_ANSWERS_QUESTION_ABOUT_FEATURE,CAMERA_1,autofocus_points,This one has 135 autofocus points.,PRESENT_X,CAMERA_1,13~33
584,5,CAMERA_1,['CAMERA_1'],"{'CAMERA_1': ['autofocus_points', 'settings'], 'CAMERA_2': [], 'CAMERA_3': []}",C_QUESTION_ABOUT_FEATURE,CAMERA_1,settings,and I can control of the settings myself right,PRESENT_X,CAMERA_1,S_ANSWERS_QUESTION_ABOUT_FEATURE,CAMERA_1,settings,This one has limited manual settings.,PRESENT_X,CAMERA_1,13~36
584,6,CAMERA_1,['CAMERA_1'],"{'CAMERA_1': ['autofocus_points', 'settings', 'resolution'], 'CAMERA_2': [], 'CAMERA_3': []}",C_SILENT_OR_BACKCHANNEL,CAMERA_1,NONE,oh yeah I thought the flight,PRESENT_X,CAMERA_1,S_INTRODUCES_FEATURE,CAMERA_1,resolution,This one has 17.8 megapixels resolution.,PRESENT_X,CAMERA_1,13~28
584,7,NONE,['CAMERA_1'],"{'CAMERA_1': ['autofocus_points', 'settings', 'resolution'], 'CAMERA_2': [], 'CAMERA_3': []}",C_THANK_YOU,CAMERA_1,NONE,thank you very much for your help,PRESENT_X,CAMERA_1,S_THANK_YOU,CAMERA_1,NONE,thank you very much.,FACE_TO_FACE,NONE,
584,8,NONE,['CAMERA_1'],"{'CAMERA_1': ['autofocus_points', 'settings', 'resolution'], 'CAMERA_2': [], 'CAMERA_3': []}",C_LEAVES,DOOR,NONE,,FACE_TO_FACE,NONE,S_RETURNS_TO_COUNTER,SERVICE_COUNTER,NONE,,WAITING,NONE,
585,1,NONE,[],"{'CAMERA_1': [], 'CAMERA_2': [], 'CAMERA_3': []}",C_ENTERS,DOOR,NONE,,WAITING,NONE,S_NONE,SERVICE_COUNTER,NONE,,WAITING,NONE,
585,2,NONE,[],"{'CAMERA_1': [], 'CAMERA_2': [], 'CAMERA_3': []}",C_WALKS_TO_CAMERA,CAMERA_2,NONE,,WAITING,NONE,S_NONE,SERVICE_COUNTER,NONE,,WAITING,NONE,
585,3,CAMERA_2,['CAMERA_2'],"{'CAMERA_1': [], 'CAMERA_2': ['autofocus_points'], 'CAMERA_3': []}",C_QUESTION_ABOUT_FEATURE,CAMERA_2,autofocus_points,Lucinda how does the auto focus points can pass the ball to,WAITING,NONE,S_NOT_SURE,CAMERA_2,,I'm not really sure about that.,PRESENT_X,CAMERA_2,
585,4,CAMERA_2,['CAMERA_2'],"{'CAMERA_1': [], 'CAMERA_2': ['autofocus_points', 'ISO'], 'CAMERA_3': []}",C_QUESTION_ABOUT_FEATURE,CAMERA_2,ISO,how is the ISO performance,PRESENT_X,CAMERA_2,S_NOT_SURE,CAMERA_2,,I'm not really sure about that.,PRESENT_X,CAMERA_2,
585,5,CAMERA_2,['CAMERA_2'],"{'CAMERA_1': [], 'CAMERA_2': ['autofocus_points', 'ISO', 'preset_modes'], 'CAMERA_3': []}",C_QUESTION_ABOUT_FEATURE,CAMERA_2,preset_modes,does this camera support for preset mod,PRESENT_X,CAMERA_2,S_NOT_SURE,CAMERA_2,,I'm not really sure about that.,PRESENT_X,CAMERA_2,
585,6,CAMERA_2,['CAMERA_2'],"{'CAMERA_1': [], 'CAMERA_2': ['autofocus_points', 'ISO', 'preset_modes', 'long_exposure'], 'CAMERA_3': []}",C_QUESTION_ABOUT_FEATURE,CAMERA_2,long_exposure,what about the exposure,PRESENT_X,CAMERA_2,S_ANSWERS_QUESTION_ABOUT_FEATURE,CAMERA_2,long_exposure,This one can take long exposures up to 60 minutes max with bulb mode.,PRESENT_X,CAMERA_2,39~68
585,7,NONE,['CAMERA_2'],"{'CAMERA_1': [], 'CAMERA_2': ['autofocus_points', 'ISO', 'preset_modes', 'long_exposure'], 'CAMERA_3': []}",C_THANK_YOU,CAMERA_2,NONE,okay thanks,PRESENT_X,CAMERA_2,S_THANK_YOU,CAMERA_2,NONE,thank you very much.,FACE_TO_FACE,NONE,
585,8,NONE,['CAMERA_2'],"{'CAMERA_1': [], 'CAMERA_2': ['autofocus_points', 'ISO', 'preset_modes', 'long_exposure'], 'CAMERA_3': []}",C_LEAVES,DOOR,NONE,,FACE_TO_FACE,NONE,S_RETURNS_TO_COUNTER,SERVICE_COUNTER,NONE,,WAITING,NONE,
586,1,NONE,[],"{'CAMERA_1': [], 'CAMERA_2': [], 'CAMERA_3': []}",C_ENTERS,DOOR,NONE,,WAITING,NONE,S_NONE,SERVICE_COUNTER,NONE,,WAITING,NONE,
586,2,NONE,[],"{'CAMERA_1': [], 'CAMERA_2': [], 'CAMERA_3': []}",C_WALKS_TO_CAMERA,CAMERA_1,NONE,,WAITING,NONE,S_GREETS,CAMERA_1,NONE,can I help you?,FACE_TO_FACE,NONE,
586,3,CAMERA_3,['CAMERA_3'],"{'CAMERA_1': [], 'CAMERA_2': [], 'CAMERA_3': []}",C_LOOKING_FOR_A_CAMERA,CAMERA_1,NONE,hi good afternoon I'm looking for a camera with very specific about the pictures,FACE_TO_FACE,NONE,S_INTRODUCES_CAMERA,CAMERA_3,,Let me show you this. Here we have the Fujifilm PowerShot ELPH S2800.,PRESENT_X,CAMERA_3,39~68
586,4,CAMERA_3,['CAMERA_3'],"{'CAMERA_1': [], 'CAMERA_2': [], 'CAMERA_3': ['ISO']}",C_QUESTION_ABOUT_FEATURE,CAMERA_3,ISO,how is iso,PRESENT_X,CAMERA_3,S_ANSWERS_QUESTION_ABOUT_FEATURE,CAMERA_3,ISO,This one has up to 3200 ISO with little noise.,PRESENT_X,CAMERA_3,13~45
586,5,CAMERA_3,['CAMERA_3'],"{'CAMERA_1': [], 'CAMERA_2': [], 'CAMERA_3': ['ISO', 'preset_modes']}",C_QUESTION_ABOUT_FEATURE,CAMERA_3,preset_modes,do you have any cameras with landscape night mode and menu settings,PRESENT_X,CAMERA_3,S_ANSWERS_QUESTION_ABOUT_FEATURE,CAMERA_3,preset_modes,This one has various preset modes.,PRESENT_X,CAMERA_3,13~33
586,6,NONE,['CAMERA_3'],"{'CAMERA_1': [], 'CAMERA_2': [], 'CAMERA_3': ['ISO', 'preset_modes']}",C_THANK_YOU,CAMERA_3,NONE,alright I think that I thought that was good enough for today but also think about us anyway thank you very much for your help thank you,PRESENT_X,CAMERA_3,S_THANK_YOU,CAMERA_3,NONE,thank you very much.,FACE_TO_FACE,NONE,
586,7,NONE,['CAMERA_3'],"{'CAMERA_1': [], 'CAMERA_2': [], 'CAMERA_3': ['ISO', 'preset_modes']}",C_LEAVES,DOOR,NONE,,FACE_TO_FACE,NONE,S_RETURNS_TO_COUNTER,SERVICE_COUNTER,NONE,,WAITING,NONE,
587,1,NONE,[],"{'CAMERA_1': [], 'CAMERA_2': [], 'CAMERA_3': []}",C_ENTERS,DOOR,NONE,,WAITING,NONE,S_NONE,SERVICE_COUNTER,NONE,,WAITING,NONE,
587,2,NONE,[],"{'CAMERA_1': [], 'CAMERA_2': [], 'CAMERA_3': []}",C_WALKS_TO_CAMERA,CAMERA_1,NONE,,WAITING,NONE,S_GREETS,CAMERA_1,NONE,can I help you?,FACE_TO_FACE,NONE,
587,3,CAMERA_1,['CAMERA_1'],"{'CAMERA_1': [], 'CAMERA_2': [], 'CAMERA_3': []}",C_LOOKING_FOR_A_CAMERA,CAMERA_1,NONE,well I'm looking for camera,FACE_TO_FACE,NONE,S_INTRODUCES_CAMERA,CAMERA_1,,Let me show you this. Here we have the Sony PowerShot ELPH DMC-ZS3.,PRESENT_X,CAMERA_1,39~66
587,4,CAMERA_1,['CAMERA_1'],"{'CAMERA_1': ['color'], 'CAMERA_2': [], 'CAMERA_3': []}",C_SILENT_OR_BACKCHANNEL,CAMERA_1,NONE,this is pretty new does it take good photos,PRESENT_X,CAMERA_1,S_INTRODUCES_FEATURE,CAMERA_1,color,This one comes in blue or black.,PRESENT_X,CAMERA_1,18~31
587,5,CAMERA_1,['CAMERA_1'],"{'CAMERA_1': ['color', 'settings'], 'CAMERA_2': [], 'CAMERA_3': []}",C_QUESTION_ABOUT_FEATURE,CAMERA_1,settings,is this full manual,PRESENT_X,CAMERA_1,S_ANSWERS_QUESTION_ABOUT_FEATURE,CAMERA_1,settings,This one has limited manual settings.,PRESENT_X,CAMERA_1,13~36
587,6,CAMERA_2,"['CAMERA_1', 'CAMERA_2']","{'CAMERA_1': ['color', 'settings'], 'CAMERA_2': [], 'CAMERA_3': []}",C_ANYTHING_ELSE_AVAILABLE,CAMERA_1,NONE,I see do you have any other options that you can show me,PRESENT_X,CAMERA_1,S_INTRODUCES_CAMERA,CAMERA_2,,Let me show you this. Here we have the Fujifilm Lumix ILC Camera.,PRESENT_X,CAMERA_2,39~64
587,7,CAMERA_2,"['CAMERA_1', 'CAMERA_2']","{'CAMERA_1': ['color', 'settings'], 'CAMERA_2': ['optical_zoom'], 'CAMERA_3': []}",C_QUESTION_ABOUT_FEATURE,CAMERA_2,optical_zoom,what about the optical zoom,PRESENT_X,CAMERA_2,S_ANSWERS_QUESTION_ABOUT_FEATURE,CAMERA_2,optical_zoom,This one has 21x optical zoom.,PRESENT_X,CAMERA_2,13~29
587,8,NONE,"['CAMERA_1', 'CAMERA_2']","{'CAMERA_1': ['color', 'settings'], 'CAMERA_2': ['optical_zoom'], 'CAMERA_3': []}",C_THANK_YOU,CAMERA_2,NONE,thank you,PRESENT_X,CAMERA_2,S_THANK_YOU,CAMERA_2,NONE,thank you very much.,FACE_TO_FACE,NONE,
587,9,NONE,"['CAMERA_1', 'CAMERA_2']","{'CAMERA_1': ['color', 'settings'], 'CAMERA_2': ['optical_zoom'], 'CAMERA_3': []}",C_LEAVES,DOOR,NONE,,FACE_TO_FACE,NONE,S_RETURNS_TO_COUNTER,SERVICE_COUNTER,NONE,,WAITING,NONE,
588,1,NONE,[],"{'CAMERA_1': [], 'CAMERA_2': [], 'CAMERA_3': []}",C_ENTERS,DOOR,NONE,,WAITING,NONE,S_NONE,SERVICE_COUNTER,NONE,,WAITING,NONE,
588,2,NONE,[],"{'CAMERA_1': [], 'CAMERA_2': [], 'CAMERA_3': []}",C_GREETS,MIDDLE,NONE,sorry I may ask something about this camera,WAITING,NONE,S_GREETS,MIDDLE,NONE,can I help you?,FACE_TO_FACE,NONE,
588,3,CAMERA_1,['CAMERA_1'],"{'CAMERA_1': [], 'CAMERA_2': [], 'CAMERA_3': []}",C_LOOKING_FOR_A_CAMERA,MIDDLE,NONE,I want a All Around camera I try to use my smartphone but the pictures don't come out so good,FACE_TO_FACE,NONE,S_INTRODUCES_CAMERA,CAMERA_1,,Let me show you this. Here we have the Sony PowerShot ELPH DMC-ZS3.,PRESENT_X,CAMERA_1,39~66
588,4,CAMERA_1,['CAMERA_1'],"{'CAMERA_1': ['long_exposure'], 'CAMERA_2': [], 'CAMERA_3': []}",C_QUESTION_ABOUT_FEATURE,CAMERA_1,long_exposure,There is time when I need to open the shutter for longer than 30 seconds is it possible with this camera,PRESENT_X,CAMERA_1,S_ANSWERS_QUESTION_ABOUT_FEATURE,CAMERA_1,long_exposure,This one can take long exposures up to up to 15 seconds with Long Shutter Mode.,PRESENT_X,CAMERA_1,39~78
588,5,NONE,['CAMERA_1'],"{'CAMERA_1': ['long_exposure'], 'CAMERA_2': [], 'CAMERA_3': []}",C_THANK_YOU,CAMERA_1,NONE,thank you,PRESENT_X,CAMERA_1,S_THANK_YOU,CAMERA_1,NONE,thank you very much.,FACE_TO_FACE,NONE,
588,6,NONE,['CAMERA_1'],"{'CAMERA_1': ['long_exposure'], 'CAMERA_2': [], 'CAMERA_3': []}",C_LEAVES,DOOR,NONE,,FACE_TO_FACE,NONE,S_RETURNS_TO_COUNTER,SERVICE_COUNTER,NONE,,WAITING,NONE,
589,1,NONE,[],"{'CAMERA_1': [], 'CAMERA_2': [], 'CAMERA_3': []}",C_ENTERS,DOOR,NONE,,WAITING,NONE,S_NONE,SERVICE_COUNTER,NONE,,WAITING,NONE,
589,2,NONE,[],"{'CAMERA_1': [], 'CAMERA_2': [], 'CAMERA_3': []}",C_GREETS,MIDDLE,NONE,excuse me,WAITING,NONE,S_GREETS,MIDDLE,NONE,can I help you?,FACE_TO_FACE,NONE,
589,3,CAMERA_2,['CAMERA_2'],"{'CAMERA_1': [], 'CAMERA_2': [], 'CAMERA_3': []}",C_LOOKING_FOR_A_CAMERA,MIDDLE,NONE,I'm not alone but I'm looking for something in a fairly decent,FACE_TO_FACE,NONE,S_INTRODUCES_CAMERA,CAMERA_2,,Let me show you this. Here we have the Fujifilm Lumix ILC Camera.,PRESENT_X,CAMERA_2,39~64
589,4,CAMERA_2,['CAMERA_2'],"{'CAMERA_1': [], 'CAMERA_2': ['resolution'], 'CAMERA_3': []}",C_SILENT_OR_BACKCHANNEL,CAMERA_2,NONE,IC,PRESENT_X,CAMERA_2,S_INTRODUCES_FEATURE,CAMERA_2,resolution,This one has 23.8 megapixels resolution.,PRESENT_X,CAMERA_2,13~28
589,5,CAMERA_3,"['CAMERA_2', 'CAMERA_3']","{'CAMERA_1': [], 'CAMERA_2': ['resolution'], 'CAMERA_3': []}",C_ANYTHING_ELSE_AVAILABLE,CAMERA_2,NONE,do you have any other cameras that are in this kind,PRESENT_X,CAMERA_2,S_INTRODUCES_CAMERA,CAMERA_3,,Let me show you this. Here we have the Fujifilm PowerShot ELPH S2800.,PRESENT_X,CAMERA_3,39~68
589,6,CAMERA_3,"['CAMERA_2', 'CAMERA_3']","{'CAMERA_1': [], 'CAMERA_2': ['resolution'], 'CAMERA_3': ['effects']}",C_QUESTION_ABOUT_FEATURE,CAMERA_3,effects,and what is the artistic effect mode on this camera,PRESENT_X,CAMERA_3,S_ANSWERS_QUESTION_ABOUT_FEATURE,CAMERA_3,effects,"This one has 21 photo effects (small face, retro, big eyes, etc.).",PRESENT_X,CAMERA_3,13~65
589,7,CAMERA_3,"['CAMERA_2', 'CAMERA_3']","{'CAMERA_1': [], 'CAMERA_2': ['resolution'], 'CAMERA_3': ['effects', 'long_exposure']}",C_QUESTION_ABOUT_FEATURE,CAMERA_3,long_exposure,and what about the exposure,PRESENT_X,CAMERA_3,S_ANSWERS_QUESTION_ABOUT_FEATURE,CAMERA_3,long_exposure,This one can take long exposures up to 30 minutes max with bulb mode.,PRESENT_X,CAMERA_3,39~68
589,8,CAMERA_3,"['CAMERA_2', 'CAMERA_3']","{'CAMERA_1': [], 'CAMERA_2': ['resolution'], 'CAMERA_3': ['effects', 'long_exposure', 'preset_modes']}",C_SILENT_OR_BACKCHANNEL,CAMERA_3,NONE,alright,PRESENT_X,CAMERA_3,S_INTRODUCES_FEATURE,CAMERA_3,preset_modes,This one has various preset modes.,PRESENT_X,CAMERA_3,13~33
589,9,CAMERA_3,"['CAMERA_2', 'CAMERA_3']","{'CAMERA_1': [], 'CAMERA_2': ['resolution'], 'CAMERA_3': ['effects', 'long_exposure', 'preset_modes', 'resolution']}",C_QUESTION_ABOUT_FEATURE,CAMERA_3,resolution,I feel like the resolution is not very good,PRESENT_X,CAMERA_3,S_ANSWERS_QUESTION_ABOUT_FEATURE,CAMERA_3,resolution,This one has 23.2 megapixels resolution.,PRESENT_X,CAMERA_3,13~28
589,10,CAMERA_3,"['CAMERA_2', 'CAMERA_3']","{'CAMERA_1': [], 'CAMERA_2': ['resolution'], 'CAMERA_3': ['effects', 'long_exposure', 'preset_modes', 'resolution', 'settings']}",C_QUESTION_ABOUT_FEATURE,CAMERA_3,settings,and I can control of the settings myself right,PRESENT_X,CAMERA_3,S_ANSWERS_QUESTION_ABOUT_FEATURE,CAMERA_3,settings,"This one has manual control and various automatic settings (video modeburst shooting, etc.).",PRESENT_X,CAMERA_3,13~91
589,11,CAMERA_3,"['CAMERA_2', 'CAMERA_3']","{'CAMERA_1': [], 'CAMERA_2': ['resolution'], 'CAMERA_3': ['effects', 'long_exposure', 'preset_modes', 'resolution', 'settings', 'optical_zoom']}",C_QUESTION_ABOUT_FEATURE,CAMERA_3,optical_zoom,does it have a good zoom,PRESENT_X,CAMERA_3,S_NOT_SURE,CAMERA_3,,I'm not really sure about that.,PRESENT_X,CAMERA_3,
589,12,CAMERA_3,"['CAMERA_2', 'CAMERA_3']","{'CAMERA_1': [], 'CAMERA_2': ['resolution'], 'CAMERA_3': ['effects', 'long_exposure', 'preset_modes', 'resolution', 'settings', 'optical_zoom', 'price']}",C_SILENT_OR_BACKCHANNEL,CAMERA_3,NONE,alright,PRESENT_X,CAMERA_3,S_INTRODUCES_FEATURE,CAMERA_3,price,This one costs $518.,PRESENT_X,CAMERA_3,15~19
589,13,CAMERA_3,"['CAMERA_2', 'CAMERA_3']","{'CAMERA_1': [], 'CAMERA_2': ['resolution'], 'CAMERA_3': ['effects', 'long_exposure', 'preset_modes', 'resolution', 'settings', 'optical_zoom', 'price', 'color']}",C_SILENT_OR_BACKCHANNEL,CAMERA_3,NONE,I'm looking at this dslr it looks pretty good,PRESENT_X,CAMERA_3,S_INTRODUCES_FEATURE,CAMERA_3,color,"This one comes in purple, white, silver, blue, red, or pink.",PRESENT_X,CAMERA_3,18~59
589,14,CAMERA_3,"['CAMERA_2', 'CAMERA_3']","{'CAMERA_1': [], 'CAMERA_2': ['resolution'], 'CAMERA_3': ['effects', 'long_exposure', 'preset_modes', 'resolution', 'settings', 'optical_zoom', 'price', 'color', 'weight']}",C_SILENT_OR_BACKCHANNEL,CAMERA_3,NONE,okay,PRESENT_X,CAMERA_3,S_INTRODUCES_FEATURE,CAMERA_3,weight,This one weighs 820 grams.,PRESENT_X,CAMERA_3,16~25
589,15,NONE,"['CAMERA_2', 'CAMERA_3']","{'CAMERA_1': [], 'CAMERA_2': ['resolution'], 'CAMERA_3': ['effects', 'long_exposure', 'preset_modes', 'resolution', 'settings', 'optical_zoom', 'price', 'color', 'weight']}",C_THANK_YOU,CAMERA_3,NONE,okay well let me think about that okay thank you very much,PRESENT_X,CAMERA_3,S_THANK_YOU,CAMERA_3,NONE,thank you very much.,FACE_TO_FACE,NONE,
589,16,NONE,"['CAMERA_2', 'CAMERA_3']","{'CAMERA_1': [], 'CAMERA_2': ['resolution'], 'CAMERA_3': ['effects', 'long_exposure', 'preset_modes', 'resolution', 'settings', 'optical_zoom', 'price', 'color', 'weight']}",C_LEAVES,DOOR,NONE,,FACE_TO_FACE,NONE,S_RETURNS_TO_COUNTER,SERVICE_COUNTER,NONE,,WAITING,NONE,
590,1,NONE,[],"{'CAMERA_1': [], 'CAMERA_2': [], 'CAMERA_3': []}",C_ENTERS,DOOR,NONE,,WAITING,NONE,S_NONE,SERVICE_COUNTER,NONE,,WAITING,NONE,
590,2,NONE,[],"{'CAMERA_1': [], 'CAMERA_2': [], 'CAMERA_3': []}",C_WALKS_TO_CAMERA,CAMERA_3,NONE,,WAITING,NONE,S_NONE,SERVICE_COUNTER,NONE,,WAITING,NONE,
590,3,NONE,[],"{'CAMERA_1': [], 'CAMERA_2': [], 'CAMERA_3': []}",C_EXAMINES_CAMERA,CAMERA_3,NONE,,WAITING,NONE,S_NONE,SERVICE_COUNTER,NONE,,WAITING,NONE,
590,4,CAMERA_3,['CAMERA_3'],"{'CAMERA_1': [], 'CAMERA_2': [], 'CAMERA_3': ['weight']}",C_QUESTION_ABOUT_FEATURE,CAMERA_3,weight,what about weight,WAITING,NONE,S_ANSWERS_QUESTION_ABOUT_FEATURE,CAMERA_3,weight,This one weighs 820 grams.,PRESENT_X,CAMERA_3,16~25
590,5,CAMERA_3,['CAMERA_3'],"{'CAMERA_1': [], 'CAMERA_2': [], 'CAMERA_3': ['weight', 'preset_modes']}",C_SILENT_OR_BACKCHANNEL,CAMERA_3,NONE,oh that's great,PRESENT_X,CAMERA_3,S_INTRODUCES_FEATURE,CAMERA_3,preset_modes,This one has various preset modes.,PRESENT_X,CAMERA_3,13~33
590,6,CAMERA_1,"['CAMERA_3', 'CAMERA_1']","{'CAMERA_1': [], 'CAMERA_2': [], 'CAMERA_3': ['weight', 'preset_modes']}",C_ANYTHING_ELSE_AVAILABLE,CAMERA_3,NONE,Do you have any other cameras under $300,PRESENT_X,CAMERA_3,S_INTRODUCES_CAMERA,CAMERA_1,,Let me show you this. Here we have the Sony PowerShot ELPH DMC-ZS3.,PRESENT_X,CAMERA_1,39~66
590,7,CAMERA_1,"['CAMERA_3', 'CAMERA_1']","{'CAMERA_1': ['sensor_size'], 'CAMERA_2': [], 'CAMERA_3': ['weight', 'preset_modes']}",C_QUESTION_ABOUT_FEATURE,CAMERA_1,sensor_size,and what's the sensor size on this phone,PRESENT_X,CAMERA_1,S_ANSWERS_QUESTION_ABOUT_FEATURE,CAMERA_1,sensor_size,This one has a 1/2.3 inch CMOS sensor.,PRESENT_X,CAMERA_1,15~37
590,8,CAMERA_1,"['CAMERA_3', 'CAMERA_1']","{'CAMERA_1': ['sensor_size', 'price'], 'CAMERA_2': [], 'CAMERA_3': ['weight', 'preset_modes']}",C_QUESTION_ABOUT_FEATURE,CAMERA_1,price,how about the price of this camera,PRESENT_X,CAMERA_1,S_ANSWERS_QUESTION_ABOUT_FEATURE,CAMERA_1,price,This one costs $450.,PRESENT_X,CAMERA_1,15~19
590,9,CAMERA_1,"['CAMERA_3', 'CAMERA_1']","{'CAMERA_1': ['sensor_size', 'price', 'autofocus_points'], 'CAMERA_2': [], 'CAMERA_3': ['weight', 'preset_modes']}",C_SILENT_OR_BACKCHANNEL,CAMERA_1,NONE,okay sounds great and lastly I worry about the out of focus,PRESENT_X,CAMERA_1,S_INTRODUCES_FEATURE,CAMERA_1,autofocus_points,This one has 135 autofocus points.,PRESENT_X,CAMERA_1,13~33
590,10,CAMERA_1,"['CAMERA_3', 'CAMERA_1']","{'CAMERA_1': ['sensor_size', 'price', 'autofocus_points', 'resolution'], 'CAMERA_2': [], 'CAMERA_3': ['weight', 'preset_modes']}",C_QUESTION_ABOUT_FEATURE,CAMERA_1,resolution,what about the resolution,PRESENT_X,CAMERA_1,S_ANSWERS_QUESTION_ABOUT_FEATURE,CAMERA_1,resolution,This one has 17.8 megapixels resolution.,PRESENT_X,CAMERA_1,13~28
590,11,CAMERA_1,"['CAMERA_3', 'CAMERA_1']","{'CAMERA_1': ['sensor_size', 'price', 'autofocus_points', 'resolution', 'effects'], 'CAMERA_2': [], 'CAMERA_3': ['weight', 'preset_modes']}",C_QUESTION_ABOUT_FEATURE,CAMERA_1,effects,how many autistic affect much does a half,PRESENT_X,CAMERA_1,S_ANSWERS_QUESTION_ABOUT_FEATURE,CAMERA_1,effects,"This one has 24 glamor retouch effects (miniature, retro, toy camera, etc.).",PRESENT_X,CAMERA_1,13~75
590,12,CAMERA_1,"['CAMERA_3', 'CAMERA_1']","{'CAMERA_1': ['sensor_size', 'price', 'autofocus_points', 'resolution', 'effects', 'long_exposure'], 'CAMERA_2': [], 'CAMERA_3': ['weight', 'preset_modes']}",C_QUESTION_ABOUT_FEATURE,CAMERA_1,long_exposure,what about the exposure what can it handle,PRESENT_X,CAMERA_1,S_ANSWERS_QUESTION_ABOUT_FEATURE,CAMERA_1,long_exposure,This one can take long exposures up to up to 15 seconds with Long Shutter Mode.,PRESENT_X,CAMERA_1,39~78
590,13,NONE,"['CAMERA_3', 'CAMERA_1']","{'CAMERA_1': ['sensor_size', 'price', 'autofocus_points', 'resolution', 'effects', 'long_exposure'], 'CAMERA_2': [], 'CAMERA_3': ['weight', 'preset_modes']}",C_THANK_YOU,CAMERA_1,NONE,let me think about it I'll get back to you okay,PRESENT_X,CAMERA_1,S_THANK_YOU,CAMERA_1,NONE,thank you very much.,FACE_TO_FACE,NONE,
590,14,NONE,"['CAMERA_3', 'CAMERA_1']","{'CAMERA_1': ['sensor_size', 'price', 'autofocus_points', 'resolution', 'effects', 'long_exposure'], 'CAMERA_2': [], 'CAMERA_3': ['weight', 'preset_modes']}",C_LEAVES,DOOR,NONE,,FACE_TO_FACE,NONE,S_RETURNS_TO_COUNTER,SERVICE_COUNTER,NONE,,WAITING,NONE,
591,1,NONE,[],"{'CAMERA_1': [], 'CAMERA_2': [], 'CAMERA_3': []}",C_ENTERS,DOOR,NONE,,WAITING,NONE,S_NONE,SERVICE_COUNTER,NONE,,WAITING,NONE,
591,2,NONE,[],"{'CAMERA_1': [], 'CAMERA_2': [], 'CAMERA_3': []}",C_GREETS,MIDDLE,NONE,hello,WAITING,NONE,S_GREETS,MIDDLE,NONE,can I help you?,FACE_TO_FACE,NONE,
591,3,CAMERA_2,['CAMERA_2'],"{'CAMERA_1': [], 'CAMERA_2': [], 'CAMERA_3': []}",C_LOOKING_FOR_A_CAMERA,MIDDLE,NONE,I'm looking for a point and shoot camera,FACE_TO_FACE,NONE,S_INTRODUCES_CAMERA,CAMERA_2,,Let me show you this. Here we have the Fujifilm Lumix ILC Camera.,PRESENT_X,CAMERA_2,39~64
591,4,CAMERA_2,['CAMERA_2'],"{'CAMERA_1': [], 'CAMERA_2': ['ISO'], 'CAMERA_3': []}",C_QUESTION_ABOUT_FEATURE,CAMERA_2,ISO,and how does the iso compared with the cannon,PRESENT_X,CAMERA_2,S_NOT_SURE,CAMERA_2,,I'm not really sure about that.,PRESENT_X,CAMERA_2,
591,5,CAMERA_2,['CAMERA_2'],"{'CAMERA_1': [], 'CAMERA_2': ['ISO', 'optical_zoom'], 'CAMERA_3': []}",C_QUESTION_ABOUT_FEATURE,CAMERA_2,optical_zoom,does it have a good zoom,PRESENT_X,CAMERA_2,S_ANSWERS_QUESTION_ABOUT_FEATURE,CAMERA_2,optical_zoom,This one has 21x optical zoom.,PRESENT_X,CAMERA_2,13~29
591,6,NONE,['CAMERA_2'],"{'CAMERA_1': [], 'CAMERA_2': ['ISO', 'optical_zoom'], 'CAMERA_3': []}",C_THANK_YOU,CAMERA_2,NONE,it's kind of hard to use thanks very much,PRESENT_X,CAMERA_2,S_THANK_YOU,CAMERA_2,NONE,thank you very much.,FACE_TO_FACE,NONE,
591,7,NONE,['CAMERA_2'],"{'CAMERA_1': [], 'CAMERA_2': ['ISO', 'optical_zoom'], 'CAMERA_3': []}",C_LEAVES,DOOR,NONE,,FACE_TO_FACE,NONE,S_RETURNS_TO_COUNTER,SERVICE_COUNTER,NONE,,WAITING,NONE,
592,1,NONE,[],"{'CAMERA_1': [], 'CAMERA_2': [], 'CAMERA_3': []}",C_ENTERS,DOOR,NONE,,WAITING,NONE,S_NONE,SERVICE_COUNTER,NONE,,WAITING,NONE,
592,2,NONE,[],"{'CAMERA_1': [], 'CAMERA_2': [], 'CAMERA_3': []}",C_WALKS_TO_CAMERA,CAMERA_1,NONE,,WAITING,NONE,S_GREETS,CAMERA_1,NONE,can I help you?,FACE_TO_FACE,NONE,
592,3,CAMERA_3,['CAMERA_3'],"{'CAMERA_1': [], 'CAMERA_2': [], 'CAMERA_3': []}",C_LOOKING_FOR_A_CAMERA,CAMERA_1,NONE,I'm looking for a point and shoot camera,FACE_TO_FACE,NONE,S_INTRODUCES_CAMERA,CAMERA_3,,Let me show you this. Here we have the Fujifilm PowerShot ELPH S2800.,PRESENT_X,CAMERA_3,39~68
592,4,CAMERA_3,['CAMERA_3'],"{'CAMERA_1': [], 'CAMERA_2': [], 'CAMERA_3': ['color']}",C_QUESTION_ABOUT_FEATURE,CAMERA_3,color,what color do you have,PRESENT_X,CAMERA_3,S_ANSWERS_QUESTION_ABOUT_FEATURE,CAMERA_3,color,"This one comes in purple, white, silver, blue, red, or pink.",PRESENT_X,CAMERA_3,18~59
592,5,CAMERA_3,['CAMERA_3'],"{'CAMERA_1': [], 'CAMERA_2': [], 'CAMERA_3': ['color', 'sensor_size']}",C_QUESTION_ABOUT_FEATURE,CAMERA_3,sensor_size,What is the synthesize of this camera,PRESENT_X,CAMERA_3,S_ANSWERS_QUESTION_ABOUT_FEATURE,CAMERA_3,sensor_size,This one has a full frame.,PRESENT_X,CAMERA_3,15~25
592,6,CAMERA_3,['CAMERA_3'],"{'CAMERA_1': [], 'CAMERA_2': [], 'CAMERA_3': ['color', 'sensor_size', 'ISO']}",C_QUESTION_ABOUT_FEATURE,CAMERA_3,ISO,how about the ISO something,PRESENT_X,CAMERA_3,S_ANSWERS_QUESTION_ABOUT_FEATURE,CAMERA_3,ISO,This one has up to 3200 ISO with little noise.,PRESENT_X,CAMERA_3,13~45
592,7,NONE,['CAMERA_3'],"{'CAMERA_1': [], 'CAMERA_2': [], 'CAMERA_3': ['color', 'sensor_size', 'ISO']}",C_THANK_YOU,CAMERA_3,NONE,ok thanks for your help think about it,PRESENT_X,CAMERA_3,S_THANK_YOU,CAMERA_3,NONE,thank you very much.,FACE_TO_FACE,NONE,
592,8,NONE,['CAMERA_3'],"{'CAMERA_1': [], 'CAMERA_2': [], 'CAMERA_3': ['color', 'sensor_size', 'ISO']}",C_LEAVES,DOOR,NONE,,FACE_TO_FACE,NONE,S_RETURNS_TO_COUNTER,SERVICE_COUNTER,NONE,,WAITING,NONE,
593,1,NONE,[],"{'CAMERA_1': [], 'CAMERA_2': [], 'CAMERA_3': []}",C_ENTERS,DOOR,NONE,,WAITING,NONE,S_NONE,SERVICE_COUNTER,NONE,,WAITING,NONE,
593,2,NONE,[],"{'CAMERA_1': [], 'CAMERA_2': [], 'CAMERA_3': []}",C_WALKS_TO_CAMERA,CAMERA_2,NONE,,WAITING,NONE,S_NONE,SERVICE_COUNTER,NONE,,WAITING,NONE,
593,3,NONE,[],"{'CAMERA_1': [], 'CAMERA_2': [], 'CAMERA_3': []}",C_EXAMINES_CAMERA,CAMERA_2,NONE,,WAITING,NONE,S_GREETS,CAMERA_2,NONE,can I help you?,FACE_TO_FACE,NONE,
593,4,CAMERA_3,['CAMERA_3'],"{'CAMERA_1': [], 'CAMERA_2': [], 'CAMERA_3': []}",C_LOOKING_FOR_A_CAMERA,CAMERA_2,NONE,I'm just here looking at the new cameras at your home,FACE_TO_FACE,NONE,S_INTRODUCES_CAMERA,CAMERA_3,,Let me show you this. Here we have the Fujifilm PowerShot ELPH S2800.,PRESENT_X,CAMERA_3,39~68
593,5,CAMERA_3,['CAMERA_3'],"{'CAMERA_1': [], 'CAMERA_2': [], 'CAMERA_3': ['long_exposure']}",C_QUESTION_ABOUT_FEATURE,CAMERA_3,long_exposure,okay and how about its exposure,PRESENT_X,CAMERA_3,S_ANSWERS_QUESTION_ABOUT_FEATURE,CAMERA_3,long_exposure,This one can take long exposures up to 30 minutes max with bulb mode.,PRESENT_X,CAMERA_3,39~68
593,6,CAMERA_3,['CAMERA_3'],"{'CAMERA_1': [], 'CAMERA_2': [], 'CAMERA_3': ['long_exposure', 'camera_type']}",C_QUESTION_ABOUT_FEATURE,CAMERA_3,camera_type,is this a point and shoot camera,PRESENT_X,CAMERA_3,S_ANSWERS_QUESTION_ABOUT_FEATURE,CAMERA_3,camera_type,This is a point and shoot camera.,PRESENT_X,CAMERA_3,10~25
593,7,CAMERA_3,['CAMERA_3'],"{'CAMERA_1': [], 'CAMERA_2': [], 'CAMERA_3': ['long_exposure', 'camera_type', 'preset_modes']}",C_SILENT_OR_BACKCHANNEL,CAMERA_3,NONE,okay,PRESENT_X,CAMERA_3,S_INTRODUCES_FEATURE,CAMERA_3,preset_modes,This one has various preset modes.,PRESENT_X,CAMERA_3,13~33
593,8,CAMERA_3,['CAMERA_3'],"{'CAMERA_1': [], 'CAMERA_2': [], 'CAMERA_3': ['long_exposure', 'camera_type', 'preset_modes', 'optical_zoom']}",C_QUESTION_ABOUT_FEATURE,CAMERA_3,optical_zoom,and what about the optical zoom,PRESENT_X,CAMERA_3,S_NOT_SURE,CAMERA_3,,I'm not really sure about that.,PRESENT_X,CAMERA_3,
593,9,CAMERA_3,['CAMERA_3'],"{'CAMERA_1': [], 'CAMERA_2': [], 'CAMERA_3': ['long_exposure', 'camera_type', 'preset_modes', 'optical_zoom', 'resolution']}",C_SILENT_OR_BACKCHANNEL,CAMERA_3,NONE,IC,PRESENT_X,CAMERA_3,S_INTRODUCES_FEATURE,CAMERA_3,resolution,This one has 23.2 megapixels resolution.,PRESENT_X,CAMERA_3,13~28
593,10,CAMERA_3,['CAMERA_3'],"{'CAMERA_1': [], 'CAMERA_2': [], 'CAMERA_3': ['long_exposure', 'camera_type', 'preset_modes', 'optical_zoom', 'resolution', 'sensor_size']}",C_SILENT_OR_BACKCHANNEL,CAMERA_3,NONE,ok,PRESENT_X,CAMERA_3,S_INTRODUCES_FEATURE,CAMERA_3,sensor_size,This one has a full frame.,PRESENT_X,CAMERA_3,15~25
593,11,CAMERA_1,"['CAMERA_3', 'CAMERA_1']","{'CAMERA_1': [], 'CAMERA_2': [], 'CAMERA_3': ['long_exposure', 'camera_type', 'preset_modes', 'optical_zoom', 'resolution', 'sensor_size']}",C_ANYTHING_ELSE_AVAILABLE,CAMERA_3,NONE,do you have any other cameras that are in this kind,PRESENT_X,CAMERA_3,S_INTRODUCES_CAMERA,CAMERA_1,,Let me show you this. Here we have the Sony PowerShot ELPH DMC-ZS3.,PRESENT_X,CAMERA_1,39~66
593,12,CAMERA_1,"['CAMERA_3', 'CAMERA_1']","{'CAMERA_1': ['resolution'], 'CAMERA_2': [], 'CAMERA_3': ['long_exposure', 'camera_type', 'preset_modes', 'optical_zoom', 'resolution', 'sensor_size']}",C_SILENT_OR_BACKCHANNEL,CAMERA_1,NONE,I guess it's a pretty good camera then,PRESENT_X,CAMERA_1,S_INTRODUCES_FEATURE,CAMERA_1,resolution,This one has 17.8 megapixels resolution.,PRESENT_X,CAMERA_1,13~28
593,13,CAMERA_2,"['CAMERA_3', 'CAMERA_1', 'CAMERA_2']","{'CAMERA_1': ['resolution'], 'CAMERA_2': [], 'CAMERA_3': ['long_exposure', 'camera_type', 'preset_modes', 'optical_zoom', 'resolution', 'sensor_size']}",C_ANYTHING_ELSE_AVAILABLE,CAMERA_1,NONE,oh I see that's very interesting do you have any other cameras that you can recommend me,PRESENT_X,CAMERA_1,S_INTRODUCES_CAMERA,CAMERA_2,,Let me show you this. Here we have the Fujifilm Lumix ILC Camera.,PRESENT_X,CAMERA_2,39~64
593,14,CAMERA_2,"['CAMERA_3', 'CAMERA_1', 'CAMERA_2']","{'CAMERA_1': ['resolution'], 'CAMERA_2': ['optical_zoom'], 'CAMERA_3': ['long_exposure', 'camera_type', 'preset_modes', 'optical_zoom', 'resolution', 'sensor_size']}",C_SILENT_OR_BACKCHANNEL,CAMERA_2,NONE,sounds great,PRESENT_X,CAMERA_2,S_INTRODUCES_FEATURE,CAMERA_2,optical_zoom,This one has 21x optical zoom.,PRESENT_X,CAMERA_2,13~29
593,15,CAMERA_2,"['CAMERA_3', 'CAMERA_1', 'CAMERA_2']","{'CAMERA_1': ['resolution'], 'CAMERA_2': ['optical_zoom', 'effects'], 'CAMERA_3': ['long_exposure', 'camera_type', 'preset_modes', 'optical_zoom', 'resolution', 'sensor_size']}",C_SILENT_OR_BACKCHANNEL,CAMERA_2,NONE,interesting,PRESENT_X,CAMERA_2,S_INTRODUCES_FEATURE,CAMERA_2,effects,"This one has 24 artistic effect modes (retro, lighter or darker skin tones, sepia, etc.).",PRESENT_X,CAMERA_2,13~88
593,16,CAMERA_2,"['CAMERA_3', 'CAMERA_1', 'CAMERA_2']","{'CAMERA_1': ['resolution'], 'CAMERA_2': ['optical_zoom', 'effects', 'weight'], 'CAMERA_3': ['long_exposure', 'camera_type', 'preset_modes', 'optical_zoom', 'resolution', 'sensor_size']}",C_QUESTION_ABOUT_FEATURE,CAMERA_2,weight,how much does the body weight,PRESENT_X,CAMERA_2,S_ANSWERS_QUESTION_ABOUT_FEATURE,CAMERA_2,weight,This one weighs 820 grams.,PRESENT_X,CAMERA_2,16~25
593,17,CAMERA_2,"['CAMERA_3', 'CAMERA_1', 'CAMERA_2']","{'CAMERA_1': ['resolution'], 'CAMERA_2': ['optical_zoom', 'effects', 'weight', 'long_exposure'], 'CAMERA_3': ['long_exposure', 'camera_type', 'preset_modes', 'optical_zoom', 'resolution', 'sensor_size']}",C_SILENT_OR_BACKCHANNEL,CAMERA_2,NONE,ok,PRESENT_X,CAMERA_2,S_INTRODUCES_FEATURE,CAMERA_2,long_exposure,This one can take long exposures up to 60 minutes max with bulb mode.,PRESENT_X,CAMERA_2,39~68
593,18,NONE,"['CAMERA_3', 'CAMERA_1', 'CAMERA_2']","{'CAMERA_1': ['resolution'], 'CAMERA_2': ['optical_zoom', 'effects', 'weight', 'long_exposure'], 'CAMERA_3': ['long_exposure', 'camera_type', 'preset_modes', 'optical_zoom', 'resolution', 'sensor_size']}",C_THANK_YOU,CAMERA_2,NONE,okay thanks,PRESENT_X,CAMERA_2,S_THANK_YOU,CAMERA_2,NONE,thank you very much.,FACE_TO_FACE,NONE,
593,19,NONE,"['CAMERA_3', 'CAMERA_1', 'CAMERA_2']","{'CAMERA_1': ['resolution'], 'CAMERA_2': ['optical_zoom', 'effects', 'weight', 'long_exposure'], 'CAMERA_3': ['long_exposure', 'camera_type', 'preset_modes', 'optical_zoom', 'resolution', 'sensor_size']}",C_LEAVES,DOOR,NONE,,FACE_TO_FACE,NONE,S_RETURNS_TO_COUNTER,SERVICE_COUNTER,NONE,,WAITING,NONE,
594,1,NONE,[],"{'CAMERA_1': [], 'CAMERA_2': [], 'CAMERA_3': []}",C_ENTERS,DOOR,NONE,,WAITING,NONE,S_NONE,SERVICE_COUNTER,NONE,,WAITING,NONE,
594,2,NONE,[],"{'CAMERA_1': [], 'CAMERA_2': [], 'CAMERA_3': []}",C_GREETS,MIDDLE,NONE,excuse me,WAITING,NONE,S_GREETS,MIDDLE,NONE,can I help you?,FACE_TO_FACE,NONE,
594,3,CAMERA_3,['CAMERA_3'],"{'CAMERA_1': [], 'CAMERA_2': [], 'CAMERA_3': []}",C_LOOKING_FOR_A_CAMERA,MIDDLE,NONE,yeah actually I did but I am looking for a better one,FACE_TO_FACE,NONE,S_INTRODUCES_CAMERA,CAMERA_3,,Let me show you this. Here we have the Fujifilm PowerShot ELPH S2800.,PRESENT_X,CAMERA_3,39~68
594,4,CAMERA_3,['CAMERA_3'],"{'CAMERA_1': [], 'CAMERA_2': [], 'CAMERA_3': ['effects']}",C_SILENT_OR_BACKCHANNEL,CAMERA_3,NONE,let's see,PRESENT_X,CAMERA_3,S_INTRODUCES_FEATURE,CAMERA_3,effects,"This one has 21 photo effects (small face, retro, big eyes, etc.).",PRESENT_X,CAMERA_3,13~65
594,5,CAMERA_3,['CAMERA_3'],"{'CAMERA_1': [], 'CAMERA_2': [], 'CAMERA_3': ['effects', 'color']}",C_SILENT_OR_BACKCHANNEL,CAMERA_3,NONE,oh wow this is very nice okay I like this one,PRESENT_X,CAMERA_3,S_INTRODUCES_FEATURE,CAMERA_3,color,"This one comes in purple, white, silver, blue, red, or pink.",PRESENT_X,CAMERA_3,18~59
594,6,CAMERA_3,['CAMERA_3'],"{'CAMERA_1': [], 'CAMERA_2': [], 'CAMERA_3': ['effects', 'color', 'autofocus_points']}",C_SILENT_OR_BACKCHANNEL,CAMERA_3,NONE,okay,PRESENT_X,CAMERA_3,S_INTRODUCES_FEATURE,CAMERA_3,autofocus_points,This one has 214 autofocus points.,PRESENT_X,CAMERA_3,13~33
594,7,CAMERA_3,['CAMERA_3'],"{'CAMERA_1': [], 'CAMERA_2': [], 'CAMERA_3': ['effects', 'color', 'autofocus_points', 'preset_modes']}",C_SILENT_OR_BACKCHANNEL,CAMERA_3,NONE,ok,PRESENT_X,CAMERA_3,S_INTRODUCES_FEATURE,CAMERA_3,preset_modes,This one has various preset modes.,PRESENT_X,CAMERA_3,13~33
594,8,CAMERA_3,['CAMERA_3'],"{'CAMERA_1': [], 'CAMERA_2': [], 'CAMERA_3': ['effects', 'color', 'autofocus_points', 'preset_modes', 'camera_type']}",C_SILENT_OR_BACKCHANNEL,CAMERA_3,NONE,that's pretty funky,PRESENT_X,CAMERA_3,S_INTRODUCES_FEATURE,CAMERA_3,camera_type,This is a point and shoot camera.,PRESENT_X,CAMERA_3,10~25
594,9,CAMERA_3,['CAMERA_3'],"{'CAMERA_1': [], 'CAMERA_2': [], 'CAMERA_3': ['effects', 'color', 'autofocus_points', 'preset_modes', 'camera_type', 'sensor_size']}",C_QUESTION_ABOUT_FEATURE,CAMERA_3,sensor_size,what about the sensor size,PRESENT_X,CAMERA_3,S_ANSWERS_QUESTION_ABOUT_FEATURE,CAMERA_3,sensor_size,This one has a full frame.,PRESENT_X,CAMERA_3,15~25
594,10,CAMERA_3,['CAMERA_3'],"{'CAMERA_1': [], 'CAMERA_2': [], 'CAMERA_3': ['effects', 'color', 'autofocus_points', 'preset_modes', 'camera_type', 'sensor_size', 'long_exposure']}",C_SILENT_OR_BACKCHANNEL,CAMERA_3,NONE,wow that's pretty impressive,PRESENT_X,CAMERA_3,S_INTRODUCES_FEATURE,CAMERA_3,long_exposure,This one can take long exposures up to 30 minutes max with bulb mode.,PRESENT_X,CAMERA_3,39~68
594,11,CAMERA_3,['CAMERA_3'],"{'CAMERA_1': [], 'CAMERA_2': [], 'CAMERA_3': ['effects', 'color', 'autofocus_points', 'preset_modes', 'camera_type', 'sensor_size', 'long_exposure', 'weight']}",C_QUESTION_ABOUT_FEATURE,CAMERA_3,weight,ok ok what about the wait is it heavy,PRESENT_X,CAMERA_3,S_ANSWERS_QUESTION_ABOUT_FEATURE,CAMERA_3,weight,This one weighs 820 grams.,PRESENT_X,CAMERA_3,16~25
594,12,CAMERA_3,['CAMERA_3'],"{'CAMERA_1': [], 'CAMERA_2': [], 'CAMERA_3': ['effects', 'color', 'autofocus_points', 'preset_modes', 'camera_type', 'sensor_size', 'long_exposure', 'weight', 'resolution']}",C_QUESTION_ABOUT_FEATURE,CAMERA_3,resolution,what is the resolution,PRESENT_X,CAMERA_3,S_ANSWERS_QUESTION_ABOUT_FEATURE,CAMERA_3,resolution,This one has 23.2 megapixels resolution.,PRESENT_X,CAMERA_3,13~28
594,13,CAMERA_3,['CAMERA_3'],"{'CAMERA_1': [], 'CAMERA_2': [], 'CAMERA_3': ['effects', 'color', 'autofocus_points', 'preset_modes', 'camera_type', 'sensor_size', 'long_exposure', 'weight', 'resolution', 'optical_zoom']}",C_QUESTION_ABOUT_FEATURE,CAMERA_3,optical_zoom,how about the ability of fight for the zoom how much is optical zoom for this camera,PRESENT_X,CAMERA_3,S_NOT_SURE,CAMERA_3,,I'm not really sure about that.,PRESENT_X,CAMERA_3,
594,14,CAMERA_3,['CAMERA_3'],"{'CAMERA_1': [], 'CAMERA_2': [], 'CAMERA_3': ['effects', 'color', 'autofocus_points', 'preset_modes', 'camera_type', 'sensor_size', 'long_exposure', 'weight', 'resolution', 'optical_zoom', 'settings']}",C_QUESTION_ABOUT_FEATURE,CAMERA_3,settings,and the manual settings how many manual settings does it have,PRESENT_X,CAMERA_3,S_ANSWERS_QUESTION_ABOUT_FEATURE,CAMERA_3,settings,"This one has manual control and various automatic settings (video modeburst shooting, etc.).",PRESENT_X,CAMERA_3,13~91
594,15,CAMERA_3,['CAMERA_3'],"{'CAMERA_1': [], 'CAMERA_2': [], 'CAMERA_3': ['effects', 'color', 'autofocus_points', 'preset_modes', 'camera_type', 'sensor_size', 'long_exposure', 'weight', 'resolution', 'optical_zoom', 'settings', 'price']}",C_SILENT_OR_BACKCHANNEL,CAMERA_3,NONE,I see,PRESENT_X,CAMERA_3,S_INTRODUCES_FEATURE,CAMERA_3,price,This one costs $518.,PRESENT_X,CAMERA_3,15~19
594,16,NONE,['CAMERA_3'],"{'CAMERA_1': [], 'CAMERA_2': [], 'CAMERA_3': ['effects', 'color', 'autofocus_points', 'preset_modes', 'camera_type', 'sensor_size', 'long_exposure', 'weight', 'resolution', 'optical_zoom', 'settings', 'price']}",C_THANK_YOU,CAMERA_3,NONE,okay thanks for help,PRESENT_X,CAMERA_3,S_THANK_YOU,CAMERA_3,NONE,thank you very much.,FACE_TO_FACE,NONE,
594,17,NONE,['CAMERA_3'],"{'CAMERA_1': [], 'CAMERA_2': [], 'CAMERA_3': ['effects', 'color', 'autofocus_points', 'preset_modes', 'camera_type', 'sensor_size', 'long_exposure', 'weight', 'resolution', 'optical_zoom', 'settings', 'price']}",C_LEAVES,DOOR,NONE,,FACE_TO_FACE,NONE,S_RETURNS_TO_COUNTER,SERVICE_COUNTER,NONE,,WAITING,NONE,
595,1,NONE,[],"{'CAMERA_1': [], 'CAMERA_2': [], 'CAMERA_3': []}",C_ENTERS,DOOR,NONE,,WAITING,NONE,S_NONE,SERVICE_COUNTER,NONE,,WAITING,NONE,
595,2,NONE,[],"{'CAMERA_1': [], 'CAMERA_2': [], 'CAMERA_3': []}",C_WALKS_TO_CAMERA,CAMERA_3,NONE,,WAITING,NONE,S_GREETS,CAMERA_3,NONE,can I help you?,FACE_TO_FACE,NONE,
595,3,CAMERA_1,['CAMERA_1'],"{'CAMERA_1': [], 'CAMERA_2': [], 'CAMERA_3': []}",C_LOOKING_FOR_A_CAMERA,CAMERA_3,NONE,I'm looking for a lightweight camera,FACE_TO_FACE,NONE,S_INTRODUCES_CAMERA,CAMERA_1,,Let me show you this. Here we have the Sony PowerShot ELPH DMC-ZS3.,PRESENT_X,CAMERA_1,39~66
595,4,CAMERA_1,['CAMERA_1'],"{'CAMERA_1': ['weight'], 'CAMERA_2': [], 'CAMERA_3': []}",C_SILENT_OR_BACKCHANNEL,CAMERA_1,NONE,okay that sounds great,PRESENT_X,CAMERA_1,S_INTRODUCES_FEATURE,CAMERA_1,weight,This one weighs 800 grams.,PRESENT_X,CAMERA_1,16~25
595,5,CAMERA_1,['CAMERA_1'],"{'CAMERA_1': ['weight', 'sensor_size'], 'CAMERA_2': [], 'CAMERA_3': []}",C_SILENT_OR_BACKCHANNEL,CAMERA_1,NONE,I guess it's a pretty good camera then,PRESENT_X,CAMERA_1,S_INTRODUCES_FEATURE,CAMERA_1,sensor_size,This one has a 1/2.3 inch CMOS sensor.,PRESENT_X,CAMERA_1,15~37
595,6,NONE,['CAMERA_1'],"{'CAMERA_1': ['weight', 'sensor_size'], 'CAMERA_2': [], 'CAMERA_3': []}",C_THANK_YOU,CAMERA_1,NONE,ok you've been very helpful thank you very much anytime,PRESENT_X,CAMERA_1,S_THANK_YOU,CAMERA_1,NONE,thank you very much.,FACE_TO_FACE,NONE,
595,7,NONE,['CAMERA_1'],"{'CAMERA_1': ['weight', 'sensor_size'], 'CAMERA_2': [], 'CAMERA_3': []}",C_LEAVES,DOOR,NONE,,FACE_TO_FACE,NONE,S_RETURNS_TO_COUNTER,SERVICE_COUNTER,NONE,,WAITING,NONE,
596,1,NONE,[],"{'CAMERA_1': [], 'CAMERA_2': [], 'CAMERA_3': []}",C_ENTERS,DOOR,NONE,,WAITING,NONE,S_NONE,SERVICE_COUNTER,NONE,,WAITING,NONE,
596,2,NONE,[],"{'CAMERA_1': [], 'CAMERA_2': [], 'CAMERA_3': []}",C_WALKS_TO_CAMERA,CAMERA_1,NONE,,WAITING,NONE,S_GREETS,CAMERA_1,NONE,can I help you?,FACE_TO_FACE,NONE,
596,3,CAMERA_2,['CAMERA_2'],"{'CAMERA_1': [], 'CAMERA_2': [], 'CAMERA_3': []}",C_LOOKING_FOR_A_CAMERA,CAMERA_1,NONE,I'm looking for a camera for my business,FACE_TO_FACE,NONE,S_INTRODUCES_CAMERA,CAMERA_2,,Let me show you this. Here we have the Fujifilm Lumix ILC Camera.,PRESENT_X,CAMERA_2,39~64
596,4,CAMERA_2,['CAMERA_2'],"{'CAMERA_1': [], 'CAMERA_2': ['color'], 'CAMERA_3': []}",C_QUESTION_ABOUT_FEATURE,CAMERA_2,color,tell me what color is this one comes in,PRESENT_X,CAMERA_2,S_ANSWERS_QUESTION_ABOUT_FEATURE,CAMERA_2,color,This one comes in white or pink.,PRESENT_X,CAMERA_2,18~31
596,5,CAMERA_2,['CAMERA_2'],"{'CAMERA_1': [], 'CAMERA_2': ['color', 'resolution'], 'CAMERA_3': []}",C_QUESTION_ABOUT_FEATURE,CAMERA_2,resolution,does the screen touch screen,PRESENT_X,CAMERA_2,S_ANSWERS_QUESTION_ABOUT_FEATURE,CAMERA_2,resolution,This one has 23.8 megapixels resolution.,PRESENT_X,CAMERA_2,13~28
596,6,CAMERA_2,['CAMERA_2'],"{'CAMERA_1': [], 'CAMERA_2': ['color', 'resolution', 'sensor_size'], 'CAMERA_3': []}",C_SILENT_OR_BACKCHANNEL,CAMERA_2,NONE,wow that's pretty impressive,PRESENT_X,CAMERA_2,S_INTRODUCES_FEATURE,CAMERA_2,sensor_size,This one has a 1/2.33 inch sensor.,PRESENT_X,CAMERA_2,15~33
596,7,CAMERA_2,['CAMERA_2'],"{'CAMERA_1': [], 'CAMERA_2': ['color', 'resolution', 'sensor_size', 'effects'], 'CAMERA_3': []}",C_SILENT_OR_BACKCHANNEL,CAMERA_2,NONE,I see so this is very nice accusing,PRESENT_X,CAMERA_2,S_INTRODUCES_FEATURE,CAMERA_2,effects,"This one has 24 artistic effect modes (retro, lighter or darker skin tones, sepia, etc.).",PRESENT_X,CAMERA_2,13~88
596,8,CAMERA_2,['CAMERA_2'],"{'CAMERA_1': [], 'CAMERA_2': ['color', 'resolution', 'sensor_size', 'effects', 'long_exposure'], 'CAMERA_3': []}",C_QUESTION_ABOUT_FEATURE,CAMERA_2,long_exposure,polo knit long exposure,PRESENT_X,CAMERA_2,S_ANSWERS_QUESTION_ABOUT_FEATURE,CAMERA_2,long_exposure,This one can take long exposures up to 60 minutes max with bulb mode.,PRESENT_X,CAMERA_2,39~68
596,9,CAMERA_1,"['CAMERA_2', 'CAMERA_1']","{'CAMERA_1': [], 'CAMERA_2': ['color', 'resolution', 'sensor_size', 'effects', 'long_exposure'], 'CAMERA_3': []}",C_ANYTHING_ELSE_AVAILABLE,CAMERA_2,NONE,okay do you have any other cameras I might be interested,PRESENT_X,CAMERA_2,S_INTRODUCES_CAMERA,CAMERA_1,,Let me show you this. Here we have the Sony PowerShot ELPH DMC-ZS3.,PRESENT_X,CAMERA_1,39~66
596,10,CAMERA_1,"['CAMERA_2', 'CAMERA_1']","{'CAMERA_1': ['preset_modes'], 'CAMERA_2': ['color', 'resolution', 'sensor_size', 'effects', 'long_exposure'], 'CAMERA_3': []}",C_QUESTION_ABOUT_FEATURE,CAMERA_1,preset_modes,does this camera also have bulb mode,PRESENT_X,CAMERA_1,S_NOT_SURE,CAMERA_1,,I'm not really sure about that.,PRESENT_X,CAMERA_1,
596,11,CAMERA_1,"['CAMERA_2', 'CAMERA_1']","{'CAMERA_1': ['preset_modes', 'camera_type'], 'CAMERA_2': ['color', 'resolution', 'sensor_size', 'effects', 'long_exposure'], 'CAMERA_3': []}",C_QUESTION_ABOUT_FEATURE,CAMERA_1,camera_type,Is this a mirrorless camera?,PRESENT_X,CAMERA_1,S_ANSWERS_QUESTION_ABOUT_FEATURE,CAMERA_1,camera_type,This is a DSLR camera.,PRESENT_X,CAMERA_1,10~14
596,12,CAMERA_1,"['CAMERA_2', 'CAMERA_1']","{'CAMERA_1': ['preset_modes', 'camera_type', 'effects'], 'CAMERA_2': ['color', 'resolution', 'sensor_size', 'effects', 'long_exposure'], 'CAMERA_3': []}",C_QUESTION_ABOUT_FEATURE,CAMERA_1,effects,does it have any effect modes,PRESENT_X,CAMERA_1,S_ANSWERS_QUESTION_ABOUT_FEATURE,CAMERA_1,effects,"This one has 24 glamor retouch effects (miniature, retro, toy camera, etc.).",PRESENT_X,CAMERA_1,13~75
596,13,CAMERA_1,"['CAMERA_2', 'CAMERA_1']","{'CAMERA_1': ['preset_modes', 'camera_type', 'effects', 'optical_zoom'], 'CAMERA_2': ['color', 'resolution', 'sensor_size', 'effects', 'long_exposure'], 'CAMERA_3': []}",C_SILENT_OR_BACKCHANNEL,CAMERA_1,NONE,I see,PRESENT_X,CAMERA_1,S_INTRODUCES_FEATURE,CAMERA_1,optical_zoom,This one has 21x optical zoom.,PRESENT_X,CAMERA_1,13~29
596,14,CAMERA_3,"['CAMERA_2', 'CAMERA_1', 'CAMERA_3']","{'CAMERA_1': ['preset_modes', 'camera_type', 'effects', 'optical_zoom'], 'CAMERA_2': ['color', 'resolution', 'sensor_size', 'effects', 'long_exposure'], 'CAMERA_3': []}",C_ANYTHING_ELSE_AVAILABLE,CAMERA_1,NONE,Do you have any other cameras under $300,PRESENT_X,CAMERA_1,S_INTRODUCES_CAMERA,CAMERA_3,,Let me show you this. Here we have the Fujifilm PowerShot ELPH S2800.,PRESENT_X,CAMERA_3,39~68
596,15,CAMERA_3,"['CAMERA_2', 'CAMERA_1', 'CAMERA_3']","{'CAMERA_1': ['preset_modes', 'camera_type', 'effects', 'optical_zoom'], 'CAMERA_2': ['color', 'resolution', 'sensor_size', 'effects', 'long_exposure'], 'CAMERA_3': ['resolution']}",C_SILENT_OR_BACKCHANNEL,CAMERA_3,NONE,wow that's pretty steep,PRESENT_X,CAMERA_3,S_INTRODUCES_FEATURE,CAMERA_3,resolution,This one has 23.2 megapixels resolution.,PRESENT_X,CAMERA_3,13~28
596,16,CAMERA_3,"['CAMERA_2', 'CAMERA_1', 'CAMERA_3']","{'CAMERA_1': ['preset_modes', 'camera_type', 'effects', 'optical_zoom'], 'CAMERA_2': ['color', 'resolution', 'sensor_size', 'effects', 'long_exposure'], 'CAMERA_3': ['resolution', 'optical_zoom']}",C_QUESTION_ABOUT_FEATURE,CAMERA_3,optical_zoom,how's the zoom on it,PRESENT_X,CAMERA_3,S_NOT_SURE,CAMERA_3,,I'm not really sure about that.,PRESENT_X,CAMERA_3,
596,17,,"['CAMERA_2', 'CAMERA_1', 'CAMERA_3']","{'CAMERA_1': ['preset_modes', 'camera_type', 'effects', 'optical_zoom'], 'CAMERA_2': ['color', 'resolution', 'sensor_size', 'effects', 'long_exposure'], 'CAMERA_3': ['resolution', 'optical_zoom']}",C_ANYTHING_ELSE_AVAILABLE,CAMERA_3,NONE,can you recommend another camera similar to this,PRESENT_X,CAMERA_3,S_THATS_ALL_WE_HAVE_AVAILABLE,CAMERA_3,,That's all we have available at the moment.,PRESENT_X,CAMERA_3,
596,18,NONE,"['CAMERA_2', 'CAMERA_1', 'CAMERA_3']","{'CAMERA_1': ['preset_modes', 'camera_type', 'effects', 'optical_zoom'], 'CAMERA_2': ['color', 'resolution', 'sensor_size', 'effects', 'long_exposure'], 'CAMERA_3': ['resolution', 'optical_zoom']}",C_THANK_YOU,CAMERA_3,NONE,thank you for all your help,PRESENT_X,CAMERA_3,S_THANK_YOU,CAMERA_3,NONE,thank you very much.,FACE_TO_FACE,NONE,
596,19,NONE,"['CAMERA_2', 'CAMERA_1', 'CAMERA_3']","{'CAMERA_1': ['preset_modes', 'camera_type', 'effects', 'optical_zoom'], 'CAMERA_2': ['color', 'resolution', 'sensor_size', 'effects', 'long_exposure'], 'CAMERA_3': ['resolution', 'optical_zoom']}",C_LEAVES,DOOR,NONE,,FACE_TO_FACE,NONE,S_RETURNS_TO_COUNTER,SERVICE_COUNTER,NONE,,WAITING,NONE,
597,1,NONE,[],"{'CAMERA_1': [], 'CAMERA_2': [], 'CAMERA_3': []}",C_ENTERS,DOOR,NONE,,WAITING,NONE,S_NONE,SERVICE_COUNTER,NONE,,WAITING,NONE,
597,2,NONE,[],"{'CAMERA_1': [], 'CAMERA_2': [], 'CAMERA_3': []}",C_GREETS,MIDDLE,NONE,excuse me what it is since your size,WAITING,NONE,S_GREETS,MIDDLE,NONE,can I help you?,FACE_TO_FACE,NONE,
597,3,CAMERA_3,['CAMERA_3'],"{'CAMERA_1': [], 'CAMERA_2': [], 'CAMERA_3': []}",C_LOOKING_FOR_A_CAMERA,MIDDLE,NONE,I'm just looking for a camera,FACE_TO_FACE,NONE,S_INTRODUCES_CAMERA,CAMERA_3,,Let me show you this. Here we have the Fujifilm PowerShot ELPH S2800.,PRESENT_X,CAMERA_3,39~68
597,4,CAMERA_3,['CAMERA_3'],"{'CAMERA_1': [], 'CAMERA_2': [], 'CAMERA_3': ['optical_zoom']}",C_QUESTION_ABOUT_FEATURE,CAMERA_3,optical_zoom,excuse me what does it mean by optical zoom,PRESENT_X,CAMERA_3,S_NOT_SURE,CAMERA_3,,I'm not really sure about that.,PRESENT_X,CAMERA_3,
597,5,CAMERA_3,['CAMERA_3'],"{'CAMERA_1': [], 'CAMERA_2': [], 'CAMERA_3': ['optical_zoom', 'settings']}",C_QUESTION_ABOUT_FEATURE,CAMERA_3,settings,that's wonderful and what about the manual settings,PRESENT_X,CAMERA_3,S_ANSWERS_QUESTION_ABOUT_FEATURE,CAMERA_3,settings,"This one has manual control and various automatic settings (video modeburst shooting, etc.).",PRESENT_X,CAMERA_3,13~91
597,6,CAMERA_3,['CAMERA_3'],"{'CAMERA_1': [], 'CAMERA_2': [], 'CAMERA_3': ['optical_zoom', 'settings', 'camera_type']}",C_QUESTION_ABOUT_FEATURE,CAMERA_3,camera_type,Is this a mirrorless camera?,PRESENT_X,CAMERA_3,S_ANSWERS_QUESTION_ABOUT_FEATURE,CAMERA_3,camera_type,This is a point and shoot camera.,PRESENT_X,CAMERA_3,10~25
597,7,CAMERA_3,['CAMERA_3'],"{'CAMERA_1': [], 'CAMERA_2': [], 'CAMERA_3': ['optical_zoom', 'settings', 'camera_type', 'price']}",C_QUESTION_ABOUT_FEATURE,CAMERA_3,price,how about the price,PRESENT_X,CAMERA_3,S_ANSWERS_QUESTION_ABOUT_FEATURE,CAMERA_3,price,This one costs $518.,PRESENT_X,CAMERA_3,15~19
597,8,CAMERA_3,['CAMERA_3'],"{'CAMERA_1': [], 'CAMERA_2': [], 'CAMERA_3': ['optical_zoom', 'settings', 'camera_type', 'price', 'sensor_size']}",C_QUESTION_ABOUT_FEATURE,CAMERA_3,sensor_size,and what is the sensor size,PRESENT_X,CAMERA_3,S_ANSWERS_QUESTION_ABOUT_FEATURE,CAMERA_3,sensor_size,This one has a full frame.,PRESENT_X,CAMERA_3,15~25
597,9,CAMERA_3,['CAMERA_3'],"{'CAMERA_1': [], 'CAMERA_2': [], 'CAMERA_3': ['optical_zoom', 'settings', 'camera_type', 'price', 'sensor_size', 'effects']}",C_SILENT_OR_BACKCHANNEL,CAMERA_3,NONE,ok,PRESENT_X,CAMERA_3,S_INTRODUCES_FEATURE,CAMERA_3,effects,"This one has 21 photo effects (small face, retro, big eyes, etc.).",PRESENT_X,CAMERA_3,13~65
597,10,CAMERA_3,['CAMERA_3'],"{'CAMERA_1': [], 'CAMERA_2': [], 'CAMERA_3': ['optical_zoom', 'settings', 'camera_type', 'price', 'sensor_size', 'effects', 'long_exposure']}",C_QUESTION_ABOUT_FEATURE,CAMERA_3,long_exposure,and is this also good camera for long exposure,PRESENT_X,CAMERA_3,S_ANSWERS_QUESTION_ABOUT_FEATURE,CAMERA_3,long_exposure,This one can take long exposures up to 30 minutes max with bulb mode.,PRESENT_X,CAMERA_3,39~68
597,11,CAMERA_3,['CAMERA_3'],"{'CAMERA_1': [], 'CAMERA_2': [], 'CAMERA_3': ['optical_zoom', 'settings', 'camera_type', 'price', 'sensor_size', 'effects', 'long_exposure', 'ISO']}",C_SILENT_OR_BACKCHANNEL,CAMERA_3,NONE,ok,PRESENT_X,CAMERA_3,S_INTRODUCES_FEATURE,CAMERA_3,ISO,This one has up to 3200 ISO with little noise.,PRESENT_X,CAMERA_3,13~45
597,12,NONE,['CAMERA_3'],"{'CAMERA_1': [], 'CAMERA_2': [], 'CAMERA_3': ['optical_zoom', 'settings', 'camera_type', 'price', 'sensor_size', 'effects', 'long_exposure', 'ISO']}",C_THANK_YOU,CAMERA_3,NONE,that's great thank you for your help,PRESENT_X,CAMERA_3,S_THANK_YOU,CAMERA_3,NONE,thank you very much.,FACE_TO_FACE,NONE,
597,13,NONE,['CAMERA_3'],"{'CAMERA_1': [], 'CAMERA_2': [], 'CAMERA_3': ['optical_zoom', 'settings', 'camera_type', 'price', 'sensor_size', 'effects', 'long_exposure', 'ISO']}",C_LEAVES,DOOR,NONE,,FACE_TO_FACE,NONE,S_RETURNS_TO_COUNTER,SERVICE_COUNTER,NONE,,WAITING,NONE,
598,1,NONE,[],"{'CAMERA_1': [], 'CAMERA_2': [], 'CAMERA_3': []}",C_ENTERS,DOOR,NONE,,WAITING,NONE,S_NONE,SERVICE_COUNTER,NONE,,WAITING,NONE,
598,2,NONE,[],"{'CAMERA_1': [], 'CAMERA_2': [], 'CAMERA_3': []}",C_WALKS_TO_CAMERA,CAMERA_1,NONE,,WAITING,NONE,S_NONE,SERVICE_COUNTER,NONE,,WAITING,NONE,
598,3,NONE,[],"{'CAMERA_1': [], 'CAMERA_2': [], 'CAMERA_3': []}",C_EXAMINES_CAMERA,CAMERA_1,NONE,,WAITING,NONE,S_GREETS,CAMERA_1,NONE,can I help you?,FACE_TO_FACE,NONE,
598,4,CAMERA_2,['CAMERA_2'],"{'CAMERA_1': [], 'CAMERA_2': [], 'CAMERA_3': []}",C_LOOKING_FOR_A_CAMERA,CAMERA_1,NONE,I'll get off today and I'm just looking around at the moment I'm not really sure what I'm after,FACE_TO_FACE,NONE,S_INTRODUCES_CAMERA,CAMERA_2,,Let me show you this. Here we have the Fujifilm Lumix ILC Camera.,PRESENT_X,CAMERA_2,39~64
598,5,CAMERA_2,['CAMERA_2'],"{'CAMERA_1': [], 'CAMERA_2': ['color'], 'CAMERA_3': []}",C_SILENT_OR_BACKCHANNEL,CAMERA_2,NONE,nice what's the pricing on it,PRESENT_X,CAMERA_2,S_INTRODUCES_FEATURE,CAMERA_2,color,This one comes in white or pink.,PRESENT_X,CAMERA_2,18~31
598,6,NONE,['CAMERA_2'],"{'CAMERA_1': [], 'CAMERA_2': ['color'], 'CAMERA_3': []}",C_THANK_YOU,CAMERA_2,NONE,thank you very much,PRESENT_X,CAMERA_2,S_THANK_YOU,CAMERA_2,NONE,thank you very much.,FACE_TO_FACE,NONE,
598,7,NONE,['CAMERA_2'],"{'CAMERA_1': [], 'CAMERA_2': ['color'], 'CAMERA_3': []}",C_LEAVES,DOOR,NONE,,FACE_TO_FACE,NONE,S_RETURNS_TO_COUNTER,SERVICE_COUNTER,NONE,,WAITING,NONE,
599,1,NONE,[],"{'CAMERA_1': [], 'CAMERA_2': [], 'CAMERA_3': []}",C_ENTERS,DOOR,NONE,,WAITING,NONE,S_NONE,SERVICE_COUNTER,NONE,,WAITING,NONE,
599,2,NONE,[],"{'CAMERA_1': [], 'CAMERA_2': [], 'CAMERA_3': []}",C_WALKS_TO_CAMERA,CAMERA_1,NONE,,WAITING,NONE,S_GREETS,CAMERA_1,NONE,can I help you?,FACE_TO_FACE,NONE,
599,3,CAMERA_2,['CAMERA_2'],"{'CAMERA_1': [], 'CAMERA_2': [], 'CAMERA_3': []}",C_LOOKING_FOR_A_CAMERA,CAMERA_1,NONE,hi good afternoon I'm looking to buy a new camera and I just needed to be a portable and easy to use ,FACE_TO_FACE,NONE,S_INTRODUCES_CAMERA,CAMERA_2,,Let me show you this. Here we have the Fujifilm Lumix ILC Camera.,PRESENT_X,CAMERA_2,39~64
599,4,CAMERA_2,['CAMERA_2'],"{'CAMERA_1': [], 'CAMERA_2': ['color'], 'CAMERA_3': []}",C_QUESTION_ABOUT_FEATURE,CAMERA_2,color,that sounds a bit heavy does it come in any other colors,PRESENT_X,CAMERA_2,S_ANSWERS_QUESTION_ABOUT_FEATURE,CAMERA_2,color,This one comes in white or pink.,PRESENT_X,CAMERA_2,18~31
599,5,CAMERA_2,['CAMERA_2'],"{'CAMERA_1': [], 'CAMERA_2': ['color', 'weight'], 'CAMERA_3': []}",C_QUESTION_ABOUT_FEATURE,CAMERA_2,weight,is this heavy,PRESENT_X,CAMERA_2,S_ANSWERS_QUESTION_ABOUT_FEATURE,CAMERA_2,weight,This one weighs 820 grams.,PRESENT_X,CAMERA_2,16~25
599,6,CAMERA_2,['CAMERA_2'],"{'CAMERA_1': [], 'CAMERA_2': ['color', 'weight', 'autofocus_points'], 'CAMERA_3': []}",C_QUESTION_ABOUT_FEATURE,CAMERA_2,autofocus_points,how many auto focus points I have,PRESENT_X,CAMERA_2,S_NOT_SURE,CAMERA_2,,I'm not really sure about that.,PRESENT_X,CAMERA_2,
599,7,CAMERA_2,['CAMERA_2'],"{'CAMERA_1': [], 'CAMERA_2': ['color', 'weight', 'autofocus_points', 'long_exposure'], 'CAMERA_3': []}",C_SILENT_OR_BACKCHANNEL,CAMERA_2,NONE,yeah,PRESENT_X,CAMERA_2,S_INTRODUCES_FEATURE,CAMERA_2,long_exposure,This one can take long exposures up to 60 minutes max with bulb mode.,PRESENT_X,CAMERA_2,39~68
599,8,CAMERA_2,['CAMERA_2'],"{'CAMERA_1': [], 'CAMERA_2': ['color', 'weight', 'autofocus_points', 'long_exposure', 'price'], 'CAMERA_3': []}",C_SILENT_OR_BACKCHANNEL,CAMERA_2,NONE,ok let's see,PRESENT_X,CAMERA_2,S_INTRODUCES_FEATURE,CAMERA_2,price,This one costs $768.,PRESENT_X,CAMERA_2,15~19
599,9,NONE,['CAMERA_2'],"{'CAMERA_1': [], 'CAMERA_2': ['color', 'weight', 'autofocus_points', 'long_exposure', 'price'], 'CAMERA_3': []}",C_THANK_YOU,CAMERA_2,NONE,thank you,PRESENT_X,CAMERA_2,S_THANK_YOU,CAMERA_2,NONE,thank you very much.,FACE_TO_FACE,NONE,
599,10,NONE,['CAMERA_2'],"{'CAMERA_1': [], 'CAMERA_2': ['color', 'weight', 'autofocus_points', 'long_exposure', 'price'], 'CAMERA_3': []}",C_LEAVES,DOOR,NONE,,FACE_TO_FACE,NONE,S_RETURNS_TO_COUNTER,SERVICE_COUNTER,NONE,,WAITING,NONE,
600,1,NONE,[],"{'CAMERA_1': [], 'CAMERA_2': [], 'CAMERA_3': []}",C_ENTERS,DOOR,NONE,,WAITING,NONE,S_NONE,SERVICE_COUNTER,NONE,,WAITING,NONE,
600,2,NONE,[],"{'CAMERA_1': [], 'CAMERA_2': [], 'CAMERA_3': []}",C_GREETS,MIDDLE,NONE,sorry what,WAITING,NONE,S_GREETS,MIDDLE,NONE,can I help you?,FACE_TO_FACE,NONE,
600,3,CAMERA_2,['CAMERA_2'],"{'CAMERA_1': [], 'CAMERA_2': [], 'CAMERA_3': []}",C_LOOKING_FOR_A_CAMERA,MIDDLE,NONE,I'm looking for a new camera,FACE_TO_FACE,NONE,S_INTRODUCES_CAMERA,CAMERA_2,,Let me show you this. Here we have the Fujifilm Lumix ILC Camera.,PRESENT_X,CAMERA_2,39~64
600,4,CAMERA_2,['CAMERA_2'],"{'CAMERA_1': [], 'CAMERA_2': ['ISO'], 'CAMERA_3': []}",C_QUESTION_ABOUT_FEATURE,CAMERA_2,ISO,how is iso performance,PRESENT_X,CAMERA_2,S_NOT_SURE,CAMERA_2,,I'm not really sure about that.,PRESENT_X,CAMERA_2,
600,5,CAMERA_2,['CAMERA_2'],"{'CAMERA_1': [], 'CAMERA_2': ['ISO', 'weight'], 'CAMERA_3': []}",C_QUESTION_ABOUT_FEATURE,CAMERA_2,weight,it's a bit heavy,PRESENT_X,CAMERA_2,S_ANSWERS_QUESTION_ABOUT_FEATURE,CAMERA_2,weight,This one weighs 820 grams.,PRESENT_X,CAMERA_2,16~25
600,6,CAMERA_1,"['CAMERA_2', 'CAMERA_1']","{'CAMERA_1': [], 'CAMERA_2': ['ISO', 'weight'], 'CAMERA_3': []}",C_ANYTHING_ELSE_AVAILABLE,CAMERA_2,NONE,ok do you have any other cameras,PRESENT_X,CAMERA_2,S_INTRODUCES_CAMERA,CAMERA_1,,Let me show you this. Here we have the Sony PowerShot ELPH DMC-ZS3.,PRESENT_X,CAMERA_1,39~66
600,7,CAMERA_1,"['CAMERA_2', 'CAMERA_1']","{'CAMERA_1': ['long_exposure'], 'CAMERA_2': ['ISO', 'weight'], 'CAMERA_3': []}",C_QUESTION_ABOUT_FEATURE,CAMERA_1,long_exposure,can you do a long exposure,PRESENT_X,CAMERA_1,S_ANSWERS_QUESTION_ABOUT_FEATURE,CAMERA_1,long_exposure,This one can take long exposures up to up to 15 seconds with Long Shutter Mode.,PRESENT_X,CAMERA_1,39~78
600,8,CAMERA_1,"['CAMERA_2', 'CAMERA_1']","{'CAMERA_1': ['long_exposure', 'resolution'], 'CAMERA_2': ['ISO', 'weight'], 'CAMERA_3': []}",C_QUESTION_ABOUT_FEATURE,CAMERA_1,resolution,and this is a touch screen,PRESENT_X,CAMERA_1,S_ANSWERS_QUESTION_ABOUT_FEATURE,CAMERA_1,resolution,This one has 17.8 megapixels resolution.,PRESENT_X,CAMERA_1,13~28
600,9,CAMERA_1,"['CAMERA_2', 'CAMERA_1']","{'CAMERA_1': ['long_exposure', 'resolution', 'autofocus_points'], 'CAMERA_2': ['ISO', 'weight'], 'CAMERA_3': []}",C_QUESTION_ABOUT_FEATURE,CAMERA_1,autofocus_points,how many autofocus points does it have,PRESENT_X,CAMERA_1,S_ANSWERS_QUESTION_ABOUT_FEATURE,CAMERA_1,autofocus_points,This one has 135 autofocus points.,PRESENT_X,CAMERA_1,13~33
600,10,CAMERA_1,"['CAMERA_2', 'CAMERA_1']","{'CAMERA_1': ['long_exposure', 'resolution', 'autofocus_points', 'camera_type'], 'CAMERA_2': ['ISO', 'weight'], 'CAMERA_3': []}",C_QUESTION_ABOUT_FEATURE,CAMERA_1,camera_type,is this a DSLR camera,PRESENT_X,CAMERA_1,S_ANSWERS_QUESTION_ABOUT_FEATURE,CAMERA_1,camera_type,This is a DSLR camera.,PRESENT_X,CAMERA_1,10~14
600,11,CAMERA_1,"['CAMERA_2', 'CAMERA_1']","{'CAMERA_1': ['long_exposure', 'resolution', 'autofocus_points', 'camera_type', 'weight'], 'CAMERA_2': ['ISO', 'weight'], 'CAMERA_3': []}",C_SILENT_OR_BACKCHANNEL,CAMERA_1,NONE,okay,PRESENT_X,CAMERA_1,S_INTRODUCES_FEATURE,CAMERA_1,weight,This one weighs 800 grams.,PRESENT_X,CAMERA_1,16~25
600,12,CAMERA_3,"['CAMERA_2', 'CAMERA_1', 'CAMERA_3']","{'CAMERA_1': ['long_exposure', 'resolution', 'autofocus_points', 'camera_type', 'weight'], 'CAMERA_2': ['ISO', 'weight'], 'CAMERA_3': []}",C_ANYTHING_ELSE_AVAILABLE,CAMERA_1,NONE,that's good that's okay I like it when do you have other models in this area,PRESENT_X,CAMERA_1,S_INTRODUCES_CAMERA,CAMERA_3,,Let me show you this. Here we have the Fujifilm PowerShot ELPH S2800.,PRESENT_X,CAMERA_3,39~68
600,13,CAMERA_3,"['CAMERA_2', 'CAMERA_1', 'CAMERA_3']","{'CAMERA_1': ['long_exposure', 'resolution', 'autofocus_points', 'camera_type', 'weight'], 'CAMERA_2': ['ISO', 'weight'], 'CAMERA_3': ['ISO']}",C_SILENT_OR_BACKCHANNEL,CAMERA_3,NONE,okay,PRESENT_X,CAMERA_3,S_INTRODUCES_FEATURE,CAMERA_3,ISO,This one has up to 3200 ISO with little noise.,PRESENT_X,CAMERA_3,13~45
600,14,,"['CAMERA_2', 'CAMERA_1', 'CAMERA_3']","{'CAMERA_1': ['long_exposure', 'resolution', 'autofocus_points', 'camera_type', 'weight'], 'CAMERA_2': ['ISO', 'weight'], 'CAMERA_3': ['ISO']}",C_ANYTHING_ELSE_AVAILABLE,CAMERA_3,NONE,ok do you have any other cameras,PRESENT_X,CAMERA_3,S_THATS_ALL_WE_HAVE_AVAILABLE,CAMERA_3,,That's all we have available at the moment.,PRESENT_X,CAMERA_3,
600,15,NONE,"['CAMERA_2', 'CAMERA_1', 'CAMERA_3']","{'CAMERA_1': ['long_exposure', 'resolution', 'autofocus_points', 'camera_type', 'weight'], 'CAMERA_2': ['ISO', 'weight'], 'CAMERA_3': ['ISO']}",C_THANK_YOU,CAMERA_3,NONE,ok i will have a think about it thank you,PRESENT_X,CAMERA_3,S_THANK_YOU,CAMERA_3,NONE,thank you very much.,FACE_TO_FACE,NONE,
600,16,NONE,"['CAMERA_2', 'CAMERA_1', 'CAMERA_3']","{'CAMERA_1': ['long_exposure', 'resolution', 'autofocus_points', 'camera_type', 'weight'], 'CAMERA_2': ['ISO', 'weight'], 'CAMERA_3': ['ISO']}",C_LEAVES,DOOR,NONE,,FACE_TO_FACE,NONE,S_RETURNS_TO_COUNTER,SERVICE_COUNTER,NONE,,WAITING,NONE,
601,1,NONE,[],"{'CAMERA_1': [], 'CAMERA_2': [], 'CAMERA_3': []}",C_ENTERS,DOOR,NONE,,WAITING,NONE,S_NONE,SERVICE_COUNTER,NONE,,WAITING,NONE,
601,2,NONE,[],"{'CAMERA_1': [], 'CAMERA_2': [], 'CAMERA_3': []}",C_GREETS,MIDDLE,NONE,use me,WAITING,NONE,S_GREETS,MIDDLE,NONE,can I help you?,FACE_TO_FACE,NONE,
601,3,CAMERA_2,['CAMERA_2'],"{'CAMERA_1': [], 'CAMERA_2': [], 'CAMERA_3': []}",C_LOOKING_FOR_A_CAMERA,MIDDLE,NONE,I want a All Around camera I try to use my smartphone but the pictures don't come out so good,FACE_TO_FACE,NONE,S_INTRODUCES_CAMERA,CAMERA_2,,Let me show you this. Here we have the Fujifilm Lumix ILC Camera.,PRESENT_X,CAMERA_2,39~64
601,4,CAMERA_2,['CAMERA_2'],"{'CAMERA_1': [], 'CAMERA_2': ['long_exposure'], 'CAMERA_3': []}",C_QUESTION_ABOUT_FEATURE,CAMERA_2,long_exposure,I see and can you please tell me about the long exposure,PRESENT_X,CAMERA_2,S_ANSWERS_QUESTION_ABOUT_FEATURE,CAMERA_2,long_exposure,This one can take long exposures up to 60 minutes max with bulb mode.,PRESENT_X,CAMERA_2,39~68
601,5,CAMERA_2,['CAMERA_2'],"{'CAMERA_1': [], 'CAMERA_2': ['long_exposure', 'settings'], 'CAMERA_3': []}",C_SILENT_OR_BACKCHANNEL,CAMERA_2,NONE,wow thats expensive,PRESENT_X,CAMERA_2,S_INTRODUCES_FEATURE,CAMERA_2,settings,"This one has manual control and various automatic settings (video modeburst shooting, etc.).",PRESENT_X,CAMERA_2,13~91
601,6,CAMERA_2,['CAMERA_2'],"{'CAMERA_1': [], 'CAMERA_2': ['long_exposure', 'settings', 'price'], 'CAMERA_3': []}",C_SILENT_OR_BACKCHANNEL,CAMERA_2,NONE,I see,PRESENT_X,CAMERA_2,S_INTRODUCES_FEATURE,CAMERA_2,price,This one costs $768.,PRESENT_X,CAMERA_2,15~19
601,7,NONE,['CAMERA_2'],"{'CAMERA_1': [], 'CAMERA_2': ['long_exposure', 'settings', 'price'], 'CAMERA_3': []}",C_THANK_YOU,CAMERA_2,NONE,thank you for your support,PRESENT_X,CAMERA_2,S_THANK_YOU,CAMERA_2,NONE,thank you very much.,FACE_TO_FACE,NONE,
601,8,NONE,['CAMERA_2'],"{'CAMERA_1': [], 'CAMERA_2': ['long_exposure', 'settings', 'price'], 'CAMERA_3': []}",C_LEAVES,DOOR,NONE,,FACE_TO_FACE,NONE,S_RETURNS_TO_COUNTER,SERVICE_COUNTER,NONE,,WAITING,NONE,
602,1,NONE,[],"{'CAMERA_1': [], 'CAMERA_2': [], 'CAMERA_3': []}",C_ENTERS,DOOR,NONE,,WAITING,NONE,S_NONE,SERVICE_COUNTER,NONE,,WAITING,NONE,
602,2,NONE,[],"{'CAMERA_1': [], 'CAMERA_2': [], 'CAMERA_3': []}",C_WALKS_TO_CAMERA,CAMERA_3,NONE,,WAITING,NONE,S_GREETS,CAMERA_3,NONE,can I help you?,FACE_TO_FACE,NONE,
602,3,CAMERA_3,['CAMERA_3'],"{'CAMERA_1': [], 'CAMERA_2': [], 'CAMERA_3': []}",C_LOOKING_FOR_A_CAMERA,CAMERA_3,NONE,oh honey I'm just looking to buy a camera for my high school graduation,FACE_TO_FACE,NONE,S_INTRODUCES_CAMERA,CAMERA_3,,Let me show you this. Here we have the Fujifilm PowerShot ELPH S2800.,PRESENT_X,CAMERA_3,39~68
602,4,CAMERA_3,['CAMERA_3'],"{'CAMERA_1': [], 'CAMERA_2': [], 'CAMERA_3': ['sensor_size']}",C_SILENT_OR_BACKCHANNEL,CAMERA_3,NONE,Okay.,PRESENT_X,CAMERA_3,S_INTRODUCES_FEATURE,CAMERA_3,sensor_size,This one has a full frame.,PRESENT_X,CAMERA_3,15~25
602,5,CAMERA_3,['CAMERA_3'],"{'CAMERA_1': [], 'CAMERA_2': [], 'CAMERA_3': ['sensor_size', 'resolution']}",C_SILENT_OR_BACKCHANNEL,CAMERA_3,NONE,ok,PRESENT_X,CAMERA_3,S_INTRODUCES_FEATURE,CAMERA_3,resolution,This one has 23.2 megapixels resolution.,PRESENT_X,CAMERA_3,13~28
602,6,CAMERA_3,['CAMERA_3'],"{'CAMERA_1': [], 'CAMERA_2': [], 'CAMERA_3': ['sensor_size', 'resolution', 'optical_zoom']}",C_QUESTION_ABOUT_FEATURE,CAMERA_3,optical_zoom,I see what about the optical zoom,PRESENT_X,CAMERA_3,S_NOT_SURE,CAMERA_3,,I'm not really sure about that.,PRESENT_X,CAMERA_3,
602,7,CAMERA_3,['CAMERA_3'],"{'CAMERA_1': [], 'CAMERA_2': [], 'CAMERA_3': ['sensor_size', 'resolution', 'optical_zoom', 'weight']}",C_QUESTION_ABOUT_FEATURE,CAMERA_3,weight,wow what about the wait how how heavy is it,PRESENT_X,CAMERA_3,S_ANSWERS_QUESTION_ABOUT_FEATURE,CAMERA_3,weight,This one weighs 820 grams.,PRESENT_X,CAMERA_3,16~25
602,8,NONE,['CAMERA_3'],"{'CAMERA_1': [], 'CAMERA_2': [], 'CAMERA_3': ['sensor_size', 'resolution', 'optical_zoom', 'weight']}",C_THANK_YOU,CAMERA_3,NONE,thank you for your time,PRESENT_X,CAMERA_3,S_THANK_YOU,CAMERA_3,NONE,thank you very much.,FACE_TO_FACE,NONE,
602,9,NONE,['CAMERA_3'],"{'CAMERA_1': [], 'CAMERA_2': [], 'CAMERA_3': ['sensor_size', 'resolution', 'optical_zoom', 'weight']}",C_LEAVES,DOOR,NONE,,FACE_TO_FACE,NONE,S_RETURNS_TO_COUNTER,SERVICE_COUNTER,NONE,,WAITING,NONE,
603,1,NONE,[],"{'CAMERA_1': [], 'CAMERA_2': [], 'CAMERA_3': []}",C_ENTERS,DOOR,NONE,,WAITING,NONE,S_NONE,SERVICE_COUNTER,NONE,,WAITING,NONE,
603,2,NONE,[],"{'CAMERA_1': [], 'CAMERA_2': [], 'CAMERA_3': []}",C_WALKS_TO_CAMERA,CAMERA_1,NONE,,WAITING,NONE,S_NONE,SERVICE_COUNTER,NONE,,WAITING,NONE,
603,3,NONE,[],"{'CAMERA_1': [], 'CAMERA_2': [], 'CAMERA_3': []}",C_EXAMINES_CAMERA,CAMERA_1,NONE,,WAITING,NONE,S_GREETS,CAMERA_1,NONE,can I help you?,FACE_TO_FACE,NONE,
603,4,CAMERA_2,['CAMERA_2'],"{'CAMERA_1': [], 'CAMERA_2': [], 'CAMERA_3': []}",C_LOOKING_FOR_A_CAMERA,CAMERA_1,NONE,hey I'm looking for a compact camera,FACE_TO_FACE,NONE,S_INTRODUCES_CAMERA,CAMERA_2,,Let me show you this. Here we have the Fujifilm Lumix ILC Camera.,PRESENT_X,CAMERA_2,39~64
603,5,CAMERA_2,['CAMERA_2'],"{'CAMERA_1': [], 'CAMERA_2': ['color'], 'CAMERA_3': []}",C_QUESTION_ABOUT_FEATURE,CAMERA_2,color,does this come in any other colors,PRESENT_X,CAMERA_2,S_ANSWERS_QUESTION_ABOUT_FEATURE,CAMERA_2,color,This one comes in white or pink.,PRESENT_X,CAMERA_2,18~31
603,6,NONE,['CAMERA_2'],"{'CAMERA_1': [], 'CAMERA_2': ['color'], 'CAMERA_3': []}",C_THANK_YOU,CAMERA_2,NONE,okay thank you,PRESENT_X,CAMERA_2,S_THANK_YOU,CAMERA_2,NONE,thank you very much.,FACE_TO_FACE,NONE,
603,7,NONE,['CAMERA_2'],"{'CAMERA_1': [], 'CAMERA_2': ['color'], 'CAMERA_3': []}",C_LEAVES,DOOR,NONE,,FACE_TO_FACE,NONE,S_RETURNS_TO_COUNTER,SERVICE_COUNTER,NONE,,WAITING,NONE,
604,1,NONE,[],"{'CAMERA_1': [], 'CAMERA_2': [], 'CAMERA_3': []}",C_ENTERS,DOOR,NONE,,WAITING,NONE,S_NONE,SERVICE_COUNTER,NONE,,WAITING,NONE,
604,2,NONE,[],"{'CAMERA_1': [], 'CAMERA_2': [], 'CAMERA_3': []}",C_GREETS,MIDDLE,NONE,excuse me,WAITING,NONE,S_GREETS,MIDDLE,NONE,can I help you?,FACE_TO_FACE,NONE,
604,3,CAMERA_2,['CAMERA_2'],"{'CAMERA_1': [], 'CAMERA_2': [], 'CAMERA_3': []}",C_LOOKING_FOR_A_CAMERA,MIDDLE,NONE,I'm looking for a camera for outdoor shooting this this is how is it good for outdoor shooting,FACE_TO_FACE,NONE,S_INTRODUCES_CAMERA,CAMERA_2,,Let me show you this. Here we have the Fujifilm Lumix ILC Camera.,PRESENT_X,CAMERA_2,39~64
604,4,CAMERA_2,['CAMERA_2'],"{'CAMERA_1': [], 'CAMERA_2': ['optical_zoom'], 'CAMERA_3': []}",C_SILENT_OR_BACKCHANNEL,CAMERA_2,NONE,sounds good,PRESENT_X,CAMERA_2,S_INTRODUCES_FEATURE,CAMERA_2,optical_zoom,This one has 21x optical zoom.,PRESENT_X,CAMERA_2,13~29
604,5,CAMERA_2,['CAMERA_2'],"{'CAMERA_1': [], 'CAMERA_2': ['optical_zoom', 'color'], 'CAMERA_3': []}",C_QUESTION_ABOUT_FEATURE,CAMERA_2,color,Comes in different colors what colors does it come in,PRESENT_X,CAMERA_2,S_ANSWERS_QUESTION_ABOUT_FEATURE,CAMERA_2,color,This one comes in white or pink.,PRESENT_X,CAMERA_2,18~31
604,6,CAMERA_2,['CAMERA_2'],"{'CAMERA_1': [], 'CAMERA_2': ['optical_zoom', 'color', 'price'], 'CAMERA_3': []}",C_QUESTION_ABOUT_FEATURE,CAMERA_2,price,how much does a condom cost,PRESENT_X,CAMERA_2,S_ANSWERS_QUESTION_ABOUT_FEATURE,CAMERA_2,price,This one costs $768.,PRESENT_X,CAMERA_2,15~19
604,7,CAMERA_2,['CAMERA_2'],"{'CAMERA_1': [], 'CAMERA_2': ['optical_zoom', 'color', 'price', 'long_exposure'], 'CAMERA_3': []}",C_QUESTION_ABOUT_FEATURE,CAMERA_2,long_exposure,and I see that it does long exposures does it have bulb mode,PRESENT_X,CAMERA_2,S_ANSWERS_QUESTION_ABOUT_FEATURE,CAMERA_2,long_exposure,This one can take long exposures up to 60 minutes max with bulb mode.,PRESENT_X,CAMERA_2,39~68
604,8,NONE,['CAMERA_2'],"{'CAMERA_1': [], 'CAMERA_2': ['optical_zoom', 'color', 'price', 'long_exposure'], 'CAMERA_3': []}",C_THANK_YOU,CAMERA_2,NONE,thank you,PRESENT_X,CAMERA_2,S_THANK_YOU,CAMERA_2,NONE,thank you very much.,FACE_TO_FACE,NONE,
604,9,NONE,['CAMERA_2'],"{'CAMERA_1': [], 'CAMERA_2': ['optical_zoom', 'color', 'price', 'long_exposure'], 'CAMERA_3': []}",C_LEAVES,DOOR,NONE,,FACE_TO_FACE,NONE,S_RETURNS_TO_COUNTER,SERVICE_COUNTER,NONE,,WAITING,NONE,
605,1,NONE,[],"{'CAMERA_1': [], 'CAMERA_2': [], 'CAMERA_3': []}",C_ENTERS,DOOR,NONE,,WAITING,NONE,S_NONE,SERVICE_COUNTER,NONE,,WAITING,NONE,
605,2,NONE,[],"{'CAMERA_1': [], 'CAMERA_2': [], 'CAMERA_3': []}",C_WALKS_TO_CAMERA,CAMERA_3,NONE,,WAITING,NONE,S_GREETS,CAMERA_3,NONE,can I help you?,FACE_TO_FACE,NONE,
605,3,CAMERA_2,['CAMERA_2'],"{'CAMERA_1': [], 'CAMERA_2': [], 'CAMERA_3': []}",C_LOOKING_FOR_A_CAMERA,CAMERA_3,NONE,I'm looking for a camera for my business,FACE_TO_FACE,NONE,S_INTRODUCES_CAMERA,CAMERA_2,,Let me show you this. Here we have the Fujifilm Lumix ILC Camera.,PRESENT_X,CAMERA_2,39~64
605,4,CAMERA_2,['CAMERA_2'],"{'CAMERA_1': [], 'CAMERA_2': ['effects'], 'CAMERA_3': []}",C_SILENT_OR_BACKCHANNEL,CAMERA_2,NONE,I see,PRESENT_X,CAMERA_2,S_INTRODUCES_FEATURE,CAMERA_2,effects,"This one has 24 artistic effect modes (retro, lighter or darker skin tones, sepia, etc.).",PRESENT_X,CAMERA_2,13~88
605,5,NONE,['CAMERA_2'],"{'CAMERA_1': [], 'CAMERA_2': ['effects'], 'CAMERA_3': []}",C_THANK_YOU,CAMERA_2,NONE,thank you very much thank you,PRESENT_X,CAMERA_2,S_THANK_YOU,CAMERA_2,NONE,thank you very much.,FACE_TO_FACE,NONE,
605,6,NONE,['CAMERA_2'],"{'CAMERA_1': [], 'CAMERA_2': ['effects'], 'CAMERA_3': []}",C_LEAVES,DOOR,NONE,,FACE_TO_FACE,NONE,S_RETURNS_TO_COUNTER,SERVICE_COUNTER,NONE,,WAITING,NONE,
606,1,NONE,[],"{'CAMERA_1': [], 'CAMERA_2': [], 'CAMERA_3': []}",C_ENTERS,DOOR,NONE,,WAITING,NONE,S_NONE,SERVICE_COUNTER,NONE,,WAITING,NONE,
606,2,NONE,[],"{'CAMERA_1': [], 'CAMERA_2': [], 'CAMERA_3': []}",C_WALKS_TO_CAMERA,CAMERA_3,NONE,,WAITING,NONE,S_GREETS,CAMERA_3,NONE,can I help you?,FACE_TO_FACE,NONE,
606,3,CAMERA_2,['CAMERA_2'],"{'CAMERA_1': [], 'CAMERA_2': [], 'CAMERA_3': []}",C_LOOKING_FOR_A_CAMERA,CAMERA_3,NONE,I'm interested in buying a camera but I'm not sure what I need,FACE_TO_FACE,NONE,S_INTRODUCES_CAMERA,CAMERA_2,,Let me show you this. Here we have the Fujifilm Lumix ILC Camera.,PRESENT_X,CAMERA_2,39~64
606,4,CAMERA_2,['CAMERA_2'],"{'CAMERA_1': [], 'CAMERA_2': ['long_exposure'], 'CAMERA_3': []}",C_SILENT_OR_BACKCHANNEL,CAMERA_2,NONE,oh this is nice but we have any medicine color,PRESENT_X,CAMERA_2,S_INTRODUCES_FEATURE,CAMERA_2,long_exposure,This one can take long exposures up to 60 minutes max with bulb mode.,PRESENT_X,CAMERA_2,39~68
606,5,CAMERA_2,['CAMERA_2'],"{'CAMERA_1': [], 'CAMERA_2': ['long_exposure', 'camera_type'], 'CAMERA_3': []}",C_SILENT_OR_BACKCHANNEL,CAMERA_2,NONE,great and finally what is the price,PRESENT_X,CAMERA_2,S_INTRODUCES_FEATURE,CAMERA_2,camera_type,This is a digital single lens mirrorless camera.,PRESENT_X,CAMERA_2,10~40
606,6,CAMERA_2,['CAMERA_2'],"{'CAMERA_1': [], 'CAMERA_2': ['long_exposure', 'camera_type', 'weight'], 'CAMERA_3': []}",C_SILENT_OR_BACKCHANNEL,CAMERA_2,NONE,okay,PRESENT_X,CAMERA_2,S_INTRODUCES_FEATURE,CAMERA_2,weight,This one weighs 820 grams.,PRESENT_X,CAMERA_2,16~25
606,7,NONE,['CAMERA_2'],"{'CAMERA_1': [], 'CAMERA_2': ['long_exposure', 'camera_type', 'weight'], 'CAMERA_3': []}",C_THANK_YOU,CAMERA_2,NONE,thank you so much,PRESENT_X,CAMERA_2,S_THANK_YOU,CAMERA_2,NONE,thank you very much.,FACE_TO_FACE,NONE,
606,8,NONE,['CAMERA_2'],"{'CAMERA_1': [], 'CAMERA_2': ['long_exposure', 'camera_type', 'weight'], 'CAMERA_3': []}",C_LEAVES,DOOR,NONE,,FACE_TO_FACE,NONE,S_RETURNS_TO_COUNTER,SERVICE_COUNTER,NONE,,WAITING,NONE,
607,1,NONE,[],"{'CAMERA_1': [], 'CAMERA_2': [], 'CAMERA_3': []}",C_ENTERS,DOOR,NONE,,WAITING,NONE,S_NONE,SERVICE_COUNTER,NONE,,WAITING,NONE,
607,2,NONE,[],"{'CAMERA_1': [], 'CAMERA_2': [], 'CAMERA_3': []}",C_GREETS,MIDDLE,NONE,excuse me,WAITING,NONE,S_GREETS,MIDDLE,NONE,can I help you?,FACE_TO_FACE,NONE,
607,3,CAMERA_3,['CAMERA_3'],"{'CAMERA_1': [], 'CAMERA_2': [], 'CAMERA_3': []}",C_LOOKING_FOR_A_CAMERA,MIDDLE,NONE,I'm looking for a point and shoot camera,FACE_TO_FACE,NONE,S_INTRODUCES_CAMERA,CAMERA_3,,Let me show you this. Here we have the Fujifilm PowerShot ELPH S2800.,PRESENT_X,CAMERA_3,39~68
607,4,CAMERA_3,['CAMERA_3'],"{'CAMERA_1': [], 'CAMERA_2': [], 'CAMERA_3': ['settings']}",C_QUESTION_ABOUT_FEATURE,CAMERA_3,settings,is it in manual mode,PRESENT_X,CAMERA_3,S_ANSWERS_QUESTION_ABOUT_FEATURE,CAMERA_3,settings,"This one has manual control and various automatic settings (video modeburst shooting, etc.).",PRESENT_X,CAMERA_3,13~91
607,5,CAMERA_3,['CAMERA_3'],"{'CAMERA_1': [], 'CAMERA_2': [], 'CAMERA_3': ['settings', 'weight']}",C_QUESTION_ABOUT_FEATURE,CAMERA_3,weight,Red will be nice and how heavy is this,PRESENT_X,CAMERA_3,S_ANSWERS_QUESTION_ABOUT_FEATURE,CAMERA_3,weight,This one weighs 820 grams.,PRESENT_X,CAMERA_3,16~25
607,6,CAMERA_3,['CAMERA_3'],"{'CAMERA_1': [], 'CAMERA_2': [], 'CAMERA_3': ['settings', 'weight', 'price']}",C_QUESTION_ABOUT_FEATURE,CAMERA_3,price,ok cool prices,PRESENT_X,CAMERA_3,S_ANSWERS_QUESTION_ABOUT_FEATURE,CAMERA_3,price,This one costs $518.,PRESENT_X,CAMERA_3,15~19
607,7,CAMERA_3,['CAMERA_3'],"{'CAMERA_1': [], 'CAMERA_2': [], 'CAMERA_3': ['settings', 'weight', 'price', 'color']}",C_QUESTION_ABOUT_FEATURE,CAMERA_3,color,what colors does this one come in,PRESENT_X,CAMERA_3,S_ANSWERS_QUESTION_ABOUT_FEATURE,CAMERA_3,color,"This one comes in purple, white, silver, blue, red, or pink.",PRESENT_X,CAMERA_3,18~59
607,8,CAMERA_1,"['CAMERA_3', 'CAMERA_1']","{'CAMERA_1': [], 'CAMERA_2': [], 'CAMERA_3': ['settings', 'weight', 'price', 'color']}",C_ANYTHING_ELSE_AVAILABLE,CAMERA_3,NONE,ok do you have any other cameras,PRESENT_X,CAMERA_3,S_INTRODUCES_CAMERA,CAMERA_1,,Let me show you this. Here we have the Sony PowerShot ELPH DMC-ZS3.,PRESENT_X,CAMERA_1,39~66
607,9,CAMERA_1,"['CAMERA_3', 'CAMERA_1']","{'CAMERA_1': ['settings'], 'CAMERA_2': [], 'CAMERA_3': ['settings', 'weight', 'price', 'color']}",C_QUESTION_ABOUT_FEATURE,CAMERA_1,settings,how much Freedom do you have with this like what what can I set according to my liking,PRESENT_X,CAMERA_1,S_ANSWERS_QUESTION_ABOUT_FEATURE,CAMERA_1,settings,This one has limited manual settings.,PRESENT_X,CAMERA_1,13~36
607,10,CAMERA_1,"['CAMERA_3', 'CAMERA_1']","{'CAMERA_1': ['settings', 'ISO'], 'CAMERA_2': [], 'CAMERA_3': ['settings', 'weight', 'price', 'color']}",C_SILENT_OR_BACKCHANNEL,CAMERA_1,NONE,looks nice doesn't match what I want how much is consumed you know I want to sue me in and zoom out,PRESENT_X,CAMERA_1,S_INTRODUCES_FEATURE,CAMERA_1,ISO,This one has up to 51200 ISO.,PRESENT_X,CAMERA_1,13~28
607,11,CAMERA_2,"['CAMERA_3', 'CAMERA_1', 'CAMERA_2']","{'CAMERA_1': ['settings', 'ISO'], 'CAMERA_2': [], 'CAMERA_3': ['settings', 'weight', 'price', 'color']}",C_ANYTHING_ELSE_AVAILABLE,CAMERA_1,NONE,ok do you have any other cameras,PRESENT_X,CAMERA_1,S_INTRODUCES_CAMERA,CAMERA_2,,Let me show you this. Here we have the Fujifilm Lumix ILC Camera.,PRESENT_X,CAMERA_2,39~64
607,12,CAMERA_2,"['CAMERA_3', 'CAMERA_1', 'CAMERA_2']","{'CAMERA_1': ['settings', 'ISO'], 'CAMERA_2': ['camera_type'], 'CAMERA_3': ['settings', 'weight', 'price', 'color']}",C_SILENT_OR_BACKCHANNEL,CAMERA_2,NONE,ok,PRESENT_X,CAMERA_2,S_INTRODUCES_FEATURE,CAMERA_2,camera_type,This is a digital single lens mirrorless camera.,PRESENT_X,CAMERA_2,10~40
607,13,CAMERA_2,"['CAMERA_3', 'CAMERA_1', 'CAMERA_2']","{'CAMERA_1': ['settings', 'ISO'], 'CAMERA_2': ['camera_type', 'effects'], 'CAMERA_3': ['settings', 'weight', 'price', 'color']}",C_SILENT_OR_BACKCHANNEL,CAMERA_2,NONE,hi this camera looks good,PRESENT_X,CAMERA_2,S_INTRODUCES_FEATURE,CAMERA_2,effects,"This one has 24 artistic effect modes (retro, lighter or darker skin tones, sepia, etc.).",PRESENT_X,CAMERA_2,13~88
607,14,CAMERA_2,"['CAMERA_3', 'CAMERA_1', 'CAMERA_2']","{'CAMERA_1': ['settings', 'ISO'], 'CAMERA_2': ['camera_type', 'effects', 'long_exposure'], 'CAMERA_3': ['settings', 'weight', 'price', 'color']}",C_QUESTION_ABOUT_FEATURE,CAMERA_2,long_exposure,Is this support for long exposure,PRESENT_X,CAMERA_2,S_ANSWERS_QUESTION_ABOUT_FEATURE,CAMERA_2,long_exposure,This one can take long exposures up to 60 minutes max with bulb mode.,PRESENT_X,CAMERA_2,39~68
607,15,CAMERA_2,"['CAMERA_3', 'CAMERA_1', 'CAMERA_2']","{'CAMERA_1': ['settings', 'ISO'], 'CAMERA_2': ['camera_type', 'effects', 'long_exposure', 'autofocus_points'], 'CAMERA_3': ['settings', 'weight', 'price', 'color']}",C_QUESTION_ABOUT_FEATURE,CAMERA_2,autofocus_points,how's the auto focus points on this,PRESENT_X,CAMERA_2,S_NOT_SURE,CAMERA_2,,I'm not really sure about that.,PRESENT_X,CAMERA_2,
607,16,CAMERA_2,"['CAMERA_3', 'CAMERA_1', 'CAMERA_2']","{'CAMERA_1': ['settings', 'ISO'], 'CAMERA_2': ['camera_type', 'effects', 'long_exposure', 'autofocus_points', 'preset_modes'], 'CAMERA_3': ['settings', 'weight', 'price', 'color']}",C_QUESTION_ABOUT_FEATURE,CAMERA_2,preset_modes,does it have preset modes,PRESENT_X,CAMERA_2,S_NOT_SURE,CAMERA_2,,I'm not really sure about that.,PRESENT_X,CAMERA_2,
607,17,NONE,"['CAMERA_3', 'CAMERA_1', 'CAMERA_2']","{'CAMERA_1': ['settings', 'ISO'], 'CAMERA_2': ['camera_type', 'effects', 'long_exposure', 'autofocus_points', 'preset_modes'], 'CAMERA_3': ['settings', 'weight', 'price', 'color']}",C_THANK_YOU,CAMERA_2,NONE,okay thank you very much,PRESENT_X,CAMERA_2,S_THANK_YOU,CAMERA_2,NONE,thank you very much.,FACE_TO_FACE,NONE,
607,18,NONE,"['CAMERA_3', 'CAMERA_1', 'CAMERA_2']","{'CAMERA_1': ['settings', 'ISO'], 'CAMERA_2': ['camera_type', 'effects', 'long_exposure', 'autofocus_points', 'preset_modes'], 'CAMERA_3': ['settings', 'weight', 'price', 'color']}",C_LEAVES,DOOR,NONE,,FACE_TO_FACE,NONE,S_RETURNS_TO_COUNTER,SERVICE_COUNTER,NONE,,WAITING,NONE,
608,1,NONE,[],"{'CAMERA_1': [], 'CAMERA_2': [], 'CAMERA_3': []}",C_ENTERS,DOOR,NONE,,WAITING,NONE,S_NONE,SERVICE_COUNTER,NONE,,WAITING,NONE,
608,2,NONE,[],"{'CAMERA_1': [], 'CAMERA_2': [], 'CAMERA_3': []}",C_GREETS,MIDDLE,NONE,kiss me,WAITING,NONE,S_GREETS,MIDDLE,NONE,can I help you?,FACE_TO_FACE,NONE,
608,3,CAMERA_2,['CAMERA_2'],"{'CAMERA_1': [], 'CAMERA_2': [], 'CAMERA_3': []}",C_LOOKING_FOR_A_CAMERA,MIDDLE,NONE,I want to take a look at your cameras,FACE_TO_FACE,NONE,S_INTRODUCES_CAMERA,CAMERA_2,,Let me show you this. Here we have the Fujifilm Lumix ILC Camera.,PRESENT_X,CAMERA_2,39~64
608,4,CAMERA_2,['CAMERA_2'],"{'CAMERA_1': [], 'CAMERA_2': ['effects'], 'CAMERA_3': []}",C_SILENT_OR_BACKCHANNEL,CAMERA_2,NONE,ok is this camera really nice,PRESENT_X,CAMERA_2,S_INTRODUCES_FEATURE,CAMERA_2,effects,"This one has 24 artistic effect modes (retro, lighter or darker skin tones, sepia, etc.).",PRESENT_X,CAMERA_2,13~88
608,5,CAMERA_2,['CAMERA_2'],"{'CAMERA_1': [], 'CAMERA_2': ['effects', 'autofocus_points'], 'CAMERA_3': []}",C_QUESTION_ABOUT_FEATURE,CAMERA_2,autofocus_points,how about this camera how many auto focus points does this have,PRESENT_X,CAMERA_2,S_NOT_SURE,CAMERA_2,,I'm not really sure about that.,PRESENT_X,CAMERA_2,
608,6,CAMERA_2,['CAMERA_2'],"{'CAMERA_1': [], 'CAMERA_2': ['effects', 'autofocus_points', 'settings'], 'CAMERA_3': []}",C_QUESTION_ABOUT_FEATURE,CAMERA_2,settings,Does this camera have preset modes?,PRESENT_X,CAMERA_2,S_ANSWERS_QUESTION_ABOUT_FEATURE,CAMERA_2,settings,"This one has manual control and various automatic settings (video modeburst shooting, etc.).",PRESENT_X,CAMERA_2,13~91
608,7,CAMERA_2,['CAMERA_2'],"{'CAMERA_1': [], 'CAMERA_2': ['effects', 'autofocus_points', 'settings', 'resolution'], 'CAMERA_3': []}",C_QUESTION_ABOUT_FEATURE,CAMERA_2,resolution,and this is a touch screen,PRESENT_X,CAMERA_2,S_ANSWERS_QUESTION_ABOUT_FEATURE,CAMERA_2,resolution,This one has 23.8 megapixels resolution.,PRESENT_X,CAMERA_2,13~28
608,8,CAMERA_2,['CAMERA_2'],"{'CAMERA_1': [], 'CAMERA_2': ['effects', 'autofocus_points', 'settings', 'resolution', 'preset_modes'], 'CAMERA_3': []}",C_QUESTION_ABOUT_FEATURE,CAMERA_2,preset_modes,and it has bulb mode right,PRESENT_X,CAMERA_2,S_NOT_SURE,CAMERA_2,,I'm not really sure about that.,PRESENT_X,CAMERA_2,
608,9,NONE,['CAMERA_2'],"{'CAMERA_1': [], 'CAMERA_2': ['effects', 'autofocus_points', 'settings', 'resolution', 'preset_modes'], 'CAMERA_3': []}",C_THANK_YOU,CAMERA_2,NONE,thanks for your help,PRESENT_X,CAMERA_2,S_THANK_YOU,CAMERA_2,NONE,thank you very much.,FACE_TO_FACE,NONE,
608,10,NONE,['CAMERA_2'],"{'CAMERA_1': [], 'CAMERA_2': ['effects', 'autofocus_points', 'settings', 'resolution', 'preset_modes'], 'CAMERA_3': []}",C_LEAVES,DOOR,NONE,,FACE_TO_FACE,NONE,S_RETURNS_TO_COUNTER,SERVICE_COUNTER,NONE,,WAITING,NONE,
609,1,NONE,[],"{'CAMERA_1': [], 'CAMERA_2': [], 'CAMERA_3': []}",C_ENTERS,DOOR,NONE,,WAITING,NONE,S_NONE,SERVICE_COUNTER,NONE,,WAITING,NONE,
609,2,NONE,[],"{'CAMERA_1': [], 'CAMERA_2': [], 'CAMERA_3': []}",C_GREETS,MIDDLE,NONE,excuse me,WAITING,NONE,S_GREETS,MIDDLE,NONE,can I help you?,FACE_TO_FACE,NONE,
609,3,CAMERA_1,['CAMERA_1'],"{'CAMERA_1': [], 'CAMERA_2': [], 'CAMERA_3': []}",C_LOOKING_FOR_A_CAMERA,MIDDLE,NONE,hello I'm looking for a camera with very high is so can you recommend one for me,FACE_TO_FACE,NONE,S_INTRODUCES_CAMERA,CAMERA_1,,Let me show you this. Here we have the Sony PowerShot ELPH DMC-ZS3.,PRESENT_X,CAMERA_1,39~66
609,4,CAMERA_1,['CAMERA_1'],"{'CAMERA_1': ['weight'], 'CAMERA_2': [], 'CAMERA_3': []}",C_QUESTION_ABOUT_FEATURE,CAMERA_1,weight,yeah looks going to wait how much does it weigh,PRESENT_X,CAMERA_1,S_ANSWERS_QUESTION_ABOUT_FEATURE,CAMERA_1,weight,This one weighs 800 grams.,PRESENT_X,CAMERA_1,16~25
609,5,CAMERA_1,['CAMERA_1'],"{'CAMERA_1': ['weight', 'long_exposure'], 'CAMERA_2': [], 'CAMERA_3': []}",C_QUESTION_ABOUT_FEATURE,CAMERA_1,long_exposure,okay and how is it for long exposures,PRESENT_X,CAMERA_1,S_ANSWERS_QUESTION_ABOUT_FEATURE,CAMERA_1,long_exposure,This one can take long exposures up to up to 15 seconds with Long Shutter Mode.,PRESENT_X,CAMERA_1,39~78
609,6,NONE,['CAMERA_1'],"{'CAMERA_1': ['weight', 'long_exposure'], 'CAMERA_2': [], 'CAMERA_3': []}",C_THANK_YOU,CAMERA_1,NONE,ok thanks,PRESENT_X,CAMERA_1,S_THANK_YOU,CAMERA_1,NONE,thank you very much.,FACE_TO_FACE,NONE,
609,7,NONE,['CAMERA_1'],"{'CAMERA_1': ['weight', 'long_exposure'], 'CAMERA_2': [], 'CAMERA_3': []}",C_LEAVES,DOOR,NONE,,FACE_TO_FACE,NONE,S_RETURNS_TO_COUNTER,SERVICE_COUNTER,NONE,,WAITING,NONE,
610,1,NONE,[],"{'CAMERA_1': [], 'CAMERA_2': [], 'CAMERA_3': []}",C_ENTERS,DOOR,NONE,,WAITING,NONE,S_NONE,SERVICE_COUNTER,NONE,,WAITING,NONE,
610,2,NONE,[],"{'CAMERA_1': [], 'CAMERA_2': [], 'CAMERA_3': []}",C_GREETS,MIDDLE,NONE,hello,WAITING,NONE,S_GREETS,MIDDLE,NONE,can I help you?,FACE_TO_FACE,NONE,
610,3,CAMERA_2,['CAMERA_2'],"{'CAMERA_1': [], 'CAMERA_2': [], 'CAMERA_3': []}",C_LOOKING_FOR_A_CAMERA,MIDDLE,NONE,I'm just browsing around just searching for a camera,FACE_TO_FACE,NONE,S_INTRODUCES_CAMERA,CAMERA_2,,Let me show you this. Here we have the Fujifilm Lumix ILC Camera.,PRESENT_X,CAMERA_2,39~64
610,4,CAMERA_2,['CAMERA_2'],"{'CAMERA_1': [], 'CAMERA_2': ['color'], 'CAMERA_3': []}",C_QUESTION_ABOUT_FEATURE,CAMERA_2,color,oh I see in a different color is awful,PRESENT_X,CAMERA_2,S_ANSWERS_QUESTION_ABOUT_FEATURE,CAMERA_2,color,This one comes in white or pink.,PRESENT_X,CAMERA_2,18~31
610,5,CAMERA_2,['CAMERA_2'],"{'CAMERA_1': [], 'CAMERA_2': ['color', 'resolution'], 'CAMERA_3': []}",C_QUESTION_ABOUT_FEATURE,CAMERA_2,resolution,in how many megapixels is this one,PRESENT_X,CAMERA_2,S_ANSWERS_QUESTION_ABOUT_FEATURE,CAMERA_2,resolution,This one has 23.8 megapixels resolution.,PRESENT_X,CAMERA_2,13~28
610,6,CAMERA_2,['CAMERA_2'],"{'CAMERA_1': [], 'CAMERA_2': ['color', 'resolution', 'settings'], 'CAMERA_3': []}",C_SILENT_OR_BACKCHANNEL,CAMERA_2,NONE,ok,PRESENT_X,CAMERA_2,S_INTRODUCES_FEATURE,CAMERA_2,settings,"This one has manual control and various automatic settings (video modeburst shooting, etc.).",PRESENT_X,CAMERA_2,13~91
610,7,CAMERA_2,['CAMERA_2'],"{'CAMERA_1': [], 'CAMERA_2': ['color', 'resolution', 'settings', 'price'], 'CAMERA_3': []}",C_SILENT_OR_BACKCHANNEL,CAMERA_2,NONE,yeah,PRESENT_X,CAMERA_2,S_INTRODUCES_FEATURE,CAMERA_2,price,This one costs $768.,PRESENT_X,CAMERA_2,15~19
610,8,CAMERA_2,['CAMERA_2'],"{'CAMERA_1': [], 'CAMERA_2': ['color', 'resolution', 'settings', 'price', 'long_exposure'], 'CAMERA_3': []}",C_SILENT_OR_BACKCHANNEL,CAMERA_2,NONE,IC,PRESENT_X,CAMERA_2,S_INTRODUCES_FEATURE,CAMERA_2,long_exposure,This one can take long exposures up to 60 minutes max with bulb mode.,PRESENT_X,CAMERA_2,39~68
610,9,NONE,['CAMERA_2'],"{'CAMERA_1': [], 'CAMERA_2': ['color', 'resolution', 'settings', 'price', 'long_exposure'], 'CAMERA_3': []}",C_THANK_YOU,CAMERA_2,NONE,thank you,PRESENT_X,CAMERA_2,S_THANK_YOU,CAMERA_2,NONE,thank you very much.,FACE_TO_FACE,NONE,
610,10,NONE,['CAMERA_2'],"{'CAMERA_1': [], 'CAMERA_2': ['color', 'resolution', 'settings', 'price', 'long_exposure'], 'CAMERA_3': []}",C_LEAVES,DOOR,NONE,,FACE_TO_FACE,NONE,S_RETURNS_TO_COUNTER,SERVICE_COUNTER,NONE,,WAITING,NONE,
611,1,NONE,[],"{'CAMERA_1': [], 'CAMERA_2': [], 'CAMERA_3': []}",C_ENTERS,DOOR,NONE,,WAITING,NONE,S_NONE,SERVICE_COUNTER,NONE,,WAITING,NONE,
611,2,NONE,[],"{'CAMERA_1': [], 'CAMERA_2': [], 'CAMERA_3': []}",C_WALKS_TO_CAMERA,CAMERA_2,NONE,,WAITING,NONE,S_GREETS,CAMERA_2,NONE,can I help you?,FACE_TO_FACE,NONE,
611,3,CAMERA_3,['CAMERA_3'],"{'CAMERA_1': [], 'CAMERA_2': [], 'CAMERA_3': []}",C_LOOKING_FOR_A_CAMERA,CAMERA_2,NONE,I'm looking for camera to take family pictures,FACE_TO_FACE,NONE,S_INTRODUCES_CAMERA,CAMERA_3,,Let me show you this. Here we have the Fujifilm PowerShot ELPH S2800.,PRESENT_X,CAMERA_3,39~68
611,4,CAMERA_3,['CAMERA_3'],"{'CAMERA_1': [], 'CAMERA_2': [], 'CAMERA_3': ['price']}",C_QUESTION_ABOUT_FEATURE,CAMERA_3,price,how much is it,PRESENT_X,CAMERA_3,S_ANSWERS_QUESTION_ABOUT_FEATURE,CAMERA_3,price,This one costs $518.,PRESENT_X,CAMERA_3,15~19
611,5,CAMERA_3,['CAMERA_3'],"{'CAMERA_1': [], 'CAMERA_2': [], 'CAMERA_3': ['price', 'color']}",C_SILENT_OR_BACKCHANNEL,CAMERA_3,NONE,oh wow its looks nice,PRESENT_X,CAMERA_3,S_INTRODUCES_FEATURE,CAMERA_3,color,"This one comes in purple, white, silver, blue, red, or pink.",PRESENT_X,CAMERA_3,18~59
611,6,CAMERA_3,['CAMERA_3'],"{'CAMERA_1': [], 'CAMERA_2': [], 'CAMERA_3': ['price', 'color', 'ISO']}",C_QUESTION_ABOUT_FEATURE,CAMERA_3,ISO,what was the ISO on the bigger one,PRESENT_X,CAMERA_3,S_ANSWERS_QUESTION_ABOUT_FEATURE,CAMERA_3,ISO,This one has up to 3200 ISO with little noise.,PRESENT_X,CAMERA_3,13~45
611,7,CAMERA_3,['CAMERA_3'],"{'CAMERA_1': [], 'CAMERA_2': [], 'CAMERA_3': ['price', 'color', 'ISO', 'effects']}",C_QUESTION_ABOUT_FEATURE,CAMERA_3,effects,does it have artistic effect lights,PRESENT_X,CAMERA_3,S_ANSWERS_QUESTION_ABOUT_FEATURE,CAMERA_3,effects,"This one has 21 photo effects (small face, retro, big eyes, etc.).",PRESENT_X,CAMERA_3,13~65
611,8,CAMERA_3,['CAMERA_3'],"{'CAMERA_1': [], 'CAMERA_2': [], 'CAMERA_3': ['price', 'color', 'ISO', 'effects', 'autofocus_points']}",C_QUESTION_ABOUT_FEATURE,CAMERA_3,autofocus_points,ok what about the auto focus points,PRESENT_X,CAMERA_3,S_ANSWERS_QUESTION_ABOUT_FEATURE,CAMERA_3,autofocus_points,This one has 214 autofocus points.,PRESENT_X,CAMERA_3,13~33
611,9,CAMERA_3,['CAMERA_3'],"{'CAMERA_1': [], 'CAMERA_2': [], 'CAMERA_3': ['price', 'color', 'ISO', 'effects', 'autofocus_points', 'sensor_size']}",C_SILENT_OR_BACKCHANNEL,CAMERA_3,NONE,I say,PRESENT_X,CAMERA_3,S_INTRODUCES_FEATURE,CAMERA_3,sensor_size,This one has a full frame.,PRESENT_X,CAMERA_3,15~25
611,10,CAMERA_3,['CAMERA_3'],"{'CAMERA_1': [], 'CAMERA_2': [], 'CAMERA_3': ['price', 'color', 'ISO', 'effects', 'autofocus_points', 'sensor_size', 'camera_type']}",C_QUESTION_ABOUT_FEATURE,CAMERA_3,camera_type,is this a DSLR camera,PRESENT_X,CAMERA_3,S_ANSWERS_QUESTION_ABOUT_FEATURE,CAMERA_3,camera_type,This is a point and shoot camera.,PRESENT_X,CAMERA_3,10~25
611,11,CAMERA_3,['CAMERA_3'],"{'CAMERA_1': [], 'CAMERA_2': [], 'CAMERA_3': ['price', 'color', 'ISO', 'effects', 'autofocus_points', 'sensor_size', 'camera_type', 'optical_zoom']}",C_QUESTION_ABOUT_FEATURE,CAMERA_3,optical_zoom,Sharp Images High and optical zoom does that mean the lens comes out,PRESENT_X,CAMERA_3,S_NOT_SURE,CAMERA_3,,I'm not really sure about that.,PRESENT_X,CAMERA_3,
611,12,CAMERA_3,['CAMERA_3'],"{'CAMERA_1': [], 'CAMERA_2': [], 'CAMERA_3': ['price', 'color', 'ISO', 'effects', 'autofocus_points', 'sensor_size', 'camera_type', 'optical_zoom', 'weight']}",C_SILENT_OR_BACKCHANNEL,CAMERA_3,NONE,oh I see,PRESENT_X,CAMERA_3,S_INTRODUCES_FEATURE,CAMERA_3,weight,This one weighs 820 grams.,PRESENT_X,CAMERA_3,16~25
611,13,CAMERA_3,['CAMERA_3'],"{'CAMERA_1': [], 'CAMERA_2': [], 'CAMERA_3': ['price', 'color', 'ISO', 'effects', 'autofocus_points', 'sensor_size', 'camera_type', 'optical_zoom', 'weight', 'resolution']}",C_QUESTION_ABOUT_FEATURE,CAMERA_3,resolution,how many megapixels does it have,PRESENT_X,CAMERA_3,S_ANSWERS_QUESTION_ABOUT_FEATURE,CAMERA_3,resolution,This one has 23.2 megapixels resolution.,PRESENT_X,CAMERA_3,13~28
611,14,CAMERA_3,['CAMERA_3'],"{'CAMERA_1': [], 'CAMERA_2': [], 'CAMERA_3': ['price', 'color', 'ISO', 'effects', 'autofocus_points', 'sensor_size', 'camera_type', 'optical_zoom', 'weight', 'resolution', 'settings']}",C_QUESTION_ABOUT_FEATURE,CAMERA_3,settings,what about the manual testing supposed to feel flexibility,PRESENT_X,CAMERA_3,S_ANSWERS_QUESTION_ABOUT_FEATURE,CAMERA_3,settings,"This one has manual control and various automatic settings (video modeburst shooting, etc.).",PRESENT_X,CAMERA_3,13~91
611,15,CAMERA_1,"['CAMERA_3', 'CAMERA_1']","{'CAMERA_1': [], 'CAMERA_2': [], 'CAMERA_3': ['price', 'color', 'ISO', 'effects', 'autofocus_points', 'sensor_size', 'camera_type', 'optical_zoom', 'weight', 'resolution', 'settings']}",C_ANYTHING_ELSE_AVAILABLE,CAMERA_3,NONE,So this is the only model you have in your shop,PRESENT_X,CAMERA_3,S_INTRODUCES_CAMERA,CAMERA_1,,Let me show you this. Here we have the Sony PowerShot ELPH DMC-ZS3.,PRESENT_X,CAMERA_1,39~66
611,16,CAMERA_1,"['CAMERA_3', 'CAMERA_1']","{'CAMERA_1': ['preset_modes'], 'CAMERA_2': [], 'CAMERA_3': ['price', 'color', 'ISO', 'effects', 'autofocus_points', 'sensor_size', 'camera_type', 'optical_zoom', 'weight', 'resolution', 'settings']}",C_QUESTION_ABOUT_FEATURE,CAMERA_1,preset_modes,Does camera support for preset Morsi,PRESENT_X,CAMERA_1,S_NOT_SURE,CAMERA_1,,I'm not really sure about that.,PRESENT_X,CAMERA_1,
611,17,CAMERA_1,"['CAMERA_3', 'CAMERA_1']","{'CAMERA_1': ['preset_modes', 'sensor_size'], 'CAMERA_2': [], 'CAMERA_3': ['price', 'color', 'ISO', 'effects', 'autofocus_points', 'sensor_size', 'camera_type', 'optical_zoom', 'weight', 'resolution', 'settings']}",C_QUESTION_ABOUT_FEATURE,CAMERA_1,sensor_size,oh I see and what about this sensor site,PRESENT_X,CAMERA_1,S_ANSWERS_QUESTION_ABOUT_FEATURE,CAMERA_1,sensor_size,This one has a 1/2.3 inch CMOS sensor.,PRESENT_X,CAMERA_1,15~37
611,18,CAMERA_1,"['CAMERA_3', 'CAMERA_1']","{'CAMERA_1': ['preset_modes', 'sensor_size', 'color'], 'CAMERA_2': [], 'CAMERA_3': ['price', 'color', 'ISO', 'effects', 'autofocus_points', 'sensor_size', 'camera_type', 'optical_zoom', 'weight', 'resolution', 'settings']}",C_QUESTION_ABOUT_FEATURE,CAMERA_1,color,does it come in any other color,PRESENT_X,CAMERA_1,S_ANSWERS_QUESTION_ABOUT_FEATURE,CAMERA_1,color,This one comes in blue or black.,PRESENT_X,CAMERA_1,18~31
611,19,CAMERA_1,"['CAMERA_3', 'CAMERA_1']","{'CAMERA_1': ['preset_modes', 'sensor_size', 'color', 'long_exposure'], 'CAMERA_2': [], 'CAMERA_3': ['price', 'color', 'ISO', 'effects', 'autofocus_points', 'sensor_size', 'camera_type', 'optical_zoom', 'weight', 'resolution', 'settings']}",C_SILENT_OR_BACKCHANNEL,CAMERA_1,NONE,$68 wow that's great,PRESENT_X,CAMERA_1,S_INTRODUCES_FEATURE,CAMERA_1,long_exposure,This one can take long exposures up to up to 15 seconds with Long Shutter Mode.,PRESENT_X,CAMERA_1,39~78
611,20,CAMERA_2,"['CAMERA_3', 'CAMERA_1', 'CAMERA_2']","{'CAMERA_1': ['preset_modes', 'sensor_size', 'color', 'long_exposure'], 'CAMERA_2': [], 'CAMERA_3': ['price', 'color', 'ISO', 'effects', 'autofocus_points', 'sensor_size', 'camera_type', 'optical_zoom', 'weight', 'resolution', 'settings']}",C_ANYTHING_ELSE_AVAILABLE,CAMERA_1,NONE,okay do you have any other cameras I might be interested,PRESENT_X,CAMERA_1,S_INTRODUCES_CAMERA,CAMERA_2,,Let me show you this. Here we have the Fujifilm Lumix ILC Camera.,PRESENT_X,CAMERA_2,39~64
611,21,CAMERA_2,"['CAMERA_3', 'CAMERA_1', 'CAMERA_2']","{'CAMERA_1': ['preset_modes', 'sensor_size', 'color', 'long_exposure'], 'CAMERA_2': ['settings'], 'CAMERA_3': ['price', 'color', 'ISO', 'effects', 'autofocus_points', 'sensor_size', 'camera_type', 'optical_zoom', 'weight', 'resolution', 'settings']}",C_SILENT_OR_BACKCHANNEL,CAMERA_2,NONE,okay that's good not going to come is pretty noisy so I will be nice to have a change,PRESENT_X,CAMERA_2,S_INTRODUCES_FEATURE,CAMERA_2,settings,"This one has manual control and various automatic settings (video modeburst shooting, etc.).",PRESENT_X,CAMERA_2,13~91
611,22,CAMERA_2,"['CAMERA_3', 'CAMERA_1', 'CAMERA_2']","{'CAMERA_1': ['preset_modes', 'sensor_size', 'color', 'long_exposure'], 'CAMERA_2': ['settings', 'weight'], 'CAMERA_3': ['price', 'color', 'ISO', 'effects', 'autofocus_points', 'sensor_size', 'camera_type', 'optical_zoom', 'weight', 'resolution', 'settings']}",C_SILENT_OR_BACKCHANNEL,CAMERA_2,NONE,yeah,PRESENT_X,CAMERA_2,S_INTRODUCES_FEATURE,CAMERA_2,weight,This one weighs 820 grams.,PRESENT_X,CAMERA_2,16~25
611,23,CAMERA_2,"['CAMERA_3', 'CAMERA_1', 'CAMERA_2']","{'CAMERA_1': ['preset_modes', 'sensor_size', 'color', 'long_exposure'], 'CAMERA_2': ['settings', 'weight', 'long_exposure'], 'CAMERA_3': ['price', 'color', 'ISO', 'effects', 'autofocus_points', 'sensor_size', 'camera_type', 'optical_zoom', 'weight', 'resolution', 'settings']}",C_SILENT_OR_BACKCHANNEL,CAMERA_2,NONE,okay sounds good,PRESENT_X,CAMERA_2,S_INTRODUCES_FEATURE,CAMERA_2,long_exposure,This one can take long exposures up to 60 minutes max with bulb mode.,PRESENT_X,CAMERA_2,39~68
611,24,CAMERA_2,"['CAMERA_3', 'CAMERA_1', 'CAMERA_2']","{'CAMERA_1': ['preset_modes', 'sensor_size', 'color', 'long_exposure'], 'CAMERA_2': ['settings', 'weight', 'long_exposure', 'optical_zoom'], 'CAMERA_3': ['price', 'color', 'ISO', 'effects', 'autofocus_points', 'sensor_size', 'camera_type', 'optical_zoom', 'weight', 'resolution', 'settings']}",C_SILENT_OR_BACKCHANNEL,CAMERA_2,NONE,ok,PRESENT_X,CAMERA_2,S_INTRODUCES_FEATURE,CAMERA_2,optical_zoom,This one has 21x optical zoom.,PRESENT_X,CAMERA_2,13~29
611,25,,"['CAMERA_3', 'CAMERA_1', 'CAMERA_2']","{'CAMERA_1': ['preset_modes', 'sensor_size', 'color', 'long_exposure'], 'CAMERA_2': ['settings', 'weight', 'long_exposure', 'optical_zoom'], 'CAMERA_3': ['price', 'color', 'ISO', 'effects', 'autofocus_points', 'sensor_size', 'camera_type', 'optical_zoom', 'weight', 'resolution', 'settings']}",C_ANYTHING_ELSE_AVAILABLE,CAMERA_2,NONE,do you have anything better than this,PRESENT_X,CAMERA_2,S_THATS_ALL_WE_HAVE_AVAILABLE,CAMERA_2,,That's all we have available at the moment.,PRESENT_X,CAMERA_2,
611,26,NONE,"['CAMERA_3', 'CAMERA_1', 'CAMERA_2']","{'CAMERA_1': ['preset_modes', 'sensor_size', 'color', 'long_exposure'], 'CAMERA_2': ['settings', 'weight', 'long_exposure', 'optical_zoom'], 'CAMERA_3': ['price', 'color', 'ISO', 'effects', 'autofocus_points', 'sensor_size', 'camera_type', 'optical_zoom', 'weight', 'resolution', 'settings']}",C_THANK_YOU,CAMERA_2,NONE,thank you,PRESENT_X,CAMERA_2,S_THANK_YOU,CAMERA_2,NONE,thank you very much.,FACE_TO_FACE,NONE,
611,27,NONE,"['CAMERA_3', 'CAMERA_1', 'CAMERA_2']","{'CAMERA_1': ['preset_modes', 'sensor_size', 'color', 'long_exposure'], 'CAMERA_2': ['settings', 'weight', 'long_exposure', 'optical_zoom'], 'CAMERA_3': ['price', 'color', 'ISO', 'effects', 'autofocus_points', 'sensor_size', 'camera_type', 'optical_zoom', 'weight', 'resolution', 'settings']}",C_LEAVES,DOOR,NONE,,FACE_TO_FACE,NONE,S_RETURNS_TO_COUNTER,SERVICE_COUNTER,NONE,,WAITING,NONE,
612,1,NONE,[],"{'CAMERA_1': [], 'CAMERA_2': [], 'CAMERA_3': []}",C_ENTERS,DOOR,NONE,,WAITING,NONE,S_NONE,SERVICE_COUNTER,NONE,,WAITING,NONE,
612,2,NONE,[],"{'CAMERA_1': [], 'CAMERA_2': [], 'CAMERA_3': []}",C_WALKS_TO_CAMERA,CAMERA_1,NONE,,WAITING,NONE,S_GREETS,CAMERA_1,NONE,can I help you?,FACE_TO_FACE,NONE,
612,3,CAMERA_1,['CAMERA_1'],"{'CAMERA_1': [], 'CAMERA_2': [], 'CAMERA_3': []}",C_LOOKING_FOR_A_CAMERA,CAMERA_1,NONE,just looking to buy a camera,FACE_TO_FACE,NONE,S_INTRODUCES_CAMERA,CAMERA_1,,Let me show you this. Here we have the Sony PowerShot ELPH DMC-ZS3.,PRESENT_X,CAMERA_1,39~66
612,4,CAMERA_1,['CAMERA_1'],"{'CAMERA_1': ['autofocus_points'], 'CAMERA_2': [], 'CAMERA_3': []}",C_SILENT_OR_BACKCHANNEL,CAMERA_1,NONE,ok,PRESENT_X,CAMERA_1,S_INTRODUCES_FEATURE,CAMERA_1,autofocus_points,This one has 135 autofocus points.,PRESENT_X,CAMERA_1,13~33
612,5,CAMERA_1,['CAMERA_1'],"{'CAMERA_1': ['autofocus_points', 'long_exposure'], 'CAMERA_2': [], 'CAMERA_3': []}",C_SILENT_OR_BACKCHANNEL,CAMERA_1,NONE,hi this camera looks good,PRESENT_X,CAMERA_1,S_INTRODUCES_FEATURE,CAMERA_1,long_exposure,This one can take long exposures up to up to 15 seconds with Long Shutter Mode.,PRESENT_X,CAMERA_1,39~78
612,6,NONE,['CAMERA_1'],"{'CAMERA_1': ['autofocus_points', 'long_exposure'], 'CAMERA_2': [], 'CAMERA_3': []}",C_THANK_YOU,CAMERA_1,NONE,okay thanks a lot,PRESENT_X,CAMERA_1,S_THANK_YOU,CAMERA_1,NONE,thank you very much.,FACE_TO_FACE,NONE,
612,7,NONE,['CAMERA_1'],"{'CAMERA_1': ['autofocus_points', 'long_exposure'], 'CAMERA_2': [], 'CAMERA_3': []}",C_LEAVES,DOOR,NONE,,FACE_TO_FACE,NONE,S_RETURNS_TO_COUNTER,SERVICE_COUNTER,NONE,,WAITING,NONE,
613,1,NONE,[],"{'CAMERA_1': [], 'CAMERA_2': [], 'CAMERA_3': []}",C_ENTERS,DOOR,NONE,,WAITING,NONE,S_NONE,SERVICE_COUNTER,NONE,,WAITING,NONE,
613,2,NONE,[],"{'CAMERA_1': [], 'CAMERA_2': [], 'CAMERA_3': []}",C_GREETS,MIDDLE,NONE,excuse me,WAITING,NONE,S_GREETS,MIDDLE,NONE,can I help you?,FACE_TO_FACE,NONE,
613,3,CAMERA_2,['CAMERA_2'],"{'CAMERA_1': [], 'CAMERA_2': [], 'CAMERA_3': []}",C_LOOKING_FOR_A_CAMERA,MIDDLE,NONE,could you recommend me a good camera,FACE_TO_FACE,NONE,S_INTRODUCES_CAMERA,CAMERA_2,,Let me show you this. Here we have the Fujifilm Lumix ILC Camera.,PRESENT_X,CAMERA_2,39~64
613,4,CAMERA_2,['CAMERA_2'],"{'CAMERA_1': [], 'CAMERA_2': ['long_exposure'], 'CAMERA_3': []}",C_SILENT_OR_BACKCHANNEL,CAMERA_2,NONE,uh huh I just want to see the cameras,PRESENT_X,CAMERA_2,S_INTRODUCES_FEATURE,CAMERA_2,long_exposure,This one can take long exposures up to 60 minutes max with bulb mode.,PRESENT_X,CAMERA_2,39~68
613,5,CAMERA_2,['CAMERA_2'],"{'CAMERA_1': [], 'CAMERA_2': ['long_exposure', 'settings'], 'CAMERA_3': []}",C_SILENT_OR_BACKCHANNEL,CAMERA_2,NONE,it looks like a good camera what this iso mean,PRESENT_X,CAMERA_2,S_INTRODUCES_FEATURE,CAMERA_2,settings,"This one has manual control and various automatic settings (video modeburst shooting, etc.).",PRESENT_X,CAMERA_2,13~91
613,6,CAMERA_2,['CAMERA_2'],"{'CAMERA_1': [], 'CAMERA_2': ['long_exposure', 'settings', 'optical_zoom'], 'CAMERA_3': []}",C_SILENT_OR_BACKCHANNEL,CAMERA_2,NONE,ic,PRESENT_X,CAMERA_2,S_INTRODUCES_FEATURE,CAMERA_2,optical_zoom,This one has 21x optical zoom.,PRESENT_X,CAMERA_2,13~29
613,7,CAMERA_2,['CAMERA_2'],"{'CAMERA_1': [], 'CAMERA_2': ['long_exposure', 'settings', 'optical_zoom', 'weight'], 'CAMERA_3': []}",C_SILENT_OR_BACKCHANNEL,CAMERA_2,NONE,let's see,PRESENT_X,CAMERA_2,S_INTRODUCES_FEATURE,CAMERA_2,weight,This one weighs 820 grams.,PRESENT_X,CAMERA_2,16~25
613,8,NONE,['CAMERA_2'],"{'CAMERA_1': [], 'CAMERA_2': ['long_exposure', 'settings', 'optical_zoom', 'weight'], 'CAMERA_3': []}",C_THANK_YOU,CAMERA_2,NONE,thanks,PRESENT_X,CAMERA_2,S_THANK_YOU,CAMERA_2,NONE,thank you very much.,FACE_TO_FACE,NONE,
613,9,NONE,['CAMERA_2'],"{'CAMERA_1': [], 'CAMERA_2': ['long_exposure', 'settings', 'optical_zoom', 'weight'], 'CAMERA_3': []}",C_LEAVES,DOOR,NONE,,FACE_TO_FACE,NONE,S_RETURNS_TO_COUNTER,SERVICE_COUNTER,NONE,,WAITING,NONE,
614,1,NONE,[],"{'CAMERA_1': [], 'CAMERA_2': [], 'CAMERA_3': []}",C_ENTERS,DOOR,NONE,,WAITING,NONE,S_NONE,SERVICE_COUNTER,NONE,,WAITING,NONE,
614,2,NONE,[],"{'CAMERA_1': [], 'CAMERA_2': [], 'CAMERA_3': []}",C_GREETS,MIDDLE,NONE,sorry I may ask something about this camera,WAITING,NONE,S_GREETS,MIDDLE,NONE,can I help you?,FACE_TO_FACE,NONE,
614,3,CAMERA_3,['CAMERA_3'],"{'CAMERA_1': [], 'CAMERA_2': [], 'CAMERA_3': []}",C_LOOKING_FOR_A_CAMERA,MIDDLE,NONE,well I'm not sure I quite know what I want to,FACE_TO_FACE,NONE,S_INTRODUCES_CAMERA,CAMERA_3,,Let me show you this. Here we have the Fujifilm PowerShot ELPH S2800.,PRESENT_X,CAMERA_3,39~68
614,4,CAMERA_3,['CAMERA_3'],"{'CAMERA_1': [], 'CAMERA_2': [], 'CAMERA_3': ['effects']}",C_QUESTION_ABOUT_FEATURE,CAMERA_3,effects,what kind of effects does it have,PRESENT_X,CAMERA_3,S_ANSWERS_QUESTION_ABOUT_FEATURE,CAMERA_3,effects,"This one has 21 photo effects (small face, retro, big eyes, etc.).",PRESENT_X,CAMERA_3,13~65
614,5,CAMERA_3,['CAMERA_3'],"{'CAMERA_1': [], 'CAMERA_2': [], 'CAMERA_3': ['effects', 'sensor_size']}",C_QUESTION_ABOUT_FEATURE,CAMERA_3,sensor_size,what's is a like on this camera,PRESENT_X,CAMERA_3,S_ANSWERS_QUESTION_ABOUT_FEATURE,CAMERA_3,sensor_size,This one has a full frame.,PRESENT_X,CAMERA_3,15~25
614,6,NONE,['CAMERA_3'],"{'CAMERA_1': [], 'CAMERA_2': [], 'CAMERA_3': ['effects', 'sensor_size']}",C_THANK_YOU,CAMERA_3,NONE,ok thank you,PRESENT_X,CAMERA_3,S_THANK_YOU,CAMERA_3,NONE,thank you very much.,FACE_TO_FACE,NONE,
614,7,NONE,['CAMERA_3'],"{'CAMERA_1': [], 'CAMERA_2': [], 'CAMERA_3': ['effects', 'sensor_size']}",C_LEAVES,DOOR,NONE,,FACE_TO_FACE,NONE,S_RETURNS_TO_COUNTER,SERVICE_COUNTER,NONE,,WAITING,NONE,
615,1,NONE,[],"{'CAMERA_1': [], 'CAMERA_2': [], 'CAMERA_3': []}",C_ENTERS,DOOR,NONE,,WAITING,NONE,S_NONE,SERVICE_COUNTER,NONE,,WAITING,NONE,
615,2,NONE,[],"{'CAMERA_1': [], 'CAMERA_2': [], 'CAMERA_3': []}",C_WALKS_TO_CAMERA,CAMERA_2,NONE,,WAITING,NONE,S_GREETS,CAMERA_2,NONE,can I help you?,FACE_TO_FACE,NONE,
615,3,CAMERA_2,['CAMERA_2'],"{'CAMERA_1': [], 'CAMERA_2': [], 'CAMERA_3': []}",C_LOOKING_FOR_A_CAMERA,CAMERA_2,NONE,I'm actually looking for a camera,FACE_TO_FACE,NONE,S_INTRODUCES_CAMERA,CAMERA_2,,Let me show you this. Here we have the Fujifilm Lumix ILC Camera.,PRESENT_X,CAMERA_2,39~64
615,4,CAMERA_2,['CAMERA_2'],"{'CAMERA_1': [], 'CAMERA_2': ['resolution'], 'CAMERA_3': []}",C_SILENT_OR_BACKCHANNEL,CAMERA_2,NONE,sounds great how about the synthesized honest,PRESENT_X,CAMERA_2,S_INTRODUCES_FEATURE,CAMERA_2,resolution,This one has 23.8 megapixels resolution.,PRESENT_X,CAMERA_2,13~28
615,5,CAMERA_3,"['CAMERA_2', 'CAMERA_3']","{'CAMERA_1': [], 'CAMERA_2': ['resolution'], 'CAMERA_3': []}",C_ANYTHING_ELSE_AVAILABLE,CAMERA_2,NONE,do you have anything better than this,PRESENT_X,CAMERA_2,S_INTRODUCES_CAMERA,CAMERA_3,,Let me show you this. Here we have the Fujifilm PowerShot ELPH S2800.,PRESENT_X,CAMERA_3,39~68
615,6,CAMERA_3,"['CAMERA_2', 'CAMERA_3']","{'CAMERA_1': [], 'CAMERA_2': ['resolution'], 'CAMERA_3': ['effects']}",C_SILENT_OR_BACKCHANNEL,CAMERA_3,NONE,okay that's good not going to come is pretty noisy so I will be nice to have a change,PRESENT_X,CAMERA_3,S_INTRODUCES_FEATURE,CAMERA_3,effects,"This one has 21 photo effects (small face, retro, big eyes, etc.).",PRESENT_X,CAMERA_3,13~65
615,7,NONE,"['CAMERA_2', 'CAMERA_3']","{'CAMERA_1': [], 'CAMERA_2': ['resolution'], 'CAMERA_3': ['effects']}",C_THANK_YOU,CAMERA_3,NONE,thank you very much,PRESENT_X,CAMERA_3,S_THANK_YOU,CAMERA_3,NONE,thank you very much.,FACE_TO_FACE,NONE,
615,8,NONE,"['CAMERA_2', 'CAMERA_3']","{'CAMERA_1': [], 'CAMERA_2': ['resolution'], 'CAMERA_3': ['effects']}",C_LEAVES,DOOR,NONE,,FACE_TO_FACE,NONE,S_RETURNS_TO_COUNTER,SERVICE_COUNTER,NONE,,WAITING,NONE,
616,1,NONE,[],"{'CAMERA_1': [], 'CAMERA_2': [], 'CAMERA_3': []}",C_ENTERS,DOOR,NONE,,WAITING,NONE,S_NONE,SERVICE_COUNTER,NONE,,WAITING,NONE,
616,2,NONE,[],"{'CAMERA_1': [], 'CAMERA_2': [], 'CAMERA_3': []}",C_GREETS,MIDDLE,NONE,hello,WAITING,NONE,S_GREETS,MIDDLE,NONE,can I help you?,FACE_TO_FACE,NONE,
616,3,CAMERA_1,['CAMERA_1'],"{'CAMERA_1': [], 'CAMERA_2': [], 'CAMERA_3': []}",C_LOOKING_FOR_A_CAMERA,MIDDLE,NONE,I'll get off today and I'm just looking around at the moment I'm not really sure what I'm after,FACE_TO_FACE,NONE,S_INTRODUCES_CAMERA,CAMERA_1,,Let me show you this. Here we have the Sony PowerShot ELPH DMC-ZS3.,PRESENT_X,CAMERA_1,39~66
616,4,CAMERA_1,['CAMERA_1'],"{'CAMERA_1': ['autofocus_points'], 'CAMERA_2': [], 'CAMERA_3': []}",C_SILENT_OR_BACKCHANNEL,CAMERA_1,NONE,18 days 20 Mega something else's uh huh,PRESENT_X,CAMERA_1,S_INTRODUCES_FEATURE,CAMERA_1,autofocus_points,This one has 135 autofocus points.,PRESENT_X,CAMERA_1,13~33
616,5,NONE,['CAMERA_1'],"{'CAMERA_1': ['autofocus_points'], 'CAMERA_2': [], 'CAMERA_3': []}",C_THANK_YOU,CAMERA_1,NONE,thank you,PRESENT_X,CAMERA_1,S_THANK_YOU,CAMERA_1,NONE,thank you very much.,FACE_TO_FACE,NONE,
616,6,NONE,['CAMERA_1'],"{'CAMERA_1': ['autofocus_points'], 'CAMERA_2': [], 'CAMERA_3': []}",C_LEAVES,DOOR,NONE,,FACE_TO_FACE,NONE,S_RETURNS_TO_COUNTER,SERVICE_COUNTER,NONE,,WAITING,NONE,
617,1,NONE,[],"{'CAMERA_1': [], 'CAMERA_2': [], 'CAMERA_3': []}",C_ENTERS,DOOR,NONE,,WAITING,NONE,S_NONE,SERVICE_COUNTER,NONE,,WAITING,NONE,
617,2,NONE,[],"{'CAMERA_1': [], 'CAMERA_2': [], 'CAMERA_3': []}",C_WALKS_TO_CAMERA,CAMERA_2,NONE,,WAITING,NONE,S_GREETS,CAMERA_2,NONE,can I help you?,FACE_TO_FACE,NONE,
617,3,CAMERA_3,['CAMERA_3'],"{'CAMERA_1': [], 'CAMERA_2': [], 'CAMERA_3': []}",C_LOOKING_FOR_A_CAMERA,CAMERA_2,NONE,I'm looking for a DSLR type camera,FACE_TO_FACE,NONE,S_INTRODUCES_CAMERA,CAMERA_3,,Let me show you this. Here we have the Fujifilm PowerShot ELPH S2800.,PRESENT_X,CAMERA_3,39~68
617,4,CAMERA_3,['CAMERA_3'],"{'CAMERA_1': [], 'CAMERA_2': [], 'CAMERA_3': ['autofocus_points']}",C_QUESTION_ABOUT_FEATURE,CAMERA_3,autofocus_points,how many autofocus points does it have,PRESENT_X,CAMERA_3,S_ANSWERS_QUESTION_ABOUT_FEATURE,CAMERA_3,autofocus_points,This one has 214 autofocus points.,PRESENT_X,CAMERA_3,13~33
617,5,NONE,['CAMERA_3'],"{'CAMERA_1': [], 'CAMERA_2': [], 'CAMERA_3': ['autofocus_points']}",C_THANK_YOU,CAMERA_3,NONE,thanks,PRESENT_X,CAMERA_3,S_THANK_YOU,CAMERA_3,NONE,thank you very much.,FACE_TO_FACE,NONE,
617,6,NONE,['CAMERA_3'],"{'CAMERA_1': [], 'CAMERA_2': [], 'CAMERA_3': ['autofocus_points']}",C_LEAVES,DOOR,NONE,,FACE_TO_FACE,NONE,S_RETURNS_TO_COUNTER,SERVICE_COUNTER,NONE,,WAITING,NONE,
618,1,NONE,[],"{'CAMERA_1': [], 'CAMERA_2': [], 'CAMERA_3': []}",C_ENTERS,DOOR,NONE,,WAITING,NONE,S_NONE,SERVICE_COUNTER,NONE,,WAITING,NONE,
618,2,NONE,[],"{'CAMERA_1': [], 'CAMERA_2': [], 'CAMERA_3': []}",C_GREETS,MIDDLE,NONE,sorry excuse me I have a question about this camera,WAITING,NONE,S_GREETS,MIDDLE,NONE,can I help you?,FACE_TO_FACE,NONE,
618,3,CAMERA_3,['CAMERA_3'],"{'CAMERA_1': [], 'CAMERA_2': [], 'CAMERA_3': []}",C_LOOKING_FOR_A_CAMERA,MIDDLE,NONE,I'm looking for simple camera,FACE_TO_FACE,NONE,S_INTRODUCES_CAMERA,CAMERA_3,,Let me show you this. Here we have the Fujifilm PowerShot ELPH S2800.,PRESENT_X,CAMERA_3,39~68
618,4,CAMERA_3,['CAMERA_3'],"{'CAMERA_1': [], 'CAMERA_2': [], 'CAMERA_3': ['color']}",C_QUESTION_ABOUT_FEATURE,CAMERA_3,color,what colors does it come in,PRESENT_X,CAMERA_3,S_ANSWERS_QUESTION_ABOUT_FEATURE,CAMERA_3,color,"This one comes in purple, white, silver, blue, red, or pink.",PRESENT_X,CAMERA_3,18~59
618,5,CAMERA_1,"['CAMERA_3', 'CAMERA_1']","{'CAMERA_1': [], 'CAMERA_2': [], 'CAMERA_3': ['color']}",C_ANYTHING_ELSE_AVAILABLE,CAMERA_3,NONE,I see do you have any other options that you can show me,PRESENT_X,CAMERA_3,S_INTRODUCES_CAMERA,CAMERA_1,,Let me show you this. Here we have the Sony PowerShot ELPH DMC-ZS3.,PRESENT_X,CAMERA_1,39~66
618,6,CAMERA_1,"['CAMERA_3', 'CAMERA_1']","{'CAMERA_1': ['preset_modes'], 'CAMERA_2': [], 'CAMERA_3': ['color']}",C_QUESTION_ABOUT_FEATURE,CAMERA_1,preset_modes,Does this support for does mode,PRESENT_X,CAMERA_1,S_NOT_SURE,CAMERA_1,,I'm not really sure about that.,PRESENT_X,CAMERA_1,
618,7,CAMERA_1,"['CAMERA_3', 'CAMERA_1']","{'CAMERA_1': ['preset_modes', 'weight'], 'CAMERA_2': [], 'CAMERA_3': ['color']}",C_QUESTION_ABOUT_FEATURE,CAMERA_1,weight,what's the weight on this camera,PRESENT_X,CAMERA_1,S_ANSWERS_QUESTION_ABOUT_FEATURE,CAMERA_1,weight,This one weighs 800 grams.,PRESENT_X,CAMERA_1,16~25
618,8,CAMERA_1,"['CAMERA_3', 'CAMERA_1']","{'CAMERA_1': ['preset_modes', 'weight', 'resolution'], 'CAMERA_2': [], 'CAMERA_3': ['color']}",C_QUESTION_ABOUT_FEATURE,CAMERA_1,resolution,how many megapixels is this camera information of the resolution,PRESENT_X,CAMERA_1,S_ANSWERS_QUESTION_ABOUT_FEATURE,CAMERA_1,resolution,This one has 17.8 megapixels resolution.,PRESENT_X,CAMERA_1,13~28
618,9,CAMERA_1,"['CAMERA_3', 'CAMERA_1']","{'CAMERA_1': ['preset_modes', 'weight', 'resolution', 'effects'], 'CAMERA_2': [], 'CAMERA_3': ['color']}",C_QUESTION_ABOUT_FEATURE,CAMERA_1,effects,can you explain the artistic effects modes available with this one,PRESENT_X,CAMERA_1,S_ANSWERS_QUESTION_ABOUT_FEATURE,CAMERA_1,effects,"This one has 24 glamor retouch effects (miniature, retro, toy camera, etc.).",PRESENT_X,CAMERA_1,13~75
618,10,CAMERA_1,"['CAMERA_3', 'CAMERA_1']","{'CAMERA_1': ['preset_modes', 'weight', 'resolution', 'effects', 'optical_zoom'], 'CAMERA_2': [], 'CAMERA_3': ['color']}",C_QUESTION_ABOUT_FEATURE,CAMERA_1,optical_zoom,does it have optical zoom,PRESENT_X,CAMERA_1,S_ANSWERS_QUESTION_ABOUT_FEATURE,CAMERA_1,optical_zoom,This one has 21x optical zoom.,PRESENT_X,CAMERA_1,13~29
618,11,CAMERA_1,"['CAMERA_3', 'CAMERA_1']","{'CAMERA_1': ['preset_modes', 'weight', 'resolution', 'effects', 'optical_zoom', 'sensor_size'], 'CAMERA_2': [], 'CAMERA_3': ['color']}",C_QUESTION_ABOUT_FEATURE,CAMERA_1,sensor_size,what about the sensor size,PRESENT_X,CAMERA_1,S_ANSWERS_QUESTION_ABOUT_FEATURE,CAMERA_1,sensor_size,This one has a 1/2.3 inch CMOS sensor.,PRESENT_X,CAMERA_1,15~37
618,12,CAMERA_2,"['CAMERA_3', 'CAMERA_1', 'CAMERA_2']","{'CAMERA_1': ['preset_modes', 'weight', 'resolution', 'effects', 'optical_zoom', 'sensor_size'], 'CAMERA_2': [], 'CAMERA_3': ['color']}",C_ANYTHING_ELSE_AVAILABLE,CAMERA_1,NONE,Do you have any other cameras under $300,PRESENT_X,CAMERA_1,S_INTRODUCES_CAMERA,CAMERA_2,,Let me show you this. Here we have the Fujifilm Lumix ILC Camera.,PRESENT_X,CAMERA_2,39~64
618,13,CAMERA_2,"['CAMERA_3', 'CAMERA_1', 'CAMERA_2']","{'CAMERA_1': ['preset_modes', 'weight', 'resolution', 'effects', 'optical_zoom', 'sensor_size'], 'CAMERA_2': ['weight'], 'CAMERA_3': ['color']}",C_QUESTION_ABOUT_FEATURE,CAMERA_2,weight,okay and what about the weight,PRESENT_X,CAMERA_2,S_ANSWERS_QUESTION_ABOUT_FEATURE,CAMERA_2,weight,This one weighs 820 grams.,PRESENT_X,CAMERA_2,16~25
618,14,CAMERA_2,"['CAMERA_3', 'CAMERA_1', 'CAMERA_2']","{'CAMERA_1': ['preset_modes', 'weight', 'resolution', 'effects', 'optical_zoom', 'sensor_size'], 'CAMERA_2': ['weight', 'optical_zoom'], 'CAMERA_3': ['color']}",C_QUESTION_ABOUT_FEATURE,CAMERA_2,optical_zoom,how about the optical zoom,PRESENT_X,CAMERA_2,S_ANSWERS_QUESTION_ABOUT_FEATURE,CAMERA_2,optical_zoom,This one has 21x optical zoom.,PRESENT_X,CAMERA_2,13~29
618,15,NONE,"['CAMERA_3', 'CAMERA_1', 'CAMERA_2']","{'CAMERA_1': ['preset_modes', 'weight', 'resolution', 'effects', 'optical_zoom', 'sensor_size'], 'CAMERA_2': ['weight', 'optical_zoom'], 'CAMERA_3': ['color']}",C_THANK_YOU,CAMERA_2,NONE,ok thank you very much for your time,PRESENT_X,CAMERA_2,S_THANK_YOU,CAMERA_2,NONE,thank you very much.,FACE_TO_FACE,NONE,
618,16,NONE,"['CAMERA_3', 'CAMERA_1', 'CAMERA_2']","{'CAMERA_1': ['preset_modes', 'weight', 'resolution', 'effects', 'optical_zoom', 'sensor_size'], 'CAMERA_2': ['weight', 'optical_zoom'], 'CAMERA_3': ['color']}",C_LEAVES,DOOR,NONE,,FACE_TO_FACE,NONE,S_RETURNS_TO_COUNTER,SERVICE_COUNTER,NONE,,WAITING,NONE,
619,1,NONE,[],"{'CAMERA_1': [], 'CAMERA_2': [], 'CAMERA_3': []}",C_ENTERS,DOOR,NONE,,WAITING,NONE,S_NONE,SERVICE_COUNTER,NONE,,WAITING,NONE,
619,2,NONE,[],"{'CAMERA_1': [], 'CAMERA_2': [], 'CAMERA_3': []}",C_GREETS,MIDDLE,NONE,they almost one kilo I'm sorry I dropped it,WAITING,NONE,S_GREETS,MIDDLE,NONE,can I help you?,FACE_TO_FACE,NONE,
619,3,CAMERA_3,['CAMERA_3'],"{'CAMERA_1': [], 'CAMERA_2': [], 'CAMERA_3': []}",C_LOOKING_FOR_A_CAMERA,MIDDLE,NONE,hi afternoon I'm here in Japan for vacations and I would like to buy a new camera can you help me with this,FACE_TO_FACE,NONE,S_INTRODUCES_CAMERA,CAMERA_3,,Let me show you this. Here we have the Fujifilm PowerShot ELPH S2800.,PRESENT_X,CAMERA_3,39~68
619,4,CAMERA_3,['CAMERA_3'],"{'CAMERA_1': [], 'CAMERA_2': [], 'CAMERA_3': ['sensor_size']}",C_SILENT_OR_BACKCHANNEL,CAMERA_3,NONE,okay,PRESENT_X,CAMERA_3,S_INTRODUCES_FEATURE,CAMERA_3,sensor_size,This one has a full frame.,PRESENT_X,CAMERA_3,15~25
619,5,CAMERA_3,['CAMERA_3'],"{'CAMERA_1': [], 'CAMERA_2': [], 'CAMERA_3': ['sensor_size', 'preset_modes']}",C_SILENT_OR_BACKCHANNEL,CAMERA_3,NONE,IC,PRESENT_X,CAMERA_3,S_INTRODUCES_FEATURE,CAMERA_3,preset_modes,This one has various preset modes.,PRESENT_X,CAMERA_3,13~33
619,6,CAMERA_3,['CAMERA_3'],"{'CAMERA_1': [], 'CAMERA_2': [], 'CAMERA_3': ['sensor_size', 'preset_modes', 'color']}",C_SILENT_OR_BACKCHANNEL,CAMERA_3,NONE,yeah yeah yeah,PRESENT_X,CAMERA_3,S_INTRODUCES_FEATURE,CAMERA_3,color,"This one comes in purple, white, silver, blue, red, or pink.",PRESENT_X,CAMERA_3,18~59
619,7,NONE,['CAMERA_3'],"{'CAMERA_1': [], 'CAMERA_2': [], 'CAMERA_3': ['sensor_size', 'preset_modes', 'color']}",C_THANK_YOU,CAMERA_3,NONE,thank you very much,PRESENT_X,CAMERA_3,S_THANK_YOU,CAMERA_3,NONE,thank you very much.,FACE_TO_FACE,NONE,
619,8,NONE,['CAMERA_3'],"{'CAMERA_1': [], 'CAMERA_2': [], 'CAMERA_3': ['sensor_size', 'preset_modes', 'color']}",C_LEAVES,DOOR,NONE,,FACE_TO_FACE,NONE,S_RETURNS_TO_COUNTER,SERVICE_COUNTER,NONE,,WAITING,NONE,
620,1,NONE,[],"{'CAMERA_1': [], 'CAMERA_2': [], 'CAMERA_3': []}",C_ENTERS,DOOR,NONE,,WAITING,NONE,S_NONE,SERVICE_COUNTER,NONE,,WAITING,NONE,
620,2,NONE,[],"{'CAMERA_1': [], 'CAMERA_2': [], 'CAMERA_3': []}",C_WALKS_TO_CAMERA,CAMERA_2,NONE,,WAITING,NONE,S_GREETS,CAMERA_2,NONE,can I help you?,FACE_TO_FACE,NONE,
620,3,CAMERA_2,['CAMERA_2'],"{'CAMERA_1': [], 'CAMERA_2': [], 'CAMERA_3': []}",C_LOOKING_FOR_A_CAMERA,CAMERA_2,NONE,I'm looking for a good camera like nothing like a little time I think I want stay with real pictures so can you show me what are your options here,FACE_TO_FACE,NONE,S_INTRODUCES_CAMERA,CAMERA_2,,Let me show you this. Here we have the Fujifilm Lumix ILC Camera.,PRESENT_X,CAMERA_2,39~64
620,4,CAMERA_2,['CAMERA_2'],"{'CAMERA_1': [], 'CAMERA_2': ['ISO'], 'CAMERA_3': []}",C_QUESTION_ABOUT_FEATURE,CAMERA_2,ISO,ok what about the ISO as well,PRESENT_X,CAMERA_2,S_NOT_SURE,CAMERA_2,,I'm not really sure about that.,PRESENT_X,CAMERA_2,
620,5,CAMERA_3,"['CAMERA_2', 'CAMERA_3']","{'CAMERA_1': [], 'CAMERA_2': ['ISO'], 'CAMERA_3': []}",C_ANYTHING_ELSE_AVAILABLE,CAMERA_2,NONE,So this is the only model you have in your shop,PRESENT_X,CAMERA_2,S_INTRODUCES_CAMERA,CAMERA_3,,Let me show you this. Here we have the Fujifilm PowerShot ELPH S2800.,PRESENT_X,CAMERA_3,39~68
620,6,CAMERA_3,"['CAMERA_2', 'CAMERA_3']","{'CAMERA_1': [], 'CAMERA_2': ['ISO'], 'CAMERA_3': ['long_exposure']}",C_QUESTION_ABOUT_FEATURE,CAMERA_3,long_exposure,is this a long exposure,PRESENT_X,CAMERA_3,S_ANSWERS_QUESTION_ABOUT_FEATURE,CAMERA_3,long_exposure,This one can take long exposures up to 30 minutes max with bulb mode.,PRESENT_X,CAMERA_3,39~68
620,7,CAMERA_3,"['CAMERA_2', 'CAMERA_3']","{'CAMERA_1': [], 'CAMERA_2': ['ISO'], 'CAMERA_3': ['long_exposure', 'optical_zoom']}",C_QUESTION_ABOUT_FEATURE,CAMERA_3,optical_zoom,does it have optical zoom,PRESENT_X,CAMERA_3,S_NOT_SURE,CAMERA_3,,I'm not really sure about that.,PRESENT_X,CAMERA_3,
620,8,NONE,"['CAMERA_2', 'CAMERA_3']","{'CAMERA_1': [], 'CAMERA_2': ['ISO'], 'CAMERA_3': ['long_exposure', 'optical_zoom']}",C_THANK_YOU,CAMERA_3,NONE,anyway thank you very much for your help and I feel tired and left me here to have a good day,PRESENT_X,CAMERA_3,S_THANK_YOU,CAMERA_3,NONE,thank you very much.,FACE_TO_FACE,NONE,
620,9,NONE,"['CAMERA_2', 'CAMERA_3']","{'CAMERA_1': [], 'CAMERA_2': ['ISO'], 'CAMERA_3': ['long_exposure', 'optical_zoom']}",C_LEAVES,DOOR,NONE,,FACE_TO_FACE,NONE,S_RETURNS_TO_COUNTER,SERVICE_COUNTER,NONE,,WAITING,NONE,
621,1,NONE,[],"{'CAMERA_1': [], 'CAMERA_2': [], 'CAMERA_3': []}",C_ENTERS,DOOR,NONE,,WAITING,NONE,S_NONE,SERVICE_COUNTER,NONE,,WAITING,NONE,
621,2,NONE,[],"{'CAMERA_1': [], 'CAMERA_2': [], 'CAMERA_3': []}",C_WALKS_TO_CAMERA,CAMERA_1,NONE,,WAITING,NONE,S_GREETS,CAMERA_1,NONE,can I help you?,FACE_TO_FACE,NONE,
621,3,CAMERA_3,['CAMERA_3'],"{'CAMERA_1': [], 'CAMERA_2': [], 'CAMERA_3': []}",C_LOOKING_FOR_A_CAMERA,CAMERA_1,NONE,I'm looking for a lightweight camera,FACE_TO_FACE,NONE,S_INTRODUCES_CAMERA,CAMERA_3,,Let me show you this. Here we have the Fujifilm PowerShot ELPH S2800.,PRESENT_X,CAMERA_3,39~68
621,4,CAMERA_3,['CAMERA_3'],"{'CAMERA_1': [], 'CAMERA_2': [], 'CAMERA_3': ['long_exposure']}",C_QUESTION_ABOUT_FEATURE,CAMERA_3,long_exposure,good good good and long exposure,PRESENT_X,CAMERA_3,S_ANSWERS_QUESTION_ABOUT_FEATURE,CAMERA_3,long_exposure,This one can take long exposures up to 30 minutes max with bulb mode.,PRESENT_X,CAMERA_3,39~68
621,5,CAMERA_3,['CAMERA_3'],"{'CAMERA_1': [], 'CAMERA_2': [], 'CAMERA_3': ['long_exposure', 'camera_type']}",C_SILENT_OR_BACKCHANNEL,CAMERA_3,NONE,ok,PRESENT_X,CAMERA_3,S_INTRODUCES_FEATURE,CAMERA_3,camera_type,This is a point and shoot camera.,PRESENT_X,CAMERA_3,10~25
621,6,CAMERA_3,['CAMERA_3'],"{'CAMERA_1': [], 'CAMERA_2': [], 'CAMERA_3': ['long_exposure', 'camera_type', 'price']}",C_QUESTION_ABOUT_FEATURE,CAMERA_3,price,what about its price,PRESENT_X,CAMERA_3,S_ANSWERS_QUESTION_ABOUT_FEATURE,CAMERA_3,price,This one costs $518.,PRESENT_X,CAMERA_3,15~19
621,7,CAMERA_1,"['CAMERA_3', 'CAMERA_1']","{'CAMERA_1': [], 'CAMERA_2': [], 'CAMERA_3': ['long_exposure', 'camera_type', 'price']}",C_ANYTHING_ELSE_AVAILABLE,CAMERA_3,NONE,maybe did you have a another camera you recommend,PRESENT_X,CAMERA_3,S_INTRODUCES_CAMERA,CAMERA_1,,Let me show you this. Here we have the Sony PowerShot ELPH DMC-ZS3.,PRESENT_X,CAMERA_1,39~66
621,8,CAMERA_1,"['CAMERA_3', 'CAMERA_1']","{'CAMERA_1': ['color'], 'CAMERA_2': [], 'CAMERA_3': ['long_exposure', 'camera_type', 'price']}",C_QUESTION_ABOUT_FEATURE,CAMERA_1,color,so what about color  I don't have to like this color do you have any kinds of Heaven,PRESENT_X,CAMERA_1,S_ANSWERS_QUESTION_ABOUT_FEATURE,CAMERA_1,color,This one comes in blue or black.,PRESENT_X,CAMERA_1,18~31
621,9,CAMERA_1,"['CAMERA_3', 'CAMERA_1']","{'CAMERA_1': ['color', 'weight'], 'CAMERA_2': [], 'CAMERA_3': ['long_exposure', 'camera_type', 'price']}",C_SILENT_OR_BACKCHANNEL,CAMERA_1,NONE,ok,PRESENT_X,CAMERA_1,S_INTRODUCES_FEATURE,CAMERA_1,weight,This one weighs 800 grams.,PRESENT_X,CAMERA_1,16~25
621,10,CAMERA_2,"['CAMERA_3', 'CAMERA_1', 'CAMERA_2']","{'CAMERA_1': ['color', 'weight'], 'CAMERA_2': [], 'CAMERA_3': ['long_exposure', 'camera_type', 'price']}",C_ANYTHING_ELSE_AVAILABLE,CAMERA_1,NONE,I see do you have any other options that you can show me,PRESENT_X,CAMERA_1,S_INTRODUCES_CAMERA,CAMERA_2,,Let me show you this. Here we have the Fujifilm Lumix ILC Camera.,PRESENT_X,CAMERA_2,39~64
621,11,CAMERA_2,"['CAMERA_3', 'CAMERA_1', 'CAMERA_2']","{'CAMERA_1': ['color', 'weight'], 'CAMERA_2': ['color'], 'CAMERA_3': ['long_exposure', 'camera_type', 'price']}",C_QUESTION_ABOUT_FEATURE,CAMERA_2,color,what colors does this one come in,PRESENT_X,CAMERA_2,S_ANSWERS_QUESTION_ABOUT_FEATURE,CAMERA_2,color,This one comes in white or pink.,PRESENT_X,CAMERA_2,18~31
621,12,CAMERA_2,"['CAMERA_3', 'CAMERA_1', 'CAMERA_2']","{'CAMERA_1': ['color', 'weight'], 'CAMERA_2': ['color', 'settings'], 'CAMERA_3': ['long_exposure', 'camera_type', 'price']}",C_QUESTION_ABOUT_FEATURE,CAMERA_2,settings,I would like to ask about is it easy to do I need to set up any manuals for this camera,PRESENT_X,CAMERA_2,S_ANSWERS_QUESTION_ABOUT_FEATURE,CAMERA_2,settings,"This one has manual control and various automatic settings (video modeburst shooting, etc.).",PRESENT_X,CAMERA_2,13~91
621,13,CAMERA_2,"['CAMERA_3', 'CAMERA_1', 'CAMERA_2']","{'CAMERA_1': ['color', 'weight'], 'CAMERA_2': ['color', 'settings', 'effects'], 'CAMERA_3': ['long_exposure', 'camera_type', 'price']}",C_SILENT_OR_BACKCHANNEL,CAMERA_2,NONE,yeah,PRESENT_X,CAMERA_2,S_INTRODUCES_FEATURE,CAMERA_2,effects,"This one has 24 artistic effect modes (retro, lighter or darker skin tones, sepia, etc.).",PRESENT_X,CAMERA_2,13~88
621,14,CAMERA_2,"['CAMERA_3', 'CAMERA_1', 'CAMERA_2']","{'CAMERA_1': ['color', 'weight'], 'CAMERA_2': ['color', 'settings', 'effects', 'long_exposure'], 'CAMERA_3': ['long_exposure', 'camera_type', 'price']}",C_SILENT_OR_BACKCHANNEL,CAMERA_2,NONE,ok,PRESENT_X,CAMERA_2,S_INTRODUCES_FEATURE,CAMERA_2,long_exposure,This one can take long exposures up to 60 minutes max with bulb mode.,PRESENT_X,CAMERA_2,39~68
621,15,CAMERA_2,"['CAMERA_3', 'CAMERA_1', 'CAMERA_2']","{'CAMERA_1': ['color', 'weight'], 'CAMERA_2': ['color', 'settings', 'effects', 'long_exposure', 'ISO'], 'CAMERA_3': ['long_exposure', 'camera_type', 'price']}",C_QUESTION_ABOUT_FEATURE,CAMERA_2,ISO,how high is the ISO,PRESENT_X,CAMERA_2,S_NOT_SURE,CAMERA_2,,I'm not really sure about that.,PRESENT_X,CAMERA_2,
621,16,CAMERA_2,"['CAMERA_3', 'CAMERA_1', 'CAMERA_2']","{'CAMERA_1': ['color', 'weight'], 'CAMERA_2': ['color', 'settings', 'effects', 'long_exposure', 'ISO', 'autofocus_points'], 'CAMERA_3': ['long_exposure', 'camera_type', 'price']}",C_QUESTION_ABOUT_FEATURE,CAMERA_2,autofocus_points,I think you and the auto Focus points on this,PRESENT_X,CAMERA_2,S_NOT_SURE,CAMERA_2,,I'm not really sure about that.,PRESENT_X,CAMERA_2,
621,17,CAMERA_2,"['CAMERA_3', 'CAMERA_1', 'CAMERA_2']","{'CAMERA_1': ['color', 'weight'], 'CAMERA_2': ['color', 'settings', 'effects', 'long_exposure', 'ISO', 'autofocus_points', 'sensor_size'], 'CAMERA_3': ['long_exposure', 'camera_type', 'price']}",C_SILENT_OR_BACKCHANNEL,CAMERA_2,NONE,alright,PRESENT_X,CAMERA_2,S_INTRODUCES_FEATURE,CAMERA_2,sensor_size,This one has a 1/2.33 inch sensor.,PRESENT_X,CAMERA_2,15~33
621,18,CAMERA_2,"['CAMERA_3', 'CAMERA_1', 'CAMERA_2']","{'CAMERA_1': ['color', 'weight'], 'CAMERA_2': ['color', 'settings', 'effects', 'long_exposure', 'ISO', 'autofocus_points', 'sensor_size', 'weight'], 'CAMERA_3': ['long_exposure', 'camera_type', 'price']}",C_QUESTION_ABOUT_FEATURE,CAMERA_2,weight,I see you and what is the weight of this,PRESENT_X,CAMERA_2,S_ANSWERS_QUESTION_ABOUT_FEATURE,CAMERA_2,weight,This one weighs 820 grams.,PRESENT_X,CAMERA_2,16~25
621,19,CAMERA_2,"['CAMERA_3', 'CAMERA_1', 'CAMERA_2']","{'CAMERA_1': ['color', 'weight'], 'CAMERA_2': ['color', 'settings', 'effects', 'long_exposure', 'ISO', 'autofocus_points', 'sensor_size', 'weight', 'preset_modes'], 'CAMERA_3': ['long_exposure', 'camera_type', 'price']}",C_QUESTION_ABOUT_FEATURE,CAMERA_2,preset_modes,does this camera support for preset mod,PRESENT_X,CAMERA_2,S_NOT_SURE,CAMERA_2,,I'm not really sure about that.,PRESENT_X,CAMERA_2,
621,20,CAMERA_2,"['CAMERA_3', 'CAMERA_1', 'CAMERA_2']","{'CAMERA_1': ['color', 'weight'], 'CAMERA_2': ['color', 'settings', 'effects', 'long_exposure', 'ISO', 'autofocus_points', 'sensor_size', 'weight', 'preset_modes', 'resolution'], 'CAMERA_3': ['long_exposure', 'camera_type', 'price']}",C_QUESTION_ABOUT_FEATURE,CAMERA_2,resolution,how many megapixels is this camera,PRESENT_X,CAMERA_2,S_ANSWERS_QUESTION_ABOUT_FEATURE,CAMERA_2,resolution,This one has 23.8 megapixels resolution.,PRESENT_X,CAMERA_2,13~28
621,21,CAMERA_2,"['CAMERA_3', 'CAMERA_1', 'CAMERA_2']","{'CAMERA_1': ['color', 'weight'], 'CAMERA_2': ['color', 'settings', 'effects', 'long_exposure', 'ISO', 'autofocus_points', 'sensor_size', 'weight', 'preset_modes', 'resolution', 'camera_type'], 'CAMERA_3': ['long_exposure', 'camera_type', 'price']}",C_SILENT_OR_BACKCHANNEL,CAMERA_2,NONE,okay that sounds good too,PRESENT_X,CAMERA_2,S_INTRODUCES_FEATURE,CAMERA_2,camera_type,This is a digital single lens mirrorless camera.,PRESENT_X,CAMERA_2,10~40
621,22,NONE,"['CAMERA_3', 'CAMERA_1', 'CAMERA_2']","{'CAMERA_1': ['color', 'weight'], 'CAMERA_2': ['color', 'settings', 'effects', 'long_exposure', 'ISO', 'autofocus_points', 'sensor_size', 'weight', 'preset_modes', 'resolution', 'camera_type'], 'CAMERA_3': ['long_exposure', 'camera_type', 'price']}",C_THANK_YOU,CAMERA_2,NONE,ok i will have a think about it thank you,PRESENT_X,CAMERA_2,S_THANK_YOU,CAMERA_2,NONE,thank you very much.,FACE_TO_FACE,NONE,
621,23,NONE,"['CAMERA_3', 'CAMERA_1', 'CAMERA_2']","{'CAMERA_1': ['color', 'weight'], 'CAMERA_2': ['color', 'settings', 'effects', 'long_exposure', 'ISO', 'autofocus_points', 'sensor_size', 'weight', 'preset_modes', 'resolution', 'camera_type'], 'CAMERA_3': ['long_exposure', 'camera_type', 'price']}",C_LEAVES,DOOR,NONE,,FACE_TO_FACE,NONE,S_RETURNS_TO_COUNTER,SERVICE_COUNTER,NONE,,WAITING,NONE,
622,1,NONE,[],"{'CAMERA_1': [], 'CAMERA_2': [], 'CAMERA_3': []}",C_ENTERS,DOOR,NONE,,WAITING,NONE,S_NONE,SERVICE_COUNTER,NONE,,WAITING,NONE,
622,2,NONE,[],"{'CAMERA_1': [], 'CAMERA_2': [], 'CAMERA_3': []}",C_WALKS_TO_CAMERA,CAMERA_2,NONE,,WAITING,NONE,S_NONE,SERVICE_COUNTER,NONE,,WAITING,NONE,
622,3,NONE,[],"{'CAMERA_1': [], 'CAMERA_2': [], 'CAMERA_3': []}",C_EXAMINES_CAMERA,CAMERA_2,NONE,,WAITING,NONE,S_GREETS,CAMERA_2,NONE,can I help you?,FACE_TO_FACE,NONE,
622,4,CAMERA_3,['CAMERA_3'],"{'CAMERA_1': [], 'CAMERA_2': [], 'CAMERA_3': []}",C_LOOKING_FOR_A_CAMERA,CAMERA_2,NONE,I'm just looking around,FACE_TO_FACE,NONE,S_INTRODUCES_CAMERA,CAMERA_3,,Let me show you this. Here we have the Fujifilm PowerShot ELPH S2800.,PRESENT_X,CAMERA_3,39~68
622,5,CAMERA_3,['CAMERA_3'],"{'CAMERA_1': [], 'CAMERA_2': [], 'CAMERA_3': ['settings']}",C_SILENT_OR_BACKCHANNEL,CAMERA_3,NONE,18 days 20 Mega something else's uh huh,PRESENT_X,CAMERA_3,S_INTRODUCES_FEATURE,CAMERA_3,settings,"This one has manual control and various automatic settings (video modeburst shooting, etc.).",PRESENT_X,CAMERA_3,13~91
622,6,CAMERA_2,"['CAMERA_3', 'CAMERA_2']","{'CAMERA_1': [], 'CAMERA_2': [], 'CAMERA_3': ['settings']}",C_ANYTHING_ELSE_AVAILABLE,CAMERA_3,NONE,So this is the only model you have in your shop,PRESENT_X,CAMERA_3,S_INTRODUCES_CAMERA,CAMERA_2,,Let me show you this. Here we have the Fujifilm Lumix ILC Camera.,PRESENT_X,CAMERA_2,39~64
622,7,CAMERA_2,"['CAMERA_3', 'CAMERA_2']","{'CAMERA_1': [], 'CAMERA_2': ['optical_zoom'], 'CAMERA_3': ['settings']}",C_QUESTION_ABOUT_FEATURE,CAMERA_2,optical_zoom,under does it have a zoom,PRESENT_X,CAMERA_2,S_ANSWERS_QUESTION_ABOUT_FEATURE,CAMERA_2,optical_zoom,This one has 21x optical zoom.,PRESENT_X,CAMERA_2,13~29
622,8,CAMERA_1,"['CAMERA_3', 'CAMERA_2', 'CAMERA_1']","{'CAMERA_1': [], 'CAMERA_2': ['optical_zoom'], 'CAMERA_3': ['settings']}",C_ANYTHING_ELSE_AVAILABLE,CAMERA_2,NONE,Do you have any other cameras under $300,PRESENT_X,CAMERA_2,S_INTRODUCES_CAMERA,CAMERA_1,,Let me show you this. Here we have the Sony PowerShot ELPH DMC-ZS3.,PRESENT_X,CAMERA_1,39~66
622,9,CAMERA_1,"['CAMERA_3', 'CAMERA_2', 'CAMERA_1']","{'CAMERA_1': ['price'], 'CAMERA_2': ['optical_zoom'], 'CAMERA_3': ['settings']}",C_QUESTION_ABOUT_FEATURE,CAMERA_1,price,how is this one on price,PRESENT_X,CAMERA_1,S_ANSWERS_QUESTION_ABOUT_FEATURE,CAMERA_1,price,This one costs $450.,PRESENT_X,CAMERA_1,15~19
622,10,CAMERA_1,"['CAMERA_3', 'CAMERA_2', 'CAMERA_1']","{'CAMERA_1': ['price', 'autofocus_points'], 'CAMERA_2': ['optical_zoom'], 'CAMERA_3': ['settings']}",C_SILENT_OR_BACKCHANNEL,CAMERA_1,NONE,yeah actually looks very good,PRESENT_X,CAMERA_1,S_INTRODUCES_FEATURE,CAMERA_1,autofocus_points,This one has 135 autofocus points.,PRESENT_X,CAMERA_1,13~33
622,11,CAMERA_1,"['CAMERA_3', 'CAMERA_2', 'CAMERA_1']","{'CAMERA_1': ['price', 'autofocus_points', 'ISO'], 'CAMERA_2': ['optical_zoom'], 'CAMERA_3': ['settings']}",C_SILENT_OR_BACKCHANNEL,CAMERA_1,NONE,IC,PRESENT_X,CAMERA_1,S_INTRODUCES_FEATURE,CAMERA_1,ISO,This one has up to 51200 ISO.,PRESENT_X,CAMERA_1,13~28
622,12,CAMERA_1,"['CAMERA_3', 'CAMERA_2', 'CAMERA_1']","{'CAMERA_1': ['price', 'autofocus_points', 'ISO', 'color'], 'CAMERA_2': ['optical_zoom'], 'CAMERA_3': ['settings']}",C_QUESTION_ABOUT_FEATURE,CAMERA_1,color,so what about color  I don't have to like this color do you have any kinds of Heaven,PRESENT_X,CAMERA_1,S_ANSWERS_QUESTION_ABOUT_FEATURE,CAMERA_1,color,This one comes in blue or black.,PRESENT_X,CAMERA_1,18~31
622,13,CAMERA_1,"['CAMERA_3', 'CAMERA_2', 'CAMERA_1']","{'CAMERA_1': ['price', 'autofocus_points', 'ISO', 'color', 'sensor_size'], 'CAMERA_2': ['optical_zoom'], 'CAMERA_3': ['settings']}",C_QUESTION_ABOUT_FEATURE,CAMERA_1,sensor_size,synthesize of this camera,PRESENT_X,CAMERA_1,S_ANSWERS_QUESTION_ABOUT_FEATURE,CAMERA_1,sensor_size,This one has a 1/2.3 inch CMOS sensor.,PRESENT_X,CAMERA_1,15~37
622,14,CAMERA_1,"['CAMERA_3', 'CAMERA_2', 'CAMERA_1']","{'CAMERA_1': ['price', 'autofocus_points', 'ISO', 'color', 'sensor_size', 'camera_type'], 'CAMERA_2': ['optical_zoom'], 'CAMERA_3': ['settings']}",C_SILENT_OR_BACKCHANNEL,CAMERA_1,NONE,I see,PRESENT_X,CAMERA_1,S_INTRODUCES_FEATURE,CAMERA_1,camera_type,This is a DSLR camera.,PRESENT_X,CAMERA_1,10~14
622,15,CAMERA_1,"['CAMERA_3', 'CAMERA_2', 'CAMERA_1']","{'CAMERA_1': ['price', 'autofocus_points', 'ISO', 'color', 'sensor_size', 'camera_type', 'resolution'], 'CAMERA_2': ['optical_zoom'], 'CAMERA_3': ['settings']}",C_QUESTION_ABOUT_FEATURE,CAMERA_1,resolution,and how many megapixels does it have,PRESENT_X,CAMERA_1,S_ANSWERS_QUESTION_ABOUT_FEATURE,CAMERA_1,resolution,This one has 17.8 megapixels resolution.,PRESENT_X,CAMERA_1,13~28
622,16,CAMERA_1,"['CAMERA_3', 'CAMERA_2', 'CAMERA_1']","{'CAMERA_1': ['price', 'autofocus_points', 'ISO', 'color', 'sensor_size', 'camera_type', 'resolution', 'preset_modes'], 'CAMERA_2': ['optical_zoom'], 'CAMERA_3': ['settings']}",C_QUESTION_ABOUT_FEATURE,CAMERA_1,preset_modes,does it have any preset mode,PRESENT_X,CAMERA_1,S_NOT_SURE,CAMERA_1,,I'm not really sure about that.,PRESENT_X,CAMERA_1,
622,17,,"['CAMERA_3', 'CAMERA_2', 'CAMERA_1']","{'CAMERA_1': ['price', 'autofocus_points', 'ISO', 'color', 'sensor_size', 'camera_type', 'resolution', 'preset_modes'], 'CAMERA_2': ['optical_zoom'], 'CAMERA_3': ['settings']}",C_ANYTHING_ELSE_AVAILABLE,CAMERA_1,NONE,okay do you have any other cameras I might be interested,PRESENT_X,CAMERA_1,S_THATS_ALL_WE_HAVE_AVAILABLE,CAMERA_1,,That's all we have available at the moment.,PRESENT_X,CAMERA_1,
622,18,NONE,"['CAMERA_3', 'CAMERA_2', 'CAMERA_1']","{'CAMERA_1': ['price', 'autofocus_points', 'ISO', 'color', 'sensor_size', 'camera_type', 'resolution', 'preset_modes'], 'CAMERA_2': ['optical_zoom'], 'CAMERA_3': ['settings']}",C_THANK_YOU,CAMERA_1,NONE,ok thanks,PRESENT_X,CAMERA_1,S_THANK_YOU,CAMERA_1,NONE,thank you very much.,FACE_TO_FACE,NONE,
622,19,NONE,"['CAMERA_3', 'CAMERA_2', 'CAMERA_1']","{'CAMERA_1': ['price', 'autofocus_points', 'ISO', 'color', 'sensor_size', 'camera_type', 'resolution', 'preset_modes'], 'CAMERA_2': ['optical_zoom'], 'CAMERA_3': ['settings']}",C_LEAVES,DOOR,NONE,,FACE_TO_FACE,NONE,S_RETURNS_TO_COUNTER,SERVICE_COUNTER,NONE,,WAITING,NONE,
623,1,NONE,[],"{'CAMERA_1': [], 'CAMERA_2': [], 'CAMERA_3': []}",C_ENTERS,DOOR,NONE,,WAITING,NONE,S_NONE,SERVICE_COUNTER,NONE,,WAITING,NONE,
623,2,NONE,[],"{'CAMERA_1': [], 'CAMERA_2': [], 'CAMERA_3': []}",C_WALKS_TO_CAMERA,CAMERA_3,NONE,,WAITING,NONE,S_NONE,SERVICE_COUNTER,NONE,,WAITING,NONE,
623,3,NONE,[],"{'CAMERA_1': [], 'CAMERA_2': [], 'CAMERA_3': []}",C_EXAMINES_CAMERA,CAMERA_3,NONE,,WAITING,NONE,S_GREETS,CAMERA_3,NONE,can I help you?,FACE_TO_FACE,NONE,
623,4,CAMERA_3,['CAMERA_3'],"{'CAMERA_1': [], 'CAMERA_2': [], 'CAMERA_3': []}",C_LOOKING_FOR_A_CAMERA,CAMERA_3,NONE,hi good afternoon I'm looking for a camera for my son just graduated from school and I would like to buy him a new camera,FACE_TO_FACE,NONE,S_INTRODUCES_CAMERA,CAMERA_3,,Let me show you this. Here we have the Fujifilm PowerShot ELPH S2800.,PRESENT_X,CAMERA_3,39~68
623,5,CAMERA_3,['CAMERA_3'],"{'CAMERA_1': [], 'CAMERA_2': [], 'CAMERA_3': ['preset_modes']}",C_SILENT_OR_BACKCHANNEL,CAMERA_3,NONE,ic,PRESENT_X,CAMERA_3,S_INTRODUCES_FEATURE,CAMERA_3,preset_modes,This one has various preset modes.,PRESENT_X,CAMERA_3,13~33
623,6,CAMERA_3,['CAMERA_3'],"{'CAMERA_1': [], 'CAMERA_2': [], 'CAMERA_3': ['preset_modes', 'sensor_size']}",C_SILENT_OR_BACKCHANNEL,CAMERA_3,NONE,sounds great I'll take one of them with me,PRESENT_X,CAMERA_3,S_INTRODUCES_FEATURE,CAMERA_3,sensor_size,This one has a full frame.,PRESENT_X,CAMERA_3,15~25
623,7,CAMERA_3,['CAMERA_3'],"{'CAMERA_1': [], 'CAMERA_2': [], 'CAMERA_3': ['preset_modes', 'sensor_size', 'long_exposure']}",C_SILENT_OR_BACKCHANNEL,CAMERA_3,NONE,ok,PRESENT_X,CAMERA_3,S_INTRODUCES_FEATURE,CAMERA_3,long_exposure,This one can take long exposures up to 30 minutes max with bulb mode.,PRESENT_X,CAMERA_3,39~68
623,8,CAMERA_3,['CAMERA_3'],"{'CAMERA_1': [], 'CAMERA_2': [], 'CAMERA_3': ['preset_modes', 'sensor_size', 'long_exposure', 'resolution']}",C_QUESTION_ABOUT_FEATURE,CAMERA_3,resolution,what it what is mega pixels,PRESENT_X,CAMERA_3,S_ANSWERS_QUESTION_ABOUT_FEATURE,CAMERA_3,resolution,This one has 23.2 megapixels resolution.,PRESENT_X,CAMERA_3,13~28
623,9,CAMERA_3,['CAMERA_3'],"{'CAMERA_1': [], 'CAMERA_2': [], 'CAMERA_3': ['preset_modes', 'sensor_size', 'long_exposure', 'resolution', 'effects']}",C_SILENT_OR_BACKCHANNEL,CAMERA_3,NONE,sounds like a pretty good option,PRESENT_X,CAMERA_3,S_INTRODUCES_FEATURE,CAMERA_3,effects,"This one has 21 photo effects (small face, retro, big eyes, etc.).",PRESENT_X,CAMERA_3,13~65
623,10,CAMERA_3,['CAMERA_3'],"{'CAMERA_1': [], 'CAMERA_2': [], 'CAMERA_3': ['preset_modes', 'sensor_size', 'long_exposure', 'resolution', 'effects', 'settings']}",C_QUESTION_ABOUT_FEATURE,CAMERA_3,settings,K and do what manual settings what are the manual settings on this,PRESENT_X,CAMERA_3,S_ANSWERS_QUESTION_ABOUT_FEATURE,CAMERA_3,settings,"This one has manual control and various automatic settings (video modeburst shooting, etc.).",PRESENT_X,CAMERA_3,13~91
623,11,CAMERA_2,"['CAMERA_3', 'CAMERA_2']","{'CAMERA_1': [], 'CAMERA_2': [], 'CAMERA_3': ['preset_modes', 'sensor_size', 'long_exposure', 'resolution', 'effects', 'settings']}",C_ANYTHING_ELSE_AVAILABLE,CAMERA_3,NONE,Do you have other cameras that I could afford,PRESENT_X,CAMERA_3,S_INTRODUCES_CAMERA,CAMERA_2,,Let me show you this. Here we have the Fujifilm Lumix ILC Camera.,PRESENT_X,CAMERA_2,39~64
623,12,CAMERA_2,"['CAMERA_3', 'CAMERA_2']","{'CAMERA_1': [], 'CAMERA_2': ['camera_type'], 'CAMERA_3': ['preset_modes', 'sensor_size', 'long_exposure', 'resolution', 'effects', 'settings']}",C_QUESTION_ABOUT_FEATURE,CAMERA_2,camera_type,what kind of camera is this,PRESENT_X,CAMERA_2,S_ANSWERS_QUESTION_ABOUT_FEATURE,CAMERA_2,camera_type,This is a digital single lens mirrorless camera.,PRESENT_X,CAMERA_2,10~40
623,13,CAMERA_2,"['CAMERA_3', 'CAMERA_2']","{'CAMERA_1': [], 'CAMERA_2': ['camera_type', 'long_exposure'], 'CAMERA_3': ['preset_modes', 'sensor_size', 'long_exposure', 'resolution', 'effects', 'settings']}",C_SILENT_OR_BACKCHANNEL,CAMERA_2,NONE,okay,PRESENT_X,CAMERA_2,S_INTRODUCES_FEATURE,CAMERA_2,long_exposure,This one can take long exposures up to 60 minutes max with bulb mode.,PRESENT_X,CAMERA_2,39~68
623,14,CAMERA_2,"['CAMERA_3', 'CAMERA_2']","{'CAMERA_1': [], 'CAMERA_2': ['camera_type', 'long_exposure', 'preset_modes'], 'CAMERA_3': ['preset_modes', 'sensor_size', 'long_exposure', 'resolution', 'effects', 'settings']}",C_QUESTION_ABOUT_FEATURE,CAMERA_2,preset_modes,does it have any preset mode,PRESENT_X,CAMERA_2,S_NOT_SURE,CAMERA_2,,I'm not really sure about that.,PRESENT_X,CAMERA_2,
623,15,CAMERA_2,"['CAMERA_3', 'CAMERA_2']","{'CAMERA_1': [], 'CAMERA_2': ['camera_type', 'long_exposure', 'preset_modes', 'optical_zoom'], 'CAMERA_3': ['preset_modes', 'sensor_size', 'long_exposure', 'resolution', 'effects', 'settings']}",C_SILENT_OR_BACKCHANNEL,CAMERA_2,NONE,okay I see,PRESENT_X,CAMERA_2,S_INTRODUCES_FEATURE,CAMERA_2,optical_zoom,This one has 21x optical zoom.,PRESENT_X,CAMERA_2,13~29
623,16,CAMERA_2,"['CAMERA_3', 'CAMERA_2']","{'CAMERA_1': [], 'CAMERA_2': ['camera_type', 'long_exposure', 'preset_modes', 'optical_zoom', 'price'], 'CAMERA_3': ['preset_modes', 'sensor_size', 'long_exposure', 'resolution', 'effects', 'settings']}",C_QUESTION_ABOUT_FEATURE,CAMERA_2,price,what's the price,PRESENT_X,CAMERA_2,S_ANSWERS_QUESTION_ABOUT_FEATURE,CAMERA_2,price,This one costs $768.,PRESENT_X,CAMERA_2,15~19
623,17,CAMERA_2,"['CAMERA_3', 'CAMERA_2']","{'CAMERA_1': [], 'CAMERA_2': ['camera_type', 'long_exposure', 'preset_modes', 'optical_zoom', 'price', 'effects'], 'CAMERA_3': ['preset_modes', 'sensor_size', 'long_exposure', 'resolution', 'effects', 'settings']}",C_QUESTION_ABOUT_FEATURE,CAMERA_2,effects,does it have an artistic effect mode,PRESENT_X,CAMERA_2,S_ANSWERS_QUESTION_ABOUT_FEATURE,CAMERA_2,effects,"This one has 24 artistic effect modes (retro, lighter or darker skin tones, sepia, etc.).",PRESENT_X,CAMERA_2,13~88
623,18,CAMERA_2,"['CAMERA_3', 'CAMERA_2']","{'CAMERA_1': [], 'CAMERA_2': ['camera_type', 'long_exposure', 'preset_modes', 'optical_zoom', 'price', 'effects', 'resolution'], 'CAMERA_3': ['preset_modes', 'sensor_size', 'long_exposure', 'resolution', 'effects', 'settings']}",C_SILENT_OR_BACKCHANNEL,CAMERA_2,NONE,ok,PRESENT_X,CAMERA_2,S_INTRODUCES_FEATURE,CAMERA_2,resolution,This one has 23.8 megapixels resolution.,PRESENT_X,CAMERA_2,13~28
623,19,CAMERA_2,"['CAMERA_3', 'CAMERA_2']","{'CAMERA_1': [], 'CAMERA_2': ['camera_type', 'long_exposure', 'preset_modes', 'optical_zoom', 'price', 'effects', 'resolution', 'sensor_size'], 'CAMERA_3': ['preset_modes', 'sensor_size', 'long_exposure', 'resolution', 'effects', 'settings']}",C_SILENT_OR_BACKCHANNEL,CAMERA_2,NONE,yeah,PRESENT_X,CAMERA_2,S_INTRODUCES_FEATURE,CAMERA_2,sensor_size,This one has a 1/2.33 inch sensor.,PRESENT_X,CAMERA_2,15~33
623,20,CAMERA_2,"['CAMERA_3', 'CAMERA_2']","{'CAMERA_1': [], 'CAMERA_2': ['camera_type', 'long_exposure', 'preset_modes', 'optical_zoom', 'price', 'effects', 'resolution', 'sensor_size', 'ISO'], 'CAMERA_3': ['preset_modes', 'sensor_size', 'long_exposure', 'resolution', 'effects', 'settings']}",C_QUESTION_ABOUT_FEATURE,CAMERA_2,ISO,alright and uh how about the iso setting,PRESENT_X,CAMERA_2,S_NOT_SURE,CAMERA_2,,I'm not really sure about that.,PRESENT_X,CAMERA_2,
623,21,CAMERA_2,"['CAMERA_3', 'CAMERA_2']","{'CAMERA_1': [], 'CAMERA_2': ['camera_type', 'long_exposure', 'preset_modes', 'optical_zoom', 'price', 'effects', 'resolution', 'sensor_size', 'ISO', 'autofocus_points'], 'CAMERA_3': ['preset_modes', 'sensor_size', 'long_exposure', 'resolution', 'effects', 'settings']}",C_QUESTION_ABOUT_FEATURE,CAMERA_2,autofocus_points,Smith Ellis camera how many holes are Focus points does it have,PRESENT_X,CAMERA_2,S_NOT_SURE,CAMERA_2,,I'm not really sure about that.,PRESENT_X,CAMERA_2,
623,22,CAMERA_2,"['CAMERA_3', 'CAMERA_2']","{'CAMERA_1': [], 'CAMERA_2': ['camera_type', 'long_exposure', 'preset_modes', 'optical_zoom', 'price', 'effects', 'resolution', 'sensor_size', 'ISO', 'autofocus_points', 'weight'], 'CAMERA_3': ['preset_modes', 'sensor_size', 'long_exposure', 'resolution', 'effects', 'settings']}",C_SILENT_OR_BACKCHANNEL,CAMERA_2,NONE,ok,PRESENT_X,CAMERA_2,S_INTRODUCES_FEATURE,CAMERA_2,weight,This one weighs 820 grams.,PRESENT_X,CAMERA_2,16~25
623,23,CAMERA_2,"['CAMERA_3', 'CAMERA_2']","{'CAMERA_1': [], 'CAMERA_2': ['camera_type', 'long_exposure', 'preset_modes', 'optical_zoom', 'price', 'effects', 'resolution', 'sensor_size', 'ISO', 'autofocus_points', 'weight', 'settings'], 'CAMERA_3': ['preset_modes', 'sensor_size', 'long_exposure', 'resolution', 'effects', 'settings']}",C_SILENT_OR_BACKCHANNEL,CAMERA_2,NONE,I think this is not too bad,PRESENT_X,CAMERA_2,S_INTRODUCES_FEATURE,CAMERA_2,settings,"This one has manual control and various automatic settings (video modeburst shooting, etc.).",PRESENT_X,CAMERA_2,13~91
623,24,CAMERA_2,"['CAMERA_3', 'CAMERA_2']","{'CAMERA_1': [], 'CAMERA_2': ['camera_type', 'long_exposure', 'preset_modes', 'optical_zoom', 'price', 'effects', 'resolution', 'sensor_size', 'ISO', 'autofocus_points', 'weight', 'settings', 'color'], 'CAMERA_3': ['preset_modes', 'sensor_size', 'long_exposure', 'resolution', 'effects', 'settings']}",C_QUESTION_ABOUT_FEATURE,CAMERA_2,color,is there any other colors,PRESENT_X,CAMERA_2,S_ANSWERS_QUESTION_ABOUT_FEATURE,CAMERA_2,color,This one comes in white or pink.,PRESENT_X,CAMERA_2,18~31
623,25,CAMERA_2,"['CAMERA_3', 'CAMERA_2']","{'CAMERA_1': [], 'CAMERA_2': ['camera_type', 'long_exposure', 'preset_modes', 'optical_zoom', 'price', 'effects', 'resolution', 'sensor_size', 'ISO', 'autofocus_points', 'weight', 'settings', 'color', 'ISO'], 'CAMERA_3': ['preset_modes', 'sensor_size', 'long_exposure', 'resolution', 'effects', 'settings']}",C_QUESTION_ABOUT_FEATURE,CAMERA_2,ISO,what about ISO performance,PRESENT_X,CAMERA_2,S_NOT_SURE,CAMERA_2,,I'm not really sure about that.,PRESENT_X,CAMERA_2,
623,26,CAMERA_1,"['CAMERA_3', 'CAMERA_2', 'CAMERA_1']","{'CAMERA_1': [], 'CAMERA_2': ['camera_type', 'long_exposure', 'preset_modes', 'optical_zoom', 'price', 'effects', 'resolution', 'sensor_size', 'ISO', 'autofocus_points', 'weight', 'settings', 'color', 'ISO'], 'CAMERA_3': ['preset_modes', 'sensor_size', 'long_exposure', 'resolution', 'effects', 'settings']}",C_ANYTHING_ELSE_AVAILABLE,CAMERA_2,NONE,Do you have other cameras that I could afford,PRESENT_X,CAMERA_2,S_INTRODUCES_CAMERA,CAMERA_1,,Let me show you this. Here we have the Sony PowerShot ELPH DMC-ZS3.,PRESENT_X,CAMERA_1,39~66
623,27,CAMERA_1,"['CAMERA_3', 'CAMERA_2', 'CAMERA_1']","{'CAMERA_1': ['resolution'], 'CAMERA_2': ['camera_type', 'long_exposure', 'preset_modes', 'optical_zoom', 'price', 'effects', 'resolution', 'sensor_size', 'ISO', 'autofocus_points', 'weight', 'settings', 'color', 'ISO'], 'CAMERA_3': ['preset_modes', 'sensor_size', 'long_exposure', 'resolution', 'effects', 'settings']}",C_SILENT_OR_BACKCHANNEL,CAMERA_1,NONE,okay sounds great and lastly I worry about the out of focus,PRESENT_X,CAMERA_1,S_INTRODUCES_FEATURE,CAMERA_1,resolution,This one has 17.8 megapixels resolution.,PRESENT_X,CAMERA_1,13~28
623,28,CAMERA_1,"['CAMERA_3', 'CAMERA_2', 'CAMERA_1']","{'CAMERA_1': ['resolution', 'settings'], 'CAMERA_2': ['camera_type', 'long_exposure', 'preset_modes', 'optical_zoom', 'price', 'effects', 'resolution', 'sensor_size', 'ISO', 'autofocus_points', 'weight', 'settings', 'color', 'ISO'], 'CAMERA_3': ['preset_modes', 'sensor_size', 'long_exposure', 'resolution', 'effects', 'settings']}",C_QUESTION_ABOUT_FEATURE,CAMERA_1,settings,is this full manual,PRESENT_X,CAMERA_1,S_ANSWERS_QUESTION_ABOUT_FEATURE,CAMERA_1,settings,This one has limited manual settings.,PRESENT_X,CAMERA_1,13~36
623,29,CAMERA_1,"['CAMERA_3', 'CAMERA_2', 'CAMERA_1']","{'CAMERA_1': ['resolution', 'settings', 'ISO'], 'CAMERA_2': ['camera_type', 'long_exposure', 'preset_modes', 'optical_zoom', 'price', 'effects', 'resolution', 'sensor_size', 'ISO', 'autofocus_points', 'weight', 'settings', 'color', 'ISO'], 'CAMERA_3': ['preset_modes', 'sensor_size', 'long_exposure', 'resolution', 'effects', 'settings']}",C_QUESTION_ABOUT_FEATURE,CAMERA_1,ISO,and how high does the iso good,PRESENT_X,CAMERA_1,S_ANSWERS_QUESTION_ABOUT_FEATURE,CAMERA_1,ISO,This one has up to 51200 ISO.,PRESENT_X,CAMERA_1,13~28
623,30,,"['CAMERA_3', 'CAMERA_2', 'CAMERA_1']","{'CAMERA_1': ['resolution', 'settings', 'ISO'], 'CAMERA_2': ['camera_type', 'long_exposure', 'preset_modes', 'optical_zoom', 'price', 'effects', 'resolution', 'sensor_size', 'ISO', 'autofocus_points', 'weight', 'settings', 'color', 'ISO'], 'CAMERA_3': ['preset_modes', 'sensor_size', 'long_exposure', 'resolution', 'effects', 'settings']}",C_ANYTHING_ELSE_AVAILABLE,CAMERA_1,NONE,ok do you have any other cameras that can just look at,PRESENT_X,CAMERA_1,S_THATS_ALL_WE_HAVE_AVAILABLE,CAMERA_1,,That's all we have available at the moment.,PRESENT_X,CAMERA_1,
623,31,NONE,"['CAMERA_3', 'CAMERA_2', 'CAMERA_1']","{'CAMERA_1': ['resolution', 'settings', 'ISO'], 'CAMERA_2': ['camera_type', 'long_exposure', 'preset_modes', 'optical_zoom', 'price', 'effects', 'resolution', 'sensor_size', 'ISO', 'autofocus_points', 'weight', 'settings', 'color', 'ISO'], 'CAMERA_3': ['preset_modes', 'sensor_size', 'long_exposure', 'resolution', 'effects', 'settings']}",C_THANK_YOU,CAMERA_1,NONE,thank you for your help,PRESENT_X,CAMERA_1,S_THANK_YOU,CAMERA_1,NONE,thank you very much.,FACE_TO_FACE,NONE,
623,32,NONE,"['CAMERA_3', 'CAMERA_2', 'CAMERA_1']","{'CAMERA_1': ['resolution', 'settings', 'ISO'], 'CAMERA_2': ['camera_type', 'long_exposure', 'preset_modes', 'optical_zoom', 'price', 'effects', 'resolution', 'sensor_size', 'ISO', 'autofocus_points', 'weight', 'settings', 'color', 'ISO'], 'CAMERA_3': ['preset_modes', 'sensor_size', 'long_exposure', 'resolution', 'effects', 'settings']}",C_LEAVES,DOOR,NONE,,FACE_TO_FACE,NONE,S_RETURNS_TO_COUNTER,SERVICE_COUNTER,NONE,,WAITING,NONE,
624,1,NONE,[],"{'CAMERA_1': [], 'CAMERA_2': [], 'CAMERA_3': []}",C_ENTERS,DOOR,NONE,,WAITING,NONE,S_NONE,SERVICE_COUNTER,NONE,,WAITING,NONE,
624,2,NONE,[],"{'CAMERA_1': [], 'CAMERA_2': [], 'CAMERA_3': []}",C_GREETS,MIDDLE,NONE,use me,WAITING,NONE,S_GREETS,MIDDLE,NONE,can I help you?,FACE_TO_FACE,NONE,
624,3,CAMERA_3,['CAMERA_3'],"{'CAMERA_1': [], 'CAMERA_2': [], 'CAMERA_3': []}",C_LOOKING_FOR_A_CAMERA,MIDDLE,NONE,I'm just browsing but just trying to find a camera but I don't know what camera is really good,FACE_TO_FACE,NONE,S_INTRODUCES_CAMERA,CAMERA_3,,Let me show you this. Here we have the Fujifilm PowerShot ELPH S2800.,PRESENT_X,CAMERA_3,39~68
624,4,CAMERA_3,['CAMERA_3'],"{'CAMERA_1': [], 'CAMERA_2': [], 'CAMERA_3': ['resolution']}",C_QUESTION_ABOUT_FEATURE,CAMERA_3,resolution,does the screen touch screen,PRESENT_X,CAMERA_3,S_ANSWERS_QUESTION_ABOUT_FEATURE,CAMERA_3,resolution,This one has 23.2 megapixels resolution.,PRESENT_X,CAMERA_3,13~28
624,5,CAMERA_2,"['CAMERA_3', 'CAMERA_2']","{'CAMERA_1': [], 'CAMERA_2': [], 'CAMERA_3': ['resolution']}",C_ANYTHING_ELSE_AVAILABLE,CAMERA_3,NONE,oh I see that's very interesting do you have any other cameras that you can recommend me,PRESENT_X,CAMERA_3,S_INTRODUCES_CAMERA,CAMERA_2,,Let me show you this. Here we have the Fujifilm Lumix ILC Camera.,PRESENT_X,CAMERA_2,39~64
624,6,CAMERA_2,"['CAMERA_3', 'CAMERA_2']","{'CAMERA_1': [], 'CAMERA_2': ['weight'], 'CAMERA_3': ['resolution']}",C_QUESTION_ABOUT_FEATURE,CAMERA_2,weight,can I know the weight of this camera,PRESENT_X,CAMERA_2,S_ANSWERS_QUESTION_ABOUT_FEATURE,CAMERA_2,weight,This one weighs 820 grams.,PRESENT_X,CAMERA_2,16~25
624,7,CAMERA_1,"['CAMERA_3', 'CAMERA_2', 'CAMERA_1']","{'CAMERA_1': [], 'CAMERA_2': ['weight'], 'CAMERA_3': ['resolution']}",C_ANYTHING_ELSE_AVAILABLE,CAMERA_2,NONE,oh I see that's very interesting do you have any other cameras that you can recommend me,PRESENT_X,CAMERA_2,S_INTRODUCES_CAMERA,CAMERA_1,,Let me show you this. Here we have the Sony PowerShot ELPH DMC-ZS3.,PRESENT_X,CAMERA_1,39~66
624,8,CAMERA_1,"['CAMERA_3', 'CAMERA_2', 'CAMERA_1']","{'CAMERA_1': ['optical_zoom'], 'CAMERA_2': ['weight'], 'CAMERA_3': ['resolution']}",C_QUESTION_ABOUT_FEATURE,CAMERA_1,optical_zoom,good good good and it has the optical zoom,PRESENT_X,CAMERA_1,S_ANSWERS_QUESTION_ABOUT_FEATURE,CAMERA_1,optical_zoom,This one has 21x optical zoom.,PRESENT_X,CAMERA_1,13~29
624,9,NONE,"['CAMERA_3', 'CAMERA_2', 'CAMERA_1']","{'CAMERA_1': ['optical_zoom'], 'CAMERA_2': ['weight'], 'CAMERA_3': ['resolution']}",C_THANK_YOU,CAMERA_1,NONE,well I think about it thank you,PRESENT_X,CAMERA_1,S_THANK_YOU,CAMERA_1,NONE,thank you very much.,FACE_TO_FACE,NONE,
624,10,NONE,"['CAMERA_3', 'CAMERA_2', 'CAMERA_1']","{'CAMERA_1': ['optical_zoom'], 'CAMERA_2': ['weight'], 'CAMERA_3': ['resolution']}",C_LEAVES,DOOR,NONE,,FACE_TO_FACE,NONE,S_RETURNS_TO_COUNTER,SERVICE_COUNTER,NONE,,WAITING,NONE,
625,1,NONE,[],"{'CAMERA_1': [], 'CAMERA_2': [], 'CAMERA_3': []}",C_ENTERS,DOOR,NONE,,WAITING,NONE,S_NONE,SERVICE_COUNTER,NONE,,WAITING,NONE,
625,2,NONE,[],"{'CAMERA_1': [], 'CAMERA_2': [], 'CAMERA_3': []}",C_GREETS,MIDDLE,NONE,scares me,WAITING,NONE,S_GREETS,MIDDLE,NONE,can I help you?,FACE_TO_FACE,NONE,
625,3,CAMERA_1,['CAMERA_1'],"{'CAMERA_1': [], 'CAMERA_2': [], 'CAMERA_3': []}",C_LOOKING_FOR_A_CAMERA,MIDDLE,NONE,hi good afternoon I'm looking for a camera for my next trip to Singapore can you help me with that,FACE_TO_FACE,NONE,S_INTRODUCES_CAMERA,CAMERA_1,,Let me show you this. Here we have the Sony PowerShot ELPH DMC-ZS3.,PRESENT_X,CAMERA_1,39~66
625,4,CAMERA_1,['CAMERA_1'],"{'CAMERA_1': ['ISO'], 'CAMERA_2': [], 'CAMERA_3': []}",C_QUESTION_ABOUT_FEATURE,CAMERA_1,ISO,Ohio ISOs so how well is the able to shoot,PRESENT_X,CAMERA_1,S_ANSWERS_QUESTION_ABOUT_FEATURE,CAMERA_1,ISO,This one has up to 51200 ISO.,PRESENT_X,CAMERA_1,13~28
625,5,CAMERA_1,['CAMERA_1'],"{'CAMERA_1': ['ISO', 'weight'], 'CAMERA_2': [], 'CAMERA_3': []}",C_QUESTION_ABOUT_FEATURE,CAMERA_1,weight,OK and how much does it weigh,PRESENT_X,CAMERA_1,S_ANSWERS_QUESTION_ABOUT_FEATURE,CAMERA_1,weight,This one weighs 800 grams.,PRESENT_X,CAMERA_1,16~25
625,6,CAMERA_1,['CAMERA_1'],"{'CAMERA_1': ['ISO', 'weight', 'settings'], 'CAMERA_2': [], 'CAMERA_3': []}",C_SILENT_OR_BACKCHANNEL,CAMERA_1,NONE,ok,PRESENT_X,CAMERA_1,S_INTRODUCES_FEATURE,CAMERA_1,settings,This one has limited manual settings.,PRESENT_X,CAMERA_1,13~36
625,7,NONE,['CAMERA_1'],"{'CAMERA_1': ['ISO', 'weight', 'settings'], 'CAMERA_2': [], 'CAMERA_3': []}",C_THANK_YOU,CAMERA_1,NONE,okay thank you let me think about that,PRESENT_X,CAMERA_1,S_THANK_YOU,CAMERA_1,NONE,thank you very much.,FACE_TO_FACE,NONE,
625,8,NONE,['CAMERA_1'],"{'CAMERA_1': ['ISO', 'weight', 'settings'], 'CAMERA_2': [], 'CAMERA_3': []}",C_LEAVES,DOOR,NONE,,FACE_TO_FACE,NONE,S_RETURNS_TO_COUNTER,SERVICE_COUNTER,NONE,,WAITING,NONE,
626,1,NONE,[],"{'CAMERA_1': [], 'CAMERA_2': [], 'CAMERA_3': []}",C_ENTERS,DOOR,NONE,,WAITING,NONE,S_NONE,SERVICE_COUNTER,NONE,,WAITING,NONE,
626,2,NONE,[],"{'CAMERA_1': [], 'CAMERA_2': [], 'CAMERA_3': []}",C_GREETS,MIDDLE,NONE,they almost one kilo I'm sorry I dropped it,WAITING,NONE,S_GREETS,MIDDLE,NONE,can I help you?,FACE_TO_FACE,NONE,
626,3,CAMERA_1,['CAMERA_1'],"{'CAMERA_1': [], 'CAMERA_2': [], 'CAMERA_3': []}",C_LOOKING_FOR_A_CAMERA,MIDDLE,NONE,I want to see your new camera the professional one,FACE_TO_FACE,NONE,S_INTRODUCES_CAMERA,CAMERA_1,,Let me show you this. Here we have the Sony PowerShot ELPH DMC-ZS3.,PRESENT_X,CAMERA_1,39~66
626,4,CAMERA_1,['CAMERA_1'],"{'CAMERA_1': ['autofocus_points'], 'CAMERA_2': [], 'CAMERA_3': []}",C_SILENT_OR_BACKCHANNEL,CAMERA_1,NONE,yeah ok,PRESENT_X,CAMERA_1,S_INTRODUCES_FEATURE,CAMERA_1,autofocus_points,This one has 135 autofocus points.,PRESENT_X,CAMERA_1,13~33
626,5,CAMERA_1,['CAMERA_1'],"{'CAMERA_1': ['autofocus_points', 'color'], 'CAMERA_2': [], 'CAMERA_3': []}",C_SILENT_OR_BACKCHANNEL,CAMERA_1,NONE,it's not bad not bad,PRESENT_X,CAMERA_1,S_INTRODUCES_FEATURE,CAMERA_1,color,This one comes in blue or black.,PRESENT_X,CAMERA_1,18~31
626,6,NONE,['CAMERA_1'],"{'CAMERA_1': ['autofocus_points', 'color'], 'CAMERA_2': [], 'CAMERA_3': []}",C_THANK_YOU,CAMERA_1,NONE,alright I think that I thought that was good enough for today but also think about us anyway thank you very much for your help thank you,PRESENT_X,CAMERA_1,S_THANK_YOU,CAMERA_1,NONE,thank you very much.,FACE_TO_FACE,NONE,
626,7,NONE,['CAMERA_1'],"{'CAMERA_1': ['autofocus_points', 'color'], 'CAMERA_2': [], 'CAMERA_3': []}",C_LEAVES,DOOR,NONE,,FACE_TO_FACE,NONE,S_RETURNS_TO_COUNTER,SERVICE_COUNTER,NONE,,WAITING,NONE,
627,1,NONE,[],"{'CAMERA_1': [], 'CAMERA_2': [], 'CAMERA_3': []}",C_ENTERS,DOOR,NONE,,WAITING,NONE,S_NONE,SERVICE_COUNTER,NONE,,WAITING,NONE,
627,2,NONE,[],"{'CAMERA_1': [], 'CAMERA_2': [], 'CAMERA_3': []}",C_GREETS,MIDDLE,NONE,excuse me,WAITING,NONE,S_GREETS,MIDDLE,NONE,can I help you?,FACE_TO_FACE,NONE,
627,3,CAMERA_3,['CAMERA_3'],"{'CAMERA_1': [], 'CAMERA_2': [], 'CAMERA_3': []}",C_LOOKING_FOR_A_CAMERA,MIDDLE,NONE,it's ok i am just looking around,FACE_TO_FACE,NONE,S_INTRODUCES_CAMERA,CAMERA_3,,Let me show you this. Here we have the Fujifilm PowerShot ELPH S2800.,PRESENT_X,CAMERA_3,39~68
627,4,CAMERA_3,['CAMERA_3'],"{'CAMERA_1': [], 'CAMERA_2': [], 'CAMERA_3': ['camera_type']}",C_SILENT_OR_BACKCHANNEL,CAMERA_3,NONE,ok,PRESENT_X,CAMERA_3,S_INTRODUCES_FEATURE,CAMERA_3,camera_type,This is a point and shoot camera.,PRESENT_X,CAMERA_3,10~25
627,5,CAMERA_1,"['CAMERA_3', 'CAMERA_1']","{'CAMERA_1': [], 'CAMERA_2': [], 'CAMERA_3': ['camera_type']}",C_ANYTHING_ELSE_AVAILABLE,CAMERA_3,NONE,can you recommend another camera similar to this,PRESENT_X,CAMERA_3,S_INTRODUCES_CAMERA,CAMERA_1,,Let me show you this. Here we have the Sony PowerShot ELPH DMC-ZS3.,PRESENT_X,CAMERA_1,39~66
627,6,CAMERA_1,"['CAMERA_3', 'CAMERA_1']","{'CAMERA_1': ['autofocus_points'], 'CAMERA_2': [], 'CAMERA_3': ['camera_type']}",C_QUESTION_ABOUT_FEATURE,CAMERA_1,autofocus_points,Smith Ellis camera how many holes are Focus points does it have,PRESENT_X,CAMERA_1,S_ANSWERS_QUESTION_ABOUT_FEATURE,CAMERA_1,autofocus_points,This one has 135 autofocus points.,PRESENT_X,CAMERA_1,13~33
627,7,CAMERA_1,"['CAMERA_3', 'CAMERA_1']","{'CAMERA_1': ['autofocus_points', 'effects'], 'CAMERA_2': [], 'CAMERA_3': ['camera_type']}",C_SILENT_OR_BACKCHANNEL,CAMERA_1,NONE,okay that's good that looks professional and that will impress people,PRESENT_X,CAMERA_1,S_INTRODUCES_FEATURE,CAMERA_1,effects,"This one has 24 glamor retouch effects (miniature, retro, toy camera, etc.).",PRESENT_X,CAMERA_1,13~75
627,8,CAMERA_1,"['CAMERA_3', 'CAMERA_1']","{'CAMERA_1': ['autofocus_points', 'effects', 'color'], 'CAMERA_2': [], 'CAMERA_3': ['camera_type']}",C_QUESTION_ABOUT_FEATURE,CAMERA_1,color,interesting do you know what colors do you have in this one,PRESENT_X,CAMERA_1,S_ANSWERS_QUESTION_ABOUT_FEATURE,CAMERA_1,color,This one comes in blue or black.,PRESENT_X,CAMERA_1,18~31
627,9,CAMERA_1,"['CAMERA_3', 'CAMERA_1']","{'CAMERA_1': ['autofocus_points', 'effects', 'color', 'camera_type'], 'CAMERA_2': [], 'CAMERA_3': ['camera_type']}",C_QUESTION_ABOUT_FEATURE,CAMERA_1,camera_type,Is this a mirrorless camera?,PRESENT_X,CAMERA_1,S_ANSWERS_QUESTION_ABOUT_FEATURE,CAMERA_1,camera_type,This is a DSLR camera.,PRESENT_X,CAMERA_1,10~14
627,10,CAMERA_1,"['CAMERA_3', 'CAMERA_1']","{'CAMERA_1': ['autofocus_points', 'effects', 'color', 'camera_type', 'settings'], 'CAMERA_2': [], 'CAMERA_3': ['camera_type']}",C_QUESTION_ABOUT_FEATURE,CAMERA_1,settings,How many manual settings on this,PRESENT_X,CAMERA_1,S_ANSWERS_QUESTION_ABOUT_FEATURE,CAMERA_1,settings,This one has limited manual settings.,PRESENT_X,CAMERA_1,13~36
627,11,CAMERA_1,"['CAMERA_3', 'CAMERA_1']","{'CAMERA_1': ['autofocus_points', 'effects', 'color', 'camera_type', 'settings', 'long_exposure'], 'CAMERA_2': [], 'CAMERA_3': ['camera_type']}",C_SILENT_OR_BACKCHANNEL,CAMERA_1,NONE,yeah I think that that's great I'll take a look at that and I have to probably help me you know the side,PRESENT_X,CAMERA_1,S_INTRODUCES_FEATURE,CAMERA_1,long_exposure,This one can take long exposures up to up to 15 seconds with Long Shutter Mode.,PRESENT_X,CAMERA_1,39~78
627,12,NONE,"['CAMERA_3', 'CAMERA_1']","{'CAMERA_1': ['autofocus_points', 'effects', 'color', 'camera_type', 'settings', 'long_exposure'], 'CAMERA_2': [], 'CAMERA_3': ['camera_type']}",C_THANK_YOU,CAMERA_1,NONE,thank you,PRESENT_X,CAMERA_1,S_THANK_YOU,CAMERA_1,NONE,thank you very much.,FACE_TO_FACE,NONE,
627,13,NONE,"['CAMERA_3', 'CAMERA_1']","{'CAMERA_1': ['autofocus_points', 'effects', 'color', 'camera_type', 'settings', 'long_exposure'], 'CAMERA_2': [], 'CAMERA_3': ['camera_type']}",C_LEAVES,DOOR,NONE,,FACE_TO_FACE,NONE,S_RETURNS_TO_COUNTER,SERVICE_COUNTER,NONE,,WAITING,NONE,
628,1,NONE,[],"{'CAMERA_1': [], 'CAMERA_2': [], 'CAMERA_3': []}",C_ENTERS,DOOR,NONE,,WAITING,NONE,S_NONE,SERVICE_COUNTER,NONE,,WAITING,NONE,
628,2,NONE,[],"{'CAMERA_1': [], 'CAMERA_2': [], 'CAMERA_3': []}",C_GREETS,MIDDLE,NONE,excuse me,WAITING,NONE,S_GREETS,MIDDLE,NONE,can I help you?,FACE_TO_FACE,NONE,
628,3,CAMERA_1,['CAMERA_1'],"{'CAMERA_1': [], 'CAMERA_2': [], 'CAMERA_3': []}",C_LOOKING_FOR_A_CAMERA,MIDDLE,NONE,I want to get a new camera,FACE_TO_FACE,NONE,S_INTRODUCES_CAMERA,CAMERA_1,,Let me show you this. Here we have the Sony PowerShot ELPH DMC-ZS3.,PRESENT_X,CAMERA_1,39~66
628,4,CAMERA_1,['CAMERA_1'],"{'CAMERA_1': ['autofocus_points'], 'CAMERA_2': [], 'CAMERA_3': []}",C_QUESTION_ABOUT_FEATURE,CAMERA_1,autofocus_points,and for this model how many auto focus points does it have,PRESENT_X,CAMERA_1,S_ANSWERS_QUESTION_ABOUT_FEATURE,CAMERA_1,autofocus_points,This one has 135 autofocus points.,PRESENT_X,CAMERA_1,13~33
628,5,CAMERA_1,['CAMERA_1'],"{'CAMERA_1': ['autofocus_points', 'camera_type'], 'CAMERA_2': [], 'CAMERA_3': []}",C_QUESTION_ABOUT_FEATURE,CAMERA_1,camera_type,is this a point and shoot camera,PRESENT_X,CAMERA_1,S_ANSWERS_QUESTION_ABOUT_FEATURE,CAMERA_1,camera_type,This is a DSLR camera.,PRESENT_X,CAMERA_1,10~14
628,6,CAMERA_1,['CAMERA_1'],"{'CAMERA_1': ['autofocus_points', 'camera_type', 'settings'], 'CAMERA_2': [], 'CAMERA_3': []}",C_SILENT_OR_BACKCHANNEL,CAMERA_1,NONE,ok,PRESENT_X,CAMERA_1,S_INTRODUCES_FEATURE,CAMERA_1,settings,This one has limited manual settings.,PRESENT_X,CAMERA_1,13~36
628,7,CAMERA_1,['CAMERA_1'],"{'CAMERA_1': ['autofocus_points', 'camera_type', 'settings', 'long_exposure'], 'CAMERA_2': [], 'CAMERA_3': []}",C_SILENT_OR_BACKCHANNEL,CAMERA_1,NONE,I get,PRESENT_X,CAMERA_1,S_INTRODUCES_FEATURE,CAMERA_1,long_exposure,This one can take long exposures up to up to 15 seconds with Long Shutter Mode.,PRESENT_X,CAMERA_1,39~78
628,8,CAMERA_3,"['CAMERA_1', 'CAMERA_3']","{'CAMERA_1': ['autofocus_points', 'camera_type', 'settings', 'long_exposure'], 'CAMERA_2': [], 'CAMERA_3': []}",C_ANYTHING_ELSE_AVAILABLE,CAMERA_1,NONE,do you have any other cameras with preset mode,PRESENT_X,CAMERA_1,S_INTRODUCES_CAMERA,CAMERA_3,,Let me show you this. Here we have the Fujifilm PowerShot ELPH S2800.,PRESENT_X,CAMERA_3,39~68
628,9,CAMERA_3,"['CAMERA_1', 'CAMERA_3']","{'CAMERA_1': ['autofocus_points', 'camera_type', 'settings', 'long_exposure'], 'CAMERA_2': [], 'CAMERA_3': ['effects']}",C_QUESTION_ABOUT_FEATURE,CAMERA_3,effects,yeah but I don't really know that stuff does it have any effect modes,PRESENT_X,CAMERA_3,S_ANSWERS_QUESTION_ABOUT_FEATURE,CAMERA_3,effects,"This one has 21 photo effects (small face, retro, big eyes, etc.).",PRESENT_X,CAMERA_3,13~65
628,10,NONE,"['CAMERA_1', 'CAMERA_3']","{'CAMERA_1': ['autofocus_points', 'camera_type', 'settings', 'long_exposure'], 'CAMERA_2': [], 'CAMERA_3': ['effects']}",C_THANK_YOU,CAMERA_3,NONE,okay that'll work thank you very much,PRESENT_X,CAMERA_3,S_THANK_YOU,CAMERA_3,NONE,thank you very much.,FACE_TO_FACE,NONE,
628,11,NONE,"['CAMERA_1', 'CAMERA_3']","{'CAMERA_1': ['autofocus_points', 'camera_type', 'settings', 'long_exposure'], 'CAMERA_2': [], 'CAMERA_3': ['effects']}",C_LEAVES,DOOR,NONE,,FACE_TO_FACE,NONE,S_RETURNS_TO_COUNTER,SERVICE_COUNTER,NONE,,WAITING,NONE,
629,1,NONE,[],"{'CAMERA_1': [], 'CAMERA_2': [], 'CAMERA_3': []}",C_ENTERS,DOOR,NONE,,WAITING,NONE,S_NONE,SERVICE_COUNTER,NONE,,WAITING,NONE,
629,2,NONE,[],"{'CAMERA_1': [], 'CAMERA_2': [], 'CAMERA_3': []}",C_GREETS,MIDDLE,NONE,excuse me,WAITING,NONE,S_GREETS,MIDDLE,NONE,can I help you?,FACE_TO_FACE,NONE,
629,3,CAMERA_3,['CAMERA_3'],"{'CAMERA_1': [], 'CAMERA_2': [], 'CAMERA_3': []}",C_LOOKING_FOR_A_CAMERA,MIDDLE,NONE,I am looking to take take pictures with a camera,FACE_TO_FACE,NONE,S_INTRODUCES_CAMERA,CAMERA_3,,Let me show you this. Here we have the Fujifilm PowerShot ELPH S2800.,PRESENT_X,CAMERA_3,39~68
629,4,CAMERA_3,['CAMERA_3'],"{'CAMERA_1': [], 'CAMERA_2': [], 'CAMERA_3': ['long_exposure']}",C_SILENT_OR_BACKCHANNEL,CAMERA_3,NONE,that sounds good,PRESENT_X,CAMERA_3,S_INTRODUCES_FEATURE,CAMERA_3,long_exposure,This one can take long exposures up to 30 minutes max with bulb mode.,PRESENT_X,CAMERA_3,39~68
629,5,CAMERA_1,"['CAMERA_3', 'CAMERA_1']","{'CAMERA_1': [], 'CAMERA_2': [], 'CAMERA_3': ['long_exposure']}",C_ANYTHING_ELSE_AVAILABLE,CAMERA_3,NONE,do you have any other cameras that are in this kind,PRESENT_X,CAMERA_3,S_INTRODUCES_CAMERA,CAMERA_1,,Let me show you this. Here we have the Sony PowerShot ELPH DMC-ZS3.,PRESENT_X,CAMERA_1,39~66
629,6,CAMERA_1,"['CAMERA_3', 'CAMERA_1']","{'CAMERA_1': ['effects'], 'CAMERA_2': [], 'CAMERA_3': ['long_exposure']}",C_SILENT_OR_BACKCHANNEL,CAMERA_1,NONE,yeah I think that that's great I'll take a look at that and I have to probably help me you know the side,PRESENT_X,CAMERA_1,S_INTRODUCES_FEATURE,CAMERA_1,effects,"This one has 24 glamor retouch effects (miniature, retro, toy camera, etc.).",PRESENT_X,CAMERA_1,13~75
629,7,NONE,"['CAMERA_3', 'CAMERA_1']","{'CAMERA_1': ['effects'], 'CAMERA_2': [], 'CAMERA_3': ['long_exposure']}",C_THANK_YOU,CAMERA_1,NONE,I'll take a look around and come back if I wanted to thank you,PRESENT_X,CAMERA_1,S_THANK_YOU,CAMERA_1,NONE,thank you very much.,FACE_TO_FACE,NONE,
629,8,NONE,"['CAMERA_3', 'CAMERA_1']","{'CAMERA_1': ['effects'], 'CAMERA_2': [], 'CAMERA_3': ['long_exposure']}",C_LEAVES,DOOR,NONE,,FACE_TO_FACE,NONE,S_RETURNS_TO_COUNTER,SERVICE_COUNTER,NONE,,WAITING,NONE,
630,1,NONE,[],"{'CAMERA_1': [], 'CAMERA_2': [], 'CAMERA_3': []}",C_ENTERS,DOOR,NONE,,WAITING,NONE,S_NONE,SERVICE_COUNTER,NONE,,WAITING,NONE,
630,2,NONE,[],"{'CAMERA_1': [], 'CAMERA_2': [], 'CAMERA_3': []}",C_WALKS_TO_CAMERA,CAMERA_1,NONE,,WAITING,NONE,S_GREETS,CAMERA_1,NONE,can I help you?,FACE_TO_FACE,NONE,
630,3,CAMERA_2,['CAMERA_2'],"{'CAMERA_1': [], 'CAMERA_2': [], 'CAMERA_3': []}",C_LOOKING_FOR_A_CAMERA,CAMERA_1,NONE,oh hi I'm just looking for a camera,FACE_TO_FACE,NONE,S_INTRODUCES_CAMERA,CAMERA_2,,Let me show you this. Here we have the Fujifilm Lumix ILC Camera.,PRESENT_X,CAMERA_2,39~64
630,4,CAMERA_2,['CAMERA_2'],"{'CAMERA_1': [], 'CAMERA_2': ['optical_zoom'], 'CAMERA_3': []}",C_SILENT_OR_BACKCHANNEL,CAMERA_2,NONE,Wow it also seems very friendly to use,PRESENT_X,CAMERA_2,S_INTRODUCES_FEATURE,CAMERA_2,optical_zoom,This one has 21x optical zoom.,PRESENT_X,CAMERA_2,13~29
630,5,CAMERA_2,['CAMERA_2'],"{'CAMERA_1': [], 'CAMERA_2': ['optical_zoom', 'price'], 'CAMERA_3': []}",C_SILENT_OR_BACKCHANNEL,CAMERA_2,NONE,oh yeah ok,PRESENT_X,CAMERA_2,S_INTRODUCES_FEATURE,CAMERA_2,price,This one costs $768.,PRESENT_X,CAMERA_2,15~19
630,6,CAMERA_2,['CAMERA_2'],"{'CAMERA_1': [], 'CAMERA_2': ['optical_zoom', 'price', 'sensor_size'], 'CAMERA_3': []}",C_SILENT_OR_BACKCHANNEL,CAMERA_2,NONE,ok,PRESENT_X,CAMERA_2,S_INTRODUCES_FEATURE,CAMERA_2,sensor_size,This one has a 1/2.33 inch sensor.,PRESENT_X,CAMERA_2,15~33
630,7,CAMERA_2,['CAMERA_2'],"{'CAMERA_1': [], 'CAMERA_2': ['optical_zoom', 'price', 'sensor_size', 'camera_type'], 'CAMERA_3': []}",C_QUESTION_ABOUT_FEATURE,CAMERA_2,camera_type,is this a DSLR camera,PRESENT_X,CAMERA_2,S_ANSWERS_QUESTION_ABOUT_FEATURE,CAMERA_2,camera_type,This is a digital single lens mirrorless camera.,PRESENT_X,CAMERA_2,10~40
630,8,CAMERA_1,"['CAMERA_2', 'CAMERA_1']","{'CAMERA_1': [], 'CAMERA_2': ['optical_zoom', 'price', 'sensor_size', 'camera_type'], 'CAMERA_3': []}",C_ANYTHING_ELSE_AVAILABLE,CAMERA_2,NONE,ok do you have any other cameras that can just look at,PRESENT_X,CAMERA_2,S_INTRODUCES_CAMERA,CAMERA_1,,Let me show you this. Here we have the Sony PowerShot ELPH DMC-ZS3.,PRESENT_X,CAMERA_1,39~66
630,9,CAMERA_1,"['CAMERA_2', 'CAMERA_1']","{'CAMERA_1': ['preset_modes'], 'CAMERA_2': ['optical_zoom', 'price', 'sensor_size', 'camera_type'], 'CAMERA_3': []}",C_QUESTION_ABOUT_FEATURE,CAMERA_1,preset_modes,the menu settings of this camera are they same as the Canon,PRESENT_X,CAMERA_1,S_NOT_SURE,CAMERA_1,,I'm not really sure about that.,PRESENT_X,CAMERA_1,
630,10,CAMERA_1,"['CAMERA_2', 'CAMERA_1']","{'CAMERA_1': ['preset_modes', 'sensor_size'], 'CAMERA_2': ['optical_zoom', 'price', 'sensor_size', 'camera_type'], 'CAMERA_3': []}",C_QUESTION_ABOUT_FEATURE,CAMERA_1,sensor_size,i see and what is the sensor size of this camera,PRESENT_X,CAMERA_1,S_ANSWERS_QUESTION_ABOUT_FEATURE,CAMERA_1,sensor_size,This one has a 1/2.3 inch CMOS sensor.,PRESENT_X,CAMERA_1,15~37
630,11,CAMERA_1,"['CAMERA_2', 'CAMERA_1']","{'CAMERA_1': ['preset_modes', 'sensor_size', 'long_exposure'], 'CAMERA_2': ['optical_zoom', 'price', 'sensor_size', 'camera_type'], 'CAMERA_3': []}",C_SILENT_OR_BACKCHANNEL,CAMERA_1,NONE,let's see,PRESENT_X,CAMERA_1,S_INTRODUCES_FEATURE,CAMERA_1,long_exposure,This one can take long exposures up to up to 15 seconds with Long Shutter Mode.,PRESENT_X,CAMERA_1,39~78
630,12,NONE,"['CAMERA_2', 'CAMERA_1']","{'CAMERA_1': ['preset_modes', 'sensor_size', 'long_exposure'], 'CAMERA_2': ['optical_zoom', 'price', 'sensor_size', 'camera_type'], 'CAMERA_3': []}",C_THANK_YOU,CAMERA_1,NONE,I see thanks so much for your help,PRESENT_X,CAMERA_1,S_THANK_YOU,CAMERA_1,NONE,thank you very much.,FACE_TO_FACE,NONE,
630,13,NONE,"['CAMERA_2', 'CAMERA_1']","{'CAMERA_1': ['preset_modes', 'sensor_size', 'long_exposure'], 'CAMERA_2': ['optical_zoom', 'price', 'sensor_size', 'camera_type'], 'CAMERA_3': []}",C_LEAVES,DOOR,NONE,,FACE_TO_FACE,NONE,S_RETURNS_TO_COUNTER,SERVICE_COUNTER,NONE,,WAITING,NONE,
631,1,NONE,[],"{'CAMERA_1': [], 'CAMERA_2': [], 'CAMERA_3': []}",C_ENTERS,DOOR,NONE,,WAITING,NONE,S_NONE,SERVICE_COUNTER,NONE,,WAITING,NONE,
631,2,NONE,[],"{'CAMERA_1': [], 'CAMERA_2': [], 'CAMERA_3': []}",C_GREETS,MIDDLE,NONE,hi can you help me place,WAITING,NONE,S_GREETS,MIDDLE,NONE,can I help you?,FACE_TO_FACE,NONE,
631,3,CAMERA_2,['CAMERA_2'],"{'CAMERA_1': [], 'CAMERA_2': [], 'CAMERA_3': []}",C_LOOKING_FOR_A_CAMERA,MIDDLE,NONE,I'm just looking around,FACE_TO_FACE,NONE,S_INTRODUCES_CAMERA,CAMERA_2,,Let me show you this. Here we have the Fujifilm Lumix ILC Camera.,PRESENT_X,CAMERA_2,39~64
631,4,CAMERA_2,['CAMERA_2'],"{'CAMERA_1': [], 'CAMERA_2': ['resolution'], 'CAMERA_3': []}",C_QUESTION_ABOUT_FEATURE,CAMERA_2,resolution,Oh what kind of resolution to the house hun,PRESENT_X,CAMERA_2,S_ANSWERS_QUESTION_ABOUT_FEATURE,CAMERA_2,resolution,This one has 23.8 megapixels resolution.,PRESENT_X,CAMERA_2,13~28
631,5,CAMERA_2,['CAMERA_2'],"{'CAMERA_1': [], 'CAMERA_2': ['resolution', 'ISO'], 'CAMERA_3': []}",C_QUESTION_ABOUT_FEATURE,CAMERA_2,ISO,what about ISO performance,PRESENT_X,CAMERA_2,S_NOT_SURE,CAMERA_2,,I'm not really sure about that.,PRESENT_X,CAMERA_2,
631,6,CAMERA_2,['CAMERA_2'],"{'CAMERA_1': [], 'CAMERA_2': ['resolution', 'ISO', 'settings'], 'CAMERA_3': []}",C_SILENT_OR_BACKCHANNEL,CAMERA_2,NONE,that looks good,PRESENT_X,CAMERA_2,S_INTRODUCES_FEATURE,CAMERA_2,settings,"This one has manual control and various automatic settings (video modeburst shooting, etc.).",PRESENT_X,CAMERA_2,13~91
631,7,CAMERA_2,['CAMERA_2'],"{'CAMERA_1': [], 'CAMERA_2': ['resolution', 'ISO', 'settings', 'color'], 'CAMERA_3': []}",C_SILENT_OR_BACKCHANNEL,CAMERA_2,NONE,I say but yeah okay,PRESENT_X,CAMERA_2,S_INTRODUCES_FEATURE,CAMERA_2,color,This one comes in white or pink.,PRESENT_X,CAMERA_2,18~31
631,8,CAMERA_2,['CAMERA_2'],"{'CAMERA_1': [], 'CAMERA_2': ['resolution', 'ISO', 'settings', 'color', 'optical_zoom'], 'CAMERA_3': []}",C_SILENT_OR_BACKCHANNEL,CAMERA_2,NONE,okay that's good not going to come is pretty noisy so I will be nice to have a change,PRESENT_X,CAMERA_2,S_INTRODUCES_FEATURE,CAMERA_2,optical_zoom,This one has 21x optical zoom.,PRESENT_X,CAMERA_2,13~29
631,9,CAMERA_2,['CAMERA_2'],"{'CAMERA_1': [], 'CAMERA_2': ['resolution', 'ISO', 'settings', 'color', 'optical_zoom', 'price'], 'CAMERA_3': []}",C_QUESTION_ABOUT_FEATURE,CAMERA_2,price,how much is this,PRESENT_X,CAMERA_2,S_ANSWERS_QUESTION_ABOUT_FEATURE,CAMERA_2,price,This one costs $768.,PRESENT_X,CAMERA_2,15~19
631,10,CAMERA_1,"['CAMERA_2', 'CAMERA_1']","{'CAMERA_1': [], 'CAMERA_2': ['resolution', 'ISO', 'settings', 'color', 'optical_zoom', 'price'], 'CAMERA_3': []}",C_ANYTHING_ELSE_AVAILABLE,CAMERA_2,NONE,oh I see that's very interesting do you have any other cameras that you can recommend me,PRESENT_X,CAMERA_2,S_INTRODUCES_CAMERA,CAMERA_1,,Let me show you this. Here we have the Sony PowerShot ELPH DMC-ZS3.,PRESENT_X,CAMERA_1,39~66
631,11,CAMERA_1,"['CAMERA_2', 'CAMERA_1']","{'CAMERA_1': ['long_exposure'], 'CAMERA_2': ['resolution', 'ISO', 'settings', 'color', 'optical_zoom', 'price'], 'CAMERA_3': []}",C_SILENT_OR_BACKCHANNEL,CAMERA_1,NONE,I see,PRESENT_X,CAMERA_1,S_INTRODUCES_FEATURE,CAMERA_1,long_exposure,This one can take long exposures up to up to 15 seconds with Long Shutter Mode.,PRESENT_X,CAMERA_1,39~78
631,12,CAMERA_1,"['CAMERA_2', 'CAMERA_1']","{'CAMERA_1': ['long_exposure', 'preset_modes'], 'CAMERA_2': ['resolution', 'ISO', 'settings', 'color', 'optical_zoom', 'price'], 'CAMERA_3': []}",C_QUESTION_ABOUT_FEATURE,CAMERA_1,preset_modes,the menu settings of this camera are they same as the Canon,PRESENT_X,CAMERA_1,S_NOT_SURE,CAMERA_1,,I'm not really sure about that.,PRESENT_X,CAMERA_1,
631,13,CAMERA_1,"['CAMERA_2', 'CAMERA_1']","{'CAMERA_1': ['long_exposure', 'preset_modes', 'autofocus_points'], 'CAMERA_2': ['resolution', 'ISO', 'settings', 'color', 'optical_zoom', 'price'], 'CAMERA_3': []}",C_QUESTION_ABOUT_FEATURE,CAMERA_1,autofocus_points,what is the auto focus points for this camera,PRESENT_X,CAMERA_1,S_ANSWERS_QUESTION_ABOUT_FEATURE,CAMERA_1,autofocus_points,This one has 135 autofocus points.,PRESENT_X,CAMERA_1,13~33
631,14,CAMERA_1,"['CAMERA_2', 'CAMERA_1']","{'CAMERA_1': ['long_exposure', 'preset_modes', 'autofocus_points', 'price'], 'CAMERA_2': ['resolution', 'ISO', 'settings', 'color', 'optical_zoom', 'price'], 'CAMERA_3': []}",C_QUESTION_ABOUT_FEATURE,CAMERA_1,price,what is the price,PRESENT_X,CAMERA_1,S_ANSWERS_QUESTION_ABOUT_FEATURE,CAMERA_1,price,This one costs $450.,PRESENT_X,CAMERA_1,15~19
631,15,CAMERA_1,"['CAMERA_2', 'CAMERA_1']","{'CAMERA_1': ['long_exposure', 'preset_modes', 'autofocus_points', 'price', 'effects'], 'CAMERA_2': ['resolution', 'ISO', 'settings', 'color', 'optical_zoom', 'price'], 'CAMERA_3': []}",C_QUESTION_ABOUT_FEATURE,CAMERA_1,effects,okay let's see what about the artistic effect mode is it really good or is it ok,PRESENT_X,CAMERA_1,S_ANSWERS_QUESTION_ABOUT_FEATURE,CAMERA_1,effects,"This one has 24 glamor retouch effects (miniature, retro, toy camera, etc.).",PRESENT_X,CAMERA_1,13~75
631,16,NONE,"['CAMERA_2', 'CAMERA_1']","{'CAMERA_1': ['long_exposure', 'preset_modes', 'autofocus_points', 'price', 'effects'], 'CAMERA_2': ['resolution', 'ISO', 'settings', 'color', 'optical_zoom', 'price'], 'CAMERA_3': []}",C_THANK_YOU,CAMERA_1,NONE,thank you,PRESENT_X,CAMERA_1,S_THANK_YOU,CAMERA_1,NONE,thank you very much.,FACE_TO_FACE,NONE,
631,17,NONE,"['CAMERA_2', 'CAMERA_1']","{'CAMERA_1': ['long_exposure', 'preset_modes', 'autofocus_points', 'price', 'effects'], 'CAMERA_2': ['resolution', 'ISO', 'settings', 'color', 'optical_zoom', 'price'], 'CAMERA_3': []}",C_LEAVES,DOOR,NONE,,FACE_TO_FACE,NONE,S_RETURNS_TO_COUNTER,SERVICE_COUNTER,NONE,,WAITING,NONE,
632,1,NONE,[],"{'CAMERA_1': [], 'CAMERA_2': [], 'CAMERA_3': []}",C_ENTERS,DOOR,NONE,,WAITING,NONE,S_NONE,SERVICE_COUNTER,NONE,,WAITING,NONE,
632,2,NONE,[],"{'CAMERA_1': [], 'CAMERA_2': [], 'CAMERA_3': []}",C_WALKS_TO_CAMERA,CAMERA_2,NONE,,WAITING,NONE,S_GREETS,CAMERA_2,NONE,can I help you?,FACE_TO_FACE,NONE,
632,3,CAMERA_3,['CAMERA_3'],"{'CAMERA_1': [], 'CAMERA_2': [], 'CAMERA_3': []}",C_LOOKING_FOR_A_CAMERA,CAMERA_2,NONE,hi good afternoon I'm looking to buy a new camera that if it continues portable,FACE_TO_FACE,NONE,S_INTRODUCES_CAMERA,CAMERA_3,,Let me show you this. Here we have the Fujifilm PowerShot ELPH S2800.,PRESENT_X,CAMERA_3,39~68
632,4,CAMERA_3,['CAMERA_3'],"{'CAMERA_1': [], 'CAMERA_2': [], 'CAMERA_3': ['resolution']}",C_QUESTION_ABOUT_FEATURE,CAMERA_3,resolution,how many megapixels does this got,PRESENT_X,CAMERA_3,S_ANSWERS_QUESTION_ABOUT_FEATURE,CAMERA_3,resolution,This one has 23.2 megapixels resolution.,PRESENT_X,CAMERA_3,13~28
632,5,NONE,['CAMERA_3'],"{'CAMERA_1': [], 'CAMERA_2': [], 'CAMERA_3': ['resolution']}",C_THANK_YOU,CAMERA_3,NONE,okay I'll think about it then thank you very much,PRESENT_X,CAMERA_3,S_THANK_YOU,CAMERA_3,NONE,thank you very much.,FACE_TO_FACE,NONE,
632,6,NONE,['CAMERA_3'],"{'CAMERA_1': [], 'CAMERA_2': [], 'CAMERA_3': ['resolution']}",C_LEAVES,DOOR,NONE,,FACE_TO_FACE,NONE,S_RETURNS_TO_COUNTER,SERVICE_COUNTER,NONE,,WAITING,NONE,
633,1,NONE,[],"{'CAMERA_1': [], 'CAMERA_2': [], 'CAMERA_3': []}",C_ENTERS,DOOR,NONE,,WAITING,NONE,S_NONE,SERVICE_COUNTER,NONE,,WAITING,NONE,
633,2,NONE,[],"{'CAMERA_1': [], 'CAMERA_2': [], 'CAMERA_3': []}",C_GREETS,MIDDLE,NONE,excuse me,WAITING,NONE,S_GREETS,MIDDLE,NONE,can I help you?,FACE_TO_FACE,NONE,
633,3,CAMERA_1,['CAMERA_1'],"{'CAMERA_1': [], 'CAMERA_2': [], 'CAMERA_3': []}",C_LOOKING_FOR_A_CAMERA,MIDDLE,NONE,I'm just browsing around just searching for a camera,FACE_TO_FACE,NONE,S_INTRODUCES_CAMERA,CAMERA_1,,Let me show you this. Here we have the Sony PowerShot ELPH DMC-ZS3.,PRESENT_X,CAMERA_1,39~66
633,4,CAMERA_1,['CAMERA_1'],"{'CAMERA_1': ['price'], 'CAMERA_2': [], 'CAMERA_3': []}",C_QUESTION_ABOUT_FEATURE,CAMERA_1,price,and how much does it cost,PRESENT_X,CAMERA_1,S_ANSWERS_QUESTION_ABOUT_FEATURE,CAMERA_1,price,This one costs $450.,PRESENT_X,CAMERA_1,15~19
633,5,CAMERA_1,['CAMERA_1'],"{'CAMERA_1': ['price', 'sensor_size'], 'CAMERA_2': [], 'CAMERA_3': []}",C_QUESTION_ABOUT_FEATURE,CAMERA_1,sensor_size,can I know these as a size for this camera,PRESENT_X,CAMERA_1,S_ANSWERS_QUESTION_ABOUT_FEATURE,CAMERA_1,sensor_size,This one has a 1/2.3 inch CMOS sensor.,PRESENT_X,CAMERA_1,15~37
633,6,CAMERA_1,['CAMERA_1'],"{'CAMERA_1': ['price', 'sensor_size', 'optical_zoom'], 'CAMERA_2': [], 'CAMERA_3': []}",C_SILENT_OR_BACKCHANNEL,CAMERA_1,NONE,IC,PRESENT_X,CAMERA_1,S_INTRODUCES_FEATURE,CAMERA_1,optical_zoom,This one has 21x optical zoom.,PRESENT_X,CAMERA_1,13~29
633,7,CAMERA_1,['CAMERA_1'],"{'CAMERA_1': ['price', 'sensor_size', 'optical_zoom', 'ISO'], 'CAMERA_2': [], 'CAMERA_3': []}",C_SILENT_OR_BACKCHANNEL,CAMERA_1,NONE,okay,PRESENT_X,CAMERA_1,S_INTRODUCES_FEATURE,CAMERA_1,ISO,This one has up to 51200 ISO.,PRESENT_X,CAMERA_1,13~28
633,8,CAMERA_1,['CAMERA_1'],"{'CAMERA_1': ['price', 'sensor_size', 'optical_zoom', 'ISO', 'camera_type'], 'CAMERA_2': [], 'CAMERA_3': []}",C_SILENT_OR_BACKCHANNEL,CAMERA_1,NONE,yeah,PRESENT_X,CAMERA_1,S_INTRODUCES_FEATURE,CAMERA_1,camera_type,This is a DSLR camera.,PRESENT_X,CAMERA_1,10~14
633,9,CAMERA_1,['CAMERA_1'],"{'CAMERA_1': ['price', 'sensor_size', 'optical_zoom', 'ISO', 'camera_type', 'autofocus_points'], 'CAMERA_2': [], 'CAMERA_3': []}",C_QUESTION_ABOUT_FEATURE,CAMERA_1,autofocus_points,how many auto focus points I have,PRESENT_X,CAMERA_1,S_ANSWERS_QUESTION_ABOUT_FEATURE,CAMERA_1,autofocus_points,This one has 135 autofocus points.,PRESENT_X,CAMERA_1,13~33
633,10,CAMERA_1,['CAMERA_1'],"{'CAMERA_1': ['price', 'sensor_size', 'optical_zoom', 'ISO', 'camera_type', 'autofocus_points', 'long_exposure'], 'CAMERA_2': [], 'CAMERA_3': []}",C_QUESTION_ABOUT_FEATURE,CAMERA_1,long_exposure,okay and how is it for long exposures,PRESENT_X,CAMERA_1,S_ANSWERS_QUESTION_ABOUT_FEATURE,CAMERA_1,long_exposure,This one can take long exposures up to up to 15 seconds with Long Shutter Mode.,PRESENT_X,CAMERA_1,39~78
633,11,CAMERA_1,['CAMERA_1'],"{'CAMERA_1': ['price', 'sensor_size', 'optical_zoom', 'ISO', 'camera_type', 'autofocus_points', 'long_exposure', 'resolution'], 'CAMERA_2': [], 'CAMERA_3': []}",C_SILENT_OR_BACKCHANNEL,CAMERA_1,NONE,alright,PRESENT_X,CAMERA_1,S_INTRODUCES_FEATURE,CAMERA_1,resolution,This one has 17.8 megapixels resolution.,PRESENT_X,CAMERA_1,13~28
633,12,CAMERA_1,['CAMERA_1'],"{'CAMERA_1': ['price', 'sensor_size', 'optical_zoom', 'ISO', 'camera_type', 'autofocus_points', 'long_exposure', 'resolution', 'settings'], 'CAMERA_2': [], 'CAMERA_3': []}",C_SILENT_OR_BACKCHANNEL,CAMERA_1,NONE,that looks good,PRESENT_X,CAMERA_1,S_INTRODUCES_FEATURE,CAMERA_1,settings,This one has limited manual settings.,PRESENT_X,CAMERA_1,13~36
633,13,CAMERA_1,['CAMERA_1'],"{'CAMERA_1': ['price', 'sensor_size', 'optical_zoom', 'ISO', 'camera_type', 'autofocus_points', 'long_exposure', 'resolution', 'settings', 'color'], 'CAMERA_2': [], 'CAMERA_3': []}",C_QUESTION_ABOUT_FEATURE,CAMERA_1,color,is there any other colors,PRESENT_X,CAMERA_1,S_ANSWERS_QUESTION_ABOUT_FEATURE,CAMERA_1,color,This one comes in blue or black.,PRESENT_X,CAMERA_1,18~31
633,14,CAMERA_1,['CAMERA_1'],"{'CAMERA_1': ['price', 'sensor_size', 'optical_zoom', 'ISO', 'camera_type', 'autofocus_points', 'long_exposure', 'resolution', 'settings', 'color', 'effects'], 'CAMERA_2': [], 'CAMERA_3': []}",C_SILENT_OR_BACKCHANNEL,CAMERA_1,NONE,let me see,PRESENT_X,CAMERA_1,S_INTRODUCES_FEATURE,CAMERA_1,effects,"This one has 24 glamor retouch effects (miniature, retro, toy camera, etc.).",PRESENT_X,CAMERA_1,13~75
633,15,NONE,['CAMERA_1'],"{'CAMERA_1': ['price', 'sensor_size', 'optical_zoom', 'ISO', 'camera_type', 'autofocus_points', 'long_exposure', 'resolution', 'settings', 'color', 'effects'], 'CAMERA_2': [], 'CAMERA_3': []}",C_THANK_YOU,CAMERA_1,NONE,thank you very  much,PRESENT_X,CAMERA_1,S_THANK_YOU,CAMERA_1,NONE,thank you very much.,FACE_TO_FACE,NONE,
633,16,NONE,['CAMERA_1'],"{'CAMERA_1': ['price', 'sensor_size', 'optical_zoom', 'ISO', 'camera_type', 'autofocus_points', 'long_exposure', 'resolution', 'settings', 'color', 'effects'], 'CAMERA_2': [], 'CAMERA_3': []}",C_LEAVES,DOOR,NONE,,FACE_TO_FACE,NONE,S_RETURNS_TO_COUNTER,SERVICE_COUNTER,NONE,,WAITING,NONE,
634,1,NONE,[],"{'CAMERA_1': [], 'CAMERA_2': [], 'CAMERA_3': []}",C_ENTERS,DOOR,NONE,,WAITING,NONE,S_NONE,SERVICE_COUNTER,NONE,,WAITING,NONE,
634,2,NONE,[],"{'CAMERA_1': [], 'CAMERA_2': [], 'CAMERA_3': []}",C_GREETS,MIDDLE,NONE,hello good morning,WAITING,NONE,S_GREETS,MIDDLE,NONE,can I help you?,FACE_TO_FACE,NONE,
634,3,CAMERA_2,['CAMERA_2'],"{'CAMERA_1': [], 'CAMERA_2': [], 'CAMERA_3': []}",C_LOOKING_FOR_A_CAMERA,MIDDLE,NONE,I want to look at your camera,FACE_TO_FACE,NONE,S_INTRODUCES_CAMERA,CAMERA_2,,Let me show you this. Here we have the Fujifilm Lumix ILC Camera.,PRESENT_X,CAMERA_2,39~64
634,4,CAMERA_2,['CAMERA_2'],"{'CAMERA_1': [], 'CAMERA_2': ['sensor_size'], 'CAMERA_3': []}",C_QUESTION_ABOUT_FEATURE,CAMERA_2,sensor_size,and the sensor size,PRESENT_X,CAMERA_2,S_ANSWERS_QUESTION_ABOUT_FEATURE,CAMERA_2,sensor_size,This one has a 1/2.33 inch sensor.,PRESENT_X,CAMERA_2,15~33
634,5,CAMERA_2,['CAMERA_2'],"{'CAMERA_1': [], 'CAMERA_2': ['sensor_size', 'preset_modes'], 'CAMERA_3': []}",C_QUESTION_ABOUT_FEATURE,CAMERA_2,preset_modes,does it have like candle mode,PRESENT_X,CAMERA_2,S_NOT_SURE,CAMERA_2,,I'm not really sure about that.,PRESENT_X,CAMERA_2,
634,6,NONE,['CAMERA_2'],"{'CAMERA_1': [], 'CAMERA_2': ['sensor_size', 'preset_modes'], 'CAMERA_3': []}",C_THANK_YOU,CAMERA_2,NONE,alright well I'll see if your help,PRESENT_X,CAMERA_2,S_THANK_YOU,CAMERA_2,NONE,thank you very much.,FACE_TO_FACE,NONE,
634,7,NONE,['CAMERA_2'],"{'CAMERA_1': [], 'CAMERA_2': ['sensor_size', 'preset_modes'], 'CAMERA_3': []}",C_LEAVES,DOOR,NONE,,FACE_TO_FACE,NONE,S_RETURNS_TO_COUNTER,SERVICE_COUNTER,NONE,,WAITING,NONE,
635,1,NONE,[],"{'CAMERA_1': [], 'CAMERA_2': [], 'CAMERA_3': []}",C_ENTERS,DOOR,NONE,,WAITING,NONE,S_NONE,SERVICE_COUNTER,NONE,,WAITING,NONE,
635,2,NONE,[],"{'CAMERA_1': [], 'CAMERA_2': [], 'CAMERA_3': []}",C_GREETS,MIDDLE,NONE,excuse me,WAITING,NONE,S_GREETS,MIDDLE,NONE,can I help you?,FACE_TO_FACE,NONE,
635,3,CAMERA_3,['CAMERA_3'],"{'CAMERA_1': [], 'CAMERA_2': [], 'CAMERA_3': []}",C_LOOKING_FOR_A_CAMERA,MIDDLE,NONE,I'm looking for a lightweight camera,FACE_TO_FACE,NONE,S_INTRODUCES_CAMERA,CAMERA_3,,Let me show you this. Here we have the Fujifilm PowerShot ELPH S2800.,PRESENT_X,CAMERA_3,39~68
635,4,CAMERA_3,['CAMERA_3'],"{'CAMERA_1': [], 'CAMERA_2': [], 'CAMERA_3': ['price']}",C_QUESTION_ABOUT_FEATURE,CAMERA_3,price,how much does it cost,PRESENT_X,CAMERA_3,S_ANSWERS_QUESTION_ABOUT_FEATURE,CAMERA_3,price,This one costs $518.,PRESENT_X,CAMERA_3,15~19
635,5,CAMERA_1,"['CAMERA_3', 'CAMERA_1']","{'CAMERA_1': [], 'CAMERA_2': [], 'CAMERA_3': ['price']}",C_ANYTHING_ELSE_AVAILABLE,CAMERA_3,NONE,ok do you have any other cameras that can just look at,PRESENT_X,CAMERA_3,S_INTRODUCES_CAMERA,CAMERA_1,,Let me show you this. Here we have the Sony PowerShot ELPH DMC-ZS3.,PRESENT_X,CAMERA_1,39~66
635,6,CAMERA_1,"['CAMERA_3', 'CAMERA_1']","{'CAMERA_1': ['camera_type'], 'CAMERA_2': [], 'CAMERA_3': ['price']}",C_QUESTION_ABOUT_FEATURE,CAMERA_1,camera_type,Is this a mirrorless camera?,PRESENT_X,CAMERA_1,S_ANSWERS_QUESTION_ABOUT_FEATURE,CAMERA_1,camera_type,This is a DSLR camera.,PRESENT_X,CAMERA_1,10~14
635,7,CAMERA_1,"['CAMERA_3', 'CAMERA_1']","{'CAMERA_1': ['camera_type', 'ISO'], 'CAMERA_2': [], 'CAMERA_3': ['price']}",C_QUESTION_ABOUT_FEATURE,CAMERA_1,ISO,Ohio ISOs so how well is the able to shoot,PRESENT_X,CAMERA_1,S_ANSWERS_QUESTION_ABOUT_FEATURE,CAMERA_1,ISO,This one has up to 51200 ISO.,PRESENT_X,CAMERA_1,13~28
635,8,CAMERA_1,"['CAMERA_3', 'CAMERA_1']","{'CAMERA_1': ['camera_type', 'ISO', 'sensor_size'], 'CAMERA_2': [], 'CAMERA_3': ['price']}",C_QUESTION_ABOUT_FEATURE,CAMERA_1,sensor_size,what about the sensor size,PRESENT_X,CAMERA_1,S_ANSWERS_QUESTION_ABOUT_FEATURE,CAMERA_1,sensor_size,This one has a 1/2.3 inch CMOS sensor.,PRESENT_X,CAMERA_1,15~37
635,9,CAMERA_1,"['CAMERA_3', 'CAMERA_1']","{'CAMERA_1': ['camera_type', 'ISO', 'sensor_size', 'long_exposure'], 'CAMERA_2': [], 'CAMERA_3': ['price']}",C_SILENT_OR_BACKCHANNEL,CAMERA_1,NONE,you're actually it's the way is feels really nice,PRESENT_X,CAMERA_1,S_INTRODUCES_FEATURE,CAMERA_1,long_exposure,This one can take long exposures up to up to 15 seconds with Long Shutter Mode.,PRESENT_X,CAMERA_1,39~78
635,10,NONE,"['CAMERA_3', 'CAMERA_1']","{'CAMERA_1': ['camera_type', 'ISO', 'sensor_size', 'long_exposure'], 'CAMERA_2': [], 'CAMERA_3': ['price']}",C_THANK_YOU,CAMERA_1,NONE,okay thanks for the help,PRESENT_X,CAMERA_1,S_THANK_YOU,CAMERA_1,NONE,thank you very much.,FACE_TO_FACE,NONE,
635,11,NONE,"['CAMERA_3', 'CAMERA_1']","{'CAMERA_1': ['camera_type', 'ISO', 'sensor_size', 'long_exposure'], 'CAMERA_2': [], 'CAMERA_3': ['price']}",C_LEAVES,DOOR,NONE,,FACE_TO_FACE,NONE,S_RETURNS_TO_COUNTER,SERVICE_COUNTER,NONE,,WAITING,NONE,
636,1,NONE,[],"{'CAMERA_1': [], 'CAMERA_2': [], 'CAMERA_3': []}",C_ENTERS,DOOR,NONE,,WAITING,NONE,S_NONE,SERVICE_COUNTER,NONE,,WAITING,NONE,
636,2,NONE,[],"{'CAMERA_1': [], 'CAMERA_2': [], 'CAMERA_3': []}",C_WALKS_TO_CAMERA,CAMERA_2,NONE,,WAITING,NONE,S_GREETS,CAMERA_2,NONE,can I help you?,FACE_TO_FACE,NONE,
636,3,CAMERA_3,['CAMERA_3'],"{'CAMERA_1': [], 'CAMERA_2': [], 'CAMERA_3': []}",C_LOOKING_FOR_A_CAMERA,CAMERA_2,NONE,well I am looking for a camera but I'm not sure what to buy,FACE_TO_FACE,NONE,S_INTRODUCES_CAMERA,CAMERA_3,,Let me show you this. Here we have the Fujifilm PowerShot ELPH S2800.,PRESENT_X,CAMERA_3,39~68
636,4,CAMERA_3,['CAMERA_3'],"{'CAMERA_1': [], 'CAMERA_2': [], 'CAMERA_3': ['effects']}",C_QUESTION_ABOUT_FEATURE,CAMERA_3,effects,okay good I'm going to take this as autistic effect mode what does that mean exactly,PRESENT_X,CAMERA_3,S_ANSWERS_QUESTION_ABOUT_FEATURE,CAMERA_3,effects,"This one has 21 photo effects (small face, retro, big eyes, etc.).",PRESENT_X,CAMERA_3,13~65
636,5,CAMERA_3,['CAMERA_3'],"{'CAMERA_1': [], 'CAMERA_2': [], 'CAMERA_3': ['effects', 'color']}",C_QUESTION_ABOUT_FEATURE,CAMERA_3,color,does Camry come in any other colors,PRESENT_X,CAMERA_3,S_ANSWERS_QUESTION_ABOUT_FEATURE,CAMERA_3,color,"This one comes in purple, white, silver, blue, red, or pink.",PRESENT_X,CAMERA_3,18~59
636,6,CAMERA_3,['CAMERA_3'],"{'CAMERA_1': [], 'CAMERA_2': [], 'CAMERA_3': ['effects', 'color', 'long_exposure']}",C_QUESTION_ABOUT_FEATURE,CAMERA_3,long_exposure,is this a long exposure,PRESENT_X,CAMERA_3,S_ANSWERS_QUESTION_ABOUT_FEATURE,CAMERA_3,long_exposure,This one can take long exposures up to 30 minutes max with bulb mode.,PRESENT_X,CAMERA_3,39~68
636,7,CAMERA_3,['CAMERA_3'],"{'CAMERA_1': [], 'CAMERA_2': [], 'CAMERA_3': ['effects', 'color', 'long_exposure', 'price']}",C_QUESTION_ABOUT_FEATURE,CAMERA_3,price,how much does it cost,PRESENT_X,CAMERA_3,S_ANSWERS_QUESTION_ABOUT_FEATURE,CAMERA_3,price,This one costs $518.,PRESENT_X,CAMERA_3,15~19
636,8,CAMERA_3,['CAMERA_3'],"{'CAMERA_1': [], 'CAMERA_2': [], 'CAMERA_3': ['effects', 'color', 'long_exposure', 'price', 'resolution']}",C_QUESTION_ABOUT_FEATURE,CAMERA_3,resolution,What about the resolution of the camera how many megapixels,PRESENT_X,CAMERA_3,S_ANSWERS_QUESTION_ABOUT_FEATURE,CAMERA_3,resolution,This one has 23.2 megapixels resolution.,PRESENT_X,CAMERA_3,13~28
636,9,CAMERA_3,['CAMERA_3'],"{'CAMERA_1': [], 'CAMERA_2': [], 'CAMERA_3': ['effects', 'color', 'long_exposure', 'price', 'resolution', 'preset_modes']}",C_QUESTION_ABOUT_FEATURE,CAMERA_3,preset_modes,can you please explain me more about the their priests mode,PRESENT_X,CAMERA_3,S_ANSWERS_QUESTION_ABOUT_FEATURE,CAMERA_3,preset_modes,This one has various preset modes.,PRESENT_X,CAMERA_3,13~33
636,10,CAMERA_3,['CAMERA_3'],"{'CAMERA_1': [], 'CAMERA_2': [], 'CAMERA_3': ['effects', 'color', 'long_exposure', 'price', 'resolution', 'preset_modes', 'camera_type']}",C_QUESTION_ABOUT_FEATURE,CAMERA_3,camera_type,is this a DSLR camera,PRESENT_X,CAMERA_3,S_ANSWERS_QUESTION_ABOUT_FEATURE,CAMERA_3,camera_type,This is a point and shoot camera.,PRESENT_X,CAMERA_3,10~25
636,11,CAMERA_2,"['CAMERA_3', 'CAMERA_2']","{'CAMERA_1': [], 'CAMERA_2': [], 'CAMERA_3': ['effects', 'color', 'long_exposure', 'price', 'resolution', 'preset_modes', 'camera_type']}",C_ANYTHING_ELSE_AVAILABLE,CAMERA_3,NONE,maybe did you have a another camera you recommend,PRESENT_X,CAMERA_3,S_INTRODUCES_CAMERA,CAMERA_2,,Let me show you this. Here we have the Fujifilm Lumix ILC Camera.,PRESENT_X,CAMERA_2,39~64
636,12,CAMERA_2,"['CAMERA_3', 'CAMERA_2']","{'CAMERA_1': [], 'CAMERA_2': ['color'], 'CAMERA_3': ['effects', 'color', 'long_exposure', 'price', 'resolution', 'preset_modes', 'camera_type']}",C_SILENT_OR_BACKCHANNEL,CAMERA_2,NONE,ok,PRESENT_X,CAMERA_2,S_INTRODUCES_FEATURE,CAMERA_2,color,This one comes in white or pink.,PRESENT_X,CAMERA_2,18~31
636,13,NONE,"['CAMERA_3', 'CAMERA_2']","{'CAMERA_1': [], 'CAMERA_2': ['color'], 'CAMERA_3': ['effects', 'color', 'long_exposure', 'price', 'resolution', 'preset_modes', 'camera_type']}",C_THANK_YOU,CAMERA_2,NONE,thank you,PRESENT_X,CAMERA_2,S_THANK_YOU,CAMERA_2,NONE,thank you very much.,FACE_TO_FACE,NONE,
636,14,NONE,"['CAMERA_3', 'CAMERA_2']","{'CAMERA_1': [], 'CAMERA_2': ['color'], 'CAMERA_3': ['effects', 'color', 'long_exposure', 'price', 'resolution', 'preset_modes', 'camera_type']}",C_LEAVES,DOOR,NONE,,FACE_TO_FACE,NONE,S_RETURNS_TO_COUNTER,SERVICE_COUNTER,NONE,,WAITING,NONE,
637,1,NONE,[],"{'CAMERA_1': [], 'CAMERA_2': [], 'CAMERA_3': []}",C_ENTERS,DOOR,NONE,,WAITING,NONE,S_NONE,SERVICE_COUNTER,NONE,,WAITING,NONE,
637,2,NONE,[],"{'CAMERA_1': [], 'CAMERA_2': [], 'CAMERA_3': []}",C_WALKS_TO_CAMERA,CAMERA_2,NONE,,WAITING,NONE,S_GREETS,CAMERA_2,NONE,can I help you?,FACE_TO_FACE,NONE,
637,3,CAMERA_3,['CAMERA_3'],"{'CAMERA_1': [], 'CAMERA_2': [], 'CAMERA_3': []}",C_LOOKING_FOR_A_CAMERA,CAMERA_2,NONE,afternoon I'm looking for a new camera is it to use stylus and affordable,FACE_TO_FACE,NONE,S_INTRODUCES_CAMERA,CAMERA_3,,Let me show you this. Here we have the Fujifilm PowerShot ELPH S2800.,PRESENT_X,CAMERA_3,39~68
637,4,CAMERA_3,['CAMERA_3'],"{'CAMERA_1': [], 'CAMERA_2': [], 'CAMERA_3': ['color']}",C_QUESTION_ABOUT_FEATURE,CAMERA_3,color,do you know how many colors this camera has,PRESENT_X,CAMERA_3,S_ANSWERS_QUESTION_ABOUT_FEATURE,CAMERA_3,color,"This one comes in purple, white, silver, blue, red, or pink.",PRESENT_X,CAMERA_3,18~59
637,5,CAMERA_3,['CAMERA_3'],"{'CAMERA_1': [], 'CAMERA_2': [], 'CAMERA_3': ['color', 'preset_modes']}",C_SILENT_OR_BACKCHANNEL,CAMERA_3,NONE,oh wow this is very nice okay I like this one,PRESENT_X,CAMERA_3,S_INTRODUCES_FEATURE,CAMERA_3,preset_modes,This one has various preset modes.,PRESENT_X,CAMERA_3,13~33
637,6,CAMERA_2,"['CAMERA_3', 'CAMERA_2']","{'CAMERA_1': [], 'CAMERA_2': [], 'CAMERA_3': ['color', 'preset_modes']}",C_ANYTHING_ELSE_AVAILABLE,CAMERA_3,NONE,do you have anything better than this,PRESENT_X,CAMERA_3,S_INTRODUCES_CAMERA,CAMERA_2,,Let me show you this. Here we have the Fujifilm Lumix ILC Camera.,PRESENT_X,CAMERA_2,39~64
637,7,CAMERA_2,"['CAMERA_3', 'CAMERA_2']","{'CAMERA_1': [], 'CAMERA_2': ['camera_type'], 'CAMERA_3': ['color', 'preset_modes']}",C_QUESTION_ABOUT_FEATURE,CAMERA_2,camera_type,what kind of camera is this,PRESENT_X,CAMERA_2,S_ANSWERS_QUESTION_ABOUT_FEATURE,CAMERA_2,camera_type,This is a digital single lens mirrorless camera.,PRESENT_X,CAMERA_2,10~40
637,8,CAMERA_2,"['CAMERA_3', 'CAMERA_2']","{'CAMERA_1': [], 'CAMERA_2': ['camera_type', 'color'], 'CAMERA_3': ['color', 'preset_modes']}",C_SILENT_OR_BACKCHANNEL,CAMERA_2,NONE,yeah yeah I can to try to look on the outside this is a really good one,PRESENT_X,CAMERA_2,S_INTRODUCES_FEATURE,CAMERA_2,color,This one comes in white or pink.,PRESENT_X,CAMERA_2,18~31
637,9,CAMERA_2,"['CAMERA_3', 'CAMERA_2']","{'CAMERA_1': [], 'CAMERA_2': ['camera_type', 'color', 'weight'], 'CAMERA_3': ['color', 'preset_modes']}",C_SILENT_OR_BACKCHANNEL,CAMERA_2,NONE,that's good,PRESENT_X,CAMERA_2,S_INTRODUCES_FEATURE,CAMERA_2,weight,This one weighs 820 grams.,PRESENT_X,CAMERA_2,16~25
637,10,CAMERA_1,"['CAMERA_3', 'CAMERA_2', 'CAMERA_1']","{'CAMERA_1': [], 'CAMERA_2': ['camera_type', 'color', 'weight'], 'CAMERA_3': ['color', 'preset_modes']}",C_ANYTHING_ELSE_AVAILABLE,CAMERA_2,NONE,maybe did you have a another camera you recommend,PRESENT_X,CAMERA_2,S_INTRODUCES_CAMERA,CAMERA_1,,Let me show you this. Here we have the Sony PowerShot ELPH DMC-ZS3.,PRESENT_X,CAMERA_1,39~66
637,11,CAMERA_1,"['CAMERA_3', 'CAMERA_2', 'CAMERA_1']","{'CAMERA_1': ['weight'], 'CAMERA_2': ['camera_type', 'color', 'weight'], 'CAMERA_3': ['color', 'preset_modes']}",C_QUESTION_ABOUT_FEATURE,CAMERA_1,weight,and how much this one way,PRESENT_X,CAMERA_1,S_ANSWERS_QUESTION_ABOUT_FEATURE,CAMERA_1,weight,This one weighs 800 grams.,PRESENT_X,CAMERA_1,16~25
637,12,CAMERA_1,"['CAMERA_3', 'CAMERA_2', 'CAMERA_1']","{'CAMERA_1': ['weight', 'camera_type'], 'CAMERA_2': ['camera_type', 'color', 'weight'], 'CAMERA_3': ['color', 'preset_modes']}",C_QUESTION_ABOUT_FEATURE,CAMERA_1,camera_type,what kind of camera is this,PRESENT_X,CAMERA_1,S_ANSWERS_QUESTION_ABOUT_FEATURE,CAMERA_1,camera_type,This is a DSLR camera.,PRESENT_X,CAMERA_1,10~14
637,13,,"['CAMERA_3', 'CAMERA_2', 'CAMERA_1']","{'CAMERA_1': ['weight', 'camera_type'], 'CAMERA_2': ['camera_type', 'color', 'weight'], 'CAMERA_3': ['color', 'preset_modes']}",C_ANYTHING_ELSE_AVAILABLE,CAMERA_1,NONE,do you have anything better than this,PRESENT_X,CAMERA_1,S_THATS_ALL_WE_HAVE_AVAILABLE,CAMERA_1,,That's all we have available at the moment.,PRESENT_X,CAMERA_1,
637,14,NONE,"['CAMERA_3', 'CAMERA_2', 'CAMERA_1']","{'CAMERA_1': ['weight', 'camera_type'], 'CAMERA_2': ['camera_type', 'color', 'weight'], 'CAMERA_3': ['color', 'preset_modes']}",C_THANK_YOU,CAMERA_1,NONE,thanks so much,PRESENT_X,CAMERA_1,S_THANK_YOU,CAMERA_1,NONE,thank you very much.,FACE_TO_FACE,NONE,
637,15,NONE,"['CAMERA_3', 'CAMERA_2', 'CAMERA_1']","{'CAMERA_1': ['weight', 'camera_type'], 'CAMERA_2': ['camera_type', 'color', 'weight'], 'CAMERA_3': ['color', 'preset_modes']}",C_LEAVES,DOOR,NONE,,FACE_TO_FACE,NONE,S_RETURNS_TO_COUNTER,SERVICE_COUNTER,NONE,,WAITING,NONE,
638,1,NONE,[],"{'CAMERA_1': [], 'CAMERA_2': [], 'CAMERA_3': []}",C_ENTERS,DOOR,NONE,,WAITING,NONE,S_NONE,SERVICE_COUNTER,NONE,,WAITING,NONE,
638,2,NONE,[],"{'CAMERA_1': [], 'CAMERA_2': [], 'CAMERA_3': []}",C_WALKS_TO_CAMERA,CAMERA_3,NONE,,WAITING,NONE,S_GREETS,CAMERA_3,NONE,can I help you?,FACE_TO_FACE,NONE,
638,3,CAMERA_1,['CAMERA_1'],"{'CAMERA_1': [], 'CAMERA_2': [], 'CAMERA_3': []}",C_LOOKING_FOR_A_CAMERA,CAMERA_3,NONE,I'm looking for a camera,FACE_TO_FACE,NONE,S_INTRODUCES_CAMERA,CAMERA_1,,Let me show you this. Here we have the Sony PowerShot ELPH DMC-ZS3.,PRESENT_X,CAMERA_1,39~66
638,4,CAMERA_1,['CAMERA_1'],"{'CAMERA_1': ['effects'], 'CAMERA_2': [], 'CAMERA_3': []}",C_QUESTION_ABOUT_FEATURE,CAMERA_1,effects,I don't sense as a cystic effect mode what does that do,PRESENT_X,CAMERA_1,S_ANSWERS_QUESTION_ABOUT_FEATURE,CAMERA_1,effects,"This one has 24 glamor retouch effects (miniature, retro, toy camera, etc.).",PRESENT_X,CAMERA_1,13~75
638,5,CAMERA_1,['CAMERA_1'],"{'CAMERA_1': ['effects', 'resolution'], 'CAMERA_2': [], 'CAMERA_3': []}",C_QUESTION_ABOUT_FEATURE,CAMERA_1,resolution,what about the megapixels camera,PRESENT_X,CAMERA_1,S_ANSWERS_QUESTION_ABOUT_FEATURE,CAMERA_1,resolution,This one has 17.8 megapixels resolution.,PRESENT_X,CAMERA_1,13~28
638,6,CAMERA_1,['CAMERA_1'],"{'CAMERA_1': ['effects', 'resolution', 'optical_zoom'], 'CAMERA_2': [], 'CAMERA_3': []}",C_QUESTION_ABOUT_FEATURE,CAMERA_1,optical_zoom,you mention about optical zooms what does that mean can you explain to me,PRESENT_X,CAMERA_1,S_ANSWERS_QUESTION_ABOUT_FEATURE,CAMERA_1,optical_zoom,This one has 21x optical zoom.,PRESENT_X,CAMERA_1,13~29
638,7,CAMERA_1,['CAMERA_1'],"{'CAMERA_1': ['effects', 'resolution', 'optical_zoom', 'price'], 'CAMERA_2': [], 'CAMERA_3': []}",C_SILENT_OR_BACKCHANNEL,CAMERA_1,NONE,ok,PRESENT_X,CAMERA_1,S_INTRODUCES_FEATURE,CAMERA_1,price,This one costs $450.,PRESENT_X,CAMERA_1,15~19
638,8,NONE,['CAMERA_1'],"{'CAMERA_1': ['effects', 'resolution', 'optical_zoom', 'price'], 'CAMERA_2': [], 'CAMERA_3': []}",C_THANK_YOU,CAMERA_1,NONE,ok thank you very much,PRESENT_X,CAMERA_1,S_THANK_YOU,CAMERA_1,NONE,thank you very much.,FACE_TO_FACE,NONE,
638,9,NONE,['CAMERA_1'],"{'CAMERA_1': ['effects', 'resolution', 'optical_zoom', 'price'], 'CAMERA_2': [], 'CAMERA_3': []}",C_LEAVES,DOOR,NONE,,FACE_TO_FACE,NONE,S_RETURNS_TO_COUNTER,SERVICE_COUNTER,NONE,,WAITING,NONE,
639,1,NONE,[],"{'CAMERA_1': [], 'CAMERA_2': [], 'CAMERA_3': []}",C_ENTERS,DOOR,NONE,,WAITING,NONE,S_NONE,SERVICE_COUNTER,NONE,,WAITING,NONE,
639,2,NONE,[],"{'CAMERA_1': [], 'CAMERA_2': [], 'CAMERA_3': []}",C_WALKS_TO_CAMERA,CAMERA_2,NONE,,WAITING,NONE,S_GREETS,CAMERA_2,NONE,can I help you?,FACE_TO_FACE,NONE,
639,3,CAMERA_3,['CAMERA_3'],"{'CAMERA_1': [], 'CAMERA_2': [], 'CAMERA_3': []}",C_LOOKING_FOR_A_CAMERA,CAMERA_2,NONE,I'm just browsing around just searching for a camera,FACE_TO_FACE,NONE,S_INTRODUCES_CAMERA,CAMERA_3,,Let me show you this. Here we have the Fujifilm PowerShot ELPH S2800.,PRESENT_X,CAMERA_3,39~68
639,4,CAMERA_3,['CAMERA_3'],"{'CAMERA_1': [], 'CAMERA_2': [], 'CAMERA_3': ['sensor_size']}",C_QUESTION_ABOUT_FEATURE,CAMERA_3,sensor_size,oh this looks very good actually what is the size of the sensor of this camera,PRESENT_X,CAMERA_3,S_ANSWERS_QUESTION_ABOUT_FEATURE,CAMERA_3,sensor_size,This one has a full frame.,PRESENT_X,CAMERA_3,15~25
639,5,CAMERA_3,['CAMERA_3'],"{'CAMERA_1': [], 'CAMERA_2': [], 'CAMERA_3': ['sensor_size', 'settings']}",C_SILENT_OR_BACKCHANNEL,CAMERA_3,NONE,ic,PRESENT_X,CAMERA_3,S_INTRODUCES_FEATURE,CAMERA_3,settings,"This one has manual control and various automatic settings (video modeburst shooting, etc.).",PRESENT_X,CAMERA_3,13~91
639,6,NONE,['CAMERA_3'],"{'CAMERA_1': [], 'CAMERA_2': [], 'CAMERA_3': ['sensor_size', 'settings']}",C_THANK_YOU,CAMERA_3,NONE,okay thanks,PRESENT_X,CAMERA_3,S_THANK_YOU,CAMERA_3,NONE,thank you very much.,FACE_TO_FACE,NONE,
639,7,NONE,['CAMERA_3'],"{'CAMERA_1': [], 'CAMERA_2': [], 'CAMERA_3': ['sensor_size', 'settings']}",C_LEAVES,DOOR,NONE,,FACE_TO_FACE,NONE,S_RETURNS_TO_COUNTER,SERVICE_COUNTER,NONE,,WAITING,NONE,
640,1,NONE,[],"{'CAMERA_1': [], 'CAMERA_2': [], 'CAMERA_3': []}",C_ENTERS,DOOR,NONE,,WAITING,NONE,S_NONE,SERVICE_COUNTER,NONE,,WAITING,NONE,
640,2,NONE,[],"{'CAMERA_1': [], 'CAMERA_2': [], 'CAMERA_3': []}",C_WALKS_TO_CAMERA,CAMERA_3,NONE,,WAITING,NONE,S_GREETS,CAMERA_3,NONE,can I help you?,FACE_TO_FACE,NONE,
640,3,CAMERA_3,['CAMERA_3'],"{'CAMERA_1': [], 'CAMERA_2': [], 'CAMERA_3': []}",C_LOOKING_FOR_A_CAMERA,CAMERA_3,NONE,I'm looking for a camera,FACE_TO_FACE,NONE,S_INTRODUCES_CAMERA,CAMERA_3,,Let me show you this. Here we have the Fujifilm PowerShot ELPH S2800.,PRESENT_X,CAMERA_3,39~68
640,4,CAMERA_3,['CAMERA_3'],"{'CAMERA_1': [], 'CAMERA_2': [], 'CAMERA_3': ['effects']}",C_SILENT_OR_BACKCHANNEL,CAMERA_3,NONE,ok,PRESENT_X,CAMERA_3,S_INTRODUCES_FEATURE,CAMERA_3,effects,"This one has 21 photo effects (small face, retro, big eyes, etc.).",PRESENT_X,CAMERA_3,13~65
640,5,NONE,['CAMERA_3'],"{'CAMERA_1': [], 'CAMERA_2': [], 'CAMERA_3': ['effects']}",C_THANK_YOU,CAMERA_3,NONE,thank you for your help,PRESENT_X,CAMERA_3,S_THANK_YOU,CAMERA_3,NONE,thank you very much.,FACE_TO_FACE,NONE,
640,6,NONE,['CAMERA_3'],"{'CAMERA_1': [], 'CAMERA_2': [], 'CAMERA_3': ['effects']}",C_LEAVES,DOOR,NONE,,FACE_TO_FACE,NONE,S_RETURNS_TO_COUNTER,SERVICE_COUNTER,NONE,,WAITING,NONE,
641,1,NONE,[],"{'CAMERA_1': [], 'CAMERA_2': [], 'CAMERA_3': []}",C_ENTERS,DOOR,NONE,,WAITING,NONE,S_NONE,SERVICE_COUNTER,NONE,,WAITING,NONE,
641,2,NONE,[],"{'CAMERA_1': [], 'CAMERA_2': [], 'CAMERA_3': []}",C_WALKS_TO_CAMERA,CAMERA_1,NONE,,WAITING,NONE,S_NONE,SERVICE_COUNTER,NONE,,WAITING,NONE,
641,3,NONE,[],"{'CAMERA_1': [], 'CAMERA_2': [], 'CAMERA_3': []}",C_EXAMINES_CAMERA,CAMERA_1,NONE,,WAITING,NONE,S_NONE,SERVICE_COUNTER,NONE,,WAITING,NONE,
641,4,NONE,[],"{'CAMERA_1': [], 'CAMERA_2': [], 'CAMERA_3': []}",C_WALKS_TO_CAMERA,CAMERA_3,NONE,,WAITING,NONE,S_GREETS,CAMERA_3,NONE,can I help you?,FACE_TO_FACE,NONE,
641,5,CAMERA_3,['CAMERA_3'],"{'CAMERA_1': [], 'CAMERA_2': [], 'CAMERA_3': []}",C_LOOKING_FOR_A_CAMERA,CAMERA_3,NONE,I came to look for a new camera,FACE_TO_FACE,NONE,S_INTRODUCES_CAMERA,CAMERA_3,,Let me show you this. Here we have the Fujifilm PowerShot ELPH S2800.,PRESENT_X,CAMERA_3,39~68
641,6,CAMERA_3,['CAMERA_3'],"{'CAMERA_1': [], 'CAMERA_2': [], 'CAMERA_3': ['weight']}",C_QUESTION_ABOUT_FEATURE,CAMERA_3,weight,okay I see and how much does it weigh,PRESENT_X,CAMERA_3,S_ANSWERS_QUESTION_ABOUT_FEATURE,CAMERA_3,weight,This one weighs 820 grams.,PRESENT_X,CAMERA_3,16~25
641,7,CAMERA_3,['CAMERA_3'],"{'CAMERA_1': [], 'CAMERA_2': [], 'CAMERA_3': ['weight', 'price']}",C_SILENT_OR_BACKCHANNEL,CAMERA_3,NONE,I like it,PRESENT_X,CAMERA_3,S_INTRODUCES_FEATURE,CAMERA_3,price,This one costs $518.,PRESENT_X,CAMERA_3,15~19
641,8,NONE,['CAMERA_3'],"{'CAMERA_1': [], 'CAMERA_2': [], 'CAMERA_3': ['weight', 'price']}",C_THANK_YOU,CAMERA_3,NONE,ok thanks,PRESENT_X,CAMERA_3,S_THANK_YOU,CAMERA_3,NONE,thank you very much.,FACE_TO_FACE,NONE,
641,9,NONE,['CAMERA_3'],"{'CAMERA_1': [], 'CAMERA_2': [], 'CAMERA_3': ['weight', 'price']}",C_LEAVES,DOOR,NONE,,FACE_TO_FACE,NONE,S_RETURNS_TO_COUNTER,SERVICE_COUNTER,NONE,,WAITING,NONE,
642,1,NONE,[],"{'CAMERA_1': [], 'CAMERA_2': [], 'CAMERA_3': []}",C_ENTERS,DOOR,NONE,,WAITING,NONE,S_NONE,SERVICE_COUNTER,NONE,,WAITING,NONE,
642,2,NONE,[],"{'CAMERA_1': [], 'CAMERA_2': [], 'CAMERA_3': []}",C_GREETS,MIDDLE,NONE,excuse me can I ask you a question,WAITING,NONE,S_GREETS,MIDDLE,NONE,can I help you?,FACE_TO_FACE,NONE,
642,3,CAMERA_1,['CAMERA_1'],"{'CAMERA_1': [], 'CAMERA_2': [], 'CAMERA_3': []}",C_LOOKING_FOR_A_CAMERA,MIDDLE,NONE,well I am looking for a camera but I'm not sure what to buy,FACE_TO_FACE,NONE,S_INTRODUCES_CAMERA,CAMERA_1,,Let me show you this. Here we have the Sony PowerShot ELPH DMC-ZS3.,PRESENT_X,CAMERA_1,39~66
642,4,CAMERA_1,['CAMERA_1'],"{'CAMERA_1': ['effects'], 'CAMERA_2': [], 'CAMERA_3': []}",C_SILENT_OR_BACKCHANNEL,CAMERA_1,NONE,ok,PRESENT_X,CAMERA_1,S_INTRODUCES_FEATURE,CAMERA_1,effects,"This one has 24 glamor retouch effects (miniature, retro, toy camera, etc.).",PRESENT_X,CAMERA_1,13~75
642,5,NONE,['CAMERA_1'],"{'CAMERA_1': ['effects'], 'CAMERA_2': [], 'CAMERA_3': []}",C_THANK_YOU,CAMERA_1,NONE,thank you,PRESENT_X,CAMERA_1,S_THANK_YOU,CAMERA_1,NONE,thank you very much.,FACE_TO_FACE,NONE,
642,6,NONE,['CAMERA_1'],"{'CAMERA_1': ['effects'], 'CAMERA_2': [], 'CAMERA_3': []}",C_LEAVES,DOOR,NONE,,FACE_TO_FACE,NONE,S_RETURNS_TO_COUNTER,SERVICE_COUNTER,NONE,,WAITING,NONE,
643,1,NONE,[],"{'CAMERA_1': [], 'CAMERA_2': [], 'CAMERA_3': []}",C_ENTERS,DOOR,NONE,,WAITING,NONE,S_NONE,SERVICE_COUNTER,NONE,,WAITING,NONE,
643,2,NONE,[],"{'CAMERA_1': [], 'CAMERA_2': [], 'CAMERA_3': []}",C_GREETS,MIDDLE,NONE,hi,WAITING,NONE,S_GREETS,MIDDLE,NONE,can I help you?,FACE_TO_FACE,NONE,
643,3,CAMERA_2,['CAMERA_2'],"{'CAMERA_1': [], 'CAMERA_2': [], 'CAMERA_3': []}",C_LOOKING_FOR_A_CAMERA,MIDDLE,NONE,I'll get off today and I'm just looking around at the moment I'm not really sure what I'm after,FACE_TO_FACE,NONE,S_INTRODUCES_CAMERA,CAMERA_2,,Let me show you this. Here we have the Fujifilm Lumix ILC Camera.,PRESENT_X,CAMERA_2,39~64
643,4,CAMERA_2,['CAMERA_2'],"{'CAMERA_1': [], 'CAMERA_2': ['price'], 'CAMERA_3': []}",C_SILENT_OR_BACKCHANNEL,CAMERA_2,NONE,okay that sounds good,PRESENT_X,CAMERA_2,S_INTRODUCES_FEATURE,CAMERA_2,price,This one costs $768.,PRESENT_X,CAMERA_2,15~19
643,5,CAMERA_2,['CAMERA_2'],"{'CAMERA_1': [], 'CAMERA_2': ['price', 'long_exposure'], 'CAMERA_3': []}",C_SILENT_OR_BACKCHANNEL,CAMERA_2,NONE,yeah i see,PRESENT_X,CAMERA_2,S_INTRODUCES_FEATURE,CAMERA_2,long_exposure,This one can take long exposures up to 60 minutes max with bulb mode.,PRESENT_X,CAMERA_2,39~68
643,6,NONE,['CAMERA_2'],"{'CAMERA_1': [], 'CAMERA_2': ['price', 'long_exposure'], 'CAMERA_3': []}",C_THANK_YOU,CAMERA_2,NONE,thank you for your time,PRESENT_X,CAMERA_2,S_THANK_YOU,CAMERA_2,NONE,thank you very much.,FACE_TO_FACE,NONE,
643,7,NONE,['CAMERA_2'],"{'CAMERA_1': [], 'CAMERA_2': ['price', 'long_exposure'], 'CAMERA_3': []}",C_LEAVES,DOOR,NONE,,FACE_TO_FACE,NONE,S_RETURNS_TO_COUNTER,SERVICE_COUNTER,NONE,,WAITING,NONE,
644,1,NONE,[],"{'CAMERA_1': [], 'CAMERA_2': [], 'CAMERA_3': []}",C_ENTERS,DOOR,NONE,,WAITING,NONE,S_NONE,SERVICE_COUNTER,NONE,,WAITING,NONE,
644,2,NONE,[],"{'CAMERA_1': [], 'CAMERA_2': [], 'CAMERA_3': []}",C_WALKS_TO_CAMERA,CAMERA_2,NONE,,WAITING,NONE,S_NONE,SERVICE_COUNTER,NONE,,WAITING,NONE,
644,3,NONE,[],"{'CAMERA_1': [], 'CAMERA_2': [], 'CAMERA_3': []}",C_EXAMINES_CAMERA,CAMERA_2,NONE,,WAITING,NONE,S_NONE,SERVICE_COUNTER,NONE,,WAITING,NONE,
644,4,NONE,[],"{'CAMERA_1': [], 'CAMERA_2': [], 'CAMERA_3': []}",C_WALKS_TO_CAMERA,CAMERA_1,NONE,,WAITING,NONE,S_GREETS,CAMERA_1,NONE,can I help you?,FACE_TO_FACE,NONE,
644,5,CAMERA_2,['CAMERA_2'],"{'CAMERA_1': [], 'CAMERA_2': [], 'CAMERA_3': []}",C_LOOKING_FOR_A_CAMERA,CAMERA_1,NONE,will I like to buy a camera but I'm not sure which one,FACE_TO_FACE,NONE,S_INTRODUCES_CAMERA,CAMERA_2,,Let me show you this. Here we have the Fujifilm Lumix ILC Camera.,PRESENT_X,CAMERA_2,39~64
644,6,CAMERA_2,['CAMERA_2'],"{'CAMERA_1': [], 'CAMERA_2': ['long_exposure'], 'CAMERA_3': []}",C_QUESTION_ABOUT_FEATURE,CAMERA_2,long_exposure,what what's the exposure how long how high does it go,PRESENT_X,CAMERA_2,S_ANSWERS_QUESTION_ABOUT_FEATURE,CAMERA_2,long_exposure,This one can take long exposures up to 60 minutes max with bulb mode.,PRESENT_X,CAMERA_2,39~68
644,7,CAMERA_2,['CAMERA_2'],"{'CAMERA_1': [], 'CAMERA_2': ['long_exposure', 'optical_zoom'], 'CAMERA_3': []}",C_SILENT_OR_BACKCHANNEL,CAMERA_2,NONE,okay,PRESENT_X,CAMERA_2,S_INTRODUCES_FEATURE,CAMERA_2,optical_zoom,This one has 21x optical zoom.,PRESENT_X,CAMERA_2,13~29
644,8,CAMERA_2,['CAMERA_2'],"{'CAMERA_1': [], 'CAMERA_2': ['long_exposure', 'optical_zoom', 'color'], 'CAMERA_3': []}",C_QUESTION_ABOUT_FEATURE,CAMERA_2,color,I want to know what kind of colors do you have for this camera,PRESENT_X,CAMERA_2,S_ANSWERS_QUESTION_ABOUT_FEATURE,CAMERA_2,color,This one comes in white or pink.,PRESENT_X,CAMERA_2,18~31
644,9,CAMERA_2,['CAMERA_2'],"{'CAMERA_1': [], 'CAMERA_2': ['long_exposure', 'optical_zoom', 'color', 'weight'], 'CAMERA_3': []}",C_QUESTION_ABOUT_FEATURE,CAMERA_2,weight,yeah looks going to wait how much does it weigh,PRESENT_X,CAMERA_2,S_ANSWERS_QUESTION_ABOUT_FEATURE,CAMERA_2,weight,This one weighs 820 grams.,PRESENT_X,CAMERA_2,16~25
644,10,CAMERA_1,"['CAMERA_2', 'CAMERA_1']","{'CAMERA_1': [], 'CAMERA_2': ['long_exposure', 'optical_zoom', 'color', 'weight'], 'CAMERA_3': []}",C_ANYTHING_ELSE_AVAILABLE,CAMERA_2,NONE,can you recommend another camera similar to this,PRESENT_X,CAMERA_2,S_INTRODUCES_CAMERA,CAMERA_1,,Let me show you this. Here we have the Sony PowerShot ELPH DMC-ZS3.,PRESENT_X,CAMERA_1,39~66
644,11,CAMERA_1,"['CAMERA_2', 'CAMERA_1']","{'CAMERA_1': ['optical_zoom'], 'CAMERA_2': ['long_exposure', 'optical_zoom', 'color', 'weight'], 'CAMERA_3': []}",C_SILENT_OR_BACKCHANNEL,CAMERA_1,NONE,okay,PRESENT_X,CAMERA_1,S_INTRODUCES_FEATURE,CAMERA_1,optical_zoom,This one has 21x optical zoom.,PRESENT_X,CAMERA_1,13~29
644,12,CAMERA_3,"['CAMERA_2', 'CAMERA_1', 'CAMERA_3']","{'CAMERA_1': ['optical_zoom'], 'CAMERA_2': ['long_exposure', 'optical_zoom', 'color', 'weight'], 'CAMERA_3': []}",C_ANYTHING_ELSE_AVAILABLE,CAMERA_1,NONE,So this is the only model you have in your shop,PRESENT_X,CAMERA_1,S_INTRODUCES_CAMERA,CAMERA_3,,Let me show you this. Here we have the Fujifilm PowerShot ELPH S2800.,PRESENT_X,CAMERA_3,39~68
644,13,CAMERA_3,"['CAMERA_2', 'CAMERA_1', 'CAMERA_3']","{'CAMERA_1': ['optical_zoom'], 'CAMERA_2': ['long_exposure', 'optical_zoom', 'color', 'weight'], 'CAMERA_3': ['sensor_size']}",C_QUESTION_ABOUT_FEATURE,CAMERA_3,sensor_size,is the sensor on this phone as big as the DSLR,PRESENT_X,CAMERA_3,S_ANSWERS_QUESTION_ABOUT_FEATURE,CAMERA_3,sensor_size,This one has a full frame.,PRESENT_X,CAMERA_3,15~25
644,14,CAMERA_3,"['CAMERA_2', 'CAMERA_1', 'CAMERA_3']","{'CAMERA_1': ['optical_zoom'], 'CAMERA_2': ['long_exposure', 'optical_zoom', 'color', 'weight'], 'CAMERA_3': ['sensor_size', 'optical_zoom']}",C_QUESTION_ABOUT_FEATURE,CAMERA_3,optical_zoom,you mention about optical zooms what does that mean can you explain to me,PRESENT_X,CAMERA_3,S_NOT_SURE,CAMERA_3,,I'm not really sure about that.,PRESENT_X,CAMERA_3,
644,15,CAMERA_3,"['CAMERA_2', 'CAMERA_1', 'CAMERA_3']","{'CAMERA_1': ['optical_zoom'], 'CAMERA_2': ['long_exposure', 'optical_zoom', 'color', 'weight'], 'CAMERA_3': ['sensor_size', 'optical_zoom', 'price']}",C_QUESTION_ABOUT_FEATURE,CAMERA_3,price,seems like a good camera how much is this one,PRESENT_X,CAMERA_3,S_ANSWERS_QUESTION_ABOUT_FEATURE,CAMERA_3,price,This one costs $518.,PRESENT_X,CAMERA_3,15~19
644,16,NONE,"['CAMERA_2', 'CAMERA_1', 'CAMERA_3']","{'CAMERA_1': ['optical_zoom'], 'CAMERA_2': ['long_exposure', 'optical_zoom', 'color', 'weight'], 'CAMERA_3': ['sensor_size', 'optical_zoom', 'price']}",C_THANK_YOU,CAMERA_3,NONE,thank you ,PRESENT_X,CAMERA_3,S_THANK_YOU,CAMERA_3,NONE,thank you very much.,FACE_TO_FACE,NONE,
644,17,NONE,"['CAMERA_2', 'CAMERA_1', 'CAMERA_3']","{'CAMERA_1': ['optical_zoom'], 'CAMERA_2': ['long_exposure', 'optical_zoom', 'color', 'weight'], 'CAMERA_3': ['sensor_size', 'optical_zoom', 'price']}",C_LEAVES,DOOR,NONE,,FACE_TO_FACE,NONE,S_RETURNS_TO_COUNTER,SERVICE_COUNTER,NONE,,WAITING,NONE,
645,1,NONE,[],"{'CAMERA_1': [], 'CAMERA_2': [], 'CAMERA_3': []}",C_ENTERS,DOOR,NONE,,WAITING,NONE,S_NONE,SERVICE_COUNTER,NONE,,WAITING,NONE,
645,2,NONE,[],"{'CAMERA_1': [], 'CAMERA_2': [], 'CAMERA_3': []}",C_GREETS,MIDDLE,NONE,excuse me,WAITING,NONE,S_GREETS,MIDDLE,NONE,can I help you?,FACE_TO_FACE,NONE,
645,3,CAMERA_2,['CAMERA_2'],"{'CAMERA_1': [], 'CAMERA_2': [], 'CAMERA_3': []}",C_LOOKING_FOR_A_CAMERA,MIDDLE,NONE,I want to look at the new cameras that you have,FACE_TO_FACE,NONE,S_INTRODUCES_CAMERA,CAMERA_2,,Let me show you this. Here we have the Fujifilm Lumix ILC Camera.,PRESENT_X,CAMERA_2,39~64
645,4,CAMERA_2,['CAMERA_2'],"{'CAMERA_1': [], 'CAMERA_2': ['optical_zoom'], 'CAMERA_3': []}",C_SILENT_OR_BACKCHANNEL,CAMERA_2,NONE,pretty cool,PRESENT_X,CAMERA_2,S_INTRODUCES_FEATURE,CAMERA_2,optical_zoom,This one has 21x optical zoom.,PRESENT_X,CAMERA_2,13~29
645,5,CAMERA_2,['CAMERA_2'],"{'CAMERA_1': [], 'CAMERA_2': ['optical_zoom', 'long_exposure'], 'CAMERA_3': []}",C_QUESTION_ABOUT_FEATURE,CAMERA_2,long_exposure,can you do a long exposure,PRESENT_X,CAMERA_2,S_ANSWERS_QUESTION_ABOUT_FEATURE,CAMERA_2,long_exposure,This one can take long exposures up to 60 minutes max with bulb mode.,PRESENT_X,CAMERA_2,39~68
645,6,CAMERA_2,['CAMERA_2'],"{'CAMERA_1': [], 'CAMERA_2': ['optical_zoom', 'long_exposure', 'price'], 'CAMERA_3': []}",C_QUESTION_ABOUT_FEATURE,CAMERA_2,price,ok I see thank you please tell me about the price in December,PRESENT_X,CAMERA_2,S_ANSWERS_QUESTION_ABOUT_FEATURE,CAMERA_2,price,This one costs $768.,PRESENT_X,CAMERA_2,15~19
645,7,CAMERA_2,['CAMERA_2'],"{'CAMERA_1': [], 'CAMERA_2': ['optical_zoom', 'long_exposure', 'price', 'autofocus_points'], 'CAMERA_3': []}",C_QUESTION_ABOUT_FEATURE,CAMERA_2,autofocus_points,how many autofocus points does it have,PRESENT_X,CAMERA_2,S_NOT_SURE,CAMERA_2,,I'm not really sure about that.,PRESENT_X,CAMERA_2,
645,8,CAMERA_2,['CAMERA_2'],"{'CAMERA_1': [], 'CAMERA_2': ['optical_zoom', 'long_exposure', 'price', 'autofocus_points', 'weight'], 'CAMERA_3': []}",C_QUESTION_ABOUT_FEATURE,CAMERA_2,weight,a gray that looks really stylish looks a bit lighter as well how much does it weigh,PRESENT_X,CAMERA_2,S_ANSWERS_QUESTION_ABOUT_FEATURE,CAMERA_2,weight,This one weighs 820 grams.,PRESENT_X,CAMERA_2,16~25
645,9,CAMERA_2,['CAMERA_2'],"{'CAMERA_1': [], 'CAMERA_2': ['optical_zoom', 'long_exposure', 'price', 'autofocus_points', 'weight', 'settings'], 'CAMERA_3': []}",C_QUESTION_ABOUT_FEATURE,CAMERA_2,settings,what manual settings to the house,PRESENT_X,CAMERA_2,S_ANSWERS_QUESTION_ABOUT_FEATURE,CAMERA_2,settings,"This one has manual control and various automatic settings (video modeburst shooting, etc.).",PRESENT_X,CAMERA_2,13~91
645,10,CAMERA_2,['CAMERA_2'],"{'CAMERA_1': [], 'CAMERA_2': ['optical_zoom', 'long_exposure', 'price', 'autofocus_points', 'weight', 'settings', 'resolution'], 'CAMERA_3': []}",C_QUESTION_ABOUT_FEATURE,CAMERA_2,resolution,and what about the resolution of this Colorado,PRESENT_X,CAMERA_2,S_ANSWERS_QUESTION_ABOUT_FEATURE,CAMERA_2,resolution,This one has 23.8 megapixels resolution.,PRESENT_X,CAMERA_2,13~28
645,11,NONE,['CAMERA_2'],"{'CAMERA_1': [], 'CAMERA_2': ['optical_zoom', 'long_exposure', 'price', 'autofocus_points', 'weight', 'settings', 'resolution'], 'CAMERA_3': []}",C_THANK_YOU,CAMERA_2,NONE,ok thank you,PRESENT_X,CAMERA_2,S_THANK_YOU,CAMERA_2,NONE,thank you very much.,FACE_TO_FACE,NONE,
645,12,NONE,['CAMERA_2'],"{'CAMERA_1': [], 'CAMERA_2': ['optical_zoom', 'long_exposure', 'price', 'autofocus_points', 'weight', 'settings', 'resolution'], 'CAMERA_3': []}",C_LEAVES,DOOR,NONE,,FACE_TO_FACE,NONE,S_RETURNS_TO_COUNTER,SERVICE_COUNTER,NONE,,WAITING,NONE,
646,1,NONE,[],"{'CAMERA_1': [], 'CAMERA_2': [], 'CAMERA_3': []}",C_ENTERS,DOOR,NONE,,WAITING,NONE,S_NONE,SERVICE_COUNTER,NONE,,WAITING,NONE,
646,2,NONE,[],"{'CAMERA_1': [], 'CAMERA_2': [], 'CAMERA_3': []}",C_WALKS_TO_CAMERA,CAMERA_2,NONE,,WAITING,NONE,S_GREETS,CAMERA_2,NONE,can I help you?,FACE_TO_FACE,NONE,
646,3,CAMERA_3,['CAMERA_3'],"{'CAMERA_1': [], 'CAMERA_2': [], 'CAMERA_3': []}",C_LOOKING_FOR_A_CAMERA,CAMERA_2,NONE,on looking for a camera for my best friend but I'm looking for something cheap,FACE_TO_FACE,NONE,S_INTRODUCES_CAMERA,CAMERA_3,,Let me show you this. Here we have the Fujifilm PowerShot ELPH S2800.,PRESENT_X,CAMERA_3,39~68
646,4,CAMERA_3,['CAMERA_3'],"{'CAMERA_1': [], 'CAMERA_2': [], 'CAMERA_3': ['autofocus_points']}",C_SILENT_OR_BACKCHANNEL,CAMERA_3,NONE,ok,PRESENT_X,CAMERA_3,S_INTRODUCES_FEATURE,CAMERA_3,autofocus_points,This one has 214 autofocus points.,PRESENT_X,CAMERA_3,13~33
646,5,CAMERA_3,['CAMERA_3'],"{'CAMERA_1': [], 'CAMERA_2': [], 'CAMERA_3': ['autofocus_points', 'long_exposure']}",C_QUESTION_ABOUT_FEATURE,CAMERA_3,long_exposure,and is this also good camera for long exposure,PRESENT_X,CAMERA_3,S_ANSWERS_QUESTION_ABOUT_FEATURE,CAMERA_3,long_exposure,This one can take long exposures up to 30 minutes max with bulb mode.,PRESENT_X,CAMERA_3,39~68
646,6,CAMERA_3,['CAMERA_3'],"{'CAMERA_1': [], 'CAMERA_2': [], 'CAMERA_3': ['autofocus_points', 'long_exposure', 'preset_modes']}",C_QUESTION_ABOUT_FEATURE,CAMERA_3,preset_modes,does it have preset modes,PRESENT_X,CAMERA_3,S_ANSWERS_QUESTION_ABOUT_FEATURE,CAMERA_3,preset_modes,This one has various preset modes.,PRESENT_X,CAMERA_3,13~33
646,7,CAMERA_3,['CAMERA_3'],"{'CAMERA_1': [], 'CAMERA_2': [], 'CAMERA_3': ['autofocus_points', 'long_exposure', 'preset_modes', 'effects']}",C_SILENT_OR_BACKCHANNEL,CAMERA_3,NONE,that sounds great what about the price,PRESENT_X,CAMERA_3,S_INTRODUCES_FEATURE,CAMERA_3,effects,"This one has 21 photo effects (small face, retro, big eyes, etc.).",PRESENT_X,CAMERA_3,13~65
646,8,CAMERA_3,['CAMERA_3'],"{'CAMERA_1': [], 'CAMERA_2': [], 'CAMERA_3': ['autofocus_points', 'long_exposure', 'preset_modes', 'effects', 'weight']}",C_SILENT_OR_BACKCHANNEL,CAMERA_3,NONE,uh huh I say,PRESENT_X,CAMERA_3,S_INTRODUCES_FEATURE,CAMERA_3,weight,This one weighs 820 grams.,PRESENT_X,CAMERA_3,16~25
646,9,CAMERA_2,"['CAMERA_3', 'CAMERA_2']","{'CAMERA_1': [], 'CAMERA_2': [], 'CAMERA_3': ['autofocus_points', 'long_exposure', 'preset_modes', 'effects', 'weight']}",C_ANYTHING_ELSE_AVAILABLE,CAMERA_3,NONE,okay do you have any other cameras I might be interested,PRESENT_X,CAMERA_3,S_INTRODUCES_CAMERA,CAMERA_2,,Let me show you this. Here we have the Fujifilm Lumix ILC Camera.,PRESENT_X,CAMERA_2,39~64
646,10,CAMERA_2,"['CAMERA_3', 'CAMERA_2']","{'CAMERA_1': [], 'CAMERA_2': ['sensor_size'], 'CAMERA_3': ['autofocus_points', 'long_exposure', 'preset_modes', 'effects', 'weight']}",C_QUESTION_ABOUT_FEATURE,CAMERA_2,sensor_size,do you know what is the sensor size for this camera,PRESENT_X,CAMERA_2,S_ANSWERS_QUESTION_ABOUT_FEATURE,CAMERA_2,sensor_size,This one has a 1/2.33 inch sensor.,PRESENT_X,CAMERA_2,15~33
646,11,CAMERA_2,"['CAMERA_3', 'CAMERA_2']","{'CAMERA_1': [], 'CAMERA_2': ['sensor_size', 'resolution'], 'CAMERA_3': ['autofocus_points', 'long_exposure', 'preset_modes', 'effects', 'weight']}",C_QUESTION_ABOUT_FEATURE,CAMERA_2,resolution,does the screen touch screen,PRESENT_X,CAMERA_2,S_ANSWERS_QUESTION_ABOUT_FEATURE,CAMERA_2,resolution,This one has 23.8 megapixels resolution.,PRESENT_X,CAMERA_2,13~28
646,12,CAMERA_2,"['CAMERA_3', 'CAMERA_2']","{'CAMERA_1': [], 'CAMERA_2': ['sensor_size', 'resolution', 'weight'], 'CAMERA_3': ['autofocus_points', 'long_exposure', 'preset_modes', 'effects', 'weight']}",C_QUESTION_ABOUT_FEATURE,CAMERA_2,weight,what is the weight of this camera,PRESENT_X,CAMERA_2,S_ANSWERS_QUESTION_ABOUT_FEATURE,CAMERA_2,weight,This one weighs 820 grams.,PRESENT_X,CAMERA_2,16~25
646,13,CAMERA_2,"['CAMERA_3', 'CAMERA_2']","{'CAMERA_1': [], 'CAMERA_2': ['sensor_size', 'resolution', 'weight', 'price'], 'CAMERA_3': ['autofocus_points', 'long_exposure', 'preset_modes', 'effects', 'weight']}",C_QUESTION_ABOUT_FEATURE,CAMERA_2,price,I see how much does it cost,PRESENT_X,CAMERA_2,S_ANSWERS_QUESTION_ABOUT_FEATURE,CAMERA_2,price,This one costs $768.,PRESENT_X,CAMERA_2,15~19
646,14,CAMERA_2,"['CAMERA_3', 'CAMERA_2']","{'CAMERA_1': [], 'CAMERA_2': ['sensor_size', 'resolution', 'weight', 'price', 'long_exposure'], 'CAMERA_3': ['autofocus_points', 'long_exposure', 'preset_modes', 'effects', 'weight']}",C_QUESTION_ABOUT_FEATURE,CAMERA_2,long_exposure,what's up with the long exposure,PRESENT_X,CAMERA_2,S_ANSWERS_QUESTION_ABOUT_FEATURE,CAMERA_2,long_exposure,This one can take long exposures up to 60 minutes max with bulb mode.,PRESENT_X,CAMERA_2,39~68
646,15,CAMERA_2,"['CAMERA_3', 'CAMERA_2']","{'CAMERA_1': [], 'CAMERA_2': ['sensor_size', 'resolution', 'weight', 'price', 'long_exposure', 'effects'], 'CAMERA_3': ['autofocus_points', 'long_exposure', 'preset_modes', 'effects', 'weight']}",C_QUESTION_ABOUT_FEATURE,CAMERA_2,effects,okay good how about the artistic effect mode what is that good,PRESENT_X,CAMERA_2,S_ANSWERS_QUESTION_ABOUT_FEATURE,CAMERA_2,effects,"This one has 24 artistic effect modes (retro, lighter or darker skin tones, sepia, etc.).",PRESENT_X,CAMERA_2,13~88
646,16,CAMERA_1,"['CAMERA_3', 'CAMERA_2', 'CAMERA_1']","{'CAMERA_1': [], 'CAMERA_2': ['sensor_size', 'resolution', 'weight', 'price', 'long_exposure', 'effects'], 'CAMERA_3': ['autofocus_points', 'long_exposure', 'preset_modes', 'effects', 'weight']}",C_ANYTHING_ELSE_AVAILABLE,CAMERA_2,NONE,ok do you have any other cameras that can just look at,PRESENT_X,CAMERA_2,S_INTRODUCES_CAMERA,CAMERA_1,,Let me show you this. Here we have the Sony PowerShot ELPH DMC-ZS3.,PRESENT_X,CAMERA_1,39~66
646,17,CAMERA_1,"['CAMERA_3', 'CAMERA_2', 'CAMERA_1']","{'CAMERA_1': ['effects'], 'CAMERA_2': ['sensor_size', 'resolution', 'weight', 'price', 'long_exposure', 'effects'], 'CAMERA_3': ['autofocus_points', 'long_exposure', 'preset_modes', 'effects', 'weight']}",C_QUESTION_ABOUT_FEATURE,CAMERA_1,effects,does it have artistic effect mode,PRESENT_X,CAMERA_1,S_ANSWERS_QUESTION_ABOUT_FEATURE,CAMERA_1,effects,"This one has 24 glamor retouch effects (miniature, retro, toy camera, etc.).",PRESENT_X,CAMERA_1,13~75
646,18,CAMERA_1,"['CAMERA_3', 'CAMERA_2', 'CAMERA_1']","{'CAMERA_1': ['effects', 'settings'], 'CAMERA_2': ['sensor_size', 'resolution', 'weight', 'price', 'long_exposure', 'effects'], 'CAMERA_3': ['autofocus_points', 'long_exposure', 'preset_modes', 'effects', 'weight']}",C_SILENT_OR_BACKCHANNEL,CAMERA_1,NONE,that's pretty funky,PRESENT_X,CAMERA_1,S_INTRODUCES_FEATURE,CAMERA_1,settings,This one has limited manual settings.,PRESENT_X,CAMERA_1,13~36
646,19,NONE,"['CAMERA_3', 'CAMERA_2', 'CAMERA_1']","{'CAMERA_1': ['effects', 'settings'], 'CAMERA_2': ['sensor_size', 'resolution', 'weight', 'price', 'long_exposure', 'effects'], 'CAMERA_3': ['autofocus_points', 'long_exposure', 'preset_modes', 'effects', 'weight']}",C_THANK_YOU,CAMERA_1,NONE,thank you for your help,PRESENT_X,CAMERA_1,S_THANK_YOU,CAMERA_1,NONE,thank you very much.,FACE_TO_FACE,NONE,
646,20,NONE,"['CAMERA_3', 'CAMERA_2', 'CAMERA_1']","{'CAMERA_1': ['effects', 'settings'], 'CAMERA_2': ['sensor_size', 'resolution', 'weight', 'price', 'long_exposure', 'effects'], 'CAMERA_3': ['autofocus_points', 'long_exposure', 'preset_modes', 'effects', 'weight']}",C_LEAVES,DOOR,NONE,,FACE_TO_FACE,NONE,S_RETURNS_TO_COUNTER,SERVICE_COUNTER,NONE,,WAITING,NONE,
647,1,NONE,[],"{'CAMERA_1': [], 'CAMERA_2': [], 'CAMERA_3': []}",C_ENTERS,DOOR,NONE,,WAITING,NONE,S_NONE,SERVICE_COUNTER,NONE,,WAITING,NONE,
647,2,NONE,[],"{'CAMERA_1': [], 'CAMERA_2': [], 'CAMERA_3': []}",C_WALKS_TO_CAMERA,CAMERA_1,NONE,,WAITING,NONE,S_NONE,SERVICE_COUNTER,NONE,,WAITING,NONE,
647,3,NONE,[],"{'CAMERA_1': [], 'CAMERA_2': [], 'CAMERA_3': []}",C_EXAMINES_CAMERA,CAMERA_1,NONE,,WAITING,NONE,S_GREETS,CAMERA_1,NONE,can I help you?,FACE_TO_FACE,NONE,
647,4,CAMERA_3,['CAMERA_3'],"{'CAMERA_1': [], 'CAMERA_2': [], 'CAMERA_3': []}",C_LOOKING_FOR_A_CAMERA,CAMERA_1,NONE,I'm looking for a camera,FACE_TO_FACE,NONE,S_INTRODUCES_CAMERA,CAMERA_3,,Let me show you this. Here we have the Fujifilm PowerShot ELPH S2800.,PRESENT_X,CAMERA_3,39~68
647,5,CAMERA_3,['CAMERA_3'],"{'CAMERA_1': [], 'CAMERA_2': [], 'CAMERA_3': ['long_exposure']}",C_SILENT_OR_BACKCHANNEL,CAMERA_3,NONE,what about the is so great how long is that,PRESENT_X,CAMERA_3,S_INTRODUCES_FEATURE,CAMERA_3,long_exposure,This one can take long exposures up to 30 minutes max with bulb mode.,PRESENT_X,CAMERA_3,39~68
647,6,NONE,['CAMERA_3'],"{'CAMERA_1': [], 'CAMERA_2': [], 'CAMERA_3': ['long_exposure']}",C_THANK_YOU,CAMERA_3,NONE,oh I see okay thank you for your help,PRESENT_X,CAMERA_3,S_THANK_YOU,CAMERA_3,NONE,thank you very much.,FACE_TO_FACE,NONE,
647,7,NONE,['CAMERA_3'],"{'CAMERA_1': [], 'CAMERA_2': [], 'CAMERA_3': ['long_exposure']}",C_LEAVES,DOOR,NONE,,FACE_TO_FACE,NONE,S_RETURNS_TO_COUNTER,SERVICE_COUNTER,NONE,,WAITING,NONE,
648,1,NONE,[],"{'CAMERA_1': [], 'CAMERA_2': [], 'CAMERA_3': []}",C_ENTERS,DOOR,NONE,,WAITING,NONE,S_NONE,SERVICE_COUNTER,NONE,,WAITING,NONE,
648,2,NONE,[],"{'CAMERA_1': [], 'CAMERA_2': [], 'CAMERA_3': []}",C_GREETS,MIDDLE,NONE,use me,WAITING,NONE,S_GREETS,MIDDLE,NONE,can I help you?,FACE_TO_FACE,NONE,
648,3,CAMERA_2,['CAMERA_2'],"{'CAMERA_1': [], 'CAMERA_2': [], 'CAMERA_3': []}",C_LOOKING_FOR_A_CAMERA,MIDDLE,NONE,ho hey just looking for a camera something more high end,FACE_TO_FACE,NONE,S_INTRODUCES_CAMERA,CAMERA_2,,Let me show you this. Here we have the Fujifilm Lumix ILC Camera.,PRESENT_X,CAMERA_2,39~64
648,4,CAMERA_2,['CAMERA_2'],"{'CAMERA_1': [], 'CAMERA_2': ['optical_zoom'], 'CAMERA_3': []}",C_QUESTION_ABOUT_FEATURE,CAMERA_2,optical_zoom,Sharp Images High and optical zoom does that mean the lens comes out,PRESENT_X,CAMERA_2,S_ANSWERS_QUESTION_ABOUT_FEATURE,CAMERA_2,optical_zoom,This one has 21x optical zoom.,PRESENT_X,CAMERA_2,13~29
648,5,CAMERA_2,['CAMERA_2'],"{'CAMERA_1': [], 'CAMERA_2': ['optical_zoom', 'ISO'], 'CAMERA_3': []}",C_QUESTION_ABOUT_FEATURE,CAMERA_2,ISO,is this able to shoot high iso,PRESENT_X,CAMERA_2,S_NOT_SURE,CAMERA_2,,I'm not really sure about that.,PRESENT_X,CAMERA_2,
648,6,CAMERA_2,['CAMERA_2'],"{'CAMERA_1': [], 'CAMERA_2': ['optical_zoom', 'ISO', 'effects'], 'CAMERA_3': []}",C_SILENT_OR_BACKCHANNEL,CAMERA_2,NONE,nice what's the pricing on it,PRESENT_X,CAMERA_2,S_INTRODUCES_FEATURE,CAMERA_2,effects,"This one has 24 artistic effect modes (retro, lighter or darker skin tones, sepia, etc.).",PRESENT_X,CAMERA_2,13~88
648,7,CAMERA_2,['CAMERA_2'],"{'CAMERA_1': [], 'CAMERA_2': ['optical_zoom', 'ISO', 'effects', 'camera_type'], 'CAMERA_3': []}",C_QUESTION_ABOUT_FEATURE,CAMERA_2,camera_type,is this a point and shoot camera,PRESENT_X,CAMERA_2,S_ANSWERS_QUESTION_ABOUT_FEATURE,CAMERA_2,camera_type,This is a digital single lens mirrorless camera.,PRESENT_X,CAMERA_2,10~40
648,8,CAMERA_2,['CAMERA_2'],"{'CAMERA_1': [], 'CAMERA_2': ['optical_zoom', 'ISO', 'effects', 'camera_type', 'weight'], 'CAMERA_3': []}",C_QUESTION_ABOUT_FEATURE,CAMERA_2,weight,can I know the weight of this camera,PRESENT_X,CAMERA_2,S_ANSWERS_QUESTION_ABOUT_FEATURE,CAMERA_2,weight,This one weighs 820 grams.,PRESENT_X,CAMERA_2,16~25
648,9,CAMERA_2,['CAMERA_2'],"{'CAMERA_1': [], 'CAMERA_2': ['optical_zoom', 'ISO', 'effects', 'camera_type', 'weight', 'price'], 'CAMERA_3': []}",C_SILENT_OR_BACKCHANNEL,CAMERA_2,NONE,IC,PRESENT_X,CAMERA_2,S_INTRODUCES_FEATURE,CAMERA_2,price,This one costs $768.,PRESENT_X,CAMERA_2,15~19
648,10,CAMERA_2,['CAMERA_2'],"{'CAMERA_1': [], 'CAMERA_2': ['optical_zoom', 'ISO', 'effects', 'camera_type', 'weight', 'price', 'settings'], 'CAMERA_3': []}",C_QUESTION_ABOUT_FEATURE,CAMERA_2,settings,what about the manual settings it seems is quite taken to put everything in manual mode and I am used to this kind of coming,PRESENT_X,CAMERA_2,S_ANSWERS_QUESTION_ABOUT_FEATURE,CAMERA_2,settings,"This one has manual control and various automatic settings (video modeburst shooting, etc.).",PRESENT_X,CAMERA_2,13~91
648,11,CAMERA_2,['CAMERA_2'],"{'CAMERA_1': [], 'CAMERA_2': ['optical_zoom', 'ISO', 'effects', 'camera_type', 'weight', 'price', 'settings', 'autofocus_points'], 'CAMERA_3': []}",C_QUESTION_ABOUT_FEATURE,CAMERA_2,autofocus_points,what do I use the autofocus points for,PRESENT_X,CAMERA_2,S_NOT_SURE,CAMERA_2,,I'm not really sure about that.,PRESENT_X,CAMERA_2,
648,12,NONE,['CAMERA_2'],"{'CAMERA_1': [], 'CAMERA_2': ['optical_zoom', 'ISO', 'effects', 'camera_type', 'weight', 'price', 'settings', 'autofocus_points'], 'CAMERA_3': []}",C_THANK_YOU,CAMERA_2,NONE,thank you for your help I'm going to think about it,PRESENT_X,CAMERA_2,S_THANK_YOU,CAMERA_2,NONE,thank you very much.,FACE_TO_FACE,NONE,
648,13,NONE,['CAMERA_2'],"{'CAMERA_1': [], 'CAMERA_2': ['optical_zoom', 'ISO', 'effects', 'camera_type', 'weight', 'price', 'settings', 'autofocus_points'], 'CAMERA_3': []}",C_LEAVES,DOOR,NONE,,FACE_TO_FACE,NONE,S_RETURNS_TO_COUNTER,SERVICE_COUNTER,NONE,,WAITING,NONE,
649,1,NONE,[],"{'CAMERA_1': [], 'CAMERA_2': [], 'CAMERA_3': []}",C_ENTERS,DOOR,NONE,,WAITING,NONE,S_NONE,SERVICE_COUNTER,NONE,,WAITING,NONE,
649,2,NONE,[],"{'CAMERA_1': [], 'CAMERA_2': [], 'CAMERA_3': []}",C_GREETS,MIDDLE,NONE,excuse me,WAITING,NONE,S_GREETS,MIDDLE,NONE,can I help you?,FACE_TO_FACE,NONE,
649,3,CAMERA_1,['CAMERA_1'],"{'CAMERA_1': [], 'CAMERA_2': [], 'CAMERA_3': []}",C_LOOKING_FOR_A_CAMERA,MIDDLE,NONE,I just want to take a quick look at your cameras,FACE_TO_FACE,NONE,S_INTRODUCES_CAMERA,CAMERA_1,,Let me show you this. Here we have the Sony PowerShot ELPH DMC-ZS3.,PRESENT_X,CAMERA_1,39~66
649,4,CAMERA_1,['CAMERA_1'],"{'CAMERA_1': ['weight'], 'CAMERA_2': [], 'CAMERA_3': []}",C_QUESTION_ABOUT_FEATURE,CAMERA_1,weight,and this is very heavy will it fit in the pus okay,PRESENT_X,CAMERA_1,S_ANSWERS_QUESTION_ABOUT_FEATURE,CAMERA_1,weight,This one weighs 800 grams.,PRESENT_X,CAMERA_1,16~25
649,5,CAMERA_1,['CAMERA_1'],"{'CAMERA_1': ['weight', 'optical_zoom'], 'CAMERA_2': [], 'CAMERA_3': []}",C_SILENT_OR_BACKCHANNEL,CAMERA_1,NONE,I say,PRESENT_X,CAMERA_1,S_INTRODUCES_FEATURE,CAMERA_1,optical_zoom,This one has 21x optical zoom.,PRESENT_X,CAMERA_1,13~29
649,6,CAMERA_1,['CAMERA_1'],"{'CAMERA_1': ['weight', 'optical_zoom', 'preset_modes'], 'CAMERA_2': [], 'CAMERA_3': []}",C_QUESTION_ABOUT_FEATURE,CAMERA_1,preset_modes,what about the present mode what is that,PRESENT_X,CAMERA_1,S_NOT_SURE,CAMERA_1,,I'm not really sure about that.,PRESENT_X,CAMERA_1,
649,7,CAMERA_1,['CAMERA_1'],"{'CAMERA_1': ['weight', 'optical_zoom', 'preset_modes', 'camera_type'], 'CAMERA_2': [], 'CAMERA_3': []}",C_SILENT_OR_BACKCHANNEL,CAMERA_1,NONE,listen to be a very nice camera,PRESENT_X,CAMERA_1,S_INTRODUCES_FEATURE,CAMERA_1,camera_type,This is a DSLR camera.,PRESENT_X,CAMERA_1,10~14
649,8,NONE,['CAMERA_1'],"{'CAMERA_1': ['weight', 'optical_zoom', 'preset_modes', 'camera_type'], 'CAMERA_2': [], 'CAMERA_3': []}",C_THANK_YOU,CAMERA_1,NONE,thank you,PRESENT_X,CAMERA_1,S_THANK_YOU,CAMERA_1,NONE,thank you very much.,FACE_TO_FACE,NONE,
649,9,NONE,['CAMERA_1'],"{'CAMERA_1': ['weight', 'optical_zoom', 'preset_modes', 'camera_type'], 'CAMERA_2': [], 'CAMERA_3': []}",C_LEAVES,DOOR,NONE,,FACE_TO_FACE,NONE,S_RETURNS_TO_COUNTER,SERVICE_COUNTER,NONE,,WAITING,NONE,
650,1,NONE,[],"{'CAMERA_1': [], 'CAMERA_2': [], 'CAMERA_3': []}",C_ENTERS,DOOR,NONE,,WAITING,NONE,S_NONE,SERVICE_COUNTER,NONE,,WAITING,NONE,
650,2,NONE,[],"{'CAMERA_1': [], 'CAMERA_2': [], 'CAMERA_3': []}",C_GREETS,MIDDLE,NONE,hello may I ask you something about camera,WAITING,NONE,S_GREETS,MIDDLE,NONE,can I help you?,FACE_TO_FACE,NONE,
650,3,CAMERA_2,['CAMERA_2'],"{'CAMERA_1': [], 'CAMERA_2': [], 'CAMERA_3': []}",C_LOOKING_FOR_A_CAMERA,MIDDLE,NONE,I'm looking for a camera with very specific pictures,FACE_TO_FACE,NONE,S_INTRODUCES_CAMERA,CAMERA_2,,Let me show you this. Here we have the Fujifilm Lumix ILC Camera.,PRESENT_X,CAMERA_2,39~64
650,4,CAMERA_2,['CAMERA_2'],"{'CAMERA_1': [], 'CAMERA_2': ['ISO'], 'CAMERA_3': []}",C_QUESTION_ABOUT_FEATURE,CAMERA_2,ISO,what is the ISO,PRESENT_X,CAMERA_2,S_NOT_SURE,CAMERA_2,,I'm not really sure about that.,PRESENT_X,CAMERA_2,
650,5,CAMERA_2,['CAMERA_2'],"{'CAMERA_1': [], 'CAMERA_2': ['ISO', 'sensor_size'], 'CAMERA_3': []}",C_QUESTION_ABOUT_FEATURE,CAMERA_2,sensor_size,oh this looks very good actually what is the size of the sensor of this camera,PRESENT_X,CAMERA_2,S_ANSWERS_QUESTION_ABOUT_FEATURE,CAMERA_2,sensor_size,This one has a 1/2.33 inch sensor.,PRESENT_X,CAMERA_2,15~33
650,6,CAMERA_3,"['CAMERA_2', 'CAMERA_3']","{'CAMERA_1': [], 'CAMERA_2': ['ISO', 'sensor_size'], 'CAMERA_3': []}",C_ANYTHING_ELSE_AVAILABLE,CAMERA_2,NONE,do you have any other cameras like this,PRESENT_X,CAMERA_2,S_INTRODUCES_CAMERA,CAMERA_3,,Let me show you this. Here we have the Fujifilm PowerShot ELPH S2800.,PRESENT_X,CAMERA_3,39~68
650,7,CAMERA_3,"['CAMERA_2', 'CAMERA_3']","{'CAMERA_1': [], 'CAMERA_2': ['ISO', 'sensor_size'], 'CAMERA_3': ['long_exposure']}",C_QUESTION_ABOUT_FEATURE,CAMERA_3,long_exposure,Is this support for long exposure,PRESENT_X,CAMERA_3,S_ANSWERS_QUESTION_ABOUT_FEATURE,CAMERA_3,long_exposure,This one can take long exposures up to 30 minutes max with bulb mode.,PRESENT_X,CAMERA_3,39~68
650,8,CAMERA_1,"['CAMERA_2', 'CAMERA_3', 'CAMERA_1']","{'CAMERA_1': [], 'CAMERA_2': ['ISO', 'sensor_size'], 'CAMERA_3': ['long_exposure']}",C_ANYTHING_ELSE_AVAILABLE,CAMERA_3,NONE,do you have any other cameras that are in this kind,PRESENT_X,CAMERA_3,S_INTRODUCES_CAMERA,CAMERA_1,,Let me show you this. Here we have the Sony PowerShot ELPH DMC-ZS3.,PRESENT_X,CAMERA_1,39~66
650,9,CAMERA_1,"['CAMERA_2', 'CAMERA_3', 'CAMERA_1']","{'CAMERA_1': ['ISO'], 'CAMERA_2': ['ISO', 'sensor_size'], 'CAMERA_3': ['long_exposure']}",C_SILENT_OR_BACKCHANNEL,CAMERA_1,NONE,what about the is so great how long is that,PRESENT_X,CAMERA_1,S_INTRODUCES_FEATURE,CAMERA_1,ISO,This one has up to 51200 ISO.,PRESENT_X,CAMERA_1,13~28
650,10,CAMERA_1,"['CAMERA_2', 'CAMERA_3', 'CAMERA_1']","{'CAMERA_1': ['ISO', 'camera_type'], 'CAMERA_2': ['ISO', 'sensor_size'], 'CAMERA_3': ['long_exposure']}",C_QUESTION_ABOUT_FEATURE,CAMERA_1,camera_type,is this a point and shoot camera,PRESENT_X,CAMERA_1,S_ANSWERS_QUESTION_ABOUT_FEATURE,CAMERA_1,camera_type,This is a DSLR camera.,PRESENT_X,CAMERA_1,10~14
650,11,CAMERA_1,"['CAMERA_2', 'CAMERA_3', 'CAMERA_1']","{'CAMERA_1': ['ISO', 'camera_type', 'weight'], 'CAMERA_2': ['ISO', 'sensor_size'], 'CAMERA_3': ['long_exposure']}",C_QUESTION_ABOUT_FEATURE,CAMERA_1,weight,that sounds good is it light go cuz I don't want to be carrying around heavy stuff all through the vacation,PRESENT_X,CAMERA_1,S_ANSWERS_QUESTION_ABOUT_FEATURE,CAMERA_1,weight,This one weighs 800 grams.,PRESENT_X,CAMERA_1,16~25
650,12,CAMERA_1,"['CAMERA_2', 'CAMERA_3', 'CAMERA_1']","{'CAMERA_1': ['ISO', 'camera_type', 'weight', 'autofocus_points'], 'CAMERA_2': ['ISO', 'sensor_size'], 'CAMERA_3': ['long_exposure']}",C_QUESTION_ABOUT_FEATURE,CAMERA_1,autofocus_points,yeah good afternoon I am a Sports photographers so I need a good camera with many autofocus point and also has a high shutter speed so you have any recommendations for me,PRESENT_X,CAMERA_1,S_ANSWERS_QUESTION_ABOUT_FEATURE,CAMERA_1,autofocus_points,This one has 135 autofocus points.,PRESENT_X,CAMERA_1,13~33
650,13,CAMERA_1,"['CAMERA_2', 'CAMERA_3', 'CAMERA_1']","{'CAMERA_1': ['ISO', 'camera_type', 'weight', 'autofocus_points', 'price'], 'CAMERA_2': ['ISO', 'sensor_size'], 'CAMERA_3': ['long_exposure']}",C_SILENT_OR_BACKCHANNEL,CAMERA_1,NONE,sounds good,PRESENT_X,CAMERA_1,S_INTRODUCES_FEATURE,CAMERA_1,price,This one costs $450.,PRESENT_X,CAMERA_1,15~19
650,14,,"['CAMERA_2', 'CAMERA_3', 'CAMERA_1']","{'CAMERA_1': ['ISO', 'camera_type', 'weight', 'autofocus_points', 'price'], 'CAMERA_2': ['ISO', 'sensor_size'], 'CAMERA_3': ['long_exposure']}",C_ANYTHING_ELSE_AVAILABLE,CAMERA_1,NONE,I see do you have any other options that you can show me,PRESENT_X,CAMERA_1,S_THATS_ALL_WE_HAVE_AVAILABLE,CAMERA_1,,That's all we have available at the moment.,PRESENT_X,CAMERA_1,
650,15,NONE,"['CAMERA_2', 'CAMERA_3', 'CAMERA_1']","{'CAMERA_1': ['ISO', 'camera_type', 'weight', 'autofocus_points', 'price'], 'CAMERA_2': ['ISO', 'sensor_size'], 'CAMERA_3': ['long_exposure']}",C_THANK_YOU,CAMERA_1,NONE,let me think about it I'll get back to you okay,PRESENT_X,CAMERA_1,S_THANK_YOU,CAMERA_1,NONE,thank you very much.,FACE_TO_FACE,NONE,
650,16,NONE,"['CAMERA_2', 'CAMERA_3', 'CAMERA_1']","{'CAMERA_1': ['ISO', 'camera_type', 'weight', 'autofocus_points', 'price'], 'CAMERA_2': ['ISO', 'sensor_size'], 'CAMERA_3': ['long_exposure']}",C_LEAVES,DOOR,NONE,,FACE_TO_FACE,NONE,S_RETURNS_TO_COUNTER,SERVICE_COUNTER,NONE,,WAITING,NONE,
651,1,NONE,[],"{'CAMERA_1': [], 'CAMERA_2': [], 'CAMERA_3': []}",C_ENTERS,DOOR,NONE,,WAITING,NONE,S_NONE,SERVICE_COUNTER,NONE,,WAITING,NONE,
651,2,NONE,[],"{'CAMERA_1': [], 'CAMERA_2': [], 'CAMERA_3': []}",C_WALKS_TO_CAMERA,CAMERA_2,NONE,,WAITING,NONE,S_GREETS,CAMERA_2,NONE,can I help you?,FACE_TO_FACE,NONE,
651,3,CAMERA_1,['CAMERA_1'],"{'CAMERA_1': [], 'CAMERA_2': [], 'CAMERA_3': []}",C_LOOKING_FOR_A_CAMERA,CAMERA_2,NONE,I'm looking for a camera,FACE_TO_FACE,NONE,S_INTRODUCES_CAMERA,CAMERA_1,,Let me show you this. Here we have the Sony PowerShot ELPH DMC-ZS3.,PRESENT_X,CAMERA_1,39~66
651,4,CAMERA_1,['CAMERA_1'],"{'CAMERA_1': ['optical_zoom'], 'CAMERA_2': [], 'CAMERA_3': []}",C_QUESTION_ABOUT_FEATURE,CAMERA_1,optical_zoom,okay can you tell me what optical zoom it has,PRESENT_X,CAMERA_1,S_ANSWERS_QUESTION_ABOUT_FEATURE,CAMERA_1,optical_zoom,This one has 21x optical zoom.,PRESENT_X,CAMERA_1,13~29
651,5,CAMERA_1,['CAMERA_1'],"{'CAMERA_1': ['optical_zoom', 'price'], 'CAMERA_2': [], 'CAMERA_3': []}",C_QUESTION_ABOUT_FEATURE,CAMERA_1,price,ok how much is it,PRESENT_X,CAMERA_1,S_ANSWERS_QUESTION_ABOUT_FEATURE,CAMERA_1,price,This one costs $450.,PRESENT_X,CAMERA_1,15~19
651,6,NONE,['CAMERA_1'],"{'CAMERA_1': ['optical_zoom', 'price'], 'CAMERA_2': [], 'CAMERA_3': []}",C_THANK_YOU,CAMERA_1,NONE,I'll take a look around and come back if I wanted to thank you,PRESENT_X,CAMERA_1,S_THANK_YOU,CAMERA_1,NONE,thank you very much.,FACE_TO_FACE,NONE,
651,7,NONE,['CAMERA_1'],"{'CAMERA_1': ['optical_zoom', 'price'], 'CAMERA_2': [], 'CAMERA_3': []}",C_LEAVES,DOOR,NONE,,FACE_TO_FACE,NONE,S_RETURNS_TO_COUNTER,SERVICE_COUNTER,NONE,,WAITING,NONE,
652,1,NONE,[],"{'CAMERA_1': [], 'CAMERA_2': [], 'CAMERA_3': []}",C_ENTERS,DOOR,NONE,,WAITING,NONE,S_NONE,SERVICE_COUNTER,NONE,,WAITING,NONE,
652,2,NONE,[],"{'CAMERA_1': [], 'CAMERA_2': [], 'CAMERA_3': []}",C_GREETS,MIDDLE,NONE,excuse me,WAITING,NONE,S_GREETS,MIDDLE,NONE,can I help you?,FACE_TO_FACE,NONE,
652,3,CAMERA_3,['CAMERA_3'],"{'CAMERA_1': [], 'CAMERA_2': [], 'CAMERA_3': []}",C_LOOKING_FOR_A_CAMERA,MIDDLE,NONE,I'm looking for a good camera,FACE_TO_FACE,NONE,S_INTRODUCES_CAMERA,CAMERA_3,,Let me show you this. Here we have the Fujifilm PowerShot ELPH S2800.,PRESENT_X,CAMERA_3,39~68
652,4,CAMERA_3,['CAMERA_3'],"{'CAMERA_1': [], 'CAMERA_2': [], 'CAMERA_3': ['color']}",C_QUESTION_ABOUT_FEATURE,CAMERA_3,color,how many colors does it come in,PRESENT_X,CAMERA_3,S_ANSWERS_QUESTION_ABOUT_FEATURE,CAMERA_3,color,"This one comes in purple, white, silver, blue, red, or pink.",PRESENT_X,CAMERA_3,18~59
652,5,CAMERA_3,['CAMERA_3'],"{'CAMERA_1': [], 'CAMERA_2': [], 'CAMERA_3': ['color', 'effects']}",C_SILENT_OR_BACKCHANNEL,CAMERA_3,NONE,IC,PRESENT_X,CAMERA_3,S_INTRODUCES_FEATURE,CAMERA_3,effects,"This one has 21 photo effects (small face, retro, big eyes, etc.).",PRESENT_X,CAMERA_3,13~65
652,6,CAMERA_1,"['CAMERA_3', 'CAMERA_1']","{'CAMERA_1': [], 'CAMERA_2': [], 'CAMERA_3': ['color', 'effects']}",C_ANYTHING_ELSE_AVAILABLE,CAMERA_3,NONE,ok do you have any other cameras that can just look at,PRESENT_X,CAMERA_3,S_INTRODUCES_CAMERA,CAMERA_1,,Let me show you this. Here we have the Sony PowerShot ELPH DMC-ZS3.,PRESENT_X,CAMERA_1,39~66
652,7,CAMERA_1,"['CAMERA_3', 'CAMERA_1']","{'CAMERA_1': ['settings'], 'CAMERA_2': [], 'CAMERA_3': ['color', 'effects']}",C_QUESTION_ABOUT_FEATURE,CAMERA_1,settings,is it full manual,PRESENT_X,CAMERA_1,S_ANSWERS_QUESTION_ABOUT_FEATURE,CAMERA_1,settings,This one has limited manual settings.,PRESENT_X,CAMERA_1,13~36
652,8,CAMERA_1,"['CAMERA_3', 'CAMERA_1']","{'CAMERA_1': ['settings', 'autofocus_points'], 'CAMERA_2': [], 'CAMERA_3': ['color', 'effects']}",C_QUESTION_ABOUT_FEATURE,CAMERA_1,autofocus_points,Lucinda how does the auto focus points can pass the ball to,PRESENT_X,CAMERA_1,S_ANSWERS_QUESTION_ABOUT_FEATURE,CAMERA_1,autofocus_points,This one has 135 autofocus points.,PRESENT_X,CAMERA_1,13~33
652,9,CAMERA_1,"['CAMERA_3', 'CAMERA_1']","{'CAMERA_1': ['settings', 'autofocus_points', 'sensor_size'], 'CAMERA_2': [], 'CAMERA_3': ['color', 'effects']}",C_SILENT_OR_BACKCHANNEL,CAMERA_1,NONE,okay,PRESENT_X,CAMERA_1,S_INTRODUCES_FEATURE,CAMERA_1,sensor_size,This one has a 1/2.3 inch CMOS sensor.,PRESENT_X,CAMERA_1,15~37
652,10,CAMERA_1,"['CAMERA_3', 'CAMERA_1']","{'CAMERA_1': ['settings', 'autofocus_points', 'sensor_size', 'price'], 'CAMERA_2': [], 'CAMERA_3': ['color', 'effects']}",C_QUESTION_ABOUT_FEATURE,CAMERA_1,price,how much is it,PRESENT_X,CAMERA_1,S_ANSWERS_QUESTION_ABOUT_FEATURE,CAMERA_1,price,This one costs $450.,PRESENT_X,CAMERA_1,15~19
652,11,CAMERA_1,"['CAMERA_3', 'CAMERA_1']","{'CAMERA_1': ['settings', 'autofocus_points', 'sensor_size', 'price', 'ISO'], 'CAMERA_2': [], 'CAMERA_3': ['color', 'effects']}",C_SILENT_OR_BACKCHANNEL,CAMERA_1,NONE,it's not bad not bad,PRESENT_X,CAMERA_1,S_INTRODUCES_FEATURE,CAMERA_1,ISO,This one has up to 51200 ISO.,PRESENT_X,CAMERA_1,13~28
652,12,CAMERA_1,"['CAMERA_3', 'CAMERA_1']","{'CAMERA_1': ['settings', 'autofocus_points', 'sensor_size', 'price', 'ISO', 'long_exposure'], 'CAMERA_2': [], 'CAMERA_3': ['color', 'effects']}",C_SILENT_OR_BACKCHANNEL,CAMERA_1,NONE,that sounds good,PRESENT_X,CAMERA_1,S_INTRODUCES_FEATURE,CAMERA_1,long_exposure,This one can take long exposures up to up to 15 seconds with Long Shutter Mode.,PRESENT_X,CAMERA_1,39~78
652,13,NONE,"['CAMERA_3', 'CAMERA_1']","{'CAMERA_1': ['settings', 'autofocus_points', 'sensor_size', 'price', 'ISO', 'long_exposure'], 'CAMERA_2': [], 'CAMERA_3': ['color', 'effects']}",C_THANK_YOU,CAMERA_1,NONE,thank you,PRESENT_X,CAMERA_1,S_THANK_YOU,CAMERA_1,NONE,thank you very much.,FACE_TO_FACE,NONE,
652,14,NONE,"['CAMERA_3', 'CAMERA_1']","{'CAMERA_1': ['settings', 'autofocus_points', 'sensor_size', 'price', 'ISO', 'long_exposure'], 'CAMERA_2': [], 'CAMERA_3': ['color', 'effects']}",C_LEAVES,DOOR,NONE,,FACE_TO_FACE,NONE,S_RETURNS_TO_COUNTER,SERVICE_COUNTER,NONE,,WAITING,NONE,
653,1,NONE,[],"{'CAMERA_1': [], 'CAMERA_2': [], 'CAMERA_3': []}",C_ENTERS,DOOR,NONE,,WAITING,NONE,S_NONE,SERVICE_COUNTER,NONE,,WAITING,NONE,
653,2,NONE,[],"{'CAMERA_1': [], 'CAMERA_2': [], 'CAMERA_3': []}",C_WALKS_TO_CAMERA,CAMERA_3,NONE,,WAITING,NONE,S_GREETS,CAMERA_3,NONE,can I help you?,FACE_TO_FACE,NONE,
653,3,CAMERA_1,['CAMERA_1'],"{'CAMERA_1': [], 'CAMERA_2': [], 'CAMERA_3': []}",C_LOOKING_FOR_A_CAMERA,CAMERA_3,NONE,hydro afternoon I'm looking to buy a camera I just said I'm not really familiar with,FACE_TO_FACE,NONE,S_INTRODUCES_CAMERA,CAMERA_1,,Let me show you this. Here we have the Sony PowerShot ELPH DMC-ZS3.,PRESENT_X,CAMERA_1,39~66
653,4,CAMERA_1,['CAMERA_1'],"{'CAMERA_1': ['preset_modes'], 'CAMERA_2': [], 'CAMERA_3': []}",C_QUESTION_ABOUT_FEATURE,CAMERA_1,preset_modes,does he have any menu settings at all,PRESENT_X,CAMERA_1,S_NOT_SURE,CAMERA_1,,I'm not really sure about that.,PRESENT_X,CAMERA_1,
653,5,CAMERA_1,['CAMERA_1'],"{'CAMERA_1': ['preset_modes', 'camera_type'], 'CAMERA_2': [], 'CAMERA_3': []}",C_SILENT_OR_BACKCHANNEL,CAMERA_1,NONE,okay,PRESENT_X,CAMERA_1,S_INTRODUCES_FEATURE,CAMERA_1,camera_type,This is a DSLR camera.,PRESENT_X,CAMERA_1,10~14
653,6,CAMERA_1,['CAMERA_1'],"{'CAMERA_1': ['preset_modes', 'camera_type', 'color'], 'CAMERA_2': [], 'CAMERA_3': []}",C_QUESTION_ABOUT_FEATURE,CAMERA_1,color,does this thing on camera and they come in silver color,PRESENT_X,CAMERA_1,S_ANSWERS_QUESTION_ABOUT_FEATURE,CAMERA_1,color,This one comes in blue or black.,PRESENT_X,CAMERA_1,18~31
653,7,CAMERA_1,['CAMERA_1'],"{'CAMERA_1': ['preset_modes', 'camera_type', 'color', 'price'], 'CAMERA_2': [], 'CAMERA_3': []}",C_SILENT_OR_BACKCHANNEL,CAMERA_1,NONE,okay great can I use the thirty-second look into booster at ISO 3200,PRESENT_X,CAMERA_1,S_INTRODUCES_FEATURE,CAMERA_1,price,This one costs $450.,PRESENT_X,CAMERA_1,15~19
653,8,CAMERA_1,['CAMERA_1'],"{'CAMERA_1': ['preset_modes', 'camera_type', 'color', 'price', 'sensor_size'], 'CAMERA_2': [], 'CAMERA_3': []}",C_SILENT_OR_BACKCHANNEL,CAMERA_1,NONE,this camera looks pretty good but I was wondering about this is so,PRESENT_X,CAMERA_1,S_INTRODUCES_FEATURE,CAMERA_1,sensor_size,This one has a 1/2.3 inch CMOS sensor.,PRESENT_X,CAMERA_1,15~37
653,9,CAMERA_1,['CAMERA_1'],"{'CAMERA_1': ['preset_modes', 'camera_type', 'color', 'price', 'sensor_size', 'settings'], 'CAMERA_2': [], 'CAMERA_3': []}",C_QUESTION_ABOUT_FEATURE,CAMERA_1,settings,and I can control of the settings myself right,PRESENT_X,CAMERA_1,S_ANSWERS_QUESTION_ABOUT_FEATURE,CAMERA_1,settings,This one has limited manual settings.,PRESENT_X,CAMERA_1,13~36
653,10,CAMERA_1,['CAMERA_1'],"{'CAMERA_1': ['preset_modes', 'camera_type', 'color', 'price', 'sensor_size', 'settings', 'effects'], 'CAMERA_2': [], 'CAMERA_3': []}",C_SILENT_OR_BACKCHANNEL,CAMERA_1,NONE,pretty cool,PRESENT_X,CAMERA_1,S_INTRODUCES_FEATURE,CAMERA_1,effects,"This one has 24 glamor retouch effects (miniature, retro, toy camera, etc.).",PRESENT_X,CAMERA_1,13~75
653,11,NONE,['CAMERA_1'],"{'CAMERA_1': ['preset_modes', 'camera_type', 'color', 'price', 'sensor_size', 'settings', 'effects'], 'CAMERA_2': [], 'CAMERA_3': []}",C_THANK_YOU,CAMERA_1,NONE,it's kind of hard to use thanks very much,PRESENT_X,CAMERA_1,S_THANK_YOU,CAMERA_1,NONE,thank you very much.,FACE_TO_FACE,NONE,
653,12,NONE,['CAMERA_1'],"{'CAMERA_1': ['preset_modes', 'camera_type', 'color', 'price', 'sensor_size', 'settings', 'effects'], 'CAMERA_2': [], 'CAMERA_3': []}",C_LEAVES,DOOR,NONE,,FACE_TO_FACE,NONE,S_RETURNS_TO_COUNTER,SERVICE_COUNTER,NONE,,WAITING,NONE,
654,1,NONE,[],"{'CAMERA_1': [], 'CAMERA_2': [], 'CAMERA_3': []}",C_ENTERS,DOOR,NONE,,WAITING,NONE,S_NONE,SERVICE_COUNTER,NONE,,WAITING,NONE,
654,2,NONE,[],"{'CAMERA_1': [], 'CAMERA_2': [], 'CAMERA_3': []}",C_GREETS,MIDDLE,NONE,excuse me,WAITING,NONE,S_GREETS,MIDDLE,NONE,can I help you?,FACE_TO_FACE,NONE,
654,3,CAMERA_1,['CAMERA_1'],"{'CAMERA_1': [], 'CAMERA_2': [], 'CAMERA_3': []}",C_LOOKING_FOR_A_CAMERA,MIDDLE,NONE,I'm looking for camera so I can take good shots on when I go travelling I miss you very interested in photography so do you recommend this camera,FACE_TO_FACE,NONE,S_INTRODUCES_CAMERA,CAMERA_1,,Let me show you this. Here we have the Sony PowerShot ELPH DMC-ZS3.,PRESENT_X,CAMERA_1,39~66
654,4,CAMERA_1,['CAMERA_1'],"{'CAMERA_1': ['preset_modes'], 'CAMERA_2': [], 'CAMERA_3': []}",C_QUESTION_ABOUT_FEATURE,CAMERA_1,preset_modes,does this camera also have bulb mode,PRESENT_X,CAMERA_1,S_NOT_SURE,CAMERA_1,,I'm not really sure about that.,PRESENT_X,CAMERA_1,
654,5,CAMERA_1,['CAMERA_1'],"{'CAMERA_1': ['preset_modes', 'sensor_size'], 'CAMERA_2': [], 'CAMERA_3': []}",C_QUESTION_ABOUT_FEATURE,CAMERA_1,sensor_size,$100 affordable and I like the style of this camera,PRESENT_X,CAMERA_1,S_ANSWERS_QUESTION_ABOUT_FEATURE,CAMERA_1,sensor_size,This one has a 1/2.3 inch CMOS sensor.,PRESENT_X,CAMERA_1,15~37
654,6,CAMERA_1,['CAMERA_1'],"{'CAMERA_1': ['preset_modes', 'sensor_size', 'autofocus_points'], 'CAMERA_2': [], 'CAMERA_3': []}",C_SILENT_OR_BACKCHANNEL,CAMERA_1,NONE,IC,PRESENT_X,CAMERA_1,S_INTRODUCES_FEATURE,CAMERA_1,autofocus_points,This one has 135 autofocus points.,PRESENT_X,CAMERA_1,13~33
654,7,CAMERA_1,['CAMERA_1'],"{'CAMERA_1': ['preset_modes', 'sensor_size', 'autofocus_points', 'price'], 'CAMERA_2': [], 'CAMERA_3': []}",C_SILENT_OR_BACKCHANNEL,CAMERA_1,NONE,I see,PRESENT_X,CAMERA_1,S_INTRODUCES_FEATURE,CAMERA_1,price,This one costs $450.,PRESENT_X,CAMERA_1,15~19
654,8,CAMERA_1,['CAMERA_1'],"{'CAMERA_1': ['preset_modes', 'sensor_size', 'autofocus_points', 'price', 'optical_zoom'], 'CAMERA_2': [], 'CAMERA_3': []}",C_SILENT_OR_BACKCHANNEL,CAMERA_1,NONE,oh wow its looks nice,PRESENT_X,CAMERA_1,S_INTRODUCES_FEATURE,CAMERA_1,optical_zoom,This one has 21x optical zoom.,PRESENT_X,CAMERA_1,13~29
654,9,CAMERA_1,['CAMERA_1'],"{'CAMERA_1': ['preset_modes', 'sensor_size', 'autofocus_points', 'price', 'optical_zoom', 'resolution'], 'CAMERA_2': [], 'CAMERA_3': []}",C_SILENT_OR_BACKCHANNEL,CAMERA_1,NONE,Isis sounds like a really nice cameras have,PRESENT_X,CAMERA_1,S_INTRODUCES_FEATURE,CAMERA_1,resolution,This one has 17.8 megapixels resolution.,PRESENT_X,CAMERA_1,13~28
654,10,NONE,['CAMERA_1'],"{'CAMERA_1': ['preset_modes', 'sensor_size', 'autofocus_points', 'price', 'optical_zoom', 'resolution'], 'CAMERA_2': [], 'CAMERA_3': []}",C_THANK_YOU,CAMERA_1,NONE,thanks for your help today,PRESENT_X,CAMERA_1,S_THANK_YOU,CAMERA_1,NONE,thank you very much.,FACE_TO_FACE,NONE,
654,11,NONE,['CAMERA_1'],"{'CAMERA_1': ['preset_modes', 'sensor_size', 'autofocus_points', 'price', 'optical_zoom', 'resolution'], 'CAMERA_2': [], 'CAMERA_3': []}",C_LEAVES,DOOR,NONE,,FACE_TO_FACE,NONE,S_RETURNS_TO_COUNTER,SERVICE_COUNTER,NONE,,WAITING,NONE,
655,1,NONE,[],"{'CAMERA_1': [], 'CAMERA_2': [], 'CAMERA_3': []}",C_ENTERS,DOOR,NONE,,WAITING,NONE,S_NONE,SERVICE_COUNTER,NONE,,WAITING,NONE,
655,2,NONE,[],"{'CAMERA_1': [], 'CAMERA_2': [], 'CAMERA_3': []}",C_GREETS,MIDDLE,NONE,excuse me,WAITING,NONE,S_GREETS,MIDDLE,NONE,can I help you?,FACE_TO_FACE,NONE,
655,3,CAMERA_1,['CAMERA_1'],"{'CAMERA_1': [], 'CAMERA_2': [], 'CAMERA_3': []}",C_LOOKING_FOR_A_CAMERA,MIDDLE,NONE,I'm looking for a camera with very specific pictures,FACE_TO_FACE,NONE,S_INTRODUCES_CAMERA,CAMERA_1,,Let me show you this. Here we have the Sony PowerShot ELPH DMC-ZS3.,PRESENT_X,CAMERA_1,39~66
655,4,CAMERA_1,['CAMERA_1'],"{'CAMERA_1': ['optical_zoom'], 'CAMERA_2': [], 'CAMERA_3': []}",C_QUESTION_ABOUT_FEATURE,CAMERA_1,optical_zoom,how's the zoom on it,PRESENT_X,CAMERA_1,S_ANSWERS_QUESTION_ABOUT_FEATURE,CAMERA_1,optical_zoom,This one has 21x optical zoom.,PRESENT_X,CAMERA_1,13~29
655,5,CAMERA_1,['CAMERA_1'],"{'CAMERA_1': ['optical_zoom', 'preset_modes'], 'CAMERA_2': [], 'CAMERA_3': []}",C_QUESTION_ABOUT_FEATURE,CAMERA_1,preset_modes,what about the present mode what is that,PRESENT_X,CAMERA_1,S_NOT_SURE,CAMERA_1,,I'm not really sure about that.,PRESENT_X,CAMERA_1,
655,6,CAMERA_1,['CAMERA_1'],"{'CAMERA_1': ['optical_zoom', 'preset_modes', 'weight'], 'CAMERA_2': [], 'CAMERA_3': []}",C_SILENT_OR_BACKCHANNEL,CAMERA_1,NONE,IC,PRESENT_X,CAMERA_1,S_INTRODUCES_FEATURE,CAMERA_1,weight,This one weighs 800 grams.,PRESENT_X,CAMERA_1,16~25
655,7,NONE,['CAMERA_1'],"{'CAMERA_1': ['optical_zoom', 'preset_modes', 'weight'], 'CAMERA_2': [], 'CAMERA_3': []}",C_THANK_YOU,CAMERA_1,NONE,thanks,PRESENT_X,CAMERA_1,S_THANK_YOU,CAMERA_1,NONE,thank you very much.,FACE_TO_FACE,NONE,
655,8,NONE,['CAMERA_1'],"{'CAMERA_1': ['optical_zoom', 'preset_modes', 'weight'], 'CAMERA_2': [], 'CAMERA_3': []}",C_LEAVES,DOOR,NONE,,FACE_TO_FACE,NONE,S_RETURNS_TO_COUNTER,SERVICE_COUNTER,NONE,,WAITING,NONE,
656,1,NONE,[],"{'CAMERA_1': [], 'CAMERA_2': [], 'CAMERA_3': []}",C_ENTERS,DOOR,NONE,,WAITING,NONE,S_NONE,SERVICE_COUNTER,NONE,,WAITING,NONE,
656,2,NONE,[],"{'CAMERA_1': [], 'CAMERA_2': [], 'CAMERA_3': []}",C_GREETS,MIDDLE,NONE,excuse me how large is the sensor on this camera,WAITING,NONE,S_GREETS,MIDDLE,NONE,can I help you?,FACE_TO_FACE,NONE,
656,3,CAMERA_1,['CAMERA_1'],"{'CAMERA_1': [], 'CAMERA_2': [], 'CAMERA_3': []}",C_LOOKING_FOR_A_CAMERA,MIDDLE,NONE,I'm looking for camera to take family pictures,FACE_TO_FACE,NONE,S_INTRODUCES_CAMERA,CAMERA_1,,Let me show you this. Here we have the Sony PowerShot ELPH DMC-ZS3.,PRESENT_X,CAMERA_1,39~66
656,4,CAMERA_1,['CAMERA_1'],"{'CAMERA_1': ['settings'], 'CAMERA_2': [], 'CAMERA_3': []}",C_SILENT_OR_BACKCHANNEL,CAMERA_1,NONE,I guess it's a pretty good camera then,PRESENT_X,CAMERA_1,S_INTRODUCES_FEATURE,CAMERA_1,settings,This one has limited manual settings.,PRESENT_X,CAMERA_1,13~36
656,5,CAMERA_1,['CAMERA_1'],"{'CAMERA_1': ['settings', 'effects'], 'CAMERA_2': [], 'CAMERA_3': []}",C_QUESTION_ABOUT_FEATURE,CAMERA_1,effects,what about the artistic effect,PRESENT_X,CAMERA_1,S_ANSWERS_QUESTION_ABOUT_FEATURE,CAMERA_1,effects,"This one has 24 glamor retouch effects (miniature, retro, toy camera, etc.).",PRESENT_X,CAMERA_1,13~75
656,6,NONE,['CAMERA_1'],"{'CAMERA_1': ['settings', 'effects'], 'CAMERA_2': [], 'CAMERA_3': []}",C_THANK_YOU,CAMERA_1,NONE,alright well I'll see if your help,PRESENT_X,CAMERA_1,S_THANK_YOU,CAMERA_1,NONE,thank you very much.,FACE_TO_FACE,NONE,
656,7,NONE,['CAMERA_1'],"{'CAMERA_1': ['settings', 'effects'], 'CAMERA_2': [], 'CAMERA_3': []}",C_LEAVES,DOOR,NONE,,FACE_TO_FACE,NONE,S_RETURNS_TO_COUNTER,SERVICE_COUNTER,NONE,,WAITING,NONE,
657,1,NONE,[],"{'CAMERA_1': [], 'CAMERA_2': [], 'CAMERA_3': []}",C_ENTERS,DOOR,NONE,,WAITING,NONE,S_NONE,SERVICE_COUNTER,NONE,,WAITING,NONE,
657,2,NONE,[],"{'CAMERA_1': [], 'CAMERA_2': [], 'CAMERA_3': []}",C_GREETS,MIDDLE,NONE,excuse me,WAITING,NONE,S_GREETS,MIDDLE,NONE,can I help you?,FACE_TO_FACE,NONE,
657,3,CAMERA_3,['CAMERA_3'],"{'CAMERA_1': [], 'CAMERA_2': [], 'CAMERA_3': []}",C_LOOKING_FOR_A_CAMERA,MIDDLE,NONE,I am looking to take take pictures with a camera,FACE_TO_FACE,NONE,S_INTRODUCES_CAMERA,CAMERA_3,,Let me show you this. Here we have the Fujifilm PowerShot ELPH S2800.,PRESENT_X,CAMERA_3,39~68
657,4,CAMERA_3,['CAMERA_3'],"{'CAMERA_1': [], 'CAMERA_2': [], 'CAMERA_3': ['resolution']}",C_QUESTION_ABOUT_FEATURE,CAMERA_3,resolution,I said he's got the glamour of a touch affect what what does that mean,PRESENT_X,CAMERA_3,S_ANSWERS_QUESTION_ABOUT_FEATURE,CAMERA_3,resolution,This one has 23.2 megapixels resolution.,PRESENT_X,CAMERA_3,13~28
657,5,CAMERA_3,['CAMERA_3'],"{'CAMERA_1': [], 'CAMERA_2': [], 'CAMERA_3': ['resolution', 'weight']}",C_QUESTION_ABOUT_FEATURE,CAMERA_3,weight,fender what is the weight for this camera,PRESENT_X,CAMERA_3,S_ANSWERS_QUESTION_ABOUT_FEATURE,CAMERA_3,weight,This one weighs 820 grams.,PRESENT_X,CAMERA_3,16~25
657,6,CAMERA_3,['CAMERA_3'],"{'CAMERA_1': [], 'CAMERA_2': [], 'CAMERA_3': ['resolution', 'weight', 'ISO']}",C_QUESTION_ABOUT_FEATURE,CAMERA_3,ISO,so what is the high ISO performance like,PRESENT_X,CAMERA_3,S_ANSWERS_QUESTION_ABOUT_FEATURE,CAMERA_3,ISO,This one has up to 3200 ISO with little noise.,PRESENT_X,CAMERA_3,13~45
657,7,CAMERA_3,['CAMERA_3'],"{'CAMERA_1': [], 'CAMERA_2': [], 'CAMERA_3': ['resolution', 'weight', 'ISO', 'long_exposure']}",C_QUESTION_ABOUT_FEATURE,CAMERA_3,long_exposure,and the exposure,PRESENT_X,CAMERA_3,S_ANSWERS_QUESTION_ABOUT_FEATURE,CAMERA_3,long_exposure,This one can take long exposures up to 30 minutes max with bulb mode.,PRESENT_X,CAMERA_3,39~68
657,8,CAMERA_3,['CAMERA_3'],"{'CAMERA_1': [], 'CAMERA_2': [], 'CAMERA_3': ['resolution', 'weight', 'ISO', 'long_exposure', 'color']}",C_SILENT_OR_BACKCHANNEL,CAMERA_3,NONE,ic,PRESENT_X,CAMERA_3,S_INTRODUCES_FEATURE,CAMERA_3,color,"This one comes in purple, white, silver, blue, red, or pink.",PRESENT_X,CAMERA_3,18~59
657,9,CAMERA_3,['CAMERA_3'],"{'CAMERA_1': [], 'CAMERA_2': [], 'CAMERA_3': ['resolution', 'weight', 'ISO', 'long_exposure', 'color', 'autofocus_points']}",C_QUESTION_ABOUT_FEATURE,CAMERA_3,autofocus_points,how many oz are Focus points,PRESENT_X,CAMERA_3,S_ANSWERS_QUESTION_ABOUT_FEATURE,CAMERA_3,autofocus_points,This one has 214 autofocus points.,PRESENT_X,CAMERA_3,13~33
657,10,CAMERA_3,['CAMERA_3'],"{'CAMERA_1': [], 'CAMERA_2': [], 'CAMERA_3': ['resolution', 'weight', 'ISO', 'long_exposure', 'color', 'autofocus_points', 'settings']}",C_SILENT_OR_BACKCHANNEL,CAMERA_3,NONE,oh yeah I thought the flight,PRESENT_X,CAMERA_3,S_INTRODUCES_FEATURE,CAMERA_3,settings,"This one has manual control and various automatic settings (video modeburst shooting, etc.).",PRESENT_X,CAMERA_3,13~91
657,11,NONE,['CAMERA_3'],"{'CAMERA_1': [], 'CAMERA_2': [], 'CAMERA_3': ['resolution', 'weight', 'ISO', 'long_exposure', 'color', 'autofocus_points', 'settings']}",C_THANK_YOU,CAMERA_3,NONE,thank you very much,PRESENT_X,CAMERA_3,S_THANK_YOU,CAMERA_3,NONE,thank you very much.,FACE_TO_FACE,NONE,
657,12,NONE,['CAMERA_3'],"{'CAMERA_1': [], 'CAMERA_2': [], 'CAMERA_3': ['resolution', 'weight', 'ISO', 'long_exposure', 'color', 'autofocus_points', 'settings']}",C_LEAVES,DOOR,NONE,,FACE_TO_FACE,NONE,S_RETURNS_TO_COUNTER,SERVICE_COUNTER,NONE,,WAITING,NONE,
658,1,NONE,[],"{'CAMERA_1': [], 'CAMERA_2': [], 'CAMERA_3': []}",C_ENTERS,DOOR,NONE,,WAITING,NONE,S_NONE,SERVICE_COUNTER,NONE,,WAITING,NONE,
658,2,NONE,[],"{'CAMERA_1': [], 'CAMERA_2': [], 'CAMERA_3': []}",C_GREETS,MIDDLE,NONE,excuse me,WAITING,NONE,S_GREETS,MIDDLE,NONE,can I help you?,FACE_TO_FACE,NONE,
658,3,CAMERA_1,['CAMERA_1'],"{'CAMERA_1': [], 'CAMERA_2': [], 'CAMERA_3': []}",C_LOOKING_FOR_A_CAMERA,MIDDLE,NONE,hello I'm looking for a camera with very high is so can you recommend one for me,FACE_TO_FACE,NONE,S_INTRODUCES_CAMERA,CAMERA_1,,Let me show you this. Here we have the Sony PowerShot ELPH DMC-ZS3.,PRESENT_X,CAMERA_1,39~66
658,4,CAMERA_1,['CAMERA_1'],"{'CAMERA_1': ['price'], 'CAMERA_2': [], 'CAMERA_3': []}",C_QUESTION_ABOUT_FEATURE,CAMERA_1,price,how much does this cost,PRESENT_X,CAMERA_1,S_ANSWERS_QUESTION_ABOUT_FEATURE,CAMERA_1,price,This one costs $450.,PRESENT_X,CAMERA_1,15~19
658,5,CAMERA_1,['CAMERA_1'],"{'CAMERA_1': ['price', 'weight'], 'CAMERA_2': [], 'CAMERA_3': []}",C_QUESTION_ABOUT_FEATURE,CAMERA_1,weight,oh I see and what about the weight you can make it slide but what's the weight actually,PRESENT_X,CAMERA_1,S_ANSWERS_QUESTION_ABOUT_FEATURE,CAMERA_1,weight,This one weighs 800 grams.,PRESENT_X,CAMERA_1,16~25
658,6,CAMERA_1,['CAMERA_1'],"{'CAMERA_1': ['price', 'weight', 'camera_type'], 'CAMERA_2': [], 'CAMERA_3': []}",C_QUESTION_ABOUT_FEATURE,CAMERA_1,camera_type,Is this a mirrorless camera?,PRESENT_X,CAMERA_1,S_ANSWERS_QUESTION_ABOUT_FEATURE,CAMERA_1,camera_type,This is a DSLR camera.,PRESENT_X,CAMERA_1,10~14
658,7,CAMERA_1,['CAMERA_1'],"{'CAMERA_1': ['price', 'weight', 'camera_type', 'autofocus_points'], 'CAMERA_2': [], 'CAMERA_3': []}",C_QUESTION_ABOUT_FEATURE,CAMERA_1,autofocus_points,how about the number of autofocus points it has,PRESENT_X,CAMERA_1,S_ANSWERS_QUESTION_ABOUT_FEATURE,CAMERA_1,autofocus_points,This one has 135 autofocus points.,PRESENT_X,CAMERA_1,13~33
658,8,CAMERA_1,['CAMERA_1'],"{'CAMERA_1': ['price', 'weight', 'camera_type', 'autofocus_points', 'settings'], 'CAMERA_2': [], 'CAMERA_3': []}",C_SILENT_OR_BACKCHANNEL,CAMERA_1,NONE,ok,PRESENT_X,CAMERA_1,S_INTRODUCES_FEATURE,CAMERA_1,settings,This one has limited manual settings.,PRESENT_X,CAMERA_1,13~36
658,9,NONE,['CAMERA_1'],"{'CAMERA_1': ['price', 'weight', 'camera_type', 'autofocus_points', 'settings'], 'CAMERA_2': [], 'CAMERA_3': []}",C_THANK_YOU,CAMERA_1,NONE,thank you,PRESENT_X,CAMERA_1,S_THANK_YOU,CAMERA_1,NONE,thank you very much.,FACE_TO_FACE,NONE,
658,10,NONE,['CAMERA_1'],"{'CAMERA_1': ['price', 'weight', 'camera_type', 'autofocus_points', 'settings'], 'CAMERA_2': [], 'CAMERA_3': []}",C_LEAVES,DOOR,NONE,,FACE_TO_FACE,NONE,S_RETURNS_TO_COUNTER,SERVICE_COUNTER,NONE,,WAITING,NONE,
659,1,NONE,[],"{'CAMERA_1': [], 'CAMERA_2': [], 'CAMERA_3': []}",C_ENTERS,DOOR,NONE,,WAITING,NONE,S_NONE,SERVICE_COUNTER,NONE,,WAITING,NONE,
659,2,NONE,[],"{'CAMERA_1': [], 'CAMERA_2': [], 'CAMERA_3': []}",C_WALKS_TO_CAMERA,CAMERA_1,NONE,,WAITING,NONE,S_GREETS,CAMERA_1,NONE,can I help you?,FACE_TO_FACE,NONE,
659,3,CAMERA_1,['CAMERA_1'],"{'CAMERA_1': [], 'CAMERA_2': [], 'CAMERA_3': []}",C_LOOKING_FOR_A_CAMERA,CAMERA_1,NONE,well I'm looking for camera,FACE_TO_FACE,NONE,S_INTRODUCES_CAMERA,CAMERA_1,,Let me show you this. Here we have the Sony PowerShot ELPH DMC-ZS3.,PRESENT_X,CAMERA_1,39~66
659,4,CAMERA_1,['CAMERA_1'],"{'CAMERA_1': ['settings'], 'CAMERA_2': [], 'CAMERA_3': []}",C_QUESTION_ABOUT_FEATURE,CAMERA_1,settings,is this full manual,PRESENT_X,CAMERA_1,S_ANSWERS_QUESTION_ABOUT_FEATURE,CAMERA_1,settings,This one has limited manual settings.,PRESENT_X,CAMERA_1,13~36
659,5,NONE,['CAMERA_1'],"{'CAMERA_1': ['settings'], 'CAMERA_2': [], 'CAMERA_3': []}",C_THANK_YOU,CAMERA_1,NONE,okay thanks for the help,PRESENT_X,CAMERA_1,S_THANK_YOU,CAMERA_1,NONE,thank you very much.,FACE_TO_FACE,NONE,
659,6,NONE,['CAMERA_1'],"{'CAMERA_1': ['settings'], 'CAMERA_2': [], 'CAMERA_3': []}",C_LEAVES,DOOR,NONE,,FACE_TO_FACE,NONE,S_RETURNS_TO_COUNTER,SERVICE_COUNTER,NONE,,WAITING,NONE,
660,1,NONE,[],"{'CAMERA_1': [], 'CAMERA_2': [], 'CAMERA_3': []}",C_ENTERS,DOOR,NONE,,WAITING,NONE,S_NONE,SERVICE_COUNTER,NONE,,WAITING,NONE,
660,2,NONE,[],"{'CAMERA_1': [], 'CAMERA_2': [], 'CAMERA_3': []}",C_WALKS_TO_CAMERA,CAMERA_1,NONE,,WAITING,NONE,S_GREETS,CAMERA_1,NONE,can I help you?,FACE_TO_FACE,NONE,
660,3,CAMERA_3,['CAMERA_3'],"{'CAMERA_1': [], 'CAMERA_2': [], 'CAMERA_3': []}",C_LOOKING_FOR_A_CAMERA,CAMERA_1,NONE,I'm looking for a good camera which I can use to take photographs,FACE_TO_FACE,NONE,S_INTRODUCES_CAMERA,CAMERA_3,,Let me show you this. Here we have the Fujifilm PowerShot ELPH S2800.,PRESENT_X,CAMERA_3,39~68
660,4,CAMERA_3,['CAMERA_3'],"{'CAMERA_1': [], 'CAMERA_2': [], 'CAMERA_3': ['resolution']}",C_QUESTION_ABOUT_FEATURE,CAMERA_3,resolution,how many megapixels does it have,PRESENT_X,CAMERA_3,S_ANSWERS_QUESTION_ABOUT_FEATURE,CAMERA_3,resolution,This one has 23.2 megapixels resolution.,PRESENT_X,CAMERA_3,13~28
660,5,CAMERA_3,['CAMERA_3'],"{'CAMERA_1': [], 'CAMERA_2': [], 'CAMERA_3': ['resolution', 'autofocus_points']}",C_SILENT_OR_BACKCHANNEL,CAMERA_3,NONE,IC,PRESENT_X,CAMERA_3,S_INTRODUCES_FEATURE,CAMERA_3,autofocus_points,This one has 214 autofocus points.,PRESENT_X,CAMERA_3,13~33
660,6,CAMERA_3,['CAMERA_3'],"{'CAMERA_1': [], 'CAMERA_2': [], 'CAMERA_3': ['resolution', 'autofocus_points', 'camera_type']}",C_QUESTION_ABOUT_FEATURE,CAMERA_3,camera_type,is this a DSLR camera,PRESENT_X,CAMERA_3,S_ANSWERS_QUESTION_ABOUT_FEATURE,CAMERA_3,camera_type,This is a point and shoot camera.,PRESENT_X,CAMERA_3,10~25
660,7,CAMERA_3,['CAMERA_3'],"{'CAMERA_1': [], 'CAMERA_2': [], 'CAMERA_3': ['resolution', 'autofocus_points', 'camera_type', 'effects']}",C_QUESTION_ABOUT_FEATURE,CAMERA_3,effects,can I use this artistic effect mode to smooth my skin,PRESENT_X,CAMERA_3,S_ANSWERS_QUESTION_ABOUT_FEATURE,CAMERA_3,effects,"This one has 21 photo effects (small face, retro, big eyes, etc.).",PRESENT_X,CAMERA_3,13~65
660,8,CAMERA_3,['CAMERA_3'],"{'CAMERA_1': [], 'CAMERA_2': [], 'CAMERA_3': ['resolution', 'autofocus_points', 'camera_type', 'effects', 'ISO']}",C_SILENT_OR_BACKCHANNEL,CAMERA_3,NONE,yeah actually looks very good,PRESENT_X,CAMERA_3,S_INTRODUCES_FEATURE,CAMERA_3,ISO,This one has up to 3200 ISO with little noise.,PRESENT_X,CAMERA_3,13~45
660,9,CAMERA_3,['CAMERA_3'],"{'CAMERA_1': [], 'CAMERA_2': [], 'CAMERA_3': ['resolution', 'autofocus_points', 'camera_type', 'effects', 'ISO', 'price']}",C_QUESTION_ABOUT_FEATURE,CAMERA_3,price,You said this was cheap,PRESENT_X,CAMERA_3,S_ANSWERS_QUESTION_ABOUT_FEATURE,CAMERA_3,price,This one costs $518.,PRESENT_X,CAMERA_3,15~19
660,10,CAMERA_3,['CAMERA_3'],"{'CAMERA_1': [], 'CAMERA_2': [], 'CAMERA_3': ['resolution', 'autofocus_points', 'camera_type', 'effects', 'ISO', 'price', 'sensor_size']}",C_SILENT_OR_BACKCHANNEL,CAMERA_3,NONE,i see,PRESENT_X,CAMERA_3,S_INTRODUCES_FEATURE,CAMERA_3,sensor_size,This one has a full frame.,PRESENT_X,CAMERA_3,15~25
660,11,NONE,['CAMERA_3'],"{'CAMERA_1': [], 'CAMERA_2': [], 'CAMERA_3': ['resolution', 'autofocus_points', 'camera_type', 'effects', 'ISO', 'price', 'sensor_size']}",C_THANK_YOU,CAMERA_3,NONE,thank you for your help,PRESENT_X,CAMERA_3,S_THANK_YOU,CAMERA_3,NONE,thank you very much.,FACE_TO_FACE,NONE,
660,12,NONE,['CAMERA_3'],"{'CAMERA_1': [], 'CAMERA_2': [], 'CAMERA_3': ['resolution', 'autofocus_points', 'camera_type', 'effects', 'ISO', 'price', 'sensor_size']}",C_LEAVES,DOOR,NONE,,FACE_TO_FACE,NONE,S_RETURNS_TO_COUNTER,SERVICE_COUNTER,NONE,,WAITING,NONE,
661,1,NONE,[],"{'CAMERA_1': [], 'CAMERA_2': [], 'CAMERA_3': []}",C_ENTERS,DOOR,NONE,,WAITING,NONE,S_NONE,SERVICE_COUNTER,NONE,,WAITING,NONE,
661,2,NONE,[],"{'CAMERA_1': [], 'CAMERA_2': [], 'CAMERA_3': []}",C_WALKS_TO_CAMERA,CAMERA_1,NONE,,WAITING,NONE,S_GREETS,CAMERA_1,NONE,can I help you?,FACE_TO_FACE,NONE,
661,3,CAMERA_2,['CAMERA_2'],"{'CAMERA_1': [], 'CAMERA_2': [], 'CAMERA_3': []}",C_LOOKING_FOR_A_CAMERA,CAMERA_1,NONE,mmm I'm just browsing the camera for myself just something a little better than my camera,FACE_TO_FACE,NONE,S_INTRODUCES_CAMERA,CAMERA_2,,Let me show you this. Here we have the Fujifilm Lumix ILC Camera.,PRESENT_X,CAMERA_2,39~64
661,4,CAMERA_2,['CAMERA_2'],"{'CAMERA_1': [], 'CAMERA_2': ['effects'], 'CAMERA_3': []}",C_QUESTION_ABOUT_FEATURE,CAMERA_2,effects,does it have artistic effect lights,PRESENT_X,CAMERA_2,S_ANSWERS_QUESTION_ABOUT_FEATURE,CAMERA_2,effects,"This one has 24 artistic effect modes (retro, lighter or darker skin tones, sepia, etc.).",PRESENT_X,CAMERA_2,13~88
661,5,CAMERA_2,['CAMERA_2'],"{'CAMERA_1': [], 'CAMERA_2': ['effects', 'color'], 'CAMERA_3': []}",C_QUESTION_ABOUT_FEATURE,CAMERA_2,color,alright does it come in any other color ,PRESENT_X,CAMERA_2,S_ANSWERS_QUESTION_ABOUT_FEATURE,CAMERA_2,color,This one comes in white or pink.,PRESENT_X,CAMERA_2,18~31
661,6,CAMERA_2,['CAMERA_2'],"{'CAMERA_1': [], 'CAMERA_2': ['effects', 'color', 'preset_modes'], 'CAMERA_3': []}",C_QUESTION_ABOUT_FEATURE,CAMERA_2,preset_modes,the menu settings of this camera are they same as the Canon,PRESENT_X,CAMERA_2,S_NOT_SURE,CAMERA_2,,I'm not really sure about that.,PRESENT_X,CAMERA_2,
661,7,CAMERA_2,['CAMERA_2'],"{'CAMERA_1': [], 'CAMERA_2': ['effects', 'color', 'preset_modes', 'sensor_size'], 'CAMERA_3': []}",C_SILENT_OR_BACKCHANNEL,CAMERA_2,NONE,IC,PRESENT_X,CAMERA_2,S_INTRODUCES_FEATURE,CAMERA_2,sensor_size,This one has a 1/2.33 inch sensor.,PRESENT_X,CAMERA_2,15~33
661,8,CAMERA_2,['CAMERA_2'],"{'CAMERA_1': [], 'CAMERA_2': ['effects', 'color', 'preset_modes', 'sensor_size', 'settings'], 'CAMERA_3': []}",C_SILENT_OR_BACKCHANNEL,CAMERA_2,NONE,I guess it's a pretty good camera then,PRESENT_X,CAMERA_2,S_INTRODUCES_FEATURE,CAMERA_2,settings,"This one has manual control and various automatic settings (video modeburst shooting, etc.).",PRESENT_X,CAMERA_2,13~91
661,9,CAMERA_2,['CAMERA_2'],"{'CAMERA_1': [], 'CAMERA_2': ['effects', 'color', 'preset_modes', 'sensor_size', 'settings', 'price'], 'CAMERA_3': []}",C_QUESTION_ABOUT_FEATURE,CAMERA_2,price,how much does this phone cost,PRESENT_X,CAMERA_2,S_ANSWERS_QUESTION_ABOUT_FEATURE,CAMERA_2,price,This one costs $768.,PRESENT_X,CAMERA_2,15~19
661,10,CAMERA_2,['CAMERA_2'],"{'CAMERA_1': [], 'CAMERA_2': ['effects', 'color', 'preset_modes', 'sensor_size', 'settings', 'price', 'weight'], 'CAMERA_3': []}",C_QUESTION_ABOUT_FEATURE,CAMERA_2,weight,what is the weight,PRESENT_X,CAMERA_2,S_ANSWERS_QUESTION_ABOUT_FEATURE,CAMERA_2,weight,This one weighs 820 grams.,PRESENT_X,CAMERA_2,16~25
661,11,CAMERA_2,['CAMERA_2'],"{'CAMERA_1': [], 'CAMERA_2': ['effects', 'color', 'preset_modes', 'sensor_size', 'settings', 'price', 'weight', 'autofocus_points'], 'CAMERA_3': []}",C_QUESTION_ABOUT_FEATURE,CAMERA_2,autofocus_points,and how many autofocus points does it have,PRESENT_X,CAMERA_2,S_NOT_SURE,CAMERA_2,,I'm not really sure about that.,PRESENT_X,CAMERA_2,
661,12,CAMERA_2,['CAMERA_2'],"{'CAMERA_1': [], 'CAMERA_2': ['effects', 'color', 'preset_modes', 'sensor_size', 'settings', 'price', 'weight', 'autofocus_points', 'camera_type'], 'CAMERA_3': []}",C_SILENT_OR_BACKCHANNEL,CAMERA_2,NONE,okay,PRESENT_X,CAMERA_2,S_INTRODUCES_FEATURE,CAMERA_2,camera_type,This is a digital single lens mirrorless camera.,PRESENT_X,CAMERA_2,10~40
661,13,CAMERA_2,['CAMERA_2'],"{'CAMERA_1': [], 'CAMERA_2': ['effects', 'color', 'preset_modes', 'sensor_size', 'settings', 'price', 'weight', 'autofocus_points', 'camera_type', 'ISO'], 'CAMERA_3': []}",C_QUESTION_ABOUT_FEATURE,CAMERA_2,ISO,how high can I set the ISO,PRESENT_X,CAMERA_2,S_NOT_SURE,CAMERA_2,,I'm not really sure about that.,PRESENT_X,CAMERA_2,
661,14,CAMERA_2,['CAMERA_2'],"{'CAMERA_1': [], 'CAMERA_2': ['effects', 'color', 'preset_modes', 'sensor_size', 'settings', 'price', 'weight', 'autofocus_points', 'camera_type', 'ISO', 'long_exposure'], 'CAMERA_3': []}",C_QUESTION_ABOUT_FEATURE,CAMERA_2,long_exposure,what's the long exposure,PRESENT_X,CAMERA_2,S_ANSWERS_QUESTION_ABOUT_FEATURE,CAMERA_2,long_exposure,This one can take long exposures up to 60 minutes max with bulb mode.,PRESENT_X,CAMERA_2,39~68
661,15,CAMERA_2,['CAMERA_2'],"{'CAMERA_1': [], 'CAMERA_2': ['effects', 'color', 'preset_modes', 'sensor_size', 'settings', 'price', 'weight', 'autofocus_points', 'camera_type', 'ISO', 'long_exposure', 'resolution'], 'CAMERA_3': []}",C_QUESTION_ABOUT_FEATURE,CAMERA_2,resolution,What is the resolution on this camera,PRESENT_X,CAMERA_2,S_ANSWERS_QUESTION_ABOUT_FEATURE,CAMERA_2,resolution,This one has 23.8 megapixels resolution.,PRESENT_X,CAMERA_2,13~28
661,16,CAMERA_2,['CAMERA_2'],"{'CAMERA_1': [], 'CAMERA_2': ['effects', 'color', 'preset_modes', 'sensor_size', 'settings', 'price', 'weight', 'autofocus_points', 'camera_type', 'ISO', 'long_exposure', 'resolution', 'optical_zoom'], 'CAMERA_3': []}",C_QUESTION_ABOUT_FEATURE,CAMERA_2,optical_zoom,what about the optical zoom,PRESENT_X,CAMERA_2,S_ANSWERS_QUESTION_ABOUT_FEATURE,CAMERA_2,optical_zoom,This one has 21x optical zoom.,PRESENT_X,CAMERA_2,13~29
661,17,CAMERA_2,['CAMERA_2'],"{'CAMERA_1': [], 'CAMERA_2': ['effects', 'color', 'preset_modes', 'sensor_size', 'settings', 'price', 'weight', 'autofocus_points', 'camera_type', 'ISO', 'long_exposure', 'resolution', 'optical_zoom', 'color'], 'CAMERA_3': []}",C_SILENT_OR_BACKCHANNEL,CAMERA_2,NONE,Wow it also seems very friendly to use,PRESENT_X,CAMERA_2,S_INTRODUCES_FEATURE,CAMERA_2,color,This one comes in white or pink.,PRESENT_X,CAMERA_2,18~31
661,18,CAMERA_2,['CAMERA_2'],"{'CAMERA_1': [], 'CAMERA_2': ['effects', 'color', 'preset_modes', 'sensor_size', 'settings', 'price', 'weight', 'autofocus_points', 'camera_type', 'ISO', 'long_exposure', 'resolution', 'optical_zoom', 'color', 'settings'], 'CAMERA_3': []}",C_SILENT_OR_BACKCHANNEL,CAMERA_2,NONE,that's the part that sounds good,PRESENT_X,CAMERA_2,S_INTRODUCES_FEATURE,CAMERA_2,settings,"This one has manual control and various automatic settings (video modeburst shooting, etc.).",PRESENT_X,CAMERA_2,13~91
661,19,CAMERA_2,['CAMERA_2'],"{'CAMERA_1': [], 'CAMERA_2': ['effects', 'color', 'preset_modes', 'sensor_size', 'settings', 'price', 'weight', 'autofocus_points', 'camera_type', 'ISO', 'long_exposure', 'resolution', 'optical_zoom', 'color', 'settings', 'ISO'], 'CAMERA_3': []}",C_QUESTION_ABOUT_FEATURE,CAMERA_2,ISO,How about the ISO range of this camera,PRESENT_X,CAMERA_2,S_NOT_SURE,CAMERA_2,,I'm not really sure about that.,PRESENT_X,CAMERA_2,
661,20,CAMERA_2,['CAMERA_2'],"{'CAMERA_1': [], 'CAMERA_2': ['effects', 'color', 'preset_modes', 'sensor_size', 'settings', 'price', 'weight', 'autofocus_points', 'camera_type', 'ISO', 'long_exposure', 'resolution', 'optical_zoom', 'color', 'settings', 'ISO', 'long_exposure'], 'CAMERA_3': []}",C_SILENT_OR_BACKCHANNEL,CAMERA_2,NONE,okay that sounds good,PRESENT_X,CAMERA_2,S_INTRODUCES_FEATURE,CAMERA_2,long_exposure,This one can take long exposures up to 60 minutes max with bulb mode.,PRESENT_X,CAMERA_2,39~68
661,21,CAMERA_2,['CAMERA_2'],"{'CAMERA_1': [], 'CAMERA_2': ['effects', 'color', 'preset_modes', 'sensor_size', 'settings', 'price', 'weight', 'autofocus_points', 'camera_type', 'ISO', 'long_exposure', 'resolution', 'optical_zoom', 'color', 'settings', 'ISO', 'long_exposure', 'optical_zoom'], 'CAMERA_3': []}",C_QUESTION_ABOUT_FEATURE,CAMERA_2,optical_zoom,excuse me what does it mean by optical zoom,PRESENT_X,CAMERA_2,S_ANSWERS_QUESTION_ABOUT_FEATURE,CAMERA_2,optical_zoom,This one has 21x optical zoom.,PRESENT_X,CAMERA_2,13~29
661,22,CAMERA_2,['CAMERA_2'],"{'CAMERA_1': [], 'CAMERA_2': ['effects', 'color', 'preset_modes', 'sensor_size', 'settings', 'price', 'weight', 'autofocus_points', 'camera_type', 'ISO', 'long_exposure', 'resolution', 'optical_zoom', 'color', 'settings', 'ISO', 'long_exposure', 'optical_zoom', 'long_exposure'], 'CAMERA_3': []}",C_SILENT_OR_BACKCHANNEL,CAMERA_2,NONE,I get,PRESENT_X,CAMERA_2,S_INTRODUCES_FEATURE,CAMERA_2,long_exposure,This one can take long exposures up to 60 minutes max with bulb mode.,PRESENT_X,CAMERA_2,39~68
661,23,CAMERA_2,['CAMERA_2'],"{'CAMERA_1': [], 'CAMERA_2': ['effects', 'color', 'preset_modes', 'sensor_size', 'settings', 'price', 'weight', 'autofocus_points', 'camera_type', 'ISO', 'long_exposure', 'resolution', 'optical_zoom', 'color', 'settings', 'ISO', 'long_exposure', 'optical_zoom', 'long_exposure', 'weight'], 'CAMERA_3': []}",C_QUESTION_ABOUT_FEATURE,CAMERA_2,weight,what about the wait is it light or is it heavy,PRESENT_X,CAMERA_2,S_ANSWERS_QUESTION_ABOUT_FEATURE,CAMERA_2,weight,This one weighs 820 grams.,PRESENT_X,CAMERA_2,16~25
661,24,CAMERA_2,['CAMERA_2'],"{'CAMERA_1': [], 'CAMERA_2': ['effects', 'color', 'preset_modes', 'sensor_size', 'settings', 'price', 'weight', 'autofocus_points', 'camera_type', 'ISO', 'long_exposure', 'resolution', 'optical_zoom', 'color', 'settings', 'ISO', 'long_exposure', 'optical_zoom', 'long_exposure', 'weight', 'optical_zoom'], 'CAMERA_3': []}",C_QUESTION_ABOUT_FEATURE,CAMERA_2,optical_zoom,how's the zoom on it,PRESENT_X,CAMERA_2,S_ANSWERS_QUESTION_ABOUT_FEATURE,CAMERA_2,optical_zoom,This one has 21x optical zoom.,PRESENT_X,CAMERA_2,13~29
661,25,CAMERA_2,['CAMERA_2'],"{'CAMERA_1': [], 'CAMERA_2': ['effects', 'color', 'preset_modes', 'sensor_size', 'settings', 'price', 'weight', 'autofocus_points', 'camera_type', 'ISO', 'long_exposure', 'resolution', 'optical_zoom', 'color', 'settings', 'ISO', 'long_exposure', 'optical_zoom', 'long_exposure', 'weight', 'optical_zoom', 'settings'], 'CAMERA_3': []}",C_QUESTION_ABOUT_FEATURE,CAMERA_2,settings,I would like to ask about is it easy to do I need to set up any manuals for this camera,PRESENT_X,CAMERA_2,S_ANSWERS_QUESTION_ABOUT_FEATURE,CAMERA_2,settings,"This one has manual control and various automatic settings (video modeburst shooting, etc.).",PRESENT_X,CAMERA_2,13~91
661,26,CAMERA_2,['CAMERA_2'],"{'CAMERA_1': [], 'CAMERA_2': ['effects', 'color', 'preset_modes', 'sensor_size', 'settings', 'price', 'weight', 'autofocus_points', 'camera_type', 'ISO', 'long_exposure', 'resolution', 'optical_zoom', 'color', 'settings', 'ISO', 'long_exposure', 'optical_zoom', 'long_exposure', 'weight', 'optical_zoom', 'settings', 'color'], 'CAMERA_3': []}",C_QUESTION_ABOUT_FEATURE,CAMERA_2,color,is there any other colors,PRESENT_X,CAMERA_2,S_ANSWERS_QUESTION_ABOUT_FEATURE,CAMERA_2,color,This one comes in white or pink.,PRESENT_X,CAMERA_2,18~31
661,27,CAMERA_2,['CAMERA_2'],"{'CAMERA_1': [], 'CAMERA_2': ['effects', 'color', 'preset_modes', 'sensor_size', 'settings', 'price', 'weight', 'autofocus_points', 'camera_type', 'ISO', 'long_exposure', 'resolution', 'optical_zoom', 'color', 'settings', 'ISO', 'long_exposure', 'optical_zoom', 'long_exposure', 'weight', 'optical_zoom', 'settings', 'color', 'effects'], 'CAMERA_3': []}",C_SILENT_OR_BACKCHANNEL,CAMERA_2,NONE,okay,PRESENT_X,CAMERA_2,S_INTRODUCES_FEATURE,CAMERA_2,effects,"This one has 24 artistic effect modes (retro, lighter or darker skin tones, sepia, etc.).",PRESENT_X,CAMERA_2,13~88
661,28,NONE,['CAMERA_2'],"{'CAMERA_1': [], 'CAMERA_2': ['effects', 'color', 'preset_modes', 'sensor_size', 'settings', 'price', 'weight', 'autofocus_points', 'camera_type', 'ISO', 'long_exposure', 'resolution', 'optical_zoom', 'color', 'settings', 'ISO', 'long_exposure', 'optical_zoom', 'long_exposure', 'weight', 'optical_zoom', 'settings', 'color', 'effects'], 'CAMERA_3': []}",C_THANK_YOU,CAMERA_2,NONE,thank you,PRESENT_X,CAMERA_2,S_THANK_YOU,CAMERA_2,NONE,thank you very much.,FACE_TO_FACE,NONE,
661,29,NONE,['CAMERA_2'],"{'CAMERA_1': [], 'CAMERA_2': ['effects', 'color', 'preset_modes', 'sensor_size', 'settings', 'price', 'weight', 'autofocus_points', 'camera_type', 'ISO', 'long_exposure', 'resolution', 'optical_zoom', 'color', 'settings', 'ISO', 'long_exposure', 'optical_zoom', 'long_exposure', 'weight', 'optical_zoom', 'settings', 'color', 'effects'], 'CAMERA_3': []}",C_LEAVES,DOOR,NONE,,FACE_TO_FACE,NONE,S_RETURNS_TO_COUNTER,SERVICE_COUNTER,NONE,,WAITING,NONE,
662,1,NONE,[],"{'CAMERA_1': [], 'CAMERA_2': [], 'CAMERA_3': []}",C_ENTERS,DOOR,NONE,,WAITING,NONE,S_NONE,SERVICE_COUNTER,NONE,,WAITING,NONE,
662,2,NONE,[],"{'CAMERA_1': [], 'CAMERA_2': [], 'CAMERA_3': []}",C_WALKS_TO_CAMERA,CAMERA_2,NONE,,WAITING,NONE,S_GREETS,CAMERA_2,NONE,can I help you?,FACE_TO_FACE,NONE,
662,3,CAMERA_2,['CAMERA_2'],"{'CAMERA_1': [], 'CAMERA_2': [], 'CAMERA_3': []}",C_LOOKING_FOR_A_CAMERA,CAMERA_2,NONE,yeah I'm looking for a camera something a little bit trendy,FACE_TO_FACE,NONE,S_INTRODUCES_CAMERA,CAMERA_2,,Let me show you this. Here we have the Fujifilm Lumix ILC Camera.,PRESENT_X,CAMERA_2,39~64
662,4,CAMERA_2,['CAMERA_2'],"{'CAMERA_1': [], 'CAMERA_2': ['weight'], 'CAMERA_3': []}",C_SILENT_OR_BACKCHANNEL,CAMERA_2,NONE,ok,PRESENT_X,CAMERA_2,S_INTRODUCES_FEATURE,CAMERA_2,weight,This one weighs 820 grams.,PRESENT_X,CAMERA_2,16~25
662,5,NONE,['CAMERA_2'],"{'CAMERA_1': [], 'CAMERA_2': ['weight'], 'CAMERA_3': []}",C_THANK_YOU,CAMERA_2,NONE,thank you very much,PRESENT_X,CAMERA_2,S_THANK_YOU,CAMERA_2,NONE,thank you very much.,FACE_TO_FACE,NONE,
662,6,NONE,['CAMERA_2'],"{'CAMERA_1': [], 'CAMERA_2': ['weight'], 'CAMERA_3': []}",C_LEAVES,DOOR,NONE,,FACE_TO_FACE,NONE,S_RETURNS_TO_COUNTER,SERVICE_COUNTER,NONE,,WAITING,NONE,
663,1,NONE,[],"{'CAMERA_1': [], 'CAMERA_2': [], 'CAMERA_3': []}",C_ENTERS,DOOR,NONE,,WAITING,NONE,S_NONE,SERVICE_COUNTER,NONE,,WAITING,NONE,
663,2,NONE,[],"{'CAMERA_1': [], 'CAMERA_2': [], 'CAMERA_3': []}",C_GREETS,MIDDLE,NONE,excuse me,WAITING,NONE,S_GREETS,MIDDLE,NONE,can I help you?,FACE_TO_FACE,NONE,
663,3,CAMERA_3,['CAMERA_3'],"{'CAMERA_1': [], 'CAMERA_2': [], 'CAMERA_3': []}",C_LOOKING_FOR_A_CAMERA,MIDDLE,NONE,I'm interested in buying a camera but I'm not sure what I need,FACE_TO_FACE,NONE,S_INTRODUCES_CAMERA,CAMERA_3,,Let me show you this. Here we have the Fujifilm PowerShot ELPH S2800.,PRESENT_X,CAMERA_3,39~68
663,4,CAMERA_3,['CAMERA_3'],"{'CAMERA_1': [], 'CAMERA_2': [], 'CAMERA_3': ['weight']}",C_SILENT_OR_BACKCHANNEL,CAMERA_3,NONE,okay,PRESENT_X,CAMERA_3,S_INTRODUCES_FEATURE,CAMERA_3,weight,This one weighs 820 grams.,PRESENT_X,CAMERA_3,16~25
663,5,CAMERA_3,['CAMERA_3'],"{'CAMERA_1': [], 'CAMERA_2': [], 'CAMERA_3': ['weight', 'ISO']}",C_SILENT_OR_BACKCHANNEL,CAMERA_3,NONE,wow that's really interesting ,PRESENT_X,CAMERA_3,S_INTRODUCES_FEATURE,CAMERA_3,ISO,This one has up to 3200 ISO with little noise.,PRESENT_X,CAMERA_3,13~45
663,6,CAMERA_3,['CAMERA_3'],"{'CAMERA_1': [], 'CAMERA_2': [], 'CAMERA_3': ['weight', 'ISO', 'autofocus_points']}",C_QUESTION_ABOUT_FEATURE,CAMERA_3,autofocus_points,how about the number of autofocus points it has,PRESENT_X,CAMERA_3,S_ANSWERS_QUESTION_ABOUT_FEATURE,CAMERA_3,autofocus_points,This one has 214 autofocus points.,PRESENT_X,CAMERA_3,13~33
663,7,CAMERA_3,['CAMERA_3'],"{'CAMERA_1': [], 'CAMERA_2': [], 'CAMERA_3': ['weight', 'ISO', 'autofocus_points', 'camera_type']}",C_QUESTION_ABOUT_FEATURE,CAMERA_3,camera_type,is this a point and shoot camera,PRESENT_X,CAMERA_3,S_ANSWERS_QUESTION_ABOUT_FEATURE,CAMERA_3,camera_type,This is a point and shoot camera.,PRESENT_X,CAMERA_3,10~25
663,8,CAMERA_3,['CAMERA_3'],"{'CAMERA_1': [], 'CAMERA_2': [], 'CAMERA_3': ['weight', 'ISO', 'autofocus_points', 'camera_type', 'resolution']}",C_QUESTION_ABOUT_FEATURE,CAMERA_3,resolution,Oh what kind of resolution to the house hun,PRESENT_X,CAMERA_3,S_ANSWERS_QUESTION_ABOUT_FEATURE,CAMERA_3,resolution,This one has 23.2 megapixels resolution.,PRESENT_X,CAMERA_3,13~28
663,9,NONE,['CAMERA_3'],"{'CAMERA_1': [], 'CAMERA_2': [], 'CAMERA_3': ['weight', 'ISO', 'autofocus_points', 'camera_type', 'resolution']}",C_THANK_YOU,CAMERA_3,NONE,thank you for your help,PRESENT_X,CAMERA_3,S_THANK_YOU,CAMERA_3,NONE,thank you very much.,FACE_TO_FACE,NONE,
663,10,NONE,['CAMERA_3'],"{'CAMERA_1': [], 'CAMERA_2': [], 'CAMERA_3': ['weight', 'ISO', 'autofocus_points', 'camera_type', 'resolution']}",C_LEAVES,DOOR,NONE,,FACE_TO_FACE,NONE,S_RETURNS_TO_COUNTER,SERVICE_COUNTER,NONE,,WAITING,NONE,
664,1,NONE,[],"{'CAMERA_1': [], 'CAMERA_2': [], 'CAMERA_3': []}",C_ENTERS,DOOR,NONE,,WAITING,NONE,S_NONE,SERVICE_COUNTER,NONE,,WAITING,NONE,
664,2,NONE,[],"{'CAMERA_1': [], 'CAMERA_2': [], 'CAMERA_3': []}",C_GREETS,MIDDLE,NONE,hi excuse me,WAITING,NONE,S_GREETS,MIDDLE,NONE,can I help you?,FACE_TO_FACE,NONE,
664,3,CAMERA_1,['CAMERA_1'],"{'CAMERA_1': [], 'CAMERA_2': [], 'CAMERA_3': []}",C_LOOKING_FOR_A_CAMERA,MIDDLE,NONE,mmm I'm just browsing the camera for myself just something a little better than my camera,FACE_TO_FACE,NONE,S_INTRODUCES_CAMERA,CAMERA_1,,Let me show you this. Here we have the Sony PowerShot ELPH DMC-ZS3.,PRESENT_X,CAMERA_1,39~66
664,4,CAMERA_1,['CAMERA_1'],"{'CAMERA_1': ['optical_zoom'], 'CAMERA_2': [], 'CAMERA_3': []}",C_QUESTION_ABOUT_FEATURE,CAMERA_1,optical_zoom,good that's a good effect okay how about the optical zooms,PRESENT_X,CAMERA_1,S_ANSWERS_QUESTION_ABOUT_FEATURE,CAMERA_1,optical_zoom,This one has 21x optical zoom.,PRESENT_X,CAMERA_1,13~29
664,5,CAMERA_2,"['CAMERA_1', 'CAMERA_2']","{'CAMERA_1': ['optical_zoom'], 'CAMERA_2': [], 'CAMERA_3': []}",C_ANYTHING_ELSE_AVAILABLE,CAMERA_1,NONE,ok do you have any other cameras,PRESENT_X,CAMERA_1,S_INTRODUCES_CAMERA,CAMERA_2,,Let me show you this. Here we have the Fujifilm Lumix ILC Camera.,PRESENT_X,CAMERA_2,39~64
664,6,CAMERA_2,"['CAMERA_1', 'CAMERA_2']","{'CAMERA_1': ['optical_zoom'], 'CAMERA_2': ['price'], 'CAMERA_3': []}",C_QUESTION_ABOUT_FEATURE,CAMERA_2,price,how much is this camera,PRESENT_X,CAMERA_2,S_ANSWERS_QUESTION_ABOUT_FEATURE,CAMERA_2,price,This one costs $768.,PRESENT_X,CAMERA_2,15~19
664,7,CAMERA_3,"['CAMERA_1', 'CAMERA_2', 'CAMERA_3']","{'CAMERA_1': ['optical_zoom'], 'CAMERA_2': ['price'], 'CAMERA_3': []}",C_ANYTHING_ELSE_AVAILABLE,CAMERA_2,NONE,do you have any other cameras that are in this kind,PRESENT_X,CAMERA_2,S_INTRODUCES_CAMERA,CAMERA_3,,Let me show you this. Here we have the Fujifilm PowerShot ELPH S2800.,PRESENT_X,CAMERA_3,39~68
664,8,CAMERA_3,"['CAMERA_1', 'CAMERA_2', 'CAMERA_3']","{'CAMERA_1': ['optical_zoom'], 'CAMERA_2': ['price'], 'CAMERA_3': ['resolution']}",C_QUESTION_ABOUT_FEATURE,CAMERA_3,resolution,powerful is it how many megapixels can it shoot,PRESENT_X,CAMERA_3,S_ANSWERS_QUESTION_ABOUT_FEATURE,CAMERA_3,resolution,This one has 23.2 megapixels resolution.,PRESENT_X,CAMERA_3,13~28
664,9,NONE,"['CAMERA_1', 'CAMERA_2', 'CAMERA_3']","{'CAMERA_1': ['optical_zoom'], 'CAMERA_2': ['price'], 'CAMERA_3': ['resolution']}",C_THANK_YOU,CAMERA_3,NONE,thanks so much,PRESENT_X,CAMERA_3,S_THANK_YOU,CAMERA_3,NONE,thank you very much.,FACE_TO_FACE,NONE,
664,10,NONE,"['CAMERA_1', 'CAMERA_2', 'CAMERA_3']","{'CAMERA_1': ['optical_zoom'], 'CAMERA_2': ['price'], 'CAMERA_3': ['resolution']}",C_LEAVES,DOOR,NONE,,FACE_TO_FACE,NONE,S_RETURNS_TO_COUNTER,SERVICE_COUNTER,NONE,,WAITING,NONE,
665,1,NONE,[],"{'CAMERA_1': [], 'CAMERA_2': [], 'CAMERA_3': []}",C_ENTERS,DOOR,NONE,,WAITING,NONE,S_NONE,SERVICE_COUNTER,NONE,,WAITING,NONE,
665,2,NONE,[],"{'CAMERA_1': [], 'CAMERA_2': [], 'CAMERA_3': []}",C_GREETS,MIDDLE,NONE,um excuse me,WAITING,NONE,S_GREETS,MIDDLE,NONE,can I help you?,FACE_TO_FACE,NONE,
665,3,CAMERA_3,['CAMERA_3'],"{'CAMERA_1': [], 'CAMERA_2': [], 'CAMERA_3': []}",C_LOOKING_FOR_A_CAMERA,MIDDLE,NONE,I am looking for camera,FACE_TO_FACE,NONE,S_INTRODUCES_CAMERA,CAMERA_3,,Let me show you this. Here we have the Fujifilm PowerShot ELPH S2800.,PRESENT_X,CAMERA_3,39~68
665,4,CAMERA_3,['CAMERA_3'],"{'CAMERA_1': [], 'CAMERA_2': [], 'CAMERA_3': ['sensor_size']}",C_QUESTION_ABOUT_FEATURE,CAMERA_3,sensor_size,and what is the sensor size,PRESENT_X,CAMERA_3,S_ANSWERS_QUESTION_ABOUT_FEATURE,CAMERA_3,sensor_size,This one has a full frame.,PRESENT_X,CAMERA_3,15~25
665,5,CAMERA_3,['CAMERA_3'],"{'CAMERA_1': [], 'CAMERA_2': [], 'CAMERA_3': ['sensor_size', 'resolution']}",C_QUESTION_ABOUT_FEATURE,CAMERA_3,resolution,how many megapixels is it,PRESENT_X,CAMERA_3,S_ANSWERS_QUESTION_ABOUT_FEATURE,CAMERA_3,resolution,This one has 23.2 megapixels resolution.,PRESENT_X,CAMERA_3,13~28
665,6,CAMERA_3,['CAMERA_3'],"{'CAMERA_1': [], 'CAMERA_2': [], 'CAMERA_3': ['sensor_size', 'resolution', 'settings']}",C_SILENT_OR_BACKCHANNEL,CAMERA_3,NONE,IC,PRESENT_X,CAMERA_3,S_INTRODUCES_FEATURE,CAMERA_3,settings,"This one has manual control and various automatic settings (video modeburst shooting, etc.).",PRESENT_X,CAMERA_3,13~91
665,7,CAMERA_3,['CAMERA_3'],"{'CAMERA_1': [], 'CAMERA_2': [], 'CAMERA_3': ['sensor_size', 'resolution', 'settings', 'effects']}",C_SILENT_OR_BACKCHANNEL,CAMERA_3,NONE,ok,PRESENT_X,CAMERA_3,S_INTRODUCES_FEATURE,CAMERA_3,effects,"This one has 21 photo effects (small face, retro, big eyes, etc.).",PRESENT_X,CAMERA_3,13~65
665,8,CAMERA_3,['CAMERA_3'],"{'CAMERA_1': [], 'CAMERA_2': [], 'CAMERA_3': ['sensor_size', 'resolution', 'settings', 'effects', 'camera_type']}",C_QUESTION_ABOUT_FEATURE,CAMERA_3,camera_type,is this a DSLR camera,PRESENT_X,CAMERA_3,S_ANSWERS_QUESTION_ABOUT_FEATURE,CAMERA_3,camera_type,This is a point and shoot camera.,PRESENT_X,CAMERA_3,10~25
665,9,CAMERA_3,['CAMERA_3'],"{'CAMERA_1': [], 'CAMERA_2': [], 'CAMERA_3': ['sensor_size', 'resolution', 'settings', 'effects', 'camera_type', 'color']}",C_QUESTION_ABOUT_FEATURE,CAMERA_3,color,Does this one come in any other color,PRESENT_X,CAMERA_3,S_ANSWERS_QUESTION_ABOUT_FEATURE,CAMERA_3,color,"This one comes in purple, white, silver, blue, red, or pink.",PRESENT_X,CAMERA_3,18~59
665,10,CAMERA_3,['CAMERA_3'],"{'CAMERA_1': [], 'CAMERA_2': [], 'CAMERA_3': ['sensor_size', 'resolution', 'settings', 'effects', 'camera_type', 'color', 'preset_modes']}",C_QUESTION_ABOUT_FEATURE,CAMERA_3,preset_modes,what does this support for preset mode,PRESENT_X,CAMERA_3,S_ANSWERS_QUESTION_ABOUT_FEATURE,CAMERA_3,preset_modes,This one has various preset modes.,PRESENT_X,CAMERA_3,13~33
665,11,CAMERA_3,['CAMERA_3'],"{'CAMERA_1': [], 'CAMERA_2': [], 'CAMERA_3': ['sensor_size', 'resolution', 'settings', 'effects', 'camera_type', 'color', 'preset_modes', 'ISO']}",C_SILENT_OR_BACKCHANNEL,CAMERA_3,NONE,IC,PRESENT_X,CAMERA_3,S_INTRODUCES_FEATURE,CAMERA_3,ISO,This one has up to 3200 ISO with little noise.,PRESENT_X,CAMERA_3,13~45
665,12,CAMERA_2,"['CAMERA_3', 'CAMERA_2']","{'CAMERA_1': [], 'CAMERA_2': [], 'CAMERA_3': ['sensor_size', 'resolution', 'settings', 'effects', 'camera_type', 'color', 'preset_modes', 'ISO']}",C_ANYTHING_ELSE_AVAILABLE,CAMERA_3,NONE,do you have anything better than this,PRESENT_X,CAMERA_3,S_INTRODUCES_CAMERA,CAMERA_2,,Let me show you this. Here we have the Fujifilm Lumix ILC Camera.,PRESENT_X,CAMERA_2,39~64
665,13,CAMERA_2,"['CAMERA_3', 'CAMERA_2']","{'CAMERA_1': [], 'CAMERA_2': ['sensor_size'], 'CAMERA_3': ['sensor_size', 'resolution', 'settings', 'effects', 'camera_type', 'color', 'preset_modes', 'ISO']}",C_SILENT_OR_BACKCHANNEL,CAMERA_2,NONE,IC,PRESENT_X,CAMERA_2,S_INTRODUCES_FEATURE,CAMERA_2,sensor_size,This one has a 1/2.33 inch sensor.,PRESENT_X,CAMERA_2,15~33
665,14,CAMERA_2,"['CAMERA_3', 'CAMERA_2']","{'CAMERA_1': [], 'CAMERA_2': ['sensor_size', 'autofocus_points'], 'CAMERA_3': ['sensor_size', 'resolution', 'settings', 'effects', 'camera_type', 'color', 'preset_modes', 'ISO']}",C_QUESTION_ABOUT_FEATURE,CAMERA_2,autofocus_points,This one more expensive and it's heavier and it's got less autofocus points,PRESENT_X,CAMERA_2,S_NOT_SURE,CAMERA_2,,I'm not really sure about that.,PRESENT_X,CAMERA_2,
665,15,CAMERA_2,"['CAMERA_3', 'CAMERA_2']","{'CAMERA_1': [], 'CAMERA_2': ['sensor_size', 'autofocus_points', 'long_exposure'], 'CAMERA_3': ['sensor_size', 'resolution', 'settings', 'effects', 'camera_type', 'color', 'preset_modes', 'ISO']}",C_SILENT_OR_BACKCHANNEL,CAMERA_2,NONE,okay good,PRESENT_X,CAMERA_2,S_INTRODUCES_FEATURE,CAMERA_2,long_exposure,This one can take long exposures up to 60 minutes max with bulb mode.,PRESENT_X,CAMERA_2,39~68
665,16,NONE,"['CAMERA_3', 'CAMERA_2']","{'CAMERA_1': [], 'CAMERA_2': ['sensor_size', 'autofocus_points', 'long_exposure'], 'CAMERA_3': ['sensor_size', 'resolution', 'settings', 'effects', 'camera_type', 'color', 'preset_modes', 'ISO']}",C_THANK_YOU,CAMERA_2,NONE,thanks very much,PRESENT_X,CAMERA_2,S_THANK_YOU,CAMERA_2,NONE,thank you very much.,FACE_TO_FACE,NONE,
665,17,NONE,"['CAMERA_3', 'CAMERA_2']","{'CAMERA_1': [], 'CAMERA_2': ['sensor_size', 'autofocus_points', 'long_exposure'], 'CAMERA_3': ['sensor_size', 'resolution', 'settings', 'effects', 'camera_type', 'color', 'preset_modes', 'ISO']}",C_LEAVES,DOOR,NONE,,FACE_TO_FACE,NONE,S_RETURNS_TO_COUNTER,SERVICE_COUNTER,NONE,,WAITING,NONE,
666,1,NONE,[],"{'CAMERA_1': [], 'CAMERA_2': [], 'CAMERA_3': []}",C_ENTERS,DOOR,NONE,,WAITING,NONE,S_NONE,SERVICE_COUNTER,NONE,,WAITING,NONE,
666,2,NONE,[],"{'CAMERA_1': [], 'CAMERA_2': [], 'CAMERA_3': []}",C_WALKS_TO_CAMERA,CAMERA_2,NONE,,WAITING,NONE,S_GREETS,CAMERA_2,NONE,can I help you?,FACE_TO_FACE,NONE,
666,3,CAMERA_3,['CAMERA_3'],"{'CAMERA_1': [], 'CAMERA_2': [], 'CAMERA_3': []}",C_LOOKING_FOR_A_CAMERA,CAMERA_2,NONE,yeah I'm looking for a camera something a little bit trendy,FACE_TO_FACE,NONE,S_INTRODUCES_CAMERA,CAMERA_3,,Let me show you this. Here we have the Fujifilm PowerShot ELPH S2800.,PRESENT_X,CAMERA_3,39~68
666,4,CAMERA_3,['CAMERA_3'],"{'CAMERA_1': [], 'CAMERA_2': [], 'CAMERA_3': ['long_exposure']}",C_QUESTION_ABOUT_FEATURE,CAMERA_3,long_exposure,what's the long exposure,PRESENT_X,CAMERA_3,S_ANSWERS_QUESTION_ABOUT_FEATURE,CAMERA_3,long_exposure,This one can take long exposures up to 30 minutes max with bulb mode.,PRESENT_X,CAMERA_3,39~68
666,5,CAMERA_3,['CAMERA_3'],"{'CAMERA_1': [], 'CAMERA_2': [], 'CAMERA_3': ['long_exposure', 'optical_zoom']}",C_QUESTION_ABOUT_FEATURE,CAMERA_3,optical_zoom,okay an optical zoom what does this,PRESENT_X,CAMERA_3,S_NOT_SURE,CAMERA_3,,I'm not really sure about that.,PRESENT_X,CAMERA_3,
666,6,CAMERA_3,['CAMERA_3'],"{'CAMERA_1': [], 'CAMERA_2': [], 'CAMERA_3': ['long_exposure', 'optical_zoom', 'weight']}",C_SILENT_OR_BACKCHANNEL,CAMERA_3,NONE,that's pretty funky,PRESENT_X,CAMERA_3,S_INTRODUCES_FEATURE,CAMERA_3,weight,This one weighs 820 grams.,PRESENT_X,CAMERA_3,16~25
666,7,CAMERA_3,['CAMERA_3'],"{'CAMERA_1': [], 'CAMERA_2': [], 'CAMERA_3': ['long_exposure', 'optical_zoom', 'weight', 'settings']}",C_QUESTION_ABOUT_FEATURE,CAMERA_3,settings,is this full manual,PRESENT_X,CAMERA_3,S_ANSWERS_QUESTION_ABOUT_FEATURE,CAMERA_3,settings,"This one has manual control and various automatic settings (video modeburst shooting, etc.).",PRESENT_X,CAMERA_3,13~91
666,8,NONE,['CAMERA_3'],"{'CAMERA_1': [], 'CAMERA_2': [], 'CAMERA_3': ['long_exposure', 'optical_zoom', 'weight', 'settings']}",C_THANK_YOU,CAMERA_3,NONE,thank you for your support,PRESENT_X,CAMERA_3,S_THANK_YOU,CAMERA_3,NONE,thank you very much.,FACE_TO_FACE,NONE,
666,9,NONE,['CAMERA_3'],"{'CAMERA_1': [], 'CAMERA_2': [], 'CAMERA_3': ['long_exposure', 'optical_zoom', 'weight', 'settings']}",C_LEAVES,DOOR,NONE,,FACE_TO_FACE,NONE,S_RETURNS_TO_COUNTER,SERVICE_COUNTER,NONE,,WAITING,NONE,
667,1,NONE,[],"{'CAMERA_1': [], 'CAMERA_2': [], 'CAMERA_3': []}",C_ENTERS,DOOR,NONE,,WAITING,NONE,S_NONE,SERVICE_COUNTER,NONE,,WAITING,NONE,
667,2,NONE,[],"{'CAMERA_1': [], 'CAMERA_2': [], 'CAMERA_3': []}",C_WALKS_TO_CAMERA,CAMERA_2,NONE,,WAITING,NONE,S_GREETS,CAMERA_2,NONE,can I help you?,FACE_TO_FACE,NONE,
667,3,CAMERA_3,['CAMERA_3'],"{'CAMERA_1': [], 'CAMERA_2': [], 'CAMERA_3': []}",C_LOOKING_FOR_A_CAMERA,CAMERA_2,NONE,oh hi I'm looking for a new camera I just broke mine,FACE_TO_FACE,NONE,S_INTRODUCES_CAMERA,CAMERA_3,,Let me show you this. Here we have the Fujifilm PowerShot ELPH S2800.,PRESENT_X,CAMERA_3,39~68
667,4,CAMERA_3,['CAMERA_3'],"{'CAMERA_1': [], 'CAMERA_2': [], 'CAMERA_3': ['effects']}",C_SILENT_OR_BACKCHANNEL,CAMERA_3,NONE,okay interesting,PRESENT_X,CAMERA_3,S_INTRODUCES_FEATURE,CAMERA_3,effects,"This one has 21 photo effects (small face, retro, big eyes, etc.).",PRESENT_X,CAMERA_3,13~65
667,5,CAMERA_1,"['CAMERA_3', 'CAMERA_1']","{'CAMERA_1': [], 'CAMERA_2': [], 'CAMERA_3': ['effects']}",C_ANYTHING_ELSE_AVAILABLE,CAMERA_3,NONE,maybe did you have a another camera you recommend,PRESENT_X,CAMERA_3,S_INTRODUCES_CAMERA,CAMERA_1,,Let me show you this. Here we have the Sony PowerShot ELPH DMC-ZS3.,PRESENT_X,CAMERA_1,39~66
667,6,CAMERA_1,"['CAMERA_3', 'CAMERA_1']","{'CAMERA_1': ['price'], 'CAMERA_2': [], 'CAMERA_3': ['effects']}",C_QUESTION_ABOUT_FEATURE,CAMERA_1,price,what is the price of this camera,PRESENT_X,CAMERA_1,S_ANSWERS_QUESTION_ABOUT_FEATURE,CAMERA_1,price,This one costs $450.,PRESENT_X,CAMERA_1,15~19
667,7,CAMERA_1,"['CAMERA_3', 'CAMERA_1']","{'CAMERA_1': ['price', 'weight'], 'CAMERA_2': [], 'CAMERA_3': ['effects']}",C_SILENT_OR_BACKCHANNEL,CAMERA_1,NONE,wow that's pretty impressive,PRESENT_X,CAMERA_1,S_INTRODUCES_FEATURE,CAMERA_1,weight,This one weighs 800 grams.,PRESENT_X,CAMERA_1,16~25
667,8,CAMERA_1,"['CAMERA_3', 'CAMERA_1']","{'CAMERA_1': ['price', 'weight', 'optical_zoom'], 'CAMERA_2': [], 'CAMERA_3': ['effects']}",C_QUESTION_ABOUT_FEATURE,CAMERA_1,optical_zoom,you mention about optical zooms what does that mean can you explain to me,PRESENT_X,CAMERA_1,S_ANSWERS_QUESTION_ABOUT_FEATURE,CAMERA_1,optical_zoom,This one has 21x optical zoom.,PRESENT_X,CAMERA_1,13~29
667,9,CAMERA_2,"['CAMERA_3', 'CAMERA_1', 'CAMERA_2']","{'CAMERA_1': ['price', 'weight', 'optical_zoom'], 'CAMERA_2': [], 'CAMERA_3': ['effects']}",C_ANYTHING_ELSE_AVAILABLE,CAMERA_1,NONE,do you have anything better than this,PRESENT_X,CAMERA_1,S_INTRODUCES_CAMERA,CAMERA_2,,Let me show you this. Here we have the Fujifilm Lumix ILC Camera.,PRESENT_X,CAMERA_2,39~64
667,10,CAMERA_2,"['CAMERA_3', 'CAMERA_1', 'CAMERA_2']","{'CAMERA_1': ['price', 'weight', 'optical_zoom'], 'CAMERA_2': ['preset_modes'], 'CAMERA_3': ['effects']}",C_QUESTION_ABOUT_FEATURE,CAMERA_2,preset_modes,do you have any cameras with landscape night mode and menu settings,PRESENT_X,CAMERA_2,S_NOT_SURE,CAMERA_2,,I'm not really sure about that.,PRESENT_X,CAMERA_2,
667,11,CAMERA_2,"['CAMERA_3', 'CAMERA_1', 'CAMERA_2']","{'CAMERA_1': ['price', 'weight', 'optical_zoom'], 'CAMERA_2': ['preset_modes', 'optical_zoom'], 'CAMERA_3': ['effects']}",C_QUESTION_ABOUT_FEATURE,CAMERA_2,optical_zoom,good good good and it has the optical zoom,PRESENT_X,CAMERA_2,S_ANSWERS_QUESTION_ABOUT_FEATURE,CAMERA_2,optical_zoom,This one has 21x optical zoom.,PRESENT_X,CAMERA_2,13~29
667,12,CAMERA_2,"['CAMERA_3', 'CAMERA_1', 'CAMERA_2']","{'CAMERA_1': ['price', 'weight', 'optical_zoom'], 'CAMERA_2': ['preset_modes', 'optical_zoom', 'weight'], 'CAMERA_3': ['effects']}",C_QUESTION_ABOUT_FEATURE,CAMERA_2,weight,and is it heavy,PRESENT_X,CAMERA_2,S_ANSWERS_QUESTION_ABOUT_FEATURE,CAMERA_2,weight,This one weighs 820 grams.,PRESENT_X,CAMERA_2,16~25
667,13,NONE,"['CAMERA_3', 'CAMERA_1', 'CAMERA_2']","{'CAMERA_1': ['price', 'weight', 'optical_zoom'], 'CAMERA_2': ['preset_modes', 'optical_zoom', 'weight'], 'CAMERA_3': ['effects']}",C_THANK_YOU,CAMERA_2,NONE,thank you,PRESENT_X,CAMERA_2,S_THANK_YOU,CAMERA_2,NONE,thank you very much.,FACE_TO_FACE,NONE,
667,14,NONE,"['CAMERA_3', 'CAMERA_1', 'CAMERA_2']","{'CAMERA_1': ['price', 'weight', 'optical_zoom'], 'CAMERA_2': ['preset_modes', 'optical_zoom', 'weight'], 'CAMERA_3': ['effects']}",C_LEAVES,DOOR,NONE,,FACE_TO_FACE,NONE,S_RETURNS_TO_COUNTER,SERVICE_COUNTER,NONE,,WAITING,NONE,
668,1,NONE,[],"{'CAMERA_1': [], 'CAMERA_2': [], 'CAMERA_3': []}",C_ENTERS,DOOR,NONE,,WAITING,NONE,S_NONE,SERVICE_COUNTER,NONE,,WAITING,NONE,
668,2,NONE,[],"{'CAMERA_1': [], 'CAMERA_2': [], 'CAMERA_3': []}",C_WALKS_TO_CAMERA,CAMERA_3,NONE,,WAITING,NONE,S_GREETS,CAMERA_3,NONE,can I help you?,FACE_TO_FACE,NONE,
668,3,CAMERA_2,['CAMERA_2'],"{'CAMERA_1': [], 'CAMERA_2': [], 'CAMERA_3': []}",C_LOOKING_FOR_A_CAMERA,CAMERA_3,NONE,good afternoon I just graduated from high school am looking to buy a new camera,FACE_TO_FACE,NONE,S_INTRODUCES_CAMERA,CAMERA_2,,Let me show you this. Here we have the Fujifilm Lumix ILC Camera.,PRESENT_X,CAMERA_2,39~64
668,4,CAMERA_2,['CAMERA_2'],"{'CAMERA_1': [], 'CAMERA_2': ['weight'], 'CAMERA_3': []}",C_SILENT_OR_BACKCHANNEL,CAMERA_2,NONE,ok,PRESENT_X,CAMERA_2,S_INTRODUCES_FEATURE,CAMERA_2,weight,This one weighs 820 grams.,PRESENT_X,CAMERA_2,16~25
668,5,CAMERA_2,['CAMERA_2'],"{'CAMERA_1': [], 'CAMERA_2': ['weight', 'optical_zoom'], 'CAMERA_3': []}",C_SILENT_OR_BACKCHANNEL,CAMERA_2,NONE,ok,PRESENT_X,CAMERA_2,S_INTRODUCES_FEATURE,CAMERA_2,optical_zoom,This one has 21x optical zoom.,PRESENT_X,CAMERA_2,13~29
668,6,NONE,['CAMERA_2'],"{'CAMERA_1': [], 'CAMERA_2': ['weight', 'optical_zoom'], 'CAMERA_3': []}",C_THANK_YOU,CAMERA_2,NONE,ok thanks,PRESENT_X,CAMERA_2,S_THANK_YOU,CAMERA_2,NONE,thank you very much.,FACE_TO_FACE,NONE,
668,7,NONE,['CAMERA_2'],"{'CAMERA_1': [], 'CAMERA_2': ['weight', 'optical_zoom'], 'CAMERA_3': []}",C_LEAVES,DOOR,NONE,,FACE_TO_FACE,NONE,S_RETURNS_TO_COUNTER,SERVICE_COUNTER,NONE,,WAITING,NONE,
669,1,NONE,[],"{'CAMERA_1': [], 'CAMERA_2': [], 'CAMERA_3': []}",C_ENTERS,DOOR,NONE,,WAITING,NONE,S_NONE,SERVICE_COUNTER,NONE,,WAITING,NONE,
669,2,NONE,[],"{'CAMERA_1': [], 'CAMERA_2': [], 'CAMERA_3': []}",C_GREETS,MIDDLE,NONE,excuse me,WAITING,NONE,S_GREETS,MIDDLE,NONE,can I help you?,FACE_TO_FACE,NONE,
669,3,CAMERA_2,['CAMERA_2'],"{'CAMERA_1': [], 'CAMERA_2': [], 'CAMERA_3': []}",C_LOOKING_FOR_A_CAMERA,MIDDLE,NONE,I'm looking for a camera,FACE_TO_FACE,NONE,S_INTRODUCES_CAMERA,CAMERA_2,,Let me show you this. Here we have the Fujifilm Lumix ILC Camera.,PRESENT_X,CAMERA_2,39~64
669,4,CAMERA_2,['CAMERA_2'],"{'CAMERA_1': [], 'CAMERA_2': ['effects'], 'CAMERA_3': []}",C_QUESTION_ABOUT_FEATURE,CAMERA_2,effects,okay good I'm going to take this as autistic effect mode what does that mean exactly,PRESENT_X,CAMERA_2,S_ANSWERS_QUESTION_ABOUT_FEATURE,CAMERA_2,effects,"This one has 24 artistic effect modes (retro, lighter or darker skin tones, sepia, etc.).",PRESENT_X,CAMERA_2,13~88
669,5,CAMERA_2,['CAMERA_2'],"{'CAMERA_1': [], 'CAMERA_2': ['effects', 'autofocus_points'], 'CAMERA_3': []}",C_QUESTION_ABOUT_FEATURE,CAMERA_2,autofocus_points,and the autofocus points,PRESENT_X,CAMERA_2,S_NOT_SURE,CAMERA_2,,I'm not really sure about that.,PRESENT_X,CAMERA_2,
669,6,CAMERA_2,['CAMERA_2'],"{'CAMERA_1': [], 'CAMERA_2': ['effects', 'autofocus_points', 'color'], 'CAMERA_3': []}",C_QUESTION_ABOUT_FEATURE,CAMERA_2,color,does this thing on camera and they come in silver color,PRESENT_X,CAMERA_2,S_ANSWERS_QUESTION_ABOUT_FEATURE,CAMERA_2,color,This one comes in white or pink.,PRESENT_X,CAMERA_2,18~31
669,7,NONE,['CAMERA_2'],"{'CAMERA_1': [], 'CAMERA_2': ['effects', 'autofocus_points', 'color'], 'CAMERA_3': []}",C_THANK_YOU,CAMERA_2,NONE,thank you for your help,PRESENT_X,CAMERA_2,S_THANK_YOU,CAMERA_2,NONE,thank you very much.,FACE_TO_FACE,NONE,
669,8,NONE,['CAMERA_2'],"{'CAMERA_1': [], 'CAMERA_2': ['effects', 'autofocus_points', 'color'], 'CAMERA_3': []}",C_LEAVES,DOOR,NONE,,FACE_TO_FACE,NONE,S_RETURNS_TO_COUNTER,SERVICE_COUNTER,NONE,,WAITING,NONE,
670,1,NONE,[],"{'CAMERA_1': [], 'CAMERA_2': [], 'CAMERA_3': []}",C_ENTERS,DOOR,NONE,,WAITING,NONE,S_NONE,SERVICE_COUNTER,NONE,,WAITING,NONE,
670,2,NONE,[],"{'CAMERA_1': [], 'CAMERA_2': [], 'CAMERA_3': []}",C_WALKS_TO_CAMERA,CAMERA_1,NONE,,WAITING,NONE,S_GREETS,CAMERA_1,NONE,can I help you?,FACE_TO_FACE,NONE,
670,3,CAMERA_3,['CAMERA_3'],"{'CAMERA_1': [], 'CAMERA_2': [], 'CAMERA_3': []}",C_LOOKING_FOR_A_CAMERA,CAMERA_1,NONE,I'm just looking for a camera,FACE_TO_FACE,NONE,S_INTRODUCES_CAMERA,CAMERA_3,,Let me show you this. Here we have the Fujifilm PowerShot ELPH S2800.,PRESENT_X,CAMERA_3,39~68
670,4,CAMERA_3,['CAMERA_3'],"{'CAMERA_1': [], 'CAMERA_2': [], 'CAMERA_3': ['weight']}",C_QUESTION_ABOUT_FEATURE,CAMERA_3,weight,is it heavy though,PRESENT_X,CAMERA_3,S_ANSWERS_QUESTION_ABOUT_FEATURE,CAMERA_3,weight,This one weighs 820 grams.,PRESENT_X,CAMERA_3,16~25
670,5,CAMERA_3,['CAMERA_3'],"{'CAMERA_1': [], 'CAMERA_2': [], 'CAMERA_3': ['weight', 'long_exposure']}",C_QUESTION_ABOUT_FEATURE,CAMERA_3,long_exposure,what's the long exposure like,PRESENT_X,CAMERA_3,S_ANSWERS_QUESTION_ABOUT_FEATURE,CAMERA_3,long_exposure,This one can take long exposures up to 30 minutes max with bulb mode.,PRESENT_X,CAMERA_3,39~68
670,6,CAMERA_3,['CAMERA_3'],"{'CAMERA_1': [], 'CAMERA_2': [], 'CAMERA_3': ['weight', 'long_exposure', 'settings']}",C_QUESTION_ABOUT_FEATURE,CAMERA_3,settings,nice and what about the mental settings,PRESENT_X,CAMERA_3,S_ANSWERS_QUESTION_ABOUT_FEATURE,CAMERA_3,settings,"This one has manual control and various automatic settings (video modeburst shooting, etc.).",PRESENT_X,CAMERA_3,13~91
670,7,CAMERA_3,['CAMERA_3'],"{'CAMERA_1': [], 'CAMERA_2': [], 'CAMERA_3': ['weight', 'long_exposure', 'settings', 'autofocus_points']}",C_SILENT_OR_BACKCHANNEL,CAMERA_3,NONE,very nice what colors does it come,PRESENT_X,CAMERA_3,S_INTRODUCES_FEATURE,CAMERA_3,autofocus_points,This one has 214 autofocus points.,PRESENT_X,CAMERA_3,13~33
670,8,CAMERA_3,['CAMERA_3'],"{'CAMERA_1': [], 'CAMERA_2': [], 'CAMERA_3': ['weight', 'long_exposure', 'settings', 'autofocus_points', 'sensor_size']}",C_QUESTION_ABOUT_FEATURE,CAMERA_3,sensor_size,what about the sensor size,PRESENT_X,CAMERA_3,S_ANSWERS_QUESTION_ABOUT_FEATURE,CAMERA_3,sensor_size,This one has a full frame.,PRESENT_X,CAMERA_3,15~25
670,9,CAMERA_3,['CAMERA_3'],"{'CAMERA_1': [], 'CAMERA_2': [], 'CAMERA_3': ['weight', 'long_exposure', 'settings', 'autofocus_points', 'sensor_size', 'price']}",C_QUESTION_ABOUT_FEATURE,CAMERA_3,price,Oregon how much does it cost,PRESENT_X,CAMERA_3,S_ANSWERS_QUESTION_ABOUT_FEATURE,CAMERA_3,price,This one costs $518.,PRESENT_X,CAMERA_3,15~19
670,10,CAMERA_1,"['CAMERA_3', 'CAMERA_1']","{'CAMERA_1': [], 'CAMERA_2': [], 'CAMERA_3': ['weight', 'long_exposure', 'settings', 'autofocus_points', 'sensor_size', 'price']}",C_ANYTHING_ELSE_AVAILABLE,CAMERA_3,NONE,maybe did you have a another camera you recommend,PRESENT_X,CAMERA_3,S_INTRODUCES_CAMERA,CAMERA_1,,Let me show you this. Here we have the Sony PowerShot ELPH DMC-ZS3.,PRESENT_X,CAMERA_1,39~66
670,11,CAMERA_1,"['CAMERA_3', 'CAMERA_1']","{'CAMERA_1': ['weight'], 'CAMERA_2': [], 'CAMERA_3': ['weight', 'long_exposure', 'settings', 'autofocus_points', 'sensor_size', 'price']}",C_QUESTION_ABOUT_FEATURE,CAMERA_1,weight,what about its weight,PRESENT_X,CAMERA_1,S_ANSWERS_QUESTION_ABOUT_FEATURE,CAMERA_1,weight,This one weighs 800 grams.,PRESENT_X,CAMERA_1,16~25
670,12,NONE,"['CAMERA_3', 'CAMERA_1']","{'CAMERA_1': ['weight'], 'CAMERA_2': [], 'CAMERA_3': ['weight', 'long_exposure', 'settings', 'autofocus_points', 'sensor_size', 'price']}",C_THANK_YOU,CAMERA_1,NONE,thank you for your time,PRESENT_X,CAMERA_1,S_THANK_YOU,CAMERA_1,NONE,thank you very much.,FACE_TO_FACE,NONE,
670,13,NONE,"['CAMERA_3', 'CAMERA_1']","{'CAMERA_1': ['weight'], 'CAMERA_2': [], 'CAMERA_3': ['weight', 'long_exposure', 'settings', 'autofocus_points', 'sensor_size', 'price']}",C_LEAVES,DOOR,NONE,,FACE_TO_FACE,NONE,S_RETURNS_TO_COUNTER,SERVICE_COUNTER,NONE,,WAITING,NONE,
671,1,NONE,[],"{'CAMERA_1': [], 'CAMERA_2': [], 'CAMERA_3': []}",C_ENTERS,DOOR,NONE,,WAITING,NONE,S_NONE,SERVICE_COUNTER,NONE,,WAITING,NONE,
671,2,NONE,[],"{'CAMERA_1': [], 'CAMERA_2': [], 'CAMERA_3': []}",C_GREETS,MIDDLE,NONE,Excuse Me Miss,WAITING,NONE,S_GREETS,MIDDLE,NONE,can I help you?,FACE_TO_FACE,NONE,
671,3,CAMERA_2,['CAMERA_2'],"{'CAMERA_1': [], 'CAMERA_2': [], 'CAMERA_3': []}",C_LOOKING_FOR_A_CAMERA,MIDDLE,NONE,hi good afternoon I'm looking to buy a new camera that if it continues portable,FACE_TO_FACE,NONE,S_INTRODUCES_CAMERA,CAMERA_2,,Let me show you this. Here we have the Fujifilm Lumix ILC Camera.,PRESENT_X,CAMERA_2,39~64
671,4,CAMERA_2,['CAMERA_2'],"{'CAMERA_1': [], 'CAMERA_2': ['sensor_size'], 'CAMERA_3': []}",C_SILENT_OR_BACKCHANNEL,CAMERA_2,NONE,ok ok,PRESENT_X,CAMERA_2,S_INTRODUCES_FEATURE,CAMERA_2,sensor_size,This one has a 1/2.33 inch sensor.,PRESENT_X,CAMERA_2,15~33
671,5,CAMERA_1,"['CAMERA_2', 'CAMERA_1']","{'CAMERA_1': [], 'CAMERA_2': ['sensor_size'], 'CAMERA_3': []}",C_ANYTHING_ELSE_AVAILABLE,CAMERA_2,NONE,okay do you have any other cameras I might be interested,PRESENT_X,CAMERA_2,S_INTRODUCES_CAMERA,CAMERA_1,,Let me show you this. Here we have the Sony PowerShot ELPH DMC-ZS3.,PRESENT_X,CAMERA_1,39~66
671,6,CAMERA_1,"['CAMERA_2', 'CAMERA_1']","{'CAMERA_1': ['effects'], 'CAMERA_2': ['sensor_size'], 'CAMERA_3': []}",C_QUESTION_ABOUT_FEATURE,CAMERA_1,effects,what's an example of one of the effects,PRESENT_X,CAMERA_1,S_ANSWERS_QUESTION_ABOUT_FEATURE,CAMERA_1,effects,"This one has 24 glamor retouch effects (miniature, retro, toy camera, etc.).",PRESENT_X,CAMERA_1,13~75
671,7,CAMERA_1,"['CAMERA_2', 'CAMERA_1']","{'CAMERA_1': ['effects', 'long_exposure'], 'CAMERA_2': ['sensor_size'], 'CAMERA_3': []}",C_SILENT_OR_BACKCHANNEL,CAMERA_1,NONE,ok,PRESENT_X,CAMERA_1,S_INTRODUCES_FEATURE,CAMERA_1,long_exposure,This one can take long exposures up to up to 15 seconds with Long Shutter Mode.,PRESENT_X,CAMERA_1,39~78
671,8,NONE,"['CAMERA_2', 'CAMERA_1']","{'CAMERA_1': ['effects', 'long_exposure'], 'CAMERA_2': ['sensor_size'], 'CAMERA_3': []}",C_THANK_YOU,CAMERA_1,NONE,okay thanks a lot,PRESENT_X,CAMERA_1,S_THANK_YOU,CAMERA_1,NONE,thank you very much.,FACE_TO_FACE,NONE,
671,9,NONE,"['CAMERA_2', 'CAMERA_1']","{'CAMERA_1': ['effects', 'long_exposure'], 'CAMERA_2': ['sensor_size'], 'CAMERA_3': []}",C_LEAVES,DOOR,NONE,,FACE_TO_FACE,NONE,S_RETURNS_TO_COUNTER,SERVICE_COUNTER,NONE,,WAITING,NONE,
672,1,NONE,[],"{'CAMERA_1': [], 'CAMERA_2': [], 'CAMERA_3': []}",C_ENTERS,DOOR,NONE,,WAITING,NONE,S_NONE,SERVICE_COUNTER,NONE,,WAITING,NONE,
672,2,NONE,[],"{'CAMERA_1': [], 'CAMERA_2': [], 'CAMERA_3': []}",C_WALKS_TO_CAMERA,CAMERA_2,NONE,,WAITING,NONE,S_GREETS,CAMERA_2,NONE,can I help you?,FACE_TO_FACE,NONE,
672,3,CAMERA_1,['CAMERA_1'],"{'CAMERA_1': [], 'CAMERA_2': [], 'CAMERA_3': []}",C_LOOKING_FOR_A_CAMERA,CAMERA_2,NONE,I want to buy I want to buy a camera but I'm not sure which I need,FACE_TO_FACE,NONE,S_INTRODUCES_CAMERA,CAMERA_1,,Let me show you this. Here we have the Sony PowerShot ELPH DMC-ZS3.,PRESENT_X,CAMERA_1,39~66
672,4,CAMERA_1,['CAMERA_1'],"{'CAMERA_1': ['color'], 'CAMERA_2': [], 'CAMERA_3': []}",C_SILENT_OR_BACKCHANNEL,CAMERA_1,NONE,okay,PRESENT_X,CAMERA_1,S_INTRODUCES_FEATURE,CAMERA_1,color,This one comes in blue or black.,PRESENT_X,CAMERA_1,18~31
672,5,CAMERA_1,['CAMERA_1'],"{'CAMERA_1': ['color', 'weight'], 'CAMERA_2': [], 'CAMERA_3': []}",C_SILENT_OR_BACKCHANNEL,CAMERA_1,NONE,I see so this is very nice accusing,PRESENT_X,CAMERA_1,S_INTRODUCES_FEATURE,CAMERA_1,weight,This one weighs 800 grams.,PRESENT_X,CAMERA_1,16~25
672,6,CAMERA_1,['CAMERA_1'],"{'CAMERA_1': ['color', 'weight', 'preset_modes'], 'CAMERA_2': [], 'CAMERA_3': []}",C_QUESTION_ABOUT_FEATURE,CAMERA_1,preset_modes,does it have any preset modes,PRESENT_X,CAMERA_1,S_NOT_SURE,CAMERA_1,,I'm not really sure about that.,PRESENT_X,CAMERA_1,
672,7,CAMERA_1,['CAMERA_1'],"{'CAMERA_1': ['color', 'weight', 'preset_modes', 'camera_type'], 'CAMERA_2': [], 'CAMERA_3': []}",C_SILENT_OR_BACKCHANNEL,CAMERA_1,NONE,okay interesting,PRESENT_X,CAMERA_1,S_INTRODUCES_FEATURE,CAMERA_1,camera_type,This is a DSLR camera.,PRESENT_X,CAMERA_1,10~14
672,8,NONE,['CAMERA_1'],"{'CAMERA_1': ['color', 'weight', 'preset_modes', 'camera_type'], 'CAMERA_2': [], 'CAMERA_3': []}",C_THANK_YOU,CAMERA_1,NONE,oh okay thank you very much have a good day,PRESENT_X,CAMERA_1,S_THANK_YOU,CAMERA_1,NONE,thank you very much.,FACE_TO_FACE,NONE,
672,9,NONE,['CAMERA_1'],"{'CAMERA_1': ['color', 'weight', 'preset_modes', 'camera_type'], 'CAMERA_2': [], 'CAMERA_3': []}",C_LEAVES,DOOR,NONE,,FACE_TO_FACE,NONE,S_RETURNS_TO_COUNTER,SERVICE_COUNTER,NONE,,WAITING,NONE,
673,1,NONE,[],"{'CAMERA_1': [], 'CAMERA_2': [], 'CAMERA_3': []}",C_ENTERS,DOOR,NONE,,WAITING,NONE,S_NONE,SERVICE_COUNTER,NONE,,WAITING,NONE,
673,2,NONE,[],"{'CAMERA_1': [], 'CAMERA_2': [], 'CAMERA_3': []}",C_WALKS_TO_CAMERA,CAMERA_1,NONE,,WAITING,NONE,S_NONE,SERVICE_COUNTER,NONE,,WAITING,NONE,
673,3,NONE,[],"{'CAMERA_1': [], 'CAMERA_2': [], 'CAMERA_3': []}",C_EXAMINES_CAMERA,CAMERA_1,NONE,,WAITING,NONE,S_NONE,SERVICE_COUNTER,NONE,,WAITING,NONE,
673,4,CAMERA_1,['CAMERA_1'],"{'CAMERA_1': ['settings'], 'CAMERA_2': [], 'CAMERA_3': []}",C_QUESTION_ABOUT_FEATURE,CAMERA_1,settings,is this one manual,WAITING,NONE,S_ANSWERS_QUESTION_ABOUT_FEATURE,CAMERA_1,settings,This one has limited manual settings.,PRESENT_X,CAMERA_1,13~36
673,5,CAMERA_1,['CAMERA_1'],"{'CAMERA_1': ['settings', 'preset_modes'], 'CAMERA_2': [], 'CAMERA_3': []}",C_QUESTION_ABOUT_FEATURE,CAMERA_1,preset_modes,does he have any menu settings at all,PRESENT_X,CAMERA_1,S_NOT_SURE,CAMERA_1,,I'm not really sure about that.,PRESENT_X,CAMERA_1,
673,6,CAMERA_1,['CAMERA_1'],"{'CAMERA_1': ['settings', 'preset_modes', 'color'], 'CAMERA_2': [], 'CAMERA_3': []}",C_SILENT_OR_BACKCHANNEL,CAMERA_1,NONE,ok,PRESENT_X,CAMERA_1,S_INTRODUCES_FEATURE,CAMERA_1,color,This one comes in blue or black.,PRESENT_X,CAMERA_1,18~31
673,7,CAMERA_1,['CAMERA_1'],"{'CAMERA_1': ['settings', 'preset_modes', 'color', 'sensor_size'], 'CAMERA_2': [], 'CAMERA_3': []}",C_QUESTION_ABOUT_FEATURE,CAMERA_1,sensor_size,synthesize of this camera,PRESENT_X,CAMERA_1,S_ANSWERS_QUESTION_ABOUT_FEATURE,CAMERA_1,sensor_size,This one has a 1/2.3 inch CMOS sensor.,PRESENT_X,CAMERA_1,15~37
673,8,CAMERA_1,['CAMERA_1'],"{'CAMERA_1': ['settings', 'preset_modes', 'color', 'sensor_size', 'price'], 'CAMERA_2': [], 'CAMERA_3': []}",C_SILENT_OR_BACKCHANNEL,CAMERA_1,NONE,ok not too bad not too bad,PRESENT_X,CAMERA_1,S_INTRODUCES_FEATURE,CAMERA_1,price,This one costs $450.,PRESENT_X,CAMERA_1,15~19
673,9,CAMERA_1,['CAMERA_1'],"{'CAMERA_1': ['settings', 'preset_modes', 'color', 'sensor_size', 'price', 'long_exposure'], 'CAMERA_2': [], 'CAMERA_3': []}",C_SILENT_OR_BACKCHANNEL,CAMERA_1,NONE,ok,PRESENT_X,CAMERA_1,S_INTRODUCES_FEATURE,CAMERA_1,long_exposure,This one can take long exposures up to up to 15 seconds with Long Shutter Mode.,PRESENT_X,CAMERA_1,39~78
673,10,CAMERA_1,['CAMERA_1'],"{'CAMERA_1': ['settings', 'preset_modes', 'color', 'sensor_size', 'price', 'long_exposure', 'camera_type'], 'CAMERA_2': [], 'CAMERA_3': []}",C_QUESTION_ABOUT_FEATURE,CAMERA_1,camera_type,is this a DSLR camera,PRESENT_X,CAMERA_1,S_ANSWERS_QUESTION_ABOUT_FEATURE,CAMERA_1,camera_type,This is a DSLR camera.,PRESENT_X,CAMERA_1,10~14
673,11,CAMERA_1,['CAMERA_1'],"{'CAMERA_1': ['settings', 'preset_modes', 'color', 'sensor_size', 'price', 'long_exposure', 'camera_type', 'optical_zoom'], 'CAMERA_2': [], 'CAMERA_3': []}",C_QUESTION_ABOUT_FEATURE,CAMERA_1,optical_zoom,can I lick a zoom in,PRESENT_X,CAMERA_1,S_ANSWERS_QUESTION_ABOUT_FEATURE,CAMERA_1,optical_zoom,This one has 21x optical zoom.,PRESENT_X,CAMERA_1,13~29
673,12,CAMERA_1,['CAMERA_1'],"{'CAMERA_1': ['settings', 'preset_modes', 'color', 'sensor_size', 'price', 'long_exposure', 'camera_type', 'optical_zoom', 'ISO'], 'CAMERA_2': [], 'CAMERA_3': []}",C_QUESTION_ABOUT_FEATURE,CAMERA_1,ISO,great under how about the ISO,PRESENT_X,CAMERA_1,S_ANSWERS_QUESTION_ABOUT_FEATURE,CAMERA_1,ISO,This one has up to 51200 ISO.,PRESENT_X,CAMERA_1,13~28
673,13,NONE,['CAMERA_1'],"{'CAMERA_1': ['settings', 'preset_modes', 'color', 'sensor_size', 'price', 'long_exposure', 'camera_type', 'optical_zoom', 'ISO'], 'CAMERA_2': [], 'CAMERA_3': []}",C_THANK_YOU,CAMERA_1,NONE,alright thank you,PRESENT_X,CAMERA_1,S_THANK_YOU,CAMERA_1,NONE,thank you very much.,FACE_TO_FACE,NONE,
673,14,NONE,['CAMERA_1'],"{'CAMERA_1': ['settings', 'preset_modes', 'color', 'sensor_size', 'price', 'long_exposure', 'camera_type', 'optical_zoom', 'ISO'], 'CAMERA_2': [], 'CAMERA_3': []}",C_LEAVES,DOOR,NONE,,FACE_TO_FACE,NONE,S_RETURNS_TO_COUNTER,SERVICE_COUNTER,NONE,,WAITING,NONE,
674,1,NONE,[],"{'CAMERA_1': [], 'CAMERA_2': [], 'CAMERA_3': []}",C_ENTERS,DOOR,NONE,,WAITING,NONE,S_NONE,SERVICE_COUNTER,NONE,,WAITING,NONE,
674,2,NONE,[],"{'CAMERA_1': [], 'CAMERA_2': [], 'CAMERA_3': []}",C_GREETS,MIDDLE,NONE,Excuse me,WAITING,NONE,S_GREETS,MIDDLE,NONE,can I help you?,FACE_TO_FACE,NONE,
674,3,CAMERA_2,['CAMERA_2'],"{'CAMERA_1': [], 'CAMERA_2': [], 'CAMERA_3': []}",C_LOOKING_FOR_A_CAMERA,MIDDLE,NONE,I'm looking for daily use camera,FACE_TO_FACE,NONE,S_INTRODUCES_CAMERA,CAMERA_2,,Let me show you this. Here we have the Fujifilm Lumix ILC Camera.,PRESENT_X,CAMERA_2,39~64
674,4,CAMERA_2,['CAMERA_2'],"{'CAMERA_1': [], 'CAMERA_2': ['camera_type'], 'CAMERA_3': []}",C_SILENT_OR_BACKCHANNEL,CAMERA_2,NONE,sounds good,PRESENT_X,CAMERA_2,S_INTRODUCES_FEATURE,CAMERA_2,camera_type,This is a digital single lens mirrorless camera.,PRESENT_X,CAMERA_2,10~40
674,5,CAMERA_2,['CAMERA_2'],"{'CAMERA_1': [], 'CAMERA_2': ['camera_type', 'long_exposure'], 'CAMERA_3': []}",C_SILENT_OR_BACKCHANNEL,CAMERA_2,NONE,okay that sounds great,PRESENT_X,CAMERA_2,S_INTRODUCES_FEATURE,CAMERA_2,long_exposure,This one can take long exposures up to 60 minutes max with bulb mode.,PRESENT_X,CAMERA_2,39~68
674,6,CAMERA_2,['CAMERA_2'],"{'CAMERA_1': [], 'CAMERA_2': ['camera_type', 'long_exposure', 'color'], 'CAMERA_3': []}",C_QUESTION_ABOUT_FEATURE,CAMERA_2,color,What kind of colors do you have available for this summer,PRESENT_X,CAMERA_2,S_ANSWERS_QUESTION_ABOUT_FEATURE,CAMERA_2,color,This one comes in white or pink.,PRESENT_X,CAMERA_2,18~31
674,7,CAMERA_2,['CAMERA_2'],"{'CAMERA_1': [], 'CAMERA_2': ['camera_type', 'long_exposure', 'color', 'price'], 'CAMERA_3': []}",C_SILENT_OR_BACKCHANNEL,CAMERA_2,NONE,okay,PRESENT_X,CAMERA_2,S_INTRODUCES_FEATURE,CAMERA_2,price,This one costs $768.,PRESENT_X,CAMERA_2,15~19
674,8,CAMERA_2,['CAMERA_2'],"{'CAMERA_1': [], 'CAMERA_2': ['camera_type', 'long_exposure', 'color', 'price', 'ISO'], 'CAMERA_3': []}",C_QUESTION_ABOUT_FEATURE,CAMERA_2,ISO,alright and uh how about the iso setting,PRESENT_X,CAMERA_2,S_NOT_SURE,CAMERA_2,,I'm not really sure about that.,PRESENT_X,CAMERA_2,
674,9,NONE,['CAMERA_2'],"{'CAMERA_1': [], 'CAMERA_2': ['camera_type', 'long_exposure', 'color', 'price', 'ISO'], 'CAMERA_3': []}",C_THANK_YOU,CAMERA_2,NONE,I see that seems really hard alright thanks very much,PRESENT_X,CAMERA_2,S_THANK_YOU,CAMERA_2,NONE,thank you very much.,FACE_TO_FACE,NONE,
674,10,NONE,['CAMERA_2'],"{'CAMERA_1': [], 'CAMERA_2': ['camera_type', 'long_exposure', 'color', 'price', 'ISO'], 'CAMERA_3': []}",C_LEAVES,DOOR,NONE,,FACE_TO_FACE,NONE,S_RETURNS_TO_COUNTER,SERVICE_COUNTER,NONE,,WAITING,NONE,
675,1,NONE,[],"{'CAMERA_1': [], 'CAMERA_2': [], 'CAMERA_3': []}",C_ENTERS,DOOR,NONE,,WAITING,NONE,S_NONE,SERVICE_COUNTER,NONE,,WAITING,NONE,
675,2,NONE,[],"{'CAMERA_1': [], 'CAMERA_2': [], 'CAMERA_3': []}",C_WALKS_TO_CAMERA,CAMERA_3,NONE,,WAITING,NONE,S_GREETS,CAMERA_3,NONE,can I help you?,FACE_TO_FACE,NONE,
675,3,CAMERA_1,['CAMERA_1'],"{'CAMERA_1': [], 'CAMERA_2': [], 'CAMERA_3': []}",C_LOOKING_FOR_A_CAMERA,CAMERA_3,NONE,I'm looking for camera to take family pictures,FACE_TO_FACE,NONE,S_INTRODUCES_CAMERA,CAMERA_1,,Let me show you this. Here we have the Sony PowerShot ELPH DMC-ZS3.,PRESENT_X,CAMERA_1,39~66
675,4,CAMERA_1,['CAMERA_1'],"{'CAMERA_1': ['resolution'], 'CAMERA_2': [], 'CAMERA_3': []}",C_SILENT_OR_BACKCHANNEL,CAMERA_1,NONE,i see,PRESENT_X,CAMERA_1,S_INTRODUCES_FEATURE,CAMERA_1,resolution,This one has 17.8 megapixels resolution.,PRESENT_X,CAMERA_1,13~28
675,5,CAMERA_2,"['CAMERA_1', 'CAMERA_2']","{'CAMERA_1': ['resolution'], 'CAMERA_2': [], 'CAMERA_3': []}",C_ANYTHING_ELSE_AVAILABLE,CAMERA_1,NONE,do you have any other cameras like this,PRESENT_X,CAMERA_1,S_INTRODUCES_CAMERA,CAMERA_2,,Let me show you this. Here we have the Fujifilm Lumix ILC Camera.,PRESENT_X,CAMERA_2,39~64
675,6,CAMERA_2,"['CAMERA_1', 'CAMERA_2']","{'CAMERA_1': ['resolution'], 'CAMERA_2': ['preset_modes'], 'CAMERA_3': []}",C_QUESTION_ABOUT_FEATURE,CAMERA_2,preset_modes,is the other one with menu settings is that lighter or heavier than its camera,PRESENT_X,CAMERA_2,S_NOT_SURE,CAMERA_2,,I'm not really sure about that.,PRESENT_X,CAMERA_2,
675,7,CAMERA_2,"['CAMERA_1', 'CAMERA_2']","{'CAMERA_1': ['resolution'], 'CAMERA_2': ['preset_modes', 'camera_type'], 'CAMERA_3': []}",C_SILENT_OR_BACKCHANNEL,CAMERA_2,NONE,Oh that'd be great I really want to try it before buying it,PRESENT_X,CAMERA_2,S_INTRODUCES_FEATURE,CAMERA_2,camera_type,This is a digital single lens mirrorless camera.,PRESENT_X,CAMERA_2,10~40
675,8,CAMERA_2,"['CAMERA_1', 'CAMERA_2']","{'CAMERA_1': ['resolution'], 'CAMERA_2': ['preset_modes', 'camera_type', 'price'], 'CAMERA_3': []}",C_QUESTION_ABOUT_FEATURE,CAMERA_2,price,and how much is this one,PRESENT_X,CAMERA_2,S_ANSWERS_QUESTION_ABOUT_FEATURE,CAMERA_2,price,This one costs $768.,PRESENT_X,CAMERA_2,15~19
675,9,CAMERA_2,"['CAMERA_1', 'CAMERA_2']","{'CAMERA_1': ['resolution'], 'CAMERA_2': ['preset_modes', 'camera_type', 'price', 'color'], 'CAMERA_3': []}",C_QUESTION_ABOUT_FEATURE,CAMERA_2,color,when does this come in another color,PRESENT_X,CAMERA_2,S_ANSWERS_QUESTION_ABOUT_FEATURE,CAMERA_2,color,This one comes in white or pink.,PRESENT_X,CAMERA_2,18~31
675,10,CAMERA_2,"['CAMERA_1', 'CAMERA_2']","{'CAMERA_1': ['resolution'], 'CAMERA_2': ['preset_modes', 'camera_type', 'price', 'color', 'long_exposure'], 'CAMERA_3': []}",C_QUESTION_ABOUT_FEATURE,CAMERA_2,long_exposure,what's the long exposure like,PRESENT_X,CAMERA_2,S_ANSWERS_QUESTION_ABOUT_FEATURE,CAMERA_2,long_exposure,This one can take long exposures up to 60 minutes max with bulb mode.,PRESENT_X,CAMERA_2,39~68
675,11,CAMERA_2,"['CAMERA_1', 'CAMERA_2']","{'CAMERA_1': ['resolution'], 'CAMERA_2': ['preset_modes', 'camera_type', 'price', 'color', 'long_exposure', 'resolution'], 'CAMERA_3': []}",C_QUESTION_ABOUT_FEATURE,CAMERA_2,resolution,how many megapixels does it have,PRESENT_X,CAMERA_2,S_ANSWERS_QUESTION_ABOUT_FEATURE,CAMERA_2,resolution,This one has 23.8 megapixels resolution.,PRESENT_X,CAMERA_2,13~28
675,12,CAMERA_2,"['CAMERA_1', 'CAMERA_2']","{'CAMERA_1': ['resolution'], 'CAMERA_2': ['preset_modes', 'camera_type', 'price', 'color', 'long_exposure', 'resolution', 'settings'], 'CAMERA_3': []}",C_SILENT_OR_BACKCHANNEL,CAMERA_2,NONE,not too bad,PRESENT_X,CAMERA_2,S_INTRODUCES_FEATURE,CAMERA_2,settings,"This one has manual control and various automatic settings (video modeburst shooting, etc.).",PRESENT_X,CAMERA_2,13~91
675,13,CAMERA_2,"['CAMERA_1', 'CAMERA_2']","{'CAMERA_1': ['resolution'], 'CAMERA_2': ['preset_modes', 'camera_type', 'price', 'color', 'long_exposure', 'resolution', 'settings', 'weight'], 'CAMERA_3': []}",C_QUESTION_ABOUT_FEATURE,CAMERA_2,weight,and how much this one way,PRESENT_X,CAMERA_2,S_ANSWERS_QUESTION_ABOUT_FEATURE,CAMERA_2,weight,This one weighs 820 grams.,PRESENT_X,CAMERA_2,16~25
675,14,CAMERA_2,"['CAMERA_1', 'CAMERA_2']","{'CAMERA_1': ['resolution'], 'CAMERA_2': ['preset_modes', 'camera_type', 'price', 'color', 'long_exposure', 'resolution', 'settings', 'weight', 'sensor_size'], 'CAMERA_3': []}",C_SILENT_OR_BACKCHANNEL,CAMERA_2,NONE,ok,PRESENT_X,CAMERA_2,S_INTRODUCES_FEATURE,CAMERA_2,sensor_size,This one has a 1/2.33 inch sensor.,PRESENT_X,CAMERA_2,15~33
675,15,NONE,"['CAMERA_1', 'CAMERA_2']","{'CAMERA_1': ['resolution'], 'CAMERA_2': ['preset_modes', 'camera_type', 'price', 'color', 'long_exposure', 'resolution', 'settings', 'weight', 'sensor_size'], 'CAMERA_3': []}",C_THANK_YOU,CAMERA_2,NONE,thank you very much and I see you on Sunday,PRESENT_X,CAMERA_2,S_THANK_YOU,CAMERA_2,NONE,thank you very much.,FACE_TO_FACE,NONE,
675,16,NONE,"['CAMERA_1', 'CAMERA_2']","{'CAMERA_1': ['resolution'], 'CAMERA_2': ['preset_modes', 'camera_type', 'price', 'color', 'long_exposure', 'resolution', 'settings', 'weight', 'sensor_size'], 'CAMERA_3': []}",C_LEAVES,DOOR,NONE,,FACE_TO_FACE,NONE,S_RETURNS_TO_COUNTER,SERVICE_COUNTER,NONE,,WAITING,NONE,
676,1,NONE,[],"{'CAMERA_1': [], 'CAMERA_2': [], 'CAMERA_3': []}",C_ENTERS,DOOR,NONE,,WAITING,NONE,S_NONE,SERVICE_COUNTER,NONE,,WAITING,NONE,
676,2,NONE,[],"{'CAMERA_1': [], 'CAMERA_2': [], 'CAMERA_3': []}",C_WALKS_TO_CAMERA,CAMERA_3,NONE,,WAITING,NONE,S_GREETS,CAMERA_3,NONE,can I help you?,FACE_TO_FACE,NONE,
676,3,CAMERA_2,['CAMERA_2'],"{'CAMERA_1': [], 'CAMERA_2': [], 'CAMERA_3': []}",C_LOOKING_FOR_A_CAMERA,CAMERA_3,NONE,I'm here to see the cameras I want a new one,FACE_TO_FACE,NONE,S_INTRODUCES_CAMERA,CAMERA_2,,Let me show you this. Here we have the Fujifilm Lumix ILC Camera.,PRESENT_X,CAMERA_2,39~64
676,4,CAMERA_2,['CAMERA_2'],"{'CAMERA_1': [], 'CAMERA_2': ['camera_type'], 'CAMERA_3': []}",C_QUESTION_ABOUT_FEATURE,CAMERA_2,camera_type,what kind of camera is this,PRESENT_X,CAMERA_2,S_ANSWERS_QUESTION_ABOUT_FEATURE,CAMERA_2,camera_type,This is a digital single lens mirrorless camera.,PRESENT_X,CAMERA_2,10~40
676,5,CAMERA_2,['CAMERA_2'],"{'CAMERA_1': [], 'CAMERA_2': ['camera_type', 'color'], 'CAMERA_3': []}",C_SILENT_OR_BACKCHANNEL,CAMERA_2,NONE,ic,PRESENT_X,CAMERA_2,S_INTRODUCES_FEATURE,CAMERA_2,color,This one comes in white or pink.,PRESENT_X,CAMERA_2,18~31
676,6,CAMERA_2,['CAMERA_2'],"{'CAMERA_1': [], 'CAMERA_2': ['camera_type', 'color', 'settings'], 'CAMERA_3': []}",C_QUESTION_ABOUT_FEATURE,CAMERA_2,settings,what about the manual settings still all the manual settings of the old one,PRESENT_X,CAMERA_2,S_ANSWERS_QUESTION_ABOUT_FEATURE,CAMERA_2,settings,"This one has manual control and various automatic settings (video modeburst shooting, etc.).",PRESENT_X,CAMERA_2,13~91
676,7,CAMERA_1,"['CAMERA_2', 'CAMERA_1']","{'CAMERA_1': [], 'CAMERA_2': ['camera_type', 'color', 'settings'], 'CAMERA_3': []}",C_ANYTHING_ELSE_AVAILABLE,CAMERA_2,NONE,Do you have other cameras that I could afford,PRESENT_X,CAMERA_2,S_INTRODUCES_CAMERA,CAMERA_1,,Let me show you this. Here we have the Sony PowerShot ELPH DMC-ZS3.,PRESENT_X,CAMERA_1,39~66
676,8,CAMERA_1,"['CAMERA_2', 'CAMERA_1']","{'CAMERA_1': ['autofocus_points'], 'CAMERA_2': ['camera_type', 'color', 'settings'], 'CAMERA_3': []}",C_SILENT_OR_BACKCHANNEL,CAMERA_1,NONE,yeah actually looks very good,PRESENT_X,CAMERA_1,S_INTRODUCES_FEATURE,CAMERA_1,autofocus_points,This one has 135 autofocus points.,PRESENT_X,CAMERA_1,13~33
676,9,CAMERA_1,"['CAMERA_2', 'CAMERA_1']","{'CAMERA_1': ['autofocus_points', 'sensor_size'], 'CAMERA_2': ['camera_type', 'color', 'settings'], 'CAMERA_3': []}",C_SILENT_OR_BACKCHANNEL,CAMERA_1,NONE,I got great that's brilliant,PRESENT_X,CAMERA_1,S_INTRODUCES_FEATURE,CAMERA_1,sensor_size,This one has a 1/2.3 inch CMOS sensor.,PRESENT_X,CAMERA_1,15~37
676,10,CAMERA_1,"['CAMERA_2', 'CAMERA_1']","{'CAMERA_1': ['autofocus_points', 'sensor_size', 'color'], 'CAMERA_2': ['camera_type', 'color', 'settings'], 'CAMERA_3': []}",C_SILENT_OR_BACKCHANNEL,CAMERA_1,NONE,I say,PRESENT_X,CAMERA_1,S_INTRODUCES_FEATURE,CAMERA_1,color,This one comes in blue or black.,PRESENT_X,CAMERA_1,18~31
676,11,CAMERA_1,"['CAMERA_2', 'CAMERA_1']","{'CAMERA_1': ['autofocus_points', 'sensor_size', 'color', 'camera_type'], 'CAMERA_2': ['camera_type', 'color', 'settings'], 'CAMERA_3': []}",C_SILENT_OR_BACKCHANNEL,CAMERA_1,NONE,Wow it also seems very friendly to use,PRESENT_X,CAMERA_1,S_INTRODUCES_FEATURE,CAMERA_1,camera_type,This is a DSLR camera.,PRESENT_X,CAMERA_1,10~14
676,12,CAMERA_1,"['CAMERA_2', 'CAMERA_1']","{'CAMERA_1': ['autofocus_points', 'sensor_size', 'color', 'camera_type', 'resolution'], 'CAMERA_2': ['camera_type', 'color', 'settings'], 'CAMERA_3': []}",C_SILENT_OR_BACKCHANNEL,CAMERA_1,NONE,IC,PRESENT_X,CAMERA_1,S_INTRODUCES_FEATURE,CAMERA_1,resolution,This one has 17.8 megapixels resolution.,PRESENT_X,CAMERA_1,13~28
676,13,CAMERA_1,"['CAMERA_2', 'CAMERA_1']","{'CAMERA_1': ['autofocus_points', 'sensor_size', 'color', 'camera_type', 'resolution', 'ISO'], 'CAMERA_2': ['camera_type', 'color', 'settings'], 'CAMERA_3': []}",C_QUESTION_ABOUT_FEATURE,CAMERA_1,ISO,what is a ISO on a camera,PRESENT_X,CAMERA_1,S_ANSWERS_QUESTION_ABOUT_FEATURE,CAMERA_1,ISO,This one has up to 51200 ISO.,PRESENT_X,CAMERA_1,13~28
676,14,CAMERA_1,"['CAMERA_2', 'CAMERA_1']","{'CAMERA_1': ['autofocus_points', 'sensor_size', 'color', 'camera_type', 'resolution', 'ISO', 'weight'], 'CAMERA_2': ['camera_type', 'color', 'settings'], 'CAMERA_3': []}",C_SILENT_OR_BACKCHANNEL,CAMERA_1,NONE,IC,PRESENT_X,CAMERA_1,S_INTRODUCES_FEATURE,CAMERA_1,weight,This one weighs 800 grams.,PRESENT_X,CAMERA_1,16~25
676,15,CAMERA_1,"['CAMERA_2', 'CAMERA_1']","{'CAMERA_1': ['autofocus_points', 'sensor_size', 'color', 'camera_type', 'resolution', 'ISO', 'weight', 'effects'], 'CAMERA_2': ['camera_type', 'color', 'settings'], 'CAMERA_3': []}",C_SILENT_OR_BACKCHANNEL,CAMERA_1,NONE,ok,PRESENT_X,CAMERA_1,S_INTRODUCES_FEATURE,CAMERA_1,effects,"This one has 24 glamor retouch effects (miniature, retro, toy camera, etc.).",PRESENT_X,CAMERA_1,13~75
676,16,CAMERA_1,"['CAMERA_2', 'CAMERA_1']","{'CAMERA_1': ['autofocus_points', 'sensor_size', 'color', 'camera_type', 'resolution', 'ISO', 'weight', 'effects', 'settings'], 'CAMERA_2': ['camera_type', 'color', 'settings'], 'CAMERA_3': []}",C_QUESTION_ABOUT_FEATURE,CAMERA_1,settings,how much Freedom do you have with this like what what can I set according to my liking,PRESENT_X,CAMERA_1,S_ANSWERS_QUESTION_ABOUT_FEATURE,CAMERA_1,settings,This one has limited manual settings.,PRESENT_X,CAMERA_1,13~36
676,17,CAMERA_1,"['CAMERA_2', 'CAMERA_1']","{'CAMERA_1': ['autofocus_points', 'sensor_size', 'color', 'camera_type', 'resolution', 'ISO', 'weight', 'effects', 'settings', 'price'], 'CAMERA_2': ['camera_type', 'color', 'settings'], 'CAMERA_3': []}",C_SILENT_OR_BACKCHANNEL,CAMERA_1,NONE,that's great,PRESENT_X,CAMERA_1,S_INTRODUCES_FEATURE,CAMERA_1,price,This one costs $450.,PRESENT_X,CAMERA_1,15~19
676,18,CAMERA_1,"['CAMERA_2', 'CAMERA_1']","{'CAMERA_1': ['autofocus_points', 'sensor_size', 'color', 'camera_type', 'resolution', 'ISO', 'weight', 'effects', 'settings', 'price', 'optical_zoom'], 'CAMERA_2': ['camera_type', 'color', 'settings'], 'CAMERA_3': []}",C_SILENT_OR_BACKCHANNEL,CAMERA_1,NONE,ok let me see,PRESENT_X,CAMERA_1,S_INTRODUCES_FEATURE,CAMERA_1,optical_zoom,This one has 21x optical zoom.,PRESENT_X,CAMERA_1,13~29
676,19,CAMERA_3,"['CAMERA_2', 'CAMERA_1', 'CAMERA_3']","{'CAMERA_1': ['autofocus_points', 'sensor_size', 'color', 'camera_type', 'resolution', 'ISO', 'weight', 'effects', 'settings', 'price', 'optical_zoom'], 'CAMERA_2': ['camera_type', 'color', 'settings'], 'CAMERA_3': []}",C_ANYTHING_ELSE_AVAILABLE,CAMERA_1,NONE,oh I see that's very interesting do you have any other cameras that you can recommend me,PRESENT_X,CAMERA_1,S_INTRODUCES_CAMERA,CAMERA_3,,Let me show you this. Here we have the Fujifilm PowerShot ELPH S2800.,PRESENT_X,CAMERA_3,39~68
676,20,CAMERA_3,"['CAMERA_2', 'CAMERA_1', 'CAMERA_3']","{'CAMERA_1': ['autofocus_points', 'sensor_size', 'color', 'camera_type', 'resolution', 'ISO', 'weight', 'effects', 'settings', 'price', 'optical_zoom'], 'CAMERA_2': ['camera_type', 'color', 'settings'], 'CAMERA_3': ['effects']}",C_QUESTION_ABOUT_FEATURE,CAMERA_3,effects,and what about this artistic artistic effect mode ,PRESENT_X,CAMERA_3,S_ANSWERS_QUESTION_ABOUT_FEATURE,CAMERA_3,effects,"This one has 21 photo effects (small face, retro, big eyes, etc.).",PRESENT_X,CAMERA_3,13~65
676,21,CAMERA_3,"['CAMERA_2', 'CAMERA_1', 'CAMERA_3']","{'CAMERA_1': ['autofocus_points', 'sensor_size', 'color', 'camera_type', 'resolution', 'ISO', 'weight', 'effects', 'settings', 'price', 'optical_zoom'], 'CAMERA_2': ['camera_type', 'color', 'settings'], 'CAMERA_3': ['effects', 'optical_zoom']}",C_QUESTION_ABOUT_FEATURE,CAMERA_3,optical_zoom,okay an optical zoom what does this,PRESENT_X,CAMERA_3,S_NOT_SURE,CAMERA_3,,I'm not really sure about that.,PRESENT_X,CAMERA_3,
676,22,CAMERA_3,"['CAMERA_2', 'CAMERA_1', 'CAMERA_3']","{'CAMERA_1': ['autofocus_points', 'sensor_size', 'color', 'camera_type', 'resolution', 'ISO', 'weight', 'effects', 'settings', 'price', 'optical_zoom'], 'CAMERA_2': ['camera_type', 'color', 'settings'], 'CAMERA_3': ['effects', 'optical_zoom', 'ISO']}",C_SILENT_OR_BACKCHANNEL,CAMERA_3,NONE,this one also looks kind of good,PRESENT_X,CAMERA_3,S_INTRODUCES_FEATURE,CAMERA_3,ISO,This one has up to 3200 ISO with little noise.,PRESENT_X,CAMERA_3,13~45
676,23,CAMERA_3,"['CAMERA_2', 'CAMERA_1', 'CAMERA_3']","{'CAMERA_1': ['autofocus_points', 'sensor_size', 'color', 'camera_type', 'resolution', 'ISO', 'weight', 'effects', 'settings', 'price', 'optical_zoom'], 'CAMERA_2': ['camera_type', 'color', 'settings'], 'CAMERA_3': ['effects', 'optical_zoom', 'ISO', 'color']}",C_SILENT_OR_BACKCHANNEL,CAMERA_3,NONE,sounds good,PRESENT_X,CAMERA_3,S_INTRODUCES_FEATURE,CAMERA_3,color,"This one comes in purple, white, silver, blue, red, or pink.",PRESENT_X,CAMERA_3,18~59
676,24,CAMERA_3,"['CAMERA_2', 'CAMERA_1', 'CAMERA_3']","{'CAMERA_1': ['autofocus_points', 'sensor_size', 'color', 'camera_type', 'resolution', 'ISO', 'weight', 'effects', 'settings', 'price', 'optical_zoom'], 'CAMERA_2': ['camera_type', 'color', 'settings'], 'CAMERA_3': ['effects', 'optical_zoom', 'ISO', 'color', 'camera_type']}",C_QUESTION_ABOUT_FEATURE,CAMERA_3,camera_type,is this a point and shoot camera,PRESENT_X,CAMERA_3,S_ANSWERS_QUESTION_ABOUT_FEATURE,CAMERA_3,camera_type,This is a point and shoot camera.,PRESENT_X,CAMERA_3,10~25
676,25,CAMERA_3,"['CAMERA_2', 'CAMERA_1', 'CAMERA_3']","{'CAMERA_1': ['autofocus_points', 'sensor_size', 'color', 'camera_type', 'resolution', 'ISO', 'weight', 'effects', 'settings', 'price', 'optical_zoom'], 'CAMERA_2': ['camera_type', 'color', 'settings'], 'CAMERA_3': ['effects', 'optical_zoom', 'ISO', 'color', 'camera_type', 'sensor_size']}",C_SILENT_OR_BACKCHANNEL,CAMERA_3,NONE,I see AA ok,PRESENT_X,CAMERA_3,S_INTRODUCES_FEATURE,CAMERA_3,sensor_size,This one has a full frame.,PRESENT_X,CAMERA_3,15~25
676,26,CAMERA_3,"['CAMERA_2', 'CAMERA_1', 'CAMERA_3']","{'CAMERA_1': ['autofocus_points', 'sensor_size', 'color', 'camera_type', 'resolution', 'ISO', 'weight', 'effects', 'settings', 'price', 'optical_zoom'], 'CAMERA_2': ['camera_type', 'color', 'settings'], 'CAMERA_3': ['effects', 'optical_zoom', 'ISO', 'color', 'camera_type', 'sensor_size', 'resolution']}",C_QUESTION_ABOUT_FEATURE,CAMERA_3,resolution,how many megapixels does this camera have,PRESENT_X,CAMERA_3,S_ANSWERS_QUESTION_ABOUT_FEATURE,CAMERA_3,resolution,This one has 23.2 megapixels resolution.,PRESENT_X,CAMERA_3,13~28
676,27,,"['CAMERA_2', 'CAMERA_1', 'CAMERA_3']","{'CAMERA_1': ['autofocus_points', 'sensor_size', 'color', 'camera_type', 'resolution', 'ISO', 'weight', 'effects', 'settings', 'price', 'optical_zoom'], 'CAMERA_2': ['camera_type', 'color', 'settings'], 'CAMERA_3': ['effects', 'optical_zoom', 'ISO', 'color', 'camera_type', 'sensor_size', 'resolution']}",C_ANYTHING_ELSE_AVAILABLE,CAMERA_3,NONE,ok do you have any other cameras,PRESENT_X,CAMERA_3,S_THATS_ALL_WE_HAVE_AVAILABLE,CAMERA_3,,That's all we have available at the moment.,PRESENT_X,CAMERA_3,
676,28,NONE,"['CAMERA_2', 'CAMERA_1', 'CAMERA_3']","{'CAMERA_1': ['autofocus_points', 'sensor_size', 'color', 'camera_type', 'resolution', 'ISO', 'weight', 'effects', 'settings', 'price', 'optical_zoom'], 'CAMERA_2': ['camera_type', 'color', 'settings'], 'CAMERA_3': ['effects', 'optical_zoom', 'ISO', 'color', 'camera_type', 'sensor_size', 'resolution']}",C_THANK_YOU,CAMERA_3,NONE,a good thank you very much,PRESENT_X,CAMERA_3,S_THANK_YOU,CAMERA_3,NONE,thank you very much.,FACE_TO_FACE,NONE,
676,29,NONE,"['CAMERA_2', 'CAMERA_1', 'CAMERA_3']","{'CAMERA_1': ['autofocus_points', 'sensor_size', 'color', 'camera_type', 'resolution', 'ISO', 'weight', 'effects', 'settings', 'price', 'optical_zoom'], 'CAMERA_2': ['camera_type', 'color', 'settings'], 'CAMERA_3': ['effects', 'optical_zoom', 'ISO', 'color', 'camera_type', 'sensor_size', 'resolution']}",C_LEAVES,DOOR,NONE,,FACE_TO_FACE,NONE,S_RETURNS_TO_COUNTER,SERVICE_COUNTER,NONE,,WAITING,NONE,
677,1,NONE,[],"{'CAMERA_1': [], 'CAMERA_2': [], 'CAMERA_3': []}",C_ENTERS,DOOR,NONE,,WAITING,NONE,S_NONE,SERVICE_COUNTER,NONE,,WAITING,NONE,
677,2,NONE,[],"{'CAMERA_1': [], 'CAMERA_2': [], 'CAMERA_3': []}",C_WALKS_TO_CAMERA,CAMERA_1,NONE,,WAITING,NONE,S_GREETS,CAMERA_1,NONE,can I help you?,FACE_TO_FACE,NONE,
677,3,CAMERA_2,['CAMERA_2'],"{'CAMERA_1': [], 'CAMERA_2': [], 'CAMERA_3': []}",C_LOOKING_FOR_A_CAMERA,CAMERA_1,NONE,I want to look at your camera,FACE_TO_FACE,NONE,S_INTRODUCES_CAMERA,CAMERA_2,,Let me show you this. Here we have the Fujifilm Lumix ILC Camera.,PRESENT_X,CAMERA_2,39~64
677,4,CAMERA_2,['CAMERA_2'],"{'CAMERA_1': [], 'CAMERA_2': ['sensor_size'], 'CAMERA_3': []}",C_SILENT_OR_BACKCHANNEL,CAMERA_2,NONE,ok,PRESENT_X,CAMERA_2,S_INTRODUCES_FEATURE,CAMERA_2,sensor_size,This one has a 1/2.33 inch sensor.,PRESENT_X,CAMERA_2,15~33
677,5,CAMERA_3,"['CAMERA_2', 'CAMERA_3']","{'CAMERA_1': [], 'CAMERA_2': ['sensor_size'], 'CAMERA_3': []}",C_ANYTHING_ELSE_AVAILABLE,CAMERA_2,NONE,do you have any other cameras with preset mode,PRESENT_X,CAMERA_2,S_INTRODUCES_CAMERA,CAMERA_3,,Let me show you this. Here we have the Fujifilm PowerShot ELPH S2800.,PRESENT_X,CAMERA_3,39~68
677,6,CAMERA_3,"['CAMERA_2', 'CAMERA_3']","{'CAMERA_1': [], 'CAMERA_2': ['sensor_size'], 'CAMERA_3': ['color']}",C_QUESTION_ABOUT_FEATURE,CAMERA_3,color,What kind of colors do you have available for this summer,PRESENT_X,CAMERA_3,S_ANSWERS_QUESTION_ABOUT_FEATURE,CAMERA_3,color,"This one comes in purple, white, silver, blue, red, or pink.",PRESENT_X,CAMERA_3,18~59
677,7,CAMERA_3,"['CAMERA_2', 'CAMERA_3']","{'CAMERA_1': [], 'CAMERA_2': ['sensor_size'], 'CAMERA_3': ['color', 'settings']}",C_SILENT_OR_BACKCHANNEL,CAMERA_3,NONE,okay,PRESENT_X,CAMERA_3,S_INTRODUCES_FEATURE,CAMERA_3,settings,"This one has manual control and various automatic settings (video modeburst shooting, etc.).",PRESENT_X,CAMERA_3,13~91
677,8,NONE,"['CAMERA_2', 'CAMERA_3']","{'CAMERA_1': [], 'CAMERA_2': ['sensor_size'], 'CAMERA_3': ['color', 'settings']}",C_THANK_YOU,CAMERA_3,NONE,ok thanks for help,PRESENT_X,CAMERA_3,S_THANK_YOU,CAMERA_3,NONE,thank you very much.,FACE_TO_FACE,NONE,
677,9,NONE,"['CAMERA_2', 'CAMERA_3']","{'CAMERA_1': [], 'CAMERA_2': ['sensor_size'], 'CAMERA_3': ['color', 'settings']}",C_LEAVES,DOOR,NONE,,FACE_TO_FACE,NONE,S_RETURNS_TO_COUNTER,SERVICE_COUNTER,NONE,,WAITING,NONE,
678,1,NONE,[],"{'CAMERA_1': [], 'CAMERA_2': [], 'CAMERA_3': []}",C_ENTERS,DOOR,NONE,,WAITING,NONE,S_NONE,SERVICE_COUNTER,NONE,,WAITING,NONE,
678,2,NONE,[],"{'CAMERA_1': [], 'CAMERA_2': [], 'CAMERA_3': []}",C_GREETS,MIDDLE,NONE,Hi do you have a moment,WAITING,NONE,S_GREETS,MIDDLE,NONE,can I help you?,FACE_TO_FACE,NONE,
678,3,CAMERA_1,['CAMERA_1'],"{'CAMERA_1': [], 'CAMERA_2': [], 'CAMERA_3': []}",C_LOOKING_FOR_A_CAMERA,MIDDLE,NONE,I'm looking to buy a new camera,FACE_TO_FACE,NONE,S_INTRODUCES_CAMERA,CAMERA_1,,Let me show you this. Here we have the Sony PowerShot ELPH DMC-ZS3.,PRESENT_X,CAMERA_1,39~66
678,4,CAMERA_1,['CAMERA_1'],"{'CAMERA_1': ['camera_type'], 'CAMERA_2': [], 'CAMERA_3': []}",C_SILENT_OR_BACKCHANNEL,CAMERA_1,NONE,okay,PRESENT_X,CAMERA_1,S_INTRODUCES_FEATURE,CAMERA_1,camera_type,This is a DSLR camera.,PRESENT_X,CAMERA_1,10~14
678,5,CAMERA_1,['CAMERA_1'],"{'CAMERA_1': ['camera_type', 'weight'], 'CAMERA_2': [], 'CAMERA_3': []}",C_QUESTION_ABOUT_FEATURE,CAMERA_1,weight,okay I see and how much does it weigh,PRESENT_X,CAMERA_1,S_ANSWERS_QUESTION_ABOUT_FEATURE,CAMERA_1,weight,This one weighs 800 grams.,PRESENT_X,CAMERA_1,16~25
678,6,CAMERA_1,['CAMERA_1'],"{'CAMERA_1': ['camera_type', 'weight', 'resolution'], 'CAMERA_2': [], 'CAMERA_3': []}",C_SILENT_OR_BACKCHANNEL,CAMERA_1,NONE,okay,PRESENT_X,CAMERA_1,S_INTRODUCES_FEATURE,CAMERA_1,resolution,This one has 17.8 megapixels resolution.,PRESENT_X,CAMERA_1,13~28
678,7,CAMERA_1,['CAMERA_1'],"{'CAMERA_1': ['camera_type', 'weight', 'resolution', 'optical_zoom'], 'CAMERA_2': [], 'CAMERA_3': []}",C_QUESTION_ABOUT_FEATURE,CAMERA_1,optical_zoom,what what is the what is the of the optical zoom how does it work how far can I zoom,PRESENT_X,CAMERA_1,S_ANSWERS_QUESTION_ABOUT_FEATURE,CAMERA_1,optical_zoom,This one has 21x optical zoom.,PRESENT_X,CAMERA_1,13~29
678,8,CAMERA_1,['CAMERA_1'],"{'CAMERA_1': ['camera_type', 'weight', 'resolution', 'optical_zoom', 'color'], 'CAMERA_2': [], 'CAMERA_3': []}",C_SILENT_OR_BACKCHANNEL,CAMERA_1,NONE,good,PRESENT_X,CAMERA_1,S_INTRODUCES_FEATURE,CAMERA_1,color,This one comes in blue or black.,PRESENT_X,CAMERA_1,18~31
678,9,CAMERA_1,['CAMERA_1'],"{'CAMERA_1': ['camera_type', 'weight', 'resolution', 'optical_zoom', 'color', 'price'], 'CAMERA_2': [], 'CAMERA_3': []}",C_SILENT_OR_BACKCHANNEL,CAMERA_1,NONE,yeah,PRESENT_X,CAMERA_1,S_INTRODUCES_FEATURE,CAMERA_1,price,This one costs $450.,PRESENT_X,CAMERA_1,15~19
678,10,CAMERA_1,['CAMERA_1'],"{'CAMERA_1': ['camera_type', 'weight', 'resolution', 'optical_zoom', 'color', 'price', 'ISO'], 'CAMERA_2': [], 'CAMERA_3': []}",C_SILENT_OR_BACKCHANNEL,CAMERA_1,NONE,ok,PRESENT_X,CAMERA_1,S_INTRODUCES_FEATURE,CAMERA_1,ISO,This one has up to 51200 ISO.,PRESENT_X,CAMERA_1,13~28
678,11,NONE,['CAMERA_1'],"{'CAMERA_1': ['camera_type', 'weight', 'resolution', 'optical_zoom', 'color', 'price', 'ISO'], 'CAMERA_2': [], 'CAMERA_3': []}",C_THANK_YOU,CAMERA_1,NONE,ok thanks for help,PRESENT_X,CAMERA_1,S_THANK_YOU,CAMERA_1,NONE,thank you very much.,FACE_TO_FACE,NONE,
678,12,NONE,['CAMERA_1'],"{'CAMERA_1': ['camera_type', 'weight', 'resolution', 'optical_zoom', 'color', 'price', 'ISO'], 'CAMERA_2': [], 'CAMERA_3': []}",C_LEAVES,DOOR,NONE,,FACE_TO_FACE,NONE,S_RETURNS_TO_COUNTER,SERVICE_COUNTER,NONE,,WAITING,NONE,
679,1,NONE,[],"{'CAMERA_1': [], 'CAMERA_2': [], 'CAMERA_3': []}",C_ENTERS,DOOR,NONE,,WAITING,NONE,S_NONE,SERVICE_COUNTER,NONE,,WAITING,NONE,
679,2,NONE,[],"{'CAMERA_1': [], 'CAMERA_2': [], 'CAMERA_3': []}",C_GREETS,MIDDLE,NONE,hi,WAITING,NONE,S_GREETS,MIDDLE,NONE,can I help you?,FACE_TO_FACE,NONE,
679,3,CAMERA_3,['CAMERA_3'],"{'CAMERA_1': [], 'CAMERA_2': [], 'CAMERA_3': []}",C_LOOKING_FOR_A_CAMERA,MIDDLE,NONE,anyone would do I'm just trying to get a camera real fast,FACE_TO_FACE,NONE,S_INTRODUCES_CAMERA,CAMERA_3,,Let me show you this. Here we have the Fujifilm PowerShot ELPH S2800.,PRESENT_X,CAMERA_3,39~68
679,4,CAMERA_3,['CAMERA_3'],"{'CAMERA_1': [], 'CAMERA_2': [], 'CAMERA_3': ['color']}",C_QUESTION_ABOUT_FEATURE,CAMERA_3,color,is there any other colors,PRESENT_X,CAMERA_3,S_ANSWERS_QUESTION_ABOUT_FEATURE,CAMERA_3,color,"This one comes in purple, white, silver, blue, red, or pink.",PRESENT_X,CAMERA_3,18~59
679,5,CAMERA_3,['CAMERA_3'],"{'CAMERA_1': [], 'CAMERA_2': [], 'CAMERA_3': ['color', 'preset_modes']}",C_SILENT_OR_BACKCHANNEL,CAMERA_3,NONE,okay I say yeah,PRESENT_X,CAMERA_3,S_INTRODUCES_FEATURE,CAMERA_3,preset_modes,This one has various preset modes.,PRESENT_X,CAMERA_3,13~33
679,6,NONE,['CAMERA_3'],"{'CAMERA_1': [], 'CAMERA_2': [], 'CAMERA_3': ['color', 'preset_modes']}",C_THANK_YOU,CAMERA_3,NONE,thank you ,PRESENT_X,CAMERA_3,S_THANK_YOU,CAMERA_3,NONE,thank you very much.,FACE_TO_FACE,NONE,
679,7,NONE,['CAMERA_3'],"{'CAMERA_1': [], 'CAMERA_2': [], 'CAMERA_3': ['color', 'preset_modes']}",C_LEAVES,DOOR,NONE,,FACE_TO_FACE,NONE,S_RETURNS_TO_COUNTER,SERVICE_COUNTER,NONE,,WAITING,NONE,
680,1,NONE,[],"{'CAMERA_1': [], 'CAMERA_2': [], 'CAMERA_3': []}",C_ENTERS,DOOR,NONE,,WAITING,NONE,S_NONE,SERVICE_COUNTER,NONE,,WAITING,NONE,
680,2,NONE,[],"{'CAMERA_1': [], 'CAMERA_2': [], 'CAMERA_3': []}",C_GREETS,MIDDLE,NONE,excuse me,WAITING,NONE,S_GREETS,MIDDLE,NONE,can I help you?,FACE_TO_FACE,NONE,
680,3,CAMERA_2,['CAMERA_2'],"{'CAMERA_1': [], 'CAMERA_2': [], 'CAMERA_3': []}",C_LOOKING_FOR_A_CAMERA,MIDDLE,NONE,I'm looking for a camera with very high iso and a good consensus you have a camera like that,FACE_TO_FACE,NONE,S_INTRODUCES_CAMERA,CAMERA_2,,Let me show you this. Here we have the Fujifilm Lumix ILC Camera.,PRESENT_X,CAMERA_2,39~64
680,4,CAMERA_2,['CAMERA_2'],"{'CAMERA_1': [], 'CAMERA_2': ['preset_modes'], 'CAMERA_3': []}",C_QUESTION_ABOUT_FEATURE,CAMERA_2,preset_modes,Does this support for does mode,PRESENT_X,CAMERA_2,S_NOT_SURE,CAMERA_2,,I'm not really sure about that.,PRESENT_X,CAMERA_2,
680,5,CAMERA_1,"['CAMERA_2', 'CAMERA_1']","{'CAMERA_1': [], 'CAMERA_2': ['preset_modes'], 'CAMERA_3': []}",C_ANYTHING_ELSE_AVAILABLE,CAMERA_2,NONE,do you have any other cameras with preset mode,PRESENT_X,CAMERA_2,S_INTRODUCES_CAMERA,CAMERA_1,,Let me show you this. Here we have the Sony PowerShot ELPH DMC-ZS3.,PRESENT_X,CAMERA_1,39~66
680,6,CAMERA_1,"['CAMERA_2', 'CAMERA_1']","{'CAMERA_1': ['preset_modes'], 'CAMERA_2': ['preset_modes'], 'CAMERA_3': []}",C_QUESTION_ABOUT_FEATURE,CAMERA_1,preset_modes,do they have pet mode,PRESENT_X,CAMERA_1,S_NOT_SURE,CAMERA_1,,I'm not really sure about that.,PRESENT_X,CAMERA_1,
680,7,CAMERA_3,"['CAMERA_2', 'CAMERA_1', 'CAMERA_3']","{'CAMERA_1': ['preset_modes'], 'CAMERA_2': ['preset_modes'], 'CAMERA_3': []}",C_ANYTHING_ELSE_AVAILABLE,CAMERA_1,NONE,ok do you have any other cameras,PRESENT_X,CAMERA_1,S_INTRODUCES_CAMERA,CAMERA_3,,Let me show you this. Here we have the Fujifilm PowerShot ELPH S2800.,PRESENT_X,CAMERA_3,39~68
680,8,CAMERA_3,"['CAMERA_2', 'CAMERA_1', 'CAMERA_3']","{'CAMERA_1': ['preset_modes'], 'CAMERA_2': ['preset_modes'], 'CAMERA_3': ['camera_type']}",C_QUESTION_ABOUT_FEATURE,CAMERA_3,camera_type,what kind of camera is this,PRESENT_X,CAMERA_3,S_ANSWERS_QUESTION_ABOUT_FEATURE,CAMERA_3,camera_type,This is a point and shoot camera.,PRESENT_X,CAMERA_3,10~25
680,9,CAMERA_3,"['CAMERA_2', 'CAMERA_1', 'CAMERA_3']","{'CAMERA_1': ['preset_modes'], 'CAMERA_2': ['preset_modes'], 'CAMERA_3': ['camera_type', 'resolution']}",C_QUESTION_ABOUT_FEATURE,CAMERA_3,resolution,What about the resolution of the camera how many megapixels,PRESENT_X,CAMERA_3,S_ANSWERS_QUESTION_ABOUT_FEATURE,CAMERA_3,resolution,This one has 23.2 megapixels resolution.,PRESENT_X,CAMERA_3,13~28
680,10,,"['CAMERA_2', 'CAMERA_1', 'CAMERA_3']","{'CAMERA_1': ['preset_modes'], 'CAMERA_2': ['preset_modes'], 'CAMERA_3': ['camera_type', 'resolution']}",C_ANYTHING_ELSE_AVAILABLE,CAMERA_3,NONE,So this is the only model you have in your shop,PRESENT_X,CAMERA_3,S_THATS_ALL_WE_HAVE_AVAILABLE,CAMERA_3,,That's all we have available at the moment.,PRESENT_X,CAMERA_3,
680,11,NONE,"['CAMERA_2', 'CAMERA_1', 'CAMERA_3']","{'CAMERA_1': ['preset_modes'], 'CAMERA_2': ['preset_modes'], 'CAMERA_3': ['camera_type', 'resolution']}",C_THANK_YOU,CAMERA_3,NONE,thank you,PRESENT_X,CAMERA_3,S_THANK_YOU,CAMERA_3,NONE,thank you very much.,FACE_TO_FACE,NONE,
680,12,NONE,"['CAMERA_2', 'CAMERA_1', 'CAMERA_3']","{'CAMERA_1': ['preset_modes'], 'CAMERA_2': ['preset_modes'], 'CAMERA_3': ['camera_type', 'resolution']}",C_LEAVES,DOOR,NONE,,FACE_TO_FACE,NONE,S_RETURNS_TO_COUNTER,SERVICE_COUNTER,NONE,,WAITING,NONE,
681,1,NONE,[],"{'CAMERA_1': [], 'CAMERA_2': [], 'CAMERA_3': []}",C_ENTERS,DOOR,NONE,,WAITING,NONE,S_NONE,SERVICE_COUNTER,NONE,,WAITING,NONE,
681,2,NONE,[],"{'CAMERA_1': [], 'CAMERA_2': [], 'CAMERA_3': []}",C_WALKS_TO_CAMERA,CAMERA_2,NONE,,WAITING,NONE,S_NONE,SERVICE_COUNTER,NONE,,WAITING,NONE,
681,3,CAMERA_2,['CAMERA_2'],"{'CAMERA_1': [], 'CAMERA_2': ['color'], 'CAMERA_3': []}",C_QUESTION_ABOUT_FEATURE,CAMERA_2,color,does it come in any other colors,WAITING,NONE,S_ANSWERS_QUESTION_ABOUT_FEATURE,CAMERA_2,color,This one comes in white or pink.,PRESENT_X,CAMERA_2,18~31
681,4,CAMERA_2,['CAMERA_2'],"{'CAMERA_1': [], 'CAMERA_2': ['color', 'resolution'], 'CAMERA_3': []}",C_SILENT_OR_BACKCHANNEL,CAMERA_2,NONE,okay,PRESENT_X,CAMERA_2,S_INTRODUCES_FEATURE,CAMERA_2,resolution,This one has 23.8 megapixels resolution.,PRESENT_X,CAMERA_2,13~28
681,5,NONE,['CAMERA_2'],"{'CAMERA_1': [], 'CAMERA_2': ['color', 'resolution'], 'CAMERA_3': []}",C_THANK_YOU,CAMERA_2,NONE,thank you for the support,PRESENT_X,CAMERA_2,S_THANK_YOU,CAMERA_2,NONE,thank you very much.,FACE_TO_FACE,NONE,
681,6,NONE,['CAMERA_2'],"{'CAMERA_1': [], 'CAMERA_2': ['color', 'resolution'], 'CAMERA_3': []}",C_LEAVES,DOOR,NONE,,FACE_TO_FACE,NONE,S_RETURNS_TO_COUNTER,SERVICE_COUNTER,NONE,,WAITING,NONE,
682,1,NONE,[],"{'CAMERA_1': [], 'CAMERA_2': [], 'CAMERA_3': []}",C_ENTERS,DOOR,NONE,,WAITING,NONE,S_NONE,SERVICE_COUNTER,NONE,,WAITING,NONE,
682,2,NONE,[],"{'CAMERA_1': [], 'CAMERA_2': [], 'CAMERA_3': []}",C_WALKS_TO_CAMERA,CAMERA_3,NONE,,WAITING,NONE,S_GREETS,CAMERA_3,NONE,can I help you?,FACE_TO_FACE,NONE,
682,3,CAMERA_3,['CAMERA_3'],"{'CAMERA_1': [], 'CAMERA_2': [], 'CAMERA_3': []}",C_LOOKING_FOR_A_CAMERA,CAMERA_3,NONE,I am looking for camera,FACE_TO_FACE,NONE,S_INTRODUCES_CAMERA,CAMERA_3,,Let me show you this. Here we have the Fujifilm PowerShot ELPH S2800.,PRESENT_X,CAMERA_3,39~68
682,4,CAMERA_3,['CAMERA_3'],"{'CAMERA_1': [], 'CAMERA_2': [], 'CAMERA_3': ['settings']}",C_QUESTION_ABOUT_FEATURE,CAMERA_3,settings,what sort of control can I do with it,PRESENT_X,CAMERA_3,S_ANSWERS_QUESTION_ABOUT_FEATURE,CAMERA_3,settings,"This one has manual control and various automatic settings (video modeburst shooting, etc.).",PRESENT_X,CAMERA_3,13~91
682,5,CAMERA_3,['CAMERA_3'],"{'CAMERA_1': [], 'CAMERA_2': [], 'CAMERA_3': ['settings', 'long_exposure']}",C_SILENT_OR_BACKCHANNEL,CAMERA_3,NONE,okay that sounds good,PRESENT_X,CAMERA_3,S_INTRODUCES_FEATURE,CAMERA_3,long_exposure,This one can take long exposures up to 30 minutes max with bulb mode.,PRESENT_X,CAMERA_3,39~68
682,6,CAMERA_3,['CAMERA_3'],"{'CAMERA_1': [], 'CAMERA_2': [], 'CAMERA_3': ['settings', 'long_exposure', 'camera_type']}",C_SILENT_OR_BACKCHANNEL,CAMERA_3,NONE,oh I see,PRESENT_X,CAMERA_3,S_INTRODUCES_FEATURE,CAMERA_3,camera_type,This is a point and shoot camera.,PRESENT_X,CAMERA_3,10~25
682,7,CAMERA_3,['CAMERA_3'],"{'CAMERA_1': [], 'CAMERA_2': [], 'CAMERA_3': ['settings', 'long_exposure', 'camera_type', 'sensor_size']}",C_QUESTION_ABOUT_FEATURE,CAMERA_3,sensor_size,what's the sensor size on this phone,PRESENT_X,CAMERA_3,S_ANSWERS_QUESTION_ABOUT_FEATURE,CAMERA_3,sensor_size,This one has a full frame.,PRESENT_X,CAMERA_3,15~25
682,8,CAMERA_3,['CAMERA_3'],"{'CAMERA_1': [], 'CAMERA_2': [], 'CAMERA_3': ['settings', 'long_exposure', 'camera_type', 'sensor_size', 'ISO']}",C_QUESTION_ABOUT_FEATURE,CAMERA_3,ISO,great under how about the ISO,PRESENT_X,CAMERA_3,S_ANSWERS_QUESTION_ABOUT_FEATURE,CAMERA_3,ISO,This one has up to 3200 ISO with little noise.,PRESENT_X,CAMERA_3,13~45
682,9,CAMERA_3,['CAMERA_3'],"{'CAMERA_1': [], 'CAMERA_2': [], 'CAMERA_3': ['settings', 'long_exposure', 'camera_type', 'sensor_size', 'ISO', 'preset_modes']}",C_QUESTION_ABOUT_FEATURE,CAMERA_3,preset_modes,does this camera also have bulb mode,PRESENT_X,CAMERA_3,S_ANSWERS_QUESTION_ABOUT_FEATURE,CAMERA_3,preset_modes,This one has various preset modes.,PRESENT_X,CAMERA_3,13~33
682,10,CAMERA_3,['CAMERA_3'],"{'CAMERA_1': [], 'CAMERA_2': [], 'CAMERA_3': ['settings', 'long_exposure', 'camera_type', 'sensor_size', 'ISO', 'preset_modes', 'autofocus_points']}",C_SILENT_OR_BACKCHANNEL,CAMERA_3,NONE,ok let's see,PRESENT_X,CAMERA_3,S_INTRODUCES_FEATURE,CAMERA_3,autofocus_points,This one has 214 autofocus points.,PRESENT_X,CAMERA_3,13~33
682,11,CAMERA_3,['CAMERA_3'],"{'CAMERA_1': [], 'CAMERA_2': [], 'CAMERA_3': ['settings', 'long_exposure', 'camera_type', 'sensor_size', 'ISO', 'preset_modes', 'autofocus_points', 'price']}",C_SILENT_OR_BACKCHANNEL,CAMERA_3,NONE,I get,PRESENT_X,CAMERA_3,S_INTRODUCES_FEATURE,CAMERA_3,price,This one costs $518.,PRESENT_X,CAMERA_3,15~19
682,12,NONE,['CAMERA_3'],"{'CAMERA_1': [], 'CAMERA_2': [], 'CAMERA_3': ['settings', 'long_exposure', 'camera_type', 'sensor_size', 'ISO', 'preset_modes', 'autofocus_points', 'price']}",C_THANK_YOU,CAMERA_3,NONE,thank you,PRESENT_X,CAMERA_3,S_THANK_YOU,CAMERA_3,NONE,thank you very much.,FACE_TO_FACE,NONE,
682,13,NONE,['CAMERA_3'],"{'CAMERA_1': [], 'CAMERA_2': [], 'CAMERA_3': ['settings', 'long_exposure', 'camera_type', 'sensor_size', 'ISO', 'preset_modes', 'autofocus_points', 'price']}",C_LEAVES,DOOR,NONE,,FACE_TO_FACE,NONE,S_RETURNS_TO_COUNTER,SERVICE_COUNTER,NONE,,WAITING,NONE,
683,1,NONE,[],"{'CAMERA_1': [], 'CAMERA_2': [], 'CAMERA_3': []}",C_ENTERS,DOOR,NONE,,WAITING,NONE,S_NONE,SERVICE_COUNTER,NONE,,WAITING,NONE,
683,2,NONE,[],"{'CAMERA_1': [], 'CAMERA_2': [], 'CAMERA_3': []}",C_WALKS_TO_CAMERA,CAMERA_1,NONE,,WAITING,NONE,S_GREETS,CAMERA_1,NONE,can I help you?,FACE_TO_FACE,NONE,
683,3,CAMERA_3,['CAMERA_3'],"{'CAMERA_1': [], 'CAMERA_2': [], 'CAMERA_3': []}",C_LOOKING_FOR_A_CAMERA,CAMERA_1,NONE,I'm looking for an advanced mode camera,FACE_TO_FACE,NONE,S_INTRODUCES_CAMERA,CAMERA_3,,Let me show you this. Here we have the Fujifilm PowerShot ELPH S2800.,PRESENT_X,CAMERA_3,39~68
683,4,CAMERA_3,['CAMERA_3'],"{'CAMERA_1': [], 'CAMERA_2': [], 'CAMERA_3': ['color']}",C_QUESTION_ABOUT_FEATURE,CAMERA_3,color,what colors do you have in this,PRESENT_X,CAMERA_3,S_ANSWERS_QUESTION_ABOUT_FEATURE,CAMERA_3,color,"This one comes in purple, white, silver, blue, red, or pink.",PRESENT_X,CAMERA_3,18~59
683,5,CAMERA_3,['CAMERA_3'],"{'CAMERA_1': [], 'CAMERA_2': [], 'CAMERA_3': ['color', 'sensor_size']}",C_QUESTION_ABOUT_FEATURE,CAMERA_3,sensor_size,Does it have a big sensor,PRESENT_X,CAMERA_3,S_ANSWERS_QUESTION_ABOUT_FEATURE,CAMERA_3,sensor_size,This one has a full frame.,PRESENT_X,CAMERA_3,15~25
683,6,CAMERA_3,['CAMERA_3'],"{'CAMERA_1': [], 'CAMERA_2': [], 'CAMERA_3': ['color', 'sensor_size', 'effects']}",C_QUESTION_ABOUT_FEATURE,CAMERA_3,effects,something that can add an artistic effect,PRESENT_X,CAMERA_3,S_ANSWERS_QUESTION_ABOUT_FEATURE,CAMERA_3,effects,"This one has 21 photo effects (small face, retro, big eyes, etc.).",PRESENT_X,CAMERA_3,13~65
683,7,CAMERA_1,"['CAMERA_3', 'CAMERA_1']","{'CAMERA_1': [], 'CAMERA_2': [], 'CAMERA_3': ['color', 'sensor_size', 'effects']}",C_ANYTHING_ELSE_AVAILABLE,CAMERA_3,NONE,do you have anything better than this,PRESENT_X,CAMERA_3,S_INTRODUCES_CAMERA,CAMERA_1,,Let me show you this. Here we have the Sony PowerShot ELPH DMC-ZS3.,PRESENT_X,CAMERA_1,39~66
683,8,CAMERA_1,"['CAMERA_3', 'CAMERA_1']","{'CAMERA_1': ['resolution'], 'CAMERA_2': [], 'CAMERA_3': ['color', 'sensor_size', 'effects']}",C_QUESTION_ABOUT_FEATURE,CAMERA_1,resolution,how many megapixels is this camera,PRESENT_X,CAMERA_1,S_ANSWERS_QUESTION_ABOUT_FEATURE,CAMERA_1,resolution,This one has 17.8 megapixels resolution.,PRESENT_X,CAMERA_1,13~28
683,9,CAMERA_1,"['CAMERA_3', 'CAMERA_1']","{'CAMERA_1': ['resolution', 'weight'], 'CAMERA_2': [], 'CAMERA_3': ['color', 'sensor_size', 'effects']}",C_QUESTION_ABOUT_FEATURE,CAMERA_1,weight,what is the weight of this,PRESENT_X,CAMERA_1,S_ANSWERS_QUESTION_ABOUT_FEATURE,CAMERA_1,weight,This one weighs 800 grams.,PRESENT_X,CAMERA_1,16~25
683,10,CAMERA_1,"['CAMERA_3', 'CAMERA_1']","{'CAMERA_1': ['resolution', 'weight', 'sensor_size'], 'CAMERA_2': [], 'CAMERA_3': ['color', 'sensor_size', 'effects']}",C_SILENT_OR_BACKCHANNEL,CAMERA_1,NONE,ok,PRESENT_X,CAMERA_1,S_INTRODUCES_FEATURE,CAMERA_1,sensor_size,This one has a 1/2.3 inch CMOS sensor.,PRESENT_X,CAMERA_1,15~37
683,11,CAMERA_1,"['CAMERA_3', 'CAMERA_1']","{'CAMERA_1': ['resolution', 'weight', 'sensor_size', 'price'], 'CAMERA_2': [], 'CAMERA_3': ['color', 'sensor_size', 'effects']}",C_SILENT_OR_BACKCHANNEL,CAMERA_1,NONE,okay I see,PRESENT_X,CAMERA_1,S_INTRODUCES_FEATURE,CAMERA_1,price,This one costs $450.,PRESENT_X,CAMERA_1,15~19
683,12,CAMERA_1,"['CAMERA_3', 'CAMERA_1']","{'CAMERA_1': ['resolution', 'weight', 'sensor_size', 'price', 'preset_modes'], 'CAMERA_2': [], 'CAMERA_3': ['color', 'sensor_size', 'effects']}",C_QUESTION_ABOUT_FEATURE,CAMERA_1,preset_modes,does it have preset modes,PRESENT_X,CAMERA_1,S_NOT_SURE,CAMERA_1,,I'm not really sure about that.,PRESENT_X,CAMERA_1,
683,13,NONE,"['CAMERA_3', 'CAMERA_1']","{'CAMERA_1': ['resolution', 'weight', 'sensor_size', 'price', 'preset_modes'], 'CAMERA_2': [], 'CAMERA_3': ['color', 'sensor_size', 'effects']}",C_THANK_YOU,CAMERA_1,NONE,thanks very much,PRESENT_X,CAMERA_1,S_THANK_YOU,CAMERA_1,NONE,thank you very much.,FACE_TO_FACE,NONE,
683,14,NONE,"['CAMERA_3', 'CAMERA_1']","{'CAMERA_1': ['resolution', 'weight', 'sensor_size', 'price', 'preset_modes'], 'CAMERA_2': [], 'CAMERA_3': ['color', 'sensor_size', 'effects']}",C_LEAVES,DOOR,NONE,,FACE_TO_FACE,NONE,S_RETURNS_TO_COUNTER,SERVICE_COUNTER,NONE,,WAITING,NONE,
684,1,NONE,[],"{'CAMERA_1': [], 'CAMERA_2': [], 'CAMERA_3': []}",C_ENTERS,DOOR,NONE,,WAITING,NONE,S_NONE,SERVICE_COUNTER,NONE,,WAITING,NONE,
684,2,NONE,[],"{'CAMERA_1': [], 'CAMERA_2': [], 'CAMERA_3': []}",C_WALKS_TO_CAMERA,CAMERA_3,NONE,,WAITING,NONE,S_GREETS,CAMERA_3,NONE,can I help you?,FACE_TO_FACE,NONE,
684,3,CAMERA_3,['CAMERA_3'],"{'CAMERA_1': [], 'CAMERA_2': [], 'CAMERA_3': []}",C_LOOKING_FOR_A_CAMERA,CAMERA_3,NONE,I am looking for camera,FACE_TO_FACE,NONE,S_INTRODUCES_CAMERA,CAMERA_3,,Let me show you this. Here we have the Fujifilm PowerShot ELPH S2800.,PRESENT_X,CAMERA_3,39~68
684,4,CAMERA_3,['CAMERA_3'],"{'CAMERA_1': [], 'CAMERA_2': [], 'CAMERA_3': ['effects']}",C_SILENT_OR_BACKCHANNEL,CAMERA_3,NONE,okay that sounds good,PRESENT_X,CAMERA_3,S_INTRODUCES_FEATURE,CAMERA_3,effects,"This one has 21 photo effects (small face, retro, big eyes, etc.).",PRESENT_X,CAMERA_3,13~65
684,5,CAMERA_1,"['CAMERA_3', 'CAMERA_1']","{'CAMERA_1': [], 'CAMERA_2': [], 'CAMERA_3': ['effects']}",C_ANYTHING_ELSE_AVAILABLE,CAMERA_3,NONE,So this is the only model you have in your shop,PRESENT_X,CAMERA_3,S_INTRODUCES_CAMERA,CAMERA_1,,Let me show you this. Here we have the Sony PowerShot ELPH DMC-ZS3.,PRESENT_X,CAMERA_1,39~66
684,6,CAMERA_1,"['CAMERA_3', 'CAMERA_1']","{'CAMERA_1': ['autofocus_points'], 'CAMERA_2': [], 'CAMERA_3': ['effects']}",C_QUESTION_ABOUT_FEATURE,CAMERA_1,autofocus_points,and how many autofocus points does it have,PRESENT_X,CAMERA_1,S_ANSWERS_QUESTION_ABOUT_FEATURE,CAMERA_1,autofocus_points,This one has 135 autofocus points.,PRESENT_X,CAMERA_1,13~33
684,7,CAMERA_1,"['CAMERA_3', 'CAMERA_1']","{'CAMERA_1': ['autofocus_points', 'optical_zoom'], 'CAMERA_2': [], 'CAMERA_3': ['effects']}",C_QUESTION_ABOUT_FEATURE,CAMERA_1,optical_zoom,does it have optical zoom,PRESENT_X,CAMERA_1,S_ANSWERS_QUESTION_ABOUT_FEATURE,CAMERA_1,optical_zoom,This one has 21x optical zoom.,PRESENT_X,CAMERA_1,13~29
684,8,NONE,"['CAMERA_3', 'CAMERA_1']","{'CAMERA_1': ['autofocus_points', 'optical_zoom'], 'CAMERA_2': [], 'CAMERA_3': ['effects']}",C_THANK_YOU,CAMERA_1,NONE,thank you very much,PRESENT_X,CAMERA_1,S_THANK_YOU,CAMERA_1,NONE,thank you very much.,FACE_TO_FACE,NONE,
684,9,NONE,"['CAMERA_3', 'CAMERA_1']","{'CAMERA_1': ['autofocus_points', 'optical_zoom'], 'CAMERA_2': [], 'CAMERA_3': ['effects']}",C_LEAVES,DOOR,NONE,,FACE_TO_FACE,NONE,S_RETURNS_TO_COUNTER,SERVICE_COUNTER,NONE,,WAITING,NONE,
685,1,NONE,[],"{'CAMERA_1': [], 'CAMERA_2': [], 'CAMERA_3': []}",C_ENTERS,DOOR,NONE,,WAITING,NONE,S_NONE,SERVICE_COUNTER,NONE,,WAITING,NONE,
685,2,NONE,[],"{'CAMERA_1': [], 'CAMERA_2': [], 'CAMERA_3': []}",C_GREETS,MIDDLE,NONE,excuse me you have two other cameras which is cheapest,WAITING,NONE,S_GREETS,MIDDLE,NONE,can I help you?,FACE_TO_FACE,NONE,
685,3,CAMERA_2,['CAMERA_2'],"{'CAMERA_1': [], 'CAMERA_2': [], 'CAMERA_3': []}",C_LOOKING_FOR_A_CAMERA,MIDDLE,NONE,hi good afternoon I'm looking to buy a new camera,FACE_TO_FACE,NONE,S_INTRODUCES_CAMERA,CAMERA_2,,Let me show you this. Here we have the Fujifilm Lumix ILC Camera.,PRESENT_X,CAMERA_2,39~64
685,4,CAMERA_2,['CAMERA_2'],"{'CAMERA_1': [], 'CAMERA_2': ['sensor_size'], 'CAMERA_3': []}",C_QUESTION_ABOUT_FEATURE,CAMERA_2,sensor_size,when the sensor size what is the sensor size on this,PRESENT_X,CAMERA_2,S_ANSWERS_QUESTION_ABOUT_FEATURE,CAMERA_2,sensor_size,This one has a 1/2.33 inch sensor.,PRESENT_X,CAMERA_2,15~33
685,5,NONE,['CAMERA_2'],"{'CAMERA_1': [], 'CAMERA_2': ['sensor_size'], 'CAMERA_3': []}",C_THANK_YOU,CAMERA_2,NONE,thank you for your time,PRESENT_X,CAMERA_2,S_THANK_YOU,CAMERA_2,NONE,thank you very much.,FACE_TO_FACE,NONE,
685,6,NONE,['CAMERA_2'],"{'CAMERA_1': [], 'CAMERA_2': ['sensor_size'], 'CAMERA_3': []}",C_LEAVES,DOOR,NONE,,FACE_TO_FACE,NONE,S_RETURNS_TO_COUNTER,SERVICE_COUNTER,NONE,,WAITING,NONE,
686,1,NONE,[],"{'CAMERA_1': [], 'CAMERA_2': [], 'CAMERA_3': []}",C_ENTERS,DOOR,NONE,,WAITING,NONE,S_NONE,SERVICE_COUNTER,NONE,,WAITING,NONE,
686,2,NONE,[],"{'CAMERA_1': [], 'CAMERA_2': [], 'CAMERA_3': []}",C_GREETS,MIDDLE,NONE,excuse me,WAITING,NONE,S_GREETS,MIDDLE,NONE,can I help you?,FACE_TO_FACE,NONE,
686,3,CAMERA_2,['CAMERA_2'],"{'CAMERA_1': [], 'CAMERA_2': [], 'CAMERA_3': []}",C_LOOKING_FOR_A_CAMERA,MIDDLE,NONE,you know I want a good camera can you suggest me,FACE_TO_FACE,NONE,S_INTRODUCES_CAMERA,CAMERA_2,,Let me show you this. Here we have the Fujifilm Lumix ILC Camera.,PRESENT_X,CAMERA_2,39~64
686,4,CAMERA_2,['CAMERA_2'],"{'CAMERA_1': [], 'CAMERA_2': ['long_exposure'], 'CAMERA_3': []}",C_QUESTION_ABOUT_FEATURE,CAMERA_2,long_exposure,what's the long exposure,PRESENT_X,CAMERA_2,S_ANSWERS_QUESTION_ABOUT_FEATURE,CAMERA_2,long_exposure,This one can take long exposures up to 60 minutes max with bulb mode.,PRESENT_X,CAMERA_2,39~68
686,5,NONE,['CAMERA_2'],"{'CAMERA_1': [], 'CAMERA_2': ['long_exposure'], 'CAMERA_3': []}",C_THANK_YOU,CAMERA_2,NONE,thank you,PRESENT_X,CAMERA_2,S_THANK_YOU,CAMERA_2,NONE,thank you very much.,FACE_TO_FACE,NONE,
686,6,NONE,['CAMERA_2'],"{'CAMERA_1': [], 'CAMERA_2': ['long_exposure'], 'CAMERA_3': []}",C_LEAVES,DOOR,NONE,,FACE_TO_FACE,NONE,S_RETURNS_TO_COUNTER,SERVICE_COUNTER,NONE,,WAITING,NONE,
687,1,NONE,[],"{'CAMERA_1': [], 'CAMERA_2': [], 'CAMERA_3': []}",C_ENTERS,DOOR,NONE,,WAITING,NONE,S_NONE,SERVICE_COUNTER,NONE,,WAITING,NONE,
687,2,NONE,[],"{'CAMERA_1': [], 'CAMERA_2': [], 'CAMERA_3': []}",C_GREETS,MIDDLE,NONE,hello,WAITING,NONE,S_GREETS,MIDDLE,NONE,can I help you?,FACE_TO_FACE,NONE,
687,3,CAMERA_3,['CAMERA_3'],"{'CAMERA_1': [], 'CAMERA_2': [], 'CAMERA_3': []}",C_LOOKING_FOR_A_CAMERA,MIDDLE,NONE,ho hey just looking for a camera something more high end,FACE_TO_FACE,NONE,S_INTRODUCES_CAMERA,CAMERA_3,,Let me show you this. Here we have the Fujifilm PowerShot ELPH S2800.,PRESENT_X,CAMERA_3,39~68
687,4,CAMERA_3,['CAMERA_3'],"{'CAMERA_1': [], 'CAMERA_2': [], 'CAMERA_3': ['color']}",C_QUESTION_ABOUT_FEATURE,CAMERA_3,color,what color do you have,PRESENT_X,CAMERA_3,S_ANSWERS_QUESTION_ABOUT_FEATURE,CAMERA_3,color,"This one comes in purple, white, silver, blue, red, or pink.",PRESENT_X,CAMERA_3,18~59
687,5,CAMERA_3,['CAMERA_3'],"{'CAMERA_1': [], 'CAMERA_2': [], 'CAMERA_3': ['color', 'optical_zoom']}",C_QUESTION_ABOUT_FEATURE,CAMERA_3,optical_zoom,how's the zoom on it,PRESENT_X,CAMERA_3,S_NOT_SURE,CAMERA_3,,I'm not really sure about that.,PRESENT_X,CAMERA_3,
687,6,CAMERA_3,['CAMERA_3'],"{'CAMERA_1': [], 'CAMERA_2': [], 'CAMERA_3': ['color', 'optical_zoom', 'preset_modes']}",C_SILENT_OR_BACKCHANNEL,CAMERA_3,NONE,IC,PRESENT_X,CAMERA_3,S_INTRODUCES_FEATURE,CAMERA_3,preset_modes,This one has various preset modes.,PRESENT_X,CAMERA_3,13~33
687,7,NONE,['CAMERA_3'],"{'CAMERA_1': [], 'CAMERA_2': [], 'CAMERA_3': ['color', 'optical_zoom', 'preset_modes']}",C_THANK_YOU,CAMERA_3,NONE,thank you,PRESENT_X,CAMERA_3,S_THANK_YOU,CAMERA_3,NONE,thank you very much.,FACE_TO_FACE,NONE,
687,8,NONE,['CAMERA_3'],"{'CAMERA_1': [], 'CAMERA_2': [], 'CAMERA_3': ['color', 'optical_zoom', 'preset_modes']}",C_LEAVES,DOOR,NONE,,FACE_TO_FACE,NONE,S_RETURNS_TO_COUNTER,SERVICE_COUNTER,NONE,,WAITING,NONE,
688,1,NONE,[],"{'CAMERA_1': [], 'CAMERA_2': [], 'CAMERA_3': []}",C_ENTERS,DOOR,NONE,,WAITING,NONE,S_NONE,SERVICE_COUNTER,NONE,,WAITING,NONE,
688,2,NONE,[],"{'CAMERA_1': [], 'CAMERA_2': [], 'CAMERA_3': []}",C_GREETS,MIDDLE,NONE,hi,WAITING,NONE,S_GREETS,MIDDLE,NONE,can I help you?,FACE_TO_FACE,NONE,
688,3,CAMERA_2,['CAMERA_2'],"{'CAMERA_1': [], 'CAMERA_2': [], 'CAMERA_3': []}",C_LOOKING_FOR_A_CAMERA,MIDDLE,NONE,I want a All Around camera I try to use my smartphone but the pictures don't come out so good,FACE_TO_FACE,NONE,S_INTRODUCES_CAMERA,CAMERA_2,,Let me show you this. Here we have the Fujifilm Lumix ILC Camera.,PRESENT_X,CAMERA_2,39~64
688,4,CAMERA_2,['CAMERA_2'],"{'CAMERA_1': [], 'CAMERA_2': ['long_exposure'], 'CAMERA_3': []}",C_QUESTION_ABOUT_FEATURE,CAMERA_2,long_exposure,hey what about the exposure,PRESENT_X,CAMERA_2,S_ANSWERS_QUESTION_ABOUT_FEATURE,CAMERA_2,long_exposure,This one can take long exposures up to 60 minutes max with bulb mode.,PRESENT_X,CAMERA_2,39~68
688,5,CAMERA_2,['CAMERA_2'],"{'CAMERA_1': [], 'CAMERA_2': ['long_exposure', 'resolution'], 'CAMERA_3': []}",C_QUESTION_ABOUT_FEATURE,CAMERA_2,resolution,um how about the megapixels for the camera,PRESENT_X,CAMERA_2,S_ANSWERS_QUESTION_ABOUT_FEATURE,CAMERA_2,resolution,This one has 23.8 megapixels resolution.,PRESENT_X,CAMERA_2,13~28
688,6,CAMERA_2,['CAMERA_2'],"{'CAMERA_1': [], 'CAMERA_2': ['long_exposure', 'resolution', 'sensor_size'], 'CAMERA_3': []}",C_SILENT_OR_BACKCHANNEL,CAMERA_2,NONE,this camera sounds pretty good,PRESENT_X,CAMERA_2,S_INTRODUCES_FEATURE,CAMERA_2,sensor_size,This one has a 1/2.33 inch sensor.,PRESENT_X,CAMERA_2,15~33
688,7,CAMERA_2,['CAMERA_2'],"{'CAMERA_1': [], 'CAMERA_2': ['long_exposure', 'resolution', 'sensor_size', 'weight'], 'CAMERA_3': []}",C_QUESTION_ABOUT_FEATURE,CAMERA_2,weight,girls pretty hard pretty big how much does it weigh,PRESENT_X,CAMERA_2,S_ANSWERS_QUESTION_ABOUT_FEATURE,CAMERA_2,weight,This one weighs 820 grams.,PRESENT_X,CAMERA_2,16~25
688,8,CAMERA_2,['CAMERA_2'],"{'CAMERA_1': [], 'CAMERA_2': ['long_exposure', 'resolution', 'sensor_size', 'weight', 'color'], 'CAMERA_3': []}",C_SILENT_OR_BACKCHANNEL,CAMERA_2,NONE,IC,PRESENT_X,CAMERA_2,S_INTRODUCES_FEATURE,CAMERA_2,color,This one comes in white or pink.,PRESENT_X,CAMERA_2,18~31
688,9,CAMERA_2,['CAMERA_2'],"{'CAMERA_1': [], 'CAMERA_2': ['long_exposure', 'resolution', 'sensor_size', 'weight', 'color', 'price'], 'CAMERA_3': []}",C_SILENT_OR_BACKCHANNEL,CAMERA_2,NONE,wow that's really interesting ,PRESENT_X,CAMERA_2,S_INTRODUCES_FEATURE,CAMERA_2,price,This one costs $768.,PRESENT_X,CAMERA_2,15~19
688,10,CAMERA_3,"['CAMERA_2', 'CAMERA_3']","{'CAMERA_1': [], 'CAMERA_2': ['long_exposure', 'resolution', 'sensor_size', 'weight', 'color', 'price'], 'CAMERA_3': []}",C_ANYTHING_ELSE_AVAILABLE,CAMERA_2,NONE,Do you have any other cameras under $300,PRESENT_X,CAMERA_2,S_INTRODUCES_CAMERA,CAMERA_3,,Let me show you this. Here we have the Fujifilm PowerShot ELPH S2800.,PRESENT_X,CAMERA_3,39~68
688,11,CAMERA_3,"['CAMERA_2', 'CAMERA_3']","{'CAMERA_1': [], 'CAMERA_2': ['long_exposure', 'resolution', 'sensor_size', 'weight', 'color', 'price'], 'CAMERA_3': ['price']}",C_SILENT_OR_BACKCHANNEL,CAMERA_3,NONE,okay,PRESENT_X,CAMERA_3,S_INTRODUCES_FEATURE,CAMERA_3,price,This one costs $518.,PRESENT_X,CAMERA_3,15~19
688,12,CAMERA_3,"['CAMERA_2', 'CAMERA_3']","{'CAMERA_1': [], 'CAMERA_2': ['long_exposure', 'resolution', 'sensor_size', 'weight', 'color', 'price'], 'CAMERA_3': ['price', 'sensor_size']}",C_QUESTION_ABOUT_FEATURE,CAMERA_3,sensor_size,and what about the sense of sight,PRESENT_X,CAMERA_3,S_ANSWERS_QUESTION_ABOUT_FEATURE,CAMERA_3,sensor_size,This one has a full frame.,PRESENT_X,CAMERA_3,15~25
688,13,CAMERA_3,"['CAMERA_2', 'CAMERA_3']","{'CAMERA_1': [], 'CAMERA_2': ['long_exposure', 'resolution', 'sensor_size', 'weight', 'color', 'price'], 'CAMERA_3': ['price', 'sensor_size', 'camera_type']}",C_QUESTION_ABOUT_FEATURE,CAMERA_3,camera_type,Is this a mirrorless camera?,PRESENT_X,CAMERA_3,S_ANSWERS_QUESTION_ABOUT_FEATURE,CAMERA_3,camera_type,This is a point and shoot camera.,PRESENT_X,CAMERA_3,10~25
688,14,CAMERA_3,"['CAMERA_2', 'CAMERA_3']","{'CAMERA_1': [], 'CAMERA_2': ['long_exposure', 'resolution', 'sensor_size', 'weight', 'color', 'price'], 'CAMERA_3': ['price', 'sensor_size', 'camera_type', 'optical_zoom']}",C_QUESTION_ABOUT_FEATURE,CAMERA_3,optical_zoom,okay an optical zoom what does this,PRESENT_X,CAMERA_3,S_NOT_SURE,CAMERA_3,,I'm not really sure about that.,PRESENT_X,CAMERA_3,
688,15,CAMERA_3,"['CAMERA_2', 'CAMERA_3']","{'CAMERA_1': [], 'CAMERA_2': ['long_exposure', 'resolution', 'sensor_size', 'weight', 'color', 'price'], 'CAMERA_3': ['price', 'sensor_size', 'camera_type', 'optical_zoom', 'weight']}",C_QUESTION_ABOUT_FEATURE,CAMERA_3,weight,Red will be nice and how heavy is this,PRESENT_X,CAMERA_3,S_ANSWERS_QUESTION_ABOUT_FEATURE,CAMERA_3,weight,This one weighs 820 grams.,PRESENT_X,CAMERA_3,16~25
688,16,CAMERA_3,"['CAMERA_2', 'CAMERA_3']","{'CAMERA_1': [], 'CAMERA_2': ['long_exposure', 'resolution', 'sensor_size', 'weight', 'color', 'price'], 'CAMERA_3': ['price', 'sensor_size', 'camera_type', 'optical_zoom', 'weight', 'settings']}",C_QUESTION_ABOUT_FEATURE,CAMERA_3,settings,how many manual settings is it outside,PRESENT_X,CAMERA_3,S_ANSWERS_QUESTION_ABOUT_FEATURE,CAMERA_3,settings,"This one has manual control and various automatic settings (video modeburst shooting, etc.).",PRESENT_X,CAMERA_3,13~91
688,17,CAMERA_3,"['CAMERA_2', 'CAMERA_3']","{'CAMERA_1': [], 'CAMERA_2': ['long_exposure', 'resolution', 'sensor_size', 'weight', 'color', 'price'], 'CAMERA_3': ['price', 'sensor_size', 'camera_type', 'optical_zoom', 'weight', 'settings', 'ISO']}",C_SILENT_OR_BACKCHANNEL,CAMERA_3,NONE,great cash,PRESENT_X,CAMERA_3,S_INTRODUCES_FEATURE,CAMERA_3,ISO,This one has up to 3200 ISO with little noise.,PRESENT_X,CAMERA_3,13~45
688,18,CAMERA_3,"['CAMERA_2', 'CAMERA_3']","{'CAMERA_1': [], 'CAMERA_2': ['long_exposure', 'resolution', 'sensor_size', 'weight', 'color', 'price'], 'CAMERA_3': ['price', 'sensor_size', 'camera_type', 'optical_zoom', 'weight', 'settings', 'ISO', 'effects']}",C_SILENT_OR_BACKCHANNEL,CAMERA_3,NONE,the picture is very nice,PRESENT_X,CAMERA_3,S_INTRODUCES_FEATURE,CAMERA_3,effects,"This one has 21 photo effects (small face, retro, big eyes, etc.).",PRESENT_X,CAMERA_3,13~65
688,19,CAMERA_3,"['CAMERA_2', 'CAMERA_3']","{'CAMERA_1': [], 'CAMERA_2': ['long_exposure', 'resolution', 'sensor_size', 'weight', 'color', 'price'], 'CAMERA_3': ['price', 'sensor_size', 'camera_type', 'optical_zoom', 'weight', 'settings', 'ISO', 'effects', 'long_exposure']}",C_QUESTION_ABOUT_FEATURE,CAMERA_3,long_exposure,what's the long exposure,PRESENT_X,CAMERA_3,S_ANSWERS_QUESTION_ABOUT_FEATURE,CAMERA_3,long_exposure,This one can take long exposures up to 30 minutes max with bulb mode.,PRESENT_X,CAMERA_3,39~68
688,20,CAMERA_3,"['CAMERA_2', 'CAMERA_3']","{'CAMERA_1': [], 'CAMERA_2': ['long_exposure', 'resolution', 'sensor_size', 'weight', 'color', 'price'], 'CAMERA_3': ['price', 'sensor_size', 'camera_type', 'optical_zoom', 'weight', 'settings', 'ISO', 'effects', 'long_exposure', 'color']}",C_SILENT_OR_BACKCHANNEL,CAMERA_3,NONE,I'm looking at this dslr it looks pretty good,PRESENT_X,CAMERA_3,S_INTRODUCES_FEATURE,CAMERA_3,color,"This one comes in purple, white, silver, blue, red, or pink.",PRESENT_X,CAMERA_3,18~59
688,21,CAMERA_1,"['CAMERA_2', 'CAMERA_3', 'CAMERA_1']","{'CAMERA_1': [], 'CAMERA_2': ['long_exposure', 'resolution', 'sensor_size', 'weight', 'color', 'price'], 'CAMERA_3': ['price', 'sensor_size', 'camera_type', 'optical_zoom', 'weight', 'settings', 'ISO', 'effects', 'long_exposure', 'color']}",C_ANYTHING_ELSE_AVAILABLE,CAMERA_3,NONE,Do you have any other cameras under $300,PRESENT_X,CAMERA_3,S_INTRODUCES_CAMERA,CAMERA_1,,Let me show you this. Here we have the Sony PowerShot ELPH DMC-ZS3.,PRESENT_X,CAMERA_1,39~66
688,22,CAMERA_1,"['CAMERA_2', 'CAMERA_3', 'CAMERA_1']","{'CAMERA_1': ['long_exposure'], 'CAMERA_2': ['long_exposure', 'resolution', 'sensor_size', 'weight', 'color', 'price'], 'CAMERA_3': ['price', 'sensor_size', 'camera_type', 'optical_zoom', 'weight', 'settings', 'ISO', 'effects', 'long_exposure', 'color']}",C_QUESTION_ABOUT_FEATURE,CAMERA_1,long_exposure,Is this support for long exposure,PRESENT_X,CAMERA_1,S_ANSWERS_QUESTION_ABOUT_FEATURE,CAMERA_1,long_exposure,This one can take long exposures up to up to 15 seconds with Long Shutter Mode.,PRESENT_X,CAMERA_1,39~78
688,23,CAMERA_1,"['CAMERA_2', 'CAMERA_3', 'CAMERA_1']","{'CAMERA_1': ['long_exposure', 'autofocus_points'], 'CAMERA_2': ['long_exposure', 'resolution', 'sensor_size', 'weight', 'color', 'price'], 'CAMERA_3': ['price', 'sensor_size', 'camera_type', 'optical_zoom', 'weight', 'settings', 'ISO', 'effects', 'long_exposure', 'color']}",C_SILENT_OR_BACKCHANNEL,CAMERA_1,NONE,okay I guess this one's got a pretty good sense size,PRESENT_X,CAMERA_1,S_INTRODUCES_FEATURE,CAMERA_1,autofocus_points,This one has 135 autofocus points.,PRESENT_X,CAMERA_1,13~33
688,24,CAMERA_1,"['CAMERA_2', 'CAMERA_3', 'CAMERA_1']","{'CAMERA_1': ['long_exposure', 'autofocus_points', 'camera_type'], 'CAMERA_2': ['long_exposure', 'resolution', 'sensor_size', 'weight', 'color', 'price'], 'CAMERA_3': ['price', 'sensor_size', 'camera_type', 'optical_zoom', 'weight', 'settings', 'ISO', 'effects', 'long_exposure', 'color']}",C_SILENT_OR_BACKCHANNEL,CAMERA_1,NONE,ok,PRESENT_X,CAMERA_1,S_INTRODUCES_FEATURE,CAMERA_1,camera_type,This is a DSLR camera.,PRESENT_X,CAMERA_1,10~14
688,25,NONE,"['CAMERA_2', 'CAMERA_3', 'CAMERA_1']","{'CAMERA_1': ['long_exposure', 'autofocus_points', 'camera_type'], 'CAMERA_2': ['long_exposure', 'resolution', 'sensor_size', 'weight', 'color', 'price'], 'CAMERA_3': ['price', 'sensor_size', 'camera_type', 'optical_zoom', 'weight', 'settings', 'ISO', 'effects', 'long_exposure', 'color']}",C_THANK_YOU,CAMERA_1,NONE,Thanks,PRESENT_X,CAMERA_1,S_THANK_YOU,CAMERA_1,NONE,thank you very much.,FACE_TO_FACE,NONE,
688,26,NONE,"['CAMERA_2', 'CAMERA_3', 'CAMERA_1']","{'CAMERA_1': ['long_exposure', 'autofocus_points', 'camera_type'], 'CAMERA_2': ['long_exposure', 'resolution', 'sensor_size', 'weight', 'color', 'price'], 'CAMERA_3': ['price', 'sensor_size', 'camera_type', 'optical_zoom', 'weight', 'settings', 'ISO', 'effects', 'long_exposure', 'color']}",C_LEAVES,DOOR,NONE,,FACE_TO_FACE,NONE,S_RETURNS_TO_COUNTER,SERVICE_COUNTER,NONE,,WAITING,NONE,
689,1,NONE,[],"{'CAMERA_1': [], 'CAMERA_2': [], 'CAMERA_3': []}",C_ENTERS,DOOR,NONE,,WAITING,NONE,S_NONE,SERVICE_COUNTER,NONE,,WAITING,NONE,
689,2,NONE,[],"{'CAMERA_1': [], 'CAMERA_2': [], 'CAMERA_3': []}",C_WALKS_TO_CAMERA,CAMERA_2,NONE,,WAITING,NONE,S_GREETS,CAMERA_2,NONE,can I help you?,FACE_TO_FACE,NONE,
689,3,CAMERA_1,['CAMERA_1'],"{'CAMERA_1': [], 'CAMERA_2': [], 'CAMERA_3': []}",C_LOOKING_FOR_A_CAMERA,CAMERA_2,NONE,well I am looking for a camera but I'm not sure what to buy,FACE_TO_FACE,NONE,S_INTRODUCES_CAMERA,CAMERA_1,,Let me show you this. Here we have the Sony PowerShot ELPH DMC-ZS3.,PRESENT_X,CAMERA_1,39~66
689,4,CAMERA_1,['CAMERA_1'],"{'CAMERA_1': ['settings'], 'CAMERA_2': [], 'CAMERA_3': []}",C_QUESTION_ABOUT_FEATURE,CAMERA_1,settings,is this full manual,PRESENT_X,CAMERA_1,S_ANSWERS_QUESTION_ABOUT_FEATURE,CAMERA_1,settings,This one has limited manual settings.,PRESENT_X,CAMERA_1,13~36
689,5,CAMERA_1,['CAMERA_1'],"{'CAMERA_1': ['settings', 'preset_modes'], 'CAMERA_2': [], 'CAMERA_3': []}",C_QUESTION_ABOUT_FEATURE,CAMERA_1,preset_modes,what about the modes,PRESENT_X,CAMERA_1,S_NOT_SURE,CAMERA_1,,I'm not really sure about that.,PRESENT_X,CAMERA_1,
689,6,CAMERA_1,['CAMERA_1'],"{'CAMERA_1': ['settings', 'preset_modes', 'optical_zoom'], 'CAMERA_2': [], 'CAMERA_3': []}",C_SILENT_OR_BACKCHANNEL,CAMERA_1,NONE,okay let me see,PRESENT_X,CAMERA_1,S_INTRODUCES_FEATURE,CAMERA_1,optical_zoom,This one has 21x optical zoom.,PRESENT_X,CAMERA_1,13~29
689,7,NONE,['CAMERA_1'],"{'CAMERA_1': ['settings', 'preset_modes', 'optical_zoom'], 'CAMERA_2': [], 'CAMERA_3': []}",C_THANK_YOU,CAMERA_1,NONE,that sounds good okay thank you,PRESENT_X,CAMERA_1,S_THANK_YOU,CAMERA_1,NONE,thank you very much.,FACE_TO_FACE,NONE,
689,8,NONE,['CAMERA_1'],"{'CAMERA_1': ['settings', 'preset_modes', 'optical_zoom'], 'CAMERA_2': [], 'CAMERA_3': []}",C_LEAVES,DOOR,NONE,,FACE_TO_FACE,NONE,S_RETURNS_TO_COUNTER,SERVICE_COUNTER,NONE,,WAITING,NONE,
690,1,NONE,[],"{'CAMERA_1': [], 'CAMERA_2': [], 'CAMERA_3': []}",C_ENTERS,DOOR,NONE,,WAITING,NONE,S_NONE,SERVICE_COUNTER,NONE,,WAITING,NONE,
690,2,NONE,[],"{'CAMERA_1': [], 'CAMERA_2': [], 'CAMERA_3': []}",C_GREETS,MIDDLE,NONE,hello,WAITING,NONE,S_GREETS,MIDDLE,NONE,can I help you?,FACE_TO_FACE,NONE,
690,3,CAMERA_3,['CAMERA_3'],"{'CAMERA_1': [], 'CAMERA_2': [], 'CAMERA_3': []}",C_LOOKING_FOR_A_CAMERA,MIDDLE,NONE,hi good afternoon I'm starting college next semester and I'll be taking at school need a camera that has professional pictures,FACE_TO_FACE,NONE,S_INTRODUCES_CAMERA,CAMERA_3,,Let me show you this. Here we have the Fujifilm PowerShot ELPH S2800.,PRESENT_X,CAMERA_3,39~68
690,4,CAMERA_3,['CAMERA_3'],"{'CAMERA_1': [], 'CAMERA_2': [], 'CAMERA_3': ['effects']}",C_SILENT_OR_BACKCHANNEL,CAMERA_3,NONE,this camera looks good how high does the iso go,PRESENT_X,CAMERA_3,S_INTRODUCES_FEATURE,CAMERA_3,effects,"This one has 21 photo effects (small face, retro, big eyes, etc.).",PRESENT_X,CAMERA_3,13~65
690,5,NONE,['CAMERA_3'],"{'CAMERA_1': [], 'CAMERA_2': [], 'CAMERA_3': ['effects']}",C_THANK_YOU,CAMERA_3,NONE,I see ok thank you very much,PRESENT_X,CAMERA_3,S_THANK_YOU,CAMERA_3,NONE,thank you very much.,FACE_TO_FACE,NONE,
690,6,NONE,['CAMERA_3'],"{'CAMERA_1': [], 'CAMERA_2': [], 'CAMERA_3': ['effects']}",C_LEAVES,DOOR,NONE,,FACE_TO_FACE,NONE,S_RETURNS_TO_COUNTER,SERVICE_COUNTER,NONE,,WAITING,NONE,
691,1,NONE,[],"{'CAMERA_1': [], 'CAMERA_2': [], 'CAMERA_3': []}",C_ENTERS,DOOR,NONE,,WAITING,NONE,S_NONE,SERVICE_COUNTER,NONE,,WAITING,NONE,
691,2,NONE,[],"{'CAMERA_1': [], 'CAMERA_2': [], 'CAMERA_3': []}",C_GREETS,MIDDLE,NONE,excuse me,WAITING,NONE,S_GREETS,MIDDLE,NONE,can I help you?,FACE_TO_FACE,NONE,
691,3,CAMERA_1,['CAMERA_1'],"{'CAMERA_1': [], 'CAMERA_2': [], 'CAMERA_3': []}",C_LOOKING_FOR_A_CAMERA,MIDDLE,NONE,I'm here to see the cameras I want a new one,FACE_TO_FACE,NONE,S_INTRODUCES_CAMERA,CAMERA_1,,Let me show you this. Here we have the Sony PowerShot ELPH DMC-ZS3.,PRESENT_X,CAMERA_1,39~66
691,4,CAMERA_1,['CAMERA_1'],"{'CAMERA_1': ['ISO'], 'CAMERA_2': [], 'CAMERA_3': []}",C_QUESTION_ABOUT_FEATURE,CAMERA_1,ISO,okay And they ISO,PRESENT_X,CAMERA_1,S_ANSWERS_QUESTION_ABOUT_FEATURE,CAMERA_1,ISO,This one has up to 51200 ISO.,PRESENT_X,CAMERA_1,13~28
691,5,CAMERA_1,['CAMERA_1'],"{'CAMERA_1': ['ISO', 'sensor_size'], 'CAMERA_2': [], 'CAMERA_3': []}",C_QUESTION_ABOUT_FEATURE,CAMERA_1,sensor_size,what about it census ice,PRESENT_X,CAMERA_1,S_ANSWERS_QUESTION_ABOUT_FEATURE,CAMERA_1,sensor_size,This one has a 1/2.3 inch CMOS sensor.,PRESENT_X,CAMERA_1,15~37
691,6,CAMERA_1,['CAMERA_1'],"{'CAMERA_1': ['ISO', 'sensor_size', 'price'], 'CAMERA_2': [], 'CAMERA_3': []}",C_SILENT_OR_BACKCHANNEL,CAMERA_1,NONE,I get,PRESENT_X,CAMERA_1,S_INTRODUCES_FEATURE,CAMERA_1,price,This one costs $450.,PRESENT_X,CAMERA_1,15~19
691,7,CAMERA_1,['CAMERA_1'],"{'CAMERA_1': ['ISO', 'sensor_size', 'price', 'color'], 'CAMERA_2': [], 'CAMERA_3': []}",C_SILENT_OR_BACKCHANNEL,CAMERA_1,NONE,sounds good,PRESENT_X,CAMERA_1,S_INTRODUCES_FEATURE,CAMERA_1,color,This one comes in blue or black.,PRESENT_X,CAMERA_1,18~31
691,8,CAMERA_1,['CAMERA_1'],"{'CAMERA_1': ['ISO', 'sensor_size', 'price', 'color', 'long_exposure'], 'CAMERA_2': [], 'CAMERA_3': []}",C_SILENT_OR_BACKCHANNEL,CAMERA_1,NONE,okay,PRESENT_X,CAMERA_1,S_INTRODUCES_FEATURE,CAMERA_1,long_exposure,This one can take long exposures up to up to 15 seconds with Long Shutter Mode.,PRESENT_X,CAMERA_1,39~78
691,9,CAMERA_1,['CAMERA_1'],"{'CAMERA_1': ['ISO', 'sensor_size', 'price', 'color', 'long_exposure', 'autofocus_points'], 'CAMERA_2': [], 'CAMERA_3': []}",C_SILENT_OR_BACKCHANNEL,CAMERA_1,NONE,IC,PRESENT_X,CAMERA_1,S_INTRODUCES_FEATURE,CAMERA_1,autofocus_points,This one has 135 autofocus points.,PRESENT_X,CAMERA_1,13~33
691,10,CAMERA_1,['CAMERA_1'],"{'CAMERA_1': ['ISO', 'sensor_size', 'price', 'color', 'long_exposure', 'autofocus_points', 'resolution'], 'CAMERA_2': [], 'CAMERA_3': []}",C_QUESTION_ABOUT_FEATURE,CAMERA_1,resolution,how many megapixels is this camera information of the resolution,PRESENT_X,CAMERA_1,S_ANSWERS_QUESTION_ABOUT_FEATURE,CAMERA_1,resolution,This one has 17.8 megapixels resolution.,PRESENT_X,CAMERA_1,13~28
691,11,CAMERA_1,['CAMERA_1'],"{'CAMERA_1': ['ISO', 'sensor_size', 'price', 'color', 'long_exposure', 'autofocus_points', 'resolution', 'weight'], 'CAMERA_2': [], 'CAMERA_3': []}",C_QUESTION_ABOUT_FEATURE,CAMERA_1,weight,okay I see and how much does it weigh,PRESENT_X,CAMERA_1,S_ANSWERS_QUESTION_ABOUT_FEATURE,CAMERA_1,weight,This one weighs 800 grams.,PRESENT_X,CAMERA_1,16~25
691,12,NONE,['CAMERA_1'],"{'CAMERA_1': ['ISO', 'sensor_size', 'price', 'color', 'long_exposure', 'autofocus_points', 'resolution', 'weight'], 'CAMERA_2': [], 'CAMERA_3': []}",C_THANK_YOU,CAMERA_1,NONE,thanks for your help today,PRESENT_X,CAMERA_1,S_THANK_YOU,CAMERA_1,NONE,thank you very much.,FACE_TO_FACE,NONE,
691,13,NONE,['CAMERA_1'],"{'CAMERA_1': ['ISO', 'sensor_size', 'price', 'color', 'long_exposure', 'autofocus_points', 'resolution', 'weight'], 'CAMERA_2': [], 'CAMERA_3': []}",C_LEAVES,DOOR,NONE,,FACE_TO_FACE,NONE,S_RETURNS_TO_COUNTER,SERVICE_COUNTER,NONE,,WAITING,NONE,
692,1,NONE,[],"{'CAMERA_1': [], 'CAMERA_2': [], 'CAMERA_3': []}",C_ENTERS,DOOR,NONE,,WAITING,NONE,S_NONE,SERVICE_COUNTER,NONE,,WAITING,NONE,
692,2,NONE,[],"{'CAMERA_1': [], 'CAMERA_2': [], 'CAMERA_3': []}",C_GREETS,MIDDLE,NONE,excuse me,WAITING,NONE,S_GREETS,MIDDLE,NONE,can I help you?,FACE_TO_FACE,NONE,
692,3,CAMERA_2,['CAMERA_2'],"{'CAMERA_1': [], 'CAMERA_2': [], 'CAMERA_3': []}",C_LOOKING_FOR_A_CAMERA,MIDDLE,NONE,I'm just looking for a basic camera to take selfies with,FACE_TO_FACE,NONE,S_INTRODUCES_CAMERA,CAMERA_2,,Let me show you this. Here we have the Fujifilm Lumix ILC Camera.,PRESENT_X,CAMERA_2,39~64
692,4,CAMERA_2,['CAMERA_2'],"{'CAMERA_1': [], 'CAMERA_2': ['long_exposure'], 'CAMERA_3': []}",C_QUESTION_ABOUT_FEATURE,CAMERA_2,long_exposure,I see and can you please tell me about the long exposure,PRESENT_X,CAMERA_2,S_ANSWERS_QUESTION_ABOUT_FEATURE,CAMERA_2,long_exposure,This one can take long exposures up to 60 minutes max with bulb mode.,PRESENT_X,CAMERA_2,39~68
692,5,CAMERA_2,['CAMERA_2'],"{'CAMERA_1': [], 'CAMERA_2': ['long_exposure', 'sensor_size'], 'CAMERA_3': []}",C_SILENT_OR_BACKCHANNEL,CAMERA_2,NONE,nice how much is a pricing,PRESENT_X,CAMERA_2,S_INTRODUCES_FEATURE,CAMERA_2,sensor_size,This one has a 1/2.33 inch sensor.,PRESENT_X,CAMERA_2,15~33
692,6,CAMERA_2,['CAMERA_2'],"{'CAMERA_1': [], 'CAMERA_2': ['long_exposure', 'sensor_size', 'camera_type'], 'CAMERA_3': []}",C_SILENT_OR_BACKCHANNEL,CAMERA_2,NONE,I see,PRESENT_X,CAMERA_2,S_INTRODUCES_FEATURE,CAMERA_2,camera_type,This is a digital single lens mirrorless camera.,PRESENT_X,CAMERA_2,10~40
692,7,NONE,['CAMERA_2'],"{'CAMERA_1': [], 'CAMERA_2': ['long_exposure', 'sensor_size', 'camera_type'], 'CAMERA_3': []}",C_THANK_YOU,CAMERA_2,NONE,thank you very much,PRESENT_X,CAMERA_2,S_THANK_YOU,CAMERA_2,NONE,thank you very much.,FACE_TO_FACE,NONE,
692,8,NONE,['CAMERA_2'],"{'CAMERA_1': [], 'CAMERA_2': ['long_exposure', 'sensor_size', 'camera_type'], 'CAMERA_3': []}",C_LEAVES,DOOR,NONE,,FACE_TO_FACE,NONE,S_RETURNS_TO_COUNTER,SERVICE_COUNTER,NONE,,WAITING,NONE,
693,1,NONE,[],"{'CAMERA_1': [], 'CAMERA_2': [], 'CAMERA_3': []}",C_ENTERS,DOOR,NONE,,WAITING,NONE,S_NONE,SERVICE_COUNTER,NONE,,WAITING,NONE,
693,2,NONE,[],"{'CAMERA_1': [], 'CAMERA_2': [], 'CAMERA_3': []}",C_WALKS_TO_CAMERA,CAMERA_3,NONE,,WAITING,NONE,S_GREETS,CAMERA_3,NONE,can I help you?,FACE_TO_FACE,NONE,
693,3,CAMERA_3,['CAMERA_3'],"{'CAMERA_1': [], 'CAMERA_2': [], 'CAMERA_3': []}",C_LOOKING_FOR_A_CAMERA,CAMERA_3,NONE,mmm I'm just browsing the camera for myself just something a little better than my camera,FACE_TO_FACE,NONE,S_INTRODUCES_CAMERA,CAMERA_3,,Let me show you this. Here we have the Fujifilm PowerShot ELPH S2800.,PRESENT_X,CAMERA_3,39~68
693,4,CAMERA_3,['CAMERA_3'],"{'CAMERA_1': [], 'CAMERA_2': [], 'CAMERA_3': ['weight']}",C_QUESTION_ABOUT_FEATURE,CAMERA_3,weight,one color and what's the weight on disk,PRESENT_X,CAMERA_3,S_ANSWERS_QUESTION_ABOUT_FEATURE,CAMERA_3,weight,This one weighs 820 grams.,PRESENT_X,CAMERA_3,16~25
693,5,CAMERA_3,['CAMERA_3'],"{'CAMERA_1': [], 'CAMERA_2': [], 'CAMERA_3': ['weight', 'price']}",C_SILENT_OR_BACKCHANNEL,CAMERA_3,NONE,it's not bad not bad,PRESENT_X,CAMERA_3,S_INTRODUCES_FEATURE,CAMERA_3,price,This one costs $518.,PRESENT_X,CAMERA_3,15~19
693,6,CAMERA_3,['CAMERA_3'],"{'CAMERA_1': [], 'CAMERA_2': [], 'CAMERA_3': ['weight', 'price', 'camera_type']}",C_QUESTION_ABOUT_FEATURE,CAMERA_3,camera_type,Is this a mirrorless camera?,PRESENT_X,CAMERA_3,S_ANSWERS_QUESTION_ABOUT_FEATURE,CAMERA_3,camera_type,This is a point and shoot camera.,PRESENT_X,CAMERA_3,10~25
693,7,CAMERA_3,['CAMERA_3'],"{'CAMERA_1': [], 'CAMERA_2': [], 'CAMERA_3': ['weight', 'price', 'camera_type', 'sensor_size']}",C_SILENT_OR_BACKCHANNEL,CAMERA_3,NONE,okay,PRESENT_X,CAMERA_3,S_INTRODUCES_FEATURE,CAMERA_3,sensor_size,This one has a full frame.,PRESENT_X,CAMERA_3,15~25
693,8,CAMERA_3,['CAMERA_3'],"{'CAMERA_1': [], 'CAMERA_2': [], 'CAMERA_3': ['weight', 'price', 'camera_type', 'sensor_size', 'autofocus_points']}",C_SILENT_OR_BACKCHANNEL,CAMERA_3,NONE,ok let me see,PRESENT_X,CAMERA_3,S_INTRODUCES_FEATURE,CAMERA_3,autofocus_points,This one has 214 autofocus points.,PRESENT_X,CAMERA_3,13~33
693,9,CAMERA_3,['CAMERA_3'],"{'CAMERA_1': [], 'CAMERA_2': [], 'CAMERA_3': ['weight', 'price', 'camera_type', 'sensor_size', 'autofocus_points', 'settings']}",C_QUESTION_ABOUT_FEATURE,CAMERA_3,settings,what kind of settings does it have,PRESENT_X,CAMERA_3,S_ANSWERS_QUESTION_ABOUT_FEATURE,CAMERA_3,settings,"This one has manual control and various automatic settings (video modeburst shooting, etc.).",PRESENT_X,CAMERA_3,13~91
693,10,NONE,['CAMERA_3'],"{'CAMERA_1': [], 'CAMERA_2': [], 'CAMERA_3': ['weight', 'price', 'camera_type', 'sensor_size', 'autofocus_points', 'settings']}",C_THANK_YOU,CAMERA_3,NONE,thank you for your help,PRESENT_X,CAMERA_3,S_THANK_YOU,CAMERA_3,NONE,thank you very much.,FACE_TO_FACE,NONE,
693,11,NONE,['CAMERA_3'],"{'CAMERA_1': [], 'CAMERA_2': [], 'CAMERA_3': ['weight', 'price', 'camera_type', 'sensor_size', 'autofocus_points', 'settings']}",C_LEAVES,DOOR,NONE,,FACE_TO_FACE,NONE,S_RETURNS_TO_COUNTER,SERVICE_COUNTER,NONE,,WAITING,NONE,
694,1,NONE,[],"{'CAMERA_1': [], 'CAMERA_2': [], 'CAMERA_3': []}",C_ENTERS,DOOR,NONE,,WAITING,NONE,S_NONE,SERVICE_COUNTER,NONE,,WAITING,NONE,
694,2,NONE,[],"{'CAMERA_1': [], 'CAMERA_2': [], 'CAMERA_3': []}",C_GREETS,MIDDLE,NONE,she's me,WAITING,NONE,S_GREETS,MIDDLE,NONE,can I help you?,FACE_TO_FACE,NONE,
694,3,CAMERA_1,['CAMERA_1'],"{'CAMERA_1': [], 'CAMERA_2': [], 'CAMERA_3': []}",C_LOOKING_FOR_A_CAMERA,MIDDLE,NONE,hi afternoon I'm here in Japan for vacations and I would like to buy a new camera can you help me with this,FACE_TO_FACE,NONE,S_INTRODUCES_CAMERA,CAMERA_1,,Let me show you this. Here we have the Sony PowerShot ELPH DMC-ZS3.,PRESENT_X,CAMERA_1,39~66
694,4,CAMERA_1,['CAMERA_1'],"{'CAMERA_1': ['optical_zoom'], 'CAMERA_2': [], 'CAMERA_3': []}",C_SILENT_OR_BACKCHANNEL,CAMERA_1,NONE,wow these cameras look so nice,PRESENT_X,CAMERA_1,S_INTRODUCES_FEATURE,CAMERA_1,optical_zoom,This one has 21x optical zoom.,PRESENT_X,CAMERA_1,13~29
694,5,CAMERA_1,['CAMERA_1'],"{'CAMERA_1': ['optical_zoom', 'weight'], 'CAMERA_2': [], 'CAMERA_3': []}",C_QUESTION_ABOUT_FEATURE,CAMERA_1,weight,how heavy is this camera,PRESENT_X,CAMERA_1,S_ANSWERS_QUESTION_ABOUT_FEATURE,CAMERA_1,weight,This one weighs 800 grams.,PRESENT_X,CAMERA_1,16~25
694,6,CAMERA_1,['CAMERA_1'],"{'CAMERA_1': ['optical_zoom', 'weight', 'settings'], 'CAMERA_2': [], 'CAMERA_3': []}",C_QUESTION_ABOUT_FEATURE,CAMERA_1,settings,that's wonderful and what about the manual settings,PRESENT_X,CAMERA_1,S_ANSWERS_QUESTION_ABOUT_FEATURE,CAMERA_1,settings,This one has limited manual settings.,PRESENT_X,CAMERA_1,13~36
694,7,CAMERA_1,['CAMERA_1'],"{'CAMERA_1': ['optical_zoom', 'weight', 'settings', 'resolution'], 'CAMERA_2': [], 'CAMERA_3': []}",C_SILENT_OR_BACKCHANNEL,CAMERA_1,NONE,okay great can I use the thirty-second look into booster at ISO 3200,PRESENT_X,CAMERA_1,S_INTRODUCES_FEATURE,CAMERA_1,resolution,This one has 17.8 megapixels resolution.,PRESENT_X,CAMERA_1,13~28
694,8,NONE,['CAMERA_1'],"{'CAMERA_1': ['optical_zoom', 'weight', 'settings', 'resolution'], 'CAMERA_2': [], 'CAMERA_3': []}",C_THANK_YOU,CAMERA_1,NONE,thank you,PRESENT_X,CAMERA_1,S_THANK_YOU,CAMERA_1,NONE,thank you very much.,FACE_TO_FACE,NONE,
694,9,NONE,['CAMERA_1'],"{'CAMERA_1': ['optical_zoom', 'weight', 'settings', 'resolution'], 'CAMERA_2': [], 'CAMERA_3': []}",C_LEAVES,DOOR,NONE,,FACE_TO_FACE,NONE,S_RETURNS_TO_COUNTER,SERVICE_COUNTER,NONE,,WAITING,NONE,
695,1,NONE,[],"{'CAMERA_1': [], 'CAMERA_2': [], 'CAMERA_3': []}",C_ENTERS,DOOR,NONE,,WAITING,NONE,S_NONE,SERVICE_COUNTER,NONE,,WAITING,NONE,
695,2,NONE,[],"{'CAMERA_1': [], 'CAMERA_2': [], 'CAMERA_3': []}",C_WALKS_TO_CAMERA,CAMERA_1,NONE,,WAITING,NONE,S_GREETS,CAMERA_1,NONE,can I help you?,FACE_TO_FACE,NONE,
695,3,CAMERA_3,['CAMERA_3'],"{'CAMERA_1': [], 'CAMERA_2': [], 'CAMERA_3': []}",C_LOOKING_FOR_A_CAMERA,CAMERA_1,NONE,it's ok i am just looking around,FACE_TO_FACE,NONE,S_INTRODUCES_CAMERA,CAMERA_3,,Let me show you this. Here we have the Fujifilm PowerShot ELPH S2800.,PRESENT_X,CAMERA_3,39~68
695,4,CAMERA_3,['CAMERA_3'],"{'CAMERA_1': [], 'CAMERA_2': [], 'CAMERA_3': ['autofocus_points']}",C_QUESTION_ABOUT_FEATURE,CAMERA_3,autofocus_points,oh I see and what about the autofocus points and the ISO,PRESENT_X,CAMERA_3,S_ANSWERS_QUESTION_ABOUT_FEATURE,CAMERA_3,autofocus_points,This one has 214 autofocus points.,PRESENT_X,CAMERA_3,13~33
695,5,CAMERA_3,['CAMERA_3'],"{'CAMERA_1': [], 'CAMERA_2': [], 'CAMERA_3': ['autofocus_points', 'long_exposure']}",C_QUESTION_ABOUT_FEATURE,CAMERA_3,long_exposure,and how about its exposure,PRESENT_X,CAMERA_3,S_ANSWERS_QUESTION_ABOUT_FEATURE,CAMERA_3,long_exposure,This one can take long exposures up to 30 minutes max with bulb mode.,PRESENT_X,CAMERA_3,39~68
695,6,CAMERA_3,['CAMERA_3'],"{'CAMERA_1': [], 'CAMERA_2': [], 'CAMERA_3': ['autofocus_points', 'long_exposure', 'color']}",C_QUESTION_ABOUT_FEATURE,CAMERA_3,color,so this is come in gold,PRESENT_X,CAMERA_3,S_ANSWERS_QUESTION_ABOUT_FEATURE,CAMERA_3,color,"This one comes in purple, white, silver, blue, red, or pink.",PRESENT_X,CAMERA_3,18~59
695,7,CAMERA_3,['CAMERA_3'],"{'CAMERA_1': [], 'CAMERA_2': [], 'CAMERA_3': ['autofocus_points', 'long_exposure', 'color', 'preset_modes']}",C_QUESTION_ABOUT_FEATURE,CAMERA_3,preset_modes,what's bulb mode,PRESENT_X,CAMERA_3,S_ANSWERS_QUESTION_ABOUT_FEATURE,CAMERA_3,preset_modes,This one has various preset modes.,PRESENT_X,CAMERA_3,13~33
695,8,NONE,['CAMERA_3'],"{'CAMERA_1': [], 'CAMERA_2': [], 'CAMERA_3': ['autofocus_points', 'long_exposure', 'color', 'preset_modes']}",C_THANK_YOU,CAMERA_3,NONE,I'll take a look around and come back if I wanted to thank you,PRESENT_X,CAMERA_3,S_THANK_YOU,CAMERA_3,NONE,thank you very much.,FACE_TO_FACE,NONE,
695,9,NONE,['CAMERA_3'],"{'CAMERA_1': [], 'CAMERA_2': [], 'CAMERA_3': ['autofocus_points', 'long_exposure', 'color', 'preset_modes']}",C_LEAVES,DOOR,NONE,,FACE_TO_FACE,NONE,S_RETURNS_TO_COUNTER,SERVICE_COUNTER,NONE,,WAITING,NONE,
696,1,NONE,[],"{'CAMERA_1': [], 'CAMERA_2': [], 'CAMERA_3': []}",C_ENTERS,DOOR,NONE,,WAITING,NONE,S_NONE,SERVICE_COUNTER,NONE,,WAITING,NONE,
696,2,NONE,[],"{'CAMERA_1': [], 'CAMERA_2': [], 'CAMERA_3': []}",C_GREETS,MIDDLE,NONE,excuse me,WAITING,NONE,S_GREETS,MIDDLE,NONE,can I help you?,FACE_TO_FACE,NONE,
696,3,CAMERA_2,['CAMERA_2'],"{'CAMERA_1': [], 'CAMERA_2': [], 'CAMERA_3': []}",C_LOOKING_FOR_A_CAMERA,MIDDLE,NONE,good afternoon I'm looking to buy a new camera just that I'm not a professional photographer so can you please show me the ones you have,FACE_TO_FACE,NONE,S_INTRODUCES_CAMERA,CAMERA_2,,Let me show you this. Here we have the Fujifilm Lumix ILC Camera.,PRESENT_X,CAMERA_2,39~64
696,4,CAMERA_2,['CAMERA_2'],"{'CAMERA_1': [], 'CAMERA_2': ['camera_type'], 'CAMERA_3': []}",C_QUESTION_ABOUT_FEATURE,CAMERA_2,camera_type,is this a DSLR camera,PRESENT_X,CAMERA_2,S_ANSWERS_QUESTION_ABOUT_FEATURE,CAMERA_2,camera_type,This is a digital single lens mirrorless camera.,PRESENT_X,CAMERA_2,10~40
696,5,CAMERA_2,['CAMERA_2'],"{'CAMERA_1': [], 'CAMERA_2': ['camera_type', 'effects'], 'CAMERA_3': []}",C_SILENT_OR_BACKCHANNEL,CAMERA_2,NONE,I say,PRESENT_X,CAMERA_2,S_INTRODUCES_FEATURE,CAMERA_2,effects,"This one has 24 artistic effect modes (retro, lighter or darker skin tones, sepia, etc.).",PRESENT_X,CAMERA_2,13~88
696,6,CAMERA_2,['CAMERA_2'],"{'CAMERA_1': [], 'CAMERA_2': ['camera_type', 'effects', 'sensor_size'], 'CAMERA_3': []}",C_QUESTION_ABOUT_FEATURE,CAMERA_2,sensor_size,What is the synthesized of this camera,PRESENT_X,CAMERA_2,S_ANSWERS_QUESTION_ABOUT_FEATURE,CAMERA_2,sensor_size,This one has a 1/2.33 inch sensor.,PRESENT_X,CAMERA_2,15~33
696,7,CAMERA_2,['CAMERA_2'],"{'CAMERA_1': [], 'CAMERA_2': ['camera_type', 'effects', 'sensor_size', 'resolution'], 'CAMERA_3': []}",C_QUESTION_ABOUT_FEATURE,CAMERA_2,resolution,how many megapixels is it house,PRESENT_X,CAMERA_2,S_ANSWERS_QUESTION_ABOUT_FEATURE,CAMERA_2,resolution,This one has 23.8 megapixels resolution.,PRESENT_X,CAMERA_2,13~28
696,8,CAMERA_2,['CAMERA_2'],"{'CAMERA_1': [], 'CAMERA_2': ['camera_type', 'effects', 'sensor_size', 'resolution', 'settings'], 'CAMERA_3': []}",C_SILENT_OR_BACKCHANNEL,CAMERA_2,NONE,hm,PRESENT_X,CAMERA_2,S_INTRODUCES_FEATURE,CAMERA_2,settings,"This one has manual control and various automatic settings (video modeburst shooting, etc.).",PRESENT_X,CAMERA_2,13~91
696,9,CAMERA_2,['CAMERA_2'],"{'CAMERA_1': [], 'CAMERA_2': ['camera_type', 'effects', 'sensor_size', 'resolution', 'settings', 'optical_zoom'], 'CAMERA_3': []}",C_SILENT_OR_BACKCHANNEL,CAMERA_2,NONE,IC,PRESENT_X,CAMERA_2,S_INTRODUCES_FEATURE,CAMERA_2,optical_zoom,This one has 21x optical zoom.,PRESENT_X,CAMERA_2,13~29
696,10,CAMERA_3,"['CAMERA_2', 'CAMERA_3']","{'CAMERA_1': [], 'CAMERA_2': ['camera_type', 'effects', 'sensor_size', 'resolution', 'settings', 'optical_zoom'], 'CAMERA_3': []}",C_ANYTHING_ELSE_AVAILABLE,CAMERA_2,NONE,maybe did you have a another camera you recommend,PRESENT_X,CAMERA_2,S_INTRODUCES_CAMERA,CAMERA_3,,Let me show you this. Here we have the Fujifilm PowerShot ELPH S2800.,PRESENT_X,CAMERA_3,39~68
696,11,CAMERA_3,"['CAMERA_2', 'CAMERA_3']","{'CAMERA_1': [], 'CAMERA_2': ['camera_type', 'effects', 'sensor_size', 'resolution', 'settings', 'optical_zoom'], 'CAMERA_3': ['autofocus_points']}",C_QUESTION_ABOUT_FEATURE,CAMERA_3,autofocus_points,what is the auto focus points for this camera,PRESENT_X,CAMERA_3,S_ANSWERS_QUESTION_ABOUT_FEATURE,CAMERA_3,autofocus_points,This one has 214 autofocus points.,PRESENT_X,CAMERA_3,13~33
696,12,CAMERA_1,"['CAMERA_2', 'CAMERA_3', 'CAMERA_1']","{'CAMERA_1': [], 'CAMERA_2': ['camera_type', 'effects', 'sensor_size', 'resolution', 'settings', 'optical_zoom'], 'CAMERA_3': ['autofocus_points']}",C_ANYTHING_ELSE_AVAILABLE,CAMERA_3,NONE,do you have any other cameras with preset mode,PRESENT_X,CAMERA_3,S_INTRODUCES_CAMERA,CAMERA_1,,Let me show you this. Here we have the Sony PowerShot ELPH DMC-ZS3.,PRESENT_X,CAMERA_1,39~66
696,13,CAMERA_1,"['CAMERA_2', 'CAMERA_3', 'CAMERA_1']","{'CAMERA_1': ['weight'], 'CAMERA_2': ['camera_type', 'effects', 'sensor_size', 'resolution', 'settings', 'optical_zoom'], 'CAMERA_3': ['autofocus_points']}",C_QUESTION_ABOUT_FEATURE,CAMERA_1,weight,I see its not that heavy,PRESENT_X,CAMERA_1,S_ANSWERS_QUESTION_ABOUT_FEATURE,CAMERA_1,weight,This one weighs 800 grams.,PRESENT_X,CAMERA_1,16~25
696,14,CAMERA_1,"['CAMERA_2', 'CAMERA_3', 'CAMERA_1']","{'CAMERA_1': ['weight', 'settings'], 'CAMERA_2': ['camera_type', 'effects', 'sensor_size', 'resolution', 'settings', 'optical_zoom'], 'CAMERA_3': ['autofocus_points']}",C_SILENT_OR_BACKCHANNEL,CAMERA_1,NONE,Isis sounds like a really nice cameras have,PRESENT_X,CAMERA_1,S_INTRODUCES_FEATURE,CAMERA_1,settings,This one has limited manual settings.,PRESENT_X,CAMERA_1,13~36
696,15,CAMERA_1,"['CAMERA_2', 'CAMERA_3', 'CAMERA_1']","{'CAMERA_1': ['weight', 'settings', 'resolution'], 'CAMERA_2': ['camera_type', 'effects', 'sensor_size', 'resolution', 'settings', 'optical_zoom'], 'CAMERA_3': ['autofocus_points']}",C_SILENT_OR_BACKCHANNEL,CAMERA_1,NONE,alright,PRESENT_X,CAMERA_1,S_INTRODUCES_FEATURE,CAMERA_1,resolution,This one has 17.8 megapixels resolution.,PRESENT_X,CAMERA_1,13~28
696,16,CAMERA_1,"['CAMERA_2', 'CAMERA_3', 'CAMERA_1']","{'CAMERA_1': ['weight', 'settings', 'resolution', 'ISO'], 'CAMERA_2': ['camera_type', 'effects', 'sensor_size', 'resolution', 'settings', 'optical_zoom'], 'CAMERA_3': ['autofocus_points']}",C_SILENT_OR_BACKCHANNEL,CAMERA_1,NONE,IC,PRESENT_X,CAMERA_1,S_INTRODUCES_FEATURE,CAMERA_1,ISO,This one has up to 51200 ISO.,PRESENT_X,CAMERA_1,13~28
696,17,CAMERA_1,"['CAMERA_2', 'CAMERA_3', 'CAMERA_1']","{'CAMERA_1': ['weight', 'settings', 'resolution', 'ISO', 'optical_zoom'], 'CAMERA_2': ['camera_type', 'effects', 'sensor_size', 'resolution', 'settings', 'optical_zoom'], 'CAMERA_3': ['autofocus_points']}",C_QUESTION_ABOUT_FEATURE,CAMERA_1,optical_zoom,how about the optical zoom,PRESENT_X,CAMERA_1,S_ANSWERS_QUESTION_ABOUT_FEATURE,CAMERA_1,optical_zoom,This one has 21x optical zoom.,PRESENT_X,CAMERA_1,13~29
696,18,NONE,"['CAMERA_2', 'CAMERA_3', 'CAMERA_1']","{'CAMERA_1': ['weight', 'settings', 'resolution', 'ISO', 'optical_zoom'], 'CAMERA_2': ['camera_type', 'effects', 'sensor_size', 'resolution', 'settings', 'optical_zoom'], 'CAMERA_3': ['autofocus_points']}",C_THANK_YOU,CAMERA_1,NONE,thank you for your help,PRESENT_X,CAMERA_1,S_THANK_YOU,CAMERA_1,NONE,thank you very much.,FACE_TO_FACE,NONE,
696,19,NONE,"['CAMERA_2', 'CAMERA_3', 'CAMERA_1']","{'CAMERA_1': ['weight', 'settings', 'resolution', 'ISO', 'optical_zoom'], 'CAMERA_2': ['camera_type', 'effects', 'sensor_size', 'resolution', 'settings', 'optical_zoom'], 'CAMERA_3': ['autofocus_points']}",C_LEAVES,DOOR,NONE,,FACE_TO_FACE,NONE,S_RETURNS_TO_COUNTER,SERVICE_COUNTER,NONE,,WAITING,NONE,
697,1,NONE,[],"{'CAMERA_1': [], 'CAMERA_2': [], 'CAMERA_3': []}",C_ENTERS,DOOR,NONE,,WAITING,NONE,S_NONE,SERVICE_COUNTER,NONE,,WAITING,NONE,
697,2,NONE,[],"{'CAMERA_1': [], 'CAMERA_2': [], 'CAMERA_3': []}",C_WALKS_TO_CAMERA,CAMERA_2,NONE,,WAITING,NONE,S_GREETS,CAMERA_2,NONE,can I help you?,FACE_TO_FACE,NONE,
697,3,CAMERA_1,['CAMERA_1'],"{'CAMERA_1': [], 'CAMERA_2': [], 'CAMERA_3': []}",C_LOOKING_FOR_A_CAMERA,CAMERA_2,NONE,it's actually my first time buying a camera so I'm not very sure which is a good one,FACE_TO_FACE,NONE,S_INTRODUCES_CAMERA,CAMERA_1,,Let me show you this. Here we have the Sony PowerShot ELPH DMC-ZS3.,PRESENT_X,CAMERA_1,39~66
697,4,CAMERA_1,['CAMERA_1'],"{'CAMERA_1': ['effects'], 'CAMERA_2': [], 'CAMERA_3': []}",C_QUESTION_ABOUT_FEATURE,CAMERA_1,effects,does it have artistic effect lights,PRESENT_X,CAMERA_1,S_ANSWERS_QUESTION_ABOUT_FEATURE,CAMERA_1,effects,"This one has 24 glamor retouch effects (miniature, retro, toy camera, etc.).",PRESENT_X,CAMERA_1,13~75
697,5,CAMERA_1,['CAMERA_1'],"{'CAMERA_1': ['effects', 'sensor_size'], 'CAMERA_2': [], 'CAMERA_3': []}",C_QUESTION_ABOUT_FEATURE,CAMERA_1,sensor_size,what about the sensor size,PRESENT_X,CAMERA_1,S_ANSWERS_QUESTION_ABOUT_FEATURE,CAMERA_1,sensor_size,This one has a 1/2.3 inch CMOS sensor.,PRESENT_X,CAMERA_1,15~37
697,6,CAMERA_1,['CAMERA_1'],"{'CAMERA_1': ['effects', 'sensor_size', 'preset_modes'], 'CAMERA_2': [], 'CAMERA_3': []}",C_QUESTION_ABOUT_FEATURE,CAMERA_1,preset_modes,do you have any cameras with landscape night mode and menu settings,PRESENT_X,CAMERA_1,S_NOT_SURE,CAMERA_1,,I'm not really sure about that.,PRESENT_X,CAMERA_1,
697,7,CAMERA_1,['CAMERA_1'],"{'CAMERA_1': ['effects', 'sensor_size', 'preset_modes', 'price'], 'CAMERA_2': [], 'CAMERA_3': []}",C_QUESTION_ABOUT_FEATURE,CAMERA_1,price,umpire me know how much is this camera ,PRESENT_X,CAMERA_1,S_ANSWERS_QUESTION_ABOUT_FEATURE,CAMERA_1,price,This one costs $450.,PRESENT_X,CAMERA_1,15~19
697,8,NONE,['CAMERA_1'],"{'CAMERA_1': ['effects', 'sensor_size', 'preset_modes', 'price'], 'CAMERA_2': [], 'CAMERA_3': []}",C_THANK_YOU,CAMERA_1,NONE,thank you,PRESENT_X,CAMERA_1,S_THANK_YOU,CAMERA_1,NONE,thank you very much.,FACE_TO_FACE,NONE,
697,9,NONE,['CAMERA_1'],"{'CAMERA_1': ['effects', 'sensor_size', 'preset_modes', 'price'], 'CAMERA_2': [], 'CAMERA_3': []}",C_LEAVES,DOOR,NONE,,FACE_TO_FACE,NONE,S_RETURNS_TO_COUNTER,SERVICE_COUNTER,NONE,,WAITING,NONE,
698,1,NONE,[],"{'CAMERA_1': [], 'CAMERA_2': [], 'CAMERA_3': []}",C_ENTERS,DOOR,NONE,,WAITING,NONE,S_NONE,SERVICE_COUNTER,NONE,,WAITING,NONE,
698,2,NONE,[],"{'CAMERA_1': [], 'CAMERA_2': [], 'CAMERA_3': []}",C_GREETS,MIDDLE,NONE,excuse me,WAITING,NONE,S_GREETS,MIDDLE,NONE,can I help you?,FACE_TO_FACE,NONE,
698,3,CAMERA_1,['CAMERA_1'],"{'CAMERA_1': [], 'CAMERA_2': [], 'CAMERA_3': []}",C_LOOKING_FOR_A_CAMERA,MIDDLE,NONE,I'm looking for a camera for outdoor shooting this this is how is it good for outdoor shooting,FACE_TO_FACE,NONE,S_INTRODUCES_CAMERA,CAMERA_1,,Let me show you this. Here we have the Sony PowerShot ELPH DMC-ZS3.,PRESENT_X,CAMERA_1,39~66
698,4,CAMERA_1,['CAMERA_1'],"{'CAMERA_1': ['resolution'], 'CAMERA_2': [], 'CAMERA_3': []}",C_SILENT_OR_BACKCHANNEL,CAMERA_1,NONE,I say,PRESENT_X,CAMERA_1,S_INTRODUCES_FEATURE,CAMERA_1,resolution,This one has 17.8 megapixels resolution.,PRESENT_X,CAMERA_1,13~28
698,5,NONE,['CAMERA_1'],"{'CAMERA_1': ['resolution'], 'CAMERA_2': [], 'CAMERA_3': []}",C_THANK_YOU,CAMERA_1,NONE,thank you,PRESENT_X,CAMERA_1,S_THANK_YOU,CAMERA_1,NONE,thank you very much.,FACE_TO_FACE,NONE,
698,6,NONE,['CAMERA_1'],"{'CAMERA_1': ['resolution'], 'CAMERA_2': [], 'CAMERA_3': []}",C_LEAVES,DOOR,NONE,,FACE_TO_FACE,NONE,S_RETURNS_TO_COUNTER,SERVICE_COUNTER,NONE,,WAITING,NONE,
699,1,NONE,[],"{'CAMERA_1': [], 'CAMERA_2': [], 'CAMERA_3': []}",C_ENTERS,DOOR,NONE,,WAITING,NONE,S_NONE,SERVICE_COUNTER,NONE,,WAITING,NONE,
699,2,NONE,[],"{'CAMERA_1': [], 'CAMERA_2': [], 'CAMERA_3': []}",C_GREETS,MIDDLE,NONE,excuse me,WAITING,NONE,S_GREETS,MIDDLE,NONE,can I help you?,FACE_TO_FACE,NONE,
699,3,CAMERA_3,['CAMERA_3'],"{'CAMERA_1': [], 'CAMERA_2': [], 'CAMERA_3': []}",C_LOOKING_FOR_A_CAMERA,MIDDLE,NONE,I'm looking for a new camera actually like a better than my phone,FACE_TO_FACE,NONE,S_INTRODUCES_CAMERA,CAMERA_3,,Let me show you this. Here we have the Fujifilm PowerShot ELPH S2800.,PRESENT_X,CAMERA_3,39~68
699,4,CAMERA_3,['CAMERA_3'],"{'CAMERA_1': [], 'CAMERA_2': [], 'CAMERA_3': ['camera_type']}",C_SILENT_OR_BACKCHANNEL,CAMERA_3,NONE,okay interesting,PRESENT_X,CAMERA_3,S_INTRODUCES_FEATURE,CAMERA_3,camera_type,This is a point and shoot camera.,PRESENT_X,CAMERA_3,10~25
699,5,CAMERA_3,['CAMERA_3'],"{'CAMERA_1': [], 'CAMERA_2': [], 'CAMERA_3': ['camera_type', 'weight']}",C_QUESTION_ABOUT_FEATURE,CAMERA_3,weight,yeah looks going to wait how much does it weigh,PRESENT_X,CAMERA_3,S_ANSWERS_QUESTION_ABOUT_FEATURE,CAMERA_3,weight,This one weighs 820 grams.,PRESENT_X,CAMERA_3,16~25
699,6,CAMERA_3,['CAMERA_3'],"{'CAMERA_1': [], 'CAMERA_2': [], 'CAMERA_3': ['camera_type', 'weight', 'price']}",C_QUESTION_ABOUT_FEATURE,CAMERA_3,price,how much does this cost,PRESENT_X,CAMERA_3,S_ANSWERS_QUESTION_ABOUT_FEATURE,CAMERA_3,price,This one costs $518.,PRESENT_X,CAMERA_3,15~19
699,7,CAMERA_3,['CAMERA_3'],"{'CAMERA_1': [], 'CAMERA_2': [], 'CAMERA_3': ['camera_type', 'weight', 'price', 'resolution']}",C_QUESTION_ABOUT_FEATURE,CAMERA_3,resolution,how many megapixels,PRESENT_X,CAMERA_3,S_ANSWERS_QUESTION_ABOUT_FEATURE,CAMERA_3,resolution,This one has 23.2 megapixels resolution.,PRESENT_X,CAMERA_3,13~28
699,8,CAMERA_3,['CAMERA_3'],"{'CAMERA_1': [], 'CAMERA_2': [], 'CAMERA_3': ['camera_type', 'weight', 'price', 'resolution', 'sensor_size']}",C_QUESTION_ABOUT_FEATURE,CAMERA_3,sensor_size,what's sensor size,PRESENT_X,CAMERA_3,S_ANSWERS_QUESTION_ABOUT_FEATURE,CAMERA_3,sensor_size,This one has a full frame.,PRESENT_X,CAMERA_3,15~25
699,9,CAMERA_3,['CAMERA_3'],"{'CAMERA_1': [], 'CAMERA_2': [], 'CAMERA_3': ['camera_type', 'weight', 'price', 'resolution', 'sensor_size', 'preset_modes']}",C_QUESTION_ABOUT_FEATURE,CAMERA_3,preset_modes,do you have any cameras with landscape night mode and menu settings,PRESENT_X,CAMERA_3,S_ANSWERS_QUESTION_ABOUT_FEATURE,CAMERA_3,preset_modes,This one has various preset modes.,PRESENT_X,CAMERA_3,13~33
699,10,CAMERA_3,['CAMERA_3'],"{'CAMERA_1': [], 'CAMERA_2': [], 'CAMERA_3': ['camera_type', 'weight', 'price', 'resolution', 'sensor_size', 'preset_modes', 'effects']}",C_QUESTION_ABOUT_FEATURE,CAMERA_3,effects,what are these a special artistic effect mode features,PRESENT_X,CAMERA_3,S_ANSWERS_QUESTION_ABOUT_FEATURE,CAMERA_3,effects,"This one has 21 photo effects (small face, retro, big eyes, etc.).",PRESENT_X,CAMERA_3,13~65
699,11,CAMERA_3,['CAMERA_3'],"{'CAMERA_1': [], 'CAMERA_2': [], 'CAMERA_3': ['camera_type', 'weight', 'price', 'resolution', 'sensor_size', 'preset_modes', 'effects', 'settings']}",C_QUESTION_ABOUT_FEATURE,CAMERA_3,settings,is this one manual,PRESENT_X,CAMERA_3,S_ANSWERS_QUESTION_ABOUT_FEATURE,CAMERA_3,settings,"This one has manual control and various automatic settings (video modeburst shooting, etc.).",PRESENT_X,CAMERA_3,13~91
699,12,CAMERA_2,"['CAMERA_3', 'CAMERA_2']","{'CAMERA_1': [], 'CAMERA_2': [], 'CAMERA_3': ['camera_type', 'weight', 'price', 'resolution', 'sensor_size', 'preset_modes', 'effects', 'settings']}",C_ANYTHING_ELSE_AVAILABLE,CAMERA_3,NONE,oh I see that's very interesting do you have any other cameras that you can recommend me,PRESENT_X,CAMERA_3,S_INTRODUCES_CAMERA,CAMERA_2,,Let me show you this. Here we have the Fujifilm Lumix ILC Camera.,PRESENT_X,CAMERA_2,39~64
699,13,CAMERA_2,"['CAMERA_3', 'CAMERA_2']","{'CAMERA_1': [], 'CAMERA_2': ['color'], 'CAMERA_3': ['camera_type', 'weight', 'price', 'resolution', 'sensor_size', 'preset_modes', 'effects', 'settings']}",C_QUESTION_ABOUT_FEATURE,CAMERA_2,color,do you know how many colors this camera has,PRESENT_X,CAMERA_2,S_ANSWERS_QUESTION_ABOUT_FEATURE,CAMERA_2,color,This one comes in white or pink.,PRESENT_X,CAMERA_2,18~31
699,14,CAMERA_2,"['CAMERA_3', 'CAMERA_2']","{'CAMERA_1': [], 'CAMERA_2': ['color', 'optical_zoom'], 'CAMERA_3': ['camera_type', 'weight', 'price', 'resolution', 'sensor_size', 'preset_modes', 'effects', 'settings']}",C_QUESTION_ABOUT_FEATURE,CAMERA_2,optical_zoom,how much does a bowl to zoom,PRESENT_X,CAMERA_2,S_ANSWERS_QUESTION_ABOUT_FEATURE,CAMERA_2,optical_zoom,This one has 21x optical zoom.,PRESENT_X,CAMERA_2,13~29
699,15,CAMERA_1,"['CAMERA_3', 'CAMERA_2', 'CAMERA_1']","{'CAMERA_1': [], 'CAMERA_2': ['color', 'optical_zoom'], 'CAMERA_3': ['camera_type', 'weight', 'price', 'resolution', 'sensor_size', 'preset_modes', 'effects', 'settings']}",C_ANYTHING_ELSE_AVAILABLE,CAMERA_2,NONE,Do you have other cameras that I could afford,PRESENT_X,CAMERA_2,S_INTRODUCES_CAMERA,CAMERA_1,,Let me show you this. Here we have the Sony PowerShot ELPH DMC-ZS3.,PRESENT_X,CAMERA_1,39~66
699,16,CAMERA_1,"['CAMERA_3', 'CAMERA_2', 'CAMERA_1']","{'CAMERA_1': ['preset_modes'], 'CAMERA_2': ['color', 'optical_zoom'], 'CAMERA_3': ['camera_type', 'weight', 'price', 'resolution', 'sensor_size', 'preset_modes', 'effects', 'settings']}",C_QUESTION_ABOUT_FEATURE,CAMERA_1,preset_modes,does he have any menu settings at all,PRESENT_X,CAMERA_1,S_NOT_SURE,CAMERA_1,,I'm not really sure about that.,PRESENT_X,CAMERA_1,
699,17,CAMERA_1,"['CAMERA_3', 'CAMERA_2', 'CAMERA_1']","{'CAMERA_1': ['preset_modes', 'effects'], 'CAMERA_2': ['color', 'optical_zoom'], 'CAMERA_3': ['camera_type', 'weight', 'price', 'resolution', 'sensor_size', 'preset_modes', 'effects', 'settings']}",C_QUESTION_ABOUT_FEATURE,CAMERA_1,effects,what's the artistic effect mode,PRESENT_X,CAMERA_1,S_ANSWERS_QUESTION_ABOUT_FEATURE,CAMERA_1,effects,"This one has 24 glamor retouch effects (miniature, retro, toy camera, etc.).",PRESENT_X,CAMERA_1,13~75
699,18,CAMERA_1,"['CAMERA_3', 'CAMERA_2', 'CAMERA_1']","{'CAMERA_1': ['preset_modes', 'effects', 'optical_zoom'], 'CAMERA_2': ['color', 'optical_zoom'], 'CAMERA_3': ['camera_type', 'weight', 'price', 'resolution', 'sensor_size', 'preset_modes', 'effects', 'settings']}",C_QUESTION_ABOUT_FEATURE,CAMERA_1,optical_zoom,ok perfect for my budget okay do you know the optical zoom range,PRESENT_X,CAMERA_1,S_ANSWERS_QUESTION_ABOUT_FEATURE,CAMERA_1,optical_zoom,This one has 21x optical zoom.,PRESENT_X,CAMERA_1,13~29
699,19,CAMERA_1,"['CAMERA_3', 'CAMERA_2', 'CAMERA_1']","{'CAMERA_1': ['preset_modes', 'effects', 'optical_zoom', 'sensor_size'], 'CAMERA_2': ['color', 'optical_zoom'], 'CAMERA_3': ['camera_type', 'weight', 'price', 'resolution', 'sensor_size', 'preset_modes', 'effects', 'settings']}",C_SILENT_OR_BACKCHANNEL,CAMERA_1,NONE,okay that's great to know so two thousand dollars how much do the lenses go for,PRESENT_X,CAMERA_1,S_INTRODUCES_FEATURE,CAMERA_1,sensor_size,This one has a 1/2.3 inch CMOS sensor.,PRESENT_X,CAMERA_1,15~37
699,20,CAMERA_1,"['CAMERA_3', 'CAMERA_2', 'CAMERA_1']","{'CAMERA_1': ['preset_modes', 'effects', 'optical_zoom', 'sensor_size', 'autofocus_points'], 'CAMERA_2': ['color', 'optical_zoom'], 'CAMERA_3': ['camera_type', 'weight', 'price', 'resolution', 'sensor_size', 'preset_modes', 'effects', 'settings']}",C_QUESTION_ABOUT_FEATURE,CAMERA_1,autofocus_points,how many auto focus points does it have,PRESENT_X,CAMERA_1,S_ANSWERS_QUESTION_ABOUT_FEATURE,CAMERA_1,autofocus_points,This one has 135 autofocus points.,PRESENT_X,CAMERA_1,13~33
699,21,CAMERA_1,"['CAMERA_3', 'CAMERA_2', 'CAMERA_1']","{'CAMERA_1': ['preset_modes', 'effects', 'optical_zoom', 'sensor_size', 'autofocus_points', 'camera_type'], 'CAMERA_2': ['color', 'optical_zoom'], 'CAMERA_3': ['camera_type', 'weight', 'price', 'resolution', 'sensor_size', 'preset_modes', 'effects', 'settings']}",C_SILENT_OR_BACKCHANNEL,CAMERA_1,NONE,yeah,PRESENT_X,CAMERA_1,S_INTRODUCES_FEATURE,CAMERA_1,camera_type,This is a DSLR camera.,PRESENT_X,CAMERA_1,10~14
699,22,NONE,"['CAMERA_3', 'CAMERA_2', 'CAMERA_1']","{'CAMERA_1': ['preset_modes', 'effects', 'optical_zoom', 'sensor_size', 'autofocus_points', 'camera_type'], 'CAMERA_2': ['color', 'optical_zoom'], 'CAMERA_3': ['camera_type', 'weight', 'price', 'resolution', 'sensor_size', 'preset_modes', 'effects', 'settings']}",C_THANK_YOU,CAMERA_1,NONE,okay thanks,PRESENT_X,CAMERA_1,S_THANK_YOU,CAMERA_1,NONE,thank you very much.,FACE_TO_FACE,NONE,
699,23,NONE,"['CAMERA_3', 'CAMERA_2', 'CAMERA_1']","{'CAMERA_1': ['preset_modes', 'effects', 'optical_zoom', 'sensor_size', 'autofocus_points', 'camera_type'], 'CAMERA_2': ['color', 'optical_zoom'], 'CAMERA_3': ['camera_type', 'weight', 'price', 'resolution', 'sensor_size', 'preset_modes', 'effects', 'settings']}",C_LEAVES,DOOR,NONE,,FACE_TO_FACE,NONE,S_RETURNS_TO_COUNTER,SERVICE_COUNTER,NONE,,WAITING,NONE,
700,1,NONE,[],"{'CAMERA_1': [], 'CAMERA_2': [], 'CAMERA_3': []}",C_ENTERS,DOOR,NONE,,WAITING,NONE,S_NONE,SERVICE_COUNTER,NONE,,WAITING,NONE,
700,2,NONE,[],"{'CAMERA_1': [], 'CAMERA_2': [], 'CAMERA_3': []}",C_WALKS_TO_CAMERA,CAMERA_1,NONE,,WAITING,NONE,S_GREETS,CAMERA_1,NONE,can I help you?,FACE_TO_FACE,NONE,
700,3,CAMERA_3,['CAMERA_3'],"{'CAMERA_1': [], 'CAMERA_2': [], 'CAMERA_3': []}",C_LOOKING_FOR_A_CAMERA,CAMERA_1,NONE,I'm looking for a new camera actually like a better than my phone,FACE_TO_FACE,NONE,S_INTRODUCES_CAMERA,CAMERA_3,,Let me show you this. Here we have the Fujifilm PowerShot ELPH S2800.,PRESENT_X,CAMERA_3,39~68
700,4,CAMERA_3,['CAMERA_3'],"{'CAMERA_1': [], 'CAMERA_2': [], 'CAMERA_3': ['weight']}",C_QUESTION_ABOUT_FEATURE,CAMERA_3,weight,that's wonderful and what about the weight,PRESENT_X,CAMERA_3,S_ANSWERS_QUESTION_ABOUT_FEATURE,CAMERA_3,weight,This one weighs 820 grams.,PRESENT_X,CAMERA_3,16~25
700,5,CAMERA_3,['CAMERA_3'],"{'CAMERA_1': [], 'CAMERA_2': [], 'CAMERA_3': ['weight', 'optical_zoom']}",C_QUESTION_ABOUT_FEATURE,CAMERA_3,optical_zoom,I see ok can the optical zoom what does that do,PRESENT_X,CAMERA_3,S_NOT_SURE,CAMERA_3,,I'm not really sure about that.,PRESENT_X,CAMERA_3,
700,6,CAMERA_3,['CAMERA_3'],"{'CAMERA_1': [], 'CAMERA_2': [], 'CAMERA_3': ['weight', 'optical_zoom', 'price']}",C_QUESTION_ABOUT_FEATURE,CAMERA_3,price,oh really how much is it,PRESENT_X,CAMERA_3,S_ANSWERS_QUESTION_ABOUT_FEATURE,CAMERA_3,price,This one costs $518.,PRESENT_X,CAMERA_3,15~19
700,7,CAMERA_3,['CAMERA_3'],"{'CAMERA_1': [], 'CAMERA_2': [], 'CAMERA_3': ['weight', 'optical_zoom', 'price', 'sensor_size']}",C_SILENT_OR_BACKCHANNEL,CAMERA_3,NONE,IC,PRESENT_X,CAMERA_3,S_INTRODUCES_FEATURE,CAMERA_3,sensor_size,This one has a full frame.,PRESENT_X,CAMERA_3,15~25
700,8,CAMERA_2,"['CAMERA_3', 'CAMERA_2']","{'CAMERA_1': [], 'CAMERA_2': [], 'CAMERA_3': ['weight', 'optical_zoom', 'price', 'sensor_size']}",C_ANYTHING_ELSE_AVAILABLE,CAMERA_3,NONE,oh I see that's very interesting do you have any other cameras that you can recommend me,PRESENT_X,CAMERA_3,S_INTRODUCES_CAMERA,CAMERA_2,,Let me show you this. Here we have the Fujifilm Lumix ILC Camera.,PRESENT_X,CAMERA_2,39~64
700,9,CAMERA_2,"['CAMERA_3', 'CAMERA_2']","{'CAMERA_1': [], 'CAMERA_2': ['ISO'], 'CAMERA_3': ['weight', 'optical_zoom', 'price', 'sensor_size']}",C_QUESTION_ABOUT_FEATURE,CAMERA_2,ISO,that sounds good how high can I set the ISO,PRESENT_X,CAMERA_2,S_NOT_SURE,CAMERA_2,,I'm not really sure about that.,PRESENT_X,CAMERA_2,
700,10,CAMERA_2,"['CAMERA_3', 'CAMERA_2']","{'CAMERA_1': [], 'CAMERA_2': ['ISO', 'weight'], 'CAMERA_3': ['weight', 'optical_zoom', 'price', 'sensor_size']}",C_QUESTION_ABOUT_FEATURE,CAMERA_2,weight,is it very heavy,PRESENT_X,CAMERA_2,S_ANSWERS_QUESTION_ABOUT_FEATURE,CAMERA_2,weight,This one weighs 820 grams.,PRESENT_X,CAMERA_2,16~25
700,11,CAMERA_2,"['CAMERA_3', 'CAMERA_2']","{'CAMERA_1': [], 'CAMERA_2': ['ISO', 'weight', 'camera_type'], 'CAMERA_3': ['weight', 'optical_zoom', 'price', 'sensor_size']}",C_SILENT_OR_BACKCHANNEL,CAMERA_2,NONE,ok,PRESENT_X,CAMERA_2,S_INTRODUCES_FEATURE,CAMERA_2,camera_type,This is a digital single lens mirrorless camera.,PRESENT_X,CAMERA_2,10~40
700,12,NONE,"['CAMERA_3', 'CAMERA_2']","{'CAMERA_1': [], 'CAMERA_2': ['ISO', 'weight', 'camera_type'], 'CAMERA_3': ['weight', 'optical_zoom', 'price', 'sensor_size']}",C_THANK_YOU,CAMERA_2,NONE,yes thank you very much for your help,PRESENT_X,CAMERA_2,S_THANK_YOU,CAMERA_2,NONE,thank you very much.,FACE_TO_FACE,NONE,
700,13,NONE,"['CAMERA_3', 'CAMERA_2']","{'CAMERA_1': [], 'CAMERA_2': ['ISO', 'weight', 'camera_type'], 'CAMERA_3': ['weight', 'optical_zoom', 'price', 'sensor_size']}",C_LEAVES,DOOR,NONE,,FACE_TO_FACE,NONE,S_RETURNS_TO_COUNTER,SERVICE_COUNTER,NONE,,WAITING,NONE,
701,1,NONE,[],"{'CAMERA_1': [], 'CAMERA_2': [], 'CAMERA_3': []}",C_ENTERS,DOOR,NONE,,WAITING,NONE,S_NONE,SERVICE_COUNTER,NONE,,WAITING,NONE,
701,2,NONE,[],"{'CAMERA_1': [], 'CAMERA_2': [], 'CAMERA_3': []}",C_WALKS_TO_CAMERA,CAMERA_1,NONE,,WAITING,NONE,S_GREETS,CAMERA_1,NONE,can I help you?,FACE_TO_FACE,NONE,
701,3,CAMERA_2,['CAMERA_2'],"{'CAMERA_1': [], 'CAMERA_2': [], 'CAMERA_3': []}",C_LOOKING_FOR_A_CAMERA,CAMERA_1,NONE,I just want to take a quick look at your cameras,FACE_TO_FACE,NONE,S_INTRODUCES_CAMERA,CAMERA_2,,Let me show you this. Here we have the Fujifilm Lumix ILC Camera.,PRESENT_X,CAMERA_2,39~64
701,4,CAMERA_2,['CAMERA_2'],"{'CAMERA_1': [], 'CAMERA_2': ['camera_type'], 'CAMERA_3': []}",C_QUESTION_ABOUT_FEATURE,CAMERA_2,camera_type,is this a DSLR camera,PRESENT_X,CAMERA_2,S_ANSWERS_QUESTION_ABOUT_FEATURE,CAMERA_2,camera_type,This is a digital single lens mirrorless camera.,PRESENT_X,CAMERA_2,10~40
701,5,CAMERA_2,['CAMERA_2'],"{'CAMERA_1': [], 'CAMERA_2': ['camera_type', 'autofocus_points'], 'CAMERA_3': []}",C_QUESTION_ABOUT_FEATURE,CAMERA_2,autofocus_points,what about the other two focus points of this camera,PRESENT_X,CAMERA_2,S_NOT_SURE,CAMERA_2,,I'm not really sure about that.,PRESENT_X,CAMERA_2,
701,6,CAMERA_2,['CAMERA_2'],"{'CAMERA_1': [], 'CAMERA_2': ['camera_type', 'autofocus_points', 'effects'], 'CAMERA_3': []}",C_SILENT_OR_BACKCHANNEL,CAMERA_2,NONE,yeah that looks good,PRESENT_X,CAMERA_2,S_INTRODUCES_FEATURE,CAMERA_2,effects,"This one has 24 artistic effect modes (retro, lighter or darker skin tones, sepia, etc.).",PRESENT_X,CAMERA_2,13~88
701,7,CAMERA_2,['CAMERA_2'],"{'CAMERA_1': [], 'CAMERA_2': ['camera_type', 'autofocus_points', 'effects', 'price'], 'CAMERA_3': []}",C_QUESTION_ABOUT_FEATURE,CAMERA_2,price,how much Freedom do I get when using this camera,PRESENT_X,CAMERA_2,S_ANSWERS_QUESTION_ABOUT_FEATURE,CAMERA_2,price,This one costs $768.,PRESENT_X,CAMERA_2,15~19
701,8,NONE,['CAMERA_2'],"{'CAMERA_1': [], 'CAMERA_2': ['camera_type', 'autofocus_points', 'effects', 'price'], 'CAMERA_3': []}",C_THANK_YOU,CAMERA_2,NONE,okay thanks,PRESENT_X,CAMERA_2,S_THANK_YOU,CAMERA_2,NONE,thank you very much.,FACE_TO_FACE,NONE,
701,9,NONE,['CAMERA_2'],"{'CAMERA_1': [], 'CAMERA_2': ['camera_type', 'autofocus_points', 'effects', 'price'], 'CAMERA_3': []}",C_LEAVES,DOOR,NONE,,FACE_TO_FACE,NONE,S_RETURNS_TO_COUNTER,SERVICE_COUNTER,NONE,,WAITING,NONE,
702,1,NONE,[],"{'CAMERA_1': [], 'CAMERA_2': [], 'CAMERA_3': []}",C_ENTERS,DOOR,NONE,,WAITING,NONE,S_NONE,SERVICE_COUNTER,NONE,,WAITING,NONE,
702,2,NONE,[],"{'CAMERA_1': [], 'CAMERA_2': [], 'CAMERA_3': []}",C_GREETS,MIDDLE,NONE,sorry excuse me,WAITING,NONE,S_GREETS,MIDDLE,NONE,can I help you?,FACE_TO_FACE,NONE,
702,3,CAMERA_1,['CAMERA_1'],"{'CAMERA_1': [], 'CAMERA_2': [], 'CAMERA_3': []}",C_LOOKING_FOR_A_CAMERA,MIDDLE,NONE,will I like to buy a camera but I'm not sure which one,FACE_TO_FACE,NONE,S_INTRODUCES_CAMERA,CAMERA_1,,Let me show you this. Here we have the Sony PowerShot ELPH DMC-ZS3.,PRESENT_X,CAMERA_1,39~66
702,4,CAMERA_1,['CAMERA_1'],"{'CAMERA_1': ['effects'], 'CAMERA_2': [], 'CAMERA_3': []}",C_SILENT_OR_BACKCHANNEL,CAMERA_1,NONE,Ice Age,PRESENT_X,CAMERA_1,S_INTRODUCES_FEATURE,CAMERA_1,effects,"This one has 24 glamor retouch effects (miniature, retro, toy camera, etc.).",PRESENT_X,CAMERA_1,13~75
702,5,CAMERA_1,['CAMERA_1'],"{'CAMERA_1': ['effects', 'long_exposure'], 'CAMERA_2': [], 'CAMERA_3': []}",C_SILENT_OR_BACKCHANNEL,CAMERA_1,NONE,okay,PRESENT_X,CAMERA_1,S_INTRODUCES_FEATURE,CAMERA_1,long_exposure,This one can take long exposures up to up to 15 seconds with Long Shutter Mode.,PRESENT_X,CAMERA_1,39~78
702,6,CAMERA_1,['CAMERA_1'],"{'CAMERA_1': ['effects', 'long_exposure', 'settings'], 'CAMERA_2': [], 'CAMERA_3': []}",C_QUESTION_ABOUT_FEATURE,CAMERA_1,settings,and I can control of the settings myself right,PRESENT_X,CAMERA_1,S_ANSWERS_QUESTION_ABOUT_FEATURE,CAMERA_1,settings,This one has limited manual settings.,PRESENT_X,CAMERA_1,13~36
702,7,CAMERA_1,['CAMERA_1'],"{'CAMERA_1': ['effects', 'long_exposure', 'settings', 'resolution'], 'CAMERA_2': [], 'CAMERA_3': []}",C_SILENT_OR_BACKCHANNEL,CAMERA_1,NONE,IC,PRESENT_X,CAMERA_1,S_INTRODUCES_FEATURE,CAMERA_1,resolution,This one has 17.8 megapixels resolution.,PRESENT_X,CAMERA_1,13~28
702,8,CAMERA_1,['CAMERA_1'],"{'CAMERA_1': ['effects', 'long_exposure', 'settings', 'resolution', 'preset_modes'], 'CAMERA_2': [], 'CAMERA_3': []}",C_QUESTION_ABOUT_FEATURE,CAMERA_1,preset_modes,Does this support for does mode,PRESENT_X,CAMERA_1,S_NOT_SURE,CAMERA_1,,I'm not really sure about that.,PRESENT_X,CAMERA_1,
702,9,CAMERA_1,['CAMERA_1'],"{'CAMERA_1': ['effects', 'long_exposure', 'settings', 'resolution', 'preset_modes', 'ISO'], 'CAMERA_2': [], 'CAMERA_3': []}",C_QUESTION_ABOUT_FEATURE,CAMERA_1,ISO,great under how about the ISO,PRESENT_X,CAMERA_1,S_ANSWERS_QUESTION_ABOUT_FEATURE,CAMERA_1,ISO,This one has up to 51200 ISO.,PRESENT_X,CAMERA_1,13~28
702,10,CAMERA_1,['CAMERA_1'],"{'CAMERA_1': ['effects', 'long_exposure', 'settings', 'resolution', 'preset_modes', 'ISO', 'optical_zoom'], 'CAMERA_2': [], 'CAMERA_3': []}",C_QUESTION_ABOUT_FEATURE,CAMERA_1,optical_zoom,okay can you tell me what optical zoom it has,PRESENT_X,CAMERA_1,S_ANSWERS_QUESTION_ABOUT_FEATURE,CAMERA_1,optical_zoom,This one has 21x optical zoom.,PRESENT_X,CAMERA_1,13~29
702,11,CAMERA_1,['CAMERA_1'],"{'CAMERA_1': ['effects', 'long_exposure', 'settings', 'resolution', 'preset_modes', 'ISO', 'optical_zoom', 'weight'], 'CAMERA_2': [], 'CAMERA_3': []}",C_QUESTION_ABOUT_FEATURE,CAMERA_1,weight,and what's the weight on it,PRESENT_X,CAMERA_1,S_ANSWERS_QUESTION_ABOUT_FEATURE,CAMERA_1,weight,This one weighs 800 grams.,PRESENT_X,CAMERA_1,16~25
702,12,CAMERA_1,['CAMERA_1'],"{'CAMERA_1': ['effects', 'long_exposure', 'settings', 'resolution', 'preset_modes', 'ISO', 'optical_zoom', 'weight', 'autofocus_points'], 'CAMERA_2': [], 'CAMERA_3': []}",C_SILENT_OR_BACKCHANNEL,CAMERA_1,NONE,okay that's great to know so two thousand dollars how much do the lenses go for,PRESENT_X,CAMERA_1,S_INTRODUCES_FEATURE,CAMERA_1,autofocus_points,This one has 135 autofocus points.,PRESENT_X,CAMERA_1,13~33
702,13,CAMERA_1,['CAMERA_1'],"{'CAMERA_1': ['effects', 'long_exposure', 'settings', 'resolution', 'preset_modes', 'ISO', 'optical_zoom', 'weight', 'autofocus_points', 'price'], 'CAMERA_2': [], 'CAMERA_3': []}",C_SILENT_OR_BACKCHANNEL,CAMERA_1,NONE,Wow it also seems very friendly to use,PRESENT_X,CAMERA_1,S_INTRODUCES_FEATURE,CAMERA_1,price,This one costs $450.,PRESENT_X,CAMERA_1,15~19
702,14,CAMERA_1,['CAMERA_1'],"{'CAMERA_1': ['effects', 'long_exposure', 'settings', 'resolution', 'preset_modes', 'ISO', 'optical_zoom', 'weight', 'autofocus_points', 'price', 'sensor_size'], 'CAMERA_2': [], 'CAMERA_3': []}",C_QUESTION_ABOUT_FEATURE,CAMERA_1,sensor_size,and what about the sense of sight,PRESENT_X,CAMERA_1,S_ANSWERS_QUESTION_ABOUT_FEATURE,CAMERA_1,sensor_size,This one has a 1/2.3 inch CMOS sensor.,PRESENT_X,CAMERA_1,15~37
702,15,CAMERA_1,['CAMERA_1'],"{'CAMERA_1': ['effects', 'long_exposure', 'settings', 'resolution', 'preset_modes', 'ISO', 'optical_zoom', 'weight', 'autofocus_points', 'price', 'sensor_size', 'camera_type'], 'CAMERA_2': [], 'CAMERA_3': []}",C_SILENT_OR_BACKCHANNEL,CAMERA_1,NONE,IC,PRESENT_X,CAMERA_1,S_INTRODUCES_FEATURE,CAMERA_1,camera_type,This is a DSLR camera.,PRESENT_X,CAMERA_1,10~14
702,16,NONE,['CAMERA_1'],"{'CAMERA_1': ['effects', 'long_exposure', 'settings', 'resolution', 'preset_modes', 'ISO', 'optical_zoom', 'weight', 'autofocus_points', 'price', 'sensor_size', 'camera_type'], 'CAMERA_2': [], 'CAMERA_3': []}",C_THANK_YOU,CAMERA_1,NONE,thank you you too have a great day,PRESENT_X,CAMERA_1,S_THANK_YOU,CAMERA_1,NONE,thank you very much.,FACE_TO_FACE,NONE,
702,17,NONE,['CAMERA_1'],"{'CAMERA_1': ['effects', 'long_exposure', 'settings', 'resolution', 'preset_modes', 'ISO', 'optical_zoom', 'weight', 'autofocus_points', 'price', 'sensor_size', 'camera_type'], 'CAMERA_2': [], 'CAMERA_3': []}",C_LEAVES,DOOR,NONE,,FACE_TO_FACE,NONE,S_RETURNS_TO_COUNTER,SERVICE_COUNTER,NONE,,WAITING,NONE,
703,1,NONE,[],"{'CAMERA_1': [], 'CAMERA_2': [], 'CAMERA_3': []}",C_ENTERS,DOOR,NONE,,WAITING,NONE,S_NONE,SERVICE_COUNTER,NONE,,WAITING,NONE,
703,2,NONE,[],"{'CAMERA_1': [], 'CAMERA_2': [], 'CAMERA_3': []}",C_WALKS_TO_CAMERA,CAMERA_3,NONE,,WAITING,NONE,S_GREETS,CAMERA_3,NONE,can I help you?,FACE_TO_FACE,NONE,
703,3,CAMERA_3,['CAMERA_3'],"{'CAMERA_1': [], 'CAMERA_2': [], 'CAMERA_3': []}",C_LOOKING_FOR_A_CAMERA,CAMERA_3,NONE,hiker afternoon looking to buy a new camera,FACE_TO_FACE,NONE,S_INTRODUCES_CAMERA,CAMERA_3,,Let me show you this. Here we have the Fujifilm PowerShot ELPH S2800.,PRESENT_X,CAMERA_3,39~68
703,4,CAMERA_3,['CAMERA_3'],"{'CAMERA_1': [], 'CAMERA_2': [], 'CAMERA_3': ['long_exposure']}",C_QUESTION_ABOUT_FEATURE,CAMERA_3,long_exposure,and does it have a long exposure mode,PRESENT_X,CAMERA_3,S_ANSWERS_QUESTION_ABOUT_FEATURE,CAMERA_3,long_exposure,This one can take long exposures up to 30 minutes max with bulb mode.,PRESENT_X,CAMERA_3,39~68
703,5,CAMERA_3,['CAMERA_3'],"{'CAMERA_1': [], 'CAMERA_2': [], 'CAMERA_3': ['long_exposure', 'effects']}",C_QUESTION_ABOUT_FEATURE,CAMERA_3,effects,what about the artistic effect,PRESENT_X,CAMERA_3,S_ANSWERS_QUESTION_ABOUT_FEATURE,CAMERA_3,effects,"This one has 21 photo effects (small face, retro, big eyes, etc.).",PRESENT_X,CAMERA_3,13~65
703,6,CAMERA_3,['CAMERA_3'],"{'CAMERA_1': [], 'CAMERA_2': [], 'CAMERA_3': ['long_exposure', 'effects', 'resolution']}",C_QUESTION_ABOUT_FEATURE,CAMERA_3,resolution,how many megapixels is it house,PRESENT_X,CAMERA_3,S_ANSWERS_QUESTION_ABOUT_FEATURE,CAMERA_3,resolution,This one has 23.2 megapixels resolution.,PRESENT_X,CAMERA_3,13~28
703,7,CAMERA_3,['CAMERA_3'],"{'CAMERA_1': [], 'CAMERA_2': [], 'CAMERA_3': ['long_exposure', 'effects', 'resolution', 'autofocus_points']}",C_SILENT_OR_BACKCHANNEL,CAMERA_3,NONE,ok,PRESENT_X,CAMERA_3,S_INTRODUCES_FEATURE,CAMERA_3,autofocus_points,This one has 214 autofocus points.,PRESENT_X,CAMERA_3,13~33
703,8,CAMERA_2,"['CAMERA_3', 'CAMERA_2']","{'CAMERA_1': [], 'CAMERA_2': [], 'CAMERA_3': ['long_exposure', 'effects', 'resolution', 'autofocus_points']}",C_ANYTHING_ELSE_AVAILABLE,CAMERA_3,NONE,oh I see that's very interesting do you have any other cameras that you can recommend me,PRESENT_X,CAMERA_3,S_INTRODUCES_CAMERA,CAMERA_2,,Let me show you this. Here we have the Fujifilm Lumix ILC Camera.,PRESENT_X,CAMERA_2,39~64
703,9,CAMERA_2,"['CAMERA_3', 'CAMERA_2']","{'CAMERA_1': [], 'CAMERA_2': ['resolution'], 'CAMERA_3': ['long_exposure', 'effects', 'resolution', 'autofocus_points']}",C_SILENT_OR_BACKCHANNEL,CAMERA_2,NONE,you're actually it's the way is feels really nice,PRESENT_X,CAMERA_2,S_INTRODUCES_FEATURE,CAMERA_2,resolution,This one has 23.8 megapixels resolution.,PRESENT_X,CAMERA_2,13~28
703,10,NONE,"['CAMERA_3', 'CAMERA_2']","{'CAMERA_1': [], 'CAMERA_2': ['resolution'], 'CAMERA_3': ['long_exposure', 'effects', 'resolution', 'autofocus_points']}",C_THANK_YOU,CAMERA_2,NONE,thank you,PRESENT_X,CAMERA_2,S_THANK_YOU,CAMERA_2,NONE,thank you very much.,FACE_TO_FACE,NONE,
703,11,NONE,"['CAMERA_3', 'CAMERA_2']","{'CAMERA_1': [], 'CAMERA_2': ['resolution'], 'CAMERA_3': ['long_exposure', 'effects', 'resolution', 'autofocus_points']}",C_LEAVES,DOOR,NONE,,FACE_TO_FACE,NONE,S_RETURNS_TO_COUNTER,SERVICE_COUNTER,NONE,,WAITING,NONE,
704,1,NONE,[],"{'CAMERA_1': [], 'CAMERA_2': [], 'CAMERA_3': []}",C_ENTERS,DOOR,NONE,,WAITING,NONE,S_NONE,SERVICE_COUNTER,NONE,,WAITING,NONE,
704,2,NONE,[],"{'CAMERA_1': [], 'CAMERA_2': [], 'CAMERA_3': []}",C_GREETS,MIDDLE,NONE,excuse me,WAITING,NONE,S_GREETS,MIDDLE,NONE,can I help you?,FACE_TO_FACE,NONE,
704,3,CAMERA_2,['CAMERA_2'],"{'CAMERA_1': [], 'CAMERA_2': [], 'CAMERA_3': []}",C_LOOKING_FOR_A_CAMERA,MIDDLE,NONE,well I'm looking for camera,FACE_TO_FACE,NONE,S_INTRODUCES_CAMERA,CAMERA_2,,Let me show you this. Here we have the Fujifilm Lumix ILC Camera.,PRESENT_X,CAMERA_2,39~64
704,4,CAMERA_2,['CAMERA_2'],"{'CAMERA_1': [], 'CAMERA_2': ['effects'], 'CAMERA_3': []}",C_QUESTION_ABOUT_FEATURE,CAMERA_2,effects,does it have artistic effect lights,PRESENT_X,CAMERA_2,S_ANSWERS_QUESTION_ABOUT_FEATURE,CAMERA_2,effects,"This one has 24 artistic effect modes (retro, lighter or darker skin tones, sepia, etc.).",PRESENT_X,CAMERA_2,13~88
704,5,CAMERA_2,['CAMERA_2'],"{'CAMERA_1': [], 'CAMERA_2': ['effects', 'sensor_size'], 'CAMERA_3': []}",C_SILENT_OR_BACKCHANNEL,CAMERA_2,NONE,it seems like a pretty good camera,PRESENT_X,CAMERA_2,S_INTRODUCES_FEATURE,CAMERA_2,sensor_size,This one has a 1/2.33 inch sensor.,PRESENT_X,CAMERA_2,15~33
704,6,CAMERA_2,['CAMERA_2'],"{'CAMERA_1': [], 'CAMERA_2': ['effects', 'sensor_size', 'camera_type'], 'CAMERA_3': []}",C_SILENT_OR_BACKCHANNEL,CAMERA_2,NONE,okay that sounds good,PRESENT_X,CAMERA_2,S_INTRODUCES_FEATURE,CAMERA_2,camera_type,This is a digital single lens mirrorless camera.,PRESENT_X,CAMERA_2,10~40
704,7,CAMERA_2,['CAMERA_2'],"{'CAMERA_1': [], 'CAMERA_2': ['effects', 'sensor_size', 'camera_type', 'weight'], 'CAMERA_3': []}",C_SILENT_OR_BACKCHANNEL,CAMERA_2,NONE,I like it,PRESENT_X,CAMERA_2,S_INTRODUCES_FEATURE,CAMERA_2,weight,This one weighs 820 grams.,PRESENT_X,CAMERA_2,16~25
704,8,CAMERA_1,"['CAMERA_2', 'CAMERA_1']","{'CAMERA_1': [], 'CAMERA_2': ['effects', 'sensor_size', 'camera_type', 'weight'], 'CAMERA_3': []}",C_ANYTHING_ELSE_AVAILABLE,CAMERA_2,NONE,So this is the only model you have in your shop,PRESENT_X,CAMERA_2,S_INTRODUCES_CAMERA,CAMERA_1,,Let me show you this. Here we have the Sony PowerShot ELPH DMC-ZS3.,PRESENT_X,CAMERA_1,39~66
704,9,CAMERA_1,"['CAMERA_2', 'CAMERA_1']","{'CAMERA_1': ['optical_zoom'], 'CAMERA_2': ['effects', 'sensor_size', 'camera_type', 'weight'], 'CAMERA_3': []}",C_QUESTION_ABOUT_FEATURE,CAMERA_1,optical_zoom,good that's a good effect okay how about the optical zooms,PRESENT_X,CAMERA_1,S_ANSWERS_QUESTION_ABOUT_FEATURE,CAMERA_1,optical_zoom,This one has 21x optical zoom.,PRESENT_X,CAMERA_1,13~29
704,10,CAMERA_1,"['CAMERA_2', 'CAMERA_1']","{'CAMERA_1': ['optical_zoom', 'resolution'], 'CAMERA_2': ['effects', 'sensor_size', 'camera_type', 'weight'], 'CAMERA_3': []}",C_QUESTION_ABOUT_FEATURE,CAMERA_1,resolution,What is the resolution on this camera,PRESENT_X,CAMERA_1,S_ANSWERS_QUESTION_ABOUT_FEATURE,CAMERA_1,resolution,This one has 17.8 megapixels resolution.,PRESENT_X,CAMERA_1,13~28
704,11,CAMERA_1,"['CAMERA_2', 'CAMERA_1']","{'CAMERA_1': ['optical_zoom', 'resolution', 'autofocus_points'], 'CAMERA_2': ['effects', 'sensor_size', 'camera_type', 'weight'], 'CAMERA_3': []}",C_QUESTION_ABOUT_FEATURE,CAMERA_1,autofocus_points,what about the the focus point,PRESENT_X,CAMERA_1,S_ANSWERS_QUESTION_ABOUT_FEATURE,CAMERA_1,autofocus_points,This one has 135 autofocus points.,PRESENT_X,CAMERA_1,13~33
704,12,CAMERA_1,"['CAMERA_2', 'CAMERA_1']","{'CAMERA_1': ['optical_zoom', 'resolution', 'autofocus_points', 'ISO'], 'CAMERA_2': ['effects', 'sensor_size', 'camera_type', 'weight'], 'CAMERA_3': []}",C_QUESTION_ABOUT_FEATURE,CAMERA_1,ISO,so what is the high ISO performance like,PRESENT_X,CAMERA_1,S_ANSWERS_QUESTION_ABOUT_FEATURE,CAMERA_1,ISO,This one has up to 51200 ISO.,PRESENT_X,CAMERA_1,13~28
704,13,CAMERA_1,"['CAMERA_2', 'CAMERA_1']","{'CAMERA_1': ['optical_zoom', 'resolution', 'autofocus_points', 'ISO', 'effects'], 'CAMERA_2': ['effects', 'sensor_size', 'camera_type', 'weight'], 'CAMERA_3': []}",C_SILENT_OR_BACKCHANNEL,CAMERA_1,NONE,IC,PRESENT_X,CAMERA_1,S_INTRODUCES_FEATURE,CAMERA_1,effects,"This one has 24 glamor retouch effects (miniature, retro, toy camera, etc.).",PRESENT_X,CAMERA_1,13~75
704,14,CAMERA_1,"['CAMERA_2', 'CAMERA_1']","{'CAMERA_1': ['optical_zoom', 'resolution', 'autofocus_points', 'ISO', 'effects', 'price'], 'CAMERA_2': ['effects', 'sensor_size', 'camera_type', 'weight'], 'CAMERA_3': []}",C_QUESTION_ABOUT_FEATURE,CAMERA_1,price,Ozzy and how much,PRESENT_X,CAMERA_1,S_ANSWERS_QUESTION_ABOUT_FEATURE,CAMERA_1,price,This one costs $450.,PRESENT_X,CAMERA_1,15~19
704,15,CAMERA_1,"['CAMERA_2', 'CAMERA_1']","{'CAMERA_1': ['optical_zoom', 'resolution', 'autofocus_points', 'ISO', 'effects', 'price', 'long_exposure'], 'CAMERA_2': ['effects', 'sensor_size', 'camera_type', 'weight'], 'CAMERA_3': []}",C_QUESTION_ABOUT_FEATURE,CAMERA_1,long_exposure,that's good how long can I set the exposure to,PRESENT_X,CAMERA_1,S_ANSWERS_QUESTION_ABOUT_FEATURE,CAMERA_1,long_exposure,This one can take long exposures up to up to 15 seconds with Long Shutter Mode.,PRESENT_X,CAMERA_1,39~78
704,16,CAMERA_1,"['CAMERA_2', 'CAMERA_1']","{'CAMERA_1': ['optical_zoom', 'resolution', 'autofocus_points', 'ISO', 'effects', 'price', 'long_exposure', 'sensor_size'], 'CAMERA_2': ['effects', 'sensor_size', 'camera_type', 'weight'], 'CAMERA_3': []}",C_QUESTION_ABOUT_FEATURE,CAMERA_1,sensor_size,what is the sensor size,PRESENT_X,CAMERA_1,S_ANSWERS_QUESTION_ABOUT_FEATURE,CAMERA_1,sensor_size,This one has a 1/2.3 inch CMOS sensor.,PRESENT_X,CAMERA_1,15~37
704,17,NONE,"['CAMERA_2', 'CAMERA_1']","{'CAMERA_1': ['optical_zoom', 'resolution', 'autofocus_points', 'ISO', 'effects', 'price', 'long_exposure', 'sensor_size'], 'CAMERA_2': ['effects', 'sensor_size', 'camera_type', 'weight'], 'CAMERA_3': []}",C_THANK_YOU,CAMERA_1,NONE,ok thanks,PRESENT_X,CAMERA_1,S_THANK_YOU,CAMERA_1,NONE,thank you very much.,FACE_TO_FACE,NONE,
704,18,NONE,"['CAMERA_2', 'CAMERA_1']","{'CAMERA_1': ['optical_zoom', 'resolution', 'autofocus_points', 'ISO', 'effects', 'price', 'long_exposure', 'sensor_size'], 'CAMERA_2': ['effects', 'sensor_size', 'camera_type', 'weight'], 'CAMERA_3': []}",C_LEAVES,DOOR,NONE,,FACE_TO_FACE,NONE,S_RETURNS_TO_COUNTER,SERVICE_COUNTER,NONE,,WAITING,NONE,
705,1,NONE,[],"{'CAMERA_1': [], 'CAMERA_2': [], 'CAMERA_3': []}",C_ENTERS,DOOR,NONE,,WAITING,NONE,S_NONE,SERVICE_COUNTER,NONE,,WAITING,NONE,
705,2,NONE,[],"{'CAMERA_1': [], 'CAMERA_2': [], 'CAMERA_3': []}",C_WALKS_TO_CAMERA,CAMERA_1,NONE,,WAITING,NONE,S_GREETS,CAMERA_1,NONE,can I help you?,FACE_TO_FACE,NONE,
705,3,CAMERA_1,['CAMERA_1'],"{'CAMERA_1': [], 'CAMERA_2': [], 'CAMERA_3': []}",C_LOOKING_FOR_A_CAMERA,CAMERA_1,NONE,online business so I'm just trying to get it started,FACE_TO_FACE,NONE,S_INTRODUCES_CAMERA,CAMERA_1,,Let me show you this. Here we have the Sony PowerShot ELPH DMC-ZS3.,PRESENT_X,CAMERA_1,39~66
705,4,CAMERA_1,['CAMERA_1'],"{'CAMERA_1': ['weight'], 'CAMERA_2': [], 'CAMERA_3': []}",C_QUESTION_ABOUT_FEATURE,CAMERA_1,weight,ok what about the wait is it heavy or is it,PRESENT_X,CAMERA_1,S_ANSWERS_QUESTION_ABOUT_FEATURE,CAMERA_1,weight,This one weighs 800 grams.,PRESENT_X,CAMERA_1,16~25
705,5,CAMERA_1,['CAMERA_1'],"{'CAMERA_1': ['weight', 'sensor_size'], 'CAMERA_2': [], 'CAMERA_3': []}",C_SILENT_OR_BACKCHANNEL,CAMERA_1,NONE,okay that sounds great,PRESENT_X,CAMERA_1,S_INTRODUCES_FEATURE,CAMERA_1,sensor_size,This one has a 1/2.3 inch CMOS sensor.,PRESENT_X,CAMERA_1,15~37
705,6,CAMERA_1,['CAMERA_1'],"{'CAMERA_1': ['weight', 'sensor_size', 'autofocus_points'], 'CAMERA_2': [], 'CAMERA_3': []}",C_SILENT_OR_BACKCHANNEL,CAMERA_1,NONE,ok let me see,PRESENT_X,CAMERA_1,S_INTRODUCES_FEATURE,CAMERA_1,autofocus_points,This one has 135 autofocus points.,PRESENT_X,CAMERA_1,13~33
705,7,CAMERA_2,"['CAMERA_1', 'CAMERA_2']","{'CAMERA_1': ['weight', 'sensor_size', 'autofocus_points'], 'CAMERA_2': [], 'CAMERA_3': []}",C_ANYTHING_ELSE_AVAILABLE,CAMERA_1,NONE,I see do you have any other options that you can show me,PRESENT_X,CAMERA_1,S_INTRODUCES_CAMERA,CAMERA_2,,Let me show you this. Here we have the Fujifilm Lumix ILC Camera.,PRESENT_X,CAMERA_2,39~64
705,8,CAMERA_2,"['CAMERA_1', 'CAMERA_2']","{'CAMERA_1': ['weight', 'sensor_size', 'autofocus_points'], 'CAMERA_2': ['price'], 'CAMERA_3': []}",C_SILENT_OR_BACKCHANNEL,CAMERA_2,NONE,IC,PRESENT_X,CAMERA_2,S_INTRODUCES_FEATURE,CAMERA_2,price,This one costs $768.,PRESENT_X,CAMERA_2,15~19
705,9,CAMERA_2,"['CAMERA_1', 'CAMERA_2']","{'CAMERA_1': ['weight', 'sensor_size', 'autofocus_points'], 'CAMERA_2': ['price', 'sensor_size'], 'CAMERA_3': []}",C_QUESTION_ABOUT_FEATURE,CAMERA_2,sensor_size,this camera looks quite heavy compared to the smaller ones but how big is the sensor on it,PRESENT_X,CAMERA_2,S_ANSWERS_QUESTION_ABOUT_FEATURE,CAMERA_2,sensor_size,This one has a 1/2.33 inch sensor.,PRESENT_X,CAMERA_2,15~33
705,10,CAMERA_2,"['CAMERA_1', 'CAMERA_2']","{'CAMERA_1': ['weight', 'sensor_size', 'autofocus_points'], 'CAMERA_2': ['price', 'sensor_size', 'effects'], 'CAMERA_3': []}",C_QUESTION_ABOUT_FEATURE,CAMERA_2,effects,okay that's a record and how many of those effects does it have,PRESENT_X,CAMERA_2,S_ANSWERS_QUESTION_ABOUT_FEATURE,CAMERA_2,effects,"This one has 24 artistic effect modes (retro, lighter or darker skin tones, sepia, etc.).",PRESENT_X,CAMERA_2,13~88
705,11,CAMERA_2,"['CAMERA_1', 'CAMERA_2']","{'CAMERA_1': ['weight', 'sensor_size', 'autofocus_points'], 'CAMERA_2': ['price', 'sensor_size', 'effects', 'preset_modes'], 'CAMERA_3': []}",C_QUESTION_ABOUT_FEATURE,CAMERA_2,preset_modes,is the other one with menu settings is that lighter or heavier than its camera,PRESENT_X,CAMERA_2,S_NOT_SURE,CAMERA_2,,I'm not really sure about that.,PRESENT_X,CAMERA_2,
705,12,CAMERA_2,"['CAMERA_1', 'CAMERA_2']","{'CAMERA_1': ['weight', 'sensor_size', 'autofocus_points'], 'CAMERA_2': ['price', 'sensor_size', 'effects', 'preset_modes', 'camera_type'], 'CAMERA_3': []}",C_QUESTION_ABOUT_FEATURE,CAMERA_2,camera_type,Is this a mirrorless camera?,PRESENT_X,CAMERA_2,S_ANSWERS_QUESTION_ABOUT_FEATURE,CAMERA_2,camera_type,This is a digital single lens mirrorless camera.,PRESENT_X,CAMERA_2,10~40
705,13,CAMERA_2,"['CAMERA_1', 'CAMERA_2']","{'CAMERA_1': ['weight', 'sensor_size', 'autofocus_points'], 'CAMERA_2': ['price', 'sensor_size', 'effects', 'preset_modes', 'camera_type', 'optical_zoom'], 'CAMERA_3': []}",C_QUESTION_ABOUT_FEATURE,CAMERA_2,optical_zoom,okay can you tell me what optical zoom it has,PRESENT_X,CAMERA_2,S_ANSWERS_QUESTION_ABOUT_FEATURE,CAMERA_2,optical_zoom,This one has 21x optical zoom.,PRESENT_X,CAMERA_2,13~29
705,14,CAMERA_2,"['CAMERA_1', 'CAMERA_2']","{'CAMERA_1': ['weight', 'sensor_size', 'autofocus_points'], 'CAMERA_2': ['price', 'sensor_size', 'effects', 'preset_modes', 'camera_type', 'optical_zoom', 'long_exposure'], 'CAMERA_3': []}",C_QUESTION_ABOUT_FEATURE,CAMERA_2,long_exposure,that's great and has a long exposure might as well,PRESENT_X,CAMERA_2,S_ANSWERS_QUESTION_ABOUT_FEATURE,CAMERA_2,long_exposure,This one can take long exposures up to 60 minutes max with bulb mode.,PRESENT_X,CAMERA_2,39~68
705,15,CAMERA_2,"['CAMERA_1', 'CAMERA_2']","{'CAMERA_1': ['weight', 'sensor_size', 'autofocus_points'], 'CAMERA_2': ['price', 'sensor_size', 'effects', 'preset_modes', 'camera_type', 'optical_zoom', 'long_exposure', 'autofocus_points'], 'CAMERA_3': []}",C_QUESTION_ABOUT_FEATURE,CAMERA_2,autofocus_points,How about auto focus points for this,PRESENT_X,CAMERA_2,S_NOT_SURE,CAMERA_2,,I'm not really sure about that.,PRESENT_X,CAMERA_2,
705,16,CAMERA_2,"['CAMERA_1', 'CAMERA_2']","{'CAMERA_1': ['weight', 'sensor_size', 'autofocus_points'], 'CAMERA_2': ['price', 'sensor_size', 'effects', 'preset_modes', 'camera_type', 'optical_zoom', 'long_exposure', 'autofocus_points', 'color'], 'CAMERA_3': []}",C_QUESTION_ABOUT_FEATURE,CAMERA_2,color,what color do you have,PRESENT_X,CAMERA_2,S_ANSWERS_QUESTION_ABOUT_FEATURE,CAMERA_2,color,This one comes in white or pink.,PRESENT_X,CAMERA_2,18~31
705,17,CAMERA_2,"['CAMERA_1', 'CAMERA_2']","{'CAMERA_1': ['weight', 'sensor_size', 'autofocus_points'], 'CAMERA_2': ['price', 'sensor_size', 'effects', 'preset_modes', 'camera_type', 'optical_zoom', 'long_exposure', 'autofocus_points', 'color', 'resolution'], 'CAMERA_3': []}",C_QUESTION_ABOUT_FEATURE,CAMERA_2,resolution,Honda how many mega pixels on the screen,PRESENT_X,CAMERA_2,S_ANSWERS_QUESTION_ABOUT_FEATURE,CAMERA_2,resolution,This one has 23.8 megapixels resolution.,PRESENT_X,CAMERA_2,13~28
705,18,CAMERA_2,"['CAMERA_1', 'CAMERA_2']","{'CAMERA_1': ['weight', 'sensor_size', 'autofocus_points'], 'CAMERA_2': ['price', 'sensor_size', 'effects', 'preset_modes', 'camera_type', 'optical_zoom', 'long_exposure', 'autofocus_points', 'color', 'resolution', 'weight'], 'CAMERA_3': []}",C_QUESTION_ABOUT_FEATURE,CAMERA_2,weight,how heavy is it,PRESENT_X,CAMERA_2,S_ANSWERS_QUESTION_ABOUT_FEATURE,CAMERA_2,weight,This one weighs 820 grams.,PRESENT_X,CAMERA_2,16~25
705,19,CAMERA_2,"['CAMERA_1', 'CAMERA_2']","{'CAMERA_1': ['weight', 'sensor_size', 'autofocus_points'], 'CAMERA_2': ['price', 'sensor_size', 'effects', 'preset_modes', 'camera_type', 'optical_zoom', 'long_exposure', 'autofocus_points', 'color', 'resolution', 'weight', 'settings'], 'CAMERA_3': []}",C_QUESTION_ABOUT_FEATURE,CAMERA_2,settings,okay and what kind of manual settings does it have,PRESENT_X,CAMERA_2,S_ANSWERS_QUESTION_ABOUT_FEATURE,CAMERA_2,settings,"This one has manual control and various automatic settings (video modeburst shooting, etc.).",PRESENT_X,CAMERA_2,13~91
705,20,CAMERA_2,"['CAMERA_1', 'CAMERA_2']","{'CAMERA_1': ['weight', 'sensor_size', 'autofocus_points'], 'CAMERA_2': ['price', 'sensor_size', 'effects', 'preset_modes', 'camera_type', 'optical_zoom', 'long_exposure', 'autofocus_points', 'color', 'resolution', 'weight', 'settings', 'ISO'], 'CAMERA_3': []}",C_QUESTION_ABOUT_FEATURE,CAMERA_2,ISO,ok also the iso rate,PRESENT_X,CAMERA_2,S_NOT_SURE,CAMERA_2,,I'm not really sure about that.,PRESENT_X,CAMERA_2,
705,21,CAMERA_2,"['CAMERA_1', 'CAMERA_2']","{'CAMERA_1': ['weight', 'sensor_size', 'autofocus_points'], 'CAMERA_2': ['price', 'sensor_size', 'effects', 'preset_modes', 'camera_type', 'optical_zoom', 'long_exposure', 'autofocus_points', 'color', 'resolution', 'weight', 'settings', 'ISO', 'long_exposure'], 'CAMERA_3': []}",C_QUESTION_ABOUT_FEATURE,CAMERA_2,long_exposure,ok what about the long exposure rate how good is that,PRESENT_X,CAMERA_2,S_ANSWERS_QUESTION_ABOUT_FEATURE,CAMERA_2,long_exposure,This one can take long exposures up to 60 minutes max with bulb mode.,PRESENT_X,CAMERA_2,39~68
705,22,CAMERA_2,"['CAMERA_1', 'CAMERA_2']","{'CAMERA_1': ['weight', 'sensor_size', 'autofocus_points'], 'CAMERA_2': ['price', 'sensor_size', 'effects', 'preset_modes', 'camera_type', 'optical_zoom', 'long_exposure', 'autofocus_points', 'color', 'resolution', 'weight', 'settings', 'ISO', 'long_exposure', 'color'], 'CAMERA_3': []}",C_QUESTION_ABOUT_FEATURE,CAMERA_2,color,what color does it come in,PRESENT_X,CAMERA_2,S_ANSWERS_QUESTION_ABOUT_FEATURE,CAMERA_2,color,This one comes in white or pink.,PRESENT_X,CAMERA_2,18~31
705,23,CAMERA_2,"['CAMERA_1', 'CAMERA_2']","{'CAMERA_1': ['weight', 'sensor_size', 'autofocus_points'], 'CAMERA_2': ['price', 'sensor_size', 'effects', 'preset_modes', 'camera_type', 'optical_zoom', 'long_exposure', 'autofocus_points', 'color', 'resolution', 'weight', 'settings', 'ISO', 'long_exposure', 'color', 'price'], 'CAMERA_3': []}",C_SILENT_OR_BACKCHANNEL,CAMERA_2,NONE,oh wow that seems quite high,PRESENT_X,CAMERA_2,S_INTRODUCES_FEATURE,CAMERA_2,price,This one costs $768.,PRESENT_X,CAMERA_2,15~19
705,24,CAMERA_3,"['CAMERA_1', 'CAMERA_2', 'CAMERA_3']","{'CAMERA_1': ['weight', 'sensor_size', 'autofocus_points'], 'CAMERA_2': ['price', 'sensor_size', 'effects', 'preset_modes', 'camera_type', 'optical_zoom', 'long_exposure', 'autofocus_points', 'color', 'resolution', 'weight', 'settings', 'ISO', 'long_exposure', 'color', 'price'], 'CAMERA_3': []}",C_ANYTHING_ELSE_AVAILABLE,CAMERA_2,NONE,do you have any other cameras that are in this kind,PRESENT_X,CAMERA_2,S_INTRODUCES_CAMERA,CAMERA_3,,Let me show you this. Here we have the Fujifilm PowerShot ELPH S2800.,PRESENT_X,CAMERA_3,39~68
705,25,CAMERA_3,"['CAMERA_1', 'CAMERA_2', 'CAMERA_3']","{'CAMERA_1': ['weight', 'sensor_size', 'autofocus_points'], 'CAMERA_2': ['price', 'sensor_size', 'effects', 'preset_modes', 'camera_type', 'optical_zoom', 'long_exposure', 'autofocus_points', 'color', 'resolution', 'weight', 'settings', 'ISO', 'long_exposure', 'color', 'price'], 'CAMERA_3': ['weight']}",C_SILENT_OR_BACKCHANNEL,CAMERA_3,NONE,Isis sounds like a really nice cameras have,PRESENT_X,CAMERA_3,S_INTRODUCES_FEATURE,CAMERA_3,weight,This one weighs 820 grams.,PRESENT_X,CAMERA_3,16~25
705,26,CAMERA_3,"['CAMERA_1', 'CAMERA_2', 'CAMERA_3']","{'CAMERA_1': ['weight', 'sensor_size', 'autofocus_points'], 'CAMERA_2': ['price', 'sensor_size', 'effects', 'preset_modes', 'camera_type', 'optical_zoom', 'long_exposure', 'autofocus_points', 'color', 'resolution', 'weight', 'settings', 'ISO', 'long_exposure', 'color', 'price'], 'CAMERA_3': ['weight', 'price']}",C_SILENT_OR_BACKCHANNEL,CAMERA_3,NONE,IC,PRESENT_X,CAMERA_3,S_INTRODUCES_FEATURE,CAMERA_3,price,This one costs $518.,PRESENT_X,CAMERA_3,15~19
705,27,CAMERA_3,"['CAMERA_1', 'CAMERA_2', 'CAMERA_3']","{'CAMERA_1': ['weight', 'sensor_size', 'autofocus_points'], 'CAMERA_2': ['price', 'sensor_size', 'effects', 'preset_modes', 'camera_type', 'optical_zoom', 'long_exposure', 'autofocus_points', 'color', 'resolution', 'weight', 'settings', 'ISO', 'long_exposure', 'color', 'price'], 'CAMERA_3': ['weight', 'price', 'effects']}",C_SILENT_OR_BACKCHANNEL,CAMERA_3,NONE,that's the part that sounds good,PRESENT_X,CAMERA_3,S_INTRODUCES_FEATURE,CAMERA_3,effects,"This one has 21 photo effects (small face, retro, big eyes, etc.).",PRESENT_X,CAMERA_3,13~65
705,28,,"['CAMERA_1', 'CAMERA_2', 'CAMERA_3']","{'CAMERA_1': ['weight', 'sensor_size', 'autofocus_points'], 'CAMERA_2': ['price', 'sensor_size', 'effects', 'preset_modes', 'camera_type', 'optical_zoom', 'long_exposure', 'autofocus_points', 'color', 'resolution', 'weight', 'settings', 'ISO', 'long_exposure', 'color', 'price'], 'CAMERA_3': ['weight', 'price', 'effects']}",C_ANYTHING_ELSE_AVAILABLE,CAMERA_3,NONE,okay do you have any other cameras I might be interested,PRESENT_X,CAMERA_3,S_THATS_ALL_WE_HAVE_AVAILABLE,CAMERA_3,,That's all we have available at the moment.,PRESENT_X,CAMERA_3,
705,29,NONE,"['CAMERA_1', 'CAMERA_2', 'CAMERA_3']","{'CAMERA_1': ['weight', 'sensor_size', 'autofocus_points'], 'CAMERA_2': ['price', 'sensor_size', 'effects', 'preset_modes', 'camera_type', 'optical_zoom', 'long_exposure', 'autofocus_points', 'color', 'resolution', 'weight', 'settings', 'ISO', 'long_exposure', 'color', 'price'], 'CAMERA_3': ['weight', 'price', 'effects']}",C_THANK_YOU,CAMERA_3,NONE,anyway thank you very much for your help and I feel tired and left me here to have a good day,PRESENT_X,CAMERA_3,S_THANK_YOU,CAMERA_3,NONE,thank you very much.,FACE_TO_FACE,NONE,
705,30,NONE,"['CAMERA_1', 'CAMERA_2', 'CAMERA_3']","{'CAMERA_1': ['weight', 'sensor_size', 'autofocus_points'], 'CAMERA_2': ['price', 'sensor_size', 'effects', 'preset_modes', 'camera_type', 'optical_zoom', 'long_exposure', 'autofocus_points', 'color', 'resolution', 'weight', 'settings', 'ISO', 'long_exposure', 'color', 'price'], 'CAMERA_3': ['weight', 'price', 'effects']}",C_LEAVES,DOOR,NONE,,FACE_TO_FACE,NONE,S_RETURNS_TO_COUNTER,SERVICE_COUNTER,NONE,,WAITING,NONE,
706,1,NONE,[],"{'CAMERA_1': [], 'CAMERA_2': [], 'CAMERA_3': []}",C_ENTERS,DOOR,NONE,,WAITING,NONE,S_NONE,SERVICE_COUNTER,NONE,,WAITING,NONE,
706,2,NONE,[],"{'CAMERA_1': [], 'CAMERA_2': [], 'CAMERA_3': []}",C_GREETS,MIDDLE,NONE,hi can you help me place,WAITING,NONE,S_GREETS,MIDDLE,NONE,can I help you?,FACE_TO_FACE,NONE,
706,3,CAMERA_1,['CAMERA_1'],"{'CAMERA_1': [], 'CAMERA_2': [], 'CAMERA_3': []}",C_LOOKING_FOR_A_CAMERA,MIDDLE,NONE,I'm looking for a camera,FACE_TO_FACE,NONE,S_INTRODUCES_CAMERA,CAMERA_1,,Let me show you this. Here we have the Sony PowerShot ELPH DMC-ZS3.,PRESENT_X,CAMERA_1,39~66
706,4,CAMERA_1,['CAMERA_1'],"{'CAMERA_1': ['settings'], 'CAMERA_2': [], 'CAMERA_3': []}",C_QUESTION_ABOUT_FEATURE,CAMERA_1,settings,sounds good what about the manual settings,PRESENT_X,CAMERA_1,S_ANSWERS_QUESTION_ABOUT_FEATURE,CAMERA_1,settings,This one has limited manual settings.,PRESENT_X,CAMERA_1,13~36
706,5,CAMERA_1,['CAMERA_1'],"{'CAMERA_1': ['settings', 'long_exposure'], 'CAMERA_2': [], 'CAMERA_3': []}",C_SILENT_OR_BACKCHANNEL,CAMERA_1,NONE,I get,PRESENT_X,CAMERA_1,S_INTRODUCES_FEATURE,CAMERA_1,long_exposure,This one can take long exposures up to up to 15 seconds with Long Shutter Mode.,PRESENT_X,CAMERA_1,39~78
706,6,CAMERA_1,['CAMERA_1'],"{'CAMERA_1': ['settings', 'long_exposure', 'weight'], 'CAMERA_2': [], 'CAMERA_3': []}",C_SILENT_OR_BACKCHANNEL,CAMERA_1,NONE,ok,PRESENT_X,CAMERA_1,S_INTRODUCES_FEATURE,CAMERA_1,weight,This one weighs 800 grams.,PRESENT_X,CAMERA_1,16~25
706,7,CAMERA_1,['CAMERA_1'],"{'CAMERA_1': ['settings', 'long_exposure', 'weight', 'ISO'], 'CAMERA_2': [], 'CAMERA_3': []}",C_QUESTION_ABOUT_FEATURE,CAMERA_1,ISO,is this able to shoot high iso,PRESENT_X,CAMERA_1,S_ANSWERS_QUESTION_ABOUT_FEATURE,CAMERA_1,ISO,This one has up to 51200 ISO.,PRESENT_X,CAMERA_1,13~28
706,8,CAMERA_1,['CAMERA_1'],"{'CAMERA_1': ['settings', 'long_exposure', 'weight', 'ISO', 'sensor_size'], 'CAMERA_2': [], 'CAMERA_3': []}",C_SILENT_OR_BACKCHANNEL,CAMERA_1,NONE,looks pretty good,PRESENT_X,CAMERA_1,S_INTRODUCES_FEATURE,CAMERA_1,sensor_size,This one has a 1/2.3 inch CMOS sensor.,PRESENT_X,CAMERA_1,15~37
706,9,NONE,['CAMERA_1'],"{'CAMERA_1': ['settings', 'long_exposure', 'weight', 'ISO', 'sensor_size'], 'CAMERA_2': [], 'CAMERA_3': []}",C_THANK_YOU,CAMERA_1,NONE,thank you,PRESENT_X,CAMERA_1,S_THANK_YOU,CAMERA_1,NONE,thank you very much.,FACE_TO_FACE,NONE,
706,10,NONE,['CAMERA_1'],"{'CAMERA_1': ['settings', 'long_exposure', 'weight', 'ISO', 'sensor_size'], 'CAMERA_2': [], 'CAMERA_3': []}",C_LEAVES,DOOR,NONE,,FACE_TO_FACE,NONE,S_RETURNS_TO_COUNTER,SERVICE_COUNTER,NONE,,WAITING,NONE,
707,1,NONE,[],"{'CAMERA_1': [], 'CAMERA_2': [], 'CAMERA_3': []}",C_ENTERS,DOOR,NONE,,WAITING,NONE,S_NONE,SERVICE_COUNTER,NONE,,WAITING,NONE,
707,2,NONE,[],"{'CAMERA_1': [], 'CAMERA_2': [], 'CAMERA_3': []}",C_WALKS_TO_CAMERA,CAMERA_3,NONE,,WAITING,NONE,S_GREETS,CAMERA_3,NONE,can I help you?,FACE_TO_FACE,NONE,
707,3,CAMERA_1,['CAMERA_1'],"{'CAMERA_1': [], 'CAMERA_2': [], 'CAMERA_3': []}",C_LOOKING_FOR_A_CAMERA,CAMERA_3,NONE,I am just looking for a mid-range camera,FACE_TO_FACE,NONE,S_INTRODUCES_CAMERA,CAMERA_1,,Let me show you this. Here we have the Sony PowerShot ELPH DMC-ZS3.,PRESENT_X,CAMERA_1,39~66
707,4,CAMERA_1,['CAMERA_1'],"{'CAMERA_1': ['autofocus_points'], 'CAMERA_2': [], 'CAMERA_3': []}",C_SILENT_OR_BACKCHANNEL,CAMERA_1,NONE,sounds good,PRESENT_X,CAMERA_1,S_INTRODUCES_FEATURE,CAMERA_1,autofocus_points,This one has 135 autofocus points.,PRESENT_X,CAMERA_1,13~33
707,5,CAMERA_1,['CAMERA_1'],"{'CAMERA_1': ['autofocus_points', 'weight'], 'CAMERA_2': [], 'CAMERA_3': []}",C_QUESTION_ABOUT_FEATURE,CAMERA_1,weight,wonderful and what about the weight,PRESENT_X,CAMERA_1,S_ANSWERS_QUESTION_ABOUT_FEATURE,CAMERA_1,weight,This one weighs 800 grams.,PRESENT_X,CAMERA_1,16~25
707,6,CAMERA_1,['CAMERA_1'],"{'CAMERA_1': ['autofocus_points', 'weight', 'color'], 'CAMERA_2': [], 'CAMERA_3': []}",C_QUESTION_ABOUT_FEATURE,CAMERA_1,color,what and what colors does it come in,PRESENT_X,CAMERA_1,S_ANSWERS_QUESTION_ABOUT_FEATURE,CAMERA_1,color,This one comes in blue or black.,PRESENT_X,CAMERA_1,18~31
707,7,CAMERA_1,['CAMERA_1'],"{'CAMERA_1': ['autofocus_points', 'weight', 'color', 'resolution'], 'CAMERA_2': [], 'CAMERA_3': []}",C_QUESTION_ABOUT_FEATURE,CAMERA_1,resolution,how many megapixels,PRESENT_X,CAMERA_1,S_ANSWERS_QUESTION_ABOUT_FEATURE,CAMERA_1,resolution,This one has 17.8 megapixels resolution.,PRESENT_X,CAMERA_1,13~28
707,8,CAMERA_2,"['CAMERA_1', 'CAMERA_2']","{'CAMERA_1': ['autofocus_points', 'weight', 'color', 'resolution'], 'CAMERA_2': [], 'CAMERA_3': []}",C_ANYTHING_ELSE_AVAILABLE,CAMERA_1,NONE,ok do you have any other cameras that can just look at,PRESENT_X,CAMERA_1,S_INTRODUCES_CAMERA,CAMERA_2,,Let me show you this. Here we have the Fujifilm Lumix ILC Camera.,PRESENT_X,CAMERA_2,39~64
707,9,CAMERA_2,"['CAMERA_1', 'CAMERA_2']","{'CAMERA_1': ['autofocus_points', 'weight', 'color', 'resolution'], 'CAMERA_2': ['resolution'], 'CAMERA_3': []}",C_QUESTION_ABOUT_FEATURE,CAMERA_2,resolution,I said he's got the glamour of a touch affect what what does that mean,PRESENT_X,CAMERA_2,S_ANSWERS_QUESTION_ABOUT_FEATURE,CAMERA_2,resolution,This one has 23.8 megapixels resolution.,PRESENT_X,CAMERA_2,13~28
707,10,NONE,"['CAMERA_1', 'CAMERA_2']","{'CAMERA_1': ['autofocus_points', 'weight', 'color', 'resolution'], 'CAMERA_2': ['resolution'], 'CAMERA_3': []}",C_THANK_YOU,CAMERA_2,NONE,very much for a system thank you bro,PRESENT_X,CAMERA_2,S_THANK_YOU,CAMERA_2,NONE,thank you very much.,FACE_TO_FACE,NONE,
707,11,NONE,"['CAMERA_1', 'CAMERA_2']","{'CAMERA_1': ['autofocus_points', 'weight', 'color', 'resolution'], 'CAMERA_2': ['resolution'], 'CAMERA_3': []}",C_LEAVES,DOOR,NONE,,FACE_TO_FACE,NONE,S_RETURNS_TO_COUNTER,SERVICE_COUNTER,NONE,,WAITING,NONE,
708,1,NONE,[],"{'CAMERA_1': [], 'CAMERA_2': [], 'CAMERA_3': []}",C_ENTERS,DOOR,NONE,,WAITING,NONE,S_NONE,SERVICE_COUNTER,NONE,,WAITING,NONE,
708,2,NONE,[],"{'CAMERA_1': [], 'CAMERA_2': [], 'CAMERA_3': []}",C_WALKS_TO_CAMERA,CAMERA_3,NONE,,WAITING,NONE,S_GREETS,CAMERA_3,NONE,can I help you?,FACE_TO_FACE,NONE,
708,3,CAMERA_1,['CAMERA_1'],"{'CAMERA_1': [], 'CAMERA_2': [], 'CAMERA_3': []}",C_LOOKING_FOR_A_CAMERA,CAMERA_3,NONE,well I'm not sure I quite know what I want to,FACE_TO_FACE,NONE,S_INTRODUCES_CAMERA,CAMERA_1,,Let me show you this. Here we have the Sony PowerShot ELPH DMC-ZS3.,PRESENT_X,CAMERA_1,39~66
708,4,CAMERA_1,['CAMERA_1'],"{'CAMERA_1': ['long_exposure'], 'CAMERA_2': [], 'CAMERA_3': []}",C_QUESTION_ABOUT_FEATURE,CAMERA_1,long_exposure,and what's the long exposure on this,PRESENT_X,CAMERA_1,S_ANSWERS_QUESTION_ABOUT_FEATURE,CAMERA_1,long_exposure,This one can take long exposures up to up to 15 seconds with Long Shutter Mode.,PRESENT_X,CAMERA_1,39~78
708,5,CAMERA_1,['CAMERA_1'],"{'CAMERA_1': ['long_exposure', 'camera_type'], 'CAMERA_2': [], 'CAMERA_3': []}",C_SILENT_OR_BACKCHANNEL,CAMERA_1,NONE,IC,PRESENT_X,CAMERA_1,S_INTRODUCES_FEATURE,CAMERA_1,camera_type,This is a DSLR camera.,PRESENT_X,CAMERA_1,10~14
708,6,NONE,['CAMERA_1'],"{'CAMERA_1': ['long_exposure', 'camera_type'], 'CAMERA_2': [], 'CAMERA_3': []}",C_THANK_YOU,CAMERA_1,NONE,let me consider thank you,PRESENT_X,CAMERA_1,S_THANK_YOU,CAMERA_1,NONE,thank you very much.,FACE_TO_FACE,NONE,
708,7,NONE,['CAMERA_1'],"{'CAMERA_1': ['long_exposure', 'camera_type'], 'CAMERA_2': [], 'CAMERA_3': []}",C_LEAVES,DOOR,NONE,,FACE_TO_FACE,NONE,S_RETURNS_TO_COUNTER,SERVICE_COUNTER,NONE,,WAITING,NONE,
709,1,NONE,[],"{'CAMERA_1': [], 'CAMERA_2': [], 'CAMERA_3': []}",C_ENTERS,DOOR,NONE,,WAITING,NONE,S_NONE,SERVICE_COUNTER,NONE,,WAITING,NONE,
709,2,NONE,[],"{'CAMERA_1': [], 'CAMERA_2': [], 'CAMERA_3': []}",C_WALKS_TO_CAMERA,CAMERA_3,NONE,,WAITING,NONE,S_NONE,SERVICE_COUNTER,NONE,,WAITING,NONE,
709,3,CAMERA_3,['CAMERA_3'],"{'CAMERA_1': [], 'CAMERA_2': [], 'CAMERA_3': ['preset_modes']}",C_QUESTION_ABOUT_FEATURE,CAMERA_3,preset_modes,what does this support for preset mode,WAITING,NONE,S_ANSWERS_QUESTION_ABOUT_FEATURE,CAMERA_3,preset_modes,This one has various preset modes.,PRESENT_X,CAMERA_3,13~33
709,4,CAMERA_3,['CAMERA_3'],"{'CAMERA_1': [], 'CAMERA_2': [], 'CAMERA_3': ['preset_modes', 'resolution']}",C_SILENT_OR_BACKCHANNEL,CAMERA_3,NONE,okay that's not too bad for good camera mean he'll us 5d II,PRESENT_X,CAMERA_3,S_INTRODUCES_FEATURE,CAMERA_3,resolution,This one has 23.2 megapixels resolution.,PRESENT_X,CAMERA_3,13~28
709,5,CAMERA_3,['CAMERA_3'],"{'CAMERA_1': [], 'CAMERA_2': [], 'CAMERA_3': ['preset_modes', 'resolution', 'sensor_size']}",C_QUESTION_ABOUT_FEATURE,CAMERA_3,sensor_size,what about the sensor size,PRESENT_X,CAMERA_3,S_ANSWERS_QUESTION_ABOUT_FEATURE,CAMERA_3,sensor_size,This one has a full frame.,PRESENT_X,CAMERA_3,15~25
709,6,CAMERA_3,['CAMERA_3'],"{'CAMERA_1': [], 'CAMERA_2': [], 'CAMERA_3': ['preset_modes', 'resolution', 'sensor_size', 'effects']}",C_QUESTION_ABOUT_FEATURE,CAMERA_3,effects,I don't sense as a cystic effect mode what does that do,PRESENT_X,CAMERA_3,S_ANSWERS_QUESTION_ABOUT_FEATURE,CAMERA_3,effects,"This one has 21 photo effects (small face, retro, big eyes, etc.).",PRESENT_X,CAMERA_3,13~65
709,7,CAMERA_3,['CAMERA_3'],"{'CAMERA_1': [], 'CAMERA_2': [], 'CAMERA_3': ['preset_modes', 'resolution', 'sensor_size', 'effects', 'optical_zoom']}",C_QUESTION_ABOUT_FEATURE,CAMERA_3,optical_zoom,okay that's the drawback okay and he comes here with optical zoom,PRESENT_X,CAMERA_3,S_NOT_SURE,CAMERA_3,,I'm not really sure about that.,PRESENT_X,CAMERA_3,
709,8,CAMERA_3,['CAMERA_3'],"{'CAMERA_1': [], 'CAMERA_2': [], 'CAMERA_3': ['preset_modes', 'resolution', 'sensor_size', 'effects', 'optical_zoom', 'ISO']}",C_QUESTION_ABOUT_FEATURE,CAMERA_3,ISO,okay I see and can you please explain me about the ISO,PRESENT_X,CAMERA_3,S_ANSWERS_QUESTION_ABOUT_FEATURE,CAMERA_3,ISO,This one has up to 3200 ISO with little noise.,PRESENT_X,CAMERA_3,13~45
709,9,CAMERA_3,['CAMERA_3'],"{'CAMERA_1': [], 'CAMERA_2': [], 'CAMERA_3': ['preset_modes', 'resolution', 'sensor_size', 'effects', 'optical_zoom', 'ISO', 'price']}",C_SILENT_OR_BACKCHANNEL,CAMERA_3,NONE,I get,PRESENT_X,CAMERA_3,S_INTRODUCES_FEATURE,CAMERA_3,price,This one costs $518.,PRESENT_X,CAMERA_3,15~19
709,10,NONE,['CAMERA_3'],"{'CAMERA_1': [], 'CAMERA_2': [], 'CAMERA_3': ['preset_modes', 'resolution', 'sensor_size', 'effects', 'optical_zoom', 'ISO', 'price']}",C_THANK_YOU,CAMERA_3,NONE,thanks for your help anytime,PRESENT_X,CAMERA_3,S_THANK_YOU,CAMERA_3,NONE,thank you very much.,FACE_TO_FACE,NONE,
709,11,NONE,['CAMERA_3'],"{'CAMERA_1': [], 'CAMERA_2': [], 'CAMERA_3': ['preset_modes', 'resolution', 'sensor_size', 'effects', 'optical_zoom', 'ISO', 'price']}",C_LEAVES,DOOR,NONE,,FACE_TO_FACE,NONE,S_RETURNS_TO_COUNTER,SERVICE_COUNTER,NONE,,WAITING,NONE,
710,1,NONE,[],"{'CAMERA_1': [], 'CAMERA_2': [], 'CAMERA_3': []}",C_ENTERS,DOOR,NONE,,WAITING,NONE,S_NONE,SERVICE_COUNTER,NONE,,WAITING,NONE,
710,2,NONE,[],"{'CAMERA_1': [], 'CAMERA_2': [], 'CAMERA_3': []}",C_GREETS,MIDDLE,NONE,excuse me,WAITING,NONE,S_GREETS,MIDDLE,NONE,can I help you?,FACE_TO_FACE,NONE,
710,3,CAMERA_3,['CAMERA_3'],"{'CAMERA_1': [], 'CAMERA_2': [], 'CAMERA_3': []}",C_LOOKING_FOR_A_CAMERA,MIDDLE,NONE,I have a smartphone but I'm not smart enough to use it,FACE_TO_FACE,NONE,S_INTRODUCES_CAMERA,CAMERA_3,,Let me show you this. Here we have the Fujifilm PowerShot ELPH S2800.,PRESENT_X,CAMERA_3,39~68
710,4,CAMERA_3,['CAMERA_3'],"{'CAMERA_1': [], 'CAMERA_2': [], 'CAMERA_3': ['sensor_size']}",C_QUESTION_ABOUT_FEATURE,CAMERA_3,sensor_size,and the sensor size what what's the size of the sensor,PRESENT_X,CAMERA_3,S_ANSWERS_QUESTION_ABOUT_FEATURE,CAMERA_3,sensor_size,This one has a full frame.,PRESENT_X,CAMERA_3,15~25
710,5,CAMERA_3,['CAMERA_3'],"{'CAMERA_1': [], 'CAMERA_2': [], 'CAMERA_3': ['sensor_size', 'price']}",C_SILENT_OR_BACKCHANNEL,CAMERA_3,NONE,IC,PRESENT_X,CAMERA_3,S_INTRODUCES_FEATURE,CAMERA_3,price,This one costs $518.,PRESENT_X,CAMERA_3,15~19
710,6,CAMERA_3,['CAMERA_3'],"{'CAMERA_1': [], 'CAMERA_2': [], 'CAMERA_3': ['sensor_size', 'price', 'weight']}",C_SILENT_OR_BACKCHANNEL,CAMERA_3,NONE,I say so,PRESENT_X,CAMERA_3,S_INTRODUCES_FEATURE,CAMERA_3,weight,This one weighs 820 grams.,PRESENT_X,CAMERA_3,16~25
710,7,CAMERA_3,['CAMERA_3'],"{'CAMERA_1': [], 'CAMERA_2': [], 'CAMERA_3': ['sensor_size', 'price', 'weight', 'settings']}",C_QUESTION_ABOUT_FEATURE,CAMERA_3,settings,is it in manual mode,PRESENT_X,CAMERA_3,S_ANSWERS_QUESTION_ABOUT_FEATURE,CAMERA_3,settings,"This one has manual control and various automatic settings (video modeburst shooting, etc.).",PRESENT_X,CAMERA_3,13~91
710,8,CAMERA_3,['CAMERA_3'],"{'CAMERA_1': [], 'CAMERA_2': [], 'CAMERA_3': ['sensor_size', 'price', 'weight', 'settings', 'camera_type']}",C_QUESTION_ABOUT_FEATURE,CAMERA_3,camera_type,is this a DSLR camera,PRESENT_X,CAMERA_3,S_ANSWERS_QUESTION_ABOUT_FEATURE,CAMERA_3,camera_type,This is a point and shoot camera.,PRESENT_X,CAMERA_3,10~25
710,9,CAMERA_2,"['CAMERA_3', 'CAMERA_2']","{'CAMERA_1': [], 'CAMERA_2': [], 'CAMERA_3': ['sensor_size', 'price', 'weight', 'settings', 'camera_type']}",C_ANYTHING_ELSE_AVAILABLE,CAMERA_3,NONE,I see do you have any other options that you can show me,PRESENT_X,CAMERA_3,S_INTRODUCES_CAMERA,CAMERA_2,,Let me show you this. Here we have the Fujifilm Lumix ILC Camera.,PRESENT_X,CAMERA_2,39~64
710,10,CAMERA_2,"['CAMERA_3', 'CAMERA_2']","{'CAMERA_1': [], 'CAMERA_2': ['weight'], 'CAMERA_3': ['sensor_size', 'price', 'weight', 'settings', 'camera_type']}",C_SILENT_OR_BACKCHANNEL,CAMERA_2,NONE,ok let me see,PRESENT_X,CAMERA_2,S_INTRODUCES_FEATURE,CAMERA_2,weight,This one weighs 820 grams.,PRESENT_X,CAMERA_2,16~25
710,11,CAMERA_2,"['CAMERA_3', 'CAMERA_2']","{'CAMERA_1': [], 'CAMERA_2': ['weight', 'effects'], 'CAMERA_3': ['sensor_size', 'price', 'weight', 'settings', 'camera_type']}",C_QUESTION_ABOUT_FEATURE,CAMERA_2,effects,yeah but I don't really know that stuff does it have any effect modes,PRESENT_X,CAMERA_2,S_ANSWERS_QUESTION_ABOUT_FEATURE,CAMERA_2,effects,"This one has 24 artistic effect modes (retro, lighter or darker skin tones, sepia, etc.).",PRESENT_X,CAMERA_2,13~88
710,12,NONE,"['CAMERA_3', 'CAMERA_2']","{'CAMERA_1': [], 'CAMERA_2': ['weight', 'effects'], 'CAMERA_3': ['sensor_size', 'price', 'weight', 'settings', 'camera_type']}",C_THANK_YOU,CAMERA_2,NONE,I think I'll think a little bit more about this model first thank you for your help,PRESENT_X,CAMERA_2,S_THANK_YOU,CAMERA_2,NONE,thank you very much.,FACE_TO_FACE,NONE,
710,13,NONE,"['CAMERA_3', 'CAMERA_2']","{'CAMERA_1': [], 'CAMERA_2': ['weight', 'effects'], 'CAMERA_3': ['sensor_size', 'price', 'weight', 'settings', 'camera_type']}",C_LEAVES,DOOR,NONE,,FACE_TO_FACE,NONE,S_RETURNS_TO_COUNTER,SERVICE_COUNTER,NONE,,WAITING,NONE,
711,1,NONE,[],"{'CAMERA_1': [], 'CAMERA_2': [], 'CAMERA_3': []}",C_ENTERS,DOOR,NONE,,WAITING,NONE,S_NONE,SERVICE_COUNTER,NONE,,WAITING,NONE,
711,2,NONE,[],"{'CAMERA_1': [], 'CAMERA_2': [], 'CAMERA_3': []}",C_GREETS,MIDDLE,NONE,excuse me,WAITING,NONE,S_GREETS,MIDDLE,NONE,can I help you?,FACE_TO_FACE,NONE,
711,3,CAMERA_2,['CAMERA_2'],"{'CAMERA_1': [], 'CAMERA_2': [], 'CAMERA_3': []}",C_LOOKING_FOR_A_CAMERA,MIDDLE,NONE,well I'm looking for camera,FACE_TO_FACE,NONE,S_INTRODUCES_CAMERA,CAMERA_2,,Let me show you this. Here we have the Fujifilm Lumix ILC Camera.,PRESENT_X,CAMERA_2,39~64
711,4,CAMERA_2,['CAMERA_2'],"{'CAMERA_1': [], 'CAMERA_2': ['optical_zoom'], 'CAMERA_3': []}",C_SILENT_OR_BACKCHANNEL,CAMERA_2,NONE,yeah I think that that's great I'll take a look at that and I have to probably help me you know the side,PRESENT_X,CAMERA_2,S_INTRODUCES_FEATURE,CAMERA_2,optical_zoom,This one has 21x optical zoom.,PRESENT_X,CAMERA_2,13~29
711,5,NONE,['CAMERA_2'],"{'CAMERA_1': [], 'CAMERA_2': ['optical_zoom'], 'CAMERA_3': []}",C_THANK_YOU,CAMERA_2,NONE,thank you,PRESENT_X,CAMERA_2,S_THANK_YOU,CAMERA_2,NONE,thank you very much.,FACE_TO_FACE,NONE,
711,6,NONE,['CAMERA_2'],"{'CAMERA_1': [], 'CAMERA_2': ['optical_zoom'], 'CAMERA_3': []}",C_LEAVES,DOOR,NONE,,FACE_TO_FACE,NONE,S_RETURNS_TO_COUNTER,SERVICE_COUNTER,NONE,,WAITING,NONE,
712,1,NONE,[],"{'CAMERA_1': [], 'CAMERA_2': [], 'CAMERA_3': []}",C_ENTERS,DOOR,NONE,,WAITING,NONE,S_NONE,SERVICE_COUNTER,NONE,,WAITING,NONE,
712,2,NONE,[],"{'CAMERA_1': [], 'CAMERA_2': [], 'CAMERA_3': []}",C_GREETS,MIDDLE,NONE,kiss me,WAITING,NONE,S_GREETS,MIDDLE,NONE,can I help you?,FACE_TO_FACE,NONE,
712,3,CAMERA_2,['CAMERA_2'],"{'CAMERA_1': [], 'CAMERA_2': [], 'CAMERA_3': []}",C_LOOKING_FOR_A_CAMERA,MIDDLE,NONE,yeah actually I did but I am looking for a better one,FACE_TO_FACE,NONE,S_INTRODUCES_CAMERA,CAMERA_2,,Let me show you this. Here we have the Fujifilm Lumix ILC Camera.,PRESENT_X,CAMERA_2,39~64
712,4,CAMERA_2,['CAMERA_2'],"{'CAMERA_1': [], 'CAMERA_2': ['sensor_size'], 'CAMERA_3': []}",C_QUESTION_ABOUT_FEATURE,CAMERA_2,sensor_size,what is this camera sensor size,PRESENT_X,CAMERA_2,S_ANSWERS_QUESTION_ABOUT_FEATURE,CAMERA_2,sensor_size,This one has a 1/2.33 inch sensor.,PRESENT_X,CAMERA_2,15~33
712,5,CAMERA_2,['CAMERA_2'],"{'CAMERA_1': [], 'CAMERA_2': ['sensor_size', 'color'], 'CAMERA_3': []}",C_QUESTION_ABOUT_FEATURE,CAMERA_2,color,does it come any in any other colors,PRESENT_X,CAMERA_2,S_ANSWERS_QUESTION_ABOUT_FEATURE,CAMERA_2,color,This one comes in white or pink.,PRESENT_X,CAMERA_2,18~31
712,6,CAMERA_2,['CAMERA_2'],"{'CAMERA_1': [], 'CAMERA_2': ['sensor_size', 'color', 'camera_type'], 'CAMERA_3': []}",C_SILENT_OR_BACKCHANNEL,CAMERA_2,NONE,yeah that sounds great to me I don't have to worry about the technical stuff,PRESENT_X,CAMERA_2,S_INTRODUCES_FEATURE,CAMERA_2,camera_type,This is a digital single lens mirrorless camera.,PRESENT_X,CAMERA_2,10~40
712,7,CAMERA_2,['CAMERA_2'],"{'CAMERA_1': [], 'CAMERA_2': ['sensor_size', 'color', 'camera_type', 'settings'], 'CAMERA_3': []}",C_SILENT_OR_BACKCHANNEL,CAMERA_2,NONE,$68 that's great,PRESENT_X,CAMERA_2,S_INTRODUCES_FEATURE,CAMERA_2,settings,"This one has manual control and various automatic settings (video modeburst shooting, etc.).",PRESENT_X,CAMERA_2,13~91
712,8,CAMERA_2,['CAMERA_2'],"{'CAMERA_1': [], 'CAMERA_2': ['sensor_size', 'color', 'camera_type', 'settings', 'weight'], 'CAMERA_3': []}",C_SILENT_OR_BACKCHANNEL,CAMERA_2,NONE,okay sounds good,PRESENT_X,CAMERA_2,S_INTRODUCES_FEATURE,CAMERA_2,weight,This one weighs 820 grams.,PRESENT_X,CAMERA_2,16~25
712,9,CAMERA_2,['CAMERA_2'],"{'CAMERA_1': [], 'CAMERA_2': ['sensor_size', 'color', 'camera_type', 'settings', 'weight', 'price'], 'CAMERA_3': []}",C_QUESTION_ABOUT_FEATURE,CAMERA_2,price,how much does it cost,PRESENT_X,CAMERA_2,S_ANSWERS_QUESTION_ABOUT_FEATURE,CAMERA_2,price,This one costs $768.,PRESENT_X,CAMERA_2,15~19
712,10,CAMERA_2,['CAMERA_2'],"{'CAMERA_1': [], 'CAMERA_2': ['sensor_size', 'color', 'camera_type', 'settings', 'weight', 'price', 'resolution'], 'CAMERA_3': []}",C_SILENT_OR_BACKCHANNEL,CAMERA_2,NONE,so it can be saved on a computer Library,PRESENT_X,CAMERA_2,S_INTRODUCES_FEATURE,CAMERA_2,resolution,This one has 23.8 megapixels resolution.,PRESENT_X,CAMERA_2,13~28
712,11,CAMERA_2,['CAMERA_2'],"{'CAMERA_1': [], 'CAMERA_2': ['sensor_size', 'color', 'camera_type', 'settings', 'weight', 'price', 'resolution', 'effects'], 'CAMERA_3': []}",C_SILENT_OR_BACKCHANNEL,CAMERA_2,NONE,great and finally what is the price,PRESENT_X,CAMERA_2,S_INTRODUCES_FEATURE,CAMERA_2,effects,"This one has 24 artistic effect modes (retro, lighter or darker skin tones, sepia, etc.).",PRESENT_X,CAMERA_2,13~88
712,12,NONE,['CAMERA_2'],"{'CAMERA_1': [], 'CAMERA_2': ['sensor_size', 'color', 'camera_type', 'settings', 'weight', 'price', 'resolution', 'effects'], 'CAMERA_3': []}",C_THANK_YOU,CAMERA_2,NONE,okay okay okay thank you,PRESENT_X,CAMERA_2,S_THANK_YOU,CAMERA_2,NONE,thank you very much.,FACE_TO_FACE,NONE,
712,13,NONE,['CAMERA_2'],"{'CAMERA_1': [], 'CAMERA_2': ['sensor_size', 'color', 'camera_type', 'settings', 'weight', 'price', 'resolution', 'effects'], 'CAMERA_3': []}",C_LEAVES,DOOR,NONE,,FACE_TO_FACE,NONE,S_RETURNS_TO_COUNTER,SERVICE_COUNTER,NONE,,WAITING,NONE,
713,1,NONE,[],"{'CAMERA_1': [], 'CAMERA_2': [], 'CAMERA_3': []}",C_ENTERS,DOOR,NONE,,WAITING,NONE,S_NONE,SERVICE_COUNTER,NONE,,WAITING,NONE,
713,2,NONE,[],"{'CAMERA_1': [], 'CAMERA_2': [], 'CAMERA_3': []}",C_WALKS_TO_CAMERA,CAMERA_3,NONE,,WAITING,NONE,S_NONE,SERVICE_COUNTER,NONE,,WAITING,NONE,
713,3,NONE,[],"{'CAMERA_1': [], 'CAMERA_2': [], 'CAMERA_3': []}",C_EXAMINES_CAMERA,CAMERA_3,NONE,,WAITING,NONE,S_GREETS,CAMERA_3,NONE,can I help you?,FACE_TO_FACE,NONE,
713,4,CAMERA_3,['CAMERA_3'],"{'CAMERA_1': [], 'CAMERA_2': [], 'CAMERA_3': []}",C_LOOKING_FOR_A_CAMERA,CAMERA_3,NONE,hydro afternoon I'm looking to buy a camera I just said I'm not really familiar with,FACE_TO_FACE,NONE,S_INTRODUCES_CAMERA,CAMERA_3,,Let me show you this. Here we have the Fujifilm PowerShot ELPH S2800.,PRESENT_X,CAMERA_3,39~68
713,5,CAMERA_3,['CAMERA_3'],"{'CAMERA_1': [], 'CAMERA_2': [], 'CAMERA_3': ['resolution']}",C_QUESTION_ABOUT_FEATURE,CAMERA_3,resolution,how many megapixels is it,PRESENT_X,CAMERA_3,S_ANSWERS_QUESTION_ABOUT_FEATURE,CAMERA_3,resolution,This one has 23.2 megapixels resolution.,PRESENT_X,CAMERA_3,13~28
713,6,NONE,['CAMERA_3'],"{'CAMERA_1': [], 'CAMERA_2': [], 'CAMERA_3': ['resolution']}",C_THANK_YOU,CAMERA_3,NONE,thank you,PRESENT_X,CAMERA_3,S_THANK_YOU,CAMERA_3,NONE,thank you very much.,FACE_TO_FACE,NONE,
713,7,NONE,['CAMERA_3'],"{'CAMERA_1': [], 'CAMERA_2': [], 'CAMERA_3': ['resolution']}",C_LEAVES,DOOR,NONE,,FACE_TO_FACE,NONE,S_RETURNS_TO_COUNTER,SERVICE_COUNTER,NONE,,WAITING,NONE,
714,1,NONE,[],"{'CAMERA_1': [], 'CAMERA_2': [], 'CAMERA_3': []}",C_ENTERS,DOOR,NONE,,WAITING,NONE,S_NONE,SERVICE_COUNTER,NONE,,WAITING,NONE,
714,2,NONE,[],"{'CAMERA_1': [], 'CAMERA_2': [], 'CAMERA_3': []}",C_WALKS_TO_CAMERA,CAMERA_2,NONE,,WAITING,NONE,S_NONE,SERVICE_COUNTER,NONE,,WAITING,NONE,
714,3,CAMERA_2,['CAMERA_2'],"{'CAMERA_1': [], 'CAMERA_2': ['price'], 'CAMERA_3': []}",C_QUESTION_ABOUT_FEATURE,CAMERA_2,price,How much does this camera cost,WAITING,NONE,S_ANSWERS_QUESTION_ABOUT_FEATURE,CAMERA_2,price,This one costs $768.,PRESENT_X,CAMERA_2,15~19
714,4,CAMERA_2,['CAMERA_2'],"{'CAMERA_1': [], 'CAMERA_2': ['price', 'long_exposure'], 'CAMERA_3': []}",C_QUESTION_ABOUT_FEATURE,CAMERA_2,long_exposure,and what about the exposure,PRESENT_X,CAMERA_2,S_ANSWERS_QUESTION_ABOUT_FEATURE,CAMERA_2,long_exposure,This one can take long exposures up to 60 minutes max with bulb mode.,PRESENT_X,CAMERA_2,39~68
714,5,CAMERA_2,['CAMERA_2'],"{'CAMERA_1': [], 'CAMERA_2': ['price', 'long_exposure', 'camera_type'], 'CAMERA_3': []}",C_QUESTION_ABOUT_FEATURE,CAMERA_2,camera_type,is this a point and shoot camera,PRESENT_X,CAMERA_2,S_ANSWERS_QUESTION_ABOUT_FEATURE,CAMERA_2,camera_type,This is a digital single lens mirrorless camera.,PRESENT_X,CAMERA_2,10~40
714,6,NONE,['CAMERA_2'],"{'CAMERA_1': [], 'CAMERA_2': ['price', 'long_exposure', 'camera_type'], 'CAMERA_3': []}",C_THANK_YOU,CAMERA_2,NONE,thank you for your help,PRESENT_X,CAMERA_2,S_THANK_YOU,CAMERA_2,NONE,thank you very much.,FACE_TO_FACE,NONE,
714,7,NONE,['CAMERA_2'],"{'CAMERA_1': [], 'CAMERA_2': ['price', 'long_exposure', 'camera_type'], 'CAMERA_3': []}",C_LEAVES,DOOR,NONE,,FACE_TO_FACE,NONE,S_RETURNS_TO_COUNTER,SERVICE_COUNTER,NONE,,WAITING,NONE,
715,1,NONE,[],"{'CAMERA_1': [], 'CAMERA_2': [], 'CAMERA_3': []}",C_ENTERS,DOOR,NONE,,WAITING,NONE,S_NONE,SERVICE_COUNTER,NONE,,WAITING,NONE,
715,2,NONE,[],"{'CAMERA_1': [], 'CAMERA_2': [], 'CAMERA_3': []}",C_GREETS,MIDDLE,NONE,Excuse me,WAITING,NONE,S_GREETS,MIDDLE,NONE,can I help you?,FACE_TO_FACE,NONE,
715,3,CAMERA_2,['CAMERA_2'],"{'CAMERA_1': [], 'CAMERA_2': [], 'CAMERA_3': []}",C_LOOKING_FOR_A_CAMERA,MIDDLE,NONE,I'm looking for simple camera,FACE_TO_FACE,NONE,S_INTRODUCES_CAMERA,CAMERA_2,,Let me show you this. Here we have the Fujifilm Lumix ILC Camera.,PRESENT_X,CAMERA_2,39~64
715,4,CAMERA_2,['CAMERA_2'],"{'CAMERA_1': [], 'CAMERA_2': ['autofocus_points'], 'CAMERA_3': []}",C_QUESTION_ABOUT_FEATURE,CAMERA_2,autofocus_points,how many auto focus points I have,PRESENT_X,CAMERA_2,S_NOT_SURE,CAMERA_2,,I'm not really sure about that.,PRESENT_X,CAMERA_2,
715,5,NONE,['CAMERA_2'],"{'CAMERA_1': [], 'CAMERA_2': ['autofocus_points'], 'CAMERA_3': []}",C_THANK_YOU,CAMERA_2,NONE,that's impressive thank you for your help,PRESENT_X,CAMERA_2,S_THANK_YOU,CAMERA_2,NONE,thank you very much.,FACE_TO_FACE,NONE,
715,6,NONE,['CAMERA_2'],"{'CAMERA_1': [], 'CAMERA_2': ['autofocus_points'], 'CAMERA_3': []}",C_LEAVES,DOOR,NONE,,FACE_TO_FACE,NONE,S_RETURNS_TO_COUNTER,SERVICE_COUNTER,NONE,,WAITING,NONE,
716,1,NONE,[],"{'CAMERA_1': [], 'CAMERA_2': [], 'CAMERA_3': []}",C_ENTERS,DOOR,NONE,,WAITING,NONE,S_NONE,SERVICE_COUNTER,NONE,,WAITING,NONE,
716,2,NONE,[],"{'CAMERA_1': [], 'CAMERA_2': [], 'CAMERA_3': []}",C_GREETS,MIDDLE,NONE,hello good morning,WAITING,NONE,S_GREETS,MIDDLE,NONE,can I help you?,FACE_TO_FACE,NONE,
716,3,CAMERA_1,['CAMERA_1'],"{'CAMERA_1': [], 'CAMERA_2': [], 'CAMERA_3': []}",C_LOOKING_FOR_A_CAMERA,MIDDLE,NONE,I'm looking for a camera,FACE_TO_FACE,NONE,S_INTRODUCES_CAMERA,CAMERA_1,,Let me show you this. Here we have the Sony PowerShot ELPH DMC-ZS3.,PRESENT_X,CAMERA_1,39~66
716,4,CAMERA_1,['CAMERA_1'],"{'CAMERA_1': ['effects'], 'CAMERA_2': [], 'CAMERA_3': []}",C_QUESTION_ABOUT_FEATURE,CAMERA_1,effects,what about artistic effect or something,PRESENT_X,CAMERA_1,S_ANSWERS_QUESTION_ABOUT_FEATURE,CAMERA_1,effects,"This one has 24 glamor retouch effects (miniature, retro, toy camera, etc.).",PRESENT_X,CAMERA_1,13~75
716,5,CAMERA_1,['CAMERA_1'],"{'CAMERA_1': ['effects', 'sensor_size'], 'CAMERA_2': [], 'CAMERA_3': []}",C_SILENT_OR_BACKCHANNEL,CAMERA_1,NONE,okay sounds great and lastly I worry about the out of focus,PRESENT_X,CAMERA_1,S_INTRODUCES_FEATURE,CAMERA_1,sensor_size,This one has a 1/2.3 inch CMOS sensor.,PRESENT_X,CAMERA_1,15~37
716,6,CAMERA_1,['CAMERA_1'],"{'CAMERA_1': ['effects', 'sensor_size', 'color'], 'CAMERA_2': [], 'CAMERA_3': []}",C_SILENT_OR_BACKCHANNEL,CAMERA_1,NONE,okay good,PRESENT_X,CAMERA_1,S_INTRODUCES_FEATURE,CAMERA_1,color,This one comes in blue or black.,PRESENT_X,CAMERA_1,18~31
716,7,CAMERA_1,['CAMERA_1'],"{'CAMERA_1': ['effects', 'sensor_size', 'color', 'long_exposure'], 'CAMERA_2': [], 'CAMERA_3': []}",C_QUESTION_ABOUT_FEATURE,CAMERA_1,long_exposure,and how about its exposure,PRESENT_X,CAMERA_1,S_ANSWERS_QUESTION_ABOUT_FEATURE,CAMERA_1,long_exposure,This one can take long exposures up to up to 15 seconds with Long Shutter Mode.,PRESENT_X,CAMERA_1,39~78
716,8,CAMERA_1,['CAMERA_1'],"{'CAMERA_1': ['effects', 'sensor_size', 'color', 'long_exposure', 'weight'], 'CAMERA_2': [], 'CAMERA_3': []}",C_SILENT_OR_BACKCHANNEL,CAMERA_1,NONE,okay that sounds good too,PRESENT_X,CAMERA_1,S_INTRODUCES_FEATURE,CAMERA_1,weight,This one weighs 800 grams.,PRESENT_X,CAMERA_1,16~25
716,9,CAMERA_1,['CAMERA_1'],"{'CAMERA_1': ['effects', 'sensor_size', 'color', 'long_exposure', 'weight', 'settings'], 'CAMERA_2': [], 'CAMERA_3': []}",C_SILENT_OR_BACKCHANNEL,CAMERA_1,NONE,okay,PRESENT_X,CAMERA_1,S_INTRODUCES_FEATURE,CAMERA_1,settings,This one has limited manual settings.,PRESENT_X,CAMERA_1,13~36
716,10,CAMERA_1,['CAMERA_1'],"{'CAMERA_1': ['effects', 'sensor_size', 'color', 'long_exposure', 'weight', 'settings', 'autofocus_points'], 'CAMERA_2': [], 'CAMERA_3': []}",C_QUESTION_ABOUT_FEATURE,CAMERA_1,autofocus_points,Hacienda how many autofocus points does it have,PRESENT_X,CAMERA_1,S_ANSWERS_QUESTION_ABOUT_FEATURE,CAMERA_1,autofocus_points,This one has 135 autofocus points.,PRESENT_X,CAMERA_1,13~33
716,11,CAMERA_1,['CAMERA_1'],"{'CAMERA_1': ['effects', 'sensor_size', 'color', 'long_exposure', 'weight', 'settings', 'autofocus_points', 'ISO'], 'CAMERA_2': [], 'CAMERA_3': []}",C_QUESTION_ABOUT_FEATURE,CAMERA_1,ISO,and the ISO,PRESENT_X,CAMERA_1,S_ANSWERS_QUESTION_ABOUT_FEATURE,CAMERA_1,ISO,This one has up to 51200 ISO.,PRESENT_X,CAMERA_1,13~28
716,12,CAMERA_3,"['CAMERA_1', 'CAMERA_3']","{'CAMERA_1': ['effects', 'sensor_size', 'color', 'long_exposure', 'weight', 'settings', 'autofocus_points', 'ISO'], 'CAMERA_2': [], 'CAMERA_3': []}",C_ANYTHING_ELSE_AVAILABLE,CAMERA_1,NONE,ok do you have any other cameras that can just look at,PRESENT_X,CAMERA_1,S_INTRODUCES_CAMERA,CAMERA_3,,Let me show you this. Here we have the Fujifilm PowerShot ELPH S2800.,PRESENT_X,CAMERA_3,39~68
716,13,CAMERA_3,"['CAMERA_1', 'CAMERA_3']","{'CAMERA_1': ['effects', 'sensor_size', 'color', 'long_exposure', 'weight', 'settings', 'autofocus_points', 'ISO'], 'CAMERA_2': [], 'CAMERA_3': ['ISO']}",C_QUESTION_ABOUT_FEATURE,CAMERA_3,ISO,how high is the ISO,PRESENT_X,CAMERA_3,S_ANSWERS_QUESTION_ABOUT_FEATURE,CAMERA_3,ISO,This one has up to 3200 ISO with little noise.,PRESENT_X,CAMERA_3,13~45
716,14,NONE,"['CAMERA_1', 'CAMERA_3']","{'CAMERA_1': ['effects', 'sensor_size', 'color', 'long_exposure', 'weight', 'settings', 'autofocus_points', 'ISO'], 'CAMERA_2': [], 'CAMERA_3': ['ISO']}",C_THANK_YOU,CAMERA_3,NONE,thank you for your time,PRESENT_X,CAMERA_3,S_THANK_YOU,CAMERA_3,NONE,thank you very much.,FACE_TO_FACE,NONE,
716,15,NONE,"['CAMERA_1', 'CAMERA_3']","{'CAMERA_1': ['effects', 'sensor_size', 'color', 'long_exposure', 'weight', 'settings', 'autofocus_points', 'ISO'], 'CAMERA_2': [], 'CAMERA_3': ['ISO']}",C_LEAVES,DOOR,NONE,,FACE_TO_FACE,NONE,S_RETURNS_TO_COUNTER,SERVICE_COUNTER,NONE,,WAITING,NONE,
717,1,NONE,[],"{'CAMERA_1': [], 'CAMERA_2': [], 'CAMERA_3': []}",C_ENTERS,DOOR,NONE,,WAITING,NONE,S_NONE,SERVICE_COUNTER,NONE,,WAITING,NONE,
717,2,NONE,[],"{'CAMERA_1': [], 'CAMERA_2': [], 'CAMERA_3': []}",C_WALKS_TO_CAMERA,CAMERA_1,NONE,,WAITING,NONE,S_GREETS,CAMERA_1,NONE,can I help you?,FACE_TO_FACE,NONE,
717,3,CAMERA_2,['CAMERA_2'],"{'CAMERA_1': [], 'CAMERA_2': [], 'CAMERA_3': []}",C_LOOKING_FOR_A_CAMERA,CAMERA_1,NONE,I am looking for a camera with them filters on it,FACE_TO_FACE,NONE,S_INTRODUCES_CAMERA,CAMERA_2,,Let me show you this. Here we have the Fujifilm Lumix ILC Camera.,PRESENT_X,CAMERA_2,39~64
717,4,CAMERA_2,['CAMERA_2'],"{'CAMERA_1': [], 'CAMERA_2': ['long_exposure'], 'CAMERA_3': []}",C_QUESTION_ABOUT_FEATURE,CAMERA_2,long_exposure,can you do a long exposure,PRESENT_X,CAMERA_2,S_ANSWERS_QUESTION_ABOUT_FEATURE,CAMERA_2,long_exposure,This one can take long exposures up to 60 minutes max with bulb mode.,PRESENT_X,CAMERA_2,39~68
717,5,CAMERA_2,['CAMERA_2'],"{'CAMERA_1': [], 'CAMERA_2': ['long_exposure', 'price'], 'CAMERA_3': []}",C_QUESTION_ABOUT_FEATURE,CAMERA_2,price,what is the price on this camera,PRESENT_X,CAMERA_2,S_ANSWERS_QUESTION_ABOUT_FEATURE,CAMERA_2,price,This one costs $768.,PRESENT_X,CAMERA_2,15~19
717,6,CAMERA_2,['CAMERA_2'],"{'CAMERA_1': [], 'CAMERA_2': ['long_exposure', 'price', 'resolution'], 'CAMERA_3': []}",C_SILENT_OR_BACKCHANNEL,CAMERA_2,NONE,okay that sounds good,PRESENT_X,CAMERA_2,S_INTRODUCES_FEATURE,CAMERA_2,resolution,This one has 23.8 megapixels resolution.,PRESENT_X,CAMERA_2,13~28
717,7,CAMERA_2,['CAMERA_2'],"{'CAMERA_1': [], 'CAMERA_2': ['long_exposure', 'price', 'resolution', 'effects'], 'CAMERA_3': []}",C_QUESTION_ABOUT_FEATURE,CAMERA_2,effects,yeah but I don't really know that stuff does it have any effect modes,PRESENT_X,CAMERA_2,S_ANSWERS_QUESTION_ABOUT_FEATURE,CAMERA_2,effects,"This one has 24 artistic effect modes (retro, lighter or darker skin tones, sepia, etc.).",PRESENT_X,CAMERA_2,13~88
717,8,CAMERA_2,['CAMERA_2'],"{'CAMERA_1': [], 'CAMERA_2': ['long_exposure', 'price', 'resolution', 'effects', 'optical_zoom'], 'CAMERA_3': []}",C_QUESTION_ABOUT_FEATURE,CAMERA_2,optical_zoom,how much does a bowl to zoom,PRESENT_X,CAMERA_2,S_ANSWERS_QUESTION_ABOUT_FEATURE,CAMERA_2,optical_zoom,This one has 21x optical zoom.,PRESENT_X,CAMERA_2,13~29
717,9,CAMERA_2,['CAMERA_2'],"{'CAMERA_1': [], 'CAMERA_2': ['long_exposure', 'price', 'resolution', 'effects', 'optical_zoom', 'settings'], 'CAMERA_3': []}",C_QUESTION_ABOUT_FEATURE,CAMERA_2,settings,is this full manual,PRESENT_X,CAMERA_2,S_ANSWERS_QUESTION_ABOUT_FEATURE,CAMERA_2,settings,"This one has manual control and various automatic settings (video modeburst shooting, etc.).",PRESENT_X,CAMERA_2,13~91
717,10,CAMERA_1,"['CAMERA_2', 'CAMERA_1']","{'CAMERA_1': [], 'CAMERA_2': ['long_exposure', 'price', 'resolution', 'effects', 'optical_zoom', 'settings'], 'CAMERA_3': []}",C_ANYTHING_ELSE_AVAILABLE,CAMERA_2,NONE,okay do you have any other cameras I might be interested,PRESENT_X,CAMERA_2,S_INTRODUCES_CAMERA,CAMERA_1,,Let me show you this. Here we have the Sony PowerShot ELPH DMC-ZS3.,PRESENT_X,CAMERA_1,39~66
717,11,CAMERA_1,"['CAMERA_2', 'CAMERA_1']","{'CAMERA_1': ['ISO'], 'CAMERA_2': ['long_exposure', 'price', 'resolution', 'effects', 'optical_zoom', 'settings'], 'CAMERA_3': []}",C_QUESTION_ABOUT_FEATURE,CAMERA_1,ISO,How is iso performance of this camera,PRESENT_X,CAMERA_1,S_ANSWERS_QUESTION_ABOUT_FEATURE,CAMERA_1,ISO,This one has up to 51200 ISO.,PRESENT_X,CAMERA_1,13~28
717,12,CAMERA_1,"['CAMERA_2', 'CAMERA_1']","{'CAMERA_1': ['ISO', 'optical_zoom'], 'CAMERA_2': ['long_exposure', 'price', 'resolution', 'effects', 'optical_zoom', 'settings'], 'CAMERA_3': []}",C_QUESTION_ABOUT_FEATURE,CAMERA_1,optical_zoom,does it have optical zoom,PRESENT_X,CAMERA_1,S_ANSWERS_QUESTION_ABOUT_FEATURE,CAMERA_1,optical_zoom,This one has 21x optical zoom.,PRESENT_X,CAMERA_1,13~29
717,13,CAMERA_1,"['CAMERA_2', 'CAMERA_1']","{'CAMERA_1': ['ISO', 'optical_zoom', 'sensor_size'], 'CAMERA_2': ['long_exposure', 'price', 'resolution', 'effects', 'optical_zoom', 'settings'], 'CAMERA_3': []}",C_SILENT_OR_BACKCHANNEL,CAMERA_1,NONE,let's see,PRESENT_X,CAMERA_1,S_INTRODUCES_FEATURE,CAMERA_1,sensor_size,This one has a 1/2.3 inch CMOS sensor.,PRESENT_X,CAMERA_1,15~37
717,14,CAMERA_1,"['CAMERA_2', 'CAMERA_1']","{'CAMERA_1': ['ISO', 'optical_zoom', 'sensor_size', 'resolution'], 'CAMERA_2': ['long_exposure', 'price', 'resolution', 'effects', 'optical_zoom', 'settings'], 'CAMERA_3': []}",C_QUESTION_ABOUT_FEATURE,CAMERA_1,resolution,how many megapixels,PRESENT_X,CAMERA_1,S_ANSWERS_QUESTION_ABOUT_FEATURE,CAMERA_1,resolution,This one has 17.8 megapixels resolution.,PRESENT_X,CAMERA_1,13~28
717,15,CAMERA_1,"['CAMERA_2', 'CAMERA_1']","{'CAMERA_1': ['ISO', 'optical_zoom', 'sensor_size', 'resolution', 'autofocus_points'], 'CAMERA_2': ['long_exposure', 'price', 'resolution', 'effects', 'optical_zoom', 'settings'], 'CAMERA_3': []}",C_SILENT_OR_BACKCHANNEL,CAMERA_1,NONE,IC,PRESENT_X,CAMERA_1,S_INTRODUCES_FEATURE,CAMERA_1,autofocus_points,This one has 135 autofocus points.,PRESENT_X,CAMERA_1,13~33
717,16,CAMERA_1,"['CAMERA_2', 'CAMERA_1']","{'CAMERA_1': ['ISO', 'optical_zoom', 'sensor_size', 'resolution', 'autofocus_points', 'price'], 'CAMERA_2': ['long_exposure', 'price', 'resolution', 'effects', 'optical_zoom', 'settings'], 'CAMERA_3': []}",C_QUESTION_ABOUT_FEATURE,CAMERA_1,price,how much does it cost,PRESENT_X,CAMERA_1,S_ANSWERS_QUESTION_ABOUT_FEATURE,CAMERA_1,price,This one costs $450.,PRESENT_X,CAMERA_1,15~19
717,17,CAMERA_1,"['CAMERA_2', 'CAMERA_1']","{'CAMERA_1': ['ISO', 'optical_zoom', 'sensor_size', 'resolution', 'autofocus_points', 'price', 'settings'], 'CAMERA_2': ['long_exposure', 'price', 'resolution', 'effects', 'optical_zoom', 'settings'], 'CAMERA_3': []}",C_QUESTION_ABOUT_FEATURE,CAMERA_1,settings,what sort of control can I do with it,PRESENT_X,CAMERA_1,S_ANSWERS_QUESTION_ABOUT_FEATURE,CAMERA_1,settings,This one has limited manual settings.,PRESENT_X,CAMERA_1,13~36
717,18,CAMERA_1,"['CAMERA_2', 'CAMERA_1']","{'CAMERA_1': ['ISO', 'optical_zoom', 'sensor_size', 'resolution', 'autofocus_points', 'price', 'settings', 'camera_type'], 'CAMERA_2': ['long_exposure', 'price', 'resolution', 'effects', 'optical_zoom', 'settings'], 'CAMERA_3': []}",C_QUESTION_ABOUT_FEATURE,CAMERA_1,camera_type,is this a point and shoot camera,PRESENT_X,CAMERA_1,S_ANSWERS_QUESTION_ABOUT_FEATURE,CAMERA_1,camera_type,This is a DSLR camera.,PRESENT_X,CAMERA_1,10~14
717,19,CAMERA_1,"['CAMERA_2', 'CAMERA_1']","{'CAMERA_1': ['ISO', 'optical_zoom', 'sensor_size', 'resolution', 'autofocus_points', 'price', 'settings', 'camera_type', 'weight'], 'CAMERA_2': ['long_exposure', 'price', 'resolution', 'effects', 'optical_zoom', 'settings'], 'CAMERA_3': []}",C_QUESTION_ABOUT_FEATURE,CAMERA_1,weight,is it heavy though,PRESENT_X,CAMERA_1,S_ANSWERS_QUESTION_ABOUT_FEATURE,CAMERA_1,weight,This one weighs 800 grams.,PRESENT_X,CAMERA_1,16~25
717,20,CAMERA_1,"['CAMERA_2', 'CAMERA_1']","{'CAMERA_1': ['ISO', 'optical_zoom', 'sensor_size', 'resolution', 'autofocus_points', 'price', 'settings', 'camera_type', 'weight', 'color'], 'CAMERA_2': ['long_exposure', 'price', 'resolution', 'effects', 'optical_zoom', 'settings'], 'CAMERA_3': []}",C_QUESTION_ABOUT_FEATURE,CAMERA_1,color,okay well what other colors does it come in,PRESENT_X,CAMERA_1,S_ANSWERS_QUESTION_ABOUT_FEATURE,CAMERA_1,color,This one comes in blue or black.,PRESENT_X,CAMERA_1,18~31
717,21,CAMERA_1,"['CAMERA_2', 'CAMERA_1']","{'CAMERA_1': ['ISO', 'optical_zoom', 'sensor_size', 'resolution', 'autofocus_points', 'price', 'settings', 'camera_type', 'weight', 'color', 'long_exposure'], 'CAMERA_2': ['long_exposure', 'price', 'resolution', 'effects', 'optical_zoom', 'settings'], 'CAMERA_3': []}",C_QUESTION_ABOUT_FEATURE,CAMERA_1,long_exposure,and how about the exposure,PRESENT_X,CAMERA_1,S_ANSWERS_QUESTION_ABOUT_FEATURE,CAMERA_1,long_exposure,This one can take long exposures up to up to 15 seconds with Long Shutter Mode.,PRESENT_X,CAMERA_1,39~78
717,22,CAMERA_1,"['CAMERA_2', 'CAMERA_1']","{'CAMERA_1': ['ISO', 'optical_zoom', 'sensor_size', 'resolution', 'autofocus_points', 'price', 'settings', 'camera_type', 'weight', 'color', 'long_exposure', 'effects'], 'CAMERA_2': ['long_exposure', 'price', 'resolution', 'effects', 'optical_zoom', 'settings'], 'CAMERA_3': []}",C_QUESTION_ABOUT_FEATURE,CAMERA_1,effects,what about the artistic effect mode how does that work,PRESENT_X,CAMERA_1,S_ANSWERS_QUESTION_ABOUT_FEATURE,CAMERA_1,effects,"This one has 24 glamor retouch effects (miniature, retro, toy camera, etc.).",PRESENT_X,CAMERA_1,13~75
717,23,CAMERA_1,"['CAMERA_2', 'CAMERA_1']","{'CAMERA_1': ['ISO', 'optical_zoom', 'sensor_size', 'resolution', 'autofocus_points', 'price', 'settings', 'camera_type', 'weight', 'color', 'long_exposure', 'effects', 'preset_modes'], 'CAMERA_2': ['long_exposure', 'price', 'resolution', 'effects', 'optical_zoom', 'settings'], 'CAMERA_3': []}",C_QUESTION_ABOUT_FEATURE,CAMERA_1,preset_modes,does it have dog mode,PRESENT_X,CAMERA_1,S_NOT_SURE,CAMERA_1,,I'm not really sure about that.,PRESENT_X,CAMERA_1,
717,24,CAMERA_1,"['CAMERA_2', 'CAMERA_1']","{'CAMERA_1': ['ISO', 'optical_zoom', 'sensor_size', 'resolution', 'autofocus_points', 'price', 'settings', 'camera_type', 'weight', 'color', 'long_exposure', 'effects', 'preset_modes', 'weight'], 'CAMERA_2': ['long_exposure', 'price', 'resolution', 'effects', 'optical_zoom', 'settings'], 'CAMERA_3': []}",C_QUESTION_ABOUT_FEATURE,CAMERA_1,weight,how much does it weight,PRESENT_X,CAMERA_1,S_ANSWERS_QUESTION_ABOUT_FEATURE,CAMERA_1,weight,This one weighs 800 grams.,PRESENT_X,CAMERA_1,16~25
717,25,CAMERA_1,"['CAMERA_2', 'CAMERA_1']","{'CAMERA_1': ['ISO', 'optical_zoom', 'sensor_size', 'resolution', 'autofocus_points', 'price', 'settings', 'camera_type', 'weight', 'color', 'long_exposure', 'effects', 'preset_modes', 'weight', 'ISO'], 'CAMERA_2': ['long_exposure', 'price', 'resolution', 'effects', 'optical_zoom', 'settings'], 'CAMERA_3': []}",C_SILENT_OR_BACKCHANNEL,CAMERA_1,NONE,ok let me see,PRESENT_X,CAMERA_1,S_INTRODUCES_FEATURE,CAMERA_1,ISO,This one has up to 51200 ISO.,PRESENT_X,CAMERA_1,13~28
717,26,CAMERA_1,"['CAMERA_2', 'CAMERA_1']","{'CAMERA_1': ['ISO', 'optical_zoom', 'sensor_size', 'resolution', 'autofocus_points', 'price', 'settings', 'camera_type', 'weight', 'color', 'long_exposure', 'effects', 'preset_modes', 'weight', 'ISO', 'sensor_size'], 'CAMERA_2': ['long_exposure', 'price', 'resolution', 'effects', 'optical_zoom', 'settings'], 'CAMERA_3': []}",C_SILENT_OR_BACKCHANNEL,CAMERA_1,NONE,interesting ok,PRESENT_X,CAMERA_1,S_INTRODUCES_FEATURE,CAMERA_1,sensor_size,This one has a 1/2.3 inch CMOS sensor.,PRESENT_X,CAMERA_1,15~37
717,27,CAMERA_1,"['CAMERA_2', 'CAMERA_1']","{'CAMERA_1': ['ISO', 'optical_zoom', 'sensor_size', 'resolution', 'autofocus_points', 'price', 'settings', 'camera_type', 'weight', 'color', 'long_exposure', 'effects', 'preset_modes', 'weight', 'ISO', 'sensor_size', 'ISO'], 'CAMERA_2': ['long_exposure', 'price', 'resolution', 'effects', 'optical_zoom', 'settings'], 'CAMERA_3': []}",C_SILENT_OR_BACKCHANNEL,CAMERA_1,NONE,let's see,PRESENT_X,CAMERA_1,S_INTRODUCES_FEATURE,CAMERA_1,ISO,This one has up to 51200 ISO.,PRESENT_X,CAMERA_1,13~28
717,28,CAMERA_1,"['CAMERA_2', 'CAMERA_1']","{'CAMERA_1': ['ISO', 'optical_zoom', 'sensor_size', 'resolution', 'autofocus_points', 'price', 'settings', 'camera_type', 'weight', 'color', 'long_exposure', 'effects', 'preset_modes', 'weight', 'ISO', 'sensor_size', 'ISO', 'weight'], 'CAMERA_2': ['long_exposure', 'price', 'resolution', 'effects', 'optical_zoom', 'settings'], 'CAMERA_3': []}",C_SILENT_OR_BACKCHANNEL,CAMERA_1,NONE,okay good,PRESENT_X,CAMERA_1,S_INTRODUCES_FEATURE,CAMERA_1,weight,This one weighs 800 grams.,PRESENT_X,CAMERA_1,16~25
717,29,CAMERA_1,"['CAMERA_2', 'CAMERA_1']","{'CAMERA_1': ['ISO', 'optical_zoom', 'sensor_size', 'resolution', 'autofocus_points', 'price', 'settings', 'camera_type', 'weight', 'color', 'long_exposure', 'effects', 'preset_modes', 'weight', 'ISO', 'sensor_size', 'ISO', 'weight', 'weight'], 'CAMERA_2': ['long_exposure', 'price', 'resolution', 'effects', 'optical_zoom', 'settings'], 'CAMERA_3': []}",C_QUESTION_ABOUT_FEATURE,CAMERA_1,weight,and this is very heavy will it fit in the pus okay,PRESENT_X,CAMERA_1,S_ANSWERS_QUESTION_ABOUT_FEATURE,CAMERA_1,weight,This one weighs 800 grams.,PRESENT_X,CAMERA_1,16~25
717,30,NONE,"['CAMERA_2', 'CAMERA_1']","{'CAMERA_1': ['ISO', 'optical_zoom', 'sensor_size', 'resolution', 'autofocus_points', 'price', 'settings', 'camera_type', 'weight', 'color', 'long_exposure', 'effects', 'preset_modes', 'weight', 'ISO', 'sensor_size', 'ISO', 'weight', 'weight'], 'CAMERA_2': ['long_exposure', 'price', 'resolution', 'effects', 'optical_zoom', 'settings'], 'CAMERA_3': []}",C_THANK_YOU,CAMERA_1,NONE,okay well let me think about that okay thank you very much,PRESENT_X,CAMERA_1,S_THANK_YOU,CAMERA_1,NONE,thank you very much.,FACE_TO_FACE,NONE,
717,31,NONE,"['CAMERA_2', 'CAMERA_1']","{'CAMERA_1': ['ISO', 'optical_zoom', 'sensor_size', 'resolution', 'autofocus_points', 'price', 'settings', 'camera_type', 'weight', 'color', 'long_exposure', 'effects', 'preset_modes', 'weight', 'ISO', 'sensor_size', 'ISO', 'weight', 'weight'], 'CAMERA_2': ['long_exposure', 'price', 'resolution', 'effects', 'optical_zoom', 'settings'], 'CAMERA_3': []}",C_LEAVES,DOOR,NONE,,FACE_TO_FACE,NONE,S_RETURNS_TO_COUNTER,SERVICE_COUNTER,NONE,,WAITING,NONE,
718,1,NONE,[],"{'CAMERA_1': [], 'CAMERA_2': [], 'CAMERA_3': []}",C_ENTERS,DOOR,NONE,,WAITING,NONE,S_NONE,SERVICE_COUNTER,NONE,,WAITING,NONE,
718,2,NONE,[],"{'CAMERA_1': [], 'CAMERA_2': [], 'CAMERA_3': []}",C_WALKS_TO_CAMERA,CAMERA_1,NONE,,WAITING,NONE,S_GREETS,CAMERA_1,NONE,can I help you?,FACE_TO_FACE,NONE,
718,3,CAMERA_2,['CAMERA_2'],"{'CAMERA_1': [], 'CAMERA_2': [], 'CAMERA_3': []}",C_LOOKING_FOR_A_CAMERA,CAMERA_1,NONE,it's ok i am just looking around,FACE_TO_FACE,NONE,S_INTRODUCES_CAMERA,CAMERA_2,,Let me show you this. Here we have the Fujifilm Lumix ILC Camera.,PRESENT_X,CAMERA_2,39~64
718,4,CAMERA_2,['CAMERA_2'],"{'CAMERA_1': [], 'CAMERA_2': ['long_exposure'], 'CAMERA_3': []}",C_QUESTION_ABOUT_FEATURE,CAMERA_2,long_exposure,okay I see and has synthesizes and long exposures in manual settings on spreading good camera,PRESENT_X,CAMERA_2,S_ANSWERS_QUESTION_ABOUT_FEATURE,CAMERA_2,long_exposure,This one can take long exposures up to 60 minutes max with bulb mode.,PRESENT_X,CAMERA_2,39~68
718,5,CAMERA_2,['CAMERA_2'],"{'CAMERA_1': [], 'CAMERA_2': ['long_exposure', 'camera_type'], 'CAMERA_3': []}",C_SILENT_OR_BACKCHANNEL,CAMERA_2,NONE,wow these cameras look so nice,PRESENT_X,CAMERA_2,S_INTRODUCES_FEATURE,CAMERA_2,camera_type,This is a digital single lens mirrorless camera.,PRESENT_X,CAMERA_2,10~40
718,6,NONE,['CAMERA_2'],"{'CAMERA_1': [], 'CAMERA_2': ['long_exposure', 'camera_type'], 'CAMERA_3': []}",C_THANK_YOU,CAMERA_2,NONE,thank you,PRESENT_X,CAMERA_2,S_THANK_YOU,CAMERA_2,NONE,thank you very much.,FACE_TO_FACE,NONE,
718,7,NONE,['CAMERA_2'],"{'CAMERA_1': [], 'CAMERA_2': ['long_exposure', 'camera_type'], 'CAMERA_3': []}",C_LEAVES,DOOR,NONE,,FACE_TO_FACE,NONE,S_RETURNS_TO_COUNTER,SERVICE_COUNTER,NONE,,WAITING,NONE,
719,1,NONE,[],"{'CAMERA_1': [], 'CAMERA_2': [], 'CAMERA_3': []}",C_ENTERS,DOOR,NONE,,WAITING,NONE,S_NONE,SERVICE_COUNTER,NONE,,WAITING,NONE,
719,2,NONE,[],"{'CAMERA_1': [], 'CAMERA_2': [], 'CAMERA_3': []}",C_WALKS_TO_CAMERA,CAMERA_1,NONE,,WAITING,NONE,S_NONE,SERVICE_COUNTER,NONE,,WAITING,NONE,
719,3,CAMERA_1,['CAMERA_1'],"{'CAMERA_1': ['resolution'], 'CAMERA_2': [], 'CAMERA_3': []}",C_QUESTION_ABOUT_FEATURE,CAMERA_1,resolution,how many megapixels does it have,WAITING,NONE,S_ANSWERS_QUESTION_ABOUT_FEATURE,CAMERA_1,resolution,This one has 17.8 megapixels resolution.,PRESENT_X,CAMERA_1,13~28
719,4,CAMERA_1,['CAMERA_1'],"{'CAMERA_1': ['resolution', 'price'], 'CAMERA_2': [], 'CAMERA_3': []}",C_QUESTION_ABOUT_FEATURE,CAMERA_1,price,I see on can you please tell me about the out of focus points,PRESENT_X,CAMERA_1,S_ANSWERS_QUESTION_ABOUT_FEATURE,CAMERA_1,price,This one costs $450.,PRESENT_X,CAMERA_1,15~19
719,5,CAMERA_1,['CAMERA_1'],"{'CAMERA_1': ['resolution', 'price', 'effects'], 'CAMERA_2': [], 'CAMERA_3': []}",C_QUESTION_ABOUT_FEATURE,CAMERA_1,effects,what's the artistic effect mode,PRESENT_X,CAMERA_1,S_ANSWERS_QUESTION_ABOUT_FEATURE,CAMERA_1,effects,"This one has 24 glamor retouch effects (miniature, retro, toy camera, etc.).",PRESENT_X,CAMERA_1,13~75
719,6,CAMERA_1,['CAMERA_1'],"{'CAMERA_1': ['resolution', 'price', 'effects', 'sensor_size'], 'CAMERA_2': [], 'CAMERA_3': []}",C_QUESTION_ABOUT_FEATURE,CAMERA_1,sensor_size,hello how big is there is a sensor,PRESENT_X,CAMERA_1,S_ANSWERS_QUESTION_ABOUT_FEATURE,CAMERA_1,sensor_size,This one has a 1/2.3 inch CMOS sensor.,PRESENT_X,CAMERA_1,15~37
719,7,CAMERA_1,['CAMERA_1'],"{'CAMERA_1': ['resolution', 'price', 'effects', 'sensor_size', 'color'], 'CAMERA_2': [], 'CAMERA_3': []}",C_QUESTION_ABOUT_FEATURE,CAMERA_1,color,okay what color does it come in,PRESENT_X,CAMERA_1,S_ANSWERS_QUESTION_ABOUT_FEATURE,CAMERA_1,color,This one comes in blue or black.,PRESENT_X,CAMERA_1,18~31
719,8,CAMERA_1,['CAMERA_1'],"{'CAMERA_1': ['resolution', 'price', 'effects', 'sensor_size', 'color', 'camera_type'], 'CAMERA_2': [], 'CAMERA_3': []}",C_SILENT_OR_BACKCHANNEL,CAMERA_1,NONE,IC,PRESENT_X,CAMERA_1,S_INTRODUCES_FEATURE,CAMERA_1,camera_type,This is a DSLR camera.,PRESENT_X,CAMERA_1,10~14
719,9,CAMERA_1,['CAMERA_1'],"{'CAMERA_1': ['resolution', 'price', 'effects', 'sensor_size', 'color', 'camera_type', 'optical_zoom'], 'CAMERA_2': [], 'CAMERA_3': []}",C_QUESTION_ABOUT_FEATURE,CAMERA_1,optical_zoom,What about the Zoom,PRESENT_X,CAMERA_1,S_ANSWERS_QUESTION_ABOUT_FEATURE,CAMERA_1,optical_zoom,This one has 21x optical zoom.,PRESENT_X,CAMERA_1,13~29
719,10,CAMERA_1,['CAMERA_1'],"{'CAMERA_1': ['resolution', 'price', 'effects', 'sensor_size', 'color', 'camera_type', 'optical_zoom', 'weight'], 'CAMERA_2': [], 'CAMERA_3': []}",C_SILENT_OR_BACKCHANNEL,CAMERA_1,NONE,wow that's pretty advanced technology what about the price,PRESENT_X,CAMERA_1,S_INTRODUCES_FEATURE,CAMERA_1,weight,This one weighs 800 grams.,PRESENT_X,CAMERA_1,16~25
719,11,NONE,['CAMERA_1'],"{'CAMERA_1': ['resolution', 'price', 'effects', 'sensor_size', 'color', 'camera_type', 'optical_zoom', 'weight'], 'CAMERA_2': [], 'CAMERA_3': []}",C_THANK_YOU,CAMERA_1,NONE,thank you,PRESENT_X,CAMERA_1,S_THANK_YOU,CAMERA_1,NONE,thank you very much.,FACE_TO_FACE,NONE,
719,12,NONE,['CAMERA_1'],"{'CAMERA_1': ['resolution', 'price', 'effects', 'sensor_size', 'color', 'camera_type', 'optical_zoom', 'weight'], 'CAMERA_2': [], 'CAMERA_3': []}",C_LEAVES,DOOR,NONE,,FACE_TO_FACE,NONE,S_RETURNS_TO_COUNTER,SERVICE_COUNTER,NONE,,WAITING,NONE,
720,1,NONE,[],"{'CAMERA_1': [], 'CAMERA_2': [], 'CAMERA_3': []}",C_ENTERS,DOOR,NONE,,WAITING,NONE,S_NONE,SERVICE_COUNTER,NONE,,WAITING,NONE,
720,2,NONE,[],"{'CAMERA_1': [], 'CAMERA_2': [], 'CAMERA_3': []}",C_WALKS_TO_CAMERA,CAMERA_3,NONE,,WAITING,NONE,S_NONE,SERVICE_COUNTER,NONE,,WAITING,NONE,
720,3,NONE,[],"{'CAMERA_1': [], 'CAMERA_2': [], 'CAMERA_3': []}",C_EXAMINES_CAMERA,CAMERA_3,NONE,,WAITING,NONE,S_NONE,SERVICE_COUNTER,NONE,,WAITING,NONE,
720,4,NONE,[],"{'CAMERA_1': [], 'CAMERA_2': [], 'CAMERA_3': []}",C_EXAMINES_CAMERA,CAMERA_3,NONE,,WAITING,NONE,S_GREETS,CAMERA_3,NONE,can I help you?,FACE_TO_FACE,NONE,
720,5,CAMERA_2,['CAMERA_2'],"{'CAMERA_1': [], 'CAMERA_2': [], 'CAMERA_3': []}",C_LOOKING_FOR_A_CAMERA,CAMERA_3,NONE,yeah actually I did but I am looking for a better one,FACE_TO_FACE,NONE,S_INTRODUCES_CAMERA,CAMERA_2,,Let me show you this. Here we have the Fujifilm Lumix ILC Camera.,PRESENT_X,CAMERA_2,39~64
720,6,CAMERA_2,['CAMERA_2'],"{'CAMERA_1': [], 'CAMERA_2': ['resolution'], 'CAMERA_3': []}",C_SILENT_OR_BACKCHANNEL,CAMERA_2,NONE,yeah yeah I can to try to look on the outside this is a really good one,PRESENT_X,CAMERA_2,S_INTRODUCES_FEATURE,CAMERA_2,resolution,This one has 23.8 megapixels resolution.,PRESENT_X,CAMERA_2,13~28
720,7,CAMERA_2,['CAMERA_2'],"{'CAMERA_1': [], 'CAMERA_2': ['resolution', 'settings'], 'CAMERA_3': []}",C_SILENT_OR_BACKCHANNEL,CAMERA_2,NONE,I said yeah ok,PRESENT_X,CAMERA_2,S_INTRODUCES_FEATURE,CAMERA_2,settings,"This one has manual control and various automatic settings (video modeburst shooting, etc.).",PRESENT_X,CAMERA_2,13~91
720,8,CAMERA_2,['CAMERA_2'],"{'CAMERA_1': [], 'CAMERA_2': ['resolution', 'settings', 'sensor_size'], 'CAMERA_3': []}",C_SILENT_OR_BACKCHANNEL,CAMERA_2,NONE,that looks very good,PRESENT_X,CAMERA_2,S_INTRODUCES_FEATURE,CAMERA_2,sensor_size,This one has a 1/2.33 inch sensor.,PRESENT_X,CAMERA_2,15~33
720,9,CAMERA_2,['CAMERA_2'],"{'CAMERA_1': [], 'CAMERA_2': ['resolution', 'settings', 'sensor_size', 'camera_type'], 'CAMERA_3': []}",C_SILENT_OR_BACKCHANNEL,CAMERA_2,NONE,okay let's see,PRESENT_X,CAMERA_2,S_INTRODUCES_FEATURE,CAMERA_2,camera_type,This is a digital single lens mirrorless camera.,PRESENT_X,CAMERA_2,10~40
720,10,NONE,['CAMERA_2'],"{'CAMERA_1': [], 'CAMERA_2': ['resolution', 'settings', 'sensor_size', 'camera_type'], 'CAMERA_3': []}",C_THANK_YOU,CAMERA_2,NONE,thank you very much for your help and have a great day,PRESENT_X,CAMERA_2,S_THANK_YOU,CAMERA_2,NONE,thank you very much.,FACE_TO_FACE,NONE,
720,11,NONE,['CAMERA_2'],"{'CAMERA_1': [], 'CAMERA_2': ['resolution', 'settings', 'sensor_size', 'camera_type'], 'CAMERA_3': []}",C_LEAVES,DOOR,NONE,,FACE_TO_FACE,NONE,S_RETURNS_TO_COUNTER,SERVICE_COUNTER,NONE,,WAITING,NONE,
721,1,NONE,[],"{'CAMERA_1': [], 'CAMERA_2': [], 'CAMERA_3': []}",C_ENTERS,DOOR,NONE,,WAITING,NONE,S_NONE,SERVICE_COUNTER,NONE,,WAITING,NONE,
721,2,NONE,[],"{'CAMERA_1': [], 'CAMERA_2': [], 'CAMERA_3': []}",C_WALKS_TO_CAMERA,CAMERA_2,NONE,,WAITING,NONE,S_GREETS,CAMERA_2,NONE,can I help you?,FACE_TO_FACE,NONE,
721,3,CAMERA_1,['CAMERA_1'],"{'CAMERA_1': [], 'CAMERA_2': [], 'CAMERA_3': []}",C_LOOKING_FOR_A_CAMERA,CAMERA_2,NONE,I am interested in photography and I'm looking for good camera is there any in the shop which you can recommend,FACE_TO_FACE,NONE,S_INTRODUCES_CAMERA,CAMERA_1,,Let me show you this. Here we have the Sony PowerShot ELPH DMC-ZS3.,PRESENT_X,CAMERA_1,39~66
721,4,CAMERA_1,['CAMERA_1'],"{'CAMERA_1': ['settings'], 'CAMERA_2': [], 'CAMERA_3': []}",C_SILENT_OR_BACKCHANNEL,CAMERA_1,NONE,that's the part that sounds good,PRESENT_X,CAMERA_1,S_INTRODUCES_FEATURE,CAMERA_1,settings,This one has limited manual settings.,PRESENT_X,CAMERA_1,13~36
721,5,CAMERA_1,['CAMERA_1'],"{'CAMERA_1': ['settings', 'autofocus_points'], 'CAMERA_2': [], 'CAMERA_3': []}",C_SILENT_OR_BACKCHANNEL,CAMERA_1,NONE,okay,PRESENT_X,CAMERA_1,S_INTRODUCES_FEATURE,CAMERA_1,autofocus_points,This one has 135 autofocus points.,PRESENT_X,CAMERA_1,13~33
721,6,NONE,['CAMERA_1'],"{'CAMERA_1': ['settings', 'autofocus_points'], 'CAMERA_2': [], 'CAMERA_3': []}",C_THANK_YOU,CAMERA_1,NONE,thank you,PRESENT_X,CAMERA_1,S_THANK_YOU,CAMERA_1,NONE,thank you very much.,FACE_TO_FACE,NONE,
721,7,NONE,['CAMERA_1'],"{'CAMERA_1': ['settings', 'autofocus_points'], 'CAMERA_2': [], 'CAMERA_3': []}",C_LEAVES,DOOR,NONE,,FACE_TO_FACE,NONE,S_RETURNS_TO_COUNTER,SERVICE_COUNTER,NONE,,WAITING,NONE,
722,1,NONE,[],"{'CAMERA_1': [], 'CAMERA_2': [], 'CAMERA_3': []}",C_ENTERS,DOOR,NONE,,WAITING,NONE,S_NONE,SERVICE_COUNTER,NONE,,WAITING,NONE,
722,2,NONE,[],"{'CAMERA_1': [], 'CAMERA_2': [], 'CAMERA_3': []}",C_WALKS_TO_CAMERA,CAMERA_3,NONE,,WAITING,NONE,S_NONE,SERVICE_COUNTER,NONE,,WAITING,NONE,
722,3,NONE,[],"{'CAMERA_1': [], 'CAMERA_2': [], 'CAMERA_3': []}",C_EXAMINES_CAMERA,CAMERA_3,NONE,,WAITING,NONE,S_GREETS,CAMERA_3,NONE,can I help you?,FACE_TO_FACE,NONE,
722,4,CAMERA_3,['CAMERA_3'],"{'CAMERA_1': [], 'CAMERA_2': [], 'CAMERA_3': []}",C_LOOKING_FOR_A_CAMERA,CAMERA_3,NONE,anyone would do I'm just trying to get a camera real fast,FACE_TO_FACE,NONE,S_INTRODUCES_CAMERA,CAMERA_3,,Let me show you this. Here we have the Fujifilm PowerShot ELPH S2800.,PRESENT_X,CAMERA_3,39~68
722,5,CAMERA_3,['CAMERA_3'],"{'CAMERA_1': [], 'CAMERA_2': [], 'CAMERA_3': ['preset_modes']}",C_QUESTION_ABOUT_FEATURE,CAMERA_3,preset_modes,is it equipped with any preset modes,PRESENT_X,CAMERA_3,S_ANSWERS_QUESTION_ABOUT_FEATURE,CAMERA_3,preset_modes,This one has various preset modes.,PRESENT_X,CAMERA_3,13~33
722,6,CAMERA_3,['CAMERA_3'],"{'CAMERA_1': [], 'CAMERA_2': [], 'CAMERA_3': ['preset_modes', 'ISO']}",C_QUESTION_ABOUT_FEATURE,CAMERA_3,ISO,sounds good how high does the iso go,PRESENT_X,CAMERA_3,S_ANSWERS_QUESTION_ABOUT_FEATURE,CAMERA_3,ISO,This one has up to 3200 ISO with little noise.,PRESENT_X,CAMERA_3,13~45
722,7,CAMERA_3,['CAMERA_3'],"{'CAMERA_1': [], 'CAMERA_2': [], 'CAMERA_3': ['preset_modes', 'ISO', 'color']}",C_SILENT_OR_BACKCHANNEL,CAMERA_3,NONE,okay,PRESENT_X,CAMERA_3,S_INTRODUCES_FEATURE,CAMERA_3,color,"This one comes in purple, white, silver, blue, red, or pink.",PRESENT_X,CAMERA_3,18~59
722,8,CAMERA_3,['CAMERA_3'],"{'CAMERA_1': [], 'CAMERA_2': [], 'CAMERA_3': ['preset_modes', 'ISO', 'color', 'settings']}",C_SILENT_OR_BACKCHANNEL,CAMERA_3,NONE,Ice Age,PRESENT_X,CAMERA_3,S_INTRODUCES_FEATURE,CAMERA_3,settings,"This one has manual control and various automatic settings (video modeburst shooting, etc.).",PRESENT_X,CAMERA_3,13~91
722,9,NONE,['CAMERA_3'],"{'CAMERA_1': [], 'CAMERA_2': [], 'CAMERA_3': ['preset_modes', 'ISO', 'color', 'settings']}",C_THANK_YOU,CAMERA_3,NONE,thank you,PRESENT_X,CAMERA_3,S_THANK_YOU,CAMERA_3,NONE,thank you very much.,FACE_TO_FACE,NONE,
722,10,NONE,['CAMERA_3'],"{'CAMERA_1': [], 'CAMERA_2': [], 'CAMERA_3': ['preset_modes', 'ISO', 'color', 'settings']}",C_LEAVES,DOOR,NONE,,FACE_TO_FACE,NONE,S_RETURNS_TO_COUNTER,SERVICE_COUNTER,NONE,,WAITING,NONE,
723,1,NONE,[],"{'CAMERA_1': [], 'CAMERA_2': [], 'CAMERA_3': []}",C_ENTERS,DOOR,NONE,,WAITING,NONE,S_NONE,SERVICE_COUNTER,NONE,,WAITING,NONE,
723,2,NONE,[],"{'CAMERA_1': [], 'CAMERA_2': [], 'CAMERA_3': []}",C_GREETS,MIDDLE,NONE,Excuse me is this the DSi that you mention earlier,WAITING,NONE,S_GREETS,MIDDLE,NONE,can I help you?,FACE_TO_FACE,NONE,
723,3,CAMERA_2,['CAMERA_2'],"{'CAMERA_1': [], 'CAMERA_2': [], 'CAMERA_3': []}",C_LOOKING_FOR_A_CAMERA,MIDDLE,NONE,I'm looking for a camera,FACE_TO_FACE,NONE,S_INTRODUCES_CAMERA,CAMERA_2,,Let me show you this. Here we have the Fujifilm Lumix ILC Camera.,PRESENT_X,CAMERA_2,39~64
723,4,CAMERA_2,['CAMERA_2'],"{'CAMERA_1': [], 'CAMERA_2': ['weight'], 'CAMERA_3': []}",C_QUESTION_ABOUT_FEATURE,CAMERA_2,weight,ok ok what about the wait is it heavy,PRESENT_X,CAMERA_2,S_ANSWERS_QUESTION_ABOUT_FEATURE,CAMERA_2,weight,This one weighs 820 grams.,PRESENT_X,CAMERA_2,16~25
723,5,CAMERA_2,['CAMERA_2'],"{'CAMERA_1': [], 'CAMERA_2': ['weight', 'optical_zoom'], 'CAMERA_3': []}",C_QUESTION_ABOUT_FEATURE,CAMERA_2,optical_zoom,I see ok can the optical zoom what does that do,PRESENT_X,CAMERA_2,S_ANSWERS_QUESTION_ABOUT_FEATURE,CAMERA_2,optical_zoom,This one has 21x optical zoom.,PRESENT_X,CAMERA_2,13~29
723,6,CAMERA_2,['CAMERA_2'],"{'CAMERA_1': [], 'CAMERA_2': ['weight', 'optical_zoom', 'long_exposure'], 'CAMERA_3': []}",C_QUESTION_ABOUT_FEATURE,CAMERA_2,long_exposure,and the exposure,PRESENT_X,CAMERA_2,S_ANSWERS_QUESTION_ABOUT_FEATURE,CAMERA_2,long_exposure,This one can take long exposures up to 60 minutes max with bulb mode.,PRESENT_X,CAMERA_2,39~68
723,7,CAMERA_2,['CAMERA_2'],"{'CAMERA_1': [], 'CAMERA_2': ['weight', 'optical_zoom', 'long_exposure', 'color'], 'CAMERA_3': []}",C_QUESTION_ABOUT_FEATURE,CAMERA_2,color,which color do you think suits me,PRESENT_X,CAMERA_2,S_ANSWERS_QUESTION_ABOUT_FEATURE,CAMERA_2,color,This one comes in white or pink.,PRESENT_X,CAMERA_2,18~31
723,8,CAMERA_2,['CAMERA_2'],"{'CAMERA_1': [], 'CAMERA_2': ['weight', 'optical_zoom', 'long_exposure', 'color', 'camera_type'], 'CAMERA_3': []}",C_QUESTION_ABOUT_FEATURE,CAMERA_2,camera_type,is this a point and shoot camera,PRESENT_X,CAMERA_2,S_ANSWERS_QUESTION_ABOUT_FEATURE,CAMERA_2,camera_type,This is a digital single lens mirrorless camera.,PRESENT_X,CAMERA_2,10~40
723,9,CAMERA_2,['CAMERA_2'],"{'CAMERA_1': [], 'CAMERA_2': ['weight', 'optical_zoom', 'long_exposure', 'color', 'camera_type', 'resolution'], 'CAMERA_3': []}",C_QUESTION_ABOUT_FEATURE,CAMERA_2,resolution,how many megapixels is this camera,PRESENT_X,CAMERA_2,S_ANSWERS_QUESTION_ABOUT_FEATURE,CAMERA_2,resolution,This one has 23.8 megapixels resolution.,PRESENT_X,CAMERA_2,13~28
723,10,CAMERA_2,['CAMERA_2'],"{'CAMERA_1': [], 'CAMERA_2': ['weight', 'optical_zoom', 'long_exposure', 'color', 'camera_type', 'resolution', 'settings'], 'CAMERA_3': []}",C_SILENT_OR_BACKCHANNEL,CAMERA_2,NONE,wow,PRESENT_X,CAMERA_2,S_INTRODUCES_FEATURE,CAMERA_2,settings,"This one has manual control and various automatic settings (video modeburst shooting, etc.).",PRESENT_X,CAMERA_2,13~91
723,11,CAMERA_2,['CAMERA_2'],"{'CAMERA_1': [], 'CAMERA_2': ['weight', 'optical_zoom', 'long_exposure', 'color', 'camera_type', 'resolution', 'settings', 'ISO'], 'CAMERA_3': []}",C_QUESTION_ABOUT_FEATURE,CAMERA_2,ISO,alright and uh how about the iso setting,PRESENT_X,CAMERA_2,S_NOT_SURE,CAMERA_2,,I'm not really sure about that.,PRESENT_X,CAMERA_2,
723,12,CAMERA_2,['CAMERA_2'],"{'CAMERA_1': [], 'CAMERA_2': ['weight', 'optical_zoom', 'long_exposure', 'color', 'camera_type', 'resolution', 'settings', 'ISO', 'preset_modes'], 'CAMERA_3': []}",C_QUESTION_ABOUT_FEATURE,CAMERA_2,preset_modes,Does this support for does mode,PRESENT_X,CAMERA_2,S_NOT_SURE,CAMERA_2,,I'm not really sure about that.,PRESENT_X,CAMERA_2,
723,13,CAMERA_2,['CAMERA_2'],"{'CAMERA_1': [], 'CAMERA_2': ['weight', 'optical_zoom', 'long_exposure', 'color', 'camera_type', 'resolution', 'settings', 'ISO', 'preset_modes', 'sensor_size'], 'CAMERA_3': []}",C_QUESTION_ABOUT_FEATURE,CAMERA_2,sensor_size,what is the sensor size,PRESENT_X,CAMERA_2,S_ANSWERS_QUESTION_ABOUT_FEATURE,CAMERA_2,sensor_size,This one has a 1/2.33 inch sensor.,PRESENT_X,CAMERA_2,15~33
723,14,CAMERA_2,['CAMERA_2'],"{'CAMERA_1': [], 'CAMERA_2': ['weight', 'optical_zoom', 'long_exposure', 'color', 'camera_type', 'resolution', 'settings', 'ISO', 'preset_modes', 'sensor_size', 'price'], 'CAMERA_3': []}",C_SILENT_OR_BACKCHANNEL,CAMERA_2,NONE,$68 that's great,PRESENT_X,CAMERA_2,S_INTRODUCES_FEATURE,CAMERA_2,price,This one costs $768.,PRESENT_X,CAMERA_2,15~19
723,15,CAMERA_2,['CAMERA_2'],"{'CAMERA_1': [], 'CAMERA_2': ['weight', 'optical_zoom', 'long_exposure', 'color', 'camera_type', 'resolution', 'settings', 'ISO', 'preset_modes', 'sensor_size', 'price', 'autofocus_points'], 'CAMERA_3': []}",C_QUESTION_ABOUT_FEATURE,CAMERA_2,autofocus_points,does it have autofocus,PRESENT_X,CAMERA_2,S_NOT_SURE,CAMERA_2,,I'm not really sure about that.,PRESENT_X,CAMERA_2,
723,16,CAMERA_2,['CAMERA_2'],"{'CAMERA_1': [], 'CAMERA_2': ['weight', 'optical_zoom', 'long_exposure', 'color', 'camera_type', 'resolution', 'settings', 'ISO', 'preset_modes', 'sensor_size', 'price', 'autofocus_points', 'effects'], 'CAMERA_3': []}",C_QUESTION_ABOUT_FEATURE,CAMERA_2,effects,what is about the artistic effect mode,PRESENT_X,CAMERA_2,S_ANSWERS_QUESTION_ABOUT_FEATURE,CAMERA_2,effects,"This one has 24 artistic effect modes (retro, lighter or darker skin tones, sepia, etc.).",PRESENT_X,CAMERA_2,13~88
723,17,CAMERA_2,['CAMERA_2'],"{'CAMERA_1': [], 'CAMERA_2': ['weight', 'optical_zoom', 'long_exposure', 'color', 'camera_type', 'resolution', 'settings', 'ISO', 'preset_modes', 'sensor_size', 'price', 'autofocus_points', 'effects', 'camera_type'], 'CAMERA_3': []}",C_QUESTION_ABOUT_FEATURE,CAMERA_2,camera_type,Is this a mirrorless camera?,PRESENT_X,CAMERA_2,S_ANSWERS_QUESTION_ABOUT_FEATURE,CAMERA_2,camera_type,This is a digital single lens mirrorless camera.,PRESENT_X,CAMERA_2,10~40
723,18,CAMERA_2,['CAMERA_2'],"{'CAMERA_1': [], 'CAMERA_2': ['weight', 'optical_zoom', 'long_exposure', 'color', 'camera_type', 'resolution', 'settings', 'ISO', 'preset_modes', 'sensor_size', 'price', 'autofocus_points', 'effects', 'camera_type', 'weight'], 'CAMERA_3': []}",C_SILENT_OR_BACKCHANNEL,CAMERA_2,NONE,I say so,PRESENT_X,CAMERA_2,S_INTRODUCES_FEATURE,CAMERA_2,weight,This one weighs 820 grams.,PRESENT_X,CAMERA_2,16~25
723,19,CAMERA_2,['CAMERA_2'],"{'CAMERA_1': [], 'CAMERA_2': ['weight', 'optical_zoom', 'long_exposure', 'color', 'camera_type', 'resolution', 'settings', 'ISO', 'preset_modes', 'sensor_size', 'price', 'autofocus_points', 'effects', 'camera_type', 'weight', 'settings'], 'CAMERA_3': []}",C_SILENT_OR_BACKCHANNEL,CAMERA_2,NONE,uh huh I say,PRESENT_X,CAMERA_2,S_INTRODUCES_FEATURE,CAMERA_2,settings,"This one has manual control and various automatic settings (video modeburst shooting, etc.).",PRESENT_X,CAMERA_2,13~91
723,20,CAMERA_2,['CAMERA_2'],"{'CAMERA_1': [], 'CAMERA_2': ['weight', 'optical_zoom', 'long_exposure', 'color', 'camera_type', 'resolution', 'settings', 'ISO', 'preset_modes', 'sensor_size', 'price', 'autofocus_points', 'effects', 'camera_type', 'weight', 'settings', 'sensor_size'], 'CAMERA_3': []}",C_QUESTION_ABOUT_FEATURE,CAMERA_2,sensor_size,and what about the census is,PRESENT_X,CAMERA_2,S_ANSWERS_QUESTION_ABOUT_FEATURE,CAMERA_2,sensor_size,This one has a 1/2.33 inch sensor.,PRESENT_X,CAMERA_2,15~33
723,21,CAMERA_2,['CAMERA_2'],"{'CAMERA_1': [], 'CAMERA_2': ['weight', 'optical_zoom', 'long_exposure', 'color', 'camera_type', 'resolution', 'settings', 'ISO', 'preset_modes', 'sensor_size', 'price', 'autofocus_points', 'effects', 'camera_type', 'weight', 'settings', 'sensor_size', 'sensor_size'], 'CAMERA_3': []}",C_QUESTION_ABOUT_FEATURE,CAMERA_2,sensor_size,What is the synthesized of this camera,PRESENT_X,CAMERA_2,S_ANSWERS_QUESTION_ABOUT_FEATURE,CAMERA_2,sensor_size,This one has a 1/2.33 inch sensor.,PRESENT_X,CAMERA_2,15~33
723,22,CAMERA_2,['CAMERA_2'],"{'CAMERA_1': [], 'CAMERA_2': ['weight', 'optical_zoom', 'long_exposure', 'color', 'camera_type', 'resolution', 'settings', 'ISO', 'preset_modes', 'sensor_size', 'price', 'autofocus_points', 'effects', 'camera_type', 'weight', 'settings', 'sensor_size', 'sensor_size', 'color'], 'CAMERA_3': []}",C_SILENT_OR_BACKCHANNEL,CAMERA_2,NONE,I say,PRESENT_X,CAMERA_2,S_INTRODUCES_FEATURE,CAMERA_2,color,This one comes in white or pink.,PRESENT_X,CAMERA_2,18~31
723,23,CAMERA_2,['CAMERA_2'],"{'CAMERA_1': [], 'CAMERA_2': ['weight', 'optical_zoom', 'long_exposure', 'color', 'camera_type', 'resolution', 'settings', 'ISO', 'preset_modes', 'sensor_size', 'price', 'autofocus_points', 'effects', 'camera_type', 'weight', 'settings', 'sensor_size', 'sensor_size', 'color', 'resolution'], 'CAMERA_3': []}",C_SILENT_OR_BACKCHANNEL,CAMERA_2,NONE,ok,PRESENT_X,CAMERA_2,S_INTRODUCES_FEATURE,CAMERA_2,resolution,This one has 23.8 megapixels resolution.,PRESENT_X,CAMERA_2,13~28
723,24,NONE,['CAMERA_2'],"{'CAMERA_1': [], 'CAMERA_2': ['weight', 'optical_zoom', 'long_exposure', 'color', 'camera_type', 'resolution', 'settings', 'ISO', 'preset_modes', 'sensor_size', 'price', 'autofocus_points', 'effects', 'camera_type', 'weight', 'settings', 'sensor_size', 'sensor_size', 'color', 'resolution'], 'CAMERA_3': []}",C_THANK_YOU,CAMERA_2,NONE,ok thank you,PRESENT_X,CAMERA_2,S_THANK_YOU,CAMERA_2,NONE,thank you very much.,FACE_TO_FACE,NONE,
723,25,NONE,['CAMERA_2'],"{'CAMERA_1': [], 'CAMERA_2': ['weight', 'optical_zoom', 'long_exposure', 'color', 'camera_type', 'resolution', 'settings', 'ISO', 'preset_modes', 'sensor_size', 'price', 'autofocus_points', 'effects', 'camera_type', 'weight', 'settings', 'sensor_size', 'sensor_size', 'color', 'resolution'], 'CAMERA_3': []}",C_LEAVES,DOOR,NONE,,FACE_TO_FACE,NONE,S_RETURNS_TO_COUNTER,SERVICE_COUNTER,NONE,,WAITING,NONE,
724,1,NONE,[],"{'CAMERA_1': [], 'CAMERA_2': [], 'CAMERA_3': []}",C_ENTERS,DOOR,NONE,,WAITING,NONE,S_NONE,SERVICE_COUNTER,NONE,,WAITING,NONE,
724,2,NONE,[],"{'CAMERA_1': [], 'CAMERA_2': [], 'CAMERA_3': []}",C_GREETS,MIDDLE,NONE,excuse me,WAITING,NONE,S_GREETS,MIDDLE,NONE,can I help you?,FACE_TO_FACE,NONE,
724,3,CAMERA_1,['CAMERA_1'],"{'CAMERA_1': [], 'CAMERA_2': [], 'CAMERA_3': []}",C_LOOKING_FOR_A_CAMERA,MIDDLE,NONE,I'm looking for a camera for traveling so this seems to be good because of Light how much does it weigh,FACE_TO_FACE,NONE,S_INTRODUCES_CAMERA,CAMERA_1,,Let me show you this. Here we have the Sony PowerShot ELPH DMC-ZS3.,PRESENT_X,CAMERA_1,39~66
724,4,CAMERA_1,['CAMERA_1'],"{'CAMERA_1': ['weight'], 'CAMERA_2': [], 'CAMERA_3': []}",C_SILENT_OR_BACKCHANNEL,CAMERA_1,NONE,I say but yeah okay,PRESENT_X,CAMERA_1,S_INTRODUCES_FEATURE,CAMERA_1,weight,This one weighs 800 grams.,PRESENT_X,CAMERA_1,16~25
724,5,NONE,['CAMERA_1'],"{'CAMERA_1': ['weight'], 'CAMERA_2': [], 'CAMERA_3': []}",C_THANK_YOU,CAMERA_1,NONE,thank you very much,PRESENT_X,CAMERA_1,S_THANK_YOU,CAMERA_1,NONE,thank you very much.,FACE_TO_FACE,NONE,
724,6,NONE,['CAMERA_1'],"{'CAMERA_1': ['weight'], 'CAMERA_2': [], 'CAMERA_3': []}",C_LEAVES,DOOR,NONE,,FACE_TO_FACE,NONE,S_RETURNS_TO_COUNTER,SERVICE_COUNTER,NONE,,WAITING,NONE,
725,1,NONE,[],"{'CAMERA_1': [], 'CAMERA_2': [], 'CAMERA_3': []}",C_ENTERS,DOOR,NONE,,WAITING,NONE,S_NONE,SERVICE_COUNTER,NONE,,WAITING,NONE,
725,2,NONE,[],"{'CAMERA_1': [], 'CAMERA_2': [], 'CAMERA_3': []}",C_WALKS_TO_CAMERA,CAMERA_1,NONE,,WAITING,NONE,S_NONE,SERVICE_COUNTER,NONE,,WAITING,NONE,
725,3,CAMERA_1,['CAMERA_1'],"{'CAMERA_1': ['ISO'], 'CAMERA_2': [], 'CAMERA_3': []}",C_QUESTION_ABOUT_FEATURE,CAMERA_1,ISO,what was the ISO on the bigger one,WAITING,NONE,S_ANSWERS_QUESTION_ABOUT_FEATURE,CAMERA_1,ISO,This one has up to 51200 ISO.,PRESENT_X,CAMERA_1,13~28
725,4,CAMERA_1,['CAMERA_1'],"{'CAMERA_1': ['ISO', 'weight'], 'CAMERA_2': [], 'CAMERA_3': []}",C_QUESTION_ABOUT_FEATURE,CAMERA_1,weight,I say is it very heavy,PRESENT_X,CAMERA_1,S_ANSWERS_QUESTION_ABOUT_FEATURE,CAMERA_1,weight,This one weighs 800 grams.,PRESENT_X,CAMERA_1,16~25
725,5,CAMERA_1,['CAMERA_1'],"{'CAMERA_1': ['ISO', 'weight', 'sensor_size'], 'CAMERA_2': [], 'CAMERA_3': []}",C_SILENT_OR_BACKCHANNEL,CAMERA_1,NONE,I say,PRESENT_X,CAMERA_1,S_INTRODUCES_FEATURE,CAMERA_1,sensor_size,This one has a 1/2.3 inch CMOS sensor.,PRESENT_X,CAMERA_1,15~37
725,6,CAMERA_1,['CAMERA_1'],"{'CAMERA_1': ['ISO', 'weight', 'sensor_size', 'settings'], 'CAMERA_2': [], 'CAMERA_3': []}",C_SILENT_OR_BACKCHANNEL,CAMERA_1,NONE,ok,PRESENT_X,CAMERA_1,S_INTRODUCES_FEATURE,CAMERA_1,settings,This one has limited manual settings.,PRESENT_X,CAMERA_1,13~36
725,7,CAMERA_1,['CAMERA_1'],"{'CAMERA_1': ['ISO', 'weight', 'sensor_size', 'settings', 'resolution'], 'CAMERA_2': [], 'CAMERA_3': []}",C_QUESTION_ABOUT_FEATURE,CAMERA_1,resolution,what about the resolution of this camera,PRESENT_X,CAMERA_1,S_ANSWERS_QUESTION_ABOUT_FEATURE,CAMERA_1,resolution,This one has 17.8 megapixels resolution.,PRESENT_X,CAMERA_1,13~28
725,8,CAMERA_1,['CAMERA_1'],"{'CAMERA_1': ['ISO', 'weight', 'sensor_size', 'settings', 'resolution', 'camera_type'], 'CAMERA_2': [], 'CAMERA_3': []}",C_SILENT_OR_BACKCHANNEL,CAMERA_1,NONE,IC,PRESENT_X,CAMERA_1,S_INTRODUCES_FEATURE,CAMERA_1,camera_type,This is a DSLR camera.,PRESENT_X,CAMERA_1,10~14
725,9,NONE,['CAMERA_1'],"{'CAMERA_1': ['ISO', 'weight', 'sensor_size', 'settings', 'resolution', 'camera_type'], 'CAMERA_2': [], 'CAMERA_3': []}",C_THANK_YOU,CAMERA_1,NONE,thanks very much,PRESENT_X,CAMERA_1,S_THANK_YOU,CAMERA_1,NONE,thank you very much.,FACE_TO_FACE,NONE,
725,10,NONE,['CAMERA_1'],"{'CAMERA_1': ['ISO', 'weight', 'sensor_size', 'settings', 'resolution', 'camera_type'], 'CAMERA_2': [], 'CAMERA_3': []}",C_LEAVES,DOOR,NONE,,FACE_TO_FACE,NONE,S_RETURNS_TO_COUNTER,SERVICE_COUNTER,NONE,,WAITING,NONE,
726,1,NONE,[],"{'CAMERA_1': [], 'CAMERA_2': [], 'CAMERA_3': []}",C_ENTERS,DOOR,NONE,,WAITING,NONE,S_NONE,SERVICE_COUNTER,NONE,,WAITING,NONE,
726,2,NONE,[],"{'CAMERA_1': [], 'CAMERA_2': [], 'CAMERA_3': []}",C_WALKS_TO_CAMERA,CAMERA_3,NONE,,WAITING,NONE,S_GREETS,CAMERA_3,NONE,can I help you?,FACE_TO_FACE,NONE,
726,3,CAMERA_3,['CAMERA_3'],"{'CAMERA_1': [], 'CAMERA_2': [], 'CAMERA_3': []}",C_LOOKING_FOR_A_CAMERA,CAMERA_3,NONE,mmm I'm just browsing the camera for myself just something a little better than my camera,FACE_TO_FACE,NONE,S_INTRODUCES_CAMERA,CAMERA_3,,Let me show you this. Here we have the Fujifilm PowerShot ELPH S2800.,PRESENT_X,CAMERA_3,39~68
726,4,CAMERA_3,['CAMERA_3'],"{'CAMERA_1': [], 'CAMERA_2': [], 'CAMERA_3': ['price']}",C_SILENT_OR_BACKCHANNEL,CAMERA_3,NONE,ok,PRESENT_X,CAMERA_3,S_INTRODUCES_FEATURE,CAMERA_3,price,This one costs $518.,PRESENT_X,CAMERA_3,15~19
726,5,CAMERA_3,['CAMERA_3'],"{'CAMERA_1': [], 'CAMERA_2': [], 'CAMERA_3': ['price', 'color']}",C_SILENT_OR_BACKCHANNEL,CAMERA_3,NONE,ok,PRESENT_X,CAMERA_3,S_INTRODUCES_FEATURE,CAMERA_3,color,"This one comes in purple, white, silver, blue, red, or pink.",PRESENT_X,CAMERA_3,18~59
726,6,CAMERA_3,['CAMERA_3'],"{'CAMERA_1': [], 'CAMERA_2': [], 'CAMERA_3': ['price', 'color', 'sensor_size']}",C_SILENT_OR_BACKCHANNEL,CAMERA_3,NONE,okay sounds good,PRESENT_X,CAMERA_3,S_INTRODUCES_FEATURE,CAMERA_3,sensor_size,This one has a full frame.,PRESENT_X,CAMERA_3,15~25
726,7,CAMERA_3,['CAMERA_3'],"{'CAMERA_1': [], 'CAMERA_2': [], 'CAMERA_3': ['price', 'color', 'sensor_size', 'settings']}",C_SILENT_OR_BACKCHANNEL,CAMERA_3,NONE,let's see,PRESENT_X,CAMERA_3,S_INTRODUCES_FEATURE,CAMERA_3,settings,"This one has manual control and various automatic settings (video modeburst shooting, etc.).",PRESENT_X,CAMERA_3,13~91
726,8,NONE,['CAMERA_3'],"{'CAMERA_1': [], 'CAMERA_2': [], 'CAMERA_3': ['price', 'color', 'sensor_size', 'settings']}",C_THANK_YOU,CAMERA_3,NONE,thank you very much okay thank you,PRESENT_X,CAMERA_3,S_THANK_YOU,CAMERA_3,NONE,thank you very much.,FACE_TO_FACE,NONE,
726,9,NONE,['CAMERA_3'],"{'CAMERA_1': [], 'CAMERA_2': [], 'CAMERA_3': ['price', 'color', 'sensor_size', 'settings']}",C_LEAVES,DOOR,NONE,,FACE_TO_FACE,NONE,S_RETURNS_TO_COUNTER,SERVICE_COUNTER,NONE,,WAITING,NONE,
727,1,NONE,[],"{'CAMERA_1': [], 'CAMERA_2': [], 'CAMERA_3': []}",C_ENTERS,DOOR,NONE,,WAITING,NONE,S_NONE,SERVICE_COUNTER,NONE,,WAITING,NONE,
727,2,NONE,[],"{'CAMERA_1': [], 'CAMERA_2': [], 'CAMERA_3': []}",C_GREETS,MIDDLE,NONE,hello good morning,WAITING,NONE,S_GREETS,MIDDLE,NONE,can I help you?,FACE_TO_FACE,NONE,
727,3,CAMERA_1,['CAMERA_1'],"{'CAMERA_1': [], 'CAMERA_2': [], 'CAMERA_3': []}",C_LOOKING_FOR_A_CAMERA,MIDDLE,NONE,I'm looking for camera so I can take good shots on when I go travelling I miss you very interested in photography so do you recommend this camera,FACE_TO_FACE,NONE,S_INTRODUCES_CAMERA,CAMERA_1,,Let me show you this. Here we have the Sony PowerShot ELPH DMC-ZS3.,PRESENT_X,CAMERA_1,39~66
727,4,CAMERA_1,['CAMERA_1'],"{'CAMERA_1': ['weight'], 'CAMERA_2': [], 'CAMERA_3': []}",C_SILENT_OR_BACKCHANNEL,CAMERA_1,NONE,okay great let's take care of business,PRESENT_X,CAMERA_1,S_INTRODUCES_FEATURE,CAMERA_1,weight,This one weighs 800 grams.,PRESENT_X,CAMERA_1,16~25
727,5,CAMERA_1,['CAMERA_1'],"{'CAMERA_1': ['weight', 'settings'], 'CAMERA_2': [], 'CAMERA_3': []}",C_SILENT_OR_BACKCHANNEL,CAMERA_1,NONE,IC,PRESENT_X,CAMERA_1,S_INTRODUCES_FEATURE,CAMERA_1,settings,This one has limited manual settings.,PRESENT_X,CAMERA_1,13~36
727,6,CAMERA_1,['CAMERA_1'],"{'CAMERA_1': ['weight', 'settings', 'optical_zoom'], 'CAMERA_2': [], 'CAMERA_3': []}",C_SILENT_OR_BACKCHANNEL,CAMERA_1,NONE,yes but it didn't take really nice pictures the detail was pretty bad and so was the colors,PRESENT_X,CAMERA_1,S_INTRODUCES_FEATURE,CAMERA_1,optical_zoom,This one has 21x optical zoom.,PRESENT_X,CAMERA_1,13~29
727,7,CAMERA_1,['CAMERA_1'],"{'CAMERA_1': ['weight', 'settings', 'optical_zoom', 'resolution'], 'CAMERA_2': [], 'CAMERA_3': []}",C_QUESTION_ABOUT_FEATURE,CAMERA_1,resolution,how many megapixels is this camera,PRESENT_X,CAMERA_1,S_ANSWERS_QUESTION_ABOUT_FEATURE,CAMERA_1,resolution,This one has 17.8 megapixels resolution.,PRESENT_X,CAMERA_1,13~28
727,8,CAMERA_1,['CAMERA_1'],"{'CAMERA_1': ['weight', 'settings', 'optical_zoom', 'resolution', 'color'], 'CAMERA_2': [], 'CAMERA_3': []}",C_QUESTION_ABOUT_FEATURE,CAMERA_1,color,really ok and what colors does it come in,PRESENT_X,CAMERA_1,S_ANSWERS_QUESTION_ABOUT_FEATURE,CAMERA_1,color,This one comes in blue or black.,PRESENT_X,CAMERA_1,18~31
727,9,CAMERA_3,"['CAMERA_1', 'CAMERA_3']","{'CAMERA_1': ['weight', 'settings', 'optical_zoom', 'resolution', 'color'], 'CAMERA_2': [], 'CAMERA_3': []}",C_ANYTHING_ELSE_AVAILABLE,CAMERA_1,NONE,that's good that's okay I like it when do you have other models in this area,PRESENT_X,CAMERA_1,S_INTRODUCES_CAMERA,CAMERA_3,,Let me show you this. Here we have the Fujifilm PowerShot ELPH S2800.,PRESENT_X,CAMERA_3,39~68
727,10,CAMERA_3,"['CAMERA_1', 'CAMERA_3']","{'CAMERA_1': ['weight', 'settings', 'optical_zoom', 'resolution', 'color'], 'CAMERA_2': [], 'CAMERA_3': ['long_exposure']}",C_QUESTION_ABOUT_FEATURE,CAMERA_3,long_exposure,for the exposure of this one is it the same as the other one,PRESENT_X,CAMERA_3,S_ANSWERS_QUESTION_ABOUT_FEATURE,CAMERA_3,long_exposure,This one can take long exposures up to 30 minutes max with bulb mode.,PRESENT_X,CAMERA_3,39~68
727,11,CAMERA_3,"['CAMERA_1', 'CAMERA_3']","{'CAMERA_1': ['weight', 'settings', 'optical_zoom', 'resolution', 'color'], 'CAMERA_2': [], 'CAMERA_3': ['long_exposure', 'preset_modes']}",C_SILENT_OR_BACKCHANNEL,CAMERA_3,NONE,okay,PRESENT_X,CAMERA_3,S_INTRODUCES_FEATURE,CAMERA_3,preset_modes,This one has various preset modes.,PRESENT_X,CAMERA_3,13~33
727,12,CAMERA_3,"['CAMERA_1', 'CAMERA_3']","{'CAMERA_1': ['weight', 'settings', 'optical_zoom', 'resolution', 'color'], 'CAMERA_2': [], 'CAMERA_3': ['long_exposure', 'preset_modes', 'effects']}",C_SILENT_OR_BACKCHANNEL,CAMERA_3,NONE,IC,PRESENT_X,CAMERA_3,S_INTRODUCES_FEATURE,CAMERA_3,effects,"This one has 21 photo effects (small face, retro, big eyes, etc.).",PRESENT_X,CAMERA_3,13~65
727,13,CAMERA_3,"['CAMERA_1', 'CAMERA_3']","{'CAMERA_1': ['weight', 'settings', 'optical_zoom', 'resolution', 'color'], 'CAMERA_2': [], 'CAMERA_3': ['long_exposure', 'preset_modes', 'effects', 'autofocus_points']}",C_SILENT_OR_BACKCHANNEL,CAMERA_3,NONE,looks very good,PRESENT_X,CAMERA_3,S_INTRODUCES_FEATURE,CAMERA_3,autofocus_points,This one has 214 autofocus points.,PRESENT_X,CAMERA_3,13~33
727,14,CAMERA_3,"['CAMERA_1', 'CAMERA_3']","{'CAMERA_1': ['weight', 'settings', 'optical_zoom', 'resolution', 'color'], 'CAMERA_2': [], 'CAMERA_3': ['long_exposure', 'preset_modes', 'effects', 'autofocus_points', 'sensor_size']}",C_SILENT_OR_BACKCHANNEL,CAMERA_3,NONE,that's pretty funky,PRESENT_X,CAMERA_3,S_INTRODUCES_FEATURE,CAMERA_3,sensor_size,This one has a full frame.,PRESENT_X,CAMERA_3,15~25
727,15,CAMERA_3,"['CAMERA_1', 'CAMERA_3']","{'CAMERA_1': ['weight', 'settings', 'optical_zoom', 'resolution', 'color'], 'CAMERA_2': [], 'CAMERA_3': ['long_exposure', 'preset_modes', 'effects', 'autofocus_points', 'sensor_size', 'color']}",C_QUESTION_ABOUT_FEATURE,CAMERA_3,color,is there any other colors,PRESENT_X,CAMERA_3,S_ANSWERS_QUESTION_ABOUT_FEATURE,CAMERA_3,color,"This one comes in purple, white, silver, blue, red, or pink.",PRESENT_X,CAMERA_3,18~59
727,16,CAMERA_2,"['CAMERA_1', 'CAMERA_3', 'CAMERA_2']","{'CAMERA_1': ['weight', 'settings', 'optical_zoom', 'resolution', 'color'], 'CAMERA_2': [], 'CAMERA_3': ['long_exposure', 'preset_modes', 'effects', 'autofocus_points', 'sensor_size', 'color']}",C_ANYTHING_ELSE_AVAILABLE,CAMERA_3,NONE,that's good that's okay I like it when do you have other models in this area,PRESENT_X,CAMERA_3,S_INTRODUCES_CAMERA,CAMERA_2,,Let me show you this. Here we have the Fujifilm Lumix ILC Camera.,PRESENT_X,CAMERA_2,39~64
727,17,CAMERA_2,"['CAMERA_1', 'CAMERA_3', 'CAMERA_2']","{'CAMERA_1': ['weight', 'settings', 'optical_zoom', 'resolution', 'color'], 'CAMERA_2': ['price'], 'CAMERA_3': ['long_exposure', 'preset_modes', 'effects', 'autofocus_points', 'sensor_size', 'color']}",C_SILENT_OR_BACKCHANNEL,CAMERA_2,NONE,ok,PRESENT_X,CAMERA_2,S_INTRODUCES_FEATURE,CAMERA_2,price,This one costs $768.,PRESENT_X,CAMERA_2,15~19
727,18,NONE,"['CAMERA_1', 'CAMERA_3', 'CAMERA_2']","{'CAMERA_1': ['weight', 'settings', 'optical_zoom', 'resolution', 'color'], 'CAMERA_2': ['price'], 'CAMERA_3': ['long_exposure', 'preset_modes', 'effects', 'autofocus_points', 'sensor_size', 'color']}",C_THANK_YOU,CAMERA_2,NONE,thank you for your support,PRESENT_X,CAMERA_2,S_THANK_YOU,CAMERA_2,NONE,thank you very much.,FACE_TO_FACE,NONE,
727,19,NONE,"['CAMERA_1', 'CAMERA_3', 'CAMERA_2']","{'CAMERA_1': ['weight', 'settings', 'optical_zoom', 'resolution', 'color'], 'CAMERA_2': ['price'], 'CAMERA_3': ['long_exposure', 'preset_modes', 'effects', 'autofocus_points', 'sensor_size', 'color']}",C_LEAVES,DOOR,NONE,,FACE_TO_FACE,NONE,S_RETURNS_TO_COUNTER,SERVICE_COUNTER,NONE,,WAITING,NONE,
728,1,NONE,[],"{'CAMERA_1': [], 'CAMERA_2': [], 'CAMERA_3': []}",C_ENTERS,DOOR,NONE,,WAITING,NONE,S_NONE,SERVICE_COUNTER,NONE,,WAITING,NONE,
728,2,NONE,[],"{'CAMERA_1': [], 'CAMERA_2': [], 'CAMERA_3': []}",C_WALKS_TO_CAMERA,CAMERA_1,NONE,,WAITING,NONE,S_NONE,SERVICE_COUNTER,NONE,,WAITING,NONE,
728,3,NONE,[],"{'CAMERA_1': [], 'CAMERA_2': [], 'CAMERA_3': []}",C_EXAMINES_CAMERA,CAMERA_1,NONE,,WAITING,NONE,S_GREETS,CAMERA_1,NONE,can I help you?,FACE_TO_FACE,NONE,
728,4,CAMERA_1,['CAMERA_1'],"{'CAMERA_1': [], 'CAMERA_2': [], 'CAMERA_3': []}",C_LOOKING_FOR_A_CAMERA,CAMERA_1,NONE,I am looking for a camera that is reasonably priced but it's delicious the same time,FACE_TO_FACE,NONE,S_INTRODUCES_CAMERA,CAMERA_1,,Let me show you this. Here we have the Sony PowerShot ELPH DMC-ZS3.,PRESENT_X,CAMERA_1,39~66
728,5,CAMERA_1,['CAMERA_1'],"{'CAMERA_1': ['weight'], 'CAMERA_2': [], 'CAMERA_3': []}",C_QUESTION_ABOUT_FEATURE,CAMERA_1,weight,how much does a swan weigh,PRESENT_X,CAMERA_1,S_ANSWERS_QUESTION_ABOUT_FEATURE,CAMERA_1,weight,This one weighs 800 grams.,PRESENT_X,CAMERA_1,16~25
728,6,NONE,['CAMERA_1'],"{'CAMERA_1': ['weight'], 'CAMERA_2': [], 'CAMERA_3': []}",C_THANK_YOU,CAMERA_1,NONE,okay thank you thank you very much,PRESENT_X,CAMERA_1,S_THANK_YOU,CAMERA_1,NONE,thank you very much.,FACE_TO_FACE,NONE,
728,7,NONE,['CAMERA_1'],"{'CAMERA_1': ['weight'], 'CAMERA_2': [], 'CAMERA_3': []}",C_LEAVES,DOOR,NONE,,FACE_TO_FACE,NONE,S_RETURNS_TO_COUNTER,SERVICE_COUNTER,NONE,,WAITING,NONE,
729,1,NONE,[],"{'CAMERA_1': [], 'CAMERA_2': [], 'CAMERA_3': []}",C_ENTERS,DOOR,NONE,,WAITING,NONE,S_NONE,SERVICE_COUNTER,NONE,,WAITING,NONE,
729,2,NONE,[],"{'CAMERA_1': [], 'CAMERA_2': [], 'CAMERA_3': []}",C_GREETS,MIDDLE,NONE,I'm sorry excuse me,WAITING,NONE,S_GREETS,MIDDLE,NONE,can I help you?,FACE_TO_FACE,NONE,
729,3,CAMERA_2,['CAMERA_2'],"{'CAMERA_1': [], 'CAMERA_2': [], 'CAMERA_3': []}",C_LOOKING_FOR_A_CAMERA,MIDDLE,NONE,I am looking to take take pictures with a camera,FACE_TO_FACE,NONE,S_INTRODUCES_CAMERA,CAMERA_2,,Let me show you this. Here we have the Fujifilm Lumix ILC Camera.,PRESENT_X,CAMERA_2,39~64
729,4,CAMERA_2,['CAMERA_2'],"{'CAMERA_1': [], 'CAMERA_2': ['sensor_size'], 'CAMERA_3': []}",C_SILENT_OR_BACKCHANNEL,CAMERA_2,NONE,wow that's really interesting ,PRESENT_X,CAMERA_2,S_INTRODUCES_FEATURE,CAMERA_2,sensor_size,This one has a 1/2.33 inch sensor.,PRESENT_X,CAMERA_2,15~33
729,5,CAMERA_2,['CAMERA_2'],"{'CAMERA_1': [], 'CAMERA_2': ['sensor_size', 'weight'], 'CAMERA_3': []}",C_QUESTION_ABOUT_FEATURE,CAMERA_2,weight,what is the weight of this camera,PRESENT_X,CAMERA_2,S_ANSWERS_QUESTION_ABOUT_FEATURE,CAMERA_2,weight,This one weighs 820 grams.,PRESENT_X,CAMERA_2,16~25
729,6,CAMERA_2,['CAMERA_2'],"{'CAMERA_1': [], 'CAMERA_2': ['sensor_size', 'weight', 'optical_zoom'], 'CAMERA_3': []}",C_SILENT_OR_BACKCHANNEL,CAMERA_2,NONE,IC,PRESENT_X,CAMERA_2,S_INTRODUCES_FEATURE,CAMERA_2,optical_zoom,This one has 21x optical zoom.,PRESENT_X,CAMERA_2,13~29
729,7,CAMERA_2,['CAMERA_2'],"{'CAMERA_1': [], 'CAMERA_2': ['sensor_size', 'weight', 'optical_zoom', 'effects'], 'CAMERA_3': []}",C_QUESTION_ABOUT_FEATURE,CAMERA_2,effects,okay good I'm going to take this as autistic effect mode what does that mean exactly,PRESENT_X,CAMERA_2,S_ANSWERS_QUESTION_ABOUT_FEATURE,CAMERA_2,effects,"This one has 24 artistic effect modes (retro, lighter or darker skin tones, sepia, etc.).",PRESENT_X,CAMERA_2,13~88
729,8,CAMERA_2,['CAMERA_2'],"{'CAMERA_1': [], 'CAMERA_2': ['sensor_size', 'weight', 'optical_zoom', 'effects', 'camera_type'], 'CAMERA_3': []}",C_SILENT_OR_BACKCHANNEL,CAMERA_2,NONE,sounds great,PRESENT_X,CAMERA_2,S_INTRODUCES_FEATURE,CAMERA_2,camera_type,This is a digital single lens mirrorless camera.,PRESENT_X,CAMERA_2,10~40
729,9,CAMERA_2,['CAMERA_2'],"{'CAMERA_1': [], 'CAMERA_2': ['sensor_size', 'weight', 'optical_zoom', 'effects', 'camera_type', 'color'], 'CAMERA_3': []}",C_QUESTION_ABOUT_FEATURE,CAMERA_2,color,oh yeah it's it's like what do you have anything on it or any other colors,PRESENT_X,CAMERA_2,S_ANSWERS_QUESTION_ABOUT_FEATURE,CAMERA_2,color,This one comes in white or pink.,PRESENT_X,CAMERA_2,18~31
729,10,NONE,['CAMERA_2'],"{'CAMERA_1': [], 'CAMERA_2': ['sensor_size', 'weight', 'optical_zoom', 'effects', 'camera_type', 'color'], 'CAMERA_3': []}",C_THANK_YOU,CAMERA_2,NONE,thank you very much for your help,PRESENT_X,CAMERA_2,S_THANK_YOU,CAMERA_2,NONE,thank you very much.,FACE_TO_FACE,NONE,
729,11,NONE,['CAMERA_2'],"{'CAMERA_1': [], 'CAMERA_2': ['sensor_size', 'weight', 'optical_zoom', 'effects', 'camera_type', 'color'], 'CAMERA_3': []}",C_LEAVES,DOOR,NONE,,FACE_TO_FACE,NONE,S_RETURNS_TO_COUNTER,SERVICE_COUNTER,NONE,,WAITING,NONE,
730,1,NONE,[],"{'CAMERA_1': [], 'CAMERA_2': [], 'CAMERA_3': []}",C_ENTERS,DOOR,NONE,,WAITING,NONE,S_NONE,SERVICE_COUNTER,NONE,,WAITING,NONE,
730,2,NONE,[],"{'CAMERA_1': [], 'CAMERA_2': [], 'CAMERA_3': []}",C_GREETS,MIDDLE,NONE,kiss me,WAITING,NONE,S_GREETS,MIDDLE,NONE,can I help you?,FACE_TO_FACE,NONE,
730,3,CAMERA_3,['CAMERA_3'],"{'CAMERA_1': [], 'CAMERA_2': [], 'CAMERA_3': []}",C_LOOKING_FOR_A_CAMERA,MIDDLE,NONE,I want to take a look at your cameras,FACE_TO_FACE,NONE,S_INTRODUCES_CAMERA,CAMERA_3,,Let me show you this. Here we have the Fujifilm PowerShot ELPH S2800.,PRESENT_X,CAMERA_3,39~68
730,4,CAMERA_3,['CAMERA_3'],"{'CAMERA_1': [], 'CAMERA_2': [], 'CAMERA_3': ['color']}",C_QUESTION_ABOUT_FEATURE,CAMERA_3,color,Does this one come in any other color,PRESENT_X,CAMERA_3,S_ANSWERS_QUESTION_ABOUT_FEATURE,CAMERA_3,color,"This one comes in purple, white, silver, blue, red, or pink.",PRESENT_X,CAMERA_3,18~59
730,5,CAMERA_3,['CAMERA_3'],"{'CAMERA_1': [], 'CAMERA_2': [], 'CAMERA_3': ['color', 'autofocus_points']}",C_QUESTION_ABOUT_FEATURE,CAMERA_3,autofocus_points,oh I see and what about the autofocus points and the ISO,PRESENT_X,CAMERA_3,S_ANSWERS_QUESTION_ABOUT_FEATURE,CAMERA_3,autofocus_points,This one has 214 autofocus points.,PRESENT_X,CAMERA_3,13~33
730,6,CAMERA_3,['CAMERA_3'],"{'CAMERA_1': [], 'CAMERA_2': [], 'CAMERA_3': ['color', 'autofocus_points', 'price']}",C_QUESTION_ABOUT_FEATURE,CAMERA_3,price,how much is this,PRESENT_X,CAMERA_3,S_ANSWERS_QUESTION_ABOUT_FEATURE,CAMERA_3,price,This one costs $518.,PRESENT_X,CAMERA_3,15~19
730,7,CAMERA_3,['CAMERA_3'],"{'CAMERA_1': [], 'CAMERA_2': [], 'CAMERA_3': ['color', 'autofocus_points', 'price', 'ISO']}",C_QUESTION_ABOUT_FEATURE,CAMERA_3,ISO,I see and what about the ISO,PRESENT_X,CAMERA_3,S_ANSWERS_QUESTION_ABOUT_FEATURE,CAMERA_3,ISO,This one has up to 3200 ISO with little noise.,PRESENT_X,CAMERA_3,13~45
730,8,CAMERA_3,['CAMERA_3'],"{'CAMERA_1': [], 'CAMERA_2': [], 'CAMERA_3': ['color', 'autofocus_points', 'price', 'ISO', 'weight']}",C_SILENT_OR_BACKCHANNEL,CAMERA_3,NONE,I said uh,PRESENT_X,CAMERA_3,S_INTRODUCES_FEATURE,CAMERA_3,weight,This one weighs 820 grams.,PRESENT_X,CAMERA_3,16~25
730,9,NONE,['CAMERA_3'],"{'CAMERA_1': [], 'CAMERA_2': [], 'CAMERA_3': ['color', 'autofocus_points', 'price', 'ISO', 'weight']}",C_THANK_YOU,CAMERA_3,NONE,I could work with something that yeah okay thanks for your help,PRESENT_X,CAMERA_3,S_THANK_YOU,CAMERA_3,NONE,thank you very much.,FACE_TO_FACE,NONE,
730,10,NONE,['CAMERA_3'],"{'CAMERA_1': [], 'CAMERA_2': [], 'CAMERA_3': ['color', 'autofocus_points', 'price', 'ISO', 'weight']}",C_LEAVES,DOOR,NONE,,FACE_TO_FACE,NONE,S_RETURNS_TO_COUNTER,SERVICE_COUNTER,NONE,,WAITING,NONE,
731,1,NONE,[],"{'CAMERA_1': [], 'CAMERA_2': [], 'CAMERA_3': []}",C_ENTERS,DOOR,NONE,,WAITING,NONE,S_NONE,SERVICE_COUNTER,NONE,,WAITING,NONE,
731,2,NONE,[],"{'CAMERA_1': [], 'CAMERA_2': [], 'CAMERA_3': []}",C_GREETS,MIDDLE,NONE,excuse me sir can you help me,WAITING,NONE,S_GREETS,MIDDLE,NONE,can I help you?,FACE_TO_FACE,NONE,
731,3,CAMERA_2,['CAMERA_2'],"{'CAMERA_1': [], 'CAMERA_2': [], 'CAMERA_3': []}",C_LOOKING_FOR_A_CAMERA,MIDDLE,NONE,hi good afternoon I'm looking to buy a new camera,FACE_TO_FACE,NONE,S_INTRODUCES_CAMERA,CAMERA_2,,Let me show you this. Here we have the Fujifilm Lumix ILC Camera.,PRESENT_X,CAMERA_2,39~64
731,4,CAMERA_2,['CAMERA_2'],"{'CAMERA_1': [], 'CAMERA_2': ['effects'], 'CAMERA_3': []}",C_QUESTION_ABOUT_FEATURE,CAMERA_2,effects,and how does the artistic effect Mode work,PRESENT_X,CAMERA_2,S_ANSWERS_QUESTION_ABOUT_FEATURE,CAMERA_2,effects,"This one has 24 artistic effect modes (retro, lighter or darker skin tones, sepia, etc.).",PRESENT_X,CAMERA_2,13~88
731,5,CAMERA_2,['CAMERA_2'],"{'CAMERA_1': [], 'CAMERA_2': ['effects', 'weight'], 'CAMERA_3': []}",C_QUESTION_ABOUT_FEATURE,CAMERA_2,weight,and this is very heavy will it fit in the pus okay,PRESENT_X,CAMERA_2,S_ANSWERS_QUESTION_ABOUT_FEATURE,CAMERA_2,weight,This one weighs 820 grams.,PRESENT_X,CAMERA_2,16~25
731,6,CAMERA_2,['CAMERA_2'],"{'CAMERA_1': [], 'CAMERA_2': ['effects', 'weight', 'autofocus_points'], 'CAMERA_3': []}",C_QUESTION_ABOUT_FEATURE,CAMERA_2,autofocus_points,how many autofocus points does it have,PRESENT_X,CAMERA_2,S_NOT_SURE,CAMERA_2,,I'm not really sure about that.,PRESENT_X,CAMERA_2,
731,7,CAMERA_2,['CAMERA_2'],"{'CAMERA_1': [], 'CAMERA_2': ['effects', 'weight', 'autofocus_points', 'optical_zoom'], 'CAMERA_3': []}",C_QUESTION_ABOUT_FEATURE,CAMERA_2,optical_zoom,how about the optical zoom,PRESENT_X,CAMERA_2,S_ANSWERS_QUESTION_ABOUT_FEATURE,CAMERA_2,optical_zoom,This one has 21x optical zoom.,PRESENT_X,CAMERA_2,13~29
731,8,CAMERA_2,['CAMERA_2'],"{'CAMERA_1': [], 'CAMERA_2': ['effects', 'weight', 'autofocus_points', 'optical_zoom', 'price'], 'CAMERA_3': []}",C_QUESTION_ABOUT_FEATURE,CAMERA_2,price,how much Freedom do I get when using this camera,PRESENT_X,CAMERA_2,S_ANSWERS_QUESTION_ABOUT_FEATURE,CAMERA_2,price,This one costs $768.,PRESENT_X,CAMERA_2,15~19
731,9,CAMERA_2,['CAMERA_2'],"{'CAMERA_1': [], 'CAMERA_2': ['effects', 'weight', 'autofocus_points', 'optical_zoom', 'price', 'color'], 'CAMERA_3': []}",C_QUESTION_ABOUT_FEATURE,CAMERA_2,color,and it comes in different colors,PRESENT_X,CAMERA_2,S_ANSWERS_QUESTION_ABOUT_FEATURE,CAMERA_2,color,This one comes in white or pink.,PRESENT_X,CAMERA_2,18~31
731,10,CAMERA_2,['CAMERA_2'],"{'CAMERA_1': [], 'CAMERA_2': ['effects', 'weight', 'autofocus_points', 'optical_zoom', 'price', 'color', 'long_exposure'], 'CAMERA_3': []}",C_SILENT_OR_BACKCHANNEL,CAMERA_2,NONE,sounds good,PRESENT_X,CAMERA_2,S_INTRODUCES_FEATURE,CAMERA_2,long_exposure,This one can take long exposures up to 60 minutes max with bulb mode.,PRESENT_X,CAMERA_2,39~68
731,11,NONE,['CAMERA_2'],"{'CAMERA_1': [], 'CAMERA_2': ['effects', 'weight', 'autofocus_points', 'optical_zoom', 'price', 'color', 'long_exposure'], 'CAMERA_3': []}",C_THANK_YOU,CAMERA_2,NONE,thank you,PRESENT_X,CAMERA_2,S_THANK_YOU,CAMERA_2,NONE,thank you very much.,FACE_TO_FACE,NONE,
731,12,NONE,['CAMERA_2'],"{'CAMERA_1': [], 'CAMERA_2': ['effects', 'weight', 'autofocus_points', 'optical_zoom', 'price', 'color', 'long_exposure'], 'CAMERA_3': []}",C_LEAVES,DOOR,NONE,,FACE_TO_FACE,NONE,S_RETURNS_TO_COUNTER,SERVICE_COUNTER,NONE,,WAITING,NONE,
732,1,NONE,[],"{'CAMERA_1': [], 'CAMERA_2': [], 'CAMERA_3': []}",C_ENTERS,DOOR,NONE,,WAITING,NONE,S_NONE,SERVICE_COUNTER,NONE,,WAITING,NONE,
732,2,NONE,[],"{'CAMERA_1': [], 'CAMERA_2': [], 'CAMERA_3': []}",C_GREETS,MIDDLE,NONE,hello,WAITING,NONE,S_GREETS,MIDDLE,NONE,can I help you?,FACE_TO_FACE,NONE,
732,3,CAMERA_3,['CAMERA_3'],"{'CAMERA_1': [], 'CAMERA_2': [], 'CAMERA_3': []}",C_LOOKING_FOR_A_CAMERA,MIDDLE,NONE,I'm just here looking at the new cameras at your home,FACE_TO_FACE,NONE,S_INTRODUCES_CAMERA,CAMERA_3,,Let me show you this. Here we have the Fujifilm PowerShot ELPH S2800.,PRESENT_X,CAMERA_3,39~68
732,4,CAMERA_3,['CAMERA_3'],"{'CAMERA_1': [], 'CAMERA_2': [], 'CAMERA_3': ['price']}",C_QUESTION_ABOUT_FEATURE,CAMERA_3,price,how much does it cost,PRESENT_X,CAMERA_3,S_ANSWERS_QUESTION_ABOUT_FEATURE,CAMERA_3,price,This one costs $518.,PRESENT_X,CAMERA_3,15~19
732,5,CAMERA_3,['CAMERA_3'],"{'CAMERA_1': [], 'CAMERA_2': [], 'CAMERA_3': ['price', 'weight']}",C_QUESTION_ABOUT_FEATURE,CAMERA_3,weight,what is the weight on on this,PRESENT_X,CAMERA_3,S_ANSWERS_QUESTION_ABOUT_FEATURE,CAMERA_3,weight,This one weighs 820 grams.,PRESENT_X,CAMERA_3,16~25
732,6,CAMERA_3,['CAMERA_3'],"{'CAMERA_1': [], 'CAMERA_2': [], 'CAMERA_3': ['price', 'weight', 'effects']}",C_QUESTION_ABOUT_FEATURE,CAMERA_3,effects,can you explain the artistic effects modes available with this one,PRESENT_X,CAMERA_3,S_ANSWERS_QUESTION_ABOUT_FEATURE,CAMERA_3,effects,"This one has 21 photo effects (small face, retro, big eyes, etc.).",PRESENT_X,CAMERA_3,13~65
732,7,CAMERA_3,['CAMERA_3'],"{'CAMERA_1': [], 'CAMERA_2': [], 'CAMERA_3': ['price', 'weight', 'effects', 'ISO']}",C_QUESTION_ABOUT_FEATURE,CAMERA_3,ISO,does it have good ISO,PRESENT_X,CAMERA_3,S_ANSWERS_QUESTION_ABOUT_FEATURE,CAMERA_3,ISO,This one has up to 3200 ISO with little noise.,PRESENT_X,CAMERA_3,13~45
732,8,CAMERA_3,['CAMERA_3'],"{'CAMERA_1': [], 'CAMERA_2': [], 'CAMERA_3': ['price', 'weight', 'effects', 'ISO', 'sensor_size']}",C_SILENT_OR_BACKCHANNEL,CAMERA_3,NONE,IC,PRESENT_X,CAMERA_3,S_INTRODUCES_FEATURE,CAMERA_3,sensor_size,This one has a full frame.,PRESENT_X,CAMERA_3,15~25
732,9,NONE,['CAMERA_3'],"{'CAMERA_1': [], 'CAMERA_2': [], 'CAMERA_3': ['price', 'weight', 'effects', 'ISO', 'sensor_size']}",C_THANK_YOU,CAMERA_3,NONE,that sounds good okay thank you,PRESENT_X,CAMERA_3,S_THANK_YOU,CAMERA_3,NONE,thank you very much.,FACE_TO_FACE,NONE,
732,10,NONE,['CAMERA_3'],"{'CAMERA_1': [], 'CAMERA_2': [], 'CAMERA_3': ['price', 'weight', 'effects', 'ISO', 'sensor_size']}",C_LEAVES,DOOR,NONE,,FACE_TO_FACE,NONE,S_RETURNS_TO_COUNTER,SERVICE_COUNTER,NONE,,WAITING,NONE,
733,1,NONE,[],"{'CAMERA_1': [], 'CAMERA_2': [], 'CAMERA_3': []}",C_ENTERS,DOOR,NONE,,WAITING,NONE,S_NONE,SERVICE_COUNTER,NONE,,WAITING,NONE,
733,2,NONE,[],"{'CAMERA_1': [], 'CAMERA_2': [], 'CAMERA_3': []}",C_GREETS,MIDDLE,NONE,hi,WAITING,NONE,S_GREETS,MIDDLE,NONE,can I help you?,FACE_TO_FACE,NONE,
733,3,CAMERA_3,['CAMERA_3'],"{'CAMERA_1': [], 'CAMERA_2': [], 'CAMERA_3': []}",C_LOOKING_FOR_A_CAMERA,MIDDLE,NONE,anyone would do I'm just trying to get a camera real fast,FACE_TO_FACE,NONE,S_INTRODUCES_CAMERA,CAMERA_3,,Let me show you this. Here we have the Fujifilm PowerShot ELPH S2800.,PRESENT_X,CAMERA_3,39~68
733,4,CAMERA_3,['CAMERA_3'],"{'CAMERA_1': [], 'CAMERA_2': [], 'CAMERA_3': ['ISO']}",C_QUESTION_ABOUT_FEATURE,CAMERA_3,ISO,ISO option is,PRESENT_X,CAMERA_3,S_ANSWERS_QUESTION_ABOUT_FEATURE,CAMERA_3,ISO,This one has up to 3200 ISO with little noise.,PRESENT_X,CAMERA_3,13~45
733,5,CAMERA_2,"['CAMERA_3', 'CAMERA_2']","{'CAMERA_1': [], 'CAMERA_2': [], 'CAMERA_3': ['ISO']}",C_ANYTHING_ELSE_AVAILABLE,CAMERA_3,NONE,oh I see that's very interesting do you have any other cameras that you can recommend me,PRESENT_X,CAMERA_3,S_INTRODUCES_CAMERA,CAMERA_2,,Let me show you this. Here we have the Fujifilm Lumix ILC Camera.,PRESENT_X,CAMERA_2,39~64
733,6,CAMERA_2,"['CAMERA_3', 'CAMERA_2']","{'CAMERA_1': [], 'CAMERA_2': ['weight'], 'CAMERA_3': ['ISO']}",C_QUESTION_ABOUT_FEATURE,CAMERA_2,weight,anything how much does it weight,PRESENT_X,CAMERA_2,S_ANSWERS_QUESTION_ABOUT_FEATURE,CAMERA_2,weight,This one weighs 820 grams.,PRESENT_X,CAMERA_2,16~25
733,7,NONE,"['CAMERA_3', 'CAMERA_2']","{'CAMERA_1': [], 'CAMERA_2': ['weight'], 'CAMERA_3': ['ISO']}",C_THANK_YOU,CAMERA_2,NONE,ok thanks,PRESENT_X,CAMERA_2,S_THANK_YOU,CAMERA_2,NONE,thank you very much.,FACE_TO_FACE,NONE,
733,8,NONE,"['CAMERA_3', 'CAMERA_2']","{'CAMERA_1': [], 'CAMERA_2': ['weight'], 'CAMERA_3': ['ISO']}",C_LEAVES,DOOR,NONE,,FACE_TO_FACE,NONE,S_RETURNS_TO_COUNTER,SERVICE_COUNTER,NONE,,WAITING,NONE,
734,1,NONE,[],"{'CAMERA_1': [], 'CAMERA_2': [], 'CAMERA_3': []}",C_ENTERS,DOOR,NONE,,WAITING,NONE,S_NONE,SERVICE_COUNTER,NONE,,WAITING,NONE,
734,2,NONE,[],"{'CAMERA_1': [], 'CAMERA_2': [], 'CAMERA_3': []}",C_WALKS_TO_CAMERA,CAMERA_1,NONE,,WAITING,NONE,S_GREETS,CAMERA_1,NONE,can I help you?,FACE_TO_FACE,NONE,
734,3,CAMERA_1,['CAMERA_1'],"{'CAMERA_1': [], 'CAMERA_2': [], 'CAMERA_3': []}",C_LOOKING_FOR_A_CAMERA,CAMERA_1,NONE,I'm just looking around,FACE_TO_FACE,NONE,S_INTRODUCES_CAMERA,CAMERA_1,,Let me show you this. Here we have the Sony PowerShot ELPH DMC-ZS3.,PRESENT_X,CAMERA_1,39~66
734,4,CAMERA_1,['CAMERA_1'],"{'CAMERA_1': ['weight'], 'CAMERA_2': [], 'CAMERA_3': []}",C_QUESTION_ABOUT_FEATURE,CAMERA_1,weight,how about the weight you know recently I getting older I don't want to have to a heavy camera,PRESENT_X,CAMERA_1,S_ANSWERS_QUESTION_ABOUT_FEATURE,CAMERA_1,weight,This one weighs 800 grams.,PRESENT_X,CAMERA_1,16~25
734,5,CAMERA_1,['CAMERA_1'],"{'CAMERA_1': ['weight', 'long_exposure'], 'CAMERA_2': [], 'CAMERA_3': []}",C_SILENT_OR_BACKCHANNEL,CAMERA_1,NONE,interesting,PRESENT_X,CAMERA_1,S_INTRODUCES_FEATURE,CAMERA_1,long_exposure,This one can take long exposures up to up to 15 seconds with Long Shutter Mode.,PRESENT_X,CAMERA_1,39~78
734,6,CAMERA_1,['CAMERA_1'],"{'CAMERA_1': ['weight', 'long_exposure', 'effects'], 'CAMERA_2': [], 'CAMERA_3': []}",C_QUESTION_ABOUT_FEATURE,CAMERA_1,effects,what about artistic effect or something,PRESENT_X,CAMERA_1,S_ANSWERS_QUESTION_ABOUT_FEATURE,CAMERA_1,effects,"This one has 24 glamor retouch effects (miniature, retro, toy camera, etc.).",PRESENT_X,CAMERA_1,13~75
734,7,CAMERA_1,['CAMERA_1'],"{'CAMERA_1': ['weight', 'long_exposure', 'effects', 'resolution'], 'CAMERA_2': [], 'CAMERA_3': []}",C_QUESTION_ABOUT_FEATURE,CAMERA_1,resolution,you know all the mega pixels in the resume sounds pretty good to me I'm looking for something and lights as well so I think I'll go for the second one,PRESENT_X,CAMERA_1,S_ANSWERS_QUESTION_ABOUT_FEATURE,CAMERA_1,resolution,This one has 17.8 megapixels resolution.,PRESENT_X,CAMERA_1,13~28
734,8,CAMERA_1,['CAMERA_1'],"{'CAMERA_1': ['weight', 'long_exposure', 'effects', 'resolution', 'color'], 'CAMERA_2': [], 'CAMERA_3': []}",C_QUESTION_ABOUT_FEATURE,CAMERA_1,color,does it come in any colors close to White,PRESENT_X,CAMERA_1,S_ANSWERS_QUESTION_ABOUT_FEATURE,CAMERA_1,color,This one comes in blue or black.,PRESENT_X,CAMERA_1,18~31
734,9,CAMERA_1,['CAMERA_1'],"{'CAMERA_1': ['weight', 'long_exposure', 'effects', 'resolution', 'color', 'preset_modes'], 'CAMERA_2': [], 'CAMERA_3': []}",C_QUESTION_ABOUT_FEATURE,CAMERA_1,preset_modes,is the other one with menu settings is that lighter or heavier than its camera,PRESENT_X,CAMERA_1,S_NOT_SURE,CAMERA_1,,I'm not really sure about that.,PRESENT_X,CAMERA_1,
734,10,CAMERA_1,['CAMERA_1'],"{'CAMERA_1': ['weight', 'long_exposure', 'effects', 'resolution', 'color', 'preset_modes', 'sensor_size'], 'CAMERA_2': [], 'CAMERA_3': []}",C_QUESTION_ABOUT_FEATURE,CAMERA_1,sensor_size,what about the sensor size,PRESENT_X,CAMERA_1,S_ANSWERS_QUESTION_ABOUT_FEATURE,CAMERA_1,sensor_size,This one has a 1/2.3 inch CMOS sensor.,PRESENT_X,CAMERA_1,15~37
734,11,CAMERA_1,['CAMERA_1'],"{'CAMERA_1': ['weight', 'long_exposure', 'effects', 'resolution', 'color', 'preset_modes', 'sensor_size', 'autofocus_points'], 'CAMERA_2': [], 'CAMERA_3': []}",C_QUESTION_ABOUT_FEATURE,CAMERA_1,autofocus_points,how many auto focus points does this one have again,PRESENT_X,CAMERA_1,S_ANSWERS_QUESTION_ABOUT_FEATURE,CAMERA_1,autofocus_points,This one has 135 autofocus points.,PRESENT_X,CAMERA_1,13~33
734,12,CAMERA_1,['CAMERA_1'],"{'CAMERA_1': ['weight', 'long_exposure', 'effects', 'resolution', 'color', 'preset_modes', 'sensor_size', 'autofocus_points', 'price'], 'CAMERA_2': [], 'CAMERA_3': []}",C_QUESTION_ABOUT_FEATURE,CAMERA_1,price,Skewes me sir do you know how much is this camera,PRESENT_X,CAMERA_1,S_ANSWERS_QUESTION_ABOUT_FEATURE,CAMERA_1,price,This one costs $450.,PRESENT_X,CAMERA_1,15~19
734,13,CAMERA_1,['CAMERA_1'],"{'CAMERA_1': ['weight', 'long_exposure', 'effects', 'resolution', 'color', 'preset_modes', 'sensor_size', 'autofocus_points', 'price', 'optical_zoom'], 'CAMERA_2': [], 'CAMERA_3': []}",C_QUESTION_ABOUT_FEATURE,CAMERA_1,optical_zoom,what what is the what is the of the optical zoom how does it work how far can I zoom,PRESENT_X,CAMERA_1,S_ANSWERS_QUESTION_ABOUT_FEATURE,CAMERA_1,optical_zoom,This one has 21x optical zoom.,PRESENT_X,CAMERA_1,13~29
734,14,CAMERA_1,['CAMERA_1'],"{'CAMERA_1': ['weight', 'long_exposure', 'effects', 'resolution', 'color', 'preset_modes', 'sensor_size', 'autofocus_points', 'price', 'optical_zoom', 'camera_type'], 'CAMERA_2': [], 'CAMERA_3': []}",C_SILENT_OR_BACKCHANNEL,CAMERA_1,NONE,wow these cameras look so nice,PRESENT_X,CAMERA_1,S_INTRODUCES_FEATURE,CAMERA_1,camera_type,This is a DSLR camera.,PRESENT_X,CAMERA_1,10~14
734,15,CAMERA_1,['CAMERA_1'],"{'CAMERA_1': ['weight', 'long_exposure', 'effects', 'resolution', 'color', 'preset_modes', 'sensor_size', 'autofocus_points', 'price', 'optical_zoom', 'camera_type', 'settings'], 'CAMERA_2': [], 'CAMERA_3': []}",C_QUESTION_ABOUT_FEATURE,CAMERA_1,settings,5x manual settings is for what,PRESENT_X,CAMERA_1,S_ANSWERS_QUESTION_ABOUT_FEATURE,CAMERA_1,settings,This one has limited manual settings.,PRESENT_X,CAMERA_1,13~36
734,16,CAMERA_1,['CAMERA_1'],"{'CAMERA_1': ['weight', 'long_exposure', 'effects', 'resolution', 'color', 'preset_modes', 'sensor_size', 'autofocus_points', 'price', 'optical_zoom', 'camera_type', 'settings', 'ISO'], 'CAMERA_2': [], 'CAMERA_3': []}",C_QUESTION_ABOUT_FEATURE,CAMERA_1,ISO,what about this one with the ISO,PRESENT_X,CAMERA_1,S_ANSWERS_QUESTION_ABOUT_FEATURE,CAMERA_1,ISO,This one has up to 51200 ISO.,PRESENT_X,CAMERA_1,13~28
734,17,CAMERA_1,['CAMERA_1'],"{'CAMERA_1': ['weight', 'long_exposure', 'effects', 'resolution', 'color', 'preset_modes', 'sensor_size', 'autofocus_points', 'price', 'optical_zoom', 'camera_type', 'settings', 'ISO', 'preset_modes'], 'CAMERA_2': [], 'CAMERA_3': []}",C_QUESTION_ABOUT_FEATURE,CAMERA_1,preset_modes,does it have any preset mode ready to use,PRESENT_X,CAMERA_1,S_NOT_SURE,CAMERA_1,,I'm not really sure about that.,PRESENT_X,CAMERA_1,
734,18,CAMERA_1,['CAMERA_1'],"{'CAMERA_1': ['weight', 'long_exposure', 'effects', 'resolution', 'color', 'preset_modes', 'sensor_size', 'autofocus_points', 'price', 'optical_zoom', 'camera_type', 'settings', 'ISO', 'preset_modes', 'autofocus_points'], 'CAMERA_2': [], 'CAMERA_3': []}",C_SILENT_OR_BACKCHANNEL,CAMERA_1,NONE,the result does look good,PRESENT_X,CAMERA_1,S_INTRODUCES_FEATURE,CAMERA_1,autofocus_points,This one has 135 autofocus points.,PRESENT_X,CAMERA_1,13~33
734,19,CAMERA_1,['CAMERA_1'],"{'CAMERA_1': ['weight', 'long_exposure', 'effects', 'resolution', 'color', 'preset_modes', 'sensor_size', 'autofocus_points', 'price', 'optical_zoom', 'camera_type', 'settings', 'ISO', 'preset_modes', 'autofocus_points', 'long_exposure'], 'CAMERA_2': [], 'CAMERA_3': []}",C_QUESTION_ABOUT_FEATURE,CAMERA_1,long_exposure,and the exposure,PRESENT_X,CAMERA_1,S_ANSWERS_QUESTION_ABOUT_FEATURE,CAMERA_1,long_exposure,This one can take long exposures up to up to 15 seconds with Long Shutter Mode.,PRESENT_X,CAMERA_1,39~78
734,20,CAMERA_1,['CAMERA_1'],"{'CAMERA_1': ['weight', 'long_exposure', 'effects', 'resolution', 'color', 'preset_modes', 'sensor_size', 'autofocus_points', 'price', 'optical_zoom', 'camera_type', 'settings', 'ISO', 'preset_modes', 'autofocus_points', 'long_exposure', 'price'], 'CAMERA_2': [], 'CAMERA_3': []}",C_QUESTION_ABOUT_FEATURE,CAMERA_1,price,okay I see so what is the price for this,PRESENT_X,CAMERA_1,S_ANSWERS_QUESTION_ABOUT_FEATURE,CAMERA_1,price,This one costs $450.,PRESENT_X,CAMERA_1,15~19
734,21,CAMERA_1,['CAMERA_1'],"{'CAMERA_1': ['weight', 'long_exposure', 'effects', 'resolution', 'color', 'preset_modes', 'sensor_size', 'autofocus_points', 'price', 'optical_zoom', 'camera_type', 'settings', 'ISO', 'preset_modes', 'autofocus_points', 'long_exposure', 'price', 'ISO'], 'CAMERA_2': [], 'CAMERA_3': []}",C_SILENT_OR_BACKCHANNEL,CAMERA_1,NONE,yeah,PRESENT_X,CAMERA_1,S_INTRODUCES_FEATURE,CAMERA_1,ISO,This one has up to 51200 ISO.,PRESENT_X,CAMERA_1,13~28
734,22,CAMERA_1,['CAMERA_1'],"{'CAMERA_1': ['weight', 'long_exposure', 'effects', 'resolution', 'color', 'preset_modes', 'sensor_size', 'autofocus_points', 'price', 'optical_zoom', 'camera_type', 'settings', 'ISO', 'preset_modes', 'autofocus_points', 'long_exposure', 'price', 'ISO', 'settings'], 'CAMERA_2': [], 'CAMERA_3': []}",C_QUESTION_ABOUT_FEATURE,CAMERA_1,settings,and this one doesn't have manual settings,PRESENT_X,CAMERA_1,S_ANSWERS_QUESTION_ABOUT_FEATURE,CAMERA_1,settings,This one has limited manual settings.,PRESENT_X,CAMERA_1,13~36
734,23,CAMERA_1,['CAMERA_1'],"{'CAMERA_1': ['weight', 'long_exposure', 'effects', 'resolution', 'color', 'preset_modes', 'sensor_size', 'autofocus_points', 'price', 'optical_zoom', 'camera_type', 'settings', 'ISO', 'preset_modes', 'autofocus_points', 'long_exposure', 'price', 'ISO', 'settings', 'sensor_size'], 'CAMERA_2': [], 'CAMERA_3': []}",C_QUESTION_ABOUT_FEATURE,CAMERA_1,sensor_size,And the sensor size on this one,PRESENT_X,CAMERA_1,S_ANSWERS_QUESTION_ABOUT_FEATURE,CAMERA_1,sensor_size,This one has a 1/2.3 inch CMOS sensor.,PRESENT_X,CAMERA_1,15~37
734,24,CAMERA_1,['CAMERA_1'],"{'CAMERA_1': ['weight', 'long_exposure', 'effects', 'resolution', 'color', 'preset_modes', 'sensor_size', 'autofocus_points', 'price', 'optical_zoom', 'camera_type', 'settings', 'ISO', 'preset_modes', 'autofocus_points', 'long_exposure', 'price', 'ISO', 'settings', 'sensor_size', 'color'], 'CAMERA_2': [], 'CAMERA_3': []}",C_SILENT_OR_BACKCHANNEL,CAMERA_1,NONE,looks pretty good,PRESENT_X,CAMERA_1,S_INTRODUCES_FEATURE,CAMERA_1,color,This one comes in blue or black.,PRESENT_X,CAMERA_1,18~31
734,25,CAMERA_1,['CAMERA_1'],"{'CAMERA_1': ['weight', 'long_exposure', 'effects', 'resolution', 'color', 'preset_modes', 'sensor_size', 'autofocus_points', 'price', 'optical_zoom', 'camera_type', 'settings', 'ISO', 'preset_modes', 'autofocus_points', 'long_exposure', 'price', 'ISO', 'settings', 'sensor_size', 'color', 'sensor_size'], 'CAMERA_2': [], 'CAMERA_3': []}",C_QUESTION_ABOUT_FEATURE,CAMERA_1,sensor_size,and what about the sense of sight,PRESENT_X,CAMERA_1,S_ANSWERS_QUESTION_ABOUT_FEATURE,CAMERA_1,sensor_size,This one has a 1/2.3 inch CMOS sensor.,PRESENT_X,CAMERA_1,15~37
734,26,CAMERA_1,['CAMERA_1'],"{'CAMERA_1': ['weight', 'long_exposure', 'effects', 'resolution', 'color', 'preset_modes', 'sensor_size', 'autofocus_points', 'price', 'optical_zoom', 'camera_type', 'settings', 'ISO', 'preset_modes', 'autofocus_points', 'long_exposure', 'price', 'ISO', 'settings', 'sensor_size', 'color', 'sensor_size', 'settings'], 'CAMERA_2': [], 'CAMERA_3': []}",C_QUESTION_ABOUT_FEATURE,CAMERA_1,settings,Does this camera have preset modes?,PRESENT_X,CAMERA_1,S_ANSWERS_QUESTION_ABOUT_FEATURE,CAMERA_1,settings,This one has limited manual settings.,PRESENT_X,CAMERA_1,13~36
734,27,CAMERA_1,['CAMERA_1'],"{'CAMERA_1': ['weight', 'long_exposure', 'effects', 'resolution', 'color', 'preset_modes', 'sensor_size', 'autofocus_points', 'price', 'optical_zoom', 'camera_type', 'settings', 'ISO', 'preset_modes', 'autofocus_points', 'long_exposure', 'price', 'ISO', 'settings', 'sensor_size', 'color', 'sensor_size', 'settings', 'color'], 'CAMERA_2': [], 'CAMERA_3': []}",C_QUESTION_ABOUT_FEATURE,CAMERA_1,color,hopefully this camera had any colors,PRESENT_X,CAMERA_1,S_ANSWERS_QUESTION_ABOUT_FEATURE,CAMERA_1,color,This one comes in blue or black.,PRESENT_X,CAMERA_1,18~31
734,28,NONE,['CAMERA_1'],"{'CAMERA_1': ['weight', 'long_exposure', 'effects', 'resolution', 'color', 'preset_modes', 'sensor_size', 'autofocus_points', 'price', 'optical_zoom', 'camera_type', 'settings', 'ISO', 'preset_modes', 'autofocus_points', 'long_exposure', 'price', 'ISO', 'settings', 'sensor_size', 'color', 'sensor_size', 'settings', 'color'], 'CAMERA_2': [], 'CAMERA_3': []}",C_THANK_YOU,CAMERA_1,NONE,ok thank you very much,PRESENT_X,CAMERA_1,S_THANK_YOU,CAMERA_1,NONE,thank you very much.,FACE_TO_FACE,NONE,
734,29,NONE,['CAMERA_1'],"{'CAMERA_1': ['weight', 'long_exposure', 'effects', 'resolution', 'color', 'preset_modes', 'sensor_size', 'autofocus_points', 'price', 'optical_zoom', 'camera_type', 'settings', 'ISO', 'preset_modes', 'autofocus_points', 'long_exposure', 'price', 'ISO', 'settings', 'sensor_size', 'color', 'sensor_size', 'settings', 'color'], 'CAMERA_2': [], 'CAMERA_3': []}",C_LEAVES,DOOR,NONE,,FACE_TO_FACE,NONE,S_RETURNS_TO_COUNTER,SERVICE_COUNTER,NONE,,WAITING,NONE,
735,1,NONE,[],"{'CAMERA_1': [], 'CAMERA_2': [], 'CAMERA_3': []}",C_ENTERS,DOOR,NONE,,WAITING,NONE,S_NONE,SERVICE_COUNTER,NONE,,WAITING,NONE,
735,2,NONE,[],"{'CAMERA_1': [], 'CAMERA_2': [], 'CAMERA_3': []}",C_WALKS_TO_CAMERA,CAMERA_3,NONE,,WAITING,NONE,S_GREETS,CAMERA_3,NONE,can I help you?,FACE_TO_FACE,NONE,
735,3,CAMERA_1,['CAMERA_1'],"{'CAMERA_1': [], 'CAMERA_2': [], 'CAMERA_3': []}",C_LOOKING_FOR_A_CAMERA,CAMERA_3,NONE,I'm looking for a camera,FACE_TO_FACE,NONE,S_INTRODUCES_CAMERA,CAMERA_1,,Let me show you this. Here we have the Sony PowerShot ELPH DMC-ZS3.,PRESENT_X,CAMERA_1,39~66
735,4,CAMERA_1,['CAMERA_1'],"{'CAMERA_1': ['optical_zoom'], 'CAMERA_2': [], 'CAMERA_3': []}",C_SILENT_OR_BACKCHANNEL,CAMERA_1,NONE,ok,PRESENT_X,CAMERA_1,S_INTRODUCES_FEATURE,CAMERA_1,optical_zoom,This one has 21x optical zoom.,PRESENT_X,CAMERA_1,13~29
735,5,CAMERA_1,['CAMERA_1'],"{'CAMERA_1': ['optical_zoom', 'price'], 'CAMERA_2': [], 'CAMERA_3': []}",C_SILENT_OR_BACKCHANNEL,CAMERA_1,NONE,interesting ok,PRESENT_X,CAMERA_1,S_INTRODUCES_FEATURE,CAMERA_1,price,This one costs $450.,PRESENT_X,CAMERA_1,15~19
735,6,CAMERA_1,['CAMERA_1'],"{'CAMERA_1': ['optical_zoom', 'price', 'ISO'], 'CAMERA_2': [], 'CAMERA_3': []}",C_QUESTION_ABOUT_FEATURE,CAMERA_1,ISO,ISO option is,PRESENT_X,CAMERA_1,S_ANSWERS_QUESTION_ABOUT_FEATURE,CAMERA_1,ISO,This one has up to 51200 ISO.,PRESENT_X,CAMERA_1,13~28
735,7,CAMERA_3,"['CAMERA_1', 'CAMERA_3']","{'CAMERA_1': ['optical_zoom', 'price', 'ISO'], 'CAMERA_2': [], 'CAMERA_3': []}",C_ANYTHING_ELSE_AVAILABLE,CAMERA_1,NONE,that's good that's okay I like it when do you have other models in this area,PRESENT_X,CAMERA_1,S_INTRODUCES_CAMERA,CAMERA_3,,Let me show you this. Here we have the Fujifilm PowerShot ELPH S2800.,PRESENT_X,CAMERA_3,39~68
735,8,CAMERA_3,"['CAMERA_1', 'CAMERA_3']","{'CAMERA_1': ['optical_zoom', 'price', 'ISO'], 'CAMERA_2': [], 'CAMERA_3': ['resolution']}",C_QUESTION_ABOUT_FEATURE,CAMERA_3,resolution,what's the megapixel thing on this,PRESENT_X,CAMERA_3,S_ANSWERS_QUESTION_ABOUT_FEATURE,CAMERA_3,resolution,This one has 23.2 megapixels resolution.,PRESENT_X,CAMERA_3,13~28
735,9,CAMERA_3,"['CAMERA_1', 'CAMERA_3']","{'CAMERA_1': ['optical_zoom', 'price', 'ISO'], 'CAMERA_2': [], 'CAMERA_3': ['resolution', 'optical_zoom']}",C_QUESTION_ABOUT_FEATURE,CAMERA_3,optical_zoom,what what is the what is the of the optical zoom how does it work how far can I zoom,PRESENT_X,CAMERA_3,S_NOT_SURE,CAMERA_3,,I'm not really sure about that.,PRESENT_X,CAMERA_3,
735,10,NONE,"['CAMERA_1', 'CAMERA_3']","{'CAMERA_1': ['optical_zoom', 'price', 'ISO'], 'CAMERA_2': [], 'CAMERA_3': ['resolution', 'optical_zoom']}",C_THANK_YOU,CAMERA_3,NONE,I say ahh right thanks for your help I'll be back then,PRESENT_X,CAMERA_3,S_THANK_YOU,CAMERA_3,NONE,thank you very much.,FACE_TO_FACE,NONE,
735,11,NONE,"['CAMERA_1', 'CAMERA_3']","{'CAMERA_1': ['optical_zoom', 'price', 'ISO'], 'CAMERA_2': [], 'CAMERA_3': ['resolution', 'optical_zoom']}",C_LEAVES,DOOR,NONE,,FACE_TO_FACE,NONE,S_RETURNS_TO_COUNTER,SERVICE_COUNTER,NONE,,WAITING,NONE,
736,1,NONE,[],"{'CAMERA_1': [], 'CAMERA_2': [], 'CAMERA_3': []}",C_ENTERS,DOOR,NONE,,WAITING,NONE,S_NONE,SERVICE_COUNTER,NONE,,WAITING,NONE,
736,2,NONE,[],"{'CAMERA_1': [], 'CAMERA_2': [], 'CAMERA_3': []}",C_GREETS,MIDDLE,NONE,hello,WAITING,NONE,S_GREETS,MIDDLE,NONE,can I help you?,FACE_TO_FACE,NONE,
736,3,CAMERA_3,['CAMERA_3'],"{'CAMERA_1': [], 'CAMERA_2': [], 'CAMERA_3': []}",C_LOOKING_FOR_A_CAMERA,MIDDLE,NONE,I'm looking for a point and shoot camera,FACE_TO_FACE,NONE,S_INTRODUCES_CAMERA,CAMERA_3,,Let me show you this. Here we have the Fujifilm PowerShot ELPH S2800.,PRESENT_X,CAMERA_3,39~68
736,4,CAMERA_3,['CAMERA_3'],"{'CAMERA_1': [], 'CAMERA_2': [], 'CAMERA_3': ['autofocus_points']}",C_QUESTION_ABOUT_FEATURE,CAMERA_3,autofocus_points,how many autofocus points does it have,PRESENT_X,CAMERA_3,S_ANSWERS_QUESTION_ABOUT_FEATURE,CAMERA_3,autofocus_points,This one has 214 autofocus points.,PRESENT_X,CAMERA_3,13~33
736,5,CAMERA_3,['CAMERA_3'],"{'CAMERA_1': [], 'CAMERA_2': [], 'CAMERA_3': ['autofocus_points', 'settings']}",C_QUESTION_ABOUT_FEATURE,CAMERA_3,settings,and how many setting is that again,PRESENT_X,CAMERA_3,S_ANSWERS_QUESTION_ABOUT_FEATURE,CAMERA_3,settings,"This one has manual control and various automatic settings (video modeburst shooting, etc.).",PRESENT_X,CAMERA_3,13~91
736,6,NONE,['CAMERA_3'],"{'CAMERA_1': [], 'CAMERA_2': [], 'CAMERA_3': ['autofocus_points', 'settings']}",C_THANK_YOU,CAMERA_3,NONE,thank you for your support,PRESENT_X,CAMERA_3,S_THANK_YOU,CAMERA_3,NONE,thank you very much.,FACE_TO_FACE,NONE,
736,7,NONE,['CAMERA_3'],"{'CAMERA_1': [], 'CAMERA_2': [], 'CAMERA_3': ['autofocus_points', 'settings']}",C_LEAVES,DOOR,NONE,,FACE_TO_FACE,NONE,S_RETURNS_TO_COUNTER,SERVICE_COUNTER,NONE,,WAITING,NONE,
737,1,NONE,[],"{'CAMERA_1': [], 'CAMERA_2': [], 'CAMERA_3': []}",C_ENTERS,DOOR,NONE,,WAITING,NONE,S_NONE,SERVICE_COUNTER,NONE,,WAITING,NONE,
737,2,NONE,[],"{'CAMERA_1': [], 'CAMERA_2': [], 'CAMERA_3': []}",C_GREETS,MIDDLE,NONE,excuse me can you help me sir,WAITING,NONE,S_GREETS,MIDDLE,NONE,can I help you?,FACE_TO_FACE,NONE,
737,3,CAMERA_2,['CAMERA_2'],"{'CAMERA_1': [], 'CAMERA_2': [], 'CAMERA_3': []}",C_LOOKING_FOR_A_CAMERA,MIDDLE,NONE,I'm looking for a camera,FACE_TO_FACE,NONE,S_INTRODUCES_CAMERA,CAMERA_2,,Let me show you this. Here we have the Fujifilm Lumix ILC Camera.,PRESENT_X,CAMERA_2,39~64
737,4,CAMERA_2,['CAMERA_2'],"{'CAMERA_1': [], 'CAMERA_2': ['optical_zoom'], 'CAMERA_3': []}",C_QUESTION_ABOUT_FEATURE,CAMERA_2,optical_zoom,and the optical zoom whats the optical zoom on that,PRESENT_X,CAMERA_2,S_ANSWERS_QUESTION_ABOUT_FEATURE,CAMERA_2,optical_zoom,This one has 21x optical zoom.,PRESENT_X,CAMERA_2,13~29
737,5,CAMERA_2,['CAMERA_2'],"{'CAMERA_1': [], 'CAMERA_2': ['optical_zoom', 'sensor_size'], 'CAMERA_3': []}",C_QUESTION_ABOUT_FEATURE,CAMERA_2,sensor_size,and how big is the sensor,PRESENT_X,CAMERA_2,S_ANSWERS_QUESTION_ABOUT_FEATURE,CAMERA_2,sensor_size,This one has a 1/2.33 inch sensor.,PRESENT_X,CAMERA_2,15~33
737,6,CAMERA_2,['CAMERA_2'],"{'CAMERA_1': [], 'CAMERA_2': ['optical_zoom', 'sensor_size', 'autofocus_points'], 'CAMERA_3': []}",C_QUESTION_ABOUT_FEATURE,CAMERA_2,autofocus_points,ok what about the auto focus points,PRESENT_X,CAMERA_2,S_NOT_SURE,CAMERA_2,,I'm not really sure about that.,PRESENT_X,CAMERA_2,
737,7,CAMERA_2,['CAMERA_2'],"{'CAMERA_1': [], 'CAMERA_2': ['optical_zoom', 'sensor_size', 'autofocus_points', 'camera_type'], 'CAMERA_3': []}",C_QUESTION_ABOUT_FEATURE,CAMERA_2,camera_type,what kind of camera is this,PRESENT_X,CAMERA_2,S_ANSWERS_QUESTION_ABOUT_FEATURE,CAMERA_2,camera_type,This is a digital single lens mirrorless camera.,PRESENT_X,CAMERA_2,10~40
737,8,CAMERA_2,['CAMERA_2'],"{'CAMERA_1': [], 'CAMERA_2': ['optical_zoom', 'sensor_size', 'autofocus_points', 'camera_type', 'resolution'], 'CAMERA_3': []}",C_QUESTION_ABOUT_FEATURE,CAMERA_2,resolution,how many megapixels does it have,PRESENT_X,CAMERA_2,S_ANSWERS_QUESTION_ABOUT_FEATURE,CAMERA_2,resolution,This one has 23.8 megapixels resolution.,PRESENT_X,CAMERA_2,13~28
737,9,CAMERA_2,['CAMERA_2'],"{'CAMERA_1': [], 'CAMERA_2': ['optical_zoom', 'sensor_size', 'autofocus_points', 'camera_type', 'resolution', 'long_exposure'], 'CAMERA_3': []}",C_QUESTION_ABOUT_FEATURE,CAMERA_2,long_exposure,oh that sounds good how long does the exposure go,PRESENT_X,CAMERA_2,S_ANSWERS_QUESTION_ABOUT_FEATURE,CAMERA_2,long_exposure,This one can take long exposures up to 60 minutes max with bulb mode.,PRESENT_X,CAMERA_2,39~68
737,10,CAMERA_2,['CAMERA_2'],"{'CAMERA_1': [], 'CAMERA_2': ['optical_zoom', 'sensor_size', 'autofocus_points', 'camera_type', 'resolution', 'long_exposure', 'ISO'], 'CAMERA_3': []}",C_QUESTION_ABOUT_FEATURE,CAMERA_2,ISO,is this able to shoot high iso,PRESENT_X,CAMERA_2,S_NOT_SURE,CAMERA_2,,I'm not really sure about that.,PRESENT_X,CAMERA_2,
737,11,CAMERA_3,"['CAMERA_2', 'CAMERA_3']","{'CAMERA_1': [], 'CAMERA_2': ['optical_zoom', 'sensor_size', 'autofocus_points', 'camera_type', 'resolution', 'long_exposure', 'ISO'], 'CAMERA_3': []}",C_ANYTHING_ELSE_AVAILABLE,CAMERA_2,NONE,ok do you have any other cameras that can just look at,PRESENT_X,CAMERA_2,S_INTRODUCES_CAMERA,CAMERA_3,,Let me show you this. Here we have the Fujifilm PowerShot ELPH S2800.,PRESENT_X,CAMERA_3,39~68
737,12,CAMERA_3,"['CAMERA_2', 'CAMERA_3']","{'CAMERA_1': [], 'CAMERA_2': ['optical_zoom', 'sensor_size', 'autofocus_points', 'camera_type', 'resolution', 'long_exposure', 'ISO'], 'CAMERA_3': ['long_exposure']}",C_QUESTION_ABOUT_FEATURE,CAMERA_3,long_exposure,can it take long exposure shots,PRESENT_X,CAMERA_3,S_ANSWERS_QUESTION_ABOUT_FEATURE,CAMERA_3,long_exposure,This one can take long exposures up to 30 minutes max with bulb mode.,PRESENT_X,CAMERA_3,39~68
737,13,CAMERA_3,"['CAMERA_2', 'CAMERA_3']","{'CAMERA_1': [], 'CAMERA_2': ['optical_zoom', 'sensor_size', 'autofocus_points', 'camera_type', 'resolution', 'long_exposure', 'ISO'], 'CAMERA_3': ['long_exposure', 'color']}",C_QUESTION_ABOUT_FEATURE,CAMERA_3,color,is this camera good for taking or how many colors do you have in this camera,PRESENT_X,CAMERA_3,S_ANSWERS_QUESTION_ABOUT_FEATURE,CAMERA_3,color,"This one comes in purple, white, silver, blue, red, or pink.",PRESENT_X,CAMERA_3,18~59
737,14,CAMERA_3,"['CAMERA_2', 'CAMERA_3']","{'CAMERA_1': [], 'CAMERA_2': ['optical_zoom', 'sensor_size', 'autofocus_points', 'camera_type', 'resolution', 'long_exposure', 'ISO'], 'CAMERA_3': ['long_exposure', 'color', 'settings']}",C_QUESTION_ABOUT_FEATURE,CAMERA_3,settings,under what city is the setting on this phone,PRESENT_X,CAMERA_3,S_ANSWERS_QUESTION_ABOUT_FEATURE,CAMERA_3,settings,"This one has manual control and various automatic settings (video modeburst shooting, etc.).",PRESENT_X,CAMERA_3,13~91
737,15,CAMERA_3,"['CAMERA_2', 'CAMERA_3']","{'CAMERA_1': [], 'CAMERA_2': ['optical_zoom', 'sensor_size', 'autofocus_points', 'camera_type', 'resolution', 'long_exposure', 'ISO'], 'CAMERA_3': ['long_exposure', 'color', 'settings', 'ISO']}",C_SILENT_OR_BACKCHANNEL,CAMERA_3,NONE,ok,PRESENT_X,CAMERA_3,S_INTRODUCES_FEATURE,CAMERA_3,ISO,This one has up to 3200 ISO with little noise.,PRESENT_X,CAMERA_3,13~45
737,16,CAMERA_1,"['CAMERA_2', 'CAMERA_3', 'CAMERA_1']","{'CAMERA_1': [], 'CAMERA_2': ['optical_zoom', 'sensor_size', 'autofocus_points', 'camera_type', 'resolution', 'long_exposure', 'ISO'], 'CAMERA_3': ['long_exposure', 'color', 'settings', 'ISO']}",C_ANYTHING_ELSE_AVAILABLE,CAMERA_3,NONE,ok do you have any other cameras that can just look at,PRESENT_X,CAMERA_3,S_INTRODUCES_CAMERA,CAMERA_1,,Let me show you this. Here we have the Sony PowerShot ELPH DMC-ZS3.,PRESENT_X,CAMERA_1,39~66
737,17,CAMERA_1,"['CAMERA_2', 'CAMERA_3', 'CAMERA_1']","{'CAMERA_1': ['price'], 'CAMERA_2': ['optical_zoom', 'sensor_size', 'autofocus_points', 'camera_type', 'resolution', 'long_exposure', 'ISO'], 'CAMERA_3': ['long_exposure', 'color', 'settings', 'ISO']}",C_SILENT_OR_BACKCHANNEL,CAMERA_1,NONE,wow that's pretty steep,PRESENT_X,CAMERA_1,S_INTRODUCES_FEATURE,CAMERA_1,price,This one costs $450.,PRESENT_X,CAMERA_1,15~19
737,18,CAMERA_1,"['CAMERA_2', 'CAMERA_3', 'CAMERA_1']","{'CAMERA_1': ['price', 'long_exposure'], 'CAMERA_2': ['optical_zoom', 'sensor_size', 'autofocus_points', 'camera_type', 'resolution', 'long_exposure', 'ISO'], 'CAMERA_3': ['long_exposure', 'color', 'settings', 'ISO']}",C_QUESTION_ABOUT_FEATURE,CAMERA_1,long_exposure,Is this support for long exposure,PRESENT_X,CAMERA_1,S_ANSWERS_QUESTION_ABOUT_FEATURE,CAMERA_1,long_exposure,This one can take long exposures up to up to 15 seconds with Long Shutter Mode.,PRESENT_X,CAMERA_1,39~78
737,19,CAMERA_1,"['CAMERA_2', 'CAMERA_3', 'CAMERA_1']","{'CAMERA_1': ['price', 'long_exposure', 'optical_zoom'], 'CAMERA_2': ['optical_zoom', 'sensor_size', 'autofocus_points', 'camera_type', 'resolution', 'long_exposure', 'ISO'], 'CAMERA_3': ['long_exposure', 'color', 'settings', 'ISO']}",C_QUESTION_ABOUT_FEATURE,CAMERA_1,optical_zoom,good that's a good effect okay how about the optical zooms,PRESENT_X,CAMERA_1,S_ANSWERS_QUESTION_ABOUT_FEATURE,CAMERA_1,optical_zoom,This one has 21x optical zoom.,PRESENT_X,CAMERA_1,13~29
737,20,CAMERA_1,"['CAMERA_2', 'CAMERA_3', 'CAMERA_1']","{'CAMERA_1': ['price', 'long_exposure', 'optical_zoom', 'color'], 'CAMERA_2': ['optical_zoom', 'sensor_size', 'autofocus_points', 'camera_type', 'resolution', 'long_exposure', 'ISO'], 'CAMERA_3': ['long_exposure', 'color', 'settings', 'ISO']}",C_QUESTION_ABOUT_FEATURE,CAMERA_1,color,yeah that's right and you have it in different colors,PRESENT_X,CAMERA_1,S_ANSWERS_QUESTION_ABOUT_FEATURE,CAMERA_1,color,This one comes in blue or black.,PRESENT_X,CAMERA_1,18~31
737,21,CAMERA_1,"['CAMERA_2', 'CAMERA_3', 'CAMERA_1']","{'CAMERA_1': ['price', 'long_exposure', 'optical_zoom', 'color', 'settings'], 'CAMERA_2': ['optical_zoom', 'sensor_size', 'autofocus_points', 'camera_type', 'resolution', 'long_exposure', 'ISO'], 'CAMERA_3': ['long_exposure', 'color', 'settings', 'ISO']}",C_QUESTION_ABOUT_FEATURE,CAMERA_1,settings,why would I control the settings manually,PRESENT_X,CAMERA_1,S_ANSWERS_QUESTION_ABOUT_FEATURE,CAMERA_1,settings,This one has limited manual settings.,PRESENT_X,CAMERA_1,13~36
737,22,CAMERA_1,"['CAMERA_2', 'CAMERA_3', 'CAMERA_1']","{'CAMERA_1': ['price', 'long_exposure', 'optical_zoom', 'color', 'settings', 'autofocus_points'], 'CAMERA_2': ['optical_zoom', 'sensor_size', 'autofocus_points', 'camera_type', 'resolution', 'long_exposure', 'ISO'], 'CAMERA_3': ['long_exposure', 'color', 'settings', 'ISO']}",C_SILENT_OR_BACKCHANNEL,CAMERA_1,NONE,oh wow that seems quite high,PRESENT_X,CAMERA_1,S_INTRODUCES_FEATURE,CAMERA_1,autofocus_points,This one has 135 autofocus points.,PRESENT_X,CAMERA_1,13~33
737,23,,"['CAMERA_2', 'CAMERA_3', 'CAMERA_1']","{'CAMERA_1': ['price', 'long_exposure', 'optical_zoom', 'color', 'settings', 'autofocus_points'], 'CAMERA_2': ['optical_zoom', 'sensor_size', 'autofocus_points', 'camera_type', 'resolution', 'long_exposure', 'ISO'], 'CAMERA_3': ['long_exposure', 'color', 'settings', 'ISO']}",C_ANYTHING_ELSE_AVAILABLE,CAMERA_1,NONE,okay do you have any other cameras I might be interested,PRESENT_X,CAMERA_1,S_THATS_ALL_WE_HAVE_AVAILABLE,CAMERA_1,,That's all we have available at the moment.,PRESENT_X,CAMERA_1,
737,24,NONE,"['CAMERA_2', 'CAMERA_3', 'CAMERA_1']","{'CAMERA_1': ['price', 'long_exposure', 'optical_zoom', 'color', 'settings', 'autofocus_points'], 'CAMERA_2': ['optical_zoom', 'sensor_size', 'autofocus_points', 'camera_type', 'resolution', 'long_exposure', 'ISO'], 'CAMERA_3': ['long_exposure', 'color', 'settings', 'ISO']}",C_THANK_YOU,CAMERA_1,NONE,ok thanks for your help think about it,PRESENT_X,CAMERA_1,S_THANK_YOU,CAMERA_1,NONE,thank you very much.,FACE_TO_FACE,NONE,
737,25,NONE,"['CAMERA_2', 'CAMERA_3', 'CAMERA_1']","{'CAMERA_1': ['price', 'long_exposure', 'optical_zoom', 'color', 'settings', 'autofocus_points'], 'CAMERA_2': ['optical_zoom', 'sensor_size', 'autofocus_points', 'camera_type', 'resolution', 'long_exposure', 'ISO'], 'CAMERA_3': ['long_exposure', 'color', 'settings', 'ISO']}",C_LEAVES,DOOR,NONE,,FACE_TO_FACE,NONE,S_RETURNS_TO_COUNTER,SERVICE_COUNTER,NONE,,WAITING,NONE,
738,1,NONE,[],"{'CAMERA_1': [], 'CAMERA_2': [], 'CAMERA_3': []}",C_ENTERS,DOOR,NONE,,WAITING,NONE,S_NONE,SERVICE_COUNTER,NONE,,WAITING,NONE,
738,2,NONE,[],"{'CAMERA_1': [], 'CAMERA_2': [], 'CAMERA_3': []}",C_WALKS_TO_CAMERA,CAMERA_3,NONE,,WAITING,NONE,S_NONE,SERVICE_COUNTER,NONE,,WAITING,NONE,
738,3,CAMERA_3,['CAMERA_3'],"{'CAMERA_1': [], 'CAMERA_2': [], 'CAMERA_3': ['settings']}",C_QUESTION_ABOUT_FEATURE,CAMERA_3,settings,how much Freedom do you have with this like what what can I set according to my liking,WAITING,NONE,S_ANSWERS_QUESTION_ABOUT_FEATURE,CAMERA_3,settings,"This one has manual control and various automatic settings (video modeburst shooting, etc.).",PRESENT_X,CAMERA_3,13~91
738,4,CAMERA_3,['CAMERA_3'],"{'CAMERA_1': [], 'CAMERA_2': [], 'CAMERA_3': ['settings', 'color']}",C_SILENT_OR_BACKCHANNEL,CAMERA_3,NONE,Ice Age,PRESENT_X,CAMERA_3,S_INTRODUCES_FEATURE,CAMERA_3,color,"This one comes in purple, white, silver, blue, red, or pink.",PRESENT_X,CAMERA_3,18~59
738,5,CAMERA_3,['CAMERA_3'],"{'CAMERA_1': [], 'CAMERA_2': [], 'CAMERA_3': ['settings', 'color', 'effects']}",C_SILENT_OR_BACKCHANNEL,CAMERA_3,NONE,okay great can I use the thirty-second look into booster at ISO 3200,PRESENT_X,CAMERA_3,S_INTRODUCES_FEATURE,CAMERA_3,effects,"This one has 21 photo effects (small face, retro, big eyes, etc.).",PRESENT_X,CAMERA_3,13~65
738,6,CAMERA_3,['CAMERA_3'],"{'CAMERA_1': [], 'CAMERA_2': [], 'CAMERA_3': ['settings', 'color', 'effects', 'resolution']}",C_SILENT_OR_BACKCHANNEL,CAMERA_3,NONE,yeah ok,PRESENT_X,CAMERA_3,S_INTRODUCES_FEATURE,CAMERA_3,resolution,This one has 23.2 megapixels resolution.,PRESENT_X,CAMERA_3,13~28
738,7,NONE,['CAMERA_3'],"{'CAMERA_1': [], 'CAMERA_2': [], 'CAMERA_3': ['settings', 'color', 'effects', 'resolution']}",C_THANK_YOU,CAMERA_3,NONE,oh I see well thank you very much,PRESENT_X,CAMERA_3,S_THANK_YOU,CAMERA_3,NONE,thank you very much.,FACE_TO_FACE,NONE,
738,8,NONE,['CAMERA_3'],"{'CAMERA_1': [], 'CAMERA_2': [], 'CAMERA_3': ['settings', 'color', 'effects', 'resolution']}",C_LEAVES,DOOR,NONE,,FACE_TO_FACE,NONE,S_RETURNS_TO_COUNTER,SERVICE_COUNTER,NONE,,WAITING,NONE,
739,1,NONE,[],"{'CAMERA_1': [], 'CAMERA_2': [], 'CAMERA_3': []}",C_ENTERS,DOOR,NONE,,WAITING,NONE,S_NONE,SERVICE_COUNTER,NONE,,WAITING,NONE,
739,2,NONE,[],"{'CAMERA_1': [], 'CAMERA_2': [], 'CAMERA_3': []}",C_WALKS_TO_CAMERA,CAMERA_1,NONE,,WAITING,NONE,S_GREETS,CAMERA_1,NONE,can I help you?,FACE_TO_FACE,NONE,
739,3,CAMERA_3,['CAMERA_3'],"{'CAMERA_1': [], 'CAMERA_2': [], 'CAMERA_3': []}",C_LOOKING_FOR_A_CAMERA,CAMERA_1,NONE,I'm just here looking at the new cameras at your home,FACE_TO_FACE,NONE,S_INTRODUCES_CAMERA,CAMERA_3,,Let me show you this. Here we have the Fujifilm PowerShot ELPH S2800.,PRESENT_X,CAMERA_3,39~68
739,4,CAMERA_3,['CAMERA_3'],"{'CAMERA_1': [], 'CAMERA_2': [], 'CAMERA_3': ['effects']}",C_QUESTION_ABOUT_FEATURE,CAMERA_3,effects,what about the artistic effect mode how does that work,PRESENT_X,CAMERA_3,S_ANSWERS_QUESTION_ABOUT_FEATURE,CAMERA_3,effects,"This one has 21 photo effects (small face, retro, big eyes, etc.).",PRESENT_X,CAMERA_3,13~65
739,5,CAMERA_3,['CAMERA_3'],"{'CAMERA_1': [], 'CAMERA_2': [], 'CAMERA_3': ['effects', 'autofocus_points']}",C_QUESTION_ABOUT_FEATURE,CAMERA_3,autofocus_points,how many autofocus points does it have,PRESENT_X,CAMERA_3,S_ANSWERS_QUESTION_ABOUT_FEATURE,CAMERA_3,autofocus_points,This one has 214 autofocus points.,PRESENT_X,CAMERA_3,13~33
739,6,CAMERA_1,"['CAMERA_3', 'CAMERA_1']","{'CAMERA_1': [], 'CAMERA_2': [], 'CAMERA_3': ['effects', 'autofocus_points']}",C_ANYTHING_ELSE_AVAILABLE,CAMERA_3,NONE,Do you have other cameras that I could afford,PRESENT_X,CAMERA_3,S_INTRODUCES_CAMERA,CAMERA_1,,Let me show you this. Here we have the Sony PowerShot ELPH DMC-ZS3.,PRESENT_X,CAMERA_1,39~66
739,7,CAMERA_1,"['CAMERA_3', 'CAMERA_1']","{'CAMERA_1': ['long_exposure'], 'CAMERA_2': [], 'CAMERA_3': ['effects', 'autofocus_points']}",C_SILENT_OR_BACKCHANNEL,CAMERA_1,NONE,ok,PRESENT_X,CAMERA_1,S_INTRODUCES_FEATURE,CAMERA_1,long_exposure,This one can take long exposures up to up to 15 seconds with Long Shutter Mode.,PRESENT_X,CAMERA_1,39~78
739,8,CAMERA_1,"['CAMERA_3', 'CAMERA_1']","{'CAMERA_1': ['long_exposure', 'color'], 'CAMERA_2': [], 'CAMERA_3': ['effects', 'autofocus_points']}",C_SILENT_OR_BACKCHANNEL,CAMERA_1,NONE,let's see,PRESENT_X,CAMERA_1,S_INTRODUCES_FEATURE,CAMERA_1,color,This one comes in blue or black.,PRESENT_X,CAMERA_1,18~31
739,9,CAMERA_1,"['CAMERA_3', 'CAMERA_1']","{'CAMERA_1': ['long_exposure', 'color', 'weight'], 'CAMERA_2': [], 'CAMERA_3': ['effects', 'autofocus_points']}",C_SILENT_OR_BACKCHANNEL,CAMERA_1,NONE,IC,PRESENT_X,CAMERA_1,S_INTRODUCES_FEATURE,CAMERA_1,weight,This one weighs 800 grams.,PRESENT_X,CAMERA_1,16~25
739,10,CAMERA_1,"['CAMERA_3', 'CAMERA_1']","{'CAMERA_1': ['long_exposure', 'color', 'weight', 'effects'], 'CAMERA_2': [], 'CAMERA_3': ['effects', 'autofocus_points']}",C_QUESTION_ABOUT_FEATURE,CAMERA_1,effects,yeah but I don't really know that stuff does it have any effect modes,PRESENT_X,CAMERA_1,S_ANSWERS_QUESTION_ABOUT_FEATURE,CAMERA_1,effects,"This one has 24 glamor retouch effects (miniature, retro, toy camera, etc.).",PRESENT_X,CAMERA_1,13~75
739,11,CAMERA_1,"['CAMERA_3', 'CAMERA_1']","{'CAMERA_1': ['long_exposure', 'color', 'weight', 'effects', 'settings'], 'CAMERA_2': [], 'CAMERA_3': ['effects', 'autofocus_points']}",C_SILENT_OR_BACKCHANNEL,CAMERA_1,NONE,I see,PRESENT_X,CAMERA_1,S_INTRODUCES_FEATURE,CAMERA_1,settings,This one has limited manual settings.,PRESENT_X,CAMERA_1,13~36
739,12,CAMERA_1,"['CAMERA_3', 'CAMERA_1']","{'CAMERA_1': ['long_exposure', 'color', 'weight', 'effects', 'settings', 'optical_zoom'], 'CAMERA_2': [], 'CAMERA_3': ['effects', 'autofocus_points']}",C_SILENT_OR_BACKCHANNEL,CAMERA_1,NONE,this camera looks pretty good but I was wondering about this is so,PRESENT_X,CAMERA_1,S_INTRODUCES_FEATURE,CAMERA_1,optical_zoom,This one has 21x optical zoom.,PRESENT_X,CAMERA_1,13~29
739,13,NONE,"['CAMERA_3', 'CAMERA_1']","{'CAMERA_1': ['long_exposure', 'color', 'weight', 'effects', 'settings', 'optical_zoom'], 'CAMERA_2': [], 'CAMERA_3': ['effects', 'autofocus_points']}",C_THANK_YOU,CAMERA_1,NONE,thank you very much for your assistance and have a great day,PRESENT_X,CAMERA_1,S_THANK_YOU,CAMERA_1,NONE,thank you very much.,FACE_TO_FACE,NONE,
739,14,NONE,"['CAMERA_3', 'CAMERA_1']","{'CAMERA_1': ['long_exposure', 'color', 'weight', 'effects', 'settings', 'optical_zoom'], 'CAMERA_2': [], 'CAMERA_3': ['effects', 'autofocus_points']}",C_LEAVES,DOOR,NONE,,FACE_TO_FACE,NONE,S_RETURNS_TO_COUNTER,SERVICE_COUNTER,NONE,,WAITING,NONE,
740,1,NONE,[],"{'CAMERA_1': [], 'CAMERA_2': [], 'CAMERA_3': []}",C_ENTERS,DOOR,NONE,,WAITING,NONE,S_NONE,SERVICE_COUNTER,NONE,,WAITING,NONE,
740,2,NONE,[],"{'CAMERA_1': [], 'CAMERA_2': [], 'CAMERA_3': []}",C_WALKS_TO_CAMERA,CAMERA_2,NONE,,WAITING,NONE,S_NONE,SERVICE_COUNTER,NONE,,WAITING,NONE,
740,3,CAMERA_2,['CAMERA_2'],"{'CAMERA_1': [], 'CAMERA_2': ['sensor_size'], 'CAMERA_3': []}",C_QUESTION_ABOUT_FEATURE,CAMERA_2,sensor_size,what's sensor size,WAITING,NONE,S_ANSWERS_QUESTION_ABOUT_FEATURE,CAMERA_2,sensor_size,This one has a 1/2.33 inch sensor.,PRESENT_X,CAMERA_2,15~33
740,4,CAMERA_2,['CAMERA_2'],"{'CAMERA_1': [], 'CAMERA_2': ['sensor_size', 'ISO'], 'CAMERA_3': []}",C_QUESTION_ABOUT_FEATURE,CAMERA_2,ISO,I see and what about the ISO,PRESENT_X,CAMERA_2,S_NOT_SURE,CAMERA_2,,I'm not really sure about that.,PRESENT_X,CAMERA_2,
740,5,CAMERA_2,['CAMERA_2'],"{'CAMERA_1': [], 'CAMERA_2': ['sensor_size', 'ISO', 'effects'], 'CAMERA_3': []}",C_QUESTION_ABOUT_FEATURE,CAMERA_2,effects,I don't sense as a cystic effect mode what does that do,PRESENT_X,CAMERA_2,S_ANSWERS_QUESTION_ABOUT_FEATURE,CAMERA_2,effects,"This one has 24 artistic effect modes (retro, lighter or darker skin tones, sepia, etc.).",PRESENT_X,CAMERA_2,13~88
740,6,CAMERA_2,['CAMERA_2'],"{'CAMERA_1': [], 'CAMERA_2': ['sensor_size', 'ISO', 'effects', 'weight'], 'CAMERA_3': []}",C_QUESTION_ABOUT_FEATURE,CAMERA_2,weight,this feels quite heavy how much does it weigh,PRESENT_X,CAMERA_2,S_ANSWERS_QUESTION_ABOUT_FEATURE,CAMERA_2,weight,This one weighs 820 grams.,PRESENT_X,CAMERA_2,16~25
740,7,CAMERA_2,['CAMERA_2'],"{'CAMERA_1': [], 'CAMERA_2': ['sensor_size', 'ISO', 'effects', 'weight', 'autofocus_points'], 'CAMERA_3': []}",C_QUESTION_ABOUT_FEATURE,CAMERA_2,autofocus_points,I think you and the auto Focus points on this,PRESENT_X,CAMERA_2,S_NOT_SURE,CAMERA_2,,I'm not really sure about that.,PRESENT_X,CAMERA_2,
740,8,CAMERA_2,['CAMERA_2'],"{'CAMERA_1': [], 'CAMERA_2': ['sensor_size', 'ISO', 'effects', 'weight', 'autofocus_points', 'camera_type'], 'CAMERA_3': []}",C_QUESTION_ABOUT_FEATURE,CAMERA_2,camera_type,is this a point and shoot camera,PRESENT_X,CAMERA_2,S_ANSWERS_QUESTION_ABOUT_FEATURE,CAMERA_2,camera_type,This is a digital single lens mirrorless camera.,PRESENT_X,CAMERA_2,10~40
740,9,CAMERA_2,['CAMERA_2'],"{'CAMERA_1': [], 'CAMERA_2': ['sensor_size', 'ISO', 'effects', 'weight', 'autofocus_points', 'camera_type', 'color'], 'CAMERA_3': []}",C_SILENT_OR_BACKCHANNEL,CAMERA_2,NONE,sounds great how about the synthesized honest,PRESENT_X,CAMERA_2,S_INTRODUCES_FEATURE,CAMERA_2,color,This one comes in white or pink.,PRESENT_X,CAMERA_2,18~31
740,10,CAMERA_2,['CAMERA_2'],"{'CAMERA_1': [], 'CAMERA_2': ['sensor_size', 'ISO', 'effects', 'weight', 'autofocus_points', 'camera_type', 'color', 'resolution'], 'CAMERA_3': []}",C_SILENT_OR_BACKCHANNEL,CAMERA_2,NONE,sounds pretty good,PRESENT_X,CAMERA_2,S_INTRODUCES_FEATURE,CAMERA_2,resolution,This one has 23.8 megapixels resolution.,PRESENT_X,CAMERA_2,13~28
740,11,CAMERA_2,['CAMERA_2'],"{'CAMERA_1': [], 'CAMERA_2': ['sensor_size', 'ISO', 'effects', 'weight', 'autofocus_points', 'camera_type', 'color', 'resolution', 'optical_zoom'], 'CAMERA_3': []}",C_QUESTION_ABOUT_FEATURE,CAMERA_2,optical_zoom,okay that's the drawback okay and he comes here with optical zoom,PRESENT_X,CAMERA_2,S_ANSWERS_QUESTION_ABOUT_FEATURE,CAMERA_2,optical_zoom,This one has 21x optical zoom.,PRESENT_X,CAMERA_2,13~29
740,12,CAMERA_2,['CAMERA_2'],"{'CAMERA_1': [], 'CAMERA_2': ['sensor_size', 'ISO', 'effects', 'weight', 'autofocus_points', 'camera_type', 'color', 'resolution', 'optical_zoom', 'long_exposure'], 'CAMERA_3': []}",C_QUESTION_ABOUT_FEATURE,CAMERA_2,long_exposure,and what about the exposure,PRESENT_X,CAMERA_2,S_ANSWERS_QUESTION_ABOUT_FEATURE,CAMERA_2,long_exposure,This one can take long exposures up to 60 minutes max with bulb mode.,PRESENT_X,CAMERA_2,39~68
740,13,CAMERA_2,['CAMERA_2'],"{'CAMERA_1': [], 'CAMERA_2': ['sensor_size', 'ISO', 'effects', 'weight', 'autofocus_points', 'camera_type', 'color', 'resolution', 'optical_zoom', 'long_exposure', 'settings'], 'CAMERA_3': []}",C_QUESTION_ABOUT_FEATURE,CAMERA_2,settings,is this full manual,PRESENT_X,CAMERA_2,S_ANSWERS_QUESTION_ABOUT_FEATURE,CAMERA_2,settings,"This one has manual control and various automatic settings (video modeburst shooting, etc.).",PRESENT_X,CAMERA_2,13~91
740,14,CAMERA_2,['CAMERA_2'],"{'CAMERA_1': [], 'CAMERA_2': ['sensor_size', 'ISO', 'effects', 'weight', 'autofocus_points', 'camera_type', 'color', 'resolution', 'optical_zoom', 'long_exposure', 'settings', 'price'], 'CAMERA_3': []}",C_QUESTION_ABOUT_FEATURE,CAMERA_2,price,how much does this cost,PRESENT_X,CAMERA_2,S_ANSWERS_QUESTION_ABOUT_FEATURE,CAMERA_2,price,This one costs $768.,PRESENT_X,CAMERA_2,15~19
740,15,NONE,['CAMERA_2'],"{'CAMERA_1': [], 'CAMERA_2': ['sensor_size', 'ISO', 'effects', 'weight', 'autofocus_points', 'camera_type', 'color', 'resolution', 'optical_zoom', 'long_exposure', 'settings', 'price'], 'CAMERA_3': []}",C_THANK_YOU,CAMERA_2,NONE,thank you for your help,PRESENT_X,CAMERA_2,S_THANK_YOU,CAMERA_2,NONE,thank you very much.,FACE_TO_FACE,NONE,
740,16,NONE,['CAMERA_2'],"{'CAMERA_1': [], 'CAMERA_2': ['sensor_size', 'ISO', 'effects', 'weight', 'autofocus_points', 'camera_type', 'color', 'resolution', 'optical_zoom', 'long_exposure', 'settings', 'price'], 'CAMERA_3': []}",C_LEAVES,DOOR,NONE,,FACE_TO_FACE,NONE,S_RETURNS_TO_COUNTER,SERVICE_COUNTER,NONE,,WAITING,NONE,
741,1,NONE,[],"{'CAMERA_1': [], 'CAMERA_2': [], 'CAMERA_3': []}",C_ENTERS,DOOR,NONE,,WAITING,NONE,S_NONE,SERVICE_COUNTER,NONE,,WAITING,NONE,
741,2,NONE,[],"{'CAMERA_1': [], 'CAMERA_2': [], 'CAMERA_3': []}",C_GREETS,MIDDLE,NONE,excuse me how large is the sensor on this camera,WAITING,NONE,S_GREETS,MIDDLE,NONE,can I help you?,FACE_TO_FACE,NONE,
741,3,CAMERA_2,['CAMERA_2'],"{'CAMERA_1': [], 'CAMERA_2': [], 'CAMERA_3': []}",C_LOOKING_FOR_A_CAMERA,MIDDLE,NONE,oh hi I'm just looking for a camera,FACE_TO_FACE,NONE,S_INTRODUCES_CAMERA,CAMERA_2,,Let me show you this. Here we have the Fujifilm Lumix ILC Camera.,PRESENT_X,CAMERA_2,39~64
741,4,CAMERA_2,['CAMERA_2'],"{'CAMERA_1': [], 'CAMERA_2': ['settings'], 'CAMERA_3': []}",C_SILENT_OR_BACKCHANNEL,CAMERA_2,NONE,Oh that'd be great I really want to try it before buying it,PRESENT_X,CAMERA_2,S_INTRODUCES_FEATURE,CAMERA_2,settings,"This one has manual control and various automatic settings (video modeburst shooting, etc.).",PRESENT_X,CAMERA_2,13~91
741,5,NONE,['CAMERA_2'],"{'CAMERA_1': [], 'CAMERA_2': ['settings'], 'CAMERA_3': []}",C_THANK_YOU,CAMERA_2,NONE,I see ok thank you very much,PRESENT_X,CAMERA_2,S_THANK_YOU,CAMERA_2,NONE,thank you very much.,FACE_TO_FACE,NONE,
741,6,NONE,['CAMERA_2'],"{'CAMERA_1': [], 'CAMERA_2': ['settings'], 'CAMERA_3': []}",C_LEAVES,DOOR,NONE,,FACE_TO_FACE,NONE,S_RETURNS_TO_COUNTER,SERVICE_COUNTER,NONE,,WAITING,NONE,
742,1,NONE,[],"{'CAMERA_1': [], 'CAMERA_2': [], 'CAMERA_3': []}",C_ENTERS,DOOR,NONE,,WAITING,NONE,S_NONE,SERVICE_COUNTER,NONE,,WAITING,NONE,
742,2,NONE,[],"{'CAMERA_1': [], 'CAMERA_2': [], 'CAMERA_3': []}",C_WALKS_TO_CAMERA,CAMERA_1,NONE,,WAITING,NONE,S_GREETS,CAMERA_1,NONE,can I help you?,FACE_TO_FACE,NONE,
742,3,CAMERA_1,['CAMERA_1'],"{'CAMERA_1': [], 'CAMERA_2': [], 'CAMERA_3': []}",C_LOOKING_FOR_A_CAMERA,CAMERA_1,NONE,I want to look at the new cameras that you have,FACE_TO_FACE,NONE,S_INTRODUCES_CAMERA,CAMERA_1,,Let me show you this. Here we have the Sony PowerShot ELPH DMC-ZS3.,PRESENT_X,CAMERA_1,39~66
742,4,CAMERA_1,['CAMERA_1'],"{'CAMERA_1': ['price'], 'CAMERA_2': [], 'CAMERA_3': []}",C_QUESTION_ABOUT_FEATURE,CAMERA_1,price,how much does a condom cost,PRESENT_X,CAMERA_1,S_ANSWERS_QUESTION_ABOUT_FEATURE,CAMERA_1,price,This one costs $450.,PRESENT_X,CAMERA_1,15~19
742,5,CAMERA_1,['CAMERA_1'],"{'CAMERA_1': ['price', 'effects'], 'CAMERA_2': [], 'CAMERA_3': []}",C_QUESTION_ABOUT_FEATURE,CAMERA_1,effects,what is about the artistic effect mode,PRESENT_X,CAMERA_1,S_ANSWERS_QUESTION_ABOUT_FEATURE,CAMERA_1,effects,"This one has 24 glamor retouch effects (miniature, retro, toy camera, etc.).",PRESENT_X,CAMERA_1,13~75
742,6,CAMERA_3,"['CAMERA_1', 'CAMERA_3']","{'CAMERA_1': ['price', 'effects'], 'CAMERA_2': [], 'CAMERA_3': []}",C_ANYTHING_ELSE_AVAILABLE,CAMERA_1,NONE,ok do you have any other cameras,PRESENT_X,CAMERA_1,S_INTRODUCES_CAMERA,CAMERA_3,,Let me show you this. Here we have the Fujifilm PowerShot ELPH S2800.,PRESENT_X,CAMERA_3,39~68
742,7,CAMERA_3,"['CAMERA_1', 'CAMERA_3']","{'CAMERA_1': ['price', 'effects'], 'CAMERA_2': [], 'CAMERA_3': ['long_exposure']}",C_QUESTION_ABOUT_FEATURE,CAMERA_3,long_exposure,hey what about the exposure,PRESENT_X,CAMERA_3,S_ANSWERS_QUESTION_ABOUT_FEATURE,CAMERA_3,long_exposure,This one can take long exposures up to 30 minutes max with bulb mode.,PRESENT_X,CAMERA_3,39~68
742,8,CAMERA_3,"['CAMERA_1', 'CAMERA_3']","{'CAMERA_1': ['price', 'effects'], 'CAMERA_2': [], 'CAMERA_3': ['long_exposure', 'settings']}",C_QUESTION_ABOUT_FEATURE,CAMERA_3,settings,and the manual settings how many manual settings does it have,PRESENT_X,CAMERA_3,S_ANSWERS_QUESTION_ABOUT_FEATURE,CAMERA_3,settings,"This one has manual control and various automatic settings (video modeburst shooting, etc.).",PRESENT_X,CAMERA_3,13~91
742,9,CAMERA_3,"['CAMERA_1', 'CAMERA_3']","{'CAMERA_1': ['price', 'effects'], 'CAMERA_2': [], 'CAMERA_3': ['long_exposure', 'settings', 'preset_modes']}",C_SILENT_OR_BACKCHANNEL,CAMERA_3,NONE,nice how much is a pricing,PRESENT_X,CAMERA_3,S_INTRODUCES_FEATURE,CAMERA_3,preset_modes,This one has various preset modes.,PRESENT_X,CAMERA_3,13~33
742,10,CAMERA_3,"['CAMERA_1', 'CAMERA_3']","{'CAMERA_1': ['price', 'effects'], 'CAMERA_2': [], 'CAMERA_3': ['long_exposure', 'settings', 'preset_modes', 'ISO']}",C_SILENT_OR_BACKCHANNEL,CAMERA_3,NONE,ok,PRESENT_X,CAMERA_3,S_INTRODUCES_FEATURE,CAMERA_3,ISO,This one has up to 3200 ISO with little noise.,PRESENT_X,CAMERA_3,13~45
742,11,CAMERA_3,"['CAMERA_1', 'CAMERA_3']","{'CAMERA_1': ['price', 'effects'], 'CAMERA_2': [], 'CAMERA_3': ['long_exposure', 'settings', 'preset_modes', 'ISO', 'effects']}",C_QUESTION_ABOUT_FEATURE,CAMERA_3,effects,Anakin explain this artistic effect my place,PRESENT_X,CAMERA_3,S_ANSWERS_QUESTION_ABOUT_FEATURE,CAMERA_3,effects,"This one has 21 photo effects (small face, retro, big eyes, etc.).",PRESENT_X,CAMERA_3,13~65
742,12,CAMERA_3,"['CAMERA_1', 'CAMERA_3']","{'CAMERA_1': ['price', 'effects'], 'CAMERA_2': [], 'CAMERA_3': ['long_exposure', 'settings', 'preset_modes', 'ISO', 'effects', 'color']}",C_QUESTION_ABOUT_FEATURE,CAMERA_3,color,what color do you have,PRESENT_X,CAMERA_3,S_ANSWERS_QUESTION_ABOUT_FEATURE,CAMERA_3,color,"This one comes in purple, white, silver, blue, red, or pink.",PRESENT_X,CAMERA_3,18~59
742,13,CAMERA_3,"['CAMERA_1', 'CAMERA_3']","{'CAMERA_1': ['price', 'effects'], 'CAMERA_2': [], 'CAMERA_3': ['long_exposure', 'settings', 'preset_modes', 'ISO', 'effects', 'color', 'weight']}",C_SILENT_OR_BACKCHANNEL,CAMERA_3,NONE,I said yeah ok,PRESENT_X,CAMERA_3,S_INTRODUCES_FEATURE,CAMERA_3,weight,This one weighs 820 grams.,PRESENT_X,CAMERA_3,16~25
742,14,CAMERA_3,"['CAMERA_1', 'CAMERA_3']","{'CAMERA_1': ['price', 'effects'], 'CAMERA_2': [], 'CAMERA_3': ['long_exposure', 'settings', 'preset_modes', 'ISO', 'effects', 'color', 'weight', 'autofocus_points']}",C_QUESTION_ABOUT_FEATURE,CAMERA_3,autofocus_points,does it have autofocus,PRESENT_X,CAMERA_3,S_ANSWERS_QUESTION_ABOUT_FEATURE,CAMERA_3,autofocus_points,This one has 214 autofocus points.,PRESENT_X,CAMERA_3,13~33
742,15,CAMERA_3,"['CAMERA_1', 'CAMERA_3']","{'CAMERA_1': ['price', 'effects'], 'CAMERA_2': [], 'CAMERA_3': ['long_exposure', 'settings', 'preset_modes', 'ISO', 'effects', 'color', 'weight', 'autofocus_points', 'resolution']}",C_QUESTION_ABOUT_FEATURE,CAMERA_3,resolution,does the screen touch screen,PRESENT_X,CAMERA_3,S_ANSWERS_QUESTION_ABOUT_FEATURE,CAMERA_3,resolution,This one has 23.2 megapixels resolution.,PRESENT_X,CAMERA_3,13~28
742,16,CAMERA_3,"['CAMERA_1', 'CAMERA_3']","{'CAMERA_1': ['price', 'effects'], 'CAMERA_2': [], 'CAMERA_3': ['long_exposure', 'settings', 'preset_modes', 'ISO', 'effects', 'color', 'weight', 'autofocus_points', 'resolution', 'camera_type']}",C_SILENT_OR_BACKCHANNEL,CAMERA_3,NONE,IC,PRESENT_X,CAMERA_3,S_INTRODUCES_FEATURE,CAMERA_3,camera_type,This is a point and shoot camera.,PRESENT_X,CAMERA_3,10~25
742,17,CAMERA_3,"['CAMERA_1', 'CAMERA_3']","{'CAMERA_1': ['price', 'effects'], 'CAMERA_2': [], 'CAMERA_3': ['long_exposure', 'settings', 'preset_modes', 'ISO', 'effects', 'color', 'weight', 'autofocus_points', 'resolution', 'camera_type', 'sensor_size']}",C_SILENT_OR_BACKCHANNEL,CAMERA_3,NONE,IC,PRESENT_X,CAMERA_3,S_INTRODUCES_FEATURE,CAMERA_3,sensor_size,This one has a full frame.,PRESENT_X,CAMERA_3,15~25
742,18,CAMERA_3,"['CAMERA_1', 'CAMERA_3']","{'CAMERA_1': ['price', 'effects'], 'CAMERA_2': [], 'CAMERA_3': ['long_exposure', 'settings', 'preset_modes', 'ISO', 'effects', 'color', 'weight', 'autofocus_points', 'resolution', 'camera_type', 'sensor_size', 'price']}",C_QUESTION_ABOUT_FEATURE,CAMERA_3,price,and what about the price,PRESENT_X,CAMERA_3,S_ANSWERS_QUESTION_ABOUT_FEATURE,CAMERA_3,price,This one costs $518.,PRESENT_X,CAMERA_3,15~19
742,19,CAMERA_3,"['CAMERA_1', 'CAMERA_3']","{'CAMERA_1': ['price', 'effects'], 'CAMERA_2': [], 'CAMERA_3': ['long_exposure', 'settings', 'preset_modes', 'ISO', 'effects', 'color', 'weight', 'autofocus_points', 'resolution', 'camera_type', 'sensor_size', 'price', 'optical_zoom']}",C_QUESTION_ABOUT_FEATURE,CAMERA_3,optical_zoom,the optical zoom on this camera what is it,PRESENT_X,CAMERA_3,S_NOT_SURE,CAMERA_3,,I'm not really sure about that.,PRESENT_X,CAMERA_3,
742,20,CAMERA_3,"['CAMERA_1', 'CAMERA_3']","{'CAMERA_1': ['price', 'effects'], 'CAMERA_2': [], 'CAMERA_3': ['long_exposure', 'settings', 'preset_modes', 'ISO', 'effects', 'color', 'weight', 'autofocus_points', 'resolution', 'camera_type', 'sensor_size', 'price', 'optical_zoom', 'sensor_size']}",C_QUESTION_ABOUT_FEATURE,CAMERA_3,sensor_size,Does it have a big sensor,PRESENT_X,CAMERA_3,S_ANSWERS_QUESTION_ABOUT_FEATURE,CAMERA_3,sensor_size,This one has a full frame.,PRESENT_X,CAMERA_3,15~25
742,21,CAMERA_3,"['CAMERA_1', 'CAMERA_3']","{'CAMERA_1': ['price', 'effects'], 'CAMERA_2': [], 'CAMERA_3': ['long_exposure', 'settings', 'preset_modes', 'ISO', 'effects', 'color', 'weight', 'autofocus_points', 'resolution', 'camera_type', 'sensor_size', 'price', 'optical_zoom', 'sensor_size', 'sensor_size']}",C_SILENT_OR_BACKCHANNEL,CAMERA_3,NONE,very nice what colors does it come,PRESENT_X,CAMERA_3,S_INTRODUCES_FEATURE,CAMERA_3,sensor_size,This one has a full frame.,PRESENT_X,CAMERA_3,15~25
742,22,CAMERA_3,"['CAMERA_1', 'CAMERA_3']","{'CAMERA_1': ['price', 'effects'], 'CAMERA_2': [], 'CAMERA_3': ['long_exposure', 'settings', 'preset_modes', 'ISO', 'effects', 'color', 'weight', 'autofocus_points', 'resolution', 'camera_type', 'sensor_size', 'price', 'optical_zoom', 'sensor_size', 'sensor_size', 'color']}",C_SILENT_OR_BACKCHANNEL,CAMERA_3,NONE,yeah I think that that's great I'll take a look at that and I have to probably help me you know the side,PRESENT_X,CAMERA_3,S_INTRODUCES_FEATURE,CAMERA_3,color,"This one comes in purple, white, silver, blue, red, or pink.",PRESENT_X,CAMERA_3,18~59
742,23,CAMERA_3,"['CAMERA_1', 'CAMERA_3']","{'CAMERA_1': ['price', 'effects'], 'CAMERA_2': [], 'CAMERA_3': ['long_exposure', 'settings', 'preset_modes', 'ISO', 'effects', 'color', 'weight', 'autofocus_points', 'resolution', 'camera_type', 'sensor_size', 'price', 'optical_zoom', 'sensor_size', 'sensor_size', 'color', 'preset_modes']}",C_QUESTION_ABOUT_FEATURE,CAMERA_3,preset_modes,does it have any preset mode,PRESENT_X,CAMERA_3,S_ANSWERS_QUESTION_ABOUT_FEATURE,CAMERA_3,preset_modes,This one has various preset modes.,PRESENT_X,CAMERA_3,13~33
742,24,CAMERA_3,"['CAMERA_1', 'CAMERA_3']","{'CAMERA_1': ['price', 'effects'], 'CAMERA_2': [], 'CAMERA_3': ['long_exposure', 'settings', 'preset_modes', 'ISO', 'effects', 'color', 'weight', 'autofocus_points', 'resolution', 'camera_type', 'sensor_size', 'price', 'optical_zoom', 'sensor_size', 'sensor_size', 'color', 'preset_modes', 'settings']}",C_QUESTION_ABOUT_FEATURE,CAMERA_3,settings,what about the manual settings it seems is quite taken to put everything in manual mode and I am used to this kind of coming,PRESENT_X,CAMERA_3,S_ANSWERS_QUESTION_ABOUT_FEATURE,CAMERA_3,settings,"This one has manual control and various automatic settings (video modeburst shooting, etc.).",PRESENT_X,CAMERA_3,13~91
742,25,CAMERA_3,"['CAMERA_1', 'CAMERA_3']","{'CAMERA_1': ['price', 'effects'], 'CAMERA_2': [], 'CAMERA_3': ['long_exposure', 'settings', 'preset_modes', 'ISO', 'effects', 'color', 'weight', 'autofocus_points', 'resolution', 'camera_type', 'sensor_size', 'price', 'optical_zoom', 'sensor_size', 'sensor_size', 'color', 'preset_modes', 'settings', 'effects']}",C_QUESTION_ABOUT_FEATURE,CAMERA_3,effects,what kind of effects does it have,PRESENT_X,CAMERA_3,S_ANSWERS_QUESTION_ABOUT_FEATURE,CAMERA_3,effects,"This one has 21 photo effects (small face, retro, big eyes, etc.).",PRESENT_X,CAMERA_3,13~65
742,26,CAMERA_3,"['CAMERA_1', 'CAMERA_3']","{'CAMERA_1': ['price', 'effects'], 'CAMERA_2': [], 'CAMERA_3': ['long_exposure', 'settings', 'preset_modes', 'ISO', 'effects', 'color', 'weight', 'autofocus_points', 'resolution', 'camera_type', 'sensor_size', 'price', 'optical_zoom', 'sensor_size', 'sensor_size', 'color', 'preset_modes', 'settings', 'effects', 'weight']}",C_SILENT_OR_BACKCHANNEL,CAMERA_3,NONE,IC,PRESENT_X,CAMERA_3,S_INTRODUCES_FEATURE,CAMERA_3,weight,This one weighs 820 grams.,PRESENT_X,CAMERA_3,16~25
742,27,CAMERA_3,"['CAMERA_1', 'CAMERA_3']","{'CAMERA_1': ['price', 'effects'], 'CAMERA_2': [], 'CAMERA_3': ['long_exposure', 'settings', 'preset_modes', 'ISO', 'effects', 'color', 'weight', 'autofocus_points', 'resolution', 'camera_type', 'sensor_size', 'price', 'optical_zoom', 'sensor_size', 'sensor_size', 'color', 'preset_modes', 'settings', 'effects', 'weight', 'resolution']}",C_SILENT_OR_BACKCHANNEL,CAMERA_3,NONE,okay that sounds good,PRESENT_X,CAMERA_3,S_INTRODUCES_FEATURE,CAMERA_3,resolution,This one has 23.2 megapixels resolution.,PRESENT_X,CAMERA_3,13~28
742,28,CAMERA_3,"['CAMERA_1', 'CAMERA_3']","{'CAMERA_1': ['price', 'effects'], 'CAMERA_2': [], 'CAMERA_3': ['long_exposure', 'settings', 'preset_modes', 'ISO', 'effects', 'color', 'weight', 'autofocus_points', 'resolution', 'camera_type', 'sensor_size', 'price', 'optical_zoom', 'sensor_size', 'sensor_size', 'color', 'preset_modes', 'settings', 'effects', 'weight', 'resolution', 'ISO']}",C_SILENT_OR_BACKCHANNEL,CAMERA_3,NONE,nice what's the pricing on it,PRESENT_X,CAMERA_3,S_INTRODUCES_FEATURE,CAMERA_3,ISO,This one has up to 3200 ISO with little noise.,PRESENT_X,CAMERA_3,13~45
742,29,CAMERA_3,"['CAMERA_1', 'CAMERA_3']","{'CAMERA_1': ['price', 'effects'], 'CAMERA_2': [], 'CAMERA_3': ['long_exposure', 'settings', 'preset_modes', 'ISO', 'effects', 'color', 'weight', 'autofocus_points', 'resolution', 'camera_type', 'sensor_size', 'price', 'optical_zoom', 'sensor_size', 'sensor_size', 'color', 'preset_modes', 'settings', 'effects', 'weight', 'resolution', 'ISO', 'effects']}",C_QUESTION_ABOUT_FEATURE,CAMERA_3,effects,yeah but I don't really know that stuff does it have any effect modes,PRESENT_X,CAMERA_3,S_ANSWERS_QUESTION_ABOUT_FEATURE,CAMERA_3,effects,"This one has 21 photo effects (small face, retro, big eyes, etc.).",PRESENT_X,CAMERA_3,13~65
742,30,CAMERA_3,"['CAMERA_1', 'CAMERA_3']","{'CAMERA_1': ['price', 'effects'], 'CAMERA_2': [], 'CAMERA_3': ['long_exposure', 'settings', 'preset_modes', 'ISO', 'effects', 'color', 'weight', 'autofocus_points', 'resolution', 'camera_type', 'sensor_size', 'price', 'optical_zoom', 'sensor_size', 'sensor_size', 'color', 'preset_modes', 'settings', 'effects', 'weight', 'resolution', 'ISO', 'effects', 'resolution']}",C_QUESTION_ABOUT_FEATURE,CAMERA_3,resolution,Yahara actually like to do that and then what how many megapixels does it have,PRESENT_X,CAMERA_3,S_ANSWERS_QUESTION_ABOUT_FEATURE,CAMERA_3,resolution,This one has 23.2 megapixels resolution.,PRESENT_X,CAMERA_3,13~28
742,31,CAMERA_3,"['CAMERA_1', 'CAMERA_3']","{'CAMERA_1': ['price', 'effects'], 'CAMERA_2': [], 'CAMERA_3': ['long_exposure', 'settings', 'preset_modes', 'ISO', 'effects', 'color', 'weight', 'autofocus_points', 'resolution', 'camera_type', 'sensor_size', 'price', 'optical_zoom', 'sensor_size', 'sensor_size', 'color', 'preset_modes', 'settings', 'effects', 'weight', 'resolution', 'ISO', 'effects', 'resolution', 'settings']}",C_SILENT_OR_BACKCHANNEL,CAMERA_3,NONE,alright,PRESENT_X,CAMERA_3,S_INTRODUCES_FEATURE,CAMERA_3,settings,"This one has manual control and various automatic settings (video modeburst shooting, etc.).",PRESENT_X,CAMERA_3,13~91
742,32,NONE,"['CAMERA_1', 'CAMERA_3']","{'CAMERA_1': ['price', 'effects'], 'CAMERA_2': [], 'CAMERA_3': ['long_exposure', 'settings', 'preset_modes', 'ISO', 'effects', 'color', 'weight', 'autofocus_points', 'resolution', 'camera_type', 'sensor_size', 'price', 'optical_zoom', 'sensor_size', 'sensor_size', 'color', 'preset_modes', 'settings', 'effects', 'weight', 'resolution', 'ISO', 'effects', 'resolution', 'settings']}",C_THANK_YOU,CAMERA_3,NONE,let me think about it I'll get back to you okay,PRESENT_X,CAMERA_3,S_THANK_YOU,CAMERA_3,NONE,thank you very much.,FACE_TO_FACE,NONE,
742,33,NONE,"['CAMERA_1', 'CAMERA_3']","{'CAMERA_1': ['price', 'effects'], 'CAMERA_2': [], 'CAMERA_3': ['long_exposure', 'settings', 'preset_modes', 'ISO', 'effects', 'color', 'weight', 'autofocus_points', 'resolution', 'camera_type', 'sensor_size', 'price', 'optical_zoom', 'sensor_size', 'sensor_size', 'color', 'preset_modes', 'settings', 'effects', 'weight', 'resolution', 'ISO', 'effects', 'resolution', 'settings']}",C_LEAVES,DOOR,NONE,,FACE_TO_FACE,NONE,S_RETURNS_TO_COUNTER,SERVICE_COUNTER,NONE,,WAITING,NONE,
743,1,NONE,[],"{'CAMERA_1': [], 'CAMERA_2': [], 'CAMERA_3': []}",C_ENTERS,DOOR,NONE,,WAITING,NONE,S_NONE,SERVICE_COUNTER,NONE,,WAITING,NONE,
743,2,NONE,[],"{'CAMERA_1': [], 'CAMERA_2': [], 'CAMERA_3': []}",C_GREETS,MIDDLE,NONE,excuse me,WAITING,NONE,S_GREETS,MIDDLE,NONE,can I help you?,FACE_TO_FACE,NONE,
743,3,CAMERA_3,['CAMERA_3'],"{'CAMERA_1': [], 'CAMERA_2': [], 'CAMERA_3': []}",C_LOOKING_FOR_A_CAMERA,MIDDLE,NONE,hi good afternoon I'm looking to buy a new camera that if it continues portable,FACE_TO_FACE,NONE,S_INTRODUCES_CAMERA,CAMERA_3,,Let me show you this. Here we have the Fujifilm PowerShot ELPH S2800.,PRESENT_X,CAMERA_3,39~68
743,4,CAMERA_3,['CAMERA_3'],"{'CAMERA_1': [], 'CAMERA_2': [], 'CAMERA_3': ['preset_modes']}",C_SILENT_OR_BACKCHANNEL,CAMERA_3,NONE,Ice Age,PRESENT_X,CAMERA_3,S_INTRODUCES_FEATURE,CAMERA_3,preset_modes,This one has various preset modes.,PRESENT_X,CAMERA_3,13~33
743,5,CAMERA_3,['CAMERA_3'],"{'CAMERA_1': [], 'CAMERA_2': [], 'CAMERA_3': ['preset_modes', 'autofocus_points']}",C_QUESTION_ABOUT_FEATURE,CAMERA_3,autofocus_points,what about the auto focus points,PRESENT_X,CAMERA_3,S_ANSWERS_QUESTION_ABOUT_FEATURE,CAMERA_3,autofocus_points,This one has 214 autofocus points.,PRESENT_X,CAMERA_3,13~33
743,6,CAMERA_3,['CAMERA_3'],"{'CAMERA_1': [], 'CAMERA_2': [], 'CAMERA_3': ['preset_modes', 'autofocus_points', 'settings']}",C_QUESTION_ABOUT_FEATURE,CAMERA_3,settings,is it full manual,PRESENT_X,CAMERA_3,S_ANSWERS_QUESTION_ABOUT_FEATURE,CAMERA_3,settings,"This one has manual control and various automatic settings (video modeburst shooting, etc.).",PRESENT_X,CAMERA_3,13~91
743,7,CAMERA_3,['CAMERA_3'],"{'CAMERA_1': [], 'CAMERA_2': [], 'CAMERA_3': ['preset_modes', 'autofocus_points', 'settings', 'camera_type']}",C_QUESTION_ABOUT_FEATURE,CAMERA_3,camera_type,is this a DSLR camera,PRESENT_X,CAMERA_3,S_ANSWERS_QUESTION_ABOUT_FEATURE,CAMERA_3,camera_type,This is a point and shoot camera.,PRESENT_X,CAMERA_3,10~25
743,8,NONE,['CAMERA_3'],"{'CAMERA_1': [], 'CAMERA_2': [], 'CAMERA_3': ['preset_modes', 'autofocus_points', 'settings', 'camera_type']}",C_THANK_YOU,CAMERA_3,NONE,that sounds good okay thank you,PRESENT_X,CAMERA_3,S_THANK_YOU,CAMERA_3,NONE,thank you very much.,FACE_TO_FACE,NONE,
743,9,NONE,['CAMERA_3'],"{'CAMERA_1': [], 'CAMERA_2': [], 'CAMERA_3': ['preset_modes', 'autofocus_points', 'settings', 'camera_type']}",C_LEAVES,DOOR,NONE,,FACE_TO_FACE,NONE,S_RETURNS_TO_COUNTER,SERVICE_COUNTER,NONE,,WAITING,NONE,
744,1,NONE,[],"{'CAMERA_1': [], 'CAMERA_2': [], 'CAMERA_3': []}",C_ENTERS,DOOR,NONE,,WAITING,NONE,S_NONE,SERVICE_COUNTER,NONE,,WAITING,NONE,
744,2,NONE,[],"{'CAMERA_1': [], 'CAMERA_2': [], 'CAMERA_3': []}",C_GREETS,MIDDLE,NONE,excuse me,WAITING,NONE,S_GREETS,MIDDLE,NONE,can I help you?,FACE_TO_FACE,NONE,
744,3,CAMERA_1,['CAMERA_1'],"{'CAMERA_1': [], 'CAMERA_2': [], 'CAMERA_3': []}",C_LOOKING_FOR_A_CAMERA,MIDDLE,NONE,I'm just looking for a basic camera to take selfies with,FACE_TO_FACE,NONE,S_INTRODUCES_CAMERA,CAMERA_1,,Let me show you this. Here we have the Sony PowerShot ELPH DMC-ZS3.,PRESENT_X,CAMERA_1,39~66
744,4,CAMERA_1,['CAMERA_1'],"{'CAMERA_1': ['weight'], 'CAMERA_2': [], 'CAMERA_3': []}",C_QUESTION_ABOUT_FEATURE,CAMERA_1,weight,how much does this phone way,PRESENT_X,CAMERA_1,S_ANSWERS_QUESTION_ABOUT_FEATURE,CAMERA_1,weight,This one weighs 800 grams.,PRESENT_X,CAMERA_1,16~25
744,5,NONE,['CAMERA_1'],"{'CAMERA_1': ['weight'], 'CAMERA_2': [], 'CAMERA_3': []}",C_THANK_YOU,CAMERA_1,NONE,thank you for your help,PRESENT_X,CAMERA_1,S_THANK_YOU,CAMERA_1,NONE,thank you very much.,FACE_TO_FACE,NONE,
744,6,NONE,['CAMERA_1'],"{'CAMERA_1': ['weight'], 'CAMERA_2': [], 'CAMERA_3': []}",C_LEAVES,DOOR,NONE,,FACE_TO_FACE,NONE,S_RETURNS_TO_COUNTER,SERVICE_COUNTER,NONE,,WAITING,NONE,
745,1,NONE,[],"{'CAMERA_1': [], 'CAMERA_2': [], 'CAMERA_3': []}",C_ENTERS,DOOR,NONE,,WAITING,NONE,S_NONE,SERVICE_COUNTER,NONE,,WAITING,NONE,
745,2,NONE,[],"{'CAMERA_1': [], 'CAMERA_2': [], 'CAMERA_3': []}",C_WALKS_TO_CAMERA,CAMERA_1,NONE,,WAITING,NONE,S_NONE,SERVICE_COUNTER,NONE,,WAITING,NONE,
745,3,CAMERA_1,['CAMERA_1'],"{'CAMERA_1': ['optical_zoom'], 'CAMERA_2': [], 'CAMERA_3': []}",C_QUESTION_ABOUT_FEATURE,CAMERA_1,optical_zoom,the optical zoom on this camera what is it,WAITING,NONE,S_ANSWERS_QUESTION_ABOUT_FEATURE,CAMERA_1,optical_zoom,This one has 21x optical zoom.,PRESENT_X,CAMERA_1,13~29
745,4,CAMERA_1,['CAMERA_1'],"{'CAMERA_1': ['optical_zoom', 'camera_type'], 'CAMERA_2': [], 'CAMERA_3': []}",C_QUESTION_ABOUT_FEATURE,CAMERA_1,camera_type,is this a DSLR camera,PRESENT_X,CAMERA_1,S_ANSWERS_QUESTION_ABOUT_FEATURE,CAMERA_1,camera_type,This is a DSLR camera.,PRESENT_X,CAMERA_1,10~14
745,5,CAMERA_1,['CAMERA_1'],"{'CAMERA_1': ['optical_zoom', 'camera_type', 'settings'], 'CAMERA_2': [], 'CAMERA_3': []}",C_SILENT_OR_BACKCHANNEL,CAMERA_1,NONE,I said yeah ok,PRESENT_X,CAMERA_1,S_INTRODUCES_FEATURE,CAMERA_1,settings,This one has limited manual settings.,PRESENT_X,CAMERA_1,13~36
745,6,NONE,['CAMERA_1'],"{'CAMERA_1': ['optical_zoom', 'camera_type', 'settings'], 'CAMERA_2': [], 'CAMERA_3': []}",C_THANK_YOU,CAMERA_1,NONE,thank you,PRESENT_X,CAMERA_1,S_THANK_YOU,CAMERA_1,NONE,thank you very much.,FACE_TO_FACE,NONE,
745,7,NONE,['CAMERA_1'],"{'CAMERA_1': ['optical_zoom', 'camera_type', 'settings'], 'CAMERA_2': [], 'CAMERA_3': []}",C_LEAVES,DOOR,NONE,,FACE_TO_FACE,NONE,S_RETURNS_TO_COUNTER,SERVICE_COUNTER,NONE,,WAITING,NONE,
746,1,NONE,[],"{'CAMERA_1': [], 'CAMERA_2': [], 'CAMERA_3': []}",C_ENTERS,DOOR,NONE,,WAITING,NONE,S_NONE,SERVICE_COUNTER,NONE,,WAITING,NONE,
746,2,NONE,[],"{'CAMERA_1': [], 'CAMERA_2': [], 'CAMERA_3': []}",C_GREETS,MIDDLE,NONE,excuse me,WAITING,NONE,S_GREETS,MIDDLE,NONE,can I help you?,FACE_TO_FACE,NONE,
746,3,CAMERA_1,['CAMERA_1'],"{'CAMERA_1': [], 'CAMERA_2': [], 'CAMERA_3': []}",C_LOOKING_FOR_A_CAMERA,MIDDLE,NONE,I want to look at the new cameras that you have,FACE_TO_FACE,NONE,S_INTRODUCES_CAMERA,CAMERA_1,,Let me show you this. Here we have the Sony PowerShot ELPH DMC-ZS3.,PRESENT_X,CAMERA_1,39~66
746,4,CAMERA_1,['CAMERA_1'],"{'CAMERA_1': ['autofocus_points'], 'CAMERA_2': [], 'CAMERA_3': []}",C_QUESTION_ABOUT_FEATURE,CAMERA_1,autofocus_points,what about the the focus point,PRESENT_X,CAMERA_1,S_ANSWERS_QUESTION_ABOUT_FEATURE,CAMERA_1,autofocus_points,This one has 135 autofocus points.,PRESENT_X,CAMERA_1,13~33
746,5,CAMERA_1,['CAMERA_1'],"{'CAMERA_1': ['autofocus_points', 'camera_type'], 'CAMERA_2': [], 'CAMERA_3': []}",C_QUESTION_ABOUT_FEATURE,CAMERA_1,camera_type,is this a point and shoot camera,PRESENT_X,CAMERA_1,S_ANSWERS_QUESTION_ABOUT_FEATURE,CAMERA_1,camera_type,This is a DSLR camera.,PRESENT_X,CAMERA_1,10~14
746,6,NONE,['CAMERA_1'],"{'CAMERA_1': ['autofocus_points', 'camera_type'], 'CAMERA_2': [], 'CAMERA_3': []}",C_THANK_YOU,CAMERA_1,NONE,alright thank you,PRESENT_X,CAMERA_1,S_THANK_YOU,CAMERA_1,NONE,thank you very much.,FACE_TO_FACE,NONE,
746,7,NONE,['CAMERA_1'],"{'CAMERA_1': ['autofocus_points', 'camera_type'], 'CAMERA_2': [], 'CAMERA_3': []}",C_LEAVES,DOOR,NONE,,FACE_TO_FACE,NONE,S_RETURNS_TO_COUNTER,SERVICE_COUNTER,NONE,,WAITING,NONE,
747,1,NONE,[],"{'CAMERA_1': [], 'CAMERA_2': [], 'CAMERA_3': []}",C_ENTERS,DOOR,NONE,,WAITING,NONE,S_NONE,SERVICE_COUNTER,NONE,,WAITING,NONE,
747,2,NONE,[],"{'CAMERA_1': [], 'CAMERA_2': [], 'CAMERA_3': []}",C_GREETS,MIDDLE,NONE,hi can you help me place,WAITING,NONE,S_GREETS,MIDDLE,NONE,can I help you?,FACE_TO_FACE,NONE,
747,3,CAMERA_2,['CAMERA_2'],"{'CAMERA_1': [], 'CAMERA_2': [], 'CAMERA_3': []}",C_LOOKING_FOR_A_CAMERA,MIDDLE,NONE,I guess I'm just looking for a new camera,FACE_TO_FACE,NONE,S_INTRODUCES_CAMERA,CAMERA_2,,Let me show you this. Here we have the Fujifilm Lumix ILC Camera.,PRESENT_X,CAMERA_2,39~64
747,4,CAMERA_2,['CAMERA_2'],"{'CAMERA_1': [], 'CAMERA_2': ['resolution'], 'CAMERA_3': []}",C_SILENT_OR_BACKCHANNEL,CAMERA_2,NONE,ok,PRESENT_X,CAMERA_2,S_INTRODUCES_FEATURE,CAMERA_2,resolution,This one has 23.8 megapixels resolution.,PRESENT_X,CAMERA_2,13~28
747,5,NONE,['CAMERA_2'],"{'CAMERA_1': [], 'CAMERA_2': ['resolution'], 'CAMERA_3': []}",C_THANK_YOU,CAMERA_2,NONE,ok thanks for your help think about it,PRESENT_X,CAMERA_2,S_THANK_YOU,CAMERA_2,NONE,thank you very much.,FACE_TO_FACE,NONE,
747,6,NONE,['CAMERA_2'],"{'CAMERA_1': [], 'CAMERA_2': ['resolution'], 'CAMERA_3': []}",C_LEAVES,DOOR,NONE,,FACE_TO_FACE,NONE,S_RETURNS_TO_COUNTER,SERVICE_COUNTER,NONE,,WAITING,NONE,
748,1,NONE,[],"{'CAMERA_1': [], 'CAMERA_2': [], 'CAMERA_3': []}",C_ENTERS,DOOR,NONE,,WAITING,NONE,S_NONE,SERVICE_COUNTER,NONE,,WAITING,NONE,
748,2,NONE,[],"{'CAMERA_1': [], 'CAMERA_2': [], 'CAMERA_3': []}",C_WALKS_TO_CAMERA,CAMERA_1,NONE,,WAITING,NONE,S_GREETS,CAMERA_1,NONE,can I help you?,FACE_TO_FACE,NONE,
748,3,CAMERA_2,['CAMERA_2'],"{'CAMERA_1': [], 'CAMERA_2': [], 'CAMERA_3': []}",C_LOOKING_FOR_A_CAMERA,CAMERA_1,NONE,I'm looking for a good camera so I can take my photographs to adjust in photography,FACE_TO_FACE,NONE,S_INTRODUCES_CAMERA,CAMERA_2,,Let me show you this. Here we have the Fujifilm Lumix ILC Camera.,PRESENT_X,CAMERA_2,39~64
748,4,CAMERA_2,['CAMERA_2'],"{'CAMERA_1': [], 'CAMERA_2': ['preset_modes'], 'CAMERA_3': []}",C_QUESTION_ABOUT_FEATURE,CAMERA_2,preset_modes,is it equipped with any preset modes,PRESENT_X,CAMERA_2,S_NOT_SURE,CAMERA_2,,I'm not really sure about that.,PRESENT_X,CAMERA_2,
748,5,CAMERA_2,['CAMERA_2'],"{'CAMERA_1': [], 'CAMERA_2': ['preset_modes', 'camera_type'], 'CAMERA_3': []}",C_QUESTION_ABOUT_FEATURE,CAMERA_2,camera_type,is this a DSLR camera,PRESENT_X,CAMERA_2,S_ANSWERS_QUESTION_ABOUT_FEATURE,CAMERA_2,camera_type,This is a digital single lens mirrorless camera.,PRESENT_X,CAMERA_2,10~40
748,6,CAMERA_2,['CAMERA_2'],"{'CAMERA_1': [], 'CAMERA_2': ['preset_modes', 'camera_type', 'price'], 'CAMERA_3': []}",C_SILENT_OR_BACKCHANNEL,CAMERA_2,NONE,I get,PRESENT_X,CAMERA_2,S_INTRODUCES_FEATURE,CAMERA_2,price,This one costs $768.,PRESENT_X,CAMERA_2,15~19
748,7,NONE,['CAMERA_2'],"{'CAMERA_1': [], 'CAMERA_2': ['preset_modes', 'camera_type', 'price'], 'CAMERA_3': []}",C_THANK_YOU,CAMERA_2,NONE,okay thank you let me think about that,PRESENT_X,CAMERA_2,S_THANK_YOU,CAMERA_2,NONE,thank you very much.,FACE_TO_FACE,NONE,
748,8,NONE,['CAMERA_2'],"{'CAMERA_1': [], 'CAMERA_2': ['preset_modes', 'camera_type', 'price'], 'CAMERA_3': []}",C_LEAVES,DOOR,NONE,,FACE_TO_FACE,NONE,S_RETURNS_TO_COUNTER,SERVICE_COUNTER,NONE,,WAITING,NONE,
749,1,NONE,[],"{'CAMERA_1': [], 'CAMERA_2': [], 'CAMERA_3': []}",C_ENTERS,DOOR,NONE,,WAITING,NONE,S_NONE,SERVICE_COUNTER,NONE,,WAITING,NONE,
749,2,NONE,[],"{'CAMERA_1': [], 'CAMERA_2': [], 'CAMERA_3': []}",C_GREETS,MIDDLE,NONE,excuse me,WAITING,NONE,S_GREETS,MIDDLE,NONE,can I help you?,FACE_TO_FACE,NONE,
749,3,CAMERA_2,['CAMERA_2'],"{'CAMERA_1': [], 'CAMERA_2': [], 'CAMERA_3': []}",C_LOOKING_FOR_A_CAMERA,MIDDLE,NONE,oh honey I'm just looking to buy a camera for my high school graduation,FACE_TO_FACE,NONE,S_INTRODUCES_CAMERA,CAMERA_2,,Let me show you this. Here we have the Fujifilm Lumix ILC Camera.,PRESENT_X,CAMERA_2,39~64
749,4,CAMERA_2,['CAMERA_2'],"{'CAMERA_1': [], 'CAMERA_2': ['camera_type'], 'CAMERA_3': []}",C_QUESTION_ABOUT_FEATURE,CAMERA_2,camera_type,Is this a mirrorless camera?,PRESENT_X,CAMERA_2,S_ANSWERS_QUESTION_ABOUT_FEATURE,CAMERA_2,camera_type,This is a digital single lens mirrorless camera.,PRESENT_X,CAMERA_2,10~40
749,5,CAMERA_2,['CAMERA_2'],"{'CAMERA_1': [], 'CAMERA_2': ['camera_type', 'weight'], 'CAMERA_3': []}",C_SILENT_OR_BACKCHANNEL,CAMERA_2,NONE,ok,PRESENT_X,CAMERA_2,S_INTRODUCES_FEATURE,CAMERA_2,weight,This one weighs 820 grams.,PRESENT_X,CAMERA_2,16~25
749,6,CAMERA_2,['CAMERA_2'],"{'CAMERA_1': [], 'CAMERA_2': ['camera_type', 'weight', 'effects'], 'CAMERA_3': []}",C_QUESTION_ABOUT_FEATURE,CAMERA_2,effects,does it have any effect modes,PRESENT_X,CAMERA_2,S_ANSWERS_QUESTION_ABOUT_FEATURE,CAMERA_2,effects,"This one has 24 artistic effect modes (retro, lighter or darker skin tones, sepia, etc.).",PRESENT_X,CAMERA_2,13~88
749,7,NONE,['CAMERA_2'],"{'CAMERA_1': [], 'CAMERA_2': ['camera_type', 'weight', 'effects'], 'CAMERA_3': []}",C_THANK_YOU,CAMERA_2,NONE,thank you very much,PRESENT_X,CAMERA_2,S_THANK_YOU,CAMERA_2,NONE,thank you very much.,FACE_TO_FACE,NONE,
749,8,NONE,['CAMERA_2'],"{'CAMERA_1': [], 'CAMERA_2': ['camera_type', 'weight', 'effects'], 'CAMERA_3': []}",C_LEAVES,DOOR,NONE,,FACE_TO_FACE,NONE,S_RETURNS_TO_COUNTER,SERVICE_COUNTER,NONE,,WAITING,NONE,
750,1,NONE,[],"{'CAMERA_1': [], 'CAMERA_2': [], 'CAMERA_3': []}",C_ENTERS,DOOR,NONE,,WAITING,NONE,S_NONE,SERVICE_COUNTER,NONE,,WAITING,NONE,
750,2,NONE,[],"{'CAMERA_1': [], 'CAMERA_2': [], 'CAMERA_3': []}",C_GREETS,MIDDLE,NONE,excuse me,WAITING,NONE,S_GREETS,MIDDLE,NONE,can I help you?,FACE_TO_FACE,NONE,
750,3,CAMERA_1,['CAMERA_1'],"{'CAMERA_1': [], 'CAMERA_2': [], 'CAMERA_3': []}",C_LOOKING_FOR_A_CAMERA,MIDDLE,NONE,I'm looking to buy a new camera how loose affordable,FACE_TO_FACE,NONE,S_INTRODUCES_CAMERA,CAMERA_1,,Let me show you this. Here we have the Sony PowerShot ELPH DMC-ZS3.,PRESENT_X,CAMERA_1,39~66
750,4,CAMERA_1,['CAMERA_1'],"{'CAMERA_1': ['resolution'], 'CAMERA_2': [], 'CAMERA_3': []}",C_SILENT_OR_BACKCHANNEL,CAMERA_1,NONE,huh,PRESENT_X,CAMERA_1,S_INTRODUCES_FEATURE,CAMERA_1,resolution,This one has 17.8 megapixels resolution.,PRESENT_X,CAMERA_1,13~28
750,5,CAMERA_1,['CAMERA_1'],"{'CAMERA_1': ['resolution', 'preset_modes'], 'CAMERA_2': [], 'CAMERA_3': []}",C_QUESTION_ABOUT_FEATURE,CAMERA_1,preset_modes,the menu settings of this camera are they same as the Canon,PRESENT_X,CAMERA_1,S_NOT_SURE,CAMERA_1,,I'm not really sure about that.,PRESENT_X,CAMERA_1,
750,6,CAMERA_1,['CAMERA_1'],"{'CAMERA_1': ['resolution', 'preset_modes', 'ISO'], 'CAMERA_2': [], 'CAMERA_3': []}",C_QUESTION_ABOUT_FEATURE,CAMERA_1,ISO,how about the ISO on this,PRESENT_X,CAMERA_1,S_ANSWERS_QUESTION_ABOUT_FEATURE,CAMERA_1,ISO,This one has up to 51200 ISO.,PRESENT_X,CAMERA_1,13~28
750,7,NONE,['CAMERA_1'],"{'CAMERA_1': ['resolution', 'preset_modes', 'ISO'], 'CAMERA_2': [], 'CAMERA_3': []}",C_THANK_YOU,CAMERA_1,NONE,thank you for your help today,PRESENT_X,CAMERA_1,S_THANK_YOU,CAMERA_1,NONE,thank you very much.,FACE_TO_FACE,NONE,
750,8,NONE,['CAMERA_1'],"{'CAMERA_1': ['resolution', 'preset_modes', 'ISO'], 'CAMERA_2': [], 'CAMERA_3': []}",C_LEAVES,DOOR,NONE,,FACE_TO_FACE,NONE,S_RETURNS_TO_COUNTER,SERVICE_COUNTER,NONE,,WAITING,NONE,
751,1,NONE,[],"{'CAMERA_1': [], 'CAMERA_2': [], 'CAMERA_3': []}",C_ENTERS,DOOR,NONE,,WAITING,NONE,S_NONE,SERVICE_COUNTER,NONE,,WAITING,NONE,
751,2,NONE,[],"{'CAMERA_1': [], 'CAMERA_2': [], 'CAMERA_3': []}",C_GREETS,MIDDLE,NONE,excuse me,WAITING,NONE,S_GREETS,MIDDLE,NONE,can I help you?,FACE_TO_FACE,NONE,
751,3,CAMERA_3,['CAMERA_3'],"{'CAMERA_1': [], 'CAMERA_2': [], 'CAMERA_3': []}",C_LOOKING_FOR_A_CAMERA,MIDDLE,NONE,oh hi I'm just looking for a camera,FACE_TO_FACE,NONE,S_INTRODUCES_CAMERA,CAMERA_3,,Let me show you this. Here we have the Fujifilm PowerShot ELPH S2800.,PRESENT_X,CAMERA_3,39~68
751,4,CAMERA_3,['CAMERA_3'],"{'CAMERA_1': [], 'CAMERA_2': [], 'CAMERA_3': ['ISO']}",C_QUESTION_ABOUT_FEATURE,CAMERA_3,ISO,how is the ISO performance,PRESENT_X,CAMERA_3,S_ANSWERS_QUESTION_ABOUT_FEATURE,CAMERA_3,ISO,This one has up to 3200 ISO with little noise.,PRESENT_X,CAMERA_3,13~45
751,5,CAMERA_3,['CAMERA_3'],"{'CAMERA_1': [], 'CAMERA_2': [], 'CAMERA_3': ['ISO', 'optical_zoom']}",C_QUESTION_ABOUT_FEATURE,CAMERA_3,optical_zoom,okay can you tell me what optical zoom it has,PRESENT_X,CAMERA_3,S_NOT_SURE,CAMERA_3,,I'm not really sure about that.,PRESENT_X,CAMERA_3,
751,6,CAMERA_3,['CAMERA_3'],"{'CAMERA_1': [], 'CAMERA_2': [], 'CAMERA_3': ['ISO', 'optical_zoom', 'long_exposure']}",C_QUESTION_ABOUT_FEATURE,CAMERA_3,long_exposure,ok what about the long exposure rate how good is that,PRESENT_X,CAMERA_3,S_ANSWERS_QUESTION_ABOUT_FEATURE,CAMERA_3,long_exposure,This one can take long exposures up to 30 minutes max with bulb mode.,PRESENT_X,CAMERA_3,39~68
751,7,NONE,['CAMERA_3'],"{'CAMERA_1': [], 'CAMERA_2': [], 'CAMERA_3': ['ISO', 'optical_zoom', 'long_exposure']}",C_THANK_YOU,CAMERA_3,NONE,thank you for your help,PRESENT_X,CAMERA_3,S_THANK_YOU,CAMERA_3,NONE,thank you very much.,FACE_TO_FACE,NONE,
751,8,NONE,['CAMERA_3'],"{'CAMERA_1': [], 'CAMERA_2': [], 'CAMERA_3': ['ISO', 'optical_zoom', 'long_exposure']}",C_LEAVES,DOOR,NONE,,FACE_TO_FACE,NONE,S_RETURNS_TO_COUNTER,SERVICE_COUNTER,NONE,,WAITING,NONE,
752,1,NONE,[],"{'CAMERA_1': [], 'CAMERA_2': [], 'CAMERA_3': []}",C_ENTERS,DOOR,NONE,,WAITING,NONE,S_NONE,SERVICE_COUNTER,NONE,,WAITING,NONE,
752,2,NONE,[],"{'CAMERA_1': [], 'CAMERA_2': [], 'CAMERA_3': []}",C_WALKS_TO_CAMERA,CAMERA_1,NONE,,WAITING,NONE,S_GREETS,CAMERA_1,NONE,can I help you?,FACE_TO_FACE,NONE,
752,3,CAMERA_2,['CAMERA_2'],"{'CAMERA_1': [], 'CAMERA_2': [], 'CAMERA_3': []}",C_LOOKING_FOR_A_CAMERA,CAMERA_1,NONE,you know I want a good camera can you suggest me,FACE_TO_FACE,NONE,S_INTRODUCES_CAMERA,CAMERA_2,,Let me show you this. Here we have the Fujifilm Lumix ILC Camera.,PRESENT_X,CAMERA_2,39~64
752,4,CAMERA_2,['CAMERA_2'],"{'CAMERA_1': [], 'CAMERA_2': ['optical_zoom'], 'CAMERA_3': []}",C_QUESTION_ABOUT_FEATURE,CAMERA_2,optical_zoom,what what is the what is the of the optical zoom how does it work how far can I zoom,PRESENT_X,CAMERA_2,S_ANSWERS_QUESTION_ABOUT_FEATURE,CAMERA_2,optical_zoom,This one has 21x optical zoom.,PRESENT_X,CAMERA_2,13~29
752,5,CAMERA_2,['CAMERA_2'],"{'CAMERA_1': [], 'CAMERA_2': ['optical_zoom', 'ISO'], 'CAMERA_3': []}",C_QUESTION_ABOUT_FEATURE,CAMERA_2,ISO,Gavin the other camera ISO,PRESENT_X,CAMERA_2,S_NOT_SURE,CAMERA_2,,I'm not really sure about that.,PRESENT_X,CAMERA_2,
752,6,CAMERA_2,['CAMERA_2'],"{'CAMERA_1': [], 'CAMERA_2': ['optical_zoom', 'ISO', 'color'], 'CAMERA_3': []}",C_QUESTION_ABOUT_FEATURE,CAMERA_2,color,yeah okay and how many colors does it come in,PRESENT_X,CAMERA_2,S_ANSWERS_QUESTION_ABOUT_FEATURE,CAMERA_2,color,This one comes in white or pink.,PRESENT_X,CAMERA_2,18~31
752,7,CAMERA_2,['CAMERA_2'],"{'CAMERA_1': [], 'CAMERA_2': ['optical_zoom', 'ISO', 'color', 'resolution'], 'CAMERA_3': []}",C_QUESTION_ABOUT_FEATURE,CAMERA_2,resolution,What is the resolution on this camera,PRESENT_X,CAMERA_2,S_ANSWERS_QUESTION_ABOUT_FEATURE,CAMERA_2,resolution,This one has 23.8 megapixels resolution.,PRESENT_X,CAMERA_2,13~28
752,8,CAMERA_2,['CAMERA_2'],"{'CAMERA_1': [], 'CAMERA_2': ['optical_zoom', 'ISO', 'color', 'resolution', 'price'], 'CAMERA_3': []}",C_QUESTION_ABOUT_FEATURE,CAMERA_2,price,how much does this cost,PRESENT_X,CAMERA_2,S_ANSWERS_QUESTION_ABOUT_FEATURE,CAMERA_2,price,This one costs $768.,PRESENT_X,CAMERA_2,15~19
752,9,CAMERA_2,['CAMERA_2'],"{'CAMERA_1': [], 'CAMERA_2': ['optical_zoom', 'ISO', 'color', 'resolution', 'price', 'effects'], 'CAMERA_3': []}",C_SILENT_OR_BACKCHANNEL,CAMERA_2,NONE,wow these cameras look so nice,PRESENT_X,CAMERA_2,S_INTRODUCES_FEATURE,CAMERA_2,effects,"This one has 24 artistic effect modes (retro, lighter or darker skin tones, sepia, etc.).",PRESENT_X,CAMERA_2,13~88
752,10,CAMERA_2,['CAMERA_2'],"{'CAMERA_1': [], 'CAMERA_2': ['optical_zoom', 'ISO', 'color', 'resolution', 'price', 'effects', 'sensor_size'], 'CAMERA_3': []}",C_SILENT_OR_BACKCHANNEL,CAMERA_2,NONE,IC,PRESENT_X,CAMERA_2,S_INTRODUCES_FEATURE,CAMERA_2,sensor_size,This one has a 1/2.33 inch sensor.,PRESENT_X,CAMERA_2,15~33
752,11,NONE,['CAMERA_2'],"{'CAMERA_1': [], 'CAMERA_2': ['optical_zoom', 'ISO', 'color', 'resolution', 'price', 'effects', 'sensor_size'], 'CAMERA_3': []}",C_THANK_YOU,CAMERA_2,NONE,okay thank you very much,PRESENT_X,CAMERA_2,S_THANK_YOU,CAMERA_2,NONE,thank you very much.,FACE_TO_FACE,NONE,
752,12,NONE,['CAMERA_2'],"{'CAMERA_1': [], 'CAMERA_2': ['optical_zoom', 'ISO', 'color', 'resolution', 'price', 'effects', 'sensor_size'], 'CAMERA_3': []}",C_LEAVES,DOOR,NONE,,FACE_TO_FACE,NONE,S_RETURNS_TO_COUNTER,SERVICE_COUNTER,NONE,,WAITING,NONE,
753,1,NONE,[],"{'CAMERA_1': [], 'CAMERA_2': [], 'CAMERA_3': []}",C_ENTERS,DOOR,NONE,,WAITING,NONE,S_NONE,SERVICE_COUNTER,NONE,,WAITING,NONE,
753,2,NONE,[],"{'CAMERA_1': [], 'CAMERA_2': [], 'CAMERA_3': []}",C_WALKS_TO_CAMERA,CAMERA_3,NONE,,WAITING,NONE,S_GREETS,CAMERA_3,NONE,can I help you?,FACE_TO_FACE,NONE,
753,3,CAMERA_1,['CAMERA_1'],"{'CAMERA_1': [], 'CAMERA_2': [], 'CAMERA_3': []}",C_LOOKING_FOR_A_CAMERA,CAMERA_3,NONE,I want a All Around camera I try to use my smartphone but the pictures don't come out so good,FACE_TO_FACE,NONE,S_INTRODUCES_CAMERA,CAMERA_1,,Let me show you this. Here we have the Sony PowerShot ELPH DMC-ZS3.,PRESENT_X,CAMERA_1,39~66
753,4,CAMERA_1,['CAMERA_1'],"{'CAMERA_1': ['sensor_size'], 'CAMERA_2': [], 'CAMERA_3': []}",C_SILENT_OR_BACKCHANNEL,CAMERA_1,NONE,I see AA ok,PRESENT_X,CAMERA_1,S_INTRODUCES_FEATURE,CAMERA_1,sensor_size,This one has a 1/2.3 inch CMOS sensor.,PRESENT_X,CAMERA_1,15~37
753,5,CAMERA_3,"['CAMERA_1', 'CAMERA_3']","{'CAMERA_1': ['sensor_size'], 'CAMERA_2': [], 'CAMERA_3': []}",C_ANYTHING_ELSE_AVAILABLE,CAMERA_1,NONE,oh I see that's very interesting do you have any other cameras that you can recommend me,PRESENT_X,CAMERA_1,S_INTRODUCES_CAMERA,CAMERA_3,,Let me show you this. Here we have the Fujifilm PowerShot ELPH S2800.,PRESENT_X,CAMERA_3,39~68
753,6,CAMERA_3,"['CAMERA_1', 'CAMERA_3']","{'CAMERA_1': ['sensor_size'], 'CAMERA_2': [], 'CAMERA_3': ['color']}",C_QUESTION_ABOUT_FEATURE,CAMERA_3,color,silver so boring though this come in any other colors,PRESENT_X,CAMERA_3,S_ANSWERS_QUESTION_ABOUT_FEATURE,CAMERA_3,color,"This one comes in purple, white, silver, blue, red, or pink.",PRESENT_X,CAMERA_3,18~59
753,7,CAMERA_3,"['CAMERA_1', 'CAMERA_3']","{'CAMERA_1': ['sensor_size'], 'CAMERA_2': [], 'CAMERA_3': ['color', 'autofocus_points']}",C_QUESTION_ABOUT_FEATURE,CAMERA_3,autofocus_points,yeah I'm wondering how many auto focus points does this camera have,PRESENT_X,CAMERA_3,S_ANSWERS_QUESTION_ABOUT_FEATURE,CAMERA_3,autofocus_points,This one has 214 autofocus points.,PRESENT_X,CAMERA_3,13~33
753,8,CAMERA_2,"['CAMERA_1', 'CAMERA_3', 'CAMERA_2']","{'CAMERA_1': ['sensor_size'], 'CAMERA_2': [], 'CAMERA_3': ['color', 'autofocus_points']}",C_ANYTHING_ELSE_AVAILABLE,CAMERA_3,NONE,do you have any other cameras with preset mode,PRESENT_X,CAMERA_3,S_INTRODUCES_CAMERA,CAMERA_2,,Let me show you this. Here we have the Fujifilm Lumix ILC Camera.,PRESENT_X,CAMERA_2,39~64
753,9,CAMERA_2,"['CAMERA_1', 'CAMERA_3', 'CAMERA_2']","{'CAMERA_1': ['sensor_size'], 'CAMERA_2': ['color'], 'CAMERA_3': ['color', 'autofocus_points']}",C_QUESTION_ABOUT_FEATURE,CAMERA_2,color,how many colors does it come in,PRESENT_X,CAMERA_2,S_ANSWERS_QUESTION_ABOUT_FEATURE,CAMERA_2,color,This one comes in white or pink.,PRESENT_X,CAMERA_2,18~31
753,10,CAMERA_2,"['CAMERA_1', 'CAMERA_3', 'CAMERA_2']","{'CAMERA_1': ['sensor_size'], 'CAMERA_2': ['color', 'settings'], 'CAMERA_3': ['color', 'autofocus_points']}",C_SILENT_OR_BACKCHANNEL,CAMERA_2,NONE,oh yeah ok,PRESENT_X,CAMERA_2,S_INTRODUCES_FEATURE,CAMERA_2,settings,"This one has manual control and various automatic settings (video modeburst shooting, etc.).",PRESENT_X,CAMERA_2,13~91
753,11,,"['CAMERA_1', 'CAMERA_3', 'CAMERA_2']","{'CAMERA_1': ['sensor_size'], 'CAMERA_2': ['color', 'settings'], 'CAMERA_3': ['color', 'autofocus_points']}",C_ANYTHING_ELSE_AVAILABLE,CAMERA_2,NONE,Do you have any other cameras under $300,PRESENT_X,CAMERA_2,S_THATS_ALL_WE_HAVE_AVAILABLE,CAMERA_2,,That's all we have available at the moment.,PRESENT_X,CAMERA_2,
753,12,NONE,"['CAMERA_1', 'CAMERA_3', 'CAMERA_2']","{'CAMERA_1': ['sensor_size'], 'CAMERA_2': ['color', 'settings'], 'CAMERA_3': ['color', 'autofocus_points']}",C_THANK_YOU,CAMERA_2,NONE,I could work with something that yeah okay thanks for your help,PRESENT_X,CAMERA_2,S_THANK_YOU,CAMERA_2,NONE,thank you very much.,FACE_TO_FACE,NONE,
753,13,NONE,"['CAMERA_1', 'CAMERA_3', 'CAMERA_2']","{'CAMERA_1': ['sensor_size'], 'CAMERA_2': ['color', 'settings'], 'CAMERA_3': ['color', 'autofocus_points']}",C_LEAVES,DOOR,NONE,,FACE_TO_FACE,NONE,S_RETURNS_TO_COUNTER,SERVICE_COUNTER,NONE,,WAITING,NONE,
754,1,NONE,[],"{'CAMERA_1': [], 'CAMERA_2': [], 'CAMERA_3': []}",C_ENTERS,DOOR,NONE,,WAITING,NONE,S_NONE,SERVICE_COUNTER,NONE,,WAITING,NONE,
754,2,NONE,[],"{'CAMERA_1': [], 'CAMERA_2': [], 'CAMERA_3': []}",C_GREETS,MIDDLE,NONE,excuse me how large is the sensor on this camera,WAITING,NONE,S_GREETS,MIDDLE,NONE,can I help you?,FACE_TO_FACE,NONE,
754,3,CAMERA_3,['CAMERA_3'],"{'CAMERA_1': [], 'CAMERA_2': [], 'CAMERA_3': []}",C_LOOKING_FOR_A_CAMERA,MIDDLE,NONE,Yes simple point and shoot but I'm looking for something nicer,FACE_TO_FACE,NONE,S_INTRODUCES_CAMERA,CAMERA_3,,Let me show you this. Here we have the Fujifilm PowerShot ELPH S2800.,PRESENT_X,CAMERA_3,39~68
754,4,CAMERA_3,['CAMERA_3'],"{'CAMERA_1': [], 'CAMERA_2': [], 'CAMERA_3': ['preset_modes']}",C_QUESTION_ABOUT_FEATURE,CAMERA_3,preset_modes,Is this support preset mode,PRESENT_X,CAMERA_3,S_ANSWERS_QUESTION_ABOUT_FEATURE,CAMERA_3,preset_modes,This one has various preset modes.,PRESENT_X,CAMERA_3,13~33
754,5,NONE,['CAMERA_3'],"{'CAMERA_1': [], 'CAMERA_2': [], 'CAMERA_3': ['preset_modes']}",C_THANK_YOU,CAMERA_3,NONE,thank you,PRESENT_X,CAMERA_3,S_THANK_YOU,CAMERA_3,NONE,thank you very much.,FACE_TO_FACE,NONE,
754,6,NONE,['CAMERA_3'],"{'CAMERA_1': [], 'CAMERA_2': [], 'CAMERA_3': ['preset_modes']}",C_LEAVES,DOOR,NONE,,FACE_TO_FACE,NONE,S_RETURNS_TO_COUNTER,SERVICE_COUNTER,NONE,,WAITING,NONE,
755,1,NONE,[],"{'CAMERA_1': [], 'CAMERA_2': [], 'CAMERA_3': []}",C_ENTERS,DOOR,NONE,,WAITING,NONE,S_NONE,SERVICE_COUNTER,NONE,,WAITING,NONE,
755,2,NONE,[],"{'CAMERA_1': [], 'CAMERA_2': [], 'CAMERA_3': []}",C_WALKS_TO_CAMERA,CAMERA_1,NONE,,WAITING,NONE,S_NONE,SERVICE_COUNTER,NONE,,WAITING,NONE,
755,3,CAMERA_1,['CAMERA_1'],"{'CAMERA_1': ['price'], 'CAMERA_2': [], 'CAMERA_3': []}",C_QUESTION_ABOUT_FEATURE,CAMERA_1,price,oh really how much is it,WAITING,NONE,S_ANSWERS_QUESTION_ABOUT_FEATURE,CAMERA_1,price,This one costs $450.,PRESENT_X,CAMERA_1,15~19
755,4,CAMERA_1,['CAMERA_1'],"{'CAMERA_1': ['price', 'optical_zoom'], 'CAMERA_2': [], 'CAMERA_3': []}",C_QUESTION_ABOUT_FEATURE,CAMERA_1,optical_zoom,what about the optical zoom,PRESENT_X,CAMERA_1,S_ANSWERS_QUESTION_ABOUT_FEATURE,CAMERA_1,optical_zoom,This one has 21x optical zoom.,PRESENT_X,CAMERA_1,13~29
755,5,CAMERA_1,['CAMERA_1'],"{'CAMERA_1': ['price', 'optical_zoom', 'sensor_size'], 'CAMERA_2': [], 'CAMERA_3': []}",C_QUESTION_ABOUT_FEATURE,CAMERA_1,sensor_size,this camera looks quite heavy compared to the smaller ones but how big is the sensor on it,PRESENT_X,CAMERA_1,S_ANSWERS_QUESTION_ABOUT_FEATURE,CAMERA_1,sensor_size,This one has a 1/2.3 inch CMOS sensor.,PRESENT_X,CAMERA_1,15~37
755,6,CAMERA_3,"['CAMERA_1', 'CAMERA_3']","{'CAMERA_1': ['price', 'optical_zoom', 'sensor_size'], 'CAMERA_2': [], 'CAMERA_3': []}",C_ANYTHING_ELSE_AVAILABLE,CAMERA_1,NONE,maybe did you have a another camera you recommend,PRESENT_X,CAMERA_1,S_INTRODUCES_CAMERA,CAMERA_3,,Let me show you this. Here we have the Fujifilm PowerShot ELPH S2800.,PRESENT_X,CAMERA_3,39~68
755,7,CAMERA_3,"['CAMERA_1', 'CAMERA_3']","{'CAMERA_1': ['price', 'optical_zoom', 'sensor_size'], 'CAMERA_2': [], 'CAMERA_3': ['long_exposure']}",C_QUESTION_ABOUT_FEATURE,CAMERA_3,long_exposure,okay I see and has synthesizes and long exposures in manual settings on spreading good camera,PRESENT_X,CAMERA_3,S_ANSWERS_QUESTION_ABOUT_FEATURE,CAMERA_3,long_exposure,This one can take long exposures up to 30 minutes max with bulb mode.,PRESENT_X,CAMERA_3,39~68
755,8,CAMERA_2,"['CAMERA_1', 'CAMERA_3', 'CAMERA_2']","{'CAMERA_1': ['price', 'optical_zoom', 'sensor_size'], 'CAMERA_2': [], 'CAMERA_3': ['long_exposure']}",C_ANYTHING_ELSE_AVAILABLE,CAMERA_3,NONE,do you have any other cameras like this,PRESENT_X,CAMERA_3,S_INTRODUCES_CAMERA,CAMERA_2,,Let me show you this. Here we have the Fujifilm Lumix ILC Camera.,PRESENT_X,CAMERA_2,39~64
755,9,CAMERA_2,"['CAMERA_1', 'CAMERA_3', 'CAMERA_2']","{'CAMERA_1': ['price', 'optical_zoom', 'sensor_size'], 'CAMERA_2': ['preset_modes'], 'CAMERA_3': ['long_exposure']}",C_QUESTION_ABOUT_FEATURE,CAMERA_2,preset_modes,Does camera support for preset Morsi,PRESENT_X,CAMERA_2,S_NOT_SURE,CAMERA_2,,I'm not really sure about that.,PRESENT_X,CAMERA_2,
755,10,NONE,"['CAMERA_1', 'CAMERA_3', 'CAMERA_2']","{'CAMERA_1': ['price', 'optical_zoom', 'sensor_size'], 'CAMERA_2': ['preset_modes'], 'CAMERA_3': ['long_exposure']}",C_THANK_YOU,CAMERA_2,NONE,thank you,PRESENT_X,CAMERA_2,S_THANK_YOU,CAMERA_2,NONE,thank you very much.,FACE_TO_FACE,NONE,
755,11,NONE,"['CAMERA_1', 'CAMERA_3', 'CAMERA_2']","{'CAMERA_1': ['price', 'optical_zoom', 'sensor_size'], 'CAMERA_2': ['preset_modes'], 'CAMERA_3': ['long_exposure']}",C_LEAVES,DOOR,NONE,,FACE_TO_FACE,NONE,S_RETURNS_TO_COUNTER,SERVICE_COUNTER,NONE,,WAITING,NONE,
756,1,NONE,[],"{'CAMERA_1': [], 'CAMERA_2': [], 'CAMERA_3': []}",C_ENTERS,DOOR,NONE,,WAITING,NONE,S_NONE,SERVICE_COUNTER,NONE,,WAITING,NONE,
756,2,NONE,[],"{'CAMERA_1': [], 'CAMERA_2': [], 'CAMERA_3': []}",C_GREETS,MIDDLE,NONE,use me,WAITING,NONE,S_GREETS,MIDDLE,NONE,can I help you?,FACE_TO_FACE,NONE,
756,3,CAMERA_3,['CAMERA_3'],"{'CAMERA_1': [], 'CAMERA_2': [], 'CAMERA_3': []}",C_LOOKING_FOR_A_CAMERA,MIDDLE,NONE,I am looking for a camera with them filters on it,FACE_TO_FACE,NONE,S_INTRODUCES_CAMERA,CAMERA_3,,Let me show you this. Here we have the Fujifilm PowerShot ELPH S2800.,PRESENT_X,CAMERA_3,39~68
756,4,CAMERA_3,['CAMERA_3'],"{'CAMERA_1': [], 'CAMERA_2': [], 'CAMERA_3': ['camera_type']}",C_QUESTION_ABOUT_FEATURE,CAMERA_3,camera_type,is this a DSLR camera,PRESENT_X,CAMERA_3,S_ANSWERS_QUESTION_ABOUT_FEATURE,CAMERA_3,camera_type,This is a point and shoot camera.,PRESENT_X,CAMERA_3,10~25
756,5,CAMERA_3,['CAMERA_3'],"{'CAMERA_1': [], 'CAMERA_2': [], 'CAMERA_3': ['camera_type', 'resolution']}",C_QUESTION_ABOUT_FEATURE,CAMERA_3,resolution,what about the resolution of this,PRESENT_X,CAMERA_3,S_ANSWERS_QUESTION_ABOUT_FEATURE,CAMERA_3,resolution,This one has 23.2 megapixels resolution.,PRESENT_X,CAMERA_3,13~28
756,6,CAMERA_3,['CAMERA_3'],"{'CAMERA_1': [], 'CAMERA_2': [], 'CAMERA_3': ['camera_type', 'resolution', 'autofocus_points']}",C_QUESTION_ABOUT_FEATURE,CAMERA_3,autofocus_points,oh I see and what about the autofocus points and the ISO,PRESENT_X,CAMERA_3,S_ANSWERS_QUESTION_ABOUT_FEATURE,CAMERA_3,autofocus_points,This one has 214 autofocus points.,PRESENT_X,CAMERA_3,13~33
756,7,CAMERA_2,"['CAMERA_3', 'CAMERA_2']","{'CAMERA_1': [], 'CAMERA_2': [], 'CAMERA_3': ['camera_type', 'resolution', 'autofocus_points']}",C_ANYTHING_ELSE_AVAILABLE,CAMERA_3,NONE,ok do you have any other cameras,PRESENT_X,CAMERA_3,S_INTRODUCES_CAMERA,CAMERA_2,,Let me show you this. Here we have the Fujifilm Lumix ILC Camera.,PRESENT_X,CAMERA_2,39~64
756,8,CAMERA_2,"['CAMERA_3', 'CAMERA_2']","{'CAMERA_1': [], 'CAMERA_2': ['price'], 'CAMERA_3': ['camera_type', 'resolution', 'autofocus_points']}",C_QUESTION_ABOUT_FEATURE,CAMERA_2,price,how much is this,PRESENT_X,CAMERA_2,S_ANSWERS_QUESTION_ABOUT_FEATURE,CAMERA_2,price,This one costs $768.,PRESENT_X,CAMERA_2,15~19
756,9,CAMERA_2,"['CAMERA_3', 'CAMERA_2']","{'CAMERA_1': [], 'CAMERA_2': ['price', 'settings'], 'CAMERA_3': ['camera_type', 'resolution', 'autofocus_points']}",C_QUESTION_ABOUT_FEATURE,CAMERA_2,settings,is this full manual camera,PRESENT_X,CAMERA_2,S_ANSWERS_QUESTION_ABOUT_FEATURE,CAMERA_2,settings,"This one has manual control and various automatic settings (video modeburst shooting, etc.).",PRESENT_X,CAMERA_2,13~91
756,10,CAMERA_1,"['CAMERA_3', 'CAMERA_2', 'CAMERA_1']","{'CAMERA_1': [], 'CAMERA_2': ['price', 'settings'], 'CAMERA_3': ['camera_type', 'resolution', 'autofocus_points']}",C_ANYTHING_ELSE_AVAILABLE,CAMERA_2,NONE,do you have anything better than this,PRESENT_X,CAMERA_2,S_INTRODUCES_CAMERA,CAMERA_1,,Let me show you this. Here we have the Sony PowerShot ELPH DMC-ZS3.,PRESENT_X,CAMERA_1,39~66
756,11,CAMERA_1,"['CAMERA_3', 'CAMERA_2', 'CAMERA_1']","{'CAMERA_1': ['preset_modes'], 'CAMERA_2': ['price', 'settings'], 'CAMERA_3': ['camera_type', 'resolution', 'autofocus_points']}",C_QUESTION_ABOUT_FEATURE,CAMERA_1,preset_modes,does it have like candle mode,PRESENT_X,CAMERA_1,S_NOT_SURE,CAMERA_1,,I'm not really sure about that.,PRESENT_X,CAMERA_1,
756,12,CAMERA_1,"['CAMERA_3', 'CAMERA_2', 'CAMERA_1']","{'CAMERA_1': ['preset_modes', 'effects'], 'CAMERA_2': ['price', 'settings'], 'CAMERA_3': ['camera_type', 'resolution', 'autofocus_points']}",C_SILENT_OR_BACKCHANNEL,CAMERA_1,NONE,okay,PRESENT_X,CAMERA_1,S_INTRODUCES_FEATURE,CAMERA_1,effects,"This one has 24 glamor retouch effects (miniature, retro, toy camera, etc.).",PRESENT_X,CAMERA_1,13~75
756,13,,"['CAMERA_3', 'CAMERA_2', 'CAMERA_1']","{'CAMERA_1': ['preset_modes', 'effects'], 'CAMERA_2': ['price', 'settings'], 'CAMERA_3': ['camera_type', 'resolution', 'autofocus_points']}",C_ANYTHING_ELSE_AVAILABLE,CAMERA_1,NONE,oh I see that's very interesting do you have any other cameras that you can recommend me,PRESENT_X,CAMERA_1,S_THATS_ALL_WE_HAVE_AVAILABLE,CAMERA_1,,That's all we have available at the moment.,PRESENT_X,CAMERA_1,
756,14,NONE,"['CAMERA_3', 'CAMERA_2', 'CAMERA_1']","{'CAMERA_1': ['preset_modes', 'effects'], 'CAMERA_2': ['price', 'settings'], 'CAMERA_3': ['camera_type', 'resolution', 'autofocus_points']}",C_THANK_YOU,CAMERA_1,NONE,ok thanks,PRESENT_X,CAMERA_1,S_THANK_YOU,CAMERA_1,NONE,thank you very much.,FACE_TO_FACE,NONE,
756,15,NONE,"['CAMERA_3', 'CAMERA_2', 'CAMERA_1']","{'CAMERA_1': ['preset_modes', 'effects'], 'CAMERA_2': ['price', 'settings'], 'CAMERA_3': ['camera_type', 'resolution', 'autofocus_points']}",C_LEAVES,DOOR,NONE,,FACE_TO_FACE,NONE,S_RETURNS_TO_COUNTER,SERVICE_COUNTER,NONE,,WAITING,NONE,
757,1,NONE,[],"{'CAMERA_1': [], 'CAMERA_2': [], 'CAMERA_3': []}",C_ENTERS,DOOR,NONE,,WAITING,NONE,S_NONE,SERVICE_COUNTER,NONE,,WAITING,NONE,
757,2,NONE,[],"{'CAMERA_1': [], 'CAMERA_2': [], 'CAMERA_3': []}",C_GREETS,MIDDLE,NONE,excuse me,WAITING,NONE,S_GREETS,MIDDLE,NONE,can I help you?,FACE_TO_FACE,NONE,
757,3,CAMERA_2,['CAMERA_2'],"{'CAMERA_1': [], 'CAMERA_2': [], 'CAMERA_3': []}",C_LOOKING_FOR_A_CAMERA,MIDDLE,NONE,hello I'm looking for a camera with very high is so can you recommend one for me,FACE_TO_FACE,NONE,S_INTRODUCES_CAMERA,CAMERA_2,,Let me show you this. Here we have the Fujifilm Lumix ILC Camera.,PRESENT_X,CAMERA_2,39~64
757,4,CAMERA_2,['CAMERA_2'],"{'CAMERA_1': [], 'CAMERA_2': ['autofocus_points'], 'CAMERA_3': []}",C_QUESTION_ABOUT_FEATURE,CAMERA_2,autofocus_points,what is the auto focus points for this camera,PRESENT_X,CAMERA_2,S_NOT_SURE,CAMERA_2,,I'm not really sure about that.,PRESENT_X,CAMERA_2,
757,5,CAMERA_2,['CAMERA_2'],"{'CAMERA_1': [], 'CAMERA_2': ['autofocus_points', 'ISO'], 'CAMERA_3': []}",C_QUESTION_ABOUT_FEATURE,CAMERA_2,ISO,how is the ISO performance,PRESENT_X,CAMERA_2,S_NOT_SURE,CAMERA_2,,I'm not really sure about that.,PRESENT_X,CAMERA_2,
757,6,CAMERA_1,"['CAMERA_2', 'CAMERA_1']","{'CAMERA_1': [], 'CAMERA_2': ['autofocus_points', 'ISO'], 'CAMERA_3': []}",C_ANYTHING_ELSE_AVAILABLE,CAMERA_2,NONE,Do you have any other cameras under $300,PRESENT_X,CAMERA_2,S_INTRODUCES_CAMERA,CAMERA_1,,Let me show you this. Here we have the Sony PowerShot ELPH DMC-ZS3.,PRESENT_X,CAMERA_1,39~66
757,7,CAMERA_1,"['CAMERA_2', 'CAMERA_1']","{'CAMERA_1': ['settings'], 'CAMERA_2': ['autofocus_points', 'ISO'], 'CAMERA_3': []}",C_SILENT_OR_BACKCHANNEL,CAMERA_1,NONE,that's good,PRESENT_X,CAMERA_1,S_INTRODUCES_FEATURE,CAMERA_1,settings,This one has limited manual settings.,PRESENT_X,CAMERA_1,13~36
757,8,NONE,"['CAMERA_2', 'CAMERA_1']","{'CAMERA_1': ['settings'], 'CAMERA_2': ['autofocus_points', 'ISO'], 'CAMERA_3': []}",C_THANK_YOU,CAMERA_1,NONE,okay thank you very much,PRESENT_X,CAMERA_1,S_THANK_YOU,CAMERA_1,NONE,thank you very much.,FACE_TO_FACE,NONE,
757,9,NONE,"['CAMERA_2', 'CAMERA_1']","{'CAMERA_1': ['settings'], 'CAMERA_2': ['autofocus_points', 'ISO'], 'CAMERA_3': []}",C_LEAVES,DOOR,NONE,,FACE_TO_FACE,NONE,S_RETURNS_TO_COUNTER,SERVICE_COUNTER,NONE,,WAITING,NONE,
758,1,NONE,[],"{'CAMERA_1': [], 'CAMERA_2': [], 'CAMERA_3': []}",C_ENTERS,DOOR,NONE,,WAITING,NONE,S_NONE,SERVICE_COUNTER,NONE,,WAITING,NONE,
758,2,NONE,[],"{'CAMERA_1': [], 'CAMERA_2': [], 'CAMERA_3': []}",C_WALKS_TO_CAMERA,CAMERA_2,NONE,,WAITING,NONE,S_GREETS,CAMERA_2,NONE,can I help you?,FACE_TO_FACE,NONE,
758,3,CAMERA_1,['CAMERA_1'],"{'CAMERA_1': [], 'CAMERA_2': [], 'CAMERA_3': []}",C_LOOKING_FOR_A_CAMERA,CAMERA_2,NONE,ho hey just looking for a camera something more high end,FACE_TO_FACE,NONE,S_INTRODUCES_CAMERA,CAMERA_1,,Let me show you this. Here we have the Sony PowerShot ELPH DMC-ZS3.,PRESENT_X,CAMERA_1,39~66
758,4,CAMERA_1,['CAMERA_1'],"{'CAMERA_1': ['resolution'], 'CAMERA_2': [], 'CAMERA_3': []}",C_SILENT_OR_BACKCHANNEL,CAMERA_1,NONE,okay,PRESENT_X,CAMERA_1,S_INTRODUCES_FEATURE,CAMERA_1,resolution,This one has 17.8 megapixels resolution.,PRESENT_X,CAMERA_1,13~28
758,5,CAMERA_1,['CAMERA_1'],"{'CAMERA_1': ['resolution', 'color'], 'CAMERA_2': [], 'CAMERA_3': []}",C_SILENT_OR_BACKCHANNEL,CAMERA_1,NONE,you're actually it's the way is feels really nice,PRESENT_X,CAMERA_1,S_INTRODUCES_FEATURE,CAMERA_1,color,This one comes in blue or black.,PRESENT_X,CAMERA_1,18~31
758,6,NONE,['CAMERA_1'],"{'CAMERA_1': ['resolution', 'color'], 'CAMERA_2': [], 'CAMERA_3': []}",C_THANK_YOU,CAMERA_1,NONE,okay thanks,PRESENT_X,CAMERA_1,S_THANK_YOU,CAMERA_1,NONE,thank you very much.,FACE_TO_FACE,NONE,
758,7,NONE,['CAMERA_1'],"{'CAMERA_1': ['resolution', 'color'], 'CAMERA_2': [], 'CAMERA_3': []}",C_LEAVES,DOOR,NONE,,FACE_TO_FACE,NONE,S_RETURNS_TO_COUNTER,SERVICE_COUNTER,NONE,,WAITING,NONE,
759,1,NONE,[],"{'CAMERA_1': [], 'CAMERA_2': [], 'CAMERA_3': []}",C_ENTERS,DOOR,NONE,,WAITING,NONE,S_NONE,SERVICE_COUNTER,NONE,,WAITING,NONE,
759,2,NONE,[],"{'CAMERA_1': [], 'CAMERA_2': [], 'CAMERA_3': []}",C_WALKS_TO_CAMERA,CAMERA_2,NONE,,WAITING,NONE,S_NONE,SERVICE_COUNTER,NONE,,WAITING,NONE,
759,3,CAMERA_2,['CAMERA_2'],"{'CAMERA_1': [], 'CAMERA_2': ['effects'], 'CAMERA_3': []}",C_QUESTION_ABOUT_FEATURE,CAMERA_2,effects,and how does the artistic effect Mode work,WAITING,NONE,S_ANSWERS_QUESTION_ABOUT_FEATURE,CAMERA_2,effects,"This one has 24 artistic effect modes (retro, lighter or darker skin tones, sepia, etc.).",PRESENT_X,CAMERA_2,13~88
759,4,CAMERA_2,['CAMERA_2'],"{'CAMERA_1': [], 'CAMERA_2': ['effects', 'camera_type'], 'CAMERA_3': []}",C_SILENT_OR_BACKCHANNEL,CAMERA_2,NONE,I see AA ok,PRESENT_X,CAMERA_2,S_INTRODUCES_FEATURE,CAMERA_2,camera_type,This is a digital single lens mirrorless camera.,PRESENT_X,CAMERA_2,10~40
759,5,CAMERA_2,['CAMERA_2'],"{'CAMERA_1': [], 'CAMERA_2': ['effects', 'camera_type', 'weight'], 'CAMERA_3': []}",C_QUESTION_ABOUT_FEATURE,CAMERA_2,weight,the weight,PRESENT_X,CAMERA_2,S_ANSWERS_QUESTION_ABOUT_FEATURE,CAMERA_2,weight,This one weighs 820 grams.,PRESENT_X,CAMERA_2,16~25
759,6,CAMERA_2,['CAMERA_2'],"{'CAMERA_1': [], 'CAMERA_2': ['effects', 'camera_type', 'weight', 'autofocus_points'], 'CAMERA_3': []}",C_QUESTION_ABOUT_FEATURE,CAMERA_2,autofocus_points,oh I see and what about the autofocus points and the ISO,PRESENT_X,CAMERA_2,S_NOT_SURE,CAMERA_2,,I'm not really sure about that.,PRESENT_X,CAMERA_2,
759,7,CAMERA_2,['CAMERA_2'],"{'CAMERA_1': [], 'CAMERA_2': ['effects', 'camera_type', 'weight', 'autofocus_points', 'price'], 'CAMERA_3': []}",C_QUESTION_ABOUT_FEATURE,CAMERA_2,price,hi can I know how much this camera cost,PRESENT_X,CAMERA_2,S_ANSWERS_QUESTION_ABOUT_FEATURE,CAMERA_2,price,This one costs $768.,PRESENT_X,CAMERA_2,15~19
759,8,CAMERA_1,"['CAMERA_2', 'CAMERA_1']","{'CAMERA_1': [], 'CAMERA_2': ['effects', 'camera_type', 'weight', 'autofocus_points', 'price'], 'CAMERA_3': []}",C_ANYTHING_ELSE_AVAILABLE,CAMERA_2,NONE,that's good that's okay I like it when do you have other models in this area,PRESENT_X,CAMERA_2,S_INTRODUCES_CAMERA,CAMERA_1,,Let me show you this. Here we have the Sony PowerShot ELPH DMC-ZS3.,PRESENT_X,CAMERA_1,39~66
759,9,CAMERA_1,"['CAMERA_2', 'CAMERA_1']","{'CAMERA_1': ['ISO'], 'CAMERA_2': ['effects', 'camera_type', 'weight', 'autofocus_points', 'price'], 'CAMERA_3': []}",C_SILENT_OR_BACKCHANNEL,CAMERA_1,NONE,that sounds good,PRESENT_X,CAMERA_1,S_INTRODUCES_FEATURE,CAMERA_1,ISO,This one has up to 51200 ISO.,PRESENT_X,CAMERA_1,13~28
759,10,CAMERA_1,"['CAMERA_2', 'CAMERA_1']","{'CAMERA_1': ['ISO', 'camera_type'], 'CAMERA_2': ['effects', 'camera_type', 'weight', 'autofocus_points', 'price'], 'CAMERA_3': []}",C_QUESTION_ABOUT_FEATURE,CAMERA_1,camera_type,Is this a mirrorless camera?,PRESENT_X,CAMERA_1,S_ANSWERS_QUESTION_ABOUT_FEATURE,CAMERA_1,camera_type,This is a DSLR camera.,PRESENT_X,CAMERA_1,10~14
759,11,CAMERA_1,"['CAMERA_2', 'CAMERA_1']","{'CAMERA_1': ['ISO', 'camera_type', 'optical_zoom'], 'CAMERA_2': ['effects', 'camera_type', 'weight', 'autofocus_points', 'price'], 'CAMERA_3': []}",C_QUESTION_ABOUT_FEATURE,CAMERA_1,optical_zoom,okay and if I have an optical zoom,PRESENT_X,CAMERA_1,S_ANSWERS_QUESTION_ABOUT_FEATURE,CAMERA_1,optical_zoom,This one has 21x optical zoom.,PRESENT_X,CAMERA_1,13~29
759,12,CAMERA_1,"['CAMERA_2', 'CAMERA_1']","{'CAMERA_1': ['ISO', 'camera_type', 'optical_zoom', 'price'], 'CAMERA_2': ['effects', 'camera_type', 'weight', 'autofocus_points', 'price'], 'CAMERA_3': []}",C_SILENT_OR_BACKCHANNEL,CAMERA_1,NONE,uh huh oh yeah,PRESENT_X,CAMERA_1,S_INTRODUCES_FEATURE,CAMERA_1,price,This one costs $450.,PRESENT_X,CAMERA_1,15~19
759,13,NONE,"['CAMERA_2', 'CAMERA_1']","{'CAMERA_1': ['ISO', 'camera_type', 'optical_zoom', 'price'], 'CAMERA_2': ['effects', 'camera_type', 'weight', 'autofocus_points', 'price'], 'CAMERA_3': []}",C_THANK_YOU,CAMERA_1,NONE,thank you,PRESENT_X,CAMERA_1,S_THANK_YOU,CAMERA_1,NONE,thank you very much.,FACE_TO_FACE,NONE,
759,14,NONE,"['CAMERA_2', 'CAMERA_1']","{'CAMERA_1': ['ISO', 'camera_type', 'optical_zoom', 'price'], 'CAMERA_2': ['effects', 'camera_type', 'weight', 'autofocus_points', 'price'], 'CAMERA_3': []}",C_LEAVES,DOOR,NONE,,FACE_TO_FACE,NONE,S_RETURNS_TO_COUNTER,SERVICE_COUNTER,NONE,,WAITING,NONE,
760,1,NONE,[],"{'CAMERA_1': [], 'CAMERA_2': [], 'CAMERA_3': []}",C_ENTERS,DOOR,NONE,,WAITING,NONE,S_NONE,SERVICE_COUNTER,NONE,,WAITING,NONE,
760,2,NONE,[],"{'CAMERA_1': [], 'CAMERA_2': [], 'CAMERA_3': []}",C_WALKS_TO_CAMERA,CAMERA_2,NONE,,WAITING,NONE,S_NONE,SERVICE_COUNTER,NONE,,WAITING,NONE,
760,3,CAMERA_2,['CAMERA_2'],"{'CAMERA_1': [], 'CAMERA_2': ['weight'], 'CAMERA_3': []}",C_QUESTION_ABOUT_FEATURE,CAMERA_2,weight,is this heavy,WAITING,NONE,S_ANSWERS_QUESTION_ABOUT_FEATURE,CAMERA_2,weight,This one weighs 820 grams.,PRESENT_X,CAMERA_2,16~25
760,4,CAMERA_2,['CAMERA_2'],"{'CAMERA_1': [], 'CAMERA_2': ['weight', 'price'], 'CAMERA_3': []}",C_QUESTION_ABOUT_FEATURE,CAMERA_2,price,how much does a condom cost,PRESENT_X,CAMERA_2,S_ANSWERS_QUESTION_ABOUT_FEATURE,CAMERA_2,price,This one costs $768.,PRESENT_X,CAMERA_2,15~19
760,5,CAMERA_2,['CAMERA_2'],"{'CAMERA_1': [], 'CAMERA_2': ['weight', 'price', 'effects'], 'CAMERA_3': []}",C_QUESTION_ABOUT_FEATURE,CAMERA_2,effects,can you explain the artistic effects modes available with this one,PRESENT_X,CAMERA_2,S_ANSWERS_QUESTION_ABOUT_FEATURE,CAMERA_2,effects,"This one has 24 artistic effect modes (retro, lighter or darker skin tones, sepia, etc.).",PRESENT_X,CAMERA_2,13~88
760,6,CAMERA_2,['CAMERA_2'],"{'CAMERA_1': [], 'CAMERA_2': ['weight', 'price', 'effects', 'autofocus_points'], 'CAMERA_3': []}",C_QUESTION_ABOUT_FEATURE,CAMERA_2,autofocus_points,how many autofocus points does it have,PRESENT_X,CAMERA_2,S_NOT_SURE,CAMERA_2,,I'm not really sure about that.,PRESENT_X,CAMERA_2,
760,7,CAMERA_2,['CAMERA_2'],"{'CAMERA_1': [], 'CAMERA_2': ['weight', 'price', 'effects', 'autofocus_points', 'resolution'], 'CAMERA_3': []}",C_SILENT_OR_BACKCHANNEL,CAMERA_2,NONE,hm,PRESENT_X,CAMERA_2,S_INTRODUCES_FEATURE,CAMERA_2,resolution,This one has 23.8 megapixels resolution.,PRESENT_X,CAMERA_2,13~28
760,8,CAMERA_2,['CAMERA_2'],"{'CAMERA_1': [], 'CAMERA_2': ['weight', 'price', 'effects', 'autofocus_points', 'resolution', 'optical_zoom'], 'CAMERA_3': []}",C_SILENT_OR_BACKCHANNEL,CAMERA_2,NONE,oh wow that seems quite high,PRESENT_X,CAMERA_2,S_INTRODUCES_FEATURE,CAMERA_2,optical_zoom,This one has 21x optical zoom.,PRESENT_X,CAMERA_2,13~29
760,9,CAMERA_2,['CAMERA_2'],"{'CAMERA_1': [], 'CAMERA_2': ['weight', 'price', 'effects', 'autofocus_points', 'resolution', 'optical_zoom', 'preset_modes'], 'CAMERA_3': []}",C_QUESTION_ABOUT_FEATURE,CAMERA_2,preset_modes,does this camera also have bulb mode,PRESENT_X,CAMERA_2,S_NOT_SURE,CAMERA_2,,I'm not really sure about that.,PRESENT_X,CAMERA_2,
760,10,NONE,['CAMERA_2'],"{'CAMERA_1': [], 'CAMERA_2': ['weight', 'price', 'effects', 'autofocus_points', 'resolution', 'optical_zoom', 'preset_modes'], 'CAMERA_3': []}",C_THANK_YOU,CAMERA_2,NONE,thank you,PRESENT_X,CAMERA_2,S_THANK_YOU,CAMERA_2,NONE,thank you very much.,FACE_TO_FACE,NONE,
760,11,NONE,['CAMERA_2'],"{'CAMERA_1': [], 'CAMERA_2': ['weight', 'price', 'effects', 'autofocus_points', 'resolution', 'optical_zoom', 'preset_modes'], 'CAMERA_3': []}",C_LEAVES,DOOR,NONE,,FACE_TO_FACE,NONE,S_RETURNS_TO_COUNTER,SERVICE_COUNTER,NONE,,WAITING,NONE,
761,1,NONE,[],"{'CAMERA_1': [], 'CAMERA_2': [], 'CAMERA_3': []}",C_ENTERS,DOOR,NONE,,WAITING,NONE,S_NONE,SERVICE_COUNTER,NONE,,WAITING,NONE,
761,2,NONE,[],"{'CAMERA_1': [], 'CAMERA_2': [], 'CAMERA_3': []}",C_WALKS_TO_CAMERA,CAMERA_3,NONE,,WAITING,NONE,S_GREETS,CAMERA_3,NONE,can I help you?,FACE_TO_FACE,NONE,
761,3,CAMERA_1,['CAMERA_1'],"{'CAMERA_1': [], 'CAMERA_2': [], 'CAMERA_3': []}",C_LOOKING_FOR_A_CAMERA,CAMERA_3,NONE,I am looking to take take pictures with a camera,FACE_TO_FACE,NONE,S_INTRODUCES_CAMERA,CAMERA_1,,Let me show you this. Here we have the Sony PowerShot ELPH DMC-ZS3.,PRESENT_X,CAMERA_1,39~66
761,4,CAMERA_1,['CAMERA_1'],"{'CAMERA_1': ['settings'], 'CAMERA_2': [], 'CAMERA_3': []}",C_SILENT_OR_BACKCHANNEL,CAMERA_1,NONE,sounds good,PRESENT_X,CAMERA_1,S_INTRODUCES_FEATURE,CAMERA_1,settings,This one has limited manual settings.,PRESENT_X,CAMERA_1,13~36
761,5,CAMERA_1,['CAMERA_1'],"{'CAMERA_1': ['settings', 'price'], 'CAMERA_2': [], 'CAMERA_3': []}",C_SILENT_OR_BACKCHANNEL,CAMERA_1,NONE,I say so,PRESENT_X,CAMERA_1,S_INTRODUCES_FEATURE,CAMERA_1,price,This one costs $450.,PRESENT_X,CAMERA_1,15~19
761,6,CAMERA_1,['CAMERA_1'],"{'CAMERA_1': ['settings', 'price', 'sensor_size'], 'CAMERA_2': [], 'CAMERA_3': []}",C_SILENT_OR_BACKCHANNEL,CAMERA_1,NONE,uh huh I just want to see the cameras,PRESENT_X,CAMERA_1,S_INTRODUCES_FEATURE,CAMERA_1,sensor_size,This one has a 1/2.3 inch CMOS sensor.,PRESENT_X,CAMERA_1,15~37
761,7,CAMERA_1,['CAMERA_1'],"{'CAMERA_1': ['settings', 'price', 'sensor_size', 'optical_zoom'], 'CAMERA_2': [], 'CAMERA_3': []}",C_QUESTION_ABOUT_FEATURE,CAMERA_1,optical_zoom,I see what about the optical zoom,PRESENT_X,CAMERA_1,S_ANSWERS_QUESTION_ABOUT_FEATURE,CAMERA_1,optical_zoom,This one has 21x optical zoom.,PRESENT_X,CAMERA_1,13~29
761,8,CAMERA_1,['CAMERA_1'],"{'CAMERA_1': ['settings', 'price', 'sensor_size', 'optical_zoom', 'color'], 'CAMERA_2': [], 'CAMERA_3': []}",C_QUESTION_ABOUT_FEATURE,CAMERA_1,color,which color do you think suits me,PRESENT_X,CAMERA_1,S_ANSWERS_QUESTION_ABOUT_FEATURE,CAMERA_1,color,This one comes in blue or black.,PRESENT_X,CAMERA_1,18~31
761,9,CAMERA_1,['CAMERA_1'],"{'CAMERA_1': ['settings', 'price', 'sensor_size', 'optical_zoom', 'color', 'long_exposure'], 'CAMERA_2': [], 'CAMERA_3': []}",C_SILENT_OR_BACKCHANNEL,CAMERA_1,NONE,ok,PRESENT_X,CAMERA_1,S_INTRODUCES_FEATURE,CAMERA_1,long_exposure,This one can take long exposures up to up to 15 seconds with Long Shutter Mode.,PRESENT_X,CAMERA_1,39~78
761,10,NONE,['CAMERA_1'],"{'CAMERA_1': ['settings', 'price', 'sensor_size', 'optical_zoom', 'color', 'long_exposure'], 'CAMERA_2': [], 'CAMERA_3': []}",C_THANK_YOU,CAMERA_1,NONE,thank you,PRESENT_X,CAMERA_1,S_THANK_YOU,CAMERA_1,NONE,thank you very much.,FACE_TO_FACE,NONE,
761,11,NONE,['CAMERA_1'],"{'CAMERA_1': ['settings', 'price', 'sensor_size', 'optical_zoom', 'color', 'long_exposure'], 'CAMERA_2': [], 'CAMERA_3': []}",C_LEAVES,DOOR,NONE,,FACE_TO_FACE,NONE,S_RETURNS_TO_COUNTER,SERVICE_COUNTER,NONE,,WAITING,NONE,
762,1,NONE,[],"{'CAMERA_1': [], 'CAMERA_2': [], 'CAMERA_3': []}",C_ENTERS,DOOR,NONE,,WAITING,NONE,S_NONE,SERVICE_COUNTER,NONE,,WAITING,NONE,
762,2,NONE,[],"{'CAMERA_1': [], 'CAMERA_2': [], 'CAMERA_3': []}",C_GREETS,MIDDLE,NONE,hello,WAITING,NONE,S_GREETS,MIDDLE,NONE,can I help you?,FACE_TO_FACE,NONE,
762,3,CAMERA_2,['CAMERA_2'],"{'CAMERA_1': [], 'CAMERA_2': [], 'CAMERA_3': []}",C_LOOKING_FOR_A_CAMERA,MIDDLE,NONE,I want to take a look at your cameras,FACE_TO_FACE,NONE,S_INTRODUCES_CAMERA,CAMERA_2,,Let me show you this. Here we have the Fujifilm Lumix ILC Camera.,PRESENT_X,CAMERA_2,39~64
762,4,CAMERA_2,['CAMERA_2'],"{'CAMERA_1': [], 'CAMERA_2': ['ISO'], 'CAMERA_3': []}",C_QUESTION_ABOUT_FEATURE,CAMERA_2,ISO,and the ISO,PRESENT_X,CAMERA_2,S_NOT_SURE,CAMERA_2,,I'm not really sure about that.,PRESENT_X,CAMERA_2,
762,5,CAMERA_2,['CAMERA_2'],"{'CAMERA_1': [], 'CAMERA_2': ['ISO', 'price'], 'CAMERA_3': []}",C_QUESTION_ABOUT_FEATURE,CAMERA_2,price,I like this camera how much does it cost,PRESENT_X,CAMERA_2,S_ANSWERS_QUESTION_ABOUT_FEATURE,CAMERA_2,price,This one costs $768.,PRESENT_X,CAMERA_2,15~19
762,6,CAMERA_2,['CAMERA_2'],"{'CAMERA_1': [], 'CAMERA_2': ['ISO', 'price', 'autofocus_points'], 'CAMERA_3': []}",C_QUESTION_ABOUT_FEATURE,CAMERA_2,autofocus_points,how many autofocus points does it have,PRESENT_X,CAMERA_2,S_NOT_SURE,CAMERA_2,,I'm not really sure about that.,PRESENT_X,CAMERA_2,
762,7,CAMERA_2,['CAMERA_2'],"{'CAMERA_1': [], 'CAMERA_2': ['ISO', 'price', 'autofocus_points', 'effects'], 'CAMERA_3': []}",C_SILENT_OR_BACKCHANNEL,CAMERA_2,NONE,okay that's not too bad for good camera mean he'll us 5d II,PRESENT_X,CAMERA_2,S_INTRODUCES_FEATURE,CAMERA_2,effects,"This one has 24 artistic effect modes (retro, lighter or darker skin tones, sepia, etc.).",PRESENT_X,CAMERA_2,13~88
762,8,CAMERA_2,['CAMERA_2'],"{'CAMERA_1': [], 'CAMERA_2': ['ISO', 'price', 'autofocus_points', 'effects', 'sensor_size'], 'CAMERA_3': []}",C_SILENT_OR_BACKCHANNEL,CAMERA_2,NONE,ok,PRESENT_X,CAMERA_2,S_INTRODUCES_FEATURE,CAMERA_2,sensor_size,This one has a 1/2.33 inch sensor.,PRESENT_X,CAMERA_2,15~33
762,9,CAMERA_2,['CAMERA_2'],"{'CAMERA_1': [], 'CAMERA_2': ['ISO', 'price', 'autofocus_points', 'effects', 'sensor_size', 'optical_zoom'], 'CAMERA_3': []}",C_SILENT_OR_BACKCHANNEL,CAMERA_2,NONE,good,PRESENT_X,CAMERA_2,S_INTRODUCES_FEATURE,CAMERA_2,optical_zoom,This one has 21x optical zoom.,PRESENT_X,CAMERA_2,13~29
762,10,CAMERA_2,['CAMERA_2'],"{'CAMERA_1': [], 'CAMERA_2': ['ISO', 'price', 'autofocus_points', 'effects', 'sensor_size', 'optical_zoom', 'preset_modes'], 'CAMERA_3': []}",C_QUESTION_ABOUT_FEATURE,CAMERA_2,preset_modes,does this camera also have bulb mode,PRESENT_X,CAMERA_2,S_NOT_SURE,CAMERA_2,,I'm not really sure about that.,PRESENT_X,CAMERA_2,
762,11,CAMERA_3,"['CAMERA_2', 'CAMERA_3']","{'CAMERA_1': [], 'CAMERA_2': ['ISO', 'price', 'autofocus_points', 'effects', 'sensor_size', 'optical_zoom', 'preset_modes'], 'CAMERA_3': []}",C_ANYTHING_ELSE_AVAILABLE,CAMERA_2,NONE,do you have anything better than this,PRESENT_X,CAMERA_2,S_INTRODUCES_CAMERA,CAMERA_3,,Let me show you this. Here we have the Fujifilm PowerShot ELPH S2800.,PRESENT_X,CAMERA_3,39~68
762,12,CAMERA_3,"['CAMERA_2', 'CAMERA_3']","{'CAMERA_1': [], 'CAMERA_2': ['ISO', 'price', 'autofocus_points', 'effects', 'sensor_size', 'optical_zoom', 'preset_modes'], 'CAMERA_3': ['weight']}",C_QUESTION_ABOUT_FEATURE,CAMERA_3,weight,ok ok what about the wait is it heavy,PRESENT_X,CAMERA_3,S_ANSWERS_QUESTION_ABOUT_FEATURE,CAMERA_3,weight,This one weighs 820 grams.,PRESENT_X,CAMERA_3,16~25
762,13,CAMERA_3,"['CAMERA_2', 'CAMERA_3']","{'CAMERA_1': [], 'CAMERA_2': ['ISO', 'price', 'autofocus_points', 'effects', 'sensor_size', 'optical_zoom', 'preset_modes'], 'CAMERA_3': ['weight', 'long_exposure']}",C_QUESTION_ABOUT_FEATURE,CAMERA_3,long_exposure,polo knit long exposure,PRESENT_X,CAMERA_3,S_ANSWERS_QUESTION_ABOUT_FEATURE,CAMERA_3,long_exposure,This one can take long exposures up to 30 minutes max with bulb mode.,PRESENT_X,CAMERA_3,39~68
762,14,CAMERA_1,"['CAMERA_2', 'CAMERA_3', 'CAMERA_1']","{'CAMERA_1': [], 'CAMERA_2': ['ISO', 'price', 'autofocus_points', 'effects', 'sensor_size', 'optical_zoom', 'preset_modes'], 'CAMERA_3': ['weight', 'long_exposure']}",C_ANYTHING_ELSE_AVAILABLE,CAMERA_3,NONE,do you have any other cameras with preset mode,PRESENT_X,CAMERA_3,S_INTRODUCES_CAMERA,CAMERA_1,,Let me show you this. Here we have the Sony PowerShot ELPH DMC-ZS3.,PRESENT_X,CAMERA_1,39~66
762,15,CAMERA_1,"['CAMERA_2', 'CAMERA_3', 'CAMERA_1']","{'CAMERA_1': ['settings'], 'CAMERA_2': ['ISO', 'price', 'autofocus_points', 'effects', 'sensor_size', 'optical_zoom', 'preset_modes'], 'CAMERA_3': ['weight', 'long_exposure']}",C_QUESTION_ABOUT_FEATURE,CAMERA_1,settings,why would I control the settings manually,PRESENT_X,CAMERA_1,S_ANSWERS_QUESTION_ABOUT_FEATURE,CAMERA_1,settings,This one has limited manual settings.,PRESENT_X,CAMERA_1,13~36
762,16,CAMERA_1,"['CAMERA_2', 'CAMERA_3', 'CAMERA_1']","{'CAMERA_1': ['settings', 'ISO'], 'CAMERA_2': ['ISO', 'price', 'autofocus_points', 'effects', 'sensor_size', 'optical_zoom', 'preset_modes'], 'CAMERA_3': ['weight', 'long_exposure']}",C_QUESTION_ABOUT_FEATURE,CAMERA_1,ISO,I see okay and the ISO,PRESENT_X,CAMERA_1,S_ANSWERS_QUESTION_ABOUT_FEATURE,CAMERA_1,ISO,This one has up to 51200 ISO.,PRESENT_X,CAMERA_1,13~28
762,17,CAMERA_1,"['CAMERA_2', 'CAMERA_3', 'CAMERA_1']","{'CAMERA_1': ['settings', 'ISO', 'sensor_size'], 'CAMERA_2': ['ISO', 'price', 'autofocus_points', 'effects', 'sensor_size', 'optical_zoom', 'preset_modes'], 'CAMERA_3': ['weight', 'long_exposure']}",C_SILENT_OR_BACKCHANNEL,CAMERA_1,NONE,okay,PRESENT_X,CAMERA_1,S_INTRODUCES_FEATURE,CAMERA_1,sensor_size,This one has a 1/2.3 inch CMOS sensor.,PRESENT_X,CAMERA_1,15~37
762,18,CAMERA_1,"['CAMERA_2', 'CAMERA_3', 'CAMERA_1']","{'CAMERA_1': ['settings', 'ISO', 'sensor_size', 'camera_type'], 'CAMERA_2': ['ISO', 'price', 'autofocus_points', 'effects', 'sensor_size', 'optical_zoom', 'preset_modes'], 'CAMERA_3': ['weight', 'long_exposure']}",C_QUESTION_ABOUT_FEATURE,CAMERA_1,camera_type,is this a DSLR camera,PRESENT_X,CAMERA_1,S_ANSWERS_QUESTION_ABOUT_FEATURE,CAMERA_1,camera_type,This is a DSLR camera.,PRESENT_X,CAMERA_1,10~14
762,19,CAMERA_1,"['CAMERA_2', 'CAMERA_3', 'CAMERA_1']","{'CAMERA_1': ['settings', 'ISO', 'sensor_size', 'camera_type', 'optical_zoom'], 'CAMERA_2': ['ISO', 'price', 'autofocus_points', 'effects', 'sensor_size', 'optical_zoom', 'preset_modes'], 'CAMERA_3': ['weight', 'long_exposure']}",C_QUESTION_ABOUT_FEATURE,CAMERA_1,optical_zoom,under does it have a zoom,PRESENT_X,CAMERA_1,S_ANSWERS_QUESTION_ABOUT_FEATURE,CAMERA_1,optical_zoom,This one has 21x optical zoom.,PRESENT_X,CAMERA_1,13~29
762,20,CAMERA_1,"['CAMERA_2', 'CAMERA_3', 'CAMERA_1']","{'CAMERA_1': ['settings', 'ISO', 'sensor_size', 'camera_type', 'optical_zoom', 'color'], 'CAMERA_2': ['ISO', 'price', 'autofocus_points', 'effects', 'sensor_size', 'optical_zoom', 'preset_modes'], 'CAMERA_3': ['weight', 'long_exposure']}",C_QUESTION_ABOUT_FEATURE,CAMERA_1,color,is there any other colors,PRESENT_X,CAMERA_1,S_ANSWERS_QUESTION_ABOUT_FEATURE,CAMERA_1,color,This one comes in blue or black.,PRESENT_X,CAMERA_1,18~31
762,21,CAMERA_1,"['CAMERA_2', 'CAMERA_3', 'CAMERA_1']","{'CAMERA_1': ['settings', 'ISO', 'sensor_size', 'camera_type', 'optical_zoom', 'color', 'resolution'], 'CAMERA_2': ['ISO', 'price', 'autofocus_points', 'effects', 'sensor_size', 'optical_zoom', 'preset_modes'], 'CAMERA_3': ['weight', 'long_exposure']}",C_QUESTION_ABOUT_FEATURE,CAMERA_1,resolution,how many megapixels is this camera,PRESENT_X,CAMERA_1,S_ANSWERS_QUESTION_ABOUT_FEATURE,CAMERA_1,resolution,This one has 17.8 megapixels resolution.,PRESENT_X,CAMERA_1,13~28
762,22,NONE,"['CAMERA_2', 'CAMERA_3', 'CAMERA_1']","{'CAMERA_1': ['settings', 'ISO', 'sensor_size', 'camera_type', 'optical_zoom', 'color', 'resolution'], 'CAMERA_2': ['ISO', 'price', 'autofocus_points', 'effects', 'sensor_size', 'optical_zoom', 'preset_modes'], 'CAMERA_3': ['weight', 'long_exposure']}",C_THANK_YOU,CAMERA_1,NONE,thank you,PRESENT_X,CAMERA_1,S_THANK_YOU,CAMERA_1,NONE,thank you very much.,FACE_TO_FACE,NONE,
762,23,NONE,"['CAMERA_2', 'CAMERA_3', 'CAMERA_1']","{'CAMERA_1': ['settings', 'ISO', 'sensor_size', 'camera_type', 'optical_zoom', 'color', 'resolution'], 'CAMERA_2': ['ISO', 'price', 'autofocus_points', 'effects', 'sensor_size', 'optical_zoom', 'preset_modes'], 'CAMERA_3': ['weight', 'long_exposure']}",C_LEAVES,DOOR,NONE,,FACE_TO_FACE,NONE,S_RETURNS_TO_COUNTER,SERVICE_COUNTER,NONE,,WAITING,NONE,
763,1,NONE,[],"{'CAMERA_1': [], 'CAMERA_2': [], 'CAMERA_3': []}",C_ENTERS,DOOR,NONE,,WAITING,NONE,S_NONE,SERVICE_COUNTER,NONE,,WAITING,NONE,
763,2,NONE,[],"{'CAMERA_1': [], 'CAMERA_2': [], 'CAMERA_3': []}",C_WALKS_TO_CAMERA,CAMERA_3,NONE,,WAITING,NONE,S_GREETS,CAMERA_3,NONE,can I help you?,FACE_TO_FACE,NONE,
763,3,CAMERA_2,['CAMERA_2'],"{'CAMERA_1': [], 'CAMERA_2': [], 'CAMERA_3': []}",C_LOOKING_FOR_A_CAMERA,CAMERA_3,NONE,I'm interested in buying a camera but I'm not sure what I need,FACE_TO_FACE,NONE,S_INTRODUCES_CAMERA,CAMERA_2,,Let me show you this. Here we have the Fujifilm Lumix ILC Camera.,PRESENT_X,CAMERA_2,39~64
763,4,CAMERA_2,['CAMERA_2'],"{'CAMERA_1': [], 'CAMERA_2': ['price'], 'CAMERA_3': []}",C_SILENT_OR_BACKCHANNEL,CAMERA_2,NONE,ok,PRESENT_X,CAMERA_2,S_INTRODUCES_FEATURE,CAMERA_2,price,This one costs $768.,PRESENT_X,CAMERA_2,15~19
763,5,CAMERA_2,['CAMERA_2'],"{'CAMERA_1': [], 'CAMERA_2': ['price', 'settings'], 'CAMERA_3': []}",C_SILENT_OR_BACKCHANNEL,CAMERA_2,NONE,nice,PRESENT_X,CAMERA_2,S_INTRODUCES_FEATURE,CAMERA_2,settings,"This one has manual control and various automatic settings (video modeburst shooting, etc.).",PRESENT_X,CAMERA_2,13~91
763,6,CAMERA_2,['CAMERA_2'],"{'CAMERA_1': [], 'CAMERA_2': ['price', 'settings', 'optical_zoom'], 'CAMERA_3': []}",C_SILENT_OR_BACKCHANNEL,CAMERA_2,NONE,alright,PRESENT_X,CAMERA_2,S_INTRODUCES_FEATURE,CAMERA_2,optical_zoom,This one has 21x optical zoom.,PRESENT_X,CAMERA_2,13~29
763,7,CAMERA_2,['CAMERA_2'],"{'CAMERA_1': [], 'CAMERA_2': ['price', 'settings', 'optical_zoom', 'preset_modes'], 'CAMERA_3': []}",C_QUESTION_ABOUT_FEATURE,CAMERA_2,preset_modes,does this camera also have bulb mode,PRESENT_X,CAMERA_2,S_NOT_SURE,CAMERA_2,,I'm not really sure about that.,PRESENT_X,CAMERA_2,
763,8,CAMERA_2,['CAMERA_2'],"{'CAMERA_1': [], 'CAMERA_2': ['price', 'settings', 'optical_zoom', 'preset_modes', 'weight'], 'CAMERA_3': []}",C_QUESTION_ABOUT_FEATURE,CAMERA_2,weight,and how much does it weigh,PRESENT_X,CAMERA_2,S_ANSWERS_QUESTION_ABOUT_FEATURE,CAMERA_2,weight,This one weighs 820 grams.,PRESENT_X,CAMERA_2,16~25
763,9,CAMERA_2,['CAMERA_2'],"{'CAMERA_1': [], 'CAMERA_2': ['price', 'settings', 'optical_zoom', 'preset_modes', 'weight', 'effects'], 'CAMERA_3': []}",C_SILENT_OR_BACKCHANNEL,CAMERA_2,NONE,I say so,PRESENT_X,CAMERA_2,S_INTRODUCES_FEATURE,CAMERA_2,effects,"This one has 24 artistic effect modes (retro, lighter or darker skin tones, sepia, etc.).",PRESENT_X,CAMERA_2,13~88
763,10,CAMERA_2,['CAMERA_2'],"{'CAMERA_1': [], 'CAMERA_2': ['price', 'settings', 'optical_zoom', 'preset_modes', 'weight', 'effects', 'camera_type'], 'CAMERA_3': []}",C_SILENT_OR_BACKCHANNEL,CAMERA_2,NONE,IC,PRESENT_X,CAMERA_2,S_INTRODUCES_FEATURE,CAMERA_2,camera_type,This is a digital single lens mirrorless camera.,PRESENT_X,CAMERA_2,10~40
763,11,CAMERA_2,['CAMERA_2'],"{'CAMERA_1': [], 'CAMERA_2': ['price', 'settings', 'optical_zoom', 'preset_modes', 'weight', 'effects', 'camera_type', 'sensor_size'], 'CAMERA_3': []}",C_QUESTION_ABOUT_FEATURE,CAMERA_2,sensor_size,and how about the census for this,PRESENT_X,CAMERA_2,S_ANSWERS_QUESTION_ABOUT_FEATURE,CAMERA_2,sensor_size,This one has a 1/2.33 inch sensor.,PRESENT_X,CAMERA_2,15~33
763,12,CAMERA_2,['CAMERA_2'],"{'CAMERA_1': [], 'CAMERA_2': ['price', 'settings', 'optical_zoom', 'preset_modes', 'weight', 'effects', 'camera_type', 'sensor_size', 'color'], 'CAMERA_3': []}",C_SILENT_OR_BACKCHANNEL,CAMERA_2,NONE,sounds great how about the synthesized honest,PRESENT_X,CAMERA_2,S_INTRODUCES_FEATURE,CAMERA_2,color,This one comes in white or pink.,PRESENT_X,CAMERA_2,18~31
763,13,NONE,['CAMERA_2'],"{'CAMERA_1': [], 'CAMERA_2': ['price', 'settings', 'optical_zoom', 'preset_modes', 'weight', 'effects', 'camera_type', 'sensor_size', 'color'], 'CAMERA_3': []}",C_THANK_YOU,CAMERA_2,NONE,thank you all look around,PRESENT_X,CAMERA_2,S_THANK_YOU,CAMERA_2,NONE,thank you very much.,FACE_TO_FACE,NONE,
763,14,NONE,['CAMERA_2'],"{'CAMERA_1': [], 'CAMERA_2': ['price', 'settings', 'optical_zoom', 'preset_modes', 'weight', 'effects', 'camera_type', 'sensor_size', 'color'], 'CAMERA_3': []}",C_LEAVES,DOOR,NONE,,FACE_TO_FACE,NONE,S_RETURNS_TO_COUNTER,SERVICE_COUNTER,NONE,,WAITING,NONE,
764,1,NONE,[],"{'CAMERA_1': [], 'CAMERA_2': [], 'CAMERA_3': []}",C_ENTERS,DOOR,NONE,,WAITING,NONE,S_NONE,SERVICE_COUNTER,NONE,,WAITING,NONE,
764,2,NONE,[],"{'CAMERA_1': [], 'CAMERA_2': [], 'CAMERA_3': []}",C_WALKS_TO_CAMERA,CAMERA_3,NONE,,WAITING,NONE,S_NONE,SERVICE_COUNTER,NONE,,WAITING,NONE,
764,3,CAMERA_3,['CAMERA_3'],"{'CAMERA_1': [], 'CAMERA_2': [], 'CAMERA_3': ['autofocus_points']}",C_QUESTION_ABOUT_FEATURE,CAMERA_3,autofocus_points,I think you and the auto Focus points on this,WAITING,NONE,S_ANSWERS_QUESTION_ABOUT_FEATURE,CAMERA_3,autofocus_points,This one has 214 autofocus points.,PRESENT_X,CAMERA_3,13~33
764,4,CAMERA_3,['CAMERA_3'],"{'CAMERA_1': [], 'CAMERA_2': [], 'CAMERA_3': ['autofocus_points', 'effects']}",C_SILENT_OR_BACKCHANNEL,CAMERA_3,NONE,not too bad,PRESENT_X,CAMERA_3,S_INTRODUCES_FEATURE,CAMERA_3,effects,"This one has 21 photo effects (small face, retro, big eyes, etc.).",PRESENT_X,CAMERA_3,13~65
764,5,CAMERA_3,['CAMERA_3'],"{'CAMERA_1': [], 'CAMERA_2': [], 'CAMERA_3': ['autofocus_points', 'effects', 'settings']}",C_QUESTION_ABOUT_FEATURE,CAMERA_3,settings,what about the settings,PRESENT_X,CAMERA_3,S_ANSWERS_QUESTION_ABOUT_FEATURE,CAMERA_3,settings,"This one has manual control and various automatic settings (video modeburst shooting, etc.).",PRESENT_X,CAMERA_3,13~91
764,6,CAMERA_3,['CAMERA_3'],"{'CAMERA_1': [], 'CAMERA_2': [], 'CAMERA_3': ['autofocus_points', 'effects', 'settings', 'price']}",C_SILENT_OR_BACKCHANNEL,CAMERA_3,NONE,alright,PRESENT_X,CAMERA_3,S_INTRODUCES_FEATURE,CAMERA_3,price,This one costs $518.,PRESENT_X,CAMERA_3,15~19
764,7,CAMERA_3,['CAMERA_3'],"{'CAMERA_1': [], 'CAMERA_2': [], 'CAMERA_3': ['autofocus_points', 'effects', 'settings', 'price', 'long_exposure']}",C_QUESTION_ABOUT_FEATURE,CAMERA_3,long_exposure,what's the long exposure like,PRESENT_X,CAMERA_3,S_ANSWERS_QUESTION_ABOUT_FEATURE,CAMERA_3,long_exposure,This one can take long exposures up to 30 minutes max with bulb mode.,PRESENT_X,CAMERA_3,39~68
764,8,CAMERA_3,['CAMERA_3'],"{'CAMERA_1': [], 'CAMERA_2': [], 'CAMERA_3': ['autofocus_points', 'effects', 'settings', 'price', 'long_exposure', 'weight']}",C_QUESTION_ABOUT_FEATURE,CAMERA_3,weight,what's the weight on this camera,PRESENT_X,CAMERA_3,S_ANSWERS_QUESTION_ABOUT_FEATURE,CAMERA_3,weight,This one weighs 820 grams.,PRESENT_X,CAMERA_3,16~25
764,9,CAMERA_3,['CAMERA_3'],"{'CAMERA_1': [], 'CAMERA_2': [], 'CAMERA_3': ['autofocus_points', 'effects', 'settings', 'price', 'long_exposure', 'weight', 'resolution']}",C_QUESTION_ABOUT_FEATURE,CAMERA_3,resolution,how many megapixels is it,PRESENT_X,CAMERA_3,S_ANSWERS_QUESTION_ABOUT_FEATURE,CAMERA_3,resolution,This one has 23.2 megapixels resolution.,PRESENT_X,CAMERA_3,13~28
764,10,CAMERA_3,['CAMERA_3'],"{'CAMERA_1': [], 'CAMERA_2': [], 'CAMERA_3': ['autofocus_points', 'effects', 'settings', 'price', 'long_exposure', 'weight', 'resolution', 'sensor_size']}",C_SILENT_OR_BACKCHANNEL,CAMERA_3,NONE,IC,PRESENT_X,CAMERA_3,S_INTRODUCES_FEATURE,CAMERA_3,sensor_size,This one has a full frame.,PRESENT_X,CAMERA_3,15~25
764,11,CAMERA_3,['CAMERA_3'],"{'CAMERA_1': [], 'CAMERA_2': [], 'CAMERA_3': ['autofocus_points', 'effects', 'settings', 'price', 'long_exposure', 'weight', 'resolution', 'sensor_size', 'preset_modes']}",C_SILENT_OR_BACKCHANNEL,CAMERA_3,NONE,this camera looks pretty good but I was wondering about this is so,PRESENT_X,CAMERA_3,S_INTRODUCES_FEATURE,CAMERA_3,preset_modes,This one has various preset modes.,PRESENT_X,CAMERA_3,13~33
764,12,CAMERA_2,"['CAMERA_3', 'CAMERA_2']","{'CAMERA_1': [], 'CAMERA_2': [], 'CAMERA_3': ['autofocus_points', 'effects', 'settings', 'price', 'long_exposure', 'weight', 'resolution', 'sensor_size', 'preset_modes']}",C_ANYTHING_ELSE_AVAILABLE,CAMERA_3,NONE,I see do you have any other options that you can show me,PRESENT_X,CAMERA_3,S_INTRODUCES_CAMERA,CAMERA_2,,Let me show you this. Here we have the Fujifilm Lumix ILC Camera.,PRESENT_X,CAMERA_2,39~64
764,13,CAMERA_2,"['CAMERA_3', 'CAMERA_2']","{'CAMERA_1': [], 'CAMERA_2': ['effects'], 'CAMERA_3': ['autofocus_points', 'effects', 'settings', 'price', 'long_exposure', 'weight', 'resolution', 'sensor_size', 'preset_modes']}",C_QUESTION_ABOUT_FEATURE,CAMERA_2,effects,what are these a special artistic effect mode features,PRESENT_X,CAMERA_2,S_ANSWERS_QUESTION_ABOUT_FEATURE,CAMERA_2,effects,"This one has 24 artistic effect modes (retro, lighter or darker skin tones, sepia, etc.).",PRESENT_X,CAMERA_2,13~88
764,14,NONE,"['CAMERA_3', 'CAMERA_2']","{'CAMERA_1': [], 'CAMERA_2': ['effects'], 'CAMERA_3': ['autofocus_points', 'effects', 'settings', 'price', 'long_exposure', 'weight', 'resolution', 'sensor_size', 'preset_modes']}",C_THANK_YOU,CAMERA_2,NONE,thank you,PRESENT_X,CAMERA_2,S_THANK_YOU,CAMERA_2,NONE,thank you very much.,FACE_TO_FACE,NONE,
764,15,NONE,"['CAMERA_3', 'CAMERA_2']","{'CAMERA_1': [], 'CAMERA_2': ['effects'], 'CAMERA_3': ['autofocus_points', 'effects', 'settings', 'price', 'long_exposure', 'weight', 'resolution', 'sensor_size', 'preset_modes']}",C_LEAVES,DOOR,NONE,,FACE_TO_FACE,NONE,S_RETURNS_TO_COUNTER,SERVICE_COUNTER,NONE,,WAITING,NONE,
765,1,NONE,[],"{'CAMERA_1': [], 'CAMERA_2': [], 'CAMERA_3': []}",C_ENTERS,DOOR,NONE,,WAITING,NONE,S_NONE,SERVICE_COUNTER,NONE,,WAITING,NONE,
765,2,NONE,[],"{'CAMERA_1': [], 'CAMERA_2': [], 'CAMERA_3': []}",C_WALKS_TO_CAMERA,CAMERA_3,NONE,,WAITING,NONE,S_GREETS,CAMERA_3,NONE,can I help you?,FACE_TO_FACE,NONE,
765,3,CAMERA_3,['CAMERA_3'],"{'CAMERA_1': [], 'CAMERA_2': [], 'CAMERA_3': []}",C_LOOKING_FOR_A_CAMERA,CAMERA_3,NONE,hi good afternoon I'm looking for a camera for my next trip to Singapore can you help me with that,FACE_TO_FACE,NONE,S_INTRODUCES_CAMERA,CAMERA_3,,Let me show you this. Here we have the Fujifilm PowerShot ELPH S2800.,PRESENT_X,CAMERA_3,39~68
765,4,CAMERA_3,['CAMERA_3'],"{'CAMERA_1': [], 'CAMERA_2': [], 'CAMERA_3': ['effects']}",C_QUESTION_ABOUT_FEATURE,CAMERA_3,effects,what about the artistic effect,PRESENT_X,CAMERA_3,S_ANSWERS_QUESTION_ABOUT_FEATURE,CAMERA_3,effects,"This one has 21 photo effects (small face, retro, big eyes, etc.).",PRESENT_X,CAMERA_3,13~65
765,5,CAMERA_2,"['CAMERA_3', 'CAMERA_2']","{'CAMERA_1': [], 'CAMERA_2': [], 'CAMERA_3': ['effects']}",C_ANYTHING_ELSE_AVAILABLE,CAMERA_3,NONE,do you have anything better than this,PRESENT_X,CAMERA_3,S_INTRODUCES_CAMERA,CAMERA_2,,Let me show you this. Here we have the Fujifilm Lumix ILC Camera.,PRESENT_X,CAMERA_2,39~64
765,6,CAMERA_2,"['CAMERA_3', 'CAMERA_2']","{'CAMERA_1': [], 'CAMERA_2': ['resolution'], 'CAMERA_3': ['effects']}",C_QUESTION_ABOUT_FEATURE,CAMERA_2,resolution,I feel like the resolution is not very good,PRESENT_X,CAMERA_2,S_ANSWERS_QUESTION_ABOUT_FEATURE,CAMERA_2,resolution,This one has 23.8 megapixels resolution.,PRESENT_X,CAMERA_2,13~28
765,7,CAMERA_2,"['CAMERA_3', 'CAMERA_2']","{'CAMERA_1': [], 'CAMERA_2': ['resolution', 'long_exposure'], 'CAMERA_3': ['effects']}",C_QUESTION_ABOUT_FEATURE,CAMERA_2,long_exposure,oh that sounds good how long does the exposure go,PRESENT_X,CAMERA_2,S_ANSWERS_QUESTION_ABOUT_FEATURE,CAMERA_2,long_exposure,This one can take long exposures up to 60 minutes max with bulb mode.,PRESENT_X,CAMERA_2,39~68
765,8,CAMERA_2,"['CAMERA_3', 'CAMERA_2']","{'CAMERA_1': [], 'CAMERA_2': ['resolution', 'long_exposure', 'weight'], 'CAMERA_3': ['effects']}",C_QUESTION_ABOUT_FEATURE,CAMERA_2,weight,I say is it very heavy,PRESENT_X,CAMERA_2,S_ANSWERS_QUESTION_ABOUT_FEATURE,CAMERA_2,weight,This one weighs 820 grams.,PRESENT_X,CAMERA_2,16~25
765,9,CAMERA_2,"['CAMERA_3', 'CAMERA_2']","{'CAMERA_1': [], 'CAMERA_2': ['resolution', 'long_exposure', 'weight', 'color'], 'CAMERA_3': ['effects']}",C_QUESTION_ABOUT_FEATURE,CAMERA_2,color,when does it come in any other color other than Silva ,PRESENT_X,CAMERA_2,S_ANSWERS_QUESTION_ABOUT_FEATURE,CAMERA_2,color,This one comes in white or pink.,PRESENT_X,CAMERA_2,18~31
765,10,CAMERA_1,"['CAMERA_3', 'CAMERA_2', 'CAMERA_1']","{'CAMERA_1': [], 'CAMERA_2': ['resolution', 'long_exposure', 'weight', 'color'], 'CAMERA_3': ['effects']}",C_ANYTHING_ELSE_AVAILABLE,CAMERA_2,NONE,okay do you have any other cameras I might be interested,PRESENT_X,CAMERA_2,S_INTRODUCES_CAMERA,CAMERA_1,,Let me show you this. Here we have the Sony PowerShot ELPH DMC-ZS3.,PRESENT_X,CAMERA_1,39~66
765,11,CAMERA_1,"['CAMERA_3', 'CAMERA_2', 'CAMERA_1']","{'CAMERA_1': ['price'], 'CAMERA_2': ['resolution', 'long_exposure', 'weight', 'color'], 'CAMERA_3': ['effects']}",C_SILENT_OR_BACKCHANNEL,CAMERA_1,NONE,ok,PRESENT_X,CAMERA_1,S_INTRODUCES_FEATURE,CAMERA_1,price,This one costs $450.,PRESENT_X,CAMERA_1,15~19
765,12,,"['CAMERA_3', 'CAMERA_2', 'CAMERA_1']","{'CAMERA_1': ['price'], 'CAMERA_2': ['resolution', 'long_exposure', 'weight', 'color'], 'CAMERA_3': ['effects']}",C_ANYTHING_ELSE_AVAILABLE,CAMERA_1,NONE,I see do you have any other options that you can show me,PRESENT_X,CAMERA_1,S_THATS_ALL_WE_HAVE_AVAILABLE,CAMERA_1,,That's all we have available at the moment.,PRESENT_X,CAMERA_1,
765,13,NONE,"['CAMERA_3', 'CAMERA_2', 'CAMERA_1']","{'CAMERA_1': ['price'], 'CAMERA_2': ['resolution', 'long_exposure', 'weight', 'color'], 'CAMERA_3': ['effects']}",C_THANK_YOU,CAMERA_1,NONE,well thank you very much,PRESENT_X,CAMERA_1,S_THANK_YOU,CAMERA_1,NONE,thank you very much.,FACE_TO_FACE,NONE,
765,14,NONE,"['CAMERA_3', 'CAMERA_2', 'CAMERA_1']","{'CAMERA_1': ['price'], 'CAMERA_2': ['resolution', 'long_exposure', 'weight', 'color'], 'CAMERA_3': ['effects']}",C_LEAVES,DOOR,NONE,,FACE_TO_FACE,NONE,S_RETURNS_TO_COUNTER,SERVICE_COUNTER,NONE,,WAITING,NONE,
766,1,NONE,[],"{'CAMERA_1': [], 'CAMERA_2': [], 'CAMERA_3': []}",C_ENTERS,DOOR,NONE,,WAITING,NONE,S_NONE,SERVICE_COUNTER,NONE,,WAITING,NONE,
766,2,NONE,[],"{'CAMERA_1': [], 'CAMERA_2': [], 'CAMERA_3': []}",C_WALKS_TO_CAMERA,CAMERA_2,NONE,,WAITING,NONE,S_GREETS,CAMERA_2,NONE,can I help you?,FACE_TO_FACE,NONE,
766,3,CAMERA_3,['CAMERA_3'],"{'CAMERA_1': [], 'CAMERA_2': [], 'CAMERA_3': []}",C_LOOKING_FOR_A_CAMERA,CAMERA_2,NONE,I want to take a look at the cameras here,FACE_TO_FACE,NONE,S_INTRODUCES_CAMERA,CAMERA_3,,Let me show you this. Here we have the Fujifilm PowerShot ELPH S2800.,PRESENT_X,CAMERA_3,39~68
766,4,CAMERA_3,['CAMERA_3'],"{'CAMERA_1': [], 'CAMERA_2': [], 'CAMERA_3': ['color']}",C_QUESTION_ABOUT_FEATURE,CAMERA_3,color,pandas are there any other color swallow this,PRESENT_X,CAMERA_3,S_ANSWERS_QUESTION_ABOUT_FEATURE,CAMERA_3,color,"This one comes in purple, white, silver, blue, red, or pink.",PRESENT_X,CAMERA_3,18~59
766,5,CAMERA_3,['CAMERA_3'],"{'CAMERA_1': [], 'CAMERA_2': [], 'CAMERA_3': ['color', 'effects']}",C_QUESTION_ABOUT_FEATURE,CAMERA_3,effects,does it have artistic effect mode,PRESENT_X,CAMERA_3,S_ANSWERS_QUESTION_ABOUT_FEATURE,CAMERA_3,effects,"This one has 21 photo effects (small face, retro, big eyes, etc.).",PRESENT_X,CAMERA_3,13~65
766,6,CAMERA_3,['CAMERA_3'],"{'CAMERA_1': [], 'CAMERA_2': [], 'CAMERA_3': ['color', 'effects', 'preset_modes']}",C_QUESTION_ABOUT_FEATURE,CAMERA_3,preset_modes,does this camera support for preset mod,PRESENT_X,CAMERA_3,S_ANSWERS_QUESTION_ABOUT_FEATURE,CAMERA_3,preset_modes,This one has various preset modes.,PRESENT_X,CAMERA_3,13~33
766,7,CAMERA_3,['CAMERA_3'],"{'CAMERA_1': [], 'CAMERA_2': [], 'CAMERA_3': ['color', 'effects', 'preset_modes', 'long_exposure']}",C_SILENT_OR_BACKCHANNEL,CAMERA_3,NONE,I see,PRESENT_X,CAMERA_3,S_INTRODUCES_FEATURE,CAMERA_3,long_exposure,This one can take long exposures up to 30 minutes max with bulb mode.,PRESENT_X,CAMERA_3,39~68
766,8,CAMERA_3,['CAMERA_3'],"{'CAMERA_1': [], 'CAMERA_2': [], 'CAMERA_3': ['color', 'effects', 'preset_modes', 'long_exposure', 'autofocus_points']}",C_SILENT_OR_BACKCHANNEL,CAMERA_3,NONE,IC,PRESENT_X,CAMERA_3,S_INTRODUCES_FEATURE,CAMERA_3,autofocus_points,This one has 214 autofocus points.,PRESENT_X,CAMERA_3,13~33
766,9,CAMERA_3,['CAMERA_3'],"{'CAMERA_1': [], 'CAMERA_2': [], 'CAMERA_3': ['color', 'effects', 'preset_modes', 'long_exposure', 'autofocus_points', 'ISO']}",C_QUESTION_ABOUT_FEATURE,CAMERA_3,ISO,oh that's great how about the iso settings,PRESENT_X,CAMERA_3,S_ANSWERS_QUESTION_ABOUT_FEATURE,CAMERA_3,ISO,This one has up to 3200 ISO with little noise.,PRESENT_X,CAMERA_3,13~45
766,10,CAMERA_3,['CAMERA_3'],"{'CAMERA_1': [], 'CAMERA_2': [], 'CAMERA_3': ['color', 'effects', 'preset_modes', 'long_exposure', 'autofocus_points', 'ISO', 'resolution']}",C_QUESTION_ABOUT_FEATURE,CAMERA_3,resolution,how many megapixels is it,PRESENT_X,CAMERA_3,S_ANSWERS_QUESTION_ABOUT_FEATURE,CAMERA_3,resolution,This one has 23.2 megapixels resolution.,PRESENT_X,CAMERA_3,13~28
766,11,CAMERA_3,['CAMERA_3'],"{'CAMERA_1': [], 'CAMERA_2': [], 'CAMERA_3': ['color', 'effects', 'preset_modes', 'long_exposure', 'autofocus_points', 'ISO', 'resolution', 'settings']}",C_QUESTION_ABOUT_FEATURE,CAMERA_3,settings,sounds good what about the manual settings,PRESENT_X,CAMERA_3,S_ANSWERS_QUESTION_ABOUT_FEATURE,CAMERA_3,settings,"This one has manual control and various automatic settings (video modeburst shooting, etc.).",PRESENT_X,CAMERA_3,13~91
766,12,CAMERA_3,['CAMERA_3'],"{'CAMERA_1': [], 'CAMERA_2': [], 'CAMERA_3': ['color', 'effects', 'preset_modes', 'long_exposure', 'autofocus_points', 'ISO', 'resolution', 'settings', 'price']}",C_QUESTION_ABOUT_FEATURE,CAMERA_3,price,and how much would this be,PRESENT_X,CAMERA_3,S_ANSWERS_QUESTION_ABOUT_FEATURE,CAMERA_3,price,This one costs $518.,PRESENT_X,CAMERA_3,15~19
766,13,CAMERA_3,['CAMERA_3'],"{'CAMERA_1': [], 'CAMERA_2': [], 'CAMERA_3': ['color', 'effects', 'preset_modes', 'long_exposure', 'autofocus_points', 'ISO', 'resolution', 'settings', 'price', 'weight']}",C_SILENT_OR_BACKCHANNEL,CAMERA_3,NONE,that looks good,PRESENT_X,CAMERA_3,S_INTRODUCES_FEATURE,CAMERA_3,weight,This one weighs 820 grams.,PRESENT_X,CAMERA_3,16~25
766,14,NONE,['CAMERA_3'],"{'CAMERA_1': [], 'CAMERA_2': [], 'CAMERA_3': ['color', 'effects', 'preset_modes', 'long_exposure', 'autofocus_points', 'ISO', 'resolution', 'settings', 'price', 'weight']}",C_THANK_YOU,CAMERA_3,NONE,thank you,PRESENT_X,CAMERA_3,S_THANK_YOU,CAMERA_3,NONE,thank you very much.,FACE_TO_FACE,NONE,
766,15,NONE,['CAMERA_3'],"{'CAMERA_1': [], 'CAMERA_2': [], 'CAMERA_3': ['color', 'effects', 'preset_modes', 'long_exposure', 'autofocus_points', 'ISO', 'resolution', 'settings', 'price', 'weight']}",C_LEAVES,DOOR,NONE,,FACE_TO_FACE,NONE,S_RETURNS_TO_COUNTER,SERVICE_COUNTER,NONE,,WAITING,NONE,
767,1,NONE,[],"{'CAMERA_1': [], 'CAMERA_2': [], 'CAMERA_3': []}",C_ENTERS,DOOR,NONE,,WAITING,NONE,S_NONE,SERVICE_COUNTER,NONE,,WAITING,NONE,
767,2,NONE,[],"{'CAMERA_1': [], 'CAMERA_2': [], 'CAMERA_3': []}",C_GREETS,MIDDLE,NONE,hi can you help me,WAITING,NONE,S_GREETS,MIDDLE,NONE,can I help you?,FACE_TO_FACE,NONE,
767,3,CAMERA_2,['CAMERA_2'],"{'CAMERA_1': [], 'CAMERA_2': [], 'CAMERA_3': []}",C_LOOKING_FOR_A_CAMERA,MIDDLE,NONE,I'm looking for a mid mid range priced camera,FACE_TO_FACE,NONE,S_INTRODUCES_CAMERA,CAMERA_2,,Let me show you this. Here we have the Fujifilm Lumix ILC Camera.,PRESENT_X,CAMERA_2,39~64
767,4,CAMERA_2,['CAMERA_2'],"{'CAMERA_1': [], 'CAMERA_2': ['ISO'], 'CAMERA_3': []}",C_QUESTION_ABOUT_FEATURE,CAMERA_2,ISO,sounds good how high does the iso go,PRESENT_X,CAMERA_2,S_NOT_SURE,CAMERA_2,,I'm not really sure about that.,PRESENT_X,CAMERA_2,
767,5,CAMERA_2,['CAMERA_2'],"{'CAMERA_1': [], 'CAMERA_2': ['ISO', 'effects'], 'CAMERA_3': []}",C_SILENT_OR_BACKCHANNEL,CAMERA_2,NONE,that would be nice,PRESENT_X,CAMERA_2,S_INTRODUCES_FEATURE,CAMERA_2,effects,"This one has 24 artistic effect modes (retro, lighter or darker skin tones, sepia, etc.).",PRESENT_X,CAMERA_2,13~88
767,6,CAMERA_2,['CAMERA_2'],"{'CAMERA_1': [], 'CAMERA_2': ['ISO', 'effects', 'optical_zoom'], 'CAMERA_3': []}",C_SILENT_OR_BACKCHANNEL,CAMERA_2,NONE,ok,PRESENT_X,CAMERA_2,S_INTRODUCES_FEATURE,CAMERA_2,optical_zoom,This one has 21x optical zoom.,PRESENT_X,CAMERA_2,13~29
767,7,NONE,['CAMERA_2'],"{'CAMERA_1': [], 'CAMERA_2': ['ISO', 'effects', 'optical_zoom'], 'CAMERA_3': []}",C_THANK_YOU,CAMERA_2,NONE,thank you,PRESENT_X,CAMERA_2,S_THANK_YOU,CAMERA_2,NONE,thank you very much.,FACE_TO_FACE,NONE,
767,8,NONE,['CAMERA_2'],"{'CAMERA_1': [], 'CAMERA_2': ['ISO', 'effects', 'optical_zoom'], 'CAMERA_3': []}",C_LEAVES,DOOR,NONE,,FACE_TO_FACE,NONE,S_RETURNS_TO_COUNTER,SERVICE_COUNTER,NONE,,WAITING,NONE,
768,1,NONE,[],"{'CAMERA_1': [], 'CAMERA_2': [], 'CAMERA_3': []}",C_ENTERS,DOOR,NONE,,WAITING,NONE,S_NONE,SERVICE_COUNTER,NONE,,WAITING,NONE,
768,2,NONE,[],"{'CAMERA_1': [], 'CAMERA_2': [], 'CAMERA_3': []}",C_GREETS,MIDDLE,NONE,excuse me,WAITING,NONE,S_GREETS,MIDDLE,NONE,can I help you?,FACE_TO_FACE,NONE,
768,3,CAMERA_1,['CAMERA_1'],"{'CAMERA_1': [], 'CAMERA_2': [], 'CAMERA_3': []}",C_LOOKING_FOR_A_CAMERA,MIDDLE,NONE,I'm not alone but I'm looking for something in a fairly decent,FACE_TO_FACE,NONE,S_INTRODUCES_CAMERA,CAMERA_1,,Let me show you this. Here we have the Sony PowerShot ELPH DMC-ZS3.,PRESENT_X,CAMERA_1,39~66
768,4,CAMERA_1,['CAMERA_1'],"{'CAMERA_1': ['preset_modes'], 'CAMERA_2': [], 'CAMERA_3': []}",C_QUESTION_ABOUT_FEATURE,CAMERA_1,preset_modes,what about the present mode what is that,PRESENT_X,CAMERA_1,S_NOT_SURE,CAMERA_1,,I'm not really sure about that.,PRESENT_X,CAMERA_1,
768,5,CAMERA_2,"['CAMERA_1', 'CAMERA_2']","{'CAMERA_1': ['preset_modes'], 'CAMERA_2': [], 'CAMERA_3': []}",C_ANYTHING_ELSE_AVAILABLE,CAMERA_1,NONE,do you have any other cameras with preset mode,PRESENT_X,CAMERA_1,S_INTRODUCES_CAMERA,CAMERA_2,,Let me show you this. Here we have the Fujifilm Lumix ILC Camera.,PRESENT_X,CAMERA_2,39~64
768,6,CAMERA_2,"['CAMERA_1', 'CAMERA_2']","{'CAMERA_1': ['preset_modes'], 'CAMERA_2': ['long_exposure'], 'CAMERA_3': []}",C_QUESTION_ABOUT_FEATURE,CAMERA_2,long_exposure,what about the exposure,PRESENT_X,CAMERA_2,S_ANSWERS_QUESTION_ABOUT_FEATURE,CAMERA_2,long_exposure,This one can take long exposures up to 60 minutes max with bulb mode.,PRESENT_X,CAMERA_2,39~68
768,7,CAMERA_2,"['CAMERA_1', 'CAMERA_2']","{'CAMERA_1': ['preset_modes'], 'CAMERA_2': ['long_exposure', 'price'], 'CAMERA_3': []}",C_QUESTION_ABOUT_FEATURE,CAMERA_2,price,what is the price,PRESENT_X,CAMERA_2,S_ANSWERS_QUESTION_ABOUT_FEATURE,CAMERA_2,price,This one costs $768.,PRESENT_X,CAMERA_2,15~19
768,8,NONE,"['CAMERA_1', 'CAMERA_2']","{'CAMERA_1': ['preset_modes'], 'CAMERA_2': ['long_exposure', 'price'], 'CAMERA_3': []}",C_THANK_YOU,CAMERA_2,NONE,thanks,PRESENT_X,CAMERA_2,S_THANK_YOU,CAMERA_2,NONE,thank you very much.,FACE_TO_FACE,NONE,
768,9,NONE,"['CAMERA_1', 'CAMERA_2']","{'CAMERA_1': ['preset_modes'], 'CAMERA_2': ['long_exposure', 'price'], 'CAMERA_3': []}",C_LEAVES,DOOR,NONE,,FACE_TO_FACE,NONE,S_RETURNS_TO_COUNTER,SERVICE_COUNTER,NONE,,WAITING,NONE,
769,1,NONE,[],"{'CAMERA_1': [], 'CAMERA_2': [], 'CAMERA_3': []}",C_ENTERS,DOOR,NONE,,WAITING,NONE,S_NONE,SERVICE_COUNTER,NONE,,WAITING,NONE,
769,2,NONE,[],"{'CAMERA_1': [], 'CAMERA_2': [], 'CAMERA_3': []}",C_WALKS_TO_CAMERA,CAMERA_1,NONE,,WAITING,NONE,S_GREETS,CAMERA_1,NONE,can I help you?,FACE_TO_FACE,NONE,
769,3,CAMERA_2,['CAMERA_2'],"{'CAMERA_1': [], 'CAMERA_2': [], 'CAMERA_3': []}",C_LOOKING_FOR_A_CAMERA,CAMERA_1,NONE,I'm interested in buying a camera but I'm not sure what I need,FACE_TO_FACE,NONE,S_INTRODUCES_CAMERA,CAMERA_2,,Let me show you this. Here we have the Fujifilm Lumix ILC Camera.,PRESENT_X,CAMERA_2,39~64
769,4,CAMERA_2,['CAMERA_2'],"{'CAMERA_1': [], 'CAMERA_2': ['price'], 'CAMERA_3': []}",C_QUESTION_ABOUT_FEATURE,CAMERA_2,price,okay and what's the price on this again,PRESENT_X,CAMERA_2,S_ANSWERS_QUESTION_ABOUT_FEATURE,CAMERA_2,price,This one costs $768.,PRESENT_X,CAMERA_2,15~19
769,5,CAMERA_2,['CAMERA_2'],"{'CAMERA_1': [], 'CAMERA_2': ['price', 'settings'], 'CAMERA_3': []}",C_QUESTION_ABOUT_FEATURE,CAMERA_2,settings,what are the settings for,PRESENT_X,CAMERA_2,S_ANSWERS_QUESTION_ABOUT_FEATURE,CAMERA_2,settings,"This one has manual control and various automatic settings (video modeburst shooting, etc.).",PRESENT_X,CAMERA_2,13~91
769,6,CAMERA_2,['CAMERA_2'],"{'CAMERA_1': [], 'CAMERA_2': ['price', 'settings', 'optical_zoom'], 'CAMERA_3': []}",C_SILENT_OR_BACKCHANNEL,CAMERA_2,NONE,okay,PRESENT_X,CAMERA_2,S_INTRODUCES_FEATURE,CAMERA_2,optical_zoom,This one has 21x optical zoom.,PRESENT_X,CAMERA_2,13~29
769,7,CAMERA_2,['CAMERA_2'],"{'CAMERA_1': [], 'CAMERA_2': ['price', 'settings', 'optical_zoom', 'preset_modes'], 'CAMERA_3': []}",C_QUESTION_ABOUT_FEATURE,CAMERA_2,preset_modes,what about the present mode what is that,PRESENT_X,CAMERA_2,S_NOT_SURE,CAMERA_2,,I'm not really sure about that.,PRESENT_X,CAMERA_2,
769,8,CAMERA_2,['CAMERA_2'],"{'CAMERA_1': [], 'CAMERA_2': ['price', 'settings', 'optical_zoom', 'preset_modes', 'autofocus_points'], 'CAMERA_3': []}",C_QUESTION_ABOUT_FEATURE,CAMERA_2,autofocus_points,How about auto focus points for this,PRESENT_X,CAMERA_2,S_NOT_SURE,CAMERA_2,,I'm not really sure about that.,PRESENT_X,CAMERA_2,
769,9,CAMERA_2,['CAMERA_2'],"{'CAMERA_1': [], 'CAMERA_2': ['price', 'settings', 'optical_zoom', 'preset_modes', 'autofocus_points', 'weight'], 'CAMERA_3': []}",C_QUESTION_ABOUT_FEATURE,CAMERA_2,weight,oh yeah it's a bit heavy how much does it weight,PRESENT_X,CAMERA_2,S_ANSWERS_QUESTION_ABOUT_FEATURE,CAMERA_2,weight,This one weighs 820 grams.,PRESENT_X,CAMERA_2,16~25
769,10,CAMERA_2,['CAMERA_2'],"{'CAMERA_1': [], 'CAMERA_2': ['price', 'settings', 'optical_zoom', 'preset_modes', 'autofocus_points', 'weight', 'sensor_size'], 'CAMERA_3': []}",C_QUESTION_ABOUT_FEATURE,CAMERA_2,sensor_size,what is the sensor size,PRESENT_X,CAMERA_2,S_ANSWERS_QUESTION_ABOUT_FEATURE,CAMERA_2,sensor_size,This one has a 1/2.33 inch sensor.,PRESENT_X,CAMERA_2,15~33
769,11,CAMERA_2,['CAMERA_2'],"{'CAMERA_1': [], 'CAMERA_2': ['price', 'settings', 'optical_zoom', 'preset_modes', 'autofocus_points', 'weight', 'sensor_size', 'effects'], 'CAMERA_3': []}",C_QUESTION_ABOUT_FEATURE,CAMERA_2,effects,what's the artistic effect mode,PRESENT_X,CAMERA_2,S_ANSWERS_QUESTION_ABOUT_FEATURE,CAMERA_2,effects,"This one has 24 artistic effect modes (retro, lighter or darker skin tones, sepia, etc.).",PRESENT_X,CAMERA_2,13~88
769,12,NONE,['CAMERA_2'],"{'CAMERA_1': [], 'CAMERA_2': ['price', 'settings', 'optical_zoom', 'preset_modes', 'autofocus_points', 'weight', 'sensor_size', 'effects'], 'CAMERA_3': []}",C_THANK_YOU,CAMERA_2,NONE,ok thank you,PRESENT_X,CAMERA_2,S_THANK_YOU,CAMERA_2,NONE,thank you very much.,FACE_TO_FACE,NONE,
769,13,NONE,['CAMERA_2'],"{'CAMERA_1': [], 'CAMERA_2': ['price', 'settings', 'optical_zoom', 'preset_modes', 'autofocus_points', 'weight', 'sensor_size', 'effects'], 'CAMERA_3': []}",C_LEAVES,DOOR,NONE,,FACE_TO_FACE,NONE,S_RETURNS_TO_COUNTER,SERVICE_COUNTER,NONE,,WAITING,NONE,
770,1,NONE,[],"{'CAMERA_1': [], 'CAMERA_2': [], 'CAMERA_3': []}",C_ENTERS,DOOR,NONE,,WAITING,NONE,S_NONE,SERVICE_COUNTER,NONE,,WAITING,NONE,
770,2,NONE,[],"{'CAMERA_1': [], 'CAMERA_2': [], 'CAMERA_3': []}",C_GREETS,MIDDLE,NONE,hello,WAITING,NONE,S_GREETS,MIDDLE,NONE,can I help you?,FACE_TO_FACE,NONE,
770,3,CAMERA_3,['CAMERA_3'],"{'CAMERA_1': [], 'CAMERA_2': [], 'CAMERA_3': []}",C_LOOKING_FOR_A_CAMERA,MIDDLE,NONE,hi good afternoon I'm looking to buy a new camera that if it continues portable,FACE_TO_FACE,NONE,S_INTRODUCES_CAMERA,CAMERA_3,,Let me show you this. Here we have the Fujifilm PowerShot ELPH S2800.,PRESENT_X,CAMERA_3,39~68
770,4,CAMERA_3,['CAMERA_3'],"{'CAMERA_1': [], 'CAMERA_2': [], 'CAMERA_3': ['long_exposure']}",C_SILENT_OR_BACKCHANNEL,CAMERA_3,NONE,wow these cameras look so nice,PRESENT_X,CAMERA_3,S_INTRODUCES_FEATURE,CAMERA_3,long_exposure,This one can take long exposures up to 30 minutes max with bulb mode.,PRESENT_X,CAMERA_3,39~68
770,5,CAMERA_3,['CAMERA_3'],"{'CAMERA_1': [], 'CAMERA_2': [], 'CAMERA_3': ['long_exposure', 'optical_zoom']}",C_QUESTION_ABOUT_FEATURE,CAMERA_3,optical_zoom,how about the ability of fight for the zoom how much is optical zoom for this camera,PRESENT_X,CAMERA_3,S_NOT_SURE,CAMERA_3,,I'm not really sure about that.,PRESENT_X,CAMERA_3,
770,6,CAMERA_3,['CAMERA_3'],"{'CAMERA_1': [], 'CAMERA_2': [], 'CAMERA_3': ['long_exposure', 'optical_zoom', 'weight']}",C_SILENT_OR_BACKCHANNEL,CAMERA_3,NONE,this camera sounds pretty good,PRESENT_X,CAMERA_3,S_INTRODUCES_FEATURE,CAMERA_3,weight,This one weighs 820 grams.,PRESENT_X,CAMERA_3,16~25
770,7,CAMERA_3,['CAMERA_3'],"{'CAMERA_1': [], 'CAMERA_2': [], 'CAMERA_3': ['long_exposure', 'optical_zoom', 'weight', 'color']}",C_SILENT_OR_BACKCHANNEL,CAMERA_3,NONE,I say,PRESENT_X,CAMERA_3,S_INTRODUCES_FEATURE,CAMERA_3,color,"This one comes in purple, white, silver, blue, red, or pink.",PRESENT_X,CAMERA_3,18~59
770,8,CAMERA_1,"['CAMERA_3', 'CAMERA_1']","{'CAMERA_1': [], 'CAMERA_2': [], 'CAMERA_3': ['long_exposure', 'optical_zoom', 'weight', 'color']}",C_ANYTHING_ELSE_AVAILABLE,CAMERA_3,NONE,I see do you have any other options that you can show me,PRESENT_X,CAMERA_3,S_INTRODUCES_CAMERA,CAMERA_1,,Let me show you this. Here we have the Sony PowerShot ELPH DMC-ZS3.,PRESENT_X,CAMERA_1,39~66
770,9,CAMERA_1,"['CAMERA_3', 'CAMERA_1']","{'CAMERA_1': ['optical_zoom'], 'CAMERA_2': [], 'CAMERA_3': ['long_exposure', 'optical_zoom', 'weight', 'color']}",C_QUESTION_ABOUT_FEATURE,CAMERA_1,optical_zoom,okay so it's not the same kind of zoom,PRESENT_X,CAMERA_1,S_ANSWERS_QUESTION_ABOUT_FEATURE,CAMERA_1,optical_zoom,This one has 21x optical zoom.,PRESENT_X,CAMERA_1,13~29
770,10,CAMERA_1,"['CAMERA_3', 'CAMERA_1']","{'CAMERA_1': ['optical_zoom', 'color'], 'CAMERA_2': [], 'CAMERA_3': ['long_exposure', 'optical_zoom', 'weight', 'color']}",C_QUESTION_ABOUT_FEATURE,CAMERA_1,color,sounds like I am does it come in different colors,PRESENT_X,CAMERA_1,S_ANSWERS_QUESTION_ABOUT_FEATURE,CAMERA_1,color,This one comes in blue or black.,PRESENT_X,CAMERA_1,18~31
770,11,CAMERA_1,"['CAMERA_3', 'CAMERA_1']","{'CAMERA_1': ['optical_zoom', 'color', 'autofocus_points'], 'CAMERA_2': [], 'CAMERA_3': ['long_exposure', 'optical_zoom', 'weight', 'color']}",C_QUESTION_ABOUT_FEATURE,CAMERA_1,autofocus_points,how many autofocus points does it have ,PRESENT_X,CAMERA_1,S_ANSWERS_QUESTION_ABOUT_FEATURE,CAMERA_1,autofocus_points,This one has 135 autofocus points.,PRESENT_X,CAMERA_1,13~33
770,12,CAMERA_1,"['CAMERA_3', 'CAMERA_1']","{'CAMERA_1': ['optical_zoom', 'color', 'autofocus_points', 'effects'], 'CAMERA_2': [], 'CAMERA_3': ['long_exposure', 'optical_zoom', 'weight', 'color']}",C_SILENT_OR_BACKCHANNEL,CAMERA_1,NONE,that's pretty funky,PRESENT_X,CAMERA_1,S_INTRODUCES_FEATURE,CAMERA_1,effects,"This one has 24 glamor retouch effects (miniature, retro, toy camera, etc.).",PRESENT_X,CAMERA_1,13~75
770,13,NONE,"['CAMERA_3', 'CAMERA_1']","{'CAMERA_1': ['optical_zoom', 'color', 'autofocus_points', 'effects'], 'CAMERA_2': [], 'CAMERA_3': ['long_exposure', 'optical_zoom', 'weight', 'color']}",C_THANK_YOU,CAMERA_1,NONE,Ok thank you very much,PRESENT_X,CAMERA_1,S_THANK_YOU,CAMERA_1,NONE,thank you very much.,FACE_TO_FACE,NONE,
770,14,NONE,"['CAMERA_3', 'CAMERA_1']","{'CAMERA_1': ['optical_zoom', 'color', 'autofocus_points', 'effects'], 'CAMERA_2': [], 'CAMERA_3': ['long_exposure', 'optical_zoom', 'weight', 'color']}",C_LEAVES,DOOR,NONE,,FACE_TO_FACE,NONE,S_RETURNS_TO_COUNTER,SERVICE_COUNTER,NONE,,WAITING,NONE,
771,1,NONE,[],"{'CAMERA_1': [], 'CAMERA_2': [], 'CAMERA_3': []}",C_ENTERS,DOOR,NONE,,WAITING,NONE,S_NONE,SERVICE_COUNTER,NONE,,WAITING,NONE,
771,2,NONE,[],"{'CAMERA_1': [], 'CAMERA_2': [], 'CAMERA_3': []}",C_WALKS_TO_CAMERA,CAMERA_1,NONE,,WAITING,NONE,S_GREETS,CAMERA_1,NONE,can I help you?,FACE_TO_FACE,NONE,
771,3,CAMERA_1,['CAMERA_1'],"{'CAMERA_1': [], 'CAMERA_2': [], 'CAMERA_3': []}",C_LOOKING_FOR_A_CAMERA,CAMERA_1,NONE,I'm looking for a camera,FACE_TO_FACE,NONE,S_INTRODUCES_CAMERA,CAMERA_1,,Let me show you this. Here we have the Sony PowerShot ELPH DMC-ZS3.,PRESENT_X,CAMERA_1,39~66
771,4,CAMERA_1,['CAMERA_1'],"{'CAMERA_1': ['sensor_size'], 'CAMERA_2': [], 'CAMERA_3': []}",C_QUESTION_ABOUT_FEATURE,CAMERA_1,sensor_size,and the sensor size,PRESENT_X,CAMERA_1,S_ANSWERS_QUESTION_ABOUT_FEATURE,CAMERA_1,sensor_size,This one has a 1/2.3 inch CMOS sensor.,PRESENT_X,CAMERA_1,15~37
771,5,CAMERA_1,['CAMERA_1'],"{'CAMERA_1': ['sensor_size', 'settings'], 'CAMERA_2': [], 'CAMERA_3': []}",C_QUESTION_ABOUT_FEATURE,CAMERA_1,settings,what sort of control can I do with it,PRESENT_X,CAMERA_1,S_ANSWERS_QUESTION_ABOUT_FEATURE,CAMERA_1,settings,This one has limited manual settings.,PRESENT_X,CAMERA_1,13~36
771,6,CAMERA_1,['CAMERA_1'],"{'CAMERA_1': ['sensor_size', 'settings', 'long_exposure'], 'CAMERA_2': [], 'CAMERA_3': []}",C_SILENT_OR_BACKCHANNEL,CAMERA_1,NONE,sounds great,PRESENT_X,CAMERA_1,S_INTRODUCES_FEATURE,CAMERA_1,long_exposure,This one can take long exposures up to up to 15 seconds with Long Shutter Mode.,PRESENT_X,CAMERA_1,39~78
771,7,CAMERA_1,['CAMERA_1'],"{'CAMERA_1': ['sensor_size', 'settings', 'long_exposure', 'color'], 'CAMERA_2': [], 'CAMERA_3': []}",C_SILENT_OR_BACKCHANNEL,CAMERA_1,NONE,ok,PRESENT_X,CAMERA_1,S_INTRODUCES_FEATURE,CAMERA_1,color,This one comes in blue or black.,PRESENT_X,CAMERA_1,18~31
771,8,CAMERA_1,['CAMERA_1'],"{'CAMERA_1': ['sensor_size', 'settings', 'long_exposure', 'color', 'resolution'], 'CAMERA_2': [], 'CAMERA_3': []}",C_SILENT_OR_BACKCHANNEL,CAMERA_1,NONE,oh I see this looks nice looks like and I like the color but what about the price this ,PRESENT_X,CAMERA_1,S_INTRODUCES_FEATURE,CAMERA_1,resolution,This one has 17.8 megapixels resolution.,PRESENT_X,CAMERA_1,13~28
771,9,CAMERA_2,"['CAMERA_1', 'CAMERA_2']","{'CAMERA_1': ['sensor_size', 'settings', 'long_exposure', 'color', 'resolution'], 'CAMERA_2': [], 'CAMERA_3': []}",C_ANYTHING_ELSE_AVAILABLE,CAMERA_1,NONE,do you have any other cameras with preset mode,PRESENT_X,CAMERA_1,S_INTRODUCES_CAMERA,CAMERA_2,,Let me show you this. Here we have the Fujifilm Lumix ILC Camera.,PRESENT_X,CAMERA_2,39~64
771,10,CAMERA_2,"['CAMERA_1', 'CAMERA_2']","{'CAMERA_1': ['sensor_size', 'settings', 'long_exposure', 'color', 'resolution'], 'CAMERA_2': ['camera_type'], 'CAMERA_3': []}",C_QUESTION_ABOUT_FEATURE,CAMERA_2,camera_type,is this a DSLR camera,PRESENT_X,CAMERA_2,S_ANSWERS_QUESTION_ABOUT_FEATURE,CAMERA_2,camera_type,This is a digital single lens mirrorless camera.,PRESENT_X,CAMERA_2,10~40
771,11,CAMERA_2,"['CAMERA_1', 'CAMERA_2']","{'CAMERA_1': ['sensor_size', 'settings', 'long_exposure', 'color', 'resolution'], 'CAMERA_2': ['camera_type', 'effects'], 'CAMERA_3': []}",C_QUESTION_ABOUT_FEATURE,CAMERA_2,effects,$550 that's not too bad for a camera it says here artistic effect mode what is that,PRESENT_X,CAMERA_2,S_ANSWERS_QUESTION_ABOUT_FEATURE,CAMERA_2,effects,"This one has 24 artistic effect modes (retro, lighter or darker skin tones, sepia, etc.).",PRESENT_X,CAMERA_2,13~88
771,12,CAMERA_2,"['CAMERA_1', 'CAMERA_2']","{'CAMERA_1': ['sensor_size', 'settings', 'long_exposure', 'color', 'resolution'], 'CAMERA_2': ['camera_type', 'effects', 'color'], 'CAMERA_3': []}",C_SILENT_OR_BACKCHANNEL,CAMERA_2,NONE,IC,PRESENT_X,CAMERA_2,S_INTRODUCES_FEATURE,CAMERA_2,color,This one comes in white or pink.,PRESENT_X,CAMERA_2,18~31
771,13,CAMERA_2,"['CAMERA_1', 'CAMERA_2']","{'CAMERA_1': ['sensor_size', 'settings', 'long_exposure', 'color', 'resolution'], 'CAMERA_2': ['camera_type', 'effects', 'color', 'preset_modes'], 'CAMERA_3': []}",C_QUESTION_ABOUT_FEATURE,CAMERA_2,preset_modes,cool any preset modes,PRESENT_X,CAMERA_2,S_NOT_SURE,CAMERA_2,,I'm not really sure about that.,PRESENT_X,CAMERA_2,
771,14,CAMERA_3,"['CAMERA_1', 'CAMERA_2', 'CAMERA_3']","{'CAMERA_1': ['sensor_size', 'settings', 'long_exposure', 'color', 'resolution'], 'CAMERA_2': ['camera_type', 'effects', 'color', 'preset_modes'], 'CAMERA_3': []}",C_ANYTHING_ELSE_AVAILABLE,CAMERA_2,NONE,So this is the only model you have in your shop,PRESENT_X,CAMERA_2,S_INTRODUCES_CAMERA,CAMERA_3,,Let me show you this. Here we have the Fujifilm PowerShot ELPH S2800.,PRESENT_X,CAMERA_3,39~68
771,15,CAMERA_3,"['CAMERA_1', 'CAMERA_2', 'CAMERA_3']","{'CAMERA_1': ['sensor_size', 'settings', 'long_exposure', 'color', 'resolution'], 'CAMERA_2': ['camera_type', 'effects', 'color', 'preset_modes'], 'CAMERA_3': ['preset_modes']}",C_QUESTION_ABOUT_FEATURE,CAMERA_3,preset_modes,what does this support for preset mode,PRESENT_X,CAMERA_3,S_ANSWERS_QUESTION_ABOUT_FEATURE,CAMERA_3,preset_modes,This one has various preset modes.,PRESENT_X,CAMERA_3,13~33
771,16,CAMERA_3,"['CAMERA_1', 'CAMERA_2', 'CAMERA_3']","{'CAMERA_1': ['sensor_size', 'settings', 'long_exposure', 'color', 'resolution'], 'CAMERA_2': ['camera_type', 'effects', 'color', 'preset_modes'], 'CAMERA_3': ['preset_modes', 'weight']}",C_QUESTION_ABOUT_FEATURE,CAMERA_3,weight,how heavy is it,PRESENT_X,CAMERA_3,S_ANSWERS_QUESTION_ABOUT_FEATURE,CAMERA_3,weight,This one weighs 820 grams.,PRESENT_X,CAMERA_3,16~25
771,17,CAMERA_3,"['CAMERA_1', 'CAMERA_2', 'CAMERA_3']","{'CAMERA_1': ['sensor_size', 'settings', 'long_exposure', 'color', 'resolution'], 'CAMERA_2': ['camera_type', 'effects', 'color', 'preset_modes'], 'CAMERA_3': ['preset_modes', 'weight', 'camera_type']}",C_SILENT_OR_BACKCHANNEL,CAMERA_3,NONE,alright,PRESENT_X,CAMERA_3,S_INTRODUCES_FEATURE,CAMERA_3,camera_type,This is a point and shoot camera.,PRESENT_X,CAMERA_3,10~25
771,18,CAMERA_3,"['CAMERA_1', 'CAMERA_2', 'CAMERA_3']","{'CAMERA_1': ['sensor_size', 'settings', 'long_exposure', 'color', 'resolution'], 'CAMERA_2': ['camera_type', 'effects', 'color', 'preset_modes'], 'CAMERA_3': ['preset_modes', 'weight', 'camera_type', 'settings']}",C_QUESTION_ABOUT_FEATURE,CAMERA_3,settings,Does this camera have manual settings?,PRESENT_X,CAMERA_3,S_ANSWERS_QUESTION_ABOUT_FEATURE,CAMERA_3,settings,"This one has manual control and various automatic settings (video modeburst shooting, etc.).",PRESENT_X,CAMERA_3,13~91
771,19,CAMERA_3,"['CAMERA_1', 'CAMERA_2', 'CAMERA_3']","{'CAMERA_1': ['sensor_size', 'settings', 'long_exposure', 'color', 'resolution'], 'CAMERA_2': ['camera_type', 'effects', 'color', 'preset_modes'], 'CAMERA_3': ['preset_modes', 'weight', 'camera_type', 'settings', 'price']}",C_QUESTION_ABOUT_FEATURE,CAMERA_3,price,how much is this,PRESENT_X,CAMERA_3,S_ANSWERS_QUESTION_ABOUT_FEATURE,CAMERA_3,price,This one costs $518.,PRESENT_X,CAMERA_3,15~19
771,20,CAMERA_3,"['CAMERA_1', 'CAMERA_2', 'CAMERA_3']","{'CAMERA_1': ['sensor_size', 'settings', 'long_exposure', 'color', 'resolution'], 'CAMERA_2': ['camera_type', 'effects', 'color', 'preset_modes'], 'CAMERA_3': ['preset_modes', 'weight', 'camera_type', 'settings', 'price', 'effects']}",C_QUESTION_ABOUT_FEATURE,CAMERA_3,effects,and what is the artistic effect mode on this camera,PRESENT_X,CAMERA_3,S_ANSWERS_QUESTION_ABOUT_FEATURE,CAMERA_3,effects,"This one has 21 photo effects (small face, retro, big eyes, etc.).",PRESENT_X,CAMERA_3,13~65
771,21,CAMERA_3,"['CAMERA_1', 'CAMERA_2', 'CAMERA_3']","{'CAMERA_1': ['sensor_size', 'settings', 'long_exposure', 'color', 'resolution'], 'CAMERA_2': ['camera_type', 'effects', 'color', 'preset_modes'], 'CAMERA_3': ['preset_modes', 'weight', 'camera_type', 'settings', 'price', 'effects', 'long_exposure']}",C_SILENT_OR_BACKCHANNEL,CAMERA_3,NONE,oh that's not bad,PRESENT_X,CAMERA_3,S_INTRODUCES_FEATURE,CAMERA_3,long_exposure,This one can take long exposures up to 30 minutes max with bulb mode.,PRESENT_X,CAMERA_3,39~68
771,22,CAMERA_3,"['CAMERA_1', 'CAMERA_2', 'CAMERA_3']","{'CAMERA_1': ['sensor_size', 'settings', 'long_exposure', 'color', 'resolution'], 'CAMERA_2': ['camera_type', 'effects', 'color', 'preset_modes'], 'CAMERA_3': ['preset_modes', 'weight', 'camera_type', 'settings', 'price', 'effects', 'long_exposure', 'resolution']}",C_QUESTION_ABOUT_FEATURE,CAMERA_3,resolution,how many megapixels is this camera information of the resolution,PRESENT_X,CAMERA_3,S_ANSWERS_QUESTION_ABOUT_FEATURE,CAMERA_3,resolution,This one has 23.2 megapixels resolution.,PRESENT_X,CAMERA_3,13~28
771,23,CAMERA_3,"['CAMERA_1', 'CAMERA_2', 'CAMERA_3']","{'CAMERA_1': ['sensor_size', 'settings', 'long_exposure', 'color', 'resolution'], 'CAMERA_2': ['camera_type', 'effects', 'color', 'preset_modes'], 'CAMERA_3': ['preset_modes', 'weight', 'camera_type', 'settings', 'price', 'effects', 'long_exposure', 'resolution', 'autofocus_points']}",C_QUESTION_ABOUT_FEATURE,CAMERA_3,autofocus_points,yeah I'm wondering how many auto focus points does this camera have,PRESENT_X,CAMERA_3,S_ANSWERS_QUESTION_ABOUT_FEATURE,CAMERA_3,autofocus_points,This one has 214 autofocus points.,PRESENT_X,CAMERA_3,13~33
771,24,CAMERA_3,"['CAMERA_1', 'CAMERA_2', 'CAMERA_3']","{'CAMERA_1': ['sensor_size', 'settings', 'long_exposure', 'color', 'resolution'], 'CAMERA_2': ['camera_type', 'effects', 'color', 'preset_modes'], 'CAMERA_3': ['preset_modes', 'weight', 'camera_type', 'settings', 'price', 'effects', 'long_exposure', 'resolution', 'autofocus_points', 'sensor_size']}",C_QUESTION_ABOUT_FEATURE,CAMERA_3,sensor_size,the sensor on this phone is it full frame,PRESENT_X,CAMERA_3,S_ANSWERS_QUESTION_ABOUT_FEATURE,CAMERA_3,sensor_size,This one has a full frame.,PRESENT_X,CAMERA_3,15~25
771,25,NONE,"['CAMERA_1', 'CAMERA_2', 'CAMERA_3']","{'CAMERA_1': ['sensor_size', 'settings', 'long_exposure', 'color', 'resolution'], 'CAMERA_2': ['camera_type', 'effects', 'color', 'preset_modes'], 'CAMERA_3': ['preset_modes', 'weight', 'camera_type', 'settings', 'price', 'effects', 'long_exposure', 'resolution', 'autofocus_points', 'sensor_size']}",C_THANK_YOU,CAMERA_3,NONE,thank you,PRESENT_X,CAMERA_3,S_THANK_YOU,CAMERA_3,NONE,thank you very much.,FACE_TO_FACE,NONE,
771,26,NONE,"['CAMERA_1', 'CAMERA_2', 'CAMERA_3']","{'CAMERA_1': ['sensor_size', 'settings', 'long_exposure', 'color', 'resolution'], 'CAMERA_2': ['camera_type', 'effects', 'color', 'preset_modes'], 'CAMERA_3': ['preset_modes', 'weight', 'camera_type', 'settings', 'price', 'effects', 'long_exposure', 'resolution', 'autofocus_points', 'sensor_size']}",C_LEAVES,DOOR,NONE,,FACE_TO_FACE,NONE,S_RETURNS_TO_COUNTER,SERVICE_COUNTER,NONE,,WAITING,NONE,
772,1,NONE,[],"{'CAMERA_1': [], 'CAMERA_2': [], 'CAMERA_3': []}",C_ENTERS,DOOR,NONE,,WAITING,NONE,S_NONE,SERVICE_COUNTER,NONE,,WAITING,NONE,
772,2,NONE,[],"{'CAMERA_1': [], 'CAMERA_2': [], 'CAMERA_3': []}",C_GREETS,MIDDLE,NONE,sorry excuse me I have a question about this camera,WAITING,NONE,S_GREETS,MIDDLE,NONE,can I help you?,FACE_TO_FACE,NONE,
772,3,CAMERA_2,['CAMERA_2'],"{'CAMERA_1': [], 'CAMERA_2': [], 'CAMERA_3': []}",C_LOOKING_FOR_A_CAMERA,MIDDLE,NONE,hi good afternoon I'm looking for a camera for my son just graduated from school and I would like to buy him a new camera,FACE_TO_FACE,NONE,S_INTRODUCES_CAMERA,CAMERA_2,,Let me show you this. Here we have the Fujifilm Lumix ILC Camera.,PRESENT_X,CAMERA_2,39~64
772,4,CAMERA_2,['CAMERA_2'],"{'CAMERA_1': [], 'CAMERA_2': ['color'], 'CAMERA_3': []}",C_SILENT_OR_BACKCHANNEL,CAMERA_2,NONE,great that's great I know what sits exercise,PRESENT_X,CAMERA_2,S_INTRODUCES_FEATURE,CAMERA_2,color,This one comes in white or pink.,PRESENT_X,CAMERA_2,18~31
772,5,CAMERA_2,['CAMERA_2'],"{'CAMERA_1': [], 'CAMERA_2': ['color', 'long_exposure'], 'CAMERA_3': []}",C_SILENT_OR_BACKCHANNEL,CAMERA_2,NONE,alright,PRESENT_X,CAMERA_2,S_INTRODUCES_FEATURE,CAMERA_2,long_exposure,This one can take long exposures up to 60 minutes max with bulb mode.,PRESENT_X,CAMERA_2,39~68
772,6,CAMERA_2,['CAMERA_2'],"{'CAMERA_1': [], 'CAMERA_2': ['color', 'long_exposure', 'effects'], 'CAMERA_3': []}",C_SILENT_OR_BACKCHANNEL,CAMERA_2,NONE,alright,PRESENT_X,CAMERA_2,S_INTRODUCES_FEATURE,CAMERA_2,effects,"This one has 24 artistic effect modes (retro, lighter or darker skin tones, sepia, etc.).",PRESENT_X,CAMERA_2,13~88
772,7,CAMERA_2,['CAMERA_2'],"{'CAMERA_1': [], 'CAMERA_2': ['color', 'long_exposure', 'effects', 'camera_type'], 'CAMERA_3': []}",C_QUESTION_ABOUT_FEATURE,CAMERA_2,camera_type,what kind of camera is this,PRESENT_X,CAMERA_2,S_ANSWERS_QUESTION_ABOUT_FEATURE,CAMERA_2,camera_type,This is a digital single lens mirrorless camera.,PRESENT_X,CAMERA_2,10~40
772,8,CAMERA_1,"['CAMERA_2', 'CAMERA_1']","{'CAMERA_1': [], 'CAMERA_2': ['color', 'long_exposure', 'effects', 'camera_type'], 'CAMERA_3': []}",C_ANYTHING_ELSE_AVAILABLE,CAMERA_2,NONE,So this is the only model you have in your shop,PRESENT_X,CAMERA_2,S_INTRODUCES_CAMERA,CAMERA_1,,Let me show you this. Here we have the Sony PowerShot ELPH DMC-ZS3.,PRESENT_X,CAMERA_1,39~66
772,9,CAMERA_1,"['CAMERA_2', 'CAMERA_1']","{'CAMERA_1': ['autofocus_points'], 'CAMERA_2': ['color', 'long_exposure', 'effects', 'camera_type'], 'CAMERA_3': []}",C_SILENT_OR_BACKCHANNEL,CAMERA_1,NONE,good,PRESENT_X,CAMERA_1,S_INTRODUCES_FEATURE,CAMERA_1,autofocus_points,This one has 135 autofocus points.,PRESENT_X,CAMERA_1,13~33
772,10,NONE,"['CAMERA_2', 'CAMERA_1']","{'CAMERA_1': ['autofocus_points'], 'CAMERA_2': ['color', 'long_exposure', 'effects', 'camera_type'], 'CAMERA_3': []}",C_THANK_YOU,CAMERA_1,NONE,thanks,PRESENT_X,CAMERA_1,S_THANK_YOU,CAMERA_1,NONE,thank you very much.,FACE_TO_FACE,NONE,
772,11,NONE,"['CAMERA_2', 'CAMERA_1']","{'CAMERA_1': ['autofocus_points'], 'CAMERA_2': ['color', 'long_exposure', 'effects', 'camera_type'], 'CAMERA_3': []}",C_LEAVES,DOOR,NONE,,FACE_TO_FACE,NONE,S_RETURNS_TO_COUNTER,SERVICE_COUNTER,NONE,,WAITING,NONE,
773,1,NONE,[],"{'CAMERA_1': [], 'CAMERA_2': [], 'CAMERA_3': []}",C_ENTERS,DOOR,NONE,,WAITING,NONE,S_NONE,SERVICE_COUNTER,NONE,,WAITING,NONE,
773,2,NONE,[],"{'CAMERA_1': [], 'CAMERA_2': [], 'CAMERA_3': []}",C_GREETS,MIDDLE,NONE,hi bye bye,WAITING,NONE,S_GREETS,MIDDLE,NONE,can I help you?,FACE_TO_FACE,NONE,
773,3,CAMERA_3,['CAMERA_3'],"{'CAMERA_1': [], 'CAMERA_2': [], 'CAMERA_3': []}",C_LOOKING_FOR_A_CAMERA,MIDDLE,NONE,I'm looking for a new camera,FACE_TO_FACE,NONE,S_INTRODUCES_CAMERA,CAMERA_3,,Let me show you this. Here we have the Fujifilm PowerShot ELPH S2800.,PRESENT_X,CAMERA_3,39~68
773,4,CAMERA_3,['CAMERA_3'],"{'CAMERA_1': [], 'CAMERA_2': [], 'CAMERA_3': ['settings']}",C_SILENT_OR_BACKCHANNEL,CAMERA_3,NONE,this is pretty new does it take good photos,PRESENT_X,CAMERA_3,S_INTRODUCES_FEATURE,CAMERA_3,settings,"This one has manual control and various automatic settings (video modeburst shooting, etc.).",PRESENT_X,CAMERA_3,13~91
773,5,CAMERA_3,['CAMERA_3'],"{'CAMERA_1': [], 'CAMERA_2': [], 'CAMERA_3': ['settings', 'long_exposure']}",C_SILENT_OR_BACKCHANNEL,CAMERA_3,NONE,ok,PRESENT_X,CAMERA_3,S_INTRODUCES_FEATURE,CAMERA_3,long_exposure,This one can take long exposures up to 30 minutes max with bulb mode.,PRESENT_X,CAMERA_3,39~68
773,6,CAMERA_2,"['CAMERA_3', 'CAMERA_2']","{'CAMERA_1': [], 'CAMERA_2': [], 'CAMERA_3': ['settings', 'long_exposure']}",C_ANYTHING_ELSE_AVAILABLE,CAMERA_3,NONE,ok do you have any other cameras that can just look at,PRESENT_X,CAMERA_3,S_INTRODUCES_CAMERA,CAMERA_2,,Let me show you this. Here we have the Fujifilm Lumix ILC Camera.,PRESENT_X,CAMERA_2,39~64
773,7,CAMERA_2,"['CAMERA_3', 'CAMERA_2']","{'CAMERA_1': [], 'CAMERA_2': ['long_exposure'], 'CAMERA_3': ['settings', 'long_exposure']}",C_SILENT_OR_BACKCHANNEL,CAMERA_2,NONE,that sounds good,PRESENT_X,CAMERA_2,S_INTRODUCES_FEATURE,CAMERA_2,long_exposure,This one can take long exposures up to 60 minutes max with bulb mode.,PRESENT_X,CAMERA_2,39~68
773,8,NONE,"['CAMERA_3', 'CAMERA_2']","{'CAMERA_1': [], 'CAMERA_2': ['long_exposure'], 'CAMERA_3': ['settings', 'long_exposure']}",C_THANK_YOU,CAMERA_2,NONE,okay okay thank you very much,PRESENT_X,CAMERA_2,S_THANK_YOU,CAMERA_2,NONE,thank you very much.,FACE_TO_FACE,NONE,
773,9,NONE,"['CAMERA_3', 'CAMERA_2']","{'CAMERA_1': [], 'CAMERA_2': ['long_exposure'], 'CAMERA_3': ['settings', 'long_exposure']}",C_LEAVES,DOOR,NONE,,FACE_TO_FACE,NONE,S_RETURNS_TO_COUNTER,SERVICE_COUNTER,NONE,,WAITING,NONE,
774,1,NONE,[],"{'CAMERA_1': [], 'CAMERA_2': [], 'CAMERA_3': []}",C_ENTERS,DOOR,NONE,,WAITING,NONE,S_NONE,SERVICE_COUNTER,NONE,,WAITING,NONE,
774,2,NONE,[],"{'CAMERA_1': [], 'CAMERA_2': [], 'CAMERA_3': []}",C_WALKS_TO_CAMERA,CAMERA_1,NONE,,WAITING,NONE,S_GREETS,CAMERA_1,NONE,can I help you?,FACE_TO_FACE,NONE,
774,3,CAMERA_1,['CAMERA_1'],"{'CAMERA_1': [], 'CAMERA_2': [], 'CAMERA_3': []}",C_LOOKING_FOR_A_CAMERA,CAMERA_1,NONE,I'm looking to buy a new camera how loose affordable,FACE_TO_FACE,NONE,S_INTRODUCES_CAMERA,CAMERA_1,,Let me show you this. Here we have the Sony PowerShot ELPH DMC-ZS3.,PRESENT_X,CAMERA_1,39~66
774,4,CAMERA_1,['CAMERA_1'],"{'CAMERA_1': ['settings'], 'CAMERA_2': [], 'CAMERA_3': []}",C_SILENT_OR_BACKCHANNEL,CAMERA_1,NONE,that sounds pretty good like a really good camera,PRESENT_X,CAMERA_1,S_INTRODUCES_FEATURE,CAMERA_1,settings,This one has limited manual settings.,PRESENT_X,CAMERA_1,13~36
774,5,NONE,['CAMERA_1'],"{'CAMERA_1': ['settings'], 'CAMERA_2': [], 'CAMERA_3': []}",C_THANK_YOU,CAMERA_1,NONE,thanks,PRESENT_X,CAMERA_1,S_THANK_YOU,CAMERA_1,NONE,thank you very much.,FACE_TO_FACE,NONE,
774,6,NONE,['CAMERA_1'],"{'CAMERA_1': ['settings'], 'CAMERA_2': [], 'CAMERA_3': []}",C_LEAVES,DOOR,NONE,,FACE_TO_FACE,NONE,S_RETURNS_TO_COUNTER,SERVICE_COUNTER,NONE,,WAITING,NONE,
775,1,NONE,[],"{'CAMERA_1': [], 'CAMERA_2': [], 'CAMERA_3': []}",C_ENTERS,DOOR,NONE,,WAITING,NONE,S_NONE,SERVICE_COUNTER,NONE,,WAITING,NONE,
775,2,NONE,[],"{'CAMERA_1': [], 'CAMERA_2': [], 'CAMERA_3': []}",C_GREETS,MIDDLE,NONE,excuse me,WAITING,NONE,S_GREETS,MIDDLE,NONE,can I help you?,FACE_TO_FACE,NONE,
775,3,CAMERA_2,['CAMERA_2'],"{'CAMERA_1': [], 'CAMERA_2': [], 'CAMERA_3': []}",C_LOOKING_FOR_A_CAMERA,MIDDLE,NONE,hydro afternoon I'm looking to buy a camera I just said I'm not really familiar with,FACE_TO_FACE,NONE,S_INTRODUCES_CAMERA,CAMERA_2,,Let me show you this. Here we have the Fujifilm Lumix ILC Camera.,PRESENT_X,CAMERA_2,39~64
775,4,CAMERA_2,['CAMERA_2'],"{'CAMERA_1': [], 'CAMERA_2': ['preset_modes'], 'CAMERA_3': []}",C_QUESTION_ABOUT_FEATURE,CAMERA_2,preset_modes,does it have any preset mode,PRESENT_X,CAMERA_2,S_NOT_SURE,CAMERA_2,,I'm not really sure about that.,PRESENT_X,CAMERA_2,
775,5,NONE,['CAMERA_2'],"{'CAMERA_1': [], 'CAMERA_2': ['preset_modes'], 'CAMERA_3': []}",C_THANK_YOU,CAMERA_2,NONE,thank you,PRESENT_X,CAMERA_2,S_THANK_YOU,CAMERA_2,NONE,thank you very much.,FACE_TO_FACE,NONE,
775,6,NONE,['CAMERA_2'],"{'CAMERA_1': [], 'CAMERA_2': ['preset_modes'], 'CAMERA_3': []}",C_LEAVES,DOOR,NONE,,FACE_TO_FACE,NONE,S_RETURNS_TO_COUNTER,SERVICE_COUNTER,NONE,,WAITING,NONE,
776,1,NONE,[],"{'CAMERA_1': [], 'CAMERA_2': [], 'CAMERA_3': []}",C_ENTERS,DOOR,NONE,,WAITING,NONE,S_NONE,SERVICE_COUNTER,NONE,,WAITING,NONE,
776,2,NONE,[],"{'CAMERA_1': [], 'CAMERA_2': [], 'CAMERA_3': []}",C_WALKS_TO_CAMERA,CAMERA_2,NONE,,WAITING,NONE,S_NONE,SERVICE_COUNTER,NONE,,WAITING,NONE,
776,3,NONE,[],"{'CAMERA_1': [], 'CAMERA_2': [], 'CAMERA_3': []}",C_EXAMINES_CAMERA,CAMERA_2,NONE,,WAITING,NONE,S_GREETS,CAMERA_2,NONE,can I help you?,FACE_TO_FACE,NONE,
776,4,CAMERA_3,['CAMERA_3'],"{'CAMERA_1': [], 'CAMERA_2': [], 'CAMERA_3': []}",C_LOOKING_FOR_A_CAMERA,CAMERA_2,NONE,I'm looking to upgrade my old camera for one with a higher ISO,FACE_TO_FACE,NONE,S_INTRODUCES_CAMERA,CAMERA_3,,Let me show you this. Here we have the Fujifilm PowerShot ELPH S2800.,PRESENT_X,CAMERA_3,39~68
776,5,CAMERA_3,['CAMERA_3'],"{'CAMERA_1': [], 'CAMERA_2': [], 'CAMERA_3': ['weight']}",C_QUESTION_ABOUT_FEATURE,CAMERA_3,weight,what's the weight compared to the other camera we looked at,PRESENT_X,CAMERA_3,S_ANSWERS_QUESTION_ABOUT_FEATURE,CAMERA_3,weight,This one weighs 820 grams.,PRESENT_X,CAMERA_3,16~25
776,6,CAMERA_3,['CAMERA_3'],"{'CAMERA_1': [], 'CAMERA_2': [], 'CAMERA_3': ['weight', 'ISO']}",C_SILENT_OR_BACKCHANNEL,CAMERA_3,NONE,sounds good,PRESENT_X,CAMERA_3,S_INTRODUCES_FEATURE,CAMERA_3,ISO,This one has up to 3200 ISO with little noise.,PRESENT_X,CAMERA_3,13~45
776,7,CAMERA_3,['CAMERA_3'],"{'CAMERA_1': [], 'CAMERA_2': [], 'CAMERA_3': ['weight', 'ISO', 'price']}",C_SILENT_OR_BACKCHANNEL,CAMERA_3,NONE,sounds pretty good,PRESENT_X,CAMERA_3,S_INTRODUCES_FEATURE,CAMERA_3,price,This one costs $518.,PRESENT_X,CAMERA_3,15~19
776,8,CAMERA_3,['CAMERA_3'],"{'CAMERA_1': [], 'CAMERA_2': [], 'CAMERA_3': ['weight', 'ISO', 'price', 'long_exposure']}",C_QUESTION_ABOUT_FEATURE,CAMERA_3,long_exposure,is this long exposure,PRESENT_X,CAMERA_3,S_ANSWERS_QUESTION_ABOUT_FEATURE,CAMERA_3,long_exposure,This one can take long exposures up to 30 minutes max with bulb mode.,PRESENT_X,CAMERA_3,39~68
776,9,CAMERA_3,['CAMERA_3'],"{'CAMERA_1': [], 'CAMERA_2': [], 'CAMERA_3': ['weight', 'ISO', 'price', 'long_exposure', 'camera_type']}",C_QUESTION_ABOUT_FEATURE,CAMERA_3,camera_type,Is this a mirrorless camera?,PRESENT_X,CAMERA_3,S_ANSWERS_QUESTION_ABOUT_FEATURE,CAMERA_3,camera_type,This is a point and shoot camera.,PRESENT_X,CAMERA_3,10~25
776,10,CAMERA_3,['CAMERA_3'],"{'CAMERA_1': [], 'CAMERA_2': [], 'CAMERA_3': ['weight', 'ISO', 'price', 'long_exposure', 'camera_type', 'optical_zoom']}",C_QUESTION_ABOUT_FEATURE,CAMERA_3,optical_zoom,good that's a good effect okay how about the optical zooms,PRESENT_X,CAMERA_3,S_NOT_SURE,CAMERA_3,,I'm not really sure about that.,PRESENT_X,CAMERA_3,
776,11,CAMERA_3,['CAMERA_3'],"{'CAMERA_1': [], 'CAMERA_2': [], 'CAMERA_3': ['weight', 'ISO', 'price', 'long_exposure', 'camera_type', 'optical_zoom', 'resolution']}",C_QUESTION_ABOUT_FEATURE,CAMERA_3,resolution,how many megapixels does it have,PRESENT_X,CAMERA_3,S_ANSWERS_QUESTION_ABOUT_FEATURE,CAMERA_3,resolution,This one has 23.2 megapixels resolution.,PRESENT_X,CAMERA_3,13~28
776,12,NONE,['CAMERA_3'],"{'CAMERA_1': [], 'CAMERA_2': [], 'CAMERA_3': ['weight', 'ISO', 'price', 'long_exposure', 'camera_type', 'optical_zoom', 'resolution']}",C_THANK_YOU,CAMERA_3,NONE,thank you,PRESENT_X,CAMERA_3,S_THANK_YOU,CAMERA_3,NONE,thank you very much.,FACE_TO_FACE,NONE,
776,13,NONE,['CAMERA_3'],"{'CAMERA_1': [], 'CAMERA_2': [], 'CAMERA_3': ['weight', 'ISO', 'price', 'long_exposure', 'camera_type', 'optical_zoom', 'resolution']}",C_LEAVES,DOOR,NONE,,FACE_TO_FACE,NONE,S_RETURNS_TO_COUNTER,SERVICE_COUNTER,NONE,,WAITING,NONE,
777,1,NONE,[],"{'CAMERA_1': [], 'CAMERA_2': [], 'CAMERA_3': []}",C_ENTERS,DOOR,NONE,,WAITING,NONE,S_NONE,SERVICE_COUNTER,NONE,,WAITING,NONE,
777,2,NONE,[],"{'CAMERA_1': [], 'CAMERA_2': [], 'CAMERA_3': []}",C_WALKS_TO_CAMERA,CAMERA_1,NONE,,WAITING,NONE,S_NONE,SERVICE_COUNTER,NONE,,WAITING,NONE,
777,3,NONE,[],"{'CAMERA_1': [], 'CAMERA_2': [], 'CAMERA_3': []}",C_EXAMINES_CAMERA,CAMERA_1,NONE,,WAITING,NONE,S_GREETS,CAMERA_1,NONE,can I help you?,FACE_TO_FACE,NONE,
777,4,CAMERA_2,['CAMERA_2'],"{'CAMERA_1': [], 'CAMERA_2': [], 'CAMERA_3': []}",C_LOOKING_FOR_A_CAMERA,CAMERA_1,NONE,I need a camera but not a professional camera but something I can use in my business that will give me some good pictures,FACE_TO_FACE,NONE,S_INTRODUCES_CAMERA,CAMERA_2,,Let me show you this. Here we have the Fujifilm Lumix ILC Camera.,PRESENT_X,CAMERA_2,39~64
777,5,CAMERA_2,['CAMERA_2'],"{'CAMERA_1': [], 'CAMERA_2': ['weight'], 'CAMERA_3': []}",C_QUESTION_ABOUT_FEATURE,CAMERA_2,weight,oh it's heavy,PRESENT_X,CAMERA_2,S_ANSWERS_QUESTION_ABOUT_FEATURE,CAMERA_2,weight,This one weighs 820 grams.,PRESENT_X,CAMERA_2,16~25
777,6,CAMERA_2,['CAMERA_2'],"{'CAMERA_1': [], 'CAMERA_2': ['weight', 'effects'], 'CAMERA_3': []}",C_QUESTION_ABOUT_FEATURE,CAMERA_2,effects,what about artistic effect or something,PRESENT_X,CAMERA_2,S_ANSWERS_QUESTION_ABOUT_FEATURE,CAMERA_2,effects,"This one has 24 artistic effect modes (retro, lighter or darker skin tones, sepia, etc.).",PRESENT_X,CAMERA_2,13~88
777,7,CAMERA_2,['CAMERA_2'],"{'CAMERA_1': [], 'CAMERA_2': ['weight', 'effects', 'price'], 'CAMERA_3': []}",C_SILENT_OR_BACKCHANNEL,CAMERA_2,NONE,oh I see,PRESENT_X,CAMERA_2,S_INTRODUCES_FEATURE,CAMERA_2,price,This one costs $768.,PRESENT_X,CAMERA_2,15~19
777,8,CAMERA_1,"['CAMERA_2', 'CAMERA_1']","{'CAMERA_1': [], 'CAMERA_2': ['weight', 'effects', 'price'], 'CAMERA_3': []}",C_ANYTHING_ELSE_AVAILABLE,CAMERA_2,NONE,do you have anything better than this,PRESENT_X,CAMERA_2,S_INTRODUCES_CAMERA,CAMERA_1,,Let me show you this. Here we have the Sony PowerShot ELPH DMC-ZS3.,PRESENT_X,CAMERA_1,39~66
777,9,CAMERA_1,"['CAMERA_2', 'CAMERA_1']","{'CAMERA_1': ['settings'], 'CAMERA_2': ['weight', 'effects', 'price'], 'CAMERA_3': []}",C_QUESTION_ABOUT_FEATURE,CAMERA_1,settings,how many manual settings is it outside,PRESENT_X,CAMERA_1,S_ANSWERS_QUESTION_ABOUT_FEATURE,CAMERA_1,settings,This one has limited manual settings.,PRESENT_X,CAMERA_1,13~36
777,10,CAMERA_3,"['CAMERA_2', 'CAMERA_1', 'CAMERA_3']","{'CAMERA_1': ['settings'], 'CAMERA_2': ['weight', 'effects', 'price'], 'CAMERA_3': []}",C_ANYTHING_ELSE_AVAILABLE,CAMERA_1,NONE,that's good that's okay I like it when do you have other models in this area,PRESENT_X,CAMERA_1,S_INTRODUCES_CAMERA,CAMERA_3,,Let me show you this. Here we have the Fujifilm PowerShot ELPH S2800.,PRESENT_X,CAMERA_3,39~68
777,11,CAMERA_3,"['CAMERA_2', 'CAMERA_1', 'CAMERA_3']","{'CAMERA_1': ['settings'], 'CAMERA_2': ['weight', 'effects', 'price'], 'CAMERA_3': ['camera_type']}",C_QUESTION_ABOUT_FEATURE,CAMERA_3,camera_type,is this a point and shoot camera,PRESENT_X,CAMERA_3,S_ANSWERS_QUESTION_ABOUT_FEATURE,CAMERA_3,camera_type,This is a point and shoot camera.,PRESENT_X,CAMERA_3,10~25
777,12,CAMERA_3,"['CAMERA_2', 'CAMERA_1', 'CAMERA_3']","{'CAMERA_1': ['settings'], 'CAMERA_2': ['weight', 'effects', 'price'], 'CAMERA_3': ['camera_type', 'resolution']}",C_QUESTION_ABOUT_FEATURE,CAMERA_3,resolution,what about the megapixels camera,PRESENT_X,CAMERA_3,S_ANSWERS_QUESTION_ABOUT_FEATURE,CAMERA_3,resolution,This one has 23.2 megapixels resolution.,PRESENT_X,CAMERA_3,13~28
777,13,CAMERA_3,"['CAMERA_2', 'CAMERA_1', 'CAMERA_3']","{'CAMERA_1': ['settings'], 'CAMERA_2': ['weight', 'effects', 'price'], 'CAMERA_3': ['camera_type', 'resolution', 'autofocus_points']}",C_QUESTION_ABOUT_FEATURE,CAMERA_3,autofocus_points,how many auto focus points does this one have again,PRESENT_X,CAMERA_3,S_ANSWERS_QUESTION_ABOUT_FEATURE,CAMERA_3,autofocus_points,This one has 214 autofocus points.,PRESENT_X,CAMERA_3,13~33
777,14,CAMERA_3,"['CAMERA_2', 'CAMERA_1', 'CAMERA_3']","{'CAMERA_1': ['settings'], 'CAMERA_2': ['weight', 'effects', 'price'], 'CAMERA_3': ['camera_type', 'resolution', 'autofocus_points', 'ISO']}",C_QUESTION_ABOUT_FEATURE,CAMERA_3,ISO,How is the iso performance,PRESENT_X,CAMERA_3,S_ANSWERS_QUESTION_ABOUT_FEATURE,CAMERA_3,ISO,This one has up to 3200 ISO with little noise.,PRESENT_X,CAMERA_3,13~45
777,15,CAMERA_3,"['CAMERA_2', 'CAMERA_1', 'CAMERA_3']","{'CAMERA_1': ['settings'], 'CAMERA_2': ['weight', 'effects', 'price'], 'CAMERA_3': ['camera_type', 'resolution', 'autofocus_points', 'ISO', 'preset_modes']}",C_QUESTION_ABOUT_FEATURE,CAMERA_3,preset_modes,do they have pet mode,PRESENT_X,CAMERA_3,S_ANSWERS_QUESTION_ABOUT_FEATURE,CAMERA_3,preset_modes,This one has various preset modes.,PRESENT_X,CAMERA_3,13~33
777,16,CAMERA_3,"['CAMERA_2', 'CAMERA_1', 'CAMERA_3']","{'CAMERA_1': ['settings'], 'CAMERA_2': ['weight', 'effects', 'price'], 'CAMERA_3': ['camera_type', 'resolution', 'autofocus_points', 'ISO', 'preset_modes', 'optical_zoom']}",C_QUESTION_ABOUT_FEATURE,CAMERA_3,optical_zoom,you mention about optical zooms what does that mean can you explain to me,PRESENT_X,CAMERA_3,S_NOT_SURE,CAMERA_3,,I'm not really sure about that.,PRESENT_X,CAMERA_3,
777,17,CAMERA_3,"['CAMERA_2', 'CAMERA_1', 'CAMERA_3']","{'CAMERA_1': ['settings'], 'CAMERA_2': ['weight', 'effects', 'price'], 'CAMERA_3': ['camera_type', 'resolution', 'autofocus_points', 'ISO', 'preset_modes', 'optical_zoom', 'effects']}",C_SILENT_OR_BACKCHANNEL,CAMERA_3,NONE,nice how much is a pricing,PRESENT_X,CAMERA_3,S_INTRODUCES_FEATURE,CAMERA_3,effects,"This one has 21 photo effects (small face, retro, big eyes, etc.).",PRESENT_X,CAMERA_3,13~65
777,18,CAMERA_3,"['CAMERA_2', 'CAMERA_1', 'CAMERA_3']","{'CAMERA_1': ['settings'], 'CAMERA_2': ['weight', 'effects', 'price'], 'CAMERA_3': ['camera_type', 'resolution', 'autofocus_points', 'ISO', 'preset_modes', 'optical_zoom', 'effects', 'sensor_size']}",C_SILENT_OR_BACKCHANNEL,CAMERA_3,NONE,IC,PRESENT_X,CAMERA_3,S_INTRODUCES_FEATURE,CAMERA_3,sensor_size,This one has a full frame.,PRESENT_X,CAMERA_3,15~25
777,19,CAMERA_3,"['CAMERA_2', 'CAMERA_1', 'CAMERA_3']","{'CAMERA_1': ['settings'], 'CAMERA_2': ['weight', 'effects', 'price'], 'CAMERA_3': ['camera_type', 'resolution', 'autofocus_points', 'ISO', 'preset_modes', 'optical_zoom', 'effects', 'sensor_size', 'price']}",C_SILENT_OR_BACKCHANNEL,CAMERA_3,NONE,ok let me see,PRESENT_X,CAMERA_3,S_INTRODUCES_FEATURE,CAMERA_3,price,This one costs $518.,PRESENT_X,CAMERA_3,15~19
777,20,NONE,"['CAMERA_2', 'CAMERA_1', 'CAMERA_3']","{'CAMERA_1': ['settings'], 'CAMERA_2': ['weight', 'effects', 'price'], 'CAMERA_3': ['camera_type', 'resolution', 'autofocus_points', 'ISO', 'preset_modes', 'optical_zoom', 'effects', 'sensor_size', 'price']}",C_THANK_YOU,CAMERA_3,NONE,ok thank you very much you've been very helpful,PRESENT_X,CAMERA_3,S_THANK_YOU,CAMERA_3,NONE,thank you very much.,FACE_TO_FACE,NONE,
777,21,NONE,"['CAMERA_2', 'CAMERA_1', 'CAMERA_3']","{'CAMERA_1': ['settings'], 'CAMERA_2': ['weight', 'effects', 'price'], 'CAMERA_3': ['camera_type', 'resolution', 'autofocus_points', 'ISO', 'preset_modes', 'optical_zoom', 'effects', 'sensor_size', 'price']}",C_LEAVES,DOOR,NONE,,FACE_TO_FACE,NONE,S_RETURNS_TO_COUNTER,SERVICE_COUNTER,NONE,,WAITING,NONE,
778,1,NONE,[],"{'CAMERA_1': [], 'CAMERA_2': [], 'CAMERA_3': []}",C_ENTERS,DOOR,NONE,,WAITING,NONE,S_NONE,SERVICE_COUNTER,NONE,,WAITING,NONE,
778,2,NONE,[],"{'CAMERA_1': [], 'CAMERA_2': [], 'CAMERA_3': []}",C_GREETS,MIDDLE,NONE,excuse me,WAITING,NONE,S_GREETS,MIDDLE,NONE,can I help you?,FACE_TO_FACE,NONE,
778,3,CAMERA_3,['CAMERA_3'],"{'CAMERA_1': [], 'CAMERA_2': [], 'CAMERA_3': []}",C_LOOKING_FOR_A_CAMERA,MIDDLE,NONE,I guess I'm just looking for a new camera,FACE_TO_FACE,NONE,S_INTRODUCES_CAMERA,CAMERA_3,,Let me show you this. Here we have the Fujifilm PowerShot ELPH S2800.,PRESENT_X,CAMERA_3,39~68
778,4,CAMERA_3,['CAMERA_3'],"{'CAMERA_1': [], 'CAMERA_2': [], 'CAMERA_3': ['long_exposure']}",C_QUESTION_ABOUT_FEATURE,CAMERA_3,long_exposure,I see and can you please tell me about the long exposure,PRESENT_X,CAMERA_3,S_ANSWERS_QUESTION_ABOUT_FEATURE,CAMERA_3,long_exposure,This one can take long exposures up to 30 minutes max with bulb mode.,PRESENT_X,CAMERA_3,39~68
778,5,CAMERA_3,['CAMERA_3'],"{'CAMERA_1': [], 'CAMERA_2': [], 'CAMERA_3': ['long_exposure', 'autofocus_points']}",C_QUESTION_ABOUT_FEATURE,CAMERA_3,autofocus_points,how many autofocus points does it have,PRESENT_X,CAMERA_3,S_ANSWERS_QUESTION_ABOUT_FEATURE,CAMERA_3,autofocus_points,This one has 214 autofocus points.,PRESENT_X,CAMERA_3,13~33
778,6,CAMERA_3,['CAMERA_3'],"{'CAMERA_1': [], 'CAMERA_2': [], 'CAMERA_3': ['long_exposure', 'autofocus_points', 'price']}",C_QUESTION_ABOUT_FEATURE,CAMERA_3,price,wonderful and what about the price,PRESENT_X,CAMERA_3,S_ANSWERS_QUESTION_ABOUT_FEATURE,CAMERA_3,price,This one costs $518.,PRESENT_X,CAMERA_3,15~19
778,7,CAMERA_3,['CAMERA_3'],"{'CAMERA_1': [], 'CAMERA_2': [], 'CAMERA_3': ['long_exposure', 'autofocus_points', 'price', 'color']}",C_QUESTION_ABOUT_FEATURE,CAMERA_3,color,how many colors does it come in,PRESENT_X,CAMERA_3,S_ANSWERS_QUESTION_ABOUT_FEATURE,CAMERA_3,color,"This one comes in purple, white, silver, blue, red, or pink.",PRESENT_X,CAMERA_3,18~59
778,8,CAMERA_3,['CAMERA_3'],"{'CAMERA_1': [], 'CAMERA_2': [], 'CAMERA_3': ['long_exposure', 'autofocus_points', 'price', 'color', 'camera_type']}",C_SILENT_OR_BACKCHANNEL,CAMERA_3,NONE,alright,PRESENT_X,CAMERA_3,S_INTRODUCES_FEATURE,CAMERA_3,camera_type,This is a point and shoot camera.,PRESENT_X,CAMERA_3,10~25
778,9,CAMERA_3,['CAMERA_3'],"{'CAMERA_1': [], 'CAMERA_2': [], 'CAMERA_3': ['long_exposure', 'autofocus_points', 'price', 'color', 'camera_type', 'resolution']}",C_SILENT_OR_BACKCHANNEL,CAMERA_3,NONE,I got great that's brilliant,PRESENT_X,CAMERA_3,S_INTRODUCES_FEATURE,CAMERA_3,resolution,This one has 23.2 megapixels resolution.,PRESENT_X,CAMERA_3,13~28
778,10,CAMERA_3,['CAMERA_3'],"{'CAMERA_1': [], 'CAMERA_2': [], 'CAMERA_3': ['long_exposure', 'autofocus_points', 'price', 'color', 'camera_type', 'resolution', 'ISO']}",C_QUESTION_ABOUT_FEATURE,CAMERA_3,ISO,okay And they ISO,PRESENT_X,CAMERA_3,S_ANSWERS_QUESTION_ABOUT_FEATURE,CAMERA_3,ISO,This one has up to 3200 ISO with little noise.,PRESENT_X,CAMERA_3,13~45
778,11,NONE,['CAMERA_3'],"{'CAMERA_1': [], 'CAMERA_2': [], 'CAMERA_3': ['long_exposure', 'autofocus_points', 'price', 'color', 'camera_type', 'resolution', 'ISO']}",C_THANK_YOU,CAMERA_3,NONE,okay thank you,PRESENT_X,CAMERA_3,S_THANK_YOU,CAMERA_3,NONE,thank you very much.,FACE_TO_FACE,NONE,
778,12,NONE,['CAMERA_3'],"{'CAMERA_1': [], 'CAMERA_2': [], 'CAMERA_3': ['long_exposure', 'autofocus_points', 'price', 'color', 'camera_type', 'resolution', 'ISO']}",C_LEAVES,DOOR,NONE,,FACE_TO_FACE,NONE,S_RETURNS_TO_COUNTER,SERVICE_COUNTER,NONE,,WAITING,NONE,
779,1,NONE,[],"{'CAMERA_1': [], 'CAMERA_2': [], 'CAMERA_3': []}",C_ENTERS,DOOR,NONE,,WAITING,NONE,S_NONE,SERVICE_COUNTER,NONE,,WAITING,NONE,
779,2,NONE,[],"{'CAMERA_1': [], 'CAMERA_2': [], 'CAMERA_3': []}",C_GREETS,MIDDLE,NONE,oh I'm sorry I forgot I forgot I forgot to ask you what's optical zoom,WAITING,NONE,S_GREETS,MIDDLE,NONE,can I help you?,FACE_TO_FACE,NONE,
779,3,CAMERA_2,['CAMERA_2'],"{'CAMERA_1': [], 'CAMERA_2': [], 'CAMERA_3': []}",C_LOOKING_FOR_A_CAMERA,MIDDLE,NONE,on looking for a camera for my best friend but I'm looking for something cheap,FACE_TO_FACE,NONE,S_INTRODUCES_CAMERA,CAMERA_2,,Let me show you this. Here we have the Fujifilm Lumix ILC Camera.,PRESENT_X,CAMERA_2,39~64
779,4,CAMERA_2,['CAMERA_2'],"{'CAMERA_1': [], 'CAMERA_2': ['weight'], 'CAMERA_3': []}",C_QUESTION_ABOUT_FEATURE,CAMERA_2,weight,ok what about the wait is it heavy or is it,PRESENT_X,CAMERA_2,S_ANSWERS_QUESTION_ABOUT_FEATURE,CAMERA_2,weight,This one weighs 820 grams.,PRESENT_X,CAMERA_2,16~25
779,5,CAMERA_1,"['CAMERA_2', 'CAMERA_1']","{'CAMERA_1': [], 'CAMERA_2': ['weight'], 'CAMERA_3': []}",C_ANYTHING_ELSE_AVAILABLE,CAMERA_2,NONE,ok do you have any other cameras,PRESENT_X,CAMERA_2,S_INTRODUCES_CAMERA,CAMERA_1,,Let me show you this. Here we have the Sony PowerShot ELPH DMC-ZS3.,PRESENT_X,CAMERA_1,39~66
779,6,CAMERA_1,"['CAMERA_2', 'CAMERA_1']","{'CAMERA_1': ['autofocus_points'], 'CAMERA_2': ['weight'], 'CAMERA_3': []}",C_SILENT_OR_BACKCHANNEL,CAMERA_1,NONE,great and finally what is the price,PRESENT_X,CAMERA_1,S_INTRODUCES_FEATURE,CAMERA_1,autofocus_points,This one has 135 autofocus points.,PRESENT_X,CAMERA_1,13~33
779,7,CAMERA_1,"['CAMERA_2', 'CAMERA_1']","{'CAMERA_1': ['autofocus_points', 'resolution'], 'CAMERA_2': ['weight'], 'CAMERA_3': []}",C_SILENT_OR_BACKCHANNEL,CAMERA_1,NONE,that's not bad,PRESENT_X,CAMERA_1,S_INTRODUCES_FEATURE,CAMERA_1,resolution,This one has 17.8 megapixels resolution.,PRESENT_X,CAMERA_1,13~28
779,8,CAMERA_1,"['CAMERA_2', 'CAMERA_1']","{'CAMERA_1': ['autofocus_points', 'resolution', 'settings'], 'CAMERA_2': ['weight'], 'CAMERA_3': []}",C_SILENT_OR_BACKCHANNEL,CAMERA_1,NONE,ok,PRESENT_X,CAMERA_1,S_INTRODUCES_FEATURE,CAMERA_1,settings,This one has limited manual settings.,PRESENT_X,CAMERA_1,13~36
779,9,CAMERA_1,"['CAMERA_2', 'CAMERA_1']","{'CAMERA_1': ['autofocus_points', 'resolution', 'settings', 'long_exposure'], 'CAMERA_2': ['weight'], 'CAMERA_3': []}",C_QUESTION_ABOUT_FEATURE,CAMERA_1,long_exposure,and how about the long exposure setting,PRESENT_X,CAMERA_1,S_ANSWERS_QUESTION_ABOUT_FEATURE,CAMERA_1,long_exposure,This one can take long exposures up to up to 15 seconds with Long Shutter Mode.,PRESENT_X,CAMERA_1,39~78
779,10,CAMERA_1,"['CAMERA_2', 'CAMERA_1']","{'CAMERA_1': ['autofocus_points', 'resolution', 'settings', 'long_exposure', 'color'], 'CAMERA_2': ['weight'], 'CAMERA_3': []}",C_QUESTION_ABOUT_FEATURE,CAMERA_1,color,do you know how many colors this camera has,PRESENT_X,CAMERA_1,S_ANSWERS_QUESTION_ABOUT_FEATURE,CAMERA_1,color,This one comes in blue or black.,PRESENT_X,CAMERA_1,18~31
779,11,CAMERA_1,"['CAMERA_2', 'CAMERA_1']","{'CAMERA_1': ['autofocus_points', 'resolution', 'settings', 'long_exposure', 'color', 'sensor_size'], 'CAMERA_2': ['weight'], 'CAMERA_3': []}",C_SILENT_OR_BACKCHANNEL,CAMERA_1,NONE,I say,PRESENT_X,CAMERA_1,S_INTRODUCES_FEATURE,CAMERA_1,sensor_size,This one has a 1/2.3 inch CMOS sensor.,PRESENT_X,CAMERA_1,15~37
779,12,CAMERA_1,"['CAMERA_2', 'CAMERA_1']","{'CAMERA_1': ['autofocus_points', 'resolution', 'settings', 'long_exposure', 'color', 'sensor_size', 'effects'], 'CAMERA_2': ['weight'], 'CAMERA_3': []}",C_QUESTION_ABOUT_FEATURE,CAMERA_1,effects,$550 that's not too bad for a camera it says here artistic effect mode what is that,PRESENT_X,CAMERA_1,S_ANSWERS_QUESTION_ABOUT_FEATURE,CAMERA_1,effects,"This one has 24 glamor retouch effects (miniature, retro, toy camera, etc.).",PRESENT_X,CAMERA_1,13~75
779,13,NONE,"['CAMERA_2', 'CAMERA_1']","{'CAMERA_1': ['autofocus_points', 'resolution', 'settings', 'long_exposure', 'color', 'sensor_size', 'effects'], 'CAMERA_2': ['weight'], 'CAMERA_3': []}",C_THANK_YOU,CAMERA_1,NONE,thank you,PRESENT_X,CAMERA_1,S_THANK_YOU,CAMERA_1,NONE,thank you very much.,FACE_TO_FACE,NONE,
779,14,NONE,"['CAMERA_2', 'CAMERA_1']","{'CAMERA_1': ['autofocus_points', 'resolution', 'settings', 'long_exposure', 'color', 'sensor_size', 'effects'], 'CAMERA_2': ['weight'], 'CAMERA_3': []}",C_LEAVES,DOOR,NONE,,FACE_TO_FACE,NONE,S_RETURNS_TO_COUNTER,SERVICE_COUNTER,NONE,,WAITING,NONE,
780,1,NONE,[],"{'CAMERA_1': [], 'CAMERA_2': [], 'CAMERA_3': []}",C_ENTERS,DOOR,NONE,,WAITING,NONE,S_NONE,SERVICE_COUNTER,NONE,,WAITING,NONE,
780,2,NONE,[],"{'CAMERA_1': [], 'CAMERA_2': [], 'CAMERA_3': []}",C_GREETS,MIDDLE,NONE,hello,WAITING,NONE,S_GREETS,MIDDLE,NONE,can I help you?,FACE_TO_FACE,NONE,
780,3,CAMERA_1,['CAMERA_1'],"{'CAMERA_1': [], 'CAMERA_2': [], 'CAMERA_3': []}",C_LOOKING_FOR_A_CAMERA,MIDDLE,NONE,I'm looking for a professional camera,FACE_TO_FACE,NONE,S_INTRODUCES_CAMERA,CAMERA_1,,Let me show you this. Here we have the Sony PowerShot ELPH DMC-ZS3.,PRESENT_X,CAMERA_1,39~66
780,4,CAMERA_1,['CAMERA_1'],"{'CAMERA_1': ['optical_zoom'], 'CAMERA_2': [], 'CAMERA_3': []}",C_QUESTION_ABOUT_FEATURE,CAMERA_1,optical_zoom,What about the Zoom,PRESENT_X,CAMERA_1,S_ANSWERS_QUESTION_ABOUT_FEATURE,CAMERA_1,optical_zoom,This one has 21x optical zoom.,PRESENT_X,CAMERA_1,13~29
780,5,CAMERA_1,['CAMERA_1'],"{'CAMERA_1': ['optical_zoom', 'settings'], 'CAMERA_2': [], 'CAMERA_3': []}",C_QUESTION_ABOUT_FEATURE,CAMERA_1,settings,is this one manual,PRESENT_X,CAMERA_1,S_ANSWERS_QUESTION_ABOUT_FEATURE,CAMERA_1,settings,This one has limited manual settings.,PRESENT_X,CAMERA_1,13~36
780,6,NONE,['CAMERA_1'],"{'CAMERA_1': ['optical_zoom', 'settings'], 'CAMERA_2': [], 'CAMERA_3': []}",C_THANK_YOU,CAMERA_1,NONE,thank you very much,PRESENT_X,CAMERA_1,S_THANK_YOU,CAMERA_1,NONE,thank you very much.,FACE_TO_FACE,NONE,
780,7,NONE,['CAMERA_1'],"{'CAMERA_1': ['optical_zoom', 'settings'], 'CAMERA_2': [], 'CAMERA_3': []}",C_LEAVES,DOOR,NONE,,FACE_TO_FACE,NONE,S_RETURNS_TO_COUNTER,SERVICE_COUNTER,NONE,,WAITING,NONE,
781,1,NONE,[],"{'CAMERA_1': [], 'CAMERA_2': [], 'CAMERA_3': []}",C_ENTERS,DOOR,NONE,,WAITING,NONE,S_NONE,SERVICE_COUNTER,NONE,,WAITING,NONE,
781,2,NONE,[],"{'CAMERA_1': [], 'CAMERA_2': [], 'CAMERA_3': []}",C_WALKS_TO_CAMERA,CAMERA_3,NONE,,WAITING,NONE,S_GREETS,CAMERA_3,NONE,can I help you?,FACE_TO_FACE,NONE,
781,3,CAMERA_1,['CAMERA_1'],"{'CAMERA_1': [], 'CAMERA_2': [], 'CAMERA_3': []}",C_LOOKING_FOR_A_CAMERA,CAMERA_3,NONE,excuse me I'm looking for a professional camera,FACE_TO_FACE,NONE,S_INTRODUCES_CAMERA,CAMERA_1,,Let me show you this. Here we have the Sony PowerShot ELPH DMC-ZS3.,PRESENT_X,CAMERA_1,39~66
781,4,CAMERA_1,['CAMERA_1'],"{'CAMERA_1': ['effects'], 'CAMERA_2': [], 'CAMERA_3': []}",C_SILENT_OR_BACKCHANNEL,CAMERA_1,NONE,huh,PRESENT_X,CAMERA_1,S_INTRODUCES_FEATURE,CAMERA_1,effects,"This one has 24 glamor retouch effects (miniature, retro, toy camera, etc.).",PRESENT_X,CAMERA_1,13~75
781,5,CAMERA_1,['CAMERA_1'],"{'CAMERA_1': ['effects', 'sensor_size'], 'CAMERA_2': [], 'CAMERA_3': []}",C_SILENT_OR_BACKCHANNEL,CAMERA_1,NONE,you too seems not too bad though,PRESENT_X,CAMERA_1,S_INTRODUCES_FEATURE,CAMERA_1,sensor_size,This one has a 1/2.3 inch CMOS sensor.,PRESENT_X,CAMERA_1,15~37
781,6,CAMERA_1,['CAMERA_1'],"{'CAMERA_1': ['effects', 'sensor_size', 'weight'], 'CAMERA_2': [], 'CAMERA_3': []}",C_QUESTION_ABOUT_FEATURE,CAMERA_1,weight,ok what about the wait is it heavy or is it,PRESENT_X,CAMERA_1,S_ANSWERS_QUESTION_ABOUT_FEATURE,CAMERA_1,weight,This one weighs 800 grams.,PRESENT_X,CAMERA_1,16~25
781,7,CAMERA_1,['CAMERA_1'],"{'CAMERA_1': ['effects', 'sensor_size', 'weight', 'optical_zoom'], 'CAMERA_2': [], 'CAMERA_3': []}",C_SILENT_OR_BACKCHANNEL,CAMERA_1,NONE,this camera sounds pretty good,PRESENT_X,CAMERA_1,S_INTRODUCES_FEATURE,CAMERA_1,optical_zoom,This one has 21x optical zoom.,PRESENT_X,CAMERA_1,13~29
781,8,CAMERA_1,['CAMERA_1'],"{'CAMERA_1': ['effects', 'sensor_size', 'weight', 'optical_zoom', 'settings'], 'CAMERA_2': [], 'CAMERA_3': []}",C_QUESTION_ABOUT_FEATURE,CAMERA_1,settings,Does this camera have manual settings?,PRESENT_X,CAMERA_1,S_ANSWERS_QUESTION_ABOUT_FEATURE,CAMERA_1,settings,This one has limited manual settings.,PRESENT_X,CAMERA_1,13~36
781,9,CAMERA_1,['CAMERA_1'],"{'CAMERA_1': ['effects', 'sensor_size', 'weight', 'optical_zoom', 'settings', 'long_exposure'], 'CAMERA_2': [], 'CAMERA_3': []}",C_SILENT_OR_BACKCHANNEL,CAMERA_1,NONE,IC,PRESENT_X,CAMERA_1,S_INTRODUCES_FEATURE,CAMERA_1,long_exposure,This one can take long exposures up to up to 15 seconds with Long Shutter Mode.,PRESENT_X,CAMERA_1,39~78
781,10,CAMERA_1,['CAMERA_1'],"{'CAMERA_1': ['effects', 'sensor_size', 'weight', 'optical_zoom', 'settings', 'long_exposure', 'camera_type'], 'CAMERA_2': [], 'CAMERA_3': []}",C_QUESTION_ABOUT_FEATURE,CAMERA_1,camera_type,is this a point and shoot camera,PRESENT_X,CAMERA_1,S_ANSWERS_QUESTION_ABOUT_FEATURE,CAMERA_1,camera_type,This is a DSLR camera.,PRESENT_X,CAMERA_1,10~14
781,11,CAMERA_1,['CAMERA_1'],"{'CAMERA_1': ['effects', 'sensor_size', 'weight', 'optical_zoom', 'settings', 'long_exposure', 'camera_type', 'color'], 'CAMERA_2': [], 'CAMERA_3': []}",C_SILENT_OR_BACKCHANNEL,CAMERA_1,NONE,oh this is nice but we have any medicine color,PRESENT_X,CAMERA_1,S_INTRODUCES_FEATURE,CAMERA_1,color,This one comes in blue or black.,PRESENT_X,CAMERA_1,18~31
781,12,CAMERA_1,['CAMERA_1'],"{'CAMERA_1': ['effects', 'sensor_size', 'weight', 'optical_zoom', 'settings', 'long_exposure', 'camera_type', 'color', 'price'], 'CAMERA_2': [], 'CAMERA_3': []}",C_SILENT_OR_BACKCHANNEL,CAMERA_1,NONE,yeah ok,PRESENT_X,CAMERA_1,S_INTRODUCES_FEATURE,CAMERA_1,price,This one costs $450.,PRESENT_X,CAMERA_1,15~19
781,13,CAMERA_1,['CAMERA_1'],"{'CAMERA_1': ['effects', 'sensor_size', 'weight', 'optical_zoom', 'settings', 'long_exposure', 'camera_type', 'color', 'price', 'autofocus_points'], 'CAMERA_2': [], 'CAMERA_3': []}",C_SILENT_OR_BACKCHANNEL,CAMERA_1,NONE,I said yeah ok,PRESENT_X,CAMERA_1,S_INTRODUCES_FEATURE,CAMERA_1,autofocus_points,This one has 135 autofocus points.,PRESENT_X,CAMERA_1,13~33
781,14,CAMERA_1,['CAMERA_1'],"{'CAMERA_1': ['effects', 'sensor_size', 'weight', 'optical_zoom', 'settings', 'long_exposure', 'camera_type', 'color', 'price', 'autofocus_points', 'resolution'], 'CAMERA_2': [], 'CAMERA_3': []}",C_QUESTION_ABOUT_FEATURE,CAMERA_1,resolution,Oh what kind of resolution to the house hun,PRESENT_X,CAMERA_1,S_ANSWERS_QUESTION_ABOUT_FEATURE,CAMERA_1,resolution,This one has 17.8 megapixels resolution.,PRESENT_X,CAMERA_1,13~28
781,15,CAMERA_1,['CAMERA_1'],"{'CAMERA_1': ['effects', 'sensor_size', 'weight', 'optical_zoom', 'settings', 'long_exposure', 'camera_type', 'color', 'price', 'autofocus_points', 'resolution', 'preset_modes'], 'CAMERA_2': [], 'CAMERA_3': []}",C_QUESTION_ABOUT_FEATURE,CAMERA_1,preset_modes,can you please explain me more about the their priests mode,PRESENT_X,CAMERA_1,S_NOT_SURE,CAMERA_1,,I'm not really sure about that.,PRESENT_X,CAMERA_1,
781,16,CAMERA_1,['CAMERA_1'],"{'CAMERA_1': ['effects', 'sensor_size', 'weight', 'optical_zoom', 'settings', 'long_exposure', 'camera_type', 'color', 'price', 'autofocus_points', 'resolution', 'preset_modes', 'ISO'], 'CAMERA_2': [], 'CAMERA_3': []}",C_QUESTION_ABOUT_FEATURE,CAMERA_1,ISO,ok what about the ISO as well,PRESENT_X,CAMERA_1,S_ANSWERS_QUESTION_ABOUT_FEATURE,CAMERA_1,ISO,This one has up to 51200 ISO.,PRESENT_X,CAMERA_1,13~28
781,17,CAMERA_1,['CAMERA_1'],"{'CAMERA_1': ['effects', 'sensor_size', 'weight', 'optical_zoom', 'settings', 'long_exposure', 'camera_type', 'color', 'price', 'autofocus_points', 'resolution', 'preset_modes', 'ISO', 'ISO'], 'CAMERA_2': [], 'CAMERA_3': []}",C_QUESTION_ABOUT_FEATURE,CAMERA_1,ISO,what was the ISO on the bigger one,PRESENT_X,CAMERA_1,S_ANSWERS_QUESTION_ABOUT_FEATURE,CAMERA_1,ISO,This one has up to 51200 ISO.,PRESENT_X,CAMERA_1,13~28
781,18,CAMERA_1,['CAMERA_1'],"{'CAMERA_1': ['effects', 'sensor_size', 'weight', 'optical_zoom', 'settings', 'long_exposure', 'camera_type', 'color', 'price', 'autofocus_points', 'resolution', 'preset_modes', 'ISO', 'ISO', 'autofocus_points'], 'CAMERA_2': [], 'CAMERA_3': []}",C_SILENT_OR_BACKCHANNEL,CAMERA_1,NONE,chore,PRESENT_X,CAMERA_1,S_INTRODUCES_FEATURE,CAMERA_1,autofocus_points,This one has 135 autofocus points.,PRESENT_X,CAMERA_1,13~33
781,19,CAMERA_1,['CAMERA_1'],"{'CAMERA_1': ['effects', 'sensor_size', 'weight', 'optical_zoom', 'settings', 'long_exposure', 'camera_type', 'color', 'price', 'autofocus_points', 'resolution', 'preset_modes', 'ISO', 'ISO', 'autofocus_points', 'ISO'], 'CAMERA_2': [], 'CAMERA_3': []}",C_SILENT_OR_BACKCHANNEL,CAMERA_1,NONE,ok,PRESENT_X,CAMERA_1,S_INTRODUCES_FEATURE,CAMERA_1,ISO,This one has up to 51200 ISO.,PRESENT_X,CAMERA_1,13~28
781,20,CAMERA_1,['CAMERA_1'],"{'CAMERA_1': ['effects', 'sensor_size', 'weight', 'optical_zoom', 'settings', 'long_exposure', 'camera_type', 'color', 'price', 'autofocus_points', 'resolution', 'preset_modes', 'ISO', 'ISO', 'autofocus_points', 'ISO', 'optical_zoom'], 'CAMERA_2': [], 'CAMERA_3': []}",C_QUESTION_ABOUT_FEATURE,CAMERA_1,optical_zoom,okay and if I have an optical zoom,PRESENT_X,CAMERA_1,S_ANSWERS_QUESTION_ABOUT_FEATURE,CAMERA_1,optical_zoom,This one has 21x optical zoom.,PRESENT_X,CAMERA_1,13~29
781,21,CAMERA_1,['CAMERA_1'],"{'CAMERA_1': ['effects', 'sensor_size', 'weight', 'optical_zoom', 'settings', 'long_exposure', 'camera_type', 'color', 'price', 'autofocus_points', 'resolution', 'preset_modes', 'ISO', 'ISO', 'autofocus_points', 'ISO', 'optical_zoom', 'ISO'], 'CAMERA_2': [], 'CAMERA_3': []}",C_QUESTION_ABOUT_FEATURE,CAMERA_1,ISO,what about the ISO,PRESENT_X,CAMERA_1,S_ANSWERS_QUESTION_ABOUT_FEATURE,CAMERA_1,ISO,This one has up to 51200 ISO.,PRESENT_X,CAMERA_1,13~28
781,22,CAMERA_1,['CAMERA_1'],"{'CAMERA_1': ['effects', 'sensor_size', 'weight', 'optical_zoom', 'settings', 'long_exposure', 'camera_type', 'color', 'price', 'autofocus_points', 'resolution', 'preset_modes', 'ISO', 'ISO', 'autofocus_points', 'ISO', 'optical_zoom', 'ISO', 'autofocus_points'], 'CAMERA_2': [], 'CAMERA_3': []}",C_QUESTION_ABOUT_FEATURE,CAMERA_1,autofocus_points,what about the the focus point,PRESENT_X,CAMERA_1,S_ANSWERS_QUESTION_ABOUT_FEATURE,CAMERA_1,autofocus_points,This one has 135 autofocus points.,PRESENT_X,CAMERA_1,13~33
781,23,CAMERA_1,['CAMERA_1'],"{'CAMERA_1': ['effects', 'sensor_size', 'weight', 'optical_zoom', 'settings', 'long_exposure', 'camera_type', 'color', 'price', 'autofocus_points', 'resolution', 'preset_modes', 'ISO', 'ISO', 'autofocus_points', 'ISO', 'optical_zoom', 'ISO', 'autofocus_points', 'ISO'], 'CAMERA_2': [], 'CAMERA_3': []}",C_SILENT_OR_BACKCHANNEL,CAMERA_1,NONE,wow,PRESENT_X,CAMERA_1,S_INTRODUCES_FEATURE,CAMERA_1,ISO,This one has up to 51200 ISO.,PRESENT_X,CAMERA_1,13~28
781,24,NONE,['CAMERA_1'],"{'CAMERA_1': ['effects', 'sensor_size', 'weight', 'optical_zoom', 'settings', 'long_exposure', 'camera_type', 'color', 'price', 'autofocus_points', 'resolution', 'preset_modes', 'ISO', 'ISO', 'autofocus_points', 'ISO', 'optical_zoom', 'ISO', 'autofocus_points', 'ISO'], 'CAMERA_2': [], 'CAMERA_3': []}",C_THANK_YOU,CAMERA_1,NONE,ok thanks,PRESENT_X,CAMERA_1,S_THANK_YOU,CAMERA_1,NONE,thank you very much.,FACE_TO_FACE,NONE,
781,25,NONE,['CAMERA_1'],"{'CAMERA_1': ['effects', 'sensor_size', 'weight', 'optical_zoom', 'settings', 'long_exposure', 'camera_type', 'color', 'price', 'autofocus_points', 'resolution', 'preset_modes', 'ISO', 'ISO', 'autofocus_points', 'ISO', 'optical_zoom', 'ISO', 'autofocus_points', 'ISO'], 'CAMERA_2': [], 'CAMERA_3': []}",C_LEAVES,DOOR,NONE,,FACE_TO_FACE,NONE,S_RETURNS_TO_COUNTER,SERVICE_COUNTER,NONE,,WAITING,NONE,
782,1,NONE,[],"{'CAMERA_1': [], 'CAMERA_2': [], 'CAMERA_3': []}",C_ENTERS,DOOR,NONE,,WAITING,NONE,S_NONE,SERVICE_COUNTER,NONE,,WAITING,NONE,
782,2,NONE,[],"{'CAMERA_1': [], 'CAMERA_2': [], 'CAMERA_3': []}",C_GREETS,MIDDLE,NONE,kiss me,WAITING,NONE,S_GREETS,MIDDLE,NONE,can I help you?,FACE_TO_FACE,NONE,
782,3,CAMERA_3,['CAMERA_3'],"{'CAMERA_1': [], 'CAMERA_2': [], 'CAMERA_3': []}",C_LOOKING_FOR_A_CAMERA,MIDDLE,NONE,hi good afternoon I'm looking to buy a new camera,FACE_TO_FACE,NONE,S_INTRODUCES_CAMERA,CAMERA_3,,Let me show you this. Here we have the Fujifilm PowerShot ELPH S2800.,PRESENT_X,CAMERA_3,39~68
782,4,CAMERA_3,['CAMERA_3'],"{'CAMERA_1': [], 'CAMERA_2': [], 'CAMERA_3': ['optical_zoom']}",C_QUESTION_ABOUT_FEATURE,CAMERA_3,optical_zoom,that's so many and what's the optical zoom on this phone,PRESENT_X,CAMERA_3,S_NOT_SURE,CAMERA_3,,I'm not really sure about that.,PRESENT_X,CAMERA_3,
782,5,CAMERA_3,['CAMERA_3'],"{'CAMERA_1': [], 'CAMERA_2': [], 'CAMERA_3': ['optical_zoom', 'long_exposure']}",C_SILENT_OR_BACKCHANNEL,CAMERA_3,NONE,okay,PRESENT_X,CAMERA_3,S_INTRODUCES_FEATURE,CAMERA_3,long_exposure,This one can take long exposures up to 30 minutes max with bulb mode.,PRESENT_X,CAMERA_3,39~68
782,6,NONE,['CAMERA_3'],"{'CAMERA_1': [], 'CAMERA_2': [], 'CAMERA_3': ['optical_zoom', 'long_exposure']}",C_THANK_YOU,CAMERA_3,NONE,thank you,PRESENT_X,CAMERA_3,S_THANK_YOU,CAMERA_3,NONE,thank you very much.,FACE_TO_FACE,NONE,
782,7,NONE,['CAMERA_3'],"{'CAMERA_1': [], 'CAMERA_2': [], 'CAMERA_3': ['optical_zoom', 'long_exposure']}",C_LEAVES,DOOR,NONE,,FACE_TO_FACE,NONE,S_RETURNS_TO_COUNTER,SERVICE_COUNTER,NONE,,WAITING,NONE,
783,1,NONE,[],"{'CAMERA_1': [], 'CAMERA_2': [], 'CAMERA_3': []}",C_ENTERS,DOOR,NONE,,WAITING,NONE,S_NONE,SERVICE_COUNTER,NONE,,WAITING,NONE,
783,2,NONE,[],"{'CAMERA_1': [], 'CAMERA_2': [], 'CAMERA_3': []}",C_GREETS,MIDDLE,NONE,hello good morning,WAITING,NONE,S_GREETS,MIDDLE,NONE,can I help you?,FACE_TO_FACE,NONE,
783,3,CAMERA_2,['CAMERA_2'],"{'CAMERA_1': [], 'CAMERA_2': [], 'CAMERA_3': []}",C_LOOKING_FOR_A_CAMERA,MIDDLE,NONE,I'm looking for a camera for taking pictures in concerts,FACE_TO_FACE,NONE,S_INTRODUCES_CAMERA,CAMERA_2,,Let me show you this. Here we have the Fujifilm Lumix ILC Camera.,PRESENT_X,CAMERA_2,39~64
783,4,CAMERA_2,['CAMERA_2'],"{'CAMERA_1': [], 'CAMERA_2': ['price'], 'CAMERA_3': []}",C_SILENT_OR_BACKCHANNEL,CAMERA_2,NONE,this one also looks kind of good,PRESENT_X,CAMERA_2,S_INTRODUCES_FEATURE,CAMERA_2,price,This one costs $768.,PRESENT_X,CAMERA_2,15~19
783,5,CAMERA_2,['CAMERA_2'],"{'CAMERA_1': [], 'CAMERA_2': ['price', 'color'], 'CAMERA_3': []}",C_QUESTION_ABOUT_FEATURE,CAMERA_2,color,what colors does it come in,PRESENT_X,CAMERA_2,S_ANSWERS_QUESTION_ABOUT_FEATURE,CAMERA_2,color,This one comes in white or pink.,PRESENT_X,CAMERA_2,18~31
783,6,CAMERA_2,['CAMERA_2'],"{'CAMERA_1': [], 'CAMERA_2': ['price', 'color', 'effects'], 'CAMERA_3': []}",C_SILENT_OR_BACKCHANNEL,CAMERA_2,NONE,hm,PRESENT_X,CAMERA_2,S_INTRODUCES_FEATURE,CAMERA_2,effects,"This one has 24 artistic effect modes (retro, lighter or darker skin tones, sepia, etc.).",PRESENT_X,CAMERA_2,13~88
783,7,NONE,['CAMERA_2'],"{'CAMERA_1': [], 'CAMERA_2': ['price', 'color', 'effects'], 'CAMERA_3': []}",C_THANK_YOU,CAMERA_2,NONE,I see thanks so much for your help,PRESENT_X,CAMERA_2,S_THANK_YOU,CAMERA_2,NONE,thank you very much.,FACE_TO_FACE,NONE,
783,8,NONE,['CAMERA_2'],"{'CAMERA_1': [], 'CAMERA_2': ['price', 'color', 'effects'], 'CAMERA_3': []}",C_LEAVES,DOOR,NONE,,FACE_TO_FACE,NONE,S_RETURNS_TO_COUNTER,SERVICE_COUNTER,NONE,,WAITING,NONE,
784,1,NONE,[],"{'CAMERA_1': [], 'CAMERA_2': [], 'CAMERA_3': []}",C_ENTERS,DOOR,NONE,,WAITING,NONE,S_NONE,SERVICE_COUNTER,NONE,,WAITING,NONE,
784,2,NONE,[],"{'CAMERA_1': [], 'CAMERA_2': [], 'CAMERA_3': []}",C_GREETS,MIDDLE,NONE,excuse me,WAITING,NONE,S_GREETS,MIDDLE,NONE,can I help you?,FACE_TO_FACE,NONE,
784,3,CAMERA_2,['CAMERA_2'],"{'CAMERA_1': [], 'CAMERA_2': [], 'CAMERA_3': []}",C_LOOKING_FOR_A_CAMERA,MIDDLE,NONE,excuse me I'm looking for a professional camera,FACE_TO_FACE,NONE,S_INTRODUCES_CAMERA,CAMERA_2,,Let me show you this. Here we have the Fujifilm Lumix ILC Camera.,PRESENT_X,CAMERA_2,39~64
784,4,CAMERA_2,['CAMERA_2'],"{'CAMERA_1': [], 'CAMERA_2': ['long_exposure'], 'CAMERA_3': []}",C_QUESTION_ABOUT_FEATURE,CAMERA_2,long_exposure,and what's the long exposure on this,PRESENT_X,CAMERA_2,S_ANSWERS_QUESTION_ABOUT_FEATURE,CAMERA_2,long_exposure,This one can take long exposures up to 60 minutes max with bulb mode.,PRESENT_X,CAMERA_2,39~68
784,5,CAMERA_2,['CAMERA_2'],"{'CAMERA_1': [], 'CAMERA_2': ['long_exposure', 'settings'], 'CAMERA_3': []}",C_QUESTION_ABOUT_FEATURE,CAMERA_2,settings,how about its ability to adjust settings,PRESENT_X,CAMERA_2,S_ANSWERS_QUESTION_ABOUT_FEATURE,CAMERA_2,settings,"This one has manual control and various automatic settings (video modeburst shooting, etc.).",PRESENT_X,CAMERA_2,13~91
784,6,CAMERA_2,['CAMERA_2'],"{'CAMERA_1': [], 'CAMERA_2': ['long_exposure', 'settings', 'weight'], 'CAMERA_3': []}",C_QUESTION_ABOUT_FEATURE,CAMERA_2,weight,it's a bit heavy,PRESENT_X,CAMERA_2,S_ANSWERS_QUESTION_ABOUT_FEATURE,CAMERA_2,weight,This one weighs 820 grams.,PRESENT_X,CAMERA_2,16~25
784,7,CAMERA_2,['CAMERA_2'],"{'CAMERA_1': [], 'CAMERA_2': ['long_exposure', 'settings', 'weight', 'color'], 'CAMERA_3': []}",C_SILENT_OR_BACKCHANNEL,CAMERA_2,NONE,let me see,PRESENT_X,CAMERA_2,S_INTRODUCES_FEATURE,CAMERA_2,color,This one comes in white or pink.,PRESENT_X,CAMERA_2,18~31
784,8,CAMERA_3,"['CAMERA_2', 'CAMERA_3']","{'CAMERA_1': [], 'CAMERA_2': ['long_exposure', 'settings', 'weight', 'color'], 'CAMERA_3': []}",C_ANYTHING_ELSE_AVAILABLE,CAMERA_2,NONE,ok do you have any other cameras,PRESENT_X,CAMERA_2,S_INTRODUCES_CAMERA,CAMERA_3,,Let me show you this. Here we have the Fujifilm PowerShot ELPH S2800.,PRESENT_X,CAMERA_3,39~68
784,9,CAMERA_3,"['CAMERA_2', 'CAMERA_3']","{'CAMERA_1': [], 'CAMERA_2': ['long_exposure', 'settings', 'weight', 'color'], 'CAMERA_3': ['autofocus_points']}",C_QUESTION_ABOUT_FEATURE,CAMERA_3,autofocus_points,This one more expensive and it's heavier and it's got less autofocus points,PRESENT_X,CAMERA_3,S_ANSWERS_QUESTION_ABOUT_FEATURE,CAMERA_3,autofocus_points,This one has 214 autofocus points.,PRESENT_X,CAMERA_3,13~33
784,10,CAMERA_3,"['CAMERA_2', 'CAMERA_3']","{'CAMERA_1': [], 'CAMERA_2': ['long_exposure', 'settings', 'weight', 'color'], 'CAMERA_3': ['autofocus_points', 'ISO']}",C_QUESTION_ABOUT_FEATURE,CAMERA_3,ISO,and the ISO,PRESENT_X,CAMERA_3,S_ANSWERS_QUESTION_ABOUT_FEATURE,CAMERA_3,ISO,This one has up to 3200 ISO with little noise.,PRESENT_X,CAMERA_3,13~45
784,11,NONE,"['CAMERA_2', 'CAMERA_3']","{'CAMERA_1': [], 'CAMERA_2': ['long_exposure', 'settings', 'weight', 'color'], 'CAMERA_3': ['autofocus_points', 'ISO']}",C_THANK_YOU,CAMERA_3,NONE,let me think about it I'll get back to you okay,PRESENT_X,CAMERA_3,S_THANK_YOU,CAMERA_3,NONE,thank you very much.,FACE_TO_FACE,NONE,
784,12,NONE,"['CAMERA_2', 'CAMERA_3']","{'CAMERA_1': [], 'CAMERA_2': ['long_exposure', 'settings', 'weight', 'color'], 'CAMERA_3': ['autofocus_points', 'ISO']}",C_LEAVES,DOOR,NONE,,FACE_TO_FACE,NONE,S_RETURNS_TO_COUNTER,SERVICE_COUNTER,NONE,,WAITING,NONE,
785,1,NONE,[],"{'CAMERA_1': [], 'CAMERA_2': [], 'CAMERA_3': []}",C_ENTERS,DOOR,NONE,,WAITING,NONE,S_NONE,SERVICE_COUNTER,NONE,,WAITING,NONE,
785,2,NONE,[],"{'CAMERA_1': [], 'CAMERA_2': [], 'CAMERA_3': []}",C_WALKS_TO_CAMERA,CAMERA_3,NONE,,WAITING,NONE,S_GREETS,CAMERA_3,NONE,can I help you?,FACE_TO_FACE,NONE,
785,3,CAMERA_2,['CAMERA_2'],"{'CAMERA_1': [], 'CAMERA_2': [], 'CAMERA_3': []}",C_LOOKING_FOR_A_CAMERA,CAMERA_3,NONE,excuse me I'm looking for a professional camera,FACE_TO_FACE,NONE,S_INTRODUCES_CAMERA,CAMERA_2,,Let me show you this. Here we have the Fujifilm Lumix ILC Camera.,PRESENT_X,CAMERA_2,39~64
785,4,CAMERA_2,['CAMERA_2'],"{'CAMERA_1': [], 'CAMERA_2': ['color'], 'CAMERA_3': []}",C_QUESTION_ABOUT_FEATURE,CAMERA_2,color,I am just studying photography does it come in any other colors,PRESENT_X,CAMERA_2,S_ANSWERS_QUESTION_ABOUT_FEATURE,CAMERA_2,color,This one comes in white or pink.,PRESENT_X,CAMERA_2,18~31
785,5,CAMERA_2,['CAMERA_2'],"{'CAMERA_1': [], 'CAMERA_2': ['color', 'ISO'], 'CAMERA_3': []}",C_QUESTION_ABOUT_FEATURE,CAMERA_2,ISO,what was the ISO on the bigger one,PRESENT_X,CAMERA_2,S_NOT_SURE,CAMERA_2,,I'm not really sure about that.,PRESENT_X,CAMERA_2,
785,6,CAMERA_1,"['CAMERA_2', 'CAMERA_1']","{'CAMERA_1': [], 'CAMERA_2': ['color', 'ISO'], 'CAMERA_3': []}",C_ANYTHING_ELSE_AVAILABLE,CAMERA_2,NONE,ok do you have any other cameras that can just look at,PRESENT_X,CAMERA_2,S_INTRODUCES_CAMERA,CAMERA_1,,Let me show you this. Here we have the Sony PowerShot ELPH DMC-ZS3.,PRESENT_X,CAMERA_1,39~66
785,7,CAMERA_1,"['CAMERA_2', 'CAMERA_1']","{'CAMERA_1': ['weight'], 'CAMERA_2': ['color', 'ISO'], 'CAMERA_3': []}",C_SILENT_OR_BACKCHANNEL,CAMERA_1,NONE,ok,PRESENT_X,CAMERA_1,S_INTRODUCES_FEATURE,CAMERA_1,weight,This one weighs 800 grams.,PRESENT_X,CAMERA_1,16~25
785,8,CAMERA_1,"['CAMERA_2', 'CAMERA_1']","{'CAMERA_1': ['weight', 'long_exposure'], 'CAMERA_2': ['color', 'ISO'], 'CAMERA_3': []}",C_SILENT_OR_BACKCHANNEL,CAMERA_1,NONE,IC,PRESENT_X,CAMERA_1,S_INTRODUCES_FEATURE,CAMERA_1,long_exposure,This one can take long exposures up to up to 15 seconds with Long Shutter Mode.,PRESENT_X,CAMERA_1,39~78
785,9,CAMERA_1,"['CAMERA_2', 'CAMERA_1']","{'CAMERA_1': ['weight', 'long_exposure', 'ISO'], 'CAMERA_2': ['color', 'ISO'], 'CAMERA_3': []}",C_QUESTION_ABOUT_FEATURE,CAMERA_1,ISO,how is the iso performance,PRESENT_X,CAMERA_1,S_ANSWERS_QUESTION_ABOUT_FEATURE,CAMERA_1,ISO,This one has up to 51200 ISO.,PRESENT_X,CAMERA_1,13~28
785,10,CAMERA_1,"['CAMERA_2', 'CAMERA_1']","{'CAMERA_1': ['weight', 'long_exposure', 'ISO', 'color'], 'CAMERA_2': ['color', 'ISO'], 'CAMERA_3': []}",C_SILENT_OR_BACKCHANNEL,CAMERA_1,NONE,ok,PRESENT_X,CAMERA_1,S_INTRODUCES_FEATURE,CAMERA_1,color,This one comes in blue or black.,PRESENT_X,CAMERA_1,18~31
785,11,CAMERA_1,"['CAMERA_2', 'CAMERA_1']","{'CAMERA_1': ['weight', 'long_exposure', 'ISO', 'color', 'preset_modes'], 'CAMERA_2': ['color', 'ISO'], 'CAMERA_3': []}",C_QUESTION_ABOUT_FEATURE,CAMERA_1,preset_modes,does it have any preset mode,PRESENT_X,CAMERA_1,S_NOT_SURE,CAMERA_1,,I'm not really sure about that.,PRESENT_X,CAMERA_1,
785,12,CAMERA_1,"['CAMERA_2', 'CAMERA_1']","{'CAMERA_1': ['weight', 'long_exposure', 'ISO', 'color', 'preset_modes', 'camera_type'], 'CAMERA_2': ['color', 'ISO'], 'CAMERA_3': []}",C_SILENT_OR_BACKCHANNEL,CAMERA_1,NONE,uh huh I say,PRESENT_X,CAMERA_1,S_INTRODUCES_FEATURE,CAMERA_1,camera_type,This is a DSLR camera.,PRESENT_X,CAMERA_1,10~14
785,13,CAMERA_1,"['CAMERA_2', 'CAMERA_1']","{'CAMERA_1': ['weight', 'long_exposure', 'ISO', 'color', 'preset_modes', 'camera_type', 'sensor_size'], 'CAMERA_2': ['color', 'ISO'], 'CAMERA_3': []}",C_QUESTION_ABOUT_FEATURE,CAMERA_1,sensor_size,what is the sensor size,PRESENT_X,CAMERA_1,S_ANSWERS_QUESTION_ABOUT_FEATURE,CAMERA_1,sensor_size,This one has a 1/2.3 inch CMOS sensor.,PRESENT_X,CAMERA_1,15~37
785,14,CAMERA_1,"['CAMERA_2', 'CAMERA_1']","{'CAMERA_1': ['weight', 'long_exposure', 'ISO', 'color', 'preset_modes', 'camera_type', 'sensor_size', 'resolution'], 'CAMERA_2': ['color', 'ISO'], 'CAMERA_3': []}",C_QUESTION_ABOUT_FEATURE,CAMERA_1,resolution,I feel like the resolution is not very good,PRESENT_X,CAMERA_1,S_ANSWERS_QUESTION_ABOUT_FEATURE,CAMERA_1,resolution,This one has 17.8 megapixels resolution.,PRESENT_X,CAMERA_1,13~28
785,15,CAMERA_1,"['CAMERA_2', 'CAMERA_1']","{'CAMERA_1': ['weight', 'long_exposure', 'ISO', 'color', 'preset_modes', 'camera_type', 'sensor_size', 'resolution', 'optical_zoom'], 'CAMERA_2': ['color', 'ISO'], 'CAMERA_3': []}",C_QUESTION_ABOUT_FEATURE,CAMERA_1,optical_zoom,okay that's the drawback okay and he comes here with optical zoom,PRESENT_X,CAMERA_1,S_ANSWERS_QUESTION_ABOUT_FEATURE,CAMERA_1,optical_zoom,This one has 21x optical zoom.,PRESENT_X,CAMERA_1,13~29
785,16,CAMERA_1,"['CAMERA_2', 'CAMERA_1']","{'CAMERA_1': ['weight', 'long_exposure', 'ISO', 'color', 'preset_modes', 'camera_type', 'sensor_size', 'resolution', 'optical_zoom', 'price'], 'CAMERA_2': ['color', 'ISO'], 'CAMERA_3': []}",C_SILENT_OR_BACKCHANNEL,CAMERA_1,NONE,oh I see,PRESENT_X,CAMERA_1,S_INTRODUCES_FEATURE,CAMERA_1,price,This one costs $450.,PRESENT_X,CAMERA_1,15~19
785,17,CAMERA_1,"['CAMERA_2', 'CAMERA_1']","{'CAMERA_1': ['weight', 'long_exposure', 'ISO', 'color', 'preset_modes', 'camera_type', 'sensor_size', 'resolution', 'optical_zoom', 'price', 'effects'], 'CAMERA_2': ['color', 'ISO'], 'CAMERA_3': []}",C_SILENT_OR_BACKCHANNEL,CAMERA_1,NONE,okay,PRESENT_X,CAMERA_1,S_INTRODUCES_FEATURE,CAMERA_1,effects,"This one has 24 glamor retouch effects (miniature, retro, toy camera, etc.).",PRESENT_X,CAMERA_1,13~75
785,18,CAMERA_1,"['CAMERA_2', 'CAMERA_1']","{'CAMERA_1': ['weight', 'long_exposure', 'ISO', 'color', 'preset_modes', 'camera_type', 'sensor_size', 'resolution', 'optical_zoom', 'price', 'effects', 'autofocus_points'], 'CAMERA_2': ['color', 'ISO'], 'CAMERA_3': []}",C_QUESTION_ABOUT_FEATURE,CAMERA_1,autofocus_points,that sounds good what about it's also Focus points,PRESENT_X,CAMERA_1,S_ANSWERS_QUESTION_ABOUT_FEATURE,CAMERA_1,autofocus_points,This one has 135 autofocus points.,PRESENT_X,CAMERA_1,13~33
785,19,CAMERA_1,"['CAMERA_2', 'CAMERA_1']","{'CAMERA_1': ['weight', 'long_exposure', 'ISO', 'color', 'preset_modes', 'camera_type', 'sensor_size', 'resolution', 'optical_zoom', 'price', 'effects', 'autofocus_points', 'settings'], 'CAMERA_2': ['color', 'ISO'], 'CAMERA_3': []}",C_QUESTION_ABOUT_FEATURE,CAMERA_1,settings,Does this camera have preset modes?,PRESENT_X,CAMERA_1,S_ANSWERS_QUESTION_ABOUT_FEATURE,CAMERA_1,settings,This one has limited manual settings.,PRESENT_X,CAMERA_1,13~36
785,20,CAMERA_1,"['CAMERA_2', 'CAMERA_1']","{'CAMERA_1': ['weight', 'long_exposure', 'ISO', 'color', 'preset_modes', 'camera_type', 'sensor_size', 'resolution', 'optical_zoom', 'price', 'effects', 'autofocus_points', 'settings', 'autofocus_points'], 'CAMERA_2': ['color', 'ISO'], 'CAMERA_3': []}",C_QUESTION_ABOUT_FEATURE,CAMERA_1,autofocus_points,can I know how many auto focus points does this camera have,PRESENT_X,CAMERA_1,S_ANSWERS_QUESTION_ABOUT_FEATURE,CAMERA_1,autofocus_points,This one has 135 autofocus points.,PRESENT_X,CAMERA_1,13~33
785,21,NONE,"['CAMERA_2', 'CAMERA_1']","{'CAMERA_1': ['weight', 'long_exposure', 'ISO', 'color', 'preset_modes', 'camera_type', 'sensor_size', 'resolution', 'optical_zoom', 'price', 'effects', 'autofocus_points', 'settings', 'autofocus_points'], 'CAMERA_2': ['color', 'ISO'], 'CAMERA_3': []}",C_THANK_YOU,CAMERA_1,NONE,ok thank you,PRESENT_X,CAMERA_1,S_THANK_YOU,CAMERA_1,NONE,thank you very much.,FACE_TO_FACE,NONE,
785,22,NONE,"['CAMERA_2', 'CAMERA_1']","{'CAMERA_1': ['weight', 'long_exposure', 'ISO', 'color', 'preset_modes', 'camera_type', 'sensor_size', 'resolution', 'optical_zoom', 'price', 'effects', 'autofocus_points', 'settings', 'autofocus_points'], 'CAMERA_2': ['color', 'ISO'], 'CAMERA_3': []}",C_LEAVES,DOOR,NONE,,FACE_TO_FACE,NONE,S_RETURNS_TO_COUNTER,SERVICE_COUNTER,NONE,,WAITING,NONE,
786,1,NONE,[],"{'CAMERA_1': [], 'CAMERA_2': [], 'CAMERA_3': []}",C_ENTERS,DOOR,NONE,,WAITING,NONE,S_NONE,SERVICE_COUNTER,NONE,,WAITING,NONE,
786,2,NONE,[],"{'CAMERA_1': [], 'CAMERA_2': [], 'CAMERA_3': []}",C_GREETS,MIDDLE,NONE,excuse me how does this canon and how much does how much does this canon cost,WAITING,NONE,S_GREETS,MIDDLE,NONE,can I help you?,FACE_TO_FACE,NONE,
786,3,CAMERA_2,['CAMERA_2'],"{'CAMERA_1': [], 'CAMERA_2': [], 'CAMERA_3': []}",C_LOOKING_FOR_A_CAMERA,MIDDLE,NONE,I'm looking for a new camera today,FACE_TO_FACE,NONE,S_INTRODUCES_CAMERA,CAMERA_2,,Let me show you this. Here we have the Fujifilm Lumix ILC Camera.,PRESENT_X,CAMERA_2,39~64
786,4,CAMERA_2,['CAMERA_2'],"{'CAMERA_1': [], 'CAMERA_2': ['settings'], 'CAMERA_3': []}",C_SILENT_OR_BACKCHANNEL,CAMERA_2,NONE,ok,PRESENT_X,CAMERA_2,S_INTRODUCES_FEATURE,CAMERA_2,settings,"This one has manual control and various automatic settings (video modeburst shooting, etc.).",PRESENT_X,CAMERA_2,13~91
786,5,CAMERA_2,['CAMERA_2'],"{'CAMERA_1': [], 'CAMERA_2': ['settings', 'effects'], 'CAMERA_3': []}",C_SILENT_OR_BACKCHANNEL,CAMERA_2,NONE,Ice Age,PRESENT_X,CAMERA_2,S_INTRODUCES_FEATURE,CAMERA_2,effects,"This one has 24 artistic effect modes (retro, lighter or darker skin tones, sepia, etc.).",PRESENT_X,CAMERA_2,13~88
786,6,CAMERA_2,['CAMERA_2'],"{'CAMERA_1': [], 'CAMERA_2': ['settings', 'effects', 'optical_zoom'], 'CAMERA_3': []}",C_SILENT_OR_BACKCHANNEL,CAMERA_2,NONE,okay that sounds good,PRESENT_X,CAMERA_2,S_INTRODUCES_FEATURE,CAMERA_2,optical_zoom,This one has 21x optical zoom.,PRESENT_X,CAMERA_2,13~29
786,7,CAMERA_2,['CAMERA_2'],"{'CAMERA_1': [], 'CAMERA_2': ['settings', 'effects', 'optical_zoom', 'price'], 'CAMERA_3': []}",C_SILENT_OR_BACKCHANNEL,CAMERA_2,NONE,okay,PRESENT_X,CAMERA_2,S_INTRODUCES_FEATURE,CAMERA_2,price,This one costs $768.,PRESENT_X,CAMERA_2,15~19
786,8,CAMERA_2,['CAMERA_2'],"{'CAMERA_1': [], 'CAMERA_2': ['settings', 'effects', 'optical_zoom', 'price', 'camera_type'], 'CAMERA_3': []}",C_SILENT_OR_BACKCHANNEL,CAMERA_2,NONE,wow that's really interesting ,PRESENT_X,CAMERA_2,S_INTRODUCES_FEATURE,CAMERA_2,camera_type,This is a digital single lens mirrorless camera.,PRESENT_X,CAMERA_2,10~40
786,9,CAMERA_2,['CAMERA_2'],"{'CAMERA_1': [], 'CAMERA_2': ['settings', 'effects', 'optical_zoom', 'price', 'camera_type', 'long_exposure'], 'CAMERA_3': []}",C_SILENT_OR_BACKCHANNEL,CAMERA_2,NONE,that sounds pretty good like a really good camera,PRESENT_X,CAMERA_2,S_INTRODUCES_FEATURE,CAMERA_2,long_exposure,This one can take long exposures up to 60 minutes max with bulb mode.,PRESENT_X,CAMERA_2,39~68
786,10,CAMERA_2,['CAMERA_2'],"{'CAMERA_1': [], 'CAMERA_2': ['settings', 'effects', 'optical_zoom', 'price', 'camera_type', 'long_exposure', 'color'], 'CAMERA_3': []}",C_SILENT_OR_BACKCHANNEL,CAMERA_2,NONE,okay that sounds good too,PRESENT_X,CAMERA_2,S_INTRODUCES_FEATURE,CAMERA_2,color,This one comes in white or pink.,PRESENT_X,CAMERA_2,18~31
786,11,CAMERA_2,['CAMERA_2'],"{'CAMERA_1': [], 'CAMERA_2': ['settings', 'effects', 'optical_zoom', 'price', 'camera_type', 'long_exposure', 'color', 'preset_modes'], 'CAMERA_3': []}",C_QUESTION_ABOUT_FEATURE,CAMERA_2,preset_modes,does it have dog mode,PRESENT_X,CAMERA_2,S_NOT_SURE,CAMERA_2,,I'm not really sure about that.,PRESENT_X,CAMERA_2,
786,12,CAMERA_2,['CAMERA_2'],"{'CAMERA_1': [], 'CAMERA_2': ['settings', 'effects', 'optical_zoom', 'price', 'camera_type', 'long_exposure', 'color', 'preset_modes', 'ISO'], 'CAMERA_3': []}",C_QUESTION_ABOUT_FEATURE,CAMERA_2,ISO,alright and uh how about the iso setting,PRESENT_X,CAMERA_2,S_NOT_SURE,CAMERA_2,,I'm not really sure about that.,PRESENT_X,CAMERA_2,
786,13,CAMERA_2,['CAMERA_2'],"{'CAMERA_1': [], 'CAMERA_2': ['settings', 'effects', 'optical_zoom', 'price', 'camera_type', 'long_exposure', 'color', 'preset_modes', 'ISO', 'resolution'], 'CAMERA_3': []}",C_SILENT_OR_BACKCHANNEL,CAMERA_2,NONE,wow that's pretty advanced technology what about the price,PRESENT_X,CAMERA_2,S_INTRODUCES_FEATURE,CAMERA_2,resolution,This one has 23.8 megapixels resolution.,PRESENT_X,CAMERA_2,13~28
786,14,NONE,['CAMERA_2'],"{'CAMERA_1': [], 'CAMERA_2': ['settings', 'effects', 'optical_zoom', 'price', 'camera_type', 'long_exposure', 'color', 'preset_modes', 'ISO', 'resolution'], 'CAMERA_3': []}",C_THANK_YOU,CAMERA_2,NONE,okay thank you very much,PRESENT_X,CAMERA_2,S_THANK_YOU,CAMERA_2,NONE,thank you very much.,FACE_TO_FACE,NONE,
786,15,NONE,['CAMERA_2'],"{'CAMERA_1': [], 'CAMERA_2': ['settings', 'effects', 'optical_zoom', 'price', 'camera_type', 'long_exposure', 'color', 'preset_modes', 'ISO', 'resolution'], 'CAMERA_3': []}",C_LEAVES,DOOR,NONE,,FACE_TO_FACE,NONE,S_RETURNS_TO_COUNTER,SERVICE_COUNTER,NONE,,WAITING,NONE,
787,1,NONE,[],"{'CAMERA_1': [], 'CAMERA_2': [], 'CAMERA_3': []}",C_ENTERS,DOOR,NONE,,WAITING,NONE,S_NONE,SERVICE_COUNTER,NONE,,WAITING,NONE,
787,2,NONE,[],"{'CAMERA_1': [], 'CAMERA_2': [], 'CAMERA_3': []}",C_GREETS,MIDDLE,NONE,excuse me can I ask you a question,WAITING,NONE,S_GREETS,MIDDLE,NONE,can I help you?,FACE_TO_FACE,NONE,
787,3,CAMERA_1,['CAMERA_1'],"{'CAMERA_1': [], 'CAMERA_2': [], 'CAMERA_3': []}",C_LOOKING_FOR_A_CAMERA,MIDDLE,NONE,hello I'm looking for a camera with very high is so can you recommend one for me,FACE_TO_FACE,NONE,S_INTRODUCES_CAMERA,CAMERA_1,,Let me show you this. Here we have the Sony PowerShot ELPH DMC-ZS3.,PRESENT_X,CAMERA_1,39~66
787,4,CAMERA_1,['CAMERA_1'],"{'CAMERA_1': ['sensor_size'], 'CAMERA_2': [], 'CAMERA_3': []}",C_SILENT_OR_BACKCHANNEL,CAMERA_1,NONE,I guess this is pretty advanced,PRESENT_X,CAMERA_1,S_INTRODUCES_FEATURE,CAMERA_1,sensor_size,This one has a 1/2.3 inch CMOS sensor.,PRESENT_X,CAMERA_1,15~37
787,5,CAMERA_1,['CAMERA_1'],"{'CAMERA_1': ['sensor_size', 'weight'], 'CAMERA_2': [], 'CAMERA_3': []}",C_SILENT_OR_BACKCHANNEL,CAMERA_1,NONE,ok let's see,PRESENT_X,CAMERA_1,S_INTRODUCES_FEATURE,CAMERA_1,weight,This one weighs 800 grams.,PRESENT_X,CAMERA_1,16~25
787,6,NONE,['CAMERA_1'],"{'CAMERA_1': ['sensor_size', 'weight'], 'CAMERA_2': [], 'CAMERA_3': []}",C_THANK_YOU,CAMERA_1,NONE,alright I think that I thought that was good enough for today but also think about us anyway thank you very much for your help thank you,PRESENT_X,CAMERA_1,S_THANK_YOU,CAMERA_1,NONE,thank you very much.,FACE_TO_FACE,NONE,
787,7,NONE,['CAMERA_1'],"{'CAMERA_1': ['sensor_size', 'weight'], 'CAMERA_2': [], 'CAMERA_3': []}",C_LEAVES,DOOR,NONE,,FACE_TO_FACE,NONE,S_RETURNS_TO_COUNTER,SERVICE_COUNTER,NONE,,WAITING,NONE,
788,1,NONE,[],"{'CAMERA_1': [], 'CAMERA_2': [], 'CAMERA_3': []}",C_ENTERS,DOOR,NONE,,WAITING,NONE,S_NONE,SERVICE_COUNTER,NONE,,WAITING,NONE,
788,2,NONE,[],"{'CAMERA_1': [], 'CAMERA_2': [], 'CAMERA_3': []}",C_WALKS_TO_CAMERA,CAMERA_2,NONE,,WAITING,NONE,S_NONE,SERVICE_COUNTER,NONE,,WAITING,NONE,
788,3,NONE,[],"{'CAMERA_1': [], 'CAMERA_2': [], 'CAMERA_3': []}",C_EXAMINES_CAMERA,CAMERA_2,NONE,,WAITING,NONE,S_NONE,SERVICE_COUNTER,NONE,,WAITING,NONE,
788,4,CAMERA_2,['CAMERA_2'],"{'CAMERA_1': [], 'CAMERA_2': ['settings'], 'CAMERA_3': []}",C_QUESTION_ABOUT_FEATURE,CAMERA_2,settings,Honeywell settings,WAITING,NONE,S_ANSWERS_QUESTION_ABOUT_FEATURE,CAMERA_2,settings,"This one has manual control and various automatic settings (video modeburst shooting, etc.).",PRESENT_X,CAMERA_2,13~91
788,5,CAMERA_2,['CAMERA_2'],"{'CAMERA_1': [], 'CAMERA_2': ['settings', 'resolution'], 'CAMERA_3': []}",C_SILENT_OR_BACKCHANNEL,CAMERA_2,NONE,yeah sounds good,PRESENT_X,CAMERA_2,S_INTRODUCES_FEATURE,CAMERA_2,resolution,This one has 23.8 megapixels resolution.,PRESENT_X,CAMERA_2,13~28
788,6,CAMERA_2,['CAMERA_2'],"{'CAMERA_1': [], 'CAMERA_2': ['settings', 'resolution', 'effects'], 'CAMERA_3': []}",C_SILENT_OR_BACKCHANNEL,CAMERA_2,NONE,ok,PRESENT_X,CAMERA_2,S_INTRODUCES_FEATURE,CAMERA_2,effects,"This one has 24 artistic effect modes (retro, lighter or darker skin tones, sepia, etc.).",PRESENT_X,CAMERA_2,13~88
788,7,CAMERA_2,['CAMERA_2'],"{'CAMERA_1': [], 'CAMERA_2': ['settings', 'resolution', 'effects', 'weight'], 'CAMERA_3': []}",C_QUESTION_ABOUT_FEATURE,CAMERA_2,weight,how heavy does it weigh,PRESENT_X,CAMERA_2,S_ANSWERS_QUESTION_ABOUT_FEATURE,CAMERA_2,weight,This one weighs 820 grams.,PRESENT_X,CAMERA_2,16~25
788,8,CAMERA_2,['CAMERA_2'],"{'CAMERA_1': [], 'CAMERA_2': ['settings', 'resolution', 'effects', 'weight', 'optical_zoom'], 'CAMERA_3': []}",C_QUESTION_ABOUT_FEATURE,CAMERA_2,optical_zoom,Sharp Images High and optical zoom does that mean the lens comes out,PRESENT_X,CAMERA_2,S_ANSWERS_QUESTION_ABOUT_FEATURE,CAMERA_2,optical_zoom,This one has 21x optical zoom.,PRESENT_X,CAMERA_2,13~29
788,9,NONE,['CAMERA_2'],"{'CAMERA_1': [], 'CAMERA_2': ['settings', 'resolution', 'effects', 'weight', 'optical_zoom'], 'CAMERA_3': []}",C_THANK_YOU,CAMERA_2,NONE,why am I feeling really needs to help with the ugly,PRESENT_X,CAMERA_2,S_THANK_YOU,CAMERA_2,NONE,thank you very much.,FACE_TO_FACE,NONE,
788,10,NONE,['CAMERA_2'],"{'CAMERA_1': [], 'CAMERA_2': ['settings', 'resolution', 'effects', 'weight', 'optical_zoom'], 'CAMERA_3': []}",C_LEAVES,DOOR,NONE,,FACE_TO_FACE,NONE,S_RETURNS_TO_COUNTER,SERVICE_COUNTER,NONE,,WAITING,NONE,
789,1,NONE,[],"{'CAMERA_1': [], 'CAMERA_2': [], 'CAMERA_3': []}",C_ENTERS,DOOR,NONE,,WAITING,NONE,S_NONE,SERVICE_COUNTER,NONE,,WAITING,NONE,
789,2,NONE,[],"{'CAMERA_1': [], 'CAMERA_2': [], 'CAMERA_3': []}",C_WALKS_TO_CAMERA,CAMERA_3,NONE,,WAITING,NONE,S_NONE,SERVICE_COUNTER,NONE,,WAITING,NONE,
789,3,CAMERA_3,['CAMERA_3'],"{'CAMERA_1': [], 'CAMERA_2': [], 'CAMERA_3': ['autofocus_points']}",C_QUESTION_ABOUT_FEATURE,CAMERA_3,autofocus_points,yes I wanted to know how many points does it have,WAITING,NONE,S_ANSWERS_QUESTION_ABOUT_FEATURE,CAMERA_3,autofocus_points,This one has 214 autofocus points.,PRESENT_X,CAMERA_3,13~33
789,4,CAMERA_3,['CAMERA_3'],"{'CAMERA_1': [], 'CAMERA_2': [], 'CAMERA_3': ['autofocus_points', 'ISO']}",C_QUESTION_ABOUT_FEATURE,CAMERA_3,ISO,how high is the ISO,PRESENT_X,CAMERA_3,S_ANSWERS_QUESTION_ABOUT_FEATURE,CAMERA_3,ISO,This one has up to 3200 ISO with little noise.,PRESENT_X,CAMERA_3,13~45
789,5,NONE,['CAMERA_3'],"{'CAMERA_1': [], 'CAMERA_2': [], 'CAMERA_3': ['autofocus_points', 'ISO']}",C_THANK_YOU,CAMERA_3,NONE,thank you so much,PRESENT_X,CAMERA_3,S_THANK_YOU,CAMERA_3,NONE,thank you very much.,FACE_TO_FACE,NONE,
789,6,NONE,['CAMERA_3'],"{'CAMERA_1': [], 'CAMERA_2': [], 'CAMERA_3': ['autofocus_points', 'ISO']}",C_LEAVES,DOOR,NONE,,FACE_TO_FACE,NONE,S_RETURNS_TO_COUNTER,SERVICE_COUNTER,NONE,,WAITING,NONE,
790,1,NONE,[],"{'CAMERA_1': [], 'CAMERA_2': [], 'CAMERA_3': []}",C_ENTERS,DOOR,NONE,,WAITING,NONE,S_NONE,SERVICE_COUNTER,NONE,,WAITING,NONE,
790,2,NONE,[],"{'CAMERA_1': [], 'CAMERA_2': [], 'CAMERA_3': []}",C_WALKS_TO_CAMERA,CAMERA_1,NONE,,WAITING,NONE,S_NONE,SERVICE_COUNTER,NONE,,WAITING,NONE,
790,3,CAMERA_1,['CAMERA_1'],"{'CAMERA_1': ['long_exposure'], 'CAMERA_2': [], 'CAMERA_3': []}",C_QUESTION_ABOUT_FEATURE,CAMERA_1,long_exposure,okay and how long is the exposure,WAITING,NONE,S_ANSWERS_QUESTION_ABOUT_FEATURE,CAMERA_1,long_exposure,This one can take long exposures up to up to 15 seconds with Long Shutter Mode.,PRESENT_X,CAMERA_1,39~78
790,4,CAMERA_1,['CAMERA_1'],"{'CAMERA_1': ['long_exposure', 'autofocus_points'], 'CAMERA_2': [], 'CAMERA_3': []}",C_SILENT_OR_BACKCHANNEL,CAMERA_1,NONE,IC,PRESENT_X,CAMERA_1,S_INTRODUCES_FEATURE,CAMERA_1,autofocus_points,This one has 135 autofocus points.,PRESENT_X,CAMERA_1,13~33
790,5,CAMERA_1,['CAMERA_1'],"{'CAMERA_1': ['long_exposure', 'autofocus_points', 'resolution'], 'CAMERA_2': [], 'CAMERA_3': []}",C_QUESTION_ABOUT_FEATURE,CAMERA_1,resolution,What about the resolution of the camera how many megapixels,PRESENT_X,CAMERA_1,S_ANSWERS_QUESTION_ABOUT_FEATURE,CAMERA_1,resolution,This one has 17.8 megapixels resolution.,PRESENT_X,CAMERA_1,13~28
790,6,CAMERA_1,['CAMERA_1'],"{'CAMERA_1': ['long_exposure', 'autofocus_points', 'resolution', 'sensor_size'], 'CAMERA_2': [], 'CAMERA_3': []}",C_QUESTION_ABOUT_FEATURE,CAMERA_1,sensor_size,what about the sensor size,PRESENT_X,CAMERA_1,S_ANSWERS_QUESTION_ABOUT_FEATURE,CAMERA_1,sensor_size,This one has a 1/2.3 inch CMOS sensor.,PRESENT_X,CAMERA_1,15~37
790,7,CAMERA_1,['CAMERA_1'],"{'CAMERA_1': ['long_exposure', 'autofocus_points', 'resolution', 'sensor_size', 'ISO'], 'CAMERA_2': [], 'CAMERA_3': []}",C_QUESTION_ABOUT_FEATURE,CAMERA_1,ISO,I see and how far how much how high can you push the ISO,PRESENT_X,CAMERA_1,S_ANSWERS_QUESTION_ABOUT_FEATURE,CAMERA_1,ISO,This one has up to 51200 ISO.,PRESENT_X,CAMERA_1,13~28
790,8,CAMERA_1,['CAMERA_1'],"{'CAMERA_1': ['long_exposure', 'autofocus_points', 'resolution', 'sensor_size', 'ISO', 'effects'], 'CAMERA_2': [], 'CAMERA_3': []}",C_QUESTION_ABOUT_FEATURE,CAMERA_1,effects,can you explain the artistic effects modes available with this one,PRESENT_X,CAMERA_1,S_ANSWERS_QUESTION_ABOUT_FEATURE,CAMERA_1,effects,"This one has 24 glamor retouch effects (miniature, retro, toy camera, etc.).",PRESENT_X,CAMERA_1,13~75
790,9,CAMERA_1,['CAMERA_1'],"{'CAMERA_1': ['long_exposure', 'autofocus_points', 'resolution', 'sensor_size', 'ISO', 'effects', 'settings'], 'CAMERA_2': [], 'CAMERA_3': []}",C_QUESTION_ABOUT_FEATURE,CAMERA_1,settings,is this full manual,PRESENT_X,CAMERA_1,S_ANSWERS_QUESTION_ABOUT_FEATURE,CAMERA_1,settings,This one has limited manual settings.,PRESENT_X,CAMERA_1,13~36
790,10,CAMERA_1,['CAMERA_1'],"{'CAMERA_1': ['long_exposure', 'autofocus_points', 'resolution', 'sensor_size', 'ISO', 'effects', 'settings', 'optical_zoom'], 'CAMERA_2': [], 'CAMERA_3': []}",C_QUESTION_ABOUT_FEATURE,CAMERA_1,optical_zoom,good that's a good effect okay how about the optical zooms,PRESENT_X,CAMERA_1,S_ANSWERS_QUESTION_ABOUT_FEATURE,CAMERA_1,optical_zoom,This one has 21x optical zoom.,PRESENT_X,CAMERA_1,13~29
790,11,CAMERA_1,['CAMERA_1'],"{'CAMERA_1': ['long_exposure', 'autofocus_points', 'resolution', 'sensor_size', 'ISO', 'effects', 'settings', 'optical_zoom', 'weight'], 'CAMERA_2': [], 'CAMERA_3': []}",C_QUESTION_ABOUT_FEATURE,CAMERA_1,weight,is it very heavy,PRESENT_X,CAMERA_1,S_ANSWERS_QUESTION_ABOUT_FEATURE,CAMERA_1,weight,This one weighs 800 grams.,PRESENT_X,CAMERA_1,16~25
790,12,CAMERA_1,['CAMERA_1'],"{'CAMERA_1': ['long_exposure', 'autofocus_points', 'resolution', 'sensor_size', 'ISO', 'effects', 'settings', 'optical_zoom', 'weight', 'preset_modes'], 'CAMERA_2': [], 'CAMERA_3': []}",C_QUESTION_ABOUT_FEATURE,CAMERA_1,preset_modes,okay and does it have any menu settings,PRESENT_X,CAMERA_1,S_NOT_SURE,CAMERA_1,,I'm not really sure about that.,PRESENT_X,CAMERA_1,
790,13,NONE,['CAMERA_1'],"{'CAMERA_1': ['long_exposure', 'autofocus_points', 'resolution', 'sensor_size', 'ISO', 'effects', 'settings', 'optical_zoom', 'weight', 'preset_modes'], 'CAMERA_2': [], 'CAMERA_3': []}",C_THANK_YOU,CAMERA_1,NONE,ok thanks,PRESENT_X,CAMERA_1,S_THANK_YOU,CAMERA_1,NONE,thank you very much.,FACE_TO_FACE,NONE,
790,14,NONE,['CAMERA_1'],"{'CAMERA_1': ['long_exposure', 'autofocus_points', 'resolution', 'sensor_size', 'ISO', 'effects', 'settings', 'optical_zoom', 'weight', 'preset_modes'], 'CAMERA_2': [], 'CAMERA_3': []}",C_LEAVES,DOOR,NONE,,FACE_TO_FACE,NONE,S_RETURNS_TO_COUNTER,SERVICE_COUNTER,NONE,,WAITING,NONE,
791,1,NONE,[],"{'CAMERA_1': [], 'CAMERA_2': [], 'CAMERA_3': []}",C_ENTERS,DOOR,NONE,,WAITING,NONE,S_NONE,SERVICE_COUNTER,NONE,,WAITING,NONE,
791,2,NONE,[],"{'CAMERA_1': [], 'CAMERA_2': [], 'CAMERA_3': []}",C_WALKS_TO_CAMERA,CAMERA_3,NONE,,WAITING,NONE,S_GREETS,CAMERA_3,NONE,can I help you?,FACE_TO_FACE,NONE,
791,3,CAMERA_2,['CAMERA_2'],"{'CAMERA_1': [], 'CAMERA_2': [], 'CAMERA_3': []}",C_LOOKING_FOR_A_CAMERA,CAMERA_3,NONE,I'm really just looking at the moment thanks,FACE_TO_FACE,NONE,S_INTRODUCES_CAMERA,CAMERA_2,,Let me show you this. Here we have the Fujifilm Lumix ILC Camera.,PRESENT_X,CAMERA_2,39~64
791,4,CAMERA_2,['CAMERA_2'],"{'CAMERA_1': [], 'CAMERA_2': ['settings'], 'CAMERA_3': []}",C_QUESTION_ABOUT_FEATURE,CAMERA_2,settings,K and do what manual settings what are the manual settings on this,PRESENT_X,CAMERA_2,S_ANSWERS_QUESTION_ABOUT_FEATURE,CAMERA_2,settings,"This one has manual control and various automatic settings (video modeburst shooting, etc.).",PRESENT_X,CAMERA_2,13~91
791,5,CAMERA_2,['CAMERA_2'],"{'CAMERA_1': [], 'CAMERA_2': ['settings', 'price'], 'CAMERA_3': []}",C_SILENT_OR_BACKCHANNEL,CAMERA_2,NONE,ok,PRESENT_X,CAMERA_2,S_INTRODUCES_FEATURE,CAMERA_2,price,This one costs $768.,PRESENT_X,CAMERA_2,15~19
791,6,CAMERA_2,['CAMERA_2'],"{'CAMERA_1': [], 'CAMERA_2': ['settings', 'price', 'long_exposure'], 'CAMERA_3': []}",C_QUESTION_ABOUT_FEATURE,CAMERA_2,long_exposure,and what's the long exposure on this,PRESENT_X,CAMERA_2,S_ANSWERS_QUESTION_ABOUT_FEATURE,CAMERA_2,long_exposure,This one can take long exposures up to 60 minutes max with bulb mode.,PRESENT_X,CAMERA_2,39~68
791,7,NONE,['CAMERA_2'],"{'CAMERA_1': [], 'CAMERA_2': ['settings', 'price', 'long_exposure'], 'CAMERA_3': []}",C_THANK_YOU,CAMERA_2,NONE,ok thanks,PRESENT_X,CAMERA_2,S_THANK_YOU,CAMERA_2,NONE,thank you very much.,FACE_TO_FACE,NONE,
791,8,NONE,['CAMERA_2'],"{'CAMERA_1': [], 'CAMERA_2': ['settings', 'price', 'long_exposure'], 'CAMERA_3': []}",C_LEAVES,DOOR,NONE,,FACE_TO_FACE,NONE,S_RETURNS_TO_COUNTER,SERVICE_COUNTER,NONE,,WAITING,NONE,
792,1,NONE,[],"{'CAMERA_1': [], 'CAMERA_2': [], 'CAMERA_3': []}",C_ENTERS,DOOR,NONE,,WAITING,NONE,S_NONE,SERVICE_COUNTER,NONE,,WAITING,NONE,
792,2,NONE,[],"{'CAMERA_1': [], 'CAMERA_2': [], 'CAMERA_3': []}",C_GREETS,MIDDLE,NONE,excuse me,WAITING,NONE,S_GREETS,MIDDLE,NONE,can I help you?,FACE_TO_FACE,NONE,
792,3,CAMERA_2,['CAMERA_2'],"{'CAMERA_1': [], 'CAMERA_2': [], 'CAMERA_3': []}",C_LOOKING_FOR_A_CAMERA,MIDDLE,NONE,I have a smartphone but I'm not smart enough to use it,FACE_TO_FACE,NONE,S_INTRODUCES_CAMERA,CAMERA_2,,Let me show you this. Here we have the Fujifilm Lumix ILC Camera.,PRESENT_X,CAMERA_2,39~64
792,4,CAMERA_2,['CAMERA_2'],"{'CAMERA_1': [], 'CAMERA_2': ['weight'], 'CAMERA_3': []}",C_SILENT_OR_BACKCHANNEL,CAMERA_2,NONE,okay,PRESENT_X,CAMERA_2,S_INTRODUCES_FEATURE,CAMERA_2,weight,This one weighs 820 grams.,PRESENT_X,CAMERA_2,16~25
792,5,CAMERA_2,['CAMERA_2'],"{'CAMERA_1': [], 'CAMERA_2': ['weight', 'optical_zoom'], 'CAMERA_3': []}",C_QUESTION_ABOUT_FEATURE,CAMERA_2,optical_zoom,can I lick a zoom in,PRESENT_X,CAMERA_2,S_ANSWERS_QUESTION_ABOUT_FEATURE,CAMERA_2,optical_zoom,This one has 21x optical zoom.,PRESENT_X,CAMERA_2,13~29
792,6,CAMERA_2,['CAMERA_2'],"{'CAMERA_1': [], 'CAMERA_2': ['weight', 'optical_zoom', 'autofocus_points'], 'CAMERA_3': []}",C_QUESTION_ABOUT_FEATURE,CAMERA_2,autofocus_points,I was trying to find out the auto focus points,PRESENT_X,CAMERA_2,S_NOT_SURE,CAMERA_2,,I'm not really sure about that.,PRESENT_X,CAMERA_2,
792,7,CAMERA_2,['CAMERA_2'],"{'CAMERA_1': [], 'CAMERA_2': ['weight', 'optical_zoom', 'autofocus_points', 'camera_type'], 'CAMERA_3': []}",C_QUESTION_ABOUT_FEATURE,CAMERA_2,camera_type,Is this a mirrorless camera?,PRESENT_X,CAMERA_2,S_ANSWERS_QUESTION_ABOUT_FEATURE,CAMERA_2,camera_type,This is a digital single lens mirrorless camera.,PRESENT_X,CAMERA_2,10~40
792,8,CAMERA_2,['CAMERA_2'],"{'CAMERA_1': [], 'CAMERA_2': ['weight', 'optical_zoom', 'autofocus_points', 'camera_type', 'color'], 'CAMERA_3': []}",C_QUESTION_ABOUT_FEATURE,CAMERA_2,color,okay just like question are there just one color or are there many colors,PRESENT_X,CAMERA_2,S_ANSWERS_QUESTION_ABOUT_FEATURE,CAMERA_2,color,This one comes in white or pink.,PRESENT_X,CAMERA_2,18~31
792,9,CAMERA_2,['CAMERA_2'],"{'CAMERA_1': [], 'CAMERA_2': ['weight', 'optical_zoom', 'autofocus_points', 'camera_type', 'color', 'resolution'], 'CAMERA_3': []}",C_SILENT_OR_BACKCHANNEL,CAMERA_2,NONE,I guess it's a pretty good camera then,PRESENT_X,CAMERA_2,S_INTRODUCES_FEATURE,CAMERA_2,resolution,This one has 23.8 megapixels resolution.,PRESENT_X,CAMERA_2,13~28
792,10,CAMERA_2,['CAMERA_2'],"{'CAMERA_1': [], 'CAMERA_2': ['weight', 'optical_zoom', 'autofocus_points', 'camera_type', 'color', 'resolution', 'settings'], 'CAMERA_3': []}",C_SILENT_OR_BACKCHANNEL,CAMERA_2,NONE,looks very good,PRESENT_X,CAMERA_2,S_INTRODUCES_FEATURE,CAMERA_2,settings,"This one has manual control and various automatic settings (video modeburst shooting, etc.).",PRESENT_X,CAMERA_2,13~91
792,11,CAMERA_2,['CAMERA_2'],"{'CAMERA_1': [], 'CAMERA_2': ['weight', 'optical_zoom', 'autofocus_points', 'camera_type', 'color', 'resolution', 'settings', 'effects'], 'CAMERA_3': []}",C_SILENT_OR_BACKCHANNEL,CAMERA_2,NONE,sounds great,PRESENT_X,CAMERA_2,S_INTRODUCES_FEATURE,CAMERA_2,effects,"This one has 24 artistic effect modes (retro, lighter or darker skin tones, sepia, etc.).",PRESENT_X,CAMERA_2,13~88
792,12,CAMERA_2,['CAMERA_2'],"{'CAMERA_1': [], 'CAMERA_2': ['weight', 'optical_zoom', 'autofocus_points', 'camera_type', 'color', 'resolution', 'settings', 'effects', 'long_exposure'], 'CAMERA_3': []}",C_SILENT_OR_BACKCHANNEL,CAMERA_2,NONE,yeah pretty good pocket size,PRESENT_X,CAMERA_2,S_INTRODUCES_FEATURE,CAMERA_2,long_exposure,This one can take long exposures up to 60 minutes max with bulb mode.,PRESENT_X,CAMERA_2,39~68
792,13,CAMERA_2,['CAMERA_2'],"{'CAMERA_1': [], 'CAMERA_2': ['weight', 'optical_zoom', 'autofocus_points', 'camera_type', 'color', 'resolution', 'settings', 'effects', 'long_exposure', 'preset_modes'], 'CAMERA_3': []}",C_QUESTION_ABOUT_FEATURE,CAMERA_2,preset_modes,okay and does it have any menu settings,PRESENT_X,CAMERA_2,S_NOT_SURE,CAMERA_2,,I'm not really sure about that.,PRESENT_X,CAMERA_2,
792,14,CAMERA_2,['CAMERA_2'],"{'CAMERA_1': [], 'CAMERA_2': ['weight', 'optical_zoom', 'autofocus_points', 'camera_type', 'color', 'resolution', 'settings', 'effects', 'long_exposure', 'preset_modes', 'price'], 'CAMERA_3': []}",C_SILENT_OR_BACKCHANNEL,CAMERA_2,NONE,okay I say it,PRESENT_X,CAMERA_2,S_INTRODUCES_FEATURE,CAMERA_2,price,This one costs $768.,PRESENT_X,CAMERA_2,15~19
792,15,CAMERA_2,['CAMERA_2'],"{'CAMERA_1': [], 'CAMERA_2': ['weight', 'optical_zoom', 'autofocus_points', 'camera_type', 'color', 'resolution', 'settings', 'effects', 'long_exposure', 'preset_modes', 'price', 'sensor_size'], 'CAMERA_3': []}",C_QUESTION_ABOUT_FEATURE,CAMERA_2,sensor_size,hello how big is there is a sensor,PRESENT_X,CAMERA_2,S_ANSWERS_QUESTION_ABOUT_FEATURE,CAMERA_2,sensor_size,This one has a 1/2.33 inch sensor.,PRESENT_X,CAMERA_2,15~33
792,16,CAMERA_2,['CAMERA_2'],"{'CAMERA_1': [], 'CAMERA_2': ['weight', 'optical_zoom', 'autofocus_points', 'camera_type', 'color', 'resolution', 'settings', 'effects', 'long_exposure', 'preset_modes', 'price', 'sensor_size', 'ISO'], 'CAMERA_3': []}",C_QUESTION_ABOUT_FEATURE,CAMERA_2,ISO,I see and how far how much how high can you push the ISO,PRESENT_X,CAMERA_2,S_NOT_SURE,CAMERA_2,,I'm not really sure about that.,PRESENT_X,CAMERA_2,
792,17,CAMERA_3,"['CAMERA_2', 'CAMERA_3']","{'CAMERA_1': [], 'CAMERA_2': ['weight', 'optical_zoom', 'autofocus_points', 'camera_type', 'color', 'resolution', 'settings', 'effects', 'long_exposure', 'preset_modes', 'price', 'sensor_size', 'ISO'], 'CAMERA_3': []}",C_ANYTHING_ELSE_AVAILABLE,CAMERA_2,NONE,that's good that's okay I like it when do you have other models in this area,PRESENT_X,CAMERA_2,S_INTRODUCES_CAMERA,CAMERA_3,,Let me show you this. Here we have the Fujifilm PowerShot ELPH S2800.,PRESENT_X,CAMERA_3,39~68
792,18,CAMERA_3,"['CAMERA_2', 'CAMERA_3']","{'CAMERA_1': [], 'CAMERA_2': ['weight', 'optical_zoom', 'autofocus_points', 'camera_type', 'color', 'resolution', 'settings', 'effects', 'long_exposure', 'preset_modes', 'price', 'sensor_size', 'ISO'], 'CAMERA_3': ['ISO']}",C_SILENT_OR_BACKCHANNEL,CAMERA_3,NONE,ok,PRESENT_X,CAMERA_3,S_INTRODUCES_FEATURE,CAMERA_3,ISO,This one has up to 3200 ISO with little noise.,PRESENT_X,CAMERA_3,13~45
792,19,NONE,"['CAMERA_2', 'CAMERA_3']","{'CAMERA_1': [], 'CAMERA_2': ['weight', 'optical_zoom', 'autofocus_points', 'camera_type', 'color', 'resolution', 'settings', 'effects', 'long_exposure', 'preset_modes', 'price', 'sensor_size', 'ISO'], 'CAMERA_3': ['ISO']}",C_THANK_YOU,CAMERA_3,NONE,thank you,PRESENT_X,CAMERA_3,S_THANK_YOU,CAMERA_3,NONE,thank you very much.,FACE_TO_FACE,NONE,
792,20,NONE,"['CAMERA_2', 'CAMERA_3']","{'CAMERA_1': [], 'CAMERA_2': ['weight', 'optical_zoom', 'autofocus_points', 'camera_type', 'color', 'resolution', 'settings', 'effects', 'long_exposure', 'preset_modes', 'price', 'sensor_size', 'ISO'], 'CAMERA_3': ['ISO']}",C_LEAVES,DOOR,NONE,,FACE_TO_FACE,NONE,S_RETURNS_TO_COUNTER,SERVICE_COUNTER,NONE,,WAITING,NONE,
793,1,NONE,[],"{'CAMERA_1': [], 'CAMERA_2': [], 'CAMERA_3': []}",C_ENTERS,DOOR,NONE,,WAITING,NONE,S_NONE,SERVICE_COUNTER,NONE,,WAITING,NONE,
793,2,NONE,[],"{'CAMERA_1': [], 'CAMERA_2': [], 'CAMERA_3': []}",C_WALKS_TO_CAMERA,CAMERA_1,NONE,,WAITING,NONE,S_GREETS,CAMERA_1,NONE,can I help you?,FACE_TO_FACE,NONE,
793,3,CAMERA_2,['CAMERA_2'],"{'CAMERA_1': [], 'CAMERA_2': [], 'CAMERA_3': []}",C_LOOKING_FOR_A_CAMERA,CAMERA_1,NONE,hi afternoon I'm here in Japan for vacations and I would like to buy a new camera can you help me with this,FACE_TO_FACE,NONE,S_INTRODUCES_CAMERA,CAMERA_2,,Let me show you this. Here we have the Fujifilm Lumix ILC Camera.,PRESENT_X,CAMERA_2,39~64
793,4,CAMERA_2,['CAMERA_2'],"{'CAMERA_1': [], 'CAMERA_2': ['optical_zoom'], 'CAMERA_3': []}",C_QUESTION_ABOUT_FEATURE,CAMERA_2,optical_zoom,and what about the optical zoom,PRESENT_X,CAMERA_2,S_ANSWERS_QUESTION_ABOUT_FEATURE,CAMERA_2,optical_zoom,This one has 21x optical zoom.,PRESENT_X,CAMERA_2,13~29
793,5,CAMERA_2,['CAMERA_2'],"{'CAMERA_1': [], 'CAMERA_2': ['optical_zoom', 'weight'], 'CAMERA_3': []}",C_SILENT_OR_BACKCHANNEL,CAMERA_2,NONE,alright so I say,PRESENT_X,CAMERA_2,S_INTRODUCES_FEATURE,CAMERA_2,weight,This one weighs 820 grams.,PRESENT_X,CAMERA_2,16~25
793,6,CAMERA_2,['CAMERA_2'],"{'CAMERA_1': [], 'CAMERA_2': ['optical_zoom', 'weight', 'resolution'], 'CAMERA_3': []}",C_QUESTION_ABOUT_FEATURE,CAMERA_2,resolution,you know all the mega pixels in the resume sounds pretty good to me I'm looking for something and lights as well so I think I'll go for the second one,PRESENT_X,CAMERA_2,S_ANSWERS_QUESTION_ABOUT_FEATURE,CAMERA_2,resolution,This one has 23.8 megapixels resolution.,PRESENT_X,CAMERA_2,13~28
793,7,CAMERA_2,['CAMERA_2'],"{'CAMERA_1': [], 'CAMERA_2': ['optical_zoom', 'weight', 'resolution', 'long_exposure'], 'CAMERA_3': []}",C_QUESTION_ABOUT_FEATURE,CAMERA_2,long_exposure,and is this also good camera for long exposure,PRESENT_X,CAMERA_2,S_ANSWERS_QUESTION_ABOUT_FEATURE,CAMERA_2,long_exposure,This one can take long exposures up to 60 minutes max with bulb mode.,PRESENT_X,CAMERA_2,39~68
793,8,CAMERA_2,['CAMERA_2'],"{'CAMERA_1': [], 'CAMERA_2': ['optical_zoom', 'weight', 'resolution', 'long_exposure', 'price'], 'CAMERA_3': []}",C_SILENT_OR_BACKCHANNEL,CAMERA_2,NONE,ok ok,PRESENT_X,CAMERA_2,S_INTRODUCES_FEATURE,CAMERA_2,price,This one costs $768.,PRESENT_X,CAMERA_2,15~19
793,9,CAMERA_2,['CAMERA_2'],"{'CAMERA_1': [], 'CAMERA_2': ['optical_zoom', 'weight', 'resolution', 'long_exposure', 'price', 'effects'], 'CAMERA_3': []}",C_SILENT_OR_BACKCHANNEL,CAMERA_2,NONE,okay,PRESENT_X,CAMERA_2,S_INTRODUCES_FEATURE,CAMERA_2,effects,"This one has 24 artistic effect modes (retro, lighter or darker skin tones, sepia, etc.).",PRESENT_X,CAMERA_2,13~88
793,10,CAMERA_2,['CAMERA_2'],"{'CAMERA_1': [], 'CAMERA_2': ['optical_zoom', 'weight', 'resolution', 'long_exposure', 'price', 'effects', 'ISO'], 'CAMERA_3': []}",C_QUESTION_ABOUT_FEATURE,CAMERA_2,ISO,that's cool and what about the iso setting,PRESENT_X,CAMERA_2,S_NOT_SURE,CAMERA_2,,I'm not really sure about that.,PRESENT_X,CAMERA_2,
793,11,CAMERA_2,['CAMERA_2'],"{'CAMERA_1': [], 'CAMERA_2': ['optical_zoom', 'weight', 'resolution', 'long_exposure', 'price', 'effects', 'ISO', 'camera_type'], 'CAMERA_3': []}",C_SILENT_OR_BACKCHANNEL,CAMERA_2,NONE,IC,PRESENT_X,CAMERA_2,S_INTRODUCES_FEATURE,CAMERA_2,camera_type,This is a digital single lens mirrorless camera.,PRESENT_X,CAMERA_2,10~40
793,12,CAMERA_2,['CAMERA_2'],"{'CAMERA_1': [], 'CAMERA_2': ['optical_zoom', 'weight', 'resolution', 'long_exposure', 'price', 'effects', 'ISO', 'camera_type', 'autofocus_points'], 'CAMERA_3': []}",C_QUESTION_ABOUT_FEATURE,CAMERA_2,autofocus_points,how many autofocus points does it out,PRESENT_X,CAMERA_2,S_NOT_SURE,CAMERA_2,,I'm not really sure about that.,PRESENT_X,CAMERA_2,
793,13,CAMERA_2,['CAMERA_2'],"{'CAMERA_1': [], 'CAMERA_2': ['optical_zoom', 'weight', 'resolution', 'long_exposure', 'price', 'effects', 'ISO', 'camera_type', 'autofocus_points', 'settings'], 'CAMERA_3': []}",C_QUESTION_ABOUT_FEATURE,CAMERA_2,settings,and how many setting is that again,PRESENT_X,CAMERA_2,S_ANSWERS_QUESTION_ABOUT_FEATURE,CAMERA_2,settings,"This one has manual control and various automatic settings (video modeburst shooting, etc.).",PRESENT_X,CAMERA_2,13~91
793,14,CAMERA_3,"['CAMERA_2', 'CAMERA_3']","{'CAMERA_1': [], 'CAMERA_2': ['optical_zoom', 'weight', 'resolution', 'long_exposure', 'price', 'effects', 'ISO', 'camera_type', 'autofocus_points', 'settings'], 'CAMERA_3': []}",C_ANYTHING_ELSE_AVAILABLE,CAMERA_2,NONE,ok do you have any other cameras,PRESENT_X,CAMERA_2,S_INTRODUCES_CAMERA,CAMERA_3,,Let me show you this. Here we have the Fujifilm PowerShot ELPH S2800.,PRESENT_X,CAMERA_3,39~68
793,15,CAMERA_3,"['CAMERA_2', 'CAMERA_3']","{'CAMERA_1': [], 'CAMERA_2': ['optical_zoom', 'weight', 'resolution', 'long_exposure', 'price', 'effects', 'ISO', 'camera_type', 'autofocus_points', 'settings'], 'CAMERA_3': ['sensor_size']}",C_SILENT_OR_BACKCHANNEL,CAMERA_3,NONE,sounds great I'll take one of them with me,PRESENT_X,CAMERA_3,S_INTRODUCES_FEATURE,CAMERA_3,sensor_size,This one has a full frame.,PRESENT_X,CAMERA_3,15~25
793,16,CAMERA_1,"['CAMERA_2', 'CAMERA_3', 'CAMERA_1']","{'CAMERA_1': [], 'CAMERA_2': ['optical_zoom', 'weight', 'resolution', 'long_exposure', 'price', 'effects', 'ISO', 'camera_type', 'autofocus_points', 'settings'], 'CAMERA_3': ['sensor_size']}",C_ANYTHING_ELSE_AVAILABLE,CAMERA_3,NONE,do you have any other cameras that are in this kind,PRESENT_X,CAMERA_3,S_INTRODUCES_CAMERA,CAMERA_1,,Let me show you this. Here we have the Sony PowerShot ELPH DMC-ZS3.,PRESENT_X,CAMERA_1,39~66
793,17,CAMERA_1,"['CAMERA_2', 'CAMERA_3', 'CAMERA_1']","{'CAMERA_1': ['long_exposure'], 'CAMERA_2': ['optical_zoom', 'weight', 'resolution', 'long_exposure', 'price', 'effects', 'ISO', 'camera_type', 'autofocus_points', 'settings'], 'CAMERA_3': ['sensor_size']}",C_QUESTION_ABOUT_FEATURE,CAMERA_1,long_exposure,Is this support for long exposure,PRESENT_X,CAMERA_1,S_ANSWERS_QUESTION_ABOUT_FEATURE,CAMERA_1,long_exposure,This one can take long exposures up to up to 15 seconds with Long Shutter Mode.,PRESENT_X,CAMERA_1,39~78
793,18,CAMERA_1,"['CAMERA_2', 'CAMERA_3', 'CAMERA_1']","{'CAMERA_1': ['long_exposure', 'resolution'], 'CAMERA_2': ['optical_zoom', 'weight', 'resolution', 'long_exposure', 'price', 'effects', 'ISO', 'camera_type', 'autofocus_points', 'settings'], 'CAMERA_3': ['sensor_size']}",C_QUESTION_ABOUT_FEATURE,CAMERA_1,resolution,What about the resolution of the camera how many megapixels,PRESENT_X,CAMERA_1,S_ANSWERS_QUESTION_ABOUT_FEATURE,CAMERA_1,resolution,This one has 17.8 megapixels resolution.,PRESENT_X,CAMERA_1,13~28
793,19,,"['CAMERA_2', 'CAMERA_3', 'CAMERA_1']","{'CAMERA_1': ['long_exposure', 'resolution'], 'CAMERA_2': ['optical_zoom', 'weight', 'resolution', 'long_exposure', 'price', 'effects', 'ISO', 'camera_type', 'autofocus_points', 'settings'], 'CAMERA_3': ['sensor_size']}",C_ANYTHING_ELSE_AVAILABLE,CAMERA_1,NONE,do you have any other cameras that are in this kind,PRESENT_X,CAMERA_1,S_THATS_ALL_WE_HAVE_AVAILABLE,CAMERA_1,,That's all we have available at the moment.,PRESENT_X,CAMERA_1,
793,20,NONE,"['CAMERA_2', 'CAMERA_3', 'CAMERA_1']","{'CAMERA_1': ['long_exposure', 'resolution'], 'CAMERA_2': ['optical_zoom', 'weight', 'resolution', 'long_exposure', 'price', 'effects', 'ISO', 'camera_type', 'autofocus_points', 'settings'], 'CAMERA_3': ['sensor_size']}",C_THANK_YOU,CAMERA_1,NONE,ok thank you,PRESENT_X,CAMERA_1,S_THANK_YOU,CAMERA_1,NONE,thank you very much.,FACE_TO_FACE,NONE,
793,21,NONE,"['CAMERA_2', 'CAMERA_3', 'CAMERA_1']","{'CAMERA_1': ['long_exposure', 'resolution'], 'CAMERA_2': ['optical_zoom', 'weight', 'resolution', 'long_exposure', 'price', 'effects', 'ISO', 'camera_type', 'autofocus_points', 'settings'], 'CAMERA_3': ['sensor_size']}",C_LEAVES,DOOR,NONE,,FACE_TO_FACE,NONE,S_RETURNS_TO_COUNTER,SERVICE_COUNTER,NONE,,WAITING,NONE,
794,1,NONE,[],"{'CAMERA_1': [], 'CAMERA_2': [], 'CAMERA_3': []}",C_ENTERS,DOOR,NONE,,WAITING,NONE,S_NONE,SERVICE_COUNTER,NONE,,WAITING,NONE,
794,2,NONE,[],"{'CAMERA_1': [], 'CAMERA_2': [], 'CAMERA_3': []}",C_GREETS,MIDDLE,NONE,excuse me how does this canon and how much does how much does this canon cost,WAITING,NONE,S_GREETS,MIDDLE,NONE,can I help you?,FACE_TO_FACE,NONE,
794,3,CAMERA_1,['CAMERA_1'],"{'CAMERA_1': [], 'CAMERA_2': [], 'CAMERA_3': []}",C_LOOKING_FOR_A_CAMERA,MIDDLE,NONE,I'm looking for a camera with very high iso and a good consensus you have a camera like that,FACE_TO_FACE,NONE,S_INTRODUCES_CAMERA,CAMERA_1,,Let me show you this. Here we have the Sony PowerShot ELPH DMC-ZS3.,PRESENT_X,CAMERA_1,39~66
794,4,CAMERA_1,['CAMERA_1'],"{'CAMERA_1': ['autofocus_points'], 'CAMERA_2': [], 'CAMERA_3': []}",C_QUESTION_ABOUT_FEATURE,CAMERA_1,autofocus_points,how many auto focus points does this have,PRESENT_X,CAMERA_1,S_ANSWERS_QUESTION_ABOUT_FEATURE,CAMERA_1,autofocus_points,This one has 135 autofocus points.,PRESENT_X,CAMERA_1,13~33
794,5,CAMERA_1,['CAMERA_1'],"{'CAMERA_1': ['autofocus_points', 'camera_type'], 'CAMERA_2': [], 'CAMERA_3': []}",C_QUESTION_ABOUT_FEATURE,CAMERA_1,camera_type,is this a DSLR camera,PRESENT_X,CAMERA_1,S_ANSWERS_QUESTION_ABOUT_FEATURE,CAMERA_1,camera_type,This is a DSLR camera.,PRESENT_X,CAMERA_1,10~14
794,6,CAMERA_3,"['CAMERA_1', 'CAMERA_3']","{'CAMERA_1': ['autofocus_points', 'camera_type'], 'CAMERA_2': [], 'CAMERA_3': []}",C_ANYTHING_ELSE_AVAILABLE,CAMERA_1,NONE,ok do you have any other cameras that can just look at,PRESENT_X,CAMERA_1,S_INTRODUCES_CAMERA,CAMERA_3,,Let me show you this. Here we have the Fujifilm PowerShot ELPH S2800.,PRESENT_X,CAMERA_3,39~68
794,7,CAMERA_3,"['CAMERA_1', 'CAMERA_3']","{'CAMERA_1': ['autofocus_points', 'camera_type'], 'CAMERA_2': [], 'CAMERA_3': ['color']}",C_QUESTION_ABOUT_FEATURE,CAMERA_3,color,oh this is very cool what colors does it come in,PRESENT_X,CAMERA_3,S_ANSWERS_QUESTION_ABOUT_FEATURE,CAMERA_3,color,"This one comes in purple, white, silver, blue, red, or pink.",PRESENT_X,CAMERA_3,18~59
794,8,CAMERA_3,"['CAMERA_1', 'CAMERA_3']","{'CAMERA_1': ['autofocus_points', 'camera_type'], 'CAMERA_2': [], 'CAMERA_3': ['color', 'resolution']}",C_QUESTION_ABOUT_FEATURE,CAMERA_3,resolution,how many megapixels does this camera have,PRESENT_X,CAMERA_3,S_ANSWERS_QUESTION_ABOUT_FEATURE,CAMERA_3,resolution,This one has 23.2 megapixels resolution.,PRESENT_X,CAMERA_3,13~28
794,9,NONE,"['CAMERA_1', 'CAMERA_3']","{'CAMERA_1': ['autofocus_points', 'camera_type'], 'CAMERA_2': [], 'CAMERA_3': ['color', 'resolution']}",C_THANK_YOU,CAMERA_3,NONE,Thanks,PRESENT_X,CAMERA_3,S_THANK_YOU,CAMERA_3,NONE,thank you very much.,FACE_TO_FACE,NONE,
794,10,NONE,"['CAMERA_1', 'CAMERA_3']","{'CAMERA_1': ['autofocus_points', 'camera_type'], 'CAMERA_2': [], 'CAMERA_3': ['color', 'resolution']}",C_LEAVES,DOOR,NONE,,FACE_TO_FACE,NONE,S_RETURNS_TO_COUNTER,SERVICE_COUNTER,NONE,,WAITING,NONE,
795,1,NONE,[],"{'CAMERA_1': [], 'CAMERA_2': [], 'CAMERA_3': []}",C_ENTERS,DOOR,NONE,,WAITING,NONE,S_NONE,SERVICE_COUNTER,NONE,,WAITING,NONE,
795,2,NONE,[],"{'CAMERA_1': [], 'CAMERA_2': [], 'CAMERA_3': []}",C_GREETS,MIDDLE,NONE,excuse me,WAITING,NONE,S_GREETS,MIDDLE,NONE,can I help you?,FACE_TO_FACE,NONE,
795,3,CAMERA_2,['CAMERA_2'],"{'CAMERA_1': [], 'CAMERA_2': [], 'CAMERA_3': []}",C_LOOKING_FOR_A_CAMERA,MIDDLE,NONE,how to write a message to take a look at your new cameras,FACE_TO_FACE,NONE,S_INTRODUCES_CAMERA,CAMERA_2,,Let me show you this. Here we have the Fujifilm Lumix ILC Camera.,PRESENT_X,CAMERA_2,39~64
795,4,CAMERA_2,['CAMERA_2'],"{'CAMERA_1': [], 'CAMERA_2': ['settings'], 'CAMERA_3': []}",C_SILENT_OR_BACKCHANNEL,CAMERA_2,NONE,ok,PRESENT_X,CAMERA_2,S_INTRODUCES_FEATURE,CAMERA_2,settings,"This one has manual control and various automatic settings (video modeburst shooting, etc.).",PRESENT_X,CAMERA_2,13~91
795,5,CAMERA_2,['CAMERA_2'],"{'CAMERA_1': [], 'CAMERA_2': ['settings', 'price'], 'CAMERA_3': []}",C_QUESTION_ABOUT_FEATURE,CAMERA_2,price,what's the price on this again,PRESENT_X,CAMERA_2,S_ANSWERS_QUESTION_ABOUT_FEATURE,CAMERA_2,price,This one costs $768.,PRESENT_X,CAMERA_2,15~19
795,6,CAMERA_2,['CAMERA_2'],"{'CAMERA_1': [], 'CAMERA_2': ['settings', 'price', 'sensor_size'], 'CAMERA_3': []}",C_SILENT_OR_BACKCHANNEL,CAMERA_2,NONE,wow that's pretty impressive,PRESENT_X,CAMERA_2,S_INTRODUCES_FEATURE,CAMERA_2,sensor_size,This one has a 1/2.33 inch sensor.,PRESENT_X,CAMERA_2,15~33
795,7,NONE,['CAMERA_2'],"{'CAMERA_1': [], 'CAMERA_2': ['settings', 'price', 'sensor_size'], 'CAMERA_3': []}",C_THANK_YOU,CAMERA_2,NONE,ok thanks,PRESENT_X,CAMERA_2,S_THANK_YOU,CAMERA_2,NONE,thank you very much.,FACE_TO_FACE,NONE,
795,8,NONE,['CAMERA_2'],"{'CAMERA_1': [], 'CAMERA_2': ['settings', 'price', 'sensor_size'], 'CAMERA_3': []}",C_LEAVES,DOOR,NONE,,FACE_TO_FACE,NONE,S_RETURNS_TO_COUNTER,SERVICE_COUNTER,NONE,,WAITING,NONE,
796,1,NONE,[],"{'CAMERA_1': [], 'CAMERA_2': [], 'CAMERA_3': []}",C_ENTERS,DOOR,NONE,,WAITING,NONE,S_NONE,SERVICE_COUNTER,NONE,,WAITING,NONE,
796,2,NONE,[],"{'CAMERA_1': [], 'CAMERA_2': [], 'CAMERA_3': []}",C_GREETS,MIDDLE,NONE,excuse me,WAITING,NONE,S_GREETS,MIDDLE,NONE,can I help you?,FACE_TO_FACE,NONE,
796,3,CAMERA_2,['CAMERA_2'],"{'CAMERA_1': [], 'CAMERA_2': [], 'CAMERA_3': []}",C_LOOKING_FOR_A_CAMERA,MIDDLE,NONE,I'm looking for a camera,FACE_TO_FACE,NONE,S_INTRODUCES_CAMERA,CAMERA_2,,Let me show you this. Here we have the Fujifilm Lumix ILC Camera.,PRESENT_X,CAMERA_2,39~64
796,4,CAMERA_2,['CAMERA_2'],"{'CAMERA_1': [], 'CAMERA_2': ['camera_type'], 'CAMERA_3': []}",C_SILENT_OR_BACKCHANNEL,CAMERA_2,NONE,so it can be saved on a computer Library,PRESENT_X,CAMERA_2,S_INTRODUCES_FEATURE,CAMERA_2,camera_type,This is a digital single lens mirrorless camera.,PRESENT_X,CAMERA_2,10~40
796,5,NONE,['CAMERA_2'],"{'CAMERA_1': [], 'CAMERA_2': ['camera_type'], 'CAMERA_3': []}",C_THANK_YOU,CAMERA_2,NONE,what are right that's very good to know thank you,PRESENT_X,CAMERA_2,S_THANK_YOU,CAMERA_2,NONE,thank you very much.,FACE_TO_FACE,NONE,
796,6,NONE,['CAMERA_2'],"{'CAMERA_1': [], 'CAMERA_2': ['camera_type'], 'CAMERA_3': []}",C_LEAVES,DOOR,NONE,,FACE_TO_FACE,NONE,S_RETURNS_TO_COUNTER,SERVICE_COUNTER,NONE,,WAITING,NONE,
797,1,NONE,[],"{'CAMERA_1': [], 'CAMERA_2': [], 'CAMERA_3': []}",C_ENTERS,DOOR,NONE,,WAITING,NONE,S_NONE,SERVICE_COUNTER,NONE,,WAITING,NONE,
797,2,NONE,[],"{'CAMERA_1': [], 'CAMERA_2': [], 'CAMERA_3': []}",C_GREETS,MIDDLE,NONE,hello,WAITING,NONE,S_GREETS,MIDDLE,NONE,can I help you?,FACE_TO_FACE,NONE,
797,3,CAMERA_3,['CAMERA_3'],"{'CAMERA_1': [], 'CAMERA_2': [], 'CAMERA_3': []}",C_LOOKING_FOR_A_CAMERA,MIDDLE,NONE,I'm looking for a camera,FACE_TO_FACE,NONE,S_INTRODUCES_CAMERA,CAMERA_3,,Let me show you this. Here we have the Fujifilm PowerShot ELPH S2800.,PRESENT_X,CAMERA_3,39~68
797,4,CAMERA_3,['CAMERA_3'],"{'CAMERA_1': [], 'CAMERA_2': [], 'CAMERA_3': ['price']}",C_QUESTION_ABOUT_FEATURE,CAMERA_3,price,how much does a whale together,PRESENT_X,CAMERA_3,S_ANSWERS_QUESTION_ABOUT_FEATURE,CAMERA_3,price,This one costs $518.,PRESENT_X,CAMERA_3,15~19
797,5,CAMERA_3,['CAMERA_3'],"{'CAMERA_1': [], 'CAMERA_2': [], 'CAMERA_3': ['price', 'color']}",C_QUESTION_ABOUT_FEATURE,CAMERA_3,color,is there any other colors for this camera,PRESENT_X,CAMERA_3,S_ANSWERS_QUESTION_ABOUT_FEATURE,CAMERA_3,color,"This one comes in purple, white, silver, blue, red, or pink.",PRESENT_X,CAMERA_3,18~59
797,6,CAMERA_3,['CAMERA_3'],"{'CAMERA_1': [], 'CAMERA_2': [], 'CAMERA_3': ['price', 'color', 'long_exposure']}",C_SILENT_OR_BACKCHANNEL,CAMERA_3,NONE,okay that sounds good,PRESENT_X,CAMERA_3,S_INTRODUCES_FEATURE,CAMERA_3,long_exposure,This one can take long exposures up to 30 minutes max with bulb mode.,PRESENT_X,CAMERA_3,39~68
797,7,CAMERA_3,['CAMERA_3'],"{'CAMERA_1': [], 'CAMERA_2': [], 'CAMERA_3': ['price', 'color', 'long_exposure', 'effects']}",C_QUESTION_ABOUT_FEATURE,CAMERA_3,effects,what about artistic effect or something,PRESENT_X,CAMERA_3,S_ANSWERS_QUESTION_ABOUT_FEATURE,CAMERA_3,effects,"This one has 21 photo effects (small face, retro, big eyes, etc.).",PRESENT_X,CAMERA_3,13~65
797,8,CAMERA_3,['CAMERA_3'],"{'CAMERA_1': [], 'CAMERA_2': [], 'CAMERA_3': ['price', 'color', 'long_exposure', 'effects', 'weight']}",C_SILENT_OR_BACKCHANNEL,CAMERA_3,NONE,IC,PRESENT_X,CAMERA_3,S_INTRODUCES_FEATURE,CAMERA_3,weight,This one weighs 820 grams.,PRESENT_X,CAMERA_3,16~25
797,9,CAMERA_1,"['CAMERA_3', 'CAMERA_1']","{'CAMERA_1': [], 'CAMERA_2': [], 'CAMERA_3': ['price', 'color', 'long_exposure', 'effects', 'weight']}",C_ANYTHING_ELSE_AVAILABLE,CAMERA_3,NONE,ok do you have any other cameras,PRESENT_X,CAMERA_3,S_INTRODUCES_CAMERA,CAMERA_1,,Let me show you this. Here we have the Sony PowerShot ELPH DMC-ZS3.,PRESENT_X,CAMERA_1,39~66
797,10,CAMERA_1,"['CAMERA_3', 'CAMERA_1']","{'CAMERA_1': ['long_exposure'], 'CAMERA_2': [], 'CAMERA_3': ['price', 'color', 'long_exposure', 'effects', 'weight']}",C_QUESTION_ABOUT_FEATURE,CAMERA_1,long_exposure,is the exposure any good,PRESENT_X,CAMERA_1,S_ANSWERS_QUESTION_ABOUT_FEATURE,CAMERA_1,long_exposure,This one can take long exposures up to up to 15 seconds with Long Shutter Mode.,PRESENT_X,CAMERA_1,39~78
797,11,CAMERA_1,"['CAMERA_3', 'CAMERA_1']","{'CAMERA_1': ['long_exposure', 'sensor_size'], 'CAMERA_2': [], 'CAMERA_3': ['price', 'color', 'long_exposure', 'effects', 'weight']}",C_QUESTION_ABOUT_FEATURE,CAMERA_1,sensor_size,and what's the sensor size on this,PRESENT_X,CAMERA_1,S_ANSWERS_QUESTION_ABOUT_FEATURE,CAMERA_1,sensor_size,This one has a 1/2.3 inch CMOS sensor.,PRESENT_X,CAMERA_1,15~37
797,12,NONE,"['CAMERA_3', 'CAMERA_1']","{'CAMERA_1': ['long_exposure', 'sensor_size'], 'CAMERA_2': [], 'CAMERA_3': ['price', 'color', 'long_exposure', 'effects', 'weight']}",C_THANK_YOU,CAMERA_1,NONE,thank you very much,PRESENT_X,CAMERA_1,S_THANK_YOU,CAMERA_1,NONE,thank you very much.,FACE_TO_FACE,NONE,
797,13,NONE,"['CAMERA_3', 'CAMERA_1']","{'CAMERA_1': ['long_exposure', 'sensor_size'], 'CAMERA_2': [], 'CAMERA_3': ['price', 'color', 'long_exposure', 'effects', 'weight']}",C_LEAVES,DOOR,NONE,,FACE_TO_FACE,NONE,S_RETURNS_TO_COUNTER,SERVICE_COUNTER,NONE,,WAITING,NONE,
798,1,NONE,[],"{'CAMERA_1': [], 'CAMERA_2': [], 'CAMERA_3': []}",C_ENTERS,DOOR,NONE,,WAITING,NONE,S_NONE,SERVICE_COUNTER,NONE,,WAITING,NONE,
798,2,NONE,[],"{'CAMERA_1': [], 'CAMERA_2': [], 'CAMERA_3': []}",C_WALKS_TO_CAMERA,CAMERA_1,NONE,,WAITING,NONE,S_GREETS,CAMERA_1,NONE,can I help you?,FACE_TO_FACE,NONE,
798,3,CAMERA_1,['CAMERA_1'],"{'CAMERA_1': [], 'CAMERA_2': [], 'CAMERA_3': []}",C_LOOKING_FOR_A_CAMERA,CAMERA_1,NONE,it's ok i am just looking around,FACE_TO_FACE,NONE,S_INTRODUCES_CAMERA,CAMERA_1,,Let me show you this. Here we have the Sony PowerShot ELPH DMC-ZS3.,PRESENT_X,CAMERA_1,39~66
798,4,CAMERA_1,['CAMERA_1'],"{'CAMERA_1': ['color'], 'CAMERA_2': [], 'CAMERA_3': []}",C_QUESTION_ABOUT_FEATURE,CAMERA_1,color,I am just studying photography does it come in any other colors,PRESENT_X,CAMERA_1,S_ANSWERS_QUESTION_ABOUT_FEATURE,CAMERA_1,color,This one comes in blue or black.,PRESENT_X,CAMERA_1,18~31
798,5,CAMERA_1,['CAMERA_1'],"{'CAMERA_1': ['color', 'resolution'], 'CAMERA_2': [], 'CAMERA_3': []}",C_QUESTION_ABOUT_FEATURE,CAMERA_1,resolution,and what about the resolution of this Colorado,PRESENT_X,CAMERA_1,S_ANSWERS_QUESTION_ABOUT_FEATURE,CAMERA_1,resolution,This one has 17.8 megapixels resolution.,PRESENT_X,CAMERA_1,13~28
798,6,NONE,['CAMERA_1'],"{'CAMERA_1': ['color', 'resolution'], 'CAMERA_2': [], 'CAMERA_3': []}",C_THANK_YOU,CAMERA_1,NONE,thank you very much,PRESENT_X,CAMERA_1,S_THANK_YOU,CAMERA_1,NONE,thank you very much.,FACE_TO_FACE,NONE,
798,7,NONE,['CAMERA_1'],"{'CAMERA_1': ['color', 'resolution'], 'CAMERA_2': [], 'CAMERA_3': []}",C_LEAVES,DOOR,NONE,,FACE_TO_FACE,NONE,S_RETURNS_TO_COUNTER,SERVICE_COUNTER,NONE,,WAITING,NONE,
799,1,NONE,[],"{'CAMERA_1': [], 'CAMERA_2': [], 'CAMERA_3': []}",C_ENTERS,DOOR,NONE,,WAITING,NONE,S_NONE,SERVICE_COUNTER,NONE,,WAITING,NONE,
799,2,NONE,[],"{'CAMERA_1': [], 'CAMERA_2': [], 'CAMERA_3': []}",C_GREETS,MIDDLE,NONE,Hi can you help me,WAITING,NONE,S_GREETS,MIDDLE,NONE,can I help you?,FACE_TO_FACE,NONE,
799,3,CAMERA_2,['CAMERA_2'],"{'CAMERA_1': [], 'CAMERA_2': [], 'CAMERA_3': []}",C_LOOKING_FOR_A_CAMERA,MIDDLE,NONE,I have a smartphone but I'm not smart enough to use it,FACE_TO_FACE,NONE,S_INTRODUCES_CAMERA,CAMERA_2,,Let me show you this. Here we have the Fujifilm Lumix ILC Camera.,PRESENT_X,CAMERA_2,39~64
799,4,CAMERA_2,['CAMERA_2'],"{'CAMERA_1': [], 'CAMERA_2': ['autofocus_points'], 'CAMERA_3': []}",C_QUESTION_ABOUT_FEATURE,CAMERA_2,autofocus_points,how many auto focus points does this one have,PRESENT_X,CAMERA_2,S_NOT_SURE,CAMERA_2,,I'm not really sure about that.,PRESENT_X,CAMERA_2,
799,5,CAMERA_2,['CAMERA_2'],"{'CAMERA_1': [], 'CAMERA_2': ['autofocus_points', 'resolution'], 'CAMERA_3': []}",C_QUESTION_ABOUT_FEATURE,CAMERA_2,resolution,how many megapixels is it house,PRESENT_X,CAMERA_2,S_ANSWERS_QUESTION_ABOUT_FEATURE,CAMERA_2,resolution,This one has 23.8 megapixels resolution.,PRESENT_X,CAMERA_2,13~28
799,6,CAMERA_2,['CAMERA_2'],"{'CAMERA_1': [], 'CAMERA_2': ['autofocus_points', 'resolution', 'camera_type'], 'CAMERA_3': []}",C_SILENT_OR_BACKCHANNEL,CAMERA_2,NONE,ok let's see,PRESENT_X,CAMERA_2,S_INTRODUCES_FEATURE,CAMERA_2,camera_type,This is a digital single lens mirrorless camera.,PRESENT_X,CAMERA_2,10~40
799,7,CAMERA_3,"['CAMERA_2', 'CAMERA_3']","{'CAMERA_1': [], 'CAMERA_2': ['autofocus_points', 'resolution', 'camera_type'], 'CAMERA_3': []}",C_ANYTHING_ELSE_AVAILABLE,CAMERA_2,NONE,do you have any other cameras with preset mode,PRESENT_X,CAMERA_2,S_INTRODUCES_CAMERA,CAMERA_3,,Let me show you this. Here we have the Fujifilm PowerShot ELPH S2800.,PRESENT_X,CAMERA_3,39~68
799,8,CAMERA_3,"['CAMERA_2', 'CAMERA_3']","{'CAMERA_1': [], 'CAMERA_2': ['autofocus_points', 'resolution', 'camera_type'], 'CAMERA_3': ['effects']}",C_SILENT_OR_BACKCHANNEL,CAMERA_3,NONE,ok,PRESENT_X,CAMERA_3,S_INTRODUCES_FEATURE,CAMERA_3,effects,"This one has 21 photo effects (small face, retro, big eyes, etc.).",PRESENT_X,CAMERA_3,13~65
799,9,NONE,"['CAMERA_2', 'CAMERA_3']","{'CAMERA_1': [], 'CAMERA_2': ['autofocus_points', 'resolution', 'camera_type'], 'CAMERA_3': ['effects']}",C_THANK_YOU,CAMERA_3,NONE,yeah thank you for your help,PRESENT_X,CAMERA_3,S_THANK_YOU,CAMERA_3,NONE,thank you very much.,FACE_TO_FACE,NONE,
799,10,NONE,"['CAMERA_2', 'CAMERA_3']","{'CAMERA_1': [], 'CAMERA_2': ['autofocus_points', 'resolution', 'camera_type'], 'CAMERA_3': ['effects']}",C_LEAVES,DOOR,NONE,,FACE_TO_FACE,NONE,S_RETURNS_TO_COUNTER,SERVICE_COUNTER,NONE,,WAITING,NONE,
800,1,NONE,[],"{'CAMERA_1': [], 'CAMERA_2': [], 'CAMERA_3': []}",C_ENTERS,DOOR,NONE,,WAITING,NONE,S_NONE,SERVICE_COUNTER,NONE,,WAITING,NONE,
800,2,NONE,[],"{'CAMERA_1': [], 'CAMERA_2': [], 'CAMERA_3': []}",C_GREETS,MIDDLE,NONE,hello,WAITING,NONE,S_GREETS,MIDDLE,NONE,can I help you?,FACE_TO_FACE,NONE,
800,3,CAMERA_2,['CAMERA_2'],"{'CAMERA_1': [], 'CAMERA_2': [], 'CAMERA_3': []}",C_LOOKING_FOR_A_CAMERA,MIDDLE,NONE,I'm looking for a DSLR type camera,FACE_TO_FACE,NONE,S_INTRODUCES_CAMERA,CAMERA_2,,Let me show you this. Here we have the Fujifilm Lumix ILC Camera.,PRESENT_X,CAMERA_2,39~64
800,4,CAMERA_2,['CAMERA_2'],"{'CAMERA_1': [], 'CAMERA_2': ['price'], 'CAMERA_3': []}",C_QUESTION_ABOUT_FEATURE,CAMERA_2,price,how much will this cost,PRESENT_X,CAMERA_2,S_ANSWERS_QUESTION_ABOUT_FEATURE,CAMERA_2,price,This one costs $768.,PRESENT_X,CAMERA_2,15~19
800,5,CAMERA_2,['CAMERA_2'],"{'CAMERA_1': [], 'CAMERA_2': ['price', 'camera_type'], 'CAMERA_3': []}",C_QUESTION_ABOUT_FEATURE,CAMERA_2,camera_type,Is this a mirrorless camera?,PRESENT_X,CAMERA_2,S_ANSWERS_QUESTION_ABOUT_FEATURE,CAMERA_2,camera_type,This is a digital single lens mirrorless camera.,PRESENT_X,CAMERA_2,10~40
800,6,CAMERA_2,['CAMERA_2'],"{'CAMERA_1': [], 'CAMERA_2': ['price', 'camera_type', 'autofocus_points'], 'CAMERA_3': []}",C_QUESTION_ABOUT_FEATURE,CAMERA_2,autofocus_points,what about the the focus point,PRESENT_X,CAMERA_2,S_NOT_SURE,CAMERA_2,,I'm not really sure about that.,PRESENT_X,CAMERA_2,
800,7,CAMERA_2,['CAMERA_2'],"{'CAMERA_1': [], 'CAMERA_2': ['price', 'camera_type', 'autofocus_points', 'settings'], 'CAMERA_3': []}",C_SILENT_OR_BACKCHANNEL,CAMERA_2,NONE,IC,PRESENT_X,CAMERA_2,S_INTRODUCES_FEATURE,CAMERA_2,settings,"This one has manual control and various automatic settings (video modeburst shooting, etc.).",PRESENT_X,CAMERA_2,13~91
800,8,NONE,['CAMERA_2'],"{'CAMERA_1': [], 'CAMERA_2': ['price', 'camera_type', 'autofocus_points', 'settings'], 'CAMERA_3': []}",C_THANK_YOU,CAMERA_2,NONE,a good thank you very much,PRESENT_X,CAMERA_2,S_THANK_YOU,CAMERA_2,NONE,thank you very much.,FACE_TO_FACE,NONE,
800,9,NONE,['CAMERA_2'],"{'CAMERA_1': [], 'CAMERA_2': ['price', 'camera_type', 'autofocus_points', 'settings'], 'CAMERA_3': []}",C_LEAVES,DOOR,NONE,,FACE_TO_FACE,NONE,S_RETURNS_TO_COUNTER,SERVICE_COUNTER,NONE,,WAITING,NONE,
801,1,NONE,[],"{'CAMERA_1': [], 'CAMERA_2': [], 'CAMERA_3': []}",C_ENTERS,DOOR,NONE,,WAITING,NONE,S_NONE,SERVICE_COUNTER,NONE,,WAITING,NONE,
801,2,NONE,[],"{'CAMERA_1': [], 'CAMERA_2': [], 'CAMERA_3': []}",C_WALKS_TO_CAMERA,CAMERA_2,NONE,,WAITING,NONE,S_GREETS,CAMERA_2,NONE,can I help you?,FACE_TO_FACE,NONE,
801,3,CAMERA_3,['CAMERA_3'],"{'CAMERA_1': [], 'CAMERA_2': [], 'CAMERA_3': []}",C_LOOKING_FOR_A_CAMERA,CAMERA_2,NONE,I'm looking for a camera with very high iso and a good consensus you have a camera like that,FACE_TO_FACE,NONE,S_INTRODUCES_CAMERA,CAMERA_3,,Let me show you this. Here we have the Fujifilm PowerShot ELPH S2800.,PRESENT_X,CAMERA_3,39~68
801,4,CAMERA_3,['CAMERA_3'],"{'CAMERA_1': [], 'CAMERA_2': [], 'CAMERA_3': ['long_exposure']}",C_SILENT_OR_BACKCHANNEL,CAMERA_3,NONE,Wow it also seems very friendly to use,PRESENT_X,CAMERA_3,S_INTRODUCES_FEATURE,CAMERA_3,long_exposure,This one can take long exposures up to 30 minutes max with bulb mode.,PRESENT_X,CAMERA_3,39~68
801,5,NONE,['CAMERA_3'],"{'CAMERA_1': [], 'CAMERA_2': [], 'CAMERA_3': ['long_exposure']}",C_THANK_YOU,CAMERA_3,NONE,thank you,PRESENT_X,CAMERA_3,S_THANK_YOU,CAMERA_3,NONE,thank you very much.,FACE_TO_FACE,NONE,
801,6,NONE,['CAMERA_3'],"{'CAMERA_1': [], 'CAMERA_2': [], 'CAMERA_3': ['long_exposure']}",C_LEAVES,DOOR,NONE,,FACE_TO_FACE,NONE,S_RETURNS_TO_COUNTER,SERVICE_COUNTER,NONE,,WAITING,NONE,
802,1,NONE,[],"{'CAMERA_1': [], 'CAMERA_2': [], 'CAMERA_3': []}",C_ENTERS,DOOR,NONE,,WAITING,NONE,S_NONE,SERVICE_COUNTER,NONE,,WAITING,NONE,
802,2,NONE,[],"{'CAMERA_1': [], 'CAMERA_2': [], 'CAMERA_3': []}",C_WALKS_TO_CAMERA,CAMERA_3,NONE,,WAITING,NONE,S_GREETS,CAMERA_3,NONE,can I help you?,FACE_TO_FACE,NONE,
802,3,CAMERA_1,['CAMERA_1'],"{'CAMERA_1': [], 'CAMERA_2': [], 'CAMERA_3': []}",C_LOOKING_FOR_A_CAMERA,CAMERA_3,NONE,I'm looking for a camera with very high iso and a good consensus you have a camera like that,FACE_TO_FACE,NONE,S_INTRODUCES_CAMERA,CAMERA_1,,Let me show you this. Here we have the Sony PowerShot ELPH DMC-ZS3.,PRESENT_X,CAMERA_1,39~66
802,4,CAMERA_1,['CAMERA_1'],"{'CAMERA_1': ['color'], 'CAMERA_2': [], 'CAMERA_3': []}",C_QUESTION_ABOUT_FEATURE,CAMERA_1,color,oh yeah it's it's like what do you have anything on it or any other colors,PRESENT_X,CAMERA_1,S_ANSWERS_QUESTION_ABOUT_FEATURE,CAMERA_1,color,This one comes in blue or black.,PRESENT_X,CAMERA_1,18~31
802,5,CAMERA_1,['CAMERA_1'],"{'CAMERA_1': ['color', 'long_exposure'], 'CAMERA_2': [], 'CAMERA_3': []}",C_QUESTION_ABOUT_FEATURE,CAMERA_1,long_exposure,ICN worry about their long exposure,PRESENT_X,CAMERA_1,S_ANSWERS_QUESTION_ABOUT_FEATURE,CAMERA_1,long_exposure,This one can take long exposures up to up to 15 seconds with Long Shutter Mode.,PRESENT_X,CAMERA_1,39~78
802,6,CAMERA_1,['CAMERA_1'],"{'CAMERA_1': ['color', 'long_exposure', 'sensor_size'], 'CAMERA_2': [], 'CAMERA_3': []}",C_QUESTION_ABOUT_FEATURE,CAMERA_1,sensor_size,What is the synthesized of this camera,PRESENT_X,CAMERA_1,S_ANSWERS_QUESTION_ABOUT_FEATURE,CAMERA_1,sensor_size,This one has a 1/2.3 inch CMOS sensor.,PRESENT_X,CAMERA_1,15~37
802,7,NONE,['CAMERA_1'],"{'CAMERA_1': ['color', 'long_exposure', 'sensor_size'], 'CAMERA_2': [], 'CAMERA_3': []}",C_THANK_YOU,CAMERA_1,NONE,ok thank you for your help,PRESENT_X,CAMERA_1,S_THANK_YOU,CAMERA_1,NONE,thank you very much.,FACE_TO_FACE,NONE,
802,8,NONE,['CAMERA_1'],"{'CAMERA_1': ['color', 'long_exposure', 'sensor_size'], 'CAMERA_2': [], 'CAMERA_3': []}",C_LEAVES,DOOR,NONE,,FACE_TO_FACE,NONE,S_RETURNS_TO_COUNTER,SERVICE_COUNTER,NONE,,WAITING,NONE,
803,1,NONE,[],"{'CAMERA_1': [], 'CAMERA_2': [], 'CAMERA_3': []}",C_ENTERS,DOOR,NONE,,WAITING,NONE,S_NONE,SERVICE_COUNTER,NONE,,WAITING,NONE,
803,2,NONE,[],"{'CAMERA_1': [], 'CAMERA_2': [], 'CAMERA_3': []}",C_WALKS_TO_CAMERA,CAMERA_2,NONE,,WAITING,NONE,S_GREETS,CAMERA_2,NONE,can I help you?,FACE_TO_FACE,NONE,
803,3,CAMERA_1,['CAMERA_1'],"{'CAMERA_1': [], 'CAMERA_2': [], 'CAMERA_3': []}",C_LOOKING_FOR_A_CAMERA,CAMERA_2,NONE,I'm looking for a camera,FACE_TO_FACE,NONE,S_INTRODUCES_CAMERA,CAMERA_1,,Let me show you this. Here we have the Sony PowerShot ELPH DMC-ZS3.,PRESENT_X,CAMERA_1,39~66
803,4,CAMERA_1,['CAMERA_1'],"{'CAMERA_1': ['optical_zoom'], 'CAMERA_2': [], 'CAMERA_3': []}",C_SILENT_OR_BACKCHANNEL,CAMERA_1,NONE,sounds good,PRESENT_X,CAMERA_1,S_INTRODUCES_FEATURE,CAMERA_1,optical_zoom,This one has 21x optical zoom.,PRESENT_X,CAMERA_1,13~29
803,5,NONE,['CAMERA_1'],"{'CAMERA_1': ['optical_zoom'], 'CAMERA_2': [], 'CAMERA_3': []}",C_THANK_YOU,CAMERA_1,NONE,okay thanks a lot,PRESENT_X,CAMERA_1,S_THANK_YOU,CAMERA_1,NONE,thank you very much.,FACE_TO_FACE,NONE,
803,6,NONE,['CAMERA_1'],"{'CAMERA_1': ['optical_zoom'], 'CAMERA_2': [], 'CAMERA_3': []}",C_LEAVES,DOOR,NONE,,FACE_TO_FACE,NONE,S_RETURNS_TO_COUNTER,SERVICE_COUNTER,NONE,,WAITING,NONE,
804,1,NONE,[],"{'CAMERA_1': [], 'CAMERA_2': [], 'CAMERA_3': []}",C_ENTERS,DOOR,NONE,,WAITING,NONE,S_NONE,SERVICE_COUNTER,NONE,,WAITING,NONE,
804,2,NONE,[],"{'CAMERA_1': [], 'CAMERA_2': [], 'CAMERA_3': []}",C_GREETS,MIDDLE,NONE,kiss me,WAITING,NONE,S_GREETS,MIDDLE,NONE,can I help you?,FACE_TO_FACE,NONE,
804,3,CAMERA_1,['CAMERA_1'],"{'CAMERA_1': [], 'CAMERA_2': [], 'CAMERA_3': []}",C_LOOKING_FOR_A_CAMERA,MIDDLE,NONE,I'm looking for a camera,FACE_TO_FACE,NONE,S_INTRODUCES_CAMERA,CAMERA_1,,Let me show you this. Here we have the Sony PowerShot ELPH DMC-ZS3.,PRESENT_X,CAMERA_1,39~66
804,4,CAMERA_1,['CAMERA_1'],"{'CAMERA_1': ['autofocus_points'], 'CAMERA_2': [], 'CAMERA_3': []}",C_QUESTION_ABOUT_FEATURE,CAMERA_1,autofocus_points,what is the auto focus points for this camera,PRESENT_X,CAMERA_1,S_ANSWERS_QUESTION_ABOUT_FEATURE,CAMERA_1,autofocus_points,This one has 135 autofocus points.,PRESENT_X,CAMERA_1,13~33
804,5,CAMERA_1,['CAMERA_1'],"{'CAMERA_1': ['autofocus_points', 'price'], 'CAMERA_2': [], 'CAMERA_3': []}",C_SILENT_OR_BACKCHANNEL,CAMERA_1,NONE,IC,PRESENT_X,CAMERA_1,S_INTRODUCES_FEATURE,CAMERA_1,price,This one costs $450.,PRESENT_X,CAMERA_1,15~19
804,6,CAMERA_1,['CAMERA_1'],"{'CAMERA_1': ['autofocus_points', 'price', 'weight'], 'CAMERA_2': [], 'CAMERA_3': []}",C_QUESTION_ABOUT_FEATURE,CAMERA_1,weight,ok what about the wait is it heavy or is it,PRESENT_X,CAMERA_1,S_ANSWERS_QUESTION_ABOUT_FEATURE,CAMERA_1,weight,This one weighs 800 grams.,PRESENT_X,CAMERA_1,16~25
804,7,CAMERA_2,"['CAMERA_1', 'CAMERA_2']","{'CAMERA_1': ['autofocus_points', 'price', 'weight'], 'CAMERA_2': [], 'CAMERA_3': []}",C_ANYTHING_ELSE_AVAILABLE,CAMERA_1,NONE,can you recommend another camera similar to this,PRESENT_X,CAMERA_1,S_INTRODUCES_CAMERA,CAMERA_2,,Let me show you this. Here we have the Fujifilm Lumix ILC Camera.,PRESENT_X,CAMERA_2,39~64
804,8,CAMERA_2,"['CAMERA_1', 'CAMERA_2']","{'CAMERA_1': ['autofocus_points', 'price', 'weight'], 'CAMERA_2': ['camera_type'], 'CAMERA_3': []}",C_SILENT_OR_BACKCHANNEL,CAMERA_2,NONE,you're actually it's the way is feels really nice,PRESENT_X,CAMERA_2,S_INTRODUCES_FEATURE,CAMERA_2,camera_type,This is a digital single lens mirrorless camera.,PRESENT_X,CAMERA_2,10~40
804,9,NONE,"['CAMERA_1', 'CAMERA_2']","{'CAMERA_1': ['autofocus_points', 'price', 'weight'], 'CAMERA_2': ['camera_type'], 'CAMERA_3': []}",C_THANK_YOU,CAMERA_2,NONE,okay thank you very much,PRESENT_X,CAMERA_2,S_THANK_YOU,CAMERA_2,NONE,thank you very much.,FACE_TO_FACE,NONE,
804,10,NONE,"['CAMERA_1', 'CAMERA_2']","{'CAMERA_1': ['autofocus_points', 'price', 'weight'], 'CAMERA_2': ['camera_type'], 'CAMERA_3': []}",C_LEAVES,DOOR,NONE,,FACE_TO_FACE,NONE,S_RETURNS_TO_COUNTER,SERVICE_COUNTER,NONE,,WAITING,NONE,
805,1,NONE,[],"{'CAMERA_1': [], 'CAMERA_2': [], 'CAMERA_3': []}",C_ENTERS,DOOR,NONE,,WAITING,NONE,S_NONE,SERVICE_COUNTER,NONE,,WAITING,NONE,
805,2,NONE,[],"{'CAMERA_1': [], 'CAMERA_2': [], 'CAMERA_3': []}",C_GREETS,MIDDLE,NONE,use me,WAITING,NONE,S_GREETS,MIDDLE,NONE,can I help you?,FACE_TO_FACE,NONE,
805,3,CAMERA_2,['CAMERA_2'],"{'CAMERA_1': [], 'CAMERA_2': [], 'CAMERA_3': []}",C_LOOKING_FOR_A_CAMERA,MIDDLE,NONE,I'm looking for a camera to the family,FACE_TO_FACE,NONE,S_INTRODUCES_CAMERA,CAMERA_2,,Let me show you this. Here we have the Fujifilm Lumix ILC Camera.,PRESENT_X,CAMERA_2,39~64
805,4,CAMERA_2,['CAMERA_2'],"{'CAMERA_1': [], 'CAMERA_2': ['sensor_size'], 'CAMERA_3': []}",C_QUESTION_ABOUT_FEATURE,CAMERA_2,sensor_size,synthesize of this camera,PRESENT_X,CAMERA_2,S_ANSWERS_QUESTION_ABOUT_FEATURE,CAMERA_2,sensor_size,This one has a 1/2.33 inch sensor.,PRESENT_X,CAMERA_2,15~33
805,5,CAMERA_2,['CAMERA_2'],"{'CAMERA_1': [], 'CAMERA_2': ['sensor_size', 'color'], 'CAMERA_3': []}",C_QUESTION_ABOUT_FEATURE,CAMERA_2,color,is this camera good for taking or how many colors do you have in this camera,PRESENT_X,CAMERA_2,S_ANSWERS_QUESTION_ABOUT_FEATURE,CAMERA_2,color,This one comes in white or pink.,PRESENT_X,CAMERA_2,18~31
805,6,NONE,['CAMERA_2'],"{'CAMERA_1': [], 'CAMERA_2': ['sensor_size', 'color'], 'CAMERA_3': []}",C_THANK_YOU,CAMERA_2,NONE,awesome okay thanks a lot,PRESENT_X,CAMERA_2,S_THANK_YOU,CAMERA_2,NONE,thank you very much.,FACE_TO_FACE,NONE,
805,7,NONE,['CAMERA_2'],"{'CAMERA_1': [], 'CAMERA_2': ['sensor_size', 'color'], 'CAMERA_3': []}",C_LEAVES,DOOR,NONE,,FACE_TO_FACE,NONE,S_RETURNS_TO_COUNTER,SERVICE_COUNTER,NONE,,WAITING,NONE,
806,1,NONE,[],"{'CAMERA_1': [], 'CAMERA_2': [], 'CAMERA_3': []}",C_ENTERS,DOOR,NONE,,WAITING,NONE,S_NONE,SERVICE_COUNTER,NONE,,WAITING,NONE,
806,2,NONE,[],"{'CAMERA_1': [], 'CAMERA_2': [], 'CAMERA_3': []}",C_GREETS,MIDDLE,NONE,hello Galaxy Note,WAITING,NONE,S_GREETS,MIDDLE,NONE,can I help you?,FACE_TO_FACE,NONE,
806,3,CAMERA_1,['CAMERA_1'],"{'CAMERA_1': [], 'CAMERA_2': [], 'CAMERA_3': []}",C_LOOKING_FOR_A_CAMERA,MIDDLE,NONE,I'm just browsing around just searching for a camera,FACE_TO_FACE,NONE,S_INTRODUCES_CAMERA,CAMERA_1,,Let me show you this. Here we have the Sony PowerShot ELPH DMC-ZS3.,PRESENT_X,CAMERA_1,39~66
806,4,CAMERA_1,['CAMERA_1'],"{'CAMERA_1': ['color'], 'CAMERA_2': [], 'CAMERA_3': []}",C_SILENT_OR_BACKCHANNEL,CAMERA_1,NONE,that sounds good,PRESENT_X,CAMERA_1,S_INTRODUCES_FEATURE,CAMERA_1,color,This one comes in blue or black.,PRESENT_X,CAMERA_1,18~31
806,5,CAMERA_1,['CAMERA_1'],"{'CAMERA_1': ['color', 'long_exposure'], 'CAMERA_2': [], 'CAMERA_3': []}",C_QUESTION_ABOUT_FEATURE,CAMERA_1,long_exposure,okay and how long is the exposure,PRESENT_X,CAMERA_1,S_ANSWERS_QUESTION_ABOUT_FEATURE,CAMERA_1,long_exposure,This one can take long exposures up to up to 15 seconds with Long Shutter Mode.,PRESENT_X,CAMERA_1,39~78
806,6,CAMERA_1,['CAMERA_1'],"{'CAMERA_1': ['color', 'long_exposure', 'price'], 'CAMERA_2': [], 'CAMERA_3': []}",C_QUESTION_ABOUT_FEATURE,CAMERA_1,price,how much is this camera,PRESENT_X,CAMERA_1,S_ANSWERS_QUESTION_ABOUT_FEATURE,CAMERA_1,price,This one costs $450.,PRESENT_X,CAMERA_1,15~19
806,7,CAMERA_1,['CAMERA_1'],"{'CAMERA_1': ['color', 'long_exposure', 'price', 'optical_zoom'], 'CAMERA_2': [], 'CAMERA_3': []}",C_QUESTION_ABOUT_FEATURE,CAMERA_1,optical_zoom,okay so it's not the same kind of zoom,PRESENT_X,CAMERA_1,S_ANSWERS_QUESTION_ABOUT_FEATURE,CAMERA_1,optical_zoom,This one has 21x optical zoom.,PRESENT_X,CAMERA_1,13~29
806,8,CAMERA_1,['CAMERA_1'],"{'CAMERA_1': ['color', 'long_exposure', 'price', 'optical_zoom', 'sensor_size'], 'CAMERA_2': [], 'CAMERA_3': []}",C_QUESTION_ABOUT_FEATURE,CAMERA_1,sensor_size,Does it have a big sensor,PRESENT_X,CAMERA_1,S_ANSWERS_QUESTION_ABOUT_FEATURE,CAMERA_1,sensor_size,This one has a 1/2.3 inch CMOS sensor.,PRESENT_X,CAMERA_1,15~37
806,9,CAMERA_3,"['CAMERA_1', 'CAMERA_3']","{'CAMERA_1': ['color', 'long_exposure', 'price', 'optical_zoom', 'sensor_size'], 'CAMERA_2': [], 'CAMERA_3': []}",C_ANYTHING_ELSE_AVAILABLE,CAMERA_1,NONE,ok do you have any other cameras,PRESENT_X,CAMERA_1,S_INTRODUCES_CAMERA,CAMERA_3,,Let me show you this. Here we have the Fujifilm PowerShot ELPH S2800.,PRESENT_X,CAMERA_3,39~68
806,10,CAMERA_3,"['CAMERA_1', 'CAMERA_3']","{'CAMERA_1': ['color', 'long_exposure', 'price', 'optical_zoom', 'sensor_size'], 'CAMERA_2': [], 'CAMERA_3': ['camera_type']}",C_QUESTION_ABOUT_FEATURE,CAMERA_3,camera_type,Is this a mirrorless camera?,PRESENT_X,CAMERA_3,S_ANSWERS_QUESTION_ABOUT_FEATURE,CAMERA_3,camera_type,This is a point and shoot camera.,PRESENT_X,CAMERA_3,10~25
806,11,CAMERA_3,"['CAMERA_1', 'CAMERA_3']","{'CAMERA_1': ['color', 'long_exposure', 'price', 'optical_zoom', 'sensor_size'], 'CAMERA_2': [], 'CAMERA_3': ['camera_type', 'settings']}",C_QUESTION_ABOUT_FEATURE,CAMERA_3,settings,that's wonderful and what about the manual settings,PRESENT_X,CAMERA_3,S_ANSWERS_QUESTION_ABOUT_FEATURE,CAMERA_3,settings,"This one has manual control and various automatic settings (video modeburst shooting, etc.).",PRESENT_X,CAMERA_3,13~91
806,12,CAMERA_3,"['CAMERA_1', 'CAMERA_3']","{'CAMERA_1': ['color', 'long_exposure', 'price', 'optical_zoom', 'sensor_size'], 'CAMERA_2': [], 'CAMERA_3': ['camera_type', 'settings', 'ISO']}",C_QUESTION_ABOUT_FEATURE,CAMERA_3,ISO,great under how about the ISO,PRESENT_X,CAMERA_3,S_ANSWERS_QUESTION_ABOUT_FEATURE,CAMERA_3,ISO,This one has up to 3200 ISO with little noise.,PRESENT_X,CAMERA_3,13~45
806,13,CAMERA_3,"['CAMERA_1', 'CAMERA_3']","{'CAMERA_1': ['color', 'long_exposure', 'price', 'optical_zoom', 'sensor_size'], 'CAMERA_2': [], 'CAMERA_3': ['camera_type', 'settings', 'ISO', 'preset_modes']}",C_QUESTION_ABOUT_FEATURE,CAMERA_3,preset_modes,does this camera support for preset mod,PRESENT_X,CAMERA_3,S_ANSWERS_QUESTION_ABOUT_FEATURE,CAMERA_3,preset_modes,This one has various preset modes.,PRESENT_X,CAMERA_3,13~33
806,14,CAMERA_3,"['CAMERA_1', 'CAMERA_3']","{'CAMERA_1': ['color', 'long_exposure', 'price', 'optical_zoom', 'sensor_size'], 'CAMERA_2': [], 'CAMERA_3': ['camera_type', 'settings', 'ISO', 'preset_modes', 'long_exposure']}",C_SILENT_OR_BACKCHANNEL,CAMERA_3,NONE,okay interesting,PRESENT_X,CAMERA_3,S_INTRODUCES_FEATURE,CAMERA_3,long_exposure,This one can take long exposures up to 30 minutes max with bulb mode.,PRESENT_X,CAMERA_3,39~68
806,15,CAMERA_3,"['CAMERA_1', 'CAMERA_3']","{'CAMERA_1': ['color', 'long_exposure', 'price', 'optical_zoom', 'sensor_size'], 'CAMERA_2': [], 'CAMERA_3': ['camera_type', 'settings', 'ISO', 'preset_modes', 'long_exposure', 'sensor_size']}",C_SILENT_OR_BACKCHANNEL,CAMERA_3,NONE,IC,PRESENT_X,CAMERA_3,S_INTRODUCES_FEATURE,CAMERA_3,sensor_size,This one has a full frame.,PRESENT_X,CAMERA_3,15~25
806,16,CAMERA_2,"['CAMERA_1', 'CAMERA_3', 'CAMERA_2']","{'CAMERA_1': ['color', 'long_exposure', 'price', 'optical_zoom', 'sensor_size'], 'CAMERA_2': [], 'CAMERA_3': ['camera_type', 'settings', 'ISO', 'preset_modes', 'long_exposure', 'sensor_size']}",C_ANYTHING_ELSE_AVAILABLE,CAMERA_3,NONE,do you have any other cameras with preset mode,PRESENT_X,CAMERA_3,S_INTRODUCES_CAMERA,CAMERA_2,,Let me show you this. Here we have the Fujifilm Lumix ILC Camera.,PRESENT_X,CAMERA_2,39~64
806,17,CAMERA_2,"['CAMERA_1', 'CAMERA_3', 'CAMERA_2']","{'CAMERA_1': ['color', 'long_exposure', 'price', 'optical_zoom', 'sensor_size'], 'CAMERA_2': ['effects'], 'CAMERA_3': ['camera_type', 'settings', 'ISO', 'preset_modes', 'long_exposure', 'sensor_size']}",C_QUESTION_ABOUT_FEATURE,CAMERA_2,effects,can you explain the artistic effects modes available with this one,PRESENT_X,CAMERA_2,S_ANSWERS_QUESTION_ABOUT_FEATURE,CAMERA_2,effects,"This one has 24 artistic effect modes (retro, lighter or darker skin tones, sepia, etc.).",PRESENT_X,CAMERA_2,13~88
806,18,CAMERA_2,"['CAMERA_1', 'CAMERA_3', 'CAMERA_2']","{'CAMERA_1': ['color', 'long_exposure', 'price', 'optical_zoom', 'sensor_size'], 'CAMERA_2': ['effects', 'settings'], 'CAMERA_3': ['camera_type', 'settings', 'ISO', 'preset_modes', 'long_exposure', 'sensor_size']}",C_QUESTION_ABOUT_FEATURE,CAMERA_2,settings,why would I control the settings manually,PRESENT_X,CAMERA_2,S_ANSWERS_QUESTION_ABOUT_FEATURE,CAMERA_2,settings,"This one has manual control and various automatic settings (video modeburst shooting, etc.).",PRESENT_X,CAMERA_2,13~91
806,19,CAMERA_2,"['CAMERA_1', 'CAMERA_3', 'CAMERA_2']","{'CAMERA_1': ['color', 'long_exposure', 'price', 'optical_zoom', 'sensor_size'], 'CAMERA_2': ['effects', 'settings', 'resolution'], 'CAMERA_3': ['camera_type', 'settings', 'ISO', 'preset_modes', 'long_exposure', 'sensor_size']}",C_SILENT_OR_BACKCHANNEL,CAMERA_2,NONE,okay,PRESENT_X,CAMERA_2,S_INTRODUCES_FEATURE,CAMERA_2,resolution,This one has 23.8 megapixels resolution.,PRESENT_X,CAMERA_2,13~28
806,20,CAMERA_2,"['CAMERA_1', 'CAMERA_3', 'CAMERA_2']","{'CAMERA_1': ['color', 'long_exposure', 'price', 'optical_zoom', 'sensor_size'], 'CAMERA_2': ['effects', 'settings', 'resolution', 'weight'], 'CAMERA_3': ['camera_type', 'settings', 'ISO', 'preset_modes', 'long_exposure', 'sensor_size']}",C_QUESTION_ABOUT_FEATURE,CAMERA_2,weight,it's heavy how much is it,PRESENT_X,CAMERA_2,S_ANSWERS_QUESTION_ABOUT_FEATURE,CAMERA_2,weight,This one weighs 820 grams.,PRESENT_X,CAMERA_2,16~25
806,21,CAMERA_2,"['CAMERA_1', 'CAMERA_3', 'CAMERA_2']","{'CAMERA_1': ['color', 'long_exposure', 'price', 'optical_zoom', 'sensor_size'], 'CAMERA_2': ['effects', 'settings', 'resolution', 'weight', 'long_exposure'], 'CAMERA_3': ['camera_type', 'settings', 'ISO', 'preset_modes', 'long_exposure', 'sensor_size']}",C_QUESTION_ABOUT_FEATURE,CAMERA_2,long_exposure,good good good and long exposure,PRESENT_X,CAMERA_2,S_ANSWERS_QUESTION_ABOUT_FEATURE,CAMERA_2,long_exposure,This one can take long exposures up to 60 minutes max with bulb mode.,PRESENT_X,CAMERA_2,39~68
806,22,CAMERA_2,"['CAMERA_1', 'CAMERA_3', 'CAMERA_2']","{'CAMERA_1': ['color', 'long_exposure', 'price', 'optical_zoom', 'sensor_size'], 'CAMERA_2': ['effects', 'settings', 'resolution', 'weight', 'long_exposure', 'price'], 'CAMERA_3': ['camera_type', 'settings', 'ISO', 'preset_modes', 'long_exposure', 'sensor_size']}",C_SILENT_OR_BACKCHANNEL,CAMERA_2,NONE,that's great,PRESENT_X,CAMERA_2,S_INTRODUCES_FEATURE,CAMERA_2,price,This one costs $768.,PRESENT_X,CAMERA_2,15~19
806,23,CAMERA_2,"['CAMERA_1', 'CAMERA_3', 'CAMERA_2']","{'CAMERA_1': ['color', 'long_exposure', 'price', 'optical_zoom', 'sensor_size'], 'CAMERA_2': ['effects', 'settings', 'resolution', 'weight', 'long_exposure', 'price', 'color'], 'CAMERA_3': ['camera_type', 'settings', 'ISO', 'preset_modes', 'long_exposure', 'sensor_size']}",C_SILENT_OR_BACKCHANNEL,CAMERA_2,NONE,that sounds good,PRESENT_X,CAMERA_2,S_INTRODUCES_FEATURE,CAMERA_2,color,This one comes in white or pink.,PRESENT_X,CAMERA_2,18~31
806,24,CAMERA_2,"['CAMERA_1', 'CAMERA_3', 'CAMERA_2']","{'CAMERA_1': ['color', 'long_exposure', 'price', 'optical_zoom', 'sensor_size'], 'CAMERA_2': ['effects', 'settings', 'resolution', 'weight', 'long_exposure', 'price', 'color', 'optical_zoom'], 'CAMERA_3': ['camera_type', 'settings', 'ISO', 'preset_modes', 'long_exposure', 'sensor_size']}",C_SILENT_OR_BACKCHANNEL,CAMERA_2,NONE,nice,PRESENT_X,CAMERA_2,S_INTRODUCES_FEATURE,CAMERA_2,optical_zoom,This one has 21x optical zoom.,PRESENT_X,CAMERA_2,13~29
806,25,CAMERA_2,"['CAMERA_1', 'CAMERA_3', 'CAMERA_2']","{'CAMERA_1': ['color', 'long_exposure', 'price', 'optical_zoom', 'sensor_size'], 'CAMERA_2': ['effects', 'settings', 'resolution', 'weight', 'long_exposure', 'price', 'color', 'optical_zoom', 'camera_type'], 'CAMERA_3': ['camera_type', 'settings', 'ISO', 'preset_modes', 'long_exposure', 'sensor_size']}",C_SILENT_OR_BACKCHANNEL,CAMERA_2,NONE,that looks good,PRESENT_X,CAMERA_2,S_INTRODUCES_FEATURE,CAMERA_2,camera_type,This is a digital single lens mirrorless camera.,PRESENT_X,CAMERA_2,10~40
806,26,CAMERA_2,"['CAMERA_1', 'CAMERA_3', 'CAMERA_2']","{'CAMERA_1': ['color', 'long_exposure', 'price', 'optical_zoom', 'sensor_size'], 'CAMERA_2': ['effects', 'settings', 'resolution', 'weight', 'long_exposure', 'price', 'color', 'optical_zoom', 'camera_type', 'sensor_size'], 'CAMERA_3': ['camera_type', 'settings', 'ISO', 'preset_modes', 'long_exposure', 'sensor_size']}",C_SILENT_OR_BACKCHANNEL,CAMERA_2,NONE,the picture is very nice,PRESENT_X,CAMERA_2,S_INTRODUCES_FEATURE,CAMERA_2,sensor_size,This one has a 1/2.33 inch sensor.,PRESENT_X,CAMERA_2,15~33
806,27,,"['CAMERA_1', 'CAMERA_3', 'CAMERA_2']","{'CAMERA_1': ['color', 'long_exposure', 'price', 'optical_zoom', 'sensor_size'], 'CAMERA_2': ['effects', 'settings', 'resolution', 'weight', 'long_exposure', 'price', 'color', 'optical_zoom', 'camera_type', 'sensor_size'], 'CAMERA_3': ['camera_type', 'settings', 'ISO', 'preset_modes', 'long_exposure', 'sensor_size']}",C_ANYTHING_ELSE_AVAILABLE,CAMERA_2,NONE,So this is the only model you have in your shop,PRESENT_X,CAMERA_2,S_THATS_ALL_WE_HAVE_AVAILABLE,CAMERA_2,,That's all we have available at the moment.,PRESENT_X,CAMERA_2,
806,28,NONE,"['CAMERA_1', 'CAMERA_3', 'CAMERA_2']","{'CAMERA_1': ['color', 'long_exposure', 'price', 'optical_zoom', 'sensor_size'], 'CAMERA_2': ['effects', 'settings', 'resolution', 'weight', 'long_exposure', 'price', 'color', 'optical_zoom', 'camera_type', 'sensor_size'], 'CAMERA_3': ['camera_type', 'settings', 'ISO', 'preset_modes', 'long_exposure', 'sensor_size']}",C_THANK_YOU,CAMERA_2,NONE,I see thank you for your help,PRESENT_X,CAMERA_2,S_THANK_YOU,CAMERA_2,NONE,thank you very much.,FACE_TO_FACE,NONE,
806,29,NONE,"['CAMERA_1', 'CAMERA_3', 'CAMERA_2']","{'CAMERA_1': ['color', 'long_exposure', 'price', 'optical_zoom', 'sensor_size'], 'CAMERA_2': ['effects', 'settings', 'resolution', 'weight', 'long_exposure', 'price', 'color', 'optical_zoom', 'camera_type', 'sensor_size'], 'CAMERA_3': ['camera_type', 'settings', 'ISO', 'preset_modes', 'long_exposure', 'sensor_size']}",C_LEAVES,DOOR,NONE,,FACE_TO_FACE,NONE,S_RETURNS_TO_COUNTER,SERVICE_COUNTER,NONE,,WAITING,NONE,
807,1,NONE,[],"{'CAMERA_1': [], 'CAMERA_2': [], 'CAMERA_3': []}",C_ENTERS,DOOR,NONE,,WAITING,NONE,S_NONE,SERVICE_COUNTER,NONE,,WAITING,NONE,
807,2,NONE,[],"{'CAMERA_1': [], 'CAMERA_2': [], 'CAMERA_3': []}",C_GREETS,MIDDLE,NONE,excuse me,WAITING,NONE,S_GREETS,MIDDLE,NONE,can I help you?,FACE_TO_FACE,NONE,
807,3,CAMERA_3,['CAMERA_3'],"{'CAMERA_1': [], 'CAMERA_2': [], 'CAMERA_3': []}",C_LOOKING_FOR_A_CAMERA,MIDDLE,NONE,I'm looking for a lightweight camera,FACE_TO_FACE,NONE,S_INTRODUCES_CAMERA,CAMERA_3,,Let me show you this. Here we have the Fujifilm PowerShot ELPH S2800.,PRESENT_X,CAMERA_3,39~68
807,4,CAMERA_3,['CAMERA_3'],"{'CAMERA_1': [], 'CAMERA_2': [], 'CAMERA_3': ['weight']}",C_QUESTION_ABOUT_FEATURE,CAMERA_3,weight,what is the weight on on this,PRESENT_X,CAMERA_3,S_ANSWERS_QUESTION_ABOUT_FEATURE,CAMERA_3,weight,This one weighs 820 grams.,PRESENT_X,CAMERA_3,16~25
807,5,CAMERA_3,['CAMERA_3'],"{'CAMERA_1': [], 'CAMERA_2': [], 'CAMERA_3': ['weight', 'resolution']}",C_QUESTION_ABOUT_FEATURE,CAMERA_3,resolution,how many megapixels is it,PRESENT_X,CAMERA_3,S_ANSWERS_QUESTION_ABOUT_FEATURE,CAMERA_3,resolution,This one has 23.2 megapixels resolution.,PRESENT_X,CAMERA_3,13~28
807,6,CAMERA_2,"['CAMERA_3', 'CAMERA_2']","{'CAMERA_1': [], 'CAMERA_2': [], 'CAMERA_3': ['weight', 'resolution']}",C_ANYTHING_ELSE_AVAILABLE,CAMERA_3,NONE,do you have any other cameras that are in this kind,PRESENT_X,CAMERA_3,S_INTRODUCES_CAMERA,CAMERA_2,,Let me show you this. Here we have the Fujifilm Lumix ILC Camera.,PRESENT_X,CAMERA_2,39~64
807,7,CAMERA_2,"['CAMERA_3', 'CAMERA_2']","{'CAMERA_1': [], 'CAMERA_2': ['color'], 'CAMERA_3': ['weight', 'resolution']}",C_SILENT_OR_BACKCHANNEL,CAMERA_2,NONE,let me see,PRESENT_X,CAMERA_2,S_INTRODUCES_FEATURE,CAMERA_2,color,This one comes in white or pink.,PRESENT_X,CAMERA_2,18~31
807,8,CAMERA_1,"['CAMERA_3', 'CAMERA_2', 'CAMERA_1']","{'CAMERA_1': [], 'CAMERA_2': ['color'], 'CAMERA_3': ['weight', 'resolution']}",C_ANYTHING_ELSE_AVAILABLE,CAMERA_2,NONE,So this is the only model you have in your shop,PRESENT_X,CAMERA_2,S_INTRODUCES_CAMERA,CAMERA_1,,Let me show you this. Here we have the Sony PowerShot ELPH DMC-ZS3.,PRESENT_X,CAMERA_1,39~66
807,9,CAMERA_1,"['CAMERA_3', 'CAMERA_2', 'CAMERA_1']","{'CAMERA_1': ['preset_modes'], 'CAMERA_2': ['color'], 'CAMERA_3': ['weight', 'resolution']}",C_QUESTION_ABOUT_FEATURE,CAMERA_1,preset_modes,does it have dog mode,PRESENT_X,CAMERA_1,S_NOT_SURE,CAMERA_1,,I'm not really sure about that.,PRESENT_X,CAMERA_1,
807,10,CAMERA_1,"['CAMERA_3', 'CAMERA_2', 'CAMERA_1']","{'CAMERA_1': ['preset_modes', 'effects'], 'CAMERA_2': ['color'], 'CAMERA_3': ['weight', 'resolution']}",C_QUESTION_ABOUT_FEATURE,CAMERA_1,effects,Anakin explain this artistic effect my place,PRESENT_X,CAMERA_1,S_ANSWERS_QUESTION_ABOUT_FEATURE,CAMERA_1,effects,"This one has 24 glamor retouch effects (miniature, retro, toy camera, etc.).",PRESENT_X,CAMERA_1,13~75
807,11,CAMERA_1,"['CAMERA_3', 'CAMERA_2', 'CAMERA_1']","{'CAMERA_1': ['preset_modes', 'effects', 'sensor_size'], 'CAMERA_2': ['color'], 'CAMERA_3': ['weight', 'resolution']}",C_QUESTION_ABOUT_FEATURE,CAMERA_1,sensor_size,what's is a like on this camera,PRESENT_X,CAMERA_1,S_ANSWERS_QUESTION_ABOUT_FEATURE,CAMERA_1,sensor_size,This one has a 1/2.3 inch CMOS sensor.,PRESENT_X,CAMERA_1,15~37
807,12,NONE,"['CAMERA_3', 'CAMERA_2', 'CAMERA_1']","{'CAMERA_1': ['preset_modes', 'effects', 'sensor_size'], 'CAMERA_2': ['color'], 'CAMERA_3': ['weight', 'resolution']}",C_THANK_YOU,CAMERA_1,NONE,okay thank you very much,PRESENT_X,CAMERA_1,S_THANK_YOU,CAMERA_1,NONE,thank you very much.,FACE_TO_FACE,NONE,
807,13,NONE,"['CAMERA_3', 'CAMERA_2', 'CAMERA_1']","{'CAMERA_1': ['preset_modes', 'effects', 'sensor_size'], 'CAMERA_2': ['color'], 'CAMERA_3': ['weight', 'resolution']}",C_LEAVES,DOOR,NONE,,FACE_TO_FACE,NONE,S_RETURNS_TO_COUNTER,SERVICE_COUNTER,NONE,,WAITING,NONE,
808,1,NONE,[],"{'CAMERA_1': [], 'CAMERA_2': [], 'CAMERA_3': []}",C_ENTERS,DOOR,NONE,,WAITING,NONE,S_NONE,SERVICE_COUNTER,NONE,,WAITING,NONE,
808,2,NONE,[],"{'CAMERA_1': [], 'CAMERA_2': [], 'CAMERA_3': []}",C_GREETS,MIDDLE,NONE,excuse me do you know how good the present modes is,WAITING,NONE,S_GREETS,MIDDLE,NONE,can I help you?,FACE_TO_FACE,NONE,
808,3,CAMERA_2,['CAMERA_2'],"{'CAMERA_1': [], 'CAMERA_2': [], 'CAMERA_3': []}",C_LOOKING_FOR_A_CAMERA,MIDDLE,NONE,I want a All Around camera I try to use my smartphone but the pictures don't come out so good,FACE_TO_FACE,NONE,S_INTRODUCES_CAMERA,CAMERA_2,,Let me show you this. Here we have the Fujifilm Lumix ILC Camera.,PRESENT_X,CAMERA_2,39~64
808,4,CAMERA_2,['CAMERA_2'],"{'CAMERA_1': [], 'CAMERA_2': ['effects'], 'CAMERA_3': []}",C_QUESTION_ABOUT_FEATURE,CAMERA_2,effects,can you explain the artistic effects modes available with this one,PRESENT_X,CAMERA_2,S_ANSWERS_QUESTION_ABOUT_FEATURE,CAMERA_2,effects,"This one has 24 artistic effect modes (retro, lighter or darker skin tones, sepia, etc.).",PRESENT_X,CAMERA_2,13~88
808,5,CAMERA_2,['CAMERA_2'],"{'CAMERA_1': [], 'CAMERA_2': ['effects', 'optical_zoom'], 'CAMERA_3': []}",C_QUESTION_ABOUT_FEATURE,CAMERA_2,optical_zoom,good good good and it has the optical zoom,PRESENT_X,CAMERA_2,S_ANSWERS_QUESTION_ABOUT_FEATURE,CAMERA_2,optical_zoom,This one has 21x optical zoom.,PRESENT_X,CAMERA_2,13~29
808,6,CAMERA_3,"['CAMERA_2', 'CAMERA_3']","{'CAMERA_1': [], 'CAMERA_2': ['effects', 'optical_zoom'], 'CAMERA_3': []}",C_ANYTHING_ELSE_AVAILABLE,CAMERA_2,NONE,ok do you have any other cameras,PRESENT_X,CAMERA_2,S_INTRODUCES_CAMERA,CAMERA_3,,Let me show you this. Here we have the Fujifilm PowerShot ELPH S2800.,PRESENT_X,CAMERA_3,39~68
808,7,CAMERA_3,"['CAMERA_2', 'CAMERA_3']","{'CAMERA_1': [], 'CAMERA_2': ['effects', 'optical_zoom'], 'CAMERA_3': ['ISO']}",C_SILENT_OR_BACKCHANNEL,CAMERA_3,NONE,I see,PRESENT_X,CAMERA_3,S_INTRODUCES_FEATURE,CAMERA_3,ISO,This one has up to 3200 ISO with little noise.,PRESENT_X,CAMERA_3,13~45
808,8,NONE,"['CAMERA_2', 'CAMERA_3']","{'CAMERA_1': [], 'CAMERA_2': ['effects', 'optical_zoom'], 'CAMERA_3': ['ISO']}",C_THANK_YOU,CAMERA_3,NONE,okay thank you very much,PRESENT_X,CAMERA_3,S_THANK_YOU,CAMERA_3,NONE,thank you very much.,FACE_TO_FACE,NONE,
808,9,NONE,"['CAMERA_2', 'CAMERA_3']","{'CAMERA_1': [], 'CAMERA_2': ['effects', 'optical_zoom'], 'CAMERA_3': ['ISO']}",C_LEAVES,DOOR,NONE,,FACE_TO_FACE,NONE,S_RETURNS_TO_COUNTER,SERVICE_COUNTER,NONE,,WAITING,NONE,
809,1,NONE,[],"{'CAMERA_1': [], 'CAMERA_2': [], 'CAMERA_3': []}",C_ENTERS,DOOR,NONE,,WAITING,NONE,S_NONE,SERVICE_COUNTER,NONE,,WAITING,NONE,
809,2,NONE,[],"{'CAMERA_1': [], 'CAMERA_2': [], 'CAMERA_3': []}",C_WALKS_TO_CAMERA,CAMERA_1,NONE,,WAITING,NONE,S_NONE,SERVICE_COUNTER,NONE,,WAITING,NONE,
809,3,NONE,[],"{'CAMERA_1': [], 'CAMERA_2': [], 'CAMERA_3': []}",C_EXAMINES_CAMERA,CAMERA_1,NONE,,WAITING,NONE,S_GREETS,CAMERA_1,NONE,can I help you?,FACE_TO_FACE,NONE,
809,4,CAMERA_3,['CAMERA_3'],"{'CAMERA_1': [], 'CAMERA_2': [], 'CAMERA_3': []}",C_LOOKING_FOR_A_CAMERA,CAMERA_1,NONE,I am looking to buy a body camera end SLR my gracious break so I was wondering if you had anything like that,FACE_TO_FACE,NONE,S_INTRODUCES_CAMERA,CAMERA_3,,Let me show you this. Here we have the Fujifilm PowerShot ELPH S2800.,PRESENT_X,CAMERA_3,39~68
809,5,CAMERA_3,['CAMERA_3'],"{'CAMERA_1': [], 'CAMERA_2': [], 'CAMERA_3': ['preset_modes']}",C_SILENT_OR_BACKCHANNEL,CAMERA_3,NONE,okay,PRESENT_X,CAMERA_3,S_INTRODUCES_FEATURE,CAMERA_3,preset_modes,This one has various preset modes.,PRESENT_X,CAMERA_3,13~33
809,6,CAMERA_1,"['CAMERA_3', 'CAMERA_1']","{'CAMERA_1': [], 'CAMERA_2': [], 'CAMERA_3': ['preset_modes']}",C_ANYTHING_ELSE_AVAILABLE,CAMERA_3,NONE,Do you have any other cameras under $300,PRESENT_X,CAMERA_3,S_INTRODUCES_CAMERA,CAMERA_1,,Let me show you this. Here we have the Sony PowerShot ELPH DMC-ZS3.,PRESENT_X,CAMERA_1,39~66
809,7,CAMERA_1,"['CAMERA_3', 'CAMERA_1']","{'CAMERA_1': ['settings'], 'CAMERA_2': [], 'CAMERA_3': ['preset_modes']}",C_QUESTION_ABOUT_FEATURE,CAMERA_1,settings,Honeywell settings,PRESENT_X,CAMERA_1,S_ANSWERS_QUESTION_ABOUT_FEATURE,CAMERA_1,settings,This one has limited manual settings.,PRESENT_X,CAMERA_1,13~36
809,8,CAMERA_1,"['CAMERA_3', 'CAMERA_1']","{'CAMERA_1': ['settings', 'preset_modes'], 'CAMERA_2': [], 'CAMERA_3': ['preset_modes']}",C_QUESTION_ABOUT_FEATURE,CAMERA_1,preset_modes,Does camera support for preset Morsi,PRESENT_X,CAMERA_1,S_NOT_SURE,CAMERA_1,,I'm not really sure about that.,PRESENT_X,CAMERA_1,
809,9,CAMERA_1,"['CAMERA_3', 'CAMERA_1']","{'CAMERA_1': ['settings', 'preset_modes', 'camera_type'], 'CAMERA_2': [], 'CAMERA_3': ['preset_modes']}",C_SILENT_OR_BACKCHANNEL,CAMERA_1,NONE,I see,PRESENT_X,CAMERA_1,S_INTRODUCES_FEATURE,CAMERA_1,camera_type,This is a DSLR camera.,PRESENT_X,CAMERA_1,10~14
809,10,NONE,"['CAMERA_3', 'CAMERA_1']","{'CAMERA_1': ['settings', 'preset_modes', 'camera_type'], 'CAMERA_2': [], 'CAMERA_3': ['preset_modes']}",C_THANK_YOU,CAMERA_1,NONE,okay well let me think about that okay thank you very much,PRESENT_X,CAMERA_1,S_THANK_YOU,CAMERA_1,NONE,thank you very much.,FACE_TO_FACE,NONE,
809,11,NONE,"['CAMERA_3', 'CAMERA_1']","{'CAMERA_1': ['settings', 'preset_modes', 'camera_type'], 'CAMERA_2': [], 'CAMERA_3': ['preset_modes']}",C_LEAVES,DOOR,NONE,,FACE_TO_FACE,NONE,S_RETURNS_TO_COUNTER,SERVICE_COUNTER,NONE,,WAITING,NONE,
810,1,NONE,[],"{'CAMERA_1': [], 'CAMERA_2': [], 'CAMERA_3': []}",C_ENTERS,DOOR,NONE,,WAITING,NONE,S_NONE,SERVICE_COUNTER,NONE,,WAITING,NONE,
810,2,NONE,[],"{'CAMERA_1': [], 'CAMERA_2': [], 'CAMERA_3': []}",C_GREETS,MIDDLE,NONE,um excuse me,WAITING,NONE,S_GREETS,MIDDLE,NONE,can I help you?,FACE_TO_FACE,NONE,
810,3,CAMERA_1,['CAMERA_1'],"{'CAMERA_1': [], 'CAMERA_2': [], 'CAMERA_3': []}",C_LOOKING_FOR_A_CAMERA,MIDDLE,NONE,hi good afternoon I'm looking for a camera with very specific about the pictures,FACE_TO_FACE,NONE,S_INTRODUCES_CAMERA,CAMERA_1,,Let me show you this. Here we have the Sony PowerShot ELPH DMC-ZS3.,PRESENT_X,CAMERA_1,39~66
810,4,CAMERA_1,['CAMERA_1'],"{'CAMERA_1': ['settings'], 'CAMERA_2': [], 'CAMERA_3': []}",C_QUESTION_ABOUT_FEATURE,CAMERA_1,settings,nice and what about the mental settings,PRESENT_X,CAMERA_1,S_ANSWERS_QUESTION_ABOUT_FEATURE,CAMERA_1,settings,This one has limited manual settings.,PRESENT_X,CAMERA_1,13~36
810,5,CAMERA_1,['CAMERA_1'],"{'CAMERA_1': ['settings', 'long_exposure'], 'CAMERA_2': [], 'CAMERA_3': []}",C_QUESTION_ABOUT_FEATURE,CAMERA_1,long_exposure,and how about the exposure,PRESENT_X,CAMERA_1,S_ANSWERS_QUESTION_ABOUT_FEATURE,CAMERA_1,long_exposure,This one can take long exposures up to up to 15 seconds with Long Shutter Mode.,PRESENT_X,CAMERA_1,39~78
810,6,NONE,['CAMERA_1'],"{'CAMERA_1': ['settings', 'long_exposure'], 'CAMERA_2': [], 'CAMERA_3': []}",C_THANK_YOU,CAMERA_1,NONE,oh okay thank you very much have a good day,PRESENT_X,CAMERA_1,S_THANK_YOU,CAMERA_1,NONE,thank you very much.,FACE_TO_FACE,NONE,
810,7,NONE,['CAMERA_1'],"{'CAMERA_1': ['settings', 'long_exposure'], 'CAMERA_2': [], 'CAMERA_3': []}",C_LEAVES,DOOR,NONE,,FACE_TO_FACE,NONE,S_RETURNS_TO_COUNTER,SERVICE_COUNTER,NONE,,WAITING,NONE,
811,1,NONE,[],"{'CAMERA_1': [], 'CAMERA_2': [], 'CAMERA_3': []}",C_ENTERS,DOOR,NONE,,WAITING,NONE,S_NONE,SERVICE_COUNTER,NONE,,WAITING,NONE,
811,2,NONE,[],"{'CAMERA_1': [], 'CAMERA_2': [], 'CAMERA_3': []}",C_WALKS_TO_CAMERA,CAMERA_2,NONE,,WAITING,NONE,S_GREETS,CAMERA_2,NONE,can I help you?,FACE_TO_FACE,NONE,
811,3,CAMERA_1,['CAMERA_1'],"{'CAMERA_1': [], 'CAMERA_2': [], 'CAMERA_3': []}",C_LOOKING_FOR_A_CAMERA,CAMERA_2,NONE,I'm looking for camera so I can take good shots on when I go travelling I miss you very interested in photography so do you recommend this camera,FACE_TO_FACE,NONE,S_INTRODUCES_CAMERA,CAMERA_1,,Let me show you this. Here we have the Sony PowerShot ELPH DMC-ZS3.,PRESENT_X,CAMERA_1,39~66
811,4,CAMERA_1,['CAMERA_1'],"{'CAMERA_1': ['weight'], 'CAMERA_2': [], 'CAMERA_3': []}",C_QUESTION_ABOUT_FEATURE,CAMERA_1,weight,how heavy does it weigh,PRESENT_X,CAMERA_1,S_ANSWERS_QUESTION_ABOUT_FEATURE,CAMERA_1,weight,This one weighs 800 grams.,PRESENT_X,CAMERA_1,16~25
811,5,CAMERA_1,['CAMERA_1'],"{'CAMERA_1': ['weight', 'sensor_size'], 'CAMERA_2': [], 'CAMERA_3': []}",C_QUESTION_ABOUT_FEATURE,CAMERA_1,sensor_size,and what's the sensor size on this phone,PRESENT_X,CAMERA_1,S_ANSWERS_QUESTION_ABOUT_FEATURE,CAMERA_1,sensor_size,This one has a 1/2.3 inch CMOS sensor.,PRESENT_X,CAMERA_1,15~37
811,6,CAMERA_1,['CAMERA_1'],"{'CAMERA_1': ['weight', 'sensor_size', 'settings'], 'CAMERA_2': [], 'CAMERA_3': []}",C_SILENT_OR_BACKCHANNEL,CAMERA_1,NONE,alright,PRESENT_X,CAMERA_1,S_INTRODUCES_FEATURE,CAMERA_1,settings,This one has limited manual settings.,PRESENT_X,CAMERA_1,13~36
811,7,CAMERA_1,['CAMERA_1'],"{'CAMERA_1': ['weight', 'sensor_size', 'settings', 'ISO'], 'CAMERA_2': [], 'CAMERA_3': []}",C_QUESTION_ABOUT_FEATURE,CAMERA_1,ISO,a and ISO,PRESENT_X,CAMERA_1,S_ANSWERS_QUESTION_ABOUT_FEATURE,CAMERA_1,ISO,This one has up to 51200 ISO.,PRESENT_X,CAMERA_1,13~28
811,8,CAMERA_1,['CAMERA_1'],"{'CAMERA_1': ['weight', 'sensor_size', 'settings', 'ISO', 'price'], 'CAMERA_2': [], 'CAMERA_3': []}",C_QUESTION_ABOUT_FEATURE,CAMERA_1,price,how much does all this cost,PRESENT_X,CAMERA_1,S_ANSWERS_QUESTION_ABOUT_FEATURE,CAMERA_1,price,This one costs $450.,PRESENT_X,CAMERA_1,15~19
811,9,CAMERA_1,['CAMERA_1'],"{'CAMERA_1': ['weight', 'sensor_size', 'settings', 'ISO', 'price', 'long_exposure'], 'CAMERA_2': [], 'CAMERA_3': []}",C_QUESTION_ABOUT_FEATURE,CAMERA_1,long_exposure,for the exposure of this one is it the same as the other one,PRESENT_X,CAMERA_1,S_ANSWERS_QUESTION_ABOUT_FEATURE,CAMERA_1,long_exposure,This one can take long exposures up to up to 15 seconds with Long Shutter Mode.,PRESENT_X,CAMERA_1,39~78
811,10,CAMERA_2,"['CAMERA_1', 'CAMERA_2']","{'CAMERA_1': ['weight', 'sensor_size', 'settings', 'ISO', 'price', 'long_exposure'], 'CAMERA_2': [], 'CAMERA_3': []}",C_ANYTHING_ELSE_AVAILABLE,CAMERA_1,NONE,ok do you have any other cameras,PRESENT_X,CAMERA_1,S_INTRODUCES_CAMERA,CAMERA_2,,Let me show you this. Here we have the Fujifilm Lumix ILC Camera.,PRESENT_X,CAMERA_2,39~64
811,11,CAMERA_2,"['CAMERA_1', 'CAMERA_2']","{'CAMERA_1': ['weight', 'sensor_size', 'settings', 'ISO', 'price', 'long_exposure'], 'CAMERA_2': ['price'], 'CAMERA_3': []}",C_QUESTION_ABOUT_FEATURE,CAMERA_2,price,how much is this,PRESENT_X,CAMERA_2,S_ANSWERS_QUESTION_ABOUT_FEATURE,CAMERA_2,price,This one costs $768.,PRESENT_X,CAMERA_2,15~19
811,12,CAMERA_2,"['CAMERA_1', 'CAMERA_2']","{'CAMERA_1': ['weight', 'sensor_size', 'settings', 'ISO', 'price', 'long_exposure'], 'CAMERA_2': ['price', 'color'], 'CAMERA_3': []}",C_SILENT_OR_BACKCHANNEL,CAMERA_2,NONE,okay that's not too bad for good camera mean he'll us 5d II,PRESENT_X,CAMERA_2,S_INTRODUCES_FEATURE,CAMERA_2,color,This one comes in white or pink.,PRESENT_X,CAMERA_2,18~31
811,13,CAMERA_2,"['CAMERA_1', 'CAMERA_2']","{'CAMERA_1': ['weight', 'sensor_size', 'settings', 'ISO', 'price', 'long_exposure'], 'CAMERA_2': ['price', 'color', 'effects'], 'CAMERA_3': []}",C_SILENT_OR_BACKCHANNEL,CAMERA_2,NONE,IC,PRESENT_X,CAMERA_2,S_INTRODUCES_FEATURE,CAMERA_2,effects,"This one has 24 artistic effect modes (retro, lighter or darker skin tones, sepia, etc.).",PRESENT_X,CAMERA_2,13~88
811,14,CAMERA_3,"['CAMERA_1', 'CAMERA_2', 'CAMERA_3']","{'CAMERA_1': ['weight', 'sensor_size', 'settings', 'ISO', 'price', 'long_exposure'], 'CAMERA_2': ['price', 'color', 'effects'], 'CAMERA_3': []}",C_ANYTHING_ELSE_AVAILABLE,CAMERA_2,NONE,do you have any other cameras with preset mode,PRESENT_X,CAMERA_2,S_INTRODUCES_CAMERA,CAMERA_3,,Let me show you this. Here we have the Fujifilm PowerShot ELPH S2800.,PRESENT_X,CAMERA_3,39~68
811,15,CAMERA_3,"['CAMERA_1', 'CAMERA_2', 'CAMERA_3']","{'CAMERA_1': ['weight', 'sensor_size', 'settings', 'ISO', 'price', 'long_exposure'], 'CAMERA_2': ['price', 'color', 'effects'], 'CAMERA_3': ['ISO']}",C_SILENT_OR_BACKCHANNEL,CAMERA_3,NONE,okay,PRESENT_X,CAMERA_3,S_INTRODUCES_FEATURE,CAMERA_3,ISO,This one has up to 3200 ISO with little noise.,PRESENT_X,CAMERA_3,13~45
811,16,CAMERA_3,"['CAMERA_1', 'CAMERA_2', 'CAMERA_3']","{'CAMERA_1': ['weight', 'sensor_size', 'settings', 'ISO', 'price', 'long_exposure'], 'CAMERA_2': ['price', 'color', 'effects'], 'CAMERA_3': ['ISO', 'weight']}",C_SILENT_OR_BACKCHANNEL,CAMERA_3,NONE,I think this is not too bad,PRESENT_X,CAMERA_3,S_INTRODUCES_FEATURE,CAMERA_3,weight,This one weighs 820 grams.,PRESENT_X,CAMERA_3,16~25
811,17,NONE,"['CAMERA_1', 'CAMERA_2', 'CAMERA_3']","{'CAMERA_1': ['weight', 'sensor_size', 'settings', 'ISO', 'price', 'long_exposure'], 'CAMERA_2': ['price', 'color', 'effects'], 'CAMERA_3': ['ISO', 'weight']}",C_THANK_YOU,CAMERA_3,NONE,I see thank you very much for the information,PRESENT_X,CAMERA_3,S_THANK_YOU,CAMERA_3,NONE,thank you very much.,FACE_TO_FACE,NONE,
811,18,NONE,"['CAMERA_1', 'CAMERA_2', 'CAMERA_3']","{'CAMERA_1': ['weight', 'sensor_size', 'settings', 'ISO', 'price', 'long_exposure'], 'CAMERA_2': ['price', 'color', 'effects'], 'CAMERA_3': ['ISO', 'weight']}",C_LEAVES,DOOR,NONE,,FACE_TO_FACE,NONE,S_RETURNS_TO_COUNTER,SERVICE_COUNTER,NONE,,WAITING,NONE,
812,1,NONE,[],"{'CAMERA_1': [], 'CAMERA_2': [], 'CAMERA_3': []}",C_ENTERS,DOOR,NONE,,WAITING,NONE,S_NONE,SERVICE_COUNTER,NONE,,WAITING,NONE,
812,2,NONE,[],"{'CAMERA_1': [], 'CAMERA_2': [], 'CAMERA_3': []}",C_GREETS,MIDDLE,NONE,I'm sorry I am which mode,WAITING,NONE,S_GREETS,MIDDLE,NONE,can I help you?,FACE_TO_FACE,NONE,
812,3,CAMERA_3,['CAMERA_3'],"{'CAMERA_1': [], 'CAMERA_2': [], 'CAMERA_3': []}",C_LOOKING_FOR_A_CAMERA,MIDDLE,NONE,I'm looking for a DSLR type camera,FACE_TO_FACE,NONE,S_INTRODUCES_CAMERA,CAMERA_3,,Let me show you this. Here we have the Fujifilm PowerShot ELPH S2800.,PRESENT_X,CAMERA_3,39~68
812,4,CAMERA_3,['CAMERA_3'],"{'CAMERA_1': [], 'CAMERA_2': [], 'CAMERA_3': ['color']}",C_QUESTION_ABOUT_FEATURE,CAMERA_3,color,how about the colors and what color does it come in,PRESENT_X,CAMERA_3,S_ANSWERS_QUESTION_ABOUT_FEATURE,CAMERA_3,color,"This one comes in purple, white, silver, blue, red, or pink.",PRESENT_X,CAMERA_3,18~59
812,5,CAMERA_3,['CAMERA_3'],"{'CAMERA_1': [], 'CAMERA_2': [], 'CAMERA_3': ['color', 'resolution']}",C_QUESTION_ABOUT_FEATURE,CAMERA_3,resolution,Yahara actually like to do that and then what how many megapixels does it have,PRESENT_X,CAMERA_3,S_ANSWERS_QUESTION_ABOUT_FEATURE,CAMERA_3,resolution,This one has 23.2 megapixels resolution.,PRESENT_X,CAMERA_3,13~28
812,6,CAMERA_1,"['CAMERA_3', 'CAMERA_1']","{'CAMERA_1': [], 'CAMERA_2': [], 'CAMERA_3': ['color', 'resolution']}",C_ANYTHING_ELSE_AVAILABLE,CAMERA_3,NONE,ok do you have any other cameras,PRESENT_X,CAMERA_3,S_INTRODUCES_CAMERA,CAMERA_1,,Let me show you this. Here we have the Sony PowerShot ELPH DMC-ZS3.,PRESENT_X,CAMERA_1,39~66
812,7,CAMERA_1,"['CAMERA_3', 'CAMERA_1']","{'CAMERA_1': ['camera_type'], 'CAMERA_2': [], 'CAMERA_3': ['color', 'resolution']}",C_SILENT_OR_BACKCHANNEL,CAMERA_1,NONE,that's nice how much is it,PRESENT_X,CAMERA_1,S_INTRODUCES_FEATURE,CAMERA_1,camera_type,This is a DSLR camera.,PRESENT_X,CAMERA_1,10~14
812,8,CAMERA_1,"['CAMERA_3', 'CAMERA_1']","{'CAMERA_1': ['camera_type', 'autofocus_points'], 'CAMERA_2': [], 'CAMERA_3': ['color', 'resolution']}",C_QUESTION_ABOUT_FEATURE,CAMERA_1,autofocus_points,does it have autofocus,PRESENT_X,CAMERA_1,S_ANSWERS_QUESTION_ABOUT_FEATURE,CAMERA_1,autofocus_points,This one has 135 autofocus points.,PRESENT_X,CAMERA_1,13~33
812,9,CAMERA_1,"['CAMERA_3', 'CAMERA_1']","{'CAMERA_1': ['camera_type', 'autofocus_points', 'sensor_size'], 'CAMERA_2': [], 'CAMERA_3': ['color', 'resolution']}",C_SILENT_OR_BACKCHANNEL,CAMERA_1,NONE,okay that's great to know so two thousand dollars how much do the lenses go for,PRESENT_X,CAMERA_1,S_INTRODUCES_FEATURE,CAMERA_1,sensor_size,This one has a 1/2.3 inch CMOS sensor.,PRESENT_X,CAMERA_1,15~37
812,10,NONE,"['CAMERA_3', 'CAMERA_1']","{'CAMERA_1': ['camera_type', 'autofocus_points', 'sensor_size'], 'CAMERA_2': [], 'CAMERA_3': ['color', 'resolution']}",C_THANK_YOU,CAMERA_1,NONE,thank you I think that's it for today I'll maybe stop by tomorrow thank you for your help,PRESENT_X,CAMERA_1,S_THANK_YOU,CAMERA_1,NONE,thank you very much.,FACE_TO_FACE,NONE,
812,11,NONE,"['CAMERA_3', 'CAMERA_1']","{'CAMERA_1': ['camera_type', 'autofocus_points', 'sensor_size'], 'CAMERA_2': [], 'CAMERA_3': ['color', 'resolution']}",C_LEAVES,DOOR,NONE,,FACE_TO_FACE,NONE,S_RETURNS_TO_COUNTER,SERVICE_COUNTER,NONE,,WAITING,NONE,
813,1,NONE,[],"{'CAMERA_1': [], 'CAMERA_2': [], 'CAMERA_3': []}",C_ENTERS,DOOR,NONE,,WAITING,NONE,S_NONE,SERVICE_COUNTER,NONE,,WAITING,NONE,
813,2,NONE,[],"{'CAMERA_1': [], 'CAMERA_2': [], 'CAMERA_3': []}",C_GREETS,MIDDLE,NONE,hello,WAITING,NONE,S_GREETS,MIDDLE,NONE,can I help you?,FACE_TO_FACE,NONE,
813,3,CAMERA_1,['CAMERA_1'],"{'CAMERA_1': [], 'CAMERA_2': [], 'CAMERA_3': []}",C_LOOKING_FOR_A_CAMERA,MIDDLE,NONE,I want to look at the new cameras that you have,FACE_TO_FACE,NONE,S_INTRODUCES_CAMERA,CAMERA_1,,Let me show you this. Here we have the Sony PowerShot ELPH DMC-ZS3.,PRESENT_X,CAMERA_1,39~66
813,4,CAMERA_1,['CAMERA_1'],"{'CAMERA_1': ['settings'], 'CAMERA_2': [], 'CAMERA_3': []}",C_QUESTION_ABOUT_FEATURE,CAMERA_1,settings,is it full manual,PRESENT_X,CAMERA_1,S_ANSWERS_QUESTION_ABOUT_FEATURE,CAMERA_1,settings,This one has limited manual settings.,PRESENT_X,CAMERA_1,13~36
813,5,CAMERA_1,['CAMERA_1'],"{'CAMERA_1': ['settings', 'optical_zoom'], 'CAMERA_2': [], 'CAMERA_3': []}",C_QUESTION_ABOUT_FEATURE,CAMERA_1,optical_zoom,how good is it for the optical zoom ,PRESENT_X,CAMERA_1,S_ANSWERS_QUESTION_ABOUT_FEATURE,CAMERA_1,optical_zoom,This one has 21x optical zoom.,PRESENT_X,CAMERA_1,13~29
813,6,CAMERA_1,['CAMERA_1'],"{'CAMERA_1': ['settings', 'optical_zoom', 'sensor_size'], 'CAMERA_2': [], 'CAMERA_3': []}",C_SILENT_OR_BACKCHANNEL,CAMERA_1,NONE,okay,PRESENT_X,CAMERA_1,S_INTRODUCES_FEATURE,CAMERA_1,sensor_size,This one has a 1/2.3 inch CMOS sensor.,PRESENT_X,CAMERA_1,15~37
813,7,NONE,['CAMERA_1'],"{'CAMERA_1': ['settings', 'optical_zoom', 'sensor_size'], 'CAMERA_2': [], 'CAMERA_3': []}",C_THANK_YOU,CAMERA_1,NONE,thank you,PRESENT_X,CAMERA_1,S_THANK_YOU,CAMERA_1,NONE,thank you very much.,FACE_TO_FACE,NONE,
813,8,NONE,['CAMERA_1'],"{'CAMERA_1': ['settings', 'optical_zoom', 'sensor_size'], 'CAMERA_2': [], 'CAMERA_3': []}",C_LEAVES,DOOR,NONE,,FACE_TO_FACE,NONE,S_RETURNS_TO_COUNTER,SERVICE_COUNTER,NONE,,WAITING,NONE,
814,1,NONE,[],"{'CAMERA_1': [], 'CAMERA_2': [], 'CAMERA_3': []}",C_ENTERS,DOOR,NONE,,WAITING,NONE,S_NONE,SERVICE_COUNTER,NONE,,WAITING,NONE,
814,2,NONE,[],"{'CAMERA_1': [], 'CAMERA_2': [], 'CAMERA_3': []}",C_GREETS,MIDDLE,NONE,excuse me,WAITING,NONE,S_GREETS,MIDDLE,NONE,can I help you?,FACE_TO_FACE,NONE,
814,3,CAMERA_3,['CAMERA_3'],"{'CAMERA_1': [], 'CAMERA_2': [], 'CAMERA_3': []}",C_LOOKING_FOR_A_CAMERA,MIDDLE,NONE,the room I'm looking for a new camera that has a professional photographer,FACE_TO_FACE,NONE,S_INTRODUCES_CAMERA,CAMERA_3,,Let me show you this. Here we have the Fujifilm PowerShot ELPH S2800.,PRESENT_X,CAMERA_3,39~68
814,4,CAMERA_3,['CAMERA_3'],"{'CAMERA_1': [], 'CAMERA_2': [], 'CAMERA_3': ['autofocus_points']}",C_QUESTION_ABOUT_FEATURE,CAMERA_3,autofocus_points,what about the auto focus points,PRESENT_X,CAMERA_3,S_ANSWERS_QUESTION_ABOUT_FEATURE,CAMERA_3,autofocus_points,This one has 214 autofocus points.,PRESENT_X,CAMERA_3,13~33
814,5,CAMERA_3,['CAMERA_3'],"{'CAMERA_1': [], 'CAMERA_2': [], 'CAMERA_3': ['autofocus_points', 'sensor_size']}",C_QUESTION_ABOUT_FEATURE,CAMERA_3,sensor_size,Does it have a big sensor,PRESENT_X,CAMERA_3,S_ANSWERS_QUESTION_ABOUT_FEATURE,CAMERA_3,sensor_size,This one has a full frame.,PRESENT_X,CAMERA_3,15~25
814,6,CAMERA_3,['CAMERA_3'],"{'CAMERA_1': [], 'CAMERA_2': [], 'CAMERA_3': ['autofocus_points', 'sensor_size', 'price']}",C_QUESTION_ABOUT_FEATURE,CAMERA_3,price,what about the price,PRESENT_X,CAMERA_3,S_ANSWERS_QUESTION_ABOUT_FEATURE,CAMERA_3,price,This one costs $518.,PRESENT_X,CAMERA_3,15~19
814,7,CAMERA_3,['CAMERA_3'],"{'CAMERA_1': [], 'CAMERA_2': [], 'CAMERA_3': ['autofocus_points', 'sensor_size', 'price', 'weight']}",C_SILENT_OR_BACKCHANNEL,CAMERA_3,NONE,IC,PRESENT_X,CAMERA_3,S_INTRODUCES_FEATURE,CAMERA_3,weight,This one weighs 820 grams.,PRESENT_X,CAMERA_3,16~25
814,8,CAMERA_3,['CAMERA_3'],"{'CAMERA_1': [], 'CAMERA_2': [], 'CAMERA_3': ['autofocus_points', 'sensor_size', 'price', 'weight', 'resolution']}",C_SILENT_OR_BACKCHANNEL,CAMERA_3,NONE,alright,PRESENT_X,CAMERA_3,S_INTRODUCES_FEATURE,CAMERA_3,resolution,This one has 23.2 megapixels resolution.,PRESENT_X,CAMERA_3,13~28
814,9,NONE,['CAMERA_3'],"{'CAMERA_1': [], 'CAMERA_2': [], 'CAMERA_3': ['autofocus_points', 'sensor_size', 'price', 'weight', 'resolution']}",C_THANK_YOU,CAMERA_3,NONE,ok thanks,PRESENT_X,CAMERA_3,S_THANK_YOU,CAMERA_3,NONE,thank you very much.,FACE_TO_FACE,NONE,
814,10,NONE,['CAMERA_3'],"{'CAMERA_1': [], 'CAMERA_2': [], 'CAMERA_3': ['autofocus_points', 'sensor_size', 'price', 'weight', 'resolution']}",C_LEAVES,DOOR,NONE,,FACE_TO_FACE,NONE,S_RETURNS_TO_COUNTER,SERVICE_COUNTER,NONE,,WAITING,NONE,
815,1,NONE,[],"{'CAMERA_1': [], 'CAMERA_2': [], 'CAMERA_3': []}",C_ENTERS,DOOR,NONE,,WAITING,NONE,S_NONE,SERVICE_COUNTER,NONE,,WAITING,NONE,
815,2,NONE,[],"{'CAMERA_1': [], 'CAMERA_2': [], 'CAMERA_3': []}",C_WALKS_TO_CAMERA,CAMERA_2,NONE,,WAITING,NONE,S_GREETS,CAMERA_2,NONE,can I help you?,FACE_TO_FACE,NONE,
815,3,CAMERA_3,['CAMERA_3'],"{'CAMERA_1': [], 'CAMERA_2': [], 'CAMERA_3': []}",C_LOOKING_FOR_A_CAMERA,CAMERA_2,NONE,I'm just looking around at the moment thanks,FACE_TO_FACE,NONE,S_INTRODUCES_CAMERA,CAMERA_3,,Let me show you this. Here we have the Fujifilm PowerShot ELPH S2800.,PRESENT_X,CAMERA_3,39~68
815,4,CAMERA_3,['CAMERA_3'],"{'CAMERA_1': [], 'CAMERA_2': [], 'CAMERA_3': ['color']}",C_QUESTION_ABOUT_FEATURE,CAMERA_3,color,what colors does it come in,PRESENT_X,CAMERA_3,S_ANSWERS_QUESTION_ABOUT_FEATURE,CAMERA_3,color,"This one comes in purple, white, silver, blue, red, or pink.",PRESENT_X,CAMERA_3,18~59
815,5,CAMERA_3,['CAMERA_3'],"{'CAMERA_1': [], 'CAMERA_2': [], 'CAMERA_3': ['color', 'camera_type']}",C_QUESTION_ABOUT_FEATURE,CAMERA_3,camera_type,is this a DSLR camera,PRESENT_X,CAMERA_3,S_ANSWERS_QUESTION_ABOUT_FEATURE,CAMERA_3,camera_type,This is a point and shoot camera.,PRESENT_X,CAMERA_3,10~25
815,6,NONE,['CAMERA_3'],"{'CAMERA_1': [], 'CAMERA_2': [], 'CAMERA_3': ['color', 'camera_type']}",C_THANK_YOU,CAMERA_3,NONE,ok thank you,PRESENT_X,CAMERA_3,S_THANK_YOU,CAMERA_3,NONE,thank you very much.,FACE_TO_FACE,NONE,
815,7,NONE,['CAMERA_3'],"{'CAMERA_1': [], 'CAMERA_2': [], 'CAMERA_3': ['color', 'camera_type']}",C_LEAVES,DOOR,NONE,,FACE_TO_FACE,NONE,S_RETURNS_TO_COUNTER,SERVICE_COUNTER,NONE,,WAITING,NONE,
816,1,NONE,[],"{'CAMERA_1': [], 'CAMERA_2': [], 'CAMERA_3': []}",C_ENTERS,DOOR,NONE,,WAITING,NONE,S_NONE,SERVICE_COUNTER,NONE,,WAITING,NONE,
816,2,NONE,[],"{'CAMERA_1': [], 'CAMERA_2': [], 'CAMERA_3': []}",C_GREETS,MIDDLE,NONE,kiss me,WAITING,NONE,S_GREETS,MIDDLE,NONE,can I help you?,FACE_TO_FACE,NONE,
816,3,CAMERA_1,['CAMERA_1'],"{'CAMERA_1': [], 'CAMERA_2': [], 'CAMERA_3': []}",C_LOOKING_FOR_A_CAMERA,MIDDLE,NONE,I guess I'm just looking for a new camera,FACE_TO_FACE,NONE,S_INTRODUCES_CAMERA,CAMERA_1,,Let me show you this. Here we have the Sony PowerShot ELPH DMC-ZS3.,PRESENT_X,CAMERA_1,39~66
816,4,CAMERA_1,['CAMERA_1'],"{'CAMERA_1': ['settings'], 'CAMERA_2': [], 'CAMERA_3': []}",C_QUESTION_ABOUT_FEATURE,CAMERA_1,settings,what manual settings to the house,PRESENT_X,CAMERA_1,S_ANSWERS_QUESTION_ABOUT_FEATURE,CAMERA_1,settings,This one has limited manual settings.,PRESENT_X,CAMERA_1,13~36
816,5,CAMERA_1,['CAMERA_1'],"{'CAMERA_1': ['settings', 'color'], 'CAMERA_2': [], 'CAMERA_3': []}",C_QUESTION_ABOUT_FEATURE,CAMERA_1,color,is there any other colors of this camera,PRESENT_X,CAMERA_1,S_ANSWERS_QUESTION_ABOUT_FEATURE,CAMERA_1,color,This one comes in blue or black.,PRESENT_X,CAMERA_1,18~31
816,6,CAMERA_1,['CAMERA_1'],"{'CAMERA_1': ['settings', 'color', 'resolution'], 'CAMERA_2': [], 'CAMERA_3': []}",C_SILENT_OR_BACKCHANNEL,CAMERA_1,NONE,yeah pretty good pocket size,PRESENT_X,CAMERA_1,S_INTRODUCES_FEATURE,CAMERA_1,resolution,This one has 17.8 megapixels resolution.,PRESENT_X,CAMERA_1,13~28
816,7,CAMERA_1,['CAMERA_1'],"{'CAMERA_1': ['settings', 'color', 'resolution', 'price'], 'CAMERA_2': [], 'CAMERA_3': []}",C_SILENT_OR_BACKCHANNEL,CAMERA_1,NONE,oh yeah ok,PRESENT_X,CAMERA_1,S_INTRODUCES_FEATURE,CAMERA_1,price,This one costs $450.,PRESENT_X,CAMERA_1,15~19
816,8,CAMERA_1,['CAMERA_1'],"{'CAMERA_1': ['settings', 'color', 'resolution', 'price', 'long_exposure'], 'CAMERA_2': [], 'CAMERA_3': []}",C_SILENT_OR_BACKCHANNEL,CAMERA_1,NONE,I see so this is very nice accusing,PRESENT_X,CAMERA_1,S_INTRODUCES_FEATURE,CAMERA_1,long_exposure,This one can take long exposures up to up to 15 seconds with Long Shutter Mode.,PRESENT_X,CAMERA_1,39~78
816,9,CAMERA_2,"['CAMERA_1', 'CAMERA_2']","{'CAMERA_1': ['settings', 'color', 'resolution', 'price', 'long_exposure'], 'CAMERA_2': [], 'CAMERA_3': []}",C_ANYTHING_ELSE_AVAILABLE,CAMERA_1,NONE,oh I see that's very interesting do you have any other cameras that you can recommend me,PRESENT_X,CAMERA_1,S_INTRODUCES_CAMERA,CAMERA_2,,Let me show you this. Here we have the Fujifilm Lumix ILC Camera.,PRESENT_X,CAMERA_2,39~64
816,10,CAMERA_2,"['CAMERA_1', 'CAMERA_2']","{'CAMERA_1': ['settings', 'color', 'resolution', 'price', 'long_exposure'], 'CAMERA_2': ['preset_modes'], 'CAMERA_3': []}",C_QUESTION_ABOUT_FEATURE,CAMERA_2,preset_modes,does it have any preset modes,PRESENT_X,CAMERA_2,S_NOT_SURE,CAMERA_2,,I'm not really sure about that.,PRESENT_X,CAMERA_2,
816,11,CAMERA_2,"['CAMERA_1', 'CAMERA_2']","{'CAMERA_1': ['settings', 'color', 'resolution', 'price', 'long_exposure'], 'CAMERA_2': ['preset_modes', 'weight'], 'CAMERA_3': []}",C_QUESTION_ABOUT_FEATURE,CAMERA_2,weight,it's heavy how much is it,PRESENT_X,CAMERA_2,S_ANSWERS_QUESTION_ABOUT_FEATURE,CAMERA_2,weight,This one weighs 820 grams.,PRESENT_X,CAMERA_2,16~25
816,12,CAMERA_2,"['CAMERA_1', 'CAMERA_2']","{'CAMERA_1': ['settings', 'color', 'resolution', 'price', 'long_exposure'], 'CAMERA_2': ['preset_modes', 'weight', 'effects'], 'CAMERA_3': []}",C_QUESTION_ABOUT_FEATURE,CAMERA_2,effects,$550 that's not too bad for a camera it says here artistic effect mode what is that,PRESENT_X,CAMERA_2,S_ANSWERS_QUESTION_ABOUT_FEATURE,CAMERA_2,effects,"This one has 24 artistic effect modes (retro, lighter or darker skin tones, sepia, etc.).",PRESENT_X,CAMERA_2,13~88
816,13,CAMERA_2,"['CAMERA_1', 'CAMERA_2']","{'CAMERA_1': ['settings', 'color', 'resolution', 'price', 'long_exposure'], 'CAMERA_2': ['preset_modes', 'weight', 'effects', 'autofocus_points'], 'CAMERA_3': []}",C_QUESTION_ABOUT_FEATURE,CAMERA_2,autofocus_points,what about this cameras number of auto focus points,PRESENT_X,CAMERA_2,S_NOT_SURE,CAMERA_2,,I'm not really sure about that.,PRESENT_X,CAMERA_2,
816,14,CAMERA_2,"['CAMERA_1', 'CAMERA_2']","{'CAMERA_1': ['settings', 'color', 'resolution', 'price', 'long_exposure'], 'CAMERA_2': ['preset_modes', 'weight', 'effects', 'autofocus_points', 'ISO'], 'CAMERA_3': []}",C_QUESTION_ABOUT_FEATURE,CAMERA_2,ISO,I see okay and the ISO,PRESENT_X,CAMERA_2,S_NOT_SURE,CAMERA_2,,I'm not really sure about that.,PRESENT_X,CAMERA_2,
816,15,CAMERA_2,"['CAMERA_1', 'CAMERA_2']","{'CAMERA_1': ['settings', 'color', 'resolution', 'price', 'long_exposure'], 'CAMERA_2': ['preset_modes', 'weight', 'effects', 'autofocus_points', 'ISO', 'resolution'], 'CAMERA_3': []}",C_QUESTION_ABOUT_FEATURE,CAMERA_2,resolution,how many megapixels is this camera,PRESENT_X,CAMERA_2,S_ANSWERS_QUESTION_ABOUT_FEATURE,CAMERA_2,resolution,This one has 23.8 megapixels resolution.,PRESENT_X,CAMERA_2,13~28
816,16,CAMERA_2,"['CAMERA_1', 'CAMERA_2']","{'CAMERA_1': ['settings', 'color', 'resolution', 'price', 'long_exposure'], 'CAMERA_2': ['preset_modes', 'weight', 'effects', 'autofocus_points', 'ISO', 'resolution', 'long_exposure'], 'CAMERA_3': []}",C_QUESTION_ABOUT_FEATURE,CAMERA_2,long_exposure,Is this support for long exposure,PRESENT_X,CAMERA_2,S_ANSWERS_QUESTION_ABOUT_FEATURE,CAMERA_2,long_exposure,This one can take long exposures up to 60 minutes max with bulb mode.,PRESENT_X,CAMERA_2,39~68
816,17,CAMERA_2,"['CAMERA_1', 'CAMERA_2']","{'CAMERA_1': ['settings', 'color', 'resolution', 'price', 'long_exposure'], 'CAMERA_2': ['preset_modes', 'weight', 'effects', 'autofocus_points', 'ISO', 'resolution', 'long_exposure', 'color'], 'CAMERA_3': []}",C_SILENT_OR_BACKCHANNEL,CAMERA_2,NONE,great and finally what is the price,PRESENT_X,CAMERA_2,S_INTRODUCES_FEATURE,CAMERA_2,color,This one comes in white or pink.,PRESENT_X,CAMERA_2,18~31
816,18,NONE,"['CAMERA_1', 'CAMERA_2']","{'CAMERA_1': ['settings', 'color', 'resolution', 'price', 'long_exposure'], 'CAMERA_2': ['preset_modes', 'weight', 'effects', 'autofocus_points', 'ISO', 'resolution', 'long_exposure', 'color'], 'CAMERA_3': []}",C_THANK_YOU,CAMERA_2,NONE,ok cool thank you,PRESENT_X,CAMERA_2,S_THANK_YOU,CAMERA_2,NONE,thank you very much.,FACE_TO_FACE,NONE,
816,19,NONE,"['CAMERA_1', 'CAMERA_2']","{'CAMERA_1': ['settings', 'color', 'resolution', 'price', 'long_exposure'], 'CAMERA_2': ['preset_modes', 'weight', 'effects', 'autofocus_points', 'ISO', 'resolution', 'long_exposure', 'color'], 'CAMERA_3': []}",C_LEAVES,DOOR,NONE,,FACE_TO_FACE,NONE,S_RETURNS_TO_COUNTER,SERVICE_COUNTER,NONE,,WAITING,NONE,
817,1,NONE,[],"{'CAMERA_1': [], 'CAMERA_2': [], 'CAMERA_3': []}",C_ENTERS,DOOR,NONE,,WAITING,NONE,S_NONE,SERVICE_COUNTER,NONE,,WAITING,NONE,
817,2,NONE,[],"{'CAMERA_1': [], 'CAMERA_2': [], 'CAMERA_3': []}",C_WALKS_TO_CAMERA,CAMERA_3,NONE,,WAITING,NONE,S_NONE,SERVICE_COUNTER,NONE,,WAITING,NONE,
817,3,NONE,[],"{'CAMERA_1': [], 'CAMERA_2': [], 'CAMERA_3': []}",C_EXAMINES_CAMERA,CAMERA_3,NONE,,WAITING,NONE,S_NONE,SERVICE_COUNTER,NONE,,WAITING,NONE,
817,4,CAMERA_3,['CAMERA_3'],"{'CAMERA_1': [], 'CAMERA_2': [], 'CAMERA_3': ['long_exposure']}",C_QUESTION_ABOUT_FEATURE,CAMERA_3,long_exposure,Is this support for long exposure,WAITING,NONE,S_ANSWERS_QUESTION_ABOUT_FEATURE,CAMERA_3,long_exposure,This one can take long exposures up to 30 minutes max with bulb mode.,PRESENT_X,CAMERA_3,39~68
817,5,CAMERA_1,"['CAMERA_3', 'CAMERA_1']","{'CAMERA_1': [], 'CAMERA_2': [], 'CAMERA_3': ['long_exposure']}",C_ANYTHING_ELSE_AVAILABLE,CAMERA_3,NONE,ok do you have any other cameras,PRESENT_X,CAMERA_3,S_INTRODUCES_CAMERA,CAMERA_1,,Let me show you this. Here we have the Sony PowerShot ELPH DMC-ZS3.,PRESENT_X,CAMERA_1,39~66
817,6,CAMERA_1,"['CAMERA_3', 'CAMERA_1']","{'CAMERA_1': ['weight'], 'CAMERA_2': [], 'CAMERA_3': ['long_exposure']}",C_QUESTION_ABOUT_FEATURE,CAMERA_1,weight,I see you and what is the weight of this,PRESENT_X,CAMERA_1,S_ANSWERS_QUESTION_ABOUT_FEATURE,CAMERA_1,weight,This one weighs 800 grams.,PRESENT_X,CAMERA_1,16~25
817,7,CAMERA_1,"['CAMERA_3', 'CAMERA_1']","{'CAMERA_1': ['weight', 'camera_type'], 'CAMERA_2': [], 'CAMERA_3': ['long_exposure']}",C_QUESTION_ABOUT_FEATURE,CAMERA_1,camera_type,what kind of camera is this,PRESENT_X,CAMERA_1,S_ANSWERS_QUESTION_ABOUT_FEATURE,CAMERA_1,camera_type,This is a DSLR camera.,PRESENT_X,CAMERA_1,10~14
817,8,CAMERA_1,"['CAMERA_3', 'CAMERA_1']","{'CAMERA_1': ['weight', 'camera_type', 'ISO'], 'CAMERA_2': [], 'CAMERA_3': ['long_exposure']}",C_QUESTION_ABOUT_FEATURE,CAMERA_1,ISO,ISO performers,PRESENT_X,CAMERA_1,S_ANSWERS_QUESTION_ABOUT_FEATURE,CAMERA_1,ISO,This one has up to 51200 ISO.,PRESENT_X,CAMERA_1,13~28
817,9,CAMERA_1,"['CAMERA_3', 'CAMERA_1']","{'CAMERA_1': ['weight', 'camera_type', 'ISO', 'preset_modes'], 'CAMERA_2': [], 'CAMERA_3': ['long_exposure']}",C_QUESTION_ABOUT_FEATURE,CAMERA_1,preset_modes,does this camera support for preset mod,PRESENT_X,CAMERA_1,S_NOT_SURE,CAMERA_1,,I'm not really sure about that.,PRESENT_X,CAMERA_1,
817,10,CAMERA_1,"['CAMERA_3', 'CAMERA_1']","{'CAMERA_1': ['weight', 'camera_type', 'ISO', 'preset_modes', 'settings'], 'CAMERA_2': [], 'CAMERA_3': ['long_exposure']}",C_QUESTION_ABOUT_FEATURE,CAMERA_1,settings,is this full manual camera,PRESENT_X,CAMERA_1,S_ANSWERS_QUESTION_ABOUT_FEATURE,CAMERA_1,settings,This one has limited manual settings.,PRESENT_X,CAMERA_1,13~36
817,11,CAMERA_1,"['CAMERA_3', 'CAMERA_1']","{'CAMERA_1': ['weight', 'camera_type', 'ISO', 'preset_modes', 'settings', 'color'], 'CAMERA_2': [], 'CAMERA_3': ['long_exposure']}",C_QUESTION_ABOUT_FEATURE,CAMERA_1,color,does it come in any other colors,PRESENT_X,CAMERA_1,S_ANSWERS_QUESTION_ABOUT_FEATURE,CAMERA_1,color,This one comes in blue or black.,PRESENT_X,CAMERA_1,18~31
817,12,CAMERA_1,"['CAMERA_3', 'CAMERA_1']","{'CAMERA_1': ['weight', 'camera_type', 'ISO', 'preset_modes', 'settings', 'color', 'price'], 'CAMERA_2': [], 'CAMERA_3': ['long_exposure']}",C_QUESTION_ABOUT_FEATURE,CAMERA_1,price,how much is this camera,PRESENT_X,CAMERA_1,S_ANSWERS_QUESTION_ABOUT_FEATURE,CAMERA_1,price,This one costs $450.,PRESENT_X,CAMERA_1,15~19
817,13,CAMERA_1,"['CAMERA_3', 'CAMERA_1']","{'CAMERA_1': ['weight', 'camera_type', 'ISO', 'preset_modes', 'settings', 'color', 'price', 'sensor_size'], 'CAMERA_2': [], 'CAMERA_3': ['long_exposure']}",C_SILENT_OR_BACKCHANNEL,CAMERA_1,NONE,sounds great,PRESENT_X,CAMERA_1,S_INTRODUCES_FEATURE,CAMERA_1,sensor_size,This one has a 1/2.3 inch CMOS sensor.,PRESENT_X,CAMERA_1,15~37
817,14,NONE,"['CAMERA_3', 'CAMERA_1']","{'CAMERA_1': ['weight', 'camera_type', 'ISO', 'preset_modes', 'settings', 'color', 'price', 'sensor_size'], 'CAMERA_2': [], 'CAMERA_3': ['long_exposure']}",C_THANK_YOU,CAMERA_1,NONE,okay sounds perfect thank you very much,PRESENT_X,CAMERA_1,S_THANK_YOU,CAMERA_1,NONE,thank you very much.,FACE_TO_FACE,NONE,
817,15,NONE,"['CAMERA_3', 'CAMERA_1']","{'CAMERA_1': ['weight', 'camera_type', 'ISO', 'preset_modes', 'settings', 'color', 'price', 'sensor_size'], 'CAMERA_2': [], 'CAMERA_3': ['long_exposure']}",C_LEAVES,DOOR,NONE,,FACE_TO_FACE,NONE,S_RETURNS_TO_COUNTER,SERVICE_COUNTER,NONE,,WAITING,NONE,
818,1,NONE,[],"{'CAMERA_1': [], 'CAMERA_2': [], 'CAMERA_3': []}",C_ENTERS,DOOR,NONE,,WAITING,NONE,S_NONE,SERVICE_COUNTER,NONE,,WAITING,NONE,
818,2,NONE,[],"{'CAMERA_1': [], 'CAMERA_2': [], 'CAMERA_3': []}",C_GREETS,MIDDLE,NONE,excuse me,WAITING,NONE,S_GREETS,MIDDLE,NONE,can I help you?,FACE_TO_FACE,NONE,
818,3,CAMERA_3,['CAMERA_3'],"{'CAMERA_1': [], 'CAMERA_2': [], 'CAMERA_3': []}",C_LOOKING_FOR_A_CAMERA,MIDDLE,NONE,I'm looking for simple camera,FACE_TO_FACE,NONE,S_INTRODUCES_CAMERA,CAMERA_3,,Let me show you this. Here we have the Fujifilm PowerShot ELPH S2800.,PRESENT_X,CAMERA_3,39~68
818,4,CAMERA_3,['CAMERA_3'],"{'CAMERA_1': [], 'CAMERA_2': [], 'CAMERA_3': ['autofocus_points']}",C_QUESTION_ABOUT_FEATURE,CAMERA_3,autofocus_points,how many auto focus points does this one have,PRESENT_X,CAMERA_3,S_ANSWERS_QUESTION_ABOUT_FEATURE,CAMERA_3,autofocus_points,This one has 214 autofocus points.,PRESENT_X,CAMERA_3,13~33
818,5,CAMERA_3,['CAMERA_3'],"{'CAMERA_1': [], 'CAMERA_2': [], 'CAMERA_3': ['autofocus_points', 'resolution']}",C_QUESTION_ABOUT_FEATURE,CAMERA_3,resolution,Yahara actually like to do that and then what how many megapixels does it have,PRESENT_X,CAMERA_3,S_ANSWERS_QUESTION_ABOUT_FEATURE,CAMERA_3,resolution,This one has 23.2 megapixels resolution.,PRESENT_X,CAMERA_3,13~28
818,6,CAMERA_3,['CAMERA_3'],"{'CAMERA_1': [], 'CAMERA_2': [], 'CAMERA_3': ['autofocus_points', 'resolution', 'price']}",C_QUESTION_ABOUT_FEATURE,CAMERA_3,price,and what is the price on this,PRESENT_X,CAMERA_3,S_ANSWERS_QUESTION_ABOUT_FEATURE,CAMERA_3,price,This one costs $518.,PRESENT_X,CAMERA_3,15~19
818,7,CAMERA_3,['CAMERA_3'],"{'CAMERA_1': [], 'CAMERA_2': [], 'CAMERA_3': ['autofocus_points', 'resolution', 'price', 'settings']}",C_QUESTION_ABOUT_FEATURE,CAMERA_3,settings,I mainly shoot in manual mode is that capable,PRESENT_X,CAMERA_3,S_ANSWERS_QUESTION_ABOUT_FEATURE,CAMERA_3,settings,"This one has manual control and various automatic settings (video modeburst shooting, etc.).",PRESENT_X,CAMERA_3,13~91
818,8,CAMERA_3,['CAMERA_3'],"{'CAMERA_1': [], 'CAMERA_2': [], 'CAMERA_3': ['autofocus_points', 'resolution', 'price', 'settings', 'color']}",C_QUESTION_ABOUT_FEATURE,CAMERA_3,color,when does it come in any other color,PRESENT_X,CAMERA_3,S_ANSWERS_QUESTION_ABOUT_FEATURE,CAMERA_3,color,"This one comes in purple, white, silver, blue, red, or pink.",PRESENT_X,CAMERA_3,18~59
818,9,CAMERA_3,['CAMERA_3'],"{'CAMERA_1': [], 'CAMERA_2': [], 'CAMERA_3': ['autofocus_points', 'resolution', 'price', 'settings', 'color', 'camera_type']}",C_SILENT_OR_BACKCHANNEL,CAMERA_3,NONE,ok,PRESENT_X,CAMERA_3,S_INTRODUCES_FEATURE,CAMERA_3,camera_type,This is a point and shoot camera.,PRESENT_X,CAMERA_3,10~25
818,10,CAMERA_3,['CAMERA_3'],"{'CAMERA_1': [], 'CAMERA_2': [], 'CAMERA_3': ['autofocus_points', 'resolution', 'price', 'settings', 'color', 'camera_type', 'long_exposure']}",C_SILENT_OR_BACKCHANNEL,CAMERA_3,NONE,I see AA ok,PRESENT_X,CAMERA_3,S_INTRODUCES_FEATURE,CAMERA_3,long_exposure,This one can take long exposures up to 30 minutes max with bulb mode.,PRESENT_X,CAMERA_3,39~68
818,11,CAMERA_3,['CAMERA_3'],"{'CAMERA_1': [], 'CAMERA_2': [], 'CAMERA_3': ['autofocus_points', 'resolution', 'price', 'settings', 'color', 'camera_type', 'long_exposure', 'sensor_size']}",C_SILENT_OR_BACKCHANNEL,CAMERA_3,NONE,okay,PRESENT_X,CAMERA_3,S_INTRODUCES_FEATURE,CAMERA_3,sensor_size,This one has a full frame.,PRESENT_X,CAMERA_3,15~25
818,12,CAMERA_3,['CAMERA_3'],"{'CAMERA_1': [], 'CAMERA_2': [], 'CAMERA_3': ['autofocus_points', 'resolution', 'price', 'settings', 'color', 'camera_type', 'long_exposure', 'sensor_size', 'effects']}",C_SILENT_OR_BACKCHANNEL,CAMERA_3,NONE,great so no matter how bad the light that can be photoshopped or modified on my computer,PRESENT_X,CAMERA_3,S_INTRODUCES_FEATURE,CAMERA_3,effects,"This one has 21 photo effects (small face, retro, big eyes, etc.).",PRESENT_X,CAMERA_3,13~65
818,13,CAMERA_3,['CAMERA_3'],"{'CAMERA_1': [], 'CAMERA_2': [], 'CAMERA_3': ['autofocus_points', 'resolution', 'price', 'settings', 'color', 'camera_type', 'long_exposure', 'sensor_size', 'effects', 'ISO']}",C_SILENT_OR_BACKCHANNEL,CAMERA_3,NONE,IC,PRESENT_X,CAMERA_3,S_INTRODUCES_FEATURE,CAMERA_3,ISO,This one has up to 3200 ISO with little noise.,PRESENT_X,CAMERA_3,13~45
818,14,CAMERA_3,['CAMERA_3'],"{'CAMERA_1': [], 'CAMERA_2': [], 'CAMERA_3': ['autofocus_points', 'resolution', 'price', 'settings', 'color', 'camera_type', 'long_exposure', 'sensor_size', 'effects', 'ISO', 'preset_modes']}",C_QUESTION_ABOUT_FEATURE,CAMERA_3,preset_modes,and it has bulb mode right,PRESENT_X,CAMERA_3,S_ANSWERS_QUESTION_ABOUT_FEATURE,CAMERA_3,preset_modes,This one has various preset modes.,PRESENT_X,CAMERA_3,13~33
818,15,CAMERA_1,"['CAMERA_3', 'CAMERA_1']","{'CAMERA_1': [], 'CAMERA_2': [], 'CAMERA_3': ['autofocus_points', 'resolution', 'price', 'settings', 'color', 'camera_type', 'long_exposure', 'sensor_size', 'effects', 'ISO', 'preset_modes']}",C_ANYTHING_ELSE_AVAILABLE,CAMERA_3,NONE,do you have any other cameras that are in this kind,PRESENT_X,CAMERA_3,S_INTRODUCES_CAMERA,CAMERA_1,,Let me show you this. Here we have the Sony PowerShot ELPH DMC-ZS3.,PRESENT_X,CAMERA_1,39~66
818,16,CAMERA_1,"['CAMERA_3', 'CAMERA_1']","{'CAMERA_1': ['effects'], 'CAMERA_2': [], 'CAMERA_3': ['autofocus_points', 'resolution', 'price', 'settings', 'color', 'camera_type', 'long_exposure', 'sensor_size', 'effects', 'ISO', 'preset_modes']}",C_QUESTION_ABOUT_FEATURE,CAMERA_1,effects,can I use this artistic effect mode to smooth my skin,PRESENT_X,CAMERA_1,S_ANSWERS_QUESTION_ABOUT_FEATURE,CAMERA_1,effects,"This one has 24 glamor retouch effects (miniature, retro, toy camera, etc.).",PRESENT_X,CAMERA_1,13~75
818,17,CAMERA_1,"['CAMERA_3', 'CAMERA_1']","{'CAMERA_1': ['effects', 'camera_type'], 'CAMERA_2': [], 'CAMERA_3': ['autofocus_points', 'resolution', 'price', 'settings', 'color', 'camera_type', 'long_exposure', 'sensor_size', 'effects', 'ISO', 'preset_modes']}",C_SILENT_OR_BACKCHANNEL,CAMERA_1,NONE,IC,PRESENT_X,CAMERA_1,S_INTRODUCES_FEATURE,CAMERA_1,camera_type,This is a DSLR camera.,PRESENT_X,CAMERA_1,10~14
818,18,CAMERA_1,"['CAMERA_3', 'CAMERA_1']","{'CAMERA_1': ['effects', 'camera_type', 'optical_zoom'], 'CAMERA_2': [], 'CAMERA_3': ['autofocus_points', 'resolution', 'price', 'settings', 'color', 'camera_type', 'long_exposure', 'sensor_size', 'effects', 'ISO', 'preset_modes']}",C_QUESTION_ABOUT_FEATURE,CAMERA_1,optical_zoom,okay that's the drawback okay and he comes here with optical zoom,PRESENT_X,CAMERA_1,S_ANSWERS_QUESTION_ABOUT_FEATURE,CAMERA_1,optical_zoom,This one has 21x optical zoom.,PRESENT_X,CAMERA_1,13~29
818,19,NONE,"['CAMERA_3', 'CAMERA_1']","{'CAMERA_1': ['effects', 'camera_type', 'optical_zoom'], 'CAMERA_2': [], 'CAMERA_3': ['autofocus_points', 'resolution', 'price', 'settings', 'color', 'camera_type', 'long_exposure', 'sensor_size', 'effects', 'ISO', 'preset_modes']}",C_THANK_YOU,CAMERA_1,NONE,okay thank you,PRESENT_X,CAMERA_1,S_THANK_YOU,CAMERA_1,NONE,thank you very much.,FACE_TO_FACE,NONE,
818,20,NONE,"['CAMERA_3', 'CAMERA_1']","{'CAMERA_1': ['effects', 'camera_type', 'optical_zoom'], 'CAMERA_2': [], 'CAMERA_3': ['autofocus_points', 'resolution', 'price', 'settings', 'color', 'camera_type', 'long_exposure', 'sensor_size', 'effects', 'ISO', 'preset_modes']}",C_LEAVES,DOOR,NONE,,FACE_TO_FACE,NONE,S_RETURNS_TO_COUNTER,SERVICE_COUNTER,NONE,,WAITING,NONE,
819,1,NONE,[],"{'CAMERA_1': [], 'CAMERA_2': [], 'CAMERA_3': []}",C_ENTERS,DOOR,NONE,,WAITING,NONE,S_NONE,SERVICE_COUNTER,NONE,,WAITING,NONE,
819,2,NONE,[],"{'CAMERA_1': [], 'CAMERA_2': [], 'CAMERA_3': []}",C_WALKS_TO_CAMERA,CAMERA_1,NONE,,WAITING,NONE,S_GREETS,CAMERA_1,NONE,can I help you?,FACE_TO_FACE,NONE,
819,3,CAMERA_2,['CAMERA_2'],"{'CAMERA_1': [], 'CAMERA_2': [], 'CAMERA_3': []}",C_LOOKING_FOR_A_CAMERA,CAMERA_1,NONE,hi good afternoon I'm looking for a camera with very specific about the pictures,FACE_TO_FACE,NONE,S_INTRODUCES_CAMERA,CAMERA_2,,Let me show you this. Here we have the Fujifilm Lumix ILC Camera.,PRESENT_X,CAMERA_2,39~64
819,4,CAMERA_2,['CAMERA_2'],"{'CAMERA_1': [], 'CAMERA_2': ['settings'], 'CAMERA_3': []}",C_SILENT_OR_BACKCHANNEL,CAMERA_2,NONE,yeah that looks good,PRESENT_X,CAMERA_2,S_INTRODUCES_FEATURE,CAMERA_2,settings,"This one has manual control and various automatic settings (video modeburst shooting, etc.).",PRESENT_X,CAMERA_2,13~91
819,5,CAMERA_1,"['CAMERA_2', 'CAMERA_1']","{'CAMERA_1': [], 'CAMERA_2': ['settings'], 'CAMERA_3': []}",C_ANYTHING_ELSE_AVAILABLE,CAMERA_2,NONE,ok do you have any other cameras that can just look at,PRESENT_X,CAMERA_2,S_INTRODUCES_CAMERA,CAMERA_1,,Let me show you this. Here we have the Sony PowerShot ELPH DMC-ZS3.,PRESENT_X,CAMERA_1,39~66
819,6,CAMERA_1,"['CAMERA_2', 'CAMERA_1']","{'CAMERA_1': ['ISO'], 'CAMERA_2': ['settings'], 'CAMERA_3': []}",C_SILENT_OR_BACKCHANNEL,CAMERA_1,NONE,ok let me see,PRESENT_X,CAMERA_1,S_INTRODUCES_FEATURE,CAMERA_1,ISO,This one has up to 51200 ISO.,PRESENT_X,CAMERA_1,13~28
819,7,NONE,"['CAMERA_2', 'CAMERA_1']","{'CAMERA_1': ['ISO'], 'CAMERA_2': ['settings'], 'CAMERA_3': []}",C_THANK_YOU,CAMERA_1,NONE,I see that seems really hard alright thanks very much,PRESENT_X,CAMERA_1,S_THANK_YOU,CAMERA_1,NONE,thank you very much.,FACE_TO_FACE,NONE,
819,8,NONE,"['CAMERA_2', 'CAMERA_1']","{'CAMERA_1': ['ISO'], 'CAMERA_2': ['settings'], 'CAMERA_3': []}",C_LEAVES,DOOR,NONE,,FACE_TO_FACE,NONE,S_RETURNS_TO_COUNTER,SERVICE_COUNTER,NONE,,WAITING,NONE,
820,1,NONE,[],"{'CAMERA_1': [], 'CAMERA_2': [], 'CAMERA_3': []}",C_ENTERS,DOOR,NONE,,WAITING,NONE,S_NONE,SERVICE_COUNTER,NONE,,WAITING,NONE,
820,2,NONE,[],"{'CAMERA_1': [], 'CAMERA_2': [], 'CAMERA_3': []}",C_WALKS_TO_CAMERA,CAMERA_1,NONE,,WAITING,NONE,S_NONE,SERVICE_COUNTER,NONE,,WAITING,NONE,
820,3,NONE,[],"{'CAMERA_1': [], 'CAMERA_2': [], 'CAMERA_3': []}",C_EXAMINES_CAMERA,CAMERA_1,NONE,,WAITING,NONE,S_GREETS,CAMERA_1,NONE,can I help you?,FACE_TO_FACE,NONE,
820,4,CAMERA_1,['CAMERA_1'],"{'CAMERA_1': [], 'CAMERA_2': [], 'CAMERA_3': []}",C_LOOKING_FOR_A_CAMERA,CAMERA_1,NONE,I want to get a new camera,FACE_TO_FACE,NONE,S_INTRODUCES_CAMERA,CAMERA_1,,Let me show you this. Here we have the Sony PowerShot ELPH DMC-ZS3.,PRESENT_X,CAMERA_1,39~66
820,5,CAMERA_1,['CAMERA_1'],"{'CAMERA_1': ['weight'], 'CAMERA_2': [], 'CAMERA_3': []}",C_QUESTION_ABOUT_FEATURE,CAMERA_1,weight,okay I guess I should make it a lot like so how much does it weigh,PRESENT_X,CAMERA_1,S_ANSWERS_QUESTION_ABOUT_FEATURE,CAMERA_1,weight,This one weighs 800 grams.,PRESENT_X,CAMERA_1,16~25
820,6,NONE,['CAMERA_1'],"{'CAMERA_1': ['weight'], 'CAMERA_2': [], 'CAMERA_3': []}",C_THANK_YOU,CAMERA_1,NONE,thank you very much,PRESENT_X,CAMERA_1,S_THANK_YOU,CAMERA_1,NONE,thank you very much.,FACE_TO_FACE,NONE,
820,7,NONE,['CAMERA_1'],"{'CAMERA_1': ['weight'], 'CAMERA_2': [], 'CAMERA_3': []}",C_LEAVES,DOOR,NONE,,FACE_TO_FACE,NONE,S_RETURNS_TO_COUNTER,SERVICE_COUNTER,NONE,,WAITING,NONE,
821,1,NONE,[],"{'CAMERA_1': [], 'CAMERA_2': [], 'CAMERA_3': []}",C_ENTERS,DOOR,NONE,,WAITING,NONE,S_NONE,SERVICE_COUNTER,NONE,,WAITING,NONE,
821,2,NONE,[],"{'CAMERA_1': [], 'CAMERA_2': [], 'CAMERA_3': []}",C_WALKS_TO_CAMERA,CAMERA_1,NONE,,WAITING,NONE,S_GREETS,CAMERA_1,NONE,can I help you?,FACE_TO_FACE,NONE,
821,3,CAMERA_1,['CAMERA_1'],"{'CAMERA_1': [], 'CAMERA_2': [], 'CAMERA_3': []}",C_LOOKING_FOR_A_CAMERA,CAMERA_1,NONE,I'm looking for a camera,FACE_TO_FACE,NONE,S_INTRODUCES_CAMERA,CAMERA_1,,Let me show you this. Here we have the Sony PowerShot ELPH DMC-ZS3.,PRESENT_X,CAMERA_1,39~66
821,4,CAMERA_1,['CAMERA_1'],"{'CAMERA_1': ['long_exposure'], 'CAMERA_2': [], 'CAMERA_3': []}",C_QUESTION_ABOUT_FEATURE,CAMERA_1,long_exposure,and is this also good camera for long exposure,PRESENT_X,CAMERA_1,S_ANSWERS_QUESTION_ABOUT_FEATURE,CAMERA_1,long_exposure,This one can take long exposures up to up to 15 seconds with Long Shutter Mode.,PRESENT_X,CAMERA_1,39~78
821,5,CAMERA_1,['CAMERA_1'],"{'CAMERA_1': ['long_exposure', 'price'], 'CAMERA_2': [], 'CAMERA_3': []}",C_SILENT_OR_BACKCHANNEL,CAMERA_1,NONE,oh I see this looks nice looks like and I like the color but what about the price this ,PRESENT_X,CAMERA_1,S_INTRODUCES_FEATURE,CAMERA_1,price,This one costs $450.,PRESENT_X,CAMERA_1,15~19
821,6,CAMERA_1,['CAMERA_1'],"{'CAMERA_1': ['long_exposure', 'price', 'camera_type'], 'CAMERA_2': [], 'CAMERA_3': []}",C_SILENT_OR_BACKCHANNEL,CAMERA_1,NONE,okay that's good that looks professional and that will impress people,PRESENT_X,CAMERA_1,S_INTRODUCES_FEATURE,CAMERA_1,camera_type,This is a DSLR camera.,PRESENT_X,CAMERA_1,10~14
821,7,CAMERA_1,['CAMERA_1'],"{'CAMERA_1': ['long_exposure', 'price', 'camera_type', 'sensor_size'], 'CAMERA_2': [], 'CAMERA_3': []}",C_SILENT_OR_BACKCHANNEL,CAMERA_1,NONE,yeah i see,PRESENT_X,CAMERA_1,S_INTRODUCES_FEATURE,CAMERA_1,sensor_size,This one has a 1/2.3 inch CMOS sensor.,PRESENT_X,CAMERA_1,15~37
821,8,CAMERA_1,['CAMERA_1'],"{'CAMERA_1': ['long_exposure', 'price', 'camera_type', 'sensor_size', 'autofocus_points'], 'CAMERA_2': [], 'CAMERA_3': []}",C_SILENT_OR_BACKCHANNEL,CAMERA_1,NONE,great cash,PRESENT_X,CAMERA_1,S_INTRODUCES_FEATURE,CAMERA_1,autofocus_points,This one has 135 autofocus points.,PRESENT_X,CAMERA_1,13~33
821,9,NONE,['CAMERA_1'],"{'CAMERA_1': ['long_exposure', 'price', 'camera_type', 'sensor_size', 'autofocus_points'], 'CAMERA_2': [], 'CAMERA_3': []}",C_THANK_YOU,CAMERA_1,NONE,okay alright thank you have a look around,PRESENT_X,CAMERA_1,S_THANK_YOU,CAMERA_1,NONE,thank you very much.,FACE_TO_FACE,NONE,
821,10,NONE,['CAMERA_1'],"{'CAMERA_1': ['long_exposure', 'price', 'camera_type', 'sensor_size', 'autofocus_points'], 'CAMERA_2': [], 'CAMERA_3': []}",C_LEAVES,DOOR,NONE,,FACE_TO_FACE,NONE,S_RETURNS_TO_COUNTER,SERVICE_COUNTER,NONE,,WAITING,NONE,
822,1,NONE,[],"{'CAMERA_1': [], 'CAMERA_2': [], 'CAMERA_3': []}",C_ENTERS,DOOR,NONE,,WAITING,NONE,S_NONE,SERVICE_COUNTER,NONE,,WAITING,NONE,
822,2,NONE,[],"{'CAMERA_1': [], 'CAMERA_2': [], 'CAMERA_3': []}",C_WALKS_TO_CAMERA,CAMERA_2,NONE,,WAITING,NONE,S_GREETS,CAMERA_2,NONE,can I help you?,FACE_TO_FACE,NONE,
822,3,CAMERA_1,['CAMERA_1'],"{'CAMERA_1': [], 'CAMERA_2': [], 'CAMERA_3': []}",C_LOOKING_FOR_A_CAMERA,CAMERA_2,NONE,I'm looking for daily use camera,FACE_TO_FACE,NONE,S_INTRODUCES_CAMERA,CAMERA_1,,Let me show you this. Here we have the Sony PowerShot ELPH DMC-ZS3.,PRESENT_X,CAMERA_1,39~66
822,4,CAMERA_1,['CAMERA_1'],"{'CAMERA_1': ['resolution'], 'CAMERA_2': [], 'CAMERA_3': []}",C_QUESTION_ABOUT_FEATURE,CAMERA_1,resolution,I'm not really sure what megapixel means can you please explain to me ,PRESENT_X,CAMERA_1,S_ANSWERS_QUESTION_ABOUT_FEATURE,CAMERA_1,resolution,This one has 17.8 megapixels resolution.,PRESENT_X,CAMERA_1,13~28
822,5,CAMERA_1,['CAMERA_1'],"{'CAMERA_1': ['resolution', 'ISO'], 'CAMERA_2': [], 'CAMERA_3': []}",C_QUESTION_ABOUT_FEATURE,CAMERA_1,ISO,in the iso what is the ISO on this camera,PRESENT_X,CAMERA_1,S_ANSWERS_QUESTION_ABOUT_FEATURE,CAMERA_1,ISO,This one has up to 51200 ISO.,PRESENT_X,CAMERA_1,13~28
822,6,CAMERA_1,['CAMERA_1'],"{'CAMERA_1': ['resolution', 'ISO', 'color'], 'CAMERA_2': [], 'CAMERA_3': []}",C_QUESTION_ABOUT_FEATURE,CAMERA_1,color,Is there any other colors for this,PRESENT_X,CAMERA_1,S_ANSWERS_QUESTION_ABOUT_FEATURE,CAMERA_1,color,This one comes in blue or black.,PRESENT_X,CAMERA_1,18~31
822,7,CAMERA_1,['CAMERA_1'],"{'CAMERA_1': ['resolution', 'ISO', 'color', 'sensor_size'], 'CAMERA_2': [], 'CAMERA_3': []}",C_QUESTION_ABOUT_FEATURE,CAMERA_1,sensor_size,oh I see and what about this sensor site,PRESENT_X,CAMERA_1,S_ANSWERS_QUESTION_ABOUT_FEATURE,CAMERA_1,sensor_size,This one has a 1/2.3 inch CMOS sensor.,PRESENT_X,CAMERA_1,15~37
822,8,CAMERA_1,['CAMERA_1'],"{'CAMERA_1': ['resolution', 'ISO', 'color', 'sensor_size', 'weight'], 'CAMERA_2': [], 'CAMERA_3': []}",C_QUESTION_ABOUT_FEATURE,CAMERA_1,weight,is this heavy,PRESENT_X,CAMERA_1,S_ANSWERS_QUESTION_ABOUT_FEATURE,CAMERA_1,weight,This one weighs 800 grams.,PRESENT_X,CAMERA_1,16~25
822,9,CAMERA_1,['CAMERA_1'],"{'CAMERA_1': ['resolution', 'ISO', 'color', 'sensor_size', 'weight', 'camera_type'], 'CAMERA_2': [], 'CAMERA_3': []}",C_SILENT_OR_BACKCHANNEL,CAMERA_1,NONE,okay,PRESENT_X,CAMERA_1,S_INTRODUCES_FEATURE,CAMERA_1,camera_type,This is a DSLR camera.,PRESENT_X,CAMERA_1,10~14
822,10,CAMERA_1,['CAMERA_1'],"{'CAMERA_1': ['resolution', 'ISO', 'color', 'sensor_size', 'weight', 'camera_type', 'effects'], 'CAMERA_2': [], 'CAMERA_3': []}",C_SILENT_OR_BACKCHANNEL,CAMERA_1,NONE,IC,PRESENT_X,CAMERA_1,S_INTRODUCES_FEATURE,CAMERA_1,effects,"This one has 24 glamor retouch effects (miniature, retro, toy camera, etc.).",PRESENT_X,CAMERA_1,13~75
822,11,NONE,['CAMERA_1'],"{'CAMERA_1': ['resolution', 'ISO', 'color', 'sensor_size', 'weight', 'camera_type', 'effects'], 'CAMERA_2': [], 'CAMERA_3': []}",C_THANK_YOU,CAMERA_1,NONE,I see ok thank you very much,PRESENT_X,CAMERA_1,S_THANK_YOU,CAMERA_1,NONE,thank you very much.,FACE_TO_FACE,NONE,
822,12,NONE,['CAMERA_1'],"{'CAMERA_1': ['resolution', 'ISO', 'color', 'sensor_size', 'weight', 'camera_type', 'effects'], 'CAMERA_2': [], 'CAMERA_3': []}",C_LEAVES,DOOR,NONE,,FACE_TO_FACE,NONE,S_RETURNS_TO_COUNTER,SERVICE_COUNTER,NONE,,WAITING,NONE,
823,1,NONE,[],"{'CAMERA_1': [], 'CAMERA_2': [], 'CAMERA_3': []}",C_ENTERS,DOOR,NONE,,WAITING,NONE,S_NONE,SERVICE_COUNTER,NONE,,WAITING,NONE,
823,2,NONE,[],"{'CAMERA_1': [], 'CAMERA_2': [], 'CAMERA_3': []}",C_GREETS,MIDDLE,NONE,scares me,WAITING,NONE,S_GREETS,MIDDLE,NONE,can I help you?,FACE_TO_FACE,NONE,
823,3,CAMERA_2,['CAMERA_2'],"{'CAMERA_1': [], 'CAMERA_2': [], 'CAMERA_3': []}",C_LOOKING_FOR_A_CAMERA,MIDDLE,NONE,I want to buy I want to buy a camera but I'm not sure which I need,FACE_TO_FACE,NONE,S_INTRODUCES_CAMERA,CAMERA_2,,Let me show you this. Here we have the Fujifilm Lumix ILC Camera.,PRESENT_X,CAMERA_2,39~64
823,4,CAMERA_2,['CAMERA_2'],"{'CAMERA_1': [], 'CAMERA_2': ['optical_zoom'], 'CAMERA_3': []}",C_QUESTION_ABOUT_FEATURE,CAMERA_2,optical_zoom,does it have optical zoom,PRESENT_X,CAMERA_2,S_ANSWERS_QUESTION_ABOUT_FEATURE,CAMERA_2,optical_zoom,This one has 21x optical zoom.,PRESENT_X,CAMERA_2,13~29
823,5,CAMERA_2,['CAMERA_2'],"{'CAMERA_1': [], 'CAMERA_2': ['optical_zoom', 'color'], 'CAMERA_3': []}",C_QUESTION_ABOUT_FEATURE,CAMERA_2,color,does it come in any other color,PRESENT_X,CAMERA_2,S_ANSWERS_QUESTION_ABOUT_FEATURE,CAMERA_2,color,This one comes in white or pink.,PRESENT_X,CAMERA_2,18~31
823,6,CAMERA_2,['CAMERA_2'],"{'CAMERA_1': [], 'CAMERA_2': ['optical_zoom', 'color', 'autofocus_points'], 'CAMERA_3': []}",C_QUESTION_ABOUT_FEATURE,CAMERA_2,autofocus_points,how many auto focus points does it have,PRESENT_X,CAMERA_2,S_NOT_SURE,CAMERA_2,,I'm not really sure about that.,PRESENT_X,CAMERA_2,
823,7,CAMERA_2,['CAMERA_2'],"{'CAMERA_1': [], 'CAMERA_2': ['optical_zoom', 'color', 'autofocus_points', 'long_exposure'], 'CAMERA_3': []}",C_QUESTION_ABOUT_FEATURE,CAMERA_2,long_exposure,and how about its exposure,PRESENT_X,CAMERA_2,S_ANSWERS_QUESTION_ABOUT_FEATURE,CAMERA_2,long_exposure,This one can take long exposures up to 60 minutes max with bulb mode.,PRESENT_X,CAMERA_2,39~68
823,8,CAMERA_2,['CAMERA_2'],"{'CAMERA_1': [], 'CAMERA_2': ['optical_zoom', 'color', 'autofocus_points', 'long_exposure', 'camera_type'], 'CAMERA_3': []}",C_QUESTION_ABOUT_FEATURE,CAMERA_2,camera_type,what kind of camera is this,PRESENT_X,CAMERA_2,S_ANSWERS_QUESTION_ABOUT_FEATURE,CAMERA_2,camera_type,This is a digital single lens mirrorless camera.,PRESENT_X,CAMERA_2,10~40
823,9,CAMERA_2,['CAMERA_2'],"{'CAMERA_1': [], 'CAMERA_2': ['optical_zoom', 'color', 'autofocus_points', 'long_exposure', 'camera_type', 'sensor_size'], 'CAMERA_3': []}",C_SILENT_OR_BACKCHANNEL,CAMERA_2,NONE,yes but it didn't take really nice pictures the detail was pretty bad and so was the colors,PRESENT_X,CAMERA_2,S_INTRODUCES_FEATURE,CAMERA_2,sensor_size,This one has a 1/2.33 inch sensor.,PRESENT_X,CAMERA_2,15~33
823,10,NONE,['CAMERA_2'],"{'CAMERA_1': [], 'CAMERA_2': ['optical_zoom', 'color', 'autofocus_points', 'long_exposure', 'camera_type', 'sensor_size'], 'CAMERA_3': []}",C_THANK_YOU,CAMERA_2,NONE,thank you very  much,PRESENT_X,CAMERA_2,S_THANK_YOU,CAMERA_2,NONE,thank you very much.,FACE_TO_FACE,NONE,
823,11,NONE,['CAMERA_2'],"{'CAMERA_1': [], 'CAMERA_2': ['optical_zoom', 'color', 'autofocus_points', 'long_exposure', 'camera_type', 'sensor_size'], 'CAMERA_3': []}",C_LEAVES,DOOR,NONE,,FACE_TO_FACE,NONE,S_RETURNS_TO_COUNTER,SERVICE_COUNTER,NONE,,WAITING,NONE,
824,1,NONE,[],"{'CAMERA_1': [], 'CAMERA_2': [], 'CAMERA_3': []}",C_ENTERS,DOOR,NONE,,WAITING,NONE,S_NONE,SERVICE_COUNTER,NONE,,WAITING,NONE,
824,2,NONE,[],"{'CAMERA_1': [], 'CAMERA_2': [], 'CAMERA_3': []}",C_GREETS,MIDDLE,NONE,excuse me,WAITING,NONE,S_GREETS,MIDDLE,NONE,can I help you?,FACE_TO_FACE,NONE,
824,3,CAMERA_1,['CAMERA_1'],"{'CAMERA_1': [], 'CAMERA_2': [], 'CAMERA_3': []}",C_LOOKING_FOR_A_CAMERA,MIDDLE,NONE,I'm looking for a nice camera,FACE_TO_FACE,NONE,S_INTRODUCES_CAMERA,CAMERA_1,,Let me show you this. Here we have the Sony PowerShot ELPH DMC-ZS3.,PRESENT_X,CAMERA_1,39~66
824,4,CAMERA_1,['CAMERA_1'],"{'CAMERA_1': ['weight'], 'CAMERA_2': [], 'CAMERA_3': []}",C_QUESTION_ABOUT_FEATURE,CAMERA_1,weight,how much does a swan weigh,PRESENT_X,CAMERA_1,S_ANSWERS_QUESTION_ABOUT_FEATURE,CAMERA_1,weight,This one weighs 800 grams.,PRESENT_X,CAMERA_1,16~25
824,5,NONE,['CAMERA_1'],"{'CAMERA_1': ['weight'], 'CAMERA_2': [], 'CAMERA_3': []}",C_THANK_YOU,CAMERA_1,NONE,thank you very much,PRESENT_X,CAMERA_1,S_THANK_YOU,CAMERA_1,NONE,thank you very much.,FACE_TO_FACE,NONE,
824,6,NONE,['CAMERA_1'],"{'CAMERA_1': ['weight'], 'CAMERA_2': [], 'CAMERA_3': []}",C_LEAVES,DOOR,NONE,,FACE_TO_FACE,NONE,S_RETURNS_TO_COUNTER,SERVICE_COUNTER,NONE,,WAITING,NONE,
825,1,NONE,[],"{'CAMERA_1': [], 'CAMERA_2': [], 'CAMERA_3': []}",C_ENTERS,DOOR,NONE,,WAITING,NONE,S_NONE,SERVICE_COUNTER,NONE,,WAITING,NONE,
825,2,NONE,[],"{'CAMERA_1': [], 'CAMERA_2': [], 'CAMERA_3': []}",C_WALKS_TO_CAMERA,CAMERA_3,NONE,,WAITING,NONE,S_NONE,SERVICE_COUNTER,NONE,,WAITING,NONE,
825,3,CAMERA_3,['CAMERA_3'],"{'CAMERA_1': [], 'CAMERA_2': [], 'CAMERA_3': ['camera_type']}",C_QUESTION_ABOUT_FEATURE,CAMERA_3,camera_type,Is this a mirrorless camera?,WAITING,NONE,S_ANSWERS_QUESTION_ABOUT_FEATURE,CAMERA_3,camera_type,This is a point and shoot camera.,PRESENT_X,CAMERA_3,10~25
825,4,CAMERA_3,['CAMERA_3'],"{'CAMERA_1': [], 'CAMERA_2': [], 'CAMERA_3': ['camera_type', 'color']}",C_SILENT_OR_BACKCHANNEL,CAMERA_3,NONE,oh that's not bad,PRESENT_X,CAMERA_3,S_INTRODUCES_FEATURE,CAMERA_3,color,"This one comes in purple, white, silver, blue, red, or pink.",PRESENT_X,CAMERA_3,18~59
825,5,CAMERA_3,['CAMERA_3'],"{'CAMERA_1': [], 'CAMERA_2': [], 'CAMERA_3': ['camera_type', 'color', 'weight']}",C_SILENT_OR_BACKCHANNEL,CAMERA_3,NONE,that sounds pretty good like a really good camera,PRESENT_X,CAMERA_3,S_INTRODUCES_FEATURE,CAMERA_3,weight,This one weighs 820 grams.,PRESENT_X,CAMERA_3,16~25
825,6,CAMERA_3,['CAMERA_3'],"{'CAMERA_1': [], 'CAMERA_2': [], 'CAMERA_3': ['camera_type', 'color', 'weight', 'autofocus_points']}",C_SILENT_OR_BACKCHANNEL,CAMERA_3,NONE,not too bad,PRESENT_X,CAMERA_3,S_INTRODUCES_FEATURE,CAMERA_3,autofocus_points,This one has 214 autofocus points.,PRESENT_X,CAMERA_3,13~33
825,7,CAMERA_2,"['CAMERA_3', 'CAMERA_2']","{'CAMERA_1': [], 'CAMERA_2': [], 'CAMERA_3': ['camera_type', 'color', 'weight', 'autofocus_points']}",C_ANYTHING_ELSE_AVAILABLE,CAMERA_3,NONE,do you have any other cameras that are in this kind,PRESENT_X,CAMERA_3,S_INTRODUCES_CAMERA,CAMERA_2,,Let me show you this. Here we have the Fujifilm Lumix ILC Camera.,PRESENT_X,CAMERA_2,39~64
825,8,CAMERA_2,"['CAMERA_3', 'CAMERA_2']","{'CAMERA_1': [], 'CAMERA_2': ['sensor_size'], 'CAMERA_3': ['camera_type', 'color', 'weight', 'autofocus_points']}",C_QUESTION_ABOUT_FEATURE,CAMERA_2,sensor_size,what about the sensor size,PRESENT_X,CAMERA_2,S_ANSWERS_QUESTION_ABOUT_FEATURE,CAMERA_2,sensor_size,This one has a 1/2.33 inch sensor.,PRESENT_X,CAMERA_2,15~33
825,9,CAMERA_2,"['CAMERA_3', 'CAMERA_2']","{'CAMERA_1': [], 'CAMERA_2': ['sensor_size', 'long_exposure'], 'CAMERA_3': ['camera_type', 'color', 'weight', 'autofocus_points']}",C_SILENT_OR_BACKCHANNEL,CAMERA_2,NONE,alright,PRESENT_X,CAMERA_2,S_INTRODUCES_FEATURE,CAMERA_2,long_exposure,This one can take long exposures up to 60 minutes max with bulb mode.,PRESENT_X,CAMERA_2,39~68
825,10,CAMERA_2,"['CAMERA_3', 'CAMERA_2']","{'CAMERA_1': [], 'CAMERA_2': ['sensor_size', 'long_exposure', 'optical_zoom'], 'CAMERA_3': ['camera_type', 'color', 'weight', 'autofocus_points']}",C_QUESTION_ABOUT_FEATURE,CAMERA_2,optical_zoom,does it have optical zoom,PRESENT_X,CAMERA_2,S_ANSWERS_QUESTION_ABOUT_FEATURE,CAMERA_2,optical_zoom,This one has 21x optical zoom.,PRESENT_X,CAMERA_2,13~29
825,11,CAMERA_2,"['CAMERA_3', 'CAMERA_2']","{'CAMERA_1': [], 'CAMERA_2': ['sensor_size', 'long_exposure', 'optical_zoom', 'ISO'], 'CAMERA_3': ['camera_type', 'color', 'weight', 'autofocus_points']}",C_QUESTION_ABOUT_FEATURE,CAMERA_2,ISO,what about the iso how good it is,PRESENT_X,CAMERA_2,S_NOT_SURE,CAMERA_2,,I'm not really sure about that.,PRESENT_X,CAMERA_2,
825,12,CAMERA_2,"['CAMERA_3', 'CAMERA_2']","{'CAMERA_1': [], 'CAMERA_2': ['sensor_size', 'long_exposure', 'optical_zoom', 'ISO', 'settings'], 'CAMERA_3': ['camera_type', 'color', 'weight', 'autofocus_points']}",C_QUESTION_ABOUT_FEATURE,CAMERA_2,settings,K and the manual settings,PRESENT_X,CAMERA_2,S_ANSWERS_QUESTION_ABOUT_FEATURE,CAMERA_2,settings,"This one has manual control and various automatic settings (video modeburst shooting, etc.).",PRESENT_X,CAMERA_2,13~91
825,13,CAMERA_2,"['CAMERA_3', 'CAMERA_2']","{'CAMERA_1': [], 'CAMERA_2': ['sensor_size', 'long_exposure', 'optical_zoom', 'ISO', 'settings', 'autofocus_points'], 'CAMERA_3': ['camera_type', 'color', 'weight', 'autofocus_points']}",C_QUESTION_ABOUT_FEATURE,CAMERA_2,autofocus_points,and for this model how many auto focus points does it have,PRESENT_X,CAMERA_2,S_NOT_SURE,CAMERA_2,,I'm not really sure about that.,PRESENT_X,CAMERA_2,
825,14,CAMERA_2,"['CAMERA_3', 'CAMERA_2']","{'CAMERA_1': [], 'CAMERA_2': ['sensor_size', 'long_exposure', 'optical_zoom', 'ISO', 'settings', 'autofocus_points', 'preset_modes'], 'CAMERA_3': ['camera_type', 'color', 'weight', 'autofocus_points']}",C_QUESTION_ABOUT_FEATURE,CAMERA_2,preset_modes,can you please explain me more about the their priests mode,PRESENT_X,CAMERA_2,S_NOT_SURE,CAMERA_2,,I'm not really sure about that.,PRESENT_X,CAMERA_2,
825,15,CAMERA_2,"['CAMERA_3', 'CAMERA_2']","{'CAMERA_1': [], 'CAMERA_2': ['sensor_size', 'long_exposure', 'optical_zoom', 'ISO', 'settings', 'autofocus_points', 'preset_modes', 'resolution'], 'CAMERA_3': ['camera_type', 'color', 'weight', 'autofocus_points']}",C_QUESTION_ABOUT_FEATURE,CAMERA_2,resolution,what about the resolution of this camera,PRESENT_X,CAMERA_2,S_ANSWERS_QUESTION_ABOUT_FEATURE,CAMERA_2,resolution,This one has 23.8 megapixels resolution.,PRESENT_X,CAMERA_2,13~28
825,16,CAMERA_2,"['CAMERA_3', 'CAMERA_2']","{'CAMERA_1': [], 'CAMERA_2': ['sensor_size', 'long_exposure', 'optical_zoom', 'ISO', 'settings', 'autofocus_points', 'preset_modes', 'resolution', 'price'], 'CAMERA_3': ['camera_type', 'color', 'weight', 'autofocus_points']}",C_QUESTION_ABOUT_FEATURE,CAMERA_2,price,what's price,PRESENT_X,CAMERA_2,S_ANSWERS_QUESTION_ABOUT_FEATURE,CAMERA_2,price,This one costs $768.,PRESENT_X,CAMERA_2,15~19
825,17,CAMERA_2,"['CAMERA_3', 'CAMERA_2']","{'CAMERA_1': [], 'CAMERA_2': ['sensor_size', 'long_exposure', 'optical_zoom', 'ISO', 'settings', 'autofocus_points', 'preset_modes', 'resolution', 'price', 'weight'], 'CAMERA_3': ['camera_type', 'color', 'weight', 'autofocus_points']}",C_SILENT_OR_BACKCHANNEL,CAMERA_2,NONE,ok,PRESENT_X,CAMERA_2,S_INTRODUCES_FEATURE,CAMERA_2,weight,This one weighs 820 grams.,PRESENT_X,CAMERA_2,16~25
825,18,CAMERA_2,"['CAMERA_3', 'CAMERA_2']","{'CAMERA_1': [], 'CAMERA_2': ['sensor_size', 'long_exposure', 'optical_zoom', 'ISO', 'settings', 'autofocus_points', 'preset_modes', 'resolution', 'price', 'weight', 'effects'], 'CAMERA_3': ['camera_type', 'color', 'weight', 'autofocus_points']}",C_QUESTION_ABOUT_FEATURE,CAMERA_2,effects,I don't sense as a cystic effect mode what does that do,PRESENT_X,CAMERA_2,S_ANSWERS_QUESTION_ABOUT_FEATURE,CAMERA_2,effects,"This one has 24 artistic effect modes (retro, lighter or darker skin tones, sepia, etc.).",PRESENT_X,CAMERA_2,13~88
825,19,CAMERA_2,"['CAMERA_3', 'CAMERA_2']","{'CAMERA_1': [], 'CAMERA_2': ['sensor_size', 'long_exposure', 'optical_zoom', 'ISO', 'settings', 'autofocus_points', 'preset_modes', 'resolution', 'price', 'weight', 'effects', 'camera_type'], 'CAMERA_3': ['camera_type', 'color', 'weight', 'autofocus_points']}",C_QUESTION_ABOUT_FEATURE,CAMERA_2,camera_type,what kind of camera is this,PRESENT_X,CAMERA_2,S_ANSWERS_QUESTION_ABOUT_FEATURE,CAMERA_2,camera_type,This is a digital single lens mirrorless camera.,PRESENT_X,CAMERA_2,10~40
825,20,CAMERA_2,"['CAMERA_3', 'CAMERA_2']","{'CAMERA_1': [], 'CAMERA_2': ['sensor_size', 'long_exposure', 'optical_zoom', 'ISO', 'settings', 'autofocus_points', 'preset_modes', 'resolution', 'price', 'weight', 'effects', 'camera_type', 'color'], 'CAMERA_3': ['camera_type', 'color', 'weight', 'autofocus_points']}",C_QUESTION_ABOUT_FEATURE,CAMERA_2,color,is there any other colors,PRESENT_X,CAMERA_2,S_ANSWERS_QUESTION_ABOUT_FEATURE,CAMERA_2,color,This one comes in white or pink.,PRESENT_X,CAMERA_2,18~31
825,21,CAMERA_2,"['CAMERA_3', 'CAMERA_2']","{'CAMERA_1': [], 'CAMERA_2': ['sensor_size', 'long_exposure', 'optical_zoom', 'ISO', 'settings', 'autofocus_points', 'preset_modes', 'resolution', 'price', 'weight', 'effects', 'camera_type', 'color', 'weight'], 'CAMERA_3': ['camera_type', 'color', 'weight', 'autofocus_points']}",C_SILENT_OR_BACKCHANNEL,CAMERA_2,NONE,I see AA ok,PRESENT_X,CAMERA_2,S_INTRODUCES_FEATURE,CAMERA_2,weight,This one weighs 820 grams.,PRESENT_X,CAMERA_2,16~25
825,22,CAMERA_2,"['CAMERA_3', 'CAMERA_2']","{'CAMERA_1': [], 'CAMERA_2': ['sensor_size', 'long_exposure', 'optical_zoom', 'ISO', 'settings', 'autofocus_points', 'preset_modes', 'resolution', 'price', 'weight', 'effects', 'camera_type', 'color', 'weight', 'optical_zoom'], 'CAMERA_3': ['camera_type', 'color', 'weight', 'autofocus_points']}",C_QUESTION_ABOUT_FEATURE,CAMERA_2,optical_zoom,how's the zoom on it,PRESENT_X,CAMERA_2,S_ANSWERS_QUESTION_ABOUT_FEATURE,CAMERA_2,optical_zoom,This one has 21x optical zoom.,PRESENT_X,CAMERA_2,13~29
825,23,CAMERA_2,"['CAMERA_3', 'CAMERA_2']","{'CAMERA_1': [], 'CAMERA_2': ['sensor_size', 'long_exposure', 'optical_zoom', 'ISO', 'settings', 'autofocus_points', 'preset_modes', 'resolution', 'price', 'weight', 'effects', 'camera_type', 'color', 'weight', 'optical_zoom', 'price'], 'CAMERA_3': ['camera_type', 'color', 'weight', 'autofocus_points']}",C_QUESTION_ABOUT_FEATURE,CAMERA_2,price,okay and what's the price on this again,PRESENT_X,CAMERA_2,S_ANSWERS_QUESTION_ABOUT_FEATURE,CAMERA_2,price,This one costs $768.,PRESENT_X,CAMERA_2,15~19
825,24,CAMERA_2,"['CAMERA_3', 'CAMERA_2']","{'CAMERA_1': [], 'CAMERA_2': ['sensor_size', 'long_exposure', 'optical_zoom', 'ISO', 'settings', 'autofocus_points', 'preset_modes', 'resolution', 'price', 'weight', 'effects', 'camera_type', 'color', 'weight', 'optical_zoom', 'price', 'weight'], 'CAMERA_3': ['camera_type', 'color', 'weight', 'autofocus_points']}",C_QUESTION_ABOUT_FEATURE,CAMERA_2,weight,how much does it weight,PRESENT_X,CAMERA_2,S_ANSWERS_QUESTION_ABOUT_FEATURE,CAMERA_2,weight,This one weighs 820 grams.,PRESENT_X,CAMERA_2,16~25
825,25,CAMERA_2,"['CAMERA_3', 'CAMERA_2']","{'CAMERA_1': [], 'CAMERA_2': ['sensor_size', 'long_exposure', 'optical_zoom', 'ISO', 'settings', 'autofocus_points', 'preset_modes', 'resolution', 'price', 'weight', 'effects', 'camera_type', 'color', 'weight', 'optical_zoom', 'price', 'weight', 'preset_modes'], 'CAMERA_3': ['camera_type', 'color', 'weight', 'autofocus_points']}",C_QUESTION_ABOUT_FEATURE,CAMERA_2,preset_modes,cool any preset modes,PRESENT_X,CAMERA_2,S_NOT_SURE,CAMERA_2,,I'm not really sure about that.,PRESENT_X,CAMERA_2,
825,26,CAMERA_2,"['CAMERA_3', 'CAMERA_2']","{'CAMERA_1': [], 'CAMERA_2': ['sensor_size', 'long_exposure', 'optical_zoom', 'ISO', 'settings', 'autofocus_points', 'preset_modes', 'resolution', 'price', 'weight', 'effects', 'camera_type', 'color', 'weight', 'optical_zoom', 'price', 'weight', 'preset_modes', 'color'], 'CAMERA_3': ['camera_type', 'color', 'weight', 'autofocus_points']}",C_QUESTION_ABOUT_FEATURE,CAMERA_2,color,I will say maybe next week but what is how many colors do you have in this canon,PRESENT_X,CAMERA_2,S_ANSWERS_QUESTION_ABOUT_FEATURE,CAMERA_2,color,This one comes in white or pink.,PRESENT_X,CAMERA_2,18~31
825,27,NONE,"['CAMERA_3', 'CAMERA_2']","{'CAMERA_1': [], 'CAMERA_2': ['sensor_size', 'long_exposure', 'optical_zoom', 'ISO', 'settings', 'autofocus_points', 'preset_modes', 'resolution', 'price', 'weight', 'effects', 'camera_type', 'color', 'weight', 'optical_zoom', 'price', 'weight', 'preset_modes', 'color'], 'CAMERA_3': ['camera_type', 'color', 'weight', 'autofocus_points']}",C_THANK_YOU,CAMERA_2,NONE,thank you very much,PRESENT_X,CAMERA_2,S_THANK_YOU,CAMERA_2,NONE,thank you very much.,FACE_TO_FACE,NONE,
825,28,NONE,"['CAMERA_3', 'CAMERA_2']","{'CAMERA_1': [], 'CAMERA_2': ['sensor_size', 'long_exposure', 'optical_zoom', 'ISO', 'settings', 'autofocus_points', 'preset_modes', 'resolution', 'price', 'weight', 'effects', 'camera_type', 'color', 'weight', 'optical_zoom', 'price', 'weight', 'preset_modes', 'color'], 'CAMERA_3': ['camera_type', 'color', 'weight', 'autofocus_points']}",C_LEAVES,DOOR,NONE,,FACE_TO_FACE,NONE,S_RETURNS_TO_COUNTER,SERVICE_COUNTER,NONE,,WAITING,NONE,
826,1,NONE,[],"{'CAMERA_1': [], 'CAMERA_2': [], 'CAMERA_3': []}",C_ENTERS,DOOR,NONE,,WAITING,NONE,S_NONE,SERVICE_COUNTER,NONE,,WAITING,NONE,
826,2,NONE,[],"{'CAMERA_1': [], 'CAMERA_2': [], 'CAMERA_3': []}",C_GREETS,MIDDLE,NONE,excuse me,WAITING,NONE,S_GREETS,MIDDLE,NONE,can I help you?,FACE_TO_FACE,NONE,
826,3,CAMERA_3,['CAMERA_3'],"{'CAMERA_1': [], 'CAMERA_2': [], 'CAMERA_3': []}",C_LOOKING_FOR_A_CAMERA,MIDDLE,NONE,yeah actually I did but I am looking for a better one,FACE_TO_FACE,NONE,S_INTRODUCES_CAMERA,CAMERA_3,,Let me show you this. Here we have the Fujifilm PowerShot ELPH S2800.,PRESENT_X,CAMERA_3,39~68
826,4,CAMERA_3,['CAMERA_3'],"{'CAMERA_1': [], 'CAMERA_2': [], 'CAMERA_3': ['resolution']}",C_SILENT_OR_BACKCHANNEL,CAMERA_3,NONE,I say,PRESENT_X,CAMERA_3,S_INTRODUCES_FEATURE,CAMERA_3,resolution,This one has 23.2 megapixels resolution.,PRESENT_X,CAMERA_3,13~28
826,5,NONE,['CAMERA_3'],"{'CAMERA_1': [], 'CAMERA_2': [], 'CAMERA_3': ['resolution']}",C_THANK_YOU,CAMERA_3,NONE,thanks very much,PRESENT_X,CAMERA_3,S_THANK_YOU,CAMERA_3,NONE,thank you very much.,FACE_TO_FACE,NONE,
826,6,NONE,['CAMERA_3'],"{'CAMERA_1': [], 'CAMERA_2': [], 'CAMERA_3': ['resolution']}",C_LEAVES,DOOR,NONE,,FACE_TO_FACE,NONE,S_RETURNS_TO_COUNTER,SERVICE_COUNTER,NONE,,WAITING,NONE,
827,1,NONE,[],"{'CAMERA_1': [], 'CAMERA_2': [], 'CAMERA_3': []}",C_ENTERS,DOOR,NONE,,WAITING,NONE,S_NONE,SERVICE_COUNTER,NONE,,WAITING,NONE,
827,2,NONE,[],"{'CAMERA_1': [], 'CAMERA_2': [], 'CAMERA_3': []}",C_GREETS,MIDDLE,NONE,excuse me,WAITING,NONE,S_GREETS,MIDDLE,NONE,can I help you?,FACE_TO_FACE,NONE,
827,3,CAMERA_3,['CAMERA_3'],"{'CAMERA_1': [], 'CAMERA_2': [], 'CAMERA_3': []}",C_LOOKING_FOR_A_CAMERA,MIDDLE,NONE,hey I'm looking for a compact camera,FACE_TO_FACE,NONE,S_INTRODUCES_CAMERA,CAMERA_3,,Let me show you this. Here we have the Fujifilm PowerShot ELPH S2800.,PRESENT_X,CAMERA_3,39~68
827,4,CAMERA_3,['CAMERA_3'],"{'CAMERA_1': [], 'CAMERA_2': [], 'CAMERA_3': ['resolution']}",C_QUESTION_ABOUT_FEATURE,CAMERA_3,resolution,how many megapixels is this camera,PRESENT_X,CAMERA_3,S_ANSWERS_QUESTION_ABOUT_FEATURE,CAMERA_3,resolution,This one has 23.2 megapixels resolution.,PRESENT_X,CAMERA_3,13~28
827,5,CAMERA_3,['CAMERA_3'],"{'CAMERA_1': [], 'CAMERA_2': [], 'CAMERA_3': ['resolution', 'settings']}",C_QUESTION_ABOUT_FEATURE,CAMERA_3,settings,hey I just wanted to know the beauty of this camera to adjust settings,PRESENT_X,CAMERA_3,S_ANSWERS_QUESTION_ABOUT_FEATURE,CAMERA_3,settings,"This one has manual control and various automatic settings (video modeburst shooting, etc.).",PRESENT_X,CAMERA_3,13~91
827,6,CAMERA_3,['CAMERA_3'],"{'CAMERA_1': [], 'CAMERA_2': [], 'CAMERA_3': ['resolution', 'settings', 'sensor_size']}",C_QUESTION_ABOUT_FEATURE,CAMERA_3,sensor_size,and how about the census for this,PRESENT_X,CAMERA_3,S_ANSWERS_QUESTION_ABOUT_FEATURE,CAMERA_3,sensor_size,This one has a full frame.,PRESENT_X,CAMERA_3,15~25
827,7,CAMERA_3,['CAMERA_3'],"{'CAMERA_1': [], 'CAMERA_2': [], 'CAMERA_3': ['resolution', 'settings', 'sensor_size', 'color']}",C_SILENT_OR_BACKCHANNEL,CAMERA_3,NONE,IC,PRESENT_X,CAMERA_3,S_INTRODUCES_FEATURE,CAMERA_3,color,"This one comes in purple, white, silver, blue, red, or pink.",PRESENT_X,CAMERA_3,18~59
827,8,NONE,['CAMERA_3'],"{'CAMERA_1': [], 'CAMERA_2': [], 'CAMERA_3': ['resolution', 'settings', 'sensor_size', 'color']}",C_THANK_YOU,CAMERA_3,NONE,okay thank you,PRESENT_X,CAMERA_3,S_THANK_YOU,CAMERA_3,NONE,thank you very much.,FACE_TO_FACE,NONE,
827,9,NONE,['CAMERA_3'],"{'CAMERA_1': [], 'CAMERA_2': [], 'CAMERA_3': ['resolution', 'settings', 'sensor_size', 'color']}",C_LEAVES,DOOR,NONE,,FACE_TO_FACE,NONE,S_RETURNS_TO_COUNTER,SERVICE_COUNTER,NONE,,WAITING,NONE,
828,1,NONE,[],"{'CAMERA_1': [], 'CAMERA_2': [], 'CAMERA_3': []}",C_ENTERS,DOOR,NONE,,WAITING,NONE,S_NONE,SERVICE_COUNTER,NONE,,WAITING,NONE,
828,2,NONE,[],"{'CAMERA_1': [], 'CAMERA_2': [], 'CAMERA_3': []}",C_WALKS_TO_CAMERA,CAMERA_3,NONE,,WAITING,NONE,S_NONE,SERVICE_COUNTER,NONE,,WAITING,NONE,
828,3,CAMERA_3,['CAMERA_3'],"{'CAMERA_1': [], 'CAMERA_2': [], 'CAMERA_3': ['preset_modes']}",C_QUESTION_ABOUT_FEATURE,CAMERA_3,preset_modes,does it have dog mode,WAITING,NONE,S_ANSWERS_QUESTION_ABOUT_FEATURE,CAMERA_3,preset_modes,This one has various preset modes.,PRESENT_X,CAMERA_3,13~33
828,4,NONE,['CAMERA_3'],"{'CAMERA_1': [], 'CAMERA_2': [], 'CAMERA_3': ['preset_modes']}",C_THANK_YOU,CAMERA_3,NONE,thank you,PRESENT_X,CAMERA_3,S_THANK_YOU,CAMERA_3,NONE,thank you very much.,FACE_TO_FACE,NONE,
828,5,NONE,['CAMERA_3'],"{'CAMERA_1': [], 'CAMERA_2': [], 'CAMERA_3': ['preset_modes']}",C_LEAVES,DOOR,NONE,,FACE_TO_FACE,NONE,S_RETURNS_TO_COUNTER,SERVICE_COUNTER,NONE,,WAITING,NONE,
829,1,NONE,[],"{'CAMERA_1': [], 'CAMERA_2': [], 'CAMERA_3': []}",C_ENTERS,DOOR,NONE,,WAITING,NONE,S_NONE,SERVICE_COUNTER,NONE,,WAITING,NONE,
829,2,NONE,[],"{'CAMERA_1': [], 'CAMERA_2': [], 'CAMERA_3': []}",C_GREETS,MIDDLE,NONE,use me,WAITING,NONE,S_GREETS,MIDDLE,NONE,can I help you?,FACE_TO_FACE,NONE,
829,3,CAMERA_3,['CAMERA_3'],"{'CAMERA_1': [], 'CAMERA_2': [], 'CAMERA_3': []}",C_LOOKING_FOR_A_CAMERA,MIDDLE,NONE,I'm looking for a cheap camera I dropped my old phone in the toilet,FACE_TO_FACE,NONE,S_INTRODUCES_CAMERA,CAMERA_3,,Let me show you this. Here we have the Fujifilm PowerShot ELPH S2800.,PRESENT_X,CAMERA_3,39~68
829,4,CAMERA_3,['CAMERA_3'],"{'CAMERA_1': [], 'CAMERA_2': [], 'CAMERA_3': ['optical_zoom']}",C_QUESTION_ABOUT_FEATURE,CAMERA_3,optical_zoom,I see ok can the optical zoom what does that do,PRESENT_X,CAMERA_3,S_NOT_SURE,CAMERA_3,,I'm not really sure about that.,PRESENT_X,CAMERA_3,
829,5,CAMERA_3,['CAMERA_3'],"{'CAMERA_1': [], 'CAMERA_2': [], 'CAMERA_3': ['optical_zoom', 'effects']}",C_SILENT_OR_BACKCHANNEL,CAMERA_3,NONE,ic,PRESENT_X,CAMERA_3,S_INTRODUCES_FEATURE,CAMERA_3,effects,"This one has 21 photo effects (small face, retro, big eyes, etc.).",PRESENT_X,CAMERA_3,13~65
829,6,CAMERA_3,['CAMERA_3'],"{'CAMERA_1': [], 'CAMERA_2': [], 'CAMERA_3': ['optical_zoom', 'effects', 'weight']}",C_QUESTION_ABOUT_FEATURE,CAMERA_3,weight,yeah looks going to wait how much does it weigh,PRESENT_X,CAMERA_3,S_ANSWERS_QUESTION_ABOUT_FEATURE,CAMERA_3,weight,This one weighs 820 grams.,PRESENT_X,CAMERA_3,16~25
829,7,CAMERA_1,"['CAMERA_3', 'CAMERA_1']","{'CAMERA_1': [], 'CAMERA_2': [], 'CAMERA_3': ['optical_zoom', 'effects', 'weight']}",C_ANYTHING_ELSE_AVAILABLE,CAMERA_3,NONE,okay do you have any other cameras I might be interested,PRESENT_X,CAMERA_3,S_INTRODUCES_CAMERA,CAMERA_1,,Let me show you this. Here we have the Sony PowerShot ELPH DMC-ZS3.,PRESENT_X,CAMERA_1,39~66
829,8,CAMERA_1,"['CAMERA_3', 'CAMERA_1']","{'CAMERA_1': ['ISO'], 'CAMERA_2': [], 'CAMERA_3': ['optical_zoom', 'effects', 'weight']}",C_QUESTION_ABOUT_FEATURE,CAMERA_1,ISO,how high should I so how will is it able to shoot,PRESENT_X,CAMERA_1,S_ANSWERS_QUESTION_ABOUT_FEATURE,CAMERA_1,ISO,This one has up to 51200 ISO.,PRESENT_X,CAMERA_1,13~28
829,9,NONE,"['CAMERA_3', 'CAMERA_1']","{'CAMERA_1': ['ISO'], 'CAMERA_2': [], 'CAMERA_3': ['optical_zoom', 'effects', 'weight']}",C_THANK_YOU,CAMERA_1,NONE,thank you,PRESENT_X,CAMERA_1,S_THANK_YOU,CAMERA_1,NONE,thank you very much.,FACE_TO_FACE,NONE,
829,10,NONE,"['CAMERA_3', 'CAMERA_1']","{'CAMERA_1': ['ISO'], 'CAMERA_2': [], 'CAMERA_3': ['optical_zoom', 'effects', 'weight']}",C_LEAVES,DOOR,NONE,,FACE_TO_FACE,NONE,S_RETURNS_TO_COUNTER,SERVICE_COUNTER,NONE,,WAITING,NONE,
830,1,NONE,[],"{'CAMERA_1': [], 'CAMERA_2': [], 'CAMERA_3': []}",C_ENTERS,DOOR,NONE,,WAITING,NONE,S_NONE,SERVICE_COUNTER,NONE,,WAITING,NONE,
830,2,NONE,[],"{'CAMERA_1': [], 'CAMERA_2': [], 'CAMERA_3': []}",C_WALKS_TO_CAMERA,CAMERA_3,NONE,,WAITING,NONE,S_GREETS,CAMERA_3,NONE,can I help you?,FACE_TO_FACE,NONE,
830,3,CAMERA_2,['CAMERA_2'],"{'CAMERA_1': [], 'CAMERA_2': [], 'CAMERA_3': []}",C_LOOKING_FOR_A_CAMERA,CAMERA_3,NONE,hiker afternoon looking to buy a new camera,FACE_TO_FACE,NONE,S_INTRODUCES_CAMERA,CAMERA_2,,Let me show you this. Here we have the Fujifilm Lumix ILC Camera.,PRESENT_X,CAMERA_2,39~64
830,4,CAMERA_2,['CAMERA_2'],"{'CAMERA_1': [], 'CAMERA_2': ['settings'], 'CAMERA_3': []}",C_SILENT_OR_BACKCHANNEL,CAMERA_2,NONE,ok,PRESENT_X,CAMERA_2,S_INTRODUCES_FEATURE,CAMERA_2,settings,"This one has manual control and various automatic settings (video modeburst shooting, etc.).",PRESENT_X,CAMERA_2,13~91
830,5,NONE,['CAMERA_2'],"{'CAMERA_1': [], 'CAMERA_2': ['settings'], 'CAMERA_3': []}",C_THANK_YOU,CAMERA_2,NONE,well I think about it thank you,PRESENT_X,CAMERA_2,S_THANK_YOU,CAMERA_2,NONE,thank you very much.,FACE_TO_FACE,NONE,
830,6,NONE,['CAMERA_2'],"{'CAMERA_1': [], 'CAMERA_2': ['settings'], 'CAMERA_3': []}",C_LEAVES,DOOR,NONE,,FACE_TO_FACE,NONE,S_RETURNS_TO_COUNTER,SERVICE_COUNTER,NONE,,WAITING,NONE,
831,1,NONE,[],"{'CAMERA_1': [], 'CAMERA_2': [], 'CAMERA_3': []}",C_ENTERS,DOOR,NONE,,WAITING,NONE,S_NONE,SERVICE_COUNTER,NONE,,WAITING,NONE,
831,2,NONE,[],"{'CAMERA_1': [], 'CAMERA_2': [], 'CAMERA_3': []}",C_GREETS,MIDDLE,NONE,sorry I ask you something,WAITING,NONE,S_GREETS,MIDDLE,NONE,can I help you?,FACE_TO_FACE,NONE,
831,3,CAMERA_1,['CAMERA_1'],"{'CAMERA_1': [], 'CAMERA_2': [], 'CAMERA_3': []}",C_LOOKING_FOR_A_CAMERA,MIDDLE,NONE,I'm just browsing around just searching for a camera,FACE_TO_FACE,NONE,S_INTRODUCES_CAMERA,CAMERA_1,,Let me show you this. Here we have the Sony PowerShot ELPH DMC-ZS3.,PRESENT_X,CAMERA_1,39~66
831,4,CAMERA_1,['CAMERA_1'],"{'CAMERA_1': ['autofocus_points'], 'CAMERA_2': [], 'CAMERA_3': []}",C_SILENT_OR_BACKCHANNEL,CAMERA_1,NONE,ok not too bad not too bad,PRESENT_X,CAMERA_1,S_INTRODUCES_FEATURE,CAMERA_1,autofocus_points,This one has 135 autofocus points.,PRESENT_X,CAMERA_1,13~33
831,5,NONE,['CAMERA_1'],"{'CAMERA_1': ['autofocus_points'], 'CAMERA_2': [], 'CAMERA_3': []}",C_THANK_YOU,CAMERA_1,NONE,ok thank you very much you've been very helpful,PRESENT_X,CAMERA_1,S_THANK_YOU,CAMERA_1,NONE,thank you very much.,FACE_TO_FACE,NONE,
831,6,NONE,['CAMERA_1'],"{'CAMERA_1': ['autofocus_points'], 'CAMERA_2': [], 'CAMERA_3': []}",C_LEAVES,DOOR,NONE,,FACE_TO_FACE,NONE,S_RETURNS_TO_COUNTER,SERVICE_COUNTER,NONE,,WAITING,NONE,
832,1,NONE,[],"{'CAMERA_1': [], 'CAMERA_2': [], 'CAMERA_3': []}",C_ENTERS,DOOR,NONE,,WAITING,NONE,S_NONE,SERVICE_COUNTER,NONE,,WAITING,NONE,
832,2,NONE,[],"{'CAMERA_1': [], 'CAMERA_2': [], 'CAMERA_3': []}",C_GREETS,MIDDLE,NONE,excuse me,WAITING,NONE,S_GREETS,MIDDLE,NONE,can I help you?,FACE_TO_FACE,NONE,
832,3,CAMERA_3,['CAMERA_3'],"{'CAMERA_1': [], 'CAMERA_2': [], 'CAMERA_3': []}",C_LOOKING_FOR_A_CAMERA,MIDDLE,NONE,it's ok i am just looking around,FACE_TO_FACE,NONE,S_INTRODUCES_CAMERA,CAMERA_3,,Let me show you this. Here we have the Fujifilm PowerShot ELPH S2800.,PRESENT_X,CAMERA_3,39~68
832,4,CAMERA_3,['CAMERA_3'],"{'CAMERA_1': [], 'CAMERA_2': [], 'CAMERA_3': ['settings']}",C_QUESTION_ABOUT_FEATURE,CAMERA_3,settings,ok and manual settings how many manual settings does it have,PRESENT_X,CAMERA_3,S_ANSWERS_QUESTION_ABOUT_FEATURE,CAMERA_3,settings,"This one has manual control and various automatic settings (video modeburst shooting, etc.).",PRESENT_X,CAMERA_3,13~91
832,5,CAMERA_3,['CAMERA_3'],"{'CAMERA_1': [], 'CAMERA_2': [], 'CAMERA_3': ['settings', 'effects']}",C_QUESTION_ABOUT_FEATURE,CAMERA_3,effects,okay good how about the artistic effect mode what is that good,PRESENT_X,CAMERA_3,S_ANSWERS_QUESTION_ABOUT_FEATURE,CAMERA_3,effects,"This one has 21 photo effects (small face, retro, big eyes, etc.).",PRESENT_X,CAMERA_3,13~65
832,6,CAMERA_3,['CAMERA_3'],"{'CAMERA_1': [], 'CAMERA_2': [], 'CAMERA_3': ['settings', 'effects', 'long_exposure']}",C_QUESTION_ABOUT_FEATURE,CAMERA_3,long_exposure,what's the long exposure,PRESENT_X,CAMERA_3,S_ANSWERS_QUESTION_ABOUT_FEATURE,CAMERA_3,long_exposure,This one can take long exposures up to 30 minutes max with bulb mode.,PRESENT_X,CAMERA_3,39~68
832,7,CAMERA_1,"['CAMERA_3', 'CAMERA_1']","{'CAMERA_1': [], 'CAMERA_2': [], 'CAMERA_3': ['settings', 'effects', 'long_exposure']}",C_ANYTHING_ELSE_AVAILABLE,CAMERA_3,NONE,that's good that's okay I like it when do you have other models in this area,PRESENT_X,CAMERA_3,S_INTRODUCES_CAMERA,CAMERA_1,,Let me show you this. Here we have the Sony PowerShot ELPH DMC-ZS3.,PRESENT_X,CAMERA_1,39~66
832,8,CAMERA_1,"['CAMERA_3', 'CAMERA_1']","{'CAMERA_1': ['settings'], 'CAMERA_2': [], 'CAMERA_3': ['settings', 'effects', 'long_exposure']}",C_QUESTION_ABOUT_FEATURE,CAMERA_1,settings,is this full manual,PRESENT_X,CAMERA_1,S_ANSWERS_QUESTION_ABOUT_FEATURE,CAMERA_1,settings,This one has limited manual settings.,PRESENT_X,CAMERA_1,13~36
832,9,CAMERA_1,"['CAMERA_3', 'CAMERA_1']","{'CAMERA_1': ['settings', 'ISO'], 'CAMERA_2': [], 'CAMERA_3': ['settings', 'effects', 'long_exposure']}",C_SILENT_OR_BACKCHANNEL,CAMERA_1,NONE,IC,PRESENT_X,CAMERA_1,S_INTRODUCES_FEATURE,CAMERA_1,ISO,This one has up to 51200 ISO.,PRESENT_X,CAMERA_1,13~28
832,10,CAMERA_1,"['CAMERA_3', 'CAMERA_1']","{'CAMERA_1': ['settings', 'ISO', 'preset_modes'], 'CAMERA_2': [], 'CAMERA_3': ['settings', 'effects', 'long_exposure']}",C_QUESTION_ABOUT_FEATURE,CAMERA_1,preset_modes,do they have pet mode,PRESENT_X,CAMERA_1,S_NOT_SURE,CAMERA_1,,I'm not really sure about that.,PRESENT_X,CAMERA_1,
832,11,CAMERA_1,"['CAMERA_3', 'CAMERA_1']","{'CAMERA_1': ['settings', 'ISO', 'preset_modes', 'sensor_size'], 'CAMERA_2': [], 'CAMERA_3': ['settings', 'effects', 'long_exposure']}",C_SILENT_OR_BACKCHANNEL,CAMERA_1,NONE,that's nice how much is it,PRESENT_X,CAMERA_1,S_INTRODUCES_FEATURE,CAMERA_1,sensor_size,This one has a 1/2.3 inch CMOS sensor.,PRESENT_X,CAMERA_1,15~37
832,12,NONE,"['CAMERA_3', 'CAMERA_1']","{'CAMERA_1': ['settings', 'ISO', 'preset_modes', 'sensor_size'], 'CAMERA_2': [], 'CAMERA_3': ['settings', 'effects', 'long_exposure']}",C_THANK_YOU,CAMERA_1,NONE,thank you,PRESENT_X,CAMERA_1,S_THANK_YOU,CAMERA_1,NONE,thank you very much.,FACE_TO_FACE,NONE,
832,13,NONE,"['CAMERA_3', 'CAMERA_1']","{'CAMERA_1': ['settings', 'ISO', 'preset_modes', 'sensor_size'], 'CAMERA_2': [], 'CAMERA_3': ['settings', 'effects', 'long_exposure']}",C_LEAVES,DOOR,NONE,,FACE_TO_FACE,NONE,S_RETURNS_TO_COUNTER,SERVICE_COUNTER,NONE,,WAITING,NONE,
833,1,NONE,[],"{'CAMERA_1': [], 'CAMERA_2': [], 'CAMERA_3': []}",C_ENTERS,DOOR,NONE,,WAITING,NONE,S_NONE,SERVICE_COUNTER,NONE,,WAITING,NONE,
833,2,NONE,[],"{'CAMERA_1': [], 'CAMERA_2': [], 'CAMERA_3': []}",C_WALKS_TO_CAMERA,CAMERA_3,NONE,,WAITING,NONE,S_GREETS,CAMERA_3,NONE,can I help you?,FACE_TO_FACE,NONE,
833,3,CAMERA_1,['CAMERA_1'],"{'CAMERA_1': [], 'CAMERA_2': [], 'CAMERA_3': []}",C_LOOKING_FOR_A_CAMERA,CAMERA_3,NONE,yeah actually I did but I am looking for a better one,FACE_TO_FACE,NONE,S_INTRODUCES_CAMERA,CAMERA_1,,Let me show you this. Here we have the Sony PowerShot ELPH DMC-ZS3.,PRESENT_X,CAMERA_1,39~66
833,4,CAMERA_1,['CAMERA_1'],"{'CAMERA_1': ['long_exposure'], 'CAMERA_2': [], 'CAMERA_3': []}",C_SILENT_OR_BACKCHANNEL,CAMERA_1,NONE,okay,PRESENT_X,CAMERA_1,S_INTRODUCES_FEATURE,CAMERA_1,long_exposure,This one can take long exposures up to up to 15 seconds with Long Shutter Mode.,PRESENT_X,CAMERA_1,39~78
833,5,NONE,['CAMERA_1'],"{'CAMERA_1': ['long_exposure'], 'CAMERA_2': [], 'CAMERA_3': []}",C_THANK_YOU,CAMERA_1,NONE,thank you for your help,PRESENT_X,CAMERA_1,S_THANK_YOU,CAMERA_1,NONE,thank you very much.,FACE_TO_FACE,NONE,
833,6,NONE,['CAMERA_1'],"{'CAMERA_1': ['long_exposure'], 'CAMERA_2': [], 'CAMERA_3': []}",C_LEAVES,DOOR,NONE,,FACE_TO_FACE,NONE,S_RETURNS_TO_COUNTER,SERVICE_COUNTER,NONE,,WAITING,NONE,
834,1,NONE,[],"{'CAMERA_1': [], 'CAMERA_2': [], 'CAMERA_3': []}",C_ENTERS,DOOR,NONE,,WAITING,NONE,S_NONE,SERVICE_COUNTER,NONE,,WAITING,NONE,
834,2,NONE,[],"{'CAMERA_1': [], 'CAMERA_2': [], 'CAMERA_3': []}",C_GREETS,MIDDLE,NONE,hi,WAITING,NONE,S_GREETS,MIDDLE,NONE,can I help you?,FACE_TO_FACE,NONE,
834,3,CAMERA_1,['CAMERA_1'],"{'CAMERA_1': [], 'CAMERA_2': [], 'CAMERA_3': []}",C_LOOKING_FOR_A_CAMERA,MIDDLE,NONE,you know I want a good camera can you suggest me,FACE_TO_FACE,NONE,S_INTRODUCES_CAMERA,CAMERA_1,,Let me show you this. Here we have the Sony PowerShot ELPH DMC-ZS3.,PRESENT_X,CAMERA_1,39~66
834,4,CAMERA_1,['CAMERA_1'],"{'CAMERA_1': ['sensor_size'], 'CAMERA_2': [], 'CAMERA_3': []}",C_SILENT_OR_BACKCHANNEL,CAMERA_1,NONE,yeah sounds good,PRESENT_X,CAMERA_1,S_INTRODUCES_FEATURE,CAMERA_1,sensor_size,This one has a 1/2.3 inch CMOS sensor.,PRESENT_X,CAMERA_1,15~37
834,5,CAMERA_1,['CAMERA_1'],"{'CAMERA_1': ['sensor_size', 'price'], 'CAMERA_2': [], 'CAMERA_3': []}",C_SILENT_OR_BACKCHANNEL,CAMERA_1,NONE,yeah that looks good,PRESENT_X,CAMERA_1,S_INTRODUCES_FEATURE,CAMERA_1,price,This one costs $450.,PRESENT_X,CAMERA_1,15~19
834,6,CAMERA_1,['CAMERA_1'],"{'CAMERA_1': ['sensor_size', 'price', 'preset_modes'], 'CAMERA_2': [], 'CAMERA_3': []}",C_QUESTION_ABOUT_FEATURE,CAMERA_1,preset_modes,Is this support preset mode,PRESENT_X,CAMERA_1,S_NOT_SURE,CAMERA_1,,I'm not really sure about that.,PRESENT_X,CAMERA_1,
834,7,CAMERA_1,['CAMERA_1'],"{'CAMERA_1': ['sensor_size', 'price', 'preset_modes', 'long_exposure'], 'CAMERA_2': [], 'CAMERA_3': []}",C_SILENT_OR_BACKCHANNEL,CAMERA_1,NONE,yeah that sounds great to me I don't have to worry about the technical stuff,PRESENT_X,CAMERA_1,S_INTRODUCES_FEATURE,CAMERA_1,long_exposure,This one can take long exposures up to up to 15 seconds with Long Shutter Mode.,PRESENT_X,CAMERA_1,39~78
834,8,CAMERA_1,['CAMERA_1'],"{'CAMERA_1': ['sensor_size', 'price', 'preset_modes', 'long_exposure', 'autofocus_points'], 'CAMERA_2': [], 'CAMERA_3': []}",C_SILENT_OR_BACKCHANNEL,CAMERA_1,NONE,that's great,PRESENT_X,CAMERA_1,S_INTRODUCES_FEATURE,CAMERA_1,autofocus_points,This one has 135 autofocus points.,PRESENT_X,CAMERA_1,13~33
834,9,NONE,['CAMERA_1'],"{'CAMERA_1': ['sensor_size', 'price', 'preset_modes', 'long_exposure', 'autofocus_points'], 'CAMERA_2': [], 'CAMERA_3': []}",C_THANK_YOU,CAMERA_1,NONE,ok thanks,PRESENT_X,CAMERA_1,S_THANK_YOU,CAMERA_1,NONE,thank you very much.,FACE_TO_FACE,NONE,
834,10,NONE,['CAMERA_1'],"{'CAMERA_1': ['sensor_size', 'price', 'preset_modes', 'long_exposure', 'autofocus_points'], 'CAMERA_2': [], 'CAMERA_3': []}",C_LEAVES,DOOR,NONE,,FACE_TO_FACE,NONE,S_RETURNS_TO_COUNTER,SERVICE_COUNTER,NONE,,WAITING,NONE,
835,1,NONE,[],"{'CAMERA_1': [], 'CAMERA_2': [], 'CAMERA_3': []}",C_ENTERS,DOOR,NONE,,WAITING,NONE,S_NONE,SERVICE_COUNTER,NONE,,WAITING,NONE,
835,2,NONE,[],"{'CAMERA_1': [], 'CAMERA_2': [], 'CAMERA_3': []}",C_GREETS,MIDDLE,NONE,I'm sorry excuse me,WAITING,NONE,S_GREETS,MIDDLE,NONE,can I help you?,FACE_TO_FACE,NONE,
835,3,CAMERA_1,['CAMERA_1'],"{'CAMERA_1': [], 'CAMERA_2': [], 'CAMERA_3': []}",C_LOOKING_FOR_A_CAMERA,MIDDLE,NONE,oh hi I'm looking for a new camera I just broke mine,FACE_TO_FACE,NONE,S_INTRODUCES_CAMERA,CAMERA_1,,Let me show you this. Here we have the Sony PowerShot ELPH DMC-ZS3.,PRESENT_X,CAMERA_1,39~66
835,4,CAMERA_1,['CAMERA_1'],"{'CAMERA_1': ['preset_modes'], 'CAMERA_2': [], 'CAMERA_3': []}",C_QUESTION_ABOUT_FEATURE,CAMERA_1,preset_modes,does it have any preset modes,PRESENT_X,CAMERA_1,S_NOT_SURE,CAMERA_1,,I'm not really sure about that.,PRESENT_X,CAMERA_1,
835,5,CAMERA_1,['CAMERA_1'],"{'CAMERA_1': ['preset_modes', 'ISO'], 'CAMERA_2': [], 'CAMERA_3': []}",C_QUESTION_ABOUT_FEATURE,CAMERA_1,ISO,that's cool and what about the iso setting,PRESENT_X,CAMERA_1,S_ANSWERS_QUESTION_ABOUT_FEATURE,CAMERA_1,ISO,This one has up to 51200 ISO.,PRESENT_X,CAMERA_1,13~28
835,6,CAMERA_1,['CAMERA_1'],"{'CAMERA_1': ['preset_modes', 'ISO', 'optical_zoom'], 'CAMERA_2': [], 'CAMERA_3': []}",C_QUESTION_ABOUT_FEATURE,CAMERA_1,optical_zoom,does it have optical zoom,PRESENT_X,CAMERA_1,S_ANSWERS_QUESTION_ABOUT_FEATURE,CAMERA_1,optical_zoom,This one has 21x optical zoom.,PRESENT_X,CAMERA_1,13~29
835,7,CAMERA_1,['CAMERA_1'],"{'CAMERA_1': ['preset_modes', 'ISO', 'optical_zoom', 'camera_type'], 'CAMERA_2': [], 'CAMERA_3': []}",C_SILENT_OR_BACKCHANNEL,CAMERA_1,NONE,sounds pretty good,PRESENT_X,CAMERA_1,S_INTRODUCES_FEATURE,CAMERA_1,camera_type,This is a DSLR camera.,PRESENT_X,CAMERA_1,10~14
835,8,NONE,['CAMERA_1'],"{'CAMERA_1': ['preset_modes', 'ISO', 'optical_zoom', 'camera_type'], 'CAMERA_2': [], 'CAMERA_3': []}",C_THANK_YOU,CAMERA_1,NONE,well thank you very much,PRESENT_X,CAMERA_1,S_THANK_YOU,CAMERA_1,NONE,thank you very much.,FACE_TO_FACE,NONE,
835,9,NONE,['CAMERA_1'],"{'CAMERA_1': ['preset_modes', 'ISO', 'optical_zoom', 'camera_type'], 'CAMERA_2': [], 'CAMERA_3': []}",C_LEAVES,DOOR,NONE,,FACE_TO_FACE,NONE,S_RETURNS_TO_COUNTER,SERVICE_COUNTER,NONE,,WAITING,NONE,
836,1,NONE,[],"{'CAMERA_1': [], 'CAMERA_2': [], 'CAMERA_3': []}",C_ENTERS,DOOR,NONE,,WAITING,NONE,S_NONE,SERVICE_COUNTER,NONE,,WAITING,NONE,
836,2,NONE,[],"{'CAMERA_1': [], 'CAMERA_2': [], 'CAMERA_3': []}",C_GREETS,MIDDLE,NONE,use me,WAITING,NONE,S_GREETS,MIDDLE,NONE,can I help you?,FACE_TO_FACE,NONE,
836,3,CAMERA_3,['CAMERA_3'],"{'CAMERA_1': [], 'CAMERA_2': [], 'CAMERA_3': []}",C_LOOKING_FOR_A_CAMERA,MIDDLE,NONE,yeah actually I did but I am looking for a better one,FACE_TO_FACE,NONE,S_INTRODUCES_CAMERA,CAMERA_3,,Let me show you this. Here we have the Fujifilm PowerShot ELPH S2800.,PRESENT_X,CAMERA_3,39~68
836,4,CAMERA_3,['CAMERA_3'],"{'CAMERA_1': [], 'CAMERA_2': [], 'CAMERA_3': ['optical_zoom']}",C_QUESTION_ABOUT_FEATURE,CAMERA_3,optical_zoom,Sharp Images High and optical zoom does that mean the lens comes out,PRESENT_X,CAMERA_3,S_NOT_SURE,CAMERA_3,,I'm not really sure about that.,PRESENT_X,CAMERA_3,
836,5,CAMERA_3,['CAMERA_3'],"{'CAMERA_1': [], 'CAMERA_2': [], 'CAMERA_3': ['optical_zoom', 'color']}",C_QUESTION_ABOUT_FEATURE,CAMERA_3,color,how many colors does this icon coming,PRESENT_X,CAMERA_3,S_ANSWERS_QUESTION_ABOUT_FEATURE,CAMERA_3,color,"This one comes in purple, white, silver, blue, red, or pink.",PRESENT_X,CAMERA_3,18~59
836,6,CAMERA_3,['CAMERA_3'],"{'CAMERA_1': [], 'CAMERA_2': [], 'CAMERA_3': ['optical_zoom', 'color', 'ISO']}",C_QUESTION_ABOUT_FEATURE,CAMERA_3,ISO,oh that's great how about the iso settings,PRESENT_X,CAMERA_3,S_ANSWERS_QUESTION_ABOUT_FEATURE,CAMERA_3,ISO,This one has up to 3200 ISO with little noise.,PRESENT_X,CAMERA_3,13~45
836,7,CAMERA_3,['CAMERA_3'],"{'CAMERA_1': [], 'CAMERA_2': [], 'CAMERA_3': ['optical_zoom', 'color', 'ISO', 'preset_modes']}",C_QUESTION_ABOUT_FEATURE,CAMERA_3,preset_modes,does it have like candle mode,PRESENT_X,CAMERA_3,S_ANSWERS_QUESTION_ABOUT_FEATURE,CAMERA_3,preset_modes,This one has various preset modes.,PRESENT_X,CAMERA_3,13~33
836,8,CAMERA_3,['CAMERA_3'],"{'CAMERA_1': [], 'CAMERA_2': [], 'CAMERA_3': ['optical_zoom', 'color', 'ISO', 'preset_modes', 'camera_type']}",C_QUESTION_ABOUT_FEATURE,CAMERA_3,camera_type,is this a DSLR camera,PRESENT_X,CAMERA_3,S_ANSWERS_QUESTION_ABOUT_FEATURE,CAMERA_3,camera_type,This is a point and shoot camera.,PRESENT_X,CAMERA_3,10~25
836,9,NONE,['CAMERA_3'],"{'CAMERA_1': [], 'CAMERA_2': [], 'CAMERA_3': ['optical_zoom', 'color', 'ISO', 'preset_modes', 'camera_type']}",C_THANK_YOU,CAMERA_3,NONE,okay thanks a lot,PRESENT_X,CAMERA_3,S_THANK_YOU,CAMERA_3,NONE,thank you very much.,FACE_TO_FACE,NONE,
836,10,NONE,['CAMERA_3'],"{'CAMERA_1': [], 'CAMERA_2': [], 'CAMERA_3': ['optical_zoom', 'color', 'ISO', 'preset_modes', 'camera_type']}",C_LEAVES,DOOR,NONE,,FACE_TO_FACE,NONE,S_RETURNS_TO_COUNTER,SERVICE_COUNTER,NONE,,WAITING,NONE,
837,1,NONE,[],"{'CAMERA_1': [], 'CAMERA_2': [], 'CAMERA_3': []}",C_ENTERS,DOOR,NONE,,WAITING,NONE,S_NONE,SERVICE_COUNTER,NONE,,WAITING,NONE,
837,2,NONE,[],"{'CAMERA_1': [], 'CAMERA_2': [], 'CAMERA_3': []}",C_GREETS,MIDDLE,NONE,excuse me,WAITING,NONE,S_GREETS,MIDDLE,NONE,can I help you?,FACE_TO_FACE,NONE,
837,3,CAMERA_3,['CAMERA_3'],"{'CAMERA_1': [], 'CAMERA_2': [], 'CAMERA_3': []}",C_LOOKING_FOR_A_CAMERA,MIDDLE,NONE,I'm looking to buy a new camera how loose affordable,FACE_TO_FACE,NONE,S_INTRODUCES_CAMERA,CAMERA_3,,Let me show you this. Here we have the Fujifilm PowerShot ELPH S2800.,PRESENT_X,CAMERA_3,39~68
837,4,CAMERA_3,['CAMERA_3'],"{'CAMERA_1': [], 'CAMERA_2': [], 'CAMERA_3': ['autofocus_points']}",C_SILENT_OR_BACKCHANNEL,CAMERA_3,NONE,okay,PRESENT_X,CAMERA_3,S_INTRODUCES_FEATURE,CAMERA_3,autofocus_points,This one has 214 autofocus points.,PRESENT_X,CAMERA_3,13~33
837,5,NONE,['CAMERA_3'],"{'CAMERA_1': [], 'CAMERA_2': [], 'CAMERA_3': ['autofocus_points']}",C_THANK_YOU,CAMERA_3,NONE,thank you very much thank you,PRESENT_X,CAMERA_3,S_THANK_YOU,CAMERA_3,NONE,thank you very much.,FACE_TO_FACE,NONE,
837,6,NONE,['CAMERA_3'],"{'CAMERA_1': [], 'CAMERA_2': [], 'CAMERA_3': ['autofocus_points']}",C_LEAVES,DOOR,NONE,,FACE_TO_FACE,NONE,S_RETURNS_TO_COUNTER,SERVICE_COUNTER,NONE,,WAITING,NONE,
838,1,NONE,[],"{'CAMERA_1': [], 'CAMERA_2': [], 'CAMERA_3': []}",C_ENTERS,DOOR,NONE,,WAITING,NONE,S_NONE,SERVICE_COUNTER,NONE,,WAITING,NONE,
838,2,NONE,[],"{'CAMERA_1': [], 'CAMERA_2': [], 'CAMERA_3': []}",C_GREETS,MIDDLE,NONE,hi,WAITING,NONE,S_GREETS,MIDDLE,NONE,can I help you?,FACE_TO_FACE,NONE,
838,3,CAMERA_2,['CAMERA_2'],"{'CAMERA_1': [], 'CAMERA_2': [], 'CAMERA_3': []}",C_LOOKING_FOR_A_CAMERA,MIDDLE,NONE,I'm looking for a camera,FACE_TO_FACE,NONE,S_INTRODUCES_CAMERA,CAMERA_2,,Let me show you this. Here we have the Fujifilm Lumix ILC Camera.,PRESENT_X,CAMERA_2,39~64
838,4,CAMERA_2,['CAMERA_2'],"{'CAMERA_1': [], 'CAMERA_2': ['preset_modes'], 'CAMERA_3': []}",C_QUESTION_ABOUT_FEATURE,CAMERA_2,preset_modes,okay and does it have any menu settings,PRESENT_X,CAMERA_2,S_NOT_SURE,CAMERA_2,,I'm not really sure about that.,PRESENT_X,CAMERA_2,
838,5,CAMERA_2,['CAMERA_2'],"{'CAMERA_1': [], 'CAMERA_2': ['preset_modes', 'camera_type'], 'CAMERA_3': []}",C_SILENT_OR_BACKCHANNEL,CAMERA_2,NONE,IC,PRESENT_X,CAMERA_2,S_INTRODUCES_FEATURE,CAMERA_2,camera_type,This is a digital single lens mirrorless camera.,PRESENT_X,CAMERA_2,10~40
838,6,NONE,['CAMERA_2'],"{'CAMERA_1': [], 'CAMERA_2': ['preset_modes', 'camera_type'], 'CAMERA_3': []}",C_THANK_YOU,CAMERA_2,NONE,okay thank you,PRESENT_X,CAMERA_2,S_THANK_YOU,CAMERA_2,NONE,thank you very much.,FACE_TO_FACE,NONE,
838,7,NONE,['CAMERA_2'],"{'CAMERA_1': [], 'CAMERA_2': ['preset_modes', 'camera_type'], 'CAMERA_3': []}",C_LEAVES,DOOR,NONE,,FACE_TO_FACE,NONE,S_RETURNS_TO_COUNTER,SERVICE_COUNTER,NONE,,WAITING,NONE,
839,1,NONE,[],"{'CAMERA_1': [], 'CAMERA_2': [], 'CAMERA_3': []}",C_ENTERS,DOOR,NONE,,WAITING,NONE,S_NONE,SERVICE_COUNTER,NONE,,WAITING,NONE,
839,2,NONE,[],"{'CAMERA_1': [], 'CAMERA_2': [], 'CAMERA_3': []}",C_WALKS_TO_CAMERA,CAMERA_1,NONE,,WAITING,NONE,S_GREETS,CAMERA_1,NONE,can I help you?,FACE_TO_FACE,NONE,
839,3,CAMERA_3,['CAMERA_3'],"{'CAMERA_1': [], 'CAMERA_2': [], 'CAMERA_3': []}",C_LOOKING_FOR_A_CAMERA,CAMERA_1,NONE,hi Crafternoon I'm looking for a camera with very specific settings,FACE_TO_FACE,NONE,S_INTRODUCES_CAMERA,CAMERA_3,,Let me show you this. Here we have the Fujifilm PowerShot ELPH S2800.,PRESENT_X,CAMERA_3,39~68
839,4,CAMERA_3,['CAMERA_3'],"{'CAMERA_1': [], 'CAMERA_2': [], 'CAMERA_3': ['preset_modes']}",C_QUESTION_ABOUT_FEATURE,CAMERA_3,preset_modes,oh I see and what about the automatic settings I just wanted to press a button and take a picture,PRESENT_X,CAMERA_3,S_ANSWERS_QUESTION_ABOUT_FEATURE,CAMERA_3,preset_modes,This one has various preset modes.,PRESENT_X,CAMERA_3,13~33
839,5,CAMERA_3,['CAMERA_3'],"{'CAMERA_1': [], 'CAMERA_2': [], 'CAMERA_3': ['preset_modes', 'autofocus_points']}",C_SILENT_OR_BACKCHANNEL,CAMERA_3,NONE,nice,PRESENT_X,CAMERA_3,S_INTRODUCES_FEATURE,CAMERA_3,autofocus_points,This one has 214 autofocus points.,PRESENT_X,CAMERA_3,13~33
839,6,CAMERA_3,['CAMERA_3'],"{'CAMERA_1': [], 'CAMERA_2': [], 'CAMERA_3': ['preset_modes', 'autofocus_points', 'weight']}",C_SILENT_OR_BACKCHANNEL,CAMERA_3,NONE,okay,PRESENT_X,CAMERA_3,S_INTRODUCES_FEATURE,CAMERA_3,weight,This one weighs 820 grams.,PRESENT_X,CAMERA_3,16~25
839,7,CAMERA_3,['CAMERA_3'],"{'CAMERA_1': [], 'CAMERA_2': [], 'CAMERA_3': ['preset_modes', 'autofocus_points', 'weight', 'optical_zoom']}",C_QUESTION_ABOUT_FEATURE,CAMERA_3,optical_zoom,does it have optical zoom,PRESENT_X,CAMERA_3,S_NOT_SURE,CAMERA_3,,I'm not really sure about that.,PRESENT_X,CAMERA_3,
839,8,CAMERA_3,['CAMERA_3'],"{'CAMERA_1': [], 'CAMERA_2': [], 'CAMERA_3': ['preset_modes', 'autofocus_points', 'weight', 'optical_zoom', 'long_exposure']}",C_SILENT_OR_BACKCHANNEL,CAMERA_3,NONE,I said yeah ok,PRESENT_X,CAMERA_3,S_INTRODUCES_FEATURE,CAMERA_3,long_exposure,This one can take long exposures up to 30 minutes max with bulb mode.,PRESENT_X,CAMERA_3,39~68
839,9,CAMERA_3,['CAMERA_3'],"{'CAMERA_1': [], 'CAMERA_2': [], 'CAMERA_3': ['preset_modes', 'autofocus_points', 'weight', 'optical_zoom', 'long_exposure', 'sensor_size']}",C_QUESTION_ABOUT_FEATURE,CAMERA_3,sensor_size,what about the sensor size,PRESENT_X,CAMERA_3,S_ANSWERS_QUESTION_ABOUT_FEATURE,CAMERA_3,sensor_size,This one has a full frame.,PRESENT_X,CAMERA_3,15~25
839,10,CAMERA_3,['CAMERA_3'],"{'CAMERA_1': [], 'CAMERA_2': [], 'CAMERA_3': ['preset_modes', 'autofocus_points', 'weight', 'optical_zoom', 'long_exposure', 'sensor_size', 'price']}",C_SILENT_OR_BACKCHANNEL,CAMERA_3,NONE,great that's great I know what sits exercise,PRESENT_X,CAMERA_3,S_INTRODUCES_FEATURE,CAMERA_3,price,This one costs $518.,PRESENT_X,CAMERA_3,15~19
839,11,CAMERA_3,['CAMERA_3'],"{'CAMERA_1': [], 'CAMERA_2': [], 'CAMERA_3': ['preset_modes', 'autofocus_points', 'weight', 'optical_zoom', 'long_exposure', 'sensor_size', 'price', 'resolution']}",C_SILENT_OR_BACKCHANNEL,CAMERA_3,NONE,wow,PRESENT_X,CAMERA_3,S_INTRODUCES_FEATURE,CAMERA_3,resolution,This one has 23.2 megapixels resolution.,PRESENT_X,CAMERA_3,13~28
839,12,CAMERA_3,['CAMERA_3'],"{'CAMERA_1': [], 'CAMERA_2': [], 'CAMERA_3': ['preset_modes', 'autofocus_points', 'weight', 'optical_zoom', 'long_exposure', 'sensor_size', 'price', 'resolution', 'color']}",C_SILENT_OR_BACKCHANNEL,CAMERA_3,NONE,okay great can I use the thirty-second look into booster at ISO 3200,PRESENT_X,CAMERA_3,S_INTRODUCES_FEATURE,CAMERA_3,color,"This one comes in purple, white, silver, blue, red, or pink.",PRESENT_X,CAMERA_3,18~59
839,13,NONE,['CAMERA_3'],"{'CAMERA_1': [], 'CAMERA_2': [], 'CAMERA_3': ['preset_modes', 'autofocus_points', 'weight', 'optical_zoom', 'long_exposure', 'sensor_size', 'price', 'resolution', 'color']}",C_THANK_YOU,CAMERA_3,NONE,thank you very much okay thank you,PRESENT_X,CAMERA_3,S_THANK_YOU,CAMERA_3,NONE,thank you very much.,FACE_TO_FACE,NONE,
839,14,NONE,['CAMERA_3'],"{'CAMERA_1': [], 'CAMERA_2': [], 'CAMERA_3': ['preset_modes', 'autofocus_points', 'weight', 'optical_zoom', 'long_exposure', 'sensor_size', 'price', 'resolution', 'color']}",C_LEAVES,DOOR,NONE,,FACE_TO_FACE,NONE,S_RETURNS_TO_COUNTER,SERVICE_COUNTER,NONE,,WAITING,NONE,
840,1,NONE,[],"{'CAMERA_1': [], 'CAMERA_2': [], 'CAMERA_3': []}",C_ENTERS,DOOR,NONE,,WAITING,NONE,S_NONE,SERVICE_COUNTER,NONE,,WAITING,NONE,
840,2,NONE,[],"{'CAMERA_1': [], 'CAMERA_2': [], 'CAMERA_3': []}",C_WALKS_TO_CAMERA,CAMERA_2,NONE,,WAITING,NONE,S_GREETS,CAMERA_2,NONE,can I help you?,FACE_TO_FACE,NONE,
840,3,CAMERA_2,['CAMERA_2'],"{'CAMERA_1': [], 'CAMERA_2': [], 'CAMERA_3': []}",C_LOOKING_FOR_A_CAMERA,CAMERA_2,NONE,I'm just looking around,FACE_TO_FACE,NONE,S_INTRODUCES_CAMERA,CAMERA_2,,Let me show you this. Here we have the Fujifilm Lumix ILC Camera.,PRESENT_X,CAMERA_2,39~64
840,4,CAMERA_2,['CAMERA_2'],"{'CAMERA_1': [], 'CAMERA_2': ['effects'], 'CAMERA_3': []}",C_QUESTION_ABOUT_FEATURE,CAMERA_2,effects,how many autistic affect much does a half,PRESENT_X,CAMERA_2,S_ANSWERS_QUESTION_ABOUT_FEATURE,CAMERA_2,effects,"This one has 24 artistic effect modes (retro, lighter or darker skin tones, sepia, etc.).",PRESENT_X,CAMERA_2,13~88
840,5,CAMERA_2,['CAMERA_2'],"{'CAMERA_1': [], 'CAMERA_2': ['effects', 'color'], 'CAMERA_3': []}",C_SILENT_OR_BACKCHANNEL,CAMERA_2,NONE,huh,PRESENT_X,CAMERA_2,S_INTRODUCES_FEATURE,CAMERA_2,color,This one comes in white or pink.,PRESENT_X,CAMERA_2,18~31
840,6,CAMERA_1,"['CAMERA_2', 'CAMERA_1']","{'CAMERA_1': [], 'CAMERA_2': ['effects', 'color'], 'CAMERA_3': []}",C_ANYTHING_ELSE_AVAILABLE,CAMERA_2,NONE,that's good that's okay I like it when do you have other models in this area,PRESENT_X,CAMERA_2,S_INTRODUCES_CAMERA,CAMERA_1,,Let me show you this. Here we have the Sony PowerShot ELPH DMC-ZS3.,PRESENT_X,CAMERA_1,39~66
840,7,CAMERA_1,"['CAMERA_2', 'CAMERA_1']","{'CAMERA_1': ['effects'], 'CAMERA_2': ['effects', 'color'], 'CAMERA_3': []}",C_QUESTION_ABOUT_FEATURE,CAMERA_1,effects,what's the artistic effect mode,PRESENT_X,CAMERA_1,S_ANSWERS_QUESTION_ABOUT_FEATURE,CAMERA_1,effects,"This one has 24 glamor retouch effects (miniature, retro, toy camera, etc.).",PRESENT_X,CAMERA_1,13~75
840,8,CAMERA_3,"['CAMERA_2', 'CAMERA_1', 'CAMERA_3']","{'CAMERA_1': ['effects'], 'CAMERA_2': ['effects', 'color'], 'CAMERA_3': []}",C_ANYTHING_ELSE_AVAILABLE,CAMERA_1,NONE,can you recommend another camera similar to this,PRESENT_X,CAMERA_1,S_INTRODUCES_CAMERA,CAMERA_3,,Let me show you this. Here we have the Fujifilm PowerShot ELPH S2800.,PRESENT_X,CAMERA_3,39~68
840,9,CAMERA_3,"['CAMERA_2', 'CAMERA_1', 'CAMERA_3']","{'CAMERA_1': ['effects'], 'CAMERA_2': ['effects', 'color'], 'CAMERA_3': ['settings']}",C_QUESTION_ABOUT_FEATURE,CAMERA_3,settings,under what city is the setting on this phone,PRESENT_X,CAMERA_3,S_ANSWERS_QUESTION_ABOUT_FEATURE,CAMERA_3,settings,"This one has manual control and various automatic settings (video modeburst shooting, etc.).",PRESENT_X,CAMERA_3,13~91
840,10,CAMERA_3,"['CAMERA_2', 'CAMERA_1', 'CAMERA_3']","{'CAMERA_1': ['effects'], 'CAMERA_2': ['effects', 'color'], 'CAMERA_3': ['settings', 'price']}",C_QUESTION_ABOUT_FEATURE,CAMERA_3,price,what about the price,PRESENT_X,CAMERA_3,S_ANSWERS_QUESTION_ABOUT_FEATURE,CAMERA_3,price,This one costs $518.,PRESENT_X,CAMERA_3,15~19
840,11,CAMERA_3,"['CAMERA_2', 'CAMERA_1', 'CAMERA_3']","{'CAMERA_1': ['effects'], 'CAMERA_2': ['effects', 'color'], 'CAMERA_3': ['settings', 'price', 'effects']}",C_SILENT_OR_BACKCHANNEL,CAMERA_3,NONE,okay that sounds great,PRESENT_X,CAMERA_3,S_INTRODUCES_FEATURE,CAMERA_3,effects,"This one has 21 photo effects (small face, retro, big eyes, etc.).",PRESENT_X,CAMERA_3,13~65
840,12,CAMERA_3,"['CAMERA_2', 'CAMERA_1', 'CAMERA_3']","{'CAMERA_1': ['effects'], 'CAMERA_2': ['effects', 'color'], 'CAMERA_3': ['settings', 'price', 'effects', 'resolution']}",C_QUESTION_ABOUT_FEATURE,CAMERA_3,resolution,and how many megapixels does it have,PRESENT_X,CAMERA_3,S_ANSWERS_QUESTION_ABOUT_FEATURE,CAMERA_3,resolution,This one has 23.2 megapixels resolution.,PRESENT_X,CAMERA_3,13~28
840,13,NONE,"['CAMERA_2', 'CAMERA_1', 'CAMERA_3']","{'CAMERA_1': ['effects'], 'CAMERA_2': ['effects', 'color'], 'CAMERA_3': ['settings', 'price', 'effects', 'resolution']}",C_THANK_YOU,CAMERA_3,NONE,thank you,PRESENT_X,CAMERA_3,S_THANK_YOU,CAMERA_3,NONE,thank you very much.,FACE_TO_FACE,NONE,
840,14,NONE,"['CAMERA_2', 'CAMERA_1', 'CAMERA_3']","{'CAMERA_1': ['effects'], 'CAMERA_2': ['effects', 'color'], 'CAMERA_3': ['settings', 'price', 'effects', 'resolution']}",C_LEAVES,DOOR,NONE,,FACE_TO_FACE,NONE,S_RETURNS_TO_COUNTER,SERVICE_COUNTER,NONE,,WAITING,NONE,
841,1,NONE,[],"{'CAMERA_1': [], 'CAMERA_2': [], 'CAMERA_3': []}",C_ENTERS,DOOR,NONE,,WAITING,NONE,S_NONE,SERVICE_COUNTER,NONE,,WAITING,NONE,
841,2,NONE,[],"{'CAMERA_1': [], 'CAMERA_2': [], 'CAMERA_3': []}",C_GREETS,MIDDLE,NONE,excuse me,WAITING,NONE,S_GREETS,MIDDLE,NONE,can I help you?,FACE_TO_FACE,NONE,
841,3,CAMERA_1,['CAMERA_1'],"{'CAMERA_1': [], 'CAMERA_2': [], 'CAMERA_3': []}",C_LOOKING_FOR_A_CAMERA,MIDDLE,NONE,I'm looking for a camera,FACE_TO_FACE,NONE,S_INTRODUCES_CAMERA,CAMERA_1,,Let me show you this. Here we have the Sony PowerShot ELPH DMC-ZS3.,PRESENT_X,CAMERA_1,39~66
841,4,CAMERA_1,['CAMERA_1'],"{'CAMERA_1': ['weight'], 'CAMERA_2': [], 'CAMERA_3': []}",C_QUESTION_ABOUT_FEATURE,CAMERA_1,weight,okay I guess I should make it a lot like so how much does it weigh,PRESENT_X,CAMERA_1,S_ANSWERS_QUESTION_ABOUT_FEATURE,CAMERA_1,weight,This one weighs 800 grams.,PRESENT_X,CAMERA_1,16~25
841,5,CAMERA_1,['CAMERA_1'],"{'CAMERA_1': ['weight', 'resolution'], 'CAMERA_2': [], 'CAMERA_3': []}",C_QUESTION_ABOUT_FEATURE,CAMERA_1,resolution,What is the resolution on this camera,PRESENT_X,CAMERA_1,S_ANSWERS_QUESTION_ABOUT_FEATURE,CAMERA_1,resolution,This one has 17.8 megapixels resolution.,PRESENT_X,CAMERA_1,13~28
841,6,CAMERA_1,['CAMERA_1'],"{'CAMERA_1': ['weight', 'resolution', 'effects'], 'CAMERA_2': [], 'CAMERA_3': []}",C_QUESTION_ABOUT_FEATURE,CAMERA_1,effects,yeah but I don't really know that stuff does it have any effect modes,PRESENT_X,CAMERA_1,S_ANSWERS_QUESTION_ABOUT_FEATURE,CAMERA_1,effects,"This one has 24 glamor retouch effects (miniature, retro, toy camera, etc.).",PRESENT_X,CAMERA_1,13~75
841,7,CAMERA_3,"['CAMERA_1', 'CAMERA_3']","{'CAMERA_1': ['weight', 'resolution', 'effects'], 'CAMERA_2': [], 'CAMERA_3': []}",C_ANYTHING_ELSE_AVAILABLE,CAMERA_1,NONE,do you have any other cameras with preset mode,PRESENT_X,CAMERA_1,S_INTRODUCES_CAMERA,CAMERA_3,,Let me show you this. Here we have the Fujifilm PowerShot ELPH S2800.,PRESENT_X,CAMERA_3,39~68
841,8,CAMERA_3,"['CAMERA_1', 'CAMERA_3']","{'CAMERA_1': ['weight', 'resolution', 'effects'], 'CAMERA_2': [], 'CAMERA_3': ['color']}",C_QUESTION_ABOUT_FEATURE,CAMERA_3,color,do you know how many colors this camera has,PRESENT_X,CAMERA_3,S_ANSWERS_QUESTION_ABOUT_FEATURE,CAMERA_3,color,"This one comes in purple, white, silver, blue, red, or pink.",PRESENT_X,CAMERA_3,18~59
841,9,CAMERA_3,"['CAMERA_1', 'CAMERA_3']","{'CAMERA_1': ['weight', 'resolution', 'effects'], 'CAMERA_2': [], 'CAMERA_3': ['color', 'sensor_size']}",C_QUESTION_ABOUT_FEATURE,CAMERA_3,sensor_size,What is the synthesized of this camera,PRESENT_X,CAMERA_3,S_ANSWERS_QUESTION_ABOUT_FEATURE,CAMERA_3,sensor_size,This one has a full frame.,PRESENT_X,CAMERA_3,15~25
841,10,CAMERA_3,"['CAMERA_1', 'CAMERA_3']","{'CAMERA_1': ['weight', 'resolution', 'effects'], 'CAMERA_2': [], 'CAMERA_3': ['color', 'sensor_size', 'effects']}",C_QUESTION_ABOUT_FEATURE,CAMERA_3,effects,and how does the artistic effect Mode work,PRESENT_X,CAMERA_3,S_ANSWERS_QUESTION_ABOUT_FEATURE,CAMERA_3,effects,"This one has 21 photo effects (small face, retro, big eyes, etc.).",PRESENT_X,CAMERA_3,13~65
841,11,CAMERA_3,"['CAMERA_1', 'CAMERA_3']","{'CAMERA_1': ['weight', 'resolution', 'effects'], 'CAMERA_2': [], 'CAMERA_3': ['color', 'sensor_size', 'effects', 'resolution']}",C_QUESTION_ABOUT_FEATURE,CAMERA_3,resolution,how many megapixels does it have,PRESENT_X,CAMERA_3,S_ANSWERS_QUESTION_ABOUT_FEATURE,CAMERA_3,resolution,This one has 23.2 megapixels resolution.,PRESENT_X,CAMERA_3,13~28
841,12,CAMERA_3,"['CAMERA_1', 'CAMERA_3']","{'CAMERA_1': ['weight', 'resolution', 'effects'], 'CAMERA_2': [], 'CAMERA_3': ['color', 'sensor_size', 'effects', 'resolution', 'autofocus_points']}",C_QUESTION_ABOUT_FEATURE,CAMERA_3,autofocus_points,This one more expensive and it's heavier and it's got less autofocus points,PRESENT_X,CAMERA_3,S_ANSWERS_QUESTION_ABOUT_FEATURE,CAMERA_3,autofocus_points,This one has 214 autofocus points.,PRESENT_X,CAMERA_3,13~33
841,13,NONE,"['CAMERA_1', 'CAMERA_3']","{'CAMERA_1': ['weight', 'resolution', 'effects'], 'CAMERA_2': [], 'CAMERA_3': ['color', 'sensor_size', 'effects', 'resolution', 'autofocus_points']}",C_THANK_YOU,CAMERA_3,NONE,thank you you too have a great day,PRESENT_X,CAMERA_3,S_THANK_YOU,CAMERA_3,NONE,thank you very much.,FACE_TO_FACE,NONE,
841,14,NONE,"['CAMERA_1', 'CAMERA_3']","{'CAMERA_1': ['weight', 'resolution', 'effects'], 'CAMERA_2': [], 'CAMERA_3': ['color', 'sensor_size', 'effects', 'resolution', 'autofocus_points']}",C_LEAVES,DOOR,NONE,,FACE_TO_FACE,NONE,S_RETURNS_TO_COUNTER,SERVICE_COUNTER,NONE,,WAITING,NONE,
842,1,NONE,[],"{'CAMERA_1': [], 'CAMERA_2': [], 'CAMERA_3': []}",C_ENTERS,DOOR,NONE,,WAITING,NONE,S_NONE,SERVICE_COUNTER,NONE,,WAITING,NONE,
842,2,NONE,[],"{'CAMERA_1': [], 'CAMERA_2': [], 'CAMERA_3': []}",C_WALKS_TO_CAMERA,CAMERA_3,NONE,,WAITING,NONE,S_NONE,SERVICE_COUNTER,NONE,,WAITING,NONE,
842,3,CAMERA_3,['CAMERA_3'],"{'CAMERA_1': [], 'CAMERA_2': [], 'CAMERA_3': ['resolution']}",C_QUESTION_ABOUT_FEATURE,CAMERA_3,resolution,and how many megapixels does it have,WAITING,NONE,S_ANSWERS_QUESTION_ABOUT_FEATURE,CAMERA_3,resolution,This one has 23.2 megapixels resolution.,PRESENT_X,CAMERA_3,13~28
842,4,CAMERA_3,['CAMERA_3'],"{'CAMERA_1': [], 'CAMERA_2': [], 'CAMERA_3': ['resolution', 'optical_zoom']}",C_QUESTION_ABOUT_FEATURE,CAMERA_3,optical_zoom,how about the optical zoom,PRESENT_X,CAMERA_3,S_NOT_SURE,CAMERA_3,,I'm not really sure about that.,PRESENT_X,CAMERA_3,
842,5,CAMERA_1,"['CAMERA_3', 'CAMERA_1']","{'CAMERA_1': [], 'CAMERA_2': [], 'CAMERA_3': ['resolution', 'optical_zoom']}",C_ANYTHING_ELSE_AVAILABLE,CAMERA_3,NONE,do you have any other cameras like this,PRESENT_X,CAMERA_3,S_INTRODUCES_CAMERA,CAMERA_1,,Let me show you this. Here we have the Sony PowerShot ELPH DMC-ZS3.,PRESENT_X,CAMERA_1,39~66
842,6,CAMERA_1,"['CAMERA_3', 'CAMERA_1']","{'CAMERA_1': ['optical_zoom'], 'CAMERA_2': [], 'CAMERA_3': ['resolution', 'optical_zoom']}",C_QUESTION_ABOUT_FEATURE,CAMERA_1,optical_zoom,okay an optical zoom what does this,PRESENT_X,CAMERA_1,S_ANSWERS_QUESTION_ABOUT_FEATURE,CAMERA_1,optical_zoom,This one has 21x optical zoom.,PRESENT_X,CAMERA_1,13~29
842,7,CAMERA_1,"['CAMERA_3', 'CAMERA_1']","{'CAMERA_1': ['optical_zoom', 'price'], 'CAMERA_2': [], 'CAMERA_3': ['resolution', 'optical_zoom']}",C_SILENT_OR_BACKCHANNEL,CAMERA_1,NONE,that's good,PRESENT_X,CAMERA_1,S_INTRODUCES_FEATURE,CAMERA_1,price,This one costs $450.,PRESENT_X,CAMERA_1,15~19
842,8,CAMERA_1,"['CAMERA_3', 'CAMERA_1']","{'CAMERA_1': ['optical_zoom', 'price', 'settings'], 'CAMERA_2': [], 'CAMERA_3': ['resolution', 'optical_zoom']}",C_SILENT_OR_BACKCHANNEL,CAMERA_1,NONE,great,PRESENT_X,CAMERA_1,S_INTRODUCES_FEATURE,CAMERA_1,settings,This one has limited manual settings.,PRESENT_X,CAMERA_1,13~36
842,9,CAMERA_1,"['CAMERA_3', 'CAMERA_1']","{'CAMERA_1': ['optical_zoom', 'price', 'settings', 'camera_type'], 'CAMERA_2': [], 'CAMERA_3': ['resolution', 'optical_zoom']}",C_SILENT_OR_BACKCHANNEL,CAMERA_1,NONE,IC,PRESENT_X,CAMERA_1,S_INTRODUCES_FEATURE,CAMERA_1,camera_type,This is a DSLR camera.,PRESENT_X,CAMERA_1,10~14
842,10,CAMERA_1,"['CAMERA_3', 'CAMERA_1']","{'CAMERA_1': ['optical_zoom', 'price', 'settings', 'camera_type', 'color'], 'CAMERA_2': [], 'CAMERA_3': ['resolution', 'optical_zoom']}",C_SILENT_OR_BACKCHANNEL,CAMERA_1,NONE,okay that sounds good,PRESENT_X,CAMERA_1,S_INTRODUCES_FEATURE,CAMERA_1,color,This one comes in blue or black.,PRESENT_X,CAMERA_1,18~31
842,11,CAMERA_1,"['CAMERA_3', 'CAMERA_1']","{'CAMERA_1': ['optical_zoom', 'price', 'settings', 'camera_type', 'color', 'autofocus_points'], 'CAMERA_2': [], 'CAMERA_3': ['resolution', 'optical_zoom']}",C_SILENT_OR_BACKCHANNEL,CAMERA_1,NONE,I see,PRESENT_X,CAMERA_1,S_INTRODUCES_FEATURE,CAMERA_1,autofocus_points,This one has 135 autofocus points.,PRESENT_X,CAMERA_1,13~33
842,12,CAMERA_1,"['CAMERA_3', 'CAMERA_1']","{'CAMERA_1': ['optical_zoom', 'price', 'settings', 'camera_type', 'color', 'autofocus_points', 'ISO'], 'CAMERA_2': [], 'CAMERA_3': ['resolution', 'optical_zoom']}",C_SILENT_OR_BACKCHANNEL,CAMERA_1,NONE,ok,PRESENT_X,CAMERA_1,S_INTRODUCES_FEATURE,CAMERA_1,ISO,This one has up to 51200 ISO.,PRESENT_X,CAMERA_1,13~28
842,13,CAMERA_2,"['CAMERA_3', 'CAMERA_1', 'CAMERA_2']","{'CAMERA_1': ['optical_zoom', 'price', 'settings', 'camera_type', 'color', 'autofocus_points', 'ISO'], 'CAMERA_2': [], 'CAMERA_3': ['resolution', 'optical_zoom']}",C_ANYTHING_ELSE_AVAILABLE,CAMERA_1,NONE,Do you have any other cameras under $300,PRESENT_X,CAMERA_1,S_INTRODUCES_CAMERA,CAMERA_2,,Let me show you this. Here we have the Fujifilm Lumix ILC Camera.,PRESENT_X,CAMERA_2,39~64
842,14,CAMERA_2,"['CAMERA_3', 'CAMERA_1', 'CAMERA_2']","{'CAMERA_1': ['optical_zoom', 'price', 'settings', 'camera_type', 'color', 'autofocus_points', 'ISO'], 'CAMERA_2': ['settings'], 'CAMERA_3': ['resolution', 'optical_zoom']}",C_SILENT_OR_BACKCHANNEL,CAMERA_2,NONE,okay that's great to know so two thousand dollars how much do the lenses go for,PRESENT_X,CAMERA_2,S_INTRODUCES_FEATURE,CAMERA_2,settings,"This one has manual control and various automatic settings (video modeburst shooting, etc.).",PRESENT_X,CAMERA_2,13~91
842,15,NONE,"['CAMERA_3', 'CAMERA_1', 'CAMERA_2']","{'CAMERA_1': ['optical_zoom', 'price', 'settings', 'camera_type', 'color', 'autofocus_points', 'ISO'], 'CAMERA_2': ['settings'], 'CAMERA_3': ['resolution', 'optical_zoom']}",C_THANK_YOU,CAMERA_2,NONE,i see ok thanks,PRESENT_X,CAMERA_2,S_THANK_YOU,CAMERA_2,NONE,thank you very much.,FACE_TO_FACE,NONE,
842,16,NONE,"['CAMERA_3', 'CAMERA_1', 'CAMERA_2']","{'CAMERA_1': ['optical_zoom', 'price', 'settings', 'camera_type', 'color', 'autofocus_points', 'ISO'], 'CAMERA_2': ['settings'], 'CAMERA_3': ['resolution', 'optical_zoom']}",C_LEAVES,DOOR,NONE,,FACE_TO_FACE,NONE,S_RETURNS_TO_COUNTER,SERVICE_COUNTER,NONE,,WAITING,NONE,
843,1,NONE,[],"{'CAMERA_1': [], 'CAMERA_2': [], 'CAMERA_3': []}",C_ENTERS,DOOR,NONE,,WAITING,NONE,S_NONE,SERVICE_COUNTER,NONE,,WAITING,NONE,
843,2,NONE,[],"{'CAMERA_1': [], 'CAMERA_2': [], 'CAMERA_3': []}",C_WALKS_TO_CAMERA,CAMERA_1,NONE,,WAITING,NONE,S_GREETS,CAMERA_1,NONE,can I help you?,FACE_TO_FACE,NONE,
843,3,CAMERA_3,['CAMERA_3'],"{'CAMERA_1': [], 'CAMERA_2': [], 'CAMERA_3': []}",C_LOOKING_FOR_A_CAMERA,CAMERA_1,NONE,well I'm looking for camera,FACE_TO_FACE,NONE,S_INTRODUCES_CAMERA,CAMERA_3,,Let me show you this. Here we have the Fujifilm PowerShot ELPH S2800.,PRESENT_X,CAMERA_3,39~68
843,4,CAMERA_3,['CAMERA_3'],"{'CAMERA_1': [], 'CAMERA_2': [], 'CAMERA_3': ['effects']}",C_QUESTION_ABOUT_FEATURE,CAMERA_3,effects,okay that's a record and how many of those effects does it have,PRESENT_X,CAMERA_3,S_ANSWERS_QUESTION_ABOUT_FEATURE,CAMERA_3,effects,"This one has 21 photo effects (small face, retro, big eyes, etc.).",PRESENT_X,CAMERA_3,13~65
843,5,CAMERA_3,['CAMERA_3'],"{'CAMERA_1': [], 'CAMERA_2': [], 'CAMERA_3': ['effects', 'color']}",C_SILENT_OR_BACKCHANNEL,CAMERA_3,NONE,yeah yeah yeah,PRESENT_X,CAMERA_3,S_INTRODUCES_FEATURE,CAMERA_3,color,"This one comes in purple, white, silver, blue, red, or pink.",PRESENT_X,CAMERA_3,18~59
843,6,CAMERA_3,['CAMERA_3'],"{'CAMERA_1': [], 'CAMERA_2': [], 'CAMERA_3': ['effects', 'color', 'preset_modes']}",C_SILENT_OR_BACKCHANNEL,CAMERA_3,NONE,looks very good,PRESENT_X,CAMERA_3,S_INTRODUCES_FEATURE,CAMERA_3,preset_modes,This one has various preset modes.,PRESENT_X,CAMERA_3,13~33
843,7,NONE,['CAMERA_3'],"{'CAMERA_1': [], 'CAMERA_2': [], 'CAMERA_3': ['effects', 'color', 'preset_modes']}",C_THANK_YOU,CAMERA_3,NONE,well thank you very much for your help,PRESENT_X,CAMERA_3,S_THANK_YOU,CAMERA_3,NONE,thank you very much.,FACE_TO_FACE,NONE,
843,8,NONE,['CAMERA_3'],"{'CAMERA_1': [], 'CAMERA_2': [], 'CAMERA_3': ['effects', 'color', 'preset_modes']}",C_LEAVES,DOOR,NONE,,FACE_TO_FACE,NONE,S_RETURNS_TO_COUNTER,SERVICE_COUNTER,NONE,,WAITING,NONE,
844,1,NONE,[],"{'CAMERA_1': [], 'CAMERA_2': [], 'CAMERA_3': []}",C_ENTERS,DOOR,NONE,,WAITING,NONE,S_NONE,SERVICE_COUNTER,NONE,,WAITING,NONE,
844,2,NONE,[],"{'CAMERA_1': [], 'CAMERA_2': [], 'CAMERA_3': []}",C_GREETS,MIDDLE,NONE,scares me,WAITING,NONE,S_GREETS,MIDDLE,NONE,can I help you?,FACE_TO_FACE,NONE,
844,3,CAMERA_3,['CAMERA_3'],"{'CAMERA_1': [], 'CAMERA_2': [], 'CAMERA_3': []}",C_LOOKING_FOR_A_CAMERA,MIDDLE,NONE,I am looking for camera,FACE_TO_FACE,NONE,S_INTRODUCES_CAMERA,CAMERA_3,,Let me show you this. Here we have the Fujifilm PowerShot ELPH S2800.,PRESENT_X,CAMERA_3,39~68
844,4,CAMERA_3,['CAMERA_3'],"{'CAMERA_1': [], 'CAMERA_2': [], 'CAMERA_3': ['long_exposure']}",C_QUESTION_ABOUT_FEATURE,CAMERA_3,long_exposure,is the exposure over 20 seconds,PRESENT_X,CAMERA_3,S_ANSWERS_QUESTION_ABOUT_FEATURE,CAMERA_3,long_exposure,This one can take long exposures up to 30 minutes max with bulb mode.,PRESENT_X,CAMERA_3,39~68
844,5,CAMERA_3,['CAMERA_3'],"{'CAMERA_1': [], 'CAMERA_2': [], 'CAMERA_3': ['long_exposure', 'color']}",C_SILENT_OR_BACKCHANNEL,CAMERA_3,NONE,okay that sounds good,PRESENT_X,CAMERA_3,S_INTRODUCES_FEATURE,CAMERA_3,color,"This one comes in purple, white, silver, blue, red, or pink.",PRESENT_X,CAMERA_3,18~59
844,6,CAMERA_3,['CAMERA_3'],"{'CAMERA_1': [], 'CAMERA_2': [], 'CAMERA_3': ['long_exposure', 'color', 'settings']}",C_SILENT_OR_BACKCHANNEL,CAMERA_3,NONE,okay sounds great and lastly I worry about the out of focus,PRESENT_X,CAMERA_3,S_INTRODUCES_FEATURE,CAMERA_3,settings,"This one has manual control and various automatic settings (video modeburst shooting, etc.).",PRESENT_X,CAMERA_3,13~91
844,7,CAMERA_2,"['CAMERA_3', 'CAMERA_2']","{'CAMERA_1': [], 'CAMERA_2': [], 'CAMERA_3': ['long_exposure', 'color', 'settings']}",C_ANYTHING_ELSE_AVAILABLE,CAMERA_3,NONE,ok do you have any other cameras that can just look at,PRESENT_X,CAMERA_3,S_INTRODUCES_CAMERA,CAMERA_2,,Let me show you this. Here we have the Fujifilm Lumix ILC Camera.,PRESENT_X,CAMERA_2,39~64
844,8,CAMERA_2,"['CAMERA_3', 'CAMERA_2']","{'CAMERA_1': [], 'CAMERA_2': ['color'], 'CAMERA_3': ['long_exposure', 'color', 'settings']}",C_SILENT_OR_BACKCHANNEL,CAMERA_2,NONE,IC,PRESENT_X,CAMERA_2,S_INTRODUCES_FEATURE,CAMERA_2,color,This one comes in white or pink.,PRESENT_X,CAMERA_2,18~31
844,9,CAMERA_1,"['CAMERA_3', 'CAMERA_2', 'CAMERA_1']","{'CAMERA_1': [], 'CAMERA_2': ['color'], 'CAMERA_3': ['long_exposure', 'color', 'settings']}",C_ANYTHING_ELSE_AVAILABLE,CAMERA_2,NONE,Do you have other cameras that I could afford,PRESENT_X,CAMERA_2,S_INTRODUCES_CAMERA,CAMERA_1,,Let me show you this. Here we have the Sony PowerShot ELPH DMC-ZS3.,PRESENT_X,CAMERA_1,39~66
844,10,CAMERA_1,"['CAMERA_3', 'CAMERA_2', 'CAMERA_1']","{'CAMERA_1': ['effects'], 'CAMERA_2': ['color'], 'CAMERA_3': ['long_exposure', 'color', 'settings']}",C_QUESTION_ABOUT_FEATURE,CAMERA_1,effects,okay that's a record and how many of those effects does it have,PRESENT_X,CAMERA_1,S_ANSWERS_QUESTION_ABOUT_FEATURE,CAMERA_1,effects,"This one has 24 glamor retouch effects (miniature, retro, toy camera, etc.).",PRESENT_X,CAMERA_1,13~75
844,11,,"['CAMERA_3', 'CAMERA_2', 'CAMERA_1']","{'CAMERA_1': ['effects'], 'CAMERA_2': ['color'], 'CAMERA_3': ['long_exposure', 'color', 'settings']}",C_ANYTHING_ELSE_AVAILABLE,CAMERA_1,NONE,do you have any other cameras like this,PRESENT_X,CAMERA_1,S_THATS_ALL_WE_HAVE_AVAILABLE,CAMERA_1,,That's all we have available at the moment.,PRESENT_X,CAMERA_1,
844,12,NONE,"['CAMERA_3', 'CAMERA_2', 'CAMERA_1']","{'CAMERA_1': ['effects'], 'CAMERA_2': ['color'], 'CAMERA_3': ['long_exposure', 'color', 'settings']}",C_THANK_YOU,CAMERA_1,NONE,thank you,PRESENT_X,CAMERA_1,S_THANK_YOU,CAMERA_1,NONE,thank you very much.,FACE_TO_FACE,NONE,
844,13,NONE,"['CAMERA_3', 'CAMERA_2', 'CAMERA_1']","{'CAMERA_1': ['effects'], 'CAMERA_2': ['color'], 'CAMERA_3': ['long_exposure', 'color', 'settings']}",C_LEAVES,DOOR,NONE,,FACE_TO_FACE,NONE,S_RETURNS_TO_COUNTER,SERVICE_COUNTER,NONE,,WAITING,NONE,
845,1,NONE,[],"{'CAMERA_1': [], 'CAMERA_2': [], 'CAMERA_3': []}",C_ENTERS,DOOR,NONE,,WAITING,NONE,S_NONE,SERVICE_COUNTER,NONE,,WAITING,NONE,
845,2,NONE,[],"{'CAMERA_1': [], 'CAMERA_2': [], 'CAMERA_3': []}",C_WALKS_TO_CAMERA,CAMERA_1,NONE,,WAITING,NONE,S_GREETS,CAMERA_1,NONE,can I help you?,FACE_TO_FACE,NONE,
845,3,CAMERA_1,['CAMERA_1'],"{'CAMERA_1': [], 'CAMERA_2': [], 'CAMERA_3': []}",C_LOOKING_FOR_A_CAMERA,CAMERA_1,NONE,I'm looking to upgrade my old camera for one with a higher ISO,FACE_TO_FACE,NONE,S_INTRODUCES_CAMERA,CAMERA_1,,Let me show you this. Here we have the Sony PowerShot ELPH DMC-ZS3.,PRESENT_X,CAMERA_1,39~66
845,4,CAMERA_1,['CAMERA_1'],"{'CAMERA_1': ['price'], 'CAMERA_2': [], 'CAMERA_3': []}",C_QUESTION_ABOUT_FEATURE,CAMERA_1,price,how much does it cost,PRESENT_X,CAMERA_1,S_ANSWERS_QUESTION_ABOUT_FEATURE,CAMERA_1,price,This one costs $450.,PRESENT_X,CAMERA_1,15~19
845,5,CAMERA_1,['CAMERA_1'],"{'CAMERA_1': ['price', 'autofocus_points'], 'CAMERA_2': [], 'CAMERA_3': []}",C_QUESTION_ABOUT_FEATURE,CAMERA_1,autofocus_points,and how many autofocus points does it have,PRESENT_X,CAMERA_1,S_ANSWERS_QUESTION_ABOUT_FEATURE,CAMERA_1,autofocus_points,This one has 135 autofocus points.,PRESENT_X,CAMERA_1,13~33
845,6,CAMERA_1,['CAMERA_1'],"{'CAMERA_1': ['price', 'autofocus_points', 'ISO'], 'CAMERA_2': [], 'CAMERA_3': []}",C_SILENT_OR_BACKCHANNEL,CAMERA_1,NONE,ok let me see,PRESENT_X,CAMERA_1,S_INTRODUCES_FEATURE,CAMERA_1,ISO,This one has up to 51200 ISO.,PRESENT_X,CAMERA_1,13~28
845,7,CAMERA_1,['CAMERA_1'],"{'CAMERA_1': ['price', 'autofocus_points', 'ISO', 'weight'], 'CAMERA_2': [], 'CAMERA_3': []}",C_SILENT_OR_BACKCHANNEL,CAMERA_1,NONE,okay good,PRESENT_X,CAMERA_1,S_INTRODUCES_FEATURE,CAMERA_1,weight,This one weighs 800 grams.,PRESENT_X,CAMERA_1,16~25
845,8,CAMERA_1,['CAMERA_1'],"{'CAMERA_1': ['price', 'autofocus_points', 'ISO', 'weight', 'long_exposure'], 'CAMERA_2': [], 'CAMERA_3': []}",C_SILENT_OR_BACKCHANNEL,CAMERA_1,NONE,that's not bad,PRESENT_X,CAMERA_1,S_INTRODUCES_FEATURE,CAMERA_1,long_exposure,This one can take long exposures up to up to 15 seconds with Long Shutter Mode.,PRESENT_X,CAMERA_1,39~78
845,9,CAMERA_1,['CAMERA_1'],"{'CAMERA_1': ['price', 'autofocus_points', 'ISO', 'weight', 'long_exposure', 'sensor_size'], 'CAMERA_2': [], 'CAMERA_3': []}",C_SILENT_OR_BACKCHANNEL,CAMERA_1,NONE,ok,PRESENT_X,CAMERA_1,S_INTRODUCES_FEATURE,CAMERA_1,sensor_size,This one has a 1/2.3 inch CMOS sensor.,PRESENT_X,CAMERA_1,15~37
845,10,CAMERA_1,['CAMERA_1'],"{'CAMERA_1': ['price', 'autofocus_points', 'ISO', 'weight', 'long_exposure', 'sensor_size', 'settings'], 'CAMERA_2': [], 'CAMERA_3': []}",C_SILENT_OR_BACKCHANNEL,CAMERA_1,NONE,IC,PRESENT_X,CAMERA_1,S_INTRODUCES_FEATURE,CAMERA_1,settings,This one has limited manual settings.,PRESENT_X,CAMERA_1,13~36
845,11,NONE,['CAMERA_1'],"{'CAMERA_1': ['price', 'autofocus_points', 'ISO', 'weight', 'long_exposure', 'sensor_size', 'settings'], 'CAMERA_2': [], 'CAMERA_3': []}",C_THANK_YOU,CAMERA_1,NONE,thank you very much for your help,PRESENT_X,CAMERA_1,S_THANK_YOU,CAMERA_1,NONE,thank you very much.,FACE_TO_FACE,NONE,
845,12,NONE,['CAMERA_1'],"{'CAMERA_1': ['price', 'autofocus_points', 'ISO', 'weight', 'long_exposure', 'sensor_size', 'settings'], 'CAMERA_2': [], 'CAMERA_3': []}",C_LEAVES,DOOR,NONE,,FACE_TO_FACE,NONE,S_RETURNS_TO_COUNTER,SERVICE_COUNTER,NONE,,WAITING,NONE,
846,1,NONE,[],"{'CAMERA_1': [], 'CAMERA_2': [], 'CAMERA_3': []}",C_ENTERS,DOOR,NONE,,WAITING,NONE,S_NONE,SERVICE_COUNTER,NONE,,WAITING,NONE,
846,2,NONE,[],"{'CAMERA_1': [], 'CAMERA_2': [], 'CAMERA_3': []}",C_GREETS,MIDDLE,NONE,scares me,WAITING,NONE,S_GREETS,MIDDLE,NONE,can I help you?,FACE_TO_FACE,NONE,
846,3,CAMERA_3,['CAMERA_3'],"{'CAMERA_1': [], 'CAMERA_2': [], 'CAMERA_3': []}",C_LOOKING_FOR_A_CAMERA,MIDDLE,NONE,I want to buy I want to buy a camera but I'm not sure which I need,FACE_TO_FACE,NONE,S_INTRODUCES_CAMERA,CAMERA_3,,Let me show you this. Here we have the Fujifilm PowerShot ELPH S2800.,PRESENT_X,CAMERA_3,39~68
846,4,CAMERA_3,['CAMERA_3'],"{'CAMERA_1': [], 'CAMERA_2': [], 'CAMERA_3': ['resolution']}",C_SILENT_OR_BACKCHANNEL,CAMERA_3,NONE,Okay.,PRESENT_X,CAMERA_3,S_INTRODUCES_FEATURE,CAMERA_3,resolution,This one has 23.2 megapixels resolution.,PRESENT_X,CAMERA_3,13~28
846,5,NONE,['CAMERA_3'],"{'CAMERA_1': [], 'CAMERA_2': [], 'CAMERA_3': ['resolution']}",C_THANK_YOU,CAMERA_3,NONE,okay thanks,PRESENT_X,CAMERA_3,S_THANK_YOU,CAMERA_3,NONE,thank you very much.,FACE_TO_FACE,NONE,
846,6,NONE,['CAMERA_3'],"{'CAMERA_1': [], 'CAMERA_2': [], 'CAMERA_3': ['resolution']}",C_LEAVES,DOOR,NONE,,FACE_TO_FACE,NONE,S_RETURNS_TO_COUNTER,SERVICE_COUNTER,NONE,,WAITING,NONE,
847,1,NONE,[],"{'CAMERA_1': [], 'CAMERA_2': [], 'CAMERA_3': []}",C_ENTERS,DOOR,NONE,,WAITING,NONE,S_NONE,SERVICE_COUNTER,NONE,,WAITING,NONE,
847,2,NONE,[],"{'CAMERA_1': [], 'CAMERA_2': [], 'CAMERA_3': []}",C_WALKS_TO_CAMERA,CAMERA_2,NONE,,WAITING,NONE,S_GREETS,CAMERA_2,NONE,can I help you?,FACE_TO_FACE,NONE,
847,3,CAMERA_3,['CAMERA_3'],"{'CAMERA_1': [], 'CAMERA_2': [], 'CAMERA_3': []}",C_LOOKING_FOR_A_CAMERA,CAMERA_2,NONE,I'm looking for a new camera,FACE_TO_FACE,NONE,S_INTRODUCES_CAMERA,CAMERA_3,,Let me show you this. Here we have the Fujifilm PowerShot ELPH S2800.,PRESENT_X,CAMERA_3,39~68
847,4,CAMERA_3,['CAMERA_3'],"{'CAMERA_1': [], 'CAMERA_2': [], 'CAMERA_3': ['color']}",C_QUESTION_ABOUT_FEATURE,CAMERA_3,color,what color does it come in,PRESENT_X,CAMERA_3,S_ANSWERS_QUESTION_ABOUT_FEATURE,CAMERA_3,color,"This one comes in purple, white, silver, blue, red, or pink.",PRESENT_X,CAMERA_3,18~59
847,5,CAMERA_3,['CAMERA_3'],"{'CAMERA_1': [], 'CAMERA_2': [], 'CAMERA_3': ['color', 'autofocus_points']}",C_QUESTION_ABOUT_FEATURE,CAMERA_3,autofocus_points,How about auto focus points for this,PRESENT_X,CAMERA_3,S_ANSWERS_QUESTION_ABOUT_FEATURE,CAMERA_3,autofocus_points,This one has 214 autofocus points.,PRESENT_X,CAMERA_3,13~33
847,6,CAMERA_3,['CAMERA_3'],"{'CAMERA_1': [], 'CAMERA_2': [], 'CAMERA_3': ['color', 'autofocus_points', 'preset_modes']}",C_QUESTION_ABOUT_FEATURE,CAMERA_3,preset_modes,what's bulb mode,PRESENT_X,CAMERA_3,S_ANSWERS_QUESTION_ABOUT_FEATURE,CAMERA_3,preset_modes,This one has various preset modes.,PRESENT_X,CAMERA_3,13~33
847,7,CAMERA_3,['CAMERA_3'],"{'CAMERA_1': [], 'CAMERA_2': [], 'CAMERA_3': ['color', 'autofocus_points', 'preset_modes', 'settings']}",C_QUESTION_ABOUT_FEATURE,CAMERA_3,settings,is this full manual,PRESENT_X,CAMERA_3,S_ANSWERS_QUESTION_ABOUT_FEATURE,CAMERA_3,settings,"This one has manual control and various automatic settings (video modeburst shooting, etc.).",PRESENT_X,CAMERA_3,13~91
847,8,CAMERA_3,['CAMERA_3'],"{'CAMERA_1': [], 'CAMERA_2': [], 'CAMERA_3': ['color', 'autofocus_points', 'preset_modes', 'settings', 'price']}",C_SILENT_OR_BACKCHANNEL,CAMERA_3,NONE,that's nice how much is it,PRESENT_X,CAMERA_3,S_INTRODUCES_FEATURE,CAMERA_3,price,This one costs $518.,PRESENT_X,CAMERA_3,15~19
847,9,CAMERA_3,['CAMERA_3'],"{'CAMERA_1': [], 'CAMERA_2': [], 'CAMERA_3': ['color', 'autofocus_points', 'preset_modes', 'settings', 'price', 'ISO']}",C_QUESTION_ABOUT_FEATURE,CAMERA_3,ISO,how hot is the iso guns,PRESENT_X,CAMERA_3,S_ANSWERS_QUESTION_ABOUT_FEATURE,CAMERA_3,ISO,This one has up to 3200 ISO with little noise.,PRESENT_X,CAMERA_3,13~45
847,10,NONE,['CAMERA_3'],"{'CAMERA_1': [], 'CAMERA_2': [], 'CAMERA_3': ['color', 'autofocus_points', 'preset_modes', 'settings', 'price', 'ISO']}",C_THANK_YOU,CAMERA_3,NONE,ok thanks,PRESENT_X,CAMERA_3,S_THANK_YOU,CAMERA_3,NONE,thank you very much.,FACE_TO_FACE,NONE,
847,11,NONE,['CAMERA_3'],"{'CAMERA_1': [], 'CAMERA_2': [], 'CAMERA_3': ['color', 'autofocus_points', 'preset_modes', 'settings', 'price', 'ISO']}",C_LEAVES,DOOR,NONE,,FACE_TO_FACE,NONE,S_RETURNS_TO_COUNTER,SERVICE_COUNTER,NONE,,WAITING,NONE,
848,1,NONE,[],"{'CAMERA_1': [], 'CAMERA_2': [], 'CAMERA_3': []}",C_ENTERS,DOOR,NONE,,WAITING,NONE,S_NONE,SERVICE_COUNTER,NONE,,WAITING,NONE,
848,2,NONE,[],"{'CAMERA_1': [], 'CAMERA_2': [], 'CAMERA_3': []}",C_WALKS_TO_CAMERA,CAMERA_3,NONE,,WAITING,NONE,S_NONE,SERVICE_COUNTER,NONE,,WAITING,NONE,
848,3,CAMERA_3,['CAMERA_3'],"{'CAMERA_1': [], 'CAMERA_2': [], 'CAMERA_3': ['color']}",C_QUESTION_ABOUT_FEATURE,CAMERA_3,color,is there any other colors,WAITING,NONE,S_ANSWERS_QUESTION_ABOUT_FEATURE,CAMERA_3,color,"This one comes in purple, white, silver, blue, red, or pink.",PRESENT_X,CAMERA_3,18~59
848,4,CAMERA_3,['CAMERA_3'],"{'CAMERA_1': [], 'CAMERA_2': [], 'CAMERA_3': ['color', 'camera_type']}",C_QUESTION_ABOUT_FEATURE,CAMERA_3,camera_type,what kind of camera is this,PRESENT_X,CAMERA_3,S_ANSWERS_QUESTION_ABOUT_FEATURE,CAMERA_3,camera_type,This is a point and shoot camera.,PRESENT_X,CAMERA_3,10~25
848,5,CAMERA_3,['CAMERA_3'],"{'CAMERA_1': [], 'CAMERA_2': [], 'CAMERA_3': ['color', 'camera_type', 'ISO']}",C_QUESTION_ABOUT_FEATURE,CAMERA_3,ISO,ok also the iso rate,PRESENT_X,CAMERA_3,S_ANSWERS_QUESTION_ABOUT_FEATURE,CAMERA_3,ISO,This one has up to 3200 ISO with little noise.,PRESENT_X,CAMERA_3,13~45
848,6,CAMERA_2,"['CAMERA_3', 'CAMERA_2']","{'CAMERA_1': [], 'CAMERA_2': [], 'CAMERA_3': ['color', 'camera_type', 'ISO']}",C_ANYTHING_ELSE_AVAILABLE,CAMERA_3,NONE,do you have any other cameras like this,PRESENT_X,CAMERA_3,S_INTRODUCES_CAMERA,CAMERA_2,,Let me show you this. Here we have the Fujifilm Lumix ILC Camera.,PRESENT_X,CAMERA_2,39~64
848,7,CAMERA_2,"['CAMERA_3', 'CAMERA_2']","{'CAMERA_1': [], 'CAMERA_2': ['long_exposure'], 'CAMERA_3': ['color', 'camera_type', 'ISO']}",C_QUESTION_ABOUT_FEATURE,CAMERA_2,long_exposure,Is this support for long exposure,PRESENT_X,CAMERA_2,S_ANSWERS_QUESTION_ABOUT_FEATURE,CAMERA_2,long_exposure,This one can take long exposures up to 60 minutes max with bulb mode.,PRESENT_X,CAMERA_2,39~68
848,8,CAMERA_2,"['CAMERA_3', 'CAMERA_2']","{'CAMERA_1': [], 'CAMERA_2': ['long_exposure', 'optical_zoom'], 'CAMERA_3': ['color', 'camera_type', 'ISO']}",C_QUESTION_ABOUT_FEATURE,CAMERA_2,optical_zoom,does it have optical zoom,PRESENT_X,CAMERA_2,S_ANSWERS_QUESTION_ABOUT_FEATURE,CAMERA_2,optical_zoom,This one has 21x optical zoom.,PRESENT_X,CAMERA_2,13~29
848,9,CAMERA_2,"['CAMERA_3', 'CAMERA_2']","{'CAMERA_1': [], 'CAMERA_2': ['long_exposure', 'optical_zoom', 'resolution'], 'CAMERA_3': ['color', 'camera_type', 'ISO']}",C_QUESTION_ABOUT_FEATURE,CAMERA_2,resolution,Oh what kind of resolution to the house hun,PRESENT_X,CAMERA_2,S_ANSWERS_QUESTION_ABOUT_FEATURE,CAMERA_2,resolution,This one has 23.8 megapixels resolution.,PRESENT_X,CAMERA_2,13~28
848,10,CAMERA_2,"['CAMERA_3', 'CAMERA_2']","{'CAMERA_1': [], 'CAMERA_2': ['long_exposure', 'optical_zoom', 'resolution', 'sensor_size'], 'CAMERA_3': ['color', 'camera_type', 'ISO']}",C_QUESTION_ABOUT_FEATURE,CAMERA_2,sensor_size,oh this looks very good actually what is the size of the sensor of this camera,PRESENT_X,CAMERA_2,S_ANSWERS_QUESTION_ABOUT_FEATURE,CAMERA_2,sensor_size,This one has a 1/2.33 inch sensor.,PRESENT_X,CAMERA_2,15~33
848,11,CAMERA_2,"['CAMERA_3', 'CAMERA_2']","{'CAMERA_1': [], 'CAMERA_2': ['long_exposure', 'optical_zoom', 'resolution', 'sensor_size', 'weight'], 'CAMERA_3': ['color', 'camera_type', 'ISO']}",C_SILENT_OR_BACKCHANNEL,CAMERA_2,NONE,interesting,PRESENT_X,CAMERA_2,S_INTRODUCES_FEATURE,CAMERA_2,weight,This one weighs 820 grams.,PRESENT_X,CAMERA_2,16~25
848,12,CAMERA_2,"['CAMERA_3', 'CAMERA_2']","{'CAMERA_1': [], 'CAMERA_2': ['long_exposure', 'optical_zoom', 'resolution', 'sensor_size', 'weight', 'settings'], 'CAMERA_3': ['color', 'camera_type', 'ISO']}",C_QUESTION_ABOUT_FEATURE,CAMERA_2,settings,I mainly shoot in manual mode is that capable,PRESENT_X,CAMERA_2,S_ANSWERS_QUESTION_ABOUT_FEATURE,CAMERA_2,settings,"This one has manual control and various automatic settings (video modeburst shooting, etc.).",PRESENT_X,CAMERA_2,13~91
848,13,CAMERA_2,"['CAMERA_3', 'CAMERA_2']","{'CAMERA_1': [], 'CAMERA_2': ['long_exposure', 'optical_zoom', 'resolution', 'sensor_size', 'weight', 'settings', 'price'], 'CAMERA_3': ['color', 'camera_type', 'ISO']}",C_SILENT_OR_BACKCHANNEL,CAMERA_2,NONE,alright,PRESENT_X,CAMERA_2,S_INTRODUCES_FEATURE,CAMERA_2,price,This one costs $768.,PRESENT_X,CAMERA_2,15~19
848,14,CAMERA_2,"['CAMERA_3', 'CAMERA_2']","{'CAMERA_1': [], 'CAMERA_2': ['long_exposure', 'optical_zoom', 'resolution', 'sensor_size', 'weight', 'settings', 'price', 'effects'], 'CAMERA_3': ['color', 'camera_type', 'ISO']}",C_QUESTION_ABOUT_FEATURE,CAMERA_2,effects,and what about this artistic artistic effect mode ,PRESENT_X,CAMERA_2,S_ANSWERS_QUESTION_ABOUT_FEATURE,CAMERA_2,effects,"This one has 24 artistic effect modes (retro, lighter or darker skin tones, sepia, etc.).",PRESENT_X,CAMERA_2,13~88
848,15,CAMERA_2,"['CAMERA_3', 'CAMERA_2']","{'CAMERA_1': [], 'CAMERA_2': ['long_exposure', 'optical_zoom', 'resolution', 'sensor_size', 'weight', 'settings', 'price', 'effects', 'color'], 'CAMERA_3': ['color', 'camera_type', 'ISO']}",C_SILENT_OR_BACKCHANNEL,CAMERA_2,NONE,not too bad,PRESENT_X,CAMERA_2,S_INTRODUCES_FEATURE,CAMERA_2,color,This one comes in white or pink.,PRESENT_X,CAMERA_2,18~31
848,16,NONE,"['CAMERA_3', 'CAMERA_2']","{'CAMERA_1': [], 'CAMERA_2': ['long_exposure', 'optical_zoom', 'resolution', 'sensor_size', 'weight', 'settings', 'price', 'effects', 'color'], 'CAMERA_3': ['color', 'camera_type', 'ISO']}",C_THANK_YOU,CAMERA_2,NONE,okay thanks,PRESENT_X,CAMERA_2,S_THANK_YOU,CAMERA_2,NONE,thank you very much.,FACE_TO_FACE,NONE,
848,17,NONE,"['CAMERA_3', 'CAMERA_2']","{'CAMERA_1': [], 'CAMERA_2': ['long_exposure', 'optical_zoom', 'resolution', 'sensor_size', 'weight', 'settings', 'price', 'effects', 'color'], 'CAMERA_3': ['color', 'camera_type', 'ISO']}",C_LEAVES,DOOR,NONE,,FACE_TO_FACE,NONE,S_RETURNS_TO_COUNTER,SERVICE_COUNTER,NONE,,WAITING,NONE,
849,1,NONE,[],"{'CAMERA_1': [], 'CAMERA_2': [], 'CAMERA_3': []}",C_ENTERS,DOOR,NONE,,WAITING,NONE,S_NONE,SERVICE_COUNTER,NONE,,WAITING,NONE,
849,2,NONE,[],"{'CAMERA_1': [], 'CAMERA_2': [], 'CAMERA_3': []}",C_GREETS,MIDDLE,NONE,excuse me,WAITING,NONE,S_GREETS,MIDDLE,NONE,can I help you?,FACE_TO_FACE,NONE,
849,3,CAMERA_2,['CAMERA_2'],"{'CAMERA_1': [], 'CAMERA_2': [], 'CAMERA_3': []}",C_LOOKING_FOR_A_CAMERA,MIDDLE,NONE,I'm looking for a mid mid range priced camera,FACE_TO_FACE,NONE,S_INTRODUCES_CAMERA,CAMERA_2,,Let me show you this. Here we have the Fujifilm Lumix ILC Camera.,PRESENT_X,CAMERA_2,39~64
849,4,CAMERA_2,['CAMERA_2'],"{'CAMERA_1': [], 'CAMERA_2': ['long_exposure'], 'CAMERA_3': []}",C_QUESTION_ABOUT_FEATURE,CAMERA_2,long_exposure,what's up with the long exposure,PRESENT_X,CAMERA_2,S_ANSWERS_QUESTION_ABOUT_FEATURE,CAMERA_2,long_exposure,This one can take long exposures up to 60 minutes max with bulb mode.,PRESENT_X,CAMERA_2,39~68
849,5,CAMERA_2,['CAMERA_2'],"{'CAMERA_1': [], 'CAMERA_2': ['long_exposure', 'preset_modes'], 'CAMERA_3': []}",C_QUESTION_ABOUT_FEATURE,CAMERA_2,preset_modes,what about the modes,PRESENT_X,CAMERA_2,S_NOT_SURE,CAMERA_2,,I'm not really sure about that.,PRESENT_X,CAMERA_2,
849,6,CAMERA_2,['CAMERA_2'],"{'CAMERA_1': [], 'CAMERA_2': ['long_exposure', 'preset_modes', 'sensor_size'], 'CAMERA_3': []}",C_QUESTION_ABOUT_FEATURE,CAMERA_2,sensor_size,oh this looks very good actually what is the size of the sensor of this camera,PRESENT_X,CAMERA_2,S_ANSWERS_QUESTION_ABOUT_FEATURE,CAMERA_2,sensor_size,This one has a 1/2.33 inch sensor.,PRESENT_X,CAMERA_2,15~33
849,7,CAMERA_2,['CAMERA_2'],"{'CAMERA_1': [], 'CAMERA_2': ['long_exposure', 'preset_modes', 'sensor_size', 'price'], 'CAMERA_3': []}",C_QUESTION_ABOUT_FEATURE,CAMERA_2,price,how much is it,PRESENT_X,CAMERA_2,S_ANSWERS_QUESTION_ABOUT_FEATURE,CAMERA_2,price,This one costs $768.,PRESENT_X,CAMERA_2,15~19
849,8,CAMERA_1,"['CAMERA_2', 'CAMERA_1']","{'CAMERA_1': [], 'CAMERA_2': ['long_exposure', 'preset_modes', 'sensor_size', 'price'], 'CAMERA_3': []}",C_ANYTHING_ELSE_AVAILABLE,CAMERA_2,NONE,do you have any other cameras that are in this kind,PRESENT_X,CAMERA_2,S_INTRODUCES_CAMERA,CAMERA_1,,Let me show you this. Here we have the Sony PowerShot ELPH DMC-ZS3.,PRESENT_X,CAMERA_1,39~66
849,9,CAMERA_1,"['CAMERA_2', 'CAMERA_1']","{'CAMERA_1': ['price'], 'CAMERA_2': ['long_exposure', 'preset_modes', 'sensor_size', 'price'], 'CAMERA_3': []}",C_QUESTION_ABOUT_FEATURE,CAMERA_1,price,how much does a whale together,PRESENT_X,CAMERA_1,S_ANSWERS_QUESTION_ABOUT_FEATURE,CAMERA_1,price,This one costs $450.,PRESENT_X,CAMERA_1,15~19
849,10,CAMERA_1,"['CAMERA_2', 'CAMERA_1']","{'CAMERA_1': ['price', 'camera_type'], 'CAMERA_2': ['long_exposure', 'preset_modes', 'sensor_size', 'price'], 'CAMERA_3': []}",C_QUESTION_ABOUT_FEATURE,CAMERA_1,camera_type,is this a point and shoot camera,PRESENT_X,CAMERA_1,S_ANSWERS_QUESTION_ABOUT_FEATURE,CAMERA_1,camera_type,This is a DSLR camera.,PRESENT_X,CAMERA_1,10~14
849,11,CAMERA_1,"['CAMERA_2', 'CAMERA_1']","{'CAMERA_1': ['price', 'camera_type', 'effects'], 'CAMERA_2': ['long_exposure', 'preset_modes', 'sensor_size', 'price'], 'CAMERA_3': []}",C_QUESTION_ABOUT_FEATURE,CAMERA_1,effects,and what about this artistic artistic effect mode ,PRESENT_X,CAMERA_1,S_ANSWERS_QUESTION_ABOUT_FEATURE,CAMERA_1,effects,"This one has 24 glamor retouch effects (miniature, retro, toy camera, etc.).",PRESENT_X,CAMERA_1,13~75
849,12,CAMERA_3,"['CAMERA_2', 'CAMERA_1', 'CAMERA_3']","{'CAMERA_1': ['price', 'camera_type', 'effects'], 'CAMERA_2': ['long_exposure', 'preset_modes', 'sensor_size', 'price'], 'CAMERA_3': []}",C_ANYTHING_ELSE_AVAILABLE,CAMERA_1,NONE,So this is the only model you have in your shop,PRESENT_X,CAMERA_1,S_INTRODUCES_CAMERA,CAMERA_3,,Let me show you this. Here we have the Fujifilm PowerShot ELPH S2800.,PRESENT_X,CAMERA_3,39~68
849,13,CAMERA_3,"['CAMERA_2', 'CAMERA_1', 'CAMERA_3']","{'CAMERA_1': ['price', 'camera_type', 'effects'], 'CAMERA_2': ['long_exposure', 'preset_modes', 'sensor_size', 'price'], 'CAMERA_3': ['sensor_size']}",C_SILENT_OR_BACKCHANNEL,CAMERA_3,NONE,ok let's see,PRESENT_X,CAMERA_3,S_INTRODUCES_FEATURE,CAMERA_3,sensor_size,This one has a full frame.,PRESENT_X,CAMERA_3,15~25
849,14,CAMERA_3,"['CAMERA_2', 'CAMERA_1', 'CAMERA_3']","{'CAMERA_1': ['price', 'camera_type', 'effects'], 'CAMERA_2': ['long_exposure', 'preset_modes', 'sensor_size', 'price'], 'CAMERA_3': ['sensor_size', 'color']}",C_SILENT_OR_BACKCHANNEL,CAMERA_3,NONE,you're actually it's the way is feels really nice,PRESENT_X,CAMERA_3,S_INTRODUCES_FEATURE,CAMERA_3,color,"This one comes in purple, white, silver, blue, red, or pink.",PRESENT_X,CAMERA_3,18~59
849,15,CAMERA_3,"['CAMERA_2', 'CAMERA_1', 'CAMERA_3']","{'CAMERA_1': ['price', 'camera_type', 'effects'], 'CAMERA_2': ['long_exposure', 'preset_modes', 'sensor_size', 'price'], 'CAMERA_3': ['sensor_size', 'color', 'long_exposure']}",C_QUESTION_ABOUT_FEATURE,CAMERA_3,long_exposure,I see and can you please tell me about the long exposure,PRESENT_X,CAMERA_3,S_ANSWERS_QUESTION_ABOUT_FEATURE,CAMERA_3,long_exposure,This one can take long exposures up to 30 minutes max with bulb mode.,PRESENT_X,CAMERA_3,39~68
849,16,CAMERA_3,"['CAMERA_2', 'CAMERA_1', 'CAMERA_3']","{'CAMERA_1': ['price', 'camera_type', 'effects'], 'CAMERA_2': ['long_exposure', 'preset_modes', 'sensor_size', 'price'], 'CAMERA_3': ['sensor_size', 'color', 'long_exposure', 'effects']}",C_QUESTION_ABOUT_FEATURE,CAMERA_3,effects,what about the artistic effect,PRESENT_X,CAMERA_3,S_ANSWERS_QUESTION_ABOUT_FEATURE,CAMERA_3,effects,"This one has 21 photo effects (small face, retro, big eyes, etc.).",PRESENT_X,CAMERA_3,13~65
849,17,CAMERA_3,"['CAMERA_2', 'CAMERA_1', 'CAMERA_3']","{'CAMERA_1': ['price', 'camera_type', 'effects'], 'CAMERA_2': ['long_exposure', 'preset_modes', 'sensor_size', 'price'], 'CAMERA_3': ['sensor_size', 'color', 'long_exposure', 'effects', 'autofocus_points']}",C_QUESTION_ABOUT_FEATURE,CAMERA_3,autofocus_points,how many autofocus points does it have,PRESENT_X,CAMERA_3,S_ANSWERS_QUESTION_ABOUT_FEATURE,CAMERA_3,autofocus_points,This one has 214 autofocus points.,PRESENT_X,CAMERA_3,13~33
849,18,CAMERA_3,"['CAMERA_2', 'CAMERA_1', 'CAMERA_3']","{'CAMERA_1': ['price', 'camera_type', 'effects'], 'CAMERA_2': ['long_exposure', 'preset_modes', 'sensor_size', 'price'], 'CAMERA_3': ['sensor_size', 'color', 'long_exposure', 'effects', 'autofocus_points', 'camera_type']}",C_QUESTION_ABOUT_FEATURE,CAMERA_3,camera_type,Is this a mirrorless camera?,PRESENT_X,CAMERA_3,S_ANSWERS_QUESTION_ABOUT_FEATURE,CAMERA_3,camera_type,This is a point and shoot camera.,PRESENT_X,CAMERA_3,10~25
849,19,CAMERA_3,"['CAMERA_2', 'CAMERA_1', 'CAMERA_3']","{'CAMERA_1': ['price', 'camera_type', 'effects'], 'CAMERA_2': ['long_exposure', 'preset_modes', 'sensor_size', 'price'], 'CAMERA_3': ['sensor_size', 'color', 'long_exposure', 'effects', 'autofocus_points', 'camera_type', 'resolution']}",C_SILENT_OR_BACKCHANNEL,CAMERA_3,NONE,alright,PRESENT_X,CAMERA_3,S_INTRODUCES_FEATURE,CAMERA_3,resolution,This one has 23.2 megapixels resolution.,PRESENT_X,CAMERA_3,13~28
849,20,NONE,"['CAMERA_2', 'CAMERA_1', 'CAMERA_3']","{'CAMERA_1': ['price', 'camera_type', 'effects'], 'CAMERA_2': ['long_exposure', 'preset_modes', 'sensor_size', 'price'], 'CAMERA_3': ['sensor_size', 'color', 'long_exposure', 'effects', 'autofocus_points', 'camera_type', 'resolution']}",C_THANK_YOU,CAMERA_3,NONE,thank you,PRESENT_X,CAMERA_3,S_THANK_YOU,CAMERA_3,NONE,thank you very much.,FACE_TO_FACE,NONE,
849,21,NONE,"['CAMERA_2', 'CAMERA_1', 'CAMERA_3']","{'CAMERA_1': ['price', 'camera_type', 'effects'], 'CAMERA_2': ['long_exposure', 'preset_modes', 'sensor_size', 'price'], 'CAMERA_3': ['sensor_size', 'color', 'long_exposure', 'effects', 'autofocus_points', 'camera_type', 'resolution']}",C_LEAVES,DOOR,NONE,,FACE_TO_FACE,NONE,S_RETURNS_TO_COUNTER,SERVICE_COUNTER,NONE,,WAITING,NONE,
850,1,NONE,[],"{'CAMERA_1': [], 'CAMERA_2': [], 'CAMERA_3': []}",C_ENTERS,DOOR,NONE,,WAITING,NONE,S_NONE,SERVICE_COUNTER,NONE,,WAITING,NONE,
850,2,NONE,[],"{'CAMERA_1': [], 'CAMERA_2': [], 'CAMERA_3': []}",C_WALKS_TO_CAMERA,CAMERA_2,NONE,,WAITING,NONE,S_GREETS,CAMERA_2,NONE,can I help you?,FACE_TO_FACE,NONE,
850,3,CAMERA_1,['CAMERA_1'],"{'CAMERA_1': [], 'CAMERA_2': [], 'CAMERA_3': []}",C_LOOKING_FOR_A_CAMERA,CAMERA_2,NONE,I'm looking for an advanced mode camera,FACE_TO_FACE,NONE,S_INTRODUCES_CAMERA,CAMERA_1,,Let me show you this. Here we have the Sony PowerShot ELPH DMC-ZS3.,PRESENT_X,CAMERA_1,39~66
850,4,CAMERA_1,['CAMERA_1'],"{'CAMERA_1': ['ISO'], 'CAMERA_2': [], 'CAMERA_3': []}",C_SILENT_OR_BACKCHANNEL,CAMERA_1,NONE,nice,PRESENT_X,CAMERA_1,S_INTRODUCES_FEATURE,CAMERA_1,ISO,This one has up to 51200 ISO.,PRESENT_X,CAMERA_1,13~28
850,5,CAMERA_1,['CAMERA_1'],"{'CAMERA_1': ['ISO', 'long_exposure'], 'CAMERA_2': [], 'CAMERA_3': []}",C_QUESTION_ABOUT_FEATURE,CAMERA_1,long_exposure,maybe that's not so good for me then when I was preset settings but also has long exposure,PRESENT_X,CAMERA_1,S_ANSWERS_QUESTION_ABOUT_FEATURE,CAMERA_1,long_exposure,This one can take long exposures up to up to 15 seconds with Long Shutter Mode.,PRESENT_X,CAMERA_1,39~78
850,6,CAMERA_1,['CAMERA_1'],"{'CAMERA_1': ['ISO', 'long_exposure', 'price'], 'CAMERA_2': [], 'CAMERA_3': []}",C_SILENT_OR_BACKCHANNEL,CAMERA_1,NONE,ok,PRESENT_X,CAMERA_1,S_INTRODUCES_FEATURE,CAMERA_1,price,This one costs $450.,PRESENT_X,CAMERA_1,15~19
850,7,CAMERA_3,"['CAMERA_1', 'CAMERA_3']","{'CAMERA_1': ['ISO', 'long_exposure', 'price'], 'CAMERA_2': [], 'CAMERA_3': []}",C_ANYTHING_ELSE_AVAILABLE,CAMERA_1,NONE,I see do you have any other options that you can show me,PRESENT_X,CAMERA_1,S_INTRODUCES_CAMERA,CAMERA_3,,Let me show you this. Here we have the Fujifilm PowerShot ELPH S2800.,PRESENT_X,CAMERA_3,39~68
850,8,CAMERA_3,"['CAMERA_1', 'CAMERA_3']","{'CAMERA_1': ['ISO', 'long_exposure', 'price'], 'CAMERA_2': [], 'CAMERA_3': ['weight']}",C_QUESTION_ABOUT_FEATURE,CAMERA_3,weight,um yeah I used to go on forever but I don't want it anymore I want to latest model,PRESENT_X,CAMERA_3,S_ANSWERS_QUESTION_ABOUT_FEATURE,CAMERA_3,weight,This one weighs 820 grams.,PRESENT_X,CAMERA_3,16~25
850,9,CAMERA_3,"['CAMERA_1', 'CAMERA_3']","{'CAMERA_1': ['ISO', 'long_exposure', 'price'], 'CAMERA_2': [], 'CAMERA_3': ['weight', 'ISO']}",C_QUESTION_ABOUT_FEATURE,CAMERA_3,ISO,ok what about the I don't know what the ISO,PRESENT_X,CAMERA_3,S_ANSWERS_QUESTION_ABOUT_FEATURE,CAMERA_3,ISO,This one has up to 3200 ISO with little noise.,PRESENT_X,CAMERA_3,13~45
850,10,CAMERA_3,"['CAMERA_1', 'CAMERA_3']","{'CAMERA_1': ['ISO', 'long_exposure', 'price'], 'CAMERA_2': [], 'CAMERA_3': ['weight', 'ISO', 'resolution']}",C_QUESTION_ABOUT_FEATURE,CAMERA_3,resolution,how many megapixels does it have,PRESENT_X,CAMERA_3,S_ANSWERS_QUESTION_ABOUT_FEATURE,CAMERA_3,resolution,This one has 23.2 megapixels resolution.,PRESENT_X,CAMERA_3,13~28
850,11,CAMERA_3,"['CAMERA_1', 'CAMERA_3']","{'CAMERA_1': ['ISO', 'long_exposure', 'price'], 'CAMERA_2': [], 'CAMERA_3': ['weight', 'ISO', 'resolution', 'color']}",C_QUESTION_ABOUT_FEATURE,CAMERA_3,color,what colors does this one come in,PRESENT_X,CAMERA_3,S_ANSWERS_QUESTION_ABOUT_FEATURE,CAMERA_3,color,"This one comes in purple, white, silver, blue, red, or pink.",PRESENT_X,CAMERA_3,18~59
850,12,CAMERA_3,"['CAMERA_1', 'CAMERA_3']","{'CAMERA_1': ['ISO', 'long_exposure', 'price'], 'CAMERA_2': [], 'CAMERA_3': ['weight', 'ISO', 'resolution', 'color', 'sensor_size']}",C_QUESTION_ABOUT_FEATURE,CAMERA_3,sensor_size,what is the sensor size,PRESENT_X,CAMERA_3,S_ANSWERS_QUESTION_ABOUT_FEATURE,CAMERA_3,sensor_size,This one has a full frame.,PRESENT_X,CAMERA_3,15~25
850,13,CAMERA_3,"['CAMERA_1', 'CAMERA_3']","{'CAMERA_1': ['ISO', 'long_exposure', 'price'], 'CAMERA_2': [], 'CAMERA_3': ['weight', 'ISO', 'resolution', 'color', 'sensor_size', 'long_exposure']}",C_QUESTION_ABOUT_FEATURE,CAMERA_3,long_exposure,Is this support for long exposure,PRESENT_X,CAMERA_3,S_ANSWERS_QUESTION_ABOUT_FEATURE,CAMERA_3,long_exposure,This one can take long exposures up to 30 minutes max with bulb mode.,PRESENT_X,CAMERA_3,39~68
850,14,CAMERA_3,"['CAMERA_1', 'CAMERA_3']","{'CAMERA_1': ['ISO', 'long_exposure', 'price'], 'CAMERA_2': [], 'CAMERA_3': ['weight', 'ISO', 'resolution', 'color', 'sensor_size', 'long_exposure', 'autofocus_points']}",C_QUESTION_ABOUT_FEATURE,CAMERA_3,autofocus_points,how many oz are Focus points,PRESENT_X,CAMERA_3,S_ANSWERS_QUESTION_ABOUT_FEATURE,CAMERA_3,autofocus_points,This one has 214 autofocus points.,PRESENT_X,CAMERA_3,13~33
850,15,CAMERA_3,"['CAMERA_1', 'CAMERA_3']","{'CAMERA_1': ['ISO', 'long_exposure', 'price'], 'CAMERA_2': [], 'CAMERA_3': ['weight', 'ISO', 'resolution', 'color', 'sensor_size', 'long_exposure', 'autofocus_points', 'price']}",C_QUESTION_ABOUT_FEATURE,CAMERA_3,price,okay how about the price,PRESENT_X,CAMERA_3,S_ANSWERS_QUESTION_ABOUT_FEATURE,CAMERA_3,price,This one costs $518.,PRESENT_X,CAMERA_3,15~19
850,16,NONE,"['CAMERA_1', 'CAMERA_3']","{'CAMERA_1': ['ISO', 'long_exposure', 'price'], 'CAMERA_2': [], 'CAMERA_3': ['weight', 'ISO', 'resolution', 'color', 'sensor_size', 'long_exposure', 'autofocus_points', 'price']}",C_THANK_YOU,CAMERA_3,NONE,okay thank you very much,PRESENT_X,CAMERA_3,S_THANK_YOU,CAMERA_3,NONE,thank you very much.,FACE_TO_FACE,NONE,
850,17,NONE,"['CAMERA_1', 'CAMERA_3']","{'CAMERA_1': ['ISO', 'long_exposure', 'price'], 'CAMERA_2': [], 'CAMERA_3': ['weight', 'ISO', 'resolution', 'color', 'sensor_size', 'long_exposure', 'autofocus_points', 'price']}",C_LEAVES,DOOR,NONE,,FACE_TO_FACE,NONE,S_RETURNS_TO_COUNTER,SERVICE_COUNTER,NONE,,WAITING,NONE,
851,1,NONE,[],"{'CAMERA_1': [], 'CAMERA_2': [], 'CAMERA_3': []}",C_ENTERS,DOOR,NONE,,WAITING,NONE,S_NONE,SERVICE_COUNTER,NONE,,WAITING,NONE,
851,2,NONE,[],"{'CAMERA_1': [], 'CAMERA_2': [], 'CAMERA_3': []}",C_GREETS,MIDDLE,NONE,hello,WAITING,NONE,S_GREETS,MIDDLE,NONE,can I help you?,FACE_TO_FACE,NONE,
851,3,CAMERA_3,['CAMERA_3'],"{'CAMERA_1': [], 'CAMERA_2': [], 'CAMERA_3': []}",C_LOOKING_FOR_A_CAMERA,MIDDLE,NONE,I want to take a look at the cameras here,FACE_TO_FACE,NONE,S_INTRODUCES_CAMERA,CAMERA_3,,Let me show you this. Here we have the Fujifilm PowerShot ELPH S2800.,PRESENT_X,CAMERA_3,39~68
851,4,CAMERA_3,['CAMERA_3'],"{'CAMERA_1': [], 'CAMERA_2': [], 'CAMERA_3': ['price']}",C_QUESTION_ABOUT_FEATURE,CAMERA_3,price,how much is this,PRESENT_X,CAMERA_3,S_ANSWERS_QUESTION_ABOUT_FEATURE,CAMERA_3,price,This one costs $518.,PRESENT_X,CAMERA_3,15~19
851,5,CAMERA_3,['CAMERA_3'],"{'CAMERA_1': [], 'CAMERA_2': [], 'CAMERA_3': ['price', 'ISO']}",C_QUESTION_ABOUT_FEATURE,CAMERA_3,ISO,what about the iso what is ISO anything,PRESENT_X,CAMERA_3,S_ANSWERS_QUESTION_ABOUT_FEATURE,CAMERA_3,ISO,This one has up to 3200 ISO with little noise.,PRESENT_X,CAMERA_3,13~45
851,6,CAMERA_3,['CAMERA_3'],"{'CAMERA_1': [], 'CAMERA_2': [], 'CAMERA_3': ['price', 'ISO', 'resolution']}",C_QUESTION_ABOUT_FEATURE,CAMERA_3,resolution,what it what is mega pixels,PRESENT_X,CAMERA_3,S_ANSWERS_QUESTION_ABOUT_FEATURE,CAMERA_3,resolution,This one has 23.2 megapixels resolution.,PRESENT_X,CAMERA_3,13~28
851,7,CAMERA_3,['CAMERA_3'],"{'CAMERA_1': [], 'CAMERA_2': [], 'CAMERA_3': ['price', 'ISO', 'resolution', 'autofocus_points']}",C_SILENT_OR_BACKCHANNEL,CAMERA_3,NONE,ok is this camera really nice,PRESENT_X,CAMERA_3,S_INTRODUCES_FEATURE,CAMERA_3,autofocus_points,This one has 214 autofocus points.,PRESENT_X,CAMERA_3,13~33
851,8,CAMERA_3,['CAMERA_3'],"{'CAMERA_1': [], 'CAMERA_2': [], 'CAMERA_3': ['price', 'ISO', 'resolution', 'autofocus_points', 'optical_zoom']}",C_QUESTION_ABOUT_FEATURE,CAMERA_3,optical_zoom,Sharp Images High and optical zoom does that mean the lens comes out,PRESENT_X,CAMERA_3,S_NOT_SURE,CAMERA_3,,I'm not really sure about that.,PRESENT_X,CAMERA_3,
851,9,NONE,['CAMERA_3'],"{'CAMERA_1': [], 'CAMERA_2': [], 'CAMERA_3': ['price', 'ISO', 'resolution', 'autofocus_points', 'optical_zoom']}",C_THANK_YOU,CAMERA_3,NONE,very much for a system thank you bro,PRESENT_X,CAMERA_3,S_THANK_YOU,CAMERA_3,NONE,thank you very much.,FACE_TO_FACE,NONE,
851,10,NONE,['CAMERA_3'],"{'CAMERA_1': [], 'CAMERA_2': [], 'CAMERA_3': ['price', 'ISO', 'resolution', 'autofocus_points', 'optical_zoom']}",C_LEAVES,DOOR,NONE,,FACE_TO_FACE,NONE,S_RETURNS_TO_COUNTER,SERVICE_COUNTER,NONE,,WAITING,NONE,
852,1,NONE,[],"{'CAMERA_1': [], 'CAMERA_2': [], 'CAMERA_3': []}",C_ENTERS,DOOR,NONE,,WAITING,NONE,S_NONE,SERVICE_COUNTER,NONE,,WAITING,NONE,
852,2,NONE,[],"{'CAMERA_1': [], 'CAMERA_2': [], 'CAMERA_3': []}",C_WALKS_TO_CAMERA,CAMERA_2,NONE,,WAITING,NONE,S_NONE,SERVICE_COUNTER,NONE,,WAITING,NONE,
852,3,NONE,[],"{'CAMERA_1': [], 'CAMERA_2': [], 'CAMERA_3': []}",C_EXAMINES_CAMERA,CAMERA_2,NONE,,WAITING,NONE,S_NONE,SERVICE_COUNTER,NONE,,WAITING,NONE,
852,4,NONE,[],"{'CAMERA_1': [], 'CAMERA_2': [], 'CAMERA_3': []}",C_WALKS_TO_CAMERA,CAMERA_1,NONE,,WAITING,NONE,S_GREETS,CAMERA_1,NONE,can I help you?,FACE_TO_FACE,NONE,
852,5,CAMERA_3,['CAMERA_3'],"{'CAMERA_1': [], 'CAMERA_2': [], 'CAMERA_3': []}",C_LOOKING_FOR_A_CAMERA,CAMERA_1,NONE,I am looking to buy a body camera end SLR my gracious break so I was wondering if you had anything like that,FACE_TO_FACE,NONE,S_INTRODUCES_CAMERA,CAMERA_3,,Let me show you this. Here we have the Fujifilm PowerShot ELPH S2800.,PRESENT_X,CAMERA_3,39~68
852,6,CAMERA_3,['CAMERA_3'],"{'CAMERA_1': [], 'CAMERA_2': [], 'CAMERA_3': ['effects']}",C_QUESTION_ABOUT_FEATURE,CAMERA_3,effects,what's the artistic effect mode,PRESENT_X,CAMERA_3,S_ANSWERS_QUESTION_ABOUT_FEATURE,CAMERA_3,effects,"This one has 21 photo effects (small face, retro, big eyes, etc.).",PRESENT_X,CAMERA_3,13~65
852,7,CAMERA_3,['CAMERA_3'],"{'CAMERA_1': [], 'CAMERA_2': [], 'CAMERA_3': ['effects', 'color']}",C_QUESTION_ABOUT_FEATURE,CAMERA_3,color,say does it come in any other lighter colors,PRESENT_X,CAMERA_3,S_ANSWERS_QUESTION_ABOUT_FEATURE,CAMERA_3,color,"This one comes in purple, white, silver, blue, red, or pink.",PRESENT_X,CAMERA_3,18~59
852,8,CAMERA_3,['CAMERA_3'],"{'CAMERA_1': [], 'CAMERA_2': [], 'CAMERA_3': ['effects', 'color', 'autofocus_points']}",C_SILENT_OR_BACKCHANNEL,CAMERA_3,NONE,I see AA ok,PRESENT_X,CAMERA_3,S_INTRODUCES_FEATURE,CAMERA_3,autofocus_points,This one has 214 autofocus points.,PRESENT_X,CAMERA_3,13~33
852,9,CAMERA_3,['CAMERA_3'],"{'CAMERA_1': [], 'CAMERA_2': [], 'CAMERA_3': ['effects', 'color', 'autofocus_points', 'long_exposure']}",C_QUESTION_ABOUT_FEATURE,CAMERA_3,long_exposure,when and how much does the or what is the long exposure on this,PRESENT_X,CAMERA_3,S_ANSWERS_QUESTION_ABOUT_FEATURE,CAMERA_3,long_exposure,This one can take long exposures up to 30 minutes max with bulb mode.,PRESENT_X,CAMERA_3,39~68
852,10,CAMERA_3,['CAMERA_3'],"{'CAMERA_1': [], 'CAMERA_2': [], 'CAMERA_3': ['effects', 'color', 'autofocus_points', 'long_exposure', 'price']}",C_QUESTION_ABOUT_FEATURE,CAMERA_3,price,I'm looking for a simple to use this looks amazing but kind of expensive,PRESENT_X,CAMERA_3,S_ANSWERS_QUESTION_ABOUT_FEATURE,CAMERA_3,price,This one costs $518.,PRESENT_X,CAMERA_3,15~19
852,11,CAMERA_3,['CAMERA_3'],"{'CAMERA_1': [], 'CAMERA_2': [], 'CAMERA_3': ['effects', 'color', 'autofocus_points', 'long_exposure', 'price', 'sensor_size']}",C_SILENT_OR_BACKCHANNEL,CAMERA_3,NONE,I see AA ok,PRESENT_X,CAMERA_3,S_INTRODUCES_FEATURE,CAMERA_3,sensor_size,This one has a full frame.,PRESENT_X,CAMERA_3,15~25
852,12,CAMERA_1,"['CAMERA_3', 'CAMERA_1']","{'CAMERA_1': [], 'CAMERA_2': [], 'CAMERA_3': ['effects', 'color', 'autofocus_points', 'long_exposure', 'price', 'sensor_size']}",C_ANYTHING_ELSE_AVAILABLE,CAMERA_3,NONE,Do you have any other cameras under $300,PRESENT_X,CAMERA_3,S_INTRODUCES_CAMERA,CAMERA_1,,Let me show you this. Here we have the Sony PowerShot ELPH DMC-ZS3.,PRESENT_X,CAMERA_1,39~66
852,13,CAMERA_1,"['CAMERA_3', 'CAMERA_1']","{'CAMERA_1': ['color'], 'CAMERA_2': [], 'CAMERA_3': ['effects', 'color', 'autofocus_points', 'long_exposure', 'price', 'sensor_size']}",C_QUESTION_ABOUT_FEATURE,CAMERA_1,color,great and do you have any discolor or are there any other colors,PRESENT_X,CAMERA_1,S_ANSWERS_QUESTION_ABOUT_FEATURE,CAMERA_1,color,This one comes in blue or black.,PRESENT_X,CAMERA_1,18~31
852,14,NONE,"['CAMERA_3', 'CAMERA_1']","{'CAMERA_1': ['color'], 'CAMERA_2': [], 'CAMERA_3': ['effects', 'color', 'autofocus_points', 'long_exposure', 'price', 'sensor_size']}",C_THANK_YOU,CAMERA_1,NONE,ok you've been very helpful thank you very much anytime,PRESENT_X,CAMERA_1,S_THANK_YOU,CAMERA_1,NONE,thank you very much.,FACE_TO_FACE,NONE,
852,15,NONE,"['CAMERA_3', 'CAMERA_1']","{'CAMERA_1': ['color'], 'CAMERA_2': [], 'CAMERA_3': ['effects', 'color', 'autofocus_points', 'long_exposure', 'price', 'sensor_size']}",C_LEAVES,DOOR,NONE,,FACE_TO_FACE,NONE,S_RETURNS_TO_COUNTER,SERVICE_COUNTER,NONE,,WAITING,NONE,
853,1,NONE,[],"{'CAMERA_1': [], 'CAMERA_2': [], 'CAMERA_3': []}",C_ENTERS,DOOR,NONE,,WAITING,NONE,S_NONE,SERVICE_COUNTER,NONE,,WAITING,NONE,
853,2,NONE,[],"{'CAMERA_1': [], 'CAMERA_2': [], 'CAMERA_3': []}",C_WALKS_TO_CAMERA,CAMERA_3,NONE,,WAITING,NONE,S_GREETS,CAMERA_3,NONE,can I help you?,FACE_TO_FACE,NONE,
853,3,CAMERA_1,['CAMERA_1'],"{'CAMERA_1': [], 'CAMERA_2': [], 'CAMERA_3': []}",C_LOOKING_FOR_A_CAMERA,CAMERA_3,NONE,hi good afternoon I'm looking to buy a new camera and I just needed to be a portable and easy to use ,FACE_TO_FACE,NONE,S_INTRODUCES_CAMERA,CAMERA_1,,Let me show you this. Here we have the Sony PowerShot ELPH DMC-ZS3.,PRESENT_X,CAMERA_1,39~66
853,4,CAMERA_1,['CAMERA_1'],"{'CAMERA_1': ['autofocus_points'], 'CAMERA_2': [], 'CAMERA_3': []}",C_QUESTION_ABOUT_FEATURE,CAMERA_1,autofocus_points,how about this camera how many auto focus points does this have,PRESENT_X,CAMERA_1,S_ANSWERS_QUESTION_ABOUT_FEATURE,CAMERA_1,autofocus_points,This one has 135 autofocus points.,PRESENT_X,CAMERA_1,13~33
853,5,CAMERA_1,['CAMERA_1'],"{'CAMERA_1': ['autofocus_points', 'price'], 'CAMERA_2': [], 'CAMERA_3': []}",C_SILENT_OR_BACKCHANNEL,CAMERA_1,NONE,that's great,PRESENT_X,CAMERA_1,S_INTRODUCES_FEATURE,CAMERA_1,price,This one costs $450.,PRESENT_X,CAMERA_1,15~19
853,6,CAMERA_1,['CAMERA_1'],"{'CAMERA_1': ['autofocus_points', 'price', 'settings'], 'CAMERA_2': [], 'CAMERA_3': []}",C_SILENT_OR_BACKCHANNEL,CAMERA_1,NONE,yeah sounds good,PRESENT_X,CAMERA_1,S_INTRODUCES_FEATURE,CAMERA_1,settings,This one has limited manual settings.,PRESENT_X,CAMERA_1,13~36
853,7,NONE,['CAMERA_1'],"{'CAMERA_1': ['autofocus_points', 'price', 'settings'], 'CAMERA_2': [], 'CAMERA_3': []}",C_THANK_YOU,CAMERA_1,NONE,thank you for your help,PRESENT_X,CAMERA_1,S_THANK_YOU,CAMERA_1,NONE,thank you very much.,FACE_TO_FACE,NONE,
853,8,NONE,['CAMERA_1'],"{'CAMERA_1': ['autofocus_points', 'price', 'settings'], 'CAMERA_2': [], 'CAMERA_3': []}",C_LEAVES,DOOR,NONE,,FACE_TO_FACE,NONE,S_RETURNS_TO_COUNTER,SERVICE_COUNTER,NONE,,WAITING,NONE,
854,1,NONE,[],"{'CAMERA_1': [], 'CAMERA_2': [], 'CAMERA_3': []}",C_ENTERS,DOOR,NONE,,WAITING,NONE,S_NONE,SERVICE_COUNTER,NONE,,WAITING,NONE,
854,2,NONE,[],"{'CAMERA_1': [], 'CAMERA_2': [], 'CAMERA_3': []}",C_WALKS_TO_CAMERA,CAMERA_2,NONE,,WAITING,NONE,S_GREETS,CAMERA_2,NONE,can I help you?,FACE_TO_FACE,NONE,
854,3,CAMERA_1,['CAMERA_1'],"{'CAMERA_1': [], 'CAMERA_2': [], 'CAMERA_3': []}",C_LOOKING_FOR_A_CAMERA,CAMERA_2,NONE,I am interested in photography and I'm looking for good camera is there any in the shop which you can recommend,FACE_TO_FACE,NONE,S_INTRODUCES_CAMERA,CAMERA_1,,Let me show you this. Here we have the Sony PowerShot ELPH DMC-ZS3.,PRESENT_X,CAMERA_1,39~66
854,4,CAMERA_1,['CAMERA_1'],"{'CAMERA_1': ['price'], 'CAMERA_2': [], 'CAMERA_3': []}",C_SILENT_OR_BACKCHANNEL,CAMERA_1,NONE,uh huh oh yeah,PRESENT_X,CAMERA_1,S_INTRODUCES_FEATURE,CAMERA_1,price,This one costs $450.,PRESENT_X,CAMERA_1,15~19
854,5,CAMERA_1,['CAMERA_1'],"{'CAMERA_1': ['price', 'color'], 'CAMERA_2': [], 'CAMERA_3': []}",C_QUESTION_ABOUT_FEATURE,CAMERA_1,color,oh I see in a different color is awful,PRESENT_X,CAMERA_1,S_ANSWERS_QUESTION_ABOUT_FEATURE,CAMERA_1,color,This one comes in blue or black.,PRESENT_X,CAMERA_1,18~31
854,6,CAMERA_3,"['CAMERA_1', 'CAMERA_3']","{'CAMERA_1': ['price', 'color'], 'CAMERA_2': [], 'CAMERA_3': []}",C_ANYTHING_ELSE_AVAILABLE,CAMERA_1,NONE,oh I see that's very interesting do you have any other cameras that you can recommend me,PRESENT_X,CAMERA_1,S_INTRODUCES_CAMERA,CAMERA_3,,Let me show you this. Here we have the Fujifilm PowerShot ELPH S2800.,PRESENT_X,CAMERA_3,39~68
854,7,CAMERA_3,"['CAMERA_1', 'CAMERA_3']","{'CAMERA_1': ['price', 'color'], 'CAMERA_2': [], 'CAMERA_3': ['settings']}",C_SILENT_OR_BACKCHANNEL,CAMERA_3,NONE,that'd be great,PRESENT_X,CAMERA_3,S_INTRODUCES_FEATURE,CAMERA_3,settings,"This one has manual control and various automatic settings (video modeburst shooting, etc.).",PRESENT_X,CAMERA_3,13~91
854,8,CAMERA_3,"['CAMERA_1', 'CAMERA_3']","{'CAMERA_1': ['price', 'color'], 'CAMERA_2': [], 'CAMERA_3': ['settings', 'price']}",C_SILENT_OR_BACKCHANNEL,CAMERA_3,NONE,yeah that's right this is very nice,PRESENT_X,CAMERA_3,S_INTRODUCES_FEATURE,CAMERA_3,price,This one costs $518.,PRESENT_X,CAMERA_3,15~19
854,9,CAMERA_3,"['CAMERA_1', 'CAMERA_3']","{'CAMERA_1': ['price', 'color'], 'CAMERA_2': [], 'CAMERA_3': ['settings', 'price', 'weight']}",C_SILENT_OR_BACKCHANNEL,CAMERA_3,NONE,this camera sounds pretty good,PRESENT_X,CAMERA_3,S_INTRODUCES_FEATURE,CAMERA_3,weight,This one weighs 820 grams.,PRESENT_X,CAMERA_3,16~25
854,10,CAMERA_3,"['CAMERA_1', 'CAMERA_3']","{'CAMERA_1': ['price', 'color'], 'CAMERA_2': [], 'CAMERA_3': ['settings', 'price', 'weight', 'effects']}",C_QUESTION_ABOUT_FEATURE,CAMERA_3,effects,what's an example of one of the effects,PRESENT_X,CAMERA_3,S_ANSWERS_QUESTION_ABOUT_FEATURE,CAMERA_3,effects,"This one has 21 photo effects (small face, retro, big eyes, etc.).",PRESENT_X,CAMERA_3,13~65
854,11,CAMERA_3,"['CAMERA_1', 'CAMERA_3']","{'CAMERA_1': ['price', 'color'], 'CAMERA_2': [], 'CAMERA_3': ['settings', 'price', 'weight', 'effects', 'preset_modes']}",C_QUESTION_ABOUT_FEATURE,CAMERA_3,preset_modes,what's bulb mode,PRESENT_X,CAMERA_3,S_ANSWERS_QUESTION_ABOUT_FEATURE,CAMERA_3,preset_modes,This one has various preset modes.,PRESENT_X,CAMERA_3,13~33
854,12,CAMERA_3,"['CAMERA_1', 'CAMERA_3']","{'CAMERA_1': ['price', 'color'], 'CAMERA_2': [], 'CAMERA_3': ['settings', 'price', 'weight', 'effects', 'preset_modes', 'resolution']}",C_SILENT_OR_BACKCHANNEL,CAMERA_3,NONE,yeah sounds good,PRESENT_X,CAMERA_3,S_INTRODUCES_FEATURE,CAMERA_3,resolution,This one has 23.2 megapixels resolution.,PRESENT_X,CAMERA_3,13~28
854,13,CAMERA_3,"['CAMERA_1', 'CAMERA_3']","{'CAMERA_1': ['price', 'color'], 'CAMERA_2': [], 'CAMERA_3': ['settings', 'price', 'weight', 'effects', 'preset_modes', 'resolution', 'camera_type']}",C_QUESTION_ABOUT_FEATURE,CAMERA_3,camera_type,is this a point and shoot camera,PRESENT_X,CAMERA_3,S_ANSWERS_QUESTION_ABOUT_FEATURE,CAMERA_3,camera_type,This is a point and shoot camera.,PRESENT_X,CAMERA_3,10~25
854,14,CAMERA_3,"['CAMERA_1', 'CAMERA_3']","{'CAMERA_1': ['price', 'color'], 'CAMERA_2': [], 'CAMERA_3': ['settings', 'price', 'weight', 'effects', 'preset_modes', 'resolution', 'camera_type', 'autofocus_points']}",C_QUESTION_ABOUT_FEATURE,CAMERA_3,autofocus_points,what about the auto focus points,PRESENT_X,CAMERA_3,S_ANSWERS_QUESTION_ABOUT_FEATURE,CAMERA_3,autofocus_points,This one has 214 autofocus points.,PRESENT_X,CAMERA_3,13~33
854,15,CAMERA_3,"['CAMERA_1', 'CAMERA_3']","{'CAMERA_1': ['price', 'color'], 'CAMERA_2': [], 'CAMERA_3': ['settings', 'price', 'weight', 'effects', 'preset_modes', 'resolution', 'camera_type', 'autofocus_points', 'sensor_size']}",C_SILENT_OR_BACKCHANNEL,CAMERA_3,NONE,IC,PRESENT_X,CAMERA_3,S_INTRODUCES_FEATURE,CAMERA_3,sensor_size,This one has a full frame.,PRESENT_X,CAMERA_3,15~25
854,16,CAMERA_2,"['CAMERA_1', 'CAMERA_3', 'CAMERA_2']","{'CAMERA_1': ['price', 'color'], 'CAMERA_2': [], 'CAMERA_3': ['settings', 'price', 'weight', 'effects', 'preset_modes', 'resolution', 'camera_type', 'autofocus_points', 'sensor_size']}",C_ANYTHING_ELSE_AVAILABLE,CAMERA_3,NONE,that's good that's okay I like it when do you have other models in this area,PRESENT_X,CAMERA_3,S_INTRODUCES_CAMERA,CAMERA_2,,Let me show you this. Here we have the Fujifilm Lumix ILC Camera.,PRESENT_X,CAMERA_2,39~64
854,17,CAMERA_2,"['CAMERA_1', 'CAMERA_3', 'CAMERA_2']","{'CAMERA_1': ['price', 'color'], 'CAMERA_2': ['sensor_size'], 'CAMERA_3': ['settings', 'price', 'weight', 'effects', 'preset_modes', 'resolution', 'camera_type', 'autofocus_points', 'sensor_size']}",C_SILENT_OR_BACKCHANNEL,CAMERA_2,NONE,it's not bad not bad,PRESENT_X,CAMERA_2,S_INTRODUCES_FEATURE,CAMERA_2,sensor_size,This one has a 1/2.33 inch sensor.,PRESENT_X,CAMERA_2,15~33
854,18,NONE,"['CAMERA_1', 'CAMERA_3', 'CAMERA_2']","{'CAMERA_1': ['price', 'color'], 'CAMERA_2': ['sensor_size'], 'CAMERA_3': ['settings', 'price', 'weight', 'effects', 'preset_modes', 'resolution', 'camera_type', 'autofocus_points', 'sensor_size']}",C_THANK_YOU,CAMERA_2,NONE,okay I'll think about it then thank you very much,PRESENT_X,CAMERA_2,S_THANK_YOU,CAMERA_2,NONE,thank you very much.,FACE_TO_FACE,NONE,
854,19,NONE,"['CAMERA_1', 'CAMERA_3', 'CAMERA_2']","{'CAMERA_1': ['price', 'color'], 'CAMERA_2': ['sensor_size'], 'CAMERA_3': ['settings', 'price', 'weight', 'effects', 'preset_modes', 'resolution', 'camera_type', 'autofocus_points', 'sensor_size']}",C_LEAVES,DOOR,NONE,,FACE_TO_FACE,NONE,S_RETURNS_TO_COUNTER,SERVICE_COUNTER,NONE,,WAITING,NONE,
855,1,NONE,[],"{'CAMERA_1': [], 'CAMERA_2': [], 'CAMERA_3': []}",C_ENTERS,DOOR,NONE,,WAITING,NONE,S_NONE,SERVICE_COUNTER,NONE,,WAITING,NONE,
855,2,NONE,[],"{'CAMERA_1': [], 'CAMERA_2': [], 'CAMERA_3': []}",C_WALKS_TO_CAMERA,CAMERA_2,NONE,,WAITING,NONE,S_GREETS,CAMERA_2,NONE,can I help you?,FACE_TO_FACE,NONE,
855,3,CAMERA_1,['CAMERA_1'],"{'CAMERA_1': [], 'CAMERA_2': [], 'CAMERA_3': []}",C_LOOKING_FOR_A_CAMERA,CAMERA_2,NONE,I'm looking for a DSLR type camera,FACE_TO_FACE,NONE,S_INTRODUCES_CAMERA,CAMERA_1,,Let me show you this. Here we have the Sony PowerShot ELPH DMC-ZS3.,PRESENT_X,CAMERA_1,39~66
855,4,CAMERA_1,['CAMERA_1'],"{'CAMERA_1': ['autofocus_points'], 'CAMERA_2': [], 'CAMERA_3': []}",C_SILENT_OR_BACKCHANNEL,CAMERA_1,NONE,yeah pretty good pocket size,PRESENT_X,CAMERA_1,S_INTRODUCES_FEATURE,CAMERA_1,autofocus_points,This one has 135 autofocus points.,PRESENT_X,CAMERA_1,13~33
855,5,CAMERA_1,['CAMERA_1'],"{'CAMERA_1': ['autofocus_points', 'sensor_size'], 'CAMERA_2': [], 'CAMERA_3': []}",C_SILENT_OR_BACKCHANNEL,CAMERA_1,NONE,okay I've read that aps-c is pretty good,PRESENT_X,CAMERA_1,S_INTRODUCES_FEATURE,CAMERA_1,sensor_size,This one has a 1/2.3 inch CMOS sensor.,PRESENT_X,CAMERA_1,15~37
855,6,CAMERA_3,"['CAMERA_1', 'CAMERA_3']","{'CAMERA_1': ['autofocus_points', 'sensor_size'], 'CAMERA_2': [], 'CAMERA_3': []}",C_ANYTHING_ELSE_AVAILABLE,CAMERA_1,NONE,do you have any other cameras like this,PRESENT_X,CAMERA_1,S_INTRODUCES_CAMERA,CAMERA_3,,Let me show you this. Here we have the Fujifilm PowerShot ELPH S2800.,PRESENT_X,CAMERA_3,39~68
855,7,CAMERA_3,"['CAMERA_1', 'CAMERA_3']","{'CAMERA_1': ['autofocus_points', 'sensor_size'], 'CAMERA_2': [], 'CAMERA_3': ['color']}",C_QUESTION_ABOUT_FEATURE,CAMERA_3,color,can I know if you have any other colors,PRESENT_X,CAMERA_3,S_ANSWERS_QUESTION_ABOUT_FEATURE,CAMERA_3,color,"This one comes in purple, white, silver, blue, red, or pink.",PRESENT_X,CAMERA_3,18~59
855,8,CAMERA_2,"['CAMERA_1', 'CAMERA_3', 'CAMERA_2']","{'CAMERA_1': ['autofocus_points', 'sensor_size'], 'CAMERA_2': [], 'CAMERA_3': ['color']}",C_ANYTHING_ELSE_AVAILABLE,CAMERA_3,NONE,do you have any other cameras that are in this kind,PRESENT_X,CAMERA_3,S_INTRODUCES_CAMERA,CAMERA_2,,Let me show you this. Here we have the Fujifilm Lumix ILC Camera.,PRESENT_X,CAMERA_2,39~64
855,9,CAMERA_2,"['CAMERA_1', 'CAMERA_3', 'CAMERA_2']","{'CAMERA_1': ['autofocus_points', 'sensor_size'], 'CAMERA_2': ['settings'], 'CAMERA_3': ['color']}",C_QUESTION_ABOUT_FEATURE,CAMERA_2,settings,any manual settings,PRESENT_X,CAMERA_2,S_ANSWERS_QUESTION_ABOUT_FEATURE,CAMERA_2,settings,"This one has manual control and various automatic settings (video modeburst shooting, etc.).",PRESENT_X,CAMERA_2,13~91
855,10,CAMERA_2,"['CAMERA_1', 'CAMERA_3', 'CAMERA_2']","{'CAMERA_1': ['autofocus_points', 'sensor_size'], 'CAMERA_2': ['settings', 'ISO'], 'CAMERA_3': ['color']}",C_QUESTION_ABOUT_FEATURE,CAMERA_2,ISO,that's perfect how high can I set the ISO,PRESENT_X,CAMERA_2,S_NOT_SURE,CAMERA_2,,I'm not really sure about that.,PRESENT_X,CAMERA_2,
855,11,CAMERA_2,"['CAMERA_1', 'CAMERA_3', 'CAMERA_2']","{'CAMERA_1': ['autofocus_points', 'sensor_size'], 'CAMERA_2': ['settings', 'ISO', 'long_exposure'], 'CAMERA_3': ['color']}",C_QUESTION_ABOUT_FEATURE,CAMERA_2,long_exposure,and does it have a long exposure mode,PRESENT_X,CAMERA_2,S_ANSWERS_QUESTION_ABOUT_FEATURE,CAMERA_2,long_exposure,This one can take long exposures up to 60 minutes max with bulb mode.,PRESENT_X,CAMERA_2,39~68
855,12,NONE,"['CAMERA_1', 'CAMERA_3', 'CAMERA_2']","{'CAMERA_1': ['autofocus_points', 'sensor_size'], 'CAMERA_2': ['settings', 'ISO', 'long_exposure'], 'CAMERA_3': ['color']}",C_THANK_YOU,CAMERA_2,NONE,okay thank you very much,PRESENT_X,CAMERA_2,S_THANK_YOU,CAMERA_2,NONE,thank you very much.,FACE_TO_FACE,NONE,
855,13,NONE,"['CAMERA_1', 'CAMERA_3', 'CAMERA_2']","{'CAMERA_1': ['autofocus_points', 'sensor_size'], 'CAMERA_2': ['settings', 'ISO', 'long_exposure'], 'CAMERA_3': ['color']}",C_LEAVES,DOOR,NONE,,FACE_TO_FACE,NONE,S_RETURNS_TO_COUNTER,SERVICE_COUNTER,NONE,,WAITING,NONE,
856,1,NONE,[],"{'CAMERA_1': [], 'CAMERA_2': [], 'CAMERA_3': []}",C_ENTERS,DOOR,NONE,,WAITING,NONE,S_NONE,SERVICE_COUNTER,NONE,,WAITING,NONE,
856,2,NONE,[],"{'CAMERA_1': [], 'CAMERA_2': [], 'CAMERA_3': []}",C_WALKS_TO_CAMERA,CAMERA_3,NONE,,WAITING,NONE,S_GREETS,CAMERA_3,NONE,can I help you?,FACE_TO_FACE,NONE,
856,3,CAMERA_2,['CAMERA_2'],"{'CAMERA_1': [], 'CAMERA_2': [], 'CAMERA_3': []}",C_LOOKING_FOR_A_CAMERA,CAMERA_3,NONE,yes I'm looking for a camera,FACE_TO_FACE,NONE,S_INTRODUCES_CAMERA,CAMERA_2,,Let me show you this. Here we have the Fujifilm Lumix ILC Camera.,PRESENT_X,CAMERA_2,39~64
856,4,CAMERA_2,['CAMERA_2'],"{'CAMERA_1': [], 'CAMERA_2': ['price'], 'CAMERA_3': []}",C_SILENT_OR_BACKCHANNEL,CAMERA_2,NONE,ok,PRESENT_X,CAMERA_2,S_INTRODUCES_FEATURE,CAMERA_2,price,This one costs $768.,PRESENT_X,CAMERA_2,15~19
856,5,CAMERA_2,['CAMERA_2'],"{'CAMERA_1': [], 'CAMERA_2': ['price', 'effects'], 'CAMERA_3': []}",C_SILENT_OR_BACKCHANNEL,CAMERA_2,NONE,interesting ok,PRESENT_X,CAMERA_2,S_INTRODUCES_FEATURE,CAMERA_2,effects,"This one has 24 artistic effect modes (retro, lighter or darker skin tones, sepia, etc.).",PRESENT_X,CAMERA_2,13~88
856,6,CAMERA_1,"['CAMERA_2', 'CAMERA_1']","{'CAMERA_1': [], 'CAMERA_2': ['price', 'effects'], 'CAMERA_3': []}",C_ANYTHING_ELSE_AVAILABLE,CAMERA_2,NONE,do you have any other cameras like this,PRESENT_X,CAMERA_2,S_INTRODUCES_CAMERA,CAMERA_1,,Let me show you this. Here we have the Sony PowerShot ELPH DMC-ZS3.,PRESENT_X,CAMERA_1,39~66
856,7,CAMERA_1,"['CAMERA_2', 'CAMERA_1']","{'CAMERA_1': ['weight'], 'CAMERA_2': ['price', 'effects'], 'CAMERA_3': []}",C_SILENT_OR_BACKCHANNEL,CAMERA_1,NONE,okay,PRESENT_X,CAMERA_1,S_INTRODUCES_FEATURE,CAMERA_1,weight,This one weighs 800 grams.,PRESENT_X,CAMERA_1,16~25
856,8,NONE,"['CAMERA_2', 'CAMERA_1']","{'CAMERA_1': ['weight'], 'CAMERA_2': ['price', 'effects'], 'CAMERA_3': []}",C_THANK_YOU,CAMERA_1,NONE,yeah thank you for your help,PRESENT_X,CAMERA_1,S_THANK_YOU,CAMERA_1,NONE,thank you very much.,FACE_TO_FACE,NONE,
856,9,NONE,"['CAMERA_2', 'CAMERA_1']","{'CAMERA_1': ['weight'], 'CAMERA_2': ['price', 'effects'], 'CAMERA_3': []}",C_LEAVES,DOOR,NONE,,FACE_TO_FACE,NONE,S_RETURNS_TO_COUNTER,SERVICE_COUNTER,NONE,,WAITING,NONE,
857,1,NONE,[],"{'CAMERA_1': [], 'CAMERA_2': [], 'CAMERA_3': []}",C_ENTERS,DOOR,NONE,,WAITING,NONE,S_NONE,SERVICE_COUNTER,NONE,,WAITING,NONE,
857,2,NONE,[],"{'CAMERA_1': [], 'CAMERA_2': [], 'CAMERA_3': []}",C_WALKS_TO_CAMERA,CAMERA_3,NONE,,WAITING,NONE,S_GREETS,CAMERA_3,NONE,can I help you?,FACE_TO_FACE,NONE,
857,3,CAMERA_2,['CAMERA_2'],"{'CAMERA_1': [], 'CAMERA_2': [], 'CAMERA_3': []}",C_LOOKING_FOR_A_CAMERA,CAMERA_3,NONE,I want to look at the new cameras that you have,FACE_TO_FACE,NONE,S_INTRODUCES_CAMERA,CAMERA_2,,Let me show you this. Here we have the Fujifilm Lumix ILC Camera.,PRESENT_X,CAMERA_2,39~64
857,4,CAMERA_2,['CAMERA_2'],"{'CAMERA_1': [], 'CAMERA_2': ['weight'], 'CAMERA_3': []}",C_SILENT_OR_BACKCHANNEL,CAMERA_2,NONE,ok,PRESENT_X,CAMERA_2,S_INTRODUCES_FEATURE,CAMERA_2,weight,This one weighs 820 grams.,PRESENT_X,CAMERA_2,16~25
857,5,CAMERA_2,['CAMERA_2'],"{'CAMERA_1': [], 'CAMERA_2': ['weight', 'long_exposure'], 'CAMERA_3': []}",C_QUESTION_ABOUT_FEATURE,CAMERA_2,long_exposure,and how about its exposure,PRESENT_X,CAMERA_2,S_ANSWERS_QUESTION_ABOUT_FEATURE,CAMERA_2,long_exposure,This one can take long exposures up to 60 minutes max with bulb mode.,PRESENT_X,CAMERA_2,39~68
857,6,CAMERA_2,['CAMERA_2'],"{'CAMERA_1': [], 'CAMERA_2': ['weight', 'long_exposure', 'camera_type'], 'CAMERA_3': []}",C_QUESTION_ABOUT_FEATURE,CAMERA_2,camera_type,what kind of camera is this,PRESENT_X,CAMERA_2,S_ANSWERS_QUESTION_ABOUT_FEATURE,CAMERA_2,camera_type,This is a digital single lens mirrorless camera.,PRESENT_X,CAMERA_2,10~40
857,7,CAMERA_2,['CAMERA_2'],"{'CAMERA_1': [], 'CAMERA_2': ['weight', 'long_exposure', 'camera_type', 'settings'], 'CAMERA_3': []}",C_QUESTION_ABOUT_FEATURE,CAMERA_2,settings,and I can control of the settings myself right,PRESENT_X,CAMERA_2,S_ANSWERS_QUESTION_ABOUT_FEATURE,CAMERA_2,settings,"This one has manual control and various automatic settings (video modeburst shooting, etc.).",PRESENT_X,CAMERA_2,13~91
857,8,CAMERA_2,['CAMERA_2'],"{'CAMERA_1': [], 'CAMERA_2': ['weight', 'long_exposure', 'camera_type', 'settings', 'ISO'], 'CAMERA_3': []}",C_QUESTION_ABOUT_FEATURE,CAMERA_2,ISO,okay I see and can you please explain me about the ISO,PRESENT_X,CAMERA_2,S_NOT_SURE,CAMERA_2,,I'm not really sure about that.,PRESENT_X,CAMERA_2,
857,9,CAMERA_2,['CAMERA_2'],"{'CAMERA_1': [], 'CAMERA_2': ['weight', 'long_exposure', 'camera_type', 'settings', 'ISO', 'color'], 'CAMERA_3': []}",C_QUESTION_ABOUT_FEATURE,CAMERA_2,color,really ok and what colors does it come in,PRESENT_X,CAMERA_2,S_ANSWERS_QUESTION_ABOUT_FEATURE,CAMERA_2,color,This one comes in white or pink.,PRESENT_X,CAMERA_2,18~31
857,10,CAMERA_2,['CAMERA_2'],"{'CAMERA_1': [], 'CAMERA_2': ['weight', 'long_exposure', 'camera_type', 'settings', 'ISO', 'color', 'preset_modes'], 'CAMERA_3': []}",C_QUESTION_ABOUT_FEATURE,CAMERA_2,preset_modes,Does camera support for preset Morsi,PRESENT_X,CAMERA_2,S_NOT_SURE,CAMERA_2,,I'm not really sure about that.,PRESENT_X,CAMERA_2,
857,11,CAMERA_2,['CAMERA_2'],"{'CAMERA_1': [], 'CAMERA_2': ['weight', 'long_exposure', 'camera_type', 'settings', 'ISO', 'color', 'preset_modes', 'autofocus_points'], 'CAMERA_3': []}",C_QUESTION_ABOUT_FEATURE,CAMERA_2,autofocus_points,and for this model how many auto focus points does it have,PRESENT_X,CAMERA_2,S_NOT_SURE,CAMERA_2,,I'm not really sure about that.,PRESENT_X,CAMERA_2,
857,12,CAMERA_3,"['CAMERA_2', 'CAMERA_3']","{'CAMERA_1': [], 'CAMERA_2': ['weight', 'long_exposure', 'camera_type', 'settings', 'ISO', 'color', 'preset_modes', 'autofocus_points'], 'CAMERA_3': []}",C_ANYTHING_ELSE_AVAILABLE,CAMERA_2,NONE,So this is the only model you have in your shop,PRESENT_X,CAMERA_2,S_INTRODUCES_CAMERA,CAMERA_3,,Let me show you this. Here we have the Fujifilm PowerShot ELPH S2800.,PRESENT_X,CAMERA_3,39~68
857,13,CAMERA_3,"['CAMERA_2', 'CAMERA_3']","{'CAMERA_1': [], 'CAMERA_2': ['weight', 'long_exposure', 'camera_type', 'settings', 'ISO', 'color', 'preset_modes', 'autofocus_points'], 'CAMERA_3': ['weight']}",C_QUESTION_ABOUT_FEATURE,CAMERA_3,weight,it's way too heavy,PRESENT_X,CAMERA_3,S_ANSWERS_QUESTION_ABOUT_FEATURE,CAMERA_3,weight,This one weighs 820 grams.,PRESENT_X,CAMERA_3,16~25
857,14,CAMERA_3,"['CAMERA_2', 'CAMERA_3']","{'CAMERA_1': [], 'CAMERA_2': ['weight', 'long_exposure', 'camera_type', 'settings', 'ISO', 'color', 'preset_modes', 'autofocus_points'], 'CAMERA_3': ['weight', 'autofocus_points']}",C_SILENT_OR_BACKCHANNEL,CAMERA_3,NONE,ok,PRESENT_X,CAMERA_3,S_INTRODUCES_FEATURE,CAMERA_3,autofocus_points,This one has 214 autofocus points.,PRESENT_X,CAMERA_3,13~33
857,15,CAMERA_3,"['CAMERA_2', 'CAMERA_3']","{'CAMERA_1': [], 'CAMERA_2': ['weight', 'long_exposure', 'camera_type', 'settings', 'ISO', 'color', 'preset_modes', 'autofocus_points'], 'CAMERA_3': ['weight', 'autofocus_points', 'sensor_size']}",C_SILENT_OR_BACKCHANNEL,CAMERA_3,NONE,nice how much is a pricing,PRESENT_X,CAMERA_3,S_INTRODUCES_FEATURE,CAMERA_3,sensor_size,This one has a full frame.,PRESENT_X,CAMERA_3,15~25
857,16,CAMERA_3,"['CAMERA_2', 'CAMERA_3']","{'CAMERA_1': [], 'CAMERA_2': ['weight', 'long_exposure', 'camera_type', 'settings', 'ISO', 'color', 'preset_modes', 'autofocus_points'], 'CAMERA_3': ['weight', 'autofocus_points', 'sensor_size', 'price']}",C_SILENT_OR_BACKCHANNEL,CAMERA_3,NONE,chore,PRESENT_X,CAMERA_3,S_INTRODUCES_FEATURE,CAMERA_3,price,This one costs $518.,PRESENT_X,CAMERA_3,15~19
857,17,CAMERA_3,"['CAMERA_2', 'CAMERA_3']","{'CAMERA_1': [], 'CAMERA_2': ['weight', 'long_exposure', 'camera_type', 'settings', 'ISO', 'color', 'preset_modes', 'autofocus_points'], 'CAMERA_3': ['weight', 'autofocus_points', 'sensor_size', 'price', 'settings']}",C_SILENT_OR_BACKCHANNEL,CAMERA_3,NONE,this camera sounds pretty good,PRESENT_X,CAMERA_3,S_INTRODUCES_FEATURE,CAMERA_3,settings,"This one has manual control and various automatic settings (video modeburst shooting, etc.).",PRESENT_X,CAMERA_3,13~91
857,18,NONE,"['CAMERA_2', 'CAMERA_3']","{'CAMERA_1': [], 'CAMERA_2': ['weight', 'long_exposure', 'camera_type', 'settings', 'ISO', 'color', 'preset_modes', 'autofocus_points'], 'CAMERA_3': ['weight', 'autofocus_points', 'sensor_size', 'price', 'settings']}",C_THANK_YOU,CAMERA_3,NONE,ok thanks,PRESENT_X,CAMERA_3,S_THANK_YOU,CAMERA_3,NONE,thank you very much.,FACE_TO_FACE,NONE,
857,19,NONE,"['CAMERA_2', 'CAMERA_3']","{'CAMERA_1': [], 'CAMERA_2': ['weight', 'long_exposure', 'camera_type', 'settings', 'ISO', 'color', 'preset_modes', 'autofocus_points'], 'CAMERA_3': ['weight', 'autofocus_points', 'sensor_size', 'price', 'settings']}",C_LEAVES,DOOR,NONE,,FACE_TO_FACE,NONE,S_RETURNS_TO_COUNTER,SERVICE_COUNTER,NONE,,WAITING,NONE,
858,1,NONE,[],"{'CAMERA_1': [], 'CAMERA_2': [], 'CAMERA_3': []}",C_ENTERS,DOOR,NONE,,WAITING,NONE,S_NONE,SERVICE_COUNTER,NONE,,WAITING,NONE,
858,2,NONE,[],"{'CAMERA_1': [], 'CAMERA_2': [], 'CAMERA_3': []}",C_WALKS_TO_CAMERA,CAMERA_3,NONE,,WAITING,NONE,S_NONE,SERVICE_COUNTER,NONE,,WAITING,NONE,
858,3,CAMERA_3,['CAMERA_3'],"{'CAMERA_1': [], 'CAMERA_2': [], 'CAMERA_3': ['camera_type']}",C_QUESTION_ABOUT_FEATURE,CAMERA_3,camera_type,is this a DSLR camera,WAITING,NONE,S_ANSWERS_QUESTION_ABOUT_FEATURE,CAMERA_3,camera_type,This is a point and shoot camera.,PRESENT_X,CAMERA_3,10~25
858,4,CAMERA_1,"['CAMERA_3', 'CAMERA_1']","{'CAMERA_1': [], 'CAMERA_2': [], 'CAMERA_3': ['camera_type']}",C_ANYTHING_ELSE_AVAILABLE,CAMERA_3,NONE,can you recommend another camera similar to this,PRESENT_X,CAMERA_3,S_INTRODUCES_CAMERA,CAMERA_1,,Let me show you this. Here we have the Sony PowerShot ELPH DMC-ZS3.,PRESENT_X,CAMERA_1,39~66
858,5,CAMERA_1,"['CAMERA_3', 'CAMERA_1']","{'CAMERA_1': ['long_exposure'], 'CAMERA_2': [], 'CAMERA_3': ['camera_type']}",C_QUESTION_ABOUT_FEATURE,CAMERA_1,long_exposure,is the exposure over 20 seconds,PRESENT_X,CAMERA_1,S_ANSWERS_QUESTION_ABOUT_FEATURE,CAMERA_1,long_exposure,This one can take long exposures up to up to 15 seconds with Long Shutter Mode.,PRESENT_X,CAMERA_1,39~78
858,6,CAMERA_1,"['CAMERA_3', 'CAMERA_1']","{'CAMERA_1': ['long_exposure', 'color'], 'CAMERA_2': [], 'CAMERA_3': ['camera_type']}",C_QUESTION_ABOUT_FEATURE,CAMERA_1,color,how many colors does this icon coming,PRESENT_X,CAMERA_1,S_ANSWERS_QUESTION_ABOUT_FEATURE,CAMERA_1,color,This one comes in blue or black.,PRESENT_X,CAMERA_1,18~31
858,7,CAMERA_1,"['CAMERA_3', 'CAMERA_1']","{'CAMERA_1': ['long_exposure', 'color', 'effects'], 'CAMERA_2': [], 'CAMERA_3': ['camera_type']}",C_SILENT_OR_BACKCHANNEL,CAMERA_1,NONE,oh wow this is awesome all God,PRESENT_X,CAMERA_1,S_INTRODUCES_FEATURE,CAMERA_1,effects,"This one has 24 glamor retouch effects (miniature, retro, toy camera, etc.).",PRESENT_X,CAMERA_1,13~75
858,8,CAMERA_1,"['CAMERA_3', 'CAMERA_1']","{'CAMERA_1': ['long_exposure', 'color', 'effects', 'weight'], 'CAMERA_2': [], 'CAMERA_3': ['camera_type']}",C_QUESTION_ABOUT_FEATURE,CAMERA_1,weight,is it heavy though,PRESENT_X,CAMERA_1,S_ANSWERS_QUESTION_ABOUT_FEATURE,CAMERA_1,weight,This one weighs 800 grams.,PRESENT_X,CAMERA_1,16~25
858,9,CAMERA_1,"['CAMERA_3', 'CAMERA_1']","{'CAMERA_1': ['long_exposure', 'color', 'effects', 'weight', 'settings'], 'CAMERA_2': [], 'CAMERA_3': ['camera_type']}",C_QUESTION_ABOUT_FEATURE,CAMERA_1,settings,how much Freedom do you have with this like what what can I set according to my liking,PRESENT_X,CAMERA_1,S_ANSWERS_QUESTION_ABOUT_FEATURE,CAMERA_1,settings,This one has limited manual settings.,PRESENT_X,CAMERA_1,13~36
858,10,CAMERA_1,"['CAMERA_3', 'CAMERA_1']","{'CAMERA_1': ['long_exposure', 'color', 'effects', 'weight', 'settings', 'optical_zoom'], 'CAMERA_2': [], 'CAMERA_3': ['camera_type']}",C_QUESTION_ABOUT_FEATURE,CAMERA_1,optical_zoom,and what about the optical zoom,PRESENT_X,CAMERA_1,S_ANSWERS_QUESTION_ABOUT_FEATURE,CAMERA_1,optical_zoom,This one has 21x optical zoom.,PRESENT_X,CAMERA_1,13~29
858,11,CAMERA_1,"['CAMERA_3', 'CAMERA_1']","{'CAMERA_1': ['long_exposure', 'color', 'effects', 'weight', 'settings', 'optical_zoom', 'ISO'], 'CAMERA_2': [], 'CAMERA_3': ['camera_type']}",C_QUESTION_ABOUT_FEATURE,CAMERA_1,ISO,ok also the iso rate,PRESENT_X,CAMERA_1,S_ANSWERS_QUESTION_ABOUT_FEATURE,CAMERA_1,ISO,This one has up to 51200 ISO.,PRESENT_X,CAMERA_1,13~28
858,12,CAMERA_1,"['CAMERA_3', 'CAMERA_1']","{'CAMERA_1': ['long_exposure', 'color', 'effects', 'weight', 'settings', 'optical_zoom', 'ISO', 'sensor_size'], 'CAMERA_2': [], 'CAMERA_3': ['camera_type']}",C_QUESTION_ABOUT_FEATURE,CAMERA_1,sensor_size,and what's the sensor size on this,PRESENT_X,CAMERA_1,S_ANSWERS_QUESTION_ABOUT_FEATURE,CAMERA_1,sensor_size,This one has a 1/2.3 inch CMOS sensor.,PRESENT_X,CAMERA_1,15~37
858,13,CAMERA_1,"['CAMERA_3', 'CAMERA_1']","{'CAMERA_1': ['long_exposure', 'color', 'effects', 'weight', 'settings', 'optical_zoom', 'ISO', 'sensor_size', 'autofocus_points'], 'CAMERA_2': [], 'CAMERA_3': ['camera_type']}",C_QUESTION_ABOUT_FEATURE,CAMERA_1,autofocus_points,oh I see and what about the autofocus points and the ISO,PRESENT_X,CAMERA_1,S_ANSWERS_QUESTION_ABOUT_FEATURE,CAMERA_1,autofocus_points,This one has 135 autofocus points.,PRESENT_X,CAMERA_1,13~33
858,14,CAMERA_1,"['CAMERA_3', 'CAMERA_1']","{'CAMERA_1': ['long_exposure', 'color', 'effects', 'weight', 'settings', 'optical_zoom', 'ISO', 'sensor_size', 'autofocus_points', 'resolution'], 'CAMERA_2': [], 'CAMERA_3': ['camera_type']}",C_QUESTION_ABOUT_FEATURE,CAMERA_1,resolution,how many megapixels,PRESENT_X,CAMERA_1,S_ANSWERS_QUESTION_ABOUT_FEATURE,CAMERA_1,resolution,This one has 17.8 megapixels resolution.,PRESENT_X,CAMERA_1,13~28
858,15,CAMERA_2,"['CAMERA_3', 'CAMERA_1', 'CAMERA_2']","{'CAMERA_1': ['long_exposure', 'color', 'effects', 'weight', 'settings', 'optical_zoom', 'ISO', 'sensor_size', 'autofocus_points', 'resolution'], 'CAMERA_2': [], 'CAMERA_3': ['camera_type']}",C_ANYTHING_ELSE_AVAILABLE,CAMERA_1,NONE,that's good that's okay I like it when do you have other models in this area,PRESENT_X,CAMERA_1,S_INTRODUCES_CAMERA,CAMERA_2,,Let me show you this. Here we have the Fujifilm Lumix ILC Camera.,PRESENT_X,CAMERA_2,39~64
858,16,CAMERA_2,"['CAMERA_3', 'CAMERA_1', 'CAMERA_2']","{'CAMERA_1': ['long_exposure', 'color', 'effects', 'weight', 'settings', 'optical_zoom', 'ISO', 'sensor_size', 'autofocus_points', 'resolution'], 'CAMERA_2': ['optical_zoom'], 'CAMERA_3': ['camera_type']}",C_QUESTION_ABOUT_FEATURE,CAMERA_2,optical_zoom,how's the zoom on it,PRESENT_X,CAMERA_2,S_ANSWERS_QUESTION_ABOUT_FEATURE,CAMERA_2,optical_zoom,This one has 21x optical zoom.,PRESENT_X,CAMERA_2,13~29
858,17,CAMERA_2,"['CAMERA_3', 'CAMERA_1', 'CAMERA_2']","{'CAMERA_1': ['long_exposure', 'color', 'effects', 'weight', 'settings', 'optical_zoom', 'ISO', 'sensor_size', 'autofocus_points', 'resolution'], 'CAMERA_2': ['optical_zoom', 'price'], 'CAMERA_3': ['camera_type']}",C_SILENT_OR_BACKCHANNEL,CAMERA_2,NONE,okay great let's take care of business,PRESENT_X,CAMERA_2,S_INTRODUCES_FEATURE,CAMERA_2,price,This one costs $768.,PRESENT_X,CAMERA_2,15~19
858,18,CAMERA_2,"['CAMERA_3', 'CAMERA_1', 'CAMERA_2']","{'CAMERA_1': ['long_exposure', 'color', 'effects', 'weight', 'settings', 'optical_zoom', 'ISO', 'sensor_size', 'autofocus_points', 'resolution'], 'CAMERA_2': ['optical_zoom', 'price', 'resolution'], 'CAMERA_3': ['camera_type']}",C_SILENT_OR_BACKCHANNEL,CAMERA_2,NONE,okay that sounds good,PRESENT_X,CAMERA_2,S_INTRODUCES_FEATURE,CAMERA_2,resolution,This one has 23.8 megapixels resolution.,PRESENT_X,CAMERA_2,13~28
858,19,CAMERA_2,"['CAMERA_3', 'CAMERA_1', 'CAMERA_2']","{'CAMERA_1': ['long_exposure', 'color', 'effects', 'weight', 'settings', 'optical_zoom', 'ISO', 'sensor_size', 'autofocus_points', 'resolution'], 'CAMERA_2': ['optical_zoom', 'price', 'resolution', 'effects'], 'CAMERA_3': ['camera_type']}",C_SILENT_OR_BACKCHANNEL,CAMERA_2,NONE,oh wow this is awesome all God,PRESENT_X,CAMERA_2,S_INTRODUCES_FEATURE,CAMERA_2,effects,"This one has 24 artistic effect modes (retro, lighter or darker skin tones, sepia, etc.).",PRESENT_X,CAMERA_2,13~88
858,20,CAMERA_2,"['CAMERA_3', 'CAMERA_1', 'CAMERA_2']","{'CAMERA_1': ['long_exposure', 'color', 'effects', 'weight', 'settings', 'optical_zoom', 'ISO', 'sensor_size', 'autofocus_points', 'resolution'], 'CAMERA_2': ['optical_zoom', 'price', 'resolution', 'effects', 'ISO'], 'CAMERA_3': ['camera_type']}",C_QUESTION_ABOUT_FEATURE,CAMERA_2,ISO,ISO performers,PRESENT_X,CAMERA_2,S_NOT_SURE,CAMERA_2,,I'm not really sure about that.,PRESENT_X,CAMERA_2,
858,21,CAMERA_2,"['CAMERA_3', 'CAMERA_1', 'CAMERA_2']","{'CAMERA_1': ['long_exposure', 'color', 'effects', 'weight', 'settings', 'optical_zoom', 'ISO', 'sensor_size', 'autofocus_points', 'resolution'], 'CAMERA_2': ['optical_zoom', 'price', 'resolution', 'effects', 'ISO', 'camera_type'], 'CAMERA_3': ['camera_type']}",C_SILENT_OR_BACKCHANNEL,CAMERA_2,NONE,oh wow this is awesome all God,PRESENT_X,CAMERA_2,S_INTRODUCES_FEATURE,CAMERA_2,camera_type,This is a digital single lens mirrorless camera.,PRESENT_X,CAMERA_2,10~40
858,22,CAMERA_2,"['CAMERA_3', 'CAMERA_1', 'CAMERA_2']","{'CAMERA_1': ['long_exposure', 'color', 'effects', 'weight', 'settings', 'optical_zoom', 'ISO', 'sensor_size', 'autofocus_points', 'resolution'], 'CAMERA_2': ['optical_zoom', 'price', 'resolution', 'effects', 'ISO', 'camera_type', 'color'], 'CAMERA_3': ['camera_type']}",C_SILENT_OR_BACKCHANNEL,CAMERA_2,NONE,okay let's see,PRESENT_X,CAMERA_2,S_INTRODUCES_FEATURE,CAMERA_2,color,This one comes in white or pink.,PRESENT_X,CAMERA_2,18~31
858,23,CAMERA_2,"['CAMERA_3', 'CAMERA_1', 'CAMERA_2']","{'CAMERA_1': ['long_exposure', 'color', 'effects', 'weight', 'settings', 'optical_zoom', 'ISO', 'sensor_size', 'autofocus_points', 'resolution'], 'CAMERA_2': ['optical_zoom', 'price', 'resolution', 'effects', 'ISO', 'camera_type', 'color', 'autofocus_points'], 'CAMERA_3': ['camera_type']}",C_QUESTION_ABOUT_FEATURE,CAMERA_2,autofocus_points,is it equipped with autofocus,PRESENT_X,CAMERA_2,S_NOT_SURE,CAMERA_2,,I'm not really sure about that.,PRESENT_X,CAMERA_2,
858,24,CAMERA_2,"['CAMERA_3', 'CAMERA_1', 'CAMERA_2']","{'CAMERA_1': ['long_exposure', 'color', 'effects', 'weight', 'settings', 'optical_zoom', 'ISO', 'sensor_size', 'autofocus_points', 'resolution'], 'CAMERA_2': ['optical_zoom', 'price', 'resolution', 'effects', 'ISO', 'camera_type', 'color', 'autofocus_points', 'settings'], 'CAMERA_3': ['camera_type']}",C_QUESTION_ABOUT_FEATURE,CAMERA_2,settings,okay and what kind of manual settings does it have,PRESENT_X,CAMERA_2,S_ANSWERS_QUESTION_ABOUT_FEATURE,CAMERA_2,settings,"This one has manual control and various automatic settings (video modeburst shooting, etc.).",PRESENT_X,CAMERA_2,13~91
858,25,CAMERA_2,"['CAMERA_3', 'CAMERA_1', 'CAMERA_2']","{'CAMERA_1': ['long_exposure', 'color', 'effects', 'weight', 'settings', 'optical_zoom', 'ISO', 'sensor_size', 'autofocus_points', 'resolution'], 'CAMERA_2': ['optical_zoom', 'price', 'resolution', 'effects', 'ISO', 'camera_type', 'color', 'autofocus_points', 'settings', 'preset_modes'], 'CAMERA_3': ['camera_type']}",C_QUESTION_ABOUT_FEATURE,CAMERA_2,preset_modes,Does camera support for preset Morsi,PRESENT_X,CAMERA_2,S_NOT_SURE,CAMERA_2,,I'm not really sure about that.,PRESENT_X,CAMERA_2,
858,26,CAMERA_2,"['CAMERA_3', 'CAMERA_1', 'CAMERA_2']","{'CAMERA_1': ['long_exposure', 'color', 'effects', 'weight', 'settings', 'optical_zoom', 'ISO', 'sensor_size', 'autofocus_points', 'resolution'], 'CAMERA_2': ['optical_zoom', 'price', 'resolution', 'effects', 'ISO', 'camera_type', 'color', 'autofocus_points', 'settings', 'preset_modes', 'weight'], 'CAMERA_3': ['camera_type']}",C_SILENT_OR_BACKCHANNEL,CAMERA_2,NONE,I guess it's a pretty good camera then,PRESENT_X,CAMERA_2,S_INTRODUCES_FEATURE,CAMERA_2,weight,This one weighs 820 grams.,PRESENT_X,CAMERA_2,16~25
858,27,NONE,"['CAMERA_3', 'CAMERA_1', 'CAMERA_2']","{'CAMERA_1': ['long_exposure', 'color', 'effects', 'weight', 'settings', 'optical_zoom', 'ISO', 'sensor_size', 'autofocus_points', 'resolution'], 'CAMERA_2': ['optical_zoom', 'price', 'resolution', 'effects', 'ISO', 'camera_type', 'color', 'autofocus_points', 'settings', 'preset_modes', 'weight'], 'CAMERA_3': ['camera_type']}",C_THANK_YOU,CAMERA_2,NONE,thank you,PRESENT_X,CAMERA_2,S_THANK_YOU,CAMERA_2,NONE,thank you very much.,FACE_TO_FACE,NONE,
858,28,NONE,"['CAMERA_3', 'CAMERA_1', 'CAMERA_2']","{'CAMERA_1': ['long_exposure', 'color', 'effects', 'weight', 'settings', 'optical_zoom', 'ISO', 'sensor_size', 'autofocus_points', 'resolution'], 'CAMERA_2': ['optical_zoom', 'price', 'resolution', 'effects', 'ISO', 'camera_type', 'color', 'autofocus_points', 'settings', 'preset_modes', 'weight'], 'CAMERA_3': ['camera_type']}",C_LEAVES,DOOR,NONE,,FACE_TO_FACE,NONE,S_RETURNS_TO_COUNTER,SERVICE_COUNTER,NONE,,WAITING,NONE,
859,1,NONE,[],"{'CAMERA_1': [], 'CAMERA_2': [], 'CAMERA_3': []}",C_ENTERS,DOOR,NONE,,WAITING,NONE,S_NONE,SERVICE_COUNTER,NONE,,WAITING,NONE,
859,2,NONE,[],"{'CAMERA_1': [], 'CAMERA_2': [], 'CAMERA_3': []}",C_GREETS,MIDDLE,NONE,hello Galaxy Note,WAITING,NONE,S_GREETS,MIDDLE,NONE,can I help you?,FACE_TO_FACE,NONE,
859,3,CAMERA_1,['CAMERA_1'],"{'CAMERA_1': [], 'CAMERA_2': [], 'CAMERA_3': []}",C_LOOKING_FOR_A_CAMERA,MIDDLE,NONE,I want to look at your camera,FACE_TO_FACE,NONE,S_INTRODUCES_CAMERA,CAMERA_1,,Let me show you this. Here we have the Sony PowerShot ELPH DMC-ZS3.,PRESENT_X,CAMERA_1,39~66
859,4,CAMERA_1,['CAMERA_1'],"{'CAMERA_1': ['color'], 'CAMERA_2': [], 'CAMERA_3': []}",C_QUESTION_ABOUT_FEATURE,CAMERA_1,color,what colors does it come in,PRESENT_X,CAMERA_1,S_ANSWERS_QUESTION_ABOUT_FEATURE,CAMERA_1,color,This one comes in blue or black.,PRESENT_X,CAMERA_1,18~31
859,5,CAMERA_1,['CAMERA_1'],"{'CAMERA_1': ['color', 'price'], 'CAMERA_2': [], 'CAMERA_3': []}",C_SILENT_OR_BACKCHANNEL,CAMERA_1,NONE,IC,PRESENT_X,CAMERA_1,S_INTRODUCES_FEATURE,CAMERA_1,price,This one costs $450.,PRESENT_X,CAMERA_1,15~19
859,6,CAMERA_1,['CAMERA_1'],"{'CAMERA_1': ['color', 'price', 'sensor_size'], 'CAMERA_2': [], 'CAMERA_3': []}",C_QUESTION_ABOUT_FEATURE,CAMERA_1,sensor_size,synthesize of this camera,PRESENT_X,CAMERA_1,S_ANSWERS_QUESTION_ABOUT_FEATURE,CAMERA_1,sensor_size,This one has a 1/2.3 inch CMOS sensor.,PRESENT_X,CAMERA_1,15~37
859,7,CAMERA_1,['CAMERA_1'],"{'CAMERA_1': ['color', 'price', 'sensor_size', 'optical_zoom'], 'CAMERA_2': [], 'CAMERA_3': []}",C_QUESTION_ABOUT_FEATURE,CAMERA_1,optical_zoom,excuse me what does it mean by optical zoom,PRESENT_X,CAMERA_1,S_ANSWERS_QUESTION_ABOUT_FEATURE,CAMERA_1,optical_zoom,This one has 21x optical zoom.,PRESENT_X,CAMERA_1,13~29
859,8,CAMERA_2,"['CAMERA_1', 'CAMERA_2']","{'CAMERA_1': ['color', 'price', 'sensor_size', 'optical_zoom'], 'CAMERA_2': [], 'CAMERA_3': []}",C_ANYTHING_ELSE_AVAILABLE,CAMERA_1,NONE,So this is the only model you have in your shop,PRESENT_X,CAMERA_1,S_INTRODUCES_CAMERA,CAMERA_2,,Let me show you this. Here we have the Fujifilm Lumix ILC Camera.,PRESENT_X,CAMERA_2,39~64
859,9,CAMERA_2,"['CAMERA_1', 'CAMERA_2']","{'CAMERA_1': ['color', 'price', 'sensor_size', 'optical_zoom'], 'CAMERA_2': ['ISO'], 'CAMERA_3': []}",C_QUESTION_ABOUT_FEATURE,CAMERA_2,ISO,ISO option is,PRESENT_X,CAMERA_2,S_NOT_SURE,CAMERA_2,,I'm not really sure about that.,PRESENT_X,CAMERA_2,
859,10,CAMERA_2,"['CAMERA_1', 'CAMERA_2']","{'CAMERA_1': ['color', 'price', 'sensor_size', 'optical_zoom'], 'CAMERA_2': ['ISO', 'long_exposure'], 'CAMERA_3': []}",C_QUESTION_ABOUT_FEATURE,CAMERA_2,long_exposure,okay and how is it for long exposures,PRESENT_X,CAMERA_2,S_ANSWERS_QUESTION_ABOUT_FEATURE,CAMERA_2,long_exposure,This one can take long exposures up to 60 minutes max with bulb mode.,PRESENT_X,CAMERA_2,39~68
859,11,CAMERA_2,"['CAMERA_1', 'CAMERA_2']","{'CAMERA_1': ['color', 'price', 'sensor_size', 'optical_zoom'], 'CAMERA_2': ['ISO', 'long_exposure', 'resolution'], 'CAMERA_3': []}",C_QUESTION_ABOUT_FEATURE,CAMERA_2,resolution,how many megapixels is it,PRESENT_X,CAMERA_2,S_ANSWERS_QUESTION_ABOUT_FEATURE,CAMERA_2,resolution,This one has 23.8 megapixels resolution.,PRESENT_X,CAMERA_2,13~28
859,12,CAMERA_3,"['CAMERA_1', 'CAMERA_2', 'CAMERA_3']","{'CAMERA_1': ['color', 'price', 'sensor_size', 'optical_zoom'], 'CAMERA_2': ['ISO', 'long_exposure', 'resolution'], 'CAMERA_3': []}",C_ANYTHING_ELSE_AVAILABLE,CAMERA_2,NONE,okay do you have any other cameras I might be interested,PRESENT_X,CAMERA_2,S_INTRODUCES_CAMERA,CAMERA_3,,Let me show you this. Here we have the Fujifilm PowerShot ELPH S2800.,PRESENT_X,CAMERA_3,39~68
859,13,CAMERA_3,"['CAMERA_1', 'CAMERA_2', 'CAMERA_3']","{'CAMERA_1': ['color', 'price', 'sensor_size', 'optical_zoom'], 'CAMERA_2': ['ISO', 'long_exposure', 'resolution'], 'CAMERA_3': ['ISO']}",C_QUESTION_ABOUT_FEATURE,CAMERA_3,ISO,how hot is the iso guns,PRESENT_X,CAMERA_3,S_ANSWERS_QUESTION_ABOUT_FEATURE,CAMERA_3,ISO,This one has up to 3200 ISO with little noise.,PRESENT_X,CAMERA_3,13~45
859,14,CAMERA_3,"['CAMERA_1', 'CAMERA_2', 'CAMERA_3']","{'CAMERA_1': ['color', 'price', 'sensor_size', 'optical_zoom'], 'CAMERA_2': ['ISO', 'long_exposure', 'resolution'], 'CAMERA_3': ['ISO', 'effects']}",C_QUESTION_ABOUT_FEATURE,CAMERA_3,effects,and how does the artistic effect Mode work,PRESENT_X,CAMERA_3,S_ANSWERS_QUESTION_ABOUT_FEATURE,CAMERA_3,effects,"This one has 21 photo effects (small face, retro, big eyes, etc.).",PRESENT_X,CAMERA_3,13~65
859,15,CAMERA_3,"['CAMERA_1', 'CAMERA_2', 'CAMERA_3']","{'CAMERA_1': ['color', 'price', 'sensor_size', 'optical_zoom'], 'CAMERA_2': ['ISO', 'long_exposure', 'resolution'], 'CAMERA_3': ['ISO', 'effects', 'autofocus_points']}",C_SILENT_OR_BACKCHANNEL,CAMERA_3,NONE,IC,PRESENT_X,CAMERA_3,S_INTRODUCES_FEATURE,CAMERA_3,autofocus_points,This one has 214 autofocus points.,PRESENT_X,CAMERA_3,13~33
859,16,CAMERA_3,"['CAMERA_1', 'CAMERA_2', 'CAMERA_3']","{'CAMERA_1': ['color', 'price', 'sensor_size', 'optical_zoom'], 'CAMERA_2': ['ISO', 'long_exposure', 'resolution'], 'CAMERA_3': ['ISO', 'effects', 'autofocus_points', 'settings']}",C_SILENT_OR_BACKCHANNEL,CAMERA_3,NONE,yeah that's right this is very nice,PRESENT_X,CAMERA_3,S_INTRODUCES_FEATURE,CAMERA_3,settings,"This one has manual control and various automatic settings (video modeburst shooting, etc.).",PRESENT_X,CAMERA_3,13~91
859,17,CAMERA_3,"['CAMERA_1', 'CAMERA_2', 'CAMERA_3']","{'CAMERA_1': ['color', 'price', 'sensor_size', 'optical_zoom'], 'CAMERA_2': ['ISO', 'long_exposure', 'resolution'], 'CAMERA_3': ['ISO', 'effects', 'autofocus_points', 'settings', 'resolution']}",C_QUESTION_ABOUT_FEATURE,CAMERA_3,resolution,how many megapixels does it have,PRESENT_X,CAMERA_3,S_ANSWERS_QUESTION_ABOUT_FEATURE,CAMERA_3,resolution,This one has 23.2 megapixels resolution.,PRESENT_X,CAMERA_3,13~28
859,18,CAMERA_3,"['CAMERA_1', 'CAMERA_2', 'CAMERA_3']","{'CAMERA_1': ['color', 'price', 'sensor_size', 'optical_zoom'], 'CAMERA_2': ['ISO', 'long_exposure', 'resolution'], 'CAMERA_3': ['ISO', 'effects', 'autofocus_points', 'settings', 'resolution', 'long_exposure']}",C_SILENT_OR_BACKCHANNEL,CAMERA_3,NONE,cic,PRESENT_X,CAMERA_3,S_INTRODUCES_FEATURE,CAMERA_3,long_exposure,This one can take long exposures up to 30 minutes max with bulb mode.,PRESENT_X,CAMERA_3,39~68
859,19,CAMERA_3,"['CAMERA_1', 'CAMERA_2', 'CAMERA_3']","{'CAMERA_1': ['color', 'price', 'sensor_size', 'optical_zoom'], 'CAMERA_2': ['ISO', 'long_exposure', 'resolution'], 'CAMERA_3': ['ISO', 'effects', 'autofocus_points', 'settings', 'resolution', 'long_exposure', 'weight']}",C_QUESTION_ABOUT_FEATURE,CAMERA_3,weight,what is the weight on on this,PRESENT_X,CAMERA_3,S_ANSWERS_QUESTION_ABOUT_FEATURE,CAMERA_3,weight,This one weighs 820 grams.,PRESENT_X,CAMERA_3,16~25
859,20,NONE,"['CAMERA_1', 'CAMERA_2', 'CAMERA_3']","{'CAMERA_1': ['color', 'price', 'sensor_size', 'optical_zoom'], 'CAMERA_2': ['ISO', 'long_exposure', 'resolution'], 'CAMERA_3': ['ISO', 'effects', 'autofocus_points', 'settings', 'resolution', 'long_exposure', 'weight']}",C_THANK_YOU,CAMERA_3,NONE,thank you ,PRESENT_X,CAMERA_3,S_THANK_YOU,CAMERA_3,NONE,thank you very much.,FACE_TO_FACE,NONE,
859,21,NONE,"['CAMERA_1', 'CAMERA_2', 'CAMERA_3']","{'CAMERA_1': ['color', 'price', 'sensor_size', 'optical_zoom'], 'CAMERA_2': ['ISO', 'long_exposure', 'resolution'], 'CAMERA_3': ['ISO', 'effects', 'autofocus_points', 'settings', 'resolution', 'long_exposure', 'weight']}",C_LEAVES,DOOR,NONE,,FACE_TO_FACE,NONE,S_RETURNS_TO_COUNTER,SERVICE_COUNTER,NONE,,WAITING,NONE,
860,1,NONE,[],"{'CAMERA_1': [], 'CAMERA_2': [], 'CAMERA_3': []}",C_ENTERS,DOOR,NONE,,WAITING,NONE,S_NONE,SERVICE_COUNTER,NONE,,WAITING,NONE,
860,2,NONE,[],"{'CAMERA_1': [], 'CAMERA_2': [], 'CAMERA_3': []}",C_WALKS_TO_CAMERA,CAMERA_2,NONE,,WAITING,NONE,S_GREETS,CAMERA_2,NONE,can I help you?,FACE_TO_FACE,NONE,
860,3,CAMERA_2,['CAMERA_2'],"{'CAMERA_1': [], 'CAMERA_2': [], 'CAMERA_3': []}",C_LOOKING_FOR_A_CAMERA,CAMERA_2,NONE,I need a camera but not a professional camera but something I can use in my business that will give me some good pictures,FACE_TO_FACE,NONE,S_INTRODUCES_CAMERA,CAMERA_2,,Let me show you this. Here we have the Fujifilm Lumix ILC Camera.,PRESENT_X,CAMERA_2,39~64
860,4,CAMERA_2,['CAMERA_2'],"{'CAMERA_1': [], 'CAMERA_2': ['weight'], 'CAMERA_3': []}",C_SILENT_OR_BACKCHANNEL,CAMERA_2,NONE,IC,PRESENT_X,CAMERA_2,S_INTRODUCES_FEATURE,CAMERA_2,weight,This one weighs 820 grams.,PRESENT_X,CAMERA_2,16~25
860,5,NONE,['CAMERA_2'],"{'CAMERA_1': [], 'CAMERA_2': ['weight'], 'CAMERA_3': []}",C_THANK_YOU,CAMERA_2,NONE,thank you,PRESENT_X,CAMERA_2,S_THANK_YOU,CAMERA_2,NONE,thank you very much.,FACE_TO_FACE,NONE,
860,6,NONE,['CAMERA_2'],"{'CAMERA_1': [], 'CAMERA_2': ['weight'], 'CAMERA_3': []}",C_LEAVES,DOOR,NONE,,FACE_TO_FACE,NONE,S_RETURNS_TO_COUNTER,SERVICE_COUNTER,NONE,,WAITING,NONE,
861,1,NONE,[],"{'CAMERA_1': [], 'CAMERA_2': [], 'CAMERA_3': []}",C_ENTERS,DOOR,NONE,,WAITING,NONE,S_NONE,SERVICE_COUNTER,NONE,,WAITING,NONE,
861,2,NONE,[],"{'CAMERA_1': [], 'CAMERA_2': [], 'CAMERA_3': []}",C_GREETS,MIDDLE,NONE,hello,WAITING,NONE,S_GREETS,MIDDLE,NONE,can I help you?,FACE_TO_FACE,NONE,
861,3,CAMERA_2,['CAMERA_2'],"{'CAMERA_1': [], 'CAMERA_2': [], 'CAMERA_3': []}",C_LOOKING_FOR_A_CAMERA,MIDDLE,NONE,I guess I'm just looking for a new camera,FACE_TO_FACE,NONE,S_INTRODUCES_CAMERA,CAMERA_2,,Let me show you this. Here we have the Fujifilm Lumix ILC Camera.,PRESENT_X,CAMERA_2,39~64
861,4,CAMERA_2,['CAMERA_2'],"{'CAMERA_1': [], 'CAMERA_2': ['camera_type'], 'CAMERA_3': []}",C_QUESTION_ABOUT_FEATURE,CAMERA_2,camera_type,is this a point and shoot camera,PRESENT_X,CAMERA_2,S_ANSWERS_QUESTION_ABOUT_FEATURE,CAMERA_2,camera_type,This is a digital single lens mirrorless camera.,PRESENT_X,CAMERA_2,10~40
861,5,CAMERA_3,"['CAMERA_2', 'CAMERA_3']","{'CAMERA_1': [], 'CAMERA_2': ['camera_type'], 'CAMERA_3': []}",C_ANYTHING_ELSE_AVAILABLE,CAMERA_2,NONE,maybe did you have a another camera you recommend,PRESENT_X,CAMERA_2,S_INTRODUCES_CAMERA,CAMERA_3,,Let me show you this. Here we have the Fujifilm PowerShot ELPH S2800.,PRESENT_X,CAMERA_3,39~68
861,6,CAMERA_3,"['CAMERA_2', 'CAMERA_3']","{'CAMERA_1': [], 'CAMERA_2': ['camera_type'], 'CAMERA_3': ['weight']}",C_QUESTION_ABOUT_FEATURE,CAMERA_3,weight,yeah looks going to wait how much does it weigh,PRESENT_X,CAMERA_3,S_ANSWERS_QUESTION_ABOUT_FEATURE,CAMERA_3,weight,This one weighs 820 grams.,PRESENT_X,CAMERA_3,16~25
861,7,CAMERA_1,"['CAMERA_2', 'CAMERA_3', 'CAMERA_1']","{'CAMERA_1': [], 'CAMERA_2': ['camera_type'], 'CAMERA_3': ['weight']}",C_ANYTHING_ELSE_AVAILABLE,CAMERA_3,NONE,okay do you have any other cameras I might be interested,PRESENT_X,CAMERA_3,S_INTRODUCES_CAMERA,CAMERA_1,,Let me show you this. Here we have the Sony PowerShot ELPH DMC-ZS3.,PRESENT_X,CAMERA_1,39~66
861,8,CAMERA_1,"['CAMERA_2', 'CAMERA_3', 'CAMERA_1']","{'CAMERA_1': ['camera_type'], 'CAMERA_2': ['camera_type'], 'CAMERA_3': ['weight']}",C_QUESTION_ABOUT_FEATURE,CAMERA_1,camera_type,Is this a mirrorless camera?,PRESENT_X,CAMERA_1,S_ANSWERS_QUESTION_ABOUT_FEATURE,CAMERA_1,camera_type,This is a DSLR camera.,PRESENT_X,CAMERA_1,10~14
861,9,CAMERA_1,"['CAMERA_2', 'CAMERA_3', 'CAMERA_1']","{'CAMERA_1': ['camera_type', 'resolution'], 'CAMERA_2': ['camera_type'], 'CAMERA_3': ['weight']}",C_SILENT_OR_BACKCHANNEL,CAMERA_1,NONE,IC,PRESENT_X,CAMERA_1,S_INTRODUCES_FEATURE,CAMERA_1,resolution,This one has 17.8 megapixels resolution.,PRESENT_X,CAMERA_1,13~28
861,10,,"['CAMERA_2', 'CAMERA_3', 'CAMERA_1']","{'CAMERA_1': ['camera_type', 'resolution'], 'CAMERA_2': ['camera_type'], 'CAMERA_3': ['weight']}",C_ANYTHING_ELSE_AVAILABLE,CAMERA_1,NONE,do you have any other cameras that are in this kind,PRESENT_X,CAMERA_1,S_THATS_ALL_WE_HAVE_AVAILABLE,CAMERA_1,,That's all we have available at the moment.,PRESENT_X,CAMERA_1,
861,11,NONE,"['CAMERA_2', 'CAMERA_3', 'CAMERA_1']","{'CAMERA_1': ['camera_type', 'resolution'], 'CAMERA_2': ['camera_type'], 'CAMERA_3': ['weight']}",C_THANK_YOU,CAMERA_1,NONE,yeah thank you for your help,PRESENT_X,CAMERA_1,S_THANK_YOU,CAMERA_1,NONE,thank you very much.,FACE_TO_FACE,NONE,
861,12,NONE,"['CAMERA_2', 'CAMERA_3', 'CAMERA_1']","{'CAMERA_1': ['camera_type', 'resolution'], 'CAMERA_2': ['camera_type'], 'CAMERA_3': ['weight']}",C_LEAVES,DOOR,NONE,,FACE_TO_FACE,NONE,S_RETURNS_TO_COUNTER,SERVICE_COUNTER,NONE,,WAITING,NONE,
862,1,NONE,[],"{'CAMERA_1': [], 'CAMERA_2': [], 'CAMERA_3': []}",C_ENTERS,DOOR,NONE,,WAITING,NONE,S_NONE,SERVICE_COUNTER,NONE,,WAITING,NONE,
862,2,NONE,[],"{'CAMERA_1': [], 'CAMERA_2': [], 'CAMERA_3': []}",C_WALKS_TO_CAMERA,CAMERA_2,NONE,,WAITING,NONE,S_GREETS,CAMERA_2,NONE,can I help you?,FACE_TO_FACE,NONE,
862,3,CAMERA_1,['CAMERA_1'],"{'CAMERA_1': [], 'CAMERA_2': [], 'CAMERA_3': []}",C_LOOKING_FOR_A_CAMERA,CAMERA_2,NONE,could you recommend me a good camera,FACE_TO_FACE,NONE,S_INTRODUCES_CAMERA,CAMERA_1,,Let me show you this. Here we have the Sony PowerShot ELPH DMC-ZS3.,PRESENT_X,CAMERA_1,39~66
862,4,CAMERA_1,['CAMERA_1'],"{'CAMERA_1': ['preset_modes'], 'CAMERA_2': [], 'CAMERA_3': []}",C_QUESTION_ABOUT_FEATURE,CAMERA_1,preset_modes,do you have any cameras with landscape night mode and menu settings,PRESENT_X,CAMERA_1,S_NOT_SURE,CAMERA_1,,I'm not really sure about that.,PRESENT_X,CAMERA_1,
862,5,CAMERA_1,['CAMERA_1'],"{'CAMERA_1': ['preset_modes', 'ISO'], 'CAMERA_2': [], 'CAMERA_3': []}",C_QUESTION_ABOUT_FEATURE,CAMERA_1,ISO,what is the ISO,PRESENT_X,CAMERA_1,S_ANSWERS_QUESTION_ABOUT_FEATURE,CAMERA_1,ISO,This one has up to 51200 ISO.,PRESENT_X,CAMERA_1,13~28
862,6,CAMERA_1,['CAMERA_1'],"{'CAMERA_1': ['preset_modes', 'ISO', 'sensor_size'], 'CAMERA_2': [], 'CAMERA_3': []}",C_QUESTION_ABOUT_FEATURE,CAMERA_1,sensor_size,oh this looks very good actually what is the size of the sensor of this camera,PRESENT_X,CAMERA_1,S_ANSWERS_QUESTION_ABOUT_FEATURE,CAMERA_1,sensor_size,This one has a 1/2.3 inch CMOS sensor.,PRESENT_X,CAMERA_1,15~37
862,7,CAMERA_1,['CAMERA_1'],"{'CAMERA_1': ['preset_modes', 'ISO', 'sensor_size', 'autofocus_points'], 'CAMERA_2': [], 'CAMERA_3': []}",C_QUESTION_ABOUT_FEATURE,CAMERA_1,autofocus_points,how many auto focus points does this have,PRESENT_X,CAMERA_1,S_ANSWERS_QUESTION_ABOUT_FEATURE,CAMERA_1,autofocus_points,This one has 135 autofocus points.,PRESENT_X,CAMERA_1,13~33
862,8,CAMERA_1,['CAMERA_1'],"{'CAMERA_1': ['preset_modes', 'ISO', 'sensor_size', 'autofocus_points', 'settings'], 'CAMERA_2': [], 'CAMERA_3': []}",C_SILENT_OR_BACKCHANNEL,CAMERA_1,NONE,i see,PRESENT_X,CAMERA_1,S_INTRODUCES_FEATURE,CAMERA_1,settings,This one has limited manual settings.,PRESENT_X,CAMERA_1,13~36
862,9,CAMERA_1,['CAMERA_1'],"{'CAMERA_1': ['preset_modes', 'ISO', 'sensor_size', 'autofocus_points', 'settings', 'color'], 'CAMERA_2': [], 'CAMERA_3': []}",C_QUESTION_ABOUT_FEATURE,CAMERA_1,color,in how many colors does it come in,PRESENT_X,CAMERA_1,S_ANSWERS_QUESTION_ABOUT_FEATURE,CAMERA_1,color,This one comes in blue or black.,PRESENT_X,CAMERA_1,18~31
862,10,CAMERA_1,['CAMERA_1'],"{'CAMERA_1': ['preset_modes', 'ISO', 'sensor_size', 'autofocus_points', 'settings', 'color', 'weight'], 'CAMERA_2': [], 'CAMERA_3': []}",C_QUESTION_ABOUT_FEATURE,CAMERA_1,weight,and this is very heavy will it fit in the pus okay,PRESENT_X,CAMERA_1,S_ANSWERS_QUESTION_ABOUT_FEATURE,CAMERA_1,weight,This one weighs 800 grams.,PRESENT_X,CAMERA_1,16~25
862,11,CAMERA_1,['CAMERA_1'],"{'CAMERA_1': ['preset_modes', 'ISO', 'sensor_size', 'autofocus_points', 'settings', 'color', 'weight', 'price'], 'CAMERA_2': [], 'CAMERA_3': []}",C_QUESTION_ABOUT_FEATURE,CAMERA_1,price,how much is it,PRESENT_X,CAMERA_1,S_ANSWERS_QUESTION_ABOUT_FEATURE,CAMERA_1,price,This one costs $450.,PRESENT_X,CAMERA_1,15~19
862,12,CAMERA_1,['CAMERA_1'],"{'CAMERA_1': ['preset_modes', 'ISO', 'sensor_size', 'autofocus_points', 'settings', 'color', 'weight', 'price', 'resolution'], 'CAMERA_2': [], 'CAMERA_3': []}",C_QUESTION_ABOUT_FEATURE,CAMERA_1,resolution,how many megapixels,PRESENT_X,CAMERA_1,S_ANSWERS_QUESTION_ABOUT_FEATURE,CAMERA_1,resolution,This one has 17.8 megapixels resolution.,PRESENT_X,CAMERA_1,13~28
862,13,CAMERA_1,['CAMERA_1'],"{'CAMERA_1': ['preset_modes', 'ISO', 'sensor_size', 'autofocus_points', 'settings', 'color', 'weight', 'price', 'resolution', 'long_exposure'], 'CAMERA_2': [], 'CAMERA_3': []}",C_QUESTION_ABOUT_FEATURE,CAMERA_1,long_exposure,and how about its exposure,PRESENT_X,CAMERA_1,S_ANSWERS_QUESTION_ABOUT_FEATURE,CAMERA_1,long_exposure,This one can take long exposures up to up to 15 seconds with Long Shutter Mode.,PRESENT_X,CAMERA_1,39~78
862,14,CAMERA_1,['CAMERA_1'],"{'CAMERA_1': ['preset_modes', 'ISO', 'sensor_size', 'autofocus_points', 'settings', 'color', 'weight', 'price', 'resolution', 'long_exposure', 'camera_type'], 'CAMERA_2': [], 'CAMERA_3': []}",C_QUESTION_ABOUT_FEATURE,CAMERA_1,camera_type,is this a DSLR camera,PRESENT_X,CAMERA_1,S_ANSWERS_QUESTION_ABOUT_FEATURE,CAMERA_1,camera_type,This is a DSLR camera.,PRESENT_X,CAMERA_1,10~14
862,15,CAMERA_1,['CAMERA_1'],"{'CAMERA_1': ['preset_modes', 'ISO', 'sensor_size', 'autofocus_points', 'settings', 'color', 'weight', 'price', 'resolution', 'long_exposure', 'camera_type', 'optical_zoom'], 'CAMERA_2': [], 'CAMERA_3': []}",C_SILENT_OR_BACKCHANNEL,CAMERA_1,NONE,Wow cheap,PRESENT_X,CAMERA_1,S_INTRODUCES_FEATURE,CAMERA_1,optical_zoom,This one has 21x optical zoom.,PRESENT_X,CAMERA_1,13~29
862,16,CAMERA_1,['CAMERA_1'],"{'CAMERA_1': ['preset_modes', 'ISO', 'sensor_size', 'autofocus_points', 'settings', 'color', 'weight', 'price', 'resolution', 'long_exposure', 'camera_type', 'optical_zoom', 'effects'], 'CAMERA_2': [], 'CAMERA_3': []}",C_QUESTION_ABOUT_FEATURE,CAMERA_1,effects,what is about the artistic effect mode,PRESENT_X,CAMERA_1,S_ANSWERS_QUESTION_ABOUT_FEATURE,CAMERA_1,effects,"This one has 24 glamor retouch effects (miniature, retro, toy camera, etc.).",PRESENT_X,CAMERA_1,13~75
862,17,CAMERA_1,['CAMERA_1'],"{'CAMERA_1': ['preset_modes', 'ISO', 'sensor_size', 'autofocus_points', 'settings', 'color', 'weight', 'price', 'resolution', 'long_exposure', 'camera_type', 'optical_zoom', 'effects', 'ISO'], 'CAMERA_2': [], 'CAMERA_3': []}",C_SILENT_OR_BACKCHANNEL,CAMERA_1,NONE,okay,PRESENT_X,CAMERA_1,S_INTRODUCES_FEATURE,CAMERA_1,ISO,This one has up to 51200 ISO.,PRESENT_X,CAMERA_1,13~28
862,18,NONE,['CAMERA_1'],"{'CAMERA_1': ['preset_modes', 'ISO', 'sensor_size', 'autofocus_points', 'settings', 'color', 'weight', 'price', 'resolution', 'long_exposure', 'camera_type', 'optical_zoom', 'effects', 'ISO'], 'CAMERA_2': [], 'CAMERA_3': []}",C_THANK_YOU,CAMERA_1,NONE,thank you you been very helpful,PRESENT_X,CAMERA_1,S_THANK_YOU,CAMERA_1,NONE,thank you very much.,FACE_TO_FACE,NONE,
862,19,NONE,['CAMERA_1'],"{'CAMERA_1': ['preset_modes', 'ISO', 'sensor_size', 'autofocus_points', 'settings', 'color', 'weight', 'price', 'resolution', 'long_exposure', 'camera_type', 'optical_zoom', 'effects', 'ISO'], 'CAMERA_2': [], 'CAMERA_3': []}",C_LEAVES,DOOR,NONE,,FACE_TO_FACE,NONE,S_RETURNS_TO_COUNTER,SERVICE_COUNTER,NONE,,WAITING,NONE,
863,1,NONE,[],"{'CAMERA_1': [], 'CAMERA_2': [], 'CAMERA_3': []}",C_ENTERS,DOOR,NONE,,WAITING,NONE,S_NONE,SERVICE_COUNTER,NONE,,WAITING,NONE,
863,2,NONE,[],"{'CAMERA_1': [], 'CAMERA_2': [], 'CAMERA_3': []}",C_WALKS_TO_CAMERA,CAMERA_3,NONE,,WAITING,NONE,S_NONE,SERVICE_COUNTER,NONE,,WAITING,NONE,
863,3,CAMERA_3,['CAMERA_3'],"{'CAMERA_1': [], 'CAMERA_2': [], 'CAMERA_3': ['preset_modes']}",C_QUESTION_ABOUT_FEATURE,CAMERA_3,preset_modes,is the other one with menu settings is that lighter or heavier than its camera,WAITING,NONE,S_ANSWERS_QUESTION_ABOUT_FEATURE,CAMERA_3,preset_modes,This one has various preset modes.,PRESENT_X,CAMERA_3,13~33
863,4,CAMERA_3,['CAMERA_3'],"{'CAMERA_1': [], 'CAMERA_2': [], 'CAMERA_3': ['preset_modes', 'sensor_size']}",C_QUESTION_ABOUT_FEATURE,CAMERA_3,sensor_size,what is the sensor size,PRESENT_X,CAMERA_3,S_ANSWERS_QUESTION_ABOUT_FEATURE,CAMERA_3,sensor_size,This one has a full frame.,PRESENT_X,CAMERA_3,15~25
863,5,CAMERA_3,['CAMERA_3'],"{'CAMERA_1': [], 'CAMERA_2': [], 'CAMERA_3': ['preset_modes', 'sensor_size', 'weight']}",C_QUESTION_ABOUT_FEATURE,CAMERA_3,weight,what is the weight,PRESENT_X,CAMERA_3,S_ANSWERS_QUESTION_ABOUT_FEATURE,CAMERA_3,weight,This one weighs 820 grams.,PRESENT_X,CAMERA_3,16~25
863,6,CAMERA_3,['CAMERA_3'],"{'CAMERA_1': [], 'CAMERA_2': [], 'CAMERA_3': ['preset_modes', 'sensor_size', 'weight', 'resolution']}",C_QUESTION_ABOUT_FEATURE,CAMERA_3,resolution,how many megapixels does this camera have,PRESENT_X,CAMERA_3,S_ANSWERS_QUESTION_ABOUT_FEATURE,CAMERA_3,resolution,This one has 23.2 megapixels resolution.,PRESENT_X,CAMERA_3,13~28
863,7,CAMERA_3,['CAMERA_3'],"{'CAMERA_1': [], 'CAMERA_2': [], 'CAMERA_3': ['preset_modes', 'sensor_size', 'weight', 'resolution', 'camera_type']}",C_SILENT_OR_BACKCHANNEL,CAMERA_3,NONE,cic,PRESENT_X,CAMERA_3,S_INTRODUCES_FEATURE,CAMERA_3,camera_type,This is a point and shoot camera.,PRESENT_X,CAMERA_3,10~25
863,8,CAMERA_3,['CAMERA_3'],"{'CAMERA_1': [], 'CAMERA_2': [], 'CAMERA_3': ['preset_modes', 'sensor_size', 'weight', 'resolution', 'camera_type', 'autofocus_points']}",C_SILENT_OR_BACKCHANNEL,CAMERA_3,NONE,I see so this is very nice accusing,PRESENT_X,CAMERA_3,S_INTRODUCES_FEATURE,CAMERA_3,autofocus_points,This one has 214 autofocus points.,PRESENT_X,CAMERA_3,13~33
863,9,CAMERA_3,['CAMERA_3'],"{'CAMERA_1': [], 'CAMERA_2': [], 'CAMERA_3': ['preset_modes', 'sensor_size', 'weight', 'resolution', 'camera_type', 'autofocus_points', 'ISO']}",C_QUESTION_ABOUT_FEATURE,CAMERA_3,ISO,how is iso performance of this camera,PRESENT_X,CAMERA_3,S_ANSWERS_QUESTION_ABOUT_FEATURE,CAMERA_3,ISO,This one has up to 3200 ISO with little noise.,PRESENT_X,CAMERA_3,13~45
863,10,NONE,['CAMERA_3'],"{'CAMERA_1': [], 'CAMERA_2': [], 'CAMERA_3': ['preset_modes', 'sensor_size', 'weight', 'resolution', 'camera_type', 'autofocus_points', 'ISO']}",C_THANK_YOU,CAMERA_3,NONE,thank you very much for your assistance and have a great day,PRESENT_X,CAMERA_3,S_THANK_YOU,CAMERA_3,NONE,thank you very much.,FACE_TO_FACE,NONE,
863,11,NONE,['CAMERA_3'],"{'CAMERA_1': [], 'CAMERA_2': [], 'CAMERA_3': ['preset_modes', 'sensor_size', 'weight', 'resolution', 'camera_type', 'autofocus_points', 'ISO']}",C_LEAVES,DOOR,NONE,,FACE_TO_FACE,NONE,S_RETURNS_TO_COUNTER,SERVICE_COUNTER,NONE,,WAITING,NONE,
864,1,NONE,[],"{'CAMERA_1': [], 'CAMERA_2': [], 'CAMERA_3': []}",C_ENTERS,DOOR,NONE,,WAITING,NONE,S_NONE,SERVICE_COUNTER,NONE,,WAITING,NONE,
864,2,NONE,[],"{'CAMERA_1': [], 'CAMERA_2': [], 'CAMERA_3': []}",C_GREETS,MIDDLE,NONE,hello good morning,WAITING,NONE,S_GREETS,MIDDLE,NONE,can I help you?,FACE_TO_FACE,NONE,
864,3,CAMERA_2,['CAMERA_2'],"{'CAMERA_1': [], 'CAMERA_2': [], 'CAMERA_3': []}",C_LOOKING_FOR_A_CAMERA,MIDDLE,NONE,I'm looking for a camera with very specific pictures,FACE_TO_FACE,NONE,S_INTRODUCES_CAMERA,CAMERA_2,,Let me show you this. Here we have the Fujifilm Lumix ILC Camera.,PRESENT_X,CAMERA_2,39~64
864,4,CAMERA_2,['CAMERA_2'],"{'CAMERA_1': [], 'CAMERA_2': ['autofocus_points'], 'CAMERA_3': []}",C_QUESTION_ABOUT_FEATURE,CAMERA_2,autofocus_points,does it have autofocus points,PRESENT_X,CAMERA_2,S_NOT_SURE,CAMERA_2,,I'm not really sure about that.,PRESENT_X,CAMERA_2,
864,5,CAMERA_2,['CAMERA_2'],"{'CAMERA_1': [], 'CAMERA_2': ['autofocus_points', 'color'], 'CAMERA_3': []}",C_SILENT_OR_BACKCHANNEL,CAMERA_2,NONE,I get,PRESENT_X,CAMERA_2,S_INTRODUCES_FEATURE,CAMERA_2,color,This one comes in white or pink.,PRESENT_X,CAMERA_2,18~31
864,6,NONE,['CAMERA_2'],"{'CAMERA_1': [], 'CAMERA_2': ['autofocus_points', 'color'], 'CAMERA_3': []}",C_THANK_YOU,CAMERA_2,NONE,thanks,PRESENT_X,CAMERA_2,S_THANK_YOU,CAMERA_2,NONE,thank you very much.,FACE_TO_FACE,NONE,
864,7,NONE,['CAMERA_2'],"{'CAMERA_1': [], 'CAMERA_2': ['autofocus_points', 'color'], 'CAMERA_3': []}",C_LEAVES,DOOR,NONE,,FACE_TO_FACE,NONE,S_RETURNS_TO_COUNTER,SERVICE_COUNTER,NONE,,WAITING,NONE,
865,1,NONE,[],"{'CAMERA_1': [], 'CAMERA_2': [], 'CAMERA_3': []}",C_ENTERS,DOOR,NONE,,WAITING,NONE,S_NONE,SERVICE_COUNTER,NONE,,WAITING,NONE,
865,2,NONE,[],"{'CAMERA_1': [], 'CAMERA_2': [], 'CAMERA_3': []}",C_WALKS_TO_CAMERA,CAMERA_2,NONE,,WAITING,NONE,S_GREETS,CAMERA_2,NONE,can I help you?,FACE_TO_FACE,NONE,
865,3,CAMERA_3,['CAMERA_3'],"{'CAMERA_1': [], 'CAMERA_2': [], 'CAMERA_3': []}",C_LOOKING_FOR_A_CAMERA,CAMERA_2,NONE,you know I want a good camera can you suggest me,FACE_TO_FACE,NONE,S_INTRODUCES_CAMERA,CAMERA_3,,Let me show you this. Here we have the Fujifilm PowerShot ELPH S2800.,PRESENT_X,CAMERA_3,39~68
865,4,CAMERA_3,['CAMERA_3'],"{'CAMERA_1': [], 'CAMERA_2': [], 'CAMERA_3': ['settings']}",C_SILENT_OR_BACKCHANNEL,CAMERA_3,NONE,this camera looks pretty good but I was wondering about this is so,PRESENT_X,CAMERA_3,S_INTRODUCES_FEATURE,CAMERA_3,settings,"This one has manual control and various automatic settings (video modeburst shooting, etc.).",PRESENT_X,CAMERA_3,13~91
865,5,NONE,['CAMERA_3'],"{'CAMERA_1': [], 'CAMERA_2': [], 'CAMERA_3': ['settings']}",C_THANK_YOU,CAMERA_3,NONE,ok thank you very much,PRESENT_X,CAMERA_3,S_THANK_YOU,CAMERA_3,NONE,thank you very much.,FACE_TO_FACE,NONE,
865,6,NONE,['CAMERA_3'],"{'CAMERA_1': [], 'CAMERA_2': [], 'CAMERA_3': ['settings']}",C_LEAVES,DOOR,NONE,,FACE_TO_FACE,NONE,S_RETURNS_TO_COUNTER,SERVICE_COUNTER,NONE,,WAITING,NONE,
866,1,NONE,[],"{'CAMERA_1': [], 'CAMERA_2': [], 'CAMERA_3': []}",C_ENTERS,DOOR,NONE,,WAITING,NONE,S_NONE,SERVICE_COUNTER,NONE,,WAITING,NONE,
866,2,NONE,[],"{'CAMERA_1': [], 'CAMERA_2': [], 'CAMERA_3': []}",C_WALKS_TO_CAMERA,CAMERA_2,NONE,,WAITING,NONE,S_GREETS,CAMERA_2,NONE,can I help you?,FACE_TO_FACE,NONE,
866,3,CAMERA_3,['CAMERA_3'],"{'CAMERA_1': [], 'CAMERA_2': [], 'CAMERA_3': []}",C_LOOKING_FOR_A_CAMERA,CAMERA_2,NONE,hi good afternoon I'm looking for a camera for my next trip to Singapore can you help me with that,FACE_TO_FACE,NONE,S_INTRODUCES_CAMERA,CAMERA_3,,Let me show you this. Here we have the Fujifilm PowerShot ELPH S2800.,PRESENT_X,CAMERA_3,39~68
866,4,CAMERA_3,['CAMERA_3'],"{'CAMERA_1': [], 'CAMERA_2': [], 'CAMERA_3': ['weight']}",C_SILENT_OR_BACKCHANNEL,CAMERA_3,NONE,great and finally what is the price,PRESENT_X,CAMERA_3,S_INTRODUCES_FEATURE,CAMERA_3,weight,This one weighs 820 grams.,PRESENT_X,CAMERA_3,16~25
866,5,NONE,['CAMERA_3'],"{'CAMERA_1': [], 'CAMERA_2': [], 'CAMERA_3': ['weight']}",C_THANK_YOU,CAMERA_3,NONE,thank you very much thank you,PRESENT_X,CAMERA_3,S_THANK_YOU,CAMERA_3,NONE,thank you very much.,FACE_TO_FACE,NONE,
866,6,NONE,['CAMERA_3'],"{'CAMERA_1': [], 'CAMERA_2': [], 'CAMERA_3': ['weight']}",C_LEAVES,DOOR,NONE,,FACE_TO_FACE,NONE,S_RETURNS_TO_COUNTER,SERVICE_COUNTER,NONE,,WAITING,NONE,
867,1,NONE,[],"{'CAMERA_1': [], 'CAMERA_2': [], 'CAMERA_3': []}",C_ENTERS,DOOR,NONE,,WAITING,NONE,S_NONE,SERVICE_COUNTER,NONE,,WAITING,NONE,
867,2,NONE,[],"{'CAMERA_1': [], 'CAMERA_2': [], 'CAMERA_3': []}",C_GREETS,MIDDLE,NONE,excuse me,WAITING,NONE,S_GREETS,MIDDLE,NONE,can I help you?,FACE_TO_FACE,NONE,
867,3,CAMERA_2,['CAMERA_2'],"{'CAMERA_1': [], 'CAMERA_2': [], 'CAMERA_3': []}",C_LOOKING_FOR_A_CAMERA,MIDDLE,NONE,I am interested in photography and I'm looking for good camera is there any in the shop which you can recommend,FACE_TO_FACE,NONE,S_INTRODUCES_CAMERA,CAMERA_2,,Let me show you this. Here we have the Fujifilm Lumix ILC Camera.,PRESENT_X,CAMERA_2,39~64
867,4,CAMERA_2,['CAMERA_2'],"{'CAMERA_1': [], 'CAMERA_2': ['color'], 'CAMERA_3': []}",C_SILENT_OR_BACKCHANNEL,CAMERA_2,NONE,yeah yeah I can to try to look on the outside this is a really good one,PRESENT_X,CAMERA_2,S_INTRODUCES_FEATURE,CAMERA_2,color,This one comes in white or pink.,PRESENT_X,CAMERA_2,18~31
867,5,CAMERA_2,['CAMERA_2'],"{'CAMERA_1': [], 'CAMERA_2': ['color', 'autofocus_points'], 'CAMERA_3': []}",C_QUESTION_ABOUT_FEATURE,CAMERA_2,autofocus_points,How many autofocus points does this Canon camera have,PRESENT_X,CAMERA_2,S_NOT_SURE,CAMERA_2,,I'm not really sure about that.,PRESENT_X,CAMERA_2,
867,6,CAMERA_2,['CAMERA_2'],"{'CAMERA_1': [], 'CAMERA_2': ['color', 'autofocus_points', 'weight'], 'CAMERA_3': []}",C_QUESTION_ABOUT_FEATURE,CAMERA_2,weight,it's a bit heavy,PRESENT_X,CAMERA_2,S_ANSWERS_QUESTION_ABOUT_FEATURE,CAMERA_2,weight,This one weighs 820 grams.,PRESENT_X,CAMERA_2,16~25
867,7,CAMERA_2,['CAMERA_2'],"{'CAMERA_1': [], 'CAMERA_2': ['color', 'autofocus_points', 'weight', 'price'], 'CAMERA_3': []}",C_QUESTION_ABOUT_FEATURE,CAMERA_2,price,and how about the price,PRESENT_X,CAMERA_2,S_ANSWERS_QUESTION_ABOUT_FEATURE,CAMERA_2,price,This one costs $768.,PRESENT_X,CAMERA_2,15~19
867,8,CAMERA_2,['CAMERA_2'],"{'CAMERA_1': [], 'CAMERA_2': ['color', 'autofocus_points', 'weight', 'price', 'preset_modes'], 'CAMERA_3': []}",C_QUESTION_ABOUT_FEATURE,CAMERA_2,preset_modes,does it have any preset mode,PRESENT_X,CAMERA_2,S_NOT_SURE,CAMERA_2,,I'm not really sure about that.,PRESENT_X,CAMERA_2,
867,9,CAMERA_2,['CAMERA_2'],"{'CAMERA_1': [], 'CAMERA_2': ['color', 'autofocus_points', 'weight', 'price', 'preset_modes', 'ISO'], 'CAMERA_3': []}",C_QUESTION_ABOUT_FEATURE,CAMERA_2,ISO,ok also the iso rate,PRESENT_X,CAMERA_2,S_NOT_SURE,CAMERA_2,,I'm not really sure about that.,PRESENT_X,CAMERA_2,
867,10,CAMERA_2,['CAMERA_2'],"{'CAMERA_1': [], 'CAMERA_2': ['color', 'autofocus_points', 'weight', 'price', 'preset_modes', 'ISO', 'settings'], 'CAMERA_3': []}",C_QUESTION_ABOUT_FEATURE,CAMERA_2,settings,I would like to ask about is it easy to do I need to set up any manuals for this camera,PRESENT_X,CAMERA_2,S_ANSWERS_QUESTION_ABOUT_FEATURE,CAMERA_2,settings,"This one has manual control and various automatic settings (video modeburst shooting, etc.).",PRESENT_X,CAMERA_2,13~91
867,11,CAMERA_2,['CAMERA_2'],"{'CAMERA_1': [], 'CAMERA_2': ['color', 'autofocus_points', 'weight', 'price', 'preset_modes', 'ISO', 'settings', 'resolution'], 'CAMERA_3': []}",C_SILENT_OR_BACKCHANNEL,CAMERA_2,NONE,okay good,PRESENT_X,CAMERA_2,S_INTRODUCES_FEATURE,CAMERA_2,resolution,This one has 23.8 megapixels resolution.,PRESENT_X,CAMERA_2,13~28
867,12,CAMERA_2,['CAMERA_2'],"{'CAMERA_1': [], 'CAMERA_2': ['color', 'autofocus_points', 'weight', 'price', 'preset_modes', 'ISO', 'settings', 'resolution', 'sensor_size'], 'CAMERA_3': []}",C_QUESTION_ABOUT_FEATURE,CAMERA_2,sensor_size,oh I see and what about this sensor site,PRESENT_X,CAMERA_2,S_ANSWERS_QUESTION_ABOUT_FEATURE,CAMERA_2,sensor_size,This one has a 1/2.33 inch sensor.,PRESENT_X,CAMERA_2,15~33
867,13,CAMERA_2,['CAMERA_2'],"{'CAMERA_1': [], 'CAMERA_2': ['color', 'autofocus_points', 'weight', 'price', 'preset_modes', 'ISO', 'settings', 'resolution', 'sensor_size', 'long_exposure'], 'CAMERA_3': []}",C_SILENT_OR_BACKCHANNEL,CAMERA_2,NONE,okay,PRESENT_X,CAMERA_2,S_INTRODUCES_FEATURE,CAMERA_2,long_exposure,This one can take long exposures up to 60 minutes max with bulb mode.,PRESENT_X,CAMERA_2,39~68
867,14,NONE,['CAMERA_2'],"{'CAMERA_1': [], 'CAMERA_2': ['color', 'autofocus_points', 'weight', 'price', 'preset_modes', 'ISO', 'settings', 'resolution', 'sensor_size', 'long_exposure'], 'CAMERA_3': []}",C_THANK_YOU,CAMERA_2,NONE,thank you,PRESENT_X,CAMERA_2,S_THANK_YOU,CAMERA_2,NONE,thank you very much.,FACE_TO_FACE,NONE,
867,15,NONE,['CAMERA_2'],"{'CAMERA_1': [], 'CAMERA_2': ['color', 'autofocus_points', 'weight', 'price', 'preset_modes', 'ISO', 'settings', 'resolution', 'sensor_size', 'long_exposure'], 'CAMERA_3': []}",C_LEAVES,DOOR,NONE,,FACE_TO_FACE,NONE,S_RETURNS_TO_COUNTER,SERVICE_COUNTER,NONE,,WAITING,NONE,
868,1,NONE,[],"{'CAMERA_1': [], 'CAMERA_2': [], 'CAMERA_3': []}",C_ENTERS,DOOR,NONE,,WAITING,NONE,S_NONE,SERVICE_COUNTER,NONE,,WAITING,NONE,
868,2,NONE,[],"{'CAMERA_1': [], 'CAMERA_2': [], 'CAMERA_3': []}",C_WALKS_TO_CAMERA,CAMERA_1,NONE,,WAITING,NONE,S_NONE,SERVICE_COUNTER,NONE,,WAITING,NONE,
868,3,NONE,[],"{'CAMERA_1': [], 'CAMERA_2': [], 'CAMERA_3': []}",C_EXAMINES_CAMERA,CAMERA_1,NONE,,WAITING,NONE,S_GREETS,CAMERA_1,NONE,can I help you?,FACE_TO_FACE,NONE,
868,4,CAMERA_2,['CAMERA_2'],"{'CAMERA_1': [], 'CAMERA_2': [], 'CAMERA_3': []}",C_LOOKING_FOR_A_CAMERA,CAMERA_1,NONE,I'm looking for a camera,FACE_TO_FACE,NONE,S_INTRODUCES_CAMERA,CAMERA_2,,Let me show you this. Here we have the Fujifilm Lumix ILC Camera.,PRESENT_X,CAMERA_2,39~64
868,5,CAMERA_2,['CAMERA_2'],"{'CAMERA_1': [], 'CAMERA_2': ['price'], 'CAMERA_3': []}",C_QUESTION_ABOUT_FEATURE,CAMERA_2,price,how much does it cost in cost,PRESENT_X,CAMERA_2,S_ANSWERS_QUESTION_ABOUT_FEATURE,CAMERA_2,price,This one costs $768.,PRESENT_X,CAMERA_2,15~19
868,6,CAMERA_2,['CAMERA_2'],"{'CAMERA_1': [], 'CAMERA_2': ['price', 'sensor_size'], 'CAMERA_3': []}",C_SILENT_OR_BACKCHANNEL,CAMERA_2,NONE,IC,PRESENT_X,CAMERA_2,S_INTRODUCES_FEATURE,CAMERA_2,sensor_size,This one has a 1/2.33 inch sensor.,PRESENT_X,CAMERA_2,15~33
868,7,CAMERA_2,['CAMERA_2'],"{'CAMERA_1': [], 'CAMERA_2': ['price', 'sensor_size', 'effects'], 'CAMERA_3': []}",C_QUESTION_ABOUT_FEATURE,CAMERA_2,effects,does it have artistic effect lights,PRESENT_X,CAMERA_2,S_ANSWERS_QUESTION_ABOUT_FEATURE,CAMERA_2,effects,"This one has 24 artistic effect modes (retro, lighter or darker skin tones, sepia, etc.).",PRESENT_X,CAMERA_2,13~88
868,8,CAMERA_2,['CAMERA_2'],"{'CAMERA_1': [], 'CAMERA_2': ['price', 'sensor_size', 'effects', 'camera_type'], 'CAMERA_3': []}",C_QUESTION_ABOUT_FEATURE,CAMERA_2,camera_type,Is this a mirrorless camera?,PRESENT_X,CAMERA_2,S_ANSWERS_QUESTION_ABOUT_FEATURE,CAMERA_2,camera_type,This is a digital single lens mirrorless camera.,PRESENT_X,CAMERA_2,10~40
868,9,CAMERA_2,['CAMERA_2'],"{'CAMERA_1': [], 'CAMERA_2': ['price', 'sensor_size', 'effects', 'camera_type', 'optical_zoom'], 'CAMERA_3': []}",C_SILENT_OR_BACKCHANNEL,CAMERA_2,NONE,ok,PRESENT_X,CAMERA_2,S_INTRODUCES_FEATURE,CAMERA_2,optical_zoom,This one has 21x optical zoom.,PRESENT_X,CAMERA_2,13~29
868,10,CAMERA_2,['CAMERA_2'],"{'CAMERA_1': [], 'CAMERA_2': ['price', 'sensor_size', 'effects', 'camera_type', 'optical_zoom', 'preset_modes'], 'CAMERA_3': []}",C_QUESTION_ABOUT_FEATURE,CAMERA_2,preset_modes,Is this support preset mode,PRESENT_X,CAMERA_2,S_NOT_SURE,CAMERA_2,,I'm not really sure about that.,PRESENT_X,CAMERA_2,
868,11,CAMERA_2,['CAMERA_2'],"{'CAMERA_1': [], 'CAMERA_2': ['price', 'sensor_size', 'effects', 'camera_type', 'optical_zoom', 'preset_modes', 'resolution'], 'CAMERA_3': []}",C_QUESTION_ABOUT_FEATURE,CAMERA_2,resolution,how many megapixels does this camera have,PRESENT_X,CAMERA_2,S_ANSWERS_QUESTION_ABOUT_FEATURE,CAMERA_2,resolution,This one has 23.8 megapixels resolution.,PRESENT_X,CAMERA_2,13~28
868,12,CAMERA_2,['CAMERA_2'],"{'CAMERA_1': [], 'CAMERA_2': ['price', 'sensor_size', 'effects', 'camera_type', 'optical_zoom', 'preset_modes', 'resolution', 'ISO'], 'CAMERA_3': []}",C_QUESTION_ABOUT_FEATURE,CAMERA_2,ISO,and the ISO,PRESENT_X,CAMERA_2,S_NOT_SURE,CAMERA_2,,I'm not really sure about that.,PRESENT_X,CAMERA_2,
868,13,CAMERA_2,['CAMERA_2'],"{'CAMERA_1': [], 'CAMERA_2': ['price', 'sensor_size', 'effects', 'camera_type', 'optical_zoom', 'preset_modes', 'resolution', 'ISO', 'weight'], 'CAMERA_3': []}",C_QUESTION_ABOUT_FEATURE,CAMERA_2,weight,it looks heavy though how much does it weight,PRESENT_X,CAMERA_2,S_ANSWERS_QUESTION_ABOUT_FEATURE,CAMERA_2,weight,This one weighs 820 grams.,PRESENT_X,CAMERA_2,16~25
868,14,CAMERA_2,['CAMERA_2'],"{'CAMERA_1': [], 'CAMERA_2': ['price', 'sensor_size', 'effects', 'camera_type', 'optical_zoom', 'preset_modes', 'resolution', 'ISO', 'weight', 'long_exposure'], 'CAMERA_3': []}",C_QUESTION_ABOUT_FEATURE,CAMERA_2,long_exposure,what about the exposure how long can I set it to,PRESENT_X,CAMERA_2,S_ANSWERS_QUESTION_ABOUT_FEATURE,CAMERA_2,long_exposure,This one can take long exposures up to 60 minutes max with bulb mode.,PRESENT_X,CAMERA_2,39~68
868,15,CAMERA_2,['CAMERA_2'],"{'CAMERA_1': [], 'CAMERA_2': ['price', 'sensor_size', 'effects', 'camera_type', 'optical_zoom', 'preset_modes', 'resolution', 'ISO', 'weight', 'long_exposure', 'color'], 'CAMERA_3': []}",C_SILENT_OR_BACKCHANNEL,CAMERA_2,NONE,wow that's pretty expensive is there a payment plan,PRESENT_X,CAMERA_2,S_INTRODUCES_FEATURE,CAMERA_2,color,This one comes in white or pink.,PRESENT_X,CAMERA_2,18~31
868,16,NONE,['CAMERA_2'],"{'CAMERA_1': [], 'CAMERA_2': ['price', 'sensor_size', 'effects', 'camera_type', 'optical_zoom', 'preset_modes', 'resolution', 'ISO', 'weight', 'long_exposure', 'color'], 'CAMERA_3': []}",C_THANK_YOU,CAMERA_2,NONE,that's a definite bonus huh oh thanks for your help I love all the thing,PRESENT_X,CAMERA_2,S_THANK_YOU,CAMERA_2,NONE,thank you very much.,FACE_TO_FACE,NONE,
868,17,NONE,['CAMERA_2'],"{'CAMERA_1': [], 'CAMERA_2': ['price', 'sensor_size', 'effects', 'camera_type', 'optical_zoom', 'preset_modes', 'resolution', 'ISO', 'weight', 'long_exposure', 'color'], 'CAMERA_3': []}",C_LEAVES,DOOR,NONE,,FACE_TO_FACE,NONE,S_RETURNS_TO_COUNTER,SERVICE_COUNTER,NONE,,WAITING,NONE,
869,1,NONE,[],"{'CAMERA_1': [], 'CAMERA_2': [], 'CAMERA_3': []}",C_ENTERS,DOOR,NONE,,WAITING,NONE,S_NONE,SERVICE_COUNTER,NONE,,WAITING,NONE,
869,2,NONE,[],"{'CAMERA_1': [], 'CAMERA_2': [], 'CAMERA_3': []}",C_WALKS_TO_CAMERA,CAMERA_2,NONE,,WAITING,NONE,S_NONE,SERVICE_COUNTER,NONE,,WAITING,NONE,
869,3,NONE,[],"{'CAMERA_1': [], 'CAMERA_2': [], 'CAMERA_3': []}",C_EXAMINES_CAMERA,CAMERA_2,NONE,,WAITING,NONE,S_NONE,SERVICE_COUNTER,NONE,,WAITING,NONE,
869,4,NONE,[],"{'CAMERA_1': [], 'CAMERA_2': [], 'CAMERA_3': []}",C_WALKS_TO_CAMERA,CAMERA_1,NONE,,WAITING,NONE,S_NONE,SERVICE_COUNTER,NONE,,WAITING,NONE,
869,5,NONE,[],"{'CAMERA_1': [], 'CAMERA_2': [], 'CAMERA_3': []}",C_EXAMINES_CAMERA,CAMERA_1,NONE,,WAITING,NONE,S_NONE,SERVICE_COUNTER,NONE,,WAITING,NONE,
869,6,NONE,[],"{'CAMERA_1': [], 'CAMERA_2': [], 'CAMERA_3': []}",C_WALKS_TO_CAMERA,CAMERA_2,NONE,,WAITING,NONE,S_GREETS,CAMERA_2,NONE,can I help you?,FACE_TO_FACE,NONE,
869,7,CAMERA_1,['CAMERA_1'],"{'CAMERA_1': [], 'CAMERA_2': [], 'CAMERA_3': []}",C_LOOKING_FOR_A_CAMERA,CAMERA_2,NONE,oh hi I'm just looking for a camera,FACE_TO_FACE,NONE,S_INTRODUCES_CAMERA,CAMERA_1,,Let me show you this. Here we have the Sony PowerShot ELPH DMC-ZS3.,PRESENT_X,CAMERA_1,39~66
869,8,CAMERA_1,['CAMERA_1'],"{'CAMERA_1': ['ISO'], 'CAMERA_2': [], 'CAMERA_3': []}",C_QUESTION_ABOUT_FEATURE,CAMERA_1,ISO,So 3200 ISO is not half as good as 6400,PRESENT_X,CAMERA_1,S_ANSWERS_QUESTION_ABOUT_FEATURE,CAMERA_1,ISO,This one has up to 51200 ISO.,PRESENT_X,CAMERA_1,13~28
869,9,CAMERA_1,['CAMERA_1'],"{'CAMERA_1': ['ISO', 'price'], 'CAMERA_2': [], 'CAMERA_3': []}",C_QUESTION_ABOUT_FEATURE,CAMERA_1,price,what is the price,PRESENT_X,CAMERA_1,S_ANSWERS_QUESTION_ABOUT_FEATURE,CAMERA_1,price,This one costs $450.,PRESENT_X,CAMERA_1,15~19
869,10,CAMERA_1,['CAMERA_1'],"{'CAMERA_1': ['ISO', 'price', 'camera_type'], 'CAMERA_2': [], 'CAMERA_3': []}",C_SILENT_OR_BACKCHANNEL,CAMERA_1,NONE,wow that's pretty impressive,PRESENT_X,CAMERA_1,S_INTRODUCES_FEATURE,CAMERA_1,camera_type,This is a DSLR camera.,PRESENT_X,CAMERA_1,10~14
869,11,CAMERA_1,['CAMERA_1'],"{'CAMERA_1': ['ISO', 'price', 'camera_type', 'weight'], 'CAMERA_2': [], 'CAMERA_3': []}",C_QUESTION_ABOUT_FEATURE,CAMERA_1,weight,how much does it weigh,PRESENT_X,CAMERA_1,S_ANSWERS_QUESTION_ABOUT_FEATURE,CAMERA_1,weight,This one weighs 800 grams.,PRESENT_X,CAMERA_1,16~25
869,12,CAMERA_1,['CAMERA_1'],"{'CAMERA_1': ['ISO', 'price', 'camera_type', 'weight', 'effects'], 'CAMERA_2': [], 'CAMERA_3': []}",C_QUESTION_ABOUT_FEATURE,CAMERA_1,effects,what other effects does it have,PRESENT_X,CAMERA_1,S_ANSWERS_QUESTION_ABOUT_FEATURE,CAMERA_1,effects,"This one has 24 glamor retouch effects (miniature, retro, toy camera, etc.).",PRESENT_X,CAMERA_1,13~75
869,13,CAMERA_1,['CAMERA_1'],"{'CAMERA_1': ['ISO', 'price', 'camera_type', 'weight', 'effects', 'long_exposure'], 'CAMERA_2': [], 'CAMERA_3': []}",C_SILENT_OR_BACKCHANNEL,CAMERA_1,NONE,okay that sounds great,PRESENT_X,CAMERA_1,S_INTRODUCES_FEATURE,CAMERA_1,long_exposure,This one can take long exposures up to up to 15 seconds with Long Shutter Mode.,PRESENT_X,CAMERA_1,39~78
869,14,CAMERA_1,['CAMERA_1'],"{'CAMERA_1': ['ISO', 'price', 'camera_type', 'weight', 'effects', 'long_exposure', 'settings'], 'CAMERA_2': [], 'CAMERA_3': []}",C_QUESTION_ABOUT_FEATURE,CAMERA_1,settings,thank you tell me about the ability to adjust the settings,PRESENT_X,CAMERA_1,S_ANSWERS_QUESTION_ABOUT_FEATURE,CAMERA_1,settings,This one has limited manual settings.,PRESENT_X,CAMERA_1,13~36
869,15,NONE,['CAMERA_1'],"{'CAMERA_1': ['ISO', 'price', 'camera_type', 'weight', 'effects', 'long_exposure', 'settings'], 'CAMERA_2': [], 'CAMERA_3': []}",C_THANK_YOU,CAMERA_1,NONE,that sounds perfect thank you very much have a good afternoon,PRESENT_X,CAMERA_1,S_THANK_YOU,CAMERA_1,NONE,thank you very much.,FACE_TO_FACE,NONE,
869,16,NONE,['CAMERA_1'],"{'CAMERA_1': ['ISO', 'price', 'camera_type', 'weight', 'effects', 'long_exposure', 'settings'], 'CAMERA_2': [], 'CAMERA_3': []}",C_LEAVES,DOOR,NONE,,FACE_TO_FACE,NONE,S_RETURNS_TO_COUNTER,SERVICE_COUNTER,NONE,,WAITING,NONE,
870,1,NONE,[],"{'CAMERA_1': [], 'CAMERA_2': [], 'CAMERA_3': []}",C_ENTERS,DOOR,NONE,,WAITING,NONE,S_NONE,SERVICE_COUNTER,NONE,,WAITING,NONE,
870,2,NONE,[],"{'CAMERA_1': [], 'CAMERA_2': [], 'CAMERA_3': []}",C_WALKS_TO_CAMERA,CAMERA_3,NONE,,WAITING,NONE,S_GREETS,CAMERA_3,NONE,can I help you?,FACE_TO_FACE,NONE,
870,3,CAMERA_2,['CAMERA_2'],"{'CAMERA_1': [], 'CAMERA_2': [], 'CAMERA_3': []}",C_LOOKING_FOR_A_CAMERA,CAMERA_3,NONE,I'm just looking around,FACE_TO_FACE,NONE,S_INTRODUCES_CAMERA,CAMERA_2,,Let me show you this. Here we have the Fujifilm Lumix ILC Camera.,PRESENT_X,CAMERA_2,39~64
870,4,CAMERA_2,['CAMERA_2'],"{'CAMERA_1': [], 'CAMERA_2': ['color'], 'CAMERA_3': []}",C_SILENT_OR_BACKCHANNEL,CAMERA_2,NONE,I guess it's a pretty good camera then,PRESENT_X,CAMERA_2,S_INTRODUCES_FEATURE,CAMERA_2,color,This one comes in white or pink.,PRESENT_X,CAMERA_2,18~31
870,5,NONE,['CAMERA_2'],"{'CAMERA_1': [], 'CAMERA_2': ['color'], 'CAMERA_3': []}",C_THANK_YOU,CAMERA_2,NONE,why am I feeling really needs to help with the ugly,PRESENT_X,CAMERA_2,S_THANK_YOU,CAMERA_2,NONE,thank you very much.,FACE_TO_FACE,NONE,
870,6,NONE,['CAMERA_2'],"{'CAMERA_1': [], 'CAMERA_2': ['color'], 'CAMERA_3': []}",C_LEAVES,DOOR,NONE,,FACE_TO_FACE,NONE,S_RETURNS_TO_COUNTER,SERVICE_COUNTER,NONE,,WAITING,NONE,
871,1,NONE,[],"{'CAMERA_1': [], 'CAMERA_2': [], 'CAMERA_3': []}",C_ENTERS,DOOR,NONE,,WAITING,NONE,S_NONE,SERVICE_COUNTER,NONE,,WAITING,NONE,
871,2,NONE,[],"{'CAMERA_1': [], 'CAMERA_2': [], 'CAMERA_3': []}",C_WALKS_TO_CAMERA,CAMERA_1,NONE,,WAITING,NONE,S_NONE,SERVICE_COUNTER,NONE,,WAITING,NONE,
871,3,NONE,[],"{'CAMERA_1': [], 'CAMERA_2': [], 'CAMERA_3': []}",C_EXAMINES_CAMERA,CAMERA_1,NONE,,WAITING,NONE,S_GREETS,CAMERA_1,NONE,can I help you?,FACE_TO_FACE,NONE,
871,4,CAMERA_2,['CAMERA_2'],"{'CAMERA_1': [], 'CAMERA_2': [], 'CAMERA_3': []}",C_LOOKING_FOR_A_CAMERA,CAMERA_1,NONE,oh honey I'm just looking to buy a camera for my high school graduation,FACE_TO_FACE,NONE,S_INTRODUCES_CAMERA,CAMERA_2,,Let me show you this. Here we have the Fujifilm Lumix ILC Camera.,PRESENT_X,CAMERA_2,39~64
871,5,CAMERA_2,['CAMERA_2'],"{'CAMERA_1': [], 'CAMERA_2': ['autofocus_points'], 'CAMERA_3': []}",C_QUESTION_ABOUT_FEATURE,CAMERA_2,autofocus_points,can I know how many auto focus points does this camera have,PRESENT_X,CAMERA_2,S_NOT_SURE,CAMERA_2,,I'm not really sure about that.,PRESENT_X,CAMERA_2,
871,6,CAMERA_2,['CAMERA_2'],"{'CAMERA_1': [], 'CAMERA_2': ['autofocus_points', 'long_exposure'], 'CAMERA_3': []}",C_QUESTION_ABOUT_FEATURE,CAMERA_2,long_exposure,is the exposure any good,PRESENT_X,CAMERA_2,S_ANSWERS_QUESTION_ABOUT_FEATURE,CAMERA_2,long_exposure,This one can take long exposures up to 60 minutes max with bulb mode.,PRESENT_X,CAMERA_2,39~68
871,7,CAMERA_2,['CAMERA_2'],"{'CAMERA_1': [], 'CAMERA_2': ['autofocus_points', 'long_exposure', 'price'], 'CAMERA_3': []}",C_SILENT_OR_BACKCHANNEL,CAMERA_2,NONE,I said yeah ok,PRESENT_X,CAMERA_2,S_INTRODUCES_FEATURE,CAMERA_2,price,This one costs $768.,PRESENT_X,CAMERA_2,15~19
871,8,NONE,['CAMERA_2'],"{'CAMERA_1': [], 'CAMERA_2': ['autofocus_points', 'long_exposure', 'price'], 'CAMERA_3': []}",C_THANK_YOU,CAMERA_2,NONE,very much for a system thank you bro,PRESENT_X,CAMERA_2,S_THANK_YOU,CAMERA_2,NONE,thank you very much.,FACE_TO_FACE,NONE,
871,9,NONE,['CAMERA_2'],"{'CAMERA_1': [], 'CAMERA_2': ['autofocus_points', 'long_exposure', 'price'], 'CAMERA_3': []}",C_LEAVES,DOOR,NONE,,FACE_TO_FACE,NONE,S_RETURNS_TO_COUNTER,SERVICE_COUNTER,NONE,,WAITING,NONE,
872,1,NONE,[],"{'CAMERA_1': [], 'CAMERA_2': [], 'CAMERA_3': []}",C_ENTERS,DOOR,NONE,,WAITING,NONE,S_NONE,SERVICE_COUNTER,NONE,,WAITING,NONE,
872,2,NONE,[],"{'CAMERA_1': [], 'CAMERA_2': [], 'CAMERA_3': []}",C_GREETS,MIDDLE,NONE,excuse me,WAITING,NONE,S_GREETS,MIDDLE,NONE,can I help you?,FACE_TO_FACE,NONE,
872,3,CAMERA_1,['CAMERA_1'],"{'CAMERA_1': [], 'CAMERA_2': [], 'CAMERA_3': []}",C_LOOKING_FOR_A_CAMERA,MIDDLE,NONE,I'm looking for a nice camera,FACE_TO_FACE,NONE,S_INTRODUCES_CAMERA,CAMERA_1,,Let me show you this. Here we have the Sony PowerShot ELPH DMC-ZS3.,PRESENT_X,CAMERA_1,39~66
872,4,CAMERA_1,['CAMERA_1'],"{'CAMERA_1': ['effects'], 'CAMERA_2': [], 'CAMERA_3': []}",C_SILENT_OR_BACKCHANNEL,CAMERA_1,NONE,okay I've read that aps-c is pretty good,PRESENT_X,CAMERA_1,S_INTRODUCES_FEATURE,CAMERA_1,effects,"This one has 24 glamor retouch effects (miniature, retro, toy camera, etc.).",PRESENT_X,CAMERA_1,13~75
872,5,NONE,['CAMERA_1'],"{'CAMERA_1': ['effects'], 'CAMERA_2': [], 'CAMERA_3': []}",C_THANK_YOU,CAMERA_1,NONE,thank you very much,PRESENT_X,CAMERA_1,S_THANK_YOU,CAMERA_1,NONE,thank you very much.,FACE_TO_FACE,NONE,
872,6,NONE,['CAMERA_1'],"{'CAMERA_1': ['effects'], 'CAMERA_2': [], 'CAMERA_3': []}",C_LEAVES,DOOR,NONE,,FACE_TO_FACE,NONE,S_RETURNS_TO_COUNTER,SERVICE_COUNTER,NONE,,WAITING,NONE,
873,1,NONE,[],"{'CAMERA_1': [], 'CAMERA_2': [], 'CAMERA_3': []}",C_ENTERS,DOOR,NONE,,WAITING,NONE,S_NONE,SERVICE_COUNTER,NONE,,WAITING,NONE,
873,2,NONE,[],"{'CAMERA_1': [], 'CAMERA_2': [], 'CAMERA_3': []}",C_WALKS_TO_CAMERA,CAMERA_1,NONE,,WAITING,NONE,S_NONE,SERVICE_COUNTER,NONE,,WAITING,NONE,
873,3,CAMERA_1,['CAMERA_1'],"{'CAMERA_1': ['price'], 'CAMERA_2': [], 'CAMERA_3': []}",C_QUESTION_ABOUT_FEATURE,CAMERA_1,price,how much does this cost,WAITING,NONE,S_ANSWERS_QUESTION_ABOUT_FEATURE,CAMERA_1,price,This one costs $450.,PRESENT_X,CAMERA_1,15~19
873,4,CAMERA_1,['CAMERA_1'],"{'CAMERA_1': ['price', 'effects'], 'CAMERA_2': [], 'CAMERA_3': []}",C_SILENT_OR_BACKCHANNEL,CAMERA_1,NONE,not too bad,PRESENT_X,CAMERA_1,S_INTRODUCES_FEATURE,CAMERA_1,effects,"This one has 24 glamor retouch effects (miniature, retro, toy camera, etc.).",PRESENT_X,CAMERA_1,13~75
873,5,CAMERA_1,['CAMERA_1'],"{'CAMERA_1': ['price', 'effects', 'sensor_size'], 'CAMERA_2': [], 'CAMERA_3': []}",C_SILENT_OR_BACKCHANNEL,CAMERA_1,NONE,ok,PRESENT_X,CAMERA_1,S_INTRODUCES_FEATURE,CAMERA_1,sensor_size,This one has a 1/2.3 inch CMOS sensor.,PRESENT_X,CAMERA_1,15~37
873,6,CAMERA_1,['CAMERA_1'],"{'CAMERA_1': ['price', 'effects', 'sensor_size', 'color'], 'CAMERA_2': [], 'CAMERA_3': []}",C_QUESTION_ABOUT_FEATURE,CAMERA_1,color,Comes in different colors what colors does it come in,PRESENT_X,CAMERA_1,S_ANSWERS_QUESTION_ABOUT_FEATURE,CAMERA_1,color,This one comes in blue or black.,PRESENT_X,CAMERA_1,18~31
873,7,CAMERA_2,"['CAMERA_1', 'CAMERA_2']","{'CAMERA_1': ['price', 'effects', 'sensor_size', 'color'], 'CAMERA_2': [], 'CAMERA_3': []}",C_ANYTHING_ELSE_AVAILABLE,CAMERA_1,NONE,can you recommend another camera similar to this,PRESENT_X,CAMERA_1,S_INTRODUCES_CAMERA,CAMERA_2,,Let me show you this. Here we have the Fujifilm Lumix ILC Camera.,PRESENT_X,CAMERA_2,39~64
873,8,CAMERA_2,"['CAMERA_1', 'CAMERA_2']","{'CAMERA_1': ['price', 'effects', 'sensor_size', 'color'], 'CAMERA_2': ['effects'], 'CAMERA_3': []}",C_SILENT_OR_BACKCHANNEL,CAMERA_2,NONE,IC,PRESENT_X,CAMERA_2,S_INTRODUCES_FEATURE,CAMERA_2,effects,"This one has 24 artistic effect modes (retro, lighter or darker skin tones, sepia, etc.).",PRESENT_X,CAMERA_2,13~88
873,9,NONE,"['CAMERA_1', 'CAMERA_2']","{'CAMERA_1': ['price', 'effects', 'sensor_size', 'color'], 'CAMERA_2': ['effects'], 'CAMERA_3': []}",C_THANK_YOU,CAMERA_2,NONE,ok thanks,PRESENT_X,CAMERA_2,S_THANK_YOU,CAMERA_2,NONE,thank you very much.,FACE_TO_FACE,NONE,
873,10,NONE,"['CAMERA_1', 'CAMERA_2']","{'CAMERA_1': ['price', 'effects', 'sensor_size', 'color'], 'CAMERA_2': ['effects'], 'CAMERA_3': []}",C_LEAVES,DOOR,NONE,,FACE_TO_FACE,NONE,S_RETURNS_TO_COUNTER,SERVICE_COUNTER,NONE,,WAITING,NONE,
874,1,NONE,[],"{'CAMERA_1': [], 'CAMERA_2': [], 'CAMERA_3': []}",C_ENTERS,DOOR,NONE,,WAITING,NONE,S_NONE,SERVICE_COUNTER,NONE,,WAITING,NONE,
874,2,NONE,[],"{'CAMERA_1': [], 'CAMERA_2': [], 'CAMERA_3': []}",C_WALKS_TO_CAMERA,CAMERA_3,NONE,,WAITING,NONE,S_GREETS,CAMERA_3,NONE,can I help you?,FACE_TO_FACE,NONE,
874,3,CAMERA_2,['CAMERA_2'],"{'CAMERA_1': [], 'CAMERA_2': [], 'CAMERA_3': []}",C_LOOKING_FOR_A_CAMERA,CAMERA_3,NONE,hi good afternoon I'm looking to buy a new camera that if it continues portable,FACE_TO_FACE,NONE,S_INTRODUCES_CAMERA,CAMERA_2,,Let me show you this. Here we have the Fujifilm Lumix ILC Camera.,PRESENT_X,CAMERA_2,39~64
874,4,CAMERA_2,['CAMERA_2'],"{'CAMERA_1': [], 'CAMERA_2': ['optical_zoom'], 'CAMERA_3': []}",C_SILENT_OR_BACKCHANNEL,CAMERA_2,NONE,IC,PRESENT_X,CAMERA_2,S_INTRODUCES_FEATURE,CAMERA_2,optical_zoom,This one has 21x optical zoom.,PRESENT_X,CAMERA_2,13~29
874,5,CAMERA_2,['CAMERA_2'],"{'CAMERA_1': [], 'CAMERA_2': ['optical_zoom', 'settings'], 'CAMERA_3': []}",C_SILENT_OR_BACKCHANNEL,CAMERA_2,NONE,that's great we're by the way,PRESENT_X,CAMERA_2,S_INTRODUCES_FEATURE,CAMERA_2,settings,"This one has manual control and various automatic settings (video modeburst shooting, etc.).",PRESENT_X,CAMERA_2,13~91
874,6,CAMERA_2,['CAMERA_2'],"{'CAMERA_1': [], 'CAMERA_2': ['optical_zoom', 'settings', 'color'], 'CAMERA_3': []}",C_SILENT_OR_BACKCHANNEL,CAMERA_2,NONE,I'm interested in this cannon he looks pretty good,PRESENT_X,CAMERA_2,S_INTRODUCES_FEATURE,CAMERA_2,color,This one comes in white or pink.,PRESENT_X,CAMERA_2,18~31
874,7,CAMERA_2,['CAMERA_2'],"{'CAMERA_1': [], 'CAMERA_2': ['optical_zoom', 'settings', 'color', 'weight'], 'CAMERA_3': []}",C_SILENT_OR_BACKCHANNEL,CAMERA_2,NONE,okay,PRESENT_X,CAMERA_2,S_INTRODUCES_FEATURE,CAMERA_2,weight,This one weighs 820 grams.,PRESENT_X,CAMERA_2,16~25
874,8,NONE,['CAMERA_2'],"{'CAMERA_1': [], 'CAMERA_2': ['optical_zoom', 'settings', 'color', 'weight'], 'CAMERA_3': []}",C_THANK_YOU,CAMERA_2,NONE,thank you,PRESENT_X,CAMERA_2,S_THANK_YOU,CAMERA_2,NONE,thank you very much.,FACE_TO_FACE,NONE,
874,9,NONE,['CAMERA_2'],"{'CAMERA_1': [], 'CAMERA_2': ['optical_zoom', 'settings', 'color', 'weight'], 'CAMERA_3': []}",C_LEAVES,DOOR,NONE,,FACE_TO_FACE,NONE,S_RETURNS_TO_COUNTER,SERVICE_COUNTER,NONE,,WAITING,NONE,
875,1,NONE,[],"{'CAMERA_1': [], 'CAMERA_2': [], 'CAMERA_3': []}",C_ENTERS,DOOR,NONE,,WAITING,NONE,S_NONE,SERVICE_COUNTER,NONE,,WAITING,NONE,
875,2,NONE,[],"{'CAMERA_1': [], 'CAMERA_2': [], 'CAMERA_3': []}",C_GREETS,MIDDLE,NONE,hello,WAITING,NONE,S_GREETS,MIDDLE,NONE,can I help you?,FACE_TO_FACE,NONE,
875,3,CAMERA_1,['CAMERA_1'],"{'CAMERA_1': [], 'CAMERA_2': [], 'CAMERA_3': []}",C_LOOKING_FOR_A_CAMERA,MIDDLE,NONE,Yes simple point and shoot but I'm looking for something nicer,FACE_TO_FACE,NONE,S_INTRODUCES_CAMERA,CAMERA_1,,Let me show you this. Here we have the Sony PowerShot ELPH DMC-ZS3.,PRESENT_X,CAMERA_1,39~66
875,4,CAMERA_1,['CAMERA_1'],"{'CAMERA_1': ['effects'], 'CAMERA_2': [], 'CAMERA_3': []}",C_QUESTION_ABOUT_FEATURE,CAMERA_1,effects,what is about the artistic effect mode,PRESENT_X,CAMERA_1,S_ANSWERS_QUESTION_ABOUT_FEATURE,CAMERA_1,effects,"This one has 24 glamor retouch effects (miniature, retro, toy camera, etc.).",PRESENT_X,CAMERA_1,13~75
875,5,CAMERA_1,['CAMERA_1'],"{'CAMERA_1': ['effects', 'autofocus_points'], 'CAMERA_2': [], 'CAMERA_3': []}",C_QUESTION_ABOUT_FEATURE,CAMERA_1,autofocus_points,Smith Ellis camera how many holes are Focus points does it have,PRESENT_X,CAMERA_1,S_ANSWERS_QUESTION_ABOUT_FEATURE,CAMERA_1,autofocus_points,This one has 135 autofocus points.,PRESENT_X,CAMERA_1,13~33
875,6,CAMERA_1,['CAMERA_1'],"{'CAMERA_1': ['effects', 'autofocus_points', 'ISO'], 'CAMERA_2': [], 'CAMERA_3': []}",C_QUESTION_ABOUT_FEATURE,CAMERA_1,ISO,okay And they ISO,PRESENT_X,CAMERA_1,S_ANSWERS_QUESTION_ABOUT_FEATURE,CAMERA_1,ISO,This one has up to 51200 ISO.,PRESENT_X,CAMERA_1,13~28
875,7,CAMERA_1,['CAMERA_1'],"{'CAMERA_1': ['effects', 'autofocus_points', 'ISO', 'camera_type'], 'CAMERA_2': [], 'CAMERA_3': []}",C_QUESTION_ABOUT_FEATURE,CAMERA_1,camera_type,Is this a mirrorless camera?,PRESENT_X,CAMERA_1,S_ANSWERS_QUESTION_ABOUT_FEATURE,CAMERA_1,camera_type,This is a DSLR camera.,PRESENT_X,CAMERA_1,10~14
875,8,CAMERA_1,['CAMERA_1'],"{'CAMERA_1': ['effects', 'autofocus_points', 'ISO', 'camera_type', 'weight'], 'CAMERA_2': [], 'CAMERA_3': []}",C_SILENT_OR_BACKCHANNEL,CAMERA_1,NONE,ok,PRESENT_X,CAMERA_1,S_INTRODUCES_FEATURE,CAMERA_1,weight,This one weighs 800 grams.,PRESENT_X,CAMERA_1,16~25
875,9,NONE,['CAMERA_1'],"{'CAMERA_1': ['effects', 'autofocus_points', 'ISO', 'camera_type', 'weight'], 'CAMERA_2': [], 'CAMERA_3': []}",C_THANK_YOU,CAMERA_1,NONE,alright thank you,PRESENT_X,CAMERA_1,S_THANK_YOU,CAMERA_1,NONE,thank you very much.,FACE_TO_FACE,NONE,
875,10,NONE,['CAMERA_1'],"{'CAMERA_1': ['effects', 'autofocus_points', 'ISO', 'camera_type', 'weight'], 'CAMERA_2': [], 'CAMERA_3': []}",C_LEAVES,DOOR,NONE,,FACE_TO_FACE,NONE,S_RETURNS_TO_COUNTER,SERVICE_COUNTER,NONE,,WAITING,NONE,
876,1,NONE,[],"{'CAMERA_1': [], 'CAMERA_2': [], 'CAMERA_3': []}",C_ENTERS,DOOR,NONE,,WAITING,NONE,S_NONE,SERVICE_COUNTER,NONE,,WAITING,NONE,
876,2,NONE,[],"{'CAMERA_1': [], 'CAMERA_2': [], 'CAMERA_3': []}",C_GREETS,MIDDLE,NONE,hi can you help me,WAITING,NONE,S_GREETS,MIDDLE,NONE,can I help you?,FACE_TO_FACE,NONE,
876,3,CAMERA_1,['CAMERA_1'],"{'CAMERA_1': [], 'CAMERA_2': [], 'CAMERA_3': []}",C_LOOKING_FOR_A_CAMERA,MIDDLE,NONE,I'm interested in buying a camera but I'm not sure what I need,FACE_TO_FACE,NONE,S_INTRODUCES_CAMERA,CAMERA_1,,Let me show you this. Here we have the Sony PowerShot ELPH DMC-ZS3.,PRESENT_X,CAMERA_1,39~66
876,4,CAMERA_1,['CAMERA_1'],"{'CAMERA_1': ['settings'], 'CAMERA_2': [], 'CAMERA_3': []}",C_QUESTION_ABOUT_FEATURE,CAMERA_1,settings,pretty good how much how many manual settings it is does it have,PRESENT_X,CAMERA_1,S_ANSWERS_QUESTION_ABOUT_FEATURE,CAMERA_1,settings,This one has limited manual settings.,PRESENT_X,CAMERA_1,13~36
876,5,CAMERA_1,['CAMERA_1'],"{'CAMERA_1': ['settings', 'price'], 'CAMERA_2': [], 'CAMERA_3': []}",C_QUESTION_ABOUT_FEATURE,CAMERA_1,price,seems like a good camera how much is this one,PRESENT_X,CAMERA_1,S_ANSWERS_QUESTION_ABOUT_FEATURE,CAMERA_1,price,This one costs $450.,PRESENT_X,CAMERA_1,15~19
876,6,CAMERA_1,['CAMERA_1'],"{'CAMERA_1': ['settings', 'price', 'autofocus_points'], 'CAMERA_2': [], 'CAMERA_3': []}",C_SILENT_OR_BACKCHANNEL,CAMERA_1,NONE,that sounds good,PRESENT_X,CAMERA_1,S_INTRODUCES_FEATURE,CAMERA_1,autofocus_points,This one has 135 autofocus points.,PRESENT_X,CAMERA_1,13~33
876,7,CAMERA_1,['CAMERA_1'],"{'CAMERA_1': ['settings', 'price', 'autofocus_points', 'sensor_size'], 'CAMERA_2': [], 'CAMERA_3': []}",C_SILENT_OR_BACKCHANNEL,CAMERA_1,NONE,okay that sounds good,PRESENT_X,CAMERA_1,S_INTRODUCES_FEATURE,CAMERA_1,sensor_size,This one has a 1/2.3 inch CMOS sensor.,PRESENT_X,CAMERA_1,15~37
876,8,NONE,['CAMERA_1'],"{'CAMERA_1': ['settings', 'price', 'autofocus_points', 'sensor_size'], 'CAMERA_2': [], 'CAMERA_3': []}",C_THANK_YOU,CAMERA_1,NONE,alright thank you,PRESENT_X,CAMERA_1,S_THANK_YOU,CAMERA_1,NONE,thank you very much.,FACE_TO_FACE,NONE,
876,9,NONE,['CAMERA_1'],"{'CAMERA_1': ['settings', 'price', 'autofocus_points', 'sensor_size'], 'CAMERA_2': [], 'CAMERA_3': []}",C_LEAVES,DOOR,NONE,,FACE_TO_FACE,NONE,S_RETURNS_TO_COUNTER,SERVICE_COUNTER,NONE,,WAITING,NONE,
877,1,NONE,[],"{'CAMERA_1': [], 'CAMERA_2': [], 'CAMERA_3': []}",C_ENTERS,DOOR,NONE,,WAITING,NONE,S_NONE,SERVICE_COUNTER,NONE,,WAITING,NONE,
877,2,NONE,[],"{'CAMERA_1': [], 'CAMERA_2': [], 'CAMERA_3': []}",C_WALKS_TO_CAMERA,CAMERA_3,NONE,,WAITING,NONE,S_GREETS,CAMERA_3,NONE,can I help you?,FACE_TO_FACE,NONE,
877,3,CAMERA_3,['CAMERA_3'],"{'CAMERA_1': [], 'CAMERA_2': [], 'CAMERA_3': []}",C_LOOKING_FOR_A_CAMERA,CAMERA_3,NONE,the room I'm looking for a new camera that has a professional photographer,FACE_TO_FACE,NONE,S_INTRODUCES_CAMERA,CAMERA_3,,Let me show you this. Here we have the Fujifilm PowerShot ELPH S2800.,PRESENT_X,CAMERA_3,39~68
877,4,CAMERA_3,['CAMERA_3'],"{'CAMERA_1': [], 'CAMERA_2': [], 'CAMERA_3': ['preset_modes']}",C_QUESTION_ABOUT_FEATURE,CAMERA_3,preset_modes,does this camera also have bulb mode,PRESENT_X,CAMERA_3,S_ANSWERS_QUESTION_ABOUT_FEATURE,CAMERA_3,preset_modes,This one has various preset modes.,PRESENT_X,CAMERA_3,13~33
877,5,CAMERA_3,['CAMERA_3'],"{'CAMERA_1': [], 'CAMERA_2': [], 'CAMERA_3': ['preset_modes', 'effects']}",C_SILENT_OR_BACKCHANNEL,CAMERA_3,NONE,IC,PRESENT_X,CAMERA_3,S_INTRODUCES_FEATURE,CAMERA_3,effects,"This one has 21 photo effects (small face, retro, big eyes, etc.).",PRESENT_X,CAMERA_3,13~65
877,6,CAMERA_3,['CAMERA_3'],"{'CAMERA_1': [], 'CAMERA_2': [], 'CAMERA_3': ['preset_modes', 'effects', 'autofocus_points']}",C_SILENT_OR_BACKCHANNEL,CAMERA_3,NONE,yeah that's right this is very nice,PRESENT_X,CAMERA_3,S_INTRODUCES_FEATURE,CAMERA_3,autofocus_points,This one has 214 autofocus points.,PRESENT_X,CAMERA_3,13~33
877,7,NONE,['CAMERA_3'],"{'CAMERA_1': [], 'CAMERA_2': [], 'CAMERA_3': ['preset_modes', 'effects', 'autofocus_points']}",C_THANK_YOU,CAMERA_3,NONE,thank you so much,PRESENT_X,CAMERA_3,S_THANK_YOU,CAMERA_3,NONE,thank you very much.,FACE_TO_FACE,NONE,
877,8,NONE,['CAMERA_3'],"{'CAMERA_1': [], 'CAMERA_2': [], 'CAMERA_3': ['preset_modes', 'effects', 'autofocus_points']}",C_LEAVES,DOOR,NONE,,FACE_TO_FACE,NONE,S_RETURNS_TO_COUNTER,SERVICE_COUNTER,NONE,,WAITING,NONE,
878,1,NONE,[],"{'CAMERA_1': [], 'CAMERA_2': [], 'CAMERA_3': []}",C_ENTERS,DOOR,NONE,,WAITING,NONE,S_NONE,SERVICE_COUNTER,NONE,,WAITING,NONE,
878,2,NONE,[],"{'CAMERA_1': [], 'CAMERA_2': [], 'CAMERA_3': []}",C_WALKS_TO_CAMERA,CAMERA_3,NONE,,WAITING,NONE,S_GREETS,CAMERA_3,NONE,can I help you?,FACE_TO_FACE,NONE,
878,3,CAMERA_2,['CAMERA_2'],"{'CAMERA_1': [], 'CAMERA_2': [], 'CAMERA_3': []}",C_LOOKING_FOR_A_CAMERA,CAMERA_3,NONE,I'm looking for a camera,FACE_TO_FACE,NONE,S_INTRODUCES_CAMERA,CAMERA_2,,Let me show you this. Here we have the Fujifilm Lumix ILC Camera.,PRESENT_X,CAMERA_2,39~64
878,4,CAMERA_2,['CAMERA_2'],"{'CAMERA_1': [], 'CAMERA_2': ['long_exposure'], 'CAMERA_3': []}",C_QUESTION_ABOUT_FEATURE,CAMERA_2,long_exposure,is this a long exposure,PRESENT_X,CAMERA_2,S_ANSWERS_QUESTION_ABOUT_FEATURE,CAMERA_2,long_exposure,This one can take long exposures up to 60 minutes max with bulb mode.,PRESENT_X,CAMERA_2,39~68
878,5,CAMERA_3,"['CAMERA_2', 'CAMERA_3']","{'CAMERA_1': [], 'CAMERA_2': ['long_exposure'], 'CAMERA_3': []}",C_ANYTHING_ELSE_AVAILABLE,CAMERA_2,NONE,So this is the only model you have in your shop,PRESENT_X,CAMERA_2,S_INTRODUCES_CAMERA,CAMERA_3,,Let me show you this. Here we have the Fujifilm PowerShot ELPH S2800.,PRESENT_X,CAMERA_3,39~68
878,6,CAMERA_3,"['CAMERA_2', 'CAMERA_3']","{'CAMERA_1': [], 'CAMERA_2': ['long_exposure'], 'CAMERA_3': ['price']}",C_QUESTION_ABOUT_FEATURE,CAMERA_3,price,what price is it,PRESENT_X,CAMERA_3,S_ANSWERS_QUESTION_ABOUT_FEATURE,CAMERA_3,price,This one costs $518.,PRESENT_X,CAMERA_3,15~19
878,7,CAMERA_3,"['CAMERA_2', 'CAMERA_3']","{'CAMERA_1': [], 'CAMERA_2': ['long_exposure'], 'CAMERA_3': ['price', 'color']}",C_QUESTION_ABOUT_FEATURE,CAMERA_3,color,what colors does it come in,PRESENT_X,CAMERA_3,S_ANSWERS_QUESTION_ABOUT_FEATURE,CAMERA_3,color,"This one comes in purple, white, silver, blue, red, or pink.",PRESENT_X,CAMERA_3,18~59
878,8,CAMERA_3,"['CAMERA_2', 'CAMERA_3']","{'CAMERA_1': [], 'CAMERA_2': ['long_exposure'], 'CAMERA_3': ['price', 'color', 'settings']}",C_QUESTION_ABOUT_FEATURE,CAMERA_3,settings,K and do what manual settings what are the manual settings on this,PRESENT_X,CAMERA_3,S_ANSWERS_QUESTION_ABOUT_FEATURE,CAMERA_3,settings,"This one has manual control and various automatic settings (video modeburst shooting, etc.).",PRESENT_X,CAMERA_3,13~91
878,9,CAMERA_3,"['CAMERA_2', 'CAMERA_3']","{'CAMERA_1': [], 'CAMERA_2': ['long_exposure'], 'CAMERA_3': ['price', 'color', 'settings', 'ISO']}",C_SILENT_OR_BACKCHANNEL,CAMERA_3,NONE,yeah pretty good pocket size,PRESENT_X,CAMERA_3,S_INTRODUCES_FEATURE,CAMERA_3,ISO,This one has up to 3200 ISO with little noise.,PRESENT_X,CAMERA_3,13~45
878,10,CAMERA_3,"['CAMERA_2', 'CAMERA_3']","{'CAMERA_1': [], 'CAMERA_2': ['long_exposure'], 'CAMERA_3': ['price', 'color', 'settings', 'ISO', 'long_exposure']}",C_QUESTION_ABOUT_FEATURE,CAMERA_3,long_exposure,There is time when I need to open the shutter for longer than 30 seconds is it possible with this camera,PRESENT_X,CAMERA_3,S_ANSWERS_QUESTION_ABOUT_FEATURE,CAMERA_3,long_exposure,This one can take long exposures up to 30 minutes max with bulb mode.,PRESENT_X,CAMERA_3,39~68
878,11,CAMERA_3,"['CAMERA_2', 'CAMERA_3']","{'CAMERA_1': [], 'CAMERA_2': ['long_exposure'], 'CAMERA_3': ['price', 'color', 'settings', 'ISO', 'long_exposure', 'optical_zoom']}",C_QUESTION_ABOUT_FEATURE,CAMERA_3,optical_zoom,the optical zoom on this camera what is it,PRESENT_X,CAMERA_3,S_NOT_SURE,CAMERA_3,,I'm not really sure about that.,PRESENT_X,CAMERA_3,
878,12,CAMERA_3,"['CAMERA_2', 'CAMERA_3']","{'CAMERA_1': [], 'CAMERA_2': ['long_exposure'], 'CAMERA_3': ['price', 'color', 'settings', 'ISO', 'long_exposure', 'optical_zoom', 'sensor_size']}",C_QUESTION_ABOUT_FEATURE,CAMERA_3,sensor_size,what is the size of this camera,PRESENT_X,CAMERA_3,S_ANSWERS_QUESTION_ABOUT_FEATURE,CAMERA_3,sensor_size,This one has a full frame.,PRESENT_X,CAMERA_3,15~25
878,13,CAMERA_3,"['CAMERA_2', 'CAMERA_3']","{'CAMERA_1': [], 'CAMERA_2': ['long_exposure'], 'CAMERA_3': ['price', 'color', 'settings', 'ISO', 'long_exposure', 'optical_zoom', 'sensor_size', 'autofocus_points']}",C_QUESTION_ABOUT_FEATURE,CAMERA_3,autofocus_points,okay uh how many autofocus points are there,PRESENT_X,CAMERA_3,S_ANSWERS_QUESTION_ABOUT_FEATURE,CAMERA_3,autofocus_points,This one has 214 autofocus points.,PRESENT_X,CAMERA_3,13~33
878,14,CAMERA_3,"['CAMERA_2', 'CAMERA_3']","{'CAMERA_1': [], 'CAMERA_2': ['long_exposure'], 'CAMERA_3': ['price', 'color', 'settings', 'ISO', 'long_exposure', 'optical_zoom', 'sensor_size', 'autofocus_points', 'effects']}",C_QUESTION_ABOUT_FEATURE,CAMERA_3,effects,18 Wildcat so many is that including the Glamorous touch effect,PRESENT_X,CAMERA_3,S_ANSWERS_QUESTION_ABOUT_FEATURE,CAMERA_3,effects,"This one has 21 photo effects (small face, retro, big eyes, etc.).",PRESENT_X,CAMERA_3,13~65
878,15,CAMERA_3,"['CAMERA_2', 'CAMERA_3']","{'CAMERA_1': [], 'CAMERA_2': ['long_exposure'], 'CAMERA_3': ['price', 'color', 'settings', 'ISO', 'long_exposure', 'optical_zoom', 'sensor_size', 'autofocus_points', 'effects', 'weight']}",C_QUESTION_ABOUT_FEATURE,CAMERA_3,weight,and is it heavy,PRESENT_X,CAMERA_3,S_ANSWERS_QUESTION_ABOUT_FEATURE,CAMERA_3,weight,This one weighs 820 grams.,PRESENT_X,CAMERA_3,16~25
878,16,CAMERA_3,"['CAMERA_2', 'CAMERA_3']","{'CAMERA_1': [], 'CAMERA_2': ['long_exposure'], 'CAMERA_3': ['price', 'color', 'settings', 'ISO', 'long_exposure', 'optical_zoom', 'sensor_size', 'autofocus_points', 'effects', 'weight', 'resolution']}",C_QUESTION_ABOUT_FEATURE,CAMERA_3,resolution,in how many megapixels is this one,PRESENT_X,CAMERA_3,S_ANSWERS_QUESTION_ABOUT_FEATURE,CAMERA_3,resolution,This one has 23.2 megapixels resolution.,PRESENT_X,CAMERA_3,13~28
878,17,CAMERA_1,"['CAMERA_2', 'CAMERA_3', 'CAMERA_1']","{'CAMERA_1': [], 'CAMERA_2': ['long_exposure'], 'CAMERA_3': ['price', 'color', 'settings', 'ISO', 'long_exposure', 'optical_zoom', 'sensor_size', 'autofocus_points', 'effects', 'weight', 'resolution']}",C_ANYTHING_ELSE_AVAILABLE,CAMERA_3,NONE,okay do you have any other cameras I might be interested,PRESENT_X,CAMERA_3,S_INTRODUCES_CAMERA,CAMERA_1,,Let me show you this. Here we have the Sony PowerShot ELPH DMC-ZS3.,PRESENT_X,CAMERA_1,39~66
878,18,CAMERA_1,"['CAMERA_2', 'CAMERA_3', 'CAMERA_1']","{'CAMERA_1': ['ISO'], 'CAMERA_2': ['long_exposure'], 'CAMERA_3': ['price', 'color', 'settings', 'ISO', 'long_exposure', 'optical_zoom', 'sensor_size', 'autofocus_points', 'effects', 'weight', 'resolution']}",C_QUESTION_ABOUT_FEATURE,CAMERA_1,ISO,how high should I so how will is it able to shoot,PRESENT_X,CAMERA_1,S_ANSWERS_QUESTION_ABOUT_FEATURE,CAMERA_1,ISO,This one has up to 51200 ISO.,PRESENT_X,CAMERA_1,13~28
878,19,CAMERA_1,"['CAMERA_2', 'CAMERA_3', 'CAMERA_1']","{'CAMERA_1': ['ISO', 'long_exposure'], 'CAMERA_2': ['long_exposure'], 'CAMERA_3': ['price', 'color', 'settings', 'ISO', 'long_exposure', 'optical_zoom', 'sensor_size', 'autofocus_points', 'effects', 'weight', 'resolution']}",C_QUESTION_ABOUT_FEATURE,CAMERA_1,long_exposure,and the exposure is,PRESENT_X,CAMERA_1,S_ANSWERS_QUESTION_ABOUT_FEATURE,CAMERA_1,long_exposure,This one can take long exposures up to up to 15 seconds with Long Shutter Mode.,PRESENT_X,CAMERA_1,39~78
878,20,NONE,"['CAMERA_2', 'CAMERA_3', 'CAMERA_1']","{'CAMERA_1': ['ISO', 'long_exposure'], 'CAMERA_2': ['long_exposure'], 'CAMERA_3': ['price', 'color', 'settings', 'ISO', 'long_exposure', 'optical_zoom', 'sensor_size', 'autofocus_points', 'effects', 'weight', 'resolution']}",C_THANK_YOU,CAMERA_1,NONE,thank you very much to be really helpful have a great day,PRESENT_X,CAMERA_1,S_THANK_YOU,CAMERA_1,NONE,thank you very much.,FACE_TO_FACE,NONE,
878,21,NONE,"['CAMERA_2', 'CAMERA_3', 'CAMERA_1']","{'CAMERA_1': ['ISO', 'long_exposure'], 'CAMERA_2': ['long_exposure'], 'CAMERA_3': ['price', 'color', 'settings', 'ISO', 'long_exposure', 'optical_zoom', 'sensor_size', 'autofocus_points', 'effects', 'weight', 'resolution']}",C_LEAVES,DOOR,NONE,,FACE_TO_FACE,NONE,S_RETURNS_TO_COUNTER,SERVICE_COUNTER,NONE,,WAITING,NONE,
879,1,NONE,[],"{'CAMERA_1': [], 'CAMERA_2': [], 'CAMERA_3': []}",C_ENTERS,DOOR,NONE,,WAITING,NONE,S_NONE,SERVICE_COUNTER,NONE,,WAITING,NONE,
879,2,NONE,[],"{'CAMERA_1': [], 'CAMERA_2': [], 'CAMERA_3': []}",C_GREETS,MIDDLE,NONE,hello good afternoon,WAITING,NONE,S_GREETS,MIDDLE,NONE,can I help you?,FACE_TO_FACE,NONE,
879,3,CAMERA_2,['CAMERA_2'],"{'CAMERA_1': [], 'CAMERA_2': [], 'CAMERA_3': []}",C_LOOKING_FOR_A_CAMERA,MIDDLE,NONE,oh hi I'm just looking for a camera,FACE_TO_FACE,NONE,S_INTRODUCES_CAMERA,CAMERA_2,,Let me show you this. Here we have the Fujifilm Lumix ILC Camera.,PRESENT_X,CAMERA_2,39~64
879,4,CAMERA_2,['CAMERA_2'],"{'CAMERA_1': [], 'CAMERA_2': ['sensor_size'], 'CAMERA_3': []}",C_QUESTION_ABOUT_FEATURE,CAMERA_2,sensor_size,and what about the sense of sight,PRESENT_X,CAMERA_2,S_ANSWERS_QUESTION_ABOUT_FEATURE,CAMERA_2,sensor_size,This one has a 1/2.33 inch sensor.,PRESENT_X,CAMERA_2,15~33
879,5,CAMERA_2,['CAMERA_2'],"{'CAMERA_1': [], 'CAMERA_2': ['sensor_size', 'effects'], 'CAMERA_3': []}",C_QUESTION_ABOUT_FEATURE,CAMERA_2,effects,what are these a special artistic effect mode features,PRESENT_X,CAMERA_2,S_ANSWERS_QUESTION_ABOUT_FEATURE,CAMERA_2,effects,"This one has 24 artistic effect modes (retro, lighter or darker skin tones, sepia, etc.).",PRESENT_X,CAMERA_2,13~88
879,6,NONE,['CAMERA_2'],"{'CAMERA_1': [], 'CAMERA_2': ['sensor_size', 'effects'], 'CAMERA_3': []}",C_THANK_YOU,CAMERA_2,NONE,thank you,PRESENT_X,CAMERA_2,S_THANK_YOU,CAMERA_2,NONE,thank you very much.,FACE_TO_FACE,NONE,
879,7,NONE,['CAMERA_2'],"{'CAMERA_1': [], 'CAMERA_2': ['sensor_size', 'effects'], 'CAMERA_3': []}",C_LEAVES,DOOR,NONE,,FACE_TO_FACE,NONE,S_RETURNS_TO_COUNTER,SERVICE_COUNTER,NONE,,WAITING,NONE,
880,1,NONE,[],"{'CAMERA_1': [], 'CAMERA_2': [], 'CAMERA_3': []}",C_ENTERS,DOOR,NONE,,WAITING,NONE,S_NONE,SERVICE_COUNTER,NONE,,WAITING,NONE,
880,2,NONE,[],"{'CAMERA_1': [], 'CAMERA_2': [], 'CAMERA_3': []}",C_WALKS_TO_CAMERA,CAMERA_3,NONE,,WAITING,NONE,S_NONE,SERVICE_COUNTER,NONE,,WAITING,NONE,
880,3,CAMERA_3,['CAMERA_3'],"{'CAMERA_1': [], 'CAMERA_2': [], 'CAMERA_3': ['optical_zoom']}",C_QUESTION_ABOUT_FEATURE,CAMERA_3,optical_zoom,and what about the optical zoom,WAITING,NONE,S_NOT_SURE,CAMERA_3,,I'm not really sure about that.,PRESENT_X,CAMERA_3,
880,4,CAMERA_3,['CAMERA_3'],"{'CAMERA_1': [], 'CAMERA_2': [], 'CAMERA_3': ['optical_zoom', 'sensor_size']}",C_QUESTION_ABOUT_FEATURE,CAMERA_3,sensor_size,and what's the sensor size on this phone,PRESENT_X,CAMERA_3,S_ANSWERS_QUESTION_ABOUT_FEATURE,CAMERA_3,sensor_size,This one has a full frame.,PRESENT_X,CAMERA_3,15~25
880,5,CAMERA_3,['CAMERA_3'],"{'CAMERA_1': [], 'CAMERA_2': [], 'CAMERA_3': ['optical_zoom', 'sensor_size', 'price']}",C_QUESTION_ABOUT_FEATURE,CAMERA_3,price,what's the price what is,PRESENT_X,CAMERA_3,S_ANSWERS_QUESTION_ABOUT_FEATURE,CAMERA_3,price,This one costs $518.,PRESENT_X,CAMERA_3,15~19
880,6,CAMERA_3,['CAMERA_3'],"{'CAMERA_1': [], 'CAMERA_2': [], 'CAMERA_3': ['optical_zoom', 'sensor_size', 'price', 'autofocus_points']}",C_SILENT_OR_BACKCHANNEL,CAMERA_3,NONE,okay,PRESENT_X,CAMERA_3,S_INTRODUCES_FEATURE,CAMERA_3,autofocus_points,This one has 214 autofocus points.,PRESENT_X,CAMERA_3,13~33
880,7,CAMERA_3,['CAMERA_3'],"{'CAMERA_1': [], 'CAMERA_2': [], 'CAMERA_3': ['optical_zoom', 'sensor_size', 'price', 'autofocus_points', 'long_exposure']}",C_QUESTION_ABOUT_FEATURE,CAMERA_3,long_exposure,and what about the exposure,PRESENT_X,CAMERA_3,S_ANSWERS_QUESTION_ABOUT_FEATURE,CAMERA_3,long_exposure,This one can take long exposures up to 30 minutes max with bulb mode.,PRESENT_X,CAMERA_3,39~68
880,8,CAMERA_3,['CAMERA_3'],"{'CAMERA_1': [], 'CAMERA_2': [], 'CAMERA_3': ['optical_zoom', 'sensor_size', 'price', 'autofocus_points', 'long_exposure', 'weight']}",C_QUESTION_ABOUT_FEATURE,CAMERA_3,weight,ok ok what about the wait is it heavy,PRESENT_X,CAMERA_3,S_ANSWERS_QUESTION_ABOUT_FEATURE,CAMERA_3,weight,This one weighs 820 grams.,PRESENT_X,CAMERA_3,16~25
880,9,CAMERA_3,['CAMERA_3'],"{'CAMERA_1': [], 'CAMERA_2': [], 'CAMERA_3': ['optical_zoom', 'sensor_size', 'price', 'autofocus_points', 'long_exposure', 'weight', 'ISO']}",C_QUESTION_ABOUT_FEATURE,CAMERA_3,ISO,how is the ISO performance,PRESENT_X,CAMERA_3,S_ANSWERS_QUESTION_ABOUT_FEATURE,CAMERA_3,ISO,This one has up to 3200 ISO with little noise.,PRESENT_X,CAMERA_3,13~45
880,10,CAMERA_3,['CAMERA_3'],"{'CAMERA_1': [], 'CAMERA_2': [], 'CAMERA_3': ['optical_zoom', 'sensor_size', 'price', 'autofocus_points', 'long_exposure', 'weight', 'ISO', 'camera_type']}",C_SILENT_OR_BACKCHANNEL,CAMERA_3,NONE,IC,PRESENT_X,CAMERA_3,S_INTRODUCES_FEATURE,CAMERA_3,camera_type,This is a point and shoot camera.,PRESENT_X,CAMERA_3,10~25
880,11,NONE,['CAMERA_3'],"{'CAMERA_1': [], 'CAMERA_2': [], 'CAMERA_3': ['optical_zoom', 'sensor_size', 'price', 'autofocus_points', 'long_exposure', 'weight', 'ISO', 'camera_type']}",C_THANK_YOU,CAMERA_3,NONE,thanks,PRESENT_X,CAMERA_3,S_THANK_YOU,CAMERA_3,NONE,thank you very much.,FACE_TO_FACE,NONE,
880,12,NONE,['CAMERA_3'],"{'CAMERA_1': [], 'CAMERA_2': [], 'CAMERA_3': ['optical_zoom', 'sensor_size', 'price', 'autofocus_points', 'long_exposure', 'weight', 'ISO', 'camera_type']}",C_LEAVES,DOOR,NONE,,FACE_TO_FACE,NONE,S_RETURNS_TO_COUNTER,SERVICE_COUNTER,NONE,,WAITING,NONE,
881,1,NONE,[],"{'CAMERA_1': [], 'CAMERA_2': [], 'CAMERA_3': []}",C_ENTERS,DOOR,NONE,,WAITING,NONE,S_NONE,SERVICE_COUNTER,NONE,,WAITING,NONE,
881,2,NONE,[],"{'CAMERA_1': [], 'CAMERA_2': [], 'CAMERA_3': []}",C_GREETS,MIDDLE,NONE,excuse me,WAITING,NONE,S_GREETS,MIDDLE,NONE,can I help you?,FACE_TO_FACE,NONE,
881,3,CAMERA_2,['CAMERA_2'],"{'CAMERA_1': [], 'CAMERA_2': [], 'CAMERA_3': []}",C_LOOKING_FOR_A_CAMERA,MIDDLE,NONE,I'm looking for a camera to the family,FACE_TO_FACE,NONE,S_INTRODUCES_CAMERA,CAMERA_2,,Let me show you this. Here we have the Fujifilm Lumix ILC Camera.,PRESENT_X,CAMERA_2,39~64
881,4,CAMERA_2,['CAMERA_2'],"{'CAMERA_1': [], 'CAMERA_2': ['long_exposure'], 'CAMERA_3': []}",C_QUESTION_ABOUT_FEATURE,CAMERA_2,long_exposure,what what's the exposure how long how high does it go,PRESENT_X,CAMERA_2,S_ANSWERS_QUESTION_ABOUT_FEATURE,CAMERA_2,long_exposure,This one can take long exposures up to 60 minutes max with bulb mode.,PRESENT_X,CAMERA_2,39~68
881,5,CAMERA_2,['CAMERA_2'],"{'CAMERA_1': [], 'CAMERA_2': ['long_exposure', 'price'], 'CAMERA_3': []}",C_SILENT_OR_BACKCHANNEL,CAMERA_2,NONE,yeah yeah I can to try to look on the outside this is a really good one,PRESENT_X,CAMERA_2,S_INTRODUCES_FEATURE,CAMERA_2,price,This one costs $768.,PRESENT_X,CAMERA_2,15~19
881,6,NONE,['CAMERA_2'],"{'CAMERA_1': [], 'CAMERA_2': ['long_exposure', 'price'], 'CAMERA_3': []}",C_THANK_YOU,CAMERA_2,NONE,thanks goodbye,PRESENT_X,CAMERA_2,S_THANK_YOU,CAMERA_2,NONE,thank you very much.,FACE_TO_FACE,NONE,
881,7,NONE,['CAMERA_2'],"{'CAMERA_1': [], 'CAMERA_2': ['long_exposure', 'price'], 'CAMERA_3': []}",C_LEAVES,DOOR,NONE,,FACE_TO_FACE,NONE,S_RETURNS_TO_COUNTER,SERVICE_COUNTER,NONE,,WAITING,NONE,
882,1,NONE,[],"{'CAMERA_1': [], 'CAMERA_2': [], 'CAMERA_3': []}",C_ENTERS,DOOR,NONE,,WAITING,NONE,S_NONE,SERVICE_COUNTER,NONE,,WAITING,NONE,
882,2,NONE,[],"{'CAMERA_1': [], 'CAMERA_2': [], 'CAMERA_3': []}",C_GREETS,MIDDLE,NONE,excuse me sir can you help me,WAITING,NONE,S_GREETS,MIDDLE,NONE,can I help you?,FACE_TO_FACE,NONE,
882,3,CAMERA_3,['CAMERA_3'],"{'CAMERA_1': [], 'CAMERA_2': [], 'CAMERA_3': []}",C_LOOKING_FOR_A_CAMERA,MIDDLE,NONE,I'm just here looking at the new cameras at your home,FACE_TO_FACE,NONE,S_INTRODUCES_CAMERA,CAMERA_3,,Let me show you this. Here we have the Fujifilm PowerShot ELPH S2800.,PRESENT_X,CAMERA_3,39~68
882,4,CAMERA_3,['CAMERA_3'],"{'CAMERA_1': [], 'CAMERA_2': [], 'CAMERA_3': ['autofocus_points']}",C_QUESTION_ABOUT_FEATURE,CAMERA_3,autofocus_points,and how many autofocus points does it have,PRESENT_X,CAMERA_3,S_ANSWERS_QUESTION_ABOUT_FEATURE,CAMERA_3,autofocus_points,This one has 214 autofocus points.,PRESENT_X,CAMERA_3,13~33
882,5,CAMERA_3,['CAMERA_3'],"{'CAMERA_1': [], 'CAMERA_2': [], 'CAMERA_3': ['autofocus_points', 'preset_modes']}",C_QUESTION_ABOUT_FEATURE,CAMERA_3,preset_modes,Is this support preset mode,PRESENT_X,CAMERA_3,S_ANSWERS_QUESTION_ABOUT_FEATURE,CAMERA_3,preset_modes,This one has various preset modes.,PRESENT_X,CAMERA_3,13~33
882,6,CAMERA_3,['CAMERA_3'],"{'CAMERA_1': [], 'CAMERA_2': [], 'CAMERA_3': ['autofocus_points', 'preset_modes', 'price']}",C_QUESTION_ABOUT_FEATURE,CAMERA_3,price,okay and what is the price on this,PRESENT_X,CAMERA_3,S_ANSWERS_QUESTION_ABOUT_FEATURE,CAMERA_3,price,This one costs $518.,PRESENT_X,CAMERA_3,15~19
882,7,NONE,['CAMERA_3'],"{'CAMERA_1': [], 'CAMERA_2': [], 'CAMERA_3': ['autofocus_points', 'preset_modes', 'price']}",C_THANK_YOU,CAMERA_3,NONE,okay thanks a lot,PRESENT_X,CAMERA_3,S_THANK_YOU,CAMERA_3,NONE,thank you very much.,FACE_TO_FACE,NONE,
882,8,NONE,['CAMERA_3'],"{'CAMERA_1': [], 'CAMERA_2': [], 'CAMERA_3': ['autofocus_points', 'preset_modes', 'price']}",C_LEAVES,DOOR,NONE,,FACE_TO_FACE,NONE,S_RETURNS_TO_COUNTER,SERVICE_COUNTER,NONE,,WAITING,NONE,
883,1,NONE,[],"{'CAMERA_1': [], 'CAMERA_2': [], 'CAMERA_3': []}",C_ENTERS,DOOR,NONE,,WAITING,NONE,S_NONE,SERVICE_COUNTER,NONE,,WAITING,NONE,
883,2,NONE,[],"{'CAMERA_1': [], 'CAMERA_2': [], 'CAMERA_3': []}",C_GREETS,MIDDLE,NONE,excuse me,WAITING,NONE,S_GREETS,MIDDLE,NONE,can I help you?,FACE_TO_FACE,NONE,
883,3,CAMERA_1,['CAMERA_1'],"{'CAMERA_1': [], 'CAMERA_2': [], 'CAMERA_3': []}",C_LOOKING_FOR_A_CAMERA,MIDDLE,NONE,could you recommend me a good camera,FACE_TO_FACE,NONE,S_INTRODUCES_CAMERA,CAMERA_1,,Let me show you this. Here we have the Sony PowerShot ELPH DMC-ZS3.,PRESENT_X,CAMERA_1,39~66
883,4,CAMERA_1,['CAMERA_1'],"{'CAMERA_1': ['preset_modes'], 'CAMERA_2': [], 'CAMERA_3': []}",C_QUESTION_ABOUT_FEATURE,CAMERA_1,preset_modes,does it have dog mode,PRESENT_X,CAMERA_1,S_NOT_SURE,CAMERA_1,,I'm not really sure about that.,PRESENT_X,CAMERA_1,
883,5,CAMERA_1,['CAMERA_1'],"{'CAMERA_1': ['preset_modes', 'camera_type'], 'CAMERA_2': [], 'CAMERA_3': []}",C_SILENT_OR_BACKCHANNEL,CAMERA_1,NONE,ok,PRESENT_X,CAMERA_1,S_INTRODUCES_FEATURE,CAMERA_1,camera_type,This is a DSLR camera.,PRESENT_X,CAMERA_1,10~14
883,6,CAMERA_1,['CAMERA_1'],"{'CAMERA_1': ['preset_modes', 'camera_type', 'optical_zoom'], 'CAMERA_2': [], 'CAMERA_3': []}",C_SILENT_OR_BACKCHANNEL,CAMERA_1,NONE,sounds good,PRESENT_X,CAMERA_1,S_INTRODUCES_FEATURE,CAMERA_1,optical_zoom,This one has 21x optical zoom.,PRESENT_X,CAMERA_1,13~29
883,7,CAMERA_1,['CAMERA_1'],"{'CAMERA_1': ['preset_modes', 'camera_type', 'optical_zoom', 'weight'], 'CAMERA_2': [], 'CAMERA_3': []}",C_QUESTION_ABOUT_FEATURE,CAMERA_1,weight,what about its weight,PRESENT_X,CAMERA_1,S_ANSWERS_QUESTION_ABOUT_FEATURE,CAMERA_1,weight,This one weighs 800 grams.,PRESENT_X,CAMERA_1,16~25
883,8,CAMERA_1,['CAMERA_1'],"{'CAMERA_1': ['preset_modes', 'camera_type', 'optical_zoom', 'weight', 'effects'], 'CAMERA_2': [], 'CAMERA_3': []}",C_SILENT_OR_BACKCHANNEL,CAMERA_1,NONE,that's nice how much is it,PRESENT_X,CAMERA_1,S_INTRODUCES_FEATURE,CAMERA_1,effects,"This one has 24 glamor retouch effects (miniature, retro, toy camera, etc.).",PRESENT_X,CAMERA_1,13~75
883,9,CAMERA_1,['CAMERA_1'],"{'CAMERA_1': ['preset_modes', 'camera_type', 'optical_zoom', 'weight', 'effects', 'sensor_size'], 'CAMERA_2': [], 'CAMERA_3': []}",C_QUESTION_ABOUT_FEATURE,CAMERA_1,sensor_size,and what's the sensor size on this phone,PRESENT_X,CAMERA_1,S_ANSWERS_QUESTION_ABOUT_FEATURE,CAMERA_1,sensor_size,This one has a 1/2.3 inch CMOS sensor.,PRESENT_X,CAMERA_1,15~37
883,10,NONE,['CAMERA_1'],"{'CAMERA_1': ['preset_modes', 'camera_type', 'optical_zoom', 'weight', 'effects', 'sensor_size'], 'CAMERA_2': [], 'CAMERA_3': []}",C_THANK_YOU,CAMERA_1,NONE,okay well let me think about that okay thank you very much,PRESENT_X,CAMERA_1,S_THANK_YOU,CAMERA_1,NONE,thank you very much.,FACE_TO_FACE,NONE,
883,11,NONE,['CAMERA_1'],"{'CAMERA_1': ['preset_modes', 'camera_type', 'optical_zoom', 'weight', 'effects', 'sensor_size'], 'CAMERA_2': [], 'CAMERA_3': []}",C_LEAVES,DOOR,NONE,,FACE_TO_FACE,NONE,S_RETURNS_TO_COUNTER,SERVICE_COUNTER,NONE,,WAITING,NONE,
884,1,NONE,[],"{'CAMERA_1': [], 'CAMERA_2': [], 'CAMERA_3': []}",C_ENTERS,DOOR,NONE,,WAITING,NONE,S_NONE,SERVICE_COUNTER,NONE,,WAITING,NONE,
884,2,NONE,[],"{'CAMERA_1': [], 'CAMERA_2': [], 'CAMERA_3': []}",C_WALKS_TO_CAMERA,CAMERA_2,NONE,,WAITING,NONE,S_GREETS,CAMERA_2,NONE,can I help you?,FACE_TO_FACE,NONE,
884,3,CAMERA_1,['CAMERA_1'],"{'CAMERA_1': [], 'CAMERA_2': [], 'CAMERA_3': []}",C_LOOKING_FOR_A_CAMERA,CAMERA_2,NONE,I want a All Around camera I try to use my smartphone but the pictures don't come out so good,FACE_TO_FACE,NONE,S_INTRODUCES_CAMERA,CAMERA_1,,Let me show you this. Here we have the Sony PowerShot ELPH DMC-ZS3.,PRESENT_X,CAMERA_1,39~66
884,4,CAMERA_1,['CAMERA_1'],"{'CAMERA_1': ['preset_modes'], 'CAMERA_2': [], 'CAMERA_3': []}",C_QUESTION_ABOUT_FEATURE,CAMERA_1,preset_modes,Does this support for does mode,PRESENT_X,CAMERA_1,S_NOT_SURE,CAMERA_1,,I'm not really sure about that.,PRESENT_X,CAMERA_1,
884,5,CAMERA_3,"['CAMERA_1', 'CAMERA_3']","{'CAMERA_1': ['preset_modes'], 'CAMERA_2': [], 'CAMERA_3': []}",C_ANYTHING_ELSE_AVAILABLE,CAMERA_1,NONE,do you have anything better than this,PRESENT_X,CAMERA_1,S_INTRODUCES_CAMERA,CAMERA_3,,Let me show you this. Here we have the Fujifilm PowerShot ELPH S2800.,PRESENT_X,CAMERA_3,39~68
884,6,CAMERA_3,"['CAMERA_1', 'CAMERA_3']","{'CAMERA_1': ['preset_modes'], 'CAMERA_2': [], 'CAMERA_3': ['weight']}",C_QUESTION_ABOUT_FEATURE,CAMERA_3,weight,what about the wait is it light or is it heavy,PRESENT_X,CAMERA_3,S_ANSWERS_QUESTION_ABOUT_FEATURE,CAMERA_3,weight,This one weighs 820 grams.,PRESENT_X,CAMERA_3,16~25
884,7,CAMERA_3,"['CAMERA_1', 'CAMERA_3']","{'CAMERA_1': ['preset_modes'], 'CAMERA_2': [], 'CAMERA_3': ['weight', 'sensor_size']}",C_SILENT_OR_BACKCHANNEL,CAMERA_3,NONE,yeah actually looks very good,PRESENT_X,CAMERA_3,S_INTRODUCES_FEATURE,CAMERA_3,sensor_size,This one has a full frame.,PRESENT_X,CAMERA_3,15~25
884,8,NONE,"['CAMERA_1', 'CAMERA_3']","{'CAMERA_1': ['preset_modes'], 'CAMERA_2': [], 'CAMERA_3': ['weight', 'sensor_size']}",C_THANK_YOU,CAMERA_3,NONE,you okay thank you very much for your help have a good afternoon,PRESENT_X,CAMERA_3,S_THANK_YOU,CAMERA_3,NONE,thank you very much.,FACE_TO_FACE,NONE,
884,9,NONE,"['CAMERA_1', 'CAMERA_3']","{'CAMERA_1': ['preset_modes'], 'CAMERA_2': [], 'CAMERA_3': ['weight', 'sensor_size']}",C_LEAVES,DOOR,NONE,,FACE_TO_FACE,NONE,S_RETURNS_TO_COUNTER,SERVICE_COUNTER,NONE,,WAITING,NONE,
885,1,NONE,[],"{'CAMERA_1': [], 'CAMERA_2': [], 'CAMERA_3': []}",C_ENTERS,DOOR,NONE,,WAITING,NONE,S_NONE,SERVICE_COUNTER,NONE,,WAITING,NONE,
885,2,NONE,[],"{'CAMERA_1': [], 'CAMERA_2': [], 'CAMERA_3': []}",C_GREETS,MIDDLE,NONE,Excuse me,WAITING,NONE,S_GREETS,MIDDLE,NONE,can I help you?,FACE_TO_FACE,NONE,
885,3,CAMERA_1,['CAMERA_1'],"{'CAMERA_1': [], 'CAMERA_2': [], 'CAMERA_3': []}",C_LOOKING_FOR_A_CAMERA,MIDDLE,NONE,hi good afternoon I'm looking to buy a new camera and I just needed to be a portable and easy to use ,FACE_TO_FACE,NONE,S_INTRODUCES_CAMERA,CAMERA_1,,Let me show you this. Here we have the Sony PowerShot ELPH DMC-ZS3.,PRESENT_X,CAMERA_1,39~66
885,4,CAMERA_1,['CAMERA_1'],"{'CAMERA_1': ['autofocus_points'], 'CAMERA_2': [], 'CAMERA_3': []}",C_QUESTION_ABOUT_FEATURE,CAMERA_1,autofocus_points,how about this camera how many auto focus points does this have,PRESENT_X,CAMERA_1,S_ANSWERS_QUESTION_ABOUT_FEATURE,CAMERA_1,autofocus_points,This one has 135 autofocus points.,PRESENT_X,CAMERA_1,13~33
885,5,CAMERA_3,"['CAMERA_1', 'CAMERA_3']","{'CAMERA_1': ['autofocus_points'], 'CAMERA_2': [], 'CAMERA_3': []}",C_ANYTHING_ELSE_AVAILABLE,CAMERA_1,NONE,do you have any other cameras that are in this kind,PRESENT_X,CAMERA_1,S_INTRODUCES_CAMERA,CAMERA_3,,Let me show you this. Here we have the Fujifilm PowerShot ELPH S2800.,PRESENT_X,CAMERA_3,39~68
885,6,CAMERA_3,"['CAMERA_1', 'CAMERA_3']","{'CAMERA_1': ['autofocus_points'], 'CAMERA_2': [], 'CAMERA_3': ['sensor_size']}",C_QUESTION_ABOUT_FEATURE,CAMERA_3,sensor_size,ok what about the sensor size,PRESENT_X,CAMERA_3,S_ANSWERS_QUESTION_ABOUT_FEATURE,CAMERA_3,sensor_size,This one has a full frame.,PRESENT_X,CAMERA_3,15~25
885,7,CAMERA_3,"['CAMERA_1', 'CAMERA_3']","{'CAMERA_1': ['autofocus_points'], 'CAMERA_2': [], 'CAMERA_3': ['sensor_size', 'preset_modes']}",C_QUESTION_ABOUT_FEATURE,CAMERA_3,preset_modes,does it have like candle mode,PRESENT_X,CAMERA_3,S_ANSWERS_QUESTION_ABOUT_FEATURE,CAMERA_3,preset_modes,This one has various preset modes.,PRESENT_X,CAMERA_3,13~33
885,8,CAMERA_3,"['CAMERA_1', 'CAMERA_3']","{'CAMERA_1': ['autofocus_points'], 'CAMERA_2': [], 'CAMERA_3': ['sensor_size', 'preset_modes', 'effects']}",C_SILENT_OR_BACKCHANNEL,CAMERA_3,NONE,okay,PRESENT_X,CAMERA_3,S_INTRODUCES_FEATURE,CAMERA_3,effects,"This one has 21 photo effects (small face, retro, big eyes, etc.).",PRESENT_X,CAMERA_3,13~65
885,9,CAMERA_3,"['CAMERA_1', 'CAMERA_3']","{'CAMERA_1': ['autofocus_points'], 'CAMERA_2': [], 'CAMERA_3': ['sensor_size', 'preset_modes', 'effects', 'weight']}",C_SILENT_OR_BACKCHANNEL,CAMERA_3,NONE,I say so,PRESENT_X,CAMERA_3,S_INTRODUCES_FEATURE,CAMERA_3,weight,This one weighs 820 grams.,PRESENT_X,CAMERA_3,16~25
885,10,CAMERA_3,"['CAMERA_1', 'CAMERA_3']","{'CAMERA_1': ['autofocus_points'], 'CAMERA_2': [], 'CAMERA_3': ['sensor_size', 'preset_modes', 'effects', 'weight', 'ISO']}",C_SILENT_OR_BACKCHANNEL,CAMERA_3,NONE,okay that sounds good,PRESENT_X,CAMERA_3,S_INTRODUCES_FEATURE,CAMERA_3,ISO,This one has up to 3200 ISO with little noise.,PRESENT_X,CAMERA_3,13~45
885,11,CAMERA_3,"['CAMERA_1', 'CAMERA_3']","{'CAMERA_1': ['autofocus_points'], 'CAMERA_2': [], 'CAMERA_3': ['sensor_size', 'preset_modes', 'effects', 'weight', 'ISO', 'camera_type']}",C_QUESTION_ABOUT_FEATURE,CAMERA_3,camera_type,is this a point and shoot camera,PRESENT_X,CAMERA_3,S_ANSWERS_QUESTION_ABOUT_FEATURE,CAMERA_3,camera_type,This is a point and shoot camera.,PRESENT_X,CAMERA_3,10~25
885,12,CAMERA_3,"['CAMERA_1', 'CAMERA_3']","{'CAMERA_1': ['autofocus_points'], 'CAMERA_2': [], 'CAMERA_3': ['sensor_size', 'preset_modes', 'effects', 'weight', 'ISO', 'camera_type', 'optical_zoom']}",C_QUESTION_ABOUT_FEATURE,CAMERA_3,optical_zoom,what what is the what is the of the optical zoom how does it work how far can I zoom,PRESENT_X,CAMERA_3,S_NOT_SURE,CAMERA_3,,I'm not really sure about that.,PRESENT_X,CAMERA_3,
885,13,CAMERA_3,"['CAMERA_1', 'CAMERA_3']","{'CAMERA_1': ['autofocus_points'], 'CAMERA_2': [], 'CAMERA_3': ['sensor_size', 'preset_modes', 'effects', 'weight', 'ISO', 'camera_type', 'optical_zoom', 'resolution']}",C_SILENT_OR_BACKCHANNEL,CAMERA_3,NONE,I see,PRESENT_X,CAMERA_3,S_INTRODUCES_FEATURE,CAMERA_3,resolution,This one has 23.2 megapixels resolution.,PRESENT_X,CAMERA_3,13~28
885,14,CAMERA_3,"['CAMERA_1', 'CAMERA_3']","{'CAMERA_1': ['autofocus_points'], 'CAMERA_2': [], 'CAMERA_3': ['sensor_size', 'preset_modes', 'effects', 'weight', 'ISO', 'camera_type', 'optical_zoom', 'resolution', 'autofocus_points']}",C_SILENT_OR_BACKCHANNEL,CAMERA_3,NONE,okay,PRESENT_X,CAMERA_3,S_INTRODUCES_FEATURE,CAMERA_3,autofocus_points,This one has 214 autofocus points.,PRESENT_X,CAMERA_3,13~33
885,15,CAMERA_3,"['CAMERA_1', 'CAMERA_3']","{'CAMERA_1': ['autofocus_points'], 'CAMERA_2': [], 'CAMERA_3': ['sensor_size', 'preset_modes', 'effects', 'weight', 'ISO', 'camera_type', 'optical_zoom', 'resolution', 'autofocus_points', 'color']}",C_QUESTION_ABOUT_FEATURE,CAMERA_3,color,did this camera come in any other colors,PRESENT_X,CAMERA_3,S_ANSWERS_QUESTION_ABOUT_FEATURE,CAMERA_3,color,"This one comes in purple, white, silver, blue, red, or pink.",PRESENT_X,CAMERA_3,18~59
885,16,CAMERA_3,"['CAMERA_1', 'CAMERA_3']","{'CAMERA_1': ['autofocus_points'], 'CAMERA_2': [], 'CAMERA_3': ['sensor_size', 'preset_modes', 'effects', 'weight', 'ISO', 'camera_type', 'optical_zoom', 'resolution', 'autofocus_points', 'color', 'long_exposure']}",C_SILENT_OR_BACKCHANNEL,CAMERA_3,NONE,this camera sounds pretty good,PRESENT_X,CAMERA_3,S_INTRODUCES_FEATURE,CAMERA_3,long_exposure,This one can take long exposures up to 30 minutes max with bulb mode.,PRESENT_X,CAMERA_3,39~68
885,17,CAMERA_3,"['CAMERA_1', 'CAMERA_3']","{'CAMERA_1': ['autofocus_points'], 'CAMERA_2': [], 'CAMERA_3': ['sensor_size', 'preset_modes', 'effects', 'weight', 'ISO', 'camera_type', 'optical_zoom', 'resolution', 'autofocus_points', 'color', 'long_exposure', 'settings']}",C_SILENT_OR_BACKCHANNEL,CAMERA_3,NONE,okay let's see,PRESENT_X,CAMERA_3,S_INTRODUCES_FEATURE,CAMERA_3,settings,"This one has manual control and various automatic settings (video modeburst shooting, etc.).",PRESENT_X,CAMERA_3,13~91
885,18,NONE,"['CAMERA_1', 'CAMERA_3']","{'CAMERA_1': ['autofocus_points'], 'CAMERA_2': [], 'CAMERA_3': ['sensor_size', 'preset_modes', 'effects', 'weight', 'ISO', 'camera_type', 'optical_zoom', 'resolution', 'autofocus_points', 'color', 'long_exposure', 'settings']}",C_THANK_YOU,CAMERA_3,NONE,thank you very much I really appreciate your help have a great day,PRESENT_X,CAMERA_3,S_THANK_YOU,CAMERA_3,NONE,thank you very much.,FACE_TO_FACE,NONE,
885,19,NONE,"['CAMERA_1', 'CAMERA_3']","{'CAMERA_1': ['autofocus_points'], 'CAMERA_2': [], 'CAMERA_3': ['sensor_size', 'preset_modes', 'effects', 'weight', 'ISO', 'camera_type', 'optical_zoom', 'resolution', 'autofocus_points', 'color', 'long_exposure', 'settings']}",C_LEAVES,DOOR,NONE,,FACE_TO_FACE,NONE,S_RETURNS_TO_COUNTER,SERVICE_COUNTER,NONE,,WAITING,NONE,
886,1,NONE,[],"{'CAMERA_1': [], 'CAMERA_2': [], 'CAMERA_3': []}",C_ENTERS,DOOR,NONE,,WAITING,NONE,S_NONE,SERVICE_COUNTER,NONE,,WAITING,NONE,
886,2,NONE,[],"{'CAMERA_1': [], 'CAMERA_2': [], 'CAMERA_3': []}",C_GREETS,MIDDLE,NONE,excuse me what it is since your size,WAITING,NONE,S_GREETS,MIDDLE,NONE,can I help you?,FACE_TO_FACE,NONE,
886,3,CAMERA_2,['CAMERA_2'],"{'CAMERA_1': [], 'CAMERA_2': [], 'CAMERA_3': []}",C_LOOKING_FOR_A_CAMERA,MIDDLE,NONE,I'm looking to buy a new camera how loose affordable,FACE_TO_FACE,NONE,S_INTRODUCES_CAMERA,CAMERA_2,,Let me show you this. Here we have the Fujifilm Lumix ILC Camera.,PRESENT_X,CAMERA_2,39~64
886,4,CAMERA_2,['CAMERA_2'],"{'CAMERA_1': [], 'CAMERA_2': ['resolution'], 'CAMERA_3': []}",C_QUESTION_ABOUT_FEATURE,CAMERA_2,resolution,what is the resolution,PRESENT_X,CAMERA_2,S_ANSWERS_QUESTION_ABOUT_FEATURE,CAMERA_2,resolution,This one has 23.8 megapixels resolution.,PRESENT_X,CAMERA_2,13~28
886,5,CAMERA_2,['CAMERA_2'],"{'CAMERA_1': [], 'CAMERA_2': ['resolution', 'price'], 'CAMERA_3': []}",C_QUESTION_ABOUT_FEATURE,CAMERA_2,price,what's the price on this again,PRESENT_X,CAMERA_2,S_ANSWERS_QUESTION_ABOUT_FEATURE,CAMERA_2,price,This one costs $768.,PRESENT_X,CAMERA_2,15~19
886,6,CAMERA_2,['CAMERA_2'],"{'CAMERA_1': [], 'CAMERA_2': ['resolution', 'price', 'color'], 'CAMERA_3': []}",C_SILENT_OR_BACKCHANNEL,CAMERA_2,NONE,I think this is not too bad,PRESENT_X,CAMERA_2,S_INTRODUCES_FEATURE,CAMERA_2,color,This one comes in white or pink.,PRESENT_X,CAMERA_2,18~31
886,7,CAMERA_3,"['CAMERA_2', 'CAMERA_3']","{'CAMERA_1': [], 'CAMERA_2': ['resolution', 'price', 'color'], 'CAMERA_3': []}",C_ANYTHING_ELSE_AVAILABLE,CAMERA_2,NONE,Do you have any other cameras under $300,PRESENT_X,CAMERA_2,S_INTRODUCES_CAMERA,CAMERA_3,,Let me show you this. Here we have the Fujifilm PowerShot ELPH S2800.,PRESENT_X,CAMERA_3,39~68
886,8,CAMERA_3,"['CAMERA_2', 'CAMERA_3']","{'CAMERA_1': [], 'CAMERA_2': ['resolution', 'price', 'color'], 'CAMERA_3': ['price']}",C_SILENT_OR_BACKCHANNEL,CAMERA_3,NONE,pretty cool,PRESENT_X,CAMERA_3,S_INTRODUCES_FEATURE,CAMERA_3,price,This one costs $518.,PRESENT_X,CAMERA_3,15~19
886,9,CAMERA_3,"['CAMERA_2', 'CAMERA_3']","{'CAMERA_1': [], 'CAMERA_2': ['resolution', 'price', 'color'], 'CAMERA_3': ['price', 'long_exposure']}",C_SILENT_OR_BACKCHANNEL,CAMERA_3,NONE,$68 wow that's great,PRESENT_X,CAMERA_3,S_INTRODUCES_FEATURE,CAMERA_3,long_exposure,This one can take long exposures up to 30 minutes max with bulb mode.,PRESENT_X,CAMERA_3,39~68
886,10,CAMERA_3,"['CAMERA_2', 'CAMERA_3']","{'CAMERA_1': [], 'CAMERA_2': ['resolution', 'price', 'color'], 'CAMERA_3': ['price', 'long_exposure', 'resolution']}",C_QUESTION_ABOUT_FEATURE,CAMERA_3,resolution,what is the resolution,PRESENT_X,CAMERA_3,S_ANSWERS_QUESTION_ABOUT_FEATURE,CAMERA_3,resolution,This one has 23.2 megapixels resolution.,PRESENT_X,CAMERA_3,13~28
886,11,CAMERA_3,"['CAMERA_2', 'CAMERA_3']","{'CAMERA_1': [], 'CAMERA_2': ['resolution', 'price', 'color'], 'CAMERA_3': ['price', 'long_exposure', 'resolution', 'optical_zoom']}",C_QUESTION_ABOUT_FEATURE,CAMERA_3,optical_zoom,how about the optical zoom,PRESENT_X,CAMERA_3,S_NOT_SURE,CAMERA_3,,I'm not really sure about that.,PRESENT_X,CAMERA_3,
886,12,CAMERA_3,"['CAMERA_2', 'CAMERA_3']","{'CAMERA_1': [], 'CAMERA_2': ['resolution', 'price', 'color'], 'CAMERA_3': ['price', 'long_exposure', 'resolution', 'optical_zoom', 'effects']}",C_QUESTION_ABOUT_FEATURE,CAMERA_3,effects,okay good how about the artistic effect mode what is that good,PRESENT_X,CAMERA_3,S_ANSWERS_QUESTION_ABOUT_FEATURE,CAMERA_3,effects,"This one has 21 photo effects (small face, retro, big eyes, etc.).",PRESENT_X,CAMERA_3,13~65
886,13,CAMERA_3,"['CAMERA_2', 'CAMERA_3']","{'CAMERA_1': [], 'CAMERA_2': ['resolution', 'price', 'color'], 'CAMERA_3': ['price', 'long_exposure', 'resolution', 'optical_zoom', 'effects', 'sensor_size']}",C_QUESTION_ABOUT_FEATURE,CAMERA_3,sensor_size,what is this camera sensor size,PRESENT_X,CAMERA_3,S_ANSWERS_QUESTION_ABOUT_FEATURE,CAMERA_3,sensor_size,This one has a full frame.,PRESENT_X,CAMERA_3,15~25
886,14,CAMERA_3,"['CAMERA_2', 'CAMERA_3']","{'CAMERA_1': [], 'CAMERA_2': ['resolution', 'price', 'color'], 'CAMERA_3': ['price', 'long_exposure', 'resolution', 'optical_zoom', 'effects', 'sensor_size', 'autofocus_points']}",C_SILENT_OR_BACKCHANNEL,CAMERA_3,NONE,hm,PRESENT_X,CAMERA_3,S_INTRODUCES_FEATURE,CAMERA_3,autofocus_points,This one has 214 autofocus points.,PRESENT_X,CAMERA_3,13~33
886,15,CAMERA_3,"['CAMERA_2', 'CAMERA_3']","{'CAMERA_1': [], 'CAMERA_2': ['resolution', 'price', 'color'], 'CAMERA_3': ['price', 'long_exposure', 'resolution', 'optical_zoom', 'effects', 'sensor_size', 'autofocus_points', 'color']}",C_SILENT_OR_BACKCHANNEL,CAMERA_3,NONE,IC,PRESENT_X,CAMERA_3,S_INTRODUCES_FEATURE,CAMERA_3,color,"This one comes in purple, white, silver, blue, red, or pink.",PRESENT_X,CAMERA_3,18~59
886,16,CAMERA_3,"['CAMERA_2', 'CAMERA_3']","{'CAMERA_1': [], 'CAMERA_2': ['resolution', 'price', 'color'], 'CAMERA_3': ['price', 'long_exposure', 'resolution', 'optical_zoom', 'effects', 'sensor_size', 'autofocus_points', 'color', 'camera_type']}",C_SILENT_OR_BACKCHANNEL,CAMERA_3,NONE,IC,PRESENT_X,CAMERA_3,S_INTRODUCES_FEATURE,CAMERA_3,camera_type,This is a point and shoot camera.,PRESENT_X,CAMERA_3,10~25
886,17,NONE,"['CAMERA_2', 'CAMERA_3']","{'CAMERA_1': [], 'CAMERA_2': ['resolution', 'price', 'color'], 'CAMERA_3': ['price', 'long_exposure', 'resolution', 'optical_zoom', 'effects', 'sensor_size', 'autofocus_points', 'color', 'camera_type']}",C_THANK_YOU,CAMERA_3,NONE,thank you very much for your time,PRESENT_X,CAMERA_3,S_THANK_YOU,CAMERA_3,NONE,thank you very much.,FACE_TO_FACE,NONE,
886,18,NONE,"['CAMERA_2', 'CAMERA_3']","{'CAMERA_1': [], 'CAMERA_2': ['resolution', 'price', 'color'], 'CAMERA_3': ['price', 'long_exposure', 'resolution', 'optical_zoom', 'effects', 'sensor_size', 'autofocus_points', 'color', 'camera_type']}",C_LEAVES,DOOR,NONE,,FACE_TO_FACE,NONE,S_RETURNS_TO_COUNTER,SERVICE_COUNTER,NONE,,WAITING,NONE,
887,1,NONE,[],"{'CAMERA_1': [], 'CAMERA_2': [], 'CAMERA_3': []}",C_ENTERS,DOOR,NONE,,WAITING,NONE,S_NONE,SERVICE_COUNTER,NONE,,WAITING,NONE,
887,2,NONE,[],"{'CAMERA_1': [], 'CAMERA_2': [], 'CAMERA_3': []}",C_WALKS_TO_CAMERA,CAMERA_3,NONE,,WAITING,NONE,S_NONE,SERVICE_COUNTER,NONE,,WAITING,NONE,
887,3,CAMERA_3,['CAMERA_3'],"{'CAMERA_1': [], 'CAMERA_2': [], 'CAMERA_3': ['long_exposure']}",C_QUESTION_ABOUT_FEATURE,CAMERA_3,long_exposure,ok what about the long exposure rate how good is that,WAITING,NONE,S_ANSWERS_QUESTION_ABOUT_FEATURE,CAMERA_3,long_exposure,This one can take long exposures up to 30 minutes max with bulb mode.,PRESENT_X,CAMERA_3,39~68
887,4,CAMERA_3,['CAMERA_3'],"{'CAMERA_1': [], 'CAMERA_2': [], 'CAMERA_3': ['long_exposure', 'camera_type']}",C_QUESTION_ABOUT_FEATURE,CAMERA_3,camera_type,is this a DSLR camera,PRESENT_X,CAMERA_3,S_ANSWERS_QUESTION_ABOUT_FEATURE,CAMERA_3,camera_type,This is a point and shoot camera.,PRESENT_X,CAMERA_3,10~25
887,5,CAMERA_3,['CAMERA_3'],"{'CAMERA_1': [], 'CAMERA_2': [], 'CAMERA_3': ['long_exposure', 'camera_type', 'weight']}",C_SILENT_OR_BACKCHANNEL,CAMERA_3,NONE,I like it,PRESENT_X,CAMERA_3,S_INTRODUCES_FEATURE,CAMERA_3,weight,This one weighs 820 grams.,PRESENT_X,CAMERA_3,16~25
887,6,CAMERA_3,['CAMERA_3'],"{'CAMERA_1': [], 'CAMERA_2': [], 'CAMERA_3': ['long_exposure', 'camera_type', 'weight', 'settings']}",C_SILENT_OR_BACKCHANNEL,CAMERA_3,NONE,IC,PRESENT_X,CAMERA_3,S_INTRODUCES_FEATURE,CAMERA_3,settings,"This one has manual control and various automatic settings (video modeburst shooting, etc.).",PRESENT_X,CAMERA_3,13~91
887,7,CAMERA_3,['CAMERA_3'],"{'CAMERA_1': [], 'CAMERA_2': [], 'CAMERA_3': ['long_exposure', 'camera_type', 'weight', 'settings', 'resolution']}",C_SILENT_OR_BACKCHANNEL,CAMERA_3,NONE,yeah,PRESENT_X,CAMERA_3,S_INTRODUCES_FEATURE,CAMERA_3,resolution,This one has 23.2 megapixels resolution.,PRESENT_X,CAMERA_3,13~28
887,8,CAMERA_3,['CAMERA_3'],"{'CAMERA_1': [], 'CAMERA_2': [], 'CAMERA_3': ['long_exposure', 'camera_type', 'weight', 'settings', 'resolution', 'color']}",C_SILENT_OR_BACKCHANNEL,CAMERA_3,NONE,Oh that'd be great I really want to try it before buying it,PRESENT_X,CAMERA_3,S_INTRODUCES_FEATURE,CAMERA_3,color,"This one comes in purple, white, silver, blue, red, or pink.",PRESENT_X,CAMERA_3,18~59
887,9,CAMERA_3,['CAMERA_3'],"{'CAMERA_1': [], 'CAMERA_2': [], 'CAMERA_3': ['long_exposure', 'camera_type', 'weight', 'settings', 'resolution', 'color', 'optical_zoom']}",C_QUESTION_ABOUT_FEATURE,CAMERA_3,optical_zoom,does it have optical zoom,PRESENT_X,CAMERA_3,S_NOT_SURE,CAMERA_3,,I'm not really sure about that.,PRESENT_X,CAMERA_3,
887,10,CAMERA_3,['CAMERA_3'],"{'CAMERA_1': [], 'CAMERA_2': [], 'CAMERA_3': ['long_exposure', 'camera_type', 'weight', 'settings', 'resolution', 'color', 'optical_zoom', 'effects']}",C_SILENT_OR_BACKCHANNEL,CAMERA_3,NONE,wow that's pretty expensive is there a payment plan,PRESENT_X,CAMERA_3,S_INTRODUCES_FEATURE,CAMERA_3,effects,"This one has 21 photo effects (small face, retro, big eyes, etc.).",PRESENT_X,CAMERA_3,13~65
887,11,NONE,['CAMERA_3'],"{'CAMERA_1': [], 'CAMERA_2': [], 'CAMERA_3': ['long_exposure', 'camera_type', 'weight', 'settings', 'resolution', 'color', 'optical_zoom', 'effects']}",C_THANK_YOU,CAMERA_3,NONE,okay thanks,PRESENT_X,CAMERA_3,S_THANK_YOU,CAMERA_3,NONE,thank you very much.,FACE_TO_FACE,NONE,
887,12,NONE,['CAMERA_3'],"{'CAMERA_1': [], 'CAMERA_2': [], 'CAMERA_3': ['long_exposure', 'camera_type', 'weight', 'settings', 'resolution', 'color', 'optical_zoom', 'effects']}",C_LEAVES,DOOR,NONE,,FACE_TO_FACE,NONE,S_RETURNS_TO_COUNTER,SERVICE_COUNTER,NONE,,WAITING,NONE,
888,1,NONE,[],"{'CAMERA_1': [], 'CAMERA_2': [], 'CAMERA_3': []}",C_ENTERS,DOOR,NONE,,WAITING,NONE,S_NONE,SERVICE_COUNTER,NONE,,WAITING,NONE,
888,2,NONE,[],"{'CAMERA_1': [], 'CAMERA_2': [], 'CAMERA_3': []}",C_GREETS,MIDDLE,NONE,excuse me,WAITING,NONE,S_GREETS,MIDDLE,NONE,can I help you?,FACE_TO_FACE,NONE,
888,3,CAMERA_2,['CAMERA_2'],"{'CAMERA_1': [], 'CAMERA_2': [], 'CAMERA_3': []}",C_LOOKING_FOR_A_CAMERA,MIDDLE,NONE,I'm looking for a camera for taking pictures in concerts,FACE_TO_FACE,NONE,S_INTRODUCES_CAMERA,CAMERA_2,,Let me show you this. Here we have the Fujifilm Lumix ILC Camera.,PRESENT_X,CAMERA_2,39~64
888,4,CAMERA_2,['CAMERA_2'],"{'CAMERA_1': [], 'CAMERA_2': ['price'], 'CAMERA_3': []}",C_QUESTION_ABOUT_FEATURE,CAMERA_2,price,how much is this,PRESENT_X,CAMERA_2,S_ANSWERS_QUESTION_ABOUT_FEATURE,CAMERA_2,price,This one costs $768.,PRESENT_X,CAMERA_2,15~19
888,5,CAMERA_2,['CAMERA_2'],"{'CAMERA_1': [], 'CAMERA_2': ['price', 'settings'], 'CAMERA_3': []}",C_SILENT_OR_BACKCHANNEL,CAMERA_2,NONE,i see,PRESENT_X,CAMERA_2,S_INTRODUCES_FEATURE,CAMERA_2,settings,"This one has manual control and various automatic settings (video modeburst shooting, etc.).",PRESENT_X,CAMERA_2,13~91
888,6,CAMERA_1,"['CAMERA_2', 'CAMERA_1']","{'CAMERA_1': [], 'CAMERA_2': ['price', 'settings'], 'CAMERA_3': []}",C_ANYTHING_ELSE_AVAILABLE,CAMERA_2,NONE,maybe did you have a another camera you recommend,PRESENT_X,CAMERA_2,S_INTRODUCES_CAMERA,CAMERA_1,,Let me show you this. Here we have the Sony PowerShot ELPH DMC-ZS3.,PRESENT_X,CAMERA_1,39~66
888,7,CAMERA_1,"['CAMERA_2', 'CAMERA_1']","{'CAMERA_1': ['weight'], 'CAMERA_2': ['price', 'settings'], 'CAMERA_3': []}",C_QUESTION_ABOUT_FEATURE,CAMERA_1,weight,Cameron looks quite heavy how much does it weigh,PRESENT_X,CAMERA_1,S_ANSWERS_QUESTION_ABOUT_FEATURE,CAMERA_1,weight,This one weighs 800 grams.,PRESENT_X,CAMERA_1,16~25
888,8,NONE,"['CAMERA_2', 'CAMERA_1']","{'CAMERA_1': ['weight'], 'CAMERA_2': ['price', 'settings'], 'CAMERA_3': []}",C_THANK_YOU,CAMERA_1,NONE,ok thanks,PRESENT_X,CAMERA_1,S_THANK_YOU,CAMERA_1,NONE,thank you very much.,FACE_TO_FACE,NONE,
888,9,NONE,"['CAMERA_2', 'CAMERA_1']","{'CAMERA_1': ['weight'], 'CAMERA_2': ['price', 'settings'], 'CAMERA_3': []}",C_LEAVES,DOOR,NONE,,FACE_TO_FACE,NONE,S_RETURNS_TO_COUNTER,SERVICE_COUNTER,NONE,,WAITING,NONE,
889,1,NONE,[],"{'CAMERA_1': [], 'CAMERA_2': [], 'CAMERA_3': []}",C_ENTERS,DOOR,NONE,,WAITING,NONE,S_NONE,SERVICE_COUNTER,NONE,,WAITING,NONE,
889,2,NONE,[],"{'CAMERA_1': [], 'CAMERA_2': [], 'CAMERA_3': []}",C_WALKS_TO_CAMERA,CAMERA_3,NONE,,WAITING,NONE,S_GREETS,CAMERA_3,NONE,can I help you?,FACE_TO_FACE,NONE,
889,3,CAMERA_3,['CAMERA_3'],"{'CAMERA_1': [], 'CAMERA_2': [], 'CAMERA_3': []}",C_LOOKING_FOR_A_CAMERA,CAMERA_3,NONE,I am looking to buy a body camera end SLR my gracious break so I was wondering if you had anything like that,FACE_TO_FACE,NONE,S_INTRODUCES_CAMERA,CAMERA_3,,Let me show you this. Here we have the Fujifilm PowerShot ELPH S2800.,PRESENT_X,CAMERA_3,39~68
889,4,CAMERA_3,['CAMERA_3'],"{'CAMERA_1': [], 'CAMERA_2': [], 'CAMERA_3': ['autofocus_points']}",C_QUESTION_ABOUT_FEATURE,CAMERA_3,autofocus_points,does it have autofocus,PRESENT_X,CAMERA_3,S_ANSWERS_QUESTION_ABOUT_FEATURE,CAMERA_3,autofocus_points,This one has 214 autofocus points.,PRESENT_X,CAMERA_3,13~33
889,5,CAMERA_3,['CAMERA_3'],"{'CAMERA_1': [], 'CAMERA_2': [], 'CAMERA_3': ['autofocus_points', 'sensor_size']}",C_QUESTION_ABOUT_FEATURE,CAMERA_3,sensor_size,what about it census ice,PRESENT_X,CAMERA_3,S_ANSWERS_QUESTION_ABOUT_FEATURE,CAMERA_3,sensor_size,This one has a full frame.,PRESENT_X,CAMERA_3,15~25
889,6,CAMERA_3,['CAMERA_3'],"{'CAMERA_1': [], 'CAMERA_2': [], 'CAMERA_3': ['autofocus_points', 'sensor_size', 'camera_type']}",C_SILENT_OR_BACKCHANNEL,CAMERA_3,NONE,yeah ok,PRESENT_X,CAMERA_3,S_INTRODUCES_FEATURE,CAMERA_3,camera_type,This is a point and shoot camera.,PRESENT_X,CAMERA_3,10~25
889,7,CAMERA_3,['CAMERA_3'],"{'CAMERA_1': [], 'CAMERA_2': [], 'CAMERA_3': ['autofocus_points', 'sensor_size', 'camera_type', 'weight']}",C_QUESTION_ABOUT_FEATURE,CAMERA_3,weight,what is the weight on on this,PRESENT_X,CAMERA_3,S_ANSWERS_QUESTION_ABOUT_FEATURE,CAMERA_3,weight,This one weighs 820 grams.,PRESENT_X,CAMERA_3,16~25
889,8,CAMERA_3,['CAMERA_3'],"{'CAMERA_1': [], 'CAMERA_2': [], 'CAMERA_3': ['autofocus_points', 'sensor_size', 'camera_type', 'weight', 'optical_zoom']}",C_QUESTION_ABOUT_FEATURE,CAMERA_3,optical_zoom,how much does a bowl to zoom,PRESENT_X,CAMERA_3,S_NOT_SURE,CAMERA_3,,I'm not really sure about that.,PRESENT_X,CAMERA_3,
889,9,CAMERA_1,"['CAMERA_3', 'CAMERA_1']","{'CAMERA_1': [], 'CAMERA_2': [], 'CAMERA_3': ['autofocus_points', 'sensor_size', 'camera_type', 'weight', 'optical_zoom']}",C_ANYTHING_ELSE_AVAILABLE,CAMERA_3,NONE,I see do you have any other options that you can show me,PRESENT_X,CAMERA_3,S_INTRODUCES_CAMERA,CAMERA_1,,Let me show you this. Here we have the Sony PowerShot ELPH DMC-ZS3.,PRESENT_X,CAMERA_1,39~66
889,10,CAMERA_1,"['CAMERA_3', 'CAMERA_1']","{'CAMERA_1': ['effects'], 'CAMERA_2': [], 'CAMERA_3': ['autofocus_points', 'sensor_size', 'camera_type', 'weight', 'optical_zoom']}",C_SILENT_OR_BACKCHANNEL,CAMERA_1,NONE,ok,PRESENT_X,CAMERA_1,S_INTRODUCES_FEATURE,CAMERA_1,effects,"This one has 24 glamor retouch effects (miniature, retro, toy camera, etc.).",PRESENT_X,CAMERA_1,13~75
889,11,CAMERA_1,"['CAMERA_3', 'CAMERA_1']","{'CAMERA_1': ['effects', 'camera_type'], 'CAMERA_2': [], 'CAMERA_3': ['autofocus_points', 'sensor_size', 'camera_type', 'weight', 'optical_zoom']}",C_QUESTION_ABOUT_FEATURE,CAMERA_1,camera_type,is this a DSLR camera,PRESENT_X,CAMERA_1,S_ANSWERS_QUESTION_ABOUT_FEATURE,CAMERA_1,camera_type,This is a DSLR camera.,PRESENT_X,CAMERA_1,10~14
889,12,CAMERA_1,"['CAMERA_3', 'CAMERA_1']","{'CAMERA_1': ['effects', 'camera_type', 'ISO'], 'CAMERA_2': [], 'CAMERA_3': ['autofocus_points', 'sensor_size', 'camera_type', 'weight', 'optical_zoom']}",C_SILENT_OR_BACKCHANNEL,CAMERA_1,NONE,the result does look good,PRESENT_X,CAMERA_1,S_INTRODUCES_FEATURE,CAMERA_1,ISO,This one has up to 51200 ISO.,PRESENT_X,CAMERA_1,13~28
889,13,CAMERA_1,"['CAMERA_3', 'CAMERA_1']","{'CAMERA_1': ['effects', 'camera_type', 'ISO', 'color'], 'CAMERA_2': [], 'CAMERA_3': ['autofocus_points', 'sensor_size', 'camera_type', 'weight', 'optical_zoom']}",C_SILENT_OR_BACKCHANNEL,CAMERA_1,NONE,oh wow this is awesome all God,PRESENT_X,CAMERA_1,S_INTRODUCES_FEATURE,CAMERA_1,color,This one comes in blue or black.,PRESENT_X,CAMERA_1,18~31
889,14,NONE,"['CAMERA_3', 'CAMERA_1']","{'CAMERA_1': ['effects', 'camera_type', 'ISO', 'color'], 'CAMERA_2': [], 'CAMERA_3': ['autofocus_points', 'sensor_size', 'camera_type', 'weight', 'optical_zoom']}",C_THANK_YOU,CAMERA_1,NONE,ok thank you,PRESENT_X,CAMERA_1,S_THANK_YOU,CAMERA_1,NONE,thank you very much.,FACE_TO_FACE,NONE,
889,15,NONE,"['CAMERA_3', 'CAMERA_1']","{'CAMERA_1': ['effects', 'camera_type', 'ISO', 'color'], 'CAMERA_2': [], 'CAMERA_3': ['autofocus_points', 'sensor_size', 'camera_type', 'weight', 'optical_zoom']}",C_LEAVES,DOOR,NONE,,FACE_TO_FACE,NONE,S_RETURNS_TO_COUNTER,SERVICE_COUNTER,NONE,,WAITING,NONE,
890,1,NONE,[],"{'CAMERA_1': [], 'CAMERA_2': [], 'CAMERA_3': []}",C_ENTERS,DOOR,NONE,,WAITING,NONE,S_NONE,SERVICE_COUNTER,NONE,,WAITING,NONE,
890,2,NONE,[],"{'CAMERA_1': [], 'CAMERA_2': [], 'CAMERA_3': []}",C_GREETS,MIDDLE,NONE,excuse me,WAITING,NONE,S_GREETS,MIDDLE,NONE,can I help you?,FACE_TO_FACE,NONE,
890,3,CAMERA_2,['CAMERA_2'],"{'CAMERA_1': [], 'CAMERA_2': [], 'CAMERA_3': []}",C_LOOKING_FOR_A_CAMERA,MIDDLE,NONE,anyone would do I'm just trying to get a camera real fast,FACE_TO_FACE,NONE,S_INTRODUCES_CAMERA,CAMERA_2,,Let me show you this. Here we have the Fujifilm Lumix ILC Camera.,PRESENT_X,CAMERA_2,39~64
890,4,CAMERA_2,['CAMERA_2'],"{'CAMERA_1': [], 'CAMERA_2': ['optical_zoom'], 'CAMERA_3': []}",C_SILENT_OR_BACKCHANNEL,CAMERA_2,NONE,ok,PRESENT_X,CAMERA_2,S_INTRODUCES_FEATURE,CAMERA_2,optical_zoom,This one has 21x optical zoom.,PRESENT_X,CAMERA_2,13~29
890,5,CAMERA_1,"['CAMERA_2', 'CAMERA_1']","{'CAMERA_1': [], 'CAMERA_2': ['optical_zoom'], 'CAMERA_3': []}",C_ANYTHING_ELSE_AVAILABLE,CAMERA_2,NONE,maybe did you have a another camera you recommend,PRESENT_X,CAMERA_2,S_INTRODUCES_CAMERA,CAMERA_1,,Let me show you this. Here we have the Sony PowerShot ELPH DMC-ZS3.,PRESENT_X,CAMERA_1,39~66
890,6,CAMERA_1,"['CAMERA_2', 'CAMERA_1']","{'CAMERA_1': ['settings'], 'CAMERA_2': ['optical_zoom'], 'CAMERA_3': []}",C_SILENT_OR_BACKCHANNEL,CAMERA_1,NONE,ok let me see,PRESENT_X,CAMERA_1,S_INTRODUCES_FEATURE,CAMERA_1,settings,This one has limited manual settings.,PRESENT_X,CAMERA_1,13~36
890,7,CAMERA_1,"['CAMERA_2', 'CAMERA_1']","{'CAMERA_1': ['settings', 'ISO'], 'CAMERA_2': ['optical_zoom'], 'CAMERA_3': []}",C_QUESTION_ABOUT_FEATURE,CAMERA_1,ISO,is this camera able to shoot in high iso,PRESENT_X,CAMERA_1,S_ANSWERS_QUESTION_ABOUT_FEATURE,CAMERA_1,ISO,This one has up to 51200 ISO.,PRESENT_X,CAMERA_1,13~28
890,8,CAMERA_1,"['CAMERA_2', 'CAMERA_1']","{'CAMERA_1': ['settings', 'ISO', 'autofocus_points'], 'CAMERA_2': ['optical_zoom'], 'CAMERA_3': []}",C_QUESTION_ABOUT_FEATURE,CAMERA_1,autofocus_points,what about the the focus point,PRESENT_X,CAMERA_1,S_ANSWERS_QUESTION_ABOUT_FEATURE,CAMERA_1,autofocus_points,This one has 135 autofocus points.,PRESENT_X,CAMERA_1,13~33
890,9,CAMERA_1,"['CAMERA_2', 'CAMERA_1']","{'CAMERA_1': ['settings', 'ISO', 'autofocus_points', 'color'], 'CAMERA_2': ['optical_zoom'], 'CAMERA_3': []}",C_SILENT_OR_BACKCHANNEL,CAMERA_1,NONE,let me see,PRESENT_X,CAMERA_1,S_INTRODUCES_FEATURE,CAMERA_1,color,This one comes in blue or black.,PRESENT_X,CAMERA_1,18~31
890,10,CAMERA_1,"['CAMERA_2', 'CAMERA_1']","{'CAMERA_1': ['settings', 'ISO', 'autofocus_points', 'color', 'weight'], 'CAMERA_2': ['optical_zoom'], 'CAMERA_3': []}",C_QUESTION_ABOUT_FEATURE,CAMERA_1,weight,how heavy is it,PRESENT_X,CAMERA_1,S_ANSWERS_QUESTION_ABOUT_FEATURE,CAMERA_1,weight,This one weighs 800 grams.,PRESENT_X,CAMERA_1,16~25
890,11,CAMERA_1,"['CAMERA_2', 'CAMERA_1']","{'CAMERA_1': ['settings', 'ISO', 'autofocus_points', 'color', 'weight', 'optical_zoom'], 'CAMERA_2': ['optical_zoom'], 'CAMERA_3': []}",C_QUESTION_ABOUT_FEATURE,CAMERA_1,optical_zoom,okay and if I have an optical zoom,PRESENT_X,CAMERA_1,S_ANSWERS_QUESTION_ABOUT_FEATURE,CAMERA_1,optical_zoom,This one has 21x optical zoom.,PRESENT_X,CAMERA_1,13~29
890,12,CAMERA_1,"['CAMERA_2', 'CAMERA_1']","{'CAMERA_1': ['settings', 'ISO', 'autofocus_points', 'color', 'weight', 'optical_zoom', 'long_exposure'], 'CAMERA_2': ['optical_zoom'], 'CAMERA_3': []}",C_SILENT_OR_BACKCHANNEL,CAMERA_1,NONE,IC,PRESENT_X,CAMERA_1,S_INTRODUCES_FEATURE,CAMERA_1,long_exposure,This one can take long exposures up to up to 15 seconds with Long Shutter Mode.,PRESENT_X,CAMERA_1,39~78
890,13,NONE,"['CAMERA_2', 'CAMERA_1']","{'CAMERA_1': ['settings', 'ISO', 'autofocus_points', 'color', 'weight', 'optical_zoom', 'long_exposure'], 'CAMERA_2': ['optical_zoom'], 'CAMERA_3': []}",C_THANK_YOU,CAMERA_1,NONE,alright well I'll see if your help,PRESENT_X,CAMERA_1,S_THANK_YOU,CAMERA_1,NONE,thank you very much.,FACE_TO_FACE,NONE,
890,14,NONE,"['CAMERA_2', 'CAMERA_1']","{'CAMERA_1': ['settings', 'ISO', 'autofocus_points', 'color', 'weight', 'optical_zoom', 'long_exposure'], 'CAMERA_2': ['optical_zoom'], 'CAMERA_3': []}",C_LEAVES,DOOR,NONE,,FACE_TO_FACE,NONE,S_RETURNS_TO_COUNTER,SERVICE_COUNTER,NONE,,WAITING,NONE,
891,1,NONE,[],"{'CAMERA_1': [], 'CAMERA_2': [], 'CAMERA_3': []}",C_ENTERS,DOOR,NONE,,WAITING,NONE,S_NONE,SERVICE_COUNTER,NONE,,WAITING,NONE,
891,2,NONE,[],"{'CAMERA_1': [], 'CAMERA_2': [], 'CAMERA_3': []}",C_WALKS_TO_CAMERA,CAMERA_3,NONE,,WAITING,NONE,S_GREETS,CAMERA_3,NONE,can I help you?,FACE_TO_FACE,NONE,
891,3,CAMERA_1,['CAMERA_1'],"{'CAMERA_1': [], 'CAMERA_2': [], 'CAMERA_3': []}",C_LOOKING_FOR_A_CAMERA,CAMERA_3,NONE,I'm looking for a nice camera,FACE_TO_FACE,NONE,S_INTRODUCES_CAMERA,CAMERA_1,,Let me show you this. Here we have the Sony PowerShot ELPH DMC-ZS3.,PRESENT_X,CAMERA_1,39~66
891,4,CAMERA_1,['CAMERA_1'],"{'CAMERA_1': ['sensor_size'], 'CAMERA_2': [], 'CAMERA_3': []}",C_QUESTION_ABOUT_FEATURE,CAMERA_1,sensor_size,can I know these as a size for this camera,PRESENT_X,CAMERA_1,S_ANSWERS_QUESTION_ABOUT_FEATURE,CAMERA_1,sensor_size,This one has a 1/2.3 inch CMOS sensor.,PRESENT_X,CAMERA_1,15~37
891,5,CAMERA_1,['CAMERA_1'],"{'CAMERA_1': ['sensor_size', 'camera_type'], 'CAMERA_2': [], 'CAMERA_3': []}",C_QUESTION_ABOUT_FEATURE,CAMERA_1,camera_type,is this a DSLR camera,PRESENT_X,CAMERA_1,S_ANSWERS_QUESTION_ABOUT_FEATURE,CAMERA_1,camera_type,This is a DSLR camera.,PRESENT_X,CAMERA_1,10~14
891,6,CAMERA_1,['CAMERA_1'],"{'CAMERA_1': ['sensor_size', 'camera_type', 'ISO'], 'CAMERA_2': [], 'CAMERA_3': []}",C_SILENT_OR_BACKCHANNEL,CAMERA_1,NONE,yeah yeah yeah,PRESENT_X,CAMERA_1,S_INTRODUCES_FEATURE,CAMERA_1,ISO,This one has up to 51200 ISO.,PRESENT_X,CAMERA_1,13~28
891,7,CAMERA_1,['CAMERA_1'],"{'CAMERA_1': ['sensor_size', 'camera_type', 'ISO', 'long_exposure'], 'CAMERA_2': [], 'CAMERA_3': []}",C_SILENT_OR_BACKCHANNEL,CAMERA_1,NONE,yeah yeah yeah,PRESENT_X,CAMERA_1,S_INTRODUCES_FEATURE,CAMERA_1,long_exposure,This one can take long exposures up to up to 15 seconds with Long Shutter Mode.,PRESENT_X,CAMERA_1,39~78
891,8,CAMERA_1,['CAMERA_1'],"{'CAMERA_1': ['sensor_size', 'camera_type', 'ISO', 'long_exposure', 'settings'], 'CAMERA_2': [], 'CAMERA_3': []}",C_SILENT_OR_BACKCHANNEL,CAMERA_1,NONE,I like it,PRESENT_X,CAMERA_1,S_INTRODUCES_FEATURE,CAMERA_1,settings,This one has limited manual settings.,PRESENT_X,CAMERA_1,13~36
891,9,CAMERA_1,['CAMERA_1'],"{'CAMERA_1': ['sensor_size', 'camera_type', 'ISO', 'long_exposure', 'settings', 'price'], 'CAMERA_2': [], 'CAMERA_3': []}",C_SILENT_OR_BACKCHANNEL,CAMERA_1,NONE,I guess this is pretty advanced,PRESENT_X,CAMERA_1,S_INTRODUCES_FEATURE,CAMERA_1,price,This one costs $450.,PRESENT_X,CAMERA_1,15~19
891,10,CAMERA_3,"['CAMERA_1', 'CAMERA_3']","{'CAMERA_1': ['sensor_size', 'camera_type', 'ISO', 'long_exposure', 'settings', 'price'], 'CAMERA_2': [], 'CAMERA_3': []}",C_ANYTHING_ELSE_AVAILABLE,CAMERA_1,NONE,that's good that's okay I like it when do you have other models in this area,PRESENT_X,CAMERA_1,S_INTRODUCES_CAMERA,CAMERA_3,,Let me show you this. Here we have the Fujifilm PowerShot ELPH S2800.,PRESENT_X,CAMERA_3,39~68
891,11,CAMERA_3,"['CAMERA_1', 'CAMERA_3']","{'CAMERA_1': ['sensor_size', 'camera_type', 'ISO', 'long_exposure', 'settings', 'price'], 'CAMERA_2': [], 'CAMERA_3': ['preset_modes']}",C_QUESTION_ABOUT_FEATURE,CAMERA_3,preset_modes,does he have any menu settings at all,PRESENT_X,CAMERA_3,S_ANSWERS_QUESTION_ABOUT_FEATURE,CAMERA_3,preset_modes,This one has various preset modes.,PRESENT_X,CAMERA_3,13~33
891,12,CAMERA_3,"['CAMERA_1', 'CAMERA_3']","{'CAMERA_1': ['sensor_size', 'camera_type', 'ISO', 'long_exposure', 'settings', 'price'], 'CAMERA_2': [], 'CAMERA_3': ['preset_modes', 'autofocus_points']}",C_SILENT_OR_BACKCHANNEL,CAMERA_3,NONE,okay I say yeah,PRESENT_X,CAMERA_3,S_INTRODUCES_FEATURE,CAMERA_3,autofocus_points,This one has 214 autofocus points.,PRESENT_X,CAMERA_3,13~33
891,13,NONE,"['CAMERA_1', 'CAMERA_3']","{'CAMERA_1': ['sensor_size', 'camera_type', 'ISO', 'long_exposure', 'settings', 'price'], 'CAMERA_2': [], 'CAMERA_3': ['preset_modes', 'autofocus_points']}",C_THANK_YOU,CAMERA_3,NONE,thank you very much you've been very helpful,PRESENT_X,CAMERA_3,S_THANK_YOU,CAMERA_3,NONE,thank you very much.,FACE_TO_FACE,NONE,
891,14,NONE,"['CAMERA_1', 'CAMERA_3']","{'CAMERA_1': ['sensor_size', 'camera_type', 'ISO', 'long_exposure', 'settings', 'price'], 'CAMERA_2': [], 'CAMERA_3': ['preset_modes', 'autofocus_points']}",C_LEAVES,DOOR,NONE,,FACE_TO_FACE,NONE,S_RETURNS_TO_COUNTER,SERVICE_COUNTER,NONE,,WAITING,NONE,
892,1,NONE,[],"{'CAMERA_1': [], 'CAMERA_2': [], 'CAMERA_3': []}",C_ENTERS,DOOR,NONE,,WAITING,NONE,S_NONE,SERVICE_COUNTER,NONE,,WAITING,NONE,
892,2,NONE,[],"{'CAMERA_1': [], 'CAMERA_2': [], 'CAMERA_3': []}",C_WALKS_TO_CAMERA,CAMERA_1,NONE,,WAITING,NONE,S_GREETS,CAMERA_1,NONE,can I help you?,FACE_TO_FACE,NONE,
892,3,CAMERA_2,['CAMERA_2'],"{'CAMERA_1': [], 'CAMERA_2': [], 'CAMERA_3': []}",C_LOOKING_FOR_A_CAMERA,CAMERA_1,NONE,I'm just looking around,FACE_TO_FACE,NONE,S_INTRODUCES_CAMERA,CAMERA_2,,Let me show you this. Here we have the Fujifilm Lumix ILC Camera.,PRESENT_X,CAMERA_2,39~64
892,4,CAMERA_2,['CAMERA_2'],"{'CAMERA_1': [], 'CAMERA_2': ['color'], 'CAMERA_3': []}",C_SILENT_OR_BACKCHANNEL,CAMERA_2,NONE,okay,PRESENT_X,CAMERA_2,S_INTRODUCES_FEATURE,CAMERA_2,color,This one comes in white or pink.,PRESENT_X,CAMERA_2,18~31
892,5,CAMERA_3,"['CAMERA_2', 'CAMERA_3']","{'CAMERA_1': [], 'CAMERA_2': ['color'], 'CAMERA_3': []}",C_ANYTHING_ELSE_AVAILABLE,CAMERA_2,NONE,Do you have other cameras that I could afford,PRESENT_X,CAMERA_2,S_INTRODUCES_CAMERA,CAMERA_3,,Let me show you this. Here we have the Fujifilm PowerShot ELPH S2800.,PRESENT_X,CAMERA_3,39~68
892,6,CAMERA_3,"['CAMERA_2', 'CAMERA_3']","{'CAMERA_1': [], 'CAMERA_2': ['color'], 'CAMERA_3': ['color']}",C_SILENT_OR_BACKCHANNEL,CAMERA_3,NONE,great cash,PRESENT_X,CAMERA_3,S_INTRODUCES_FEATURE,CAMERA_3,color,"This one comes in purple, white, silver, blue, red, or pink.",PRESENT_X,CAMERA_3,18~59
892,7,CAMERA_3,"['CAMERA_2', 'CAMERA_3']","{'CAMERA_1': [], 'CAMERA_2': ['color'], 'CAMERA_3': ['color', 'sensor_size']}",C_SILENT_OR_BACKCHANNEL,CAMERA_3,NONE,IC,PRESENT_X,CAMERA_3,S_INTRODUCES_FEATURE,CAMERA_3,sensor_size,This one has a full frame.,PRESENT_X,CAMERA_3,15~25
892,8,CAMERA_3,"['CAMERA_2', 'CAMERA_3']","{'CAMERA_1': [], 'CAMERA_2': ['color'], 'CAMERA_3': ['color', 'sensor_size', 'autofocus_points']}",C_SILENT_OR_BACKCHANNEL,CAMERA_3,NONE,sounds great,PRESENT_X,CAMERA_3,S_INTRODUCES_FEATURE,CAMERA_3,autofocus_points,This one has 214 autofocus points.,PRESENT_X,CAMERA_3,13~33
892,9,CAMERA_3,"['CAMERA_2', 'CAMERA_3']","{'CAMERA_1': [], 'CAMERA_2': ['color'], 'CAMERA_3': ['color', 'sensor_size', 'autofocus_points', 'resolution']}",C_QUESTION_ABOUT_FEATURE,CAMERA_3,resolution,how many megapixels is this camera,PRESENT_X,CAMERA_3,S_ANSWERS_QUESTION_ABOUT_FEATURE,CAMERA_3,resolution,This one has 23.2 megapixels resolution.,PRESENT_X,CAMERA_3,13~28
892,10,CAMERA_3,"['CAMERA_2', 'CAMERA_3']","{'CAMERA_1': [], 'CAMERA_2': ['color'], 'CAMERA_3': ['color', 'sensor_size', 'autofocus_points', 'resolution', 'ISO']}",C_SILENT_OR_BACKCHANNEL,CAMERA_3,NONE,okay great can I use the thirty-second look into booster at ISO 3200,PRESENT_X,CAMERA_3,S_INTRODUCES_FEATURE,CAMERA_3,ISO,This one has up to 3200 ISO with little noise.,PRESENT_X,CAMERA_3,13~45
892,11,CAMERA_3,"['CAMERA_2', 'CAMERA_3']","{'CAMERA_1': [], 'CAMERA_2': ['color'], 'CAMERA_3': ['color', 'sensor_size', 'autofocus_points', 'resolution', 'ISO', 'weight']}",C_QUESTION_ABOUT_FEATURE,CAMERA_3,weight,and this is very heavy will it fit in the pus okay,PRESENT_X,CAMERA_3,S_ANSWERS_QUESTION_ABOUT_FEATURE,CAMERA_3,weight,This one weighs 820 grams.,PRESENT_X,CAMERA_3,16~25
892,12,CAMERA_3,"['CAMERA_2', 'CAMERA_3']","{'CAMERA_1': [], 'CAMERA_2': ['color'], 'CAMERA_3': ['color', 'sensor_size', 'autofocus_points', 'resolution', 'ISO', 'weight', 'optical_zoom']}",C_QUESTION_ABOUT_FEATURE,CAMERA_3,optical_zoom,does it have optical zoom,PRESENT_X,CAMERA_3,S_NOT_SURE,CAMERA_3,,I'm not really sure about that.,PRESENT_X,CAMERA_3,
892,13,CAMERA_3,"['CAMERA_2', 'CAMERA_3']","{'CAMERA_1': [], 'CAMERA_2': ['color'], 'CAMERA_3': ['color', 'sensor_size', 'autofocus_points', 'resolution', 'ISO', 'weight', 'optical_zoom', 'long_exposure']}",C_SILENT_OR_BACKCHANNEL,CAMERA_3,NONE,okay I say it,PRESENT_X,CAMERA_3,S_INTRODUCES_FEATURE,CAMERA_3,long_exposure,This one can take long exposures up to 30 minutes max with bulb mode.,PRESENT_X,CAMERA_3,39~68
892,14,NONE,"['CAMERA_2', 'CAMERA_3']","{'CAMERA_1': [], 'CAMERA_2': ['color'], 'CAMERA_3': ['color', 'sensor_size', 'autofocus_points', 'resolution', 'ISO', 'weight', 'optical_zoom', 'long_exposure']}",C_THANK_YOU,CAMERA_3,NONE,thank you,PRESENT_X,CAMERA_3,S_THANK_YOU,CAMERA_3,NONE,thank you very much.,FACE_TO_FACE,NONE,
892,15,NONE,"['CAMERA_2', 'CAMERA_3']","{'CAMERA_1': [], 'CAMERA_2': ['color'], 'CAMERA_3': ['color', 'sensor_size', 'autofocus_points', 'resolution', 'ISO', 'weight', 'optical_zoom', 'long_exposure']}",C_LEAVES,DOOR,NONE,,FACE_TO_FACE,NONE,S_RETURNS_TO_COUNTER,SERVICE_COUNTER,NONE,,WAITING,NONE,
893,1,NONE,[],"{'CAMERA_1': [], 'CAMERA_2': [], 'CAMERA_3': []}",C_ENTERS,DOOR,NONE,,WAITING,NONE,S_NONE,SERVICE_COUNTER,NONE,,WAITING,NONE,
893,2,NONE,[],"{'CAMERA_1': [], 'CAMERA_2': [], 'CAMERA_3': []}",C_GREETS,MIDDLE,NONE,sorry I have another question,WAITING,NONE,S_GREETS,MIDDLE,NONE,can I help you?,FACE_TO_FACE,NONE,
893,3,CAMERA_2,['CAMERA_2'],"{'CAMERA_1': [], 'CAMERA_2': [], 'CAMERA_3': []}",C_LOOKING_FOR_A_CAMERA,MIDDLE,NONE,I'm looking for a good camera,FACE_TO_FACE,NONE,S_INTRODUCES_CAMERA,CAMERA_2,,Let me show you this. Here we have the Fujifilm Lumix ILC Camera.,PRESENT_X,CAMERA_2,39~64
893,4,CAMERA_2,['CAMERA_2'],"{'CAMERA_1': [], 'CAMERA_2': ['sensor_size'], 'CAMERA_3': []}",C_QUESTION_ABOUT_FEATURE,CAMERA_2,sensor_size,hello how big is there is a sensor,PRESENT_X,CAMERA_2,S_ANSWERS_QUESTION_ABOUT_FEATURE,CAMERA_2,sensor_size,This one has a 1/2.33 inch sensor.,PRESENT_X,CAMERA_2,15~33
893,5,CAMERA_2,['CAMERA_2'],"{'CAMERA_1': [], 'CAMERA_2': ['sensor_size', 'color'], 'CAMERA_3': []}",C_QUESTION_ABOUT_FEATURE,CAMERA_2,color,Is there any other colors for this,PRESENT_X,CAMERA_2,S_ANSWERS_QUESTION_ABOUT_FEATURE,CAMERA_2,color,This one comes in white or pink.,PRESENT_X,CAMERA_2,18~31
893,6,NONE,['CAMERA_2'],"{'CAMERA_1': [], 'CAMERA_2': ['sensor_size', 'color'], 'CAMERA_3': []}",C_THANK_YOU,CAMERA_2,NONE,okay thank you for time of your insides,PRESENT_X,CAMERA_2,S_THANK_YOU,CAMERA_2,NONE,thank you very much.,FACE_TO_FACE,NONE,
893,7,NONE,['CAMERA_2'],"{'CAMERA_1': [], 'CAMERA_2': ['sensor_size', 'color'], 'CAMERA_3': []}",C_LEAVES,DOOR,NONE,,FACE_TO_FACE,NONE,S_RETURNS_TO_COUNTER,SERVICE_COUNTER,NONE,,WAITING,NONE,
894,1,NONE,[],"{'CAMERA_1': [], 'CAMERA_2': [], 'CAMERA_3': []}",C_ENTERS,DOOR,NONE,,WAITING,NONE,S_NONE,SERVICE_COUNTER,NONE,,WAITING,NONE,
894,2,NONE,[],"{'CAMERA_1': [], 'CAMERA_2': [], 'CAMERA_3': []}",C_GREETS,MIDDLE,NONE,kiss me,WAITING,NONE,S_GREETS,MIDDLE,NONE,can I help you?,FACE_TO_FACE,NONE,
894,3,CAMERA_2,['CAMERA_2'],"{'CAMERA_1': [], 'CAMERA_2': [], 'CAMERA_3': []}",C_LOOKING_FOR_A_CAMERA,MIDDLE,NONE,I'm looking for a good camera,FACE_TO_FACE,NONE,S_INTRODUCES_CAMERA,CAMERA_2,,Let me show you this. Here we have the Fujifilm Lumix ILC Camera.,PRESENT_X,CAMERA_2,39~64
894,4,CAMERA_2,['CAMERA_2'],"{'CAMERA_1': [], 'CAMERA_2': ['optical_zoom'], 'CAMERA_3': []}",C_QUESTION_ABOUT_FEATURE,CAMERA_2,optical_zoom,how's the zoom on it,PRESENT_X,CAMERA_2,S_ANSWERS_QUESTION_ABOUT_FEATURE,CAMERA_2,optical_zoom,This one has 21x optical zoom.,PRESENT_X,CAMERA_2,13~29
894,5,CAMERA_2,['CAMERA_2'],"{'CAMERA_1': [], 'CAMERA_2': ['optical_zoom', 'long_exposure'], 'CAMERA_3': []}",C_SILENT_OR_BACKCHANNEL,CAMERA_2,NONE,that's pretty funky,PRESENT_X,CAMERA_2,S_INTRODUCES_FEATURE,CAMERA_2,long_exposure,This one can take long exposures up to 60 minutes max with bulb mode.,PRESENT_X,CAMERA_2,39~68
894,6,CAMERA_2,['CAMERA_2'],"{'CAMERA_1': [], 'CAMERA_2': ['optical_zoom', 'long_exposure', 'resolution'], 'CAMERA_3': []}",C_SILENT_OR_BACKCHANNEL,CAMERA_2,NONE,okay,PRESENT_X,CAMERA_2,S_INTRODUCES_FEATURE,CAMERA_2,resolution,This one has 23.8 megapixels resolution.,PRESENT_X,CAMERA_2,13~28
894,7,CAMERA_2,['CAMERA_2'],"{'CAMERA_1': [], 'CAMERA_2': ['optical_zoom', 'long_exposure', 'resolution', 'price'], 'CAMERA_3': []}",C_SILENT_OR_BACKCHANNEL,CAMERA_2,NONE,ok,PRESENT_X,CAMERA_2,S_INTRODUCES_FEATURE,CAMERA_2,price,This one costs $768.,PRESENT_X,CAMERA_2,15~19
894,8,NONE,['CAMERA_2'],"{'CAMERA_1': [], 'CAMERA_2': ['optical_zoom', 'long_exposure', 'resolution', 'price'], 'CAMERA_3': []}",C_THANK_YOU,CAMERA_2,NONE,thank you very much,PRESENT_X,CAMERA_2,S_THANK_YOU,CAMERA_2,NONE,thank you very much.,FACE_TO_FACE,NONE,
894,9,NONE,['CAMERA_2'],"{'CAMERA_1': [], 'CAMERA_2': ['optical_zoom', 'long_exposure', 'resolution', 'price'], 'CAMERA_3': []}",C_LEAVES,DOOR,NONE,,FACE_TO_FACE,NONE,S_RETURNS_TO_COUNTER,SERVICE_COUNTER,NONE,,WAITING,NONE,
895,1,NONE,[],"{'CAMERA_1': [], 'CAMERA_2': [], 'CAMERA_3': []}",C_ENTERS,DOOR,NONE,,WAITING,NONE,S_NONE,SERVICE_COUNTER,NONE,,WAITING,NONE,
895,2,NONE,[],"{'CAMERA_1': [], 'CAMERA_2': [], 'CAMERA_3': []}",C_GREETS,MIDDLE,NONE,excuse me,WAITING,NONE,S_GREETS,MIDDLE,NONE,can I help you?,FACE_TO_FACE,NONE,
895,3,CAMERA_3,['CAMERA_3'],"{'CAMERA_1': [], 'CAMERA_2': [], 'CAMERA_3': []}",C_LOOKING_FOR_A_CAMERA,MIDDLE,NONE,well I'm looking for camera,FACE_TO_FACE,NONE,S_INTRODUCES_CAMERA,CAMERA_3,,Let me show you this. Here we have the Fujifilm PowerShot ELPH S2800.,PRESENT_X,CAMERA_3,39~68
895,4,CAMERA_3,['CAMERA_3'],"{'CAMERA_1': [], 'CAMERA_2': [], 'CAMERA_3': ['autofocus_points']}",C_SILENT_OR_BACKCHANNEL,CAMERA_3,NONE,ok,PRESENT_X,CAMERA_3,S_INTRODUCES_FEATURE,CAMERA_3,autofocus_points,This one has 214 autofocus points.,PRESENT_X,CAMERA_3,13~33
895,5,CAMERA_3,['CAMERA_3'],"{'CAMERA_1': [], 'CAMERA_2': [], 'CAMERA_3': ['autofocus_points', 'camera_type']}",C_SILENT_OR_BACKCHANNEL,CAMERA_3,NONE,this one also looks kind of good,PRESENT_X,CAMERA_3,S_INTRODUCES_FEATURE,CAMERA_3,camera_type,This is a point and shoot camera.,PRESENT_X,CAMERA_3,10~25
895,6,CAMERA_3,['CAMERA_3'],"{'CAMERA_1': [], 'CAMERA_2': [], 'CAMERA_3': ['autofocus_points', 'camera_type', 'optical_zoom']}",C_QUESTION_ABOUT_FEATURE,CAMERA_3,optical_zoom,I see what about the optical zoom,PRESENT_X,CAMERA_3,S_NOT_SURE,CAMERA_3,,I'm not really sure about that.,PRESENT_X,CAMERA_3,
895,7,CAMERA_3,['CAMERA_3'],"{'CAMERA_1': [], 'CAMERA_2': [], 'CAMERA_3': ['autofocus_points', 'camera_type', 'optical_zoom', 'ISO']}",C_SILENT_OR_BACKCHANNEL,CAMERA_3,NONE,okay that's not too bad for good camera mean he'll us 5d II,PRESENT_X,CAMERA_3,S_INTRODUCES_FEATURE,CAMERA_3,ISO,This one has up to 3200 ISO with little noise.,PRESENT_X,CAMERA_3,13~45
895,8,NONE,['CAMERA_3'],"{'CAMERA_1': [], 'CAMERA_2': [], 'CAMERA_3': ['autofocus_points', 'camera_type', 'optical_zoom', 'ISO']}",C_THANK_YOU,CAMERA_3,NONE,ok thank you,PRESENT_X,CAMERA_3,S_THANK_YOU,CAMERA_3,NONE,thank you very much.,FACE_TO_FACE,NONE,
895,9,NONE,['CAMERA_3'],"{'CAMERA_1': [], 'CAMERA_2': [], 'CAMERA_3': ['autofocus_points', 'camera_type', 'optical_zoom', 'ISO']}",C_LEAVES,DOOR,NONE,,FACE_TO_FACE,NONE,S_RETURNS_TO_COUNTER,SERVICE_COUNTER,NONE,,WAITING,NONE,
896,1,NONE,[],"{'CAMERA_1': [], 'CAMERA_2': [], 'CAMERA_3': []}",C_ENTERS,DOOR,NONE,,WAITING,NONE,S_NONE,SERVICE_COUNTER,NONE,,WAITING,NONE,
896,2,NONE,[],"{'CAMERA_1': [], 'CAMERA_2': [], 'CAMERA_3': []}",C_GREETS,MIDDLE,NONE,hello,WAITING,NONE,S_GREETS,MIDDLE,NONE,can I help you?,FACE_TO_FACE,NONE,
896,3,CAMERA_2,['CAMERA_2'],"{'CAMERA_1': [], 'CAMERA_2': [], 'CAMERA_3': []}",C_LOOKING_FOR_A_CAMERA,MIDDLE,NONE,hi good afternoon I'm looking to buy a new camera and I just needed to be a portable and easy to use ,FACE_TO_FACE,NONE,S_INTRODUCES_CAMERA,CAMERA_2,,Let me show you this. Here we have the Fujifilm Lumix ILC Camera.,PRESENT_X,CAMERA_2,39~64
896,4,CAMERA_2,['CAMERA_2'],"{'CAMERA_1': [], 'CAMERA_2': ['resolution'], 'CAMERA_3': []}",C_QUESTION_ABOUT_FEATURE,CAMERA_2,resolution,um how about the megapixels for the camera,PRESENT_X,CAMERA_2,S_ANSWERS_QUESTION_ABOUT_FEATURE,CAMERA_2,resolution,This one has 23.8 megapixels resolution.,PRESENT_X,CAMERA_2,13~28
896,5,CAMERA_2,['CAMERA_2'],"{'CAMERA_1': [], 'CAMERA_2': ['resolution', 'color'], 'CAMERA_3': []}",C_SILENT_OR_BACKCHANNEL,CAMERA_2,NONE,ok,PRESENT_X,CAMERA_2,S_INTRODUCES_FEATURE,CAMERA_2,color,This one comes in white or pink.,PRESENT_X,CAMERA_2,18~31
896,6,CAMERA_2,['CAMERA_2'],"{'CAMERA_1': [], 'CAMERA_2': ['resolution', 'color', 'effects'], 'CAMERA_3': []}",C_QUESTION_ABOUT_FEATURE,CAMERA_2,effects,and how does the artistic effect Mode work,PRESENT_X,CAMERA_2,S_ANSWERS_QUESTION_ABOUT_FEATURE,CAMERA_2,effects,"This one has 24 artistic effect modes (retro, lighter or darker skin tones, sepia, etc.).",PRESENT_X,CAMERA_2,13~88
896,7,CAMERA_2,['CAMERA_2'],"{'CAMERA_1': [], 'CAMERA_2': ['resolution', 'color', 'effects', 'settings'], 'CAMERA_3': []}",C_SILENT_OR_BACKCHANNEL,CAMERA_2,NONE,ok,PRESENT_X,CAMERA_2,S_INTRODUCES_FEATURE,CAMERA_2,settings,"This one has manual control and various automatic settings (video modeburst shooting, etc.).",PRESENT_X,CAMERA_2,13~91
896,8,CAMERA_2,['CAMERA_2'],"{'CAMERA_1': [], 'CAMERA_2': ['resolution', 'color', 'effects', 'settings', 'ISO'], 'CAMERA_3': []}",C_QUESTION_ABOUT_FEATURE,CAMERA_2,ISO,does it have good ISO,PRESENT_X,CAMERA_2,S_NOT_SURE,CAMERA_2,,I'm not really sure about that.,PRESENT_X,CAMERA_2,
896,9,CAMERA_2,['CAMERA_2'],"{'CAMERA_1': [], 'CAMERA_2': ['resolution', 'color', 'effects', 'settings', 'ISO', 'price'], 'CAMERA_3': []}",C_SILENT_OR_BACKCHANNEL,CAMERA_2,NONE,cic,PRESENT_X,CAMERA_2,S_INTRODUCES_FEATURE,CAMERA_2,price,This one costs $768.,PRESENT_X,CAMERA_2,15~19
896,10,NONE,['CAMERA_2'],"{'CAMERA_1': [], 'CAMERA_2': ['resolution', 'color', 'effects', 'settings', 'ISO', 'price'], 'CAMERA_3': []}",C_THANK_YOU,CAMERA_2,NONE,ok thanks,PRESENT_X,CAMERA_2,S_THANK_YOU,CAMERA_2,NONE,thank you very much.,FACE_TO_FACE,NONE,
896,11,NONE,['CAMERA_2'],"{'CAMERA_1': [], 'CAMERA_2': ['resolution', 'color', 'effects', 'settings', 'ISO', 'price'], 'CAMERA_3': []}",C_LEAVES,DOOR,NONE,,FACE_TO_FACE,NONE,S_RETURNS_TO_COUNTER,SERVICE_COUNTER,NONE,,WAITING,NONE,
897,1,NONE,[],"{'CAMERA_1': [], 'CAMERA_2': [], 'CAMERA_3': []}",C_ENTERS,DOOR,NONE,,WAITING,NONE,S_NONE,SERVICE_COUNTER,NONE,,WAITING,NONE,
897,2,NONE,[],"{'CAMERA_1': [], 'CAMERA_2': [], 'CAMERA_3': []}",C_WALKS_TO_CAMERA,CAMERA_1,NONE,,WAITING,NONE,S_GREETS,CAMERA_1,NONE,can I help you?,FACE_TO_FACE,NONE,
897,3,CAMERA_1,['CAMERA_1'],"{'CAMERA_1': [], 'CAMERA_2': [], 'CAMERA_3': []}",C_LOOKING_FOR_A_CAMERA,CAMERA_1,NONE,I guess I'm just looking for a new camera,FACE_TO_FACE,NONE,S_INTRODUCES_CAMERA,CAMERA_1,,Let me show you this. Here we have the Sony PowerShot ELPH DMC-ZS3.,PRESENT_X,CAMERA_1,39~66
897,4,CAMERA_1,['CAMERA_1'],"{'CAMERA_1': ['autofocus_points'], 'CAMERA_2': [], 'CAMERA_3': []}",C_SILENT_OR_BACKCHANNEL,CAMERA_1,NONE,IC,PRESENT_X,CAMERA_1,S_INTRODUCES_FEATURE,CAMERA_1,autofocus_points,This one has 135 autofocus points.,PRESENT_X,CAMERA_1,13~33
897,5,CAMERA_1,['CAMERA_1'],"{'CAMERA_1': ['autofocus_points', 'color'], 'CAMERA_2': [], 'CAMERA_3': []}",C_SILENT_OR_BACKCHANNEL,CAMERA_1,NONE,interesting,PRESENT_X,CAMERA_1,S_INTRODUCES_FEATURE,CAMERA_1,color,This one comes in blue or black.,PRESENT_X,CAMERA_1,18~31
897,6,CAMERA_1,['CAMERA_1'],"{'CAMERA_1': ['autofocus_points', 'color', 'resolution'], 'CAMERA_2': [], 'CAMERA_3': []}",C_SILENT_OR_BACKCHANNEL,CAMERA_1,NONE,okay,PRESENT_X,CAMERA_1,S_INTRODUCES_FEATURE,CAMERA_1,resolution,This one has 17.8 megapixels resolution.,PRESENT_X,CAMERA_1,13~28
897,7,NONE,['CAMERA_1'],"{'CAMERA_1': ['autofocus_points', 'color', 'resolution'], 'CAMERA_2': [], 'CAMERA_3': []}",C_THANK_YOU,CAMERA_1,NONE,thank you,PRESENT_X,CAMERA_1,S_THANK_YOU,CAMERA_1,NONE,thank you very much.,FACE_TO_FACE,NONE,
897,8,NONE,['CAMERA_1'],"{'CAMERA_1': ['autofocus_points', 'color', 'resolution'], 'CAMERA_2': [], 'CAMERA_3': []}",C_LEAVES,DOOR,NONE,,FACE_TO_FACE,NONE,S_RETURNS_TO_COUNTER,SERVICE_COUNTER,NONE,,WAITING,NONE,
898,1,NONE,[],"{'CAMERA_1': [], 'CAMERA_2': [], 'CAMERA_3': []}",C_ENTERS,DOOR,NONE,,WAITING,NONE,S_NONE,SERVICE_COUNTER,NONE,,WAITING,NONE,
898,2,NONE,[],"{'CAMERA_1': [], 'CAMERA_2': [], 'CAMERA_3': []}",C_WALKS_TO_CAMERA,CAMERA_3,NONE,,WAITING,NONE,S_GREETS,CAMERA_3,NONE,can I help you?,FACE_TO_FACE,NONE,
898,3,CAMERA_1,['CAMERA_1'],"{'CAMERA_1': [], 'CAMERA_2': [], 'CAMERA_3': []}",C_LOOKING_FOR_A_CAMERA,CAMERA_3,NONE,hi good afternoon I'm looking for a camera with very specific about the pictures,FACE_TO_FACE,NONE,S_INTRODUCES_CAMERA,CAMERA_1,,Let me show you this. Here we have the Sony PowerShot ELPH DMC-ZS3.,PRESENT_X,CAMERA_1,39~66
898,4,CAMERA_1,['CAMERA_1'],"{'CAMERA_1': ['color'], 'CAMERA_2': [], 'CAMERA_3': []}",C_QUESTION_ABOUT_FEATURE,CAMERA_1,color,does it come in any other color,PRESENT_X,CAMERA_1,S_ANSWERS_QUESTION_ABOUT_FEATURE,CAMERA_1,color,This one comes in blue or black.,PRESENT_X,CAMERA_1,18~31
898,5,CAMERA_1,['CAMERA_1'],"{'CAMERA_1': ['color', 'autofocus_points'], 'CAMERA_2': [], 'CAMERA_3': []}",C_SILENT_OR_BACKCHANNEL,CAMERA_1,NONE,ok,PRESENT_X,CAMERA_1,S_INTRODUCES_FEATURE,CAMERA_1,autofocus_points,This one has 135 autofocus points.,PRESENT_X,CAMERA_1,13~33
898,6,CAMERA_1,['CAMERA_1'],"{'CAMERA_1': ['color', 'autofocus_points', 'optical_zoom'], 'CAMERA_2': [], 'CAMERA_3': []}",C_QUESTION_ABOUT_FEATURE,CAMERA_1,optical_zoom,good good good and it has the optical zoom,PRESENT_X,CAMERA_1,S_ANSWERS_QUESTION_ABOUT_FEATURE,CAMERA_1,optical_zoom,This one has 21x optical zoom.,PRESENT_X,CAMERA_1,13~29
898,7,NONE,['CAMERA_1'],"{'CAMERA_1': ['color', 'autofocus_points', 'optical_zoom'], 'CAMERA_2': [], 'CAMERA_3': []}",C_THANK_YOU,CAMERA_1,NONE,thank you,PRESENT_X,CAMERA_1,S_THANK_YOU,CAMERA_1,NONE,thank you very much.,FACE_TO_FACE,NONE,
898,8,NONE,['CAMERA_1'],"{'CAMERA_1': ['color', 'autofocus_points', 'optical_zoom'], 'CAMERA_2': [], 'CAMERA_3': []}",C_LEAVES,DOOR,NONE,,FACE_TO_FACE,NONE,S_RETURNS_TO_COUNTER,SERVICE_COUNTER,NONE,,WAITING,NONE,
899,1,NONE,[],"{'CAMERA_1': [], 'CAMERA_2': [], 'CAMERA_3': []}",C_ENTERS,DOOR,NONE,,WAITING,NONE,S_NONE,SERVICE_COUNTER,NONE,,WAITING,NONE,
899,2,NONE,[],"{'CAMERA_1': [], 'CAMERA_2': [], 'CAMERA_3': []}",C_WALKS_TO_CAMERA,CAMERA_3,NONE,,WAITING,NONE,S_GREETS,CAMERA_3,NONE,can I help you?,FACE_TO_FACE,NONE,
899,3,CAMERA_1,['CAMERA_1'],"{'CAMERA_1': [], 'CAMERA_2': [], 'CAMERA_3': []}",C_LOOKING_FOR_A_CAMERA,CAMERA_3,NONE,yeah I'm looking for a camera something a little bit trendy,FACE_TO_FACE,NONE,S_INTRODUCES_CAMERA,CAMERA_1,,Let me show you this. Here we have the Sony PowerShot ELPH DMC-ZS3.,PRESENT_X,CAMERA_1,39~66
899,4,CAMERA_1,['CAMERA_1'],"{'CAMERA_1': ['sensor_size'], 'CAMERA_2': [], 'CAMERA_3': []}",C_QUESTION_ABOUT_FEATURE,CAMERA_1,sensor_size,is the sensor on this phone as big as the DSLR,PRESENT_X,CAMERA_1,S_ANSWERS_QUESTION_ABOUT_FEATURE,CAMERA_1,sensor_size,This one has a 1/2.3 inch CMOS sensor.,PRESENT_X,CAMERA_1,15~37
899,5,CAMERA_1,['CAMERA_1'],"{'CAMERA_1': ['sensor_size', 'preset_modes'], 'CAMERA_2': [], 'CAMERA_3': []}",C_QUESTION_ABOUT_FEATURE,CAMERA_1,preset_modes,oh I see and what about the automatic settings I just wanted to press a button and take a picture,PRESENT_X,CAMERA_1,S_NOT_SURE,CAMERA_1,,I'm not really sure about that.,PRESENT_X,CAMERA_1,
899,6,CAMERA_1,['CAMERA_1'],"{'CAMERA_1': ['sensor_size', 'preset_modes', 'long_exposure'], 'CAMERA_2': [], 'CAMERA_3': []}",C_QUESTION_ABOUT_FEATURE,CAMERA_1,long_exposure,and how long is this exposure,PRESENT_X,CAMERA_1,S_ANSWERS_QUESTION_ABOUT_FEATURE,CAMERA_1,long_exposure,This one can take long exposures up to up to 15 seconds with Long Shutter Mode.,PRESENT_X,CAMERA_1,39~78
899,7,CAMERA_1,['CAMERA_1'],"{'CAMERA_1': ['sensor_size', 'preset_modes', 'long_exposure', 'autofocus_points'], 'CAMERA_2': [], 'CAMERA_3': []}",C_QUESTION_ABOUT_FEATURE,CAMERA_1,autofocus_points,how many auto focus points does this one have again,PRESENT_X,CAMERA_1,S_ANSWERS_QUESTION_ABOUT_FEATURE,CAMERA_1,autofocus_points,This one has 135 autofocus points.,PRESENT_X,CAMERA_1,13~33
899,8,CAMERA_1,['CAMERA_1'],"{'CAMERA_1': ['sensor_size', 'preset_modes', 'long_exposure', 'autofocus_points', 'resolution'], 'CAMERA_2': [], 'CAMERA_3': []}",C_QUESTION_ABOUT_FEATURE,CAMERA_1,resolution,what is the resolution,PRESENT_X,CAMERA_1,S_ANSWERS_QUESTION_ABOUT_FEATURE,CAMERA_1,resolution,This one has 17.8 megapixels resolution.,PRESENT_X,CAMERA_1,13~28
899,9,CAMERA_1,['CAMERA_1'],"{'CAMERA_1': ['sensor_size', 'preset_modes', 'long_exposure', 'autofocus_points', 'resolution', 'camera_type'], 'CAMERA_2': [], 'CAMERA_3': []}",C_SILENT_OR_BACKCHANNEL,CAMERA_1,NONE,okay that sounds good too,PRESENT_X,CAMERA_1,S_INTRODUCES_FEATURE,CAMERA_1,camera_type,This is a DSLR camera.,PRESENT_X,CAMERA_1,10~14
899,10,NONE,['CAMERA_1'],"{'CAMERA_1': ['sensor_size', 'preset_modes', 'long_exposure', 'autofocus_points', 'resolution', 'camera_type'], 'CAMERA_2': [], 'CAMERA_3': []}",C_THANK_YOU,CAMERA_1,NONE,alright thank you,PRESENT_X,CAMERA_1,S_THANK_YOU,CAMERA_1,NONE,thank you very much.,FACE_TO_FACE,NONE,
899,11,NONE,['CAMERA_1'],"{'CAMERA_1': ['sensor_size', 'preset_modes', 'long_exposure', 'autofocus_points', 'resolution', 'camera_type'], 'CAMERA_2': [], 'CAMERA_3': []}",C_LEAVES,DOOR,NONE,,FACE_TO_FACE,NONE,S_RETURNS_TO_COUNTER,SERVICE_COUNTER,NONE,,WAITING,NONE,
900,1,NONE,[],"{'CAMERA_1': [], 'CAMERA_2': [], 'CAMERA_3': []}",C_ENTERS,DOOR,NONE,,WAITING,NONE,S_NONE,SERVICE_COUNTER,NONE,,WAITING,NONE,
900,2,NONE,[],"{'CAMERA_1': [], 'CAMERA_2': [], 'CAMERA_3': []}",C_WALKS_TO_CAMERA,CAMERA_1,NONE,,WAITING,NONE,S_GREETS,CAMERA_1,NONE,can I help you?,FACE_TO_FACE,NONE,
900,3,CAMERA_1,['CAMERA_1'],"{'CAMERA_1': [], 'CAMERA_2': [], 'CAMERA_3': []}",C_LOOKING_FOR_A_CAMERA,CAMERA_1,NONE,I'm just looking around at the moment thanks,FACE_TO_FACE,NONE,S_INTRODUCES_CAMERA,CAMERA_1,,Let me show you this. Here we have the Sony PowerShot ELPH DMC-ZS3.,PRESENT_X,CAMERA_1,39~66
900,4,CAMERA_1,['CAMERA_1'],"{'CAMERA_1': ['resolution'], 'CAMERA_2': [], 'CAMERA_3': []}",C_SILENT_OR_BACKCHANNEL,CAMERA_1,NONE,that's good,PRESENT_X,CAMERA_1,S_INTRODUCES_FEATURE,CAMERA_1,resolution,This one has 17.8 megapixels resolution.,PRESENT_X,CAMERA_1,13~28
900,5,CAMERA_1,['CAMERA_1'],"{'CAMERA_1': ['resolution', 'ISO'], 'CAMERA_2': [], 'CAMERA_3': []}",C_SILENT_OR_BACKCHANNEL,CAMERA_1,NONE,IC,PRESENT_X,CAMERA_1,S_INTRODUCES_FEATURE,CAMERA_1,ISO,This one has up to 51200 ISO.,PRESENT_X,CAMERA_1,13~28
900,6,CAMERA_1,['CAMERA_1'],"{'CAMERA_1': ['resolution', 'ISO', 'sensor_size'], 'CAMERA_2': [], 'CAMERA_3': []}",C_QUESTION_ABOUT_FEATURE,CAMERA_1,sensor_size,what about the sensor size,PRESENT_X,CAMERA_1,S_ANSWERS_QUESTION_ABOUT_FEATURE,CAMERA_1,sensor_size,This one has a 1/2.3 inch CMOS sensor.,PRESENT_X,CAMERA_1,15~37
900,7,CAMERA_1,['CAMERA_1'],"{'CAMERA_1': ['resolution', 'ISO', 'sensor_size', 'optical_zoom'], 'CAMERA_2': [], 'CAMERA_3': []}",C_SILENT_OR_BACKCHANNEL,CAMERA_1,NONE,that sounds good,PRESENT_X,CAMERA_1,S_INTRODUCES_FEATURE,CAMERA_1,optical_zoom,This one has 21x optical zoom.,PRESENT_X,CAMERA_1,13~29
900,8,CAMERA_1,['CAMERA_1'],"{'CAMERA_1': ['resolution', 'ISO', 'sensor_size', 'optical_zoom', 'camera_type'], 'CAMERA_2': [], 'CAMERA_3': []}",C_SILENT_OR_BACKCHANNEL,CAMERA_1,NONE,wow that's pretty advanced technology what about the price,PRESENT_X,CAMERA_1,S_INTRODUCES_FEATURE,CAMERA_1,camera_type,This is a DSLR camera.,PRESENT_X,CAMERA_1,10~14
900,9,CAMERA_1,['CAMERA_1'],"{'CAMERA_1': ['resolution', 'ISO', 'sensor_size', 'optical_zoom', 'camera_type', 'preset_modes'], 'CAMERA_2': [], 'CAMERA_3': []}",C_QUESTION_ABOUT_FEATURE,CAMERA_1,preset_modes,and it has bulb mode right,PRESENT_X,CAMERA_1,S_NOT_SURE,CAMERA_1,,I'm not really sure about that.,PRESENT_X,CAMERA_1,
900,10,CAMERA_3,"['CAMERA_1', 'CAMERA_3']","{'CAMERA_1': ['resolution', 'ISO', 'sensor_size', 'optical_zoom', 'camera_type', 'preset_modes'], 'CAMERA_2': [], 'CAMERA_3': []}",C_ANYTHING_ELSE_AVAILABLE,CAMERA_1,NONE,do you have any other cameras that are in this kind,PRESENT_X,CAMERA_1,S_INTRODUCES_CAMERA,CAMERA_3,,Let me show you this. Here we have the Fujifilm PowerShot ELPH S2800.,PRESENT_X,CAMERA_3,39~68
900,11,CAMERA_3,"['CAMERA_1', 'CAMERA_3']","{'CAMERA_1': ['resolution', 'ISO', 'sensor_size', 'optical_zoom', 'camera_type', 'preset_modes'], 'CAMERA_2': [], 'CAMERA_3': ['color']}",C_QUESTION_ABOUT_FEATURE,CAMERA_3,color,does it come in any other colors,PRESENT_X,CAMERA_3,S_ANSWERS_QUESTION_ABOUT_FEATURE,CAMERA_3,color,"This one comes in purple, white, silver, blue, red, or pink.",PRESENT_X,CAMERA_3,18~59
900,12,CAMERA_3,"['CAMERA_1', 'CAMERA_3']","{'CAMERA_1': ['resolution', 'ISO', 'sensor_size', 'optical_zoom', 'camera_type', 'preset_modes'], 'CAMERA_2': [], 'CAMERA_3': ['color', 'sensor_size']}",C_SILENT_OR_BACKCHANNEL,CAMERA_3,NONE,ok ok,PRESENT_X,CAMERA_3,S_INTRODUCES_FEATURE,CAMERA_3,sensor_size,This one has a full frame.,PRESENT_X,CAMERA_3,15~25
900,13,CAMERA_3,"['CAMERA_1', 'CAMERA_3']","{'CAMERA_1': ['resolution', 'ISO', 'sensor_size', 'optical_zoom', 'camera_type', 'preset_modes'], 'CAMERA_2': [], 'CAMERA_3': ['color', 'sensor_size', 'camera_type']}",C_QUESTION_ABOUT_FEATURE,CAMERA_3,camera_type,what kind of camera is this,PRESENT_X,CAMERA_3,S_ANSWERS_QUESTION_ABOUT_FEATURE,CAMERA_3,camera_type,This is a point and shoot camera.,PRESENT_X,CAMERA_3,10~25
900,14,CAMERA_3,"['CAMERA_1', 'CAMERA_3']","{'CAMERA_1': ['resolution', 'ISO', 'sensor_size', 'optical_zoom', 'camera_type', 'preset_modes'], 'CAMERA_2': [], 'CAMERA_3': ['color', 'sensor_size', 'camera_type', 'settings']}",C_QUESTION_ABOUT_FEATURE,CAMERA_3,settings,great so can you please explain me more about this manual settings,PRESENT_X,CAMERA_3,S_ANSWERS_QUESTION_ABOUT_FEATURE,CAMERA_3,settings,"This one has manual control and various automatic settings (video modeburst shooting, etc.).",PRESENT_X,CAMERA_3,13~91
900,15,CAMERA_2,"['CAMERA_1', 'CAMERA_3', 'CAMERA_2']","{'CAMERA_1': ['resolution', 'ISO', 'sensor_size', 'optical_zoom', 'camera_type', 'preset_modes'], 'CAMERA_2': [], 'CAMERA_3': ['color', 'sensor_size', 'camera_type', 'settings']}",C_ANYTHING_ELSE_AVAILABLE,CAMERA_3,NONE,that's good that's okay I like it when do you have other models in this area,PRESENT_X,CAMERA_3,S_INTRODUCES_CAMERA,CAMERA_2,,Let me show you this. Here we have the Fujifilm Lumix ILC Camera.,PRESENT_X,CAMERA_2,39~64
900,16,CAMERA_2,"['CAMERA_1', 'CAMERA_3', 'CAMERA_2']","{'CAMERA_1': ['resolution', 'ISO', 'sensor_size', 'optical_zoom', 'camera_type', 'preset_modes'], 'CAMERA_2': ['price'], 'CAMERA_3': ['color', 'sensor_size', 'camera_type', 'settings']}",C_QUESTION_ABOUT_FEATURE,CAMERA_2,price,how much does it cost,PRESENT_X,CAMERA_2,S_ANSWERS_QUESTION_ABOUT_FEATURE,CAMERA_2,price,This one costs $768.,PRESENT_X,CAMERA_2,15~19
900,17,CAMERA_2,"['CAMERA_1', 'CAMERA_3', 'CAMERA_2']","{'CAMERA_1': ['resolution', 'ISO', 'sensor_size', 'optical_zoom', 'camera_type', 'preset_modes'], 'CAMERA_2': ['price', 'effects'], 'CAMERA_3': ['color', 'sensor_size', 'camera_type', 'settings']}",C_SILENT_OR_BACKCHANNEL,CAMERA_2,NONE,sounds pretty good,PRESENT_X,CAMERA_2,S_INTRODUCES_FEATURE,CAMERA_2,effects,"This one has 24 artistic effect modes (retro, lighter or darker skin tones, sepia, etc.).",PRESENT_X,CAMERA_2,13~88
900,18,CAMERA_2,"['CAMERA_1', 'CAMERA_3', 'CAMERA_2']","{'CAMERA_1': ['resolution', 'ISO', 'sensor_size', 'optical_zoom', 'camera_type', 'preset_modes'], 'CAMERA_2': ['price', 'effects', 'long_exposure'], 'CAMERA_3': ['color', 'sensor_size', 'camera_type', 'settings']}",C_SILENT_OR_BACKCHANNEL,CAMERA_2,NONE,IC,PRESENT_X,CAMERA_2,S_INTRODUCES_FEATURE,CAMERA_2,long_exposure,This one can take long exposures up to 60 minutes max with bulb mode.,PRESENT_X,CAMERA_2,39~68
900,19,CAMERA_2,"['CAMERA_1', 'CAMERA_3', 'CAMERA_2']","{'CAMERA_1': ['resolution', 'ISO', 'sensor_size', 'optical_zoom', 'camera_type', 'preset_modes'], 'CAMERA_2': ['price', 'effects', 'long_exposure', 'weight'], 'CAMERA_3': ['color', 'sensor_size', 'camera_type', 'settings']}",C_QUESTION_ABOUT_FEATURE,CAMERA_2,weight,oh yeah it's a bit heavy how much does it weight,PRESENT_X,CAMERA_2,S_ANSWERS_QUESTION_ABOUT_FEATURE,CAMERA_2,weight,This one weighs 820 grams.,PRESENT_X,CAMERA_2,16~25
900,20,,"['CAMERA_1', 'CAMERA_3', 'CAMERA_2']","{'CAMERA_1': ['resolution', 'ISO', 'sensor_size', 'optical_zoom', 'camera_type', 'preset_modes'], 'CAMERA_2': ['price', 'effects', 'long_exposure', 'weight'], 'CAMERA_3': ['color', 'sensor_size', 'camera_type', 'settings']}",C_ANYTHING_ELSE_AVAILABLE,CAMERA_2,NONE,I see do you have any other options that you can show me,PRESENT_X,CAMERA_2,S_THATS_ALL_WE_HAVE_AVAILABLE,CAMERA_2,,That's all we have available at the moment.,PRESENT_X,CAMERA_2,
900,21,NONE,"['CAMERA_1', 'CAMERA_3', 'CAMERA_2']","{'CAMERA_1': ['resolution', 'ISO', 'sensor_size', 'optical_zoom', 'camera_type', 'preset_modes'], 'CAMERA_2': ['price', 'effects', 'long_exposure', 'weight'], 'CAMERA_3': ['color', 'sensor_size', 'camera_type', 'settings']}",C_THANK_YOU,CAMERA_2,NONE,thank you for your support,PRESENT_X,CAMERA_2,S_THANK_YOU,CAMERA_2,NONE,thank you very much.,FACE_TO_FACE,NONE,
900,22,NONE,"['CAMERA_1', 'CAMERA_3', 'CAMERA_2']","{'CAMERA_1': ['resolution', 'ISO', 'sensor_size', 'optical_zoom', 'camera_type', 'preset_modes'], 'CAMERA_2': ['price', 'effects', 'long_exposure', 'weight'], 'CAMERA_3': ['color', 'sensor_size', 'camera_type', 'settings']}",C_LEAVES,DOOR,NONE,,FACE_TO_FACE,NONE,S_RETURNS_TO_COUNTER,SERVICE_COUNTER,NONE,,WAITING,NONE,
901,1,NONE,[],"{'CAMERA_1': [], 'CAMERA_2': [], 'CAMERA_3': []}",C_ENTERS,DOOR,NONE,,WAITING,NONE,S_NONE,SERVICE_COUNTER,NONE,,WAITING,NONE,
901,2,NONE,[],"{'CAMERA_1': [], 'CAMERA_2': [], 'CAMERA_3': []}",C_GREETS,MIDDLE,NONE,kiss me,WAITING,NONE,S_GREETS,MIDDLE,NONE,can I help you?,FACE_TO_FACE,NONE,
901,3,CAMERA_2,['CAMERA_2'],"{'CAMERA_1': [], 'CAMERA_2': [], 'CAMERA_3': []}",C_LOOKING_FOR_A_CAMERA,MIDDLE,NONE,I'm looking for a camera,FACE_TO_FACE,NONE,S_INTRODUCES_CAMERA,CAMERA_2,,Let me show you this. Here we have the Fujifilm Lumix ILC Camera.,PRESENT_X,CAMERA_2,39~64
901,4,CAMERA_2,['CAMERA_2'],"{'CAMERA_1': [], 'CAMERA_2': ['weight'], 'CAMERA_3': []}",C_SILENT_OR_BACKCHANNEL,CAMERA_2,NONE,sounds good,PRESENT_X,CAMERA_2,S_INTRODUCES_FEATURE,CAMERA_2,weight,This one weighs 820 grams.,PRESENT_X,CAMERA_2,16~25
901,5,CAMERA_2,['CAMERA_2'],"{'CAMERA_1': [], 'CAMERA_2': ['weight', 'price'], 'CAMERA_3': []}",C_SILENT_OR_BACKCHANNEL,CAMERA_2,NONE,ok,PRESENT_X,CAMERA_2,S_INTRODUCES_FEATURE,CAMERA_2,price,This one costs $768.,PRESENT_X,CAMERA_2,15~19
901,6,CAMERA_2,['CAMERA_2'],"{'CAMERA_1': [], 'CAMERA_2': ['weight', 'price', 'camera_type'], 'CAMERA_3': []}",C_QUESTION_ABOUT_FEATURE,CAMERA_2,camera_type,is this a point and shoot camera,PRESENT_X,CAMERA_2,S_ANSWERS_QUESTION_ABOUT_FEATURE,CAMERA_2,camera_type,This is a digital single lens mirrorless camera.,PRESENT_X,CAMERA_2,10~40
901,7,NONE,['CAMERA_2'],"{'CAMERA_1': [], 'CAMERA_2': ['weight', 'price', 'camera_type'], 'CAMERA_3': []}",C_THANK_YOU,CAMERA_2,NONE,thank you,PRESENT_X,CAMERA_2,S_THANK_YOU,CAMERA_2,NONE,thank you very much.,FACE_TO_FACE,NONE,
901,8,NONE,['CAMERA_2'],"{'CAMERA_1': [], 'CAMERA_2': ['weight', 'price', 'camera_type'], 'CAMERA_3': []}",C_LEAVES,DOOR,NONE,,FACE_TO_FACE,NONE,S_RETURNS_TO_COUNTER,SERVICE_COUNTER,NONE,,WAITING,NONE,
902,1,NONE,[],"{'CAMERA_1': [], 'CAMERA_2': [], 'CAMERA_3': []}",C_ENTERS,DOOR,NONE,,WAITING,NONE,S_NONE,SERVICE_COUNTER,NONE,,WAITING,NONE,
902,2,NONE,[],"{'CAMERA_1': [], 'CAMERA_2': [], 'CAMERA_3': []}",C_WALKS_TO_CAMERA,CAMERA_2,NONE,,WAITING,NONE,S_NONE,SERVICE_COUNTER,NONE,,WAITING,NONE,
902,3,NONE,[],"{'CAMERA_1': [], 'CAMERA_2': [], 'CAMERA_3': []}",C_EXAMINES_CAMERA,CAMERA_2,NONE,,WAITING,NONE,S_GREETS,CAMERA_2,NONE,can I help you?,FACE_TO_FACE,NONE,
902,4,CAMERA_3,['CAMERA_3'],"{'CAMERA_1': [], 'CAMERA_2': [], 'CAMERA_3': []}",C_LOOKING_FOR_A_CAMERA,CAMERA_2,NONE,it's actually my first time buying a camera so I'm not very sure which is a good one,FACE_TO_FACE,NONE,S_INTRODUCES_CAMERA,CAMERA_3,,Let me show you this. Here we have the Fujifilm PowerShot ELPH S2800.,PRESENT_X,CAMERA_3,39~68
902,5,CAMERA_3,['CAMERA_3'],"{'CAMERA_1': [], 'CAMERA_2': [], 'CAMERA_3': ['effects']}",C_QUESTION_ABOUT_FEATURE,CAMERA_3,effects,what about the artistic effect,PRESENT_X,CAMERA_3,S_ANSWERS_QUESTION_ABOUT_FEATURE,CAMERA_3,effects,"This one has 21 photo effects (small face, retro, big eyes, etc.).",PRESENT_X,CAMERA_3,13~65
902,6,CAMERA_3,['CAMERA_3'],"{'CAMERA_1': [], 'CAMERA_2': [], 'CAMERA_3': ['effects', 'price']}",C_QUESTION_ABOUT_FEATURE,CAMERA_3,price,how much is this,PRESENT_X,CAMERA_3,S_ANSWERS_QUESTION_ABOUT_FEATURE,CAMERA_3,price,This one costs $518.,PRESENT_X,CAMERA_3,15~19
902,7,CAMERA_3,['CAMERA_3'],"{'CAMERA_1': [], 'CAMERA_2': [], 'CAMERA_3': ['effects', 'price', 'preset_modes']}",C_QUESTION_ABOUT_FEATURE,CAMERA_3,preset_modes,the menu settings of this camera are they same as the Canon,PRESENT_X,CAMERA_3,S_ANSWERS_QUESTION_ABOUT_FEATURE,CAMERA_3,preset_modes,This one has various preset modes.,PRESENT_X,CAMERA_3,13~33
902,8,CAMERA_3,['CAMERA_3'],"{'CAMERA_1': [], 'CAMERA_2': [], 'CAMERA_3': ['effects', 'price', 'preset_modes', 'long_exposure']}",C_QUESTION_ABOUT_FEATURE,CAMERA_3,long_exposure,and what about the exposure folding,PRESENT_X,CAMERA_3,S_ANSWERS_QUESTION_ABOUT_FEATURE,CAMERA_3,long_exposure,This one can take long exposures up to 30 minutes max with bulb mode.,PRESENT_X,CAMERA_3,39~68
902,9,CAMERA_3,['CAMERA_3'],"{'CAMERA_1': [], 'CAMERA_2': [], 'CAMERA_3': ['effects', 'price', 'preset_modes', 'long_exposure', 'settings']}",C_QUESTION_ABOUT_FEATURE,CAMERA_3,settings,I would like to ask about is it easy to do I need to set up any manuals for this camera,PRESENT_X,CAMERA_3,S_ANSWERS_QUESTION_ABOUT_FEATURE,CAMERA_3,settings,"This one has manual control and various automatic settings (video modeburst shooting, etc.).",PRESENT_X,CAMERA_3,13~91
902,10,CAMERA_3,['CAMERA_3'],"{'CAMERA_1': [], 'CAMERA_2': [], 'CAMERA_3': ['effects', 'price', 'preset_modes', 'long_exposure', 'settings', 'resolution']}",C_QUESTION_ABOUT_FEATURE,CAMERA_3,resolution,I feel like the resolution is not very good,PRESENT_X,CAMERA_3,S_ANSWERS_QUESTION_ABOUT_FEATURE,CAMERA_3,resolution,This one has 23.2 megapixels resolution.,PRESENT_X,CAMERA_3,13~28
902,11,CAMERA_3,['CAMERA_3'],"{'CAMERA_1': [], 'CAMERA_2': [], 'CAMERA_3': ['effects', 'price', 'preset_modes', 'long_exposure', 'settings', 'resolution', 'sensor_size']}",C_QUESTION_ABOUT_FEATURE,CAMERA_3,sensor_size,do you know what is the sensor size for this camera,PRESENT_X,CAMERA_3,S_ANSWERS_QUESTION_ABOUT_FEATURE,CAMERA_3,sensor_size,This one has a full frame.,PRESENT_X,CAMERA_3,15~25
902,12,CAMERA_3,['CAMERA_3'],"{'CAMERA_1': [], 'CAMERA_2': [], 'CAMERA_3': ['effects', 'price', 'preset_modes', 'long_exposure', 'settings', 'resolution', 'sensor_size', 'weight']}",C_QUESTION_ABOUT_FEATURE,CAMERA_3,weight,I'm just a very light coming around heavy things in a bag how heavy is this,PRESENT_X,CAMERA_3,S_ANSWERS_QUESTION_ABOUT_FEATURE,CAMERA_3,weight,This one weighs 820 grams.,PRESENT_X,CAMERA_3,16~25
902,13,CAMERA_3,['CAMERA_3'],"{'CAMERA_1': [], 'CAMERA_2': [], 'CAMERA_3': ['effects', 'price', 'preset_modes', 'long_exposure', 'settings', 'resolution', 'sensor_size', 'weight', 'autofocus_points']}",C_QUESTION_ABOUT_FEATURE,CAMERA_3,autofocus_points,how many auto focus points does it have,PRESENT_X,CAMERA_3,S_ANSWERS_QUESTION_ABOUT_FEATURE,CAMERA_3,autofocus_points,This one has 214 autofocus points.,PRESENT_X,CAMERA_3,13~33
902,14,CAMERA_3,['CAMERA_3'],"{'CAMERA_1': [], 'CAMERA_2': [], 'CAMERA_3': ['effects', 'price', 'preset_modes', 'long_exposure', 'settings', 'resolution', 'sensor_size', 'weight', 'autofocus_points', 'color']}",C_SILENT_OR_BACKCHANNEL,CAMERA_3,NONE,ok,PRESENT_X,CAMERA_3,S_INTRODUCES_FEATURE,CAMERA_3,color,"This one comes in purple, white, silver, blue, red, or pink.",PRESENT_X,CAMERA_3,18~59
902,15,CAMERA_3,['CAMERA_3'],"{'CAMERA_1': [], 'CAMERA_2': [], 'CAMERA_3': ['effects', 'price', 'preset_modes', 'long_exposure', 'settings', 'resolution', 'sensor_size', 'weight', 'autofocus_points', 'color', 'camera_type']}",C_SILENT_OR_BACKCHANNEL,CAMERA_3,NONE,sounds good,PRESENT_X,CAMERA_3,S_INTRODUCES_FEATURE,CAMERA_3,camera_type,This is a point and shoot camera.,PRESENT_X,CAMERA_3,10~25
902,16,CAMERA_2,"['CAMERA_3', 'CAMERA_2']","{'CAMERA_1': [], 'CAMERA_2': [], 'CAMERA_3': ['effects', 'price', 'preset_modes', 'long_exposure', 'settings', 'resolution', 'sensor_size', 'weight', 'autofocus_points', 'color', 'camera_type']}",C_ANYTHING_ELSE_AVAILABLE,CAMERA_3,NONE,I see do you have any other options that you can show me,PRESENT_X,CAMERA_3,S_INTRODUCES_CAMERA,CAMERA_2,,Let me show you this. Here we have the Fujifilm Lumix ILC Camera.,PRESENT_X,CAMERA_2,39~64
902,17,CAMERA_2,"['CAMERA_3', 'CAMERA_2']","{'CAMERA_1': [], 'CAMERA_2': ['settings'], 'CAMERA_3': ['effects', 'price', 'preset_modes', 'long_exposure', 'settings', 'resolution', 'sensor_size', 'weight', 'autofocus_points', 'color', 'camera_type']}",C_QUESTION_ABOUT_FEATURE,CAMERA_2,settings,is this full manual,PRESENT_X,CAMERA_2,S_ANSWERS_QUESTION_ABOUT_FEATURE,CAMERA_2,settings,"This one has manual control and various automatic settings (video modeburst shooting, etc.).",PRESENT_X,CAMERA_2,13~91
902,18,CAMERA_2,"['CAMERA_3', 'CAMERA_2']","{'CAMERA_1': [], 'CAMERA_2': ['settings', 'resolution'], 'CAMERA_3': ['effects', 'price', 'preset_modes', 'long_exposure', 'settings', 'resolution', 'sensor_size', 'weight', 'autofocus_points', 'color', 'camera_type']}",C_SILENT_OR_BACKCHANNEL,CAMERA_2,NONE,IC,PRESENT_X,CAMERA_2,S_INTRODUCES_FEATURE,CAMERA_2,resolution,This one has 23.8 megapixels resolution.,PRESENT_X,CAMERA_2,13~28
902,19,CAMERA_2,"['CAMERA_3', 'CAMERA_2']","{'CAMERA_1': [], 'CAMERA_2': ['settings', 'resolution', 'preset_modes'], 'CAMERA_3': ['effects', 'price', 'preset_modes', 'long_exposure', 'settings', 'resolution', 'sensor_size', 'weight', 'autofocus_points', 'color', 'camera_type']}",C_QUESTION_ABOUT_FEATURE,CAMERA_2,preset_modes,can you please explain me more about the their priests mode,PRESENT_X,CAMERA_2,S_NOT_SURE,CAMERA_2,,I'm not really sure about that.,PRESENT_X,CAMERA_2,
902,20,NONE,"['CAMERA_3', 'CAMERA_2']","{'CAMERA_1': [], 'CAMERA_2': ['settings', 'resolution', 'preset_modes'], 'CAMERA_3': ['effects', 'price', 'preset_modes', 'long_exposure', 'settings', 'resolution', 'sensor_size', 'weight', 'autofocus_points', 'color', 'camera_type']}",C_THANK_YOU,CAMERA_2,NONE,thank you,PRESENT_X,CAMERA_2,S_THANK_YOU,CAMERA_2,NONE,thank you very much.,FACE_TO_FACE,NONE,
902,21,NONE,"['CAMERA_3', 'CAMERA_2']","{'CAMERA_1': [], 'CAMERA_2': ['settings', 'resolution', 'preset_modes'], 'CAMERA_3': ['effects', 'price', 'preset_modes', 'long_exposure', 'settings', 'resolution', 'sensor_size', 'weight', 'autofocus_points', 'color', 'camera_type']}",C_LEAVES,DOOR,NONE,,FACE_TO_FACE,NONE,S_RETURNS_TO_COUNTER,SERVICE_COUNTER,NONE,,WAITING,NONE,
903,1,NONE,[],"{'CAMERA_1': [], 'CAMERA_2': [], 'CAMERA_3': []}",C_ENTERS,DOOR,NONE,,WAITING,NONE,S_NONE,SERVICE_COUNTER,NONE,,WAITING,NONE,
903,2,NONE,[],"{'CAMERA_1': [], 'CAMERA_2': [], 'CAMERA_3': []}",C_WALKS_TO_CAMERA,CAMERA_2,NONE,,WAITING,NONE,S_GREETS,CAMERA_2,NONE,can I help you?,FACE_TO_FACE,NONE,
903,3,CAMERA_2,['CAMERA_2'],"{'CAMERA_1': [], 'CAMERA_2': [], 'CAMERA_3': []}",C_LOOKING_FOR_A_CAMERA,CAMERA_2,NONE,will I like to buy a camera but I'm not sure which one,FACE_TO_FACE,NONE,S_INTRODUCES_CAMERA,CAMERA_2,,Let me show you this. Here we have the Fujifilm Lumix ILC Camera.,PRESENT_X,CAMERA_2,39~64
903,4,CAMERA_2,['CAMERA_2'],"{'CAMERA_1': [], 'CAMERA_2': ['optical_zoom'], 'CAMERA_3': []}",C_SILENT_OR_BACKCHANNEL,CAMERA_2,NONE,okay great let's take care of business,PRESENT_X,CAMERA_2,S_INTRODUCES_FEATURE,CAMERA_2,optical_zoom,This one has 21x optical zoom.,PRESENT_X,CAMERA_2,13~29
903,5,CAMERA_2,['CAMERA_2'],"{'CAMERA_1': [], 'CAMERA_2': ['optical_zoom', 'color'], 'CAMERA_3': []}",C_QUESTION_ABOUT_FEATURE,CAMERA_2,color,when does it come in any other color,PRESENT_X,CAMERA_2,S_ANSWERS_QUESTION_ABOUT_FEATURE,CAMERA_2,color,This one comes in white or pink.,PRESENT_X,CAMERA_2,18~31
903,6,CAMERA_2,['CAMERA_2'],"{'CAMERA_1': [], 'CAMERA_2': ['optical_zoom', 'color', 'resolution'], 'CAMERA_3': []}",C_SILENT_OR_BACKCHANNEL,CAMERA_2,NONE,that's the part that sounds good,PRESENT_X,CAMERA_2,S_INTRODUCES_FEATURE,CAMERA_2,resolution,This one has 23.8 megapixels resolution.,PRESENT_X,CAMERA_2,13~28
903,7,NONE,['CAMERA_2'],"{'CAMERA_1': [], 'CAMERA_2': ['optical_zoom', 'color', 'resolution'], 'CAMERA_3': []}",C_THANK_YOU,CAMERA_2,NONE,ok thanks for your help,PRESENT_X,CAMERA_2,S_THANK_YOU,CAMERA_2,NONE,thank you very much.,FACE_TO_FACE,NONE,
903,8,NONE,['CAMERA_2'],"{'CAMERA_1': [], 'CAMERA_2': ['optical_zoom', 'color', 'resolution'], 'CAMERA_3': []}",C_LEAVES,DOOR,NONE,,FACE_TO_FACE,NONE,S_RETURNS_TO_COUNTER,SERVICE_COUNTER,NONE,,WAITING,NONE,
904,1,NONE,[],"{'CAMERA_1': [], 'CAMERA_2': [], 'CAMERA_3': []}",C_ENTERS,DOOR,NONE,,WAITING,NONE,S_NONE,SERVICE_COUNTER,NONE,,WAITING,NONE,
904,2,NONE,[],"{'CAMERA_1': [], 'CAMERA_2': [], 'CAMERA_3': []}",C_GREETS,MIDDLE,NONE,excuse me,WAITING,NONE,S_GREETS,MIDDLE,NONE,can I help you?,FACE_TO_FACE,NONE,
904,3,CAMERA_1,['CAMERA_1'],"{'CAMERA_1': [], 'CAMERA_2': [], 'CAMERA_3': []}",C_LOOKING_FOR_A_CAMERA,MIDDLE,NONE,it's actually my first time buying a camera so I'm not very sure which is a good one,FACE_TO_FACE,NONE,S_INTRODUCES_CAMERA,CAMERA_1,,Let me show you this. Here we have the Sony PowerShot ELPH DMC-ZS3.,PRESENT_X,CAMERA_1,39~66
904,4,CAMERA_1,['CAMERA_1'],"{'CAMERA_1': ['color'], 'CAMERA_2': [], 'CAMERA_3': []}",C_QUESTION_ABOUT_FEATURE,CAMERA_1,color,does it come in any colors close to White,PRESENT_X,CAMERA_1,S_ANSWERS_QUESTION_ABOUT_FEATURE,CAMERA_1,color,This one comes in blue or black.,PRESENT_X,CAMERA_1,18~31
904,5,CAMERA_1,['CAMERA_1'],"{'CAMERA_1': ['color', 'sensor_size'], 'CAMERA_2': [], 'CAMERA_3': []}",C_QUESTION_ABOUT_FEATURE,CAMERA_1,sensor_size,hello how big is there is a sensor,PRESENT_X,CAMERA_1,S_ANSWERS_QUESTION_ABOUT_FEATURE,CAMERA_1,sensor_size,This one has a 1/2.3 inch CMOS sensor.,PRESENT_X,CAMERA_1,15~37
904,6,NONE,['CAMERA_1'],"{'CAMERA_1': ['color', 'sensor_size'], 'CAMERA_2': [], 'CAMERA_3': []}",C_THANK_YOU,CAMERA_1,NONE,okay thank you so much for the help,PRESENT_X,CAMERA_1,S_THANK_YOU,CAMERA_1,NONE,thank you very much.,FACE_TO_FACE,NONE,
904,7,NONE,['CAMERA_1'],"{'CAMERA_1': ['color', 'sensor_size'], 'CAMERA_2': [], 'CAMERA_3': []}",C_LEAVES,DOOR,NONE,,FACE_TO_FACE,NONE,S_RETURNS_TO_COUNTER,SERVICE_COUNTER,NONE,,WAITING,NONE,
905,1,NONE,[],"{'CAMERA_1': [], 'CAMERA_2': [], 'CAMERA_3': []}",C_ENTERS,DOOR,NONE,,WAITING,NONE,S_NONE,SERVICE_COUNTER,NONE,,WAITING,NONE,
905,2,NONE,[],"{'CAMERA_1': [], 'CAMERA_2': [], 'CAMERA_3': []}",C_WALKS_TO_CAMERA,CAMERA_1,NONE,,WAITING,NONE,S_GREETS,CAMERA_1,NONE,can I help you?,FACE_TO_FACE,NONE,
905,3,CAMERA_1,['CAMERA_1'],"{'CAMERA_1': [], 'CAMERA_2': [], 'CAMERA_3': []}",C_LOOKING_FOR_A_CAMERA,CAMERA_1,NONE,could I have a look at this camera,FACE_TO_FACE,NONE,S_INTRODUCES_CAMERA,CAMERA_1,,Let me show you this. Here we have the Sony PowerShot ELPH DMC-ZS3.,PRESENT_X,CAMERA_1,39~66
905,4,CAMERA_1,['CAMERA_1'],"{'CAMERA_1': ['weight'], 'CAMERA_2': [], 'CAMERA_3': []}",C_SILENT_OR_BACKCHANNEL,CAMERA_1,NONE,IC,PRESENT_X,CAMERA_1,S_INTRODUCES_FEATURE,CAMERA_1,weight,This one weighs 800 grams.,PRESENT_X,CAMERA_1,16~25
905,5,NONE,['CAMERA_1'],"{'CAMERA_1': ['weight'], 'CAMERA_2': [], 'CAMERA_3': []}",C_THANK_YOU,CAMERA_1,NONE,thank you very much for your time,PRESENT_X,CAMERA_1,S_THANK_YOU,CAMERA_1,NONE,thank you very much.,FACE_TO_FACE,NONE,
905,6,NONE,['CAMERA_1'],"{'CAMERA_1': ['weight'], 'CAMERA_2': [], 'CAMERA_3': []}",C_LEAVES,DOOR,NONE,,FACE_TO_FACE,NONE,S_RETURNS_TO_COUNTER,SERVICE_COUNTER,NONE,,WAITING,NONE,
906,1,NONE,[],"{'CAMERA_1': [], 'CAMERA_2': [], 'CAMERA_3': []}",C_ENTERS,DOOR,NONE,,WAITING,NONE,S_NONE,SERVICE_COUNTER,NONE,,WAITING,NONE,
906,2,NONE,[],"{'CAMERA_1': [], 'CAMERA_2': [], 'CAMERA_3': []}",C_GREETS,MIDDLE,NONE,excuse me can you help me with this,WAITING,NONE,S_GREETS,MIDDLE,NONE,can I help you?,FACE_TO_FACE,NONE,
906,3,CAMERA_3,['CAMERA_3'],"{'CAMERA_1': [], 'CAMERA_2': [], 'CAMERA_3': []}",C_LOOKING_FOR_A_CAMERA,MIDDLE,NONE,hi good afternoon I'm looking for a camera for my son just graduated from school and I would like to buy him a new camera,FACE_TO_FACE,NONE,S_INTRODUCES_CAMERA,CAMERA_3,,Let me show you this. Here we have the Fujifilm PowerShot ELPH S2800.,PRESENT_X,CAMERA_3,39~68
906,4,CAMERA_3,['CAMERA_3'],"{'CAMERA_1': [], 'CAMERA_2': [], 'CAMERA_3': ['long_exposure']}",C_SILENT_OR_BACKCHANNEL,CAMERA_3,NONE,IC,PRESENT_X,CAMERA_3,S_INTRODUCES_FEATURE,CAMERA_3,long_exposure,This one can take long exposures up to 30 minutes max with bulb mode.,PRESENT_X,CAMERA_3,39~68
906,5,CAMERA_3,['CAMERA_3'],"{'CAMERA_1': [], 'CAMERA_2': [], 'CAMERA_3': ['long_exposure', 'settings']}",C_QUESTION_ABOUT_FEATURE,CAMERA_3,settings,and where about the manual setting,PRESENT_X,CAMERA_3,S_ANSWERS_QUESTION_ABOUT_FEATURE,CAMERA_3,settings,"This one has manual control and various automatic settings (video modeburst shooting, etc.).",PRESENT_X,CAMERA_3,13~91
906,6,CAMERA_3,['CAMERA_3'],"{'CAMERA_1': [], 'CAMERA_2': [], 'CAMERA_3': ['long_exposure', 'settings', 'autofocus_points']}",C_SILENT_OR_BACKCHANNEL,CAMERA_3,NONE,I see,PRESENT_X,CAMERA_3,S_INTRODUCES_FEATURE,CAMERA_3,autofocus_points,This one has 214 autofocus points.,PRESENT_X,CAMERA_3,13~33
906,7,CAMERA_3,['CAMERA_3'],"{'CAMERA_1': [], 'CAMERA_2': [], 'CAMERA_3': ['long_exposure', 'settings', 'autofocus_points', 'sensor_size']}",C_SILENT_OR_BACKCHANNEL,CAMERA_3,NONE,you're actually it's the way is feels really nice,PRESENT_X,CAMERA_3,S_INTRODUCES_FEATURE,CAMERA_3,sensor_size,This one has a full frame.,PRESENT_X,CAMERA_3,15~25
906,8,NONE,['CAMERA_3'],"{'CAMERA_1': [], 'CAMERA_2': [], 'CAMERA_3': ['long_exposure', 'settings', 'autofocus_points', 'sensor_size']}",C_THANK_YOU,CAMERA_3,NONE,thank you,PRESENT_X,CAMERA_3,S_THANK_YOU,CAMERA_3,NONE,thank you very much.,FACE_TO_FACE,NONE,
906,9,NONE,['CAMERA_3'],"{'CAMERA_1': [], 'CAMERA_2': [], 'CAMERA_3': ['long_exposure', 'settings', 'autofocus_points', 'sensor_size']}",C_LEAVES,DOOR,NONE,,FACE_TO_FACE,NONE,S_RETURNS_TO_COUNTER,SERVICE_COUNTER,NONE,,WAITING,NONE,
907,1,NONE,[],"{'CAMERA_1': [], 'CAMERA_2': [], 'CAMERA_3': []}",C_ENTERS,DOOR,NONE,,WAITING,NONE,S_NONE,SERVICE_COUNTER,NONE,,WAITING,NONE,
907,2,NONE,[],"{'CAMERA_1': [], 'CAMERA_2': [], 'CAMERA_3': []}",C_GREETS,MIDDLE,NONE,hi good afternoon,WAITING,NONE,S_GREETS,MIDDLE,NONE,can I help you?,FACE_TO_FACE,NONE,
907,3,CAMERA_1,['CAMERA_1'],"{'CAMERA_1': [], 'CAMERA_2': [], 'CAMERA_3': []}",C_LOOKING_FOR_A_CAMERA,MIDDLE,NONE,hi good afternoon I'm starting college next semester and I'll be taking at school need a camera that has professional pictures,FACE_TO_FACE,NONE,S_INTRODUCES_CAMERA,CAMERA_1,,Let me show you this. Here we have the Sony PowerShot ELPH DMC-ZS3.,PRESENT_X,CAMERA_1,39~66
907,4,CAMERA_1,['CAMERA_1'],"{'CAMERA_1': ['optical_zoom'], 'CAMERA_2': [], 'CAMERA_3': []}",C_QUESTION_ABOUT_FEATURE,CAMERA_1,optical_zoom,how far does the zoom on this one go,PRESENT_X,CAMERA_1,S_ANSWERS_QUESTION_ABOUT_FEATURE,CAMERA_1,optical_zoom,This one has 21x optical zoom.,PRESENT_X,CAMERA_1,13~29
907,5,CAMERA_1,['CAMERA_1'],"{'CAMERA_1': ['optical_zoom', 'autofocus_points'], 'CAMERA_2': [], 'CAMERA_3': []}",C_SILENT_OR_BACKCHANNEL,CAMERA_1,NONE,I'm interested in this cannon he looks pretty good,PRESENT_X,CAMERA_1,S_INTRODUCES_FEATURE,CAMERA_1,autofocus_points,This one has 135 autofocus points.,PRESENT_X,CAMERA_1,13~33
907,6,CAMERA_1,['CAMERA_1'],"{'CAMERA_1': ['optical_zoom', 'autofocus_points', 'sensor_size'], 'CAMERA_2': [], 'CAMERA_3': []}",C_SILENT_OR_BACKCHANNEL,CAMERA_1,NONE,okay,PRESENT_X,CAMERA_1,S_INTRODUCES_FEATURE,CAMERA_1,sensor_size,This one has a 1/2.3 inch CMOS sensor.,PRESENT_X,CAMERA_1,15~37
907,7,CAMERA_1,['CAMERA_1'],"{'CAMERA_1': ['optical_zoom', 'autofocus_points', 'sensor_size', 'price'], 'CAMERA_2': [], 'CAMERA_3': []}",C_SILENT_OR_BACKCHANNEL,CAMERA_1,NONE,yeah that's right this is very nice,PRESENT_X,CAMERA_1,S_INTRODUCES_FEATURE,CAMERA_1,price,This one costs $450.,PRESENT_X,CAMERA_1,15~19
907,8,CAMERA_1,['CAMERA_1'],"{'CAMERA_1': ['optical_zoom', 'autofocus_points', 'sensor_size', 'price', 'camera_type'], 'CAMERA_2': [], 'CAMERA_3': []}",C_SILENT_OR_BACKCHANNEL,CAMERA_1,NONE,the result does look good,PRESENT_X,CAMERA_1,S_INTRODUCES_FEATURE,CAMERA_1,camera_type,This is a DSLR camera.,PRESENT_X,CAMERA_1,10~14
907,9,CAMERA_3,"['CAMERA_1', 'CAMERA_3']","{'CAMERA_1': ['optical_zoom', 'autofocus_points', 'sensor_size', 'price', 'camera_type'], 'CAMERA_2': [], 'CAMERA_3': []}",C_ANYTHING_ELSE_AVAILABLE,CAMERA_1,NONE,maybe did you have a another camera you recommend,PRESENT_X,CAMERA_1,S_INTRODUCES_CAMERA,CAMERA_3,,Let me show you this. Here we have the Fujifilm PowerShot ELPH S2800.,PRESENT_X,CAMERA_3,39~68
907,10,CAMERA_3,"['CAMERA_1', 'CAMERA_3']","{'CAMERA_1': ['optical_zoom', 'autofocus_points', 'sensor_size', 'price', 'camera_type'], 'CAMERA_2': [], 'CAMERA_3': ['settings']}",C_SILENT_OR_BACKCHANNEL,CAMERA_3,NONE,that's great,PRESENT_X,CAMERA_3,S_INTRODUCES_FEATURE,CAMERA_3,settings,"This one has manual control and various automatic settings (video modeburst shooting, etc.).",PRESENT_X,CAMERA_3,13~91
907,11,CAMERA_3,"['CAMERA_1', 'CAMERA_3']","{'CAMERA_1': ['optical_zoom', 'autofocus_points', 'sensor_size', 'price', 'camera_type'], 'CAMERA_2': [], 'CAMERA_3': ['settings', 'effects']}",C_QUESTION_ABOUT_FEATURE,CAMERA_3,effects,does it have artistic effect lights,PRESENT_X,CAMERA_3,S_ANSWERS_QUESTION_ABOUT_FEATURE,CAMERA_3,effects,"This one has 21 photo effects (small face, retro, big eyes, etc.).",PRESENT_X,CAMERA_3,13~65
907,12,CAMERA_3,"['CAMERA_1', 'CAMERA_3']","{'CAMERA_1': ['optical_zoom', 'autofocus_points', 'sensor_size', 'price', 'camera_type'], 'CAMERA_2': [], 'CAMERA_3': ['settings', 'effects', 'color']}",C_QUESTION_ABOUT_FEATURE,CAMERA_3,color,does it come in any other colors,PRESENT_X,CAMERA_3,S_ANSWERS_QUESTION_ABOUT_FEATURE,CAMERA_3,color,"This one comes in purple, white, silver, blue, red, or pink.",PRESENT_X,CAMERA_3,18~59
907,13,CAMERA_3,"['CAMERA_1', 'CAMERA_3']","{'CAMERA_1': ['optical_zoom', 'autofocus_points', 'sensor_size', 'price', 'camera_type'], 'CAMERA_2': [], 'CAMERA_3': ['settings', 'effects', 'color', 'sensor_size']}",C_SILENT_OR_BACKCHANNEL,CAMERA_3,NONE,let's see,PRESENT_X,CAMERA_3,S_INTRODUCES_FEATURE,CAMERA_3,sensor_size,This one has a full frame.,PRESENT_X,CAMERA_3,15~25
907,14,CAMERA_3,"['CAMERA_1', 'CAMERA_3']","{'CAMERA_1': ['optical_zoom', 'autofocus_points', 'sensor_size', 'price', 'camera_type'], 'CAMERA_2': [], 'CAMERA_3': ['settings', 'effects', 'color', 'sensor_size', 'ISO']}",C_SILENT_OR_BACKCHANNEL,CAMERA_3,NONE,sounds good,PRESENT_X,CAMERA_3,S_INTRODUCES_FEATURE,CAMERA_3,ISO,This one has up to 3200 ISO with little noise.,PRESENT_X,CAMERA_3,13~45
907,15,CAMERA_3,"['CAMERA_1', 'CAMERA_3']","{'CAMERA_1': ['optical_zoom', 'autofocus_points', 'sensor_size', 'price', 'camera_type'], 'CAMERA_2': [], 'CAMERA_3': ['settings', 'effects', 'color', 'sensor_size', 'ISO', 'resolution']}",C_QUESTION_ABOUT_FEATURE,CAMERA_3,resolution,Oh what kind of resolution to the house hun,PRESENT_X,CAMERA_3,S_ANSWERS_QUESTION_ABOUT_FEATURE,CAMERA_3,resolution,This one has 23.2 megapixels resolution.,PRESENT_X,CAMERA_3,13~28
907,16,CAMERA_3,"['CAMERA_1', 'CAMERA_3']","{'CAMERA_1': ['optical_zoom', 'autofocus_points', 'sensor_size', 'price', 'camera_type'], 'CAMERA_2': [], 'CAMERA_3': ['settings', 'effects', 'color', 'sensor_size', 'ISO', 'resolution', 'camera_type']}",C_QUESTION_ABOUT_FEATURE,CAMERA_3,camera_type,is this a point and shoot camera,PRESENT_X,CAMERA_3,S_ANSWERS_QUESTION_ABOUT_FEATURE,CAMERA_3,camera_type,This is a point and shoot camera.,PRESENT_X,CAMERA_3,10~25
907,17,CAMERA_3,"['CAMERA_1', 'CAMERA_3']","{'CAMERA_1': ['optical_zoom', 'autofocus_points', 'sensor_size', 'price', 'camera_type'], 'CAMERA_2': [], 'CAMERA_3': ['settings', 'effects', 'color', 'sensor_size', 'ISO', 'resolution', 'camera_type', 'autofocus_points']}",C_SILENT_OR_BACKCHANNEL,CAMERA_3,NONE,it seems like a pretty good camera,PRESENT_X,CAMERA_3,S_INTRODUCES_FEATURE,CAMERA_3,autofocus_points,This one has 214 autofocus points.,PRESENT_X,CAMERA_3,13~33
907,18,CAMERA_3,"['CAMERA_1', 'CAMERA_3']","{'CAMERA_1': ['optical_zoom', 'autofocus_points', 'sensor_size', 'price', 'camera_type'], 'CAMERA_2': [], 'CAMERA_3': ['settings', 'effects', 'color', 'sensor_size', 'ISO', 'resolution', 'camera_type', 'autofocus_points', 'weight']}",C_SILENT_OR_BACKCHANNEL,CAMERA_3,NONE,ok,PRESENT_X,CAMERA_3,S_INTRODUCES_FEATURE,CAMERA_3,weight,This one weighs 820 grams.,PRESENT_X,CAMERA_3,16~25
907,19,CAMERA_3,"['CAMERA_1', 'CAMERA_3']","{'CAMERA_1': ['optical_zoom', 'autofocus_points', 'sensor_size', 'price', 'camera_type'], 'CAMERA_2': [], 'CAMERA_3': ['settings', 'effects', 'color', 'sensor_size', 'ISO', 'resolution', 'camera_type', 'autofocus_points', 'weight', 'price']}",C_SILENT_OR_BACKCHANNEL,CAMERA_3,NONE,IC,PRESENT_X,CAMERA_3,S_INTRODUCES_FEATURE,CAMERA_3,price,This one costs $518.,PRESENT_X,CAMERA_3,15~19
907,20,CAMERA_3,"['CAMERA_1', 'CAMERA_3']","{'CAMERA_1': ['optical_zoom', 'autofocus_points', 'sensor_size', 'price', 'camera_type'], 'CAMERA_2': [], 'CAMERA_3': ['settings', 'effects', 'color', 'sensor_size', 'ISO', 'resolution', 'camera_type', 'autofocus_points', 'weight', 'price', 'long_exposure']}",C_SILENT_OR_BACKCHANNEL,CAMERA_3,NONE,that's good,PRESENT_X,CAMERA_3,S_INTRODUCES_FEATURE,CAMERA_3,long_exposure,This one can take long exposures up to 30 minutes max with bulb mode.,PRESENT_X,CAMERA_3,39~68
907,21,CAMERA_3,"['CAMERA_1', 'CAMERA_3']","{'CAMERA_1': ['optical_zoom', 'autofocus_points', 'sensor_size', 'price', 'camera_type'], 'CAMERA_2': [], 'CAMERA_3': ['settings', 'effects', 'color', 'sensor_size', 'ISO', 'resolution', 'camera_type', 'autofocus_points', 'weight', 'price', 'long_exposure', 'preset_modes']}",C_QUESTION_ABOUT_FEATURE,CAMERA_3,preset_modes,what about the modes,PRESENT_X,CAMERA_3,S_ANSWERS_QUESTION_ABOUT_FEATURE,CAMERA_3,preset_modes,This one has various preset modes.,PRESENT_X,CAMERA_3,13~33
907,22,CAMERA_3,"['CAMERA_1', 'CAMERA_3']","{'CAMERA_1': ['optical_zoom', 'autofocus_points', 'sensor_size', 'price', 'camera_type'], 'CAMERA_2': [], 'CAMERA_3': ['settings', 'effects', 'color', 'sensor_size', 'ISO', 'resolution', 'camera_type', 'autofocus_points', 'weight', 'price', 'long_exposure', 'preset_modes', 'settings']}",C_SILENT_OR_BACKCHANNEL,CAMERA_3,NONE,wow that's really nice to you,PRESENT_X,CAMERA_3,S_INTRODUCES_FEATURE,CAMERA_3,settings,"This one has manual control and various automatic settings (video modeburst shooting, etc.).",PRESENT_X,CAMERA_3,13~91
907,23,CAMERA_3,"['CAMERA_1', 'CAMERA_3']","{'CAMERA_1': ['optical_zoom', 'autofocus_points', 'sensor_size', 'price', 'camera_type'], 'CAMERA_2': [], 'CAMERA_3': ['settings', 'effects', 'color', 'sensor_size', 'ISO', 'resolution', 'camera_type', 'autofocus_points', 'weight', 'price', 'long_exposure', 'preset_modes', 'settings', 'optical_zoom']}",C_QUESTION_ABOUT_FEATURE,CAMERA_3,optical_zoom,Sharp Images High and optical zoom does that mean the lens comes out,PRESENT_X,CAMERA_3,S_NOT_SURE,CAMERA_3,,I'm not really sure about that.,PRESENT_X,CAMERA_3,
907,24,NONE,"['CAMERA_1', 'CAMERA_3']","{'CAMERA_1': ['optical_zoom', 'autofocus_points', 'sensor_size', 'price', 'camera_type'], 'CAMERA_2': [], 'CAMERA_3': ['settings', 'effects', 'color', 'sensor_size', 'ISO', 'resolution', 'camera_type', 'autofocus_points', 'weight', 'price', 'long_exposure', 'preset_modes', 'settings', 'optical_zoom']}",C_THANK_YOU,CAMERA_3,NONE,thank you for your help,PRESENT_X,CAMERA_3,S_THANK_YOU,CAMERA_3,NONE,thank you very much.,FACE_TO_FACE,NONE,
907,25,NONE,"['CAMERA_1', 'CAMERA_3']","{'CAMERA_1': ['optical_zoom', 'autofocus_points', 'sensor_size', 'price', 'camera_type'], 'CAMERA_2': [], 'CAMERA_3': ['settings', 'effects', 'color', 'sensor_size', 'ISO', 'resolution', 'camera_type', 'autofocus_points', 'weight', 'price', 'long_exposure', 'preset_modes', 'settings', 'optical_zoom']}",C_LEAVES,DOOR,NONE,,FACE_TO_FACE,NONE,S_RETURNS_TO_COUNTER,SERVICE_COUNTER,NONE,,WAITING,NONE,
908,1,NONE,[],"{'CAMERA_1': [], 'CAMERA_2': [], 'CAMERA_3': []}",C_ENTERS,DOOR,NONE,,WAITING,NONE,S_NONE,SERVICE_COUNTER,NONE,,WAITING,NONE,
908,2,NONE,[],"{'CAMERA_1': [], 'CAMERA_2': [], 'CAMERA_3': []}",C_WALKS_TO_CAMERA,CAMERA_3,NONE,,WAITING,NONE,S_GREETS,CAMERA_3,NONE,can I help you?,FACE_TO_FACE,NONE,
908,3,CAMERA_3,['CAMERA_3'],"{'CAMERA_1': [], 'CAMERA_2': [], 'CAMERA_3': []}",C_LOOKING_FOR_A_CAMERA,CAMERA_3,NONE,could I have a look at this camera,FACE_TO_FACE,NONE,S_INTRODUCES_CAMERA,CAMERA_3,,Let me show you this. Here we have the Fujifilm PowerShot ELPH S2800.,PRESENT_X,CAMERA_3,39~68
908,4,CAMERA_3,['CAMERA_3'],"{'CAMERA_1': [], 'CAMERA_2': [], 'CAMERA_3': ['weight']}",C_SILENT_OR_BACKCHANNEL,CAMERA_3,NONE,alright,PRESENT_X,CAMERA_3,S_INTRODUCES_FEATURE,CAMERA_3,weight,This one weighs 820 grams.,PRESENT_X,CAMERA_3,16~25
908,5,CAMERA_3,['CAMERA_3'],"{'CAMERA_1': [], 'CAMERA_2': [], 'CAMERA_3': ['weight', 'resolution']}",C_SILENT_OR_BACKCHANNEL,CAMERA_3,NONE,okay that sounds good,PRESENT_X,CAMERA_3,S_INTRODUCES_FEATURE,CAMERA_3,resolution,This one has 23.2 megapixels resolution.,PRESENT_X,CAMERA_3,13~28
908,6,CAMERA_2,"['CAMERA_3', 'CAMERA_2']","{'CAMERA_1': [], 'CAMERA_2': [], 'CAMERA_3': ['weight', 'resolution']}",C_ANYTHING_ELSE_AVAILABLE,CAMERA_3,NONE,I see do you have any other options that you can show me,PRESENT_X,CAMERA_3,S_INTRODUCES_CAMERA,CAMERA_2,,Let me show you this. Here we have the Fujifilm Lumix ILC Camera.,PRESENT_X,CAMERA_2,39~64
908,7,CAMERA_2,"['CAMERA_3', 'CAMERA_2']","{'CAMERA_1': [], 'CAMERA_2': ['weight'], 'CAMERA_3': ['weight', 'resolution']}",C_SILENT_OR_BACKCHANNEL,CAMERA_2,NONE,ok,PRESENT_X,CAMERA_2,S_INTRODUCES_FEATURE,CAMERA_2,weight,This one weighs 820 grams.,PRESENT_X,CAMERA_2,16~25
908,8,CAMERA_2,"['CAMERA_3', 'CAMERA_2']","{'CAMERA_1': [], 'CAMERA_2': ['weight', 'resolution'], 'CAMERA_3': ['weight', 'resolution']}",C_SILENT_OR_BACKCHANNEL,CAMERA_2,NONE,that sounds pretty good like a really good camera,PRESENT_X,CAMERA_2,S_INTRODUCES_FEATURE,CAMERA_2,resolution,This one has 23.8 megapixels resolution.,PRESENT_X,CAMERA_2,13~28
908,9,CAMERA_2,"['CAMERA_3', 'CAMERA_2']","{'CAMERA_1': [], 'CAMERA_2': ['weight', 'resolution', 'settings'], 'CAMERA_3': ['weight', 'resolution']}",C_SILENT_OR_BACKCHANNEL,CAMERA_2,NONE,ok,PRESENT_X,CAMERA_2,S_INTRODUCES_FEATURE,CAMERA_2,settings,"This one has manual control and various automatic settings (video modeburst shooting, etc.).",PRESENT_X,CAMERA_2,13~91
908,10,NONE,"['CAMERA_3', 'CAMERA_2']","{'CAMERA_1': [], 'CAMERA_2': ['weight', 'resolution', 'settings'], 'CAMERA_3': ['weight', 'resolution']}",C_THANK_YOU,CAMERA_2,NONE,well I think about it thank you,PRESENT_X,CAMERA_2,S_THANK_YOU,CAMERA_2,NONE,thank you very much.,FACE_TO_FACE,NONE,
908,11,NONE,"['CAMERA_3', 'CAMERA_2']","{'CAMERA_1': [], 'CAMERA_2': ['weight', 'resolution', 'settings'], 'CAMERA_3': ['weight', 'resolution']}",C_LEAVES,DOOR,NONE,,FACE_TO_FACE,NONE,S_RETURNS_TO_COUNTER,SERVICE_COUNTER,NONE,,WAITING,NONE,
909,1,NONE,[],"{'CAMERA_1': [], 'CAMERA_2': [], 'CAMERA_3': []}",C_ENTERS,DOOR,NONE,,WAITING,NONE,S_NONE,SERVICE_COUNTER,NONE,,WAITING,NONE,
909,2,NONE,[],"{'CAMERA_1': [], 'CAMERA_2': [], 'CAMERA_3': []}",C_GREETS,MIDDLE,NONE,hello good morning,WAITING,NONE,S_GREETS,MIDDLE,NONE,can I help you?,FACE_TO_FACE,NONE,
909,3,CAMERA_2,['CAMERA_2'],"{'CAMERA_1': [], 'CAMERA_2': [], 'CAMERA_3': []}",C_LOOKING_FOR_A_CAMERA,MIDDLE,NONE,I want to look at the new cameras that you have,FACE_TO_FACE,NONE,S_INTRODUCES_CAMERA,CAMERA_2,,Let me show you this. Here we have the Fujifilm Lumix ILC Camera.,PRESENT_X,CAMERA_2,39~64
909,4,CAMERA_2,['CAMERA_2'],"{'CAMERA_1': [], 'CAMERA_2': ['optical_zoom'], 'CAMERA_3': []}",C_QUESTION_ABOUT_FEATURE,CAMERA_2,optical_zoom,can I lick a zoom in,PRESENT_X,CAMERA_2,S_ANSWERS_QUESTION_ABOUT_FEATURE,CAMERA_2,optical_zoom,This one has 21x optical zoom.,PRESENT_X,CAMERA_2,13~29
909,5,NONE,['CAMERA_2'],"{'CAMERA_1': [], 'CAMERA_2': ['optical_zoom'], 'CAMERA_3': []}",C_THANK_YOU,CAMERA_2,NONE,thank you for your support,PRESENT_X,CAMERA_2,S_THANK_YOU,CAMERA_2,NONE,thank you very much.,FACE_TO_FACE,NONE,
909,6,NONE,['CAMERA_2'],"{'CAMERA_1': [], 'CAMERA_2': ['optical_zoom'], 'CAMERA_3': []}",C_LEAVES,DOOR,NONE,,FACE_TO_FACE,NONE,S_RETURNS_TO_COUNTER,SERVICE_COUNTER,NONE,,WAITING,NONE,
910,1,NONE,[],"{'CAMERA_1': [], 'CAMERA_2': [], 'CAMERA_3': []}",C_ENTERS,DOOR,NONE,,WAITING,NONE,S_NONE,SERVICE_COUNTER,NONE,,WAITING,NONE,
910,2,NONE,[],"{'CAMERA_1': [], 'CAMERA_2': [], 'CAMERA_3': []}",C_GREETS,MIDDLE,NONE,use me,WAITING,NONE,S_GREETS,MIDDLE,NONE,can I help you?,FACE_TO_FACE,NONE,
910,3,CAMERA_3,['CAMERA_3'],"{'CAMERA_1': [], 'CAMERA_2': [], 'CAMERA_3': []}",C_LOOKING_FOR_A_CAMERA,MIDDLE,NONE,hi good afternoon I'm starting college next semester and I'll be taking at school need a camera that has professional pictures,FACE_TO_FACE,NONE,S_INTRODUCES_CAMERA,CAMERA_3,,Let me show you this. Here we have the Fujifilm PowerShot ELPH S2800.,PRESENT_X,CAMERA_3,39~68
910,4,CAMERA_3,['CAMERA_3'],"{'CAMERA_1': [], 'CAMERA_2': [], 'CAMERA_3': ['color']}",C_QUESTION_ABOUT_FEATURE,CAMERA_3,color,hopefully this camera had any colors,PRESENT_X,CAMERA_3,S_ANSWERS_QUESTION_ABOUT_FEATURE,CAMERA_3,color,"This one comes in purple, white, silver, blue, red, or pink.",PRESENT_X,CAMERA_3,18~59
910,5,CAMERA_3,['CAMERA_3'],"{'CAMERA_1': [], 'CAMERA_2': [], 'CAMERA_3': ['color', 'long_exposure']}",C_QUESTION_ABOUT_FEATURE,CAMERA_3,long_exposure,good good good and long exposure,PRESENT_X,CAMERA_3,S_ANSWERS_QUESTION_ABOUT_FEATURE,CAMERA_3,long_exposure,This one can take long exposures up to 30 minutes max with bulb mode.,PRESENT_X,CAMERA_3,39~68
910,6,CAMERA_3,['CAMERA_3'],"{'CAMERA_1': [], 'CAMERA_2': [], 'CAMERA_3': ['color', 'long_exposure', 'resolution']}",C_SILENT_OR_BACKCHANNEL,CAMERA_3,NONE,that's great,PRESENT_X,CAMERA_3,S_INTRODUCES_FEATURE,CAMERA_3,resolution,This one has 23.2 megapixels resolution.,PRESENT_X,CAMERA_3,13~28
910,7,CAMERA_3,['CAMERA_3'],"{'CAMERA_1': [], 'CAMERA_2': [], 'CAMERA_3': ['color', 'long_exposure', 'resolution', 'optical_zoom']}",C_QUESTION_ABOUT_FEATURE,CAMERA_3,optical_zoom,okay that's the drawback okay and he comes here with optical zoom,PRESENT_X,CAMERA_3,S_NOT_SURE,CAMERA_3,,I'm not really sure about that.,PRESENT_X,CAMERA_3,
910,8,CAMERA_3,['CAMERA_3'],"{'CAMERA_1': [], 'CAMERA_2': [], 'CAMERA_3': ['color', 'long_exposure', 'resolution', 'optical_zoom', 'ISO']}",C_QUESTION_ABOUT_FEATURE,CAMERA_3,ISO,so how high does the iso go,PRESENT_X,CAMERA_3,S_ANSWERS_QUESTION_ABOUT_FEATURE,CAMERA_3,ISO,This one has up to 3200 ISO with little noise.,PRESENT_X,CAMERA_3,13~45
910,9,CAMERA_2,"['CAMERA_3', 'CAMERA_2']","{'CAMERA_1': [], 'CAMERA_2': [], 'CAMERA_3': ['color', 'long_exposure', 'resolution', 'optical_zoom', 'ISO']}",C_ANYTHING_ELSE_AVAILABLE,CAMERA_3,NONE,do you have any other cameras like this,PRESENT_X,CAMERA_3,S_INTRODUCES_CAMERA,CAMERA_2,,Let me show you this. Here we have the Fujifilm Lumix ILC Camera.,PRESENT_X,CAMERA_2,39~64
910,10,CAMERA_2,"['CAMERA_3', 'CAMERA_2']","{'CAMERA_1': [], 'CAMERA_2': ['preset_modes'], 'CAMERA_3': ['color', 'long_exposure', 'resolution', 'optical_zoom', 'ISO']}",C_QUESTION_ABOUT_FEATURE,CAMERA_2,preset_modes,is the other one with menu settings is that lighter or heavier than its camera,PRESENT_X,CAMERA_2,S_NOT_SURE,CAMERA_2,,I'm not really sure about that.,PRESENT_X,CAMERA_2,
910,11,CAMERA_2,"['CAMERA_3', 'CAMERA_2']","{'CAMERA_1': [], 'CAMERA_2': ['preset_modes', 'autofocus_points'], 'CAMERA_3': ['color', 'long_exposure', 'resolution', 'optical_zoom', 'ISO']}",C_QUESTION_ABOUT_FEATURE,CAMERA_2,autofocus_points,how many auto focus points does this camera have,PRESENT_X,CAMERA_2,S_NOT_SURE,CAMERA_2,,I'm not really sure about that.,PRESENT_X,CAMERA_2,
910,12,CAMERA_2,"['CAMERA_3', 'CAMERA_2']","{'CAMERA_1': [], 'CAMERA_2': ['preset_modes', 'autofocus_points', 'long_exposure'], 'CAMERA_3': ['color', 'long_exposure', 'resolution', 'optical_zoom', 'ISO']}",C_SILENT_OR_BACKCHANNEL,CAMERA_2,NONE,great sounds like a great camera,PRESENT_X,CAMERA_2,S_INTRODUCES_FEATURE,CAMERA_2,long_exposure,This one can take long exposures up to 60 minutes max with bulb mode.,PRESENT_X,CAMERA_2,39~68
910,13,CAMERA_2,"['CAMERA_3', 'CAMERA_2']","{'CAMERA_1': [], 'CAMERA_2': ['preset_modes', 'autofocus_points', 'long_exposure', 'color'], 'CAMERA_3': ['color', 'long_exposure', 'resolution', 'optical_zoom', 'ISO']}",C_SILENT_OR_BACKCHANNEL,CAMERA_2,NONE,I see AA ok,PRESENT_X,CAMERA_2,S_INTRODUCES_FEATURE,CAMERA_2,color,This one comes in white or pink.,PRESENT_X,CAMERA_2,18~31
910,14,CAMERA_2,"['CAMERA_3', 'CAMERA_2']","{'CAMERA_1': [], 'CAMERA_2': ['preset_modes', 'autofocus_points', 'long_exposure', 'color', 'settings'], 'CAMERA_3': ['color', 'long_exposure', 'resolution', 'optical_zoom', 'ISO']}",C_SILENT_OR_BACKCHANNEL,CAMERA_2,NONE,alright,PRESENT_X,CAMERA_2,S_INTRODUCES_FEATURE,CAMERA_2,settings,"This one has manual control and various automatic settings (video modeburst shooting, etc.).",PRESENT_X,CAMERA_2,13~91
910,15,NONE,"['CAMERA_3', 'CAMERA_2']","{'CAMERA_1': [], 'CAMERA_2': ['preset_modes', 'autofocus_points', 'long_exposure', 'color', 'settings'], 'CAMERA_3': ['color', 'long_exposure', 'resolution', 'optical_zoom', 'ISO']}",C_THANK_YOU,CAMERA_2,NONE,thank you very much you,PRESENT_X,CAMERA_2,S_THANK_YOU,CAMERA_2,NONE,thank you very much.,FACE_TO_FACE,NONE,
910,16,NONE,"['CAMERA_3', 'CAMERA_2']","{'CAMERA_1': [], 'CAMERA_2': ['preset_modes', 'autofocus_points', 'long_exposure', 'color', 'settings'], 'CAMERA_3': ['color', 'long_exposure', 'resolution', 'optical_zoom', 'ISO']}",C_LEAVES,DOOR,NONE,,FACE_TO_FACE,NONE,S_RETURNS_TO_COUNTER,SERVICE_COUNTER,NONE,,WAITING,NONE,
911,1,NONE,[],"{'CAMERA_1': [], 'CAMERA_2': [], 'CAMERA_3': []}",C_ENTERS,DOOR,NONE,,WAITING,NONE,S_NONE,SERVICE_COUNTER,NONE,,WAITING,NONE,
911,2,NONE,[],"{'CAMERA_1': [], 'CAMERA_2': [], 'CAMERA_3': []}",C_GREETS,MIDDLE,NONE,excuse me,WAITING,NONE,S_GREETS,MIDDLE,NONE,can I help you?,FACE_TO_FACE,NONE,
911,3,CAMERA_2,['CAMERA_2'],"{'CAMERA_1': [], 'CAMERA_2': [], 'CAMERA_3': []}",C_LOOKING_FOR_A_CAMERA,MIDDLE,NONE,hi good afternoon I'm looking for a camera that has a high I just saw with low noise and this is very important for me,FACE_TO_FACE,NONE,S_INTRODUCES_CAMERA,CAMERA_2,,Let me show you this. Here we have the Fujifilm Lumix ILC Camera.,PRESENT_X,CAMERA_2,39~64
911,4,CAMERA_2,['CAMERA_2'],"{'CAMERA_1': [], 'CAMERA_2': ['autofocus_points'], 'CAMERA_3': []}",C_QUESTION_ABOUT_FEATURE,CAMERA_2,autofocus_points,how many auto focus points does this one have again,PRESENT_X,CAMERA_2,S_NOT_SURE,CAMERA_2,,I'm not really sure about that.,PRESENT_X,CAMERA_2,
911,5,NONE,['CAMERA_2'],"{'CAMERA_1': [], 'CAMERA_2': ['autofocus_points'], 'CAMERA_3': []}",C_THANK_YOU,CAMERA_2,NONE,I see thanks for your help,PRESENT_X,CAMERA_2,S_THANK_YOU,CAMERA_2,NONE,thank you very much.,FACE_TO_FACE,NONE,
911,6,NONE,['CAMERA_2'],"{'CAMERA_1': [], 'CAMERA_2': ['autofocus_points'], 'CAMERA_3': []}",C_LEAVES,DOOR,NONE,,FACE_TO_FACE,NONE,S_RETURNS_TO_COUNTER,SERVICE_COUNTER,NONE,,WAITING,NONE,
912,1,NONE,[],"{'CAMERA_1': [], 'CAMERA_2': [], 'CAMERA_3': []}",C_ENTERS,DOOR,NONE,,WAITING,NONE,S_NONE,SERVICE_COUNTER,NONE,,WAITING,NONE,
912,2,NONE,[],"{'CAMERA_1': [], 'CAMERA_2': [], 'CAMERA_3': []}",C_GREETS,MIDDLE,NONE,I'm sorry I am which mode,WAITING,NONE,S_GREETS,MIDDLE,NONE,can I help you?,FACE_TO_FACE,NONE,
912,3,CAMERA_2,['CAMERA_2'],"{'CAMERA_1': [], 'CAMERA_2': [], 'CAMERA_3': []}",C_LOOKING_FOR_A_CAMERA,MIDDLE,NONE,anyone would do I'm just trying to get a camera real fast,FACE_TO_FACE,NONE,S_INTRODUCES_CAMERA,CAMERA_2,,Let me show you this. Here we have the Fujifilm Lumix ILC Camera.,PRESENT_X,CAMERA_2,39~64
912,4,CAMERA_2,['CAMERA_2'],"{'CAMERA_1': [], 'CAMERA_2': ['camera_type'], 'CAMERA_3': []}",C_QUESTION_ABOUT_FEATURE,CAMERA_2,camera_type,is this a DSLR camera,PRESENT_X,CAMERA_2,S_ANSWERS_QUESTION_ABOUT_FEATURE,CAMERA_2,camera_type,This is a digital single lens mirrorless camera.,PRESENT_X,CAMERA_2,10~40
912,5,CAMERA_2,['CAMERA_2'],"{'CAMERA_1': [], 'CAMERA_2': ['camera_type', 'long_exposure'], 'CAMERA_3': []}",C_SILENT_OR_BACKCHANNEL,CAMERA_2,NONE,sounds good,PRESENT_X,CAMERA_2,S_INTRODUCES_FEATURE,CAMERA_2,long_exposure,This one can take long exposures up to 60 minutes max with bulb mode.,PRESENT_X,CAMERA_2,39~68
912,6,NONE,['CAMERA_2'],"{'CAMERA_1': [], 'CAMERA_2': ['camera_type', 'long_exposure'], 'CAMERA_3': []}",C_THANK_YOU,CAMERA_2,NONE,thank you,PRESENT_X,CAMERA_2,S_THANK_YOU,CAMERA_2,NONE,thank you very much.,FACE_TO_FACE,NONE,
912,7,NONE,['CAMERA_2'],"{'CAMERA_1': [], 'CAMERA_2': ['camera_type', 'long_exposure'], 'CAMERA_3': []}",C_LEAVES,DOOR,NONE,,FACE_TO_FACE,NONE,S_RETURNS_TO_COUNTER,SERVICE_COUNTER,NONE,,WAITING,NONE,
913,1,NONE,[],"{'CAMERA_1': [], 'CAMERA_2': [], 'CAMERA_3': []}",C_ENTERS,DOOR,NONE,,WAITING,NONE,S_NONE,SERVICE_COUNTER,NONE,,WAITING,NONE,
913,2,NONE,[],"{'CAMERA_1': [], 'CAMERA_2': [], 'CAMERA_3': []}",C_WALKS_TO_CAMERA,CAMERA_3,NONE,,WAITING,NONE,S_GREETS,CAMERA_3,NONE,can I help you?,FACE_TO_FACE,NONE,
913,3,CAMERA_2,['CAMERA_2'],"{'CAMERA_1': [], 'CAMERA_2': [], 'CAMERA_3': []}",C_LOOKING_FOR_A_CAMERA,CAMERA_3,NONE,I'm just here looking at the new cameras at your home,FACE_TO_FACE,NONE,S_INTRODUCES_CAMERA,CAMERA_2,,Let me show you this. Here we have the Fujifilm Lumix ILC Camera.,PRESENT_X,CAMERA_2,39~64
913,4,CAMERA_2,['CAMERA_2'],"{'CAMERA_1': [], 'CAMERA_2': ['resolution'], 'CAMERA_3': []}",C_QUESTION_ABOUT_FEATURE,CAMERA_2,resolution,and this is a touch screen,PRESENT_X,CAMERA_2,S_ANSWERS_QUESTION_ABOUT_FEATURE,CAMERA_2,resolution,This one has 23.8 megapixels resolution.,PRESENT_X,CAMERA_2,13~28
913,5,CAMERA_2,['CAMERA_2'],"{'CAMERA_1': [], 'CAMERA_2': ['resolution', 'price'], 'CAMERA_3': []}",C_QUESTION_ABOUT_FEATURE,CAMERA_2,price,what's price,PRESENT_X,CAMERA_2,S_ANSWERS_QUESTION_ABOUT_FEATURE,CAMERA_2,price,This one costs $768.,PRESENT_X,CAMERA_2,15~19
913,6,CAMERA_2,['CAMERA_2'],"{'CAMERA_1': [], 'CAMERA_2': ['resolution', 'price', 'weight'], 'CAMERA_3': []}",C_SILENT_OR_BACKCHANNEL,CAMERA_2,NONE,alright,PRESENT_X,CAMERA_2,S_INTRODUCES_FEATURE,CAMERA_2,weight,This one weighs 820 grams.,PRESENT_X,CAMERA_2,16~25
913,7,CAMERA_2,['CAMERA_2'],"{'CAMERA_1': [], 'CAMERA_2': ['resolution', 'price', 'weight', 'color'], 'CAMERA_3': []}",C_SILENT_OR_BACKCHANNEL,CAMERA_2,NONE,the picture is very nice,PRESENT_X,CAMERA_2,S_INTRODUCES_FEATURE,CAMERA_2,color,This one comes in white or pink.,PRESENT_X,CAMERA_2,18~31
913,8,CAMERA_2,['CAMERA_2'],"{'CAMERA_1': [], 'CAMERA_2': ['resolution', 'price', 'weight', 'color', 'optical_zoom'], 'CAMERA_3': []}",C_SILENT_OR_BACKCHANNEL,CAMERA_2,NONE,sounds great how about the synthesized honest,PRESENT_X,CAMERA_2,S_INTRODUCES_FEATURE,CAMERA_2,optical_zoom,This one has 21x optical zoom.,PRESENT_X,CAMERA_2,13~29
913,9,CAMERA_2,['CAMERA_2'],"{'CAMERA_1': [], 'CAMERA_2': ['resolution', 'price', 'weight', 'color', 'optical_zoom', 'settings'], 'CAMERA_3': []}",C_SILENT_OR_BACKCHANNEL,CAMERA_2,NONE,let me see,PRESENT_X,CAMERA_2,S_INTRODUCES_FEATURE,CAMERA_2,settings,"This one has manual control and various automatic settings (video modeburst shooting, etc.).",PRESENT_X,CAMERA_2,13~91
913,10,CAMERA_2,['CAMERA_2'],"{'CAMERA_1': [], 'CAMERA_2': ['resolution', 'price', 'weight', 'color', 'optical_zoom', 'settings', 'preset_modes'], 'CAMERA_3': []}",C_QUESTION_ABOUT_FEATURE,CAMERA_2,preset_modes,does it have any preset mode,PRESENT_X,CAMERA_2,S_NOT_SURE,CAMERA_2,,I'm not really sure about that.,PRESENT_X,CAMERA_2,
913,11,CAMERA_2,['CAMERA_2'],"{'CAMERA_1': [], 'CAMERA_2': ['resolution', 'price', 'weight', 'color', 'optical_zoom', 'settings', 'preset_modes', 'camera_type'], 'CAMERA_3': []}",C_SILENT_OR_BACKCHANNEL,CAMERA_2,NONE,I see,PRESENT_X,CAMERA_2,S_INTRODUCES_FEATURE,CAMERA_2,camera_type,This is a digital single lens mirrorless camera.,PRESENT_X,CAMERA_2,10~40
913,12,CAMERA_2,['CAMERA_2'],"{'CAMERA_1': [], 'CAMERA_2': ['resolution', 'price', 'weight', 'color', 'optical_zoom', 'settings', 'preset_modes', 'camera_type', 'sensor_size'], 'CAMERA_3': []}",C_QUESTION_ABOUT_FEATURE,CAMERA_2,sensor_size,and what about the sense of sight,PRESENT_X,CAMERA_2,S_ANSWERS_QUESTION_ABOUT_FEATURE,CAMERA_2,sensor_size,This one has a 1/2.33 inch sensor.,PRESENT_X,CAMERA_2,15~33
913,13,CAMERA_2,['CAMERA_2'],"{'CAMERA_1': [], 'CAMERA_2': ['resolution', 'price', 'weight', 'color', 'optical_zoom', 'settings', 'preset_modes', 'camera_type', 'sensor_size', 'effects'], 'CAMERA_3': []}",C_QUESTION_ABOUT_FEATURE,CAMERA_2,effects,does it have artistic effect lights,PRESENT_X,CAMERA_2,S_ANSWERS_QUESTION_ABOUT_FEATURE,CAMERA_2,effects,"This one has 24 artistic effect modes (retro, lighter or darker skin tones, sepia, etc.).",PRESENT_X,CAMERA_2,13~88
913,14,CAMERA_3,"['CAMERA_2', 'CAMERA_3']","{'CAMERA_1': [], 'CAMERA_2': ['resolution', 'price', 'weight', 'color', 'optical_zoom', 'settings', 'preset_modes', 'camera_type', 'sensor_size', 'effects'], 'CAMERA_3': []}",C_ANYTHING_ELSE_AVAILABLE,CAMERA_2,NONE,maybe did you have a another camera you recommend,PRESENT_X,CAMERA_2,S_INTRODUCES_CAMERA,CAMERA_3,,Let me show you this. Here we have the Fujifilm PowerShot ELPH S2800.,PRESENT_X,CAMERA_3,39~68
913,15,CAMERA_3,"['CAMERA_2', 'CAMERA_3']","{'CAMERA_1': [], 'CAMERA_2': ['resolution', 'price', 'weight', 'color', 'optical_zoom', 'settings', 'preset_modes', 'camera_type', 'sensor_size', 'effects'], 'CAMERA_3': ['color']}",C_QUESTION_ABOUT_FEATURE,CAMERA_3,color,what colors does it come in,PRESENT_X,CAMERA_3,S_ANSWERS_QUESTION_ABOUT_FEATURE,CAMERA_3,color,"This one comes in purple, white, silver, blue, red, or pink.",PRESENT_X,CAMERA_3,18~59
913,16,CAMERA_3,"['CAMERA_2', 'CAMERA_3']","{'CAMERA_1': [], 'CAMERA_2': ['resolution', 'price', 'weight', 'color', 'optical_zoom', 'settings', 'preset_modes', 'camera_type', 'sensor_size', 'effects'], 'CAMERA_3': ['color', 'sensor_size']}",C_SILENT_OR_BACKCHANNEL,CAMERA_3,NONE,okay sounds great and lastly I worry about the out of focus,PRESENT_X,CAMERA_3,S_INTRODUCES_FEATURE,CAMERA_3,sensor_size,This one has a full frame.,PRESENT_X,CAMERA_3,15~25
913,17,CAMERA_3,"['CAMERA_2', 'CAMERA_3']","{'CAMERA_1': [], 'CAMERA_2': ['resolution', 'price', 'weight', 'color', 'optical_zoom', 'settings', 'preset_modes', 'camera_type', 'sensor_size', 'effects'], 'CAMERA_3': ['color', 'sensor_size', 'ISO']}",C_QUESTION_ABOUT_FEATURE,CAMERA_3,ISO,how about the ISO on this,PRESENT_X,CAMERA_3,S_ANSWERS_QUESTION_ABOUT_FEATURE,CAMERA_3,ISO,This one has up to 3200 ISO with little noise.,PRESENT_X,CAMERA_3,13~45
913,18,CAMERA_3,"['CAMERA_2', 'CAMERA_3']","{'CAMERA_1': [], 'CAMERA_2': ['resolution', 'price', 'weight', 'color', 'optical_zoom', 'settings', 'preset_modes', 'camera_type', 'sensor_size', 'effects'], 'CAMERA_3': ['color', 'sensor_size', 'ISO', 'settings']}",C_SILENT_OR_BACKCHANNEL,CAMERA_3,NONE,you too seems not too bad though,PRESENT_X,CAMERA_3,S_INTRODUCES_FEATURE,CAMERA_3,settings,"This one has manual control and various automatic settings (video modeburst shooting, etc.).",PRESENT_X,CAMERA_3,13~91
913,19,CAMERA_3,"['CAMERA_2', 'CAMERA_3']","{'CAMERA_1': [], 'CAMERA_2': ['resolution', 'price', 'weight', 'color', 'optical_zoom', 'settings', 'preset_modes', 'camera_type', 'sensor_size', 'effects'], 'CAMERA_3': ['color', 'sensor_size', 'ISO', 'settings', 'price']}",C_QUESTION_ABOUT_FEATURE,CAMERA_3,price,I'm looking for a simple to use this looks amazing but kind of expensive,PRESENT_X,CAMERA_3,S_ANSWERS_QUESTION_ABOUT_FEATURE,CAMERA_3,price,This one costs $518.,PRESENT_X,CAMERA_3,15~19
913,20,CAMERA_3,"['CAMERA_2', 'CAMERA_3']","{'CAMERA_1': [], 'CAMERA_2': ['resolution', 'price', 'weight', 'color', 'optical_zoom', 'settings', 'preset_modes', 'camera_type', 'sensor_size', 'effects'], 'CAMERA_3': ['color', 'sensor_size', 'ISO', 'settings', 'price', 'weight']}",C_QUESTION_ABOUT_FEATURE,CAMERA_3,weight,wow what about the wait how how heavy is it,PRESENT_X,CAMERA_3,S_ANSWERS_QUESTION_ABOUT_FEATURE,CAMERA_3,weight,This one weighs 820 grams.,PRESENT_X,CAMERA_3,16~25
913,21,CAMERA_3,"['CAMERA_2', 'CAMERA_3']","{'CAMERA_1': [], 'CAMERA_2': ['resolution', 'price', 'weight', 'color', 'optical_zoom', 'settings', 'preset_modes', 'camera_type', 'sensor_size', 'effects'], 'CAMERA_3': ['color', 'sensor_size', 'ISO', 'settings', 'price', 'weight', 'preset_modes']}",C_SILENT_OR_BACKCHANNEL,CAMERA_3,NONE,this camera sounds pretty good,PRESENT_X,CAMERA_3,S_INTRODUCES_FEATURE,CAMERA_3,preset_modes,This one has various preset modes.,PRESENT_X,CAMERA_3,13~33
913,22,CAMERA_3,"['CAMERA_2', 'CAMERA_3']","{'CAMERA_1': [], 'CAMERA_2': ['resolution', 'price', 'weight', 'color', 'optical_zoom', 'settings', 'preset_modes', 'camera_type', 'sensor_size', 'effects'], 'CAMERA_3': ['color', 'sensor_size', 'ISO', 'settings', 'price', 'weight', 'preset_modes', 'long_exposure']}",C_QUESTION_ABOUT_FEATURE,CAMERA_3,long_exposure,and does it have a long exposure mode,PRESENT_X,CAMERA_3,S_ANSWERS_QUESTION_ABOUT_FEATURE,CAMERA_3,long_exposure,This one can take long exposures up to 30 minutes max with bulb mode.,PRESENT_X,CAMERA_3,39~68
913,23,CAMERA_3,"['CAMERA_2', 'CAMERA_3']","{'CAMERA_1': [], 'CAMERA_2': ['resolution', 'price', 'weight', 'color', 'optical_zoom', 'settings', 'preset_modes', 'camera_type', 'sensor_size', 'effects'], 'CAMERA_3': ['color', 'sensor_size', 'ISO', 'settings', 'price', 'weight', 'preset_modes', 'long_exposure', 'resolution']}",C_SILENT_OR_BACKCHANNEL,CAMERA_3,NONE,okay,PRESENT_X,CAMERA_3,S_INTRODUCES_FEATURE,CAMERA_3,resolution,This one has 23.2 megapixels resolution.,PRESENT_X,CAMERA_3,13~28
913,24,CAMERA_3,"['CAMERA_2', 'CAMERA_3']","{'CAMERA_1': [], 'CAMERA_2': ['resolution', 'price', 'weight', 'color', 'optical_zoom', 'settings', 'preset_modes', 'camera_type', 'sensor_size', 'effects'], 'CAMERA_3': ['color', 'sensor_size', 'ISO', 'settings', 'price', 'weight', 'preset_modes', 'long_exposure', 'resolution', 'effects']}",C_QUESTION_ABOUT_FEATURE,CAMERA_3,effects,what are these a special artistic effect mode features,PRESENT_X,CAMERA_3,S_ANSWERS_QUESTION_ABOUT_FEATURE,CAMERA_3,effects,"This one has 21 photo effects (small face, retro, big eyes, etc.).",PRESENT_X,CAMERA_3,13~65
913,25,CAMERA_3,"['CAMERA_2', 'CAMERA_3']","{'CAMERA_1': [], 'CAMERA_2': ['resolution', 'price', 'weight', 'color', 'optical_zoom', 'settings', 'preset_modes', 'camera_type', 'sensor_size', 'effects'], 'CAMERA_3': ['color', 'sensor_size', 'ISO', 'settings', 'price', 'weight', 'preset_modes', 'long_exposure', 'resolution', 'effects', 'autofocus_points']}",C_SILENT_OR_BACKCHANNEL,CAMERA_3,NONE,okay sounds good,PRESENT_X,CAMERA_3,S_INTRODUCES_FEATURE,CAMERA_3,autofocus_points,This one has 214 autofocus points.,PRESENT_X,CAMERA_3,13~33
913,26,CAMERA_3,"['CAMERA_2', 'CAMERA_3']","{'CAMERA_1': [], 'CAMERA_2': ['resolution', 'price', 'weight', 'color', 'optical_zoom', 'settings', 'preset_modes', 'camera_type', 'sensor_size', 'effects'], 'CAMERA_3': ['color', 'sensor_size', 'ISO', 'settings', 'price', 'weight', 'preset_modes', 'long_exposure', 'resolution', 'effects', 'autofocus_points', 'camera_type']}",C_QUESTION_ABOUT_FEATURE,CAMERA_3,camera_type,is this a DSLR camera,PRESENT_X,CAMERA_3,S_ANSWERS_QUESTION_ABOUT_FEATURE,CAMERA_3,camera_type,This is a point and shoot camera.,PRESENT_X,CAMERA_3,10~25
913,27,CAMERA_3,"['CAMERA_2', 'CAMERA_3']","{'CAMERA_1': [], 'CAMERA_2': ['resolution', 'price', 'weight', 'color', 'optical_zoom', 'settings', 'preset_modes', 'camera_type', 'sensor_size', 'effects'], 'CAMERA_3': ['color', 'sensor_size', 'ISO', 'settings', 'price', 'weight', 'preset_modes', 'long_exposure', 'resolution', 'effects', 'autofocus_points', 'camera_type', 'optical_zoom']}",C_QUESTION_ABOUT_FEATURE,CAMERA_3,optical_zoom,and the optical zoom whats the optical zoom on that,PRESENT_X,CAMERA_3,S_NOT_SURE,CAMERA_3,,I'm not really sure about that.,PRESENT_X,CAMERA_3,
913,28,CAMERA_3,"['CAMERA_2', 'CAMERA_3']","{'CAMERA_1': [], 'CAMERA_2': ['resolution', 'price', 'weight', 'color', 'optical_zoom', 'settings', 'preset_modes', 'camera_type', 'sensor_size', 'effects'], 'CAMERA_3': ['color', 'sensor_size', 'ISO', 'settings', 'price', 'weight', 'preset_modes', 'long_exposure', 'resolution', 'effects', 'autofocus_points', 'camera_type', 'optical_zoom', 'resolution']}",C_SILENT_OR_BACKCHANNEL,CAMERA_3,NONE,oh wow that seems quite high,PRESENT_X,CAMERA_3,S_INTRODUCES_FEATURE,CAMERA_3,resolution,This one has 23.2 megapixels resolution.,PRESENT_X,CAMERA_3,13~28
913,29,CAMERA_3,"['CAMERA_2', 'CAMERA_3']","{'CAMERA_1': [], 'CAMERA_2': ['resolution', 'price', 'weight', 'color', 'optical_zoom', 'settings', 'preset_modes', 'camera_type', 'sensor_size', 'effects'], 'CAMERA_3': ['color', 'sensor_size', 'ISO', 'settings', 'price', 'weight', 'preset_modes', 'long_exposure', 'resolution', 'effects', 'autofocus_points', 'camera_type', 'optical_zoom', 'resolution', 'camera_type']}",C_SILENT_OR_BACKCHANNEL,CAMERA_3,NONE,that's great do I have to worry about setting things manually,PRESENT_X,CAMERA_3,S_INTRODUCES_FEATURE,CAMERA_3,camera_type,This is a point and shoot camera.,PRESENT_X,CAMERA_3,10~25
913,30,NONE,"['CAMERA_2', 'CAMERA_3']","{'CAMERA_1': [], 'CAMERA_2': ['resolution', 'price', 'weight', 'color', 'optical_zoom', 'settings', 'preset_modes', 'camera_type', 'sensor_size', 'effects'], 'CAMERA_3': ['color', 'sensor_size', 'ISO', 'settings', 'price', 'weight', 'preset_modes', 'long_exposure', 'resolution', 'effects', 'autofocus_points', 'camera_type', 'optical_zoom', 'resolution', 'camera_type']}",C_THANK_YOU,CAMERA_3,NONE,ok thank you,PRESENT_X,CAMERA_3,S_THANK_YOU,CAMERA_3,NONE,thank you very much.,FACE_TO_FACE,NONE,
913,31,NONE,"['CAMERA_2', 'CAMERA_3']","{'CAMERA_1': [], 'CAMERA_2': ['resolution', 'price', 'weight', 'color', 'optical_zoom', 'settings', 'preset_modes', 'camera_type', 'sensor_size', 'effects'], 'CAMERA_3': ['color', 'sensor_size', 'ISO', 'settings', 'price', 'weight', 'preset_modes', 'long_exposure', 'resolution', 'effects', 'autofocus_points', 'camera_type', 'optical_zoom', 'resolution', 'camera_type']}",C_LEAVES,DOOR,NONE,,FACE_TO_FACE,NONE,S_RETURNS_TO_COUNTER,SERVICE_COUNTER,NONE,,WAITING,NONE,
914,1,NONE,[],"{'CAMERA_1': [], 'CAMERA_2': [], 'CAMERA_3': []}",C_ENTERS,DOOR,NONE,,WAITING,NONE,S_NONE,SERVICE_COUNTER,NONE,,WAITING,NONE,
914,2,NONE,[],"{'CAMERA_1': [], 'CAMERA_2': [], 'CAMERA_3': []}",C_GREETS,MIDDLE,NONE,Hi do you have any DSLR,WAITING,NONE,S_GREETS,MIDDLE,NONE,can I help you?,FACE_TO_FACE,NONE,
914,3,CAMERA_3,['CAMERA_3'],"{'CAMERA_1': [], 'CAMERA_2': [], 'CAMERA_3': []}",C_LOOKING_FOR_A_CAMERA,MIDDLE,NONE,I'm just browsing around just searching for a camera,FACE_TO_FACE,NONE,S_INTRODUCES_CAMERA,CAMERA_3,,Let me show you this. Here we have the Fujifilm PowerShot ELPH S2800.,PRESENT_X,CAMERA_3,39~68
914,4,CAMERA_3,['CAMERA_3'],"{'CAMERA_1': [], 'CAMERA_2': [], 'CAMERA_3': ['preset_modes']}",C_QUESTION_ABOUT_FEATURE,CAMERA_3,preset_modes,the menu settings of this camera are they same as the Canon,PRESENT_X,CAMERA_3,S_ANSWERS_QUESTION_ABOUT_FEATURE,CAMERA_3,preset_modes,This one has various preset modes.,PRESENT_X,CAMERA_3,13~33
914,5,CAMERA_1,"['CAMERA_3', 'CAMERA_1']","{'CAMERA_1': [], 'CAMERA_2': [], 'CAMERA_3': ['preset_modes']}",C_ANYTHING_ELSE_AVAILABLE,CAMERA_3,NONE,that's good that's okay I like it when do you have other models in this area,PRESENT_X,CAMERA_3,S_INTRODUCES_CAMERA,CAMERA_1,,Let me show you this. Here we have the Sony PowerShot ELPH DMC-ZS3.,PRESENT_X,CAMERA_1,39~66
914,6,CAMERA_1,"['CAMERA_3', 'CAMERA_1']","{'CAMERA_1': ['sensor_size'], 'CAMERA_2': [], 'CAMERA_3': ['preset_modes']}",C_SILENT_OR_BACKCHANNEL,CAMERA_1,NONE,good,PRESENT_X,CAMERA_1,S_INTRODUCES_FEATURE,CAMERA_1,sensor_size,This one has a 1/2.3 inch CMOS sensor.,PRESENT_X,CAMERA_1,15~37
914,7,CAMERA_1,"['CAMERA_3', 'CAMERA_1']","{'CAMERA_1': ['sensor_size', 'optical_zoom'], 'CAMERA_2': [], 'CAMERA_3': ['preset_modes']}",C_SILENT_OR_BACKCHANNEL,CAMERA_1,NONE,IC,PRESENT_X,CAMERA_1,S_INTRODUCES_FEATURE,CAMERA_1,optical_zoom,This one has 21x optical zoom.,PRESENT_X,CAMERA_1,13~29
914,8,CAMERA_1,"['CAMERA_3', 'CAMERA_1']","{'CAMERA_1': ['sensor_size', 'optical_zoom', 'color'], 'CAMERA_2': [], 'CAMERA_3': ['preset_modes']}",C_QUESTION_ABOUT_FEATURE,CAMERA_1,color,pandas are there any other color swallow this,PRESENT_X,CAMERA_1,S_ANSWERS_QUESTION_ABOUT_FEATURE,CAMERA_1,color,This one comes in blue or black.,PRESENT_X,CAMERA_1,18~31
914,9,CAMERA_1,"['CAMERA_3', 'CAMERA_1']","{'CAMERA_1': ['sensor_size', 'optical_zoom', 'color', 'autofocus_points'], 'CAMERA_2': [], 'CAMERA_3': ['preset_modes']}",C_SILENT_OR_BACKCHANNEL,CAMERA_1,NONE,ok,PRESENT_X,CAMERA_1,S_INTRODUCES_FEATURE,CAMERA_1,autofocus_points,This one has 135 autofocus points.,PRESENT_X,CAMERA_1,13~33
914,10,CAMERA_1,"['CAMERA_3', 'CAMERA_1']","{'CAMERA_1': ['sensor_size', 'optical_zoom', 'color', 'autofocus_points', 'long_exposure'], 'CAMERA_2': [], 'CAMERA_3': ['preset_modes']}",C_SILENT_OR_BACKCHANNEL,CAMERA_1,NONE,okay,PRESENT_X,CAMERA_1,S_INTRODUCES_FEATURE,CAMERA_1,long_exposure,This one can take long exposures up to up to 15 seconds with Long Shutter Mode.,PRESENT_X,CAMERA_1,39~78
914,11,CAMERA_1,"['CAMERA_3', 'CAMERA_1']","{'CAMERA_1': ['sensor_size', 'optical_zoom', 'color', 'autofocus_points', 'long_exposure', 'price'], 'CAMERA_2': [], 'CAMERA_3': ['preset_modes']}",C_QUESTION_ABOUT_FEATURE,CAMERA_1,price,and how much does this one cost,PRESENT_X,CAMERA_1,S_ANSWERS_QUESTION_ABOUT_FEATURE,CAMERA_1,price,This one costs $450.,PRESENT_X,CAMERA_1,15~19
914,12,CAMERA_1,"['CAMERA_3', 'CAMERA_1']","{'CAMERA_1': ['sensor_size', 'optical_zoom', 'color', 'autofocus_points', 'long_exposure', 'price', 'effects'], 'CAMERA_2': [], 'CAMERA_3': ['preset_modes']}",C_SILENT_OR_BACKCHANNEL,CAMERA_1,NONE,hi this camera looks good,PRESENT_X,CAMERA_1,S_INTRODUCES_FEATURE,CAMERA_1,effects,"This one has 24 glamor retouch effects (miniature, retro, toy camera, etc.).",PRESENT_X,CAMERA_1,13~75
914,13,CAMERA_1,"['CAMERA_3', 'CAMERA_1']","{'CAMERA_1': ['sensor_size', 'optical_zoom', 'color', 'autofocus_points', 'long_exposure', 'price', 'effects', 'weight'], 'CAMERA_2': [], 'CAMERA_3': ['preset_modes']}",C_SILENT_OR_BACKCHANNEL,CAMERA_1,NONE,ok,PRESENT_X,CAMERA_1,S_INTRODUCES_FEATURE,CAMERA_1,weight,This one weighs 800 grams.,PRESENT_X,CAMERA_1,16~25
914,14,CAMERA_2,"['CAMERA_3', 'CAMERA_1', 'CAMERA_2']","{'CAMERA_1': ['sensor_size', 'optical_zoom', 'color', 'autofocus_points', 'long_exposure', 'price', 'effects', 'weight'], 'CAMERA_2': [], 'CAMERA_3': ['preset_modes']}",C_ANYTHING_ELSE_AVAILABLE,CAMERA_1,NONE,ok do you have any other cameras,PRESENT_X,CAMERA_1,S_INTRODUCES_CAMERA,CAMERA_2,,Let me show you this. Here we have the Fujifilm Lumix ILC Camera.,PRESENT_X,CAMERA_2,39~64
914,15,CAMERA_2,"['CAMERA_3', 'CAMERA_1', 'CAMERA_2']","{'CAMERA_1': ['sensor_size', 'optical_zoom', 'color', 'autofocus_points', 'long_exposure', 'price', 'effects', 'weight'], 'CAMERA_2': ['price'], 'CAMERA_3': ['preset_modes']}",C_QUESTION_ABOUT_FEATURE,CAMERA_2,price,how much is this one,PRESENT_X,CAMERA_2,S_ANSWERS_QUESTION_ABOUT_FEATURE,CAMERA_2,price,This one costs $768.,PRESENT_X,CAMERA_2,15~19
914,16,CAMERA_2,"['CAMERA_3', 'CAMERA_1', 'CAMERA_2']","{'CAMERA_1': ['sensor_size', 'optical_zoom', 'color', 'autofocus_points', 'long_exposure', 'price', 'effects', 'weight'], 'CAMERA_2': ['price', 'weight'], 'CAMERA_3': ['preset_modes']}",C_SILENT_OR_BACKCHANNEL,CAMERA_2,NONE,that sounds good,PRESENT_X,CAMERA_2,S_INTRODUCES_FEATURE,CAMERA_2,weight,This one weighs 820 grams.,PRESENT_X,CAMERA_2,16~25
914,17,CAMERA_2,"['CAMERA_3', 'CAMERA_1', 'CAMERA_2']","{'CAMERA_1': ['sensor_size', 'optical_zoom', 'color', 'autofocus_points', 'long_exposure', 'price', 'effects', 'weight'], 'CAMERA_2': ['price', 'weight', 'camera_type'], 'CAMERA_3': ['preset_modes']}",C_QUESTION_ABOUT_FEATURE,CAMERA_2,camera_type,is this a DSLR camera,PRESENT_X,CAMERA_2,S_ANSWERS_QUESTION_ABOUT_FEATURE,CAMERA_2,camera_type,This is a digital single lens mirrorless camera.,PRESENT_X,CAMERA_2,10~40
914,18,CAMERA_2,"['CAMERA_3', 'CAMERA_1', 'CAMERA_2']","{'CAMERA_1': ['sensor_size', 'optical_zoom', 'color', 'autofocus_points', 'long_exposure', 'price', 'effects', 'weight'], 'CAMERA_2': ['price', 'weight', 'camera_type', 'sensor_size'], 'CAMERA_3': ['preset_modes']}",C_SILENT_OR_BACKCHANNEL,CAMERA_2,NONE,this camera looks good,PRESENT_X,CAMERA_2,S_INTRODUCES_FEATURE,CAMERA_2,sensor_size,This one has a 1/2.33 inch sensor.,PRESENT_X,CAMERA_2,15~33
914,19,NONE,"['CAMERA_3', 'CAMERA_1', 'CAMERA_2']","{'CAMERA_1': ['sensor_size', 'optical_zoom', 'color', 'autofocus_points', 'long_exposure', 'price', 'effects', 'weight'], 'CAMERA_2': ['price', 'weight', 'camera_type', 'sensor_size'], 'CAMERA_3': ['preset_modes']}",C_THANK_YOU,CAMERA_2,NONE,alright thanks,PRESENT_X,CAMERA_2,S_THANK_YOU,CAMERA_2,NONE,thank you very much.,FACE_TO_FACE,NONE,
914,20,NONE,"['CAMERA_3', 'CAMERA_1', 'CAMERA_2']","{'CAMERA_1': ['sensor_size', 'optical_zoom', 'color', 'autofocus_points', 'long_exposure', 'price', 'effects', 'weight'], 'CAMERA_2': ['price', 'weight', 'camera_type', 'sensor_size'], 'CAMERA_3': ['preset_modes']}",C_LEAVES,DOOR,NONE,,FACE_TO_FACE,NONE,S_RETURNS_TO_COUNTER,SERVICE_COUNTER,NONE,,WAITING,NONE,
915,1,NONE,[],"{'CAMERA_1': [], 'CAMERA_2': [], 'CAMERA_3': []}",C_ENTERS,DOOR,NONE,,WAITING,NONE,S_NONE,SERVICE_COUNTER,NONE,,WAITING,NONE,
915,2,NONE,[],"{'CAMERA_1': [], 'CAMERA_2': [], 'CAMERA_3': []}",C_GREETS,MIDDLE,NONE,excuse me you have two other cameras which is cheapest,WAITING,NONE,S_GREETS,MIDDLE,NONE,can I help you?,FACE_TO_FACE,NONE,
915,3,CAMERA_1,['CAMERA_1'],"{'CAMERA_1': [], 'CAMERA_2': [], 'CAMERA_3': []}",C_LOOKING_FOR_A_CAMERA,MIDDLE,NONE,I'm looking for a camera,FACE_TO_FACE,NONE,S_INTRODUCES_CAMERA,CAMERA_1,,Let me show you this. Here we have the Sony PowerShot ELPH DMC-ZS3.,PRESENT_X,CAMERA_1,39~66
915,4,CAMERA_1,['CAMERA_1'],"{'CAMERA_1': ['autofocus_points'], 'CAMERA_2': [], 'CAMERA_3': []}",C_QUESTION_ABOUT_FEATURE,CAMERA_1,autofocus_points,how about how many auto focus points does this have,PRESENT_X,CAMERA_1,S_ANSWERS_QUESTION_ABOUT_FEATURE,CAMERA_1,autofocus_points,This one has 135 autofocus points.,PRESENT_X,CAMERA_1,13~33
915,5,NONE,['CAMERA_1'],"{'CAMERA_1': ['autofocus_points'], 'CAMERA_2': [], 'CAMERA_3': []}",C_THANK_YOU,CAMERA_1,NONE,thank you very much you've been very helpful,PRESENT_X,CAMERA_1,S_THANK_YOU,CAMERA_1,NONE,thank you very much.,FACE_TO_FACE,NONE,
915,6,NONE,['CAMERA_1'],"{'CAMERA_1': ['autofocus_points'], 'CAMERA_2': [], 'CAMERA_3': []}",C_LEAVES,DOOR,NONE,,FACE_TO_FACE,NONE,S_RETURNS_TO_COUNTER,SERVICE_COUNTER,NONE,,WAITING,NONE,
916,1,NONE,[],"{'CAMERA_1': [], 'CAMERA_2': [], 'CAMERA_3': []}",C_ENTERS,DOOR,NONE,,WAITING,NONE,S_NONE,SERVICE_COUNTER,NONE,,WAITING,NONE,
916,2,NONE,[],"{'CAMERA_1': [], 'CAMERA_2': [], 'CAMERA_3': []}",C_WALKS_TO_CAMERA,CAMERA_1,NONE,,WAITING,NONE,S_NONE,SERVICE_COUNTER,NONE,,WAITING,NONE,
916,3,NONE,[],"{'CAMERA_1': [], 'CAMERA_2': [], 'CAMERA_3': []}",C_EXAMINES_CAMERA,CAMERA_1,NONE,,WAITING,NONE,S_NONE,SERVICE_COUNTER,NONE,,WAITING,NONE,
916,4,CAMERA_1,['CAMERA_1'],"{'CAMERA_1': ['settings'], 'CAMERA_2': [], 'CAMERA_3': []}",C_QUESTION_ABOUT_FEATURE,CAMERA_1,settings,nice and what about the mental settings,WAITING,NONE,S_ANSWERS_QUESTION_ABOUT_FEATURE,CAMERA_1,settings,This one has limited manual settings.,PRESENT_X,CAMERA_1,13~36
916,5,CAMERA_1,['CAMERA_1'],"{'CAMERA_1': ['settings', 'autofocus_points'], 'CAMERA_2': [], 'CAMERA_3': []}",C_QUESTION_ABOUT_FEATURE,CAMERA_1,autofocus_points,I think you and the auto Focus points on this,PRESENT_X,CAMERA_1,S_ANSWERS_QUESTION_ABOUT_FEATURE,CAMERA_1,autofocus_points,This one has 135 autofocus points.,PRESENT_X,CAMERA_1,13~33
916,6,CAMERA_1,['CAMERA_1'],"{'CAMERA_1': ['settings', 'autofocus_points', 'resolution'], 'CAMERA_2': [], 'CAMERA_3': []}",C_QUESTION_ABOUT_FEATURE,CAMERA_1,resolution,and this is a touch screen,PRESENT_X,CAMERA_1,S_ANSWERS_QUESTION_ABOUT_FEATURE,CAMERA_1,resolution,This one has 17.8 megapixels resolution.,PRESENT_X,CAMERA_1,13~28
916,7,CAMERA_3,"['CAMERA_1', 'CAMERA_3']","{'CAMERA_1': ['settings', 'autofocus_points', 'resolution'], 'CAMERA_2': [], 'CAMERA_3': []}",C_ANYTHING_ELSE_AVAILABLE,CAMERA_1,NONE,that's good that's okay I like it when do you have other models in this area,PRESENT_X,CAMERA_1,S_INTRODUCES_CAMERA,CAMERA_3,,Let me show you this. Here we have the Fujifilm PowerShot ELPH S2800.,PRESENT_X,CAMERA_3,39~68
916,8,CAMERA_3,"['CAMERA_1', 'CAMERA_3']","{'CAMERA_1': ['settings', 'autofocus_points', 'resolution'], 'CAMERA_2': [], 'CAMERA_3': ['sensor_size']}",C_QUESTION_ABOUT_FEATURE,CAMERA_3,sensor_size,can I know these as a size for this camera,PRESENT_X,CAMERA_3,S_ANSWERS_QUESTION_ABOUT_FEATURE,CAMERA_3,sensor_size,This one has a full frame.,PRESENT_X,CAMERA_3,15~25
916,9,CAMERA_3,"['CAMERA_1', 'CAMERA_3']","{'CAMERA_1': ['settings', 'autofocus_points', 'resolution'], 'CAMERA_2': [], 'CAMERA_3': ['sensor_size', 'settings']}",C_QUESTION_ABOUT_FEATURE,CAMERA_3,settings,is it full manual,PRESENT_X,CAMERA_3,S_ANSWERS_QUESTION_ABOUT_FEATURE,CAMERA_3,settings,"This one has manual control and various automatic settings (video modeburst shooting, etc.).",PRESENT_X,CAMERA_3,13~91
916,10,CAMERA_3,"['CAMERA_1', 'CAMERA_3']","{'CAMERA_1': ['settings', 'autofocus_points', 'resolution'], 'CAMERA_2': [], 'CAMERA_3': ['sensor_size', 'settings', 'price']}",C_QUESTION_ABOUT_FEATURE,CAMERA_3,price,how much does it cost,PRESENT_X,CAMERA_3,S_ANSWERS_QUESTION_ABOUT_FEATURE,CAMERA_3,price,This one costs $518.,PRESENT_X,CAMERA_3,15~19
916,11,CAMERA_3,"['CAMERA_1', 'CAMERA_3']","{'CAMERA_1': ['settings', 'autofocus_points', 'resolution'], 'CAMERA_2': [], 'CAMERA_3': ['sensor_size', 'settings', 'price', 'effects']}",C_QUESTION_ABOUT_FEATURE,CAMERA_3,effects,does it have artistic effect lights,PRESENT_X,CAMERA_3,S_ANSWERS_QUESTION_ABOUT_FEATURE,CAMERA_3,effects,"This one has 21 photo effects (small face, retro, big eyes, etc.).",PRESENT_X,CAMERA_3,13~65
916,12,CAMERA_2,"['CAMERA_1', 'CAMERA_3', 'CAMERA_2']","{'CAMERA_1': ['settings', 'autofocus_points', 'resolution'], 'CAMERA_2': [], 'CAMERA_3': ['sensor_size', 'settings', 'price', 'effects']}",C_ANYTHING_ELSE_AVAILABLE,CAMERA_3,NONE,do you have any other cameras with preset mode,PRESENT_X,CAMERA_3,S_INTRODUCES_CAMERA,CAMERA_2,,Let me show you this. Here we have the Fujifilm Lumix ILC Camera.,PRESENT_X,CAMERA_2,39~64
916,13,CAMERA_2,"['CAMERA_1', 'CAMERA_3', 'CAMERA_2']","{'CAMERA_1': ['settings', 'autofocus_points', 'resolution'], 'CAMERA_2': ['camera_type'], 'CAMERA_3': ['sensor_size', 'settings', 'price', 'effects']}",C_SILENT_OR_BACKCHANNEL,CAMERA_2,NONE,looks nice doesn't match what I want how much is consumed you know I want to sue me in and zoom out,PRESENT_X,CAMERA_2,S_INTRODUCES_FEATURE,CAMERA_2,camera_type,This is a digital single lens mirrorless camera.,PRESENT_X,CAMERA_2,10~40
916,14,CAMERA_2,"['CAMERA_1', 'CAMERA_3', 'CAMERA_2']","{'CAMERA_1': ['settings', 'autofocus_points', 'resolution'], 'CAMERA_2': ['camera_type', 'preset_modes'], 'CAMERA_3': ['sensor_size', 'settings', 'price', 'effects']}",C_QUESTION_ABOUT_FEATURE,CAMERA_2,preset_modes,Is this camera support for basic mode,PRESENT_X,CAMERA_2,S_NOT_SURE,CAMERA_2,,I'm not really sure about that.,PRESENT_X,CAMERA_2,
916,15,CAMERA_2,"['CAMERA_1', 'CAMERA_3', 'CAMERA_2']","{'CAMERA_1': ['settings', 'autofocus_points', 'resolution'], 'CAMERA_2': ['camera_type', 'preset_modes', 'long_exposure'], 'CAMERA_3': ['sensor_size', 'settings', 'price', 'effects']}",C_QUESTION_ABOUT_FEATURE,CAMERA_2,long_exposure,ok what about the long exposure rate how good is that,PRESENT_X,CAMERA_2,S_ANSWERS_QUESTION_ABOUT_FEATURE,CAMERA_2,long_exposure,This one can take long exposures up to 60 minutes max with bulb mode.,PRESENT_X,CAMERA_2,39~68
916,16,NONE,"['CAMERA_1', 'CAMERA_3', 'CAMERA_2']","{'CAMERA_1': ['settings', 'autofocus_points', 'resolution'], 'CAMERA_2': ['camera_type', 'preset_modes', 'long_exposure'], 'CAMERA_3': ['sensor_size', 'settings', 'price', 'effects']}",C_THANK_YOU,CAMERA_2,NONE,ok thank you,PRESENT_X,CAMERA_2,S_THANK_YOU,CAMERA_2,NONE,thank you very much.,FACE_TO_FACE,NONE,
916,17,NONE,"['CAMERA_1', 'CAMERA_3', 'CAMERA_2']","{'CAMERA_1': ['settings', 'autofocus_points', 'resolution'], 'CAMERA_2': ['camera_type', 'preset_modes', 'long_exposure'], 'CAMERA_3': ['sensor_size', 'settings', 'price', 'effects']}",C_LEAVES,DOOR,NONE,,FACE_TO_FACE,NONE,S_RETURNS_TO_COUNTER,SERVICE_COUNTER,NONE,,WAITING,NONE,
917,1,NONE,[],"{'CAMERA_1': [], 'CAMERA_2': [], 'CAMERA_3': []}",C_ENTERS,DOOR,NONE,,WAITING,NONE,S_NONE,SERVICE_COUNTER,NONE,,WAITING,NONE,
917,2,NONE,[],"{'CAMERA_1': [], 'CAMERA_2': [], 'CAMERA_3': []}",C_WALKS_TO_CAMERA,CAMERA_1,NONE,,WAITING,NONE,S_NONE,SERVICE_COUNTER,NONE,,WAITING,NONE,
917,3,NONE,[],"{'CAMERA_1': [], 'CAMERA_2': [], 'CAMERA_3': []}",C_EXAMINES_CAMERA,CAMERA_1,NONE,,WAITING,NONE,S_NONE,SERVICE_COUNTER,NONE,,WAITING,NONE,
917,4,NONE,[],"{'CAMERA_1': [], 'CAMERA_2': [], 'CAMERA_3': []}",C_WALKS_TO_CAMERA,CAMERA_2,NONE,,WAITING,NONE,S_GREETS,CAMERA_2,NONE,can I help you?,FACE_TO_FACE,NONE,
917,5,CAMERA_2,['CAMERA_2'],"{'CAMERA_1': [], 'CAMERA_2': [], 'CAMERA_3': []}",C_LOOKING_FOR_A_CAMERA,CAMERA_2,NONE,Yes simple point and shoot but I'm looking for something nicer,FACE_TO_FACE,NONE,S_INTRODUCES_CAMERA,CAMERA_2,,Let me show you this. Here we have the Fujifilm Lumix ILC Camera.,PRESENT_X,CAMERA_2,39~64
917,6,CAMERA_2,['CAMERA_2'],"{'CAMERA_1': [], 'CAMERA_2': ['optical_zoom'], 'CAMERA_3': []}",C_SILENT_OR_BACKCHANNEL,CAMERA_2,NONE,nice what's the pricing on it,PRESENT_X,CAMERA_2,S_INTRODUCES_FEATURE,CAMERA_2,optical_zoom,This one has 21x optical zoom.,PRESENT_X,CAMERA_2,13~29
917,7,CAMERA_1,"['CAMERA_2', 'CAMERA_1']","{'CAMERA_1': [], 'CAMERA_2': ['optical_zoom'], 'CAMERA_3': []}",C_ANYTHING_ELSE_AVAILABLE,CAMERA_2,NONE,Do you have any other cameras under $300,PRESENT_X,CAMERA_2,S_INTRODUCES_CAMERA,CAMERA_1,,Let me show you this. Here we have the Sony PowerShot ELPH DMC-ZS3.,PRESENT_X,CAMERA_1,39~66
917,8,CAMERA_1,"['CAMERA_2', 'CAMERA_1']","{'CAMERA_1': ['camera_type'], 'CAMERA_2': ['optical_zoom'], 'CAMERA_3': []}",C_QUESTION_ABOUT_FEATURE,CAMERA_1,camera_type,is this a DSLR camera,PRESENT_X,CAMERA_1,S_ANSWERS_QUESTION_ABOUT_FEATURE,CAMERA_1,camera_type,This is a DSLR camera.,PRESENT_X,CAMERA_1,10~14
917,9,CAMERA_3,"['CAMERA_2', 'CAMERA_1', 'CAMERA_3']","{'CAMERA_1': ['camera_type'], 'CAMERA_2': ['optical_zoom'], 'CAMERA_3': []}",C_ANYTHING_ELSE_AVAILABLE,CAMERA_1,NONE,do you have any other cameras that are in this kind,PRESENT_X,CAMERA_1,S_INTRODUCES_CAMERA,CAMERA_3,,Let me show you this. Here we have the Fujifilm PowerShot ELPH S2800.,PRESENT_X,CAMERA_3,39~68
917,10,CAMERA_3,"['CAMERA_2', 'CAMERA_1', 'CAMERA_3']","{'CAMERA_1': ['camera_type'], 'CAMERA_2': ['optical_zoom'], 'CAMERA_3': ['weight']}",C_SILENT_OR_BACKCHANNEL,CAMERA_3,NONE,the result does look good,PRESENT_X,CAMERA_3,S_INTRODUCES_FEATURE,CAMERA_3,weight,This one weighs 820 grams.,PRESENT_X,CAMERA_3,16~25
917,11,CAMERA_3,"['CAMERA_2', 'CAMERA_1', 'CAMERA_3']","{'CAMERA_1': ['camera_type'], 'CAMERA_2': ['optical_zoom'], 'CAMERA_3': ['weight', 'effects']}",C_QUESTION_ABOUT_FEATURE,CAMERA_3,effects,and what about this artistic artistic effect mode ,PRESENT_X,CAMERA_3,S_ANSWERS_QUESTION_ABOUT_FEATURE,CAMERA_3,effects,"This one has 21 photo effects (small face, retro, big eyes, etc.).",PRESENT_X,CAMERA_3,13~65
917,12,CAMERA_3,"['CAMERA_2', 'CAMERA_1', 'CAMERA_3']","{'CAMERA_1': ['camera_type'], 'CAMERA_2': ['optical_zoom'], 'CAMERA_3': ['weight', 'effects', 'settings']}",C_QUESTION_ABOUT_FEATURE,CAMERA_3,settings,what about the manual settings still all the manual settings of the old one,PRESENT_X,CAMERA_3,S_ANSWERS_QUESTION_ABOUT_FEATURE,CAMERA_3,settings,"This one has manual control and various automatic settings (video modeburst shooting, etc.).",PRESENT_X,CAMERA_3,13~91
917,13,CAMERA_3,"['CAMERA_2', 'CAMERA_1', 'CAMERA_3']","{'CAMERA_1': ['camera_type'], 'CAMERA_2': ['optical_zoom'], 'CAMERA_3': ['weight', 'effects', 'settings', 'ISO']}",C_QUESTION_ABOUT_FEATURE,CAMERA_3,ISO,that's perfect how high can I set the ISO,PRESENT_X,CAMERA_3,S_ANSWERS_QUESTION_ABOUT_FEATURE,CAMERA_3,ISO,This one has up to 3200 ISO with little noise.,PRESENT_X,CAMERA_3,13~45
917,14,CAMERA_3,"['CAMERA_2', 'CAMERA_1', 'CAMERA_3']","{'CAMERA_1': ['camera_type'], 'CAMERA_2': ['optical_zoom'], 'CAMERA_3': ['weight', 'effects', 'settings', 'ISO', 'autofocus_points']}",C_SILENT_OR_BACKCHANNEL,CAMERA_3,NONE,IC,PRESENT_X,CAMERA_3,S_INTRODUCES_FEATURE,CAMERA_3,autofocus_points,This one has 214 autofocus points.,PRESENT_X,CAMERA_3,13~33
917,15,CAMERA_3,"['CAMERA_2', 'CAMERA_1', 'CAMERA_3']","{'CAMERA_1': ['camera_type'], 'CAMERA_2': ['optical_zoom'], 'CAMERA_3': ['weight', 'effects', 'settings', 'ISO', 'autofocus_points', 'resolution']}",C_QUESTION_ABOUT_FEATURE,CAMERA_3,resolution,how many megapixels does it have,PRESENT_X,CAMERA_3,S_ANSWERS_QUESTION_ABOUT_FEATURE,CAMERA_3,resolution,This one has 23.2 megapixels resolution.,PRESENT_X,CAMERA_3,13~28
917,16,CAMERA_3,"['CAMERA_2', 'CAMERA_1', 'CAMERA_3']","{'CAMERA_1': ['camera_type'], 'CAMERA_2': ['optical_zoom'], 'CAMERA_3': ['weight', 'effects', 'settings', 'ISO', 'autofocus_points', 'resolution', 'optical_zoom']}",C_QUESTION_ABOUT_FEATURE,CAMERA_3,optical_zoom,okay and if I have an optical zoom,PRESENT_X,CAMERA_3,S_NOT_SURE,CAMERA_3,,I'm not really sure about that.,PRESENT_X,CAMERA_3,
917,17,CAMERA_3,"['CAMERA_2', 'CAMERA_1', 'CAMERA_3']","{'CAMERA_1': ['camera_type'], 'CAMERA_2': ['optical_zoom'], 'CAMERA_3': ['weight', 'effects', 'settings', 'ISO', 'autofocus_points', 'resolution', 'optical_zoom', 'long_exposure']}",C_QUESTION_ABOUT_FEATURE,CAMERA_3,long_exposure,and what about the exposure,PRESENT_X,CAMERA_3,S_ANSWERS_QUESTION_ABOUT_FEATURE,CAMERA_3,long_exposure,This one can take long exposures up to 30 minutes max with bulb mode.,PRESENT_X,CAMERA_3,39~68
917,18,CAMERA_3,"['CAMERA_2', 'CAMERA_1', 'CAMERA_3']","{'CAMERA_1': ['camera_type'], 'CAMERA_2': ['optical_zoom'], 'CAMERA_3': ['weight', 'effects', 'settings', 'ISO', 'autofocus_points', 'resolution', 'optical_zoom', 'long_exposure', 'sensor_size']}",C_QUESTION_ABOUT_FEATURE,CAMERA_3,sensor_size,and what about the census is,PRESENT_X,CAMERA_3,S_ANSWERS_QUESTION_ABOUT_FEATURE,CAMERA_3,sensor_size,This one has a full frame.,PRESENT_X,CAMERA_3,15~25
917,19,CAMERA_3,"['CAMERA_2', 'CAMERA_1', 'CAMERA_3']","{'CAMERA_1': ['camera_type'], 'CAMERA_2': ['optical_zoom'], 'CAMERA_3': ['weight', 'effects', 'settings', 'ISO', 'autofocus_points', 'resolution', 'optical_zoom', 'long_exposure', 'sensor_size', 'camera_type']}",C_QUESTION_ABOUT_FEATURE,CAMERA_3,camera_type,Is this a mirrorless camera?,PRESENT_X,CAMERA_3,S_ANSWERS_QUESTION_ABOUT_FEATURE,CAMERA_3,camera_type,This is a point and shoot camera.,PRESENT_X,CAMERA_3,10~25
917,20,CAMERA_3,"['CAMERA_2', 'CAMERA_1', 'CAMERA_3']","{'CAMERA_1': ['camera_type'], 'CAMERA_2': ['optical_zoom'], 'CAMERA_3': ['weight', 'effects', 'settings', 'ISO', 'autofocus_points', 'resolution', 'optical_zoom', 'long_exposure', 'sensor_size', 'camera_type', 'color']}",C_QUESTION_ABOUT_FEATURE,CAMERA_3,color,and what colors does it come in,PRESENT_X,CAMERA_3,S_ANSWERS_QUESTION_ABOUT_FEATURE,CAMERA_3,color,"This one comes in purple, white, silver, blue, red, or pink.",PRESENT_X,CAMERA_3,18~59
917,21,CAMERA_3,"['CAMERA_2', 'CAMERA_1', 'CAMERA_3']","{'CAMERA_1': ['camera_type'], 'CAMERA_2': ['optical_zoom'], 'CAMERA_3': ['weight', 'effects', 'settings', 'ISO', 'autofocus_points', 'resolution', 'optical_zoom', 'long_exposure', 'sensor_size', 'camera_type', 'color', 'price']}",C_QUESTION_ABOUT_FEATURE,CAMERA_3,price,550 is kind of expensive,PRESENT_X,CAMERA_3,S_ANSWERS_QUESTION_ABOUT_FEATURE,CAMERA_3,price,This one costs $518.,PRESENT_X,CAMERA_3,15~19
917,22,CAMERA_3,"['CAMERA_2', 'CAMERA_1', 'CAMERA_3']","{'CAMERA_1': ['camera_type'], 'CAMERA_2': ['optical_zoom'], 'CAMERA_3': ['weight', 'effects', 'settings', 'ISO', 'autofocus_points', 'resolution', 'optical_zoom', 'long_exposure', 'sensor_size', 'camera_type', 'color', 'price', 'preset_modes']}",C_QUESTION_ABOUT_FEATURE,CAMERA_3,preset_modes,does this camera support for preset mode,PRESENT_X,CAMERA_3,S_ANSWERS_QUESTION_ABOUT_FEATURE,CAMERA_3,preset_modes,This one has various preset modes.,PRESENT_X,CAMERA_3,13~33
917,23,CAMERA_3,"['CAMERA_2', 'CAMERA_1', 'CAMERA_3']","{'CAMERA_1': ['camera_type'], 'CAMERA_2': ['optical_zoom'], 'CAMERA_3': ['weight', 'effects', 'settings', 'ISO', 'autofocus_points', 'resolution', 'optical_zoom', 'long_exposure', 'sensor_size', 'camera_type', 'color', 'price', 'preset_modes', 'price']}",C_SILENT_OR_BACKCHANNEL,CAMERA_3,NONE,ok,PRESENT_X,CAMERA_3,S_INTRODUCES_FEATURE,CAMERA_3,price,This one costs $518.,PRESENT_X,CAMERA_3,15~19
917,24,CAMERA_3,"['CAMERA_2', 'CAMERA_1', 'CAMERA_3']","{'CAMERA_1': ['camera_type'], 'CAMERA_2': ['optical_zoom'], 'CAMERA_3': ['weight', 'effects', 'settings', 'ISO', 'autofocus_points', 'resolution', 'optical_zoom', 'long_exposure', 'sensor_size', 'camera_type', 'color', 'price', 'preset_modes', 'price', 'resolution']}",C_QUESTION_ABOUT_FEATURE,CAMERA_3,resolution,how many megapixels does it have,PRESENT_X,CAMERA_3,S_ANSWERS_QUESTION_ABOUT_FEATURE,CAMERA_3,resolution,This one has 23.2 megapixels resolution.,PRESENT_X,CAMERA_3,13~28
917,25,CAMERA_3,"['CAMERA_2', 'CAMERA_1', 'CAMERA_3']","{'CAMERA_1': ['camera_type'], 'CAMERA_2': ['optical_zoom'], 'CAMERA_3': ['weight', 'effects', 'settings', 'ISO', 'autofocus_points', 'resolution', 'optical_zoom', 'long_exposure', 'sensor_size', 'camera_type', 'color', 'price', 'preset_modes', 'price', 'resolution', 'price']}",C_QUESTION_ABOUT_FEATURE,CAMERA_3,price,yeah that's what I need to do how much is it,PRESENT_X,CAMERA_3,S_ANSWERS_QUESTION_ABOUT_FEATURE,CAMERA_3,price,This one costs $518.,PRESENT_X,CAMERA_3,15~19
917,26,CAMERA_3,"['CAMERA_2', 'CAMERA_1', 'CAMERA_3']","{'CAMERA_1': ['camera_type'], 'CAMERA_2': ['optical_zoom'], 'CAMERA_3': ['weight', 'effects', 'settings', 'ISO', 'autofocus_points', 'resolution', 'optical_zoom', 'long_exposure', 'sensor_size', 'camera_type', 'color', 'price', 'preset_modes', 'price', 'resolution', 'price', 'weight']}",C_QUESTION_ABOUT_FEATURE,CAMERA_3,weight,how is the weight on it,PRESENT_X,CAMERA_3,S_ANSWERS_QUESTION_ABOUT_FEATURE,CAMERA_3,weight,This one weighs 820 grams.,PRESENT_X,CAMERA_3,16~25
917,27,CAMERA_3,"['CAMERA_2', 'CAMERA_1', 'CAMERA_3']","{'CAMERA_1': ['camera_type'], 'CAMERA_2': ['optical_zoom'], 'CAMERA_3': ['weight', 'effects', 'settings', 'ISO', 'autofocus_points', 'resolution', 'optical_zoom', 'long_exposure', 'sensor_size', 'camera_type', 'color', 'price', 'preset_modes', 'price', 'resolution', 'price', 'weight', 'effects']}",C_QUESTION_ABOUT_FEATURE,CAMERA_3,effects,does it have artistic effect mode,PRESENT_X,CAMERA_3,S_ANSWERS_QUESTION_ABOUT_FEATURE,CAMERA_3,effects,"This one has 21 photo effects (small face, retro, big eyes, etc.).",PRESENT_X,CAMERA_3,13~65
917,28,CAMERA_3,"['CAMERA_2', 'CAMERA_1', 'CAMERA_3']","{'CAMERA_1': ['camera_type'], 'CAMERA_2': ['optical_zoom'], 'CAMERA_3': ['weight', 'effects', 'settings', 'ISO', 'autofocus_points', 'resolution', 'optical_zoom', 'long_exposure', 'sensor_size', 'camera_type', 'color', 'price', 'preset_modes', 'price', 'resolution', 'price', 'weight', 'effects', 'optical_zoom']}",C_QUESTION_ABOUT_FEATURE,CAMERA_3,optical_zoom,excuse me what does it mean by optical zoom,PRESENT_X,CAMERA_3,S_NOT_SURE,CAMERA_3,,I'm not really sure about that.,PRESENT_X,CAMERA_3,
917,29,NONE,"['CAMERA_2', 'CAMERA_1', 'CAMERA_3']","{'CAMERA_1': ['camera_type'], 'CAMERA_2': ['optical_zoom'], 'CAMERA_3': ['weight', 'effects', 'settings', 'ISO', 'autofocus_points', 'resolution', 'optical_zoom', 'long_exposure', 'sensor_size', 'camera_type', 'color', 'price', 'preset_modes', 'price', 'resolution', 'price', 'weight', 'effects', 'optical_zoom']}",C_THANK_YOU,CAMERA_3,NONE,seems pretty good I think about that but thank you,PRESENT_X,CAMERA_3,S_THANK_YOU,CAMERA_3,NONE,thank you very much.,FACE_TO_FACE,NONE,
917,30,NONE,"['CAMERA_2', 'CAMERA_1', 'CAMERA_3']","{'CAMERA_1': ['camera_type'], 'CAMERA_2': ['optical_zoom'], 'CAMERA_3': ['weight', 'effects', 'settings', 'ISO', 'autofocus_points', 'resolution', 'optical_zoom', 'long_exposure', 'sensor_size', 'camera_type', 'color', 'price', 'preset_modes', 'price', 'resolution', 'price', 'weight', 'effects', 'optical_zoom']}",C_LEAVES,DOOR,NONE,,FACE_TO_FACE,NONE,S_RETURNS_TO_COUNTER,SERVICE_COUNTER,NONE,,WAITING,NONE,
918,1,NONE,[],"{'CAMERA_1': [], 'CAMERA_2': [], 'CAMERA_3': []}",C_ENTERS,DOOR,NONE,,WAITING,NONE,S_NONE,SERVICE_COUNTER,NONE,,WAITING,NONE,
918,2,NONE,[],"{'CAMERA_1': [], 'CAMERA_2': [], 'CAMERA_3': []}",C_GREETS,MIDDLE,NONE,hello Galaxy Note,WAITING,NONE,S_GREETS,MIDDLE,NONE,can I help you?,FACE_TO_FACE,NONE,
918,3,CAMERA_3,['CAMERA_3'],"{'CAMERA_1': [], 'CAMERA_2': [], 'CAMERA_3': []}",C_LOOKING_FOR_A_CAMERA,MIDDLE,NONE,well I'm looking for camera,FACE_TO_FACE,NONE,S_INTRODUCES_CAMERA,CAMERA_3,,Let me show you this. Here we have the Fujifilm PowerShot ELPH S2800.,PRESENT_X,CAMERA_3,39~68
918,4,CAMERA_3,['CAMERA_3'],"{'CAMERA_1': [], 'CAMERA_2': [], 'CAMERA_3': ['autofocus_points']}",C_QUESTION_ABOUT_FEATURE,CAMERA_3,autofocus_points,yeah I'm wondering how many auto focus points does this camera have,PRESENT_X,CAMERA_3,S_ANSWERS_QUESTION_ABOUT_FEATURE,CAMERA_3,autofocus_points,This one has 214 autofocus points.,PRESENT_X,CAMERA_3,13~33
918,5,CAMERA_3,['CAMERA_3'],"{'CAMERA_1': [], 'CAMERA_2': [], 'CAMERA_3': ['autofocus_points', 'sensor_size']}",C_QUESTION_ABOUT_FEATURE,CAMERA_3,sensor_size,What is synthesizer of this camera,PRESENT_X,CAMERA_3,S_ANSWERS_QUESTION_ABOUT_FEATURE,CAMERA_3,sensor_size,This one has a full frame.,PRESENT_X,CAMERA_3,15~25
918,6,CAMERA_3,['CAMERA_3'],"{'CAMERA_1': [], 'CAMERA_2': [], 'CAMERA_3': ['autofocus_points', 'sensor_size', 'camera_type']}",C_QUESTION_ABOUT_FEATURE,CAMERA_3,camera_type,is this a point and shoot camera,PRESENT_X,CAMERA_3,S_ANSWERS_QUESTION_ABOUT_FEATURE,CAMERA_3,camera_type,This is a point and shoot camera.,PRESENT_X,CAMERA_3,10~25
918,7,CAMERA_3,['CAMERA_3'],"{'CAMERA_1': [], 'CAMERA_2': [], 'CAMERA_3': ['autofocus_points', 'sensor_size', 'camera_type', 'preset_modes']}",C_QUESTION_ABOUT_FEATURE,CAMERA_3,preset_modes,what does this support for preset mode,PRESENT_X,CAMERA_3,S_ANSWERS_QUESTION_ABOUT_FEATURE,CAMERA_3,preset_modes,This one has various preset modes.,PRESENT_X,CAMERA_3,13~33
918,8,CAMERA_1,"['CAMERA_3', 'CAMERA_1']","{'CAMERA_1': [], 'CAMERA_2': [], 'CAMERA_3': ['autofocus_points', 'sensor_size', 'camera_type', 'preset_modes']}",C_ANYTHING_ELSE_AVAILABLE,CAMERA_3,NONE,can you recommend another camera similar to this,PRESENT_X,CAMERA_3,S_INTRODUCES_CAMERA,CAMERA_1,,Let me show you this. Here we have the Sony PowerShot ELPH DMC-ZS3.,PRESENT_X,CAMERA_1,39~66
918,9,CAMERA_1,"['CAMERA_3', 'CAMERA_1']","{'CAMERA_1': ['long_exposure'], 'CAMERA_2': [], 'CAMERA_3': ['autofocus_points', 'sensor_size', 'camera_type', 'preset_modes']}",C_SILENT_OR_BACKCHANNEL,CAMERA_1,NONE,okay that sounds good,PRESENT_X,CAMERA_1,S_INTRODUCES_FEATURE,CAMERA_1,long_exposure,This one can take long exposures up to up to 15 seconds with Long Shutter Mode.,PRESENT_X,CAMERA_1,39~78
918,10,CAMERA_2,"['CAMERA_3', 'CAMERA_1', 'CAMERA_2']","{'CAMERA_1': ['long_exposure'], 'CAMERA_2': [], 'CAMERA_3': ['autofocus_points', 'sensor_size', 'camera_type', 'preset_modes']}",C_ANYTHING_ELSE_AVAILABLE,CAMERA_1,NONE,can you recommend another camera similar to this,PRESENT_X,CAMERA_1,S_INTRODUCES_CAMERA,CAMERA_2,,Let me show you this. Here we have the Fujifilm Lumix ILC Camera.,PRESENT_X,CAMERA_2,39~64
918,11,CAMERA_2,"['CAMERA_3', 'CAMERA_1', 'CAMERA_2']","{'CAMERA_1': ['long_exposure'], 'CAMERA_2': ['price'], 'CAMERA_3': ['autofocus_points', 'sensor_size', 'camera_type', 'preset_modes']}",C_SILENT_OR_BACKCHANNEL,CAMERA_2,NONE,so it can be saved on a computer Library,PRESENT_X,CAMERA_2,S_INTRODUCES_FEATURE,CAMERA_2,price,This one costs $768.,PRESENT_X,CAMERA_2,15~19
918,12,,"['CAMERA_3', 'CAMERA_1', 'CAMERA_2']","{'CAMERA_1': ['long_exposure'], 'CAMERA_2': ['price'], 'CAMERA_3': ['autofocus_points', 'sensor_size', 'camera_type', 'preset_modes']}",C_ANYTHING_ELSE_AVAILABLE,CAMERA_2,NONE,ok do you have any other cameras,PRESENT_X,CAMERA_2,S_THATS_ALL_WE_HAVE_AVAILABLE,CAMERA_2,,That's all we have available at the moment.,PRESENT_X,CAMERA_2,
918,13,NONE,"['CAMERA_3', 'CAMERA_1', 'CAMERA_2']","{'CAMERA_1': ['long_exposure'], 'CAMERA_2': ['price'], 'CAMERA_3': ['autofocus_points', 'sensor_size', 'camera_type', 'preset_modes']}",C_THANK_YOU,CAMERA_2,NONE,okay thank you for time of your insides,PRESENT_X,CAMERA_2,S_THANK_YOU,CAMERA_2,NONE,thank you very much.,FACE_TO_FACE,NONE,
918,14,NONE,"['CAMERA_3', 'CAMERA_1', 'CAMERA_2']","{'CAMERA_1': ['long_exposure'], 'CAMERA_2': ['price'], 'CAMERA_3': ['autofocus_points', 'sensor_size', 'camera_type', 'preset_modes']}",C_LEAVES,DOOR,NONE,,FACE_TO_FACE,NONE,S_RETURNS_TO_COUNTER,SERVICE_COUNTER,NONE,,WAITING,NONE,
919,1,NONE,[],"{'CAMERA_1': [], 'CAMERA_2': [], 'CAMERA_3': []}",C_ENTERS,DOOR,NONE,,WAITING,NONE,S_NONE,SERVICE_COUNTER,NONE,,WAITING,NONE,
919,2,NONE,[],"{'CAMERA_1': [], 'CAMERA_2': [], 'CAMERA_3': []}",C_GREETS,MIDDLE,NONE,excuse me,WAITING,NONE,S_GREETS,MIDDLE,NONE,can I help you?,FACE_TO_FACE,NONE,
919,3,CAMERA_3,['CAMERA_3'],"{'CAMERA_1': [], 'CAMERA_2': [], 'CAMERA_3': []}",C_LOOKING_FOR_A_CAMERA,MIDDLE,NONE,I'm looking for a new camera actually like a better than my phone,FACE_TO_FACE,NONE,S_INTRODUCES_CAMERA,CAMERA_3,,Let me show you this. Here we have the Fujifilm PowerShot ELPH S2800.,PRESENT_X,CAMERA_3,39~68
919,4,CAMERA_3,['CAMERA_3'],"{'CAMERA_1': [], 'CAMERA_2': [], 'CAMERA_3': ['settings']}",C_QUESTION_ABOUT_FEATURE,CAMERA_3,settings,K and the manual settings,PRESENT_X,CAMERA_3,S_ANSWERS_QUESTION_ABOUT_FEATURE,CAMERA_3,settings,"This one has manual control and various automatic settings (video modeburst shooting, etc.).",PRESENT_X,CAMERA_3,13~91
919,5,CAMERA_3,['CAMERA_3'],"{'CAMERA_1': [], 'CAMERA_2': [], 'CAMERA_3': ['settings', 'price']}",C_SILENT_OR_BACKCHANNEL,CAMERA_3,NONE,ok,PRESENT_X,CAMERA_3,S_INTRODUCES_FEATURE,CAMERA_3,price,This one costs $518.,PRESENT_X,CAMERA_3,15~19
919,6,CAMERA_1,"['CAMERA_3', 'CAMERA_1']","{'CAMERA_1': [], 'CAMERA_2': [], 'CAMERA_3': ['settings', 'price']}",C_ANYTHING_ELSE_AVAILABLE,CAMERA_3,NONE,So this is the only model you have in your shop,PRESENT_X,CAMERA_3,S_INTRODUCES_CAMERA,CAMERA_1,,Let me show you this. Here we have the Sony PowerShot ELPH DMC-ZS3.,PRESENT_X,CAMERA_1,39~66
919,7,CAMERA_1,"['CAMERA_3', 'CAMERA_1']","{'CAMERA_1': ['long_exposure'], 'CAMERA_2': [], 'CAMERA_3': ['settings', 'price']}",C_SILENT_OR_BACKCHANNEL,CAMERA_1,NONE,ok,PRESENT_X,CAMERA_1,S_INTRODUCES_FEATURE,CAMERA_1,long_exposure,This one can take long exposures up to up to 15 seconds with Long Shutter Mode.,PRESENT_X,CAMERA_1,39~78
919,8,CAMERA_1,"['CAMERA_3', 'CAMERA_1']","{'CAMERA_1': ['long_exposure', 'sensor_size'], 'CAMERA_2': [], 'CAMERA_3': ['settings', 'price']}",C_SILENT_OR_BACKCHANNEL,CAMERA_1,NONE,how it looks really good,PRESENT_X,CAMERA_1,S_INTRODUCES_FEATURE,CAMERA_1,sensor_size,This one has a 1/2.3 inch CMOS sensor.,PRESENT_X,CAMERA_1,15~37
919,9,NONE,"['CAMERA_3', 'CAMERA_1']","{'CAMERA_1': ['long_exposure', 'sensor_size'], 'CAMERA_2': [], 'CAMERA_3': ['settings', 'price']}",C_THANK_YOU,CAMERA_1,NONE,thank you very much I really appreciate your help have a great day,PRESENT_X,CAMERA_1,S_THANK_YOU,CAMERA_1,NONE,thank you very much.,FACE_TO_FACE,NONE,
919,10,NONE,"['CAMERA_3', 'CAMERA_1']","{'CAMERA_1': ['long_exposure', 'sensor_size'], 'CAMERA_2': [], 'CAMERA_3': ['settings', 'price']}",C_LEAVES,DOOR,NONE,,FACE_TO_FACE,NONE,S_RETURNS_TO_COUNTER,SERVICE_COUNTER,NONE,,WAITING,NONE,
920,1,NONE,[],"{'CAMERA_1': [], 'CAMERA_2': [], 'CAMERA_3': []}",C_ENTERS,DOOR,NONE,,WAITING,NONE,S_NONE,SERVICE_COUNTER,NONE,,WAITING,NONE,
920,2,NONE,[],"{'CAMERA_1': [], 'CAMERA_2': [], 'CAMERA_3': []}",C_GREETS,MIDDLE,NONE,excuse me can you help me,WAITING,NONE,S_GREETS,MIDDLE,NONE,can I help you?,FACE_TO_FACE,NONE,
920,3,CAMERA_3,['CAMERA_3'],"{'CAMERA_1': [], 'CAMERA_2': [], 'CAMERA_3': []}",C_LOOKING_FOR_A_CAMERA,MIDDLE,NONE,I'm looking for a new camera actually like a better than my phone,FACE_TO_FACE,NONE,S_INTRODUCES_CAMERA,CAMERA_3,,Let me show you this. Here we have the Fujifilm PowerShot ELPH S2800.,PRESENT_X,CAMERA_3,39~68
920,4,CAMERA_3,['CAMERA_3'],"{'CAMERA_1': [], 'CAMERA_2': [], 'CAMERA_3': ['autofocus_points']}",C_QUESTION_ABOUT_FEATURE,CAMERA_3,autofocus_points,I was trying to find out the auto focus points,PRESENT_X,CAMERA_3,S_ANSWERS_QUESTION_ABOUT_FEATURE,CAMERA_3,autofocus_points,This one has 214 autofocus points.,PRESENT_X,CAMERA_3,13~33
920,5,CAMERA_3,['CAMERA_3'],"{'CAMERA_1': [], 'CAMERA_2': [], 'CAMERA_3': ['autofocus_points', 'preset_modes']}",C_SILENT_OR_BACKCHANNEL,CAMERA_3,NONE,IC,PRESENT_X,CAMERA_3,S_INTRODUCES_FEATURE,CAMERA_3,preset_modes,This one has various preset modes.,PRESENT_X,CAMERA_3,13~33
920,6,CAMERA_2,"['CAMERA_3', 'CAMERA_2']","{'CAMERA_1': [], 'CAMERA_2': [], 'CAMERA_3': ['autofocus_points', 'preset_modes']}",C_ANYTHING_ELSE_AVAILABLE,CAMERA_3,NONE,do you have any other cameras that are in this kind,PRESENT_X,CAMERA_3,S_INTRODUCES_CAMERA,CAMERA_2,,Let me show you this. Here we have the Fujifilm Lumix ILC Camera.,PRESENT_X,CAMERA_2,39~64
920,7,CAMERA_2,"['CAMERA_3', 'CAMERA_2']","{'CAMERA_1': [], 'CAMERA_2': ['resolution'], 'CAMERA_3': ['autofocus_points', 'preset_modes']}",C_QUESTION_ABOUT_FEATURE,CAMERA_2,resolution,what is the resolution,PRESENT_X,CAMERA_2,S_ANSWERS_QUESTION_ABOUT_FEATURE,CAMERA_2,resolution,This one has 23.8 megapixels resolution.,PRESENT_X,CAMERA_2,13~28
920,8,CAMERA_2,"['CAMERA_3', 'CAMERA_2']","{'CAMERA_1': [], 'CAMERA_2': ['resolution', 'weight'], 'CAMERA_3': ['autofocus_points', 'preset_modes']}",C_QUESTION_ABOUT_FEATURE,CAMERA_2,weight,is this heavy,PRESENT_X,CAMERA_2,S_ANSWERS_QUESTION_ABOUT_FEATURE,CAMERA_2,weight,This one weighs 820 grams.,PRESENT_X,CAMERA_2,16~25
920,9,CAMERA_2,"['CAMERA_3', 'CAMERA_2']","{'CAMERA_1': [], 'CAMERA_2': ['resolution', 'weight', 'optical_zoom'], 'CAMERA_3': ['autofocus_points', 'preset_modes']}",C_SILENT_OR_BACKCHANNEL,CAMERA_2,NONE,it seems like a pretty good camera,PRESENT_X,CAMERA_2,S_INTRODUCES_FEATURE,CAMERA_2,optical_zoom,This one has 21x optical zoom.,PRESENT_X,CAMERA_2,13~29
920,10,CAMERA_2,"['CAMERA_3', 'CAMERA_2']","{'CAMERA_1': [], 'CAMERA_2': ['resolution', 'weight', 'optical_zoom', 'long_exposure'], 'CAMERA_3': ['autofocus_points', 'preset_modes']}",C_QUESTION_ABOUT_FEATURE,CAMERA_2,long_exposure,Is this support for long exposure,PRESENT_X,CAMERA_2,S_ANSWERS_QUESTION_ABOUT_FEATURE,CAMERA_2,long_exposure,This one can take long exposures up to 60 minutes max with bulb mode.,PRESENT_X,CAMERA_2,39~68
920,11,CAMERA_2,"['CAMERA_3', 'CAMERA_2']","{'CAMERA_1': [], 'CAMERA_2': ['resolution', 'weight', 'optical_zoom', 'long_exposure', 'sensor_size'], 'CAMERA_3': ['autofocus_points', 'preset_modes']}",C_QUESTION_ABOUT_FEATURE,CAMERA_2,sensor_size,and what's the sensor size on this,PRESENT_X,CAMERA_2,S_ANSWERS_QUESTION_ABOUT_FEATURE,CAMERA_2,sensor_size,This one has a 1/2.33 inch sensor.,PRESENT_X,CAMERA_2,15~33
920,12,CAMERA_1,"['CAMERA_3', 'CAMERA_2', 'CAMERA_1']","{'CAMERA_1': [], 'CAMERA_2': ['resolution', 'weight', 'optical_zoom', 'long_exposure', 'sensor_size'], 'CAMERA_3': ['autofocus_points', 'preset_modes']}",C_ANYTHING_ELSE_AVAILABLE,CAMERA_2,NONE,do you have any other cameras with preset mode,PRESENT_X,CAMERA_2,S_INTRODUCES_CAMERA,CAMERA_1,,Let me show you this. Here we have the Sony PowerShot ELPH DMC-ZS3.,PRESENT_X,CAMERA_1,39~66
920,13,CAMERA_1,"['CAMERA_3', 'CAMERA_2', 'CAMERA_1']","{'CAMERA_1': ['price'], 'CAMERA_2': ['resolution', 'weight', 'optical_zoom', 'long_exposure', 'sensor_size'], 'CAMERA_3': ['autofocus_points', 'preset_modes']}",C_QUESTION_ABOUT_FEATURE,CAMERA_1,price,looks kind of expensive,PRESENT_X,CAMERA_1,S_ANSWERS_QUESTION_ABOUT_FEATURE,CAMERA_1,price,This one costs $450.,PRESENT_X,CAMERA_1,15~19
920,14,CAMERA_1,"['CAMERA_3', 'CAMERA_2', 'CAMERA_1']","{'CAMERA_1': ['price', 'ISO'], 'CAMERA_2': ['resolution', 'weight', 'optical_zoom', 'long_exposure', 'sensor_size'], 'CAMERA_3': ['autofocus_points', 'preset_modes']}",C_SILENT_OR_BACKCHANNEL,CAMERA_1,NONE,Ice Age,PRESENT_X,CAMERA_1,S_INTRODUCES_FEATURE,CAMERA_1,ISO,This one has up to 51200 ISO.,PRESENT_X,CAMERA_1,13~28
920,15,CAMERA_1,"['CAMERA_3', 'CAMERA_2', 'CAMERA_1']","{'CAMERA_1': ['price', 'ISO', 'weight'], 'CAMERA_2': ['resolution', 'weight', 'optical_zoom', 'long_exposure', 'sensor_size'], 'CAMERA_3': ['autofocus_points', 'preset_modes']}",C_QUESTION_ABOUT_FEATURE,CAMERA_1,weight,yeah that should be and what about the weight,PRESENT_X,CAMERA_1,S_ANSWERS_QUESTION_ABOUT_FEATURE,CAMERA_1,weight,This one weighs 800 grams.,PRESENT_X,CAMERA_1,16~25
920,16,CAMERA_1,"['CAMERA_3', 'CAMERA_2', 'CAMERA_1']","{'CAMERA_1': ['price', 'ISO', 'weight', 'preset_modes'], 'CAMERA_2': ['resolution', 'weight', 'optical_zoom', 'long_exposure', 'sensor_size'], 'CAMERA_3': ['autofocus_points', 'preset_modes']}",C_QUESTION_ABOUT_FEATURE,CAMERA_1,preset_modes,does it have any preset mode,PRESENT_X,CAMERA_1,S_NOT_SURE,CAMERA_1,,I'm not really sure about that.,PRESENT_X,CAMERA_1,
920,17,,"['CAMERA_3', 'CAMERA_2', 'CAMERA_1']","{'CAMERA_1': ['price', 'ISO', 'weight', 'preset_modes'], 'CAMERA_2': ['resolution', 'weight', 'optical_zoom', 'long_exposure', 'sensor_size'], 'CAMERA_3': ['autofocus_points', 'preset_modes']}",C_ANYTHING_ELSE_AVAILABLE,CAMERA_1,NONE,do you have anything better than this,PRESENT_X,CAMERA_1,S_THATS_ALL_WE_HAVE_AVAILABLE,CAMERA_1,,That's all we have available at the moment.,PRESENT_X,CAMERA_1,
920,18,NONE,"['CAMERA_3', 'CAMERA_2', 'CAMERA_1']","{'CAMERA_1': ['price', 'ISO', 'weight', 'preset_modes'], 'CAMERA_2': ['resolution', 'weight', 'optical_zoom', 'long_exposure', 'sensor_size'], 'CAMERA_3': ['autofocus_points', 'preset_modes']}",C_THANK_YOU,CAMERA_1,NONE,you okay thank you very much for your help have a good afternoon,PRESENT_X,CAMERA_1,S_THANK_YOU,CAMERA_1,NONE,thank you very much.,FACE_TO_FACE,NONE,
920,19,NONE,"['CAMERA_3', 'CAMERA_2', 'CAMERA_1']","{'CAMERA_1': ['price', 'ISO', 'weight', 'preset_modes'], 'CAMERA_2': ['resolution', 'weight', 'optical_zoom', 'long_exposure', 'sensor_size'], 'CAMERA_3': ['autofocus_points', 'preset_modes']}",C_LEAVES,DOOR,NONE,,FACE_TO_FACE,NONE,S_RETURNS_TO_COUNTER,SERVICE_COUNTER,NONE,,WAITING,NONE,
921,1,NONE,[],"{'CAMERA_1': [], 'CAMERA_2': [], 'CAMERA_3': []}",C_ENTERS,DOOR,NONE,,WAITING,NONE,S_NONE,SERVICE_COUNTER,NONE,,WAITING,NONE,
921,2,NONE,[],"{'CAMERA_1': [], 'CAMERA_2': [], 'CAMERA_3': []}",C_GREETS,MIDDLE,NONE,kiss me,WAITING,NONE,S_GREETS,MIDDLE,NONE,can I help you?,FACE_TO_FACE,NONE,
921,3,CAMERA_1,['CAMERA_1'],"{'CAMERA_1': [], 'CAMERA_2': [], 'CAMERA_3': []}",C_LOOKING_FOR_A_CAMERA,MIDDLE,NONE,I'm here to see the cameras I want a new one,FACE_TO_FACE,NONE,S_INTRODUCES_CAMERA,CAMERA_1,,Let me show you this. Here we have the Sony PowerShot ELPH DMC-ZS3.,PRESENT_X,CAMERA_1,39~66
921,4,CAMERA_1,['CAMERA_1'],"{'CAMERA_1': ['settings'], 'CAMERA_2': [], 'CAMERA_3': []}",C_SILENT_OR_BACKCHANNEL,CAMERA_1,NONE,ok,PRESENT_X,CAMERA_1,S_INTRODUCES_FEATURE,CAMERA_1,settings,This one has limited manual settings.,PRESENT_X,CAMERA_1,13~36
921,5,NONE,['CAMERA_1'],"{'CAMERA_1': ['settings'], 'CAMERA_2': [], 'CAMERA_3': []}",C_THANK_YOU,CAMERA_1,NONE,thank you,PRESENT_X,CAMERA_1,S_THANK_YOU,CAMERA_1,NONE,thank you very much.,FACE_TO_FACE,NONE,
921,6,NONE,['CAMERA_1'],"{'CAMERA_1': ['settings'], 'CAMERA_2': [], 'CAMERA_3': []}",C_LEAVES,DOOR,NONE,,FACE_TO_FACE,NONE,S_RETURNS_TO_COUNTER,SERVICE_COUNTER,NONE,,WAITING,NONE,
922,1,NONE,[],"{'CAMERA_1': [], 'CAMERA_2': [], 'CAMERA_3': []}",C_ENTERS,DOOR,NONE,,WAITING,NONE,S_NONE,SERVICE_COUNTER,NONE,,WAITING,NONE,
922,2,NONE,[],"{'CAMERA_1': [], 'CAMERA_2': [], 'CAMERA_3': []}",C_GREETS,MIDDLE,NONE,hello good morning,WAITING,NONE,S_GREETS,MIDDLE,NONE,can I help you?,FACE_TO_FACE,NONE,
922,3,CAMERA_2,['CAMERA_2'],"{'CAMERA_1': [], 'CAMERA_2': [], 'CAMERA_3': []}",C_LOOKING_FOR_A_CAMERA,MIDDLE,NONE,I'm just browsing around just searching for a camera,FACE_TO_FACE,NONE,S_INTRODUCES_CAMERA,CAMERA_2,,Let me show you this. Here we have the Fujifilm Lumix ILC Camera.,PRESENT_X,CAMERA_2,39~64
922,4,CAMERA_2,['CAMERA_2'],"{'CAMERA_1': [], 'CAMERA_2': ['effects'], 'CAMERA_3': []}",C_QUESTION_ABOUT_FEATURE,CAMERA_2,effects,okay that's a record and how many of those effects does it have,PRESENT_X,CAMERA_2,S_ANSWERS_QUESTION_ABOUT_FEATURE,CAMERA_2,effects,"This one has 24 artistic effect modes (retro, lighter or darker skin tones, sepia, etc.).",PRESENT_X,CAMERA_2,13~88
922,5,CAMERA_2,['CAMERA_2'],"{'CAMERA_1': [], 'CAMERA_2': ['effects', 'long_exposure'], 'CAMERA_3': []}",C_SILENT_OR_BACKCHANNEL,CAMERA_2,NONE,sounds good,PRESENT_X,CAMERA_2,S_INTRODUCES_FEATURE,CAMERA_2,long_exposure,This one can take long exposures up to 60 minutes max with bulb mode.,PRESENT_X,CAMERA_2,39~68
922,6,CAMERA_2,['CAMERA_2'],"{'CAMERA_1': [], 'CAMERA_2': ['effects', 'long_exposure', 'camera_type'], 'CAMERA_3': []}",C_QUESTION_ABOUT_FEATURE,CAMERA_2,camera_type,what kind of camera is this,PRESENT_X,CAMERA_2,S_ANSWERS_QUESTION_ABOUT_FEATURE,CAMERA_2,camera_type,This is a digital single lens mirrorless camera.,PRESENT_X,CAMERA_2,10~40
922,7,CAMERA_2,['CAMERA_2'],"{'CAMERA_1': [], 'CAMERA_2': ['effects', 'long_exposure', 'camera_type', 'color'], 'CAMERA_3': []}",C_QUESTION_ABOUT_FEATURE,CAMERA_2,color,when did you mention about color at  just one color and I am wondering that,PRESENT_X,CAMERA_2,S_ANSWERS_QUESTION_ABOUT_FEATURE,CAMERA_2,color,This one comes in white or pink.,PRESENT_X,CAMERA_2,18~31
922,8,CAMERA_2,['CAMERA_2'],"{'CAMERA_1': [], 'CAMERA_2': ['effects', 'long_exposure', 'camera_type', 'color', 'settings'], 'CAMERA_3': []}",C_SILENT_OR_BACKCHANNEL,CAMERA_2,NONE,what about the is so great how long is that,PRESENT_X,CAMERA_2,S_INTRODUCES_FEATURE,CAMERA_2,settings,"This one has manual control and various automatic settings (video modeburst shooting, etc.).",PRESENT_X,CAMERA_2,13~91
922,9,CAMERA_2,['CAMERA_2'],"{'CAMERA_1': [], 'CAMERA_2': ['effects', 'long_exposure', 'camera_type', 'color', 'settings', 'optical_zoom'], 'CAMERA_3': []}",C_QUESTION_ABOUT_FEATURE,CAMERA_2,optical_zoom,that's so many and what's the optical zoom on this phone,PRESENT_X,CAMERA_2,S_ANSWERS_QUESTION_ABOUT_FEATURE,CAMERA_2,optical_zoom,This one has 21x optical zoom.,PRESENT_X,CAMERA_2,13~29
922,10,CAMERA_2,['CAMERA_2'],"{'CAMERA_1': [], 'CAMERA_2': ['effects', 'long_exposure', 'camera_type', 'color', 'settings', 'optical_zoom', 'ISO'], 'CAMERA_3': []}",C_QUESTION_ABOUT_FEATURE,CAMERA_2,ISO,that sounds good how high can I set the ISO,PRESENT_X,CAMERA_2,S_NOT_SURE,CAMERA_2,,I'm not really sure about that.,PRESENT_X,CAMERA_2,
922,11,CAMERA_2,['CAMERA_2'],"{'CAMERA_1': [], 'CAMERA_2': ['effects', 'long_exposure', 'camera_type', 'color', 'settings', 'optical_zoom', 'ISO', 'preset_modes'], 'CAMERA_3': []}",C_QUESTION_ABOUT_FEATURE,CAMERA_2,preset_modes,does it have any preset mode,PRESENT_X,CAMERA_2,S_NOT_SURE,CAMERA_2,,I'm not really sure about that.,PRESENT_X,CAMERA_2,
922,12,CAMERA_1,"['CAMERA_2', 'CAMERA_1']","{'CAMERA_1': [], 'CAMERA_2': ['effects', 'long_exposure', 'camera_type', 'color', 'settings', 'optical_zoom', 'ISO', 'preset_modes'], 'CAMERA_3': []}",C_ANYTHING_ELSE_AVAILABLE,CAMERA_2,NONE,ok do you have any other cameras,PRESENT_X,CAMERA_2,S_INTRODUCES_CAMERA,CAMERA_1,,Let me show you this. Here we have the Sony PowerShot ELPH DMC-ZS3.,PRESENT_X,CAMERA_1,39~66
922,13,CAMERA_1,"['CAMERA_2', 'CAMERA_1']","{'CAMERA_1': ['settings'], 'CAMERA_2': ['effects', 'long_exposure', 'camera_type', 'color', 'settings', 'optical_zoom', 'ISO', 'preset_modes'], 'CAMERA_3': []}",C_QUESTION_ABOUT_FEATURE,CAMERA_1,settings,and where about the manual setting,PRESENT_X,CAMERA_1,S_ANSWERS_QUESTION_ABOUT_FEATURE,CAMERA_1,settings,This one has limited manual settings.,PRESENT_X,CAMERA_1,13~36
922,14,CAMERA_1,"['CAMERA_2', 'CAMERA_1']","{'CAMERA_1': ['settings', 'sensor_size'], 'CAMERA_2': ['effects', 'long_exposure', 'camera_type', 'color', 'settings', 'optical_zoom', 'ISO', 'preset_modes'], 'CAMERA_3': []}",C_QUESTION_ABOUT_FEATURE,CAMERA_1,sensor_size,what is the sensor size like,PRESENT_X,CAMERA_1,S_ANSWERS_QUESTION_ABOUT_FEATURE,CAMERA_1,sensor_size,This one has a 1/2.3 inch CMOS sensor.,PRESENT_X,CAMERA_1,15~37
922,15,CAMERA_1,"['CAMERA_2', 'CAMERA_1']","{'CAMERA_1': ['settings', 'sensor_size', 'optical_zoom'], 'CAMERA_2': ['effects', 'long_exposure', 'camera_type', 'color', 'settings', 'optical_zoom', 'ISO', 'preset_modes'], 'CAMERA_3': []}",C_SILENT_OR_BACKCHANNEL,CAMERA_1,NONE,IC,PRESENT_X,CAMERA_1,S_INTRODUCES_FEATURE,CAMERA_1,optical_zoom,This one has 21x optical zoom.,PRESENT_X,CAMERA_1,13~29
922,16,NONE,"['CAMERA_2', 'CAMERA_1']","{'CAMERA_1': ['settings', 'sensor_size', 'optical_zoom'], 'CAMERA_2': ['effects', 'long_exposure', 'camera_type', 'color', 'settings', 'optical_zoom', 'ISO', 'preset_modes'], 'CAMERA_3': []}",C_THANK_YOU,CAMERA_1,NONE,thanks,PRESENT_X,CAMERA_1,S_THANK_YOU,CAMERA_1,NONE,thank you very much.,FACE_TO_FACE,NONE,
922,17,NONE,"['CAMERA_2', 'CAMERA_1']","{'CAMERA_1': ['settings', 'sensor_size', 'optical_zoom'], 'CAMERA_2': ['effects', 'long_exposure', 'camera_type', 'color', 'settings', 'optical_zoom', 'ISO', 'preset_modes'], 'CAMERA_3': []}",C_LEAVES,DOOR,NONE,,FACE_TO_FACE,NONE,S_RETURNS_TO_COUNTER,SERVICE_COUNTER,NONE,,WAITING,NONE,
923,1,NONE,[],"{'CAMERA_1': [], 'CAMERA_2': [], 'CAMERA_3': []}",C_ENTERS,DOOR,NONE,,WAITING,NONE,S_NONE,SERVICE_COUNTER,NONE,,WAITING,NONE,
923,2,NONE,[],"{'CAMERA_1': [], 'CAMERA_2': [], 'CAMERA_3': []}",C_GREETS,MIDDLE,NONE,use me,WAITING,NONE,S_GREETS,MIDDLE,NONE,can I help you?,FACE_TO_FACE,NONE,
923,3,CAMERA_1,['CAMERA_1'],"{'CAMERA_1': [], 'CAMERA_2': [], 'CAMERA_3': []}",C_LOOKING_FOR_A_CAMERA,MIDDLE,NONE,I guess I'm just looking for a new camera,FACE_TO_FACE,NONE,S_INTRODUCES_CAMERA,CAMERA_1,,Let me show you this. Here we have the Sony PowerShot ELPH DMC-ZS3.,PRESENT_X,CAMERA_1,39~66
923,4,CAMERA_1,['CAMERA_1'],"{'CAMERA_1': ['resolution'], 'CAMERA_2': [], 'CAMERA_3': []}",C_QUESTION_ABOUT_FEATURE,CAMERA_1,resolution,how many megapixels does it have,PRESENT_X,CAMERA_1,S_ANSWERS_QUESTION_ABOUT_FEATURE,CAMERA_1,resolution,This one has 17.8 megapixels resolution.,PRESENT_X,CAMERA_1,13~28
923,5,CAMERA_1,['CAMERA_1'],"{'CAMERA_1': ['resolution', 'weight'], 'CAMERA_2': [], 'CAMERA_3': []}",C_SILENT_OR_BACKCHANNEL,CAMERA_1,NONE,ok,PRESENT_X,CAMERA_1,S_INTRODUCES_FEATURE,CAMERA_1,weight,This one weighs 800 grams.,PRESENT_X,CAMERA_1,16~25
923,6,CAMERA_1,['CAMERA_1'],"{'CAMERA_1': ['resolution', 'weight', 'color'], 'CAMERA_2': [], 'CAMERA_3': []}",C_QUESTION_ABOUT_FEATURE,CAMERA_1,color,how many colors does this icon coming,PRESENT_X,CAMERA_1,S_ANSWERS_QUESTION_ABOUT_FEATURE,CAMERA_1,color,This one comes in blue or black.,PRESENT_X,CAMERA_1,18~31
923,7,CAMERA_1,['CAMERA_1'],"{'CAMERA_1': ['resolution', 'weight', 'color', 'ISO'], 'CAMERA_2': [], 'CAMERA_3': []}",C_QUESTION_ABOUT_FEATURE,CAMERA_1,ISO,what about the ISO,PRESENT_X,CAMERA_1,S_ANSWERS_QUESTION_ABOUT_FEATURE,CAMERA_1,ISO,This one has up to 51200 ISO.,PRESENT_X,CAMERA_1,13~28
923,8,CAMERA_1,['CAMERA_1'],"{'CAMERA_1': ['resolution', 'weight', 'color', 'ISO', 'effects'], 'CAMERA_2': [], 'CAMERA_3': []}",C_QUESTION_ABOUT_FEATURE,CAMERA_1,effects,does it have artistic effect lights,PRESENT_X,CAMERA_1,S_ANSWERS_QUESTION_ABOUT_FEATURE,CAMERA_1,effects,"This one has 24 glamor retouch effects (miniature, retro, toy camera, etc.).",PRESENT_X,CAMERA_1,13~75
923,9,CAMERA_1,['CAMERA_1'],"{'CAMERA_1': ['resolution', 'weight', 'color', 'ISO', 'effects', 'sensor_size'], 'CAMERA_2': [], 'CAMERA_3': []}",C_SILENT_OR_BACKCHANNEL,CAMERA_1,NONE,that's pretty funky,PRESENT_X,CAMERA_1,S_INTRODUCES_FEATURE,CAMERA_1,sensor_size,This one has a 1/2.3 inch CMOS sensor.,PRESENT_X,CAMERA_1,15~37
923,10,CAMERA_1,['CAMERA_1'],"{'CAMERA_1': ['resolution', 'weight', 'color', 'ISO', 'effects', 'sensor_size', 'long_exposure'], 'CAMERA_2': [], 'CAMERA_3': []}",C_QUESTION_ABOUT_FEATURE,CAMERA_1,long_exposure,is this long exposure,PRESENT_X,CAMERA_1,S_ANSWERS_QUESTION_ABOUT_FEATURE,CAMERA_1,long_exposure,This one can take long exposures up to up to 15 seconds with Long Shutter Mode.,PRESENT_X,CAMERA_1,39~78
923,11,CAMERA_1,['CAMERA_1'],"{'CAMERA_1': ['resolution', 'weight', 'color', 'ISO', 'effects', 'sensor_size', 'long_exposure', 'optical_zoom'], 'CAMERA_2': [], 'CAMERA_3': []}",C_QUESTION_ABOUT_FEATURE,CAMERA_1,optical_zoom,under does it have a zoom,PRESENT_X,CAMERA_1,S_ANSWERS_QUESTION_ABOUT_FEATURE,CAMERA_1,optical_zoom,This one has 21x optical zoom.,PRESENT_X,CAMERA_1,13~29
923,12,CAMERA_1,['CAMERA_1'],"{'CAMERA_1': ['resolution', 'weight', 'color', 'ISO', 'effects', 'sensor_size', 'long_exposure', 'optical_zoom', 'price'], 'CAMERA_2': [], 'CAMERA_3': []}",C_QUESTION_ABOUT_FEATURE,CAMERA_1,price,do you have anything in a different color oldies song about it,PRESENT_X,CAMERA_1,S_ANSWERS_QUESTION_ABOUT_FEATURE,CAMERA_1,price,This one costs $450.,PRESENT_X,CAMERA_1,15~19
923,13,CAMERA_1,['CAMERA_1'],"{'CAMERA_1': ['resolution', 'weight', 'color', 'ISO', 'effects', 'sensor_size', 'long_exposure', 'optical_zoom', 'price', 'autofocus_points'], 'CAMERA_2': [], 'CAMERA_3': []}",C_SILENT_OR_BACKCHANNEL,CAMERA_1,NONE,okay I guess this one's got a pretty good sense size,PRESENT_X,CAMERA_1,S_INTRODUCES_FEATURE,CAMERA_1,autofocus_points,This one has 135 autofocus points.,PRESENT_X,CAMERA_1,13~33
923,14,CAMERA_3,"['CAMERA_1', 'CAMERA_3']","{'CAMERA_1': ['resolution', 'weight', 'color', 'ISO', 'effects', 'sensor_size', 'long_exposure', 'optical_zoom', 'price', 'autofocus_points'], 'CAMERA_2': [], 'CAMERA_3': []}",C_ANYTHING_ELSE_AVAILABLE,CAMERA_1,NONE,ok do you have any other cameras,PRESENT_X,CAMERA_1,S_INTRODUCES_CAMERA,CAMERA_3,,Let me show you this. Here we have the Fujifilm PowerShot ELPH S2800.,PRESENT_X,CAMERA_3,39~68
923,15,CAMERA_3,"['CAMERA_1', 'CAMERA_3']","{'CAMERA_1': ['resolution', 'weight', 'color', 'ISO', 'effects', 'sensor_size', 'long_exposure', 'optical_zoom', 'price', 'autofocus_points'], 'CAMERA_2': [], 'CAMERA_3': ['long_exposure']}",C_SILENT_OR_BACKCHANNEL,CAMERA_3,NONE,ok is this camera really nice,PRESENT_X,CAMERA_3,S_INTRODUCES_FEATURE,CAMERA_3,long_exposure,This one can take long exposures up to 30 minutes max with bulb mode.,PRESENT_X,CAMERA_3,39~68
923,16,CAMERA_3,"['CAMERA_1', 'CAMERA_3']","{'CAMERA_1': ['resolution', 'weight', 'color', 'ISO', 'effects', 'sensor_size', 'long_exposure', 'optical_zoom', 'price', 'autofocus_points'], 'CAMERA_2': [], 'CAMERA_3': ['long_exposure', 'sensor_size']}",C_QUESTION_ABOUT_FEATURE,CAMERA_3,sensor_size,what about the sensor size,PRESENT_X,CAMERA_3,S_ANSWERS_QUESTION_ABOUT_FEATURE,CAMERA_3,sensor_size,This one has a full frame.,PRESENT_X,CAMERA_3,15~25
923,17,CAMERA_3,"['CAMERA_1', 'CAMERA_3']","{'CAMERA_1': ['resolution', 'weight', 'color', 'ISO', 'effects', 'sensor_size', 'long_exposure', 'optical_zoom', 'price', 'autofocus_points'], 'CAMERA_2': [], 'CAMERA_3': ['long_exposure', 'sensor_size', 'ISO']}",C_SILENT_OR_BACKCHANNEL,CAMERA_3,NONE,not too bad,PRESENT_X,CAMERA_3,S_INTRODUCES_FEATURE,CAMERA_3,ISO,This one has up to 3200 ISO with little noise.,PRESENT_X,CAMERA_3,13~45
923,18,CAMERA_3,"['CAMERA_1', 'CAMERA_3']","{'CAMERA_1': ['resolution', 'weight', 'color', 'ISO', 'effects', 'sensor_size', 'long_exposure', 'optical_zoom', 'price', 'autofocus_points'], 'CAMERA_2': [], 'CAMERA_3': ['long_exposure', 'sensor_size', 'ISO', 'camera_type']}",C_SILENT_OR_BACKCHANNEL,CAMERA_3,NONE,I say so,PRESENT_X,CAMERA_3,S_INTRODUCES_FEATURE,CAMERA_3,camera_type,This is a point and shoot camera.,PRESENT_X,CAMERA_3,10~25
923,19,CAMERA_3,"['CAMERA_1', 'CAMERA_3']","{'CAMERA_1': ['resolution', 'weight', 'color', 'ISO', 'effects', 'sensor_size', 'long_exposure', 'optical_zoom', 'price', 'autofocus_points'], 'CAMERA_2': [], 'CAMERA_3': ['long_exposure', 'sensor_size', 'ISO', 'camera_type', 'optical_zoom']}",C_QUESTION_ABOUT_FEATURE,CAMERA_3,optical_zoom,okay that's the drawback okay and he comes here with optical zoom,PRESENT_X,CAMERA_3,S_NOT_SURE,CAMERA_3,,I'm not really sure about that.,PRESENT_X,CAMERA_3,
923,20,CAMERA_3,"['CAMERA_1', 'CAMERA_3']","{'CAMERA_1': ['resolution', 'weight', 'color', 'ISO', 'effects', 'sensor_size', 'long_exposure', 'optical_zoom', 'price', 'autofocus_points'], 'CAMERA_2': [], 'CAMERA_3': ['long_exposure', 'sensor_size', 'ISO', 'camera_type', 'optical_zoom', 'settings']}",C_QUESTION_ABOUT_FEATURE,CAMERA_3,settings,I mainly shoot in manual mode is that capable,PRESENT_X,CAMERA_3,S_ANSWERS_QUESTION_ABOUT_FEATURE,CAMERA_3,settings,"This one has manual control and various automatic settings (video modeburst shooting, etc.).",PRESENT_X,CAMERA_3,13~91
923,21,CAMERA_3,"['CAMERA_1', 'CAMERA_3']","{'CAMERA_1': ['resolution', 'weight', 'color', 'ISO', 'effects', 'sensor_size', 'long_exposure', 'optical_zoom', 'price', 'autofocus_points'], 'CAMERA_2': [], 'CAMERA_3': ['long_exposure', 'sensor_size', 'ISO', 'camera_type', 'optical_zoom', 'settings', 'effects']}",C_SILENT_OR_BACKCHANNEL,CAMERA_3,NONE,okay,PRESENT_X,CAMERA_3,S_INTRODUCES_FEATURE,CAMERA_3,effects,"This one has 21 photo effects (small face, retro, big eyes, etc.).",PRESENT_X,CAMERA_3,13~65
923,22,CAMERA_3,"['CAMERA_1', 'CAMERA_3']","{'CAMERA_1': ['resolution', 'weight', 'color', 'ISO', 'effects', 'sensor_size', 'long_exposure', 'optical_zoom', 'price', 'autofocus_points'], 'CAMERA_2': [], 'CAMERA_3': ['long_exposure', 'sensor_size', 'ISO', 'camera_type', 'optical_zoom', 'settings', 'effects', 'price']}",C_SILENT_OR_BACKCHANNEL,CAMERA_3,NONE,i see,PRESENT_X,CAMERA_3,S_INTRODUCES_FEATURE,CAMERA_3,price,This one costs $518.,PRESENT_X,CAMERA_3,15~19
923,23,CAMERA_3,"['CAMERA_1', 'CAMERA_3']","{'CAMERA_1': ['resolution', 'weight', 'color', 'ISO', 'effects', 'sensor_size', 'long_exposure', 'optical_zoom', 'price', 'autofocus_points'], 'CAMERA_2': [], 'CAMERA_3': ['long_exposure', 'sensor_size', 'ISO', 'camera_type', 'optical_zoom', 'settings', 'effects', 'price', 'preset_modes']}",C_QUESTION_ABOUT_FEATURE,CAMERA_3,preset_modes,Does camera support for preset Morsi,PRESENT_X,CAMERA_3,S_ANSWERS_QUESTION_ABOUT_FEATURE,CAMERA_3,preset_modes,This one has various preset modes.,PRESENT_X,CAMERA_3,13~33
923,24,CAMERA_3,"['CAMERA_1', 'CAMERA_3']","{'CAMERA_1': ['resolution', 'weight', 'color', 'ISO', 'effects', 'sensor_size', 'long_exposure', 'optical_zoom', 'price', 'autofocus_points'], 'CAMERA_2': [], 'CAMERA_3': ['long_exposure', 'sensor_size', 'ISO', 'camera_type', 'optical_zoom', 'settings', 'effects', 'price', 'preset_modes', 'color']}",C_QUESTION_ABOUT_FEATURE,CAMERA_3,color,say does it come in any other lighter colors,PRESENT_X,CAMERA_3,S_ANSWERS_QUESTION_ABOUT_FEATURE,CAMERA_3,color,"This one comes in purple, white, silver, blue, red, or pink.",PRESENT_X,CAMERA_3,18~59
923,25,CAMERA_3,"['CAMERA_1', 'CAMERA_3']","{'CAMERA_1': ['resolution', 'weight', 'color', 'ISO', 'effects', 'sensor_size', 'long_exposure', 'optical_zoom', 'price', 'autofocus_points'], 'CAMERA_2': [], 'CAMERA_3': ['long_exposure', 'sensor_size', 'ISO', 'camera_type', 'optical_zoom', 'settings', 'effects', 'price', 'preset_modes', 'color', 'autofocus_points']}",C_SILENT_OR_BACKCHANNEL,CAMERA_3,NONE,alright,PRESENT_X,CAMERA_3,S_INTRODUCES_FEATURE,CAMERA_3,autofocus_points,This one has 214 autofocus points.,PRESENT_X,CAMERA_3,13~33
923,26,NONE,"['CAMERA_1', 'CAMERA_3']","{'CAMERA_1': ['resolution', 'weight', 'color', 'ISO', 'effects', 'sensor_size', 'long_exposure', 'optical_zoom', 'price', 'autofocus_points'], 'CAMERA_2': [], 'CAMERA_3': ['long_exposure', 'sensor_size', 'ISO', 'camera_type', 'optical_zoom', 'settings', 'effects', 'price', 'preset_modes', 'color', 'autofocus_points']}",C_THANK_YOU,CAMERA_3,NONE,ok thank you,PRESENT_X,CAMERA_3,S_THANK_YOU,CAMERA_3,NONE,thank you very much.,FACE_TO_FACE,NONE,
923,27,NONE,"['CAMERA_1', 'CAMERA_3']","{'CAMERA_1': ['resolution', 'weight', 'color', 'ISO', 'effects', 'sensor_size', 'long_exposure', 'optical_zoom', 'price', 'autofocus_points'], 'CAMERA_2': [], 'CAMERA_3': ['long_exposure', 'sensor_size', 'ISO', 'camera_type', 'optical_zoom', 'settings', 'effects', 'price', 'preset_modes', 'color', 'autofocus_points']}",C_LEAVES,DOOR,NONE,,FACE_TO_FACE,NONE,S_RETURNS_TO_COUNTER,SERVICE_COUNTER,NONE,,WAITING,NONE,
924,1,NONE,[],"{'CAMERA_1': [], 'CAMERA_2': [], 'CAMERA_3': []}",C_ENTERS,DOOR,NONE,,WAITING,NONE,S_NONE,SERVICE_COUNTER,NONE,,WAITING,NONE,
924,2,NONE,[],"{'CAMERA_1': [], 'CAMERA_2': [], 'CAMERA_3': []}",C_GREETS,MIDDLE,NONE,excuse me,WAITING,NONE,S_GREETS,MIDDLE,NONE,can I help you?,FACE_TO_FACE,NONE,
924,3,CAMERA_2,['CAMERA_2'],"{'CAMERA_1': [], 'CAMERA_2': [], 'CAMERA_3': []}",C_LOOKING_FOR_A_CAMERA,MIDDLE,NONE,I guess I'm just looking for a new camera,FACE_TO_FACE,NONE,S_INTRODUCES_CAMERA,CAMERA_2,,Let me show you this. Here we have the Fujifilm Lumix ILC Camera.,PRESENT_X,CAMERA_2,39~64
924,4,CAMERA_2,['CAMERA_2'],"{'CAMERA_1': [], 'CAMERA_2': ['effects'], 'CAMERA_3': []}",C_QUESTION_ABOUT_FEATURE,CAMERA_2,effects,what kind of effects does it have,PRESENT_X,CAMERA_2,S_ANSWERS_QUESTION_ABOUT_FEATURE,CAMERA_2,effects,"This one has 24 artistic effect modes (retro, lighter or darker skin tones, sepia, etc.).",PRESENT_X,CAMERA_2,13~88
924,5,CAMERA_2,['CAMERA_2'],"{'CAMERA_1': [], 'CAMERA_2': ['effects', 'resolution'], 'CAMERA_3': []}",C_SILENT_OR_BACKCHANNEL,CAMERA_2,NONE,okay,PRESENT_X,CAMERA_2,S_INTRODUCES_FEATURE,CAMERA_2,resolution,This one has 23.8 megapixels resolution.,PRESENT_X,CAMERA_2,13~28
924,6,CAMERA_2,['CAMERA_2'],"{'CAMERA_1': [], 'CAMERA_2': ['effects', 'resolution', 'camera_type'], 'CAMERA_3': []}",C_QUESTION_ABOUT_FEATURE,CAMERA_2,camera_type,Is this a mirrorless camera?,PRESENT_X,CAMERA_2,S_ANSWERS_QUESTION_ABOUT_FEATURE,CAMERA_2,camera_type,This is a digital single lens mirrorless camera.,PRESENT_X,CAMERA_2,10~40
924,7,CAMERA_2,['CAMERA_2'],"{'CAMERA_1': [], 'CAMERA_2': ['effects', 'resolution', 'camera_type', 'autofocus_points'], 'CAMERA_3': []}",C_QUESTION_ABOUT_FEATURE,CAMERA_2,autofocus_points,how about how many auto focus points does this have,PRESENT_X,CAMERA_2,S_NOT_SURE,CAMERA_2,,I'm not really sure about that.,PRESENT_X,CAMERA_2,
924,8,CAMERA_2,['CAMERA_2'],"{'CAMERA_1': [], 'CAMERA_2': ['effects', 'resolution', 'camera_type', 'autofocus_points', 'sensor_size'], 'CAMERA_3': []}",C_SILENT_OR_BACKCHANNEL,CAMERA_2,NONE,I see,PRESENT_X,CAMERA_2,S_INTRODUCES_FEATURE,CAMERA_2,sensor_size,This one has a 1/2.33 inch sensor.,PRESENT_X,CAMERA_2,15~33
924,9,CAMERA_2,['CAMERA_2'],"{'CAMERA_1': [], 'CAMERA_2': ['effects', 'resolution', 'camera_type', 'autofocus_points', 'sensor_size', 'weight'], 'CAMERA_3': []}",C_SILENT_OR_BACKCHANNEL,CAMERA_2,NONE,okay,PRESENT_X,CAMERA_2,S_INTRODUCES_FEATURE,CAMERA_2,weight,This one weighs 820 grams.,PRESENT_X,CAMERA_2,16~25
924,10,CAMERA_3,"['CAMERA_2', 'CAMERA_3']","{'CAMERA_1': [], 'CAMERA_2': ['effects', 'resolution', 'camera_type', 'autofocus_points', 'sensor_size', 'weight'], 'CAMERA_3': []}",C_ANYTHING_ELSE_AVAILABLE,CAMERA_2,NONE,So this is the only model you have in your shop,PRESENT_X,CAMERA_2,S_INTRODUCES_CAMERA,CAMERA_3,,Let me show you this. Here we have the Fujifilm PowerShot ELPH S2800.,PRESENT_X,CAMERA_3,39~68
924,11,CAMERA_3,"['CAMERA_2', 'CAMERA_3']","{'CAMERA_1': [], 'CAMERA_2': ['effects', 'resolution', 'camera_type', 'autofocus_points', 'sensor_size', 'weight'], 'CAMERA_3': ['autofocus_points']}",C_QUESTION_ABOUT_FEATURE,CAMERA_3,autofocus_points,what about the other two focus points of this camera,PRESENT_X,CAMERA_3,S_ANSWERS_QUESTION_ABOUT_FEATURE,CAMERA_3,autofocus_points,This one has 214 autofocus points.,PRESENT_X,CAMERA_3,13~33
924,12,CAMERA_3,"['CAMERA_2', 'CAMERA_3']","{'CAMERA_1': [], 'CAMERA_2': ['effects', 'resolution', 'camera_type', 'autofocus_points', 'sensor_size', 'weight'], 'CAMERA_3': ['autofocus_points', 'preset_modes']}",C_SILENT_OR_BACKCHANNEL,CAMERA_3,NONE,okay that's not too bad for good camera mean he'll us 5d II,PRESENT_X,CAMERA_3,S_INTRODUCES_FEATURE,CAMERA_3,preset_modes,This one has various preset modes.,PRESENT_X,CAMERA_3,13~33
924,13,NONE,"['CAMERA_2', 'CAMERA_3']","{'CAMERA_1': [], 'CAMERA_2': ['effects', 'resolution', 'camera_type', 'autofocus_points', 'sensor_size', 'weight'], 'CAMERA_3': ['autofocus_points', 'preset_modes']}",C_THANK_YOU,CAMERA_3,NONE,thank you very much,PRESENT_X,CAMERA_3,S_THANK_YOU,CAMERA_3,NONE,thank you very much.,FACE_TO_FACE,NONE,
924,14,NONE,"['CAMERA_2', 'CAMERA_3']","{'CAMERA_1': [], 'CAMERA_2': ['effects', 'resolution', 'camera_type', 'autofocus_points', 'sensor_size', 'weight'], 'CAMERA_3': ['autofocus_points', 'preset_modes']}",C_LEAVES,DOOR,NONE,,FACE_TO_FACE,NONE,S_RETURNS_TO_COUNTER,SERVICE_COUNTER,NONE,,WAITING,NONE,
925,1,NONE,[],"{'CAMERA_1': [], 'CAMERA_2': [], 'CAMERA_3': []}",C_ENTERS,DOOR,NONE,,WAITING,NONE,S_NONE,SERVICE_COUNTER,NONE,,WAITING,NONE,
925,2,NONE,[],"{'CAMERA_1': [], 'CAMERA_2': [], 'CAMERA_3': []}",C_WALKS_TO_CAMERA,CAMERA_2,NONE,,WAITING,NONE,S_GREETS,CAMERA_2,NONE,can I help you?,FACE_TO_FACE,NONE,
925,3,CAMERA_1,['CAMERA_1'],"{'CAMERA_1': [], 'CAMERA_2': [], 'CAMERA_3': []}",C_LOOKING_FOR_A_CAMERA,CAMERA_2,NONE,I'm looking for a camera for outdoor shooting this this is how is it good for outdoor shooting,FACE_TO_FACE,NONE,S_INTRODUCES_CAMERA,CAMERA_1,,Let me show you this. Here we have the Sony PowerShot ELPH DMC-ZS3.,PRESENT_X,CAMERA_1,39~66
925,4,CAMERA_1,['CAMERA_1'],"{'CAMERA_1': ['ISO'], 'CAMERA_2': [], 'CAMERA_3': []}",C_QUESTION_ABOUT_FEATURE,CAMERA_1,ISO,ok what about the ISO as well,PRESENT_X,CAMERA_1,S_ANSWERS_QUESTION_ABOUT_FEATURE,CAMERA_1,ISO,This one has up to 51200 ISO.,PRESENT_X,CAMERA_1,13~28
925,5,CAMERA_1,['CAMERA_1'],"{'CAMERA_1': ['ISO', 'resolution'], 'CAMERA_2': [], 'CAMERA_3': []}",C_QUESTION_ABOUT_FEATURE,CAMERA_1,resolution,powerful is it how many megapixels can it shoot,PRESENT_X,CAMERA_1,S_ANSWERS_QUESTION_ABOUT_FEATURE,CAMERA_1,resolution,This one has 17.8 megapixels resolution.,PRESENT_X,CAMERA_1,13~28
925,6,CAMERA_1,['CAMERA_1'],"{'CAMERA_1': ['ISO', 'resolution', 'optical_zoom'], 'CAMERA_2': [], 'CAMERA_3': []}",C_SILENT_OR_BACKCHANNEL,CAMERA_1,NONE,okay,PRESENT_X,CAMERA_1,S_INTRODUCES_FEATURE,CAMERA_1,optical_zoom,This one has 21x optical zoom.,PRESENT_X,CAMERA_1,13~29
925,7,CAMERA_1,['CAMERA_1'],"{'CAMERA_1': ['ISO', 'resolution', 'optical_zoom', 'color'], 'CAMERA_2': [], 'CAMERA_3': []}",C_SILENT_OR_BACKCHANNEL,CAMERA_1,NONE,I say,PRESENT_X,CAMERA_1,S_INTRODUCES_FEATURE,CAMERA_1,color,This one comes in blue or black.,PRESENT_X,CAMERA_1,18~31
925,8,CAMERA_1,['CAMERA_1'],"{'CAMERA_1': ['ISO', 'resolution', 'optical_zoom', 'color', 'weight'], 'CAMERA_2': [], 'CAMERA_3': []}",C_QUESTION_ABOUT_FEATURE,CAMERA_1,weight,that sounds good is it light go cuz I don't want to be carrying around heavy stuff all through the vacation,PRESENT_X,CAMERA_1,S_ANSWERS_QUESTION_ABOUT_FEATURE,CAMERA_1,weight,This one weighs 800 grams.,PRESENT_X,CAMERA_1,16~25
925,9,CAMERA_1,['CAMERA_1'],"{'CAMERA_1': ['ISO', 'resolution', 'optical_zoom', 'color', 'weight', 'effects'], 'CAMERA_2': [], 'CAMERA_3': []}",C_QUESTION_ABOUT_FEATURE,CAMERA_1,effects,does it have artistic effect lights,PRESENT_X,CAMERA_1,S_ANSWERS_QUESTION_ABOUT_FEATURE,CAMERA_1,effects,"This one has 24 glamor retouch effects (miniature, retro, toy camera, etc.).",PRESENT_X,CAMERA_1,13~75
925,10,CAMERA_1,['CAMERA_1'],"{'CAMERA_1': ['ISO', 'resolution', 'optical_zoom', 'color', 'weight', 'effects', 'preset_modes'], 'CAMERA_2': [], 'CAMERA_3': []}",C_QUESTION_ABOUT_FEATURE,CAMERA_1,preset_modes,can you please explain me more about the their priests mode,PRESENT_X,CAMERA_1,S_NOT_SURE,CAMERA_1,,I'm not really sure about that.,PRESENT_X,CAMERA_1,
925,11,CAMERA_1,['CAMERA_1'],"{'CAMERA_1': ['ISO', 'resolution', 'optical_zoom', 'color', 'weight', 'effects', 'preset_modes', 'sensor_size'], 'CAMERA_2': [], 'CAMERA_3': []}",C_QUESTION_ABOUT_FEATURE,CAMERA_1,sensor_size,and what's the sensor size on this phone,PRESENT_X,CAMERA_1,S_ANSWERS_QUESTION_ABOUT_FEATURE,CAMERA_1,sensor_size,This one has a 1/2.3 inch CMOS sensor.,PRESENT_X,CAMERA_1,15~37
925,12,NONE,['CAMERA_1'],"{'CAMERA_1': ['ISO', 'resolution', 'optical_zoom', 'color', 'weight', 'effects', 'preset_modes', 'sensor_size'], 'CAMERA_2': [], 'CAMERA_3': []}",C_THANK_YOU,CAMERA_1,NONE,well thank you very much for your help,PRESENT_X,CAMERA_1,S_THANK_YOU,CAMERA_1,NONE,thank you very much.,FACE_TO_FACE,NONE,
925,13,NONE,['CAMERA_1'],"{'CAMERA_1': ['ISO', 'resolution', 'optical_zoom', 'color', 'weight', 'effects', 'preset_modes', 'sensor_size'], 'CAMERA_2': [], 'CAMERA_3': []}",C_LEAVES,DOOR,NONE,,FACE_TO_FACE,NONE,S_RETURNS_TO_COUNTER,SERVICE_COUNTER,NONE,,WAITING,NONE,
926,1,NONE,[],"{'CAMERA_1': [], 'CAMERA_2': [], 'CAMERA_3': []}",C_ENTERS,DOOR,NONE,,WAITING,NONE,S_NONE,SERVICE_COUNTER,NONE,,WAITING,NONE,
926,2,NONE,[],"{'CAMERA_1': [], 'CAMERA_2': [], 'CAMERA_3': []}",C_WALKS_TO_CAMERA,CAMERA_2,NONE,,WAITING,NONE,S_GREETS,CAMERA_2,NONE,can I help you?,FACE_TO_FACE,NONE,
926,3,CAMERA_2,['CAMERA_2'],"{'CAMERA_1': [], 'CAMERA_2': [], 'CAMERA_3': []}",C_LOOKING_FOR_A_CAMERA,CAMERA_2,NONE,I am interested in photography and I'm looking for good camera is there any in the shop which you can recommend,FACE_TO_FACE,NONE,S_INTRODUCES_CAMERA,CAMERA_2,,Let me show you this. Here we have the Fujifilm Lumix ILC Camera.,PRESENT_X,CAMERA_2,39~64
926,4,CAMERA_2,['CAMERA_2'],"{'CAMERA_1': [], 'CAMERA_2': ['settings'], 'CAMERA_3': []}",C_QUESTION_ABOUT_FEATURE,CAMERA_2,settings,what about the manual settings can I adjust it,PRESENT_X,CAMERA_2,S_ANSWERS_QUESTION_ABOUT_FEATURE,CAMERA_2,settings,"This one has manual control and various automatic settings (video modeburst shooting, etc.).",PRESENT_X,CAMERA_2,13~91
926,5,CAMERA_2,['CAMERA_2'],"{'CAMERA_1': [], 'CAMERA_2': ['settings', 'resolution'], 'CAMERA_3': []}",C_SILENT_OR_BACKCHANNEL,CAMERA_2,NONE,I see AA ok,PRESENT_X,CAMERA_2,S_INTRODUCES_FEATURE,CAMERA_2,resolution,This one has 23.8 megapixels resolution.,PRESENT_X,CAMERA_2,13~28
926,6,CAMERA_2,['CAMERA_2'],"{'CAMERA_1': [], 'CAMERA_2': ['settings', 'resolution', 'long_exposure'], 'CAMERA_3': []}",C_QUESTION_ABOUT_FEATURE,CAMERA_2,long_exposure,how about the exposure for this is it able to be exposed long,PRESENT_X,CAMERA_2,S_ANSWERS_QUESTION_ABOUT_FEATURE,CAMERA_2,long_exposure,This one can take long exposures up to 60 minutes max with bulb mode.,PRESENT_X,CAMERA_2,39~68
926,7,CAMERA_2,['CAMERA_2'],"{'CAMERA_1': [], 'CAMERA_2': ['settings', 'resolution', 'long_exposure', 'autofocus_points'], 'CAMERA_3': []}",C_QUESTION_ABOUT_FEATURE,CAMERA_2,autofocus_points,oh I see and what about the autofocus points and the ISO,PRESENT_X,CAMERA_2,S_NOT_SURE,CAMERA_2,,I'm not really sure about that.,PRESENT_X,CAMERA_2,
926,8,CAMERA_2,['CAMERA_2'],"{'CAMERA_1': [], 'CAMERA_2': ['settings', 'resolution', 'long_exposure', 'autofocus_points', 'price'], 'CAMERA_3': []}",C_QUESTION_ABOUT_FEATURE,CAMERA_2,price,how much is this,PRESENT_X,CAMERA_2,S_ANSWERS_QUESTION_ABOUT_FEATURE,CAMERA_2,price,This one costs $768.,PRESENT_X,CAMERA_2,15~19
926,9,CAMERA_2,['CAMERA_2'],"{'CAMERA_1': [], 'CAMERA_2': ['settings', 'resolution', 'long_exposure', 'autofocus_points', 'price', 'preset_modes'], 'CAMERA_3': []}",C_QUESTION_ABOUT_FEATURE,CAMERA_2,preset_modes,does it have preset modes,PRESENT_X,CAMERA_2,S_NOT_SURE,CAMERA_2,,I'm not really sure about that.,PRESENT_X,CAMERA_2,
926,10,CAMERA_2,['CAMERA_2'],"{'CAMERA_1': [], 'CAMERA_2': ['settings', 'resolution', 'long_exposure', 'autofocus_points', 'price', 'preset_modes', 'sensor_size'], 'CAMERA_3': []}",C_QUESTION_ABOUT_FEATURE,CAMERA_2,sensor_size,and what is the sensor size,PRESENT_X,CAMERA_2,S_ANSWERS_QUESTION_ABOUT_FEATURE,CAMERA_2,sensor_size,This one has a 1/2.33 inch sensor.,PRESENT_X,CAMERA_2,15~33
926,11,CAMERA_2,['CAMERA_2'],"{'CAMERA_1': [], 'CAMERA_2': ['settings', 'resolution', 'long_exposure', 'autofocus_points', 'price', 'preset_modes', 'sensor_size', 'effects'], 'CAMERA_3': []}",C_SILENT_OR_BACKCHANNEL,CAMERA_2,NONE,looks nice doesn't match what I want how much is consumed you know I want to sue me in and zoom out,PRESENT_X,CAMERA_2,S_INTRODUCES_FEATURE,CAMERA_2,effects,"This one has 24 artistic effect modes (retro, lighter or darker skin tones, sepia, etc.).",PRESENT_X,CAMERA_2,13~88
926,12,CAMERA_2,['CAMERA_2'],"{'CAMERA_1': [], 'CAMERA_2': ['settings', 'resolution', 'long_exposure', 'autofocus_points', 'price', 'preset_modes', 'sensor_size', 'effects', 'ISO'], 'CAMERA_3': []}",C_QUESTION_ABOUT_FEATURE,CAMERA_2,ISO,and how does the iso compared with the cannon,PRESENT_X,CAMERA_2,S_NOT_SURE,CAMERA_2,,I'm not really sure about that.,PRESENT_X,CAMERA_2,
926,13,CAMERA_1,"['CAMERA_2', 'CAMERA_1']","{'CAMERA_1': [], 'CAMERA_2': ['settings', 'resolution', 'long_exposure', 'autofocus_points', 'price', 'preset_modes', 'sensor_size', 'effects', 'ISO'], 'CAMERA_3': []}",C_ANYTHING_ELSE_AVAILABLE,CAMERA_2,NONE,do you have any other cameras that are in this kind,PRESENT_X,CAMERA_2,S_INTRODUCES_CAMERA,CAMERA_1,,Let me show you this. Here we have the Sony PowerShot ELPH DMC-ZS3.,PRESENT_X,CAMERA_1,39~66
926,14,CAMERA_1,"['CAMERA_2', 'CAMERA_1']","{'CAMERA_1': ['sensor_size'], 'CAMERA_2': ['settings', 'resolution', 'long_exposure', 'autofocus_points', 'price', 'preset_modes', 'sensor_size', 'effects', 'ISO'], 'CAMERA_3': []}",C_QUESTION_ABOUT_FEATURE,CAMERA_1,sensor_size,and how about the census for this,PRESENT_X,CAMERA_1,S_ANSWERS_QUESTION_ABOUT_FEATURE,CAMERA_1,sensor_size,This one has a 1/2.3 inch CMOS sensor.,PRESENT_X,CAMERA_1,15~37
926,15,CAMERA_3,"['CAMERA_2', 'CAMERA_1', 'CAMERA_3']","{'CAMERA_1': ['sensor_size'], 'CAMERA_2': ['settings', 'resolution', 'long_exposure', 'autofocus_points', 'price', 'preset_modes', 'sensor_size', 'effects', 'ISO'], 'CAMERA_3': []}",C_ANYTHING_ELSE_AVAILABLE,CAMERA_1,NONE,maybe did you have a another camera you recommend,PRESENT_X,CAMERA_1,S_INTRODUCES_CAMERA,CAMERA_3,,Let me show you this. Here we have the Fujifilm PowerShot ELPH S2800.,PRESENT_X,CAMERA_3,39~68
926,16,CAMERA_3,"['CAMERA_2', 'CAMERA_1', 'CAMERA_3']","{'CAMERA_1': ['sensor_size'], 'CAMERA_2': ['settings', 'resolution', 'long_exposure', 'autofocus_points', 'price', 'preset_modes', 'sensor_size', 'effects', 'ISO'], 'CAMERA_3': ['resolution']}",C_SILENT_OR_BACKCHANNEL,CAMERA_3,NONE,$68 wow that's great,PRESENT_X,CAMERA_3,S_INTRODUCES_FEATURE,CAMERA_3,resolution,This one has 23.2 megapixels resolution.,PRESENT_X,CAMERA_3,13~28
926,17,NONE,"['CAMERA_2', 'CAMERA_1', 'CAMERA_3']","{'CAMERA_1': ['sensor_size'], 'CAMERA_2': ['settings', 'resolution', 'long_exposure', 'autofocus_points', 'price', 'preset_modes', 'sensor_size', 'effects', 'ISO'], 'CAMERA_3': ['resolution']}",C_THANK_YOU,CAMERA_3,NONE,I see thanks so much for your help,PRESENT_X,CAMERA_3,S_THANK_YOU,CAMERA_3,NONE,thank you very much.,FACE_TO_FACE,NONE,
926,18,NONE,"['CAMERA_2', 'CAMERA_1', 'CAMERA_3']","{'CAMERA_1': ['sensor_size'], 'CAMERA_2': ['settings', 'resolution', 'long_exposure', 'autofocus_points', 'price', 'preset_modes', 'sensor_size', 'effects', 'ISO'], 'CAMERA_3': ['resolution']}",C_LEAVES,DOOR,NONE,,FACE_TO_FACE,NONE,S_RETURNS_TO_COUNTER,SERVICE_COUNTER,NONE,,WAITING,NONE,
927,1,NONE,[],"{'CAMERA_1': [], 'CAMERA_2': [], 'CAMERA_3': []}",C_ENTERS,DOOR,NONE,,WAITING,NONE,S_NONE,SERVICE_COUNTER,NONE,,WAITING,NONE,
927,2,NONE,[],"{'CAMERA_1': [], 'CAMERA_2': [], 'CAMERA_3': []}",C_WALKS_TO_CAMERA,CAMERA_1,NONE,,WAITING,NONE,S_GREETS,CAMERA_1,NONE,can I help you?,FACE_TO_FACE,NONE,
927,3,CAMERA_2,['CAMERA_2'],"{'CAMERA_1': [], 'CAMERA_2': [], 'CAMERA_3': []}",C_LOOKING_FOR_A_CAMERA,CAMERA_1,NONE,I came to look for a new camera,FACE_TO_FACE,NONE,S_INTRODUCES_CAMERA,CAMERA_2,,Let me show you this. Here we have the Fujifilm Lumix ILC Camera.,PRESENT_X,CAMERA_2,39~64
927,4,CAMERA_2,['CAMERA_2'],"{'CAMERA_1': [], 'CAMERA_2': ['sensor_size'], 'CAMERA_3': []}",C_SILENT_OR_BACKCHANNEL,CAMERA_2,NONE,nice,PRESENT_X,CAMERA_2,S_INTRODUCES_FEATURE,CAMERA_2,sensor_size,This one has a 1/2.33 inch sensor.,PRESENT_X,CAMERA_2,15~33
927,5,CAMERA_2,['CAMERA_2'],"{'CAMERA_1': [], 'CAMERA_2': ['sensor_size', 'price'], 'CAMERA_3': []}",C_SILENT_OR_BACKCHANNEL,CAMERA_2,NONE,the picture is very nice,PRESENT_X,CAMERA_2,S_INTRODUCES_FEATURE,CAMERA_2,price,This one costs $768.,PRESENT_X,CAMERA_2,15~19
927,6,NONE,['CAMERA_2'],"{'CAMERA_1': [], 'CAMERA_2': ['sensor_size', 'price'], 'CAMERA_3': []}",C_THANK_YOU,CAMERA_2,NONE,thank you very much for your help and have a great day,PRESENT_X,CAMERA_2,S_THANK_YOU,CAMERA_2,NONE,thank you very much.,FACE_TO_FACE,NONE,
927,7,NONE,['CAMERA_2'],"{'CAMERA_1': [], 'CAMERA_2': ['sensor_size', 'price'], 'CAMERA_3': []}",C_LEAVES,DOOR,NONE,,FACE_TO_FACE,NONE,S_RETURNS_TO_COUNTER,SERVICE_COUNTER,NONE,,WAITING,NONE,
928,1,NONE,[],"{'CAMERA_1': [], 'CAMERA_2': [], 'CAMERA_3': []}",C_ENTERS,DOOR,NONE,,WAITING,NONE,S_NONE,SERVICE_COUNTER,NONE,,WAITING,NONE,
928,2,NONE,[],"{'CAMERA_1': [], 'CAMERA_2': [], 'CAMERA_3': []}",C_GREETS,MIDDLE,NONE,excuse me,WAITING,NONE,S_GREETS,MIDDLE,NONE,can I help you?,FACE_TO_FACE,NONE,
928,3,CAMERA_3,['CAMERA_3'],"{'CAMERA_1': [], 'CAMERA_2': [], 'CAMERA_3': []}",C_LOOKING_FOR_A_CAMERA,MIDDLE,NONE,I'm looking for a camera for outdoor shooting this this is how is it good for outdoor shooting,FACE_TO_FACE,NONE,S_INTRODUCES_CAMERA,CAMERA_3,,Let me show you this. Here we have the Fujifilm PowerShot ELPH S2800.,PRESENT_X,CAMERA_3,39~68
928,4,CAMERA_3,['CAMERA_3'],"{'CAMERA_1': [], 'CAMERA_2': [], 'CAMERA_3': ['settings']}",C_QUESTION_ABOUT_FEATURE,CAMERA_3,settings,and how many setting is that again,PRESENT_X,CAMERA_3,S_ANSWERS_QUESTION_ABOUT_FEATURE,CAMERA_3,settings,"This one has manual control and various automatic settings (video modeburst shooting, etc.).",PRESENT_X,CAMERA_3,13~91
928,5,CAMERA_3,['CAMERA_3'],"{'CAMERA_1': [], 'CAMERA_2': [], 'CAMERA_3': ['settings', 'price']}",C_QUESTION_ABOUT_FEATURE,CAMERA_3,price,what is the price,PRESENT_X,CAMERA_3,S_ANSWERS_QUESTION_ABOUT_FEATURE,CAMERA_3,price,This one costs $518.,PRESENT_X,CAMERA_3,15~19
928,6,CAMERA_3,['CAMERA_3'],"{'CAMERA_1': [], 'CAMERA_2': [], 'CAMERA_3': ['settings', 'price', 'resolution']}",C_QUESTION_ABOUT_FEATURE,CAMERA_3,resolution,what about the resolution of this camera,PRESENT_X,CAMERA_3,S_ANSWERS_QUESTION_ABOUT_FEATURE,CAMERA_3,resolution,This one has 23.2 megapixels resolution.,PRESENT_X,CAMERA_3,13~28
928,7,CAMERA_3,['CAMERA_3'],"{'CAMERA_1': [], 'CAMERA_2': [], 'CAMERA_3': ['settings', 'price', 'resolution', 'autofocus_points']}",C_SILENT_OR_BACKCHANNEL,CAMERA_3,NONE,yeah,PRESENT_X,CAMERA_3,S_INTRODUCES_FEATURE,CAMERA_3,autofocus_points,This one has 214 autofocus points.,PRESENT_X,CAMERA_3,13~33
928,8,CAMERA_1,"['CAMERA_3', 'CAMERA_1']","{'CAMERA_1': [], 'CAMERA_2': [], 'CAMERA_3': ['settings', 'price', 'resolution', 'autofocus_points']}",C_ANYTHING_ELSE_AVAILABLE,CAMERA_3,NONE,Do you have other cameras that I could afford,PRESENT_X,CAMERA_3,S_INTRODUCES_CAMERA,CAMERA_1,,Let me show you this. Here we have the Sony PowerShot ELPH DMC-ZS3.,PRESENT_X,CAMERA_1,39~66
928,9,CAMERA_1,"['CAMERA_3', 'CAMERA_1']","{'CAMERA_1': ['color'], 'CAMERA_2': [], 'CAMERA_3': ['settings', 'price', 'resolution', 'autofocus_points']}",C_QUESTION_ABOUT_FEATURE,CAMERA_1,color,is there any other colors,PRESENT_X,CAMERA_1,S_ANSWERS_QUESTION_ABOUT_FEATURE,CAMERA_1,color,This one comes in blue or black.,PRESENT_X,CAMERA_1,18~31
928,10,CAMERA_1,"['CAMERA_3', 'CAMERA_1']","{'CAMERA_1': ['color', 'long_exposure'], 'CAMERA_2': [], 'CAMERA_3': ['settings', 'price', 'resolution', 'autofocus_points']}",C_SILENT_OR_BACKCHANNEL,CAMERA_1,NONE,IC,PRESENT_X,CAMERA_1,S_INTRODUCES_FEATURE,CAMERA_1,long_exposure,This one can take long exposures up to up to 15 seconds with Long Shutter Mode.,PRESENT_X,CAMERA_1,39~78
928,11,CAMERA_1,"['CAMERA_3', 'CAMERA_1']","{'CAMERA_1': ['color', 'long_exposure', 'preset_modes'], 'CAMERA_2': [], 'CAMERA_3': ['settings', 'price', 'resolution', 'autofocus_points']}",C_QUESTION_ABOUT_FEATURE,CAMERA_1,preset_modes,okay and does it have any menu settings,PRESENT_X,CAMERA_1,S_NOT_SURE,CAMERA_1,,I'm not really sure about that.,PRESENT_X,CAMERA_1,
928,12,NONE,"['CAMERA_3', 'CAMERA_1']","{'CAMERA_1': ['color', 'long_exposure', 'preset_modes'], 'CAMERA_2': [], 'CAMERA_3': ['settings', 'price', 'resolution', 'autofocus_points']}",C_THANK_YOU,CAMERA_1,NONE,thank you,PRESENT_X,CAMERA_1,S_THANK_YOU,CAMERA_1,NONE,thank you very much.,FACE_TO_FACE,NONE,
928,13,NONE,"['CAMERA_3', 'CAMERA_1']","{'CAMERA_1': ['color', 'long_exposure', 'preset_modes'], 'CAMERA_2': [], 'CAMERA_3': ['settings', 'price', 'resolution', 'autofocus_points']}",C_LEAVES,DOOR,NONE,,FACE_TO_FACE,NONE,S_RETURNS_TO_COUNTER,SERVICE_COUNTER,NONE,,WAITING,NONE,
929,1,NONE,[],"{'CAMERA_1': [], 'CAMERA_2': [], 'CAMERA_3': []}",C_ENTERS,DOOR,NONE,,WAITING,NONE,S_NONE,SERVICE_COUNTER,NONE,,WAITING,NONE,
929,2,NONE,[],"{'CAMERA_1': [], 'CAMERA_2': [], 'CAMERA_3': []}",C_GREETS,MIDDLE,NONE,hello,WAITING,NONE,S_GREETS,MIDDLE,NONE,can I help you?,FACE_TO_FACE,NONE,
929,3,CAMERA_1,['CAMERA_1'],"{'CAMERA_1': [], 'CAMERA_2': [], 'CAMERA_3': []}",C_LOOKING_FOR_A_CAMERA,MIDDLE,NONE,I'm looking for a new camera today,FACE_TO_FACE,NONE,S_INTRODUCES_CAMERA,CAMERA_1,,Let me show you this. Here we have the Sony PowerShot ELPH DMC-ZS3.,PRESENT_X,CAMERA_1,39~66
929,4,CAMERA_1,['CAMERA_1'],"{'CAMERA_1': ['camera_type'], 'CAMERA_2': [], 'CAMERA_3': []}",C_QUESTION_ABOUT_FEATURE,CAMERA_1,camera_type,is this a point and shoot camera,PRESENT_X,CAMERA_1,S_ANSWERS_QUESTION_ABOUT_FEATURE,CAMERA_1,camera_type,This is a DSLR camera.,PRESENT_X,CAMERA_1,10~14
929,5,CAMERA_1,['CAMERA_1'],"{'CAMERA_1': ['camera_type', 'resolution'], 'CAMERA_2': [], 'CAMERA_3': []}",C_QUESTION_ABOUT_FEATURE,CAMERA_1,resolution,What is the resolution on this camera,PRESENT_X,CAMERA_1,S_ANSWERS_QUESTION_ABOUT_FEATURE,CAMERA_1,resolution,This one has 17.8 megapixels resolution.,PRESENT_X,CAMERA_1,13~28
929,6,CAMERA_1,['CAMERA_1'],"{'CAMERA_1': ['camera_type', 'resolution', 'settings'], 'CAMERA_2': [], 'CAMERA_3': []}",C_SILENT_OR_BACKCHANNEL,CAMERA_1,NONE,sounds good,PRESENT_X,CAMERA_1,S_INTRODUCES_FEATURE,CAMERA_1,settings,This one has limited manual settings.,PRESENT_X,CAMERA_1,13~36
929,7,CAMERA_1,['CAMERA_1'],"{'CAMERA_1': ['camera_type', 'resolution', 'settings', 'sensor_size'], 'CAMERA_2': [], 'CAMERA_3': []}",C_SILENT_OR_BACKCHANNEL,CAMERA_1,NONE,IC,PRESENT_X,CAMERA_1,S_INTRODUCES_FEATURE,CAMERA_1,sensor_size,This one has a 1/2.3 inch CMOS sensor.,PRESENT_X,CAMERA_1,15~37
929,8,CAMERA_1,['CAMERA_1'],"{'CAMERA_1': ['camera_type', 'resolution', 'settings', 'sensor_size', 'weight'], 'CAMERA_2': [], 'CAMERA_3': []}",C_SILENT_OR_BACKCHANNEL,CAMERA_1,NONE,okay good,PRESENT_X,CAMERA_1,S_INTRODUCES_FEATURE,CAMERA_1,weight,This one weighs 800 grams.,PRESENT_X,CAMERA_1,16~25
929,9,CAMERA_1,['CAMERA_1'],"{'CAMERA_1': ['camera_type', 'resolution', 'settings', 'sensor_size', 'weight', 'long_exposure'], 'CAMERA_2': [], 'CAMERA_3': []}",C_QUESTION_ABOUT_FEATURE,CAMERA_1,long_exposure,what's the long exposure,PRESENT_X,CAMERA_1,S_ANSWERS_QUESTION_ABOUT_FEATURE,CAMERA_1,long_exposure,This one can take long exposures up to up to 15 seconds with Long Shutter Mode.,PRESENT_X,CAMERA_1,39~78
929,10,CAMERA_1,['CAMERA_1'],"{'CAMERA_1': ['camera_type', 'resolution', 'settings', 'sensor_size', 'weight', 'long_exposure', 'ISO'], 'CAMERA_2': [], 'CAMERA_3': []}",C_QUESTION_ABOUT_FEATURE,CAMERA_1,ISO,that's perfect how high can I set the ISO,PRESENT_X,CAMERA_1,S_ANSWERS_QUESTION_ABOUT_FEATURE,CAMERA_1,ISO,This one has up to 51200 ISO.,PRESENT_X,CAMERA_1,13~28
929,11,CAMERA_1,['CAMERA_1'],"{'CAMERA_1': ['camera_type', 'resolution', 'settings', 'sensor_size', 'weight', 'long_exposure', 'ISO', 'effects'], 'CAMERA_2': [], 'CAMERA_3': []}",C_SILENT_OR_BACKCHANNEL,CAMERA_1,NONE,pretty cool,PRESENT_X,CAMERA_1,S_INTRODUCES_FEATURE,CAMERA_1,effects,"This one has 24 glamor retouch effects (miniature, retro, toy camera, etc.).",PRESENT_X,CAMERA_1,13~75
929,12,CAMERA_1,['CAMERA_1'],"{'CAMERA_1': ['camera_type', 'resolution', 'settings', 'sensor_size', 'weight', 'long_exposure', 'ISO', 'effects', 'autofocus_points'], 'CAMERA_2': [], 'CAMERA_3': []}",C_QUESTION_ABOUT_FEATURE,CAMERA_1,autofocus_points,How many autofocus points does this Canon camera have,PRESENT_X,CAMERA_1,S_ANSWERS_QUESTION_ABOUT_FEATURE,CAMERA_1,autofocus_points,This one has 135 autofocus points.,PRESENT_X,CAMERA_1,13~33
929,13,NONE,['CAMERA_1'],"{'CAMERA_1': ['camera_type', 'resolution', 'settings', 'sensor_size', 'weight', 'long_exposure', 'ISO', 'effects', 'autofocus_points'], 'CAMERA_2': [], 'CAMERA_3': []}",C_THANK_YOU,CAMERA_1,NONE,open toucher thanks,PRESENT_X,CAMERA_1,S_THANK_YOU,CAMERA_1,NONE,thank you very much.,FACE_TO_FACE,NONE,
929,14,NONE,['CAMERA_1'],"{'CAMERA_1': ['camera_type', 'resolution', 'settings', 'sensor_size', 'weight', 'long_exposure', 'ISO', 'effects', 'autofocus_points'], 'CAMERA_2': [], 'CAMERA_3': []}",C_LEAVES,DOOR,NONE,,FACE_TO_FACE,NONE,S_RETURNS_TO_COUNTER,SERVICE_COUNTER,NONE,,WAITING,NONE,
930,1,NONE,[],"{'CAMERA_1': [], 'CAMERA_2': [], 'CAMERA_3': []}",C_ENTERS,DOOR,NONE,,WAITING,NONE,S_NONE,SERVICE_COUNTER,NONE,,WAITING,NONE,
930,2,NONE,[],"{'CAMERA_1': [], 'CAMERA_2': [], 'CAMERA_3': []}",C_WALKS_TO_CAMERA,CAMERA_2,NONE,,WAITING,NONE,S_GREETS,CAMERA_2,NONE,can I help you?,FACE_TO_FACE,NONE,
930,3,CAMERA_3,['CAMERA_3'],"{'CAMERA_1': [], 'CAMERA_2': [], 'CAMERA_3': []}",C_LOOKING_FOR_A_CAMERA,CAMERA_2,NONE,could I have a look at this camera,FACE_TO_FACE,NONE,S_INTRODUCES_CAMERA,CAMERA_3,,Let me show you this. Here we have the Fujifilm PowerShot ELPH S2800.,PRESENT_X,CAMERA_3,39~68
930,4,CAMERA_3,['CAMERA_3'],"{'CAMERA_1': [], 'CAMERA_2': [], 'CAMERA_3': ['color']}",C_SILENT_OR_BACKCHANNEL,CAMERA_3,NONE,ok,PRESENT_X,CAMERA_3,S_INTRODUCES_FEATURE,CAMERA_3,color,"This one comes in purple, white, silver, blue, red, or pink.",PRESENT_X,CAMERA_3,18~59
930,5,CAMERA_3,['CAMERA_3'],"{'CAMERA_1': [], 'CAMERA_2': [], 'CAMERA_3': ['color', 'effects']}",C_SILENT_OR_BACKCHANNEL,CAMERA_3,NONE,okay,PRESENT_X,CAMERA_3,S_INTRODUCES_FEATURE,CAMERA_3,effects,"This one has 21 photo effects (small face, retro, big eyes, etc.).",PRESENT_X,CAMERA_3,13~65
930,6,NONE,['CAMERA_3'],"{'CAMERA_1': [], 'CAMERA_2': [], 'CAMERA_3': ['color', 'effects']}",C_THANK_YOU,CAMERA_3,NONE,thank you,PRESENT_X,CAMERA_3,S_THANK_YOU,CAMERA_3,NONE,thank you very much.,FACE_TO_FACE,NONE,
930,7,NONE,['CAMERA_3'],"{'CAMERA_1': [], 'CAMERA_2': [], 'CAMERA_3': ['color', 'effects']}",C_LEAVES,DOOR,NONE,,FACE_TO_FACE,NONE,S_RETURNS_TO_COUNTER,SERVICE_COUNTER,NONE,,WAITING,NONE,
931,1,NONE,[],"{'CAMERA_1': [], 'CAMERA_2': [], 'CAMERA_3': []}",C_ENTERS,DOOR,NONE,,WAITING,NONE,S_NONE,SERVICE_COUNTER,NONE,,WAITING,NONE,
931,2,NONE,[],"{'CAMERA_1': [], 'CAMERA_2': [], 'CAMERA_3': []}",C_GREETS,MIDDLE,NONE,she's me,WAITING,NONE,S_GREETS,MIDDLE,NONE,can I help you?,FACE_TO_FACE,NONE,
931,3,CAMERA_3,['CAMERA_3'],"{'CAMERA_1': [], 'CAMERA_2': [], 'CAMERA_3': []}",C_LOOKING_FOR_A_CAMERA,MIDDLE,NONE,hi good afternoon I'm looking to buy a new camera,FACE_TO_FACE,NONE,S_INTRODUCES_CAMERA,CAMERA_3,,Let me show you this. Here we have the Fujifilm PowerShot ELPH S2800.,PRESENT_X,CAMERA_3,39~68
931,4,CAMERA_3,['CAMERA_3'],"{'CAMERA_1': [], 'CAMERA_2': [], 'CAMERA_3': ['color']}",C_QUESTION_ABOUT_FEATURE,CAMERA_3,color,oh I see in a different color is awful,PRESENT_X,CAMERA_3,S_ANSWERS_QUESTION_ABOUT_FEATURE,CAMERA_3,color,"This one comes in purple, white, silver, blue, red, or pink.",PRESENT_X,CAMERA_3,18~59
931,5,CAMERA_3,['CAMERA_3'],"{'CAMERA_1': [], 'CAMERA_2': [], 'CAMERA_3': ['color', 'autofocus_points']}",C_QUESTION_ABOUT_FEATURE,CAMERA_3,autofocus_points,and how many autofocus points does it have,PRESENT_X,CAMERA_3,S_ANSWERS_QUESTION_ABOUT_FEATURE,CAMERA_3,autofocus_points,This one has 214 autofocus points.,PRESENT_X,CAMERA_3,13~33
931,6,CAMERA_3,['CAMERA_3'],"{'CAMERA_1': [], 'CAMERA_2': [], 'CAMERA_3': ['color', 'autofocus_points', 'sensor_size']}",C_SILENT_OR_BACKCHANNEL,CAMERA_3,NONE,IC,PRESENT_X,CAMERA_3,S_INTRODUCES_FEATURE,CAMERA_3,sensor_size,This one has a full frame.,PRESENT_X,CAMERA_3,15~25
931,7,CAMERA_3,['CAMERA_3'],"{'CAMERA_1': [], 'CAMERA_2': [], 'CAMERA_3': ['color', 'autofocus_points', 'sensor_size', 'settings']}",C_QUESTION_ABOUT_FEATURE,CAMERA_3,settings,is it full manual,PRESENT_X,CAMERA_3,S_ANSWERS_QUESTION_ABOUT_FEATURE,CAMERA_3,settings,"This one has manual control and various automatic settings (video modeburst shooting, etc.).",PRESENT_X,CAMERA_3,13~91
931,8,NONE,['CAMERA_3'],"{'CAMERA_1': [], 'CAMERA_2': [], 'CAMERA_3': ['color', 'autofocus_points', 'sensor_size', 'settings']}",C_THANK_YOU,CAMERA_3,NONE,that's a definite bonus huh oh thanks for your help I love all the thing,PRESENT_X,CAMERA_3,S_THANK_YOU,CAMERA_3,NONE,thank you very much.,FACE_TO_FACE,NONE,
931,9,NONE,['CAMERA_3'],"{'CAMERA_1': [], 'CAMERA_2': [], 'CAMERA_3': ['color', 'autofocus_points', 'sensor_size', 'settings']}",C_LEAVES,DOOR,NONE,,FACE_TO_FACE,NONE,S_RETURNS_TO_COUNTER,SERVICE_COUNTER,NONE,,WAITING,NONE,
932,1,NONE,[],"{'CAMERA_1': [], 'CAMERA_2': [], 'CAMERA_3': []}",C_ENTERS,DOOR,NONE,,WAITING,NONE,S_NONE,SERVICE_COUNTER,NONE,,WAITING,NONE,
932,2,NONE,[],"{'CAMERA_1': [], 'CAMERA_2': [], 'CAMERA_3': []}",C_WALKS_TO_CAMERA,CAMERA_2,NONE,,WAITING,NONE,S_GREETS,CAMERA_2,NONE,can I help you?,FACE_TO_FACE,NONE,
932,3,CAMERA_3,['CAMERA_3'],"{'CAMERA_1': [], 'CAMERA_2': [], 'CAMERA_3': []}",C_LOOKING_FOR_A_CAMERA,CAMERA_2,NONE,I'm just looking around at the moment thanks,FACE_TO_FACE,NONE,S_INTRODUCES_CAMERA,CAMERA_3,,Let me show you this. Here we have the Fujifilm PowerShot ELPH S2800.,PRESENT_X,CAMERA_3,39~68
932,4,CAMERA_3,['CAMERA_3'],"{'CAMERA_1': [], 'CAMERA_2': [], 'CAMERA_3': ['ISO']}",C_QUESTION_ABOUT_FEATURE,CAMERA_3,ISO,ok what about the I don't know what the ISO,PRESENT_X,CAMERA_3,S_ANSWERS_QUESTION_ABOUT_FEATURE,CAMERA_3,ISO,This one has up to 3200 ISO with little noise.,PRESENT_X,CAMERA_3,13~45
932,5,CAMERA_3,['CAMERA_3'],"{'CAMERA_1': [], 'CAMERA_2': [], 'CAMERA_3': ['ISO', 'autofocus_points']}",C_QUESTION_ABOUT_FEATURE,CAMERA_3,autofocus_points,what about the other two focus points of this camera,PRESENT_X,CAMERA_3,S_ANSWERS_QUESTION_ABOUT_FEATURE,CAMERA_3,autofocus_points,This one has 214 autofocus points.,PRESENT_X,CAMERA_3,13~33
932,6,NONE,['CAMERA_3'],"{'CAMERA_1': [], 'CAMERA_2': [], 'CAMERA_3': ['ISO', 'autofocus_points']}",C_THANK_YOU,CAMERA_3,NONE,seems pretty good I think about that but thank you,PRESENT_X,CAMERA_3,S_THANK_YOU,CAMERA_3,NONE,thank you very much.,FACE_TO_FACE,NONE,
932,7,NONE,['CAMERA_3'],"{'CAMERA_1': [], 'CAMERA_2': [], 'CAMERA_3': ['ISO', 'autofocus_points']}",C_LEAVES,DOOR,NONE,,FACE_TO_FACE,NONE,S_RETURNS_TO_COUNTER,SERVICE_COUNTER,NONE,,WAITING,NONE,
933,1,NONE,[],"{'CAMERA_1': [], 'CAMERA_2': [], 'CAMERA_3': []}",C_ENTERS,DOOR,NONE,,WAITING,NONE,S_NONE,SERVICE_COUNTER,NONE,,WAITING,NONE,
933,2,NONE,[],"{'CAMERA_1': [], 'CAMERA_2': [], 'CAMERA_3': []}",C_WALKS_TO_CAMERA,CAMERA_3,NONE,,WAITING,NONE,S_GREETS,CAMERA_3,NONE,can I help you?,FACE_TO_FACE,NONE,
933,3,CAMERA_3,['CAMERA_3'],"{'CAMERA_1': [], 'CAMERA_2': [], 'CAMERA_3': []}",C_LOOKING_FOR_A_CAMERA,CAMERA_3,NONE,it's ok i am just looking around,FACE_TO_FACE,NONE,S_INTRODUCES_CAMERA,CAMERA_3,,Let me show you this. Here we have the Fujifilm PowerShot ELPH S2800.,PRESENT_X,CAMERA_3,39~68
933,4,CAMERA_3,['CAMERA_3'],"{'CAMERA_1': [], 'CAMERA_2': [], 'CAMERA_3': ['preset_modes']}",C_SILENT_OR_BACKCHANNEL,CAMERA_3,NONE,ok,PRESENT_X,CAMERA_3,S_INTRODUCES_FEATURE,CAMERA_3,preset_modes,This one has various preset modes.,PRESENT_X,CAMERA_3,13~33
933,5,CAMERA_3,['CAMERA_3'],"{'CAMERA_1': [], 'CAMERA_2': [], 'CAMERA_3': ['preset_modes', 'sensor_size']}",C_SILENT_OR_BACKCHANNEL,CAMERA_3,NONE,sounds like a pretty good option,PRESENT_X,CAMERA_3,S_INTRODUCES_FEATURE,CAMERA_3,sensor_size,This one has a full frame.,PRESENT_X,CAMERA_3,15~25
933,6,NONE,['CAMERA_3'],"{'CAMERA_1': [], 'CAMERA_2': [], 'CAMERA_3': ['preset_modes', 'sensor_size']}",C_THANK_YOU,CAMERA_3,NONE,ok thank you,PRESENT_X,CAMERA_3,S_THANK_YOU,CAMERA_3,NONE,thank you very much.,FACE_TO_FACE,NONE,
933,7,NONE,['CAMERA_3'],"{'CAMERA_1': [], 'CAMERA_2': [], 'CAMERA_3': ['preset_modes', 'sensor_size']}",C_LEAVES,DOOR,NONE,,FACE_TO_FACE,NONE,S_RETURNS_TO_COUNTER,SERVICE_COUNTER,NONE,,WAITING,NONE,
934,1,NONE,[],"{'CAMERA_1': [], 'CAMERA_2': [], 'CAMERA_3': []}",C_ENTERS,DOOR,NONE,,WAITING,NONE,S_NONE,SERVICE_COUNTER,NONE,,WAITING,NONE,
934,2,NONE,[],"{'CAMERA_1': [], 'CAMERA_2': [], 'CAMERA_3': []}",C_WALKS_TO_CAMERA,CAMERA_2,NONE,,WAITING,NONE,S_GREETS,CAMERA_2,NONE,can I help you?,FACE_TO_FACE,NONE,
934,3,CAMERA_1,['CAMERA_1'],"{'CAMERA_1': [], 'CAMERA_2': [], 'CAMERA_3': []}",C_LOOKING_FOR_A_CAMERA,CAMERA_2,NONE,hiker afternoon looking to buy a new camera,FACE_TO_FACE,NONE,S_INTRODUCES_CAMERA,CAMERA_1,,Let me show you this. Here we have the Sony PowerShot ELPH DMC-ZS3.,PRESENT_X,CAMERA_1,39~66
934,4,CAMERA_1,['CAMERA_1'],"{'CAMERA_1': ['weight'], 'CAMERA_2': [], 'CAMERA_3': []}",C_QUESTION_ABOUT_FEATURE,CAMERA_1,weight,that sounds good is it light go cuz I don't want to be carrying around heavy stuff all through the vacation,PRESENT_X,CAMERA_1,S_ANSWERS_QUESTION_ABOUT_FEATURE,CAMERA_1,weight,This one weighs 800 grams.,PRESENT_X,CAMERA_1,16~25
934,5,CAMERA_1,['CAMERA_1'],"{'CAMERA_1': ['weight', 'price'], 'CAMERA_2': [], 'CAMERA_3': []}",C_QUESTION_ABOUT_FEATURE,CAMERA_1,price,how much is it,PRESENT_X,CAMERA_1,S_ANSWERS_QUESTION_ABOUT_FEATURE,CAMERA_1,price,This one costs $450.,PRESENT_X,CAMERA_1,15~19
934,6,CAMERA_1,['CAMERA_1'],"{'CAMERA_1': ['weight', 'price', 'optical_zoom'], 'CAMERA_2': [], 'CAMERA_3': []}",C_QUESTION_ABOUT_FEATURE,CAMERA_1,optical_zoom,excuse me what does it mean by optical zoom,PRESENT_X,CAMERA_1,S_ANSWERS_QUESTION_ABOUT_FEATURE,CAMERA_1,optical_zoom,This one has 21x optical zoom.,PRESENT_X,CAMERA_1,13~29
934,7,CAMERA_1,['CAMERA_1'],"{'CAMERA_1': ['weight', 'price', 'optical_zoom', 'resolution'], 'CAMERA_2': [], 'CAMERA_3': []}",C_QUESTION_ABOUT_FEATURE,CAMERA_1,resolution,what's the megapixel thing on this,PRESENT_X,CAMERA_1,S_ANSWERS_QUESTION_ABOUT_FEATURE,CAMERA_1,resolution,This one has 17.8 megapixels resolution.,PRESENT_X,CAMERA_1,13~28
934,8,CAMERA_1,['CAMERA_1'],"{'CAMERA_1': ['weight', 'price', 'optical_zoom', 'resolution', 'autofocus_points'], 'CAMERA_2': [], 'CAMERA_3': []}",C_QUESTION_ABOUT_FEATURE,CAMERA_1,autofocus_points,can I know how many auto focus points does this camera have,PRESENT_X,CAMERA_1,S_ANSWERS_QUESTION_ABOUT_FEATURE,CAMERA_1,autofocus_points,This one has 135 autofocus points.,PRESENT_X,CAMERA_1,13~33
934,9,CAMERA_1,['CAMERA_1'],"{'CAMERA_1': ['weight', 'price', 'optical_zoom', 'resolution', 'autofocus_points', 'color'], 'CAMERA_2': [], 'CAMERA_3': []}",C_SILENT_OR_BACKCHANNEL,CAMERA_1,NONE,I guess this is pretty advanced,PRESENT_X,CAMERA_1,S_INTRODUCES_FEATURE,CAMERA_1,color,This one comes in blue or black.,PRESENT_X,CAMERA_1,18~31
934,10,CAMERA_3,"['CAMERA_1', 'CAMERA_3']","{'CAMERA_1': ['weight', 'price', 'optical_zoom', 'resolution', 'autofocus_points', 'color'], 'CAMERA_2': [], 'CAMERA_3': []}",C_ANYTHING_ELSE_AVAILABLE,CAMERA_1,NONE,ok do you have any other cameras,PRESENT_X,CAMERA_1,S_INTRODUCES_CAMERA,CAMERA_3,,Let me show you this. Here we have the Fujifilm PowerShot ELPH S2800.,PRESENT_X,CAMERA_3,39~68
934,11,CAMERA_3,"['CAMERA_1', 'CAMERA_3']","{'CAMERA_1': ['weight', 'price', 'optical_zoom', 'resolution', 'autofocus_points', 'color'], 'CAMERA_2': [], 'CAMERA_3': ['resolution']}",C_QUESTION_ABOUT_FEATURE,CAMERA_3,resolution,what about the resolution of this,PRESENT_X,CAMERA_3,S_ANSWERS_QUESTION_ABOUT_FEATURE,CAMERA_3,resolution,This one has 23.2 megapixels resolution.,PRESENT_X,CAMERA_3,13~28
934,12,CAMERA_2,"['CAMERA_1', 'CAMERA_3', 'CAMERA_2']","{'CAMERA_1': ['weight', 'price', 'optical_zoom', 'resolution', 'autofocus_points', 'color'], 'CAMERA_2': [], 'CAMERA_3': ['resolution']}",C_ANYTHING_ELSE_AVAILABLE,CAMERA_3,NONE,do you have anything better than this,PRESENT_X,CAMERA_3,S_INTRODUCES_CAMERA,CAMERA_2,,Let me show you this. Here we have the Fujifilm Lumix ILC Camera.,PRESENT_X,CAMERA_2,39~64
934,13,CAMERA_2,"['CAMERA_1', 'CAMERA_3', 'CAMERA_2']","{'CAMERA_1': ['weight', 'price', 'optical_zoom', 'resolution', 'autofocus_points', 'color'], 'CAMERA_2': ['weight'], 'CAMERA_3': ['resolution']}",C_SILENT_OR_BACKCHANNEL,CAMERA_2,NONE,IC,PRESENT_X,CAMERA_2,S_INTRODUCES_FEATURE,CAMERA_2,weight,This one weighs 820 grams.,PRESENT_X,CAMERA_2,16~25
934,14,CAMERA_2,"['CAMERA_1', 'CAMERA_3', 'CAMERA_2']","{'CAMERA_1': ['weight', 'price', 'optical_zoom', 'resolution', 'autofocus_points', 'color'], 'CAMERA_2': ['weight', 'long_exposure'], 'CAMERA_3': ['resolution']}",C_SILENT_OR_BACKCHANNEL,CAMERA_2,NONE,ok,PRESENT_X,CAMERA_2,S_INTRODUCES_FEATURE,CAMERA_2,long_exposure,This one can take long exposures up to 60 minutes max with bulb mode.,PRESENT_X,CAMERA_2,39~68
934,15,CAMERA_2,"['CAMERA_1', 'CAMERA_3', 'CAMERA_2']","{'CAMERA_1': ['weight', 'price', 'optical_zoom', 'resolution', 'autofocus_points', 'color'], 'CAMERA_2': ['weight', 'long_exposure', 'effects'], 'CAMERA_3': ['resolution']}",C_SILENT_OR_BACKCHANNEL,CAMERA_2,NONE,this camera looks good how high does the iso go,PRESENT_X,CAMERA_2,S_INTRODUCES_FEATURE,CAMERA_2,effects,"This one has 24 artistic effect modes (retro, lighter or darker skin tones, sepia, etc.).",PRESENT_X,CAMERA_2,13~88
934,16,CAMERA_2,"['CAMERA_1', 'CAMERA_3', 'CAMERA_2']","{'CAMERA_1': ['weight', 'price', 'optical_zoom', 'resolution', 'autofocus_points', 'color'], 'CAMERA_2': ['weight', 'long_exposure', 'effects', 'price'], 'CAMERA_3': ['resolution']}",C_QUESTION_ABOUT_FEATURE,CAMERA_2,price,how much does this camera cost,PRESENT_X,CAMERA_2,S_ANSWERS_QUESTION_ABOUT_FEATURE,CAMERA_2,price,This one costs $768.,PRESENT_X,CAMERA_2,15~19
934,17,,"['CAMERA_1', 'CAMERA_3', 'CAMERA_2']","{'CAMERA_1': ['weight', 'price', 'optical_zoom', 'resolution', 'autofocus_points', 'color'], 'CAMERA_2': ['weight', 'long_exposure', 'effects', 'price'], 'CAMERA_3': ['resolution']}",C_ANYTHING_ELSE_AVAILABLE,CAMERA_2,NONE,oh I see that's very interesting do you have any other cameras that you can recommend me,PRESENT_X,CAMERA_2,S_THATS_ALL_WE_HAVE_AVAILABLE,CAMERA_2,,That's all we have available at the moment.,PRESENT_X,CAMERA_2,
934,18,NONE,"['CAMERA_1', 'CAMERA_3', 'CAMERA_2']","{'CAMERA_1': ['weight', 'price', 'optical_zoom', 'resolution', 'autofocus_points', 'color'], 'CAMERA_2': ['weight', 'long_exposure', 'effects', 'price'], 'CAMERA_3': ['resolution']}",C_THANK_YOU,CAMERA_2,NONE,thank you very much thank you,PRESENT_X,CAMERA_2,S_THANK_YOU,CAMERA_2,NONE,thank you very much.,FACE_TO_FACE,NONE,
934,19,NONE,"['CAMERA_1', 'CAMERA_3', 'CAMERA_2']","{'CAMERA_1': ['weight', 'price', 'optical_zoom', 'resolution', 'autofocus_points', 'color'], 'CAMERA_2': ['weight', 'long_exposure', 'effects', 'price'], 'CAMERA_3': ['resolution']}",C_LEAVES,DOOR,NONE,,FACE_TO_FACE,NONE,S_RETURNS_TO_COUNTER,SERVICE_COUNTER,NONE,,WAITING,NONE,
935,1,NONE,[],"{'CAMERA_1': [], 'CAMERA_2': [], 'CAMERA_3': []}",C_ENTERS,DOOR,NONE,,WAITING,NONE,S_NONE,SERVICE_COUNTER,NONE,,WAITING,NONE,
935,2,NONE,[],"{'CAMERA_1': [], 'CAMERA_2': [], 'CAMERA_3': []}",C_WALKS_TO_CAMERA,CAMERA_2,NONE,,WAITING,NONE,S_GREETS,CAMERA_2,NONE,can I help you?,FACE_TO_FACE,NONE,
935,3,CAMERA_1,['CAMERA_1'],"{'CAMERA_1': [], 'CAMERA_2': [], 'CAMERA_3': []}",C_LOOKING_FOR_A_CAMERA,CAMERA_2,NONE,I'm just looking around I'm thinking about buying a camera but I don't know which one,FACE_TO_FACE,NONE,S_INTRODUCES_CAMERA,CAMERA_1,,Let me show you this. Here we have the Sony PowerShot ELPH DMC-ZS3.,PRESENT_X,CAMERA_1,39~66
935,4,CAMERA_1,['CAMERA_1'],"{'CAMERA_1': ['optical_zoom'], 'CAMERA_2': [], 'CAMERA_3': []}",C_QUESTION_ABOUT_FEATURE,CAMERA_1,optical_zoom,how about the ability of fight for the zoom how much is optical zoom for this camera,PRESENT_X,CAMERA_1,S_ANSWERS_QUESTION_ABOUT_FEATURE,CAMERA_1,optical_zoom,This one has 21x optical zoom.,PRESENT_X,CAMERA_1,13~29
935,5,CAMERA_1,['CAMERA_1'],"{'CAMERA_1': ['optical_zoom', 'price'], 'CAMERA_2': [], 'CAMERA_3': []}",C_SILENT_OR_BACKCHANNEL,CAMERA_1,NONE,ok,PRESENT_X,CAMERA_1,S_INTRODUCES_FEATURE,CAMERA_1,price,This one costs $450.,PRESENT_X,CAMERA_1,15~19
935,6,CAMERA_1,['CAMERA_1'],"{'CAMERA_1': ['optical_zoom', 'price', 'settings'], 'CAMERA_2': [], 'CAMERA_3': []}",C_SILENT_OR_BACKCHANNEL,CAMERA_1,NONE,yeah,PRESENT_X,CAMERA_1,S_INTRODUCES_FEATURE,CAMERA_1,settings,This one has limited manual settings.,PRESENT_X,CAMERA_1,13~36
935,7,CAMERA_1,['CAMERA_1'],"{'CAMERA_1': ['optical_zoom', 'price', 'settings', 'weight'], 'CAMERA_2': [], 'CAMERA_3': []}",C_QUESTION_ABOUT_FEATURE,CAMERA_1,weight,OK and how much does it weigh,PRESENT_X,CAMERA_1,S_ANSWERS_QUESTION_ABOUT_FEATURE,CAMERA_1,weight,This one weighs 800 grams.,PRESENT_X,CAMERA_1,16~25
935,8,CAMERA_1,['CAMERA_1'],"{'CAMERA_1': ['optical_zoom', 'price', 'settings', 'weight', 'effects'], 'CAMERA_2': [], 'CAMERA_3': []}",C_QUESTION_ABOUT_FEATURE,CAMERA_1,effects,what are these a special artistic effect mode features,PRESENT_X,CAMERA_1,S_ANSWERS_QUESTION_ABOUT_FEATURE,CAMERA_1,effects,"This one has 24 glamor retouch effects (miniature, retro, toy camera, etc.).",PRESENT_X,CAMERA_1,13~75
935,9,CAMERA_1,['CAMERA_1'],"{'CAMERA_1': ['optical_zoom', 'price', 'settings', 'weight', 'effects', 'sensor_size'], 'CAMERA_2': [], 'CAMERA_3': []}",C_SILENT_OR_BACKCHANNEL,CAMERA_1,NONE,IC,PRESENT_X,CAMERA_1,S_INTRODUCES_FEATURE,CAMERA_1,sensor_size,This one has a 1/2.3 inch CMOS sensor.,PRESENT_X,CAMERA_1,15~37
935,10,CAMERA_1,['CAMERA_1'],"{'CAMERA_1': ['optical_zoom', 'price', 'settings', 'weight', 'effects', 'sensor_size', 'camera_type'], 'CAMERA_2': [], 'CAMERA_3': []}",C_QUESTION_ABOUT_FEATURE,CAMERA_1,camera_type,Is this a mirrorless camera?,PRESENT_X,CAMERA_1,S_ANSWERS_QUESTION_ABOUT_FEATURE,CAMERA_1,camera_type,This is a DSLR camera.,PRESENT_X,CAMERA_1,10~14
935,11,CAMERA_1,['CAMERA_1'],"{'CAMERA_1': ['optical_zoom', 'price', 'settings', 'weight', 'effects', 'sensor_size', 'camera_type', 'resolution'], 'CAMERA_2': [], 'CAMERA_3': []}",C_QUESTION_ABOUT_FEATURE,CAMERA_1,resolution,and how many megapixels does it have,PRESENT_X,CAMERA_1,S_ANSWERS_QUESTION_ABOUT_FEATURE,CAMERA_1,resolution,This one has 17.8 megapixels resolution.,PRESENT_X,CAMERA_1,13~28
935,12,CAMERA_1,['CAMERA_1'],"{'CAMERA_1': ['optical_zoom', 'price', 'settings', 'weight', 'effects', 'sensor_size', 'camera_type', 'resolution', 'ISO'], 'CAMERA_2': [], 'CAMERA_3': []}",C_QUESTION_ABOUT_FEATURE,CAMERA_1,ISO,how high can I set the ISO,PRESENT_X,CAMERA_1,S_ANSWERS_QUESTION_ABOUT_FEATURE,CAMERA_1,ISO,This one has up to 51200 ISO.,PRESENT_X,CAMERA_1,13~28
935,13,CAMERA_1,['CAMERA_1'],"{'CAMERA_1': ['optical_zoom', 'price', 'settings', 'weight', 'effects', 'sensor_size', 'camera_type', 'resolution', 'ISO', 'long_exposure'], 'CAMERA_2': [], 'CAMERA_3': []}",C_QUESTION_ABOUT_FEATURE,CAMERA_1,long_exposure,is the exposure over 20 seconds,PRESENT_X,CAMERA_1,S_ANSWERS_QUESTION_ABOUT_FEATURE,CAMERA_1,long_exposure,This one can take long exposures up to up to 15 seconds with Long Shutter Mode.,PRESENT_X,CAMERA_1,39~78
935,14,CAMERA_1,['CAMERA_1'],"{'CAMERA_1': ['optical_zoom', 'price', 'settings', 'weight', 'effects', 'sensor_size', 'camera_type', 'resolution', 'ISO', 'long_exposure', 'autofocus_points'], 'CAMERA_2': [], 'CAMERA_3': []}",C_SILENT_OR_BACKCHANNEL,CAMERA_1,NONE,ic,PRESENT_X,CAMERA_1,S_INTRODUCES_FEATURE,CAMERA_1,autofocus_points,This one has 135 autofocus points.,PRESENT_X,CAMERA_1,13~33
935,15,CAMERA_1,['CAMERA_1'],"{'CAMERA_1': ['optical_zoom', 'price', 'settings', 'weight', 'effects', 'sensor_size', 'camera_type', 'resolution', 'ISO', 'long_exposure', 'autofocus_points', 'color'], 'CAMERA_2': [], 'CAMERA_3': []}",C_SILENT_OR_BACKCHANNEL,CAMERA_1,NONE,yeah i see,PRESENT_X,CAMERA_1,S_INTRODUCES_FEATURE,CAMERA_1,color,This one comes in blue or black.,PRESENT_X,CAMERA_1,18~31
935,16,CAMERA_1,['CAMERA_1'],"{'CAMERA_1': ['optical_zoom', 'price', 'settings', 'weight', 'effects', 'sensor_size', 'camera_type', 'resolution', 'ISO', 'long_exposure', 'autofocus_points', 'color', 'autofocus_points'], 'CAMERA_2': [], 'CAMERA_3': []}",C_SILENT_OR_BACKCHANNEL,CAMERA_1,NONE,ok,PRESENT_X,CAMERA_1,S_INTRODUCES_FEATURE,CAMERA_1,autofocus_points,This one has 135 autofocus points.,PRESENT_X,CAMERA_1,13~33
935,17,NONE,['CAMERA_1'],"{'CAMERA_1': ['optical_zoom', 'price', 'settings', 'weight', 'effects', 'sensor_size', 'camera_type', 'resolution', 'ISO', 'long_exposure', 'autofocus_points', 'color', 'autofocus_points'], 'CAMERA_2': [], 'CAMERA_3': []}",C_THANK_YOU,CAMERA_1,NONE,okay okay well thank you very much for your help,PRESENT_X,CAMERA_1,S_THANK_YOU,CAMERA_1,NONE,thank you very much.,FACE_TO_FACE,NONE,
935,18,NONE,['CAMERA_1'],"{'CAMERA_1': ['optical_zoom', 'price', 'settings', 'weight', 'effects', 'sensor_size', 'camera_type', 'resolution', 'ISO', 'long_exposure', 'autofocus_points', 'color', 'autofocus_points'], 'CAMERA_2': [], 'CAMERA_3': []}",C_LEAVES,DOOR,NONE,,FACE_TO_FACE,NONE,S_RETURNS_TO_COUNTER,SERVICE_COUNTER,NONE,,WAITING,NONE,
936,1,NONE,[],"{'CAMERA_1': [], 'CAMERA_2': [], 'CAMERA_3': []}",C_ENTERS,DOOR,NONE,,WAITING,NONE,S_NONE,SERVICE_COUNTER,NONE,,WAITING,NONE,
936,2,NONE,[],"{'CAMERA_1': [], 'CAMERA_2': [], 'CAMERA_3': []}",C_WALKS_TO_CAMERA,CAMERA_1,NONE,,WAITING,NONE,S_GREETS,CAMERA_1,NONE,can I help you?,FACE_TO_FACE,NONE,
936,3,CAMERA_3,['CAMERA_3'],"{'CAMERA_1': [], 'CAMERA_2': [], 'CAMERA_3': []}",C_LOOKING_FOR_A_CAMERA,CAMERA_1,NONE,it's ok i am just looking around,FACE_TO_FACE,NONE,S_INTRODUCES_CAMERA,CAMERA_3,,Let me show you this. Here we have the Fujifilm PowerShot ELPH S2800.,PRESENT_X,CAMERA_3,39~68
936,4,CAMERA_3,['CAMERA_3'],"{'CAMERA_1': [], 'CAMERA_2': [], 'CAMERA_3': ['resolution']}",C_SILENT_OR_BACKCHANNEL,CAMERA_3,NONE,yeah yeah yeah,PRESENT_X,CAMERA_3,S_INTRODUCES_FEATURE,CAMERA_3,resolution,This one has 23.2 megapixels resolution.,PRESENT_X,CAMERA_3,13~28
936,5,CAMERA_3,['CAMERA_3'],"{'CAMERA_1': [], 'CAMERA_2': [], 'CAMERA_3': ['resolution', 'autofocus_points']}",C_QUESTION_ABOUT_FEATURE,CAMERA_3,autofocus_points,Smith Ellis camera how many holes are Focus points does it have,PRESENT_X,CAMERA_3,S_ANSWERS_QUESTION_ABOUT_FEATURE,CAMERA_3,autofocus_points,This one has 214 autofocus points.,PRESENT_X,CAMERA_3,13~33
936,6,CAMERA_3,['CAMERA_3'],"{'CAMERA_1': [], 'CAMERA_2': [], 'CAMERA_3': ['resolution', 'autofocus_points', 'color']}",C_QUESTION_ABOUT_FEATURE,CAMERA_3,color,hopefully this camera had any colors,PRESENT_X,CAMERA_3,S_ANSWERS_QUESTION_ABOUT_FEATURE,CAMERA_3,color,"This one comes in purple, white, silver, blue, red, or pink.",PRESENT_X,CAMERA_3,18~59
936,7,CAMERA_3,['CAMERA_3'],"{'CAMERA_1': [], 'CAMERA_2': [], 'CAMERA_3': ['resolution', 'autofocus_points', 'color', 'optical_zoom']}",C_QUESTION_ABOUT_FEATURE,CAMERA_3,optical_zoom,okay that's the drawback okay and he comes here with optical zoom,PRESENT_X,CAMERA_3,S_NOT_SURE,CAMERA_3,,I'm not really sure about that.,PRESENT_X,CAMERA_3,
936,8,CAMERA_3,['CAMERA_3'],"{'CAMERA_1': [], 'CAMERA_2': [], 'CAMERA_3': ['resolution', 'autofocus_points', 'color', 'optical_zoom', 'preset_modes']}",C_QUESTION_ABOUT_FEATURE,CAMERA_3,preset_modes,Is this camera support for basic mode,PRESENT_X,CAMERA_3,S_ANSWERS_QUESTION_ABOUT_FEATURE,CAMERA_3,preset_modes,This one has various preset modes.,PRESENT_X,CAMERA_3,13~33
936,9,CAMERA_3,['CAMERA_3'],"{'CAMERA_1': [], 'CAMERA_2': [], 'CAMERA_3': ['resolution', 'autofocus_points', 'color', 'optical_zoom', 'preset_modes', 'price']}",C_SILENT_OR_BACKCHANNEL,CAMERA_3,NONE,i see,PRESENT_X,CAMERA_3,S_INTRODUCES_FEATURE,CAMERA_3,price,This one costs $518.,PRESENT_X,CAMERA_3,15~19
936,10,CAMERA_3,['CAMERA_3'],"{'CAMERA_1': [], 'CAMERA_2': [], 'CAMERA_3': ['resolution', 'autofocus_points', 'color', 'optical_zoom', 'preset_modes', 'price', 'camera_type']}",C_QUESTION_ABOUT_FEATURE,CAMERA_3,camera_type,what kind of camera is this,PRESENT_X,CAMERA_3,S_ANSWERS_QUESTION_ABOUT_FEATURE,CAMERA_3,camera_type,This is a point and shoot camera.,PRESENT_X,CAMERA_3,10~25
936,11,CAMERA_3,['CAMERA_3'],"{'CAMERA_1': [], 'CAMERA_2': [], 'CAMERA_3': ['resolution', 'autofocus_points', 'color', 'optical_zoom', 'preset_modes', 'price', 'camera_type', 'sensor_size']}",C_SILENT_OR_BACKCHANNEL,CAMERA_3,NONE,it's not bad not bad,PRESENT_X,CAMERA_3,S_INTRODUCES_FEATURE,CAMERA_3,sensor_size,This one has a full frame.,PRESENT_X,CAMERA_3,15~25
936,12,NONE,['CAMERA_3'],"{'CAMERA_1': [], 'CAMERA_2': [], 'CAMERA_3': ['resolution', 'autofocus_points', 'color', 'optical_zoom', 'preset_modes', 'price', 'camera_type', 'sensor_size']}",C_THANK_YOU,CAMERA_3,NONE,thank you for your help,PRESENT_X,CAMERA_3,S_THANK_YOU,CAMERA_3,NONE,thank you very much.,FACE_TO_FACE,NONE,
936,13,NONE,['CAMERA_3'],"{'CAMERA_1': [], 'CAMERA_2': [], 'CAMERA_3': ['resolution', 'autofocus_points', 'color', 'optical_zoom', 'preset_modes', 'price', 'camera_type', 'sensor_size']}",C_LEAVES,DOOR,NONE,,FACE_TO_FACE,NONE,S_RETURNS_TO_COUNTER,SERVICE_COUNTER,NONE,,WAITING,NONE,
937,1,NONE,[],"{'CAMERA_1': [], 'CAMERA_2': [], 'CAMERA_3': []}",C_ENTERS,DOOR,NONE,,WAITING,NONE,S_NONE,SERVICE_COUNTER,NONE,,WAITING,NONE,
937,2,NONE,[],"{'CAMERA_1': [], 'CAMERA_2': [], 'CAMERA_3': []}",C_GREETS,MIDDLE,NONE,excuse me,WAITING,NONE,S_GREETS,MIDDLE,NONE,can I help you?,FACE_TO_FACE,NONE,
937,3,CAMERA_3,['CAMERA_3'],"{'CAMERA_1': [], 'CAMERA_2': [], 'CAMERA_3': []}",C_LOOKING_FOR_A_CAMERA,MIDDLE,NONE,I'm looking for an advanced mode camera,FACE_TO_FACE,NONE,S_INTRODUCES_CAMERA,CAMERA_3,,Let me show you this. Here we have the Fujifilm PowerShot ELPH S2800.,PRESENT_X,CAMERA_3,39~68
937,4,CAMERA_3,['CAMERA_3'],"{'CAMERA_1': [], 'CAMERA_2': [], 'CAMERA_3': ['price']}",C_SILENT_OR_BACKCHANNEL,CAMERA_3,NONE,how it looks really good,PRESENT_X,CAMERA_3,S_INTRODUCES_FEATURE,CAMERA_3,price,This one costs $518.,PRESENT_X,CAMERA_3,15~19
937,5,CAMERA_3,['CAMERA_3'],"{'CAMERA_1': [], 'CAMERA_2': [], 'CAMERA_3': ['price', 'sensor_size']}",C_SILENT_OR_BACKCHANNEL,CAMERA_3,NONE,IC,PRESENT_X,CAMERA_3,S_INTRODUCES_FEATURE,CAMERA_3,sensor_size,This one has a full frame.,PRESENT_X,CAMERA_3,15~25
937,6,CAMERA_3,['CAMERA_3'],"{'CAMERA_1': [], 'CAMERA_2': [], 'CAMERA_3': ['price', 'sensor_size', 'autofocus_points']}",C_QUESTION_ABOUT_FEATURE,CAMERA_3,autofocus_points,How about auto focus points for this,PRESENT_X,CAMERA_3,S_ANSWERS_QUESTION_ABOUT_FEATURE,CAMERA_3,autofocus_points,This one has 214 autofocus points.,PRESENT_X,CAMERA_3,13~33
937,7,CAMERA_3,['CAMERA_3'],"{'CAMERA_1': [], 'CAMERA_2': [], 'CAMERA_3': ['price', 'sensor_size', 'autofocus_points', 'ISO']}",C_SILENT_OR_BACKCHANNEL,CAMERA_3,NONE,okay I've read that aps-c is pretty good,PRESENT_X,CAMERA_3,S_INTRODUCES_FEATURE,CAMERA_3,ISO,This one has up to 3200 ISO with little noise.,PRESENT_X,CAMERA_3,13~45
937,8,NONE,['CAMERA_3'],"{'CAMERA_1': [], 'CAMERA_2': [], 'CAMERA_3': ['price', 'sensor_size', 'autofocus_points', 'ISO']}",C_THANK_YOU,CAMERA_3,NONE,okay thank you very much,PRESENT_X,CAMERA_3,S_THANK_YOU,CAMERA_3,NONE,thank you very much.,FACE_TO_FACE,NONE,
937,9,NONE,['CAMERA_3'],"{'CAMERA_1': [], 'CAMERA_2': [], 'CAMERA_3': ['price', 'sensor_size', 'autofocus_points', 'ISO']}",C_LEAVES,DOOR,NONE,,FACE_TO_FACE,NONE,S_RETURNS_TO_COUNTER,SERVICE_COUNTER,NONE,,WAITING,NONE,
938,1,NONE,[],"{'CAMERA_1': [], 'CAMERA_2': [], 'CAMERA_3': []}",C_ENTERS,DOOR,NONE,,WAITING,NONE,S_NONE,SERVICE_COUNTER,NONE,,WAITING,NONE,
938,2,NONE,[],"{'CAMERA_1': [], 'CAMERA_2': [], 'CAMERA_3': []}",C_WALKS_TO_CAMERA,CAMERA_1,NONE,,WAITING,NONE,S_NONE,SERVICE_COUNTER,NONE,,WAITING,NONE,
938,3,CAMERA_1,['CAMERA_1'],"{'CAMERA_1': ['effects'], 'CAMERA_2': [], 'CAMERA_3': []}",C_QUESTION_ABOUT_FEATURE,CAMERA_1,effects,okay that's a record and how many of those effects does it have,WAITING,NONE,S_ANSWERS_QUESTION_ABOUT_FEATURE,CAMERA_1,effects,"This one has 24 glamor retouch effects (miniature, retro, toy camera, etc.).",PRESENT_X,CAMERA_1,13~75
938,4,CAMERA_1,['CAMERA_1'],"{'CAMERA_1': ['effects', 'color'], 'CAMERA_2': [], 'CAMERA_3': []}",C_QUESTION_ABOUT_FEATURE,CAMERA_1,color,Is there any other colors for this,PRESENT_X,CAMERA_1,S_ANSWERS_QUESTION_ABOUT_FEATURE,CAMERA_1,color,This one comes in blue or black.,PRESENT_X,CAMERA_1,18~31
938,5,CAMERA_1,['CAMERA_1'],"{'CAMERA_1': ['effects', 'color', 'price'], 'CAMERA_2': [], 'CAMERA_3': []}",C_SILENT_OR_BACKCHANNEL,CAMERA_1,NONE,okay that's great to know so two thousand dollars how much do the lenses go for,PRESENT_X,CAMERA_1,S_INTRODUCES_FEATURE,CAMERA_1,price,This one costs $450.,PRESENT_X,CAMERA_1,15~19
938,6,CAMERA_1,['CAMERA_1'],"{'CAMERA_1': ['effects', 'color', 'price', 'sensor_size'], 'CAMERA_2': [], 'CAMERA_3': []}",C_SILENT_OR_BACKCHANNEL,CAMERA_1,NONE,okay,PRESENT_X,CAMERA_1,S_INTRODUCES_FEATURE,CAMERA_1,sensor_size,This one has a 1/2.3 inch CMOS sensor.,PRESENT_X,CAMERA_1,15~37
938,7,CAMERA_1,['CAMERA_1'],"{'CAMERA_1': ['effects', 'color', 'price', 'sensor_size', 'settings'], 'CAMERA_2': [], 'CAMERA_3': []}",C_SILENT_OR_BACKCHANNEL,CAMERA_1,NONE,ok let's see,PRESENT_X,CAMERA_1,S_INTRODUCES_FEATURE,CAMERA_1,settings,This one has limited manual settings.,PRESENT_X,CAMERA_1,13~36
938,8,CAMERA_1,['CAMERA_1'],"{'CAMERA_1': ['effects', 'color', 'price', 'sensor_size', 'settings', 'autofocus_points'], 'CAMERA_2': [], 'CAMERA_3': []}",C_QUESTION_ABOUT_FEATURE,CAMERA_1,autofocus_points,how many autofocus points does it have,PRESENT_X,CAMERA_1,S_ANSWERS_QUESTION_ABOUT_FEATURE,CAMERA_1,autofocus_points,This one has 135 autofocus points.,PRESENT_X,CAMERA_1,13~33
938,9,CAMERA_1,['CAMERA_1'],"{'CAMERA_1': ['effects', 'color', 'price', 'sensor_size', 'settings', 'autofocus_points', 'ISO'], 'CAMERA_2': [], 'CAMERA_3': []}",C_QUESTION_ABOUT_FEATURE,CAMERA_1,ISO,ok what about the ISO as well,PRESENT_X,CAMERA_1,S_ANSWERS_QUESTION_ABOUT_FEATURE,CAMERA_1,ISO,This one has up to 51200 ISO.,PRESENT_X,CAMERA_1,13~28
938,10,CAMERA_1,['CAMERA_1'],"{'CAMERA_1': ['effects', 'color', 'price', 'sensor_size', 'settings', 'autofocus_points', 'ISO', 'weight'], 'CAMERA_2': [], 'CAMERA_3': []}",C_SILENT_OR_BACKCHANNEL,CAMERA_1,NONE,okay sounds great and lastly I worry about the out of focus,PRESENT_X,CAMERA_1,S_INTRODUCES_FEATURE,CAMERA_1,weight,This one weighs 800 grams.,PRESENT_X,CAMERA_1,16~25
938,11,CAMERA_1,['CAMERA_1'],"{'CAMERA_1': ['effects', 'color', 'price', 'sensor_size', 'settings', 'autofocus_points', 'ISO', 'weight', 'resolution'], 'CAMERA_2': [], 'CAMERA_3': []}",C_SILENT_OR_BACKCHANNEL,CAMERA_1,NONE,okay sounds great and lastly I worry about the out of focus,PRESENT_X,CAMERA_1,S_INTRODUCES_FEATURE,CAMERA_1,resolution,This one has 17.8 megapixels resolution.,PRESENT_X,CAMERA_1,13~28
938,12,CAMERA_1,['CAMERA_1'],"{'CAMERA_1': ['effects', 'color', 'price', 'sensor_size', 'settings', 'autofocus_points', 'ISO', 'weight', 'resolution', 'long_exposure'], 'CAMERA_2': [], 'CAMERA_3': []}",C_QUESTION_ABOUT_FEATURE,CAMERA_1,long_exposure,okay and how about its exposure,PRESENT_X,CAMERA_1,S_ANSWERS_QUESTION_ABOUT_FEATURE,CAMERA_1,long_exposure,This one can take long exposures up to up to 15 seconds with Long Shutter Mode.,PRESENT_X,CAMERA_1,39~78
938,13,CAMERA_1,['CAMERA_1'],"{'CAMERA_1': ['effects', 'color', 'price', 'sensor_size', 'settings', 'autofocus_points', 'ISO', 'weight', 'resolution', 'long_exposure', 'camera_type'], 'CAMERA_2': [], 'CAMERA_3': []}",C_QUESTION_ABOUT_FEATURE,CAMERA_1,camera_type,Is this a mirrorless camera?,PRESENT_X,CAMERA_1,S_ANSWERS_QUESTION_ABOUT_FEATURE,CAMERA_1,camera_type,This is a DSLR camera.,PRESENT_X,CAMERA_1,10~14
938,14,CAMERA_1,['CAMERA_1'],"{'CAMERA_1': ['effects', 'color', 'price', 'sensor_size', 'settings', 'autofocus_points', 'ISO', 'weight', 'resolution', 'long_exposure', 'camera_type', 'preset_modes'], 'CAMERA_2': [], 'CAMERA_3': []}",C_QUESTION_ABOUT_FEATURE,CAMERA_1,preset_modes,does it have preset modes,PRESENT_X,CAMERA_1,S_NOT_SURE,CAMERA_1,,I'm not really sure about that.,PRESENT_X,CAMERA_1,
938,15,CAMERA_1,['CAMERA_1'],"{'CAMERA_1': ['effects', 'color', 'price', 'sensor_size', 'settings', 'autofocus_points', 'ISO', 'weight', 'resolution', 'long_exposure', 'camera_type', 'preset_modes', 'optical_zoom'], 'CAMERA_2': [], 'CAMERA_3': []}",C_QUESTION_ABOUT_FEATURE,CAMERA_1,optical_zoom,ok perfect for my budget okay do you know the optical zoom range,PRESENT_X,CAMERA_1,S_ANSWERS_QUESTION_ABOUT_FEATURE,CAMERA_1,optical_zoom,This one has 21x optical zoom.,PRESENT_X,CAMERA_1,13~29
938,16,CAMERA_1,['CAMERA_1'],"{'CAMERA_1': ['effects', 'color', 'price', 'sensor_size', 'settings', 'autofocus_points', 'ISO', 'weight', 'resolution', 'long_exposure', 'camera_type', 'preset_modes', 'optical_zoom', 'effects'], 'CAMERA_2': [], 'CAMERA_3': []}",C_SILENT_OR_BACKCHANNEL,CAMERA_1,NONE,ok ok,PRESENT_X,CAMERA_1,S_INTRODUCES_FEATURE,CAMERA_1,effects,"This one has 24 glamor retouch effects (miniature, retro, toy camera, etc.).",PRESENT_X,CAMERA_1,13~75
938,17,CAMERA_1,['CAMERA_1'],"{'CAMERA_1': ['effects', 'color', 'price', 'sensor_size', 'settings', 'autofocus_points', 'ISO', 'weight', 'resolution', 'long_exposure', 'camera_type', 'preset_modes', 'optical_zoom', 'effects', 'effects'], 'CAMERA_2': [], 'CAMERA_3': []}",C_SILENT_OR_BACKCHANNEL,CAMERA_1,NONE,ok,PRESENT_X,CAMERA_1,S_INTRODUCES_FEATURE,CAMERA_1,effects,"This one has 24 glamor retouch effects (miniature, retro, toy camera, etc.).",PRESENT_X,CAMERA_1,13~75
938,18,CAMERA_1,['CAMERA_1'],"{'CAMERA_1': ['effects', 'color', 'price', 'sensor_size', 'settings', 'autofocus_points', 'ISO', 'weight', 'resolution', 'long_exposure', 'camera_type', 'preset_modes', 'optical_zoom', 'effects', 'effects', 'sensor_size'], 'CAMERA_2': [], 'CAMERA_3': []}",C_SILENT_OR_BACKCHANNEL,CAMERA_1,NONE,good,PRESENT_X,CAMERA_1,S_INTRODUCES_FEATURE,CAMERA_1,sensor_size,This one has a 1/2.3 inch CMOS sensor.,PRESENT_X,CAMERA_1,15~37
938,19,CAMERA_3,"['CAMERA_1', 'CAMERA_3']","{'CAMERA_1': ['effects', 'color', 'price', 'sensor_size', 'settings', 'autofocus_points', 'ISO', 'weight', 'resolution', 'long_exposure', 'camera_type', 'preset_modes', 'optical_zoom', 'effects', 'effects', 'sensor_size'], 'CAMERA_2': [], 'CAMERA_3': []}",C_ANYTHING_ELSE_AVAILABLE,CAMERA_1,NONE,do you have anything better than this,PRESENT_X,CAMERA_1,S_INTRODUCES_CAMERA,CAMERA_3,,Let me show you this. Here we have the Fujifilm PowerShot ELPH S2800.,PRESENT_X,CAMERA_3,39~68
938,20,CAMERA_3,"['CAMERA_1', 'CAMERA_3']","{'CAMERA_1': ['effects', 'color', 'price', 'sensor_size', 'settings', 'autofocus_points', 'ISO', 'weight', 'resolution', 'long_exposure', 'camera_type', 'preset_modes', 'optical_zoom', 'effects', 'effects', 'sensor_size'], 'CAMERA_2': [], 'CAMERA_3': ['resolution']}",C_SILENT_OR_BACKCHANNEL,CAMERA_3,NONE,yeah,PRESENT_X,CAMERA_3,S_INTRODUCES_FEATURE,CAMERA_3,resolution,This one has 23.2 megapixels resolution.,PRESENT_X,CAMERA_3,13~28
938,21,CAMERA_3,"['CAMERA_1', 'CAMERA_3']","{'CAMERA_1': ['effects', 'color', 'price', 'sensor_size', 'settings', 'autofocus_points', 'ISO', 'weight', 'resolution', 'long_exposure', 'camera_type', 'preset_modes', 'optical_zoom', 'effects', 'effects', 'sensor_size'], 'CAMERA_2': [], 'CAMERA_3': ['resolution', 'settings']}",C_QUESTION_ABOUT_FEATURE,CAMERA_3,settings,great so can you please explain me more about this manual settings,PRESENT_X,CAMERA_3,S_ANSWERS_QUESTION_ABOUT_FEATURE,CAMERA_3,settings,"This one has manual control and various automatic settings (video modeburst shooting, etc.).",PRESENT_X,CAMERA_3,13~91
938,22,CAMERA_3,"['CAMERA_1', 'CAMERA_3']","{'CAMERA_1': ['effects', 'color', 'price', 'sensor_size', 'settings', 'autofocus_points', 'ISO', 'weight', 'resolution', 'long_exposure', 'camera_type', 'preset_modes', 'optical_zoom', 'effects', 'effects', 'sensor_size'], 'CAMERA_2': [], 'CAMERA_3': ['resolution', 'settings', 'price']}",C_QUESTION_ABOUT_FEATURE,CAMERA_3,price,how much does it cost,PRESENT_X,CAMERA_3,S_ANSWERS_QUESTION_ABOUT_FEATURE,CAMERA_3,price,This one costs $518.,PRESENT_X,CAMERA_3,15~19
938,23,CAMERA_3,"['CAMERA_1', 'CAMERA_3']","{'CAMERA_1': ['effects', 'color', 'price', 'sensor_size', 'settings', 'autofocus_points', 'ISO', 'weight', 'resolution', 'long_exposure', 'camera_type', 'preset_modes', 'optical_zoom', 'effects', 'effects', 'sensor_size'], 'CAMERA_2': [], 'CAMERA_3': ['resolution', 'settings', 'price', 'color']}",C_SILENT_OR_BACKCHANNEL,CAMERA_3,NONE,ok,PRESENT_X,CAMERA_3,S_INTRODUCES_FEATURE,CAMERA_3,color,"This one comes in purple, white, silver, blue, red, or pink.",PRESENT_X,CAMERA_3,18~59
938,24,CAMERA_3,"['CAMERA_1', 'CAMERA_3']","{'CAMERA_1': ['effects', 'color', 'price', 'sensor_size', 'settings', 'autofocus_points', 'ISO', 'weight', 'resolution', 'long_exposure', 'camera_type', 'preset_modes', 'optical_zoom', 'effects', 'effects', 'sensor_size'], 'CAMERA_2': [], 'CAMERA_3': ['resolution', 'settings', 'price', 'color', 'ISO']}",C_SILENT_OR_BACKCHANNEL,CAMERA_3,NONE,ok let's see,PRESENT_X,CAMERA_3,S_INTRODUCES_FEATURE,CAMERA_3,ISO,This one has up to 3200 ISO with little noise.,PRESENT_X,CAMERA_3,13~45
938,25,CAMERA_2,"['CAMERA_1', 'CAMERA_3', 'CAMERA_2']","{'CAMERA_1': ['effects', 'color', 'price', 'sensor_size', 'settings', 'autofocus_points', 'ISO', 'weight', 'resolution', 'long_exposure', 'camera_type', 'preset_modes', 'optical_zoom', 'effects', 'effects', 'sensor_size'], 'CAMERA_2': [], 'CAMERA_3': ['resolution', 'settings', 'price', 'color', 'ISO']}",C_ANYTHING_ELSE_AVAILABLE,CAMERA_3,NONE,do you have any other cameras like this,PRESENT_X,CAMERA_3,S_INTRODUCES_CAMERA,CAMERA_2,,Let me show you this. Here we have the Fujifilm Lumix ILC Camera.,PRESENT_X,CAMERA_2,39~64
938,26,CAMERA_2,"['CAMERA_1', 'CAMERA_3', 'CAMERA_2']","{'CAMERA_1': ['effects', 'color', 'price', 'sensor_size', 'settings', 'autofocus_points', 'ISO', 'weight', 'resolution', 'long_exposure', 'camera_type', 'preset_modes', 'optical_zoom', 'effects', 'effects', 'sensor_size'], 'CAMERA_2': ['sensor_size'], 'CAMERA_3': ['resolution', 'settings', 'price', 'color', 'ISO']}",C_SILENT_OR_BACKCHANNEL,CAMERA_2,NONE,interesting,PRESENT_X,CAMERA_2,S_INTRODUCES_FEATURE,CAMERA_2,sensor_size,This one has a 1/2.33 inch sensor.,PRESENT_X,CAMERA_2,15~33
938,27,CAMERA_2,"['CAMERA_1', 'CAMERA_3', 'CAMERA_2']","{'CAMERA_1': ['effects', 'color', 'price', 'sensor_size', 'settings', 'autofocus_points', 'ISO', 'weight', 'resolution', 'long_exposure', 'camera_type', 'preset_modes', 'optical_zoom', 'effects', 'effects', 'sensor_size'], 'CAMERA_2': ['sensor_size', 'resolution'], 'CAMERA_3': ['resolution', 'settings', 'price', 'color', 'ISO']}",C_SILENT_OR_BACKCHANNEL,CAMERA_2,NONE,okay,PRESENT_X,CAMERA_2,S_INTRODUCES_FEATURE,CAMERA_2,resolution,This one has 23.8 megapixels resolution.,PRESENT_X,CAMERA_2,13~28
938,28,NONE,"['CAMERA_1', 'CAMERA_3', 'CAMERA_2']","{'CAMERA_1': ['effects', 'color', 'price', 'sensor_size', 'settings', 'autofocus_points', 'ISO', 'weight', 'resolution', 'long_exposure', 'camera_type', 'preset_modes', 'optical_zoom', 'effects', 'effects', 'sensor_size'], 'CAMERA_2': ['sensor_size', 'resolution'], 'CAMERA_3': ['resolution', 'settings', 'price', 'color', 'ISO']}",C_THANK_YOU,CAMERA_2,NONE,ok you've been very helpful thank you very much anytime,PRESENT_X,CAMERA_2,S_THANK_YOU,CAMERA_2,NONE,thank you very much.,FACE_TO_FACE,NONE,
938,29,NONE,"['CAMERA_1', 'CAMERA_3', 'CAMERA_2']","{'CAMERA_1': ['effects', 'color', 'price', 'sensor_size', 'settings', 'autofocus_points', 'ISO', 'weight', 'resolution', 'long_exposure', 'camera_type', 'preset_modes', 'optical_zoom', 'effects', 'effects', 'sensor_size'], 'CAMERA_2': ['sensor_size', 'resolution'], 'CAMERA_3': ['resolution', 'settings', 'price', 'color', 'ISO']}",C_LEAVES,DOOR,NONE,,FACE_TO_FACE,NONE,S_RETURNS_TO_COUNTER,SERVICE_COUNTER,NONE,,WAITING,NONE,
939,1,NONE,[],"{'CAMERA_1': [], 'CAMERA_2': [], 'CAMERA_3': []}",C_ENTERS,DOOR,NONE,,WAITING,NONE,S_NONE,SERVICE_COUNTER,NONE,,WAITING,NONE,
939,2,NONE,[],"{'CAMERA_1': [], 'CAMERA_2': [], 'CAMERA_3': []}",C_GREETS,MIDDLE,NONE,hi can you help me please,WAITING,NONE,S_GREETS,MIDDLE,NONE,can I help you?,FACE_TO_FACE,NONE,
939,3,CAMERA_3,['CAMERA_3'],"{'CAMERA_1': [], 'CAMERA_2': [], 'CAMERA_3': []}",C_LOOKING_FOR_A_CAMERA,MIDDLE,NONE,nothing fancy I just I'm just looking for the second camera I don't have money,FACE_TO_FACE,NONE,S_INTRODUCES_CAMERA,CAMERA_3,,Let me show you this. Here we have the Fujifilm PowerShot ELPH S2800.,PRESENT_X,CAMERA_3,39~68
939,4,CAMERA_3,['CAMERA_3'],"{'CAMERA_1': [], 'CAMERA_2': [], 'CAMERA_3': ['resolution']}",C_SILENT_OR_BACKCHANNEL,CAMERA_3,NONE,IC,PRESENT_X,CAMERA_3,S_INTRODUCES_FEATURE,CAMERA_3,resolution,This one has 23.2 megapixels resolution.,PRESENT_X,CAMERA_3,13~28
939,5,NONE,['CAMERA_3'],"{'CAMERA_1': [], 'CAMERA_2': [], 'CAMERA_3': ['resolution']}",C_THANK_YOU,CAMERA_3,NONE,ok thanks,PRESENT_X,CAMERA_3,S_THANK_YOU,CAMERA_3,NONE,thank you very much.,FACE_TO_FACE,NONE,
939,6,NONE,['CAMERA_3'],"{'CAMERA_1': [], 'CAMERA_2': [], 'CAMERA_3': ['resolution']}",C_LEAVES,DOOR,NONE,,FACE_TO_FACE,NONE,S_RETURNS_TO_COUNTER,SERVICE_COUNTER,NONE,,WAITING,NONE,
940,1,NONE,[],"{'CAMERA_1': [], 'CAMERA_2': [], 'CAMERA_3': []}",C_ENTERS,DOOR,NONE,,WAITING,NONE,S_NONE,SERVICE_COUNTER,NONE,,WAITING,NONE,
940,2,NONE,[],"{'CAMERA_1': [], 'CAMERA_2': [], 'CAMERA_3': []}",C_WALKS_TO_CAMERA,CAMERA_3,NONE,,WAITING,NONE,S_GREETS,CAMERA_3,NONE,can I help you?,FACE_TO_FACE,NONE,
940,3,CAMERA_1,['CAMERA_1'],"{'CAMERA_1': [], 'CAMERA_2': [], 'CAMERA_3': []}",C_LOOKING_FOR_A_CAMERA,CAMERA_3,NONE,I'm looking for camera to take family pictures,FACE_TO_FACE,NONE,S_INTRODUCES_CAMERA,CAMERA_1,,Let me show you this. Here we have the Sony PowerShot ELPH DMC-ZS3.,PRESENT_X,CAMERA_1,39~66
940,4,CAMERA_1,['CAMERA_1'],"{'CAMERA_1': ['long_exposure'], 'CAMERA_2': [], 'CAMERA_3': []}",C_SILENT_OR_BACKCHANNEL,CAMERA_1,NONE,ok,PRESENT_X,CAMERA_1,S_INTRODUCES_FEATURE,CAMERA_1,long_exposure,This one can take long exposures up to up to 15 seconds with Long Shutter Mode.,PRESENT_X,CAMERA_1,39~78
940,5,CAMERA_1,['CAMERA_1'],"{'CAMERA_1': ['long_exposure', 'sensor_size'], 'CAMERA_2': [], 'CAMERA_3': []}",C_SILENT_OR_BACKCHANNEL,CAMERA_1,NONE,ok is this camera really nice,PRESENT_X,CAMERA_1,S_INTRODUCES_FEATURE,CAMERA_1,sensor_size,This one has a 1/2.3 inch CMOS sensor.,PRESENT_X,CAMERA_1,15~37
940,6,CAMERA_1,['CAMERA_1'],"{'CAMERA_1': ['long_exposure', 'sensor_size', 'color'], 'CAMERA_2': [], 'CAMERA_3': []}",C_QUESTION_ABOUT_FEATURE,CAMERA_1,color,so what about color  I don't have to like this color do you have any kinds of Heaven,PRESENT_X,CAMERA_1,S_ANSWERS_QUESTION_ABOUT_FEATURE,CAMERA_1,color,This one comes in blue or black.,PRESENT_X,CAMERA_1,18~31
940,7,CAMERA_1,['CAMERA_1'],"{'CAMERA_1': ['long_exposure', 'sensor_size', 'color', 'camera_type'], 'CAMERA_2': [], 'CAMERA_3': []}",C_SILENT_OR_BACKCHANNEL,CAMERA_1,NONE,I guess it's a pretty good camera then,PRESENT_X,CAMERA_1,S_INTRODUCES_FEATURE,CAMERA_1,camera_type,This is a DSLR camera.,PRESENT_X,CAMERA_1,10~14
940,8,CAMERA_1,['CAMERA_1'],"{'CAMERA_1': ['long_exposure', 'sensor_size', 'color', 'camera_type', 'optical_zoom'], 'CAMERA_2': [], 'CAMERA_3': []}",C_SILENT_OR_BACKCHANNEL,CAMERA_1,NONE,ok is this camera really nice,PRESENT_X,CAMERA_1,S_INTRODUCES_FEATURE,CAMERA_1,optical_zoom,This one has 21x optical zoom.,PRESENT_X,CAMERA_1,13~29
940,9,CAMERA_1,['CAMERA_1'],"{'CAMERA_1': ['long_exposure', 'sensor_size', 'color', 'camera_type', 'optical_zoom', 'effects'], 'CAMERA_2': [], 'CAMERA_3': []}",C_QUESTION_ABOUT_FEATURE,CAMERA_1,effects,does it have artistic effect lights,PRESENT_X,CAMERA_1,S_ANSWERS_QUESTION_ABOUT_FEATURE,CAMERA_1,effects,"This one has 24 glamor retouch effects (miniature, retro, toy camera, etc.).",PRESENT_X,CAMERA_1,13~75
940,10,CAMERA_1,['CAMERA_1'],"{'CAMERA_1': ['long_exposure', 'sensor_size', 'color', 'camera_type', 'optical_zoom', 'effects', 'weight'], 'CAMERA_2': [], 'CAMERA_3': []}",C_SILENT_OR_BACKCHANNEL,CAMERA_1,NONE,let me see,PRESENT_X,CAMERA_1,S_INTRODUCES_FEATURE,CAMERA_1,weight,This one weighs 800 grams.,PRESENT_X,CAMERA_1,16~25
940,11,NONE,['CAMERA_1'],"{'CAMERA_1': ['long_exposure', 'sensor_size', 'color', 'camera_type', 'optical_zoom', 'effects', 'weight'], 'CAMERA_2': [], 'CAMERA_3': []}",C_THANK_YOU,CAMERA_1,NONE,thank you,PRESENT_X,CAMERA_1,S_THANK_YOU,CAMERA_1,NONE,thank you very much.,FACE_TO_FACE,NONE,
940,12,NONE,['CAMERA_1'],"{'CAMERA_1': ['long_exposure', 'sensor_size', 'color', 'camera_type', 'optical_zoom', 'effects', 'weight'], 'CAMERA_2': [], 'CAMERA_3': []}",C_LEAVES,DOOR,NONE,,FACE_TO_FACE,NONE,S_RETURNS_TO_COUNTER,SERVICE_COUNTER,NONE,,WAITING,NONE,
941,1,NONE,[],"{'CAMERA_1': [], 'CAMERA_2': [], 'CAMERA_3': []}",C_ENTERS,DOOR,NONE,,WAITING,NONE,S_NONE,SERVICE_COUNTER,NONE,,WAITING,NONE,
941,2,NONE,[],"{'CAMERA_1': [], 'CAMERA_2': [], 'CAMERA_3': []}",C_GREETS,MIDDLE,NONE,excuse me,WAITING,NONE,S_GREETS,MIDDLE,NONE,can I help you?,FACE_TO_FACE,NONE,
941,3,CAMERA_2,['CAMERA_2'],"{'CAMERA_1': [], 'CAMERA_2': [], 'CAMERA_3': []}",C_LOOKING_FOR_A_CAMERA,MIDDLE,NONE,it's actually my first time buying a camera so I'm not very sure which is a good one,FACE_TO_FACE,NONE,S_INTRODUCES_CAMERA,CAMERA_2,,Let me show you this. Here we have the Fujifilm Lumix ILC Camera.,PRESENT_X,CAMERA_2,39~64
941,4,CAMERA_2,['CAMERA_2'],"{'CAMERA_1': [], 'CAMERA_2': ['autofocus_points'], 'CAMERA_3': []}",C_QUESTION_ABOUT_FEATURE,CAMERA_2,autofocus_points,Lucinda how does the auto focus points can pass the ball to,PRESENT_X,CAMERA_2,S_NOT_SURE,CAMERA_2,,I'm not really sure about that.,PRESENT_X,CAMERA_2,
941,5,CAMERA_1,"['CAMERA_2', 'CAMERA_1']","{'CAMERA_1': [], 'CAMERA_2': ['autofocus_points'], 'CAMERA_3': []}",C_ANYTHING_ELSE_AVAILABLE,CAMERA_2,NONE,do you have any other cameras like this,PRESENT_X,CAMERA_2,S_INTRODUCES_CAMERA,CAMERA_1,,Let me show you this. Here we have the Sony PowerShot ELPH DMC-ZS3.,PRESENT_X,CAMERA_1,39~66
941,6,CAMERA_1,"['CAMERA_2', 'CAMERA_1']","{'CAMERA_1': ['camera_type'], 'CAMERA_2': ['autofocus_points'], 'CAMERA_3': []}",C_SILENT_OR_BACKCHANNEL,CAMERA_1,NONE,I get,PRESENT_X,CAMERA_1,S_INTRODUCES_FEATURE,CAMERA_1,camera_type,This is a DSLR camera.,PRESENT_X,CAMERA_1,10~14
941,7,CAMERA_1,"['CAMERA_2', 'CAMERA_1']","{'CAMERA_1': ['camera_type', 'effects'], 'CAMERA_2': ['autofocus_points'], 'CAMERA_3': []}",C_QUESTION_ABOUT_FEATURE,CAMERA_1,effects,does it have artistic effect mode,PRESENT_X,CAMERA_1,S_ANSWERS_QUESTION_ABOUT_FEATURE,CAMERA_1,effects,"This one has 24 glamor retouch effects (miniature, retro, toy camera, etc.).",PRESENT_X,CAMERA_1,13~75
941,8,CAMERA_3,"['CAMERA_2', 'CAMERA_1', 'CAMERA_3']","{'CAMERA_1': ['camera_type', 'effects'], 'CAMERA_2': ['autofocus_points'], 'CAMERA_3': []}",C_ANYTHING_ELSE_AVAILABLE,CAMERA_1,NONE,oh I see that's very interesting do you have any other cameras that you can recommend me,PRESENT_X,CAMERA_1,S_INTRODUCES_CAMERA,CAMERA_3,,Let me show you this. Here we have the Fujifilm PowerShot ELPH S2800.,PRESENT_X,CAMERA_3,39~68
941,9,CAMERA_3,"['CAMERA_2', 'CAMERA_1', 'CAMERA_3']","{'CAMERA_1': ['camera_type', 'effects'], 'CAMERA_2': ['autofocus_points'], 'CAMERA_3': ['camera_type']}",C_QUESTION_ABOUT_FEATURE,CAMERA_3,camera_type,what kind of camera is this,PRESENT_X,CAMERA_3,S_ANSWERS_QUESTION_ABOUT_FEATURE,CAMERA_3,camera_type,This is a point and shoot camera.,PRESENT_X,CAMERA_3,10~25
941,10,,"['CAMERA_2', 'CAMERA_1', 'CAMERA_3']","{'CAMERA_1': ['camera_type', 'effects'], 'CAMERA_2': ['autofocus_points'], 'CAMERA_3': ['camera_type']}",C_ANYTHING_ELSE_AVAILABLE,CAMERA_3,NONE,oh I see that's very interesting do you have any other cameras that you can recommend me,PRESENT_X,CAMERA_3,S_THATS_ALL_WE_HAVE_AVAILABLE,CAMERA_3,,That's all we have available at the moment.,PRESENT_X,CAMERA_3,
941,11,NONE,"['CAMERA_2', 'CAMERA_1', 'CAMERA_3']","{'CAMERA_1': ['camera_type', 'effects'], 'CAMERA_2': ['autofocus_points'], 'CAMERA_3': ['camera_type']}",C_THANK_YOU,CAMERA_3,NONE,that's a lot to think about thank you very much have a good afternoon,PRESENT_X,CAMERA_3,S_THANK_YOU,CAMERA_3,NONE,thank you very much.,FACE_TO_FACE,NONE,
941,12,NONE,"['CAMERA_2', 'CAMERA_1', 'CAMERA_3']","{'CAMERA_1': ['camera_type', 'effects'], 'CAMERA_2': ['autofocus_points'], 'CAMERA_3': ['camera_type']}",C_LEAVES,DOOR,NONE,,FACE_TO_FACE,NONE,S_RETURNS_TO_COUNTER,SERVICE_COUNTER,NONE,,WAITING,NONE,
942,1,NONE,[],"{'CAMERA_1': [], 'CAMERA_2': [], 'CAMERA_3': []}",C_ENTERS,DOOR,NONE,,WAITING,NONE,S_NONE,SERVICE_COUNTER,NONE,,WAITING,NONE,
942,2,NONE,[],"{'CAMERA_1': [], 'CAMERA_2': [], 'CAMERA_3': []}",C_WALKS_TO_CAMERA,CAMERA_1,NONE,,WAITING,NONE,S_GREETS,CAMERA_1,NONE,can I help you?,FACE_TO_FACE,NONE,
942,3,CAMERA_2,['CAMERA_2'],"{'CAMERA_1': [], 'CAMERA_2': [], 'CAMERA_3': []}",C_LOOKING_FOR_A_CAMERA,CAMERA_1,NONE,I want to look at your camera,FACE_TO_FACE,NONE,S_INTRODUCES_CAMERA,CAMERA_2,,Let me show you this. Here we have the Fujifilm Lumix ILC Camera.,PRESENT_X,CAMERA_2,39~64
942,4,CAMERA_2,['CAMERA_2'],"{'CAMERA_1': [], 'CAMERA_2': ['weight'], 'CAMERA_3': []}",C_QUESTION_ABOUT_FEATURE,CAMERA_2,weight,it's filled with a lightweight,PRESENT_X,CAMERA_2,S_ANSWERS_QUESTION_ABOUT_FEATURE,CAMERA_2,weight,This one weighs 820 grams.,PRESENT_X,CAMERA_2,16~25
942,5,NONE,['CAMERA_2'],"{'CAMERA_1': [], 'CAMERA_2': ['weight'], 'CAMERA_3': []}",C_THANK_YOU,CAMERA_2,NONE,okay thank you,PRESENT_X,CAMERA_2,S_THANK_YOU,CAMERA_2,NONE,thank you very much.,FACE_TO_FACE,NONE,
942,6,NONE,['CAMERA_2'],"{'CAMERA_1': [], 'CAMERA_2': ['weight'], 'CAMERA_3': []}",C_LEAVES,DOOR,NONE,,FACE_TO_FACE,NONE,S_RETURNS_TO_COUNTER,SERVICE_COUNTER,NONE,,WAITING,NONE,
943,1,NONE,[],"{'CAMERA_1': [], 'CAMERA_2': [], 'CAMERA_3': []}",C_ENTERS,DOOR,NONE,,WAITING,NONE,S_NONE,SERVICE_COUNTER,NONE,,WAITING,NONE,
943,2,NONE,[],"{'CAMERA_1': [], 'CAMERA_2': [], 'CAMERA_3': []}",C_WALKS_TO_CAMERA,CAMERA_2,NONE,,WAITING,NONE,S_GREETS,CAMERA_2,NONE,can I help you?,FACE_TO_FACE,NONE,
943,3,CAMERA_3,['CAMERA_3'],"{'CAMERA_1': [], 'CAMERA_2': [], 'CAMERA_3': []}",C_LOOKING_FOR_A_CAMERA,CAMERA_2,NONE,I'm not alone but I'm looking for something in a fairly decent,FACE_TO_FACE,NONE,S_INTRODUCES_CAMERA,CAMERA_3,,Let me show you this. Here we have the Fujifilm PowerShot ELPH S2800.,PRESENT_X,CAMERA_3,39~68
943,4,CAMERA_3,['CAMERA_3'],"{'CAMERA_1': [], 'CAMERA_2': [], 'CAMERA_3': ['long_exposure']}",C_SILENT_OR_BACKCHANNEL,CAMERA_3,NONE,i see,PRESENT_X,CAMERA_3,S_INTRODUCES_FEATURE,CAMERA_3,long_exposure,This one can take long exposures up to 30 minutes max with bulb mode.,PRESENT_X,CAMERA_3,39~68
943,5,CAMERA_2,"['CAMERA_3', 'CAMERA_2']","{'CAMERA_1': [], 'CAMERA_2': [], 'CAMERA_3': ['long_exposure']}",C_ANYTHING_ELSE_AVAILABLE,CAMERA_3,NONE,oh I see that's very interesting do you have any other cameras that you can recommend me,PRESENT_X,CAMERA_3,S_INTRODUCES_CAMERA,CAMERA_2,,Let me show you this. Here we have the Fujifilm Lumix ILC Camera.,PRESENT_X,CAMERA_2,39~64
943,6,CAMERA_2,"['CAMERA_3', 'CAMERA_2']","{'CAMERA_1': [], 'CAMERA_2': ['resolution'], 'CAMERA_3': ['long_exposure']}",C_SILENT_OR_BACKCHANNEL,CAMERA_2,NONE,this is pretty new does it take good photos,PRESENT_X,CAMERA_2,S_INTRODUCES_FEATURE,CAMERA_2,resolution,This one has 23.8 megapixels resolution.,PRESENT_X,CAMERA_2,13~28
943,7,NONE,"['CAMERA_3', 'CAMERA_2']","{'CAMERA_1': [], 'CAMERA_2': ['resolution'], 'CAMERA_3': ['long_exposure']}",C_THANK_YOU,CAMERA_2,NONE,thank you very much I really appreciate your help have a great day,PRESENT_X,CAMERA_2,S_THANK_YOU,CAMERA_2,NONE,thank you very much.,FACE_TO_FACE,NONE,
943,8,NONE,"['CAMERA_3', 'CAMERA_2']","{'CAMERA_1': [], 'CAMERA_2': ['resolution'], 'CAMERA_3': ['long_exposure']}",C_LEAVES,DOOR,NONE,,FACE_TO_FACE,NONE,S_RETURNS_TO_COUNTER,SERVICE_COUNTER,NONE,,WAITING,NONE,
944,1,NONE,[],"{'CAMERA_1': [], 'CAMERA_2': [], 'CAMERA_3': []}",C_ENTERS,DOOR,NONE,,WAITING,NONE,S_NONE,SERVICE_COUNTER,NONE,,WAITING,NONE,
944,2,NONE,[],"{'CAMERA_1': [], 'CAMERA_2': [], 'CAMERA_3': []}",C_GREETS,MIDDLE,NONE,hi,WAITING,NONE,S_GREETS,MIDDLE,NONE,can I help you?,FACE_TO_FACE,NONE,
944,3,CAMERA_3,['CAMERA_3'],"{'CAMERA_1': [], 'CAMERA_2': [], 'CAMERA_3': []}",C_LOOKING_FOR_A_CAMERA,MIDDLE,NONE,I am looking for a camera with them filters on it,FACE_TO_FACE,NONE,S_INTRODUCES_CAMERA,CAMERA_3,,Let me show you this. Here we have the Fujifilm PowerShot ELPH S2800.,PRESENT_X,CAMERA_3,39~68
944,4,CAMERA_3,['CAMERA_3'],"{'CAMERA_1': [], 'CAMERA_2': [], 'CAMERA_3': ['long_exposure']}",C_QUESTION_ABOUT_FEATURE,CAMERA_3,long_exposure,and exposure,PRESENT_X,CAMERA_3,S_ANSWERS_QUESTION_ABOUT_FEATURE,CAMERA_3,long_exposure,This one can take long exposures up to 30 minutes max with bulb mode.,PRESENT_X,CAMERA_3,39~68
944,5,CAMERA_3,['CAMERA_3'],"{'CAMERA_1': [], 'CAMERA_2': [], 'CAMERA_3': ['long_exposure', 'ISO']}",C_QUESTION_ABOUT_FEATURE,CAMERA_3,ISO,great under how about the ISO,PRESENT_X,CAMERA_3,S_ANSWERS_QUESTION_ABOUT_FEATURE,CAMERA_3,ISO,This one has up to 3200 ISO with little noise.,PRESENT_X,CAMERA_3,13~45
944,6,CAMERA_3,['CAMERA_3'],"{'CAMERA_1': [], 'CAMERA_2': [], 'CAMERA_3': ['long_exposure', 'ISO', 'autofocus_points']}",C_SILENT_OR_BACKCHANNEL,CAMERA_3,NONE,ok,PRESENT_X,CAMERA_3,S_INTRODUCES_FEATURE,CAMERA_3,autofocus_points,This one has 214 autofocus points.,PRESENT_X,CAMERA_3,13~33
944,7,CAMERA_3,['CAMERA_3'],"{'CAMERA_1': [], 'CAMERA_2': [], 'CAMERA_3': ['long_exposure', 'ISO', 'autofocus_points', 'resolution']}",C_SILENT_OR_BACKCHANNEL,CAMERA_3,NONE,that's pretty funky,PRESENT_X,CAMERA_3,S_INTRODUCES_FEATURE,CAMERA_3,resolution,This one has 23.2 megapixels resolution.,PRESENT_X,CAMERA_3,13~28
944,8,NONE,['CAMERA_3'],"{'CAMERA_1': [], 'CAMERA_2': [], 'CAMERA_3': ['long_exposure', 'ISO', 'autofocus_points', 'resolution']}",C_THANK_YOU,CAMERA_3,NONE,okay alright that's good to know thank you thank you thank you very much,PRESENT_X,CAMERA_3,S_THANK_YOU,CAMERA_3,NONE,thank you very much.,FACE_TO_FACE,NONE,
944,9,NONE,['CAMERA_3'],"{'CAMERA_1': [], 'CAMERA_2': [], 'CAMERA_3': ['long_exposure', 'ISO', 'autofocus_points', 'resolution']}",C_LEAVES,DOOR,NONE,,FACE_TO_FACE,NONE,S_RETURNS_TO_COUNTER,SERVICE_COUNTER,NONE,,WAITING,NONE,
945,1,NONE,[],"{'CAMERA_1': [], 'CAMERA_2': [], 'CAMERA_3': []}",C_ENTERS,DOOR,NONE,,WAITING,NONE,S_NONE,SERVICE_COUNTER,NONE,,WAITING,NONE,
945,2,NONE,[],"{'CAMERA_1': [], 'CAMERA_2': [], 'CAMERA_3': []}",C_GREETS,MIDDLE,NONE,excuse me can I ask you a question,WAITING,NONE,S_GREETS,MIDDLE,NONE,can I help you?,FACE_TO_FACE,NONE,
945,3,CAMERA_3,['CAMERA_3'],"{'CAMERA_1': [], 'CAMERA_2': [], 'CAMERA_3': []}",C_LOOKING_FOR_A_CAMERA,MIDDLE,NONE,I'm here to see the cameras I want a new one,FACE_TO_FACE,NONE,S_INTRODUCES_CAMERA,CAMERA_3,,Let me show you this. Here we have the Fujifilm PowerShot ELPH S2800.,PRESENT_X,CAMERA_3,39~68
945,4,CAMERA_3,['CAMERA_3'],"{'CAMERA_1': [], 'CAMERA_2': [], 'CAMERA_3': ['sensor_size']}",C_QUESTION_ABOUT_FEATURE,CAMERA_3,sensor_size,what is this camera sensor size,PRESENT_X,CAMERA_3,S_ANSWERS_QUESTION_ABOUT_FEATURE,CAMERA_3,sensor_size,This one has a full frame.,PRESENT_X,CAMERA_3,15~25
945,5,CAMERA_3,['CAMERA_3'],"{'CAMERA_1': [], 'CAMERA_2': [], 'CAMERA_3': ['sensor_size', 'camera_type']}",C_QUESTION_ABOUT_FEATURE,CAMERA_3,camera_type,is this a point and shoot camera,PRESENT_X,CAMERA_3,S_ANSWERS_QUESTION_ABOUT_FEATURE,CAMERA_3,camera_type,This is a point and shoot camera.,PRESENT_X,CAMERA_3,10~25
945,6,CAMERA_3,['CAMERA_3'],"{'CAMERA_1': [], 'CAMERA_2': [], 'CAMERA_3': ['sensor_size', 'camera_type', 'resolution']}",C_SILENT_OR_BACKCHANNEL,CAMERA_3,NONE,ok,PRESENT_X,CAMERA_3,S_INTRODUCES_FEATURE,CAMERA_3,resolution,This one has 23.2 megapixels resolution.,PRESENT_X,CAMERA_3,13~28
945,7,CAMERA_3,['CAMERA_3'],"{'CAMERA_1': [], 'CAMERA_2': [], 'CAMERA_3': ['sensor_size', 'camera_type', 'resolution', 'color']}",C_QUESTION_ABOUT_FEATURE,CAMERA_3,color,what colors does this one come in,PRESENT_X,CAMERA_3,S_ANSWERS_QUESTION_ABOUT_FEATURE,CAMERA_3,color,"This one comes in purple, white, silver, blue, red, or pink.",PRESENT_X,CAMERA_3,18~59
945,8,CAMERA_3,['CAMERA_3'],"{'CAMERA_1': [], 'CAMERA_2': [], 'CAMERA_3': ['sensor_size', 'camera_type', 'resolution', 'color', 'effects']}",C_QUESTION_ABOUT_FEATURE,CAMERA_3,effects,does it have any effect modes,PRESENT_X,CAMERA_3,S_ANSWERS_QUESTION_ABOUT_FEATURE,CAMERA_3,effects,"This one has 21 photo effects (small face, retro, big eyes, etc.).",PRESENT_X,CAMERA_3,13~65
945,9,CAMERA_3,['CAMERA_3'],"{'CAMERA_1': [], 'CAMERA_2': [], 'CAMERA_3': ['sensor_size', 'camera_type', 'resolution', 'color', 'effects', 'price']}",C_QUESTION_ABOUT_FEATURE,CAMERA_3,price,how much is this camera,PRESENT_X,CAMERA_3,S_ANSWERS_QUESTION_ABOUT_FEATURE,CAMERA_3,price,This one costs $518.,PRESENT_X,CAMERA_3,15~19
945,10,CAMERA_1,"['CAMERA_3', 'CAMERA_1']","{'CAMERA_1': [], 'CAMERA_2': [], 'CAMERA_3': ['sensor_size', 'camera_type', 'resolution', 'color', 'effects', 'price']}",C_ANYTHING_ELSE_AVAILABLE,CAMERA_3,NONE,that's good that's okay I like it when do you have other models in this area,PRESENT_X,CAMERA_3,S_INTRODUCES_CAMERA,CAMERA_1,,Let me show you this. Here we have the Sony PowerShot ELPH DMC-ZS3.,PRESENT_X,CAMERA_1,39~66
945,11,CAMERA_1,"['CAMERA_3', 'CAMERA_1']","{'CAMERA_1': ['sensor_size'], 'CAMERA_2': [], 'CAMERA_3': ['sensor_size', 'camera_type', 'resolution', 'color', 'effects', 'price']}",C_QUESTION_ABOUT_FEATURE,CAMERA_1,sensor_size,this camera looks quite heavy compared to the smaller ones but how big is the sensor on it,PRESENT_X,CAMERA_1,S_ANSWERS_QUESTION_ABOUT_FEATURE,CAMERA_1,sensor_size,This one has a 1/2.3 inch CMOS sensor.,PRESENT_X,CAMERA_1,15~37
945,12,CAMERA_1,"['CAMERA_3', 'CAMERA_1']","{'CAMERA_1': ['sensor_size', 'autofocus_points'], 'CAMERA_2': [], 'CAMERA_3': ['sensor_size', 'camera_type', 'resolution', 'color', 'effects', 'price']}",C_QUESTION_ABOUT_FEATURE,CAMERA_1,autofocus_points,what about the auto focus points,PRESENT_X,CAMERA_1,S_ANSWERS_QUESTION_ABOUT_FEATURE,CAMERA_1,autofocus_points,This one has 135 autofocus points.,PRESENT_X,CAMERA_1,13~33
945,13,CAMERA_1,"['CAMERA_3', 'CAMERA_1']","{'CAMERA_1': ['sensor_size', 'autofocus_points', 'long_exposure'], 'CAMERA_2': [], 'CAMERA_3': ['sensor_size', 'camera_type', 'resolution', 'color', 'effects', 'price']}",C_SILENT_OR_BACKCHANNEL,CAMERA_1,NONE,okay I say it,PRESENT_X,CAMERA_1,S_INTRODUCES_FEATURE,CAMERA_1,long_exposure,This one can take long exposures up to up to 15 seconds with Long Shutter Mode.,PRESENT_X,CAMERA_1,39~78
945,14,NONE,"['CAMERA_3', 'CAMERA_1']","{'CAMERA_1': ['sensor_size', 'autofocus_points', 'long_exposure'], 'CAMERA_2': [], 'CAMERA_3': ['sensor_size', 'camera_type', 'resolution', 'color', 'effects', 'price']}",C_THANK_YOU,CAMERA_1,NONE,thank you,PRESENT_X,CAMERA_1,S_THANK_YOU,CAMERA_1,NONE,thank you very much.,FACE_TO_FACE,NONE,
945,15,NONE,"['CAMERA_3', 'CAMERA_1']","{'CAMERA_1': ['sensor_size', 'autofocus_points', 'long_exposure'], 'CAMERA_2': [], 'CAMERA_3': ['sensor_size', 'camera_type', 'resolution', 'color', 'effects', 'price']}",C_LEAVES,DOOR,NONE,,FACE_TO_FACE,NONE,S_RETURNS_TO_COUNTER,SERVICE_COUNTER,NONE,,WAITING,NONE,
946,1,NONE,[],"{'CAMERA_1': [], 'CAMERA_2': [], 'CAMERA_3': []}",C_ENTERS,DOOR,NONE,,WAITING,NONE,S_NONE,SERVICE_COUNTER,NONE,,WAITING,NONE,
946,2,NONE,[],"{'CAMERA_1': [], 'CAMERA_2': [], 'CAMERA_3': []}",C_GREETS,MIDDLE,NONE,hello,WAITING,NONE,S_GREETS,MIDDLE,NONE,can I help you?,FACE_TO_FACE,NONE,
946,3,CAMERA_1,['CAMERA_1'],"{'CAMERA_1': [], 'CAMERA_2': [], 'CAMERA_3': []}",C_LOOKING_FOR_A_CAMERA,MIDDLE,NONE,hi good afternoon I'm looking for a camera for my next trip to Singapore can you help me with that,FACE_TO_FACE,NONE,S_INTRODUCES_CAMERA,CAMERA_1,,Let me show you this. Here we have the Sony PowerShot ELPH DMC-ZS3.,PRESENT_X,CAMERA_1,39~66
946,4,CAMERA_1,['CAMERA_1'],"{'CAMERA_1': ['sensor_size'], 'CAMERA_2': [], 'CAMERA_3': []}",C_QUESTION_ABOUT_FEATURE,CAMERA_1,sensor_size,what is the sensor size,PRESENT_X,CAMERA_1,S_ANSWERS_QUESTION_ABOUT_FEATURE,CAMERA_1,sensor_size,This one has a 1/2.3 inch CMOS sensor.,PRESENT_X,CAMERA_1,15~37
946,5,CAMERA_1,['CAMERA_1'],"{'CAMERA_1': ['sensor_size', 'autofocus_points'], 'CAMERA_2': [], 'CAMERA_3': []}",C_QUESTION_ABOUT_FEATURE,CAMERA_1,autofocus_points,does it have autofocus points,PRESENT_X,CAMERA_1,S_ANSWERS_QUESTION_ABOUT_FEATURE,CAMERA_1,autofocus_points,This one has 135 autofocus points.,PRESENT_X,CAMERA_1,13~33
946,6,CAMERA_1,['CAMERA_1'],"{'CAMERA_1': ['sensor_size', 'autofocus_points', 'color'], 'CAMERA_2': [], 'CAMERA_3': []}",C_QUESTION_ABOUT_FEATURE,CAMERA_1,color,tell me what color is this one comes in,PRESENT_X,CAMERA_1,S_ANSWERS_QUESTION_ABOUT_FEATURE,CAMERA_1,color,This one comes in blue or black.,PRESENT_X,CAMERA_1,18~31
946,7,CAMERA_1,['CAMERA_1'],"{'CAMERA_1': ['sensor_size', 'autofocus_points', 'color', 'resolution'], 'CAMERA_2': [], 'CAMERA_3': []}",C_SILENT_OR_BACKCHANNEL,CAMERA_1,NONE,I say,PRESENT_X,CAMERA_1,S_INTRODUCES_FEATURE,CAMERA_1,resolution,This one has 17.8 megapixels resolution.,PRESENT_X,CAMERA_1,13~28
946,8,CAMERA_1,['CAMERA_1'],"{'CAMERA_1': ['sensor_size', 'autofocus_points', 'color', 'resolution', 'camera_type'], 'CAMERA_2': [], 'CAMERA_3': []}",C_SILENT_OR_BACKCHANNEL,CAMERA_1,NONE,ok,PRESENT_X,CAMERA_1,S_INTRODUCES_FEATURE,CAMERA_1,camera_type,This is a DSLR camera.,PRESENT_X,CAMERA_1,10~14
946,9,CAMERA_1,['CAMERA_1'],"{'CAMERA_1': ['sensor_size', 'autofocus_points', 'color', 'resolution', 'camera_type', 'effects'], 'CAMERA_2': [], 'CAMERA_3': []}",C_SILENT_OR_BACKCHANNEL,CAMERA_1,NONE,ok let's see,PRESENT_X,CAMERA_1,S_INTRODUCES_FEATURE,CAMERA_1,effects,"This one has 24 glamor retouch effects (miniature, retro, toy camera, etc.).",PRESENT_X,CAMERA_1,13~75
946,10,CAMERA_3,"['CAMERA_1', 'CAMERA_3']","{'CAMERA_1': ['sensor_size', 'autofocus_points', 'color', 'resolution', 'camera_type', 'effects'], 'CAMERA_2': [], 'CAMERA_3': []}",C_ANYTHING_ELSE_AVAILABLE,CAMERA_1,NONE,I see do you have any other options that you can show me,PRESENT_X,CAMERA_1,S_INTRODUCES_CAMERA,CAMERA_3,,Let me show you this. Here we have the Fujifilm PowerShot ELPH S2800.,PRESENT_X,CAMERA_3,39~68
946,11,CAMERA_3,"['CAMERA_1', 'CAMERA_3']","{'CAMERA_1': ['sensor_size', 'autofocus_points', 'color', 'resolution', 'camera_type', 'effects'], 'CAMERA_2': [], 'CAMERA_3': ['long_exposure']}",C_QUESTION_ABOUT_FEATURE,CAMERA_3,long_exposure,how about the exposure for this is it able to be exposed long,PRESENT_X,CAMERA_3,S_ANSWERS_QUESTION_ABOUT_FEATURE,CAMERA_3,long_exposure,This one can take long exposures up to 30 minutes max with bulb mode.,PRESENT_X,CAMERA_3,39~68
946,12,CAMERA_3,"['CAMERA_1', 'CAMERA_3']","{'CAMERA_1': ['sensor_size', 'autofocus_points', 'color', 'resolution', 'camera_type', 'effects'], 'CAMERA_2': [], 'CAMERA_3': ['long_exposure', 'settings']}",C_QUESTION_ABOUT_FEATURE,CAMERA_3,settings,I mainly shoot in manual mode is that capable,PRESENT_X,CAMERA_3,S_ANSWERS_QUESTION_ABOUT_FEATURE,CAMERA_3,settings,"This one has manual control and various automatic settings (video modeburst shooting, etc.).",PRESENT_X,CAMERA_3,13~91
946,13,CAMERA_2,"['CAMERA_1', 'CAMERA_3', 'CAMERA_2']","{'CAMERA_1': ['sensor_size', 'autofocus_points', 'color', 'resolution', 'camera_type', 'effects'], 'CAMERA_2': [], 'CAMERA_3': ['long_exposure', 'settings']}",C_ANYTHING_ELSE_AVAILABLE,CAMERA_3,NONE,ok do you have any other cameras,PRESENT_X,CAMERA_3,S_INTRODUCES_CAMERA,CAMERA_2,,Let me show you this. Here we have the Fujifilm Lumix ILC Camera.,PRESENT_X,CAMERA_2,39~64
946,14,CAMERA_2,"['CAMERA_1', 'CAMERA_3', 'CAMERA_2']","{'CAMERA_1': ['sensor_size', 'autofocus_points', 'color', 'resolution', 'camera_type', 'effects'], 'CAMERA_2': ['price'], 'CAMERA_3': ['long_exposure', 'settings']}",C_QUESTION_ABOUT_FEATURE,CAMERA_2,price,what is the price of this camera,PRESENT_X,CAMERA_2,S_ANSWERS_QUESTION_ABOUT_FEATURE,CAMERA_2,price,This one costs $768.,PRESENT_X,CAMERA_2,15~19
946,15,CAMERA_2,"['CAMERA_1', 'CAMERA_3', 'CAMERA_2']","{'CAMERA_1': ['sensor_size', 'autofocus_points', 'color', 'resolution', 'camera_type', 'effects'], 'CAMERA_2': ['price', 'long_exposure'], 'CAMERA_3': ['long_exposure', 'settings']}",C_SILENT_OR_BACKCHANNEL,CAMERA_2,NONE,yeah that's right this is very nice,PRESENT_X,CAMERA_2,S_INTRODUCES_FEATURE,CAMERA_2,long_exposure,This one can take long exposures up to 60 minutes max with bulb mode.,PRESENT_X,CAMERA_2,39~68
946,16,CAMERA_2,"['CAMERA_1', 'CAMERA_3', 'CAMERA_2']","{'CAMERA_1': ['sensor_size', 'autofocus_points', 'color', 'resolution', 'camera_type', 'effects'], 'CAMERA_2': ['price', 'long_exposure', 'camera_type'], 'CAMERA_3': ['long_exposure', 'settings']}",C_QUESTION_ABOUT_FEATURE,CAMERA_2,camera_type,is this a DSLR camera,PRESENT_X,CAMERA_2,S_ANSWERS_QUESTION_ABOUT_FEATURE,CAMERA_2,camera_type,This is a digital single lens mirrorless camera.,PRESENT_X,CAMERA_2,10~40
946,17,CAMERA_2,"['CAMERA_1', 'CAMERA_3', 'CAMERA_2']","{'CAMERA_1': ['sensor_size', 'autofocus_points', 'color', 'resolution', 'camera_type', 'effects'], 'CAMERA_2': ['price', 'long_exposure', 'camera_type', 'settings'], 'CAMERA_3': ['long_exposure', 'settings']}",C_SILENT_OR_BACKCHANNEL,CAMERA_2,NONE,IC,PRESENT_X,CAMERA_2,S_INTRODUCES_FEATURE,CAMERA_2,settings,"This one has manual control and various automatic settings (video modeburst shooting, etc.).",PRESENT_X,CAMERA_2,13~91
946,18,CAMERA_2,"['CAMERA_1', 'CAMERA_3', 'CAMERA_2']","{'CAMERA_1': ['sensor_size', 'autofocus_points', 'color', 'resolution', 'camera_type', 'effects'], 'CAMERA_2': ['price', 'long_exposure', 'camera_type', 'settings', 'optical_zoom'], 'CAMERA_3': ['long_exposure', 'settings']}",C_SILENT_OR_BACKCHANNEL,CAMERA_2,NONE,IC,PRESENT_X,CAMERA_2,S_INTRODUCES_FEATURE,CAMERA_2,optical_zoom,This one has 21x optical zoom.,PRESENT_X,CAMERA_2,13~29
946,19,CAMERA_2,"['CAMERA_1', 'CAMERA_3', 'CAMERA_2']","{'CAMERA_1': ['sensor_size', 'autofocus_points', 'color', 'resolution', 'camera_type', 'effects'], 'CAMERA_2': ['price', 'long_exposure', 'camera_type', 'settings', 'optical_zoom', 'effects'], 'CAMERA_3': ['long_exposure', 'settings']}",C_QUESTION_ABOUT_FEATURE,CAMERA_2,effects,what other effects does it have,PRESENT_X,CAMERA_2,S_ANSWERS_QUESTION_ABOUT_FEATURE,CAMERA_2,effects,"This one has 24 artistic effect modes (retro, lighter or darker skin tones, sepia, etc.).",PRESENT_X,CAMERA_2,13~88
946,20,CAMERA_2,"['CAMERA_1', 'CAMERA_3', 'CAMERA_2']","{'CAMERA_1': ['sensor_size', 'autofocus_points', 'color', 'resolution', 'camera_type', 'effects'], 'CAMERA_2': ['price', 'long_exposure', 'camera_type', 'settings', 'optical_zoom', 'effects', 'ISO'], 'CAMERA_3': ['long_exposure', 'settings']}",C_QUESTION_ABOUT_FEATURE,CAMERA_2,ISO,So 3200 ISO is not half as good as 6400,PRESENT_X,CAMERA_2,S_NOT_SURE,CAMERA_2,,I'm not really sure about that.,PRESENT_X,CAMERA_2,
946,21,CAMERA_2,"['CAMERA_1', 'CAMERA_3', 'CAMERA_2']","{'CAMERA_1': ['sensor_size', 'autofocus_points', 'color', 'resolution', 'camera_type', 'effects'], 'CAMERA_2': ['price', 'long_exposure', 'camera_type', 'settings', 'optical_zoom', 'effects', 'ISO', 'color'], 'CAMERA_3': ['long_exposure', 'settings']}",C_QUESTION_ABOUT_FEATURE,CAMERA_2,color,does it come in other color option,PRESENT_X,CAMERA_2,S_ANSWERS_QUESTION_ABOUT_FEATURE,CAMERA_2,color,This one comes in white or pink.,PRESENT_X,CAMERA_2,18~31
946,22,CAMERA_2,"['CAMERA_1', 'CAMERA_3', 'CAMERA_2']","{'CAMERA_1': ['sensor_size', 'autofocus_points', 'color', 'resolution', 'camera_type', 'effects'], 'CAMERA_2': ['price', 'long_exposure', 'camera_type', 'settings', 'optical_zoom', 'effects', 'ISO', 'color', 'weight'], 'CAMERA_3': ['long_exposure', 'settings']}",C_QUESTION_ABOUT_FEATURE,CAMERA_2,weight,and what is the weight of the body of this tomorrow,PRESENT_X,CAMERA_2,S_ANSWERS_QUESTION_ABOUT_FEATURE,CAMERA_2,weight,This one weighs 820 grams.,PRESENT_X,CAMERA_2,16~25
946,23,CAMERA_2,"['CAMERA_1', 'CAMERA_3', 'CAMERA_2']","{'CAMERA_1': ['sensor_size', 'autofocus_points', 'color', 'resolution', 'camera_type', 'effects'], 'CAMERA_2': ['price', 'long_exposure', 'camera_type', 'settings', 'optical_zoom', 'effects', 'ISO', 'color', 'weight', 'resolution'], 'CAMERA_3': ['long_exposure', 'settings']}",C_QUESTION_ABOUT_FEATURE,CAMERA_2,resolution,how many megapixels is this camera,PRESENT_X,CAMERA_2,S_ANSWERS_QUESTION_ABOUT_FEATURE,CAMERA_2,resolution,This one has 23.8 megapixels resolution.,PRESENT_X,CAMERA_2,13~28
946,24,CAMERA_2,"['CAMERA_1', 'CAMERA_3', 'CAMERA_2']","{'CAMERA_1': ['sensor_size', 'autofocus_points', 'color', 'resolution', 'camera_type', 'effects'], 'CAMERA_2': ['price', 'long_exposure', 'camera_type', 'settings', 'optical_zoom', 'effects', 'ISO', 'color', 'weight', 'resolution', 'sensor_size'], 'CAMERA_3': ['long_exposure', 'settings']}",C_QUESTION_ABOUT_FEATURE,CAMERA_2,sensor_size,is this camera fully automatic,PRESENT_X,CAMERA_2,S_ANSWERS_QUESTION_ABOUT_FEATURE,CAMERA_2,sensor_size,This one has a 1/2.33 inch sensor.,PRESENT_X,CAMERA_2,15~33
946,25,,"['CAMERA_1', 'CAMERA_3', 'CAMERA_2']","{'CAMERA_1': ['sensor_size', 'autofocus_points', 'color', 'resolution', 'camera_type', 'effects'], 'CAMERA_2': ['price', 'long_exposure', 'camera_type', 'settings', 'optical_zoom', 'effects', 'ISO', 'color', 'weight', 'resolution', 'sensor_size'], 'CAMERA_3': ['long_exposure', 'settings']}",C_ANYTHING_ELSE_AVAILABLE,CAMERA_2,NONE,ok do you have any other cameras that can just look at,PRESENT_X,CAMERA_2,S_THATS_ALL_WE_HAVE_AVAILABLE,CAMERA_2,,That's all we have available at the moment.,PRESENT_X,CAMERA_2,
946,26,NONE,"['CAMERA_1', 'CAMERA_3', 'CAMERA_2']","{'CAMERA_1': ['sensor_size', 'autofocus_points', 'color', 'resolution', 'camera_type', 'effects'], 'CAMERA_2': ['price', 'long_exposure', 'camera_type', 'settings', 'optical_zoom', 'effects', 'ISO', 'color', 'weight', 'resolution', 'sensor_size'], 'CAMERA_3': ['long_exposure', 'settings']}",C_THANK_YOU,CAMERA_2,NONE,thanks goodbye,PRESENT_X,CAMERA_2,S_THANK_YOU,CAMERA_2,NONE,thank you very much.,FACE_TO_FACE,NONE,
946,27,NONE,"['CAMERA_1', 'CAMERA_3', 'CAMERA_2']","{'CAMERA_1': ['sensor_size', 'autofocus_points', 'color', 'resolution', 'camera_type', 'effects'], 'CAMERA_2': ['price', 'long_exposure', 'camera_type', 'settings', 'optical_zoom', 'effects', 'ISO', 'color', 'weight', 'resolution', 'sensor_size'], 'CAMERA_3': ['long_exposure', 'settings']}",C_LEAVES,DOOR,NONE,,FACE_TO_FACE,NONE,S_RETURNS_TO_COUNTER,SERVICE_COUNTER,NONE,,WAITING,NONE,
947,1,NONE,[],"{'CAMERA_1': [], 'CAMERA_2': [], 'CAMERA_3': []}",C_ENTERS,DOOR,NONE,,WAITING,NONE,S_NONE,SERVICE_COUNTER,NONE,,WAITING,NONE,
947,2,NONE,[],"{'CAMERA_1': [], 'CAMERA_2': [], 'CAMERA_3': []}",C_WALKS_TO_CAMERA,CAMERA_2,NONE,,WAITING,NONE,S_GREETS,CAMERA_2,NONE,can I help you?,FACE_TO_FACE,NONE,
947,3,CAMERA_1,['CAMERA_1'],"{'CAMERA_1': [], 'CAMERA_2': [], 'CAMERA_3': []}",C_LOOKING_FOR_A_CAMERA,CAMERA_2,NONE,yeah actually I did but I am looking for a better one,FACE_TO_FACE,NONE,S_INTRODUCES_CAMERA,CAMERA_1,,Let me show you this. Here we have the Sony PowerShot ELPH DMC-ZS3.,PRESENT_X,CAMERA_1,39~66
947,4,CAMERA_1,['CAMERA_1'],"{'CAMERA_1': ['price'], 'CAMERA_2': [], 'CAMERA_3': []}",C_SILENT_OR_BACKCHANNEL,CAMERA_1,NONE,I say so,PRESENT_X,CAMERA_1,S_INTRODUCES_FEATURE,CAMERA_1,price,This one costs $450.,PRESENT_X,CAMERA_1,15~19
947,5,CAMERA_1,['CAMERA_1'],"{'CAMERA_1': ['price', 'resolution'], 'CAMERA_2': [], 'CAMERA_3': []}",C_SILENT_OR_BACKCHANNEL,CAMERA_1,NONE,oh that's not bad,PRESENT_X,CAMERA_1,S_INTRODUCES_FEATURE,CAMERA_1,resolution,This one has 17.8 megapixels resolution.,PRESENT_X,CAMERA_1,13~28
947,6,CAMERA_2,"['CAMERA_1', 'CAMERA_2']","{'CAMERA_1': ['price', 'resolution'], 'CAMERA_2': [], 'CAMERA_3': []}",C_ANYTHING_ELSE_AVAILABLE,CAMERA_1,NONE,So this is the only model you have in your shop,PRESENT_X,CAMERA_1,S_INTRODUCES_CAMERA,CAMERA_2,,Let me show you this. Here we have the Fujifilm Lumix ILC Camera.,PRESENT_X,CAMERA_2,39~64
947,7,CAMERA_2,"['CAMERA_1', 'CAMERA_2']","{'CAMERA_1': ['price', 'resolution'], 'CAMERA_2': ['effects'], 'CAMERA_3': []}",C_SILENT_OR_BACKCHANNEL,CAMERA_2,NONE,ok,PRESENT_X,CAMERA_2,S_INTRODUCES_FEATURE,CAMERA_2,effects,"This one has 24 artistic effect modes (retro, lighter or darker skin tones, sepia, etc.).",PRESENT_X,CAMERA_2,13~88
947,8,NONE,"['CAMERA_1', 'CAMERA_2']","{'CAMERA_1': ['price', 'resolution'], 'CAMERA_2': ['effects'], 'CAMERA_3': []}",C_THANK_YOU,CAMERA_2,NONE,okay okay well thank you very much for your help,PRESENT_X,CAMERA_2,S_THANK_YOU,CAMERA_2,NONE,thank you very much.,FACE_TO_FACE,NONE,
947,9,NONE,"['CAMERA_1', 'CAMERA_2']","{'CAMERA_1': ['price', 'resolution'], 'CAMERA_2': ['effects'], 'CAMERA_3': []}",C_LEAVES,DOOR,NONE,,FACE_TO_FACE,NONE,S_RETURNS_TO_COUNTER,SERVICE_COUNTER,NONE,,WAITING,NONE,
948,1,NONE,[],"{'CAMERA_1': [], 'CAMERA_2': [], 'CAMERA_3': []}",C_ENTERS,DOOR,NONE,,WAITING,NONE,S_NONE,SERVICE_COUNTER,NONE,,WAITING,NONE,
948,2,NONE,[],"{'CAMERA_1': [], 'CAMERA_2': [], 'CAMERA_3': []}",C_WALKS_TO_CAMERA,CAMERA_2,NONE,,WAITING,NONE,S_GREETS,CAMERA_2,NONE,can I help you?,FACE_TO_FACE,NONE,
948,3,CAMERA_2,['CAMERA_2'],"{'CAMERA_1': [], 'CAMERA_2': [], 'CAMERA_3': []}",C_LOOKING_FOR_A_CAMERA,CAMERA_2,NONE,I'm looking to upgrade my old camera for one with a higher ISO,FACE_TO_FACE,NONE,S_INTRODUCES_CAMERA,CAMERA_2,,Let me show you this. Here we have the Fujifilm Lumix ILC Camera.,PRESENT_X,CAMERA_2,39~64
948,4,CAMERA_2,['CAMERA_2'],"{'CAMERA_1': [], 'CAMERA_2': ['sensor_size'], 'CAMERA_3': []}",C_SILENT_OR_BACKCHANNEL,CAMERA_2,NONE,okay,PRESENT_X,CAMERA_2,S_INTRODUCES_FEATURE,CAMERA_2,sensor_size,This one has a 1/2.33 inch sensor.,PRESENT_X,CAMERA_2,15~33
948,5,NONE,['CAMERA_2'],"{'CAMERA_1': [], 'CAMERA_2': ['sensor_size'], 'CAMERA_3': []}",C_THANK_YOU,CAMERA_2,NONE,thanks,PRESENT_X,CAMERA_2,S_THANK_YOU,CAMERA_2,NONE,thank you very much.,FACE_TO_FACE,NONE,
948,6,NONE,['CAMERA_2'],"{'CAMERA_1': [], 'CAMERA_2': ['sensor_size'], 'CAMERA_3': []}",C_LEAVES,DOOR,NONE,,FACE_TO_FACE,NONE,S_RETURNS_TO_COUNTER,SERVICE_COUNTER,NONE,,WAITING,NONE,
949,1,NONE,[],"{'CAMERA_1': [], 'CAMERA_2': [], 'CAMERA_3': []}",C_ENTERS,DOOR,NONE,,WAITING,NONE,S_NONE,SERVICE_COUNTER,NONE,,WAITING,NONE,
949,2,NONE,[],"{'CAMERA_1': [], 'CAMERA_2': [], 'CAMERA_3': []}",C_GREETS,MIDDLE,NONE,excuse me,WAITING,NONE,S_GREETS,MIDDLE,NONE,can I help you?,FACE_TO_FACE,NONE,
949,3,CAMERA_1,['CAMERA_1'],"{'CAMERA_1': [], 'CAMERA_2': [], 'CAMERA_3': []}",C_LOOKING_FOR_A_CAMERA,MIDDLE,NONE,hello I just want to take a look at your camera,FACE_TO_FACE,NONE,S_INTRODUCES_CAMERA,CAMERA_1,,Let me show you this. Here we have the Sony PowerShot ELPH DMC-ZS3.,PRESENT_X,CAMERA_1,39~66
949,4,CAMERA_1,['CAMERA_1'],"{'CAMERA_1': ['optical_zoom'], 'CAMERA_2': [], 'CAMERA_3': []}",C_QUESTION_ABOUT_FEATURE,CAMERA_1,optical_zoom,how about the ability of fight for the zoom how much is optical zoom for this camera,PRESENT_X,CAMERA_1,S_ANSWERS_QUESTION_ABOUT_FEATURE,CAMERA_1,optical_zoom,This one has 21x optical zoom.,PRESENT_X,CAMERA_1,13~29
949,5,CAMERA_1,['CAMERA_1'],"{'CAMERA_1': ['optical_zoom', 'sensor_size'], 'CAMERA_2': [], 'CAMERA_3': []}",C_SILENT_OR_BACKCHANNEL,CAMERA_1,NONE,very nice what colors does it come,PRESENT_X,CAMERA_1,S_INTRODUCES_FEATURE,CAMERA_1,sensor_size,This one has a 1/2.3 inch CMOS sensor.,PRESENT_X,CAMERA_1,15~37
949,6,CAMERA_1,['CAMERA_1'],"{'CAMERA_1': ['optical_zoom', 'sensor_size', 'price'], 'CAMERA_2': [], 'CAMERA_3': []}",C_QUESTION_ABOUT_FEATURE,CAMERA_1,price,550 is kind of expensive,PRESENT_X,CAMERA_1,S_ANSWERS_QUESTION_ABOUT_FEATURE,CAMERA_1,price,This one costs $450.,PRESENT_X,CAMERA_1,15~19
949,7,NONE,['CAMERA_1'],"{'CAMERA_1': ['optical_zoom', 'sensor_size', 'price'], 'CAMERA_2': [], 'CAMERA_3': []}",C_THANK_YOU,CAMERA_1,NONE,I see thanks for your help,PRESENT_X,CAMERA_1,S_THANK_YOU,CAMERA_1,NONE,thank you very much.,FACE_TO_FACE,NONE,
949,8,NONE,['CAMERA_1'],"{'CAMERA_1': ['optical_zoom', 'sensor_size', 'price'], 'CAMERA_2': [], 'CAMERA_3': []}",C_LEAVES,DOOR,NONE,,FACE_TO_FACE,NONE,S_RETURNS_TO_COUNTER,SERVICE_COUNTER,NONE,,WAITING,NONE,
950,1,NONE,[],"{'CAMERA_1': [], 'CAMERA_2': [], 'CAMERA_3': []}",C_ENTERS,DOOR,NONE,,WAITING,NONE,S_NONE,SERVICE_COUNTER,NONE,,WAITING,NONE,
950,2,NONE,[],"{'CAMERA_1': [], 'CAMERA_2': [], 'CAMERA_3': []}",C_WALKS_TO_CAMERA,CAMERA_1,NONE,,WAITING,NONE,S_GREETS,CAMERA_1,NONE,can I help you?,FACE_TO_FACE,NONE,
950,3,CAMERA_1,['CAMERA_1'],"{'CAMERA_1': [], 'CAMERA_2': [], 'CAMERA_3': []}",C_LOOKING_FOR_A_CAMERA,CAMERA_1,NONE,hi good afternoon I'm looking for a camera for my son just graduated from school and I would like to buy him a new camera,FACE_TO_FACE,NONE,S_INTRODUCES_CAMERA,CAMERA_1,,Let me show you this. Here we have the Sony PowerShot ELPH DMC-ZS3.,PRESENT_X,CAMERA_1,39~66
950,4,CAMERA_1,['CAMERA_1'],"{'CAMERA_1': ['weight'], 'CAMERA_2': [], 'CAMERA_3': []}",C_QUESTION_ABOUT_FEATURE,CAMERA_1,weight,how heavy does it weigh,PRESENT_X,CAMERA_1,S_ANSWERS_QUESTION_ABOUT_FEATURE,CAMERA_1,weight,This one weighs 800 grams.,PRESENT_X,CAMERA_1,16~25
950,5,CAMERA_1,['CAMERA_1'],"{'CAMERA_1': ['weight', 'camera_type'], 'CAMERA_2': [], 'CAMERA_3': []}",C_QUESTION_ABOUT_FEATURE,CAMERA_1,camera_type,is this a DSLR camera,PRESENT_X,CAMERA_1,S_ANSWERS_QUESTION_ABOUT_FEATURE,CAMERA_1,camera_type,This is a DSLR camera.,PRESENT_X,CAMERA_1,10~14
950,6,CAMERA_1,['CAMERA_1'],"{'CAMERA_1': ['weight', 'camera_type', 'autofocus_points'], 'CAMERA_2': [], 'CAMERA_3': []}",C_SILENT_OR_BACKCHANNEL,CAMERA_1,NONE,great sounds like a great camera,PRESENT_X,CAMERA_1,S_INTRODUCES_FEATURE,CAMERA_1,autofocus_points,This one has 135 autofocus points.,PRESENT_X,CAMERA_1,13~33
950,7,CAMERA_2,"['CAMERA_1', 'CAMERA_2']","{'CAMERA_1': ['weight', 'camera_type', 'autofocus_points'], 'CAMERA_2': [], 'CAMERA_3': []}",C_ANYTHING_ELSE_AVAILABLE,CAMERA_1,NONE,can you recommend another camera similar to this,PRESENT_X,CAMERA_1,S_INTRODUCES_CAMERA,CAMERA_2,,Let me show you this. Here we have the Fujifilm Lumix ILC Camera.,PRESENT_X,CAMERA_2,39~64
950,8,CAMERA_2,"['CAMERA_1', 'CAMERA_2']","{'CAMERA_1': ['weight', 'camera_type', 'autofocus_points'], 'CAMERA_2': ['resolution'], 'CAMERA_3': []}",C_QUESTION_ABOUT_FEATURE,CAMERA_2,resolution,its so so but the resolution is not good I'm looking for something with better megapixels,PRESENT_X,CAMERA_2,S_ANSWERS_QUESTION_ABOUT_FEATURE,CAMERA_2,resolution,This one has 23.8 megapixels resolution.,PRESENT_X,CAMERA_2,13~28
950,9,CAMERA_2,"['CAMERA_1', 'CAMERA_2']","{'CAMERA_1': ['weight', 'camera_type', 'autofocus_points'], 'CAMERA_2': ['resolution', 'price'], 'CAMERA_3': []}",C_QUESTION_ABOUT_FEATURE,CAMERA_2,price,Ozzy and how much,PRESENT_X,CAMERA_2,S_ANSWERS_QUESTION_ABOUT_FEATURE,CAMERA_2,price,This one costs $768.,PRESENT_X,CAMERA_2,15~19
950,10,CAMERA_2,"['CAMERA_1', 'CAMERA_2']","{'CAMERA_1': ['weight', 'camera_type', 'autofocus_points'], 'CAMERA_2': ['resolution', 'price', 'camera_type'], 'CAMERA_3': []}",C_QUESTION_ABOUT_FEATURE,CAMERA_2,camera_type,is this a DSLR camera,PRESENT_X,CAMERA_2,S_ANSWERS_QUESTION_ABOUT_FEATURE,CAMERA_2,camera_type,This is a digital single lens mirrorless camera.,PRESENT_X,CAMERA_2,10~40
950,11,CAMERA_2,"['CAMERA_1', 'CAMERA_2']","{'CAMERA_1': ['weight', 'camera_type', 'autofocus_points'], 'CAMERA_2': ['resolution', 'price', 'camera_type', 'weight'], 'CAMERA_3': []}",C_SILENT_OR_BACKCHANNEL,CAMERA_2,NONE,Oh that'd be great I really want to try it before buying it,PRESENT_X,CAMERA_2,S_INTRODUCES_FEATURE,CAMERA_2,weight,This one weighs 820 grams.,PRESENT_X,CAMERA_2,16~25
950,12,CAMERA_3,"['CAMERA_1', 'CAMERA_2', 'CAMERA_3']","{'CAMERA_1': ['weight', 'camera_type', 'autofocus_points'], 'CAMERA_2': ['resolution', 'price', 'camera_type', 'weight'], 'CAMERA_3': []}",C_ANYTHING_ELSE_AVAILABLE,CAMERA_2,NONE,oh I see that's very interesting do you have any other cameras that you can recommend me,PRESENT_X,CAMERA_2,S_INTRODUCES_CAMERA,CAMERA_3,,Let me show you this. Here we have the Fujifilm PowerShot ELPH S2800.,PRESENT_X,CAMERA_3,39~68
950,13,CAMERA_3,"['CAMERA_1', 'CAMERA_2', 'CAMERA_3']","{'CAMERA_1': ['weight', 'camera_type', 'autofocus_points'], 'CAMERA_2': ['resolution', 'price', 'camera_type', 'weight'], 'CAMERA_3': ['sensor_size']}",C_SILENT_OR_BACKCHANNEL,CAMERA_3,NONE,yeah i see,PRESENT_X,CAMERA_3,S_INTRODUCES_FEATURE,CAMERA_3,sensor_size,This one has a full frame.,PRESENT_X,CAMERA_3,15~25
950,14,CAMERA_3,"['CAMERA_1', 'CAMERA_2', 'CAMERA_3']","{'CAMERA_1': ['weight', 'camera_type', 'autofocus_points'], 'CAMERA_2': ['resolution', 'price', 'camera_type', 'weight'], 'CAMERA_3': ['sensor_size', 'color']}",C_QUESTION_ABOUT_FEATURE,CAMERA_3,color,when did you mention about color at  just one color and I am wondering that,PRESENT_X,CAMERA_3,S_ANSWERS_QUESTION_ABOUT_FEATURE,CAMERA_3,color,"This one comes in purple, white, silver, blue, red, or pink.",PRESENT_X,CAMERA_3,18~59
950,15,,"['CAMERA_1', 'CAMERA_2', 'CAMERA_3']","{'CAMERA_1': ['weight', 'camera_type', 'autofocus_points'], 'CAMERA_2': ['resolution', 'price', 'camera_type', 'weight'], 'CAMERA_3': ['sensor_size', 'color']}",C_ANYTHING_ELSE_AVAILABLE,CAMERA_3,NONE,okay do you have any other cameras I might be interested,PRESENT_X,CAMERA_3,S_THATS_ALL_WE_HAVE_AVAILABLE,CAMERA_3,,That's all we have available at the moment.,PRESENT_X,CAMERA_3,
950,16,NONE,"['CAMERA_1', 'CAMERA_2', 'CAMERA_3']","{'CAMERA_1': ['weight', 'camera_type', 'autofocus_points'], 'CAMERA_2': ['resolution', 'price', 'camera_type', 'weight'], 'CAMERA_3': ['sensor_size', 'color']}",C_THANK_YOU,CAMERA_3,NONE,ok thank you,PRESENT_X,CAMERA_3,S_THANK_YOU,CAMERA_3,NONE,thank you very much.,FACE_TO_FACE,NONE,
950,17,NONE,"['CAMERA_1', 'CAMERA_2', 'CAMERA_3']","{'CAMERA_1': ['weight', 'camera_type', 'autofocus_points'], 'CAMERA_2': ['resolution', 'price', 'camera_type', 'weight'], 'CAMERA_3': ['sensor_size', 'color']}",C_LEAVES,DOOR,NONE,,FACE_TO_FACE,NONE,S_RETURNS_TO_COUNTER,SERVICE_COUNTER,NONE,,WAITING,NONE,
951,1,NONE,[],"{'CAMERA_1': [], 'CAMERA_2': [], 'CAMERA_3': []}",C_ENTERS,DOOR,NONE,,WAITING,NONE,S_NONE,SERVICE_COUNTER,NONE,,WAITING,NONE,
951,2,NONE,[],"{'CAMERA_1': [], 'CAMERA_2': [], 'CAMERA_3': []}",C_WALKS_TO_CAMERA,CAMERA_2,NONE,,WAITING,NONE,S_GREETS,CAMERA_2,NONE,can I help you?,FACE_TO_FACE,NONE,
951,3,CAMERA_2,['CAMERA_2'],"{'CAMERA_1': [], 'CAMERA_2': [], 'CAMERA_3': []}",C_LOOKING_FOR_A_CAMERA,CAMERA_2,NONE,how to write a message to take a look at your new cameras,FACE_TO_FACE,NONE,S_INTRODUCES_CAMERA,CAMERA_2,,Let me show you this. Here we have the Fujifilm Lumix ILC Camera.,PRESENT_X,CAMERA_2,39~64
951,4,CAMERA_2,['CAMERA_2'],"{'CAMERA_1': [], 'CAMERA_2': ['camera_type'], 'CAMERA_3': []}",C_QUESTION_ABOUT_FEATURE,CAMERA_2,camera_type,Is this a mirrorless camera?,PRESENT_X,CAMERA_2,S_ANSWERS_QUESTION_ABOUT_FEATURE,CAMERA_2,camera_type,This is a digital single lens mirrorless camera.,PRESENT_X,CAMERA_2,10~40
951,5,CAMERA_2,['CAMERA_2'],"{'CAMERA_1': [], 'CAMERA_2': ['camera_type', 'long_exposure'], 'CAMERA_3': []}",C_SILENT_OR_BACKCHANNEL,CAMERA_2,NONE,it looks like a good camera what this iso mean,PRESENT_X,CAMERA_2,S_INTRODUCES_FEATURE,CAMERA_2,long_exposure,This one can take long exposures up to 60 minutes max with bulb mode.,PRESENT_X,CAMERA_2,39~68
951,6,CAMERA_2,['CAMERA_2'],"{'CAMERA_1': [], 'CAMERA_2': ['camera_type', 'long_exposure', 'sensor_size'], 'CAMERA_3': []}",C_SILENT_OR_BACKCHANNEL,CAMERA_2,NONE,18 days 20 Mega something else's uh huh,PRESENT_X,CAMERA_2,S_INTRODUCES_FEATURE,CAMERA_2,sensor_size,This one has a 1/2.33 inch sensor.,PRESENT_X,CAMERA_2,15~33
951,7,CAMERA_3,"['CAMERA_2', 'CAMERA_3']","{'CAMERA_1': [], 'CAMERA_2': ['camera_type', 'long_exposure', 'sensor_size'], 'CAMERA_3': []}",C_ANYTHING_ELSE_AVAILABLE,CAMERA_2,NONE,okay do you have any other cameras I might be interested,PRESENT_X,CAMERA_2,S_INTRODUCES_CAMERA,CAMERA_3,,Let me show you this. Here we have the Fujifilm PowerShot ELPH S2800.,PRESENT_X,CAMERA_3,39~68
951,8,CAMERA_3,"['CAMERA_2', 'CAMERA_3']","{'CAMERA_1': [], 'CAMERA_2': ['camera_type', 'long_exposure', 'sensor_size'], 'CAMERA_3': ['price']}",C_QUESTION_ABOUT_FEATURE,CAMERA_3,price,how much is this camera,PRESENT_X,CAMERA_3,S_ANSWERS_QUESTION_ABOUT_FEATURE,CAMERA_3,price,This one costs $518.,PRESENT_X,CAMERA_3,15~19
951,9,CAMERA_3,"['CAMERA_2', 'CAMERA_3']","{'CAMERA_1': [], 'CAMERA_2': ['camera_type', 'long_exposure', 'sensor_size'], 'CAMERA_3': ['price', 'camera_type']}",C_QUESTION_ABOUT_FEATURE,CAMERA_3,camera_type,is this a DSLR camera,PRESENT_X,CAMERA_3,S_ANSWERS_QUESTION_ABOUT_FEATURE,CAMERA_3,camera_type,This is a point and shoot camera.,PRESENT_X,CAMERA_3,10~25
951,10,CAMERA_3,"['CAMERA_2', 'CAMERA_3']","{'CAMERA_1': [], 'CAMERA_2': ['camera_type', 'long_exposure', 'sensor_size'], 'CAMERA_3': ['price', 'camera_type', 'settings']}",C_QUESTION_ABOUT_FEATURE,CAMERA_3,settings,so purple sounds good and what about some manual settings,PRESENT_X,CAMERA_3,S_ANSWERS_QUESTION_ABOUT_FEATURE,CAMERA_3,settings,"This one has manual control and various automatic settings (video modeburst shooting, etc.).",PRESENT_X,CAMERA_3,13~91
951,11,NONE,"['CAMERA_2', 'CAMERA_3']","{'CAMERA_1': [], 'CAMERA_2': ['camera_type', 'long_exposure', 'sensor_size'], 'CAMERA_3': ['price', 'camera_type', 'settings']}",C_THANK_YOU,CAMERA_3,NONE,I see thank you very much for the information,PRESENT_X,CAMERA_3,S_THANK_YOU,CAMERA_3,NONE,thank you very much.,FACE_TO_FACE,NONE,
951,12,NONE,"['CAMERA_2', 'CAMERA_3']","{'CAMERA_1': [], 'CAMERA_2': ['camera_type', 'long_exposure', 'sensor_size'], 'CAMERA_3': ['price', 'camera_type', 'settings']}",C_LEAVES,DOOR,NONE,,FACE_TO_FACE,NONE,S_RETURNS_TO_COUNTER,SERVICE_COUNTER,NONE,,WAITING,NONE,
952,1,NONE,[],"{'CAMERA_1': [], 'CAMERA_2': [], 'CAMERA_3': []}",C_ENTERS,DOOR,NONE,,WAITING,NONE,S_NONE,SERVICE_COUNTER,NONE,,WAITING,NONE,
952,2,NONE,[],"{'CAMERA_1': [], 'CAMERA_2': [], 'CAMERA_3': []}",C_WALKS_TO_CAMERA,CAMERA_2,NONE,,WAITING,NONE,S_GREETS,CAMERA_2,NONE,can I help you?,FACE_TO_FACE,NONE,
952,3,CAMERA_3,['CAMERA_3'],"{'CAMERA_1': [], 'CAMERA_2': [], 'CAMERA_3': []}",C_LOOKING_FOR_A_CAMERA,CAMERA_2,NONE,I'm looking to upgrade my old camera for one with a higher ISO,FACE_TO_FACE,NONE,S_INTRODUCES_CAMERA,CAMERA_3,,Let me show you this. Here we have the Fujifilm PowerShot ELPH S2800.,PRESENT_X,CAMERA_3,39~68
952,4,CAMERA_3,['CAMERA_3'],"{'CAMERA_1': [], 'CAMERA_2': [], 'CAMERA_3': ['price']}",C_SILENT_OR_BACKCHANNEL,CAMERA_3,NONE,wow that's pretty impressive,PRESENT_X,CAMERA_3,S_INTRODUCES_FEATURE,CAMERA_3,price,This one costs $518.,PRESENT_X,CAMERA_3,15~19
952,5,CAMERA_3,['CAMERA_3'],"{'CAMERA_1': [], 'CAMERA_2': [], 'CAMERA_3': ['price', 'settings']}",C_SILENT_OR_BACKCHANNEL,CAMERA_3,NONE,okay,PRESENT_X,CAMERA_3,S_INTRODUCES_FEATURE,CAMERA_3,settings,"This one has manual control and various automatic settings (video modeburst shooting, etc.).",PRESENT_X,CAMERA_3,13~91
952,6,NONE,['CAMERA_3'],"{'CAMERA_1': [], 'CAMERA_2': [], 'CAMERA_3': ['price', 'settings']}",C_THANK_YOU,CAMERA_3,NONE,ok thanks for your help,PRESENT_X,CAMERA_3,S_THANK_YOU,CAMERA_3,NONE,thank you very much.,FACE_TO_FACE,NONE,
952,7,NONE,['CAMERA_3'],"{'CAMERA_1': [], 'CAMERA_2': [], 'CAMERA_3': ['price', 'settings']}",C_LEAVES,DOOR,NONE,,FACE_TO_FACE,NONE,S_RETURNS_TO_COUNTER,SERVICE_COUNTER,NONE,,WAITING,NONE,
953,1,NONE,[],"{'CAMERA_1': [], 'CAMERA_2': [], 'CAMERA_3': []}",C_ENTERS,DOOR,NONE,,WAITING,NONE,S_NONE,SERVICE_COUNTER,NONE,,WAITING,NONE,
953,2,NONE,[],"{'CAMERA_1': [], 'CAMERA_2': [], 'CAMERA_3': []}",C_GREETS,MIDDLE,NONE,hello cheaper than I was expecting,WAITING,NONE,S_GREETS,MIDDLE,NONE,can I help you?,FACE_TO_FACE,NONE,
953,3,CAMERA_3,['CAMERA_3'],"{'CAMERA_1': [], 'CAMERA_2': [], 'CAMERA_3': []}",C_LOOKING_FOR_A_CAMERA,MIDDLE,NONE,I'm looking to buy a new camera how loose affordable,FACE_TO_FACE,NONE,S_INTRODUCES_CAMERA,CAMERA_3,,Let me show you this. Here we have the Fujifilm PowerShot ELPH S2800.,PRESENT_X,CAMERA_3,39~68
953,4,CAMERA_3,['CAMERA_3'],"{'CAMERA_1': [], 'CAMERA_2': [], 'CAMERA_3': ['weight']}",C_QUESTION_ABOUT_FEATURE,CAMERA_3,weight,a gray that looks really stylish looks a bit lighter as well how much does it weigh,PRESENT_X,CAMERA_3,S_ANSWERS_QUESTION_ABOUT_FEATURE,CAMERA_3,weight,This one weighs 820 grams.,PRESENT_X,CAMERA_3,16~25
953,5,CAMERA_3,['CAMERA_3'],"{'CAMERA_1': [], 'CAMERA_2': [], 'CAMERA_3': ['weight', 'effects']}",C_SILENT_OR_BACKCHANNEL,CAMERA_3,NONE,ok,PRESENT_X,CAMERA_3,S_INTRODUCES_FEATURE,CAMERA_3,effects,"This one has 21 photo effects (small face, retro, big eyes, etc.).",PRESENT_X,CAMERA_3,13~65
953,6,CAMERA_3,['CAMERA_3'],"{'CAMERA_1': [], 'CAMERA_2': [], 'CAMERA_3': ['weight', 'effects', 'autofocus_points']}",C_SILENT_OR_BACKCHANNEL,CAMERA_3,NONE,ok let's see,PRESENT_X,CAMERA_3,S_INTRODUCES_FEATURE,CAMERA_3,autofocus_points,This one has 214 autofocus points.,PRESENT_X,CAMERA_3,13~33
953,7,CAMERA_3,['CAMERA_3'],"{'CAMERA_1': [], 'CAMERA_2': [], 'CAMERA_3': ['weight', 'effects', 'autofocus_points', 'color']}",C_SILENT_OR_BACKCHANNEL,CAMERA_3,NONE,ok,PRESENT_X,CAMERA_3,S_INTRODUCES_FEATURE,CAMERA_3,color,"This one comes in purple, white, silver, blue, red, or pink.",PRESENT_X,CAMERA_3,18~59
953,8,CAMERA_3,['CAMERA_3'],"{'CAMERA_1': [], 'CAMERA_2': [], 'CAMERA_3': ['weight', 'effects', 'autofocus_points', 'color', 'long_exposure']}",C_QUESTION_ABOUT_FEATURE,CAMERA_3,long_exposure,and does it have a long exposure mode,PRESENT_X,CAMERA_3,S_ANSWERS_QUESTION_ABOUT_FEATURE,CAMERA_3,long_exposure,This one can take long exposures up to 30 minutes max with bulb mode.,PRESENT_X,CAMERA_3,39~68
953,9,CAMERA_2,"['CAMERA_3', 'CAMERA_2']","{'CAMERA_1': [], 'CAMERA_2': [], 'CAMERA_3': ['weight', 'effects', 'autofocus_points', 'color', 'long_exposure']}",C_ANYTHING_ELSE_AVAILABLE,CAMERA_3,NONE,do you have any other cameras like this,PRESENT_X,CAMERA_3,S_INTRODUCES_CAMERA,CAMERA_2,,Let me show you this. Here we have the Fujifilm Lumix ILC Camera.,PRESENT_X,CAMERA_2,39~64
953,10,CAMERA_2,"['CAMERA_3', 'CAMERA_2']","{'CAMERA_1': [], 'CAMERA_2': ['resolution'], 'CAMERA_3': ['weight', 'effects', 'autofocus_points', 'color', 'long_exposure']}",C_QUESTION_ABOUT_FEATURE,CAMERA_2,resolution,I said he's got the glamour of a touch affect what what does that mean,PRESENT_X,CAMERA_2,S_ANSWERS_QUESTION_ABOUT_FEATURE,CAMERA_2,resolution,This one has 23.8 megapixels resolution.,PRESENT_X,CAMERA_2,13~28
953,11,CAMERA_2,"['CAMERA_3', 'CAMERA_2']","{'CAMERA_1': [], 'CAMERA_2': ['resolution', 'effects'], 'CAMERA_3': ['weight', 'effects', 'autofocus_points', 'color', 'long_exposure']}",C_SILENT_OR_BACKCHANNEL,CAMERA_2,NONE,IC,PRESENT_X,CAMERA_2,S_INTRODUCES_FEATURE,CAMERA_2,effects,"This one has 24 artistic effect modes (retro, lighter or darker skin tones, sepia, etc.).",PRESENT_X,CAMERA_2,13~88
953,12,CAMERA_2,"['CAMERA_3', 'CAMERA_2']","{'CAMERA_1': [], 'CAMERA_2': ['resolution', 'effects', 'long_exposure'], 'CAMERA_3': ['weight', 'effects', 'autofocus_points', 'color', 'long_exposure']}",C_SILENT_OR_BACKCHANNEL,CAMERA_2,NONE,ok,PRESENT_X,CAMERA_2,S_INTRODUCES_FEATURE,CAMERA_2,long_exposure,This one can take long exposures up to 60 minutes max with bulb mode.,PRESENT_X,CAMERA_2,39~68
953,13,CAMERA_2,"['CAMERA_3', 'CAMERA_2']","{'CAMERA_1': [], 'CAMERA_2': ['resolution', 'effects', 'long_exposure', 'preset_modes'], 'CAMERA_3': ['weight', 'effects', 'autofocus_points', 'color', 'long_exposure']}",C_QUESTION_ABOUT_FEATURE,CAMERA_2,preset_modes,does it have preset modes,PRESENT_X,CAMERA_2,S_NOT_SURE,CAMERA_2,,I'm not really sure about that.,PRESENT_X,CAMERA_2,
953,14,CAMERA_2,"['CAMERA_3', 'CAMERA_2']","{'CAMERA_1': [], 'CAMERA_2': ['resolution', 'effects', 'long_exposure', 'preset_modes', 'ISO'], 'CAMERA_3': ['weight', 'effects', 'autofocus_points', 'color', 'long_exposure']}",C_QUESTION_ABOUT_FEATURE,CAMERA_2,ISO,okay and what is the what is ISO,PRESENT_X,CAMERA_2,S_NOT_SURE,CAMERA_2,,I'm not really sure about that.,PRESENT_X,CAMERA_2,
953,15,CAMERA_2,"['CAMERA_3', 'CAMERA_2']","{'CAMERA_1': [], 'CAMERA_2': ['resolution', 'effects', 'long_exposure', 'preset_modes', 'ISO', 'autofocus_points'], 'CAMERA_3': ['weight', 'effects', 'autofocus_points', 'color', 'long_exposure']}",C_QUESTION_ABOUT_FEATURE,CAMERA_2,autofocus_points,And the auto Focus points how many points does it have,PRESENT_X,CAMERA_2,S_NOT_SURE,CAMERA_2,,I'm not really sure about that.,PRESENT_X,CAMERA_2,
953,16,CAMERA_2,"['CAMERA_3', 'CAMERA_2']","{'CAMERA_1': [], 'CAMERA_2': ['resolution', 'effects', 'long_exposure', 'preset_modes', 'ISO', 'autofocus_points', 'settings'], 'CAMERA_3': ['weight', 'effects', 'autofocus_points', 'color', 'long_exposure']}",C_SILENT_OR_BACKCHANNEL,CAMERA_2,NONE,Wow cheap,PRESENT_X,CAMERA_2,S_INTRODUCES_FEATURE,CAMERA_2,settings,"This one has manual control and various automatic settings (video modeburst shooting, etc.).",PRESENT_X,CAMERA_2,13~91
953,17,CAMERA_2,"['CAMERA_3', 'CAMERA_2']","{'CAMERA_1': [], 'CAMERA_2': ['resolution', 'effects', 'long_exposure', 'preset_modes', 'ISO', 'autofocus_points', 'settings', 'color'], 'CAMERA_3': ['weight', 'effects', 'autofocus_points', 'color', 'long_exposure']}",C_SILENT_OR_BACKCHANNEL,CAMERA_2,NONE,yeah that looks good,PRESENT_X,CAMERA_2,S_INTRODUCES_FEATURE,CAMERA_2,color,This one comes in white or pink.,PRESENT_X,CAMERA_2,18~31
953,18,CAMERA_2,"['CAMERA_3', 'CAMERA_2']","{'CAMERA_1': [], 'CAMERA_2': ['resolution', 'effects', 'long_exposure', 'preset_modes', 'ISO', 'autofocus_points', 'settings', 'color', 'camera_type'], 'CAMERA_3': ['weight', 'effects', 'autofocus_points', 'color', 'long_exposure']}",C_QUESTION_ABOUT_FEATURE,CAMERA_2,camera_type,is this a point and shoot camera,PRESENT_X,CAMERA_2,S_ANSWERS_QUESTION_ABOUT_FEATURE,CAMERA_2,camera_type,This is a digital single lens mirrorless camera.,PRESENT_X,CAMERA_2,10~40
953,19,CAMERA_1,"['CAMERA_3', 'CAMERA_2', 'CAMERA_1']","{'CAMERA_1': [], 'CAMERA_2': ['resolution', 'effects', 'long_exposure', 'preset_modes', 'ISO', 'autofocus_points', 'settings', 'color', 'camera_type'], 'CAMERA_3': ['weight', 'effects', 'autofocus_points', 'color', 'long_exposure']}",C_ANYTHING_ELSE_AVAILABLE,CAMERA_2,NONE,ok do you have any other cameras,PRESENT_X,CAMERA_2,S_INTRODUCES_CAMERA,CAMERA_1,,Let me show you this. Here we have the Sony PowerShot ELPH DMC-ZS3.,PRESENT_X,CAMERA_1,39~66
953,20,CAMERA_1,"['CAMERA_3', 'CAMERA_2', 'CAMERA_1']","{'CAMERA_1': ['long_exposure'], 'CAMERA_2': ['resolution', 'effects', 'long_exposure', 'preset_modes', 'ISO', 'autofocus_points', 'settings', 'color', 'camera_type'], 'CAMERA_3': ['weight', 'effects', 'autofocus_points', 'color', 'long_exposure']}",C_SILENT_OR_BACKCHANNEL,CAMERA_1,NONE,IC,PRESENT_X,CAMERA_1,S_INTRODUCES_FEATURE,CAMERA_1,long_exposure,This one can take long exposures up to up to 15 seconds with Long Shutter Mode.,PRESENT_X,CAMERA_1,39~78
953,21,CAMERA_1,"['CAMERA_3', 'CAMERA_2', 'CAMERA_1']","{'CAMERA_1': ['long_exposure', 'price'], 'CAMERA_2': ['resolution', 'effects', 'long_exposure', 'preset_modes', 'ISO', 'autofocus_points', 'settings', 'color', 'camera_type'], 'CAMERA_3': ['weight', 'effects', 'autofocus_points', 'color', 'long_exposure']}",C_QUESTION_ABOUT_FEATURE,CAMERA_1,price,I am so maybe this is what I want may ask about price,PRESENT_X,CAMERA_1,S_ANSWERS_QUESTION_ABOUT_FEATURE,CAMERA_1,price,This one costs $450.,PRESENT_X,CAMERA_1,15~19
953,22,NONE,"['CAMERA_3', 'CAMERA_2', 'CAMERA_1']","{'CAMERA_1': ['long_exposure', 'price'], 'CAMERA_2': ['resolution', 'effects', 'long_exposure', 'preset_modes', 'ISO', 'autofocus_points', 'settings', 'color', 'camera_type'], 'CAMERA_3': ['weight', 'effects', 'autofocus_points', 'color', 'long_exposure']}",C_THANK_YOU,CAMERA_1,NONE,okay alright that's good to know thank you thank you thank you very much,PRESENT_X,CAMERA_1,S_THANK_YOU,CAMERA_1,NONE,thank you very much.,FACE_TO_FACE,NONE,
953,23,NONE,"['CAMERA_3', 'CAMERA_2', 'CAMERA_1']","{'CAMERA_1': ['long_exposure', 'price'], 'CAMERA_2': ['resolution', 'effects', 'long_exposure', 'preset_modes', 'ISO', 'autofocus_points', 'settings', 'color', 'camera_type'], 'CAMERA_3': ['weight', 'effects', 'autofocus_points', 'color', 'long_exposure']}",C_LEAVES,DOOR,NONE,,FACE_TO_FACE,NONE,S_RETURNS_TO_COUNTER,SERVICE_COUNTER,NONE,,WAITING,NONE,
954,1,NONE,[],"{'CAMERA_1': [], 'CAMERA_2': [], 'CAMERA_3': []}",C_ENTERS,DOOR,NONE,,WAITING,NONE,S_NONE,SERVICE_COUNTER,NONE,,WAITING,NONE,
954,2,NONE,[],"{'CAMERA_1': [], 'CAMERA_2': [], 'CAMERA_3': []}",C_GREETS,MIDDLE,NONE,use me,WAITING,NONE,S_GREETS,MIDDLE,NONE,can I help you?,FACE_TO_FACE,NONE,
954,3,CAMERA_3,['CAMERA_3'],"{'CAMERA_1': [], 'CAMERA_2': [], 'CAMERA_3': []}",C_LOOKING_FOR_A_CAMERA,MIDDLE,NONE,I'm looking for a cheap camera I dropped my old phone in the toilet,FACE_TO_FACE,NONE,S_INTRODUCES_CAMERA,CAMERA_3,,Let me show you this. Here we have the Fujifilm PowerShot ELPH S2800.,PRESENT_X,CAMERA_3,39~68
954,4,CAMERA_3,['CAMERA_3'],"{'CAMERA_1': [], 'CAMERA_2': [], 'CAMERA_3': ['color']}",C_QUESTION_ABOUT_FEATURE,CAMERA_3,color,is there any other colors,PRESENT_X,CAMERA_3,S_ANSWERS_QUESTION_ABOUT_FEATURE,CAMERA_3,color,"This one comes in purple, white, silver, blue, red, or pink.",PRESENT_X,CAMERA_3,18~59
954,5,CAMERA_3,['CAMERA_3'],"{'CAMERA_1': [], 'CAMERA_2': [], 'CAMERA_3': ['color', 'preset_modes']}",C_QUESTION_ABOUT_FEATURE,CAMERA_3,preset_modes,can you please explain me more about the their priests mode,PRESENT_X,CAMERA_3,S_ANSWERS_QUESTION_ABOUT_FEATURE,CAMERA_3,preset_modes,This one has various preset modes.,PRESENT_X,CAMERA_3,13~33
954,6,NONE,['CAMERA_3'],"{'CAMERA_1': [], 'CAMERA_2': [], 'CAMERA_3': ['color', 'preset_modes']}",C_THANK_YOU,CAMERA_3,NONE,okay thanks,PRESENT_X,CAMERA_3,S_THANK_YOU,CAMERA_3,NONE,thank you very much.,FACE_TO_FACE,NONE,
954,7,NONE,['CAMERA_3'],"{'CAMERA_1': [], 'CAMERA_2': [], 'CAMERA_3': ['color', 'preset_modes']}",C_LEAVES,DOOR,NONE,,FACE_TO_FACE,NONE,S_RETURNS_TO_COUNTER,SERVICE_COUNTER,NONE,,WAITING,NONE,
955,1,NONE,[],"{'CAMERA_1': [], 'CAMERA_2': [], 'CAMERA_3': []}",C_ENTERS,DOOR,NONE,,WAITING,NONE,S_NONE,SERVICE_COUNTER,NONE,,WAITING,NONE,
955,2,NONE,[],"{'CAMERA_1': [], 'CAMERA_2': [], 'CAMERA_3': []}",C_WALKS_TO_CAMERA,CAMERA_1,NONE,,WAITING,NONE,S_GREETS,CAMERA_1,NONE,can I help you?,FACE_TO_FACE,NONE,
955,3,CAMERA_3,['CAMERA_3'],"{'CAMERA_1': [], 'CAMERA_2': [], 'CAMERA_3': []}",C_LOOKING_FOR_A_CAMERA,CAMERA_1,NONE,I want to take a look at the cameras here,FACE_TO_FACE,NONE,S_INTRODUCES_CAMERA,CAMERA_3,,Let me show you this. Here we have the Fujifilm PowerShot ELPH S2800.,PRESENT_X,CAMERA_3,39~68
955,4,CAMERA_3,['CAMERA_3'],"{'CAMERA_1': [], 'CAMERA_2': [], 'CAMERA_3': ['camera_type']}",C_QUESTION_ABOUT_FEATURE,CAMERA_3,camera_type,Is this a mirrorless camera?,PRESENT_X,CAMERA_3,S_ANSWERS_QUESTION_ABOUT_FEATURE,CAMERA_3,camera_type,This is a point and shoot camera.,PRESENT_X,CAMERA_3,10~25
955,5,NONE,['CAMERA_3'],"{'CAMERA_1': [], 'CAMERA_2': [], 'CAMERA_3': ['camera_type']}",C_THANK_YOU,CAMERA_3,NONE,thank you so much,PRESENT_X,CAMERA_3,S_THANK_YOU,CAMERA_3,NONE,thank you very much.,FACE_TO_FACE,NONE,
955,6,NONE,['CAMERA_3'],"{'CAMERA_1': [], 'CAMERA_2': [], 'CAMERA_3': ['camera_type']}",C_LEAVES,DOOR,NONE,,FACE_TO_FACE,NONE,S_RETURNS_TO_COUNTER,SERVICE_COUNTER,NONE,,WAITING,NONE,
956,1,NONE,[],"{'CAMERA_1': [], 'CAMERA_2': [], 'CAMERA_3': []}",C_ENTERS,DOOR,NONE,,WAITING,NONE,S_NONE,SERVICE_COUNTER,NONE,,WAITING,NONE,
956,2,NONE,[],"{'CAMERA_1': [], 'CAMERA_2': [], 'CAMERA_3': []}",C_GREETS,MIDDLE,NONE,excuse me,WAITING,NONE,S_GREETS,MIDDLE,NONE,can I help you?,FACE_TO_FACE,NONE,
956,3,CAMERA_3,['CAMERA_3'],"{'CAMERA_1': [], 'CAMERA_2': [], 'CAMERA_3': []}",C_LOOKING_FOR_A_CAMERA,MIDDLE,NONE,I'm just looking around,FACE_TO_FACE,NONE,S_INTRODUCES_CAMERA,CAMERA_3,,Let me show you this. Here we have the Fujifilm PowerShot ELPH S2800.,PRESENT_X,CAMERA_3,39~68
956,4,CAMERA_3,['CAMERA_3'],"{'CAMERA_1': [], 'CAMERA_2': [], 'CAMERA_3': ['color']}",C_SILENT_OR_BACKCHANNEL,CAMERA_3,NONE,$68 wow that's great,PRESENT_X,CAMERA_3,S_INTRODUCES_FEATURE,CAMERA_3,color,"This one comes in purple, white, silver, blue, red, or pink.",PRESENT_X,CAMERA_3,18~59
956,5,CAMERA_1,"['CAMERA_3', 'CAMERA_1']","{'CAMERA_1': [], 'CAMERA_2': [], 'CAMERA_3': ['color']}",C_ANYTHING_ELSE_AVAILABLE,CAMERA_3,NONE,oh I see that's very interesting do you have any other cameras that you can recommend me,PRESENT_X,CAMERA_3,S_INTRODUCES_CAMERA,CAMERA_1,,Let me show you this. Here we have the Sony PowerShot ELPH DMC-ZS3.,PRESENT_X,CAMERA_1,39~66
956,6,CAMERA_1,"['CAMERA_3', 'CAMERA_1']","{'CAMERA_1': ['camera_type'], 'CAMERA_2': [], 'CAMERA_3': ['color']}",C_QUESTION_ABOUT_FEATURE,CAMERA_1,camera_type,what kind of camera is this,PRESENT_X,CAMERA_1,S_ANSWERS_QUESTION_ABOUT_FEATURE,CAMERA_1,camera_type,This is a DSLR camera.,PRESENT_X,CAMERA_1,10~14
956,7,CAMERA_1,"['CAMERA_3', 'CAMERA_1']","{'CAMERA_1': ['camera_type', 'settings'], 'CAMERA_2': [], 'CAMERA_3': ['color']}",C_SILENT_OR_BACKCHANNEL,CAMERA_1,NONE,IC,PRESENT_X,CAMERA_1,S_INTRODUCES_FEATURE,CAMERA_1,settings,This one has limited manual settings.,PRESENT_X,CAMERA_1,13~36
956,8,NONE,"['CAMERA_3', 'CAMERA_1']","{'CAMERA_1': ['camera_type', 'settings'], 'CAMERA_2': [], 'CAMERA_3': ['color']}",C_THANK_YOU,CAMERA_1,NONE,okay thanks a lot,PRESENT_X,CAMERA_1,S_THANK_YOU,CAMERA_1,NONE,thank you very much.,FACE_TO_FACE,NONE,
956,9,NONE,"['CAMERA_3', 'CAMERA_1']","{'CAMERA_1': ['camera_type', 'settings'], 'CAMERA_2': [], 'CAMERA_3': ['color']}",C_LEAVES,DOOR,NONE,,FACE_TO_FACE,NONE,S_RETURNS_TO_COUNTER,SERVICE_COUNTER,NONE,,WAITING,NONE,
957,1,NONE,[],"{'CAMERA_1': [], 'CAMERA_2': [], 'CAMERA_3': []}",C_ENTERS,DOOR,NONE,,WAITING,NONE,S_NONE,SERVICE_COUNTER,NONE,,WAITING,NONE,
957,2,NONE,[],"{'CAMERA_1': [], 'CAMERA_2': [], 'CAMERA_3': []}",C_GREETS,MIDDLE,NONE,hi can you help me place,WAITING,NONE,S_GREETS,MIDDLE,NONE,can I help you?,FACE_TO_FACE,NONE,
957,3,CAMERA_2,['CAMERA_2'],"{'CAMERA_1': [], 'CAMERA_2': [], 'CAMERA_3': []}",C_LOOKING_FOR_A_CAMERA,MIDDLE,NONE,I'm just browsing but just trying to find a camera but I don't know what camera is really good,FACE_TO_FACE,NONE,S_INTRODUCES_CAMERA,CAMERA_2,,Let me show you this. Here we have the Fujifilm Lumix ILC Camera.,PRESENT_X,CAMERA_2,39~64
957,4,CAMERA_2,['CAMERA_2'],"{'CAMERA_1': [], 'CAMERA_2': ['camera_type'], 'CAMERA_3': []}",C_SILENT_OR_BACKCHANNEL,CAMERA_2,NONE,yeah yeah I can to try to look on the outside this is a really good one,PRESENT_X,CAMERA_2,S_INTRODUCES_FEATURE,CAMERA_2,camera_type,This is a digital single lens mirrorless camera.,PRESENT_X,CAMERA_2,10~40
957,5,CAMERA_2,['CAMERA_2'],"{'CAMERA_1': [], 'CAMERA_2': ['camera_type', 'sensor_size'], 'CAMERA_3': []}",C_SILENT_OR_BACKCHANNEL,CAMERA_2,NONE,okay I say yeah,PRESENT_X,CAMERA_2,S_INTRODUCES_FEATURE,CAMERA_2,sensor_size,This one has a 1/2.33 inch sensor.,PRESENT_X,CAMERA_2,15~33
957,6,CAMERA_2,['CAMERA_2'],"{'CAMERA_1': [], 'CAMERA_2': ['camera_type', 'sensor_size', 'autofocus_points'], 'CAMERA_3': []}",C_QUESTION_ABOUT_FEATURE,CAMERA_2,autofocus_points,I think you and the auto Focus points on this,PRESENT_X,CAMERA_2,S_NOT_SURE,CAMERA_2,,I'm not really sure about that.,PRESENT_X,CAMERA_2,
957,7,CAMERA_2,['CAMERA_2'],"{'CAMERA_1': [], 'CAMERA_2': ['camera_type', 'sensor_size', 'autofocus_points', 'resolution'], 'CAMERA_3': []}",C_SILENT_OR_BACKCHANNEL,CAMERA_2,NONE,okay,PRESENT_X,CAMERA_2,S_INTRODUCES_FEATURE,CAMERA_2,resolution,This one has 23.8 megapixels resolution.,PRESENT_X,CAMERA_2,13~28
957,8,NONE,['CAMERA_2'],"{'CAMERA_1': [], 'CAMERA_2': ['camera_type', 'sensor_size', 'autofocus_points', 'resolution'], 'CAMERA_3': []}",C_THANK_YOU,CAMERA_2,NONE,thank you for your support,PRESENT_X,CAMERA_2,S_THANK_YOU,CAMERA_2,NONE,thank you very much.,FACE_TO_FACE,NONE,
957,9,NONE,['CAMERA_2'],"{'CAMERA_1': [], 'CAMERA_2': ['camera_type', 'sensor_size', 'autofocus_points', 'resolution'], 'CAMERA_3': []}",C_LEAVES,DOOR,NONE,,FACE_TO_FACE,NONE,S_RETURNS_TO_COUNTER,SERVICE_COUNTER,NONE,,WAITING,NONE,
958,1,NONE,[],"{'CAMERA_1': [], 'CAMERA_2': [], 'CAMERA_3': []}",C_ENTERS,DOOR,NONE,,WAITING,NONE,S_NONE,SERVICE_COUNTER,NONE,,WAITING,NONE,
958,2,NONE,[],"{'CAMERA_1': [], 'CAMERA_2': [], 'CAMERA_3': []}",C_GREETS,MIDDLE,NONE,use me,WAITING,NONE,S_GREETS,MIDDLE,NONE,can I help you?,FACE_TO_FACE,NONE,
958,3,CAMERA_3,['CAMERA_3'],"{'CAMERA_1': [], 'CAMERA_2': [], 'CAMERA_3': []}",C_LOOKING_FOR_A_CAMERA,MIDDLE,NONE,I want to take a look at the cameras here,FACE_TO_FACE,NONE,S_INTRODUCES_CAMERA,CAMERA_3,,Let me show you this. Here we have the Fujifilm PowerShot ELPH S2800.,PRESENT_X,CAMERA_3,39~68
958,4,CAMERA_3,['CAMERA_3'],"{'CAMERA_1': [], 'CAMERA_2': [], 'CAMERA_3': ['sensor_size']}",C_SILENT_OR_BACKCHANNEL,CAMERA_3,NONE,alright,PRESENT_X,CAMERA_3,S_INTRODUCES_FEATURE,CAMERA_3,sensor_size,This one has a full frame.,PRESENT_X,CAMERA_3,15~25
958,5,CAMERA_3,['CAMERA_3'],"{'CAMERA_1': [], 'CAMERA_2': [], 'CAMERA_3': ['sensor_size', 'autofocus_points']}",C_SILENT_OR_BACKCHANNEL,CAMERA_3,NONE,$68 wow that's great,PRESENT_X,CAMERA_3,S_INTRODUCES_FEATURE,CAMERA_3,autofocus_points,This one has 214 autofocus points.,PRESENT_X,CAMERA_3,13~33
958,6,NONE,['CAMERA_3'],"{'CAMERA_1': [], 'CAMERA_2': [], 'CAMERA_3': ['sensor_size', 'autofocus_points']}",C_THANK_YOU,CAMERA_3,NONE,I see thanks for your help,PRESENT_X,CAMERA_3,S_THANK_YOU,CAMERA_3,NONE,thank you very much.,FACE_TO_FACE,NONE,
958,7,NONE,['CAMERA_3'],"{'CAMERA_1': [], 'CAMERA_2': [], 'CAMERA_3': ['sensor_size', 'autofocus_points']}",C_LEAVES,DOOR,NONE,,FACE_TO_FACE,NONE,S_RETURNS_TO_COUNTER,SERVICE_COUNTER,NONE,,WAITING,NONE,
959,1,NONE,[],"{'CAMERA_1': [], 'CAMERA_2': [], 'CAMERA_3': []}",C_ENTERS,DOOR,NONE,,WAITING,NONE,S_NONE,SERVICE_COUNTER,NONE,,WAITING,NONE,
959,2,NONE,[],"{'CAMERA_1': [], 'CAMERA_2': [], 'CAMERA_3': []}",C_GREETS,MIDDLE,NONE,hi,WAITING,NONE,S_GREETS,MIDDLE,NONE,can I help you?,FACE_TO_FACE,NONE,
959,3,CAMERA_1,['CAMERA_1'],"{'CAMERA_1': [], 'CAMERA_2': [], 'CAMERA_3': []}",C_LOOKING_FOR_A_CAMERA,MIDDLE,NONE,nothing fancy I just I'm just looking for the second camera I don't have money,FACE_TO_FACE,NONE,S_INTRODUCES_CAMERA,CAMERA_1,,Let me show you this. Here we have the Sony PowerShot ELPH DMC-ZS3.,PRESENT_X,CAMERA_1,39~66
959,4,CAMERA_1,['CAMERA_1'],"{'CAMERA_1': ['autofocus_points'], 'CAMERA_2': [], 'CAMERA_3': []}",C_QUESTION_ABOUT_FEATURE,CAMERA_1,autofocus_points,okay the auto focus points on this how many does it have,PRESENT_X,CAMERA_1,S_ANSWERS_QUESTION_ABOUT_FEATURE,CAMERA_1,autofocus_points,This one has 135 autofocus points.,PRESENT_X,CAMERA_1,13~33
959,5,CAMERA_1,['CAMERA_1'],"{'CAMERA_1': ['autofocus_points', 'weight'], 'CAMERA_2': [], 'CAMERA_3': []}",C_SILENT_OR_BACKCHANNEL,CAMERA_1,NONE,that sounds good,PRESENT_X,CAMERA_1,S_INTRODUCES_FEATURE,CAMERA_1,weight,This one weighs 800 grams.,PRESENT_X,CAMERA_1,16~25
959,6,CAMERA_1,['CAMERA_1'],"{'CAMERA_1': ['autofocus_points', 'weight', 'price'], 'CAMERA_2': [], 'CAMERA_3': []}",C_SILENT_OR_BACKCHANNEL,CAMERA_1,NONE,IC,PRESENT_X,CAMERA_1,S_INTRODUCES_FEATURE,CAMERA_1,price,This one costs $450.,PRESENT_X,CAMERA_1,15~19
959,7,CAMERA_1,['CAMERA_1'],"{'CAMERA_1': ['autofocus_points', 'weight', 'price', 'ISO'], 'CAMERA_2': [], 'CAMERA_3': []}",C_QUESTION_ABOUT_FEATURE,CAMERA_1,ISO,ISO performers,PRESENT_X,CAMERA_1,S_ANSWERS_QUESTION_ABOUT_FEATURE,CAMERA_1,ISO,This one has up to 51200 ISO.,PRESENT_X,CAMERA_1,13~28
959,8,CAMERA_1,['CAMERA_1'],"{'CAMERA_1': ['autofocus_points', 'weight', 'price', 'ISO', 'effects'], 'CAMERA_2': [], 'CAMERA_3': []}",C_SILENT_OR_BACKCHANNEL,CAMERA_1,NONE,that looks very good,PRESENT_X,CAMERA_1,S_INTRODUCES_FEATURE,CAMERA_1,effects,"This one has 24 glamor retouch effects (miniature, retro, toy camera, etc.).",PRESENT_X,CAMERA_1,13~75
959,9,NONE,['CAMERA_1'],"{'CAMERA_1': ['autofocus_points', 'weight', 'price', 'ISO', 'effects'], 'CAMERA_2': [], 'CAMERA_3': []}",C_THANK_YOU,CAMERA_1,NONE,ok i will have a think about it thank you,PRESENT_X,CAMERA_1,S_THANK_YOU,CAMERA_1,NONE,thank you very much.,FACE_TO_FACE,NONE,
959,10,NONE,['CAMERA_1'],"{'CAMERA_1': ['autofocus_points', 'weight', 'price', 'ISO', 'effects'], 'CAMERA_2': [], 'CAMERA_3': []}",C_LEAVES,DOOR,NONE,,FACE_TO_FACE,NONE,S_RETURNS_TO_COUNTER,SERVICE_COUNTER,NONE,,WAITING,NONE,
960,1,NONE,[],"{'CAMERA_1': [], 'CAMERA_2': [], 'CAMERA_3': []}",C_ENTERS,DOOR,NONE,,WAITING,NONE,S_NONE,SERVICE_COUNTER,NONE,,WAITING,NONE,
960,2,NONE,[],"{'CAMERA_1': [], 'CAMERA_2': [], 'CAMERA_3': []}",C_GREETS,MIDDLE,NONE,Hi do you have a moment,WAITING,NONE,S_GREETS,MIDDLE,NONE,can I help you?,FACE_TO_FACE,NONE,
960,3,CAMERA_2,['CAMERA_2'],"{'CAMERA_1': [], 'CAMERA_2': [], 'CAMERA_3': []}",C_LOOKING_FOR_A_CAMERA,MIDDLE,NONE,I want to take a look at your cameras,FACE_TO_FACE,NONE,S_INTRODUCES_CAMERA,CAMERA_2,,Let me show you this. Here we have the Fujifilm Lumix ILC Camera.,PRESENT_X,CAMERA_2,39~64
960,4,CAMERA_2,['CAMERA_2'],"{'CAMERA_1': [], 'CAMERA_2': ['resolution'], 'CAMERA_3': []}",C_QUESTION_ABOUT_FEATURE,CAMERA_2,resolution,I feel like the resolution is not very good,PRESENT_X,CAMERA_2,S_ANSWERS_QUESTION_ABOUT_FEATURE,CAMERA_2,resolution,This one has 23.8 megapixels resolution.,PRESENT_X,CAMERA_2,13~28
960,5,CAMERA_1,"['CAMERA_2', 'CAMERA_1']","{'CAMERA_1': [], 'CAMERA_2': ['resolution'], 'CAMERA_3': []}",C_ANYTHING_ELSE_AVAILABLE,CAMERA_2,NONE,oh I see that's very interesting do you have any other cameras that you can recommend me,PRESENT_X,CAMERA_2,S_INTRODUCES_CAMERA,CAMERA_1,,Let me show you this. Here we have the Sony PowerShot ELPH DMC-ZS3.,PRESENT_X,CAMERA_1,39~66
960,6,CAMERA_1,"['CAMERA_2', 'CAMERA_1']","{'CAMERA_1': ['resolution'], 'CAMERA_2': ['resolution'], 'CAMERA_3': []}",C_QUESTION_ABOUT_FEATURE,CAMERA_1,resolution,what's the megapixel thing on this,PRESENT_X,CAMERA_1,S_ANSWERS_QUESTION_ABOUT_FEATURE,CAMERA_1,resolution,This one has 17.8 megapixels resolution.,PRESENT_X,CAMERA_1,13~28
960,7,CAMERA_1,"['CAMERA_2', 'CAMERA_1']","{'CAMERA_1': ['resolution', 'weight'], 'CAMERA_2': ['resolution'], 'CAMERA_3': []}",C_QUESTION_ABOUT_FEATURE,CAMERA_1,weight,wonderful and what about the way,PRESENT_X,CAMERA_1,S_ANSWERS_QUESTION_ABOUT_FEATURE,CAMERA_1,weight,This one weighs 800 grams.,PRESENT_X,CAMERA_1,16~25
960,8,CAMERA_1,"['CAMERA_2', 'CAMERA_1']","{'CAMERA_1': ['resolution', 'weight', 'price'], 'CAMERA_2': ['resolution'], 'CAMERA_3': []}",C_SILENT_OR_BACKCHANNEL,CAMERA_1,NONE,okay great can I use the thirty-second look into booster at ISO 3200,PRESENT_X,CAMERA_1,S_INTRODUCES_FEATURE,CAMERA_1,price,This one costs $450.,PRESENT_X,CAMERA_1,15~19
960,9,CAMERA_1,"['CAMERA_2', 'CAMERA_1']","{'CAMERA_1': ['resolution', 'weight', 'price', 'color'], 'CAMERA_2': ['resolution'], 'CAMERA_3': []}",C_SILENT_OR_BACKCHANNEL,CAMERA_1,NONE,IC,PRESENT_X,CAMERA_1,S_INTRODUCES_FEATURE,CAMERA_1,color,This one comes in blue or black.,PRESENT_X,CAMERA_1,18~31
960,10,NONE,"['CAMERA_2', 'CAMERA_1']","{'CAMERA_1': ['resolution', 'weight', 'price', 'color'], 'CAMERA_2': ['resolution'], 'CAMERA_3': []}",C_THANK_YOU,CAMERA_1,NONE,okay thanks,PRESENT_X,CAMERA_1,S_THANK_YOU,CAMERA_1,NONE,thank you very much.,FACE_TO_FACE,NONE,
960,11,NONE,"['CAMERA_2', 'CAMERA_1']","{'CAMERA_1': ['resolution', 'weight', 'price', 'color'], 'CAMERA_2': ['resolution'], 'CAMERA_3': []}",C_LEAVES,DOOR,NONE,,FACE_TO_FACE,NONE,S_RETURNS_TO_COUNTER,SERVICE_COUNTER,NONE,,WAITING,NONE,
961,1,NONE,[],"{'CAMERA_1': [], 'CAMERA_2': [], 'CAMERA_3': []}",C_ENTERS,DOOR,NONE,,WAITING,NONE,S_NONE,SERVICE_COUNTER,NONE,,WAITING,NONE,
961,2,NONE,[],"{'CAMERA_1': [], 'CAMERA_2': [], 'CAMERA_3': []}",C_WALKS_TO_CAMERA,CAMERA_2,NONE,,WAITING,NONE,S_GREETS,CAMERA_2,NONE,can I help you?,FACE_TO_FACE,NONE,
961,3,CAMERA_2,['CAMERA_2'],"{'CAMERA_1': [], 'CAMERA_2': [], 'CAMERA_3': []}",C_LOOKING_FOR_A_CAMERA,CAMERA_2,NONE,afternoon I'm looking for a new camera is it to use stylus and affordable,FACE_TO_FACE,NONE,S_INTRODUCES_CAMERA,CAMERA_2,,Let me show you this. Here we have the Fujifilm Lumix ILC Camera.,PRESENT_X,CAMERA_2,39~64
961,4,CAMERA_2,['CAMERA_2'],"{'CAMERA_1': [], 'CAMERA_2': ['settings'], 'CAMERA_3': []}",C_QUESTION_ABOUT_FEATURE,CAMERA_2,settings,does it comes with manual settings,PRESENT_X,CAMERA_2,S_ANSWERS_QUESTION_ABOUT_FEATURE,CAMERA_2,settings,"This one has manual control and various automatic settings (video modeburst shooting, etc.).",PRESENT_X,CAMERA_2,13~91
961,5,CAMERA_2,['CAMERA_2'],"{'CAMERA_1': [], 'CAMERA_2': ['settings', 'price'], 'CAMERA_3': []}",C_QUESTION_ABOUT_FEATURE,CAMERA_2,price,how much does it cost,PRESENT_X,CAMERA_2,S_ANSWERS_QUESTION_ABOUT_FEATURE,CAMERA_2,price,This one costs $768.,PRESENT_X,CAMERA_2,15~19
961,6,NONE,['CAMERA_2'],"{'CAMERA_1': [], 'CAMERA_2': ['settings', 'price'], 'CAMERA_3': []}",C_THANK_YOU,CAMERA_2,NONE,thanks for your help today,PRESENT_X,CAMERA_2,S_THANK_YOU,CAMERA_2,NONE,thank you very much.,FACE_TO_FACE,NONE,
961,7,NONE,['CAMERA_2'],"{'CAMERA_1': [], 'CAMERA_2': ['settings', 'price'], 'CAMERA_3': []}",C_LEAVES,DOOR,NONE,,FACE_TO_FACE,NONE,S_RETURNS_TO_COUNTER,SERVICE_COUNTER,NONE,,WAITING,NONE,
962,1,NONE,[],"{'CAMERA_1': [], 'CAMERA_2': [], 'CAMERA_3': []}",C_ENTERS,DOOR,NONE,,WAITING,NONE,S_NONE,SERVICE_COUNTER,NONE,,WAITING,NONE,
962,2,NONE,[],"{'CAMERA_1': [], 'CAMERA_2': [], 'CAMERA_3': []}",C_GREETS,MIDDLE,NONE,excuse me,WAITING,NONE,S_GREETS,MIDDLE,NONE,can I help you?,FACE_TO_FACE,NONE,
962,3,CAMERA_3,['CAMERA_3'],"{'CAMERA_1': [], 'CAMERA_2': [], 'CAMERA_3': []}",C_LOOKING_FOR_A_CAMERA,MIDDLE,NONE,I want a All Around camera I try to use my smartphone but the pictures don't come out so good,FACE_TO_FACE,NONE,S_INTRODUCES_CAMERA,CAMERA_3,,Let me show you this. Here we have the Fujifilm PowerShot ELPH S2800.,PRESENT_X,CAMERA_3,39~68
962,4,CAMERA_3,['CAMERA_3'],"{'CAMERA_1': [], 'CAMERA_2': [], 'CAMERA_3': ['effects']}",C_QUESTION_ABOUT_FEATURE,CAMERA_3,effects,what's an example of one of the effects,PRESENT_X,CAMERA_3,S_ANSWERS_QUESTION_ABOUT_FEATURE,CAMERA_3,effects,"This one has 21 photo effects (small face, retro, big eyes, etc.).",PRESENT_X,CAMERA_3,13~65
962,5,CAMERA_3,['CAMERA_3'],"{'CAMERA_1': [], 'CAMERA_2': [], 'CAMERA_3': ['effects', 'preset_modes']}",C_SILENT_OR_BACKCHANNEL,CAMERA_3,NONE,that sounds good,PRESENT_X,CAMERA_3,S_INTRODUCES_FEATURE,CAMERA_3,preset_modes,This one has various preset modes.,PRESENT_X,CAMERA_3,13~33
962,6,CAMERA_3,['CAMERA_3'],"{'CAMERA_1': [], 'CAMERA_2': [], 'CAMERA_3': ['effects', 'preset_modes', 'resolution']}",C_QUESTION_ABOUT_FEATURE,CAMERA_3,resolution,and this is a touch screen,PRESENT_X,CAMERA_3,S_ANSWERS_QUESTION_ABOUT_FEATURE,CAMERA_3,resolution,This one has 23.2 megapixels resolution.,PRESENT_X,CAMERA_3,13~28
962,7,CAMERA_2,"['CAMERA_3', 'CAMERA_2']","{'CAMERA_1': [], 'CAMERA_2': [], 'CAMERA_3': ['effects', 'preset_modes', 'resolution']}",C_ANYTHING_ELSE_AVAILABLE,CAMERA_3,NONE,So this is the only model you have in your shop,PRESENT_X,CAMERA_3,S_INTRODUCES_CAMERA,CAMERA_2,,Let me show you this. Here we have the Fujifilm Lumix ILC Camera.,PRESENT_X,CAMERA_2,39~64
962,8,CAMERA_2,"['CAMERA_3', 'CAMERA_2']","{'CAMERA_1': [], 'CAMERA_2': ['preset_modes'], 'CAMERA_3': ['effects', 'preset_modes', 'resolution']}",C_QUESTION_ABOUT_FEATURE,CAMERA_2,preset_modes,does this camera support for preset mode,PRESENT_X,CAMERA_2,S_NOT_SURE,CAMERA_2,,I'm not really sure about that.,PRESENT_X,CAMERA_2,
962,9,CAMERA_2,"['CAMERA_3', 'CAMERA_2']","{'CAMERA_1': [], 'CAMERA_2': ['preset_modes', 'optical_zoom'], 'CAMERA_3': ['effects', 'preset_modes', 'resolution']}",C_QUESTION_ABOUT_FEATURE,CAMERA_2,optical_zoom,I see what about the optical zoom,PRESENT_X,CAMERA_2,S_ANSWERS_QUESTION_ABOUT_FEATURE,CAMERA_2,optical_zoom,This one has 21x optical zoom.,PRESENT_X,CAMERA_2,13~29
962,10,CAMERA_2,"['CAMERA_3', 'CAMERA_2']","{'CAMERA_1': [], 'CAMERA_2': ['preset_modes', 'optical_zoom', 'resolution'], 'CAMERA_3': ['effects', 'preset_modes', 'resolution']}",C_SILENT_OR_BACKCHANNEL,CAMERA_2,NONE,uh huh I just want to see the cameras,PRESENT_X,CAMERA_2,S_INTRODUCES_FEATURE,CAMERA_2,resolution,This one has 23.8 megapixels resolution.,PRESENT_X,CAMERA_2,13~28
962,11,CAMERA_2,"['CAMERA_3', 'CAMERA_2']","{'CAMERA_1': [], 'CAMERA_2': ['preset_modes', 'optical_zoom', 'resolution', 'camera_type'], 'CAMERA_3': ['effects', 'preset_modes', 'resolution']}",C_SILENT_OR_BACKCHANNEL,CAMERA_2,NONE,uh huh I just want to see the cameras,PRESENT_X,CAMERA_2,S_INTRODUCES_FEATURE,CAMERA_2,camera_type,This is a digital single lens mirrorless camera.,PRESENT_X,CAMERA_2,10~40
962,12,CAMERA_2,"['CAMERA_3', 'CAMERA_2']","{'CAMERA_1': [], 'CAMERA_2': ['preset_modes', 'optical_zoom', 'resolution', 'camera_type', 'weight'], 'CAMERA_3': ['effects', 'preset_modes', 'resolution']}",C_SILENT_OR_BACKCHANNEL,CAMERA_2,NONE,yeah actually looks very good,PRESENT_X,CAMERA_2,S_INTRODUCES_FEATURE,CAMERA_2,weight,This one weighs 820 grams.,PRESENT_X,CAMERA_2,16~25
962,13,CAMERA_2,"['CAMERA_3', 'CAMERA_2']","{'CAMERA_1': [], 'CAMERA_2': ['preset_modes', 'optical_zoom', 'resolution', 'camera_type', 'weight', 'effects'], 'CAMERA_3': ['effects', 'preset_modes', 'resolution']}",C_QUESTION_ABOUT_FEATURE,CAMERA_2,effects,I don't sense as a cystic effect mode what does that do,PRESENT_X,CAMERA_2,S_ANSWERS_QUESTION_ABOUT_FEATURE,CAMERA_2,effects,"This one has 24 artistic effect modes (retro, lighter or darker skin tones, sepia, etc.).",PRESENT_X,CAMERA_2,13~88
962,14,NONE,"['CAMERA_3', 'CAMERA_2']","{'CAMERA_1': [], 'CAMERA_2': ['preset_modes', 'optical_zoom', 'resolution', 'camera_type', 'weight', 'effects'], 'CAMERA_3': ['effects', 'preset_modes', 'resolution']}",C_THANK_YOU,CAMERA_2,NONE,thank you,PRESENT_X,CAMERA_2,S_THANK_YOU,CAMERA_2,NONE,thank you very much.,FACE_TO_FACE,NONE,
962,15,NONE,"['CAMERA_3', 'CAMERA_2']","{'CAMERA_1': [], 'CAMERA_2': ['preset_modes', 'optical_zoom', 'resolution', 'camera_type', 'weight', 'effects'], 'CAMERA_3': ['effects', 'preset_modes', 'resolution']}",C_LEAVES,DOOR,NONE,,FACE_TO_FACE,NONE,S_RETURNS_TO_COUNTER,SERVICE_COUNTER,NONE,,WAITING,NONE,
963,1,NONE,[],"{'CAMERA_1': [], 'CAMERA_2': [], 'CAMERA_3': []}",C_ENTERS,DOOR,NONE,,WAITING,NONE,S_NONE,SERVICE_COUNTER,NONE,,WAITING,NONE,
963,2,NONE,[],"{'CAMERA_1': [], 'CAMERA_2': [], 'CAMERA_3': []}",C_WALKS_TO_CAMERA,CAMERA_1,NONE,,WAITING,NONE,S_GREETS,CAMERA_1,NONE,can I help you?,FACE_TO_FACE,NONE,
963,3,CAMERA_1,['CAMERA_1'],"{'CAMERA_1': [], 'CAMERA_2': [], 'CAMERA_3': []}",C_LOOKING_FOR_A_CAMERA,CAMERA_1,NONE,well I'm not sure I quite know what I want to,FACE_TO_FACE,NONE,S_INTRODUCES_CAMERA,CAMERA_1,,Let me show you this. Here we have the Sony PowerShot ELPH DMC-ZS3.,PRESENT_X,CAMERA_1,39~66
963,4,CAMERA_1,['CAMERA_1'],"{'CAMERA_1': ['color'], 'CAMERA_2': [], 'CAMERA_3': []}",C_QUESTION_ABOUT_FEATURE,CAMERA_1,color,in how many colors does it come in,PRESENT_X,CAMERA_1,S_ANSWERS_QUESTION_ABOUT_FEATURE,CAMERA_1,color,This one comes in blue or black.,PRESENT_X,CAMERA_1,18~31
963,5,CAMERA_3,"['CAMERA_1', 'CAMERA_3']","{'CAMERA_1': ['color'], 'CAMERA_2': [], 'CAMERA_3': []}",C_ANYTHING_ELSE_AVAILABLE,CAMERA_1,NONE,oh I see that's very interesting do you have any other cameras that you can recommend me,PRESENT_X,CAMERA_1,S_INTRODUCES_CAMERA,CAMERA_3,,Let me show you this. Here we have the Fujifilm PowerShot ELPH S2800.,PRESENT_X,CAMERA_3,39~68
963,6,CAMERA_3,"['CAMERA_1', 'CAMERA_3']","{'CAMERA_1': ['color'], 'CAMERA_2': [], 'CAMERA_3': ['preset_modes']}",C_SILENT_OR_BACKCHANNEL,CAMERA_3,NONE,uh huh I say,PRESENT_X,CAMERA_3,S_INTRODUCES_FEATURE,CAMERA_3,preset_modes,This one has various preset modes.,PRESENT_X,CAMERA_3,13~33
963,7,CAMERA_3,"['CAMERA_1', 'CAMERA_3']","{'CAMERA_1': ['color'], 'CAMERA_2': [], 'CAMERA_3': ['preset_modes', 'settings']}",C_QUESTION_ABOUT_FEATURE,CAMERA_3,settings,How many manual settings on this,PRESENT_X,CAMERA_3,S_ANSWERS_QUESTION_ABOUT_FEATURE,CAMERA_3,settings,"This one has manual control and various automatic settings (video modeburst shooting, etc.).",PRESENT_X,CAMERA_3,13~91
963,8,CAMERA_3,"['CAMERA_1', 'CAMERA_3']","{'CAMERA_1': ['color'], 'CAMERA_2': [], 'CAMERA_3': ['preset_modes', 'settings', 'resolution']}",C_QUESTION_ABOUT_FEATURE,CAMERA_3,resolution,does the screen touch screen,PRESENT_X,CAMERA_3,S_ANSWERS_QUESTION_ABOUT_FEATURE,CAMERA_3,resolution,This one has 23.2 megapixels resolution.,PRESENT_X,CAMERA_3,13~28
963,9,CAMERA_3,"['CAMERA_1', 'CAMERA_3']","{'CAMERA_1': ['color'], 'CAMERA_2': [], 'CAMERA_3': ['preset_modes', 'settings', 'resolution', 'color']}",C_QUESTION_ABOUT_FEATURE,CAMERA_3,color,is there any other colors for this camera,PRESENT_X,CAMERA_3,S_ANSWERS_QUESTION_ABOUT_FEATURE,CAMERA_3,color,"This one comes in purple, white, silver, blue, red, or pink.",PRESENT_X,CAMERA_3,18~59
963,10,CAMERA_3,"['CAMERA_1', 'CAMERA_3']","{'CAMERA_1': ['color'], 'CAMERA_2': [], 'CAMERA_3': ['preset_modes', 'settings', 'resolution', 'color', 'weight']}",C_QUESTION_ABOUT_FEATURE,CAMERA_3,weight,I actually do it this way to write how much is it,PRESENT_X,CAMERA_3,S_ANSWERS_QUESTION_ABOUT_FEATURE,CAMERA_3,weight,This one weighs 820 grams.,PRESENT_X,CAMERA_3,16~25
963,11,CAMERA_2,"['CAMERA_1', 'CAMERA_3', 'CAMERA_2']","{'CAMERA_1': ['color'], 'CAMERA_2': [], 'CAMERA_3': ['preset_modes', 'settings', 'resolution', 'color', 'weight']}",C_ANYTHING_ELSE_AVAILABLE,CAMERA_3,NONE,ok do you have any other cameras,PRESENT_X,CAMERA_3,S_INTRODUCES_CAMERA,CAMERA_2,,Let me show you this. Here we have the Fujifilm Lumix ILC Camera.,PRESENT_X,CAMERA_2,39~64
963,12,CAMERA_2,"['CAMERA_1', 'CAMERA_3', 'CAMERA_2']","{'CAMERA_1': ['color'], 'CAMERA_2': ['camera_type'], 'CAMERA_3': ['preset_modes', 'settings', 'resolution', 'color', 'weight']}",C_QUESTION_ABOUT_FEATURE,CAMERA_2,camera_type,what kind of camera is this,PRESENT_X,CAMERA_2,S_ANSWERS_QUESTION_ABOUT_FEATURE,CAMERA_2,camera_type,This is a digital single lens mirrorless camera.,PRESENT_X,CAMERA_2,10~40
963,13,NONE,"['CAMERA_1', 'CAMERA_3', 'CAMERA_2']","{'CAMERA_1': ['color'], 'CAMERA_2': ['camera_type'], 'CAMERA_3': ['preset_modes', 'settings', 'resolution', 'color', 'weight']}",C_THANK_YOU,CAMERA_2,NONE,thanks for your help,PRESENT_X,CAMERA_2,S_THANK_YOU,CAMERA_2,NONE,thank you very much.,FACE_TO_FACE,NONE,
963,14,NONE,"['CAMERA_1', 'CAMERA_3', 'CAMERA_2']","{'CAMERA_1': ['color'], 'CAMERA_2': ['camera_type'], 'CAMERA_3': ['preset_modes', 'settings', 'resolution', 'color', 'weight']}",C_LEAVES,DOOR,NONE,,FACE_TO_FACE,NONE,S_RETURNS_TO_COUNTER,SERVICE_COUNTER,NONE,,WAITING,NONE,
964,1,NONE,[],"{'CAMERA_1': [], 'CAMERA_2': [], 'CAMERA_3': []}",C_ENTERS,DOOR,NONE,,WAITING,NONE,S_NONE,SERVICE_COUNTER,NONE,,WAITING,NONE,
964,2,NONE,[],"{'CAMERA_1': [], 'CAMERA_2': [], 'CAMERA_3': []}",C_WALKS_TO_CAMERA,CAMERA_1,NONE,,WAITING,NONE,S_NONE,SERVICE_COUNTER,NONE,,WAITING,NONE,
964,3,NONE,[],"{'CAMERA_1': [], 'CAMERA_2': [], 'CAMERA_3': []}",C_EXAMINES_CAMERA,CAMERA_1,NONE,,WAITING,NONE,S_GREETS,CAMERA_1,NONE,can I help you?,FACE_TO_FACE,NONE,
964,4,CAMERA_2,['CAMERA_2'],"{'CAMERA_1': [], 'CAMERA_2': [], 'CAMERA_3': []}",C_LOOKING_FOR_A_CAMERA,CAMERA_1,NONE,could you recommend me a good camera,FACE_TO_FACE,NONE,S_INTRODUCES_CAMERA,CAMERA_2,,Let me show you this. Here we have the Fujifilm Lumix ILC Camera.,PRESENT_X,CAMERA_2,39~64
964,5,CAMERA_2,['CAMERA_2'],"{'CAMERA_1': [], 'CAMERA_2': ['color'], 'CAMERA_3': []}",C_QUESTION_ABOUT_FEATURE,CAMERA_2,color,Does this one come in any other color,PRESENT_X,CAMERA_2,S_ANSWERS_QUESTION_ABOUT_FEATURE,CAMERA_2,color,This one comes in white or pink.,PRESENT_X,CAMERA_2,18~31
964,6,CAMERA_2,['CAMERA_2'],"{'CAMERA_1': [], 'CAMERA_2': ['color', 'settings'], 'CAMERA_3': []}",C_SILENT_OR_BACKCHANNEL,CAMERA_2,NONE,ok,PRESENT_X,CAMERA_2,S_INTRODUCES_FEATURE,CAMERA_2,settings,"This one has manual control and various automatic settings (video modeburst shooting, etc.).",PRESENT_X,CAMERA_2,13~91
964,7,CAMERA_2,['CAMERA_2'],"{'CAMERA_1': [], 'CAMERA_2': ['color', 'settings', 'sensor_size'], 'CAMERA_3': []}",C_QUESTION_ABOUT_FEATURE,CAMERA_2,sensor_size,how big is the sensor,PRESENT_X,CAMERA_2,S_ANSWERS_QUESTION_ABOUT_FEATURE,CAMERA_2,sensor_size,This one has a 1/2.33 inch sensor.,PRESENT_X,CAMERA_2,15~33
964,8,CAMERA_2,['CAMERA_2'],"{'CAMERA_1': [], 'CAMERA_2': ['color', 'settings', 'sensor_size', 'ISO'], 'CAMERA_3': []}",C_QUESTION_ABOUT_FEATURE,CAMERA_2,ISO,how is the ISO performance,PRESENT_X,CAMERA_2,S_NOT_SURE,CAMERA_2,,I'm not really sure about that.,PRESENT_X,CAMERA_2,
964,9,NONE,['CAMERA_2'],"{'CAMERA_1': [], 'CAMERA_2': ['color', 'settings', 'sensor_size', 'ISO'], 'CAMERA_3': []}",C_THANK_YOU,CAMERA_2,NONE,thank you,PRESENT_X,CAMERA_2,S_THANK_YOU,CAMERA_2,NONE,thank you very much.,FACE_TO_FACE,NONE,
964,10,NONE,['CAMERA_2'],"{'CAMERA_1': [], 'CAMERA_2': ['color', 'settings', 'sensor_size', 'ISO'], 'CAMERA_3': []}",C_LEAVES,DOOR,NONE,,FACE_TO_FACE,NONE,S_RETURNS_TO_COUNTER,SERVICE_COUNTER,NONE,,WAITING,NONE,
965,1,NONE,[],"{'CAMERA_1': [], 'CAMERA_2': [], 'CAMERA_3': []}",C_ENTERS,DOOR,NONE,,WAITING,NONE,S_NONE,SERVICE_COUNTER,NONE,,WAITING,NONE,
965,2,NONE,[],"{'CAMERA_1': [], 'CAMERA_2': [], 'CAMERA_3': []}",C_WALKS_TO_CAMERA,CAMERA_1,NONE,,WAITING,NONE,S_GREETS,CAMERA_1,NONE,can I help you?,FACE_TO_FACE,NONE,
965,3,CAMERA_3,['CAMERA_3'],"{'CAMERA_1': [], 'CAMERA_2': [], 'CAMERA_3': []}",C_LOOKING_FOR_A_CAMERA,CAMERA_1,NONE,hi good afternoon I'm looking for a camera that has a high I just saw with low noise and this is very important for me,FACE_TO_FACE,NONE,S_INTRODUCES_CAMERA,CAMERA_3,,Let me show you this. Here we have the Fujifilm PowerShot ELPH S2800.,PRESENT_X,CAMERA_3,39~68
965,4,CAMERA_3,['CAMERA_3'],"{'CAMERA_1': [], 'CAMERA_2': [], 'CAMERA_3': ['weight']}",C_SILENT_OR_BACKCHANNEL,CAMERA_3,NONE,great,PRESENT_X,CAMERA_3,S_INTRODUCES_FEATURE,CAMERA_3,weight,This one weighs 820 grams.,PRESENT_X,CAMERA_3,16~25
965,5,CAMERA_2,"['CAMERA_3', 'CAMERA_2']","{'CAMERA_1': [], 'CAMERA_2': [], 'CAMERA_3': ['weight']}",C_ANYTHING_ELSE_AVAILABLE,CAMERA_3,NONE,Do you have other cameras that I could afford,PRESENT_X,CAMERA_3,S_INTRODUCES_CAMERA,CAMERA_2,,Let me show you this. Here we have the Fujifilm Lumix ILC Camera.,PRESENT_X,CAMERA_2,39~64
965,6,CAMERA_2,"['CAMERA_3', 'CAMERA_2']","{'CAMERA_1': [], 'CAMERA_2': ['optical_zoom'], 'CAMERA_3': ['weight']}",C_SILENT_OR_BACKCHANNEL,CAMERA_2,NONE,yeah,PRESENT_X,CAMERA_2,S_INTRODUCES_FEATURE,CAMERA_2,optical_zoom,This one has 21x optical zoom.,PRESENT_X,CAMERA_2,13~29
965,7,CAMERA_2,"['CAMERA_3', 'CAMERA_2']","{'CAMERA_1': [], 'CAMERA_2': ['optical_zoom', 'camera_type'], 'CAMERA_3': ['weight']}",C_SILENT_OR_BACKCHANNEL,CAMERA_2,NONE,sounds good,PRESENT_X,CAMERA_2,S_INTRODUCES_FEATURE,CAMERA_2,camera_type,This is a digital single lens mirrorless camera.,PRESENT_X,CAMERA_2,10~40
965,8,CAMERA_2,"['CAMERA_3', 'CAMERA_2']","{'CAMERA_1': [], 'CAMERA_2': ['optical_zoom', 'camera_type', 'long_exposure'], 'CAMERA_3': ['weight']}",C_SILENT_OR_BACKCHANNEL,CAMERA_2,NONE,IC,PRESENT_X,CAMERA_2,S_INTRODUCES_FEATURE,CAMERA_2,long_exposure,This one can take long exposures up to 60 minutes max with bulb mode.,PRESENT_X,CAMERA_2,39~68
965,9,NONE,"['CAMERA_3', 'CAMERA_2']","{'CAMERA_1': [], 'CAMERA_2': ['optical_zoom', 'camera_type', 'long_exposure'], 'CAMERA_3': ['weight']}",C_THANK_YOU,CAMERA_2,NONE,I see thanks for your help,PRESENT_X,CAMERA_2,S_THANK_YOU,CAMERA_2,NONE,thank you very much.,FACE_TO_FACE,NONE,
965,10,NONE,"['CAMERA_3', 'CAMERA_2']","{'CAMERA_1': [], 'CAMERA_2': ['optical_zoom', 'camera_type', 'long_exposure'], 'CAMERA_3': ['weight']}",C_LEAVES,DOOR,NONE,,FACE_TO_FACE,NONE,S_RETURNS_TO_COUNTER,SERVICE_COUNTER,NONE,,WAITING,NONE,
966,1,NONE,[],"{'CAMERA_1': [], 'CAMERA_2': [], 'CAMERA_3': []}",C_ENTERS,DOOR,NONE,,WAITING,NONE,S_NONE,SERVICE_COUNTER,NONE,,WAITING,NONE,
966,2,NONE,[],"{'CAMERA_1': [], 'CAMERA_2': [], 'CAMERA_3': []}",C_GREETS,MIDDLE,NONE,Hi can you help me,WAITING,NONE,S_GREETS,MIDDLE,NONE,can I help you?,FACE_TO_FACE,NONE,
966,3,CAMERA_3,['CAMERA_3'],"{'CAMERA_1': [], 'CAMERA_2': [], 'CAMERA_3': []}",C_LOOKING_FOR_A_CAMERA,MIDDLE,NONE,hi good afternoon I'm looking for a camera that has a high I just saw with low noise and this is very important for me,FACE_TO_FACE,NONE,S_INTRODUCES_CAMERA,CAMERA_3,,Let me show you this. Here we have the Fujifilm PowerShot ELPH S2800.,PRESENT_X,CAMERA_3,39~68
966,4,CAMERA_3,['CAMERA_3'],"{'CAMERA_1': [], 'CAMERA_2': [], 'CAMERA_3': ['settings']}",C_QUESTION_ABOUT_FEATURE,CAMERA_3,settings,is this full manual,PRESENT_X,CAMERA_3,S_ANSWERS_QUESTION_ABOUT_FEATURE,CAMERA_3,settings,"This one has manual control and various automatic settings (video modeburst shooting, etc.).",PRESENT_X,CAMERA_3,13~91
966,5,CAMERA_3,['CAMERA_3'],"{'CAMERA_1': [], 'CAMERA_2': [], 'CAMERA_3': ['settings', 'effects']}",C_QUESTION_ABOUT_FEATURE,CAMERA_3,effects,what kind of effects does it have,PRESENT_X,CAMERA_3,S_ANSWERS_QUESTION_ABOUT_FEATURE,CAMERA_3,effects,"This one has 21 photo effects (small face, retro, big eyes, etc.).",PRESENT_X,CAMERA_3,13~65
966,6,CAMERA_3,['CAMERA_3'],"{'CAMERA_1': [], 'CAMERA_2': [], 'CAMERA_3': ['settings', 'effects', 'weight']}",C_SILENT_OR_BACKCHANNEL,CAMERA_3,NONE,IC,PRESENT_X,CAMERA_3,S_INTRODUCES_FEATURE,CAMERA_3,weight,This one weighs 820 grams.,PRESENT_X,CAMERA_3,16~25
966,7,CAMERA_3,['CAMERA_3'],"{'CAMERA_1': [], 'CAMERA_2': [], 'CAMERA_3': ['settings', 'effects', 'weight', 'sensor_size']}",C_QUESTION_ABOUT_FEATURE,CAMERA_3,sensor_size,what about the sensor size,PRESENT_X,CAMERA_3,S_ANSWERS_QUESTION_ABOUT_FEATURE,CAMERA_3,sensor_size,This one has a full frame.,PRESENT_X,CAMERA_3,15~25
966,8,CAMERA_3,['CAMERA_3'],"{'CAMERA_1': [], 'CAMERA_2': [], 'CAMERA_3': ['settings', 'effects', 'weight', 'sensor_size', 'ISO']}",C_QUESTION_ABOUT_FEATURE,CAMERA_3,ISO,what is a ISO on a camera,PRESENT_X,CAMERA_3,S_ANSWERS_QUESTION_ABOUT_FEATURE,CAMERA_3,ISO,This one has up to 3200 ISO with little noise.,PRESENT_X,CAMERA_3,13~45
966,9,CAMERA_3,['CAMERA_3'],"{'CAMERA_1': [], 'CAMERA_2': [], 'CAMERA_3': ['settings', 'effects', 'weight', 'sensor_size', 'ISO', 'resolution']}",C_SILENT_OR_BACKCHANNEL,CAMERA_3,NONE,ok not too bad not too bad,PRESENT_X,CAMERA_3,S_INTRODUCES_FEATURE,CAMERA_3,resolution,This one has 23.2 megapixels resolution.,PRESENT_X,CAMERA_3,13~28
966,10,CAMERA_1,"['CAMERA_3', 'CAMERA_1']","{'CAMERA_1': [], 'CAMERA_2': [], 'CAMERA_3': ['settings', 'effects', 'weight', 'sensor_size', 'ISO', 'resolution']}",C_ANYTHING_ELSE_AVAILABLE,CAMERA_3,NONE,do you have any other cameras that are in this kind,PRESENT_X,CAMERA_3,S_INTRODUCES_CAMERA,CAMERA_1,,Let me show you this. Here we have the Sony PowerShot ELPH DMC-ZS3.,PRESENT_X,CAMERA_1,39~66
966,11,CAMERA_1,"['CAMERA_3', 'CAMERA_1']","{'CAMERA_1': ['camera_type'], 'CAMERA_2': [], 'CAMERA_3': ['settings', 'effects', 'weight', 'sensor_size', 'ISO', 'resolution']}",C_QUESTION_ABOUT_FEATURE,CAMERA_1,camera_type,is this a point and shoot camera,PRESENT_X,CAMERA_1,S_ANSWERS_QUESTION_ABOUT_FEATURE,CAMERA_1,camera_type,This is a DSLR camera.,PRESENT_X,CAMERA_1,10~14
966,12,CAMERA_1,"['CAMERA_3', 'CAMERA_1']","{'CAMERA_1': ['camera_type', 'preset_modes'], 'CAMERA_2': [], 'CAMERA_3': ['settings', 'effects', 'weight', 'sensor_size', 'ISO', 'resolution']}",C_QUESTION_ABOUT_FEATURE,CAMERA_1,preset_modes,does it have dog mode,PRESENT_X,CAMERA_1,S_NOT_SURE,CAMERA_1,,I'm not really sure about that.,PRESENT_X,CAMERA_1,
966,13,NONE,"['CAMERA_3', 'CAMERA_1']","{'CAMERA_1': ['camera_type', 'preset_modes'], 'CAMERA_2': [], 'CAMERA_3': ['settings', 'effects', 'weight', 'sensor_size', 'ISO', 'resolution']}",C_THANK_YOU,CAMERA_1,NONE,okay alright thank you have a look around,PRESENT_X,CAMERA_1,S_THANK_YOU,CAMERA_1,NONE,thank you very much.,FACE_TO_FACE,NONE,
966,14,NONE,"['CAMERA_3', 'CAMERA_1']","{'CAMERA_1': ['camera_type', 'preset_modes'], 'CAMERA_2': [], 'CAMERA_3': ['settings', 'effects', 'weight', 'sensor_size', 'ISO', 'resolution']}",C_LEAVES,DOOR,NONE,,FACE_TO_FACE,NONE,S_RETURNS_TO_COUNTER,SERVICE_COUNTER,NONE,,WAITING,NONE,
967,1,NONE,[],"{'CAMERA_1': [], 'CAMERA_2': [], 'CAMERA_3': []}",C_ENTERS,DOOR,NONE,,WAITING,NONE,S_NONE,SERVICE_COUNTER,NONE,,WAITING,NONE,
967,2,NONE,[],"{'CAMERA_1': [], 'CAMERA_2': [], 'CAMERA_3': []}",C_WALKS_TO_CAMERA,CAMERA_2,NONE,,WAITING,NONE,S_GREETS,CAMERA_2,NONE,can I help you?,FACE_TO_FACE,NONE,
967,3,CAMERA_1,['CAMERA_1'],"{'CAMERA_1': [], 'CAMERA_2': [], 'CAMERA_3': []}",C_LOOKING_FOR_A_CAMERA,CAMERA_2,NONE,I am looking for a camera with them filters on it,FACE_TO_FACE,NONE,S_INTRODUCES_CAMERA,CAMERA_1,,Let me show you this. Here we have the Sony PowerShot ELPH DMC-ZS3.,PRESENT_X,CAMERA_1,39~66
967,4,CAMERA_1,['CAMERA_1'],"{'CAMERA_1': ['autofocus_points'], 'CAMERA_2': [], 'CAMERA_3': []}",C_SILENT_OR_BACKCHANNEL,CAMERA_1,NONE,alright so I say,PRESENT_X,CAMERA_1,S_INTRODUCES_FEATURE,CAMERA_1,autofocus_points,This one has 135 autofocus points.,PRESENT_X,CAMERA_1,13~33
967,5,CAMERA_1,['CAMERA_1'],"{'CAMERA_1': ['autofocus_points', 'effects'], 'CAMERA_2': [], 'CAMERA_3': []}",C_QUESTION_ABOUT_FEATURE,CAMERA_1,effects,and what about this artistic artistic effect mode ,PRESENT_X,CAMERA_1,S_ANSWERS_QUESTION_ABOUT_FEATURE,CAMERA_1,effects,"This one has 24 glamor retouch effects (miniature, retro, toy camera, etc.).",PRESENT_X,CAMERA_1,13~75
967,6,CAMERA_1,['CAMERA_1'],"{'CAMERA_1': ['autofocus_points', 'effects', 'settings'], 'CAMERA_2': [], 'CAMERA_3': []}",C_SILENT_OR_BACKCHANNEL,CAMERA_1,NONE,okay good,PRESENT_X,CAMERA_1,S_INTRODUCES_FEATURE,CAMERA_1,settings,This one has limited manual settings.,PRESENT_X,CAMERA_1,13~36
967,7,CAMERA_1,['CAMERA_1'],"{'CAMERA_1': ['autofocus_points', 'effects', 'settings', 'long_exposure'], 'CAMERA_2': [], 'CAMERA_3': []}",C_QUESTION_ABOUT_FEATURE,CAMERA_1,long_exposure,can you do long exposure shoot,PRESENT_X,CAMERA_1,S_ANSWERS_QUESTION_ABOUT_FEATURE,CAMERA_1,long_exposure,This one can take long exposures up to up to 15 seconds with Long Shutter Mode.,PRESENT_X,CAMERA_1,39~78
967,8,CAMERA_1,['CAMERA_1'],"{'CAMERA_1': ['autofocus_points', 'effects', 'settings', 'long_exposure', 'ISO'], 'CAMERA_2': [], 'CAMERA_3': []}",C_SILENT_OR_BACKCHANNEL,CAMERA_1,NONE,ok,PRESENT_X,CAMERA_1,S_INTRODUCES_FEATURE,CAMERA_1,ISO,This one has up to 51200 ISO.,PRESENT_X,CAMERA_1,13~28
967,9,NONE,['CAMERA_1'],"{'CAMERA_1': ['autofocus_points', 'effects', 'settings', 'long_exposure', 'ISO'], 'CAMERA_2': [], 'CAMERA_3': []}",C_THANK_YOU,CAMERA_1,NONE,ok thank you,PRESENT_X,CAMERA_1,S_THANK_YOU,CAMERA_1,NONE,thank you very much.,FACE_TO_FACE,NONE,
967,10,NONE,['CAMERA_1'],"{'CAMERA_1': ['autofocus_points', 'effects', 'settings', 'long_exposure', 'ISO'], 'CAMERA_2': [], 'CAMERA_3': []}",C_LEAVES,DOOR,NONE,,FACE_TO_FACE,NONE,S_RETURNS_TO_COUNTER,SERVICE_COUNTER,NONE,,WAITING,NONE,
968,1,NONE,[],"{'CAMERA_1': [], 'CAMERA_2': [], 'CAMERA_3': []}",C_ENTERS,DOOR,NONE,,WAITING,NONE,S_NONE,SERVICE_COUNTER,NONE,,WAITING,NONE,
968,2,NONE,[],"{'CAMERA_1': [], 'CAMERA_2': [], 'CAMERA_3': []}",C_GREETS,MIDDLE,NONE,excuse me,WAITING,NONE,S_GREETS,MIDDLE,NONE,can I help you?,FACE_TO_FACE,NONE,
968,3,CAMERA_1,['CAMERA_1'],"{'CAMERA_1': [], 'CAMERA_2': [], 'CAMERA_3': []}",C_LOOKING_FOR_A_CAMERA,MIDDLE,NONE,I'm looking for a camera,FACE_TO_FACE,NONE,S_INTRODUCES_CAMERA,CAMERA_1,,Let me show you this. Here we have the Sony PowerShot ELPH DMC-ZS3.,PRESENT_X,CAMERA_1,39~66
968,4,CAMERA_1,['CAMERA_1'],"{'CAMERA_1': ['sensor_size'], 'CAMERA_2': [], 'CAMERA_3': []}",C_SILENT_OR_BACKCHANNEL,CAMERA_1,NONE,great so no matter how bad the light that can be photoshopped or modified on my computer,PRESENT_X,CAMERA_1,S_INTRODUCES_FEATURE,CAMERA_1,sensor_size,This one has a 1/2.3 inch CMOS sensor.,PRESENT_X,CAMERA_1,15~37
968,5,CAMERA_1,['CAMERA_1'],"{'CAMERA_1': ['sensor_size', 'long_exposure'], 'CAMERA_2': [], 'CAMERA_3': []}",C_QUESTION_ABOUT_FEATURE,CAMERA_1,long_exposure,what's up with the long exposure,PRESENT_X,CAMERA_1,S_ANSWERS_QUESTION_ABOUT_FEATURE,CAMERA_1,long_exposure,This one can take long exposures up to up to 15 seconds with Long Shutter Mode.,PRESENT_X,CAMERA_1,39~78
968,6,CAMERA_1,['CAMERA_1'],"{'CAMERA_1': ['sensor_size', 'long_exposure', 'resolution'], 'CAMERA_2': [], 'CAMERA_3': []}",C_SILENT_OR_BACKCHANNEL,CAMERA_1,NONE,good,PRESENT_X,CAMERA_1,S_INTRODUCES_FEATURE,CAMERA_1,resolution,This one has 17.8 megapixels resolution.,PRESENT_X,CAMERA_1,13~28
968,7,NONE,['CAMERA_1'],"{'CAMERA_1': ['sensor_size', 'long_exposure', 'resolution'], 'CAMERA_2': [], 'CAMERA_3': []}",C_THANK_YOU,CAMERA_1,NONE,thank you very much thank you,PRESENT_X,CAMERA_1,S_THANK_YOU,CAMERA_1,NONE,thank you very much.,FACE_TO_FACE,NONE,
968,8,NONE,['CAMERA_1'],"{'CAMERA_1': ['sensor_size', 'long_exposure', 'resolution'], 'CAMERA_2': [], 'CAMERA_3': []}",C_LEAVES,DOOR,NONE,,FACE_TO_FACE,NONE,S_RETURNS_TO_COUNTER,SERVICE_COUNTER,NONE,,WAITING,NONE,
969,1,NONE,[],"{'CAMERA_1': [], 'CAMERA_2': [], 'CAMERA_3': []}",C_ENTERS,DOOR,NONE,,WAITING,NONE,S_NONE,SERVICE_COUNTER,NONE,,WAITING,NONE,
969,2,NONE,[],"{'CAMERA_1': [], 'CAMERA_2': [], 'CAMERA_3': []}",C_GREETS,MIDDLE,NONE,kiss me can I ask you something,WAITING,NONE,S_GREETS,MIDDLE,NONE,can I help you?,FACE_TO_FACE,NONE,
969,3,CAMERA_2,['CAMERA_2'],"{'CAMERA_1': [], 'CAMERA_2': [], 'CAMERA_3': []}",C_LOOKING_FOR_A_CAMERA,MIDDLE,NONE,take a look at your cameras,FACE_TO_FACE,NONE,S_INTRODUCES_CAMERA,CAMERA_2,,Let me show you this. Here we have the Fujifilm Lumix ILC Camera.,PRESENT_X,CAMERA_2,39~64
969,4,CAMERA_2,['CAMERA_2'],"{'CAMERA_1': [], 'CAMERA_2': ['settings'], 'CAMERA_3': []}",C_QUESTION_ABOUT_FEATURE,CAMERA_2,settings,what about the manual testing supposed to feel flexibility,PRESENT_X,CAMERA_2,S_ANSWERS_QUESTION_ABOUT_FEATURE,CAMERA_2,settings,"This one has manual control and various automatic settings (video modeburst shooting, etc.).",PRESENT_X,CAMERA_2,13~91
969,5,CAMERA_2,['CAMERA_2'],"{'CAMERA_1': [], 'CAMERA_2': ['settings', 'preset_modes'], 'CAMERA_3': []}",C_QUESTION_ABOUT_FEATURE,CAMERA_2,preset_modes,Does camera support for preset Morsi,PRESENT_X,CAMERA_2,S_NOT_SURE,CAMERA_2,,I'm not really sure about that.,PRESENT_X,CAMERA_2,
969,6,CAMERA_2,['CAMERA_2'],"{'CAMERA_1': [], 'CAMERA_2': ['settings', 'preset_modes', 'resolution'], 'CAMERA_3': []}",C_QUESTION_ABOUT_FEATURE,CAMERA_2,resolution,powerful is it how many megapixels can it shoot,PRESENT_X,CAMERA_2,S_ANSWERS_QUESTION_ABOUT_FEATURE,CAMERA_2,resolution,This one has 23.8 megapixels resolution.,PRESENT_X,CAMERA_2,13~28
969,7,CAMERA_1,"['CAMERA_2', 'CAMERA_1']","{'CAMERA_1': [], 'CAMERA_2': ['settings', 'preset_modes', 'resolution'], 'CAMERA_3': []}",C_ANYTHING_ELSE_AVAILABLE,CAMERA_2,NONE,I see do you have any other options that you can show me,PRESENT_X,CAMERA_2,S_INTRODUCES_CAMERA,CAMERA_1,,Let me show you this. Here we have the Sony PowerShot ELPH DMC-ZS3.,PRESENT_X,CAMERA_1,39~66
969,8,CAMERA_1,"['CAMERA_2', 'CAMERA_1']","{'CAMERA_1': ['preset_modes'], 'CAMERA_2': ['settings', 'preset_modes', 'resolution'], 'CAMERA_3': []}",C_QUESTION_ABOUT_FEATURE,CAMERA_1,preset_modes,oh I see and what about the automatic settings I just wanted to press a button and take a picture,PRESENT_X,CAMERA_1,S_NOT_SURE,CAMERA_1,,I'm not really sure about that.,PRESENT_X,CAMERA_1,
969,9,CAMERA_1,"['CAMERA_2', 'CAMERA_1']","{'CAMERA_1': ['preset_modes', 'weight'], 'CAMERA_2': ['settings', 'preset_modes', 'resolution'], 'CAMERA_3': []}",C_QUESTION_ABOUT_FEATURE,CAMERA_1,weight,okay and what's the weight,PRESENT_X,CAMERA_1,S_ANSWERS_QUESTION_ABOUT_FEATURE,CAMERA_1,weight,This one weighs 800 grams.,PRESENT_X,CAMERA_1,16~25
969,10,CAMERA_1,"['CAMERA_2', 'CAMERA_1']","{'CAMERA_1': ['preset_modes', 'weight', 'camera_type'], 'CAMERA_2': ['settings', 'preset_modes', 'resolution'], 'CAMERA_3': []}",C_QUESTION_ABOUT_FEATURE,CAMERA_1,camera_type,is this a DSLR camera,PRESENT_X,CAMERA_1,S_ANSWERS_QUESTION_ABOUT_FEATURE,CAMERA_1,camera_type,This is a DSLR camera.,PRESENT_X,CAMERA_1,10~14
969,11,CAMERA_1,"['CAMERA_2', 'CAMERA_1']","{'CAMERA_1': ['preset_modes', 'weight', 'camera_type', 'long_exposure'], 'CAMERA_2': ['settings', 'preset_modes', 'resolution'], 'CAMERA_3': []}",C_QUESTION_ABOUT_FEATURE,CAMERA_1,long_exposure,what what's the exposure how long how high does it go,PRESENT_X,CAMERA_1,S_ANSWERS_QUESTION_ABOUT_FEATURE,CAMERA_1,long_exposure,This one can take long exposures up to up to 15 seconds with Long Shutter Mode.,PRESENT_X,CAMERA_1,39~78
969,12,CAMERA_1,"['CAMERA_2', 'CAMERA_1']","{'CAMERA_1': ['preset_modes', 'weight', 'camera_type', 'long_exposure', 'sensor_size'], 'CAMERA_2': ['settings', 'preset_modes', 'resolution'], 'CAMERA_3': []}",C_QUESTION_ABOUT_FEATURE,CAMERA_1,sensor_size,what about the sensor size,PRESENT_X,CAMERA_1,S_ANSWERS_QUESTION_ABOUT_FEATURE,CAMERA_1,sensor_size,This one has a 1/2.3 inch CMOS sensor.,PRESENT_X,CAMERA_1,15~37
969,13,CAMERA_1,"['CAMERA_2', 'CAMERA_1']","{'CAMERA_1': ['preset_modes', 'weight', 'camera_type', 'long_exposure', 'sensor_size', 'price'], 'CAMERA_2': ['settings', 'preset_modes', 'resolution'], 'CAMERA_3': []}",C_QUESTION_ABOUT_FEATURE,CAMERA_1,price,okay um so how much does it cost,PRESENT_X,CAMERA_1,S_ANSWERS_QUESTION_ABOUT_FEATURE,CAMERA_1,price,This one costs $450.,PRESENT_X,CAMERA_1,15~19
969,14,NONE,"['CAMERA_2', 'CAMERA_1']","{'CAMERA_1': ['preset_modes', 'weight', 'camera_type', 'long_exposure', 'sensor_size', 'price'], 'CAMERA_2': ['settings', 'preset_modes', 'resolution'], 'CAMERA_3': []}",C_THANK_YOU,CAMERA_1,NONE,ok thank you,PRESENT_X,CAMERA_1,S_THANK_YOU,CAMERA_1,NONE,thank you very much.,FACE_TO_FACE,NONE,
969,15,NONE,"['CAMERA_2', 'CAMERA_1']","{'CAMERA_1': ['preset_modes', 'weight', 'camera_type', 'long_exposure', 'sensor_size', 'price'], 'CAMERA_2': ['settings', 'preset_modes', 'resolution'], 'CAMERA_3': []}",C_LEAVES,DOOR,NONE,,FACE_TO_FACE,NONE,S_RETURNS_TO_COUNTER,SERVICE_COUNTER,NONE,,WAITING,NONE,
970,1,NONE,[],"{'CAMERA_1': [], 'CAMERA_2': [], 'CAMERA_3': []}",C_ENTERS,DOOR,NONE,,WAITING,NONE,S_NONE,SERVICE_COUNTER,NONE,,WAITING,NONE,
970,2,NONE,[],"{'CAMERA_1': [], 'CAMERA_2': [], 'CAMERA_3': []}",C_WALKS_TO_CAMERA,CAMERA_2,NONE,,WAITING,NONE,S_GREETS,CAMERA_2,NONE,can I help you?,FACE_TO_FACE,NONE,
970,3,CAMERA_1,['CAMERA_1'],"{'CAMERA_1': [], 'CAMERA_2': [], 'CAMERA_3': []}",C_LOOKING_FOR_A_CAMERA,CAMERA_2,NONE,I am interested in photography and I'm looking for good camera is there any in the shop which you can recommend,FACE_TO_FACE,NONE,S_INTRODUCES_CAMERA,CAMERA_1,,Let me show you this. Here we have the Sony PowerShot ELPH DMC-ZS3.,PRESENT_X,CAMERA_1,39~66
970,4,CAMERA_1,['CAMERA_1'],"{'CAMERA_1': ['sensor_size'], 'CAMERA_2': [], 'CAMERA_3': []}",C_QUESTION_ABOUT_FEATURE,CAMERA_1,sensor_size,the sensor on this phone is it full frame,PRESENT_X,CAMERA_1,S_ANSWERS_QUESTION_ABOUT_FEATURE,CAMERA_1,sensor_size,This one has a 1/2.3 inch CMOS sensor.,PRESENT_X,CAMERA_1,15~37
970,5,CAMERA_1,['CAMERA_1'],"{'CAMERA_1': ['sensor_size', 'camera_type'], 'CAMERA_2': [], 'CAMERA_3': []}",C_QUESTION_ABOUT_FEATURE,CAMERA_1,camera_type,is this a DSLR camera,PRESENT_X,CAMERA_1,S_ANSWERS_QUESTION_ABOUT_FEATURE,CAMERA_1,camera_type,This is a DSLR camera.,PRESENT_X,CAMERA_1,10~14
970,6,CAMERA_1,['CAMERA_1'],"{'CAMERA_1': ['sensor_size', 'camera_type', 'color'], 'CAMERA_2': [], 'CAMERA_3': []}",C_SILENT_OR_BACKCHANNEL,CAMERA_1,NONE,okay,PRESENT_X,CAMERA_1,S_INTRODUCES_FEATURE,CAMERA_1,color,This one comes in blue or black.,PRESENT_X,CAMERA_1,18~31
970,7,CAMERA_2,"['CAMERA_1', 'CAMERA_2']","{'CAMERA_1': ['sensor_size', 'camera_type', 'color'], 'CAMERA_2': [], 'CAMERA_3': []}",C_ANYTHING_ELSE_AVAILABLE,CAMERA_1,NONE,I see do you have any other options that you can show me,PRESENT_X,CAMERA_1,S_INTRODUCES_CAMERA,CAMERA_2,,Let me show you this. Here we have the Fujifilm Lumix ILC Camera.,PRESENT_X,CAMERA_2,39~64
970,8,CAMERA_2,"['CAMERA_1', 'CAMERA_2']","{'CAMERA_1': ['sensor_size', 'camera_type', 'color'], 'CAMERA_2': ['autofocus_points'], 'CAMERA_3': []}",C_QUESTION_ABOUT_FEATURE,CAMERA_2,autofocus_points,and for this model how many auto focus points does it have,PRESENT_X,CAMERA_2,S_NOT_SURE,CAMERA_2,,I'm not really sure about that.,PRESENT_X,CAMERA_2,
970,9,CAMERA_3,"['CAMERA_1', 'CAMERA_2', 'CAMERA_3']","{'CAMERA_1': ['sensor_size', 'camera_type', 'color'], 'CAMERA_2': ['autofocus_points'], 'CAMERA_3': []}",C_ANYTHING_ELSE_AVAILABLE,CAMERA_2,NONE,maybe did you have a another camera you recommend,PRESENT_X,CAMERA_2,S_INTRODUCES_CAMERA,CAMERA_3,,Let me show you this. Here we have the Fujifilm PowerShot ELPH S2800.,PRESENT_X,CAMERA_3,39~68
970,10,CAMERA_3,"['CAMERA_1', 'CAMERA_2', 'CAMERA_3']","{'CAMERA_1': ['sensor_size', 'camera_type', 'color'], 'CAMERA_2': ['autofocus_points'], 'CAMERA_3': ['long_exposure']}",C_QUESTION_ABOUT_FEATURE,CAMERA_3,long_exposure,what about the exposure,PRESENT_X,CAMERA_3,S_ANSWERS_QUESTION_ABOUT_FEATURE,CAMERA_3,long_exposure,This one can take long exposures up to 30 minutes max with bulb mode.,PRESENT_X,CAMERA_3,39~68
970,11,CAMERA_3,"['CAMERA_1', 'CAMERA_2', 'CAMERA_3']","{'CAMERA_1': ['sensor_size', 'camera_type', 'color'], 'CAMERA_2': ['autofocus_points'], 'CAMERA_3': ['long_exposure', 'preset_modes']}",C_QUESTION_ABOUT_FEATURE,CAMERA_3,preset_modes,Does camera support for preset Morsi,PRESENT_X,CAMERA_3,S_ANSWERS_QUESTION_ABOUT_FEATURE,CAMERA_3,preset_modes,This one has various preset modes.,PRESENT_X,CAMERA_3,13~33
970,12,CAMERA_3,"['CAMERA_1', 'CAMERA_2', 'CAMERA_3']","{'CAMERA_1': ['sensor_size', 'camera_type', 'color'], 'CAMERA_2': ['autofocus_points'], 'CAMERA_3': ['long_exposure', 'preset_modes', 'price']}",C_QUESTION_ABOUT_FEATURE,CAMERA_3,price,how much is this camera,PRESENT_X,CAMERA_3,S_ANSWERS_QUESTION_ABOUT_FEATURE,CAMERA_3,price,This one costs $518.,PRESENT_X,CAMERA_3,15~19
970,13,CAMERA_3,"['CAMERA_1', 'CAMERA_2', 'CAMERA_3']","{'CAMERA_1': ['sensor_size', 'camera_type', 'color'], 'CAMERA_2': ['autofocus_points'], 'CAMERA_3': ['long_exposure', 'preset_modes', 'price', 'settings']}",C_QUESTION_ABOUT_FEATURE,CAMERA_3,settings,is this full manual camera,PRESENT_X,CAMERA_3,S_ANSWERS_QUESTION_ABOUT_FEATURE,CAMERA_3,settings,"This one has manual control and various automatic settings (video modeburst shooting, etc.).",PRESENT_X,CAMERA_3,13~91
970,14,CAMERA_3,"['CAMERA_1', 'CAMERA_2', 'CAMERA_3']","{'CAMERA_1': ['sensor_size', 'camera_type', 'color'], 'CAMERA_2': ['autofocus_points'], 'CAMERA_3': ['long_exposure', 'preset_modes', 'price', 'settings', 'autofocus_points']}",C_QUESTION_ABOUT_FEATURE,CAMERA_3,autofocus_points,how many autofocus points does it have,PRESENT_X,CAMERA_3,S_ANSWERS_QUESTION_ABOUT_FEATURE,CAMERA_3,autofocus_points,This one has 214 autofocus points.,PRESENT_X,CAMERA_3,13~33
970,15,CAMERA_3,"['CAMERA_1', 'CAMERA_2', 'CAMERA_3']","{'CAMERA_1': ['sensor_size', 'camera_type', 'color'], 'CAMERA_2': ['autofocus_points'], 'CAMERA_3': ['long_exposure', 'preset_modes', 'price', 'settings', 'autofocus_points', 'camera_type']}",C_QUESTION_ABOUT_FEATURE,CAMERA_3,camera_type,Is this a mirrorless camera?,PRESENT_X,CAMERA_3,S_ANSWERS_QUESTION_ABOUT_FEATURE,CAMERA_3,camera_type,This is a point and shoot camera.,PRESENT_X,CAMERA_3,10~25
970,16,CAMERA_3,"['CAMERA_1', 'CAMERA_2', 'CAMERA_3']","{'CAMERA_1': ['sensor_size', 'camera_type', 'color'], 'CAMERA_2': ['autofocus_points'], 'CAMERA_3': ['long_exposure', 'preset_modes', 'price', 'settings', 'autofocus_points', 'camera_type', 'sensor_size']}",C_QUESTION_ABOUT_FEATURE,CAMERA_3,sensor_size,when the sensor size what is the sensor size on this,PRESENT_X,CAMERA_3,S_ANSWERS_QUESTION_ABOUT_FEATURE,CAMERA_3,sensor_size,This one has a full frame.,PRESENT_X,CAMERA_3,15~25
970,17,NONE,"['CAMERA_1', 'CAMERA_2', 'CAMERA_3']","{'CAMERA_1': ['sensor_size', 'camera_type', 'color'], 'CAMERA_2': ['autofocus_points'], 'CAMERA_3': ['long_exposure', 'preset_modes', 'price', 'settings', 'autofocus_points', 'camera_type', 'sensor_size']}",C_THANK_YOU,CAMERA_3,NONE,alright thank you,PRESENT_X,CAMERA_3,S_THANK_YOU,CAMERA_3,NONE,thank you very much.,FACE_TO_FACE,NONE,
970,18,NONE,"['CAMERA_1', 'CAMERA_2', 'CAMERA_3']","{'CAMERA_1': ['sensor_size', 'camera_type', 'color'], 'CAMERA_2': ['autofocus_points'], 'CAMERA_3': ['long_exposure', 'preset_modes', 'price', 'settings', 'autofocus_points', 'camera_type', 'sensor_size']}",C_LEAVES,DOOR,NONE,,FACE_TO_FACE,NONE,S_RETURNS_TO_COUNTER,SERVICE_COUNTER,NONE,,WAITING,NONE,
971,1,NONE,[],"{'CAMERA_1': [], 'CAMERA_2': [], 'CAMERA_3': []}",C_ENTERS,DOOR,NONE,,WAITING,NONE,S_NONE,SERVICE_COUNTER,NONE,,WAITING,NONE,
971,2,NONE,[],"{'CAMERA_1': [], 'CAMERA_2': [], 'CAMERA_3': []}",C_GREETS,MIDDLE,NONE,kiss me,WAITING,NONE,S_GREETS,MIDDLE,NONE,can I help you?,FACE_TO_FACE,NONE,
971,3,CAMERA_3,['CAMERA_3'],"{'CAMERA_1': [], 'CAMERA_2': [], 'CAMERA_3': []}",C_LOOKING_FOR_A_CAMERA,MIDDLE,NONE,I'm looking for a new camera,FACE_TO_FACE,NONE,S_INTRODUCES_CAMERA,CAMERA_3,,Let me show you this. Here we have the Fujifilm PowerShot ELPH S2800.,PRESENT_X,CAMERA_3,39~68
971,4,CAMERA_3,['CAMERA_3'],"{'CAMERA_1': [], 'CAMERA_2': [], 'CAMERA_3': ['optical_zoom']}",C_QUESTION_ABOUT_FEATURE,CAMERA_3,optical_zoom,how about the optical zoom,PRESENT_X,CAMERA_3,S_NOT_SURE,CAMERA_3,,I'm not really sure about that.,PRESENT_X,CAMERA_3,
971,5,CAMERA_3,['CAMERA_3'],"{'CAMERA_1': [], 'CAMERA_2': [], 'CAMERA_3': ['optical_zoom', 'resolution']}",C_QUESTION_ABOUT_FEATURE,CAMERA_3,resolution,how many megapixels,PRESENT_X,CAMERA_3,S_ANSWERS_QUESTION_ABOUT_FEATURE,CAMERA_3,resolution,This one has 23.2 megapixels resolution.,PRESENT_X,CAMERA_3,13~28
971,6,CAMERA_3,['CAMERA_3'],"{'CAMERA_1': [], 'CAMERA_2': [], 'CAMERA_3': ['optical_zoom', 'resolution', 'settings']}",C_SILENT_OR_BACKCHANNEL,CAMERA_3,NONE,okay,PRESENT_X,CAMERA_3,S_INTRODUCES_FEATURE,CAMERA_3,settings,"This one has manual control and various automatic settings (video modeburst shooting, etc.).",PRESENT_X,CAMERA_3,13~91
971,7,NONE,['CAMERA_3'],"{'CAMERA_1': [], 'CAMERA_2': [], 'CAMERA_3': ['optical_zoom', 'resolution', 'settings']}",C_THANK_YOU,CAMERA_3,NONE,thank you,PRESENT_X,CAMERA_3,S_THANK_YOU,CAMERA_3,NONE,thank you very much.,FACE_TO_FACE,NONE,
971,8,NONE,['CAMERA_3'],"{'CAMERA_1': [], 'CAMERA_2': [], 'CAMERA_3': ['optical_zoom', 'resolution', 'settings']}",C_LEAVES,DOOR,NONE,,FACE_TO_FACE,NONE,S_RETURNS_TO_COUNTER,SERVICE_COUNTER,NONE,,WAITING,NONE,
972,1,NONE,[],"{'CAMERA_1': [], 'CAMERA_2': [], 'CAMERA_3': []}",C_ENTERS,DOOR,NONE,,WAITING,NONE,S_NONE,SERVICE_COUNTER,NONE,,WAITING,NONE,
972,2,NONE,[],"{'CAMERA_1': [], 'CAMERA_2': [], 'CAMERA_3': []}",C_WALKS_TO_CAMERA,CAMERA_1,NONE,,WAITING,NONE,S_GREETS,CAMERA_1,NONE,can I help you?,FACE_TO_FACE,NONE,
972,3,CAMERA_1,['CAMERA_1'],"{'CAMERA_1': [], 'CAMERA_2': [], 'CAMERA_3': []}",C_LOOKING_FOR_A_CAMERA,CAMERA_1,NONE,I am interested in photography and I'm looking for good camera is there any in the shop which you can recommend,FACE_TO_FACE,NONE,S_INTRODUCES_CAMERA,CAMERA_1,,Let me show you this. Here we have the Sony PowerShot ELPH DMC-ZS3.,PRESENT_X,CAMERA_1,39~66
972,4,CAMERA_1,['CAMERA_1'],"{'CAMERA_1': ['settings'], 'CAMERA_2': [], 'CAMERA_3': []}",C_SILENT_OR_BACKCHANNEL,CAMERA_1,NONE,interesting,PRESENT_X,CAMERA_1,S_INTRODUCES_FEATURE,CAMERA_1,settings,This one has limited manual settings.,PRESENT_X,CAMERA_1,13~36
972,5,CAMERA_1,['CAMERA_1'],"{'CAMERA_1': ['settings', 'ISO'], 'CAMERA_2': [], 'CAMERA_3': []}",C_SILENT_OR_BACKCHANNEL,CAMERA_1,NONE,this one also looks kind of good,PRESENT_X,CAMERA_1,S_INTRODUCES_FEATURE,CAMERA_1,ISO,This one has up to 51200 ISO.,PRESENT_X,CAMERA_1,13~28
972,6,CAMERA_1,['CAMERA_1'],"{'CAMERA_1': ['settings', 'ISO', 'price'], 'CAMERA_2': [], 'CAMERA_3': []}",C_QUESTION_ABOUT_FEATURE,CAMERA_1,price,what is the price of this camera,PRESENT_X,CAMERA_1,S_ANSWERS_QUESTION_ABOUT_FEATURE,CAMERA_1,price,This one costs $450.,PRESENT_X,CAMERA_1,15~19
972,7,CAMERA_1,['CAMERA_1'],"{'CAMERA_1': ['settings', 'ISO', 'price', 'optical_zoom'], 'CAMERA_2': [], 'CAMERA_3': []}",C_QUESTION_ABOUT_FEATURE,CAMERA_1,optical_zoom,what about the optical zoom,PRESENT_X,CAMERA_1,S_ANSWERS_QUESTION_ABOUT_FEATURE,CAMERA_1,optical_zoom,This one has 21x optical zoom.,PRESENT_X,CAMERA_1,13~29
972,8,CAMERA_1,['CAMERA_1'],"{'CAMERA_1': ['settings', 'ISO', 'price', 'optical_zoom', 'resolution'], 'CAMERA_2': [], 'CAMERA_3': []}",C_QUESTION_ABOUT_FEATURE,CAMERA_1,resolution,What is the resolution on this camera,PRESENT_X,CAMERA_1,S_ANSWERS_QUESTION_ABOUT_FEATURE,CAMERA_1,resolution,This one has 17.8 megapixels resolution.,PRESENT_X,CAMERA_1,13~28
972,9,CAMERA_1,['CAMERA_1'],"{'CAMERA_1': ['settings', 'ISO', 'price', 'optical_zoom', 'resolution', 'effects'], 'CAMERA_2': [], 'CAMERA_3': []}",C_QUESTION_ABOUT_FEATURE,CAMERA_1,effects,what are these a special artistic effect mode features,PRESENT_X,CAMERA_1,S_ANSWERS_QUESTION_ABOUT_FEATURE,CAMERA_1,effects,"This one has 24 glamor retouch effects (miniature, retro, toy camera, etc.).",PRESENT_X,CAMERA_1,13~75
972,10,CAMERA_1,['CAMERA_1'],"{'CAMERA_1': ['settings', 'ISO', 'price', 'optical_zoom', 'resolution', 'effects', 'long_exposure'], 'CAMERA_2': [], 'CAMERA_3': []}",C_SILENT_OR_BACKCHANNEL,CAMERA_1,NONE,that would be nice,PRESENT_X,CAMERA_1,S_INTRODUCES_FEATURE,CAMERA_1,long_exposure,This one can take long exposures up to up to 15 seconds with Long Shutter Mode.,PRESENT_X,CAMERA_1,39~78
972,11,CAMERA_1,['CAMERA_1'],"{'CAMERA_1': ['settings', 'ISO', 'price', 'optical_zoom', 'resolution', 'effects', 'long_exposure', 'weight'], 'CAMERA_2': [], 'CAMERA_3': []}",C_SILENT_OR_BACKCHANNEL,CAMERA_1,NONE,ok is this camera really nice,PRESENT_X,CAMERA_1,S_INTRODUCES_FEATURE,CAMERA_1,weight,This one weighs 800 grams.,PRESENT_X,CAMERA_1,16~25
972,12,CAMERA_1,['CAMERA_1'],"{'CAMERA_1': ['settings', 'ISO', 'price', 'optical_zoom', 'resolution', 'effects', 'long_exposure', 'weight', 'camera_type'], 'CAMERA_2': [], 'CAMERA_3': []}",C_QUESTION_ABOUT_FEATURE,CAMERA_1,camera_type,is this a DSLR camera,PRESENT_X,CAMERA_1,S_ANSWERS_QUESTION_ABOUT_FEATURE,CAMERA_1,camera_type,This is a DSLR camera.,PRESENT_X,CAMERA_1,10~14
972,13,CAMERA_1,['CAMERA_1'],"{'CAMERA_1': ['settings', 'ISO', 'price', 'optical_zoom', 'resolution', 'effects', 'long_exposure', 'weight', 'camera_type', 'autofocus_points'], 'CAMERA_2': [], 'CAMERA_3': []}",C_QUESTION_ABOUT_FEATURE,CAMERA_1,autofocus_points,and how many autofocus points does it have,PRESENT_X,CAMERA_1,S_ANSWERS_QUESTION_ABOUT_FEATURE,CAMERA_1,autofocus_points,This one has 135 autofocus points.,PRESENT_X,CAMERA_1,13~33
972,14,CAMERA_1,['CAMERA_1'],"{'CAMERA_1': ['settings', 'ISO', 'price', 'optical_zoom', 'resolution', 'effects', 'long_exposure', 'weight', 'camera_type', 'autofocus_points', 'preset_modes'], 'CAMERA_2': [], 'CAMERA_3': []}",C_QUESTION_ABOUT_FEATURE,CAMERA_1,preset_modes,does it have dog mode,PRESENT_X,CAMERA_1,S_NOT_SURE,CAMERA_1,,I'm not really sure about that.,PRESENT_X,CAMERA_1,
972,15,CAMERA_1,['CAMERA_1'],"{'CAMERA_1': ['settings', 'ISO', 'price', 'optical_zoom', 'resolution', 'effects', 'long_exposure', 'weight', 'camera_type', 'autofocus_points', 'preset_modes', 'color'], 'CAMERA_2': [], 'CAMERA_3': []}",C_SILENT_OR_BACKCHANNEL,CAMERA_1,NONE,okay that's not too bad for good camera mean he'll us 5d II,PRESENT_X,CAMERA_1,S_INTRODUCES_FEATURE,CAMERA_1,color,This one comes in blue or black.,PRESENT_X,CAMERA_1,18~31
972,16,NONE,['CAMERA_1'],"{'CAMERA_1': ['settings', 'ISO', 'price', 'optical_zoom', 'resolution', 'effects', 'long_exposure', 'weight', 'camera_type', 'autofocus_points', 'preset_modes', 'color'], 'CAMERA_2': [], 'CAMERA_3': []}",C_THANK_YOU,CAMERA_1,NONE,thank you,PRESENT_X,CAMERA_1,S_THANK_YOU,CAMERA_1,NONE,thank you very much.,FACE_TO_FACE,NONE,
972,17,NONE,['CAMERA_1'],"{'CAMERA_1': ['settings', 'ISO', 'price', 'optical_zoom', 'resolution', 'effects', 'long_exposure', 'weight', 'camera_type', 'autofocus_points', 'preset_modes', 'color'], 'CAMERA_2': [], 'CAMERA_3': []}",C_LEAVES,DOOR,NONE,,FACE_TO_FACE,NONE,S_RETURNS_TO_COUNTER,SERVICE_COUNTER,NONE,,WAITING,NONE,
973,1,NONE,[],"{'CAMERA_1': [], 'CAMERA_2': [], 'CAMERA_3': []}",C_ENTERS,DOOR,NONE,,WAITING,NONE,S_NONE,SERVICE_COUNTER,NONE,,WAITING,NONE,
973,2,NONE,[],"{'CAMERA_1': [], 'CAMERA_2': [], 'CAMERA_3': []}",C_GREETS,MIDDLE,NONE,excuse me,WAITING,NONE,S_GREETS,MIDDLE,NONE,can I help you?,FACE_TO_FACE,NONE,
973,3,CAMERA_2,['CAMERA_2'],"{'CAMERA_1': [], 'CAMERA_2': [], 'CAMERA_3': []}",C_LOOKING_FOR_A_CAMERA,MIDDLE,NONE,could you recommend me a good camera,FACE_TO_FACE,NONE,S_INTRODUCES_CAMERA,CAMERA_2,,Let me show you this. Here we have the Fujifilm Lumix ILC Camera.,PRESENT_X,CAMERA_2,39~64
973,4,CAMERA_2,['CAMERA_2'],"{'CAMERA_1': [], 'CAMERA_2': ['resolution'], 'CAMERA_3': []}",C_SILENT_OR_BACKCHANNEL,CAMERA_2,NONE,that looks good,PRESENT_X,CAMERA_2,S_INTRODUCES_FEATURE,CAMERA_2,resolution,This one has 23.8 megapixels resolution.,PRESENT_X,CAMERA_2,13~28
973,5,NONE,['CAMERA_2'],"{'CAMERA_1': [], 'CAMERA_2': ['resolution'], 'CAMERA_3': []}",C_THANK_YOU,CAMERA_2,NONE,ok thanks,PRESENT_X,CAMERA_2,S_THANK_YOU,CAMERA_2,NONE,thank you very much.,FACE_TO_FACE,NONE,
973,6,NONE,['CAMERA_2'],"{'CAMERA_1': [], 'CAMERA_2': ['resolution'], 'CAMERA_3': []}",C_LEAVES,DOOR,NONE,,FACE_TO_FACE,NONE,S_RETURNS_TO_COUNTER,SERVICE_COUNTER,NONE,,WAITING,NONE,
974,1,NONE,[],"{'CAMERA_1': [], 'CAMERA_2': [], 'CAMERA_3': []}",C_ENTERS,DOOR,NONE,,WAITING,NONE,S_NONE,SERVICE_COUNTER,NONE,,WAITING,NONE,
974,2,NONE,[],"{'CAMERA_1': [], 'CAMERA_2': [], 'CAMERA_3': []}",C_WALKS_TO_CAMERA,CAMERA_3,NONE,,WAITING,NONE,S_GREETS,CAMERA_3,NONE,can I help you?,FACE_TO_FACE,NONE,
974,3,CAMERA_2,['CAMERA_2'],"{'CAMERA_1': [], 'CAMERA_2': [], 'CAMERA_3': []}",C_LOOKING_FOR_A_CAMERA,CAMERA_3,NONE,hello I'm looking for a camera with very high is so can you recommend one for me,FACE_TO_FACE,NONE,S_INTRODUCES_CAMERA,CAMERA_2,,Let me show you this. Here we have the Fujifilm Lumix ILC Camera.,PRESENT_X,CAMERA_2,39~64
974,4,CAMERA_2,['CAMERA_2'],"{'CAMERA_1': [], 'CAMERA_2': ['settings'], 'CAMERA_3': []}",C_SILENT_OR_BACKCHANNEL,CAMERA_2,NONE,sounds good,PRESENT_X,CAMERA_2,S_INTRODUCES_FEATURE,CAMERA_2,settings,"This one has manual control and various automatic settings (video modeburst shooting, etc.).",PRESENT_X,CAMERA_2,13~91
974,5,CAMERA_2,['CAMERA_2'],"{'CAMERA_1': [], 'CAMERA_2': ['settings', 'color'], 'CAMERA_3': []}",C_SILENT_OR_BACKCHANNEL,CAMERA_2,NONE,ok,PRESENT_X,CAMERA_2,S_INTRODUCES_FEATURE,CAMERA_2,color,This one comes in white or pink.,PRESENT_X,CAMERA_2,18~31
974,6,CAMERA_2,['CAMERA_2'],"{'CAMERA_1': [], 'CAMERA_2': ['settings', 'color', 'autofocus_points'], 'CAMERA_3': []}",C_QUESTION_ABOUT_FEATURE,CAMERA_2,autofocus_points,how many autofocus points does it have ,PRESENT_X,CAMERA_2,S_NOT_SURE,CAMERA_2,,I'm not really sure about that.,PRESENT_X,CAMERA_2,
974,7,CAMERA_2,['CAMERA_2'],"{'CAMERA_1': [], 'CAMERA_2': ['settings', 'color', 'autofocus_points', 'price'], 'CAMERA_3': []}",C_QUESTION_ABOUT_FEATURE,CAMERA_2,price,what is the price,PRESENT_X,CAMERA_2,S_ANSWERS_QUESTION_ABOUT_FEATURE,CAMERA_2,price,This one costs $768.,PRESENT_X,CAMERA_2,15~19
974,8,CAMERA_2,['CAMERA_2'],"{'CAMERA_1': [], 'CAMERA_2': ['settings', 'color', 'autofocus_points', 'price', 'weight'], 'CAMERA_3': []}",C_QUESTION_ABOUT_FEATURE,CAMERA_2,weight,how heavy does it weigh,PRESENT_X,CAMERA_2,S_ANSWERS_QUESTION_ABOUT_FEATURE,CAMERA_2,weight,This one weighs 820 grams.,PRESENT_X,CAMERA_2,16~25
974,9,NONE,['CAMERA_2'],"{'CAMERA_1': [], 'CAMERA_2': ['settings', 'color', 'autofocus_points', 'price', 'weight'], 'CAMERA_3': []}",C_THANK_YOU,CAMERA_2,NONE,okay thank you,PRESENT_X,CAMERA_2,S_THANK_YOU,CAMERA_2,NONE,thank you very much.,FACE_TO_FACE,NONE,
974,10,NONE,['CAMERA_2'],"{'CAMERA_1': [], 'CAMERA_2': ['settings', 'color', 'autofocus_points', 'price', 'weight'], 'CAMERA_3': []}",C_LEAVES,DOOR,NONE,,FACE_TO_FACE,NONE,S_RETURNS_TO_COUNTER,SERVICE_COUNTER,NONE,,WAITING,NONE,
975,1,NONE,[],"{'CAMERA_1': [], 'CAMERA_2': [], 'CAMERA_3': []}",C_ENTERS,DOOR,NONE,,WAITING,NONE,S_NONE,SERVICE_COUNTER,NONE,,WAITING,NONE,
975,2,NONE,[],"{'CAMERA_1': [], 'CAMERA_2': [], 'CAMERA_3': []}",C_WALKS_TO_CAMERA,CAMERA_2,NONE,,WAITING,NONE,S_GREETS,CAMERA_2,NONE,can I help you?,FACE_TO_FACE,NONE,
975,3,CAMERA_2,['CAMERA_2'],"{'CAMERA_1': [], 'CAMERA_2': [], 'CAMERA_3': []}",C_LOOKING_FOR_A_CAMERA,CAMERA_2,NONE,I'm looking for camera to take family pictures,FACE_TO_FACE,NONE,S_INTRODUCES_CAMERA,CAMERA_2,,Let me show you this. Here we have the Fujifilm Lumix ILC Camera.,PRESENT_X,CAMERA_2,39~64
975,4,CAMERA_2,['CAMERA_2'],"{'CAMERA_1': [], 'CAMERA_2': ['color'], 'CAMERA_3': []}",C_SILENT_OR_BACKCHANNEL,CAMERA_2,NONE,not too bad,PRESENT_X,CAMERA_2,S_INTRODUCES_FEATURE,CAMERA_2,color,This one comes in white or pink.,PRESENT_X,CAMERA_2,18~31
975,5,CAMERA_2,['CAMERA_2'],"{'CAMERA_1': [], 'CAMERA_2': ['color', 'ISO'], 'CAMERA_3': []}",C_QUESTION_ABOUT_FEATURE,CAMERA_2,ISO,what was the ISO on the bigger one,PRESENT_X,CAMERA_2,S_NOT_SURE,CAMERA_2,,I'm not really sure about that.,PRESENT_X,CAMERA_2,
975,6,CAMERA_2,['CAMERA_2'],"{'CAMERA_1': [], 'CAMERA_2': ['color', 'ISO', 'effects'], 'CAMERA_3': []}",C_SILENT_OR_BACKCHANNEL,CAMERA_2,NONE,wow this is nice,PRESENT_X,CAMERA_2,S_INTRODUCES_FEATURE,CAMERA_2,effects,"This one has 24 artistic effect modes (retro, lighter or darker skin tones, sepia, etc.).",PRESENT_X,CAMERA_2,13~88
975,7,NONE,['CAMERA_2'],"{'CAMERA_1': [], 'CAMERA_2': ['color', 'ISO', 'effects'], 'CAMERA_3': []}",C_THANK_YOU,CAMERA_2,NONE,okay thanks,PRESENT_X,CAMERA_2,S_THANK_YOU,CAMERA_2,NONE,thank you very much.,FACE_TO_FACE,NONE,
975,8,NONE,['CAMERA_2'],"{'CAMERA_1': [], 'CAMERA_2': ['color', 'ISO', 'effects'], 'CAMERA_3': []}",C_LEAVES,DOOR,NONE,,FACE_TO_FACE,NONE,S_RETURNS_TO_COUNTER,SERVICE_COUNTER,NONE,,WAITING,NONE,
976,1,NONE,[],"{'CAMERA_1': [], 'CAMERA_2': [], 'CAMERA_3': []}",C_ENTERS,DOOR,NONE,,WAITING,NONE,S_NONE,SERVICE_COUNTER,NONE,,WAITING,NONE,
976,2,NONE,[],"{'CAMERA_1': [], 'CAMERA_2': [], 'CAMERA_3': []}",C_WALKS_TO_CAMERA,CAMERA_1,NONE,,WAITING,NONE,S_GREETS,CAMERA_1,NONE,can I help you?,FACE_TO_FACE,NONE,
976,3,CAMERA_3,['CAMERA_3'],"{'CAMERA_1': [], 'CAMERA_2': [], 'CAMERA_3': []}",C_LOOKING_FOR_A_CAMERA,CAMERA_1,NONE,I'm looking for a professional camera,FACE_TO_FACE,NONE,S_INTRODUCES_CAMERA,CAMERA_3,,Let me show you this. Here we have the Fujifilm PowerShot ELPH S2800.,PRESENT_X,CAMERA_3,39~68
976,4,CAMERA_3,['CAMERA_3'],"{'CAMERA_1': [], 'CAMERA_2': [], 'CAMERA_3': ['long_exposure']}",C_QUESTION_ABOUT_FEATURE,CAMERA_3,long_exposure,what about the exposure what can it handle,PRESENT_X,CAMERA_3,S_ANSWERS_QUESTION_ABOUT_FEATURE,CAMERA_3,long_exposure,This one can take long exposures up to 30 minutes max with bulb mode.,PRESENT_X,CAMERA_3,39~68
976,5,CAMERA_3,['CAMERA_3'],"{'CAMERA_1': [], 'CAMERA_2': [], 'CAMERA_3': ['long_exposure', 'color']}",C_QUESTION_ABOUT_FEATURE,CAMERA_3,color,how many colors does this camera come in,PRESENT_X,CAMERA_3,S_ANSWERS_QUESTION_ABOUT_FEATURE,CAMERA_3,color,"This one comes in purple, white, silver, blue, red, or pink.",PRESENT_X,CAMERA_3,18~59
976,6,CAMERA_2,"['CAMERA_3', 'CAMERA_2']","{'CAMERA_1': [], 'CAMERA_2': [], 'CAMERA_3': ['long_exposure', 'color']}",C_ANYTHING_ELSE_AVAILABLE,CAMERA_3,NONE,can you recommend another camera similar to this,PRESENT_X,CAMERA_3,S_INTRODUCES_CAMERA,CAMERA_2,,Let me show you this. Here we have the Fujifilm Lumix ILC Camera.,PRESENT_X,CAMERA_2,39~64
976,7,CAMERA_2,"['CAMERA_3', 'CAMERA_2']","{'CAMERA_1': [], 'CAMERA_2': ['optical_zoom'], 'CAMERA_3': ['long_exposure', 'color']}",C_QUESTION_ABOUT_FEATURE,CAMERA_2,optical_zoom,What about the Zoom,PRESENT_X,CAMERA_2,S_ANSWERS_QUESTION_ABOUT_FEATURE,CAMERA_2,optical_zoom,This one has 21x optical zoom.,PRESENT_X,CAMERA_2,13~29
976,8,CAMERA_2,"['CAMERA_3', 'CAMERA_2']","{'CAMERA_1': [], 'CAMERA_2': ['optical_zoom', 'effects'], 'CAMERA_3': ['long_exposure', 'color']}",C_QUESTION_ABOUT_FEATURE,CAMERA_2,effects,what are these a special artistic effect mode features,PRESENT_X,CAMERA_2,S_ANSWERS_QUESTION_ABOUT_FEATURE,CAMERA_2,effects,"This one has 24 artistic effect modes (retro, lighter or darker skin tones, sepia, etc.).",PRESENT_X,CAMERA_2,13~88
976,9,CAMERA_2,"['CAMERA_3', 'CAMERA_2']","{'CAMERA_1': [], 'CAMERA_2': ['optical_zoom', 'effects', 'resolution'], 'CAMERA_3': ['long_exposure', 'color']}",C_SILENT_OR_BACKCHANNEL,CAMERA_2,NONE,this one also looks kind of good,PRESENT_X,CAMERA_2,S_INTRODUCES_FEATURE,CAMERA_2,resolution,This one has 23.8 megapixels resolution.,PRESENT_X,CAMERA_2,13~28
976,10,NONE,"['CAMERA_3', 'CAMERA_2']","{'CAMERA_1': [], 'CAMERA_2': ['optical_zoom', 'effects', 'resolution'], 'CAMERA_3': ['long_exposure', 'color']}",C_THANK_YOU,CAMERA_2,NONE,thank you,PRESENT_X,CAMERA_2,S_THANK_YOU,CAMERA_2,NONE,thank you very much.,FACE_TO_FACE,NONE,
976,11,NONE,"['CAMERA_3', 'CAMERA_2']","{'CAMERA_1': [], 'CAMERA_2': ['optical_zoom', 'effects', 'resolution'], 'CAMERA_3': ['long_exposure', 'color']}",C_LEAVES,DOOR,NONE,,FACE_TO_FACE,NONE,S_RETURNS_TO_COUNTER,SERVICE_COUNTER,NONE,,WAITING,NONE,
977,1,NONE,[],"{'CAMERA_1': [], 'CAMERA_2': [], 'CAMERA_3': []}",C_ENTERS,DOOR,NONE,,WAITING,NONE,S_NONE,SERVICE_COUNTER,NONE,,WAITING,NONE,
977,2,NONE,[],"{'CAMERA_1': [], 'CAMERA_2': [], 'CAMERA_3': []}",C_WALKS_TO_CAMERA,CAMERA_2,NONE,,WAITING,NONE,S_NONE,SERVICE_COUNTER,NONE,,WAITING,NONE,
977,3,NONE,[],"{'CAMERA_1': [], 'CAMERA_2': [], 'CAMERA_3': []}",C_EXAMINES_CAMERA,CAMERA_2,NONE,,WAITING,NONE,S_GREETS,CAMERA_2,NONE,can I help you?,FACE_TO_FACE,NONE,
977,4,CAMERA_2,['CAMERA_2'],"{'CAMERA_1': [], 'CAMERA_2': [], 'CAMERA_3': []}",C_LOOKING_FOR_A_CAMERA,CAMERA_2,NONE,I just want to take a quick look at your cameras,FACE_TO_FACE,NONE,S_INTRODUCES_CAMERA,CAMERA_2,,Let me show you this. Here we have the Fujifilm Lumix ILC Camera.,PRESENT_X,CAMERA_2,39~64
977,5,CAMERA_2,['CAMERA_2'],"{'CAMERA_1': [], 'CAMERA_2': ['resolution'], 'CAMERA_3': []}",C_SILENT_OR_BACKCHANNEL,CAMERA_2,NONE,Wow super cheap,PRESENT_X,CAMERA_2,S_INTRODUCES_FEATURE,CAMERA_2,resolution,This one has 23.8 megapixels resolution.,PRESENT_X,CAMERA_2,13~28
977,6,NONE,['CAMERA_2'],"{'CAMERA_1': [], 'CAMERA_2': ['resolution'], 'CAMERA_3': []}",C_THANK_YOU,CAMERA_2,NONE,alright thank you,PRESENT_X,CAMERA_2,S_THANK_YOU,CAMERA_2,NONE,thank you very much.,FACE_TO_FACE,NONE,
977,7,NONE,['CAMERA_2'],"{'CAMERA_1': [], 'CAMERA_2': ['resolution'], 'CAMERA_3': []}",C_LEAVES,DOOR,NONE,,FACE_TO_FACE,NONE,S_RETURNS_TO_COUNTER,SERVICE_COUNTER,NONE,,WAITING,NONE,
978,1,NONE,[],"{'CAMERA_1': [], 'CAMERA_2': [], 'CAMERA_3': []}",C_ENTERS,DOOR,NONE,,WAITING,NONE,S_NONE,SERVICE_COUNTER,NONE,,WAITING,NONE,
978,2,NONE,[],"{'CAMERA_1': [], 'CAMERA_2': [], 'CAMERA_3': []}",C_WALKS_TO_CAMERA,CAMERA_2,NONE,,WAITING,NONE,S_GREETS,CAMERA_2,NONE,can I help you?,FACE_TO_FACE,NONE,
978,3,CAMERA_3,['CAMERA_3'],"{'CAMERA_1': [], 'CAMERA_2': [], 'CAMERA_3': []}",C_LOOKING_FOR_A_CAMERA,CAMERA_2,NONE,nothing fancy I just I'm just looking for the second camera I don't have money,FACE_TO_FACE,NONE,S_INTRODUCES_CAMERA,CAMERA_3,,Let me show you this. Here we have the Fujifilm PowerShot ELPH S2800.,PRESENT_X,CAMERA_3,39~68
978,4,CAMERA_3,['CAMERA_3'],"{'CAMERA_1': [], 'CAMERA_2': [], 'CAMERA_3': ['color']}",C_SILENT_OR_BACKCHANNEL,CAMERA_3,NONE,pretty cool,PRESENT_X,CAMERA_3,S_INTRODUCES_FEATURE,CAMERA_3,color,"This one comes in purple, white, silver, blue, red, or pink.",PRESENT_X,CAMERA_3,18~59
978,5,CAMERA_3,['CAMERA_3'],"{'CAMERA_1': [], 'CAMERA_2': [], 'CAMERA_3': ['color', 'camera_type']}",C_QUESTION_ABOUT_FEATURE,CAMERA_3,camera_type,is this a point and shoot camera,PRESENT_X,CAMERA_3,S_ANSWERS_QUESTION_ABOUT_FEATURE,CAMERA_3,camera_type,This is a point and shoot camera.,PRESENT_X,CAMERA_3,10~25
978,6,CAMERA_1,"['CAMERA_3', 'CAMERA_1']","{'CAMERA_1': [], 'CAMERA_2': [], 'CAMERA_3': ['color', 'camera_type']}",C_ANYTHING_ELSE_AVAILABLE,CAMERA_3,NONE,maybe did you have a another camera you recommend,PRESENT_X,CAMERA_3,S_INTRODUCES_CAMERA,CAMERA_1,,Let me show you this. Here we have the Sony PowerShot ELPH DMC-ZS3.,PRESENT_X,CAMERA_1,39~66
978,7,CAMERA_1,"['CAMERA_3', 'CAMERA_1']","{'CAMERA_1': ['price'], 'CAMERA_2': [], 'CAMERA_3': ['color', 'camera_type']}",C_QUESTION_ABOUT_FEATURE,CAMERA_1,price,and what is the price on this,PRESENT_X,CAMERA_1,S_ANSWERS_QUESTION_ABOUT_FEATURE,CAMERA_1,price,This one costs $450.,PRESENT_X,CAMERA_1,15~19
978,8,CAMERA_1,"['CAMERA_3', 'CAMERA_1']","{'CAMERA_1': ['price', 'optical_zoom'], 'CAMERA_2': [], 'CAMERA_3': ['color', 'camera_type']}",C_SILENT_OR_BACKCHANNEL,CAMERA_1,NONE,I see AA ok,PRESENT_X,CAMERA_1,S_INTRODUCES_FEATURE,CAMERA_1,optical_zoom,This one has 21x optical zoom.,PRESENT_X,CAMERA_1,13~29
978,9,CAMERA_1,"['CAMERA_3', 'CAMERA_1']","{'CAMERA_1': ['price', 'optical_zoom', 'weight'], 'CAMERA_2': [], 'CAMERA_3': ['color', 'camera_type']}",C_QUESTION_ABOUT_FEATURE,CAMERA_1,weight,okay how about the weight of us I don't want anything that's too heavy,PRESENT_X,CAMERA_1,S_ANSWERS_QUESTION_ABOUT_FEATURE,CAMERA_1,weight,This one weighs 800 grams.,PRESENT_X,CAMERA_1,16~25
978,10,NONE,"['CAMERA_3', 'CAMERA_1']","{'CAMERA_1': ['price', 'optical_zoom', 'weight'], 'CAMERA_2': [], 'CAMERA_3': ['color', 'camera_type']}",C_THANK_YOU,CAMERA_1,NONE,alright thank you,PRESENT_X,CAMERA_1,S_THANK_YOU,CAMERA_1,NONE,thank you very much.,FACE_TO_FACE,NONE,
978,11,NONE,"['CAMERA_3', 'CAMERA_1']","{'CAMERA_1': ['price', 'optical_zoom', 'weight'], 'CAMERA_2': [], 'CAMERA_3': ['color', 'camera_type']}",C_LEAVES,DOOR,NONE,,FACE_TO_FACE,NONE,S_RETURNS_TO_COUNTER,SERVICE_COUNTER,NONE,,WAITING,NONE,
979,1,NONE,[],"{'CAMERA_1': [], 'CAMERA_2': [], 'CAMERA_3': []}",C_ENTERS,DOOR,NONE,,WAITING,NONE,S_NONE,SERVICE_COUNTER,NONE,,WAITING,NONE,
979,2,NONE,[],"{'CAMERA_1': [], 'CAMERA_2': [], 'CAMERA_3': []}",C_WALKS_TO_CAMERA,CAMERA_3,NONE,,WAITING,NONE,S_GREETS,CAMERA_3,NONE,can I help you?,FACE_TO_FACE,NONE,
979,3,CAMERA_2,['CAMERA_2'],"{'CAMERA_1': [], 'CAMERA_2': [], 'CAMERA_3': []}",C_LOOKING_FOR_A_CAMERA,CAMERA_3,NONE,I'm looking for a camera to replace my old one,FACE_TO_FACE,NONE,S_INTRODUCES_CAMERA,CAMERA_2,,Let me show you this. Here we have the Fujifilm Lumix ILC Camera.,PRESENT_X,CAMERA_2,39~64
979,4,CAMERA_2,['CAMERA_2'],"{'CAMERA_1': [], 'CAMERA_2': ['optical_zoom'], 'CAMERA_3': []}",C_SILENT_OR_BACKCHANNEL,CAMERA_2,NONE,okay that sounds great,PRESENT_X,CAMERA_2,S_INTRODUCES_FEATURE,CAMERA_2,optical_zoom,This one has 21x optical zoom.,PRESENT_X,CAMERA_2,13~29
979,5,NONE,['CAMERA_2'],"{'CAMERA_1': [], 'CAMERA_2': ['optical_zoom'], 'CAMERA_3': []}",C_THANK_YOU,CAMERA_2,NONE,thanks for your help,PRESENT_X,CAMERA_2,S_THANK_YOU,CAMERA_2,NONE,thank you very much.,FACE_TO_FACE,NONE,
979,6,NONE,['CAMERA_2'],"{'CAMERA_1': [], 'CAMERA_2': ['optical_zoom'], 'CAMERA_3': []}",C_LEAVES,DOOR,NONE,,FACE_TO_FACE,NONE,S_RETURNS_TO_COUNTER,SERVICE_COUNTER,NONE,,WAITING,NONE,
980,1,NONE,[],"{'CAMERA_1': [], 'CAMERA_2': [], 'CAMERA_3': []}",C_ENTERS,DOOR,NONE,,WAITING,NONE,S_NONE,SERVICE_COUNTER,NONE,,WAITING,NONE,
980,2,NONE,[],"{'CAMERA_1': [], 'CAMERA_2': [], 'CAMERA_3': []}",C_WALKS_TO_CAMERA,CAMERA_1,NONE,,WAITING,NONE,S_GREETS,CAMERA_1,NONE,can I help you?,FACE_TO_FACE,NONE,
980,3,CAMERA_2,['CAMERA_2'],"{'CAMERA_1': [], 'CAMERA_2': [], 'CAMERA_3': []}",C_LOOKING_FOR_A_CAMERA,CAMERA_1,NONE,I'm looking for simple camera,FACE_TO_FACE,NONE,S_INTRODUCES_CAMERA,CAMERA_2,,Let me show you this. Here we have the Fujifilm Lumix ILC Camera.,PRESENT_X,CAMERA_2,39~64
980,4,CAMERA_2,['CAMERA_2'],"{'CAMERA_1': [], 'CAMERA_2': ['resolution'], 'CAMERA_3': []}",C_QUESTION_ABOUT_FEATURE,CAMERA_2,resolution,how many megapixels,PRESENT_X,CAMERA_2,S_ANSWERS_QUESTION_ABOUT_FEATURE,CAMERA_2,resolution,This one has 23.8 megapixels resolution.,PRESENT_X,CAMERA_2,13~28
980,5,NONE,['CAMERA_2'],"{'CAMERA_1': [], 'CAMERA_2': ['resolution'], 'CAMERA_3': []}",C_THANK_YOU,CAMERA_2,NONE,okay thank you very much,PRESENT_X,CAMERA_2,S_THANK_YOU,CAMERA_2,NONE,thank you very much.,FACE_TO_FACE,NONE,
980,6,NONE,['CAMERA_2'],"{'CAMERA_1': [], 'CAMERA_2': ['resolution'], 'CAMERA_3': []}",C_LEAVES,DOOR,NONE,,FACE_TO_FACE,NONE,S_RETURNS_TO_COUNTER,SERVICE_COUNTER,NONE,,WAITING,NONE,
981,1,NONE,[],"{'CAMERA_1': [], 'CAMERA_2': [], 'CAMERA_3': []}",C_ENTERS,DOOR,NONE,,WAITING,NONE,S_NONE,SERVICE_COUNTER,NONE,,WAITING,NONE,
981,2,NONE,[],"{'CAMERA_1': [], 'CAMERA_2': [], 'CAMERA_3': []}",C_WALKS_TO_CAMERA,CAMERA_3,NONE,,WAITING,NONE,S_GREETS,CAMERA_3,NONE,can I help you?,FACE_TO_FACE,NONE,
981,3,CAMERA_1,['CAMERA_1'],"{'CAMERA_1': [], 'CAMERA_2': [], 'CAMERA_3': []}",C_LOOKING_FOR_A_CAMERA,CAMERA_3,NONE,Yes simple point and shoot but I'm looking for something nicer,FACE_TO_FACE,NONE,S_INTRODUCES_CAMERA,CAMERA_1,,Let me show you this. Here we have the Sony PowerShot ELPH DMC-ZS3.,PRESENT_X,CAMERA_1,39~66
981,4,CAMERA_1,['CAMERA_1'],"{'CAMERA_1': ['camera_type'], 'CAMERA_2': [], 'CAMERA_3': []}",C_SILENT_OR_BACKCHANNEL,CAMERA_1,NONE,IC,PRESENT_X,CAMERA_1,S_INTRODUCES_FEATURE,CAMERA_1,camera_type,This is a DSLR camera.,PRESENT_X,CAMERA_1,10~14
981,5,CAMERA_1,['CAMERA_1'],"{'CAMERA_1': ['camera_type', 'resolution'], 'CAMERA_2': [], 'CAMERA_3': []}",C_SILENT_OR_BACKCHANNEL,CAMERA_1,NONE,okay,PRESENT_X,CAMERA_1,S_INTRODUCES_FEATURE,CAMERA_1,resolution,This one has 17.8 megapixels resolution.,PRESENT_X,CAMERA_1,13~28
981,6,CAMERA_1,['CAMERA_1'],"{'CAMERA_1': ['camera_type', 'resolution', 'long_exposure'], 'CAMERA_2': [], 'CAMERA_3': []}",C_SILENT_OR_BACKCHANNEL,CAMERA_1,NONE,this camera looks good,PRESENT_X,CAMERA_1,S_INTRODUCES_FEATURE,CAMERA_1,long_exposure,This one can take long exposures up to up to 15 seconds with Long Shutter Mode.,PRESENT_X,CAMERA_1,39~78
981,7,CAMERA_1,['CAMERA_1'],"{'CAMERA_1': ['camera_type', 'resolution', 'long_exposure', 'color'], 'CAMERA_2': [], 'CAMERA_3': []}",C_SILENT_OR_BACKCHANNEL,CAMERA_1,NONE,Isis sounds like a really nice cameras have,PRESENT_X,CAMERA_1,S_INTRODUCES_FEATURE,CAMERA_1,color,This one comes in blue or black.,PRESENT_X,CAMERA_1,18~31
981,8,CAMERA_2,"['CAMERA_1', 'CAMERA_2']","{'CAMERA_1': ['camera_type', 'resolution', 'long_exposure', 'color'], 'CAMERA_2': [], 'CAMERA_3': []}",C_ANYTHING_ELSE_AVAILABLE,CAMERA_1,NONE,okay do you have any other cameras I might be interested,PRESENT_X,CAMERA_1,S_INTRODUCES_CAMERA,CAMERA_2,,Let me show you this. Here we have the Fujifilm Lumix ILC Camera.,PRESENT_X,CAMERA_2,39~64
981,9,CAMERA_2,"['CAMERA_1', 'CAMERA_2']","{'CAMERA_1': ['camera_type', 'resolution', 'long_exposure', 'color'], 'CAMERA_2': ['long_exposure'], 'CAMERA_3': []}",C_SILENT_OR_BACKCHANNEL,CAMERA_2,NONE,yeah,PRESENT_X,CAMERA_2,S_INTRODUCES_FEATURE,CAMERA_2,long_exposure,This one can take long exposures up to 60 minutes max with bulb mode.,PRESENT_X,CAMERA_2,39~68
981,10,CAMERA_3,"['CAMERA_1', 'CAMERA_2', 'CAMERA_3']","{'CAMERA_1': ['camera_type', 'resolution', 'long_exposure', 'color'], 'CAMERA_2': ['long_exposure'], 'CAMERA_3': []}",C_ANYTHING_ELSE_AVAILABLE,CAMERA_2,NONE,can you recommend another camera similar to this,PRESENT_X,CAMERA_2,S_INTRODUCES_CAMERA,CAMERA_3,,Let me show you this. Here we have the Fujifilm PowerShot ELPH S2800.,PRESENT_X,CAMERA_3,39~68
981,11,CAMERA_3,"['CAMERA_1', 'CAMERA_2', 'CAMERA_3']","{'CAMERA_1': ['camera_type', 'resolution', 'long_exposure', 'color'], 'CAMERA_2': ['long_exposure'], 'CAMERA_3': ['autofocus_points']}",C_QUESTION_ABOUT_FEATURE,CAMERA_3,autofocus_points,Lucinda how does the auto focus points can pass the ball to,PRESENT_X,CAMERA_3,S_ANSWERS_QUESTION_ABOUT_FEATURE,CAMERA_3,autofocus_points,This one has 214 autofocus points.,PRESENT_X,CAMERA_3,13~33
981,12,CAMERA_3,"['CAMERA_1', 'CAMERA_2', 'CAMERA_3']","{'CAMERA_1': ['camera_type', 'resolution', 'long_exposure', 'color'], 'CAMERA_2': ['long_exposure'], 'CAMERA_3': ['autofocus_points', 'settings']}",C_QUESTION_ABOUT_FEATURE,CAMERA_3,settings,nice and what about the mental settings,PRESENT_X,CAMERA_3,S_ANSWERS_QUESTION_ABOUT_FEATURE,CAMERA_3,settings,"This one has manual control and various automatic settings (video modeburst shooting, etc.).",PRESENT_X,CAMERA_3,13~91
981,13,,"['CAMERA_1', 'CAMERA_2', 'CAMERA_3']","{'CAMERA_1': ['camera_type', 'resolution', 'long_exposure', 'color'], 'CAMERA_2': ['long_exposure'], 'CAMERA_3': ['autofocus_points', 'settings']}",C_ANYTHING_ELSE_AVAILABLE,CAMERA_3,NONE,do you have any other cameras like this,PRESENT_X,CAMERA_3,S_THATS_ALL_WE_HAVE_AVAILABLE,CAMERA_3,,That's all we have available at the moment.,PRESENT_X,CAMERA_3,
981,14,NONE,"['CAMERA_1', 'CAMERA_2', 'CAMERA_3']","{'CAMERA_1': ['camera_type', 'resolution', 'long_exposure', 'color'], 'CAMERA_2': ['long_exposure'], 'CAMERA_3': ['autofocus_points', 'settings']}",C_THANK_YOU,CAMERA_3,NONE,alright thank you very much,PRESENT_X,CAMERA_3,S_THANK_YOU,CAMERA_3,NONE,thank you very much.,FACE_TO_FACE,NONE,
981,15,NONE,"['CAMERA_1', 'CAMERA_2', 'CAMERA_3']","{'CAMERA_1': ['camera_type', 'resolution', 'long_exposure', 'color'], 'CAMERA_2': ['long_exposure'], 'CAMERA_3': ['autofocus_points', 'settings']}",C_LEAVES,DOOR,NONE,,FACE_TO_FACE,NONE,S_RETURNS_TO_COUNTER,SERVICE_COUNTER,NONE,,WAITING,NONE,
982,1,NONE,[],"{'CAMERA_1': [], 'CAMERA_2': [], 'CAMERA_3': []}",C_ENTERS,DOOR,NONE,,WAITING,NONE,S_NONE,SERVICE_COUNTER,NONE,,WAITING,NONE,
982,2,NONE,[],"{'CAMERA_1': [], 'CAMERA_2': [], 'CAMERA_3': []}",C_GREETS,MIDDLE,NONE,Excuse me,WAITING,NONE,S_GREETS,MIDDLE,NONE,can I help you?,FACE_TO_FACE,NONE,
982,3,CAMERA_3,['CAMERA_3'],"{'CAMERA_1': [], 'CAMERA_2': [], 'CAMERA_3': []}",C_LOOKING_FOR_A_CAMERA,MIDDLE,NONE,just looking to buy a camera,FACE_TO_FACE,NONE,S_INTRODUCES_CAMERA,CAMERA_3,,Let me show you this. Here we have the Fujifilm PowerShot ELPH S2800.,PRESENT_X,CAMERA_3,39~68
982,4,CAMERA_3,['CAMERA_3'],"{'CAMERA_1': [], 'CAMERA_2': [], 'CAMERA_3': ['optical_zoom']}",C_QUESTION_ABOUT_FEATURE,CAMERA_3,optical_zoom,good good good and it has the optical zoom,PRESENT_X,CAMERA_3,S_NOT_SURE,CAMERA_3,,I'm not really sure about that.,PRESENT_X,CAMERA_3,
982,5,CAMERA_3,['CAMERA_3'],"{'CAMERA_1': [], 'CAMERA_2': [], 'CAMERA_3': ['optical_zoom', 'resolution']}",C_QUESTION_ABOUT_FEATURE,CAMERA_3,resolution,Honda how many mega pixels on the screen,PRESENT_X,CAMERA_3,S_ANSWERS_QUESTION_ABOUT_FEATURE,CAMERA_3,resolution,This one has 23.2 megapixels resolution.,PRESENT_X,CAMERA_3,13~28
982,6,CAMERA_3,['CAMERA_3'],"{'CAMERA_1': [], 'CAMERA_2': [], 'CAMERA_3': ['optical_zoom', 'resolution', 'color']}",C_SILENT_OR_BACKCHANNEL,CAMERA_3,NONE,nice how much is a pricing,PRESENT_X,CAMERA_3,S_INTRODUCES_FEATURE,CAMERA_3,color,"This one comes in purple, white, silver, blue, red, or pink.",PRESENT_X,CAMERA_3,18~59
982,7,CAMERA_3,['CAMERA_3'],"{'CAMERA_1': [], 'CAMERA_2': [], 'CAMERA_3': ['optical_zoom', 'resolution', 'color', 'ISO']}",C_QUESTION_ABOUT_FEATURE,CAMERA_3,ISO,and how high does the iso good,PRESENT_X,CAMERA_3,S_ANSWERS_QUESTION_ABOUT_FEATURE,CAMERA_3,ISO,This one has up to 3200 ISO with little noise.,PRESENT_X,CAMERA_3,13~45
982,8,CAMERA_3,['CAMERA_3'],"{'CAMERA_1': [], 'CAMERA_2': [], 'CAMERA_3': ['optical_zoom', 'resolution', 'color', 'ISO', 'effects']}",C_QUESTION_ABOUT_FEATURE,CAMERA_3,effects,and how does the artistic effect Mode work,PRESENT_X,CAMERA_3,S_ANSWERS_QUESTION_ABOUT_FEATURE,CAMERA_3,effects,"This one has 21 photo effects (small face, retro, big eyes, etc.).",PRESENT_X,CAMERA_3,13~65
982,9,CAMERA_3,['CAMERA_3'],"{'CAMERA_1': [], 'CAMERA_2': [], 'CAMERA_3': ['optical_zoom', 'resolution', 'color', 'ISO', 'effects', 'price']}",C_SILENT_OR_BACKCHANNEL,CAMERA_3,NONE,ic,PRESENT_X,CAMERA_3,S_INTRODUCES_FEATURE,CAMERA_3,price,This one costs $518.,PRESENT_X,CAMERA_3,15~19
982,10,CAMERA_3,['CAMERA_3'],"{'CAMERA_1': [], 'CAMERA_2': [], 'CAMERA_3': ['optical_zoom', 'resolution', 'color', 'ISO', 'effects', 'price', 'sensor_size']}",C_QUESTION_ABOUT_FEATURE,CAMERA_3,sensor_size,what's sensor size,PRESENT_X,CAMERA_3,S_ANSWERS_QUESTION_ABOUT_FEATURE,CAMERA_3,sensor_size,This one has a full frame.,PRESENT_X,CAMERA_3,15~25
982,11,CAMERA_3,['CAMERA_3'],"{'CAMERA_1': [], 'CAMERA_2': [], 'CAMERA_3': ['optical_zoom', 'resolution', 'color', 'ISO', 'effects', 'price', 'sensor_size', 'long_exposure']}",C_QUESTION_ABOUT_FEATURE,CAMERA_3,long_exposure,what is the exposure like,PRESENT_X,CAMERA_3,S_ANSWERS_QUESTION_ABOUT_FEATURE,CAMERA_3,long_exposure,This one can take long exposures up to 30 minutes max with bulb mode.,PRESENT_X,CAMERA_3,39~68
982,12,CAMERA_3,['CAMERA_3'],"{'CAMERA_1': [], 'CAMERA_2': [], 'CAMERA_3': ['optical_zoom', 'resolution', 'color', 'ISO', 'effects', 'price', 'sensor_size', 'long_exposure', 'weight']}",C_QUESTION_ABOUT_FEATURE,CAMERA_3,weight,fender what is the weight for this camera,PRESENT_X,CAMERA_3,S_ANSWERS_QUESTION_ABOUT_FEATURE,CAMERA_3,weight,This one weighs 820 grams.,PRESENT_X,CAMERA_3,16~25
982,13,CAMERA_2,"['CAMERA_3', 'CAMERA_2']","{'CAMERA_1': [], 'CAMERA_2': [], 'CAMERA_3': ['optical_zoom', 'resolution', 'color', 'ISO', 'effects', 'price', 'sensor_size', 'long_exposure', 'weight']}",C_ANYTHING_ELSE_AVAILABLE,CAMERA_3,NONE,ok do you have any other cameras,PRESENT_X,CAMERA_3,S_INTRODUCES_CAMERA,CAMERA_2,,Let me show you this. Here we have the Fujifilm Lumix ILC Camera.,PRESENT_X,CAMERA_2,39~64
982,14,CAMERA_2,"['CAMERA_3', 'CAMERA_2']","{'CAMERA_1': [], 'CAMERA_2': ['price'], 'CAMERA_3': ['optical_zoom', 'resolution', 'color', 'ISO', 'effects', 'price', 'sensor_size', 'long_exposure', 'weight']}",C_QUESTION_ABOUT_FEATURE,CAMERA_2,price,and how much does this cost,PRESENT_X,CAMERA_2,S_ANSWERS_QUESTION_ABOUT_FEATURE,CAMERA_2,price,This one costs $768.,PRESENT_X,CAMERA_2,15~19
982,15,CAMERA_2,"['CAMERA_3', 'CAMERA_2']","{'CAMERA_1': [], 'CAMERA_2': ['price', 'sensor_size'], 'CAMERA_3': ['optical_zoom', 'resolution', 'color', 'ISO', 'effects', 'price', 'sensor_size', 'long_exposure', 'weight']}",C_QUESTION_ABOUT_FEATURE,CAMERA_2,sensor_size,What is the synthesize of this camera,PRESENT_X,CAMERA_2,S_ANSWERS_QUESTION_ABOUT_FEATURE,CAMERA_2,sensor_size,This one has a 1/2.33 inch sensor.,PRESENT_X,CAMERA_2,15~33
982,16,CAMERA_2,"['CAMERA_3', 'CAMERA_2']","{'CAMERA_1': [], 'CAMERA_2': ['price', 'sensor_size', 'long_exposure'], 'CAMERA_3': ['optical_zoom', 'resolution', 'color', 'ISO', 'effects', 'price', 'sensor_size', 'long_exposure', 'weight']}",C_QUESTION_ABOUT_FEATURE,CAMERA_2,long_exposure,can it take long exposure shots,PRESENT_X,CAMERA_2,S_ANSWERS_QUESTION_ABOUT_FEATURE,CAMERA_2,long_exposure,This one can take long exposures up to 60 minutes max with bulb mode.,PRESENT_X,CAMERA_2,39~68
982,17,CAMERA_2,"['CAMERA_3', 'CAMERA_2']","{'CAMERA_1': [], 'CAMERA_2': ['price', 'sensor_size', 'long_exposure', 'settings'], 'CAMERA_3': ['optical_zoom', 'resolution', 'color', 'ISO', 'effects', 'price', 'sensor_size', 'long_exposure', 'weight']}",C_QUESTION_ABOUT_FEATURE,CAMERA_2,settings,okay and what kind of manual settings does it have,PRESENT_X,CAMERA_2,S_ANSWERS_QUESTION_ABOUT_FEATURE,CAMERA_2,settings,"This one has manual control and various automatic settings (video modeburst shooting, etc.).",PRESENT_X,CAMERA_2,13~91
982,18,CAMERA_2,"['CAMERA_3', 'CAMERA_2']","{'CAMERA_1': [], 'CAMERA_2': ['price', 'sensor_size', 'long_exposure', 'settings', 'optical_zoom'], 'CAMERA_3': ['optical_zoom', 'resolution', 'color', 'ISO', 'effects', 'price', 'sensor_size', 'long_exposure', 'weight']}",C_SILENT_OR_BACKCHANNEL,CAMERA_2,NONE,okay,PRESENT_X,CAMERA_2,S_INTRODUCES_FEATURE,CAMERA_2,optical_zoom,This one has 21x optical zoom.,PRESENT_X,CAMERA_2,13~29
982,19,CAMERA_2,"['CAMERA_3', 'CAMERA_2']","{'CAMERA_1': [], 'CAMERA_2': ['price', 'sensor_size', 'long_exposure', 'settings', 'optical_zoom', 'preset_modes'], 'CAMERA_3': ['optical_zoom', 'resolution', 'color', 'ISO', 'effects', 'price', 'sensor_size', 'long_exposure', 'weight']}",C_QUESTION_ABOUT_FEATURE,CAMERA_2,preset_modes,is the other one with menu settings is that lighter or heavier than its camera,PRESENT_X,CAMERA_2,S_NOT_SURE,CAMERA_2,,I'm not really sure about that.,PRESENT_X,CAMERA_2,
982,20,CAMERA_2,"['CAMERA_3', 'CAMERA_2']","{'CAMERA_1': [], 'CAMERA_2': ['price', 'sensor_size', 'long_exposure', 'settings', 'optical_zoom', 'preset_modes', 'weight'], 'CAMERA_3': ['optical_zoom', 'resolution', 'color', 'ISO', 'effects', 'price', 'sensor_size', 'long_exposure', 'weight']}",C_QUESTION_ABOUT_FEATURE,CAMERA_2,weight,ok what about the wait is it heavy or is it,PRESENT_X,CAMERA_2,S_ANSWERS_QUESTION_ABOUT_FEATURE,CAMERA_2,weight,This one weighs 820 grams.,PRESENT_X,CAMERA_2,16~25
982,21,CAMERA_2,"['CAMERA_3', 'CAMERA_2']","{'CAMERA_1': [], 'CAMERA_2': ['price', 'sensor_size', 'long_exposure', 'settings', 'optical_zoom', 'preset_modes', 'weight', 'autofocus_points'], 'CAMERA_3': ['optical_zoom', 'resolution', 'color', 'ISO', 'effects', 'price', 'sensor_size', 'long_exposure', 'weight']}",C_QUESTION_ABOUT_FEATURE,CAMERA_2,autofocus_points,how many auto focus points does it have,PRESENT_X,CAMERA_2,S_NOT_SURE,CAMERA_2,,I'm not really sure about that.,PRESENT_X,CAMERA_2,
982,22,CAMERA_2,"['CAMERA_3', 'CAMERA_2']","{'CAMERA_1': [], 'CAMERA_2': ['price', 'sensor_size', 'long_exposure', 'settings', 'optical_zoom', 'preset_modes', 'weight', 'autofocus_points', 'camera_type'], 'CAMERA_3': ['optical_zoom', 'resolution', 'color', 'ISO', 'effects', 'price', 'sensor_size', 'long_exposure', 'weight']}",C_QUESTION_ABOUT_FEATURE,CAMERA_2,camera_type,is this a point and shoot camera,PRESENT_X,CAMERA_2,S_ANSWERS_QUESTION_ABOUT_FEATURE,CAMERA_2,camera_type,This is a digital single lens mirrorless camera.,PRESENT_X,CAMERA_2,10~40
982,23,CAMERA_2,"['CAMERA_3', 'CAMERA_2']","{'CAMERA_1': [], 'CAMERA_2': ['price', 'sensor_size', 'long_exposure', 'settings', 'optical_zoom', 'preset_modes', 'weight', 'autofocus_points', 'camera_type', 'color'], 'CAMERA_3': ['optical_zoom', 'resolution', 'color', 'ISO', 'effects', 'price', 'sensor_size', 'long_exposure', 'weight']}",C_SILENT_OR_BACKCHANNEL,CAMERA_2,NONE,I guess it's a pretty good camera then,PRESENT_X,CAMERA_2,S_INTRODUCES_FEATURE,CAMERA_2,color,This one comes in white or pink.,PRESENT_X,CAMERA_2,18~31
982,24,CAMERA_1,"['CAMERA_3', 'CAMERA_2', 'CAMERA_1']","{'CAMERA_1': [], 'CAMERA_2': ['price', 'sensor_size', 'long_exposure', 'settings', 'optical_zoom', 'preset_modes', 'weight', 'autofocus_points', 'camera_type', 'color'], 'CAMERA_3': ['optical_zoom', 'resolution', 'color', 'ISO', 'effects', 'price', 'sensor_size', 'long_exposure', 'weight']}",C_ANYTHING_ELSE_AVAILABLE,CAMERA_2,NONE,ok do you have any other cameras that can just look at,PRESENT_X,CAMERA_2,S_INTRODUCES_CAMERA,CAMERA_1,,Let me show you this. Here we have the Sony PowerShot ELPH DMC-ZS3.,PRESENT_X,CAMERA_1,39~66
982,25,CAMERA_1,"['CAMERA_3', 'CAMERA_2', 'CAMERA_1']","{'CAMERA_1': ['autofocus_points'], 'CAMERA_2': ['price', 'sensor_size', 'long_exposure', 'settings', 'optical_zoom', 'preset_modes', 'weight', 'autofocus_points', 'camera_type', 'color'], 'CAMERA_3': ['optical_zoom', 'resolution', 'color', 'ISO', 'effects', 'price', 'sensor_size', 'long_exposure', 'weight']}",C_QUESTION_ABOUT_FEATURE,CAMERA_1,autofocus_points,and how many autofocus points does it have,PRESENT_X,CAMERA_1,S_ANSWERS_QUESTION_ABOUT_FEATURE,CAMERA_1,autofocus_points,This one has 135 autofocus points.,PRESENT_X,CAMERA_1,13~33
982,26,NONE,"['CAMERA_3', 'CAMERA_2', 'CAMERA_1']","{'CAMERA_1': ['autofocus_points'], 'CAMERA_2': ['price', 'sensor_size', 'long_exposure', 'settings', 'optical_zoom', 'preset_modes', 'weight', 'autofocus_points', 'camera_type', 'color'], 'CAMERA_3': ['optical_zoom', 'resolution', 'color', 'ISO', 'effects', 'price', 'sensor_size', 'long_exposure', 'weight']}",C_THANK_YOU,CAMERA_1,NONE,thank you very much and see you later,PRESENT_X,CAMERA_1,S_THANK_YOU,CAMERA_1,NONE,thank you very much.,FACE_TO_FACE,NONE,
982,27,NONE,"['CAMERA_3', 'CAMERA_2', 'CAMERA_1']","{'CAMERA_1': ['autofocus_points'], 'CAMERA_2': ['price', 'sensor_size', 'long_exposure', 'settings', 'optical_zoom', 'preset_modes', 'weight', 'autofocus_points', 'camera_type', 'color'], 'CAMERA_3': ['optical_zoom', 'resolution', 'color', 'ISO', 'effects', 'price', 'sensor_size', 'long_exposure', 'weight']}",C_LEAVES,DOOR,NONE,,FACE_TO_FACE,NONE,S_RETURNS_TO_COUNTER,SERVICE_COUNTER,NONE,,WAITING,NONE,
983,1,NONE,[],"{'CAMERA_1': [], 'CAMERA_2': [], 'CAMERA_3': []}",C_ENTERS,DOOR,NONE,,WAITING,NONE,S_NONE,SERVICE_COUNTER,NONE,,WAITING,NONE,
983,2,NONE,[],"{'CAMERA_1': [], 'CAMERA_2': [], 'CAMERA_3': []}",C_GREETS,MIDDLE,NONE,use me,WAITING,NONE,S_GREETS,MIDDLE,NONE,can I help you?,FACE_TO_FACE,NONE,
983,3,CAMERA_3,['CAMERA_3'],"{'CAMERA_1': [], 'CAMERA_2': [], 'CAMERA_3': []}",C_LOOKING_FOR_A_CAMERA,MIDDLE,NONE,I'm just here looking at the new cameras at your home,FACE_TO_FACE,NONE,S_INTRODUCES_CAMERA,CAMERA_3,,Let me show you this. Here we have the Fujifilm PowerShot ELPH S2800.,PRESENT_X,CAMERA_3,39~68
983,4,CAMERA_3,['CAMERA_3'],"{'CAMERA_1': [], 'CAMERA_2': [], 'CAMERA_3': ['settings']}",C_QUESTION_ABOUT_FEATURE,CAMERA_3,settings,so purple sounds good and what about some manual settings,PRESENT_X,CAMERA_3,S_ANSWERS_QUESTION_ABOUT_FEATURE,CAMERA_3,settings,"This one has manual control and various automatic settings (video modeburst shooting, etc.).",PRESENT_X,CAMERA_3,13~91
983,5,CAMERA_3,['CAMERA_3'],"{'CAMERA_1': [], 'CAMERA_2': [], 'CAMERA_3': ['settings', 'long_exposure']}",C_QUESTION_ABOUT_FEATURE,CAMERA_3,long_exposure,can you do long exposure shoot,PRESENT_X,CAMERA_3,S_ANSWERS_QUESTION_ABOUT_FEATURE,CAMERA_3,long_exposure,This one can take long exposures up to 30 minutes max with bulb mode.,PRESENT_X,CAMERA_3,39~68
983,6,CAMERA_3,['CAMERA_3'],"{'CAMERA_1': [], 'CAMERA_2': [], 'CAMERA_3': ['settings', 'long_exposure', 'sensor_size']}",C_SILENT_OR_BACKCHANNEL,CAMERA_3,NONE,okay great let's take care of business,PRESENT_X,CAMERA_3,S_INTRODUCES_FEATURE,CAMERA_3,sensor_size,This one has a full frame.,PRESENT_X,CAMERA_3,15~25
983,7,NONE,['CAMERA_3'],"{'CAMERA_1': [], 'CAMERA_2': [], 'CAMERA_3': ['settings', 'long_exposure', 'sensor_size']}",C_THANK_YOU,CAMERA_3,NONE,thank you for your support,PRESENT_X,CAMERA_3,S_THANK_YOU,CAMERA_3,NONE,thank you very much.,FACE_TO_FACE,NONE,
983,8,NONE,['CAMERA_3'],"{'CAMERA_1': [], 'CAMERA_2': [], 'CAMERA_3': ['settings', 'long_exposure', 'sensor_size']}",C_LEAVES,DOOR,NONE,,FACE_TO_FACE,NONE,S_RETURNS_TO_COUNTER,SERVICE_COUNTER,NONE,,WAITING,NONE,
984,1,NONE,[],"{'CAMERA_1': [], 'CAMERA_2': [], 'CAMERA_3': []}",C_ENTERS,DOOR,NONE,,WAITING,NONE,S_NONE,SERVICE_COUNTER,NONE,,WAITING,NONE,
984,2,NONE,[],"{'CAMERA_1': [], 'CAMERA_2': [], 'CAMERA_3': []}",C_GREETS,MIDDLE,NONE,excuse me,WAITING,NONE,S_GREETS,MIDDLE,NONE,can I help you?,FACE_TO_FACE,NONE,
984,3,CAMERA_3,['CAMERA_3'],"{'CAMERA_1': [], 'CAMERA_2': [], 'CAMERA_3': []}",C_LOOKING_FOR_A_CAMERA,MIDDLE,NONE,hey I'm looking for a compact camera,FACE_TO_FACE,NONE,S_INTRODUCES_CAMERA,CAMERA_3,,Let me show you this. Here we have the Fujifilm PowerShot ELPH S2800.,PRESENT_X,CAMERA_3,39~68
984,4,CAMERA_3,['CAMERA_3'],"{'CAMERA_1': [], 'CAMERA_2': [], 'CAMERA_3': ['sensor_size']}",C_QUESTION_ABOUT_FEATURE,CAMERA_3,sensor_size,what is the sensor size,PRESENT_X,CAMERA_3,S_ANSWERS_QUESTION_ABOUT_FEATURE,CAMERA_3,sensor_size,This one has a full frame.,PRESENT_X,CAMERA_3,15~25
984,5,CAMERA_3,['CAMERA_3'],"{'CAMERA_1': [], 'CAMERA_2': [], 'CAMERA_3': ['sensor_size', 'ISO']}",C_SILENT_OR_BACKCHANNEL,CAMERA_3,NONE,okay,PRESENT_X,CAMERA_3,S_INTRODUCES_FEATURE,CAMERA_3,ISO,This one has up to 3200 ISO with little noise.,PRESENT_X,CAMERA_3,13~45
984,6,NONE,['CAMERA_3'],"{'CAMERA_1': [], 'CAMERA_2': [], 'CAMERA_3': ['sensor_size', 'ISO']}",C_THANK_YOU,CAMERA_3,NONE,thank you,PRESENT_X,CAMERA_3,S_THANK_YOU,CAMERA_3,NONE,thank you very much.,FACE_TO_FACE,NONE,
984,7,NONE,['CAMERA_3'],"{'CAMERA_1': [], 'CAMERA_2': [], 'CAMERA_3': ['sensor_size', 'ISO']}",C_LEAVES,DOOR,NONE,,FACE_TO_FACE,NONE,S_RETURNS_TO_COUNTER,SERVICE_COUNTER,NONE,,WAITING,NONE,
985,1,NONE,[],"{'CAMERA_1': [], 'CAMERA_2': [], 'CAMERA_3': []}",C_ENTERS,DOOR,NONE,,WAITING,NONE,S_NONE,SERVICE_COUNTER,NONE,,WAITING,NONE,
985,2,NONE,[],"{'CAMERA_1': [], 'CAMERA_2': [], 'CAMERA_3': []}",C_GREETS,MIDDLE,NONE,hello,WAITING,NONE,S_GREETS,MIDDLE,NONE,can I help you?,FACE_TO_FACE,NONE,
985,3,CAMERA_1,['CAMERA_1'],"{'CAMERA_1': [], 'CAMERA_2': [], 'CAMERA_3': []}",C_LOOKING_FOR_A_CAMERA,MIDDLE,NONE,I'm just browsing around just searching for a camera,FACE_TO_FACE,NONE,S_INTRODUCES_CAMERA,CAMERA_1,,Let me show you this. Here we have the Sony PowerShot ELPH DMC-ZS3.,PRESENT_X,CAMERA_1,39~66
985,4,CAMERA_1,['CAMERA_1'],"{'CAMERA_1': ['long_exposure'], 'CAMERA_2': [], 'CAMERA_3': []}",C_QUESTION_ABOUT_FEATURE,CAMERA_1,long_exposure,when and how much does the or what is the long exposure on this,PRESENT_X,CAMERA_1,S_ANSWERS_QUESTION_ABOUT_FEATURE,CAMERA_1,long_exposure,This one can take long exposures up to up to 15 seconds with Long Shutter Mode.,PRESENT_X,CAMERA_1,39~78
985,5,CAMERA_1,['CAMERA_1'],"{'CAMERA_1': ['long_exposure', 'resolution'], 'CAMERA_2': [], 'CAMERA_3': []}",C_QUESTION_ABOUT_FEATURE,CAMERA_1,resolution,what is the resolution,PRESENT_X,CAMERA_1,S_ANSWERS_QUESTION_ABOUT_FEATURE,CAMERA_1,resolution,This one has 17.8 megapixels resolution.,PRESENT_X,CAMERA_1,13~28
985,6,CAMERA_2,"['CAMERA_1', 'CAMERA_2']","{'CAMERA_1': ['long_exposure', 'resolution'], 'CAMERA_2': [], 'CAMERA_3': []}",C_ANYTHING_ELSE_AVAILABLE,CAMERA_1,NONE,can you recommend another camera similar to this,PRESENT_X,CAMERA_1,S_INTRODUCES_CAMERA,CAMERA_2,,Let me show you this. Here we have the Fujifilm Lumix ILC Camera.,PRESENT_X,CAMERA_2,39~64
985,7,CAMERA_2,"['CAMERA_1', 'CAMERA_2']","{'CAMERA_1': ['long_exposure', 'resolution'], 'CAMERA_2': ['price'], 'CAMERA_3': []}",C_SILENT_OR_BACKCHANNEL,CAMERA_2,NONE,ok,PRESENT_X,CAMERA_2,S_INTRODUCES_FEATURE,CAMERA_2,price,This one costs $768.,PRESENT_X,CAMERA_2,15~19
985,8,CAMERA_2,"['CAMERA_1', 'CAMERA_2']","{'CAMERA_1': ['long_exposure', 'resolution'], 'CAMERA_2': ['price', 'sensor_size'], 'CAMERA_3': []}",C_SILENT_OR_BACKCHANNEL,CAMERA_2,NONE,ok,PRESENT_X,CAMERA_2,S_INTRODUCES_FEATURE,CAMERA_2,sensor_size,This one has a 1/2.33 inch sensor.,PRESENT_X,CAMERA_2,15~33
985,9,CAMERA_2,"['CAMERA_1', 'CAMERA_2']","{'CAMERA_1': ['long_exposure', 'resolution'], 'CAMERA_2': ['price', 'sensor_size', 'color'], 'CAMERA_3': []}",C_SILENT_OR_BACKCHANNEL,CAMERA_2,NONE,that sounds good,PRESENT_X,CAMERA_2,S_INTRODUCES_FEATURE,CAMERA_2,color,This one comes in white or pink.,PRESENT_X,CAMERA_2,18~31
985,10,NONE,"['CAMERA_1', 'CAMERA_2']","{'CAMERA_1': ['long_exposure', 'resolution'], 'CAMERA_2': ['price', 'sensor_size', 'color'], 'CAMERA_3': []}",C_THANK_YOU,CAMERA_2,NONE,thank you,PRESENT_X,CAMERA_2,S_THANK_YOU,CAMERA_2,NONE,thank you very much.,FACE_TO_FACE,NONE,
985,11,NONE,"['CAMERA_1', 'CAMERA_2']","{'CAMERA_1': ['long_exposure', 'resolution'], 'CAMERA_2': ['price', 'sensor_size', 'color'], 'CAMERA_3': []}",C_LEAVES,DOOR,NONE,,FACE_TO_FACE,NONE,S_RETURNS_TO_COUNTER,SERVICE_COUNTER,NONE,,WAITING,NONE,
986,1,NONE,[],"{'CAMERA_1': [], 'CAMERA_2': [], 'CAMERA_3': []}",C_ENTERS,DOOR,NONE,,WAITING,NONE,S_NONE,SERVICE_COUNTER,NONE,,WAITING,NONE,
986,2,NONE,[],"{'CAMERA_1': [], 'CAMERA_2': [], 'CAMERA_3': []}",C_GREETS,MIDDLE,NONE,hello,WAITING,NONE,S_GREETS,MIDDLE,NONE,can I help you?,FACE_TO_FACE,NONE,
986,3,CAMERA_3,['CAMERA_3'],"{'CAMERA_1': [], 'CAMERA_2': [], 'CAMERA_3': []}",C_LOOKING_FOR_A_CAMERA,MIDDLE,NONE,I'm just looking around,FACE_TO_FACE,NONE,S_INTRODUCES_CAMERA,CAMERA_3,,Let me show you this. Here we have the Fujifilm PowerShot ELPH S2800.,PRESENT_X,CAMERA_3,39~68
986,4,CAMERA_3,['CAMERA_3'],"{'CAMERA_1': [], 'CAMERA_2': [], 'CAMERA_3': ['camera_type']}",C_QUESTION_ABOUT_FEATURE,CAMERA_3,camera_type,is this a point and shoot camera,PRESENT_X,CAMERA_3,S_ANSWERS_QUESTION_ABOUT_FEATURE,CAMERA_3,camera_type,This is a point and shoot camera.,PRESENT_X,CAMERA_3,10~25
986,5,CAMERA_2,"['CAMERA_3', 'CAMERA_2']","{'CAMERA_1': [], 'CAMERA_2': [], 'CAMERA_3': ['camera_type']}",C_ANYTHING_ELSE_AVAILABLE,CAMERA_3,NONE,do you have any other cameras with preset mode,PRESENT_X,CAMERA_3,S_INTRODUCES_CAMERA,CAMERA_2,,Let me show you this. Here we have the Fujifilm Lumix ILC Camera.,PRESENT_X,CAMERA_2,39~64
986,6,CAMERA_2,"['CAMERA_3', 'CAMERA_2']","{'CAMERA_1': [], 'CAMERA_2': ['weight'], 'CAMERA_3': ['camera_type']}",C_SILENT_OR_BACKCHANNEL,CAMERA_2,NONE,ok,PRESENT_X,CAMERA_2,S_INTRODUCES_FEATURE,CAMERA_2,weight,This one weighs 820 grams.,PRESENT_X,CAMERA_2,16~25
986,7,NONE,"['CAMERA_3', 'CAMERA_2']","{'CAMERA_1': [], 'CAMERA_2': ['weight'], 'CAMERA_3': ['camera_type']}",C_THANK_YOU,CAMERA_2,NONE,thanks,PRESENT_X,CAMERA_2,S_THANK_YOU,CAMERA_2,NONE,thank you very much.,FACE_TO_FACE,NONE,
986,8,NONE,"['CAMERA_3', 'CAMERA_2']","{'CAMERA_1': [], 'CAMERA_2': ['weight'], 'CAMERA_3': ['camera_type']}",C_LEAVES,DOOR,NONE,,FACE_TO_FACE,NONE,S_RETURNS_TO_COUNTER,SERVICE_COUNTER,NONE,,WAITING,NONE,
987,1,NONE,[],"{'CAMERA_1': [], 'CAMERA_2': [], 'CAMERA_3': []}",C_ENTERS,DOOR,NONE,,WAITING,NONE,S_NONE,SERVICE_COUNTER,NONE,,WAITING,NONE,
987,2,NONE,[],"{'CAMERA_1': [], 'CAMERA_2': [], 'CAMERA_3': []}",C_WALKS_TO_CAMERA,CAMERA_2,NONE,,WAITING,NONE,S_GREETS,CAMERA_2,NONE,can I help you?,FACE_TO_FACE,NONE,
987,3,CAMERA_3,['CAMERA_3'],"{'CAMERA_1': [], 'CAMERA_2': [], 'CAMERA_3': []}",C_LOOKING_FOR_A_CAMERA,CAMERA_2,NONE,yo I'm looking for a camera maybe more for use at night,FACE_TO_FACE,NONE,S_INTRODUCES_CAMERA,CAMERA_3,,Let me show you this. Here we have the Fujifilm PowerShot ELPH S2800.,PRESENT_X,CAMERA_3,39~68
987,4,CAMERA_3,['CAMERA_3'],"{'CAMERA_1': [], 'CAMERA_2': [], 'CAMERA_3': ['autofocus_points']}",C_QUESTION_ABOUT_FEATURE,CAMERA_3,autofocus_points,how many auto focus points I have,PRESENT_X,CAMERA_3,S_ANSWERS_QUESTION_ABOUT_FEATURE,CAMERA_3,autofocus_points,This one has 214 autofocus points.,PRESENT_X,CAMERA_3,13~33
987,5,CAMERA_3,['CAMERA_3'],"{'CAMERA_1': [], 'CAMERA_2': [], 'CAMERA_3': ['autofocus_points', 'sensor_size']}",C_SILENT_OR_BACKCHANNEL,CAMERA_3,NONE,okay,PRESENT_X,CAMERA_3,S_INTRODUCES_FEATURE,CAMERA_3,sensor_size,This one has a full frame.,PRESENT_X,CAMERA_3,15~25
987,6,CAMERA_3,['CAMERA_3'],"{'CAMERA_1': [], 'CAMERA_2': [], 'CAMERA_3': ['autofocus_points', 'sensor_size', 'ISO']}",C_QUESTION_ABOUT_FEATURE,CAMERA_3,ISO,yeah what's ISO,PRESENT_X,CAMERA_3,S_ANSWERS_QUESTION_ABOUT_FEATURE,CAMERA_3,ISO,This one has up to 3200 ISO with little noise.,PRESENT_X,CAMERA_3,13~45
987,7,CAMERA_3,['CAMERA_3'],"{'CAMERA_1': [], 'CAMERA_2': [], 'CAMERA_3': ['autofocus_points', 'sensor_size', 'ISO', 'color']}",C_SILENT_OR_BACKCHANNEL,CAMERA_3,NONE,yeah i see,PRESENT_X,CAMERA_3,S_INTRODUCES_FEATURE,CAMERA_3,color,"This one comes in purple, white, silver, blue, red, or pink.",PRESENT_X,CAMERA_3,18~59
987,8,CAMERA_3,['CAMERA_3'],"{'CAMERA_1': [], 'CAMERA_2': [], 'CAMERA_3': ['autofocus_points', 'sensor_size', 'ISO', 'color', 'resolution']}",C_QUESTION_ABOUT_FEATURE,CAMERA_3,resolution,and this is a touch screen,PRESENT_X,CAMERA_3,S_ANSWERS_QUESTION_ABOUT_FEATURE,CAMERA_3,resolution,This one has 23.2 megapixels resolution.,PRESENT_X,CAMERA_3,13~28
987,9,CAMERA_3,['CAMERA_3'],"{'CAMERA_1': [], 'CAMERA_2': [], 'CAMERA_3': ['autofocus_points', 'sensor_size', 'ISO', 'color', 'resolution', 'weight']}",C_QUESTION_ABOUT_FEATURE,CAMERA_3,weight,how about the weight you know recently I getting older I don't want to have to a heavy camera,PRESENT_X,CAMERA_3,S_ANSWERS_QUESTION_ABOUT_FEATURE,CAMERA_3,weight,This one weighs 820 grams.,PRESENT_X,CAMERA_3,16~25
987,10,NONE,['CAMERA_3'],"{'CAMERA_1': [], 'CAMERA_2': [], 'CAMERA_3': ['autofocus_points', 'sensor_size', 'ISO', 'color', 'resolution', 'weight']}",C_THANK_YOU,CAMERA_3,NONE,I could work with something that yeah okay thanks for your help,PRESENT_X,CAMERA_3,S_THANK_YOU,CAMERA_3,NONE,thank you very much.,FACE_TO_FACE,NONE,
987,11,NONE,['CAMERA_3'],"{'CAMERA_1': [], 'CAMERA_2': [], 'CAMERA_3': ['autofocus_points', 'sensor_size', 'ISO', 'color', 'resolution', 'weight']}",C_LEAVES,DOOR,NONE,,FACE_TO_FACE,NONE,S_RETURNS_TO_COUNTER,SERVICE_COUNTER,NONE,,WAITING,NONE,
988,1,NONE,[],"{'CAMERA_1': [], 'CAMERA_2': [], 'CAMERA_3': []}",C_ENTERS,DOOR,NONE,,WAITING,NONE,S_NONE,SERVICE_COUNTER,NONE,,WAITING,NONE,
988,2,NONE,[],"{'CAMERA_1': [], 'CAMERA_2': [], 'CAMERA_3': []}",C_GREETS,MIDDLE,NONE,excuse me,WAITING,NONE,S_GREETS,MIDDLE,NONE,can I help you?,FACE_TO_FACE,NONE,
988,3,CAMERA_2,['CAMERA_2'],"{'CAMERA_1': [], 'CAMERA_2': [], 'CAMERA_3': []}",C_LOOKING_FOR_A_CAMERA,MIDDLE,NONE,I'm just looking around for nothing,FACE_TO_FACE,NONE,S_INTRODUCES_CAMERA,CAMERA_2,,Let me show you this. Here we have the Fujifilm Lumix ILC Camera.,PRESENT_X,CAMERA_2,39~64
988,4,CAMERA_2,['CAMERA_2'],"{'CAMERA_1': [], 'CAMERA_2': ['effects'], 'CAMERA_3': []}",C_QUESTION_ABOUT_FEATURE,CAMERA_2,effects,what's the artistic effect mode,PRESENT_X,CAMERA_2,S_ANSWERS_QUESTION_ABOUT_FEATURE,CAMERA_2,effects,"This one has 24 artistic effect modes (retro, lighter or darker skin tones, sepia, etc.).",PRESENT_X,CAMERA_2,13~88
988,5,CAMERA_2,['CAMERA_2'],"{'CAMERA_1': [], 'CAMERA_2': ['effects', 'weight'], 'CAMERA_3': []}",C_QUESTION_ABOUT_FEATURE,CAMERA_2,weight,wow what about the wait how how heavy is it,PRESENT_X,CAMERA_2,S_ANSWERS_QUESTION_ABOUT_FEATURE,CAMERA_2,weight,This one weighs 820 grams.,PRESENT_X,CAMERA_2,16~25
988,6,CAMERA_2,['CAMERA_2'],"{'CAMERA_1': [], 'CAMERA_2': ['effects', 'weight', 'preset_modes'], 'CAMERA_3': []}",C_QUESTION_ABOUT_FEATURE,CAMERA_2,preset_modes,does it have any preset mode ready to use,PRESENT_X,CAMERA_2,S_NOT_SURE,CAMERA_2,,I'm not really sure about that.,PRESENT_X,CAMERA_2,
988,7,CAMERA_2,['CAMERA_2'],"{'CAMERA_1': [], 'CAMERA_2': ['effects', 'weight', 'preset_modes', 'optical_zoom'], 'CAMERA_3': []}",C_QUESTION_ABOUT_FEATURE,CAMERA_2,optical_zoom,what what is the what is the of the optical zoom how does it work how far can I zoom,PRESENT_X,CAMERA_2,S_ANSWERS_QUESTION_ABOUT_FEATURE,CAMERA_2,optical_zoom,This one has 21x optical zoom.,PRESENT_X,CAMERA_2,13~29
988,8,CAMERA_3,"['CAMERA_2', 'CAMERA_3']","{'CAMERA_1': [], 'CAMERA_2': ['effects', 'weight', 'preset_modes', 'optical_zoom'], 'CAMERA_3': []}",C_ANYTHING_ELSE_AVAILABLE,CAMERA_2,NONE,ok do you have any other cameras,PRESENT_X,CAMERA_2,S_INTRODUCES_CAMERA,CAMERA_3,,Let me show you this. Here we have the Fujifilm PowerShot ELPH S2800.,PRESENT_X,CAMERA_3,39~68
988,9,CAMERA_3,"['CAMERA_2', 'CAMERA_3']","{'CAMERA_1': [], 'CAMERA_2': ['effects', 'weight', 'preset_modes', 'optical_zoom'], 'CAMERA_3': ['effects']}",C_SILENT_OR_BACKCHANNEL,CAMERA_3,NONE,okay,PRESENT_X,CAMERA_3,S_INTRODUCES_FEATURE,CAMERA_3,effects,"This one has 21 photo effects (small face, retro, big eyes, etc.).",PRESENT_X,CAMERA_3,13~65
988,10,NONE,"['CAMERA_2', 'CAMERA_3']","{'CAMERA_1': [], 'CAMERA_2': ['effects', 'weight', 'preset_modes', 'optical_zoom'], 'CAMERA_3': ['effects']}",C_THANK_YOU,CAMERA_3,NONE,thank you very much,PRESENT_X,CAMERA_3,S_THANK_YOU,CAMERA_3,NONE,thank you very much.,FACE_TO_FACE,NONE,
988,11,NONE,"['CAMERA_2', 'CAMERA_3']","{'CAMERA_1': [], 'CAMERA_2': ['effects', 'weight', 'preset_modes', 'optical_zoom'], 'CAMERA_3': ['effects']}",C_LEAVES,DOOR,NONE,,FACE_TO_FACE,NONE,S_RETURNS_TO_COUNTER,SERVICE_COUNTER,NONE,,WAITING,NONE,
989,1,NONE,[],"{'CAMERA_1': [], 'CAMERA_2': [], 'CAMERA_3': []}",C_ENTERS,DOOR,NONE,,WAITING,NONE,S_NONE,SERVICE_COUNTER,NONE,,WAITING,NONE,
989,2,NONE,[],"{'CAMERA_1': [], 'CAMERA_2': [], 'CAMERA_3': []}",C_WALKS_TO_CAMERA,CAMERA_3,NONE,,WAITING,NONE,S_GREETS,CAMERA_3,NONE,can I help you?,FACE_TO_FACE,NONE,
989,3,CAMERA_2,['CAMERA_2'],"{'CAMERA_1': [], 'CAMERA_2': [], 'CAMERA_3': []}",C_LOOKING_FOR_A_CAMERA,CAMERA_3,NONE,I just want to take a quick look at your cameras,FACE_TO_FACE,NONE,S_INTRODUCES_CAMERA,CAMERA_2,,Let me show you this. Here we have the Fujifilm Lumix ILC Camera.,PRESENT_X,CAMERA_2,39~64
989,4,CAMERA_2,['CAMERA_2'],"{'CAMERA_1': [], 'CAMERA_2': ['settings'], 'CAMERA_3': []}",C_SILENT_OR_BACKCHANNEL,CAMERA_2,NONE,that sounds good,PRESENT_X,CAMERA_2,S_INTRODUCES_FEATURE,CAMERA_2,settings,"This one has manual control and various automatic settings (video modeburst shooting, etc.).",PRESENT_X,CAMERA_2,13~91
989,5,NONE,['CAMERA_2'],"{'CAMERA_1': [], 'CAMERA_2': ['settings'], 'CAMERA_3': []}",C_THANK_YOU,CAMERA_2,NONE,thank you you too have a great day,PRESENT_X,CAMERA_2,S_THANK_YOU,CAMERA_2,NONE,thank you very much.,FACE_TO_FACE,NONE,
989,6,NONE,['CAMERA_2'],"{'CAMERA_1': [], 'CAMERA_2': ['settings'], 'CAMERA_3': []}",C_LEAVES,DOOR,NONE,,FACE_TO_FACE,NONE,S_RETURNS_TO_COUNTER,SERVICE_COUNTER,NONE,,WAITING,NONE,
990,1,NONE,[],"{'CAMERA_1': [], 'CAMERA_2': [], 'CAMERA_3': []}",C_ENTERS,DOOR,NONE,,WAITING,NONE,S_NONE,SERVICE_COUNTER,NONE,,WAITING,NONE,
990,2,NONE,[],"{'CAMERA_1': [], 'CAMERA_2': [], 'CAMERA_3': []}",C_GREETS,MIDDLE,NONE,sorry I ask you something,WAITING,NONE,S_GREETS,MIDDLE,NONE,can I help you?,FACE_TO_FACE,NONE,
990,3,CAMERA_1,['CAMERA_1'],"{'CAMERA_1': [], 'CAMERA_2': [], 'CAMERA_3': []}",C_LOOKING_FOR_A_CAMERA,MIDDLE,NONE,just looking to buy a camera,FACE_TO_FACE,NONE,S_INTRODUCES_CAMERA,CAMERA_1,,Let me show you this. Here we have the Sony PowerShot ELPH DMC-ZS3.,PRESENT_X,CAMERA_1,39~66
990,4,CAMERA_1,['CAMERA_1'],"{'CAMERA_1': ['sensor_size'], 'CAMERA_2': [], 'CAMERA_3': []}",C_SILENT_OR_BACKCHANNEL,CAMERA_1,NONE,okay,PRESENT_X,CAMERA_1,S_INTRODUCES_FEATURE,CAMERA_1,sensor_size,This one has a 1/2.3 inch CMOS sensor.,PRESENT_X,CAMERA_1,15~37
990,5,CAMERA_1,['CAMERA_1'],"{'CAMERA_1': ['sensor_size', 'camera_type'], 'CAMERA_2': [], 'CAMERA_3': []}",C_SILENT_OR_BACKCHANNEL,CAMERA_1,NONE,Wow cheap,PRESENT_X,CAMERA_1,S_INTRODUCES_FEATURE,CAMERA_1,camera_type,This is a DSLR camera.,PRESENT_X,CAMERA_1,10~14
990,6,CAMERA_1,['CAMERA_1'],"{'CAMERA_1': ['sensor_size', 'camera_type', 'optical_zoom'], 'CAMERA_2': [], 'CAMERA_3': []}",C_SILENT_OR_BACKCHANNEL,CAMERA_1,NONE,ok,PRESENT_X,CAMERA_1,S_INTRODUCES_FEATURE,CAMERA_1,optical_zoom,This one has 21x optical zoom.,PRESENT_X,CAMERA_1,13~29
990,7,CAMERA_1,['CAMERA_1'],"{'CAMERA_1': ['sensor_size', 'camera_type', 'optical_zoom', 'long_exposure'], 'CAMERA_2': [], 'CAMERA_3': []}",C_QUESTION_ABOUT_FEATURE,CAMERA_1,long_exposure,what is exposure,PRESENT_X,CAMERA_1,S_ANSWERS_QUESTION_ABOUT_FEATURE,CAMERA_1,long_exposure,This one can take long exposures up to up to 15 seconds with Long Shutter Mode.,PRESENT_X,CAMERA_1,39~78
990,8,CAMERA_1,['CAMERA_1'],"{'CAMERA_1': ['sensor_size', 'camera_type', 'optical_zoom', 'long_exposure', 'color'], 'CAMERA_2': [], 'CAMERA_3': []}",C_SILENT_OR_BACKCHANNEL,CAMERA_1,NONE,okay that's good not going to come is pretty noisy so I will be nice to have a change,PRESENT_X,CAMERA_1,S_INTRODUCES_FEATURE,CAMERA_1,color,This one comes in blue or black.,PRESENT_X,CAMERA_1,18~31
990,9,CAMERA_1,['CAMERA_1'],"{'CAMERA_1': ['sensor_size', 'camera_type', 'optical_zoom', 'long_exposure', 'color', 'resolution'], 'CAMERA_2': [], 'CAMERA_3': []}",C_QUESTION_ABOUT_FEATURE,CAMERA_1,resolution,you know all the mega pixels in the resume sounds pretty good to me I'm looking for something and lights as well so I think I'll go for the second one,PRESENT_X,CAMERA_1,S_ANSWERS_QUESTION_ABOUT_FEATURE,CAMERA_1,resolution,This one has 17.8 megapixels resolution.,PRESENT_X,CAMERA_1,13~28
990,10,CAMERA_1,['CAMERA_1'],"{'CAMERA_1': ['sensor_size', 'camera_type', 'optical_zoom', 'long_exposure', 'color', 'resolution', 'autofocus_points'], 'CAMERA_2': [], 'CAMERA_3': []}",C_SILENT_OR_BACKCHANNEL,CAMERA_1,NONE,IC,PRESENT_X,CAMERA_1,S_INTRODUCES_FEATURE,CAMERA_1,autofocus_points,This one has 135 autofocus points.,PRESENT_X,CAMERA_1,13~33
990,11,CAMERA_1,['CAMERA_1'],"{'CAMERA_1': ['sensor_size', 'camera_type', 'optical_zoom', 'long_exposure', 'color', 'resolution', 'autofocus_points', 'price'], 'CAMERA_2': [], 'CAMERA_3': []}",C_SILENT_OR_BACKCHANNEL,CAMERA_1,NONE,Ice Age,PRESENT_X,CAMERA_1,S_INTRODUCES_FEATURE,CAMERA_1,price,This one costs $450.,PRESENT_X,CAMERA_1,15~19
990,12,CAMERA_1,['CAMERA_1'],"{'CAMERA_1': ['sensor_size', 'camera_type', 'optical_zoom', 'long_exposure', 'color', 'resolution', 'autofocus_points', 'price', 'ISO'], 'CAMERA_2': [], 'CAMERA_3': []}",C_QUESTION_ABOUT_FEATURE,CAMERA_1,ISO,how is the iso,PRESENT_X,CAMERA_1,S_ANSWERS_QUESTION_ABOUT_FEATURE,CAMERA_1,ISO,This one has up to 51200 ISO.,PRESENT_X,CAMERA_1,13~28
990,13,CAMERA_1,['CAMERA_1'],"{'CAMERA_1': ['sensor_size', 'camera_type', 'optical_zoom', 'long_exposure', 'color', 'resolution', 'autofocus_points', 'price', 'ISO', 'preset_modes'], 'CAMERA_2': [], 'CAMERA_3': []}",C_QUESTION_ABOUT_FEATURE,CAMERA_1,preset_modes,what's bulb mode,PRESENT_X,CAMERA_1,S_NOT_SURE,CAMERA_1,,I'm not really sure about that.,PRESENT_X,CAMERA_1,
990,14,CAMERA_1,['CAMERA_1'],"{'CAMERA_1': ['sensor_size', 'camera_type', 'optical_zoom', 'long_exposure', 'color', 'resolution', 'autofocus_points', 'price', 'ISO', 'preset_modes', 'weight'], 'CAMERA_2': [], 'CAMERA_3': []}",C_QUESTION_ABOUT_FEATURE,CAMERA_1,weight,okay how about the weight of us I don't want anything that's too heavy,PRESENT_X,CAMERA_1,S_ANSWERS_QUESTION_ABOUT_FEATURE,CAMERA_1,weight,This one weighs 800 grams.,PRESENT_X,CAMERA_1,16~25
990,15,NONE,['CAMERA_1'],"{'CAMERA_1': ['sensor_size', 'camera_type', 'optical_zoom', 'long_exposure', 'color', 'resolution', 'autofocus_points', 'price', 'ISO', 'preset_modes', 'weight'], 'CAMERA_2': [], 'CAMERA_3': []}",C_THANK_YOU,CAMERA_1,NONE,thank you very much,PRESENT_X,CAMERA_1,S_THANK_YOU,CAMERA_1,NONE,thank you very much.,FACE_TO_FACE,NONE,
990,16,NONE,['CAMERA_1'],"{'CAMERA_1': ['sensor_size', 'camera_type', 'optical_zoom', 'long_exposure', 'color', 'resolution', 'autofocus_points', 'price', 'ISO', 'preset_modes', 'weight'], 'CAMERA_2': [], 'CAMERA_3': []}",C_LEAVES,DOOR,NONE,,FACE_TO_FACE,NONE,S_RETURNS_TO_COUNTER,SERVICE_COUNTER,NONE,,WAITING,NONE,
991,1,NONE,[],"{'CAMERA_1': [], 'CAMERA_2': [], 'CAMERA_3': []}",C_ENTERS,DOOR,NONE,,WAITING,NONE,S_NONE,SERVICE_COUNTER,NONE,,WAITING,NONE,
991,2,NONE,[],"{'CAMERA_1': [], 'CAMERA_2': [], 'CAMERA_3': []}",C_GREETS,MIDDLE,NONE,hello,WAITING,NONE,S_GREETS,MIDDLE,NONE,can I help you?,FACE_TO_FACE,NONE,
991,3,CAMERA_2,['CAMERA_2'],"{'CAMERA_1': [], 'CAMERA_2': [], 'CAMERA_3': []}",C_LOOKING_FOR_A_CAMERA,MIDDLE,NONE,I want a All Around camera I try to use my smartphone but the pictures don't come out so good,FACE_TO_FACE,NONE,S_INTRODUCES_CAMERA,CAMERA_2,,Let me show you this. Here we have the Fujifilm Lumix ILC Camera.,PRESENT_X,CAMERA_2,39~64
991,4,CAMERA_2,['CAMERA_2'],"{'CAMERA_1': [], 'CAMERA_2': ['autofocus_points'], 'CAMERA_3': []}",C_QUESTION_ABOUT_FEATURE,CAMERA_2,autofocus_points,And the auto Focus points how many points does it have,PRESENT_X,CAMERA_2,S_NOT_SURE,CAMERA_2,,I'm not really sure about that.,PRESENT_X,CAMERA_2,
991,5,CAMERA_2,['CAMERA_2'],"{'CAMERA_1': [], 'CAMERA_2': ['autofocus_points', 'resolution'], 'CAMERA_3': []}",C_QUESTION_ABOUT_FEATURE,CAMERA_2,resolution,and how many megapixels does it have,PRESENT_X,CAMERA_2,S_ANSWERS_QUESTION_ABOUT_FEATURE,CAMERA_2,resolution,This one has 23.8 megapixels resolution.,PRESENT_X,CAMERA_2,13~28
991,6,CAMERA_2,['CAMERA_2'],"{'CAMERA_1': [], 'CAMERA_2': ['autofocus_points', 'resolution', 'color'], 'CAMERA_3': []}",C_QUESTION_ABOUT_FEATURE,CAMERA_2,color,I am just studying photography does it come in any other colors,PRESENT_X,CAMERA_2,S_ANSWERS_QUESTION_ABOUT_FEATURE,CAMERA_2,color,This one comes in white or pink.,PRESENT_X,CAMERA_2,18~31
991,7,CAMERA_2,['CAMERA_2'],"{'CAMERA_1': [], 'CAMERA_2': ['autofocus_points', 'resolution', 'color', 'sensor_size'], 'CAMERA_3': []}",C_QUESTION_ABOUT_FEATURE,CAMERA_2,sensor_size,and what's the sensor size on this phone,PRESENT_X,CAMERA_2,S_ANSWERS_QUESTION_ABOUT_FEATURE,CAMERA_2,sensor_size,This one has a 1/2.33 inch sensor.,PRESENT_X,CAMERA_2,15~33
991,8,CAMERA_2,['CAMERA_2'],"{'CAMERA_1': [], 'CAMERA_2': ['autofocus_points', 'resolution', 'color', 'sensor_size', 'ISO'], 'CAMERA_3': []}",C_QUESTION_ABOUT_FEATURE,CAMERA_2,ISO,and the ISO,PRESENT_X,CAMERA_2,S_NOT_SURE,CAMERA_2,,I'm not really sure about that.,PRESENT_X,CAMERA_2,
991,9,CAMERA_2,['CAMERA_2'],"{'CAMERA_1': [], 'CAMERA_2': ['autofocus_points', 'resolution', 'color', 'sensor_size', 'ISO', 'preset_modes'], 'CAMERA_3': []}",C_QUESTION_ABOUT_FEATURE,CAMERA_2,preset_modes,what does this support for preset mode,PRESENT_X,CAMERA_2,S_NOT_SURE,CAMERA_2,,I'm not really sure about that.,PRESENT_X,CAMERA_2,
991,10,CAMERA_2,['CAMERA_2'],"{'CAMERA_1': [], 'CAMERA_2': ['autofocus_points', 'resolution', 'color', 'sensor_size', 'ISO', 'preset_modes', 'long_exposure'], 'CAMERA_3': []}",C_QUESTION_ABOUT_FEATURE,CAMERA_2,long_exposure,can you do a long exposure,PRESENT_X,CAMERA_2,S_ANSWERS_QUESTION_ABOUT_FEATURE,CAMERA_2,long_exposure,This one can take long exposures up to 60 minutes max with bulb mode.,PRESENT_X,CAMERA_2,39~68
991,11,CAMERA_2,['CAMERA_2'],"{'CAMERA_1': [], 'CAMERA_2': ['autofocus_points', 'resolution', 'color', 'sensor_size', 'ISO', 'preset_modes', 'long_exposure', 'weight'], 'CAMERA_3': []}",C_QUESTION_ABOUT_FEATURE,CAMERA_2,weight,how heavy does it weigh,PRESENT_X,CAMERA_2,S_ANSWERS_QUESTION_ABOUT_FEATURE,CAMERA_2,weight,This one weighs 820 grams.,PRESENT_X,CAMERA_2,16~25
991,12,CAMERA_2,['CAMERA_2'],"{'CAMERA_1': [], 'CAMERA_2': ['autofocus_points', 'resolution', 'color', 'sensor_size', 'ISO', 'preset_modes', 'long_exposure', 'weight', 'settings'], 'CAMERA_3': []}",C_QUESTION_ABOUT_FEATURE,CAMERA_2,settings,K and do what manual settings what are the manual settings on this,PRESENT_X,CAMERA_2,S_ANSWERS_QUESTION_ABOUT_FEATURE,CAMERA_2,settings,"This one has manual control and various automatic settings (video modeburst shooting, etc.).",PRESENT_X,CAMERA_2,13~91
991,13,NONE,['CAMERA_2'],"{'CAMERA_1': [], 'CAMERA_2': ['autofocus_points', 'resolution', 'color', 'sensor_size', 'ISO', 'preset_modes', 'long_exposure', 'weight', 'settings'], 'CAMERA_3': []}",C_THANK_YOU,CAMERA_2,NONE,thank you for the support,PRESENT_X,CAMERA_2,S_THANK_YOU,CAMERA_2,NONE,thank you very much.,FACE_TO_FACE,NONE,
991,14,NONE,['CAMERA_2'],"{'CAMERA_1': [], 'CAMERA_2': ['autofocus_points', 'resolution', 'color', 'sensor_size', 'ISO', 'preset_modes', 'long_exposure', 'weight', 'settings'], 'CAMERA_3': []}",C_LEAVES,DOOR,NONE,,FACE_TO_FACE,NONE,S_RETURNS_TO_COUNTER,SERVICE_COUNTER,NONE,,WAITING,NONE,
992,1,NONE,[],"{'CAMERA_1': [], 'CAMERA_2': [], 'CAMERA_3': []}",C_ENTERS,DOOR,NONE,,WAITING,NONE,S_NONE,SERVICE_COUNTER,NONE,,WAITING,NONE,
992,2,NONE,[],"{'CAMERA_1': [], 'CAMERA_2': [], 'CAMERA_3': []}",C_GREETS,MIDDLE,NONE,hi,WAITING,NONE,S_GREETS,MIDDLE,NONE,can I help you?,FACE_TO_FACE,NONE,
992,3,CAMERA_1,['CAMERA_1'],"{'CAMERA_1': [], 'CAMERA_2': [], 'CAMERA_3': []}",C_LOOKING_FOR_A_CAMERA,MIDDLE,NONE,I'm looking for a camera for outdoor shooting this this is how is it good for outdoor shooting,FACE_TO_FACE,NONE,S_INTRODUCES_CAMERA,CAMERA_1,,Let me show you this. Here we have the Sony PowerShot ELPH DMC-ZS3.,PRESENT_X,CAMERA_1,39~66
992,4,CAMERA_1,['CAMERA_1'],"{'CAMERA_1': ['optical_zoom'], 'CAMERA_2': [], 'CAMERA_3': []}",C_QUESTION_ABOUT_FEATURE,CAMERA_1,optical_zoom,under does it have a zoom,PRESENT_X,CAMERA_1,S_ANSWERS_QUESTION_ABOUT_FEATURE,CAMERA_1,optical_zoom,This one has 21x optical zoom.,PRESENT_X,CAMERA_1,13~29
992,5,CAMERA_1,['CAMERA_1'],"{'CAMERA_1': ['optical_zoom', 'long_exposure'], 'CAMERA_2': [], 'CAMERA_3': []}",C_SILENT_OR_BACKCHANNEL,CAMERA_1,NONE,sounds great how about the synthesized honest,PRESENT_X,CAMERA_1,S_INTRODUCES_FEATURE,CAMERA_1,long_exposure,This one can take long exposures up to up to 15 seconds with Long Shutter Mode.,PRESENT_X,CAMERA_1,39~78
992,6,CAMERA_1,['CAMERA_1'],"{'CAMERA_1': ['optical_zoom', 'long_exposure', 'sensor_size'], 'CAMERA_2': [], 'CAMERA_3': []}",C_QUESTION_ABOUT_FEATURE,CAMERA_1,sensor_size,what about it census ice,PRESENT_X,CAMERA_1,S_ANSWERS_QUESTION_ABOUT_FEATURE,CAMERA_1,sensor_size,This one has a 1/2.3 inch CMOS sensor.,PRESENT_X,CAMERA_1,15~37
992,7,CAMERA_2,"['CAMERA_1', 'CAMERA_2']","{'CAMERA_1': ['optical_zoom', 'long_exposure', 'sensor_size'], 'CAMERA_2': [], 'CAMERA_3': []}",C_ANYTHING_ELSE_AVAILABLE,CAMERA_1,NONE,Do you have any other cameras under $300,PRESENT_X,CAMERA_1,S_INTRODUCES_CAMERA,CAMERA_2,,Let me show you this. Here we have the Fujifilm Lumix ILC Camera.,PRESENT_X,CAMERA_2,39~64
992,8,CAMERA_2,"['CAMERA_1', 'CAMERA_2']","{'CAMERA_1': ['optical_zoom', 'long_exposure', 'sensor_size'], 'CAMERA_2': ['preset_modes'], 'CAMERA_3': []}",C_QUESTION_ABOUT_FEATURE,CAMERA_2,preset_modes,the menu settings of this camera are they same as the Canon,PRESENT_X,CAMERA_2,S_NOT_SURE,CAMERA_2,,I'm not really sure about that.,PRESENT_X,CAMERA_2,
992,9,CAMERA_2,"['CAMERA_1', 'CAMERA_2']","{'CAMERA_1': ['optical_zoom', 'long_exposure', 'sensor_size'], 'CAMERA_2': ['preset_modes', 'price'], 'CAMERA_3': []}",C_QUESTION_ABOUT_FEATURE,CAMERA_2,price,what is the price of this camera,PRESENT_X,CAMERA_2,S_ANSWERS_QUESTION_ABOUT_FEATURE,CAMERA_2,price,This one costs $768.,PRESENT_X,CAMERA_2,15~19
992,10,CAMERA_2,"['CAMERA_1', 'CAMERA_2']","{'CAMERA_1': ['optical_zoom', 'long_exposure', 'sensor_size'], 'CAMERA_2': ['preset_modes', 'price', 'color'], 'CAMERA_3': []}",C_QUESTION_ABOUT_FEATURE,CAMERA_2,color,is there any other colors of this camera,PRESENT_X,CAMERA_2,S_ANSWERS_QUESTION_ABOUT_FEATURE,CAMERA_2,color,This one comes in white or pink.,PRESENT_X,CAMERA_2,18~31
992,11,CAMERA_2,"['CAMERA_1', 'CAMERA_2']","{'CAMERA_1': ['optical_zoom', 'long_exposure', 'sensor_size'], 'CAMERA_2': ['preset_modes', 'price', 'color', 'weight'], 'CAMERA_3': []}",C_SILENT_OR_BACKCHANNEL,CAMERA_2,NONE,ok,PRESENT_X,CAMERA_2,S_INTRODUCES_FEATURE,CAMERA_2,weight,This one weighs 820 grams.,PRESENT_X,CAMERA_2,16~25
992,12,NONE,"['CAMERA_1', 'CAMERA_2']","{'CAMERA_1': ['optical_zoom', 'long_exposure', 'sensor_size'], 'CAMERA_2': ['preset_modes', 'price', 'color', 'weight'], 'CAMERA_3': []}",C_THANK_YOU,CAMERA_2,NONE,thanks,PRESENT_X,CAMERA_2,S_THANK_YOU,CAMERA_2,NONE,thank you very much.,FACE_TO_FACE,NONE,
992,13,NONE,"['CAMERA_1', 'CAMERA_2']","{'CAMERA_1': ['optical_zoom', 'long_exposure', 'sensor_size'], 'CAMERA_2': ['preset_modes', 'price', 'color', 'weight'], 'CAMERA_3': []}",C_LEAVES,DOOR,NONE,,FACE_TO_FACE,NONE,S_RETURNS_TO_COUNTER,SERVICE_COUNTER,NONE,,WAITING,NONE,
993,1,NONE,[],"{'CAMERA_1': [], 'CAMERA_2': [], 'CAMERA_3': []}",C_ENTERS,DOOR,NONE,,WAITING,NONE,S_NONE,SERVICE_COUNTER,NONE,,WAITING,NONE,
993,2,NONE,[],"{'CAMERA_1': [], 'CAMERA_2': [], 'CAMERA_3': []}",C_GREETS,MIDDLE,NONE,excuse me,WAITING,NONE,S_GREETS,MIDDLE,NONE,can I help you?,FACE_TO_FACE,NONE,
993,3,CAMERA_2,['CAMERA_2'],"{'CAMERA_1': [], 'CAMERA_2': [], 'CAMERA_3': []}",C_LOOKING_FOR_A_CAMERA,MIDDLE,NONE,I want to buy I want to buy a camera but I'm not sure which I need,FACE_TO_FACE,NONE,S_INTRODUCES_CAMERA,CAMERA_2,,Let me show you this. Here we have the Fujifilm Lumix ILC Camera.,PRESENT_X,CAMERA_2,39~64
993,4,CAMERA_2,['CAMERA_2'],"{'CAMERA_1': [], 'CAMERA_2': ['price'], 'CAMERA_3': []}",C_QUESTION_ABOUT_FEATURE,CAMERA_2,price,what is the price,PRESENT_X,CAMERA_2,S_ANSWERS_QUESTION_ABOUT_FEATURE,CAMERA_2,price,This one costs $768.,PRESENT_X,CAMERA_2,15~19
993,5,NONE,['CAMERA_2'],"{'CAMERA_1': [], 'CAMERA_2': ['price'], 'CAMERA_3': []}",C_THANK_YOU,CAMERA_2,NONE,alright thank you very much,PRESENT_X,CAMERA_2,S_THANK_YOU,CAMERA_2,NONE,thank you very much.,FACE_TO_FACE,NONE,
993,6,NONE,['CAMERA_2'],"{'CAMERA_1': [], 'CAMERA_2': ['price'], 'CAMERA_3': []}",C_LEAVES,DOOR,NONE,,FACE_TO_FACE,NONE,S_RETURNS_TO_COUNTER,SERVICE_COUNTER,NONE,,WAITING,NONE,
994,1,NONE,[],"{'CAMERA_1': [], 'CAMERA_2': [], 'CAMERA_3': []}",C_ENTERS,DOOR,NONE,,WAITING,NONE,S_NONE,SERVICE_COUNTER,NONE,,WAITING,NONE,
994,2,NONE,[],"{'CAMERA_1': [], 'CAMERA_2': [], 'CAMERA_3': []}",C_GREETS,MIDDLE,NONE,hello may I ask you something about camera,WAITING,NONE,S_GREETS,MIDDLE,NONE,can I help you?,FACE_TO_FACE,NONE,
994,3,CAMERA_1,['CAMERA_1'],"{'CAMERA_1': [], 'CAMERA_2': [], 'CAMERA_3': []}",C_LOOKING_FOR_A_CAMERA,MIDDLE,NONE,I'm looking for a new camera today,FACE_TO_FACE,NONE,S_INTRODUCES_CAMERA,CAMERA_1,,Let me show you this. Here we have the Sony PowerShot ELPH DMC-ZS3.,PRESENT_X,CAMERA_1,39~66
994,4,CAMERA_1,['CAMERA_1'],"{'CAMERA_1': ['optical_zoom'], 'CAMERA_2': [], 'CAMERA_3': []}",C_QUESTION_ABOUT_FEATURE,CAMERA_1,optical_zoom,what about the optical zoom,PRESENT_X,CAMERA_1,S_ANSWERS_QUESTION_ABOUT_FEATURE,CAMERA_1,optical_zoom,This one has 21x optical zoom.,PRESENT_X,CAMERA_1,13~29
994,5,CAMERA_1,['CAMERA_1'],"{'CAMERA_1': ['optical_zoom', 'camera_type'], 'CAMERA_2': [], 'CAMERA_3': []}",C_QUESTION_ABOUT_FEATURE,CAMERA_1,camera_type,is this a DSLR camera,PRESENT_X,CAMERA_1,S_ANSWERS_QUESTION_ABOUT_FEATURE,CAMERA_1,camera_type,This is a DSLR camera.,PRESENT_X,CAMERA_1,10~14
994,6,CAMERA_1,['CAMERA_1'],"{'CAMERA_1': ['optical_zoom', 'camera_type', 'resolution'], 'CAMERA_2': [], 'CAMERA_3': []}",C_QUESTION_ABOUT_FEATURE,CAMERA_1,resolution,um how about the megapixels for the camera,PRESENT_X,CAMERA_1,S_ANSWERS_QUESTION_ABOUT_FEATURE,CAMERA_1,resolution,This one has 17.8 megapixels resolution.,PRESENT_X,CAMERA_1,13~28
994,7,CAMERA_1,['CAMERA_1'],"{'CAMERA_1': ['optical_zoom', 'camera_type', 'resolution', 'color'], 'CAMERA_2': [], 'CAMERA_3': []}",C_SILENT_OR_BACKCHANNEL,CAMERA_1,NONE,ic,PRESENT_X,CAMERA_1,S_INTRODUCES_FEATURE,CAMERA_1,color,This one comes in blue or black.,PRESENT_X,CAMERA_1,18~31
994,8,NONE,['CAMERA_1'],"{'CAMERA_1': ['optical_zoom', 'camera_type', 'resolution', 'color'], 'CAMERA_2': [], 'CAMERA_3': []}",C_THANK_YOU,CAMERA_1,NONE,thank you,PRESENT_X,CAMERA_1,S_THANK_YOU,CAMERA_1,NONE,thank you very much.,FACE_TO_FACE,NONE,
994,9,NONE,['CAMERA_1'],"{'CAMERA_1': ['optical_zoom', 'camera_type', 'resolution', 'color'], 'CAMERA_2': [], 'CAMERA_3': []}",C_LEAVES,DOOR,NONE,,FACE_TO_FACE,NONE,S_RETURNS_TO_COUNTER,SERVICE_COUNTER,NONE,,WAITING,NONE,
995,1,NONE,[],"{'CAMERA_1': [], 'CAMERA_2': [], 'CAMERA_3': []}",C_ENTERS,DOOR,NONE,,WAITING,NONE,S_NONE,SERVICE_COUNTER,NONE,,WAITING,NONE,
995,2,NONE,[],"{'CAMERA_1': [], 'CAMERA_2': [], 'CAMERA_3': []}",C_WALKS_TO_CAMERA,CAMERA_2,NONE,,WAITING,NONE,S_NONE,SERVICE_COUNTER,NONE,,WAITING,NONE,
995,3,NONE,[],"{'CAMERA_1': [], 'CAMERA_2': [], 'CAMERA_3': []}",C_EXAMINES_CAMERA,CAMERA_2,NONE,,WAITING,NONE,S_GREETS,CAMERA_2,NONE,can I help you?,FACE_TO_FACE,NONE,
995,4,CAMERA_3,['CAMERA_3'],"{'CAMERA_1': [], 'CAMERA_2': [], 'CAMERA_3': []}",C_LOOKING_FOR_A_CAMERA,CAMERA_2,NONE,I'm just looking for a camera,FACE_TO_FACE,NONE,S_INTRODUCES_CAMERA,CAMERA_3,,Let me show you this. Here we have the Fujifilm PowerShot ELPH S2800.,PRESENT_X,CAMERA_3,39~68
995,5,CAMERA_3,['CAMERA_3'],"{'CAMERA_1': [], 'CAMERA_2': [], 'CAMERA_3': ['preset_modes']}",C_QUESTION_ABOUT_FEATURE,CAMERA_3,preset_modes,what does this support for preset mode,PRESENT_X,CAMERA_3,S_ANSWERS_QUESTION_ABOUT_FEATURE,CAMERA_3,preset_modes,This one has various preset modes.,PRESENT_X,CAMERA_3,13~33
995,6,NONE,['CAMERA_3'],"{'CAMERA_1': [], 'CAMERA_2': [], 'CAMERA_3': ['preset_modes']}",C_THANK_YOU,CAMERA_3,NONE,thank you for your support,PRESENT_X,CAMERA_3,S_THANK_YOU,CAMERA_3,NONE,thank you very much.,FACE_TO_FACE,NONE,
995,7,NONE,['CAMERA_3'],"{'CAMERA_1': [], 'CAMERA_2': [], 'CAMERA_3': ['preset_modes']}",C_LEAVES,DOOR,NONE,,FACE_TO_FACE,NONE,S_RETURNS_TO_COUNTER,SERVICE_COUNTER,NONE,,WAITING,NONE,
996,1,NONE,[],"{'CAMERA_1': [], 'CAMERA_2': [], 'CAMERA_3': []}",C_ENTERS,DOOR,NONE,,WAITING,NONE,S_NONE,SERVICE_COUNTER,NONE,,WAITING,NONE,
996,2,NONE,[],"{'CAMERA_1': [], 'CAMERA_2': [], 'CAMERA_3': []}",C_GREETS,MIDDLE,NONE,hello good morning,WAITING,NONE,S_GREETS,MIDDLE,NONE,can I help you?,FACE_TO_FACE,NONE,
996,3,CAMERA_1,['CAMERA_1'],"{'CAMERA_1': [], 'CAMERA_2': [], 'CAMERA_3': []}",C_LOOKING_FOR_A_CAMERA,MIDDLE,NONE,I'm looking for a camera,FACE_TO_FACE,NONE,S_INTRODUCES_CAMERA,CAMERA_1,,Let me show you this. Here we have the Sony PowerShot ELPH DMC-ZS3.,PRESENT_X,CAMERA_1,39~66
996,4,CAMERA_1,['CAMERA_1'],"{'CAMERA_1': ['weight'], 'CAMERA_2': [], 'CAMERA_3': []}",C_SILENT_OR_BACKCHANNEL,CAMERA_1,NONE,oh yeah ok,PRESENT_X,CAMERA_1,S_INTRODUCES_FEATURE,CAMERA_1,weight,This one weighs 800 grams.,PRESENT_X,CAMERA_1,16~25
996,5,CAMERA_1,['CAMERA_1'],"{'CAMERA_1': ['weight', 'effects'], 'CAMERA_2': [], 'CAMERA_3': []}",C_SILENT_OR_BACKCHANNEL,CAMERA_1,NONE,Wow super cheap,PRESENT_X,CAMERA_1,S_INTRODUCES_FEATURE,CAMERA_1,effects,"This one has 24 glamor retouch effects (miniature, retro, toy camera, etc.).",PRESENT_X,CAMERA_1,13~75
996,6,CAMERA_1,['CAMERA_1'],"{'CAMERA_1': ['weight', 'effects', 'optical_zoom'], 'CAMERA_2': [], 'CAMERA_3': []}",C_SILENT_OR_BACKCHANNEL,CAMERA_1,NONE,wow that's pretty expensive is there a payment plan,PRESENT_X,CAMERA_1,S_INTRODUCES_FEATURE,CAMERA_1,optical_zoom,This one has 21x optical zoom.,PRESENT_X,CAMERA_1,13~29
996,7,CAMERA_1,['CAMERA_1'],"{'CAMERA_1': ['weight', 'effects', 'optical_zoom', 'color'], 'CAMERA_2': [], 'CAMERA_3': []}",C_SILENT_OR_BACKCHANNEL,CAMERA_1,NONE,I like it,PRESENT_X,CAMERA_1,S_INTRODUCES_FEATURE,CAMERA_1,color,This one comes in blue or black.,PRESENT_X,CAMERA_1,18~31
996,8,NONE,['CAMERA_1'],"{'CAMERA_1': ['weight', 'effects', 'optical_zoom', 'color'], 'CAMERA_2': [], 'CAMERA_3': []}",C_THANK_YOU,CAMERA_1,NONE,thank you,PRESENT_X,CAMERA_1,S_THANK_YOU,CAMERA_1,NONE,thank you very much.,FACE_TO_FACE,NONE,
996,9,NONE,['CAMERA_1'],"{'CAMERA_1': ['weight', 'effects', 'optical_zoom', 'color'], 'CAMERA_2': [], 'CAMERA_3': []}",C_LEAVES,DOOR,NONE,,FACE_TO_FACE,NONE,S_RETURNS_TO_COUNTER,SERVICE_COUNTER,NONE,,WAITING,NONE,
997,1,NONE,[],"{'CAMERA_1': [], 'CAMERA_2': [], 'CAMERA_3': []}",C_ENTERS,DOOR,NONE,,WAITING,NONE,S_NONE,SERVICE_COUNTER,NONE,,WAITING,NONE,
997,2,NONE,[],"{'CAMERA_1': [], 'CAMERA_2': [], 'CAMERA_3': []}",C_GREETS,MIDDLE,NONE,kiss me,WAITING,NONE,S_GREETS,MIDDLE,NONE,can I help you?,FACE_TO_FACE,NONE,
997,3,CAMERA_3,['CAMERA_3'],"{'CAMERA_1': [], 'CAMERA_2': [], 'CAMERA_3': []}",C_LOOKING_FOR_A_CAMERA,MIDDLE,NONE,I want to look at your camera,FACE_TO_FACE,NONE,S_INTRODUCES_CAMERA,CAMERA_3,,Let me show you this. Here we have the Fujifilm PowerShot ELPH S2800.,PRESENT_X,CAMERA_3,39~68
997,4,CAMERA_3,['CAMERA_3'],"{'CAMERA_1': [], 'CAMERA_2': [], 'CAMERA_3': ['resolution']}",C_QUESTION_ABOUT_FEATURE,CAMERA_3,resolution,how many megapixels does it have,PRESENT_X,CAMERA_3,S_ANSWERS_QUESTION_ABOUT_FEATURE,CAMERA_3,resolution,This one has 23.2 megapixels resolution.,PRESENT_X,CAMERA_3,13~28
997,5,CAMERA_1,"['CAMERA_3', 'CAMERA_1']","{'CAMERA_1': [], 'CAMERA_2': [], 'CAMERA_3': ['resolution']}",C_ANYTHING_ELSE_AVAILABLE,CAMERA_3,NONE,okay do you have any other cameras I might be interested,PRESENT_X,CAMERA_3,S_INTRODUCES_CAMERA,CAMERA_1,,Let me show you this. Here we have the Sony PowerShot ELPH DMC-ZS3.,PRESENT_X,CAMERA_1,39~66
997,6,CAMERA_1,"['CAMERA_3', 'CAMERA_1']","{'CAMERA_1': ['camera_type'], 'CAMERA_2': [], 'CAMERA_3': ['resolution']}",C_QUESTION_ABOUT_FEATURE,CAMERA_1,camera_type,is this a DSLR camera,PRESENT_X,CAMERA_1,S_ANSWERS_QUESTION_ABOUT_FEATURE,CAMERA_1,camera_type,This is a DSLR camera.,PRESENT_X,CAMERA_1,10~14
997,7,CAMERA_1,"['CAMERA_3', 'CAMERA_1']","{'CAMERA_1': ['camera_type', 'weight'], 'CAMERA_2': [], 'CAMERA_3': ['resolution']}",C_SILENT_OR_BACKCHANNEL,CAMERA_1,NONE,okay I say it,PRESENT_X,CAMERA_1,S_INTRODUCES_FEATURE,CAMERA_1,weight,This one weighs 800 grams.,PRESENT_X,CAMERA_1,16~25
997,8,NONE,"['CAMERA_3', 'CAMERA_1']","{'CAMERA_1': ['camera_type', 'weight'], 'CAMERA_2': [], 'CAMERA_3': ['resolution']}",C_THANK_YOU,CAMERA_1,NONE,thank you very much,PRESENT_X,CAMERA_1,S_THANK_YOU,CAMERA_1,NONE,thank you very much.,FACE_TO_FACE,NONE,
997,9,NONE,"['CAMERA_3', 'CAMERA_1']","{'CAMERA_1': ['camera_type', 'weight'], 'CAMERA_2': [], 'CAMERA_3': ['resolution']}",C_LEAVES,DOOR,NONE,,FACE_TO_FACE,NONE,S_RETURNS_TO_COUNTER,SERVICE_COUNTER,NONE,,WAITING,NONE,
998,1,NONE,[],"{'CAMERA_1': [], 'CAMERA_2': [], 'CAMERA_3': []}",C_ENTERS,DOOR,NONE,,WAITING,NONE,S_NONE,SERVICE_COUNTER,NONE,,WAITING,NONE,
998,2,NONE,[],"{'CAMERA_1': [], 'CAMERA_2': [], 'CAMERA_3': []}",C_GREETS,MIDDLE,NONE,excuse me,WAITING,NONE,S_GREETS,MIDDLE,NONE,can I help you?,FACE_TO_FACE,NONE,
998,3,CAMERA_2,['CAMERA_2'],"{'CAMERA_1': [], 'CAMERA_2': [], 'CAMERA_3': []}",C_LOOKING_FOR_A_CAMERA,MIDDLE,NONE,oh hi I'm just looking for a camera,FACE_TO_FACE,NONE,S_INTRODUCES_CAMERA,CAMERA_2,,Let me show you this. Here we have the Fujifilm Lumix ILC Camera.,PRESENT_X,CAMERA_2,39~64
998,4,CAMERA_2,['CAMERA_2'],"{'CAMERA_1': [], 'CAMERA_2': ['settings'], 'CAMERA_3': []}",C_QUESTION_ABOUT_FEATURE,CAMERA_2,settings,is this full manual,PRESENT_X,CAMERA_2,S_ANSWERS_QUESTION_ABOUT_FEATURE,CAMERA_2,settings,"This one has manual control and various automatic settings (video modeburst shooting, etc.).",PRESENT_X,CAMERA_2,13~91
998,5,CAMERA_2,['CAMERA_2'],"{'CAMERA_1': [], 'CAMERA_2': ['settings', 'resolution'], 'CAMERA_3': []}",C_SILENT_OR_BACKCHANNEL,CAMERA_2,NONE,alright,PRESENT_X,CAMERA_2,S_INTRODUCES_FEATURE,CAMERA_2,resolution,This one has 23.8 megapixels resolution.,PRESENT_X,CAMERA_2,13~28
998,6,NONE,['CAMERA_2'],"{'CAMERA_1': [], 'CAMERA_2': ['settings', 'resolution'], 'CAMERA_3': []}",C_THANK_YOU,CAMERA_2,NONE,alright thanks,PRESENT_X,CAMERA_2,S_THANK_YOU,CAMERA_2,NONE,thank you very much.,FACE_TO_FACE,NONE,
998,7,NONE,['CAMERA_2'],"{'CAMERA_1': [], 'CAMERA_2': ['settings', 'resolution'], 'CAMERA_3': []}",C_LEAVES,DOOR,NONE,,FACE_TO_FACE,NONE,S_RETURNS_TO_COUNTER,SERVICE_COUNTER,NONE,,WAITING,NONE,
999,1,NONE,[],"{'CAMERA_1': [], 'CAMERA_2': [], 'CAMERA_3': []}",C_ENTERS,DOOR,NONE,,WAITING,NONE,S_NONE,SERVICE_COUNTER,NONE,,WAITING,NONE,
999,2,NONE,[],"{'CAMERA_1': [], 'CAMERA_2': [], 'CAMERA_3': []}",C_WALKS_TO_CAMERA,CAMERA_3,NONE,,WAITING,NONE,S_GREETS,CAMERA_3,NONE,can I help you?,FACE_TO_FACE,NONE,
999,3,CAMERA_1,['CAMERA_1'],"{'CAMERA_1': [], 'CAMERA_2': [], 'CAMERA_3': []}",C_LOOKING_FOR_A_CAMERA,CAMERA_3,NONE,nothing fancy I just I'm just looking for the second camera I don't have money,FACE_TO_FACE,NONE,S_INTRODUCES_CAMERA,CAMERA_1,,Let me show you this. Here we have the Sony PowerShot ELPH DMC-ZS3.,PRESENT_X,CAMERA_1,39~66
999,4,CAMERA_1,['CAMERA_1'],"{'CAMERA_1': ['camera_type'], 'CAMERA_2': [], 'CAMERA_3': []}",C_QUESTION_ABOUT_FEATURE,CAMERA_1,camera_type,is this a point and shoot camera,PRESENT_X,CAMERA_1,S_ANSWERS_QUESTION_ABOUT_FEATURE,CAMERA_1,camera_type,This is a DSLR camera.,PRESENT_X,CAMERA_1,10~14
999,5,CAMERA_1,['CAMERA_1'],"{'CAMERA_1': ['camera_type', 'ISO'], 'CAMERA_2': [], 'CAMERA_3': []}",C_SILENT_OR_BACKCHANNEL,CAMERA_1,NONE,ok,PRESENT_X,CAMERA_1,S_INTRODUCES_FEATURE,CAMERA_1,ISO,This one has up to 51200 ISO.,PRESENT_X,CAMERA_1,13~28
999,6,CAMERA_1,['CAMERA_1'],"{'CAMERA_1': ['camera_type', 'ISO', 'long_exposure'], 'CAMERA_2': [], 'CAMERA_3': []}",C_QUESTION_ABOUT_FEATURE,CAMERA_1,long_exposure,maybe that's not so good for me then when I was preset settings but also has long exposure,PRESENT_X,CAMERA_1,S_ANSWERS_QUESTION_ABOUT_FEATURE,CAMERA_1,long_exposure,This one can take long exposures up to up to 15 seconds with Long Shutter Mode.,PRESENT_X,CAMERA_1,39~78
999,7,CAMERA_1,['CAMERA_1'],"{'CAMERA_1': ['camera_type', 'ISO', 'long_exposure', 'settings'], 'CAMERA_2': [], 'CAMERA_3': []}",C_SILENT_OR_BACKCHANNEL,CAMERA_1,NONE,how it looks really good,PRESENT_X,CAMERA_1,S_INTRODUCES_FEATURE,CAMERA_1,settings,This one has limited manual settings.,PRESENT_X,CAMERA_1,13~36
999,8,CAMERA_1,['CAMERA_1'],"{'CAMERA_1': ['camera_type', 'ISO', 'long_exposure', 'settings', 'color'], 'CAMERA_2': [], 'CAMERA_3': []}",C_QUESTION_ABOUT_FEATURE,CAMERA_1,color,how about the colors and what color does it come in,PRESENT_X,CAMERA_1,S_ANSWERS_QUESTION_ABOUT_FEATURE,CAMERA_1,color,This one comes in blue or black.,PRESENT_X,CAMERA_1,18~31
999,9,CAMERA_1,['CAMERA_1'],"{'CAMERA_1': ['camera_type', 'ISO', 'long_exposure', 'settings', 'color', 'price'], 'CAMERA_2': [], 'CAMERA_3': []}",C_SILENT_OR_BACKCHANNEL,CAMERA_1,NONE,IC,PRESENT_X,CAMERA_1,S_INTRODUCES_FEATURE,CAMERA_1,price,This one costs $450.,PRESENT_X,CAMERA_1,15~19
999,10,CAMERA_1,['CAMERA_1'],"{'CAMERA_1': ['camera_type', 'ISO', 'long_exposure', 'settings', 'color', 'price', 'sensor_size'], 'CAMERA_2': [], 'CAMERA_3': []}",C_QUESTION_ABOUT_FEATURE,CAMERA_1,sensor_size,oh I see and what about this sensor site,PRESENT_X,CAMERA_1,S_ANSWERS_QUESTION_ABOUT_FEATURE,CAMERA_1,sensor_size,This one has a 1/2.3 inch CMOS sensor.,PRESENT_X,CAMERA_1,15~37
999,11,CAMERA_1,['CAMERA_1'],"{'CAMERA_1': ['camera_type', 'ISO', 'long_exposure', 'settings', 'color', 'price', 'sensor_size', 'weight'], 'CAMERA_2': [], 'CAMERA_3': []}",C_SILENT_OR_BACKCHANNEL,CAMERA_1,NONE,IC,PRESENT_X,CAMERA_1,S_INTRODUCES_FEATURE,CAMERA_1,weight,This one weighs 800 grams.,PRESENT_X,CAMERA_1,16~25
999,12,CAMERA_2,"['CAMERA_1', 'CAMERA_2']","{'CAMERA_1': ['camera_type', 'ISO', 'long_exposure', 'settings', 'color', 'price', 'sensor_size', 'weight'], 'CAMERA_2': [], 'CAMERA_3': []}",C_ANYTHING_ELSE_AVAILABLE,CAMERA_1,NONE,do you have any other cameras that are in this kind,PRESENT_X,CAMERA_1,S_INTRODUCES_CAMERA,CAMERA_2,,Let me show you this. Here we have the Fujifilm Lumix ILC Camera.,PRESENT_X,CAMERA_2,39~64
999,13,CAMERA_2,"['CAMERA_1', 'CAMERA_2']","{'CAMERA_1': ['camera_type', 'ISO', 'long_exposure', 'settings', 'color', 'price', 'sensor_size', 'weight'], 'CAMERA_2': ['price'], 'CAMERA_3': []}",C_SILENT_OR_BACKCHANNEL,CAMERA_2,NONE,let's see,PRESENT_X,CAMERA_2,S_INTRODUCES_FEATURE,CAMERA_2,price,This one costs $768.,PRESENT_X,CAMERA_2,15~19
999,14,CAMERA_3,"['CAMERA_1', 'CAMERA_2', 'CAMERA_3']","{'CAMERA_1': ['camera_type', 'ISO', 'long_exposure', 'settings', 'color', 'price', 'sensor_size', 'weight'], 'CAMERA_2': ['price'], 'CAMERA_3': []}",C_ANYTHING_ELSE_AVAILABLE,CAMERA_2,NONE,do you have any other cameras that are in this kind,PRESENT_X,CAMERA_2,S_INTRODUCES_CAMERA,CAMERA_3,,Let me show you this. Here we have the Fujifilm PowerShot ELPH S2800.,PRESENT_X,CAMERA_3,39~68
999,15,CAMERA_3,"['CAMERA_1', 'CAMERA_2', 'CAMERA_3']","{'CAMERA_1': ['camera_type', 'ISO', 'long_exposure', 'settings', 'color', 'price', 'sensor_size', 'weight'], 'CAMERA_2': ['price'], 'CAMERA_3': ['autofocus_points']}",C_QUESTION_ABOUT_FEATURE,CAMERA_3,autofocus_points,what about this cameras number of auto focus points,PRESENT_X,CAMERA_3,S_ANSWERS_QUESTION_ABOUT_FEATURE,CAMERA_3,autofocus_points,This one has 214 autofocus points.,PRESENT_X,CAMERA_3,13~33
999,16,,"['CAMERA_1', 'CAMERA_2', 'CAMERA_3']","{'CAMERA_1': ['camera_type', 'ISO', 'long_exposure', 'settings', 'color', 'price', 'sensor_size', 'weight'], 'CAMERA_2': ['price'], 'CAMERA_3': ['autofocus_points']}",C_ANYTHING_ELSE_AVAILABLE,CAMERA_3,NONE,maybe did you have a another camera you recommend,PRESENT_X,CAMERA_3,S_THATS_ALL_WE_HAVE_AVAILABLE,CAMERA_3,,That's all we have available at the moment.,PRESENT_X,CAMERA_3,
999,17,NONE,"['CAMERA_1', 'CAMERA_2', 'CAMERA_3']","{'CAMERA_1': ['camera_type', 'ISO', 'long_exposure', 'settings', 'color', 'price', 'sensor_size', 'weight'], 'CAMERA_2': ['price'], 'CAMERA_3': ['autofocus_points']}",C_THANK_YOU,CAMERA_3,NONE,ok thanks,PRESENT_X,CAMERA_3,S_THANK_YOU,CAMERA_3,NONE,thank you very much.,FACE_TO_FACE,NONE,
999,18,NONE,"['CAMERA_1', 'CAMERA_2', 'CAMERA_3']","{'CAMERA_1': ['camera_type', 'ISO', 'long_exposure', 'settings', 'color', 'price', 'sensor_size', 'weight'], 'CAMERA_2': ['price'], 'CAMERA_3': ['autofocus_points']}",C_LEAVES,DOOR,NONE,,FACE_TO_FACE,NONE,S_RETURNS_TO_COUNTER,SERVICE_COUNTER,NONE,,WAITING,NONE,
